timestamp,client_id,selected_target_client,round,stable_state,stable_phase,hmm_confidence,decision_phase,decision_confidence,direction,payload_bytes,dir_ratio,burst_density,inbound_bytes,outbound_bytes,inbound_count,outbound_count,inbound_share,outbound_share,iat_s,is_selected_target,startup_grace_active,cooldown_active,phase_upload_confirmed,packet_upload_support,upload_candidate,upload_confirmed,attackable_upload,upload_score,packet_support_score,phase_agreement_score,direction_persistence_score,round_context_score,action,reason,packet_ts,packet_wall_time_ns,packet_mono_time_ns,analyzer_cpu_percent,analyzer_rss_mb,decision_lag_ms,trigger_publish_wall_time_ns,trigger_publish_mono_time_ns
2026-07-28T23:31:51.820,10.42.0.59,,1,0,IDLE,0.8619347775640449,IDLE,0.8619347775640449,0,82,1.0,0,0.0,0.0,0,0,0.0,0.0,0.0,0,0,0,0,0,0,0,0,0.039999999999999994,0.05,0.0,0.0,0.15,skip,training_upload_trigger_not_confirmed,1785295911.8203006,1785295911820300491,1384580036999518,0.1,51.71484375,-1.0,0,0
2026-07-28T23:31:51.859,10.42.0.1,,1,0,IDLE,0.6304051067626939,IDLE,0.6304051067626939,0,52,1.0,0,0.0,0.0,0,0,0.0,0.0,0.0,0,0,0,0,0,0,0,0,0.039999999999999994,0.05,0.0,0.0,0.15,skip,training_upload_trigger_not_confirmed,1785295911.859652,1785295911859652209,1384580076350738,0.1,51.71484375,-1.0,0,0
2026-07-28T23:31:51.862,10.42.0.59,,1,0,IDLE,0.554535943421582,IDLE,0.554535943421582,0,39,1.0,0,0.0,0.0,0,0,0.0,0.0,0.0,0,0,0,0,0,0,0,0,0.039999999999999994,0.05,0.0,0.0,0.15,skip,training_upload_trigger_not_confirmed,1785295911.8624856,1785295911862485648,1384580079184274,0.1,51.71484375,-1.0,0,0
2026-07-28T23:31:51.863,10.42.0.1,,1,1,DOWNLOAD,0.6077316348167485,DOWNLOAD,0.6077316348167485,0,58,1.0,0,0.0,0.0,0,0,0.0,0.0,0.0026970966907653416,0,0,0,0,0,0,0,0,0.039999999999999994,0.05,0.0,0.0,0.15,skip,training_upload_trigger_not_confirmed,1785295911.8638859,1785295911863885756,1384580080584251,0.1,51.71484375,-1.0,0,0
2026-07-28T23:31:51.865,10.42.0.59,,1,0,IDLE,0.95,IDLE,0.95,1,257,100.0,1,0.0,257.0,0,1,0.0,1.0,0.00033651513783369857,0,0,0,0,0,0,0,0,0.415,0.35,0.5,0.6000000000000001,0.15,skip,training_upload_trigger_not_confirmed,1785295911.8653302,1785295911865330070,1384580082028212,0.1,51.71484375,-1.0,0,0
2026-07-28T23:31:51.867,10.42.0.1,,1,1,DOWNLOAD,0.95,DOWNLOAD,0.95,1,253,100.0,1,0.0,253.0,0,1,0.0,1.0,0.0031072988631722425,0,0,0,0,0,0,0,0,0.32750000000000007,0.1,0.5,0.6000000000000001,0.15,skip,training_upload_trigger_not_confirmed,1785295911.8673973,1785295911867397448,1384580084096420,0.1,51.71484375,-1.0,0,0
2026-07-28T23:32:10.985,10.42.0.210,,1,0,IDLE,0.8619347775640449,IDLE,0.8619347775640449,0,82,1.0,0,0.0,0.0,0,0,0.0,0.0,0.0,0,0,0,0,0,0,0,0,0.039999999999999994,0.05,0.0,0.0,0.15,skip,training_upload_trigger_not_confirmed,1785295930.9851513,1785295930985151159,1384599201850483,0.3,51.8046875,-1.0,0,0
2026-07-28T23:32:11.111,10.42.0.1,,1,1,DOWNLOAD,0.9557926560077417,DOWNLOAD,0.9557926560077417,0,52,1.0,0,0.0,0.0,0,0,0.0,0.0,6.615336115441709,0,0,0,0,0,0,0,0,0.039999999999999994,0.05,0.0,0.0,0.15,skip,training_upload_trigger_not_confirmed,1785295931.1116269,1785295931111626720,1384599328325494,0.3,51.8046875,-1.0,0,0
2026-07-28T23:32:11.112,10.42.0.210,,1,0,IDLE,0.554535943421582,IDLE,0.554535943421582,0,39,1.0,0,0.0,0.0,0,0,0.0,0.0,0.0,0,0,0,0,0,0,0,0,0.039999999999999994,0.05,0.0,0.0,0.15,skip,training_upload_trigger_not_confirmed,1785295931.112673,1785295931112672959,1384599329371331,0.3,51.8046875,-1.0,0,0
2026-07-28T23:32:11.113,10.42.0.1,,1,1,DOWNLOAD,0.9846998846180315,DOWNLOAD,0.9846998846180315,0,58,1.0,0,0.0,0.0,0,0,0.0,0.0,4.851771914508314,0,0,0,0,0,0,0,0,0.039999999999999994,0.05,0.0,0.0,0.15,skip,training_upload_trigger_not_confirmed,1785295931.1137564,1785295931113756297,1384599330454834,0.3,51.8046875,-1.0,0,0
2026-07-28T23:32:11.294,10.42.0.210,,1,0,IDLE,0.95,IDLE,0.95,1,255,100.0,1,0.0,255.0,0,1,0.0,1.0,0.0008349226403354291,0,0,0,0,0,0,0,0,0.32750000000000007,0.1,0.5,0.6000000000000001,0.15,skip,training_upload_trigger_not_confirmed,1785295931.2948015,1785295931294801395,1384599511499736,0.3,51.8046875,-1.0,0,0
2026-07-28T23:32:11.343,10.42.0.1,,1,1,DOWNLOAD,0.9854895428954357,DOWNLOAD,0.9854895428954357,1,255,100.0,1,0.0,255.0,0,1,0.0,1.0,3.781630787823892,0,0,0,0,0,0,0,0,0.17750000000000002,0.1,0.0,0.6000000000000001,0.15,skip,training_upload_trigger_not_confirmed,1785295931.343208,1785295931343208293,1384599559906724,0.3,51.8046875,-1.0,0,0
2026-07-28T23:32:22.262,10.42.0.145,,1,0,IDLE,0.8619347775640449,IDLE,0.8619347775640449,0,82,1.0,0,0.0,0.0,0,0,0.0,0.0,0.0,0,0,0,0,0,0,0,0,0.039999999999999994,0.05,0.0,0.0,0.15,skip,training_upload_trigger_not_confirmed,1785295942.2628708,1785295942262870682,1384610479568993,0.3,51.83203125,-1.0,0,0
2026-07-28T23:32:22.377,10.42.0.1,,1,1,DOWNLOAD,0.9855083405864443,DOWNLOAD,0.9855083405864443,0,52,1.0,0,0.0,0.0,0,0,0.0,0.0,5.243332564333274,0,0,0,0,0,0,0,0,0.039999999999999994,0.05,0.0,0.0,0.15,skip,training_upload_trigger_not_confirmed,1785295942.3777275,1785295942377727494,1384610594426004,0.3,51.83203125,-1.0,0,0
2026-07-28T23:32:22.379,10.42.0.145,,1,0,IDLE,0.554535943421582,IDLE,0.554535943421582,0,39,1.0,0,0.0,0.0,0,0,0.0,0.0,0.0,0,0,0,0,0,0,0,0,0.039999999999999994,0.05,0.0,0.0,0.15,skip,training_upload_trigger_not_confirmed,1785295942.3797085,1785295942379708416,1384610596406897,0.3,51.83203125,-1.0,0,0
2026-07-28T23:32:22.380,10.42.0.1,,1,1,DOWNLOAD,0.9855087208476458,DOWNLOAD,0.9855087208476458,0,58,1.0,0,0.0,0.0,0,0,0.0,0.0,4.314894744130128,0,0,0,0,0,0,0,0,0.039999999999999994,0.05,0.0,0.0,0.15,skip,training_upload_trigger_not_confirmed,1785295942.380723,1785295942380722857,1384610597421140,0.3,51.83203125,-1.0,0,0
2026-07-28T23:32:22.384,10.42.0.145,,1,0,IDLE,0.95,IDLE,0.95,1,257,100.0,1,0.0,257.0,0,1,0.0,1.0,0.001427487126442306,0,0,0,0,0,0,0,0,0.415,0.35,0.5,0.6000000000000001,0.15,skip,training_upload_trigger_not_confirmed,1785295942.384189,1785295942384188843,1384610600887031,0.3,51.83203125,-1.0,0,0
2026-07-28T23:32:22.422,10.42.0.1,,1,1,DOWNLOAD,0.9855087261970161,DOWNLOAD,0.9855087261970161,1,257,100.0,1,0.0,257.0,0,1,0.0,1.0,3.61048252097822,0,0,0,0,0,0,0,0,0.265,0.35,0.0,0.6000000000000001,0.15,skip,training_upload_trigger_not_confirmed,1785295942.4221854,1785295942422185362,1384610638883906,0.3,51.83203125,-1.0,0,0
2026-07-28T23:33:07.529,10.42.0.47,,1,0,IDLE,0.8619347775640449,IDLE,0.8619347775640449,0,82,1.0,0,0.0,0.0,0,0,0.0,0.0,0.0,0,0,0,0,0,0,0,0,0.039999999999999994,0.05,0.0,0.0,0.15,skip,training_upload_trigger_not_confirmed,1785295987.5298605,1785295987529860498,1384655746559522,0.2,51.85546875,-1.0,0,0
2026-07-28T23:33:07.631,10.42.0.1,,1,1,DOWNLOAD,0.7515289574608626,DOWNLOAD,0.7515289574608626,0,52,1.0,0,0.0,0.0,0,0,0.0,0.0,10.102755241034195,0,0,0,0,0,0,0,0,0.039999999999999994,0.05,0.0,0.0,0.15,skip,training_upload_trigger_not_confirmed,1785295987.631046,1785295987631046188,1384655847745366,0.2,51.85546875,-1.0,0,0
2026-07-28T23:33:07.634,10.42.0.47,,1,0,IDLE,0.554535943421582,IDLE,0.554535943421582,0,39,1.0,0,0.0,0.0,0,0,0.0,0.0,0.0,0,0,0,0,0,0,0,0,0.039999999999999994,0.05,0.0,0.0,0.15,skip,training_upload_trigger_not_confirmed,1785295987.634039,1785295987634038973,1384655850736994,0.2,51.85546875,-1.0,0,0
2026-07-28T23:33:07.634,10.42.0.1,,1,1,DOWNLOAD,0.623403655827281,DOWNLOAD,0.623403655827281,0,58,1.0,0,0.0,0.0,0,0,0.0,0.0,8.591607316507393,0,0,0,0,0,0,0,0,0.039999999999999994,0.05,0.0,0.0,0.15,skip,training_upload_trigger_not_confirmed,1785295987.634918,1785295987634917870,1384655851616242,0.2,51.85546875,-1.0,0,0
2026-07-28T23:33:07.636,10.42.0.47,,1,0,IDLE,0.95,IDLE,0.95,1,255,100.0,1,0.0,255.0,0,1,0.0,1.0,0.00036293674037595896,0,0,0,0,0,0,0,0,0.32750000000000007,0.1,0.5,0.6000000000000001,0.15,skip,training_upload_trigger_not_confirmed,1785295987.6368275,1785295987636827282,1384655853525571,0.2,51.85546875,-1.0,0,0
2026-07-28T23:33:07.640,10.42.0.1,,1,1,DOWNLOAD,0.9660103778312722,DOWNLOAD,0.9660103778312722,1,264,100.0,1,0.0,264.0,0,1,0.0,1.0,7.346560657211227,0,0,0,0,0,0,0,0,0.265,0.35,0.0,0.6000000000000001,0.15,skip,training_upload_trigger_not_confirmed,1785295987.6405892,1785295987640589205,1384655857287613,0.2,51.85546875,-1.0,0,0
2026-07-28T23:33:14.222,10.42.0.18,,1,0,IDLE,0.8619347775640449,IDLE,0.8619347775640449,0,82,1.0,0,0.0,0.0,0,0,0.0,0.0,0.0,0,0,0,0,0,0,0,0,0.039999999999999994,0.05,0.0,0.0,0.15,skip,training_upload_trigger_not_confirmed,1785295994.2224026,1785295994222402530,1384662439101339,0.4,51.890625,-1.0,0,0
2026-07-28T23:33:14.288,10.42.0.1,,1,1,DOWNLOAD,0.7541782573765093,DOWNLOAD,0.7541782573765093,0,52,1.0,0,0.0,0.0,0,0,0.0,0.0,7.247657781005627,0,0,0,0,0,0,0,0,0.039999999999999994,0.05,0.0,0.0,0.15,skip,training_upload_trigger_not_confirmed,1785295994.2881463,1785295994288146294,1384662504844404,0.4,51.890625,-1.0,0,0
2026-07-28T23:33:14.289,10.42.0.18,,1,0,IDLE,0.554535943421582,IDLE,0.554535943421582,0,39,1.0,0,0.0,0.0,0,0,0.0,0.0,0.0,0,0,0,0,0,0,0,0,0.039999999999999994,0.05,0.0,0.0,0.15,skip,training_upload_trigger_not_confirmed,1785295994.289012,1785295994289011960,1384662505710089,0.4,51.890625,-1.0,0,0
2026-07-28T23:33:14.290,10.42.0.1,,1,1,DOWNLOAD,0.6508043639680341,DOWNLOAD,0.6508043639680341,0,58,1.0,0,0.0,0.0,0,0,0.0,0.0,6.239649902543617,0,0,0,0,0,0,0,0,0.039999999999999994,0.05,0.0,0.0,0.15,skip,training_upload_trigger_not_confirmed,1785295994.2908716,1785295994290871551,1384662507570269,0.4,51.890625,-1.0,0,0
2026-07-28T23:33:14.293,10.42.0.18,,1,0,IDLE,0.95,IDLE,0.95,1,257,100.0,1,0.0,257.0,0,1,0.0,1.0,0.0010082243333739826,0,0,0,0,0,0,0,0,0.415,0.35,0.5,0.6000000000000001,0.15,skip,training_upload_trigger_not_confirmed,1785295994.293854,1785295994293853907,1384662510552258,0.4,51.890625,-1.0,0,0
2026-07-28T23:33:14.295,10.42.0.1,,1,1,DOWNLOAD,0.9680637281339912,DOWNLOAD,0.9680637281339912,1,266,100.0,1,0.0,266.0,0,1,0.0,1.0,5.383647647412384,0,0,0,0,0,0,0,0,0.265,0.35,0.0,0.6000000000000001,0.15,skip,training_upload_trigger_not_confirmed,1785295994.295824,1785295994295824039,1384662512523013,0.4,51.890625,-1.0,0,0
2026-07-28T23:33:14.296,10.42.0.1,,1,1,DOWNLOAD,0.95,DOWNLOAD,0.95,-1,7240,0.03674033162475962,2,7240.0,266.0,1,1,0.9645616839861444,0.03543831601385558,4.65218657891692,0,0,0,0,0,0,0,0,0.0225,0.0,0.0,0.0,0.15,skip,training_upload_trigger_not_confirmed,1785295994.2968137,1785295994296813865,1384662513512642,0.4,51.890625,-1.0,0,0
2026-07-28T23:33:14.297,10.42.0.1,,1,1,DOWNLOAD,0.9828263298951683,DOWNLOAD,0.9828263298951683,-1,7240,0.01837016581364847,3,14480.0,266.0,2,1,0.9819612098196121,0.0180387901803879,4.0248001658494,0,0,0,0,0,0,0,0,0.0225,0.0,0.0,0.0,0.15,skip,training_upload_trigger_not_confirmed,1785295994.2977707,1785295994297770682,1384662514469067,0.4,51.890625,-1.0,0,0
2026-07-28T23:33:14.298,10.42.0.145,,1,0,IDLE,0.927996076538732,IDLE,0.927996076538732,0,87,1.0,0,0.0,0.0,0,0,0.0,0.0,17.82706541322533,0,0,0,0,0,0,0,0,0.039999999999999994,0.05,0.0,0.0,0.15,skip,training_upload_trigger_not_confirmed,1785295994.298985,1785295994298984996,1384662515683097,0.4,51.890625,-1.0,0,0
2026-07-28T23:33:14.299,10.42.0.1,,1,1,DOWNLOAD,0.9842298722764126,DOWNLOAD,0.9842298722764126,-1,7240,0.012246777209380904,4,21720.0,266.0,3,1,0.9879013917947785,0.012098608205221505,3.485274336996726,0,0,0,0,0,0,0,0,0.0225,0.0,0.0,0.0,0.15,skip,training_upload_trigger_not_confirmed,1785295994.2996745,1785295994299674685,1384662516372723,0.4,51.890625,-1.0,0,0
2026-07-28T23:33:14.300,10.42.0.1,,1,1,DOWNLOAD,0.9842590528502588,DOWNLOAD,0.9842590528502588,-1,7240,0.009185082907141399,5,28960.0,266.0,4,1,0.9908985150208718,0.009101484979128174,3.0199523575762286,0,0,0,0,0,0,0,0,0.0225,0.0,0.0,0.0,0.15,skip,training_upload_trigger_not_confirmed,1785295994.3002863,1785295994300286282,1384662516984311,0.4,51.890625,-1.0,0,0
2026-07-28T23:33:14.301,10.42.0.1,,1,1,DOWNLOAD,0.9842595649033501,DOWNLOAD,0.9842595649033501,-1,7240,0.007348066325763866,6,36200.0,266.0,5,1,0.9927055339220096,0.007294466077990457,2.6181826851496104,0,0,0,0,0,0,0,0,0.0225,0.0,0.0,0.0,0.15,skip,training_upload_trigger_not_confirmed,1785295994.3016617,1785295994301661783,1384662518359817,0.4,51.890625,-1.0,0,0
2026-07-28T23:33:14.302,10.42.0.1,,1,1,DOWNLOAD,0.9842595702891279,DOWNLOAD,0.9842595702891279,-1,5792,0.006334539936027468,7,41992.0,266.0,6,1,0.9937053339012731,0.006294666098726869,2.270662015160589,0,0,0,0,0,0,0,0,0.0225,0.0,0.0,0.0,0.15,skip,training_upload_trigger_not_confirmed,1785295994.302416,1785295994302416025,1384662519114230,0.4,51.890625,-1.0,0,0
2026-07-28T23:33:14.303,10.42.0.47,,1,0,IDLE,0.927996076538732,IDLE,0.927996076538732,0,87,1.0,0,0.0,0.0,0,0,0.0,0.0,2.2779757871387636,0,0,0,0,0,0,0,0,0.039999999999999994,0.05,0.0,0.0,0.15,skip,training_upload_trigger_not_confirmed,1785295994.3032925,1785295994303292307,1384662519990306,0.4,51.890625,-1.0,0,0
2026-07-28T23:33:14.303,10.42.0.1,,1,1,DOWNLOAD,0.984259570182936,DOWNLOAD,0.984259570182936,-1,7240,0.005402989945454116,8,49232.0,266.0,7,1,0.9946260454967878,0.005373954503212251,1.9699382818796627,0,0,0,0,0,0,0,0,0.0225,0.0,0.0,0.0,0.15,skip,training_upload_trigger_not_confirmed,1785295994.3039038,1785295994303903730,1384662520601662,0.4,51.890625,-1.0,0,0
2026-07-28T23:33:14.304,10.42.0.1,,1,1,DOWNLOAD,0.9842595701727416,DOWNLOAD,0.9842595701727416,-1,7240,0.004710298926818418,9,56472.0,266.0,8,1,0.9953117839895661,0.004688216010433924,1.7093229565378893,0,0,0,0,0,0,0,0,0.0225,0.0,0.0,0.0,0.15,skip,training_upload_trigger_not_confirmed,1785295994.304561,1785295994304560782,1384662521258944,0.4,51.890625,-1.0,0,0
2026-07-28T23:33:14.305,10.42.0.1,,1,1,DOWNLOAD,0.9842595701722575,DOWNLOAD,0.9842595701722575,-1,10136,0.003993514307530725,10,66608.0,266.0,9,1,0.996022370427969,0.003977629572030983,1.4834299784175329,0,0,0,0,0,0,0,0,0.0225,0.0,0.0,0.0,0.15,skip,training_upload_trigger_not_confirmed,1785295994.305173,1785295994305172931,1384662521870814,0.4,51.890625,-1.0,0,0
2026-07-28T23:33:14.305,10.42.0.1,,1,1,DOWNLOAD,0.9842595701722385,DOWNLOAD,0.9842595701722385,-1,10136,0.003466069021637313,11,76744.0,266.0,10,1,0.9965459031294637,0.003454096870536294,1.2875614656239778,0,0,0,0,0,0,0,0,0.0225,0.0,0.0,0.0,0.15,skip,training_upload_trigger_not_confirmed,1785295994.305826,1785295994305825944,1384662522523866,0.4,51.890625,-1.0,0,0
2026-07-28T23:33:14.306,10.42.0.1,,1,1,DOWNLOAD,0.9842595701722379,DOWNLOAD,0.9842595701722379,-1,14480,0.0029158993356691674,12,91224.0,266.0,11,1,0.9970925784238714,0.002907421576128539,1.1176681865677613,0,0,0,0,0,0,0,0,0.0225,0.0,0.0,0.0,0.15,skip,training_upload_trigger_not_confirmed,1785295994.3064787,1785295994306478954,1384662523177057,0.4,51.890625,-1.0,0,0
2026-07-28T23:33:14.307,10.42.0.1,,1,1,DOWNLOAD,0.9842595701722379,DOWNLOAD,0.9842595701722379,-1,14480,0.0025164610705127864,13,105704.0,266.0,12,1,0.997489855619515,0.002510144380485043,0.9702673631487309,0,0,0,0,0,0,0,0,0.0225,0.0,0.0,0.0,0.15,skip,training_upload_trigger_not_confirmed,1785295994.3071096,1785295994307109723,1384662523807716,0.4,51.890625,-1.0,0,0
2026-07-28T23:33:14.307,10.42.0.1,,1,1,DOWNLOAD,0.9842595701722379,DOWNLOAD,0.9842595701722379,-1,5792,0.00238573582009771,14,111496.0,266.0,13,1,0.9976199423775522,0.0023800576224477015,0.842361244560911,0,0,0,0,0,0,0,0,0.0225,0.0,0.0,0.0,0.15,skip,training_upload_trigger_not_confirmed,1785295994.3077447,1785295994307744845,1384662524442870,0.4,51.890625,-1.0,0,0
2026-07-28T23:33:14.308,10.42.0.1,,1,1,DOWNLOAD,0.9842595701722379,DOWNLOAD,0.9842595701722379,-1,4344,0.0022962707268448183,15,115840.0,266.0,14,1,0.9977089900608065,0.0022910099391934956,0.7313951623032237,0,0,0,0,0,0,0,0,0.0225,0.0,0.0,0.0,0.15,skip,training_upload_trigger_not_confirmed,1785295994.308677,1785295994308676843,1384662525374866,0.4,51.890625,-1.0,0,0
2026-07-28T23:33:14.309,10.42.0.1,,1,1,DOWNLOAD,0.9842595701722379,DOWNLOAD,0.9842595701722379,-1,14480,0.0020411295349751293,16,130320.0,266.0,15,1,0.9979630281959782,0.0020369718040218706,0.6350739910259254,0,0,0,0,0,0,0,0,0.0225,0.0,0.0,0.0,0.15,skip,training_upload_trigger_not_confirmed,1785295994.3095505,1785295994309550533,1384662526248573,0.4,51.890625,-1.0,0,0
2026-07-28T23:33:14.310,10.42.0.1,,1,1,DOWNLOAD,0.9842595701722379,DOWNLOAD,0.9842595701722379,-1,4344,0.001975286646750614,17,134664.0,266.0,16,1,0.9980286074260728,0.0019713925739272215,0.5514644318038346,0,0,0,0,0,0,0,0,0.0225,0.0,0.0,0.0,0.15,skip,training_upload_trigger_not_confirmed,1785295994.3104181,1785295994310418121,1384662527116175,0.4,51.890625,-1.0,0,0
2026-07-28T23:33:14.311,10.42.0.1,,1,1,DOWNLOAD,0.9842595701722379,DOWNLOAD,0.9842595701722379,-1,10136,0.001837016581479026,18,144800.0,266.0,17,1,0.9981663518674259,0.0018336481325741387,0.4788987740694707,0,0,0,0,0,0,0,0,0.0225,0.0,0.0,0.0,0.15,skip,training_upload_trigger_not_confirmed,1785295994.3113873,1785295994311387387,1384662528085520,0.4,51.890625,-1.0,0,0
2026-07-28T23:33:14.312,10.42.0.1,,1,1,DOWNLOAD,0.9842510143436191,DOWNLOAD,0.9842510143436191,-1,14480,0.0016700150740728904,19,159280.0,266.0,18,1,0.9983327692326978,0.00166723076730222,0.41593179951127157,0,0,0,0,0,0,0,0,0.0225,0.0,0.0,0.0,0.15,skip,training_upload_trigger_not_confirmed,1785295994.3125684,1785295994312568354,1384662529266593,0.4,51.890625,-1.0,0,0
2026-07-28T23:33:14.313,10.42.0.1,,1,1,DOWNLOAD,0.9842132082629014,DOWNLOAD,0.9842132082629014,-1,4344,0.0016256783906906953,20,163624.0,266.0,19,1,0.9983769601562024,0.0016230398437976693,0.36122797489286285,0,0,0,0,0,0,0,0,0.0225,0.0,0.0,0.0,0.15,skip,training_upload_trigger_not_confirmed,1785295994.3134475,1785295994313447402,1384662530145498,0.4,51.890625,-1.0,0,0
2026-07-28T23:33:14.314,10.42.0.1,,1,1,DOWNLOAD,0.9841802434207295,DOWNLOAD,0.9841802434207295,-1,18824,0.0014579496678425745,21,182448.0,266.0,20,1,0.9985441728603173,0.001455827139682783,0.31375528273636166,0,0,0,0,0,0,0,0,0.0225,0.0,0.0,0.0,0.15,skip,training_upload_trigger_not_confirmed,1785295994.3144703,1785295994314470301,1384662531168439,0.4,51.890625,-1.0,0,0
2026-07-28T23:33:14.315,10.42.0.1,,1,1,DOWNLOAD,0.9841560898524414,DOWNLOAD,0.9841560898524414,-1,17033,0.0013334603345615198,22,199481.0,266.0,21,1,0.998668315419005,0.0013316845809949586,0.2725302769786021,0,0,0,0,0,0,0,0,0.0225,0.0,0.0,0.0,0.15,skip,training_upload_trigger_not_confirmed,1785295994.3154144,1785295994315414485,1384662532112632,0.4,51.890625,-1.0,0,0
2026-07-28T23:33:14.316,10.42.0.1,,1,1,DOWNLOAD,0.9841343831105833,DOWNLOAD,0.9841343831105833,-1,18824,0.0012184787384566615,23,218305.0,266.0,22,1,0.9987830041496814,0.0012169958503186608,0.23675201155552117,0,0,0,0,0,0,0,0,0.0225,0.0,0.0,0.0,0.15,skip,training_upload_trigger_not_confirmed,1785295994.3164556,1785295994316455693,1384662533153976,0.4,51.890625,-1.0,0,0
2026-07-28T23:33:14.317,10.42.0.1,,1,1,DOWNLOAD,0.9840318927729145,DOWNLOAD,0.9840318927729145,-1,17033,0.0011302892053084062,24,235338.0,266.0,23,1,0.9988709869102392,0.001129013089760785,0.20563849064435152,0,0,0,0,0,0,0,0,0.0225,0.0,0.0,0.0,0.15,skip,training_upload_trigger_not_confirmed,1785295994.3171103,1785295994317110306,1384662533808318,0.4,51.890625,-1.0,0,0
2026-07-28T23:33:14.318,10.42.0.47,,1,1,DOWNLOAD,0.9836105538579604,DOWNLOAD,0.9836105538579604,-1,7240,1.381215469422484e-10,1,7240.0,0.0,1,0,1.0,0.0,1.6743789855998954,0,0,0,0,0,0,0,0,0.0225,0.0,0.0,0.0,0.15,skip,training_upload_trigger_not_confirmed,1785295994.3181393,1785295994318139472,1384662534837672,0.4,51.890625,-1.0,0,0
2026-07-28T23:33:14.319,10.42.0.47,,1,1,DOWNLOAD,0.95,DOWNLOAD,0.95,-1,5792,7.673419275040407e-11,2,13032.0,0.0,2,0,1.0,0.0,1.3014813561884209,0,0,0,0,0,0,0,0,0.0225,0.0,0.0,0.0,0.15,skip,training_upload_trigger_not_confirmed,1785295994.319007,1785295994319006919,1384662535705131,0.4,51.890625,-1.0,0,0
2026-07-28T23:33:14.319,10.42.0.1,,1,1,DOWNLOAD,0.9839896328097993,DOWNLOAD,0.9839896328097993,-1,28960,0.0010064397044207431,25,264298.0,266.0,24,1,0.9989945722018113,0.001005427798188718,0.1788844939008001,0,0,0,0,0,0,0,0,0.0225,0.0,0.0,0.0,0.15,skip,training_upload_trigger_not_confirmed,1785295994.3197296,1785295994319729738,1384662536427849,0.4,51.890625,-1.0,0,0
2026-07-28T23:33:14.320,10.42.0.1,,1,1,DOWNLOAD,0.9838329993260017,DOWNLOAD,0.9838329993260017,-1,8345,0.0009756348081521416,26,272643.0,266.0,25,1,0.9990253161310181,0.0009746838689819684,0.15540167961903137,0,0,0,0,0,0,0,0,0.0225,0.0,0.0,0.0,0.15,skip,training_upload_trigger_not_confirmed,1785295994.3204157,1785295994320415674,1384662537113807,0.4,51.890625,-1.0,0,0
2026-07-28T23:33:14.321,10.42.0.18,,1,1,DOWNLOAD,0.95,DOWNLOAD,0.95,-1,7300,0.03520547958421843,2,7300.0,257.0,1,1,0.9659917956861188,0.03400820431388117,0.010411287776011184,0,0,0,0,0,0,0,0,0.0225,0.0,0.0,0.0,0.15,skip,training_upload_trigger_not_confirmed,1785295994.3213837,1785295994321383677,1384662538081982,0.4,51.890625,-1.0,0,0
2026-07-28T23:33:14.322,10.42.0.18,,1,1,DOWNLOAD,0.95,DOWNLOAD,0.95,-1,5840,0.01955859977020102,3,13140.0,257.0,2,1,0.980816600731507,0.019183399268492947,0.007803394653579139,0,0,0,0,0,0,0,0,0.0225,0.0,0.0,0.0,0.15,skip,training_upload_trigger_not_confirmed,1785295994.322017,1785295994322016914,1384662538714950,0.4,51.890625,-1.0,0,0
2026-07-28T23:33:14.322,10.42.0.1,,1,1,DOWNLOAD,0.9837448942369007,DOWNLOAD,0.9837448942369007,-1,11584,0.0009358716835454201,27,284227.0,266.0,26,1,0.9990650033568489,0.0009349966431511496,0.1352579572873306,0,0,0,0,0,0,0,0,0.0225,0.0,0.0,0.0,0.15,skip,training_upload_trigger_not_confirmed,1785295994.3229563,1785295994322956284,1384662539654719,0.4,51.890625,-1.0,0,0
2026-07-28T23:33:14.324,10.42.0.1,,1,1,DOWNLOAD,0.9836939570213269,DOWNLOAD,0.9836939570213269,-1,14792,0.0008895755821506674,28,299019.0,266.0,27,1,0.9991112150625657,0.0008887849374342182,0.11758879033006804,0,0,0,0,0,0,0,0,0.0225,0.0,0.0,0.0,0.15,skip,training_upload_trigger_not_confirmed,1785295994.3241305,1785295994324130456,1384662540828686,0.4,51.890625,-1.0,0,0
2026-07-28T23:33:14.325,10.42.0.1,,1,1,DOWNLOAD,0.9836203039778744,DOWNLOAD,0.9836203039778744,-1,4344,0.0008768373235995265,29,303363.0,266.0,28,1,0.99912393084982,0.0008760691501799894,0.10222531227086813,0,0,0,0,0,0,0,0,0.0225,0.0,0.0,0.0,0.15,skip,training_upload_trigger_not_confirmed,1785295994.325132,1785295994325131752,1384662541830009,0.4,51.890625,-1.0,0,0
2026-07-28T23:33:14.326,10.42.0.1,,1,1,DOWNLOAD,0.9835705743304562,DOWNLOAD,0.9835705743304562,-1,5137,0.0008622366320879668,30,308500.0,266.0,29,1,0.9991385061826755,0.0008614938173244464,0.08889189492556059,0,0,0,0,0,0,0,0,0.0225,0.0,0.0,0.0,0.15,skip,training_upload_trigger_not_confirmed,1785295994.3261747,1785295994326174680,1384662542872984,0.4,51.890625,-1.0,0,0
2026-07-28T23:33:14.327,10.42.0.210,,1,1,DOWNLOAD,0.95,DOWNLOAD,0.95,-1,7240,1.381215469422484e-10,1,7240.0,0.0,1,0,1.0,0.0,21.666520050478095,0,0,0,0,0,0,0,0,0.0225,0.0,0.0,0.0,0.15,skip,training_upload_trigger_not_confirmed,1785295994.3271039,1785295994327103836,1384662543801904,0.4,51.890625,-1.0,0,0
2026-07-28T23:33:14.327,10.42.0.210,,1,1,DOWNLOAD,0.95,DOWNLOAD,0.95,-1,5792,7.673419275040407e-11,2,13032.0,0.0,2,0,1.0,0.0,15.88803432259867,0,0,0,0,0,0,0,0,0.0225,0.0,0.0,0.0,0.15,skip,training_upload_trigger_not_confirmed,1785295994.3277395,1785295994327739322,1384662544437350,0.4,51.890625,-1.0,0,0
2026-07-28T23:33:14.328,10.42.0.18,,1,1,DOWNLOAD,0.9557926560077417,DOWNLOAD,0.9557926560077417,-1,1460,0.01760273979331488,4,14600.0,257.0,3,1,0.982701756747661,0.017298243252338964,0.007476365693813166,0,0,0,0,0,0,0,0,0.0225,0.0,0.0,0.0,0.15,skip,training_upload_trigger_not_confirmed,1785295994.3283527,1785295994328352844,1384662545050984,0.4,51.890625,-1.0,0,0
2026-07-28T23:33:14.329,10.42.0.1,,1,1,DOWNLOAD,0.9835495140882944,DOWNLOAD,0.9835495140882944,-1,18824,0.000812650465591241,31,327324.0,266.0,30,1,0.9991880094019964,0.0008119905980036021,0.07757887738860211,0,0,0,0,0,0,0,0,0.0225,0.0,0.0,0.0,0.15,skip,training_upload_trigger_not_confirmed,1785295994.329216,1785295994329215907,1384662545914450,0.4,51.890625,-1.0,0,0
2026-07-28T23:33:14.331,10.42.0.1,,1,1,DOWNLOAD,0.9834971568822839,DOWNLOAD,0.9834971568822839,-1,12672,0.0007823621483759151,32,339996.0,266.0,31,1,0.9992182494665875,0.000781750533412488,0.0676048184723857,0,0,0,0,0,0,0,0,0.0225,0.0,0.0,0.0,0.15,skip,training_upload_trigger_not_confirmed,1785295994.331105,1785295994331105133,1384662547803743,0.4,51.890625,-1.0,0,0
2026-07-28T23:33:14.332,10.42.0.1,,1,1,DOWNLOAD,0.9835234898384599,DOWNLOAD,0.9835234898384599,-1,1105,0.0007798276786031708,33,341101.0,266.0,32,1,0.9992207799816619,0.000779220018338035,0.05882870574190378,0,0,0,0,0,0,0,0,0.0225,0.0,0.0,0.0,0.15,skip,training_upload_trigger_not_confirmed,1785295994.3321106,1785295994332110657,1384662548808817,0.4,51.890625,-1.0,0,0
2026-07-28T23:33:14.333,10.42.0.145,,1,1,DOWNLOAD,0.9836105538579604,DOWNLOAD,0.9836105538579604,-1,14600,6.84931506802402e-11,1,14600.0,0.0,1,0,1.0,0.0,13.081713534396652,0,0,0,0,0,0,0,0,0.0225,0.0,0.0,0.0,0.15,skip,training_upload_trigger_not_confirmed,1785295994.3338034,1785295994333803514,1384662550502434,0.4,51.890625,-1.0,0,0
2026-07-28T23:33:14.334,10.42.0.145,,1,1,DOWNLOAD,0.95,DOWNLOAD,0.95,-1,14600,3.424657534129292e-11,2,29200.0,0.0,2,0,1.0,0.0,10.166967415067546,0,0,0,0,0,0,0,0,0.0225,0.0,0.0,0.0,0.15,skip,training_upload_trigger_not_confirmed,1785295994.334552,1785295994334552007,1384662551250533,0.4,51.890625,-1.0,0,0
2026-07-28T23:33:14.335,10.42.0.145,,1,1,DOWNLOAD,0.9557926560077417,DOWNLOAD,0.9557926560077417,0,43,3.424657534129292e-11,2,29200.0,0.0,2,0,1.0,0.0,18.330746814098422,0,0,0,0,0,0,0,0,0.0225,0.0,0.0,0.0,0.15,skip,training_upload_trigger_not_confirmed,1785295994.335158,1785295994335158108,1384662551856181,0.4,51.890625,-1.0,0,0
2026-07-28T23:33:14.336,10.42.0.47,,1,1,DOWNLOAD,0.9557926560077417,DOWNLOAD,0.9557926560077417,-1,1448,6.90607734758936e-11,3,14480.0,0.0,3,0,1.0,0.0,1.050657453755977,0,0,0,0,0,0,0,0,0.0225,0.0,0.0,0.0,0.15,skip,training_upload_trigger_not_confirmed,1785295994.336717,1785295994336716675,1384662553414761,0.4,51.890625,-1.0,0,0
2026-07-28T23:33:14.337,10.42.0.18,,1,1,DOWNLOAD,0.9846998846180315,DOWNLOAD,0.9846998846180315,0,43,0.01760273979331488,4,14600.0,257.0,3,1,0.982701756747661,0.017298243252338964,0.014567402355878709,0,0,0,0,0,0,0,0,0.0225,0.0,0.0,0.0,0.15,skip,training_upload_trigger_not_confirmed,1785295994.3376238,1785295994337623763,1384662554322028,0.4,51.890625,-1.0,0,0
2026-07-28T23:33:14.338,10.42.0.18,,1,1,DOWNLOAD,0.9854895428954357,DOWNLOAD,0.9854895428954357,-1,11680,0.00977929988547263,5,26280.0,257.0,4,1,0.9903154086746806,0.009684591325319366,0.013738438209458676,0,0,0,0,0,0,0,0,0.0225,0.0,0.0,0.0,0.15,skip,training_upload_trigger_not_confirmed,1785295994.3382423,1785295994338242203,1384662554940151,0.4,51.890625,-1.0,0,0
2026-07-28T23:33:14.339,10.42.0.18,,1,1,DOWNLOAD,0.9855083405864443,DOWNLOAD,0.9855083405864443,-1,14600,0.006286692783603554,6,40880.0,257.0,5,1,0.9937525828329727,0.0062474171670272504,0.011719835202017938,0,0,0,0,0,0,0,0,0.0225,0.0,0.0,0.0,0.15,skip,training_upload_trigger_not_confirmed,1785295994.3397264,1785295994339726309,1384662556424309,0.4,51.890625,-1.0,0,0
2026-07-28T23:33:14.340,10.42.0.18,,1,1,DOWNLOAD,0.95,DOWNLOAD,0.95,-1,4380,0.0056783031593972974,7,45260.0,257.0,6,1,0.9943537579365951,0.005646242063404881,0.010030248576953105,0,0,0,0,0,0,0,0,0.0225,0.0,0.0,0.0,0.15,skip,training_upload_trigger_not_confirmed,1785295994.3406103,1785295994340610182,1384662557308207,0.4,51.890625,-1.0,0,0
2026-07-28T23:33:14.341,10.42.0.1,,1,1,DOWNLOAD,0.9834075709064548,DOWNLOAD,0.9834075709064548,-1,4361,0.0007699833874615154,34,345462.0,266.0,33,1,0.9992306090336912,0.0007693909663087745,0.05227554565064099,0,0,0,0,0,0,0,0,0.0225,0.0,0.0,0.0,0.15,skip,training_upload_trigger_not_confirmed,1785295994.3412094,1785295994341209222,1384662557907285,0.4,51.890625,-1.0,0,0
2026-07-28T23:33:14.342,10.42.0.59,,1,1,DOWNLOAD,0.95,DOWNLOAD,0.95,-1,7300,1.3698630135109776e-10,1,7300.0,0.0,1,0,1.0,0.0,28.334742611873097,0,0,0,0,0,0,0,0,0.0225,0.0,0.0,0.0,0.15,skip,training_upload_trigger_not_confirmed,1785295994.3420901,1785295994342090335,1384662558788279,0.4,51.890625,-1.0,0,0
2026-07-28T23:33:14.342,10.42.0.59,,1,1,DOWNLOAD,0.95,DOWNLOAD,0.95,-1,5840,7.610350075524325e-11,2,13140.0,0.0,2,0,1.0,0.0,20.777784526705762,0,0,0,0,0,0,0,0,0.0225,0.0,0.0,0.0,0.15,skip,training_upload_trigger_not_confirmed,1785295994.3427348,1785295994342734889,1384662559432969,0.4,51.890625,-1.0,0,0
2026-07-28T23:33:14.344,10.42.0.47,,1,1,DOWNLOAD,0.9846998846180315,DOWNLOAD,0.9846998846180315,-1,1448,6.278252134211561e-11,4,15928.0,0.0,4,0,1.0,0.0,0.8657590990802774,0,0,0,0,0,0,0,0,0.0225,0.0,0.0,0.0,0.15,skip,training_upload_trigger_not_confirmed,1785295994.344003,1785295994344003044,1384662560701147,0.4,51.890625,-1.0,0,0
2026-07-28T23:33:14.345,10.42.0.145,,1,1,DOWNLOAD,0.9846998846180315,DOWNLOAD,0.9846998846180315,-1,29200,1.7123287670939668e-11,3,58400.0,0.0,3,0,1.0,0.0,15.084191912878179,0,0,0,0,0,0,0,0,0.0225,0.0,0.0,0.0,0.15,skip,training_upload_trigger_not_confirmed,1785295994.3451657,1785295994345165769,1384662561863879,0.4,51.890625,-1.0,0,0
2026-07-28T23:33:14.346,10.42.0.145,,1,1,DOWNLOAD,0.9854895428954357,DOWNLOAD,0.9854895428954357,-1,7670,1.5135462388146883e-11,4,66070.0,0.0,4,0,1.0,0.0,12.599580740727577,0,0,0,0,0,0,0,0,0.0225,0.0,0.0,0.0,0.15,skip,training_upload_trigger_not_confirmed,1785295994.346091,1785295994346091123,1384662562789686,0.4,51.890625,-1.0,0,0
2026-07-28T23:33:14.348,10.42.0.18,,1,1,DOWNLOAD,0.9692816619412536,DOWNLOAD,0.9692816619412536,-1,14600,0.0042933511693235326,8,59860.0,257.0,7,1,0.9957250029109902,0.004274997089009764,0.009744583086840102,0,0,0,0,0,0,0,0,0.0225,0.0,0.0,0.0,0.15,skip,training_upload_trigger_not_confirmed,1785295994.348731,1785295994348731085,1384662565430054,0.4,51.890625,-1.0,0,0
2026-07-28T23:33:14.350,10.42.0.18,,1,1,DOWNLOAD,0.9814275557984743,DOWNLOAD,0.9814275557984743,-1,19446,0.003240612324373432,9,79306.0,257.0,8,1,0.9967698553347661,0.0032301446652338397,0.00854549380464523,0,0,0,0,0,0,0,0,0.0225,0.0,0.0,0.0,0.15,skip,training_upload_trigger_not_confirmed,1785295994.3502066,1785295994350206726,1384662566904966,0.4,51.890625,-1.0,0,0
2026-07-28T23:33:14.351,10.42.0.59,,1,1,DOWNLOAD,0.9557926560077417,DOWNLOAD,0.9557926560077417,-1,5840,5.2687038985632924e-11,3,18980.0,0.0,3,0,1.0,0.0,16.15003719956131,0,0,0,0,0,0,0,0,0.0225,0.0,0.0,0.0,0.15,skip,training_upload_trigger_not_confirmed,1785295994.3518493,1785295994351849094,1384662568547387,0.4,51.890625,-1.0,0,0
2026-07-28T23:33:14.360,10.42.0.59,,1,1,DOWNLOAD,0.9846998846180315,DOWNLOAD,0.9846998846180315,0,43,5.2687038985632924e-11,3,18980.0,0.0,3,0,1.0,0.0,29.112644395682057,0,0,0,0,0,0,0,0,0.0225,0.0,0.0,0.0,0.15,skip,training_upload_trigger_not_confirmed,1785295994.3608155,1785295994360815577,1384662577514070,0.4,51.890625,-1.0,0,0
2026-07-28T23:33:14.361,10.42.0.59,,1,1,DOWNLOAD,0.9854895428954357,DOWNLOAD,0.9854895428954357,-1,8760,3.604902667498021e-11,4,27740.0,0.0,4,0,1.0,0.0,23.955232307262385,0,0,0,0,0,0,0,0,0.0225,0.0,0.0,0.0,0.15,skip,training_upload_trigger_not_confirmed,1785295994.3614972,1785295994361496987,1384662578195163,0.4,51.890625,-1.0,0,0
2026-07-28T23:33:14.367,10.42.0.18,,1,1,DOWNLOAD,0.9828799317633254,DOWNLOAD,0.9828799317633254,-1,466,0.0032216818056057055,10,79772.0,257.0,9,1,0.9967886641092604,0.0032113358907396067,0.009823610649122913,0,0,0,0,0,0,0,0,0.0225,0.0,0.0,0.0,0.15,skip,training_upload_trigger_not_confirmed,1785295994.367776,1785295994367776021,1384662584475047,0.4,51.890625,-1.0,0,0
2026-07-28T23:33:14.369,10.42.0.59,,1,1,DOWNLOAD,0.9855083405864443,DOWNLOAD,0.9855083405864443,-1,11680,2.536783358636814e-11,5,39420.0,0.0,5,0,1.0,0.0,20.010506549957135,0,0,0,0,0,0,0,0,0.0225,0.0,0.0,0.0,0.15,skip,training_upload_trigger_not_confirmed,1785295994.369582,1785295994369581856,1384662586280507,0.4,51.890625,-1.0,0,0
2026-07-28T23:33:14.371,10.42.0.145,,1,1,DOWNLOAD,0.95,DOWNLOAD,0.95,-1,370,1.5051173991344807e-11,5,66440.0,0.0,5,0,1.0,0.0,10.639049583384958,0,0,0,0,0,0,0,0,0.0225,0.0,0.0,0.0,0.15,skip,training_upload_trigger_not_confirmed,1785295994.371975,1785295994371974946,1384662588673381,0.4,51.890625,-1.0,0,0
2026-07-28T23:33:14.377,10.42.0.47,,1,1,DOWNLOAD,0.9854895428954357,DOWNLOAD,0.9854895428954357,0,43,6.278252134211561e-11,4,15928.0,0.0,4,0,1.0,0.0,1.8335585841143422,0,0,0,0,0,0,0,0,0.0225,0.0,0.0,0.0,0.15,skip,training_upload_trigger_not_confirmed,1785295994.3777826,1785295994377782410,1384662594481077,0.4,51.890625,-1.0,0,0
2026-07-28T23:33:14.379,10.42.0.47,,1,1,DOWNLOAD,0.95,DOWNLOAD,0.95,-1,2896,5.3123671905380167e-11,5,18824.0,0.0,5,0,1.0,0.0,1.5532564053225775,0,0,0,0,0,0,0,0,0.0225,0.0,0.0,0.0,0.15,skip,training_upload_trigger_not_confirmed,1785295994.3798678,1785295994379867915,1384662596566547,0.4,51.890625,-1.0,0,0
2026-07-28T23:33:14.380,10.42.0.47,,1,1,DOWNLOAD,0.9558857848219425,DOWNLOAD,0.9558857848219425,-1,8688,3.634777551481725e-11,6,27512.0,0.0,6,0,1.0,0.0,1.3210412036738977,0,0,0,0,0,0,0,0,0.0225,0.0,0.0,0.0,0.15,skip,training_upload_trigger_not_confirmed,1785295994.3809285,1785295994380928466,1384662597627228,0.4,51.890625,-1.0,0,0
2026-07-28T23:33:14.382,10.42.0.47,,1,1,DOWNLOAD,0.9762511486039002,DOWNLOAD,0.9762511486039002,-1,8688,2.762430939150209e-11,7,36200.0,0.0,7,0,1.0,0.0,1.1297011794814331,0,0,0,0,0,0,0,0,0.0225,0.0,0.0,0.0,0.15,skip,training_upload_trigger_not_confirmed,1785295994.3824744,1785295994382474611,1384662599173072,0.4,51.890625,-1.0,0,0
2026-07-28T23:33:14.385,10.42.0.210,,1,1,DOWNLOAD,0.9557926560077417,DOWNLOAD,0.9557926560077417,0,43,7.673419275040407e-11,2,13032.0,0.0,2,0,1.0,0.0,26.40579575042785,0,0,0,0,0,0,0,0,0.0225,0.0,0.0,0.0,0.15,skip,training_upload_trigger_not_confirmed,1785295994.385049,1785295994385048980,1384662601747379,0.4,51.890625,-1.0,0,0
2026-07-28T23:33:14.390,10.42.0.210,,1,1,DOWNLOAD,0.9846998846180315,DOWNLOAD,0.9846998846180315,-1,5792,5.3123671905380167e-11,3,18824.0,0.0,3,0,1.0,0.0,21.258790317773585,0,0,0,0,0,0,0,0,0.0225,0.0,0.0,0.0,0.15,skip,training_upload_trigger_not_confirmed,1785295994.39004,1785295994390039832,1384662606738311,0.4,51.890625,-1.0,0,0
2026-07-28T23:33:14.392,10.42.0.210,,1,1,DOWNLOAD,0.9854895428954357,DOWNLOAD,0.9854895428954357,-1,11584,3.2886082608758017e-11,4,30408.0,0.0,4,0,1.0,0.0,17.491838680183182,0,0,0,0,0,0,0,0,0.0225,0.0,0.0,0.0,0.15,skip,training_upload_trigger_not_confirmed,1785295994.3921266,1785295994392126413,1384662608824897,0.4,51.890625,-1.0,0,0
2026-07-28T23:33:14.417,10.42.0.47,,1,1,DOWNLOAD,0.9808042288848298,DOWNLOAD,0.9808042288848298,-1,8688,2.22776688642337e-11,8,44888.0,0.0,8,0,1.0,0.0,0.9747093422176589,0,0,0,0,0,0,0,0,0.0225,0.0,0.0,0.0,0.15,skip,training_upload_trigger_not_confirmed,1785295994.4178963,1785295994417896311,1384662634594771,0.4,51.890625,-1.0,0,0
2026-07-28T23:33:14.420,10.42.0.47,,1,1,DOWNLOAD,0.9768969484734655,DOWNLOAD,0.9768969484734655,-1,11584,1.770789063575386e-11,9,56472.0,0.0,9,0,1.0,0.0,0.8394329592272691,0,0,0,0,0,0,0,0,0.0225,0.0,0.0,0.0,0.15,skip,training_upload_trigger_not_confirmed,1785295994.4204211,1785295994420421202,1384662637119725,0.4,51.890625,-1.0,0,0
2026-07-28T23:33:14.421,10.42.0.59,,1,1,DOWNLOAD,0.95,DOWNLOAD,0.95,-1,14600,1.8511662346936104e-11,6,54020.0,0.0,6,0,1.0,0.0,16.898503694704857,0,0,0,0,0,0,0,0,0.0225,0.0,0.0,0.0,0.15,skip,training_upload_trigger_not_confirmed,1785295994.4215276,1785295994421527565,1384662638226398,0.4,51.890625,-1.0,0,0
2026-07-28T23:33:14.431,10.42.0.59,,1,1,DOWNLOAD,0.95,DOWNLOAD,0.95,-1,17520,1.3978194017137571e-11,7,71540.0,0.0,7,0,1.0,0.0,14.37189043684441,0,0,0,0,0,0,0,0,0.0225,0.0,0.0,0.0,0.15,skip,training_upload_trigger_not_confirmed,1785295994.4313946,1785295994431394515,1384662648093690,0.4,51.890625,-1.0,0,0
2026-07-28T23:33:14.439,10.42.0.47,,1,1,DOWNLOAD,0.9738027917200888,DOWNLOAD,0.9738027917200888,-1,14480,1.4094035404018295e-11,10,70952.0,0.0,10,0,1.0,0.0,0.7268299205335684,0,0,0,0,0,0,0,0,0.0225,0.0,0.0,0.0,0.15,skip,training_upload_trigger_not_confirmed,1785295994.4397092,1785295994439709290,1384662656408039,0.4,51.890625,-1.0,0,0
2026-07-28T23:33:14.458,10.42.0.59,,1,1,DOWNLOAD,0.9702957784605469,DOWNLOAD,0.9702957784605469,-1,7687,1.262195968530145e-11,8,79227.0,0.0,8,0,1.0,0.0,12.29171351115064,0,0,0,0,0,0,0,0,0.0225,0.0,0.0,0.0,0.15,skip,training_upload_trigger_not_confirmed,1785295994.4582274,1785295994458227437,1384662674926058,0.4,51.890625,-1.0,0,0
2026-07-28T23:33:14.470,10.42.0.47,,1,1,DOWNLOAD,0.9732450314296951,DOWNLOAD,0.9732450314296951,-1,8275,1.262195968530145e-11,11,79227.0,0.0,11,0,1.0,0.0,0.632218284132418,0,0,0,0,0,0,0,0,0.0225,0.0,0.0,0.0,0.15,skip,training_upload_trigger_not_confirmed,1785295994.4704416,1785295994470441459,1384662687140047,0.4,51.890625,-1.0,0,0
2026-07-28T23:33:14.576,10.42.0.210,,1,1,DOWNLOAD,0.9855083405864443,DOWNLOAD,0.9855083405864443,-1,11584,2.381405982035116e-11,5,41992.0,0.0,5,0,1.0,0.0,14.640915367294676,0,0,0,0,0,0,0,0,0.0225,0.0,0.0,0.0,0.15,skip,training_upload_trigger_not_confirmed,1785295994.5769367,1785295994576936695,1384662793635427,0.4,51.890625,-1.0,0,0
2026-07-28T23:33:14.584,10.42.0.210,,1,1,DOWNLOAD,0.95,DOWNLOAD,0.95,-1,17376,1.6844091092560906e-11,6,59368.0,0.0,6,0,1.0,0.0,12.359295904134488,0,0,0,0,0,0,0,0,0.0225,0.0,0.0,0.0,0.15,skip,training_upload_trigger_not_confirmed,1785295994.5848832,1785295994584883080,1384662801582225,0.4,51.890625,-1.0,0,0
2026-07-28T23:33:14.595,10.42.0.210,,1,1,DOWNLOAD,0.9572359917703859,DOWNLOAD,0.9572359917703859,-1,19859,1.262195968530145e-11,7,79227.0,0.0,7,0,1.0,0.0,10.51184449343846,0,0,0,0,0,0,0,0,0.0225,0.0,0.0,0.0,0.15,skip,training_upload_trigger_not_confirmed,1785295994.5952628,1785295994595262753,1384662811961383,0.4,51.890625,-1.0,0,0
2026-07-28T23:33:15.727,10.42.0.145,10.42.0.145,1,3,UPLOAD,0.95,UPLOAD,0.95,1,14600,100.0,1,0.0,14600.0,0,1,0.0,1.0,9.255735092973321,1,0,0,1,1,1,1,1,0.9699999999999999,1.0,1.0,1.0,0.8,trigger,training_upload_trigger_confirmed,1785295995.727721,1785295995727721055,1384663944419730,0.0,52.0859375,6.938283,1785295995734660347,1384663951358013
2026-07-28T23:33:15.729,10.42.0.145,10.42.0.145,1,3,UPLOAD,0.9841010226033655,UPLOAD,0.9841010226033655,1,18980,100.0,2,0.0,33580.0,0,2,0.0,1.0,7.913859062190426,1,0,1,1,1,1,1,1,0.9699999999999999,1.0,1.0,1.0,0.8,skip,attack_already_active,1785295995.7297773,1785295995729777456,1384663946476905,0.0,52.0859375,-1.0,0,0
2026-07-28T23:33:15.731,10.42.0.145,10.42.0.145,1,3,UPLOAD,0.9854688349332961,UPLOAD,0.9854688349332961,1,7300,100.0,3,0.0,40880.0,0,3,0.0,1.0,6.79316017780951,1,0,1,1,1,1,1,1,0.9699999999999999,1.0,1.0,1.0,0.8,skip,attack_already_active,1785295995.731235,1785295995731235181,1384663947933600,0.0,52.0859375,-1.0,0,0
2026-07-28T23:33:15.732,10.42.0.145,10.42.0.145,1,3,UPLOAD,0.9855076450773014,UPLOAD,0.9855076450773014,1,30660,100.0,4,0.0,71540.0,0,4,0.0,1.0,5.848124416224737,1,0,1,1,1,1,1,1,0.9699999999999999,1.0,1.0,1.0,0.8,skip,attack_already_active,1785295995.7327507,1785295995732750532,1384663949449833,6.0,52.09765625,-1.0,0,0
2026-07-28T23:33:15.734,10.42.0.145,10.42.0.145,1,3,UPLOAD,0.9855086980780915,UPLOAD,0.9855086980780915,1,7989,100.0,5,0.0,79529.0,0,5,0.0,1.0,5.045410001467194,1,0,1,1,1,1,1,1,0.9699999999999999,1.0,1.0,1.0,0.8,skip,attack_already_active,1785295995.7343,1785295995734299798,1384663950998993,6.0,52.09765625,-1.0,0,0
2026-07-28T23:33:15.736,10.42.0.1,10.42.0.145|10.42.0.1,1,3,UPLOAD,0.95,UPLOAD,0.95,1,7240,100.0,1,0.0,7240.0,0,1,0.0,1.0,0.21983713960629903,1,0,0,1,1,1,1,1,0.9699999999999999,1.0,1.0,1.0,0.8,trigger,training_upload_trigger_confirmed,1785295995.7360363,1785295995736036307,1384663952735148,6.0,52.09765625,23.604702,1785295995759642488,1384663976339850
2026-07-28T23:33:15.737,10.42.0.1,10.42.0.145|10.42.0.1,1,3,UPLOAD,0.9841010226033655,UPLOAD,0.9841010226033655,1,7240,100.0,2,0.0,14480.0,0,2,0.0,1.0,0.19100501187913382,1,0,1,1,1,1,1,1,0.9699999999999999,1.0,1.0,1.0,0.8,skip,attack_already_active,1785295995.7370749,1785295995737074930,1384663953773246,6.0,52.09765625,-1.0,0,0
2026-07-28T23:33:15.823,10.42.0.1,10.42.0.145|10.42.0.1,1,3,UPLOAD,0.9854688349332961,UPLOAD,0.9854688349332961,1,10136,100.0,3,0.0,24616.0,0,3,0.0,1.0,0.17717761975814342,1,0,1,1,1,1,1,1,0.9699999999999999,1.0,1.0,1.0,0.8,skip,attack_already_active,1785295995.8231478,1785295995823147739,1384664039846189,6.0,52.09765625,-1.0,0,0
2026-07-28T23:33:15.824,10.42.0.1,10.42.0.145|10.42.0.1,1,3,UPLOAD,0.9855076450773014,UPLOAD,0.9855076450773014,0,43,100.0,3,0.0,24616.0,0,3,0.0,1.0,0.33590879590517236,1,0,1,1,1,1,1,1,0.8374999999999999,0.8500000000000001,1.0,0.6000000000000001,0.8,skip,attack_already_active,1785295995.8244808,1785295995824480837,1384664041179188,6.0,52.09765625,-1.0,0,0
2026-07-28T23:33:15.825,10.42.0.1,10.42.0.145|10.42.0.1,1,3,UPLOAD,0.9855086980780915,UPLOAD,0.9855086980780915,1,14480,100.0,4,0.0,39096.0,0,4,0.0,1.0,0.291950779782362,1,0,1,1,1,1,1,1,0.9699999999999999,1.0,1.0,1.0,0.8,skip,attack_already_active,1785295995.8254716,1785295995825471706,1384664042169973,6.0,52.09765625,-1.0,0,0
2026-07-28T23:33:15.828,10.42.0.1,10.42.0.145|10.42.0.1,1,3,UPLOAD,0.9855087254685951,UPLOAD,0.9855087254685951,1,15928,100.0,5,0.0,55024.0,0,5,0.0,1.0,0.2539010634986303,1,0,1,1,1,1,1,1,0.9699999999999999,1.0,1.0,1.0,0.8,skip,attack_already_active,1785295995.8286738,1785295995828673772,1384664045372207,6.0,52.09765625,-1.0,0,0
2026-07-28T23:33:15.833,10.42.0.1,10.42.0.1|10.42.0.145,1,3,UPLOAD,0.9855087261493067,UPLOAD,0.9855087261493067,1,17376,100.0,6,0.0,72400.0,0,6,0.0,1.0,0.22110030866155192,1,0,1,1,1,1,1,1,0.9699999999999999,1.0,1.0,1.0,0.8,skip,attack_already_active,1785295995.8336592,1785295995833659167,1384664050358080,6.0,52.09765625,-1.0,0,0
2026-07-28T23:33:15.842,10.42.0.1,10.42.0.1|10.42.0.145,1,3,UPLOAD,0.9855087261653082,UPLOAD,0.9855087261653082,1,7129,100.0,7,0.0,79529.0,0,7,0.0,1.0,0.19319193202959375,1,0,1,1,1,1,1,1,0.9699999999999999,1.0,1.0,1.0,0.8,skip,attack_already_active,1785295995.8429706,1785295995842970704,1384664059669574,6.0,52.09765625,-1.0,0,0
2026-07-28T23:33:16.023,10.42.0.18,10.42.0.1|10.42.0.145|10.42.0.18,1,3,UPLOAD,0.95,UPLOAD,0.95,1,14600,100.0,1,0.0,14600.0,0,1,0.0,1.0,0.24305821181495454,1,0,0,1,1,1,1,1,0.9699999999999999,1.0,1.0,1.0,0.8,trigger,training_upload_trigger_confirmed,1785295996.0236237,1785295996023623569,1384664240322204,6.0,52.09765625,7.69416,1785295996031319013,1384664248016364
2026-07-28T23:33:16.025,10.42.0.18,10.42.0.1|10.42.0.145|10.42.0.18,1,3,UPLOAD,0.9841010226033655,UPLOAD,0.9841010226033655,1,14600,100.0,2,0.0,29200.0,0,2,0.0,1.0,0.209877710455716,1,0,1,1,1,1,1,1,0.9699999999999999,1.0,1.0,1.0,0.8,skip,attack_already_active,1785295996.0250115,1785295996025011489,1384664241710004,6.0,52.09765625,-1.0,0,0
2026-07-28T23:33:16.026,10.42.0.18,10.42.0.1|10.42.0.145|10.42.0.18,1,3,UPLOAD,0.9854688349332961,UPLOAD,0.9854688349332961,1,11680,100.0,3,0.0,40880.0,0,3,0.0,1.0,0.18155094392522553,1,0,1,1,1,1,1,1,0.9699999999999999,1.0,1.0,1.0,0.8,skip,attack_already_active,1785295996.0264773,1785295996026477276,1384664243175539,6.0,52.09765625,-1.0,0,0
2026-07-28T23:33:16.028,10.42.0.18,10.42.0.1|10.42.0.145|10.42.0.18,1,3,UPLOAD,0.9855076450773014,UPLOAD,0.9855076450773014,1,26280,100.0,4,0.0,67160.0,0,4,0.0,1.0,0.15731661803019173,1,0,1,1,1,1,1,1,0.9699999999999999,1.0,1.0,1.0,0.8,skip,attack_already_active,1785295996.0283632,1785295996028363144,1384664245061549,6.0,52.09765625,-1.0,0,0
2026-07-28T23:33:16.029,10.42.0.18,10.42.0.1|10.42.0.18|10.42.0.145,1,3,UPLOAD,0.9855086980780915,UPLOAD,0.9855086980780915,1,12368,100.0,5,0.0,79528.0,0,5,0.0,1.0,0.13643361334395837,1,0,1,1,1,1,1,1,0.9699999999999999,1.0,1.0,1.0,0.8,skip,attack_already_active,1785295996.0299687,1785295996029968578,1384664246668004,6.0,52.09765625,-1.0,0,0
2026-07-28T23:33:16.031,10.42.0.1,10.42.0.1|10.42.0.18|10.42.0.145,1,3,UPLOAD,0.985508726165656,UPLOAD,0.985508726165656,1,7240,100.0,8,0.0,86769.0,0,8,0.0,1.0,0.18748218975008474,1,0,1,1,1,1,1,1,0.9699999999999999,1.0,1.0,1.0,0.8,skip,attack_already_active,1785295996.0315263,1785295996031526363,1384664248224846,6.0,52.09765625,-1.0,0,0
2026-07-28T23:33:16.032,10.42.0.1,10.42.0.1|10.42.0.18|10.42.0.145,1,3,UPLOAD,0.9855087261656625,UPLOAD,0.9855087261656625,1,7240,100.0,9,0.0,94009.0,0,9,0.0,1.0,0.1629143013589883,1,0,1,1,1,1,1,1,0.9699999999999999,1.0,1.0,1.0,0.8,skip,attack_already_active,1785295996.0325696,1785295996032569607,1384664249268588,6.0,52.09765625,-1.0,0,0
2026-07-28T23:33:16.035,10.42.0.1,10.42.0.1|10.42.0.18|10.42.0.145,1,3,UPLOAD,0.9855087261656628,UPLOAD,0.9855087261656628,1,10136,100.0,10,0.0,104145.0,0,10,0.0,1.0,0.1418391023310098,1,0,1,1,1,1,1,1,0.9699999999999999,1.0,1.0,1.0,0.8,skip,attack_already_active,1785295996.03555,1785295996035550279,1384664252249805,6.0,52.09765625,-1.0,0,0
2026-07-28T23:33:16.036,10.42.0.1,10.42.0.1|10.42.0.18|10.42.0.145,1,3,UPLOAD,0.9855087261656628,UPLOAD,0.9855087261656628,1,4344,100.0,11,0.0,108489.0,0,11,0.0,1.0,0.1233072373057803,1,0,1,1,1,1,1,1,0.9699999999999999,1.0,1.0,1.0,0.8,skip,attack_already_active,1785295996.036756,1785295996036755944,1384664253454773,6.0,52.09765625,-1.0,0,0
2026-07-28T23:33:16.038,10.42.0.1,10.42.0.1|10.42.0.18|10.42.0.145,1,3,UPLOAD,0.9855087261656628,UPLOAD,0.9855087261656628,0,43,100.0,11,0.0,108489.0,0,11,0.0,1.0,0.13525926406072963,1,0,1,1,1,1,1,1,0.8374999999999999,0.8500000000000001,1.0,0.6000000000000001,0.8,skip,attack_already_active,1785295996.0384886,1785295996038488696,1384664255188031,6.0,52.09765625,-1.0,0,0
2026-07-28T23:33:16.039,10.42.0.1,10.42.0.1|10.42.0.18|10.42.0.145,1,3,UPLOAD,0.9855087261656628,UPLOAD,0.9855087261656628,1,14480,100.0,12,0.0,122969.0,0,12,0.0,1.0,0.11781487984166725,1,0,1,1,1,1,1,1,0.9699999999999999,1.0,1.0,1.0,0.8,skip,attack_already_active,1785295996.0396347,1785295996039634732,1384664256334551,6.0,52.09765625,-1.0,0,0
2026-07-28T23:33:16.043,10.42.0.1,10.42.0.1|10.42.0.18|10.42.0.145,1,3,UPLOAD,0.9855087261656628,UPLOAD,0.9855087261656628,1,18824,100.0,13,0.0,141793.0,0,13,0.0,1.0,0.10286039589425172,1,0,1,1,1,1,1,1,0.9699999999999999,1.0,1.0,1.0,0.8,skip,attack_already_active,1785295996.0439641,1785295996043964240,1384664260662815,6.0,52.09765625,-1.0,0,0
2026-07-28T23:33:16.045,10.42.0.1,10.42.0.1|10.42.0.18|10.42.0.145,1,3,UPLOAD,0.9855087261656628,UPLOAD,0.9855087261656628,1,10136,100.0,14,0.0,151929.0,0,14,0.0,1.0,0.08944419541616405,1,0,1,1,1,1,1,1,0.9699999999999999,1.0,1.0,1.0,0.8,skip,attack_already_active,1785295996.0450127,1785295996045012742,1384664261711077,6.0,52.09765625,-1.0,0,0
2026-07-28T23:33:16.046,10.42.0.1,10.42.0.1|10.42.0.18|10.42.0.145,1,3,UPLOAD,0.9855087261656628,UPLOAD,0.9855087261656628,1,7128,100.0,15,0.0,159057.0,0,15,0.0,1.0,0.0777895614822427,1,0,1,1,1,1,1,1,0.9699999999999999,1.0,1.0,1.0,0.8,skip,attack_already_active,1785295996.046013,1785295996046013134,1384664262711310,6.0,52.09765625,-1.0,0,0
2026-07-28T23:33:16.130,10.42.0.59,10.42.0.1|10.42.0.18|10.42.0.145|10.42.0.59,1,3,UPLOAD,0.95,UPLOAD,0.95,1,14600,100.0,1,0.0,14600.0,0,1,0.0,1.0,10.801333899456383,1,0,0,1,1,1,1,1,0.9699999999999999,1.0,1.0,1.0,0.8,trigger,training_upload_trigger_confirmed,1785295996.1300936,1785295996130093677,1384664346792305,6.0,52.09765625,5.376337,1785295996135471373,1384664352168642
2026-07-28T23:33:16.131,10.42.0.59,10.42.0.1|10.42.0.18|10.42.0.145|10.42.0.59,1,3,UPLOAD,0.9841010226033655,UPLOAD,0.9841010226033655,1,18980,100.0,2,0.0,33580.0,0,2,0.0,1.0,9.298609792492849,1,0,1,1,1,1,1,1,0.9699999999999999,1.0,1.0,1.0,0.8,skip,attack_already_active,1785295996.13187,1785295996131869857,1384664348568475,6.0,52.09765625,-1.0,0,0
2026-07-28T23:33:16.133,10.42.0.59,10.42.0.1|10.42.0.18|10.42.0.145|10.42.0.59,1,3,UPLOAD,0.9854688349332961,UPLOAD,0.9854688349332961,1,7300,100.0,3,0.0,40880.0,0,3,0.0,1.0,8.022127238002277,1,0,1,1,1,1,1,1,0.9699999999999999,1.0,1.0,1.0,0.8,skip,attack_already_active,1785295996.1332116,1785295996133211764,1384664349910093,6.0,52.09765625,-1.0,0,0
2026-07-28T23:33:16.134,10.42.0.59,10.42.0.1|10.42.0.18|10.42.0.145|10.42.0.59,1,3,UPLOAD,0.9855076450773014,UPLOAD,0.9855076450773014,1,30660,100.0,4,0.0,71540.0,0,4,0.0,1.0,6.931991814293481,1,0,1,1,1,1,1,1,0.9699999999999999,1.0,1.0,1.0,0.8,skip,attack_already_active,1785295996.134755,1785295996134754831,1384664351453305,6.0,52.09765625,-1.0,0,0
2026-07-28T23:33:16.136,10.42.0.59,10.42.0.1|10.42.0.18|10.42.0.59|10.42.0.145,1,3,UPLOAD,0.9855086980780915,UPLOAD,0.9855086980780915,1,7988,100.0,5,0.0,79528.0,0,5,0.0,1.0,5.997156551405806,1,0,1,1,1,1,1,1,0.9699999999999999,1.0,1.0,1.0,0.8,skip,attack_already_active,1785295996.136196,1785295996136195827,1384664352894296,6.0,52.09765625,-1.0,0,0
2026-07-28T23:33:16.137,10.42.0.1,10.42.0.1|10.42.0.18|10.42.0.59|10.42.0.145,1,3,UPLOAD,0.9855087261656628,UPLOAD,0.9855087261656628,1,7240,100.0,16,0.0,166297.0,0,16,0.0,1.0,0.07259455294644336,1,0,1,1,1,1,1,1,0.9699999999999999,1.0,1.0,1.0,0.8,skip,attack_already_active,1785295996.1377053,1785295996137705092,1384664354403849,6.0,52.09765625,-1.0,0,0
2026-07-28T23:33:16.138,10.42.0.1,10.42.0.1|10.42.0.18|10.42.0.59|10.42.0.145,1,3,UPLOAD,0.9855087261656628,UPLOAD,0.9855087261656628,1,7240,100.0,17,0.0,173537.0,0,17,0.0,1.0,0.06316187417864257,1,0,1,1,1,1,1,1,0.9699999999999999,1.0,1.0,1.0,0.8,skip,attack_already_active,1785295996.138718,1785295996138718017,1384664355416412,6.0,52.09765625,-1.0,0,0
2026-07-28T23:33:16.140,10.42.0.1,10.42.0.1|10.42.0.18|10.42.0.59|10.42.0.145,1,3,UPLOAD,0.9855087261656628,UPLOAD,0.9855087261656628,1,10136,100.0,18,0.0,183673.0,0,18,0.0,1.0,0.055034513984591034,1,0,1,1,1,1,1,1,0.9699999999999999,1.0,1.0,1.0,0.8,skip,attack_already_active,1785295996.1402035,1785295996140203543,1384664356901999,6.0,52.09765625,-1.0,0,0
2026-07-28T23:33:16.141,10.42.0.1,10.42.0.1|10.42.0.18|10.42.0.59|10.42.0.145,1,3,UPLOAD,0.9855087261656628,UPLOAD,0.9855087261656628,1,4344,100.0,19,0.0,188017.0,0,19,0.0,1.0,0.04792390582505948,1,0,1,1,1,1,1,1,0.9699999999999999,1.0,1.0,1.0,0.8,skip,attack_already_active,1785295996.1412776,1785295996141277404,1384664357975775,6.0,52.09765625,-1.0,0,0
2026-07-28T23:33:16.143,10.42.0.1,10.42.0.1|10.42.0.18|10.42.0.59|10.42.0.145,1,3,UPLOAD,0.9855087261656628,UPLOAD,0.9855087261656628,0,43,100.0,19,0.0,188017.0,0,19,0.0,1.0,0.05539965070501409,1,0,1,1,1,1,1,1,0.8374999999999999,0.8500000000000001,1.0,0.6000000000000001,0.8,skip,attack_already_active,1785295996.143144,1785295996143143853,1384664359842177,6.0,52.09765625,-1.0,0,0
2026-07-28T23:33:16.144,10.42.0.1,10.42.0.1|10.42.0.18|10.42.0.59|10.42.0.145,1,3,UPLOAD,0.9855087261656628,UPLOAD,0.9855087261656628,1,14480,100.0,20,0.0,202497.0,0,20,0.0,1.0,0.04847696641822711,1,0,1,1,1,1,1,1,0.9699999999999999,1.0,1.0,1.0,0.8,skip,attack_already_active,1785295996.1441429,1785295996144142865,1384664360841128,6.0,52.09765625,-1.0,0,0
2026-07-28T23:33:16.147,10.42.0.1,10.42.0.1|10.42.0.18|10.42.0.59|10.42.0.145,1,3,UPLOAD,0.9855087261656628,UPLOAD,0.9855087261656628,1,14480,100.0,21,0.0,216977.0,0,21,0.0,1.0,0.042479145016742215,1,0,1,1,1,1,1,1,0.9699999999999999,1.0,1.0,1.0,0.8,skip,attack_already_active,1785295996.147104,1785295996147104114,1384664363802666,6.0,52.09765625,-1.0,0,0
2026-07-28T23:33:16.149,10.42.0.1,10.42.0.1|10.42.0.18|10.42.0.59|10.42.0.145,1,3,UPLOAD,0.9855087261656628,UPLOAD,0.9855087261656628,1,5792,100.0,22,0.0,222769.0,0,22,0.0,1.0,0.03713432612289071,1,0,1,1,1,1,1,1,0.9699999999999999,1.0,1.0,1.0,0.8,skip,attack_already_active,1785295996.1490228,1785295996149022765,1384664365721081,6.0,52.09765625,-1.0,0,0
2026-07-28T23:33:16.150,10.42.0.1,10.42.0.1|10.42.0.18|10.42.0.59|10.42.0.145,1,3,UPLOAD,0.9855087261656628,UPLOAD,0.9855087261656628,1,4344,100.0,23,0.0,227113.0,0,23,0.0,1.0,0.03244688018768259,1,0,1,1,1,1,1,1,0.9699999999999999,1.0,1.0,1.0,0.8,skip,attack_already_active,1785295996.1505854,1785295996150585233,1384664367283550,6.0,52.09765625,-1.0,0,0
2026-07-28T23:33:16.152,10.42.0.1,10.42.0.1|10.42.0.18|10.42.0.59|10.42.0.145,1,3,UPLOAD,0.9855087261656628,UPLOAD,0.9855087261656628,1,7240,100.0,24,0.0,234353.0,0,24,0.0,1.0,0.02848855776184538,1,0,1,1,1,1,1,1,0.9699999999999999,1.0,1.0,1.0,0.8,skip,attack_already_active,1785295996.1529937,1785295996152993880,1384664369692993,6.0,52.09765625,-1.0,0,0
2026-07-28T23:33:16.154,10.42.0.1,10.42.0.1|10.42.0.18|10.42.0.59|10.42.0.145,1,3,UPLOAD,0.9855087261656628,UPLOAD,0.9855087261656628,1,4232,100.0,25,0.0,238585.0,0,25,0.0,1.0,0.02487650020829236,1,0,1,1,1,1,1,1,0.9699999999999999,1.0,1.0,1.0,0.8,skip,attack_already_active,1785295996.1540713,1785295996154071328,1384664370769639,6.0,52.09765625,-1.0,0,0
2026-07-28T23:33:18.348,10.42.0.210,10.42.0.1|10.42.0.18|10.42.0.59|10.42.0.145|10.42.0.210,1,3,UPLOAD,0.95,UPLOAD,0.95,1,1448,100.0,1,0.0,1448.0,0,1,0.0,1.0,9.562203075880547,1,0,0,1,1,1,1,1,0.9525,0.95,1.0,1.0,0.8,trigger,training_upload_trigger_confirmed,1785295998.3480945,1785295998348094455,1384666564793534,5.0,52.171875,7.628807,1785295998355724846,1384666572422341
2026-07-28T23:33:18.348,10.42.0.210,10.42.0.1|10.42.0.18|10.42.0.59|10.42.0.145|10.42.0.210,1,3,UPLOAD,0.9841010226033655,UPLOAD,0.9841010226033655,1,1448,100.0,2,0.0,2896.0,0,2,0.0,1.0,8.20794133832422,1,0,1,1,1,1,1,1,0.9699999999999999,1.0,1.0,1.0,0.8,skip,attack_already_active,1785295998.3488867,1785295998348886870,1384666565585204,5.0,52.171875,-1.0,0,0
2026-07-28T23:33:18.350,10.42.0.210,10.42.0.1|10.42.0.18|10.42.0.59|10.42.0.145|10.42.0.210,1,3,UPLOAD,0.9854688349332961,UPLOAD,0.9854688349332961,1,1448,100.0,3,0.0,4344.0,0,3,0.0,1.0,7.06598916441111,1,0,1,1,1,1,1,1,0.9699999999999999,1.0,1.0,1.0,0.8,skip,attack_already_active,1785295998.3500135,1785295998350013459,1384666566712565,5.0,52.171875,-1.0,0,0
2026-07-28T23:33:18.350,10.42.0.210,10.42.0.1|10.42.0.18|10.42.0.59|10.42.0.145|10.42.0.210,1,3,UPLOAD,0.9855076450773014,UPLOAD,0.9855076450773014,1,1448,100.0,4,0.0,5792.0,0,4,0.0,1.0,6.095987041869446,1,0,1,1,1,1,1,1,0.9699999999999999,1.0,1.0,1.0,0.8,skip,attack_already_active,1785295998.3509865,1785295998350986609,1384666567685056,5.0,52.171875,-1.0,0,0
2026-07-28T23:33:18.352,10.42.0.210,10.42.0.1|10.42.0.18|10.42.0.59|10.42.0.145|10.42.0.210,1,3,UPLOAD,0.9855086980780915,UPLOAD,0.9855086980780915,1,1448,100.0,5,0.0,7240.0,0,5,0.0,1.0,5.267588152241744,1,0,1,1,1,1,1,1,0.9699999999999999,1.0,1.0,1.0,0.8,skip,attack_already_active,1785295998.3520951,1785295998352095324,1384666568794048,5.0,52.171875,-1.0,0,0
2026-07-28T23:33:18.352,10.42.0.210,10.42.0.1|10.42.0.18|10.42.0.59|10.42.0.145|10.42.0.210,1,3,UPLOAD,0.9855087254685951,UPLOAD,0.9855087254685951,1,1448,100.0,6,0.0,8688.0,0,6,0.0,1.0,4.5571728813127095,1,0,1,1,1,1,1,1,0.9699999999999999,1.0,1.0,1.0,0.8,skip,attack_already_active,1785295998.352906,1785295998352905891,1384666569604362,5.0,52.171875,-1.0,0,0
2026-07-28T23:33:18.354,10.42.0.210,10.42.0.1|10.42.0.18|10.42.0.59|10.42.0.145|10.42.0.210,1,3,UPLOAD,0.9855087261493067,UPLOAD,0.9855087261493067,1,1448,100.0,7,0.0,10136.0,0,7,0.0,1.0,3.9461685349537037,1,0,1,1,1,1,1,1,0.9699999999999999,1.0,1.0,1.0,0.8,skip,attack_already_active,1785295998.3542132,1785295998354213175,1384666570911649,5.0,52.171875,-1.0,0,0
2026-07-28T23:33:18.354,10.42.0.210,10.42.0.1|10.42.0.18|10.42.0.59|10.42.0.145|10.42.0.210,1,3,UPLOAD,0.9855087261653082,UPLOAD,0.9855087261653082,1,1448,100.0,8,0.0,11584.0,0,8,0.0,1.0,3.4193157293646474,1,0,1,1,1,1,1,1,0.9699999999999999,1.0,1.0,1.0,0.8,skip,attack_already_active,1785295998.3549325,1785295998354932454,1384666571630557,5.0,52.171875,-1.0,0,0
2026-07-28T23:33:18.356,10.42.0.210,10.42.0.1|10.42.0.18|10.42.0.59|10.42.0.145|10.42.0.210,1,3,UPLOAD,0.985508726165656,UPLOAD,0.985508726165656,1,1448,100.0,9,0.0,13032.0,0,9,0.0,1.0,2.964394287771346,1,0,1,1,1,1,1,1,0.9699999999999999,1.0,1.0,1.0,0.8,skip,attack_already_active,1785295998.3563313,1785295998356331310,1384666573029607,5.0,52.171875,-1.0,0,0
2026-07-28T23:33:18.357,10.42.0.210,10.42.0.1|10.42.0.18|10.42.0.59|10.42.0.145|10.42.0.210,1,3,UPLOAD,0.9855087261656625,UPLOAD,0.9855087261656625,1,1448,100.0,10,0.0,14480.0,0,10,0.0,1.0,2.570938262084578,1,0,1,1,1,1,1,1,0.9699999999999999,1.0,1.0,1.0,0.8,skip,attack_already_active,1785295998.357325,1785295998357325075,1384666574023902,5.0,52.171875,-1.0,0,0
2026-07-28T23:33:18.358,10.42.0.210,10.42.0.1|10.42.0.18|10.42.0.59|10.42.0.145|10.42.0.210,1,3,UPLOAD,0.9855087261656628,UPLOAD,0.9855087261656628,1,1448,100.0,11,0.0,15928.0,0,11,0.0,1.0,2.2304162196477604,1,0,1,1,1,1,1,1,0.9699999999999999,1.0,1.0,1.0,0.8,skip,attack_already_active,1785295998.3587825,1785295998358782503,1384666575480915,5.0,52.171875,-1.0,0,0
2026-07-28T23:33:18.360,10.42.0.210,10.42.0.1|10.42.0.18|10.42.0.59|10.42.0.145|10.42.0.210,1,3,UPLOAD,0.9855087261656628,UPLOAD,0.9855087261656628,1,1448,100.0,12,0.0,17376.0,0,12,0.0,1.0,1.935417346814436,1,0,1,1,1,1,1,1,0.9699999999999999,1.0,1.0,1.0,0.8,skip,attack_already_active,1785295998.360106,1785295998360106095,1384666576804459,5.0,52.171875,-1.0,0,0
2026-07-28T23:33:18.361,10.42.0.210,10.42.0.1|10.42.0.18|10.42.0.59|10.42.0.145|10.42.0.210,1,3,UPLOAD,0.9844387278580646,UPLOAD,0.9844387278580646,1,1448,100.0,13,0.0,18824.0,0,13,0.0,1.0,1.6797428688327072,1,0,1,1,1,1,1,1,0.9699999999999999,1.0,1.0,1.0,0.8,skip,attack_already_active,1785295998.3615377,1785295998361537690,1384666578236277,5.0,52.171875,-1.0,0,0
2026-07-28T23:33:18.362,10.42.0.210,10.42.0.1|10.42.0.18|10.42.0.59|10.42.0.145|10.42.0.210,1,3,UPLOAD,0.9795258943033591,UPLOAD,0.9795258943033591,1,1448,100.0,14,0.0,20272.0,0,14,0.0,1.0,1.4580090906908185,1,0,1,1,1,1,1,1,0.9699999999999999,1.0,1.0,1.0,0.8,skip,attack_already_active,1785295998.3626966,1785295998362696751,1384666579396302,5.0,52.171875,-1.0,0,0
2026-07-28T23:33:18.364,10.42.0.210,10.42.0.1|10.42.0.18|10.42.0.59|10.42.0.145|10.42.0.210,1,3,UPLOAD,0.9745636354442145,UPLOAD,0.9745636354442145,1,1448,100.0,15,0.0,21720.0,0,15,0.0,1.0,1.2657613293693522,1,0,1,1,1,1,1,1,0.9699999999999999,1.0,1.0,1.0,0.8,skip,attack_already_active,1785295998.3644662,1785295998364466062,1384666581164772,5.0,52.171875,-1.0,0,0
2026-07-28T23:33:18.365,10.42.0.210,10.42.0.1|10.42.0.18|10.42.0.59|10.42.0.145|10.42.0.210,1,3,UPLOAD,0.9706548490191723,UPLOAD,0.9706548490191723,1,1448,100.0,16,0.0,23168.0,0,16,0.0,1.0,1.09887345656535,1,0,1,1,1,1,1,1,0.9699999999999999,1.0,1.0,1.0,0.8,skip,attack_already_active,1785295998.3655128,1785295998365512868,1384666582211382,5.0,52.171875,-1.0,0,0
2026-07-28T23:33:18.367,10.42.0.210,10.42.0.1|10.42.0.18|10.42.0.59|10.42.0.145|10.42.0.210,1,3,UPLOAD,0.9664153903477005,UPLOAD,0.9664153903477005,1,1448,100.0,17,0.0,24616.0,0,17,0.0,1.0,0.9541237039073136,1,0,1,1,1,1,1,1,0.9699999999999999,1.0,1.0,1.0,0.8,skip,attack_already_active,1785295998.3670657,1785295998367065720,1384666583764201,5.0,52.171875,-1.0,0,0
2026-07-28T23:33:18.368,10.42.0.210,10.42.0.1|10.42.0.18|10.42.0.59|10.42.0.145|10.42.0.210,1,3,UPLOAD,0.9627008444298986,UPLOAD,0.9627008444298986,1,1448,100.0,18,0.0,26064.0,0,18,0.0,1.0,0.8284339104497848,1,0,1,1,1,1,1,1,0.9699999999999999,1.0,1.0,1.0,0.8,skip,attack_already_active,1785295998.368114,1785295998368113862,1384666584812268,5.0,52.171875,-1.0,0,0
2026-07-28T23:33:18.369,10.42.0.210,10.42.0.1|10.42.0.18|10.42.0.59|10.42.0.145|10.42.0.210,1,3,UPLOAD,0.9605871619766869,UPLOAD,0.9605871619766869,1,1448,100.0,19,0.0,27512.0,0,19,0.0,1.0,0.7193926830756111,1,0,1,1,1,1,1,1,0.9699999999999999,1.0,1.0,1.0,0.8,skip,attack_already_active,1785295998.3695545,1785295998369554362,1384666586252559,5.0,52.171875,-1.0,0,0
2026-07-28T23:33:18.370,10.42.0.210,10.42.0.1|10.42.0.18|10.42.0.59|10.42.0.145|10.42.0.210,1,3,UPLOAD,0.9589884439600128,UPLOAD,0.9589884439600128,1,1448,100.0,20,0.0,28960.0,0,20,0.0,1.0,0.6246773854183203,1,0,1,1,1,1,1,1,0.9699999999999999,1.0,1.0,1.0,0.8,skip,attack_already_active,1785295998.3705,1785295998370500190,1384666587198422,5.0,52.171875,-1.0,0,0
2026-07-28T23:33:18.371,10.42.0.210,10.42.0.1|10.42.0.18|10.42.0.59|10.42.0.210|10.42.0.145,1,3,UPLOAD,0.9564843868918339,UPLOAD,0.9564843868918339,1,1448,100.0,21,0.0,30408.0,0,21,0.0,1.0,0.5425067959929011,1,0,1,1,1,1,1,1,0.9699999999999999,1.0,1.0,1.0,0.8,skip,attack_already_active,1785295998.3718176,1785295998371817481,1384666588515735,5.0,52.171875,-1.0,0,0
2026-07-28T23:33:18.372,10.42.0.210,10.42.0.1|10.42.0.210|10.42.0.18|10.42.0.59|10.42.0.145,1,3,UPLOAD,0.95422249423709,UPLOAD,0.95422249423709,1,1448,100.0,22,0.0,31856.0,0,22,0.0,1.0,0.47112089744767643,1,0,1,1,1,1,1,1,0.9699999999999999,1.0,1.0,1.0,0.8,skip,attack_already_active,1785295998.372734,1785295998372733894,1384666589432160,5.0,52.171875,-1.0,0,0
2026-07-28T23:33:18.374,10.42.0.210,10.42.0.1|10.42.0.210|10.42.0.18|10.42.0.59|10.42.0.145,1,3,UPLOAD,0.9531985635503132,UPLOAD,0.9531985635503132,1,1448,100.0,23,0.0,33304.0,0,23,0.0,1.0,0.4092110100488634,1,0,1,1,1,1,1,1,0.9699999999999999,1.0,1.0,1.0,0.8,skip,attack_already_active,1785295998.3741279,1785295998374127820,1384666590826109,5.0,52.171875,-1.0,0,0
2026-07-28T23:33:18.375,10.42.0.210,10.42.0.1|10.42.0.210|10.42.0.18|10.42.0.59|10.42.0.145,1,3,UPLOAD,0.9524843625268468,UPLOAD,0.9524843625268468,1,1448,100.0,24,0.0,34752.0,0,24,0.0,1.0,0.3554013950550806,1,0,1,1,1,1,1,1,0.9699999999999999,1.0,1.0,1.0,0.8,skip,attack_already_active,1785295998.3750515,1785295998375051405,1384666591749627,5.0,52.171875,-1.0,0,0
2026-07-28T23:33:18.376,10.42.0.210,10.42.0.1|10.42.0.210|10.42.0.18|10.42.0.59|10.42.0.145,1,3,UPLOAD,0.950801708800316,UPLOAD,0.950801708800316,1,1448,100.0,25,0.0,36200.0,0,25,0.0,1.0,0.30874241334808766,1,0,1,1,1,1,1,1,0.9699999999999999,1.0,1.0,1.0,0.8,skip,attack_already_active,1785295998.3764093,1785295998376409252,1384666593107468,5.0,52.171875,-1.0,0,0
2026-07-28T23:33:18.377,10.42.0.210,10.42.0.1|10.42.0.210|10.42.0.18|10.42.0.59|10.42.0.145,1,3,UPLOAD,0.95,UPLOAD,0.95,1,1448,100.0,26,0.0,37648.0,0,26,0.0,1.0,0.26817765695998896,1,0,1,1,1,1,1,1,0.9699999999999999,1.0,1.0,1.0,0.8,skip,attack_already_active,1785295998.3773422,1785295998377342087,1384666594040395,5.0,52.171875,-1.0,0,0
2026-07-28T23:33:18.378,10.42.0.210,10.42.0.1|10.42.0.210|10.42.0.18|10.42.0.59|10.42.0.145,1,3,UPLOAD,0.95,UPLOAD,0.95,1,1448,100.0,27,0.0,39096.0,0,27,0.0,1.0,0.23301320749145465,1,0,1,1,1,1,1,1,0.9699999999999999,1.0,1.0,1.0,0.8,skip,attack_already_active,1785295998.378683,1785295998378683081,1384666595381454,5.0,52.171875,-1.0,0,0
2026-07-28T23:33:18.379,10.42.0.210,10.42.0.1|10.42.0.210|10.42.0.18|10.42.0.59|10.42.0.145,1,3,UPLOAD,0.95,UPLOAD,0.95,1,1448,100.0,28,0.0,40544.0,0,28,0.0,1.0,0.20242481488293165,1,0,1,1,1,1,1,1,0.9699999999999999,1.0,1.0,1.0,0.8,skip,attack_already_active,1785295998.3795803,1785295998379580038,1384666596278351,5.0,52.171875,-1.0,0,0
2026-07-28T23:33:18.380,10.42.0.210,10.42.0.1|10.42.0.210|10.42.0.18|10.42.0.59|10.42.0.145,1,3,UPLOAD,0.95,UPLOAD,0.95,1,1448,100.0,29,0.0,41992.0,0,29,0.0,1.0,0.17592923282830317,1,0,1,1,1,1,1,1,0.9699999999999999,1.0,1.0,1.0,0.8,skip,attack_already_active,1785295998.3809445,1785295998380944419,1384666597642719,5.0,52.171875,-1.0,0,0
2026-07-28T23:33:18.381,10.42.0.210,10.42.0.1|10.42.0.210|10.42.0.18|10.42.0.59|10.42.0.145,1,3,UPLOAD,0.95,UPLOAD,0.95,1,1448,100.0,30,0.0,43440.0,0,30,0.0,1.0,0.1528701172801106,1,0,1,1,1,1,1,1,0.9699999999999999,1.0,1.0,1.0,0.8,skip,attack_already_active,1785295998.381889,1785295998381888998,1384666598587277,5.0,52.171875,-1.0,0,0
2026-07-28T23:33:18.383,10.42.0.210,10.42.0.1|10.42.0.210|10.42.0.18|10.42.0.59|10.42.0.145,1,3,UPLOAD,0.95,UPLOAD,0.95,1,1448,100.0,31,0.0,44888.0,0,31,0.0,1.0,0.13290611659507728,1,0,1,1,1,1,1,1,0.9699999999999999,1.0,1.0,1.0,0.8,skip,attack_already_active,1785295998.383261,1785295998383260807,1384666599959031,5.0,52.171875,-1.0,0,0
2026-07-28T23:33:18.384,10.42.0.210,10.42.0.1|10.42.0.210|10.42.0.18|10.42.0.59|10.42.0.145,1,3,UPLOAD,0.95,UPLOAD,0.95,1,1448,100.0,32,0.0,46336.0,0,32,0.0,1.0,0.11551830048445676,1,0,1,1,1,1,1,1,0.9699999999999999,1.0,1.0,1.0,0.8,skip,attack_already_active,1785295998.3842177,1785295998384217819,1384666600916055,5.0,52.171875,-1.0,0,0
2026-07-28T23:33:18.385,10.42.0.210,10.42.0.1|10.42.0.210|10.42.0.18|10.42.0.59|10.42.0.145,1,3,UPLOAD,0.95,UPLOAD,0.95,1,1448,100.0,33,0.0,47784.0,0,33,0.0,1.0,0.10047893118799686,1,0,1,1,1,1,1,1,0.9699999999999999,1.0,1.0,1.0,0.8,skip,attack_already_active,1785295998.3856077,1785295998385607784,1384666602306128,5.0,52.171875,-1.0,0,0
2026-07-28T23:33:18.386,10.42.0.210,10.42.0.1|10.42.0.210|10.42.0.18|10.42.0.59|10.42.0.145,1,3,UPLOAD,0.95,UPLOAD,0.95,1,1448,100.0,34,0.0,49232.0,0,34,0.0,1.0,0.08735777335211611,1,0,1,1,1,1,1,1,0.9699999999999999,1.0,1.0,1.0,0.8,skip,attack_already_active,1785295998.3865147,1785295998386514815,1384666603213178,5.0,52.171875,-1.0,0,0
2026-07-28T23:33:18.387,10.42.0.210,10.42.0.1|10.42.0.210|10.42.0.18|10.42.0.59|10.42.0.145,1,3,UPLOAD,0.95,UPLOAD,0.95,1,1448,100.0,35,0.0,50680.0,0,35,0.0,1.0,0.07601740137937246,1,0,1,1,1,1,1,1,0.9699999999999999,1.0,1.0,1.0,0.8,skip,attack_already_active,1785295998.387814,1785295998387814176,1384666604512720,5.0,52.171875,-1.0,0,0
2026-07-28T23:33:18.388,10.42.0.210,10.42.0.1|10.42.0.210|10.42.0.18|10.42.0.59|10.42.0.145,1,3,UPLOAD,0.95,UPLOAD,0.95,1,1448,100.0,36,0.0,52128.0,0,36,0.0,1.0,0.06613096023327276,1,0,1,1,1,1,1,1,0.9699999999999999,1.0,1.0,1.0,0.8,skip,attack_already_active,1785295998.3888063,1785295998388806325,1384666605504555,5.0,52.171875,-1.0,0,0
2026-07-28T23:33:18.389,10.42.0.210,10.42.0.1|10.42.0.210|10.42.0.18|10.42.0.59|10.42.0.145,1,3,UPLOAD,0.95,UPLOAD,0.95,1,1448,100.0,37,0.0,53576.0,0,37,0.0,1.0,0.057543734602919006,1,0,1,1,1,1,1,1,0.9699999999999999,1.0,1.0,1.0,0.8,skip,attack_already_active,1785295998.3897715,1785295998389771453,1384666606469721,5.0,52.171875,-1.0,0,0
2026-07-28T23:33:18.390,10.42.0.210,10.42.0.1|10.42.0.210|10.42.0.18|10.42.0.59|10.42.0.145,1,3,UPLOAD,0.95,UPLOAD,0.95,1,1448,100.0,38,0.0,55024.0,0,38,0.0,1.0,0.050087719920915166,1,0,1,1,1,1,1,1,0.9699999999999999,1.0,1.0,1.0,0.8,skip,attack_already_active,1785295998.3907337,1785295998390733924,1384666607432160,5.0,52.171875,-1.0,0,0
2026-07-28T23:33:18.391,10.42.0.210,10.42.0.1|10.42.0.210|10.42.0.18|10.42.0.59|10.42.0.145,1,3,UPLOAD,0.95,UPLOAD,0.95,1,1448,100.0,39,0.0,56472.0,0,39,0.0,1.0,0.04361563851274787,1,0,1,1,1,1,1,1,0.9699999999999999,1.0,1.0,1.0,0.8,skip,attack_already_active,1785295998.3917067,1785295998391706639,1384666608404885,5.0,52.171875,-1.0,0,0
2026-07-28T23:33:18.392,10.42.0.210,10.42.0.1|10.42.0.210|10.42.0.18|10.42.0.59|10.42.0.145,1,3,UPLOAD,0.9578405000964773,UPLOAD,0.9578405000964773,1,1337,100.0,40,0.0,57809.0,0,40,0.0,1.0,0.037995819913500206,1,0,1,1,1,1,1,1,0.9699999999999999,1.0,1.0,1.0,0.8,skip,attack_already_active,1785295998.3926752,1785295998392675156,1384666609373319,5.0,52.171875,-1.0,0,0
2026-07-28T23:33:18.393,10.42.0.1,10.42.0.1|10.42.0.210|10.42.0.18|10.42.0.59|10.42.0.145,1,3,UPLOAD,0.9574167425582255,UPLOAD,0.9574167425582255,1,7240,100.0,1,0.0,7240.0,0,1,0.0,1.0,0.31061879092994515,1,0,1,1,1,1,1,1,0.9699999999999999,1.0,1.0,1.0,0.8,skip,attack_already_active,1785295998.3936458,1785295998393645769,1384666610344010,5.0,52.171875,-1.0,0,0
2026-07-28T23:33:18.394,10.42.0.1,10.42.0.1|10.42.0.210|10.42.0.18|10.42.0.59|10.42.0.145,1,3,UPLOAD,0.9844901907848543,UPLOAD,0.9844901907848543,1,7240,100.0,2,0.0,14480.0,0,2,0.0,1.0,0.26981104385863114,1,0,1,1,1,1,1,1,0.9699999999999999,1.0,1.0,1.0,0.8,skip,attack_already_active,1785295998.3945858,1785295998394585771,1384666611284138,5.0,52.171875,-1.0,0,0
2026-07-28T23:33:18.490,10.42.0.1,10.42.0.1|10.42.0.210|10.42.0.18|10.42.0.59|10.42.0.145,1,3,UPLOAD,0.9854781389586886,UPLOAD,0.9854781389586886,1,10136,100.0,3,0.0,24616.0,0,3,0.0,1.0,0.24691566281082333,1,0,1,1,1,1,1,1,0.9699999999999999,1.0,1.0,1.0,0.8,skip,attack_already_active,1785295998.4906502,1785295998490650097,1384666707348852,5.0,52.171875,-1.0,0,0
2026-07-28T23:33:18.492,10.42.0.1,10.42.0.1|10.42.0.210|10.42.0.18|10.42.0.59|10.42.0.145,1,3,UPLOAD,0.9775864605674377,UPLOAD,0.9775864605674377,0,43,100.0,3,0.0,24616.0,0,3,0.0,1.0,0.5239059305981816,1,0,1,1,1,1,1,1,0.8374999999999999,0.8500000000000001,1.0,0.6000000000000001,0.8,skip,attack_already_active,1785295998.492062,1785295998492062158,1384666708760484,5.0,52.171875,-1.0,0,0
2026-07-28T23:33:18.493,10.42.0.1,10.42.0.1|10.42.0.210|10.42.0.18|10.42.0.59|10.42.0.145,1,3,UPLOAD,0.974276692037009,UPLOAD,0.974276692037009,1,14480,100.0,4,0.0,39096.0,0,4,0.0,1.0,0.45518393639189847,1,0,1,1,1,1,1,1,0.9699999999999999,1.0,1.0,1.0,0.8,skip,attack_already_active,1785295998.493044,1785295998493044012,1384666709742351,5.0,52.171875,-1.0,0,0
2026-07-28T23:33:18.496,10.42.0.1,10.42.0.1|10.42.0.210|10.42.0.18|10.42.0.59|10.42.0.145,1,3,UPLOAD,0.9780887711393199,UPLOAD,0.9780887711393199,1,18824,100.0,5,0.0,57920.0,0,5,0.0,1.0,0.39565387842176564,1,0,1,1,1,1,1,1,0.9699999999999999,1.0,1.0,1.0,0.8,skip,attack_already_active,1785295998.4964707,1785295998496470767,1384666713169376,5.0,52.171875,-1.0,0,0
2026-07-28T23:33:18.498,10.42.0.1,10.42.0.1|10.42.0.210|10.42.0.18|10.42.0.59|10.42.0.145,1,3,UPLOAD,0.9812987698158375,UPLOAD,0.9812987698158375,1,13032,100.0,6,0.0,70952.0,0,6,0.0,1.0,0.34372085530242646,1,0,1,1,1,1,1,1,0.9699999999999999,1.0,1.0,1.0,0.8,skip,attack_already_active,1785295998.4980192,1785295998498019222,1384666714717500,5.0,52.171875,-1.0,0,0
2026-07-28T23:33:18.500,10.42.0.1,10.42.0.1|10.42.0.210|10.42.0.18|10.42.0.59|10.42.0.145,1,3,UPLOAD,0.9836311030780944,UPLOAD,0.9836311030780944,1,8577,100.0,7,0.0,79529.0,0,7,0.0,1.0,0.2987359303517547,1,0,1,1,1,1,1,1,0.9699999999999999,1.0,1.0,1.0,0.8,skip,attack_already_active,1785295998.500362,1785295998500361926,1384666717060541,5.0,52.171875,-1.0,0,0
2026-07-28T23:33:20.489,10.42.0.47,10.42.0.1|10.42.0.210|10.42.0.18|10.42.0.59|10.42.0.145|10.42.0.47,1,3,UPLOAD,0.95,UPLOAD,0.95,1,7240,100.0,1,0.0,7240.0,0,1,0.0,1.0,1.371347146753135,1,0,0,1,1,1,1,1,0.9699999999999999,1.0,1.0,1.0,0.8,trigger,training_upload_trigger_confirmed,1785296000.489651,1785296000489650872,1384668706349602,5.7,52.23828125,6.935897,1785296000496587794,1384668713285499
2026-07-28T23:33:20.490,10.42.0.47,10.42.0.1|10.42.0.210|10.42.0.18|10.42.0.59|10.42.0.145|10.42.0.47,1,3,UPLOAD,0.9841010226033655,UPLOAD,0.9841010226033655,1,7240,100.0,2,0.0,14480.0,0,2,0.0,1.0,1.1875326025900288,1,0,1,1,1,1,1,1,0.9699999999999999,1.0,1.0,1.0,0.8,skip,attack_already_active,1785296000.4904115,1785296000490411568,1384668707109718,5.7,52.23828125,-1.0,0,0
2026-07-28T23:33:20.492,10.42.0.47,10.42.0.1|10.42.0.210|10.42.0.18|10.42.0.59|10.42.0.145|10.42.0.47,1,3,UPLOAD,0.9854688349332961,UPLOAD,0.9854688349332961,1,14480,100.0,3,0.0,28960.0,0,3,0.0,1.0,1.029184315121301,1,0,1,1,1,1,1,1,0.9699999999999999,1.0,1.0,1.0,0.8,skip,attack_already_active,1785296000.4921193,1785296000492119173,1384668708817995,5.7,52.23828125,-1.0,0,0
2026-07-28T23:33:20.492,10.42.0.47,10.42.0.1|10.42.0.210|10.42.0.18|10.42.0.59|10.42.0.145|10.42.0.47,1,3,UPLOAD,0.9855076450773014,UPLOAD,0.9855076450773014,1,4344,100.0,4,0.0,33304.0,0,4,0.0,1.0,0.8922998212727244,1,0,1,1,1,1,1,1,0.9699999999999999,1.0,1.0,1.0,0.8,skip,attack_already_active,1785296000.4928627,1785296000492862804,1384668709560931,5.7,52.23828125,-1.0,0,0
2026-07-28T23:33:20.493,10.42.0.47,10.42.0.1|10.42.0.210|10.42.0.18|10.42.0.59|10.42.0.145|10.42.0.47,1,3,UPLOAD,0.9855086980780915,UPLOAD,0.9855086980780915,1,10136,100.0,5,0.0,43440.0,0,5,0.0,1.0,0.7739431414328373,1,0,1,1,1,1,1,1,0.9699999999999999,1.0,1.0,1.0,0.8,skip,attack_already_active,1785296000.4937332,1785296000493733137,1384668710431189,5.7,52.23828125,-1.0,0,0
2026-07-28T23:33:20.494,10.42.0.47,10.42.0.1|10.42.0.210|10.42.0.18|10.42.0.59|10.42.0.145|10.42.0.47,1,3,UPLOAD,0.9855087254685951,UPLOAD,0.9855087254685951,1,8688,100.0,6,0.0,52128.0,0,6,0.0,1.0,0.6714923101909158,1,0,1,1,1,1,1,1,0.9699999999999999,1.0,1.0,1.0,0.8,skip,attack_already_active,1785296000.494612,1785296000494611869,1384668711310241,5.7,52.23828125,-1.0,0,0
2026-07-28T23:33:20.496,10.42.0.47,10.42.0.1|10.42.0.210|10.42.0.18|10.42.0.59|10.42.0.145|10.42.0.47,1,3,UPLOAD,0.9855087261493067,UPLOAD,0.9855087261493067,1,11584,100.0,7,0.0,63712.0,0,7,0.0,1.0,0.5829260071272526,1,0,1,1,1,1,1,1,0.9699999999999999,1.0,1.0,1.0,0.8,skip,attack_already_active,1785296000.496873,1785296000496872974,1384668713572277,5.7,52.23828125,-1.0,0,0
2026-07-28T23:33:20.498,10.42.0.47,10.42.0.1|10.42.0.210|10.42.0.47|10.42.0.18|10.42.0.59|10.42.0.145,1,3,UPLOAD,0.9855087261653082,UPLOAD,0.9855087261653082,1,2896,100.0,8,0.0,66608.0,0,8,0.0,1.0,0.5061258671968559,1,0,1,1,1,1,1,1,0.9699999999999999,1.0,1.0,1.0,0.8,skip,attack_already_active,1785296000.4988635,1785296000498863298,1384668715561741,5.7,52.23828125,-1.0,0,0
2026-07-28T23:33:20.499,10.42.0.47,10.42.0.1|10.42.0.210|10.42.0.47|10.42.0.18|10.42.0.59|10.42.0.145,1,3,UPLOAD,0.985508726165656,UPLOAD,0.985508726165656,1,12920,100.0,9,0.0,79528.0,0,9,0.0,1.0,0.4393594066307149,1,0,1,1,1,1,1,1,0.9699999999999999,1.0,1.0,1.0,0.8,skip,attack_already_active,1785296000.4995494,1785296000499549341,1384668716247428,5.7,52.23828125,-1.0,0,0
2026-07-28T23:33:20.500,10.42.0.1,10.42.0.1|10.42.0.210|10.42.0.47|10.42.0.18|10.42.0.59|10.42.0.145,1,3,UPLOAD,0.9575542972693055,UPLOAD,0.9575542972693055,1,7240,100.0,1,0.0,7240.0,0,1,0.0,1.0,0.5002805732769278,1,0,1,1,1,1,1,1,0.9699999999999999,1.0,1.0,1.0,0.8,skip,attack_already_active,1785296000.500791,1785296000500790958,1384668717489214,5.7,52.23828125,-1.0,0,0
2026-07-28T23:33:20.501,10.42.0.1,10.42.0.1|10.42.0.210|10.42.0.47|10.42.0.18|10.42.0.59|10.42.0.145,1,3,UPLOAD,0.9509204999889662,UPLOAD,0.9509204999889662,1,7240,100.0,2,0.0,14480.0,0,2,0.0,1.0,0.4344388687900973,1,0,1,1,1,1,1,1,0.9699999999999999,1.0,1.0,1.0,0.8,skip,attack_already_active,1785296000.5014172,1785296000501417201,1384668718115339,5.7,52.23828125,-1.0,0,0
2026-07-28T23:33:20.502,10.42.0.1,10.42.0.1|10.42.0.210|10.42.0.47|10.42.0.18|10.42.0.59|10.42.0.145,1,3,UPLOAD,0.923911078517513,UPLOAD,0.923911078517513,0,43,100.0,2,0.0,14480.0,0,2,0.0,1.0,0.6421006406031711,1,0,1,1,1,1,1,1,0.8374999999999999,0.8500000000000001,1.0,0.6000000000000001,0.8,skip,attack_already_active,1785296000.5023887,1785296000502388735,1384668719086798,5.7,52.23828125,-1.0,0,0
2026-07-28T23:33:20.503,10.42.0.1,10.42.0.1|10.42.0.210|10.42.0.47|10.42.0.18|10.42.0.59|10.42.0.145,1,3,UPLOAD,0.95,UPLOAD,0.95,1,10136,100.0,3,0.0,24616.0,0,3,0.0,1.0,0.5576992324171747,1,0,1,1,1,1,1,1,0.9699999999999999,1.0,1.0,1.0,0.8,skip,attack_already_active,1785296000.5030189,1785296000503018708,1384668719716653,5.7,52.23828125,-1.0,0,0
2026-07-28T23:33:20.504,10.42.0.1,10.42.0.1|10.42.0.210|10.42.0.47|10.42.0.18|10.42.0.59|10.42.0.145,1,3,UPLOAD,0.950929889984907,UPLOAD,0.950929889984907,1,4344,100.0,4,0.0,28960.0,0,4,0.0,1.0,0.4844480821120587,1,0,1,1,1,1,1,1,0.9699999999999999,1.0,1.0,1.0,0.8,skip,attack_already_active,1785296000.5048354,1785296000504835338,1384668721533684,5.7,52.23828125,-1.0,0,0
2026-07-28T23:33:20.505,10.42.0.1,10.42.0.1|10.42.0.210|10.42.0.47|10.42.0.18|10.42.0.59|10.42.0.145,1,3,UPLOAD,0.9627305800435506,UPLOAD,0.9627305800435506,1,14480,100.0,5,0.0,43440.0,0,5,0.0,1.0,0.4207259354371997,1,0,1,1,1,1,1,1,0.9699999999999999,1.0,1.0,1.0,0.8,skip,attack_already_active,1785296000.5057137,1785296000505713636,1384668722411711,5.7,52.23828125,-1.0,0,0
2026-07-28T23:33:20.506,10.42.0.1,10.42.0.1|10.42.0.210|10.42.0.47|10.42.0.18|10.42.0.59|10.42.0.145,1,3,UPLOAD,0.9701597171806572,UPLOAD,0.9701597171806572,1,14480,100.0,6,0.0,57920.0,0,6,0.0,1.0,0.3654062388502707,1,0,1,1,1,1,1,1,0.9699999999999999,1.0,1.0,1.0,0.8,skip,attack_already_active,1785296000.5066338,1785296000506633854,1384668723331896,5.7,52.23828125,-1.0,0,0
2026-07-28T23:33:20.508,10.42.0.1,10.42.0.1|10.42.0.210|10.42.0.47|10.42.0.18|10.42.0.59|10.42.0.145,1,3,UPLOAD,0.9770553416824609,UPLOAD,0.9770553416824609,1,17376,100.0,7,0.0,75296.0,0,7,0.0,1.0,0.31744774066560777,1,0,1,1,1,1,1,1,0.9699999999999999,1.0,1.0,1.0,0.8,skip,attack_already_active,1785296000.5080962,1785296000508096184,1384668724794316,5.7,52.23828125,-1.0,0,0
2026-07-28T23:33:20.510,10.42.0.1,10.42.0.1|10.42.0.210|10.42.0.47|10.42.0.18|10.42.0.59|10.42.0.145,1,3,UPLOAD,0.98074339811849,UPLOAD,0.98074339811849,1,4232,100.0,8,0.0,79528.0,0,8,0.0,1.0,0.2759149192687925,1,0,1,1,1,1,1,1,0.9699999999999999,1.0,1.0,1.0,0.8,skip,attack_already_active,1785296000.5103629,1785296000510362950,1384668727061215,5.7,52.23828125,-1.0,0,0
2026-07-28T23:33:20.838,10.42.0.1,10.42.0.47,2,1,DOWNLOAD,0.95,DOWNLOAD,0.95,-1,7240,10.984530385361252,9,7240.0,79528.0,1,8,0.08344089987092015,0.9165591001290798,0.28381412086096736,0,0,0,0,1,0,0,0,0.44,0.8500000000000001,0.0,0.6000000000000001,0.15,skip,training_upload_trigger_not_confirmed,1785296000.8382485,1785296000838248434,1384669054947303,5.7,52.23828125,-1.0,0,0
2026-07-28T23:33:20.839,10.42.0.1,10.42.0.47,2,1,DOWNLOAD,0.9829981496648164,DOWNLOAD,0.9829981496648164,-1,7240,5.492265193059926,10,14480.0,79528.0,2,8,0.15402944430261253,0.8459705556973874,0.24652629216202823,0,0,0,0,1,0,0,0,0.44,0.8500000000000001,0.0,0.6000000000000001,0.15,skip,training_upload_trigger_not_confirmed,1785296000.8390956,1785296000839095457,1384669055793765,5.7,52.23828125,-1.0,0,0
2026-07-28T23:33:20.840,10.42.0.1,10.42.0.47,2,1,DOWNLOAD,0.9842257140988042,DOWNLOAD,0.9842257140988042,-1,7240,3.661510128790906,11,21720.0,79528.0,3,8,0.21452275600505688,0.7854772439949431,0.21421676729433173,0,0,0,0,1,0,0,0,0.44,0.8500000000000001,0.0,0.6000000000000001,0.15,skip,training_upload_trigger_not_confirmed,1785296000.8404338,1785296000840433846,1384669057132217,5.7,52.23828125,-1.0,0,0
2026-07-28T23:33:20.841,10.42.0.1,10.42.0.47,2,1,DOWNLOAD,0.9842586901286671,DOWNLOAD,0.9842586901286671,-1,7240,2.746132596624788,12,28960.0,79528.0,4,8,0.26694196593171593,0.7330580340682841,0.18608425848005866,0,0,0,0,1,0,0,0,0.4,0.8500000000000001,0.0,0.4,0.15,skip,training_upload_trigger_not_confirmed,1785296000.8411608,1785296000841160621,1384669057858717,5.7,52.23828125,-1.0,0,0
2026-07-28T23:33:20.842,10.42.0.1,10.42.0.47,2,1,DOWNLOAD,0.9842595481342594,DOWNLOAD,0.9842595481342594,-1,7240,2.196906077315002,13,36200.0,79528.0,5,8,0.31280243329185675,0.6871975667081432,0.16178321504521462,0,0,0,0,1,0,0,0,0.4,0.8500000000000001,0.0,0.4,0.15,skip,training_upload_trigger_not_confirmed,1785296000.8428311,1785296000842831191,1384669059529728,5.7,52.23828125,-1.0,0,0
2026-07-28T23:33:20.843,10.42.0.1,10.42.0.47,2,1,DOWNLOAD,0.9842595696464124,DOWNLOAD,0.9842595696464124,-1,7240,1.8307550644375976,14,43440.0,79528.0,6,8,0.3532626374341292,0.6467373625658708,0.14057374491229052,0,0,0,0,1,0,0,0,0.4,0.8500000000000001,0.0,0.4,0.15,skip,training_upload_trigger_not_confirmed,1785296000.8436615,1785296000843661452,1384669060359643,5.7,52.23828125,-1.0,0,0
2026-07-28T23:33:20.844,10.42.0.1,10.42.0.47,2,1,DOWNLOAD,0.9842595701605352,DOWNLOAD,0.9842595701605352,-1,7240,1.5692186266659585,15,50680.0,79528.0,7,8,0.3892233964118948,0.6107766035881051,0.1222181434698773,0,0,0,0,1,0,0,0,0.4,0.8500000000000001,0.0,0.4,0.15,skip,training_upload_trigger_not_confirmed,1785296000.8449397,1785296000844939803,1384669061638150,5.7,52.23828125,-1.0,0,0
2026-07-28T23:33:20.845,10.42.0.1,10.42.0.47,2,1,DOWNLOAD,0.9842595701720059,DOWNLOAD,0.9842595701720059,-1,7240,1.3730662983361002,16,57920.0,79528.0,8,8,0.4213957278388918,0.5786042721611082,0.10622124001450384,0,0,0,0,1,0,0,0,0.32,0.8500000000000001,0.0,0.0,0.15,skip,training_upload_trigger_not_confirmed,1785296000.8457618,1785296000845761755,1384669062460220,5.7,52.23828125,-1.0,0,0
2026-07-28T23:33:20.846,10.42.0.1,10.42.0.47,2,1,DOWNLOAD,0.9842595701722343,DOWNLOAD,0.9842595701722343,-1,10136,1.1685670624167073,17,68056.0,79528.0,9,8,0.46113399826539464,0.5388660017346054,0.09234036288950694,0,0,0,0,1,0,0,0,0.30250000000000005,0.8000000000000002,0.0,0.0,0.15,skip,training_upload_trigger_not_confirmed,1785296000.8466449,1785296000846644883,1384669063343219,5.7,52.23828125,-1.0,0,0
2026-07-28T23:33:20.847,10.42.0.1,10.42.0.47,2,1,DOWNLOAD,0.9842595701722379,DOWNLOAD,0.9842595701722379,-1,10136,1.0170861469201826,18,78192.0,79528.0,10,8,0.4957646462084707,0.5042353537915293,0.08026362265860455,0,0,0,0,1,0,0,0,0.30250000000000005,0.8000000000000002,0.0,0.0,0.15,skip,training_upload_trigger_not_confirmed,1785296000.8473382,1785296000847338117,1384669064036330,5.7,52.23828125,-1.0,0,0
2026-07-28T23:33:20.847,10.42.0.1,10.42.0.47,2,1,DOWNLOAD,0.9842595701722379,DOWNLOAD,0.9842595701722379,-1,1448,0.998593671521866,19,79640.0,79528.0,11,8,0.50035182951347,0.49964817048652993,0.069768988881761,0,0,0,0,1,0,0,0,0.30250000000000005,0.8000000000000002,0.0,0.0,0.15,skip,training_upload_trigger_not_confirmed,1785296000.847961,1785296000847960806,1384669064659132,5.7,52.23828125,-1.0,0,0
2026-07-28T23:33:20.848,10.42.0.1,10.42.0.47,2,1,DOWNLOAD,0.9842595701722379,DOWNLOAD,0.9842595701722379,-1,13032,0.8581664364656189,20,92672.0,79528.0,12,8,0.538164924506388,0.4618350754936121,0.060686843746178165,0,0,0,0,1,0,0,0,0.30250000000000005,0.8000000000000002,0.0,0.0,0.15,skip,training_upload_trigger_not_confirmed,1785296000.848808,1785296000848807909,1384669065506090,5.7,52.23828125,-1.0,0,0
2026-07-28T23:33:20.849,10.42.0.1,10.42.0.47,2,1,DOWNLOAD,0.9842595701722379,DOWNLOAD,0.9842595701722379,-1,14480,0.7421979991064824,21,107152.0,79528.0,13,8,0.5739875723162631,0.42601242768373687,0.052774537262068044,0,0,0,0,1,0,0,0,0.28500000000000003,0.7500000000000001,0.0,0.0,0.15,skip,training_upload_trigger_not_confirmed,1785296000.8494506,1785296000849450598,1384669066149010,5.7,52.23828125,-1.0,0,0
2026-07-28T23:33:20.850,10.42.0.1,10.42.0.47,2,1,DOWNLOAD,0.9842595701722379,DOWNLOAD,0.9842595701722379,-1,4344,0.7132811939467489,22,111496.0,79528.0,14,8,0.5836753496942793,0.41632465030572074,0.04589751907109002,0,0,0,0,1,0,0,0,0.28500000000000003,0.7500000000000001,0.0,0.0,0.15,skip,training_upload_trigger_not_confirmed,1785296000.8500373,1785296000850037241,1384669066735363,5.7,52.23828125,-1.0,0,0
2026-07-28T23:33:20.850,10.42.0.1,10.42.0.47,2,1,DOWNLOAD,0.9842595701722379,DOWNLOAD,0.9842595701722379,-1,14480,0.6312948498155895,23,125976.0,79528.0,15,8,0.6130099657427592,0.3869900342572407,0.03993045497938275,0,0,0,0,1,0,0,0,0.28500000000000003,0.7500000000000001,0.0,0.0,0.15,skip,training_upload_trigger_not_confirmed,1785296000.8506525,1785296000850652461,1384669067350594,5.7,52.23828125,-1.0,0,0
2026-07-28T23:33:20.851,10.42.0.1,10.42.0.47,2,1,DOWNLOAD,0.9842595701722379,DOWNLOAD,0.9842595701722379,-1,4344,0.6102516881552313,24,130320.0,79528.0,16,8,0.6210209294346384,0.3789790705653616,0.03476543774686868,0,0,0,0,1,0,0,0,0.28500000000000003,0.7500000000000001,0.0,0.0,0.15,skip,training_upload_trigger_not_confirmed,1785296000.851387,1785296000851387190,1384669068085330,5.7,52.23828125,-1.0,0,0
2026-07-28T23:33:20.852,10.42.0.1,10.42.0.47,2,1,DOWNLOAD,0.9842595701722379,DOWNLOAD,0.9842595701722379,-1,14480,0.5492265193401296,25,144800.0,79528.0,17,8,0.6454833993081559,0.3545166006918441,0.030270481642627026,0,0,0,0,1,0,0,0,0.28500000000000003,0.7500000000000001,0.0,0.0,0.15,skip,training_upload_trigger_not_confirmed,1785296000.8520415,1785296000852041596,1384669068739786,5.7,52.23828125,-1.0,0,0
2026-07-28T23:33:20.852,10.42.0.1,10.42.0.47,2,1,DOWNLOAD,0.9842595701722379,DOWNLOAD,0.9842595701722379,-1,4344,0.5332296304274176,26,149144.0,79528.0,18,8,0.6522180240694094,0.3477819759305905,0.026362410766926872,0,0,0,0,1,0,0,0,0.28500000000000003,0.7500000000000001,0.0,0.0,0.15,skip,training_upload_trigger_not_confirmed,1785296000.8526547,1785296000852654622,1384669069352773,5.7,52.23828125,-1.0,0,0
2026-07-28T23:33:20.853,10.42.0.1,10.42.0.47,2,1,DOWNLOAD,0.9842595701722379,DOWNLOAD,0.9842595701722379,-1,14480,0.48604116755802296,27,163624.0,79528.0,19,8,0.672928867539646,0.327071132460354,0.022967752980775896,0,0,0,0,1,0,0,0,0.28500000000000003,0.7500000000000001,0.0,0.0,0.15,skip,training_upload_trigger_not_confirmed,1785296000.853256,1785296000853255914,1384669069953983,5.7,52.23828125,-1.0,0,0
2026-07-28T23:33:20.853,10.42.0.1,10.42.0.47,2,1,DOWNLOAD,0.9842595701722379,DOWNLOAD,0.9842595701722379,-1,4344,0.4734711373626317,28,167968.0,79528.0,20,8,0.6786695542554223,0.3213304457445777,0.020021963877709537,0,0,0,0,1,0,0,0,0.28500000000000003,0.7500000000000001,0.0,0.0,0.15,skip,training_upload_trigger_not_confirmed,1785296000.853869,1785296000853869015,1384669070567048,5.7,52.23828125,-1.0,0,0
2026-07-28T23:33:20.854,10.42.0.1,10.42.0.47,2,1,DOWNLOAD,0.9842595701722379,DOWNLOAD,0.9842595701722379,-1,18824,0.42575699173719556,29,186792.0,79528.0,21,8,0.7013817963352358,0.2986182036647642,0.017465674103087653,0,0,0,0,1,0,0,0,0.28500000000000003,0.7500000000000001,0.0,0.0,0.15,skip,training_upload_trigger_not_confirmed,1785296000.854492,1785296000854491852,1384669071190208,5.7,52.23828125,-1.0,0,0
2026-07-28T23:33:20.855,10.42.0.1,10.42.0.47,2,1,DOWNLOAD,0.9842595701722379,DOWNLOAD,0.9842595701722379,-1,18824,0.38677923897271227,30,205616.0,79528.0,22,8,0.7210953062312375,0.2789046937687624,0.015324153409977006,0,0,0,0,1,0,0,0,0.28500000000000003,0.7500000000000001,0.0,0.0,0.15,skip,training_upload_trigger_not_confirmed,1785296000.8557062,1785296000855706157,1384669072404526,5.7,52.23828125,-1.0,0,0
2026-07-28T23:33:20.856,10.42.0.1,10.42.0.47,2,1,DOWNLOAD,0.9842595701722379,DOWNLOAD,0.9842595701722379,-1,18824,0.35433968989772613,31,224440.0,79528.0,23,8,0.738367196547005,0.26163280345299506,0.013433224482098776,0,0,0,0,1,0,0,0,0.28500000000000003,0.7500000000000001,0.0,0.0,0.15,skip,training_upload_trigger_not_confirmed,1785296000.8566806,1785296000856680806,1384669073379257,5.7,52.23828125,-1.0,0,0
2026-07-28T23:33:20.857,10.42.0.1,10.42.0.47,2,1,DOWNLOAD,0.9842595701722379,DOWNLOAD,0.9842595701722379,-1,18824,0.32692054722718145,32,243264.0,79528.0,24,8,0.7536246251456046,0.2463753748543954,0.011785188212884736,0,0,0,0,1,0,0,0,0.28500000000000003,0.7500000000000001,0.0,0.0,0.15,skip,training_upload_trigger_not_confirmed,1785296000.8576074,1785296000857607503,1384669074306054,5.7,52.23828125,-1.0,0,0
2026-07-28T23:33:20.858,10.42.0.1,10.42.0.47,2,1,DOWNLOAD,0.9842595701722379,DOWNLOAD,0.9842595701722379,-1,1448,0.3249861061193362,33,244712.0,79528.0,25,8,0.7547248951394029,0.2452751048605971,0.010331857548237754,0,0,0,0,1,0,0,0,0.28500000000000003,0.7500000000000001,0.0,0.0,0.15,skip,training_upload_trigger_not_confirmed,1785296000.8583636,1785296000858363539,1384669075061807,5.7,52.23828125,-1.0,0,0
2026-07-28T23:33:20.859,10.42.0.1,10.42.0.47,2,1,DOWNLOAD,0.9842595701722379,DOWNLOAD,0.9842595701722379,-1,16920,0.30396893346645676,34,261632.0,79528.0,26,8,0.76688943604174,0.23311056395826005,0.009091119890057774,0,0,0,0,1,0,0,0,0.28500000000000003,0.7500000000000001,0.0,0.0,0.15,skip,training_upload_trigger_not_confirmed,1785296000.8592799,1785296000859279943,1384669075978002,5.7,52.23828125,-1.0,0,0
2026-07-28T23:33:20.860,10.42.0.18,10.42.0.47,2,1,DOWNLOAD,0.95,DOWNLOAD,0.95,-1,7300,1.3698630135109776e-10,1,7300.0,0.0,1,0,1.0,0.0,0.7542224011431724,0,0,0,0,0,0,0,0,0.0225,0.0,0.0,0.0,0.15,skip,training_upload_trigger_not_confirmed,1785296000.8601875,1785296000860187776,1384669076885865,5.7,52.23828125,-1.0,0,0
2026-07-28T23:33:20.860,10.42.0.18,10.42.0.47,2,1,DOWNLOAD,0.9829981496648164,DOWNLOAD,0.9829981496648164,-1,7300,6.84931506802402e-11,2,14600.0,0.0,2,0,1.0,0.0,0.6539332953875739,0,0,0,0,0,0,0,0,0.0225,0.0,0.0,0.0,0.15,skip,training_upload_trigger_not_confirmed,1785296000.8609176,1785296000860917553,1384669077615641,51.6,52.30078125,-1.0,0,0
2026-07-28T23:33:20.861,10.42.0.1,10.42.0.47,2,1,DOWNLOAD,0.9842595701722379,DOWNLOAD,0.9842595701722379,-1,18824,0.283566762703299,35,280456.0,79528.0,27,8,0.779079070180897,0.22092092981910308,0.008196352510881235,0,0,0,0,0,0,0,0,0.0225,0.0,0.0,0.0,0.15,skip,training_upload_trigger_not_confirmed,1785296000.8615808,1785296000861580763,1384669078278885,51.6,52.30078125,-1.0,0,0
2026-07-28T23:33:20.862,10.42.0.1,10.42.0.47,2,1,DOWNLOAD,0.9842595701722379,DOWNLOAD,0.9842595701722379,-1,16920,0.2674324760597108,36,297376.0,79528.0,28,8,0.7889966675864412,0.2110033324135589,0.0072764802514945215,0,0,0,0,0,0,0,0,0.0225,0.0,0.0,0.0,0.15,skip,training_upload_trigger_not_confirmed,1785296000.8627965,1785296000862796542,1384669079494979,51.6,52.30078125,-1.0,0,0
2026-07-28T23:33:20.864,10.42.0.47,10.42.0.47,2,1,DOWNLOAD,0.9855087261656625,DOWNLOAD,0.9855087261656625,-1,7240,10.984530385361252,10,7240.0,79528.0,1,9,0.08344089987092015,0.9165591001290798,0.4233533862795761,0,0,0,0,0,0,0,0,0.057499999999999996,0.1,0.0,0.0,0.15,skip,training_upload_trigger_not_confirmed,1785296000.8640704,1785296000864070307,1384669080769973,51.6,52.30078125,-1.0,0,0
2026-07-28T23:33:20.865,10.42.0.47,10.42.0.47,2,1,DOWNLOAD,0.95,DOWNLOAD,0.95,-1,7240,5.492265193059926,11,14480.0,79528.0,2,9,0.15402944430261253,0.8459705556973874,0.3676462755742141,0,0,0,0,0,0,0,0,0.057499999999999996,0.1,0.0,0.0,0.15,skip,training_upload_trigger_not_confirmed,1785296000.8652625,1785296000865262578,1384669081961557,51.6,52.30078125,-1.0,0,0
2026-07-28T23:33:20.866,10.42.0.1,10.42.0.47,2,1,DOWNLOAD,0.9842595701722379,DOWNLOAD,0.9842595701722379,-1,16920,0.2530353552089335,37,314296.0,79528.0,29,8,0.7980620784919151,0.20193792150808482,0.006790207690091118,0,0,0,0,0,0,0,0,0.0225,0.0,0.0,0.0,0.15,skip,training_upload_trigger_not_confirmed,1785296000.8663828,1785296000866382853,1384669083081418,51.6,52.30078125,-1.0,0,0
2026-07-28T23:33:20.867,10.42.0.59,10.42.0.47,2,1,DOWNLOAD,0.95,DOWNLOAD,0.95,-1,7300,1.3698630135109776e-10,1,7300.0,0.0,1,0,1.0,0.0,5.819052464628571,0,0,0,0,0,0,0,0,0.0225,0.0,0.0,0.0,0.15,skip,training_upload_trigger_not_confirmed,1785296000.8675354,1785296000867535399,1384669084233893,51.6,52.30078125,-1.0,0,0
2026-07-28T23:33:20.868,10.42.0.59,10.42.0.47,2,1,DOWNLOAD,0.9583915268248963,DOWNLOAD,0.9583915268248963,-1,7300,6.84931506802402e-11,2,14600.0,0.0,2,0,1.0,0.0,5.0421623049607796,0,0,0,0,0,0,0,0,0.0225,0.0,0.0,0.0,0.15,skip,training_upload_trigger_not_confirmed,1785296000.8686807,1785296000868680777,1384669085379373,51.6,52.30078125,-1.0,0,0
2026-07-28T23:33:20.869,10.42.0.1,10.42.0.47,2,1,DOWNLOAD,0.9842595701722379,DOWNLOAD,0.9842595701722379,-1,15472,0.2411634846339209,38,329768.0,79528.0,30,8,0.8056956334779719,0.19430436652202807,0.006331883333300896,0,0,0,0,0,0,0,0,0.0225,0.0,0.0,0.0,0.15,skip,training_upload_trigger_not_confirmed,1785296000.869695,1785296000869694955,1384669086394249,51.6,52.30078125,-1.0,0,0
2026-07-28T23:33:20.870,10.42.0.145,10.42.0.47,2,1,DOWNLOAD,0.95,DOWNLOAD,0.95,-1,7300,1.3698630135109776e-10,1,7300.0,0.0,1,0,1.0,0.0,5.038085866502746,0,0,0,0,0,0,0,0,0.0225,0.0,0.0,0.0,0.15,skip,training_upload_trigger_not_confirmed,1785296000.8709888,1785296000870988840,1384669087687360,51.6,52.30078125,-1.0,0,0
2026-07-28T23:33:20.871,10.42.0.145,10.42.0.47,2,1,DOWNLOAD,0.9829981496648164,DOWNLOAD,0.9829981496648164,-1,7300,6.84931506802402e-11,2,14600.0,0.0,2,0,1.0,0.0,4.358629589013172,0,0,0,0,0,0,0,0,0.0225,0.0,0.0,0.0,0.15,skip,training_upload_trigger_not_confirmed,1785296000.8718169,1785296000871816997,1384669088515557,51.6,52.30078125,-1.0,0,0
2026-07-28T23:33:20.872,10.42.0.1,10.42.0.47,2,1,DOWNLOAD,0.9842595701722379,DOWNLOAD,0.9842595701722379,-1,16920,0.22939357578217476,39,346688.0,79528.0,31,8,0.8134091634288717,0.18659083657112827,0.005881927075612628,0,0,0,0,0,0,0,0,0.0225,0.0,0.0,0.0,0.15,skip,training_upload_trigger_not_confirmed,1785296000.8726122,1785296000872612376,1384669089310636,51.6,52.30078125,-1.0,0,0
2026-07-28T23:33:20.873,10.42.0.210,10.42.0.47,2,1,DOWNLOAD,0.984521388899969,DOWNLOAD,0.984521388899969,-1,7240,1.381215469422484e-10,1,7240.0,0.0,1,0,1.0,0.0,0.32334901497253593,0,0,0,0,0,0,0,0,0.0225,0.0,0.0,0.0,0.15,skip,training_upload_trigger_not_confirmed,1785296000.8737466,1785296000873746743,1384669090444918,51.6,52.30078125,-1.0,0,0
2026-07-28T23:33:20.874,10.42.0.18,10.42.0.47,2,1,DOWNLOAD,0.9842257140988042,DOWNLOAD,0.9842257140988042,-1,10220,4.029008863657171e-11,3,24820.0,0.0,3,0,1.0,0.0,0.5689310286403031,0,0,0,0,0,0,0,0,0.0225,0.0,0.0,0.0,0.15,skip,training_upload_trigger_not_confirmed,1785296000.8746376,1785296000874637534,1384669091335634,51.6,52.30078125,-1.0,0,0
2026-07-28T23:33:20.875,10.42.0.18,10.42.0.47,2,1,DOWNLOAD,0.9842586901286671,DOWNLOAD,0.9842586901286671,-1,4380,3.424657534129292e-11,4,29200.0,0.0,4,0,1.0,0.0,0.4936739793100115,0,0,0,0,0,0,0,0,0.0225,0.0,0.0,0.0,0.15,skip,training_upload_trigger_not_confirmed,1785296000.8757007,1785296000875700626,1384669092399544,51.6,52.30078125,-1.0,0,0
2026-07-28T23:33:20.876,10.42.0.18,10.42.0.47,2,1,DOWNLOAD,0.9842595481342594,DOWNLOAD,0.9842595481342594,0,43,3.424657534129292e-11,4,29200.0,0.0,4,0,1.0,0.0,1.0606896527971656,0,0,0,0,0,0,0,0,0.0225,0.0,0.0,0.0,0.15,skip,training_upload_trigger_not_confirmed,1785296000.8765707,1785296000876570657,1384669093268989,51.6,52.30078125,-1.0,0,0
2026-07-28T23:33:20.878,10.42.0.18,10.42.0.47,2,1,DOWNLOAD,0.95,DOWNLOAD,0.95,-1,14600,2.2831050227789245e-11,5,43800.0,0.0,5,0,1.0,0.0,0.9208037220867159,0,0,0,0,0,0,0,0,0.0225,0.0,0.0,0.0,0.15,skip,training_upload_trigger_not_confirmed,1785296000.8782582,1785296000878258157,1384669094956846,51.6,52.30078125,-1.0,0,0
2026-07-28T23:33:20.879,10.42.0.59,10.42.0.47,2,1,DOWNLOAD,0.9526833114456216,DOWNLOAD,0.9526833114456216,0,43,6.84931506802402e-11,2,14600.0,0.0,2,0,1.0,0.0,4.994017853051213,0,0,0,0,0,0,0,0,0.0225,0.0,0.0,0.0,0.15,skip,training_upload_trigger_not_confirmed,1785296000.8798375,1785296000879837488,1384669096535452,51.6,52.30078125,-1.0,0,0
2026-07-28T23:33:20.880,10.42.0.59,10.42.0.47,2,1,DOWNLOAD,0.9561647156718928,DOWNLOAD,0.9561647156718928,-1,11680,3.805175037906957e-11,3,26280.0,0.0,3,0,1.0,0.0,4.3325570868183885,0,0,0,0,0,0,0,0,0.0225,0.0,0.0,0.0,0.15,skip,training_upload_trigger_not_confirmed,1785296000.8807614,1785296000880761439,1384669097459618,51.6,52.30078125,-1.0,0,0
2026-07-28T23:33:20.881,10.42.0.59,10.42.0.47,2,1,DOWNLOAD,0.9634441428780491,DOWNLOAD,0.9634441428780491,-1,8760,2.8538812784573662e-11,4,35040.0,0.0,4,0,1.0,0.0,3.7584694390327895,0,0,0,0,0,0,0,0,0.0225,0.0,0.0,0.0,0.15,skip,training_upload_trigger_not_confirmed,1785296000.8814192,1785296000881419188,1384669098117227,51.6,52.30078125,-1.0,0,0
2026-07-28T23:33:20.884,10.42.0.18,10.42.0.47,2,1,DOWNLOAD,0.993055834705166,DOWNLOAD,0.993055834705166,-1,14600,1.7123287670939668e-11,6,58400.0,0.0,6,0,1.0,0.0,0.8000091716395306,0,0,0,0,0,0,0,0,0.0225,0.0,0.0,0.0,0.15,skip,training_upload_trigger_not_confirmed,1785296000.884615,1785296000884615016,1384669101313259,51.6,52.30078125,-1.0,0,0
2026-07-28T23:33:20.885,10.42.0.18,10.42.0.47,2,1,DOWNLOAD,0.95,DOWNLOAD,0.95,-1,5840,1.556662515542393e-11,7,64240.0,0.0,7,0,1.0,0.0,0.6945148710671777,0,0,0,0,0,0,0,0,0.0225,0.0,0.0,0.0,0.15,skip,training_upload_trigger_not_confirmed,1785296000.8855252,1785296000885525161,1384669102224055,51.6,52.30078125,-1.0,0,0
2026-07-28T23:33:20.886,10.42.0.18,10.42.0.47,2,1,DOWNLOAD,0.95,DOWNLOAD,0.95,-1,8760,1.369863013679865e-11,8,73000.0,0.0,8,0,1.0,0.0,0.602991074173871,0,0,0,0,0,0,0,0,0.0225,0.0,0.0,0.0,0.15,skip,training_upload_trigger_not_confirmed,1785296000.8864517,1785296000886451613,1384669103149717,51.6,52.30078125,-1.0,0,0
2026-07-28T23:33:20.888,10.42.0.59,10.42.0.47,2,1,DOWNLOAD,0.9675696928227624,DOWNLOAD,0.9675696928227624,-1,8760,2.2831050227789245e-11,5,43800.0,0.0,5,0,1.0,0.0,3.2620274413930463,0,0,0,0,0,0,0,0,0.0225,0.0,0.0,0.0,0.15,skip,training_upload_trigger_not_confirmed,1785296000.888636,1785296000888636206,1384669105334530,51.6,52.30078125,-1.0,0,0
2026-07-28T23:33:20.892,10.42.0.59,10.42.0.47,2,1,DOWNLOAD,0.9748924907461346,DOWNLOAD,0.9748924907461346,-1,20440,1.556662515542393e-11,6,64240.0,0.0,6,0,1.0,0.0,2.831325623794927,0,0,0,0,0,0,0,0,0.0225,0.0,0.0,0.0,0.15,skip,training_upload_trigger_not_confirmed,1785296000.8927274,1785296000892727226,1384669109425562,51.6,52.30078125,-1.0,0,0
2026-07-28T23:33:20.898,10.42.0.145,10.42.0.47,2,1,DOWNLOAD,0.9771204428650772,DOWNLOAD,0.9771204428650772,0,43,6.84931506802402e-11,2,14600.0,0.0,2,0,1.0,0.0,4.446947869113876,0,0,0,0,0,0,0,0,0.0225,0.0,0.0,0.0,0.15,skip,training_upload_trigger_not_confirmed,1785296000.8981662,1785296000898166211,1384669114864612,51.6,52.30078125,-1.0,0,0
2026-07-28T23:33:20.898,10.42.0.145,10.42.0.47,2,1,DOWNLOAD,0.9690304756111899,DOWNLOAD,0.9690304756111899,-1,14600,3.424657534129292e-11,3,29200.0,0.0,3,0,1.0,0.0,3.8567378285295772,0,0,0,0,0,0,0,0,0.0225,0.0,0.0,0.0,0.15,skip,training_upload_trigger_not_confirmed,1785296000.8988514,1785296000898851310,1384669115549622,51.6,52.30078125,-1.0,0,0
2026-07-28T23:33:20.899,10.42.0.145,10.42.0.47,2,1,DOWNLOAD,0.9773314434877013,DOWNLOAD,0.9773314434877013,-1,14600,2.2831050227789245e-11,4,43800.0,0.0,4,0,1.0,0.0,3.343496825014607,0,0,0,0,0,0,0,0,0.0225,0.0,0.0,0.0,0.15,skip,training_upload_trigger_not_confirmed,1785296000.8995056,1785296000899505786,1384669116203838,51.6,52.30078125,-1.0,0,0
2026-07-28T23:33:20.903,10.42.0.47,10.42.0.47,2,1,DOWNLOAD,0.9557926560077417,DOWNLOAD,0.9557926560077417,0,43,5.492265193059926,11,14480.0,79528.0,2,9,0.15402944430261253,0.8459705556973874,0.36603525925977437,0,0,0,0,0,0,0,0,0.057499999999999996,0.1,0.0,0.0,0.15,skip,training_upload_trigger_not_confirmed,1785296000.9035063,1785296000903506167,1384669120204424,51.6,52.30078125,-1.0,0,0
2026-07-28T23:33:20.904,10.42.0.47,10.42.0.47,2,1,DOWNLOAD,0.9846998846180315,DOWNLOAD,0.9846998846180315,-1,5792,3.9230465665487837,12,20272.0,79528.0,3,9,0.20312625250501,0.79687374749499,0.322927596245305,0,0,0,0,0,0,0,0,0.057499999999999996,0.1,0.0,0.0,0.15,skip,training_upload_trigger_not_confirmed,1785296000.9044228,1785296000904422757,1384669121120961,51.6,52.30078125,-1.0,0,0
2026-07-28T23:33:20.905,10.42.0.47,10.42.0.47,2,1,DOWNLOAD,0.9854895428954357,DOWNLOAD,0.9854895428954357,-1,8688,2.746132596624788,13,28960.0,79528.0,4,9,0.26694196593171593,0.7330580340682841,0.28043193327672045,0,0,0,0,0,0,0,0,0.057499999999999996,0.1,0.0,0.0,0.15,skip,training_upload_trigger_not_confirmed,1785296000.9050536,1785296000905053735,1384669121751818,51.6,52.30078125,-1.0,0,0
2026-07-28T23:33:20.906,10.42.0.47,10.42.0.47,2,1,DOWNLOAD,0.9515776850280058,DOWNLOAD,0.9515776850280058,-1,14480,1.8307550644375976,14,43440.0,79528.0,5,9,0.3532626374341292,0.6467373625658708,0.24369590820162065,0,0,0,0,0,0,0,0,0.057499999999999996,0.1,0.0,0.0,0.15,skip,training_upload_trigger_not_confirmed,1785296000.9068305,1785296000906830681,1384669123528725,51.6,52.30078125,-1.0,0,0
2026-07-28T23:33:20.907,10.42.0.18,10.42.0.47,2,1,DOWNLOAD,0.95,DOWNLOAD,0.95,-1,6201,1.2626103205608186e-11,9,79201.0,0.0,9,0,1.0,0.0,0.5262184214407842,0,0,0,0,0,0,0,0,0.0225,0.0,0.0,0.0,0.15,skip,training_upload_trigger_not_confirmed,1785296000.9074438,1785296000907443624,1384669124141661,51.6,52.30078125,-1.0,0,0
2026-07-28T23:33:20.908,10.42.0.210,10.42.0.47,2,1,DOWNLOAD,0.43935248518011855,DOWNLOAD,0.43935248518011855,0,43,1.381215469422484e-10,1,7240.0,0.0,1,0,1.0,0.0,0.575536608481354,0,0,0,0,0,0,0,0,0.0225,0.0,0.0,0.0,0.15,skip,training_upload_trigger_not_confirmed,1785296000.908548,1785296000908547975,1384669125246071,51.6,52.30078125,-1.0,0,0
2026-07-28T23:33:20.909,10.42.0.210,10.42.0.47,2,1,DOWNLOAD,0.9557926560077417,DOWNLOAD,0.9557926560077417,-1,2896,9.865824781978509e-11,2,10136.0,0.0,2,0,1.0,0.0,0.5043624396228367,0,0,0,0,0,0,0,0,0.0225,0.0,0.0,0.0,0.15,skip,training_upload_trigger_not_confirmed,1785296000.9091625,1785296000909162486,1384669125860526,51.6,52.30078125,-1.0,0,0
2026-07-28T23:33:20.911,10.42.0.210,10.42.0.47,2,1,DOWNLOAD,0.9846998846180315,DOWNLOAD,0.9846998846180315,-1,5792,6.278252134211561e-11,3,15928.0,0.0,3,0,1.0,0.0,0.43814712926900046,0,0,0,0,0,0,0,0,0.0225,0.0,0.0,0.0,0.15,skip,training_upload_trigger_not_confirmed,1785296000.9110355,1785296000911035762,1384669127733964,51.6,52.30078125,-1.0,0,0
2026-07-28T23:33:20.911,10.42.0.210,10.42.0.47,2,1,DOWNLOAD,0.9854895428954357,DOWNLOAD,0.9854895428954357,-1,5792,4.604051565165559e-11,4,21720.0,0.0,4,0,1.0,0.0,0.3805340984385307,0,0,0,0,0,0,0,0,0.0225,0.0,0.0,0.0,0.15,skip,training_upload_trigger_not_confirmed,1785296000.9119735,1785296000911973412,1384669128671401,51.6,52.30078125,-1.0,0,0
2026-07-28T23:33:20.913,10.42.0.210,10.42.0.47,2,1,DOWNLOAD,0.9855083405864443,DOWNLOAD,0.9855083405864443,-1,11584,3.002642325156058e-11,5,33304.0,0.0,5,0,1.0,0.0,0.33054237709369266,0,0,0,0,0,0,0,0,0.0225,0.0,0.0,0.0,0.15,skip,training_upload_trigger_not_confirmed,1785296000.9131343,1785296000913134290,1384669129832289,51.6,52.30078125,-1.0,0,0
2026-07-28T23:33:20.913,10.42.0.59,10.42.0.47,2,1,DOWNLOAD,0.9794415126283768,DOWNLOAD,0.9794415126283768,-1,14600,1.2683916793344953e-11,7,78840.0,0.0,7,0,1.0,0.0,2.4601024293527334,0,0,0,0,0,0,0,0,0.0225,0.0,0.0,0.0,0.15,skip,training_upload_trigger_not_confirmed,1785296000.9137943,1785296000913794352,1384669130492447,51.6,52.30078125,-1.0,0,0
2026-07-28T23:33:20.917,10.42.0.210,10.42.0.47,2,1,DOWNLOAD,0.9855087208476458,DOWNLOAD,0.9855087208476458,-1,8688,2.381405982035116e-11,6,41992.0,0.0,6,0,1.0,0.0,0.28750207634177344,0,0,0,0,0,0,0,0,0.0225,0.0,0.0,0.0,0.15,skip,training_upload_trigger_not_confirmed,1785296000.9170558,1785296000917055852,1384669133754162,51.6,52.30078125,-1.0,0,0
2026-07-28T23:33:20.918,10.42.0.210,10.42.0.47,2,1,DOWNLOAD,0.9855087261970161,DOWNLOAD,0.9855087261970161,-1,11584,1.8665073913344312e-11,7,53576.0,0.0,7,0,1.0,0.0,0.24974111284417277,0,0,0,0,0,0,0,0,0.0225,0.0,0.0,0.0,0.15,skip,training_upload_trigger_not_confirmed,1785296000.9180005,1785296000918000314,1384669134698398,51.6,52.30078125,-1.0,0,0
2026-07-28T23:33:20.919,10.42.0.210,10.42.0.47,2,1,DOWNLOAD,0.9855087261721334,DOWNLOAD,0.9855087261721334,-1,18368,1.3899699766291844e-11,8,71944.0,0.0,8,0,1.0,0.0,0.21698941633786642,0,0,0,0,0,0,0,0,0.0225,0.0,0.0,0.0,0.15,skip,training_upload_trigger_not_confirmed,1785296000.919198,1785296000919197889,1384669135896408,51.6,52.30078125,-1.0,0,0
2026-07-28T23:33:20.920,10.42.0.145,10.42.0.47,2,1,DOWNLOAD,0.9830442922571981,DOWNLOAD,0.9830442922571981,-1,29200,1.369863013679865e-11,5,73000.0,0.0,5,0,1.0,0.0,2.9023105401974965,0,0,0,0,0,0,0,0,0.0225,0.0,0.0,0.0,0.15,skip,training_upload_trigger_not_confirmed,1785296000.920111,1785296000920110880,1384669136808859,51.6,52.30078125,-1.0,0,0
2026-07-28T23:33:20.920,10.42.0.145,10.42.0.47,2,1,DOWNLOAD,0.9829823433086227,DOWNLOAD,0.9829823433086227,-1,6184,1.2628813901638856e-11,6,79184.0,0.0,6,0,1.0,0.0,2.517763319219019,0,0,0,0,0,0,0,0,0.0225,0.0,0.0,0.0,0.15,skip,training_upload_trigger_not_confirmed,1785296000.9207394,1785296000920739347,1384669137437456,51.6,52.30078125,-1.0,0,0
2026-07-28T23:33:20.921,10.42.0.59,10.42.0.47,2,1,DOWNLOAD,0.9771795545977559,DOWNLOAD,0.9771795545977559,-1,344,1.2628813901638856e-11,8,79184.0,0.0,8,0,1.0,0.0,2.136360260952438,0,0,0,0,0,0,0,0,0.0225,0.0,0.0,0.0,0.15,skip,training_upload_trigger_not_confirmed,1785296000.9216125,1785296000921612606,1384669138310652,51.6,52.30078125,-1.0,0,0
2026-07-28T23:33:20.946,10.42.0.47,10.42.0.47,2,1,DOWNLOAD,0.95,DOWNLOAD,0.95,-1,5792,1.615372115684608,15,49232.0,79528.0,6,9,0.3823547685616651,0.6176452314383349,0.21680622135794356,0,0,0,0,0,0,0,0,0.057499999999999996,0.1,0.0,0.0,0.15,skip,training_upload_trigger_not_confirmed,1785296000.9465368,1785296000946536824,1384669163235057,51.6,52.30078125,-1.0,0,0
2026-07-28T23:33:20.947,10.42.0.47,10.42.0.47,2,1,DOWNLOAD,0.95,DOWNLOAD,0.95,-1,21720,1.120870447624861,16,70952.0,79528.0,7,9,0.4715045188729399,0.5284954811270601,0.18831755900981184,0,0,0,0,0,0,0,0,0.039999999999999994,0.05,0.0,0.0,0.15,skip,training_upload_trigger_not_confirmed,1785296000.9472053,1785296000947205369,1384669163903430,51.6,52.30078125,-1.0,0,0
2026-07-28T23:33:20.948,10.42.0.47,10.42.0.47,2,1,DOWNLOAD,0.95,DOWNLOAD,0.95,-1,8249,1.0041287357482338,17,79201.0,79528.0,8,9,0.49896994248058013,0.5010300575194199,0.16364879256833142,0,0,0,0,0,0,0,0,0.039999999999999994,0.05,0.0,0.0,0.15,skip,training_upload_trigger_not_confirmed,1785296000.9483542,1785296000948354365,1384669165052712,51.6,52.30078125,-1.0,0,0
2026-07-28T23:33:21.233,10.42.0.59,10.42.0.47,2,2,TRAINING,0.95,TRAINING,0.95,1,61320,0.7743988684611235,9,79184.0,61320.0,8,1,0.5635711438820247,0.4364288561179753,1.9010928624808443,0,0,0,0,1,0,0,0,0.4525,1.0,0.0,0.4,0.15,skip,training_upload_trigger_not_confirmed,1785296001.2332873,1785296001233287330,1384669449986635,51.6,52.30078125,-1.0,0,0
2026-07-28T23:33:21.235,10.42.0.59,10.42.0.59,2,3,UPLOAD,0.95,UPLOAD,0.95,1,18208,1.0043443119821638,10,79184.0,79528.0,8,2,0.4989162760219769,0.501083723978023,1.6505615397591518,1,0,0,1,1,1,1,1,0.9299999999999999,1.0,1.0,0.8,0.8,trigger,training_upload_trigger_confirmed,1785296001.2351494,1785296001235149393,1384669451848047,51.6,52.30078125,15.780416,1785296001250931082,1384669467628463
2026-07-28T23:33:21.236,10.42.0.1,10.42.0.59,2,2,TRAINING,0.9841940428713941,TRAINING,0.9841940428713941,1,7240,0.2502769060387141,40,346688.0,86768.0,31,9,0.7998228193865121,0.20017718061348788,0.046095530972594424,0,0,0,0,1,1,0,0,0.5725,1.0,0.0,1.0,0.15,skip,training_upload_trigger_not_confirmed,1785296001.2368405,1785296001236840545,1384669453539262,51.6,52.30078125,-1.0,0,0
2026-07-28T23:33:21.238,10.42.0.1,10.42.0.1|10.42.0.59,2,3,UPLOAD,0.95,UPLOAD,0.95,1,7240,0.27116023629525343,41,346688.0,94008.0,31,10,0.7866828834389239,0.2133171165610761,0.04017567095235033,1,0,0,1,1,1,1,1,0.9699999999999999,1.0,1.0,1.0,0.8,trigger,training_upload_trigger_confirmed,1785296001.2380118,1785296001238011848,1384669454710267,51.6,52.30078125,34.406503,1785296001272419367,1384669489116770
2026-07-28T23:33:21.240,10.42.0.1,10.42.0.1|10.42.0.59,2,3,UPLOAD,0.95,UPLOAD,0.95,1,14480,0.3129268968083322,42,346688.0,108488.0,31,11,0.7616570293688595,0.2383429706311405,0.03520696552893825,1,0,1,1,1,1,1,1,0.9699999999999999,1.0,1.0,1.0,0.8,skip,attack_already_active,1785296001.2404814,1785296001240481248,1384669457179660,51.6,52.30078125,-1.0,0,0
2026-07-28T23:33:21.241,10.42.0.1,10.42.0.1|10.42.0.59,2,3,UPLOAD,0.9821880394165484,UPLOAD,0.9821880394165484,1,14480,0.3546935573214109,43,346688.0,122968.0,31,12,0.7381743233345257,0.2618256766654743,0.030702524432255626,1,0,1,1,1,1,1,1,0.9699999999999999,1.0,1.0,1.0,0.8,skip,attack_already_active,1785296001.2415054,1785296001241505273,1384669458203717,51.6,52.30078125,-1.0,0,0
2026-07-28T23:33:21.242,10.42.0.1,10.42.0.1|10.42.0.59,2,3,UPLOAD,0.9839531108899947,UPLOAD,0.9839531108899947,0,43,0.3546935573214109,43,346688.0,122968.0,31,12,0.7381743233345257,0.2618256766654743,0.06613686550058014,1,0,1,1,1,1,1,1,0.8025,0.7500000000000001,1.0,0.6000000000000001,0.8,skip,attack_already_active,1785296001.2425892,1785296001242589145,1384669459287771,51.6,52.30078125,-1.0,0,0
2026-07-28T23:33:21.246,10.42.0.1,10.42.0.1|10.42.0.59,2,3,UPLOAD,0.9837911695607325,UPLOAD,0.9837911695607325,1,14480,0.39646021783448965,44,346688.0,137448.0,31,13,0.7160963035180198,0.28390369648198027,0.058030962985350626,1,0,1,1,1,1,1,1,0.9699999999999999,1.0,1.0,1.0,0.8,skip,attack_already_active,1785296001.2461288,1785296001246128927,1384669462827608,51.6,52.30078125,-1.0,0,0
2026-07-28T23:33:21.248,10.42.0.1,10.42.0.1|10.42.0.59,2,3,UPLOAD,0.9836050914468883,UPLOAD,0.9836050914468883,1,11584,0.4298735462449526,45,346688.0,149032.0,31,14,0.6993625433712579,0.30063745662874203,0.050660468920375776,1,0,1,1,1,1,1,1,0.9699999999999999,1.0,1.0,1.0,0.8,skip,attack_already_active,1785296001.2482271,1785296001248227183,1384669464926298,51.6,52.30078125,-1.0,0,0
2026-07-28T23:33:21.249,10.42.0.1,10.42.0.1|10.42.0.59,2,3,UPLOAD,0.9815338113180323,UPLOAD,0.9815338113180323,1,7240,0.450756876501492,46,346688.0,156272.0,31,15,0.6892953714013043,0.31070462859869574,0.04420554601810172,1,0,1,1,1,1,1,1,0.9699999999999999,1.0,1.0,1.0,0.8,skip,attack_already_active,1785296001.249903,1785296001249902903,1384669466601643,51.6,52.30078125,-1.0,0,0
2026-07-28T23:33:21.251,10.42.0.1,10.42.0.1|10.42.0.59,2,3,UPLOAD,0.9762376561761783,UPLOAD,0.9762376561761783,1,2784,0.4587871515614651,47,346688.0,159056.0,31,16,0.6855009649150559,0.31449903508494415,0.03853363814939606,1,0,1,1,1,1,1,1,0.9699999999999999,1.0,1.0,1.0,0.8,skip,attack_already_active,1785296001.251066,1785296001251065891,1384669467764018,51.6,52.30078125,-1.0,0,0
2026-07-28T23:33:21.251,10.42.0.145,10.42.0.1|10.42.0.59,2,2,TRAINING,0.95,TRAINING,0.95,1,61320,0.7743988684611235,7,79184.0,61320.0,6,1,0.5635711438820247,0.4364288561179753,2.231371368607493,0,0,0,0,1,0,0,0,0.5325,1.0,0.0,0.8,0.15,skip,training_upload_trigger_not_confirmed,1785296001.251873,1785296001251872923,1384669468571229,51.6,52.30078125,-1.0,0,0
2026-07-28T23:33:21.254,10.42.0.145,10.42.0.1|10.42.0.59|10.42.0.145,2,3,UPLOAD,0.95,UPLOAD,0.95,1,18209,1.0043569407960653,8,79184.0,79529.0,6,2,0.49891313250962427,0.5010868674903757,1.936701607232349,1,0,0,1,1,1,1,1,0.9299999999999999,1.0,1.0,0.8,0.8,trigger,training_upload_trigger_confirmed,1785296001.2542887,1785296001254288650,1384669470987584,51.6,52.30078125,84.212666,1785296001338502957,1384669555200250
2026-07-28T23:33:21.255,10.42.0.1,10.42.0.1|10.42.0.59|10.42.0.145,2,3,UPLOAD,0.9737267531382954,UPLOAD,0.9737267531382954,1,7240,0.4796704818180045,48,346688.0,166296.0,31,17,0.6758261466244562,0.3241738533755439,0.03410503645683653,1,0,1,1,1,1,1,1,0.9699999999999999,1.0,1.0,1.0,0.8,skip,attack_already_active,1785296001.2559922,1785296001255992046,1384669472690715,51.6,52.30078125,-1.0,0,0
2026-07-28T23:33:21.257,10.42.0.1,10.42.0.1|10.42.0.59|10.42.0.145,2,3,UPLOAD,0.9728136055673346,UPLOAD,0.9728136055673346,1,7240,0.5005538120745439,49,346688.0,173536.0,31,18,0.6664206188103586,0.33357938118964137,0.02976066194707333,1,0,1,1,1,1,1,1,0.9699999999999999,1.0,1.0,1.0,0.8,skip,attack_already_active,1785296001.257129,1785296001257128896,1384669473827310,51.6,52.30078125,-1.0,0,0
2026-07-28T23:33:21.258,10.42.0.1,10.42.0.1|10.42.0.59|10.42.0.145,2,3,UPLOAD,0.9645481998710252,UPLOAD,0.9645481998710252,0,43,0.5005538120745439,49,346688.0,173536.0,31,18,0.6664206188103586,0.33357938118964137,0.027964736168940237,1,0,1,1,1,1,1,1,0.8025,0.7500000000000001,1.0,0.6000000000000001,0.8,skip,attack_already_active,1785296001.258721,1785296001258720960,1384669475419583,51.6,52.30078125,-1.0,0,0
2026-07-28T23:33:21.259,10.42.0.1,10.42.0.1|10.42.0.59|10.42.0.145,2,3,UPLOAD,0.9570264885966246,UPLOAD,0.9570264885966246,1,10136,0.529790474433699,50,346688.0,183672.0,31,19,0.6536842899162832,0.3463157100837167,0.0245943754113011,1,0,1,1,1,1,1,1,0.9699999999999999,1.0,1.0,1.0,0.8,skip,attack_already_active,1785296001.259517,1785296001259516873,1384669476215118,51.6,52.30078125,-1.0,0,0
2026-07-28T23:33:21.260,10.42.0.1,10.42.0.1|10.42.0.59|10.42.0.145,2,3,UPLOAD,0.9552950027145368,UPLOAD,0.9552950027145368,1,4344,0.5423204725876225,51,346688.0,188016.0,31,20,0.6483736796433167,0.35162632035668334,0.021442093371936987,1,0,1,1,1,1,1,1,0.9699999999999999,1.0,1.0,1.0,0.8,skip,attack_already_active,1785296001.2601895,1785296001260189514,1384669476887629,51.6,52.30078125,-1.0,0,0
2026-07-28T23:33:21.263,10.42.0.1,10.42.0.1|10.42.0.59|10.42.0.145,2,3,UPLOAD,0.9528571364604321,UPLOAD,0.9528571364604321,1,14480,0.5840871331007013,52,346688.0,202496.0,31,21,0.6312784057802121,0.3687215942197879,0.01907473404247785,1,0,1,1,1,1,1,1,0.9699999999999999,1.0,1.0,1.0,0.8,skip,attack_already_active,1785296001.2636664,1785296001263666509,1384669480366080,51.6,52.30078125,-1.0,0,0
2026-07-28T23:33:21.265,10.42.0.1,10.42.0.1|10.42.0.59|10.42.0.145,2,3,UPLOAD,0.95,UPLOAD,0.95,1,18824,0.6383837917677035,53,346688.0,221320.0,31,22,0.6103576005971747,0.3896423994028253,0.016847070179418795,1,0,1,1,1,1,1,1,0.9699999999999999,1.0,1.0,1.0,0.8,skip,attack_already_active,1785296001.265836,1785296001265836005,1384669482534737,51.6,52.30078125,-1.0,0,0
2026-07-28T23:33:21.266,10.42.0.1,10.42.0.1|10.42.0.59|10.42.0.145,2,3,UPLOAD,0.95,UPLOAD,0.95,1,10136,0.6676204541268587,54,346688.0,231456.0,31,23,0.599656832899762,0.400343167100238,0.014750589993590128,1,0,1,1,1,1,1,1,0.9699999999999999,1.0,1.0,1.0,0.8,skip,attack_already_active,1785296001.2667735,1785296001266773585,1384669483472096,51.6,52.30078125,-1.0,0,0
2026-07-28T23:33:21.268,10.42.0.1,10.42.0.1|10.42.0.59|10.42.0.145,2,3,UPLOAD,0.95,UPLOAD,0.95,1,7129,0.6881836117786362,55,346688.0,238585.0,31,24,0.5923526286023787,0.4076473713976213,0.012982839564861749,1,0,1,1,1,1,1,1,0.9699999999999999,1.0,1.0,1.0,0.8,skip,attack_already_active,1785296001.268109,1785296001268109159,1384669484807388,51.6,52.30078125,-1.0,0,0
2026-07-28T23:33:21.335,10.42.0.18,10.42.0.1|10.42.0.59|10.42.0.145,2,2,TRAINING,0.95,TRAINING,0.95,1,40880,0.5161550990578888,10,79201.0,40880.0,9,1,0.6595631282217836,0.34043687177821635,0.5173897979794165,0,0,0,0,1,1,0,0,0.5725,1.0,0.0,1.0,0.15,skip,training_upload_trigger_not_confirmed,1785296001.3358438,1785296001335843795,1384669552542273,51.6,52.30078125,-1.0,0,0
2026-07-28T23:33:21.337,10.42.0.18,10.42.0.1|10.42.0.59|10.42.0.145|10.42.0.18,2,3,UPLOAD,0.95,UPLOAD,0.95,1,29200,0.8848373126616478,11,79201.0,70080.0,9,2,0.5305497685572845,0.4694502314427154,0.44938940364443325,1,0,0,1,1,1,1,1,0.9699999999999999,1.0,1.0,1.0,0.8,trigger,training_upload_trigger_confirmed,1785296001.3375032,1785296001337503233,1384669554202207,51.6,52.30078125,76.916982,1785296001414421898,1384669631119189
2026-07-28T23:33:21.338,10.42.0.18,10.42.0.1|10.42.0.18|10.42.0.59|10.42.0.145,2,3,UPLOAD,0.9841010226033655,UPLOAD,0.9841010226033655,1,9448,1.0041287357482338,12,79201.0,79528.0,9,3,0.49896994248058013,0.5010300575194199,0.39031172681888127,1,0,1,1,1,1,1,1,0.9699999999999999,1.0,1.0,1.0,0.8,skip,attack_already_active,1785296001.3387687,1785296001338768641,1384669555467239,51.6,52.30078125,-1.0,0,0
2026-07-28T23:33:21.340,10.42.0.1,10.42.0.1|10.42.0.18|10.42.0.59|10.42.0.145,2,3,UPLOAD,0.95,UPLOAD,0.95,1,7240,0.7090669420351755,56,346688.0,245825.0,31,25,0.585114588203128,0.414885411796872,0.015539877732221812,1,0,1,1,1,1,1,1,0.9699999999999999,1.0,1.0,1.0,0.8,skip,attack_already_active,1785296001.3401344,1785296001340134378,1384669556832625,51.6,52.30078125,-1.0,0,0
2026-07-28T23:33:21.340,10.42.0.1,10.42.0.1|10.42.0.18|10.42.0.59|10.42.0.145,2,3,UPLOAD,0.95,UPLOAD,0.95,1,7240,0.7299502722917149,57,346688.0,253065.0,31,26,0.5780512977842546,0.4219487022157455,0.013605190115349467,1,0,1,1,1,1,1,1,0.9699999999999999,1.0,1.0,1.0,0.8,skip,attack_already_active,1785296001.3409925,1785296001340992495,1384669557691527,51.6,52.30078125,-1.0,0,0
2026-07-28T23:33:21.342,10.42.0.1,10.42.0.1|10.42.0.18|10.42.0.59|10.42.0.145,2,3,UPLOAD,0.9101900974267999,UPLOAD,0.9101900974267999,0,43,0.7299502722917149,57,346688.0,253065.0,31,26,0.5780512977842546,0.4219487022157455,0.02291163557084072,1,0,1,1,1,1,1,1,0.8025,0.7500000000000001,1.0,0.6000000000000001,0.8,skip,attack_already_active,1785296001.3429503,1785296001342950463,1384669559648903,51.6,52.30078125,-1.0,0,0
2026-07-28T23:33:21.343,10.42.0.1,10.42.0.1|10.42.0.18|10.42.0.59|10.42.0.145,2,3,UPLOAD,0.95,UPLOAD,0.95,1,10136,0.75918693465087,58,346688.0,263201.0,31,27,0.5684444218538127,0.4315555781461873,0.020252354216283415,1,0,1,1,1,1,1,1,0.9699999999999999,1.0,1.0,1.0,0.8,skip,attack_already_active,1785296001.3437235,1785296001343723578,1384669560421920,51.6,52.30078125,-1.0,0,0
2026-07-28T23:33:21.345,10.42.0.1,10.42.0.1|10.42.0.18|10.42.0.59|10.42.0.145,2,3,UPLOAD,0.95,UPLOAD,0.95,1,4344,0.7717169328047936,59,346688.0,267545.0,31,28,0.5644242494297766,0.43557575057022335,0.01776891130427174,1,0,1,1,1,1,1,1,0.9699999999999999,1.0,1.0,1.0,0.8,skip,attack_already_active,1785296001.3451297,1785296001345129677,1384669561828874,51.6,52.30078125,-1.0,0,0
2026-07-28T23:33:21.346,10.42.0.1,10.42.0.1|10.42.0.18|10.42.0.59|10.42.0.145,2,3,UPLOAD,0.95,UPLOAD,0.95,1,14480,0.8134835933178723,60,346688.0,282025.0,31,29,0.5514248949838798,0.44857510501612025,0.015617875229738756,1,0,1,1,1,1,1,1,0.9699999999999999,1.0,1.0,1.0,0.8,skip,attack_already_active,1785296001.346575,1785296001346575150,1384669563275258,51.6,52.30078125,-1.0,0,0
2026-07-28T23:33:21.350,10.42.0.1,10.42.0.1|10.42.0.18|10.42.0.59|10.42.0.145,2,3,UPLOAD,0.95,UPLOAD,0.95,1,14480,0.855250253830951,61,346688.0,296505.0,31,30,0.5390108412249511,0.46098915877504887,0.014026481872105518,1,0,1,1,1,1,1,1,0.9699999999999999,1.0,1.0,1.0,0.8,skip,attack_already_active,1785296001.3501163,1785296001350116246,1384669566815069,51.6,52.30078125,-1.0,0,0
2026-07-28T23:33:21.350,10.42.0.1,10.42.0.1|10.42.0.18|10.42.0.59|10.42.0.145,2,3,UPLOAD,0.95,UPLOAD,0.95,1,5792,0.8719569180361825,62,346688.0,302297.0,31,31,0.5342003282048121,0.4657996717951879,0.01228185878124548,1,0,1,1,1,1,1,1,0.9699999999999999,1.0,1.0,1.0,0.8,skip,attack_already_active,1785296001.3509033,1785296001350903292,1384669567601497,51.6,52.30078125,-1.0,0,0
2026-07-28T23:33:21.352,10.42.0.1,10.42.0.1|10.42.0.18|10.42.0.59|10.42.0.145,2,3,UPLOAD,0.95,UPLOAD,0.95,1,4344,0.8844869161901061,63,346688.0,306641.0,31,32,0.5306484175660349,0.46935158243396513,0.0108633642175901,1,0,1,1,1,1,1,1,0.9699999999999999,1.0,1.0,1.0,0.8,skip,attack_already_active,1785296001.3524206,1785296001352420597,1384669569119609,51.6,52.30078125,-1.0,0,0
2026-07-28T23:33:21.353,10.42.0.1,10.42.0.1|10.42.0.18|10.42.0.59|10.42.0.145,2,3,UPLOAD,0.95,UPLOAD,0.95,1,7240,0.9053702464466454,64,346688.0,313881.0,31,33,0.524832379357796,0.4751676206422039,0.00957527097212173,1,0,1,1,1,1,1,1,0.9699999999999999,1.0,1.0,1.0,0.8,skip,attack_already_active,1785296001.353509,1785296001353508843,1384669570207259,51.6,52.30078125,-1.0,0,0
2026-07-28T23:33:21.354,10.42.0.1,10.42.0.1|10.42.0.18|10.42.0.59|10.42.0.145,2,3,UPLOAD,0.95,UPLOAD,0.95,1,4232,0.9175771875579265,65,346688.0,318113.0,31,34,0.5214913936651719,0.478508606334828,0.008441740886206098,1,0,1,1,1,1,1,1,0.9699999999999999,1.0,1.0,1.0,0.8,skip,attack_already_active,1785296001.3544822,1785296001354482119,1384669571180152,51.6,52.30078125,-1.0,0,0
2026-07-28T23:33:22.762,10.42.0.210,10.42.0.1|10.42.0.210|10.42.0.18|10.42.0.59|10.42.0.145,2,3,UPLOAD,0.95,UPLOAD,0.95,1,1448,100.0,1,0.0,1448.0,0,1,0.0,1.0,0.4327126860237792,1,0,0,1,1,1,1,1,0.9525,0.95,1.0,1.0,0.8,trigger,training_upload_trigger_confirmed,1785296002.7626016,1785296002762601680,1384670979300744,5.8,52.45703125,10.713275,1785296002773316710,1384670990014019
2026-07-28T23:33:22.763,10.42.0.210,10.42.0.1|10.42.0.210|10.42.0.18|10.42.0.59|10.42.0.145,2,3,UPLOAD,0.9841010226033655,UPLOAD,0.9841010226033655,1,1448,100.0,2,0.0,2896.0,0,2,0.0,1.0,0.3758656850371791,1,0,1,1,1,1,1,1,0.9699999999999999,1.0,1.0,1.0,0.8,skip,attack_already_active,1785296002.7639182,1785296002763917989,1384670980617929,5.8,52.45703125,-1.0,0,0
2026-07-28T23:33:22.765,10.42.0.210,10.42.0.1|10.42.0.210|10.42.0.18|10.42.0.59|10.42.0.145,2,3,UPLOAD,0.9854688349332961,UPLOAD,0.9854688349332961,1,1448,100.0,3,0.0,4344.0,0,3,0.0,1.0,0.326582023247446,1,0,1,1,1,1,1,1,0.9699999999999999,1.0,1.0,1.0,0.8,skip,attack_already_active,1785296002.7657838,1785296002765783840,1384670982483079,5.8,52.45703125,-1.0,0,0
2026-07-28T23:33:22.767,10.42.0.210,10.42.0.1|10.42.0.210|10.42.0.18|10.42.0.59|10.42.0.145,2,3,UPLOAD,0.9855076450773014,UPLOAD,0.9855076450773014,1,1448,100.0,4,0.0,5792.0,0,4,0.0,1.0,0.2837083347675464,1,0,1,1,1,1,1,1,0.9699999999999999,1.0,1.0,1.0,0.8,skip,attack_already_active,1785296002.7670093,1785296002767009192,1384670983707987,5.8,52.45703125,-1.0,0,0
2026-07-28T23:33:22.768,10.42.0.210,10.42.0.1|10.42.0.210|10.42.0.18|10.42.0.59|10.42.0.145,2,3,UPLOAD,0.9855086980780915,UPLOAD,0.9855086980780915,1,1448,100.0,5,0.0,7240.0,0,5,0.0,1.0,0.24657400131432,1,0,1,1,1,1,1,1,0.9699999999999999,1.0,1.0,1.0,0.8,skip,attack_already_active,1785296002.7689154,1785296002768915412,1384670985615012,5.8,52.45703125,-1.0,0,0
2026-07-28T23:33:22.770,10.42.0.210,10.42.0.1|10.42.0.210|10.42.0.18|10.42.0.59|10.42.0.145,2,3,UPLOAD,0.9855087254685951,UPLOAD,0.9855087254685951,1,1448,100.0,6,0.0,8688.0,0,6,0.0,1.0,0.21423745332939467,1,0,1,1,1,1,1,1,0.9699999999999999,1.0,1.0,1.0,0.8,skip,attack_already_active,1785296002.7700963,1785296002770096403,1384670986795070,5.8,52.45703125,-1.0,0,0
2026-07-28T23:33:22.772,10.42.0.210,10.42.0.1|10.42.0.210|10.42.0.18|10.42.0.59|10.42.0.145,2,3,UPLOAD,0.9855087261493067,UPLOAD,0.9855087261493067,1,1448,100.0,7,0.0,10136.0,0,7,0.0,1.0,0.18626540054655039,1,0,1,1,1,1,1,1,0.9699999999999999,1.0,1.0,1.0,0.8,skip,attack_already_active,1785296002.7720616,1785296002772061632,1384670988760806,5.8,52.45703125,-1.0,0,0
2026-07-28T23:33:22.773,10.42.0.210,10.42.0.1|10.42.0.210|10.42.0.18|10.42.0.59|10.42.0.145,2,3,UPLOAD,0.9855087261653082,UPLOAD,0.9855087261653082,1,1448,100.0,8,0.0,11584.0,0,8,0.0,1.0,0.16186235162181165,1,0,1,1,1,1,1,1,0.9699999999999999,1.0,1.0,1.0,0.8,skip,attack_already_active,1785296002.773139,1785296002773139021,1384670989837718,5.8,52.45703125,-1.0,0,0
2026-07-28T23:33:22.774,10.42.0.210,10.42.0.1|10.42.0.210|10.42.0.18|10.42.0.59|10.42.0.145,2,3,UPLOAD,0.985508726165656,UPLOAD,0.985508726165656,1,1448,100.0,9,0.0,13032.0,0,9,0.0,1.0,0.14073236993626087,1,0,1,1,1,1,1,1,0.9699999999999999,1.0,1.0,1.0,0.8,skip,attack_already_active,1785296002.7746518,1785296002774651596,1384670991350090,5.8,52.45703125,-1.0,0,0
2026-07-28T23:33:22.775,10.42.0.210,10.42.0.1|10.42.0.210|10.42.0.18|10.42.0.59|10.42.0.145,2,3,UPLOAD,0.9855087261656625,UPLOAD,0.9855087261656625,1,1448,100.0,10,0.0,14480.0,0,10,0.0,1.0,0.12232818682990973,1,0,1,1,1,1,1,1,0.9699999999999999,1.0,1.0,1.0,0.8,skip,attack_already_active,1785296002.77572,1785296002775719869,1384670992418420,5.8,52.45703125,-1.0,0,0
2026-07-28T23:33:22.777,10.42.0.210,10.42.0.1|10.42.0.210|10.42.0.18|10.42.0.59|10.42.0.145,2,3,UPLOAD,0.9855087261656628,UPLOAD,0.9855087261656628,1,1448,100.0,11,0.0,15928.0,0,11,0.0,1.0,0.10641295129284196,1,0,1,1,1,1,1,1,0.9699999999999999,1.0,1.0,1.0,0.8,skip,attack_already_active,1785296002.7772717,1785296002777271788,1384670993970355,5.8,52.45703125,-1.0,0,0
2026-07-28T23:33:22.778,10.42.0.210,10.42.0.1|10.42.0.210|10.42.0.18|10.42.0.59|10.42.0.145,2,3,UPLOAD,0.95,UPLOAD,0.95,1,1448,100.0,12,0.0,17376.0,0,12,0.0,1.0,0.092532228201017,1,0,1,1,1,1,1,1,0.9699999999999999,1.0,1.0,1.0,0.8,skip,attack_already_active,1785296002.7783477,1785296002778347763,1384670995046247,5.8,52.45703125,-1.0,0,0
2026-07-28T23:33:22.779,10.42.0.210,10.42.0.1|10.42.0.210|10.42.0.18|10.42.0.59|10.42.0.145,2,3,UPLOAD,0.95,UPLOAD,0.95,1,1448,100.0,13,0.0,18824.0,0,13,0.0,1.0,0.0805445331987013,1,0,1,1,1,1,1,1,0.9699999999999999,1.0,1.0,1.0,0.8,skip,attack_already_active,1785296002.7799087,1785296002779908725,1384670996607255,5.8,52.45703125,-1.0,0,0
2026-07-28T23:33:22.780,10.42.0.210,10.42.0.1|10.42.0.210|10.42.0.18|10.42.0.59|10.42.0.145,2,3,UPLOAD,0.95,UPLOAD,0.95,1,1448,100.0,14,0.0,20272.0,0,14,0.0,1.0,0.07007342404703737,1,0,1,1,1,1,1,1,0.9699999999999999,1.0,1.0,1.0,0.8,skip,attack_already_active,1785296002.7809908,1785296002780990616,1384670997688996,5.8,52.45703125,-1.0,0,0
2026-07-28T23:33:22.781,10.42.0.210,10.42.0.1|10.42.0.210|10.42.0.18|10.42.0.59|10.42.0.145,2,3,UPLOAD,0.95,UPLOAD,0.95,1,1448,100.0,15,0.0,21720.0,0,15,0.0,1.0,0.060951790462692244,1,0,1,1,1,1,1,1,0.9699999999999999,1.0,1.0,1.0,0.8,skip,attack_already_active,1785296002.7818427,1785296002781842644,1384670998540866,5.8,52.45703125,-1.0,0,0
2026-07-28T23:33:22.782,10.42.0.210,10.42.0.1|10.42.0.210|10.42.0.18|10.42.0.59|10.42.0.145,2,3,UPLOAD,0.95,UPLOAD,0.95,1,1448,100.0,16,0.0,23168.0,0,16,0.0,1.0,0.053046921520377696,1,0,1,1,1,1,1,1,0.9699999999999999,1.0,1.0,1.0,0.8,skip,attack_already_active,1785296002.7828066,1785296002782806505,1384670999504658,5.8,52.45703125,-1.0,0,0
2026-07-28T23:33:22.783,10.42.0.210,10.42.0.1|10.42.0.210|10.42.0.18|10.42.0.59|10.42.0.145,2,3,UPLOAD,0.95,UPLOAD,0.95,1,1448,100.0,17,0.0,24616.0,0,17,0.0,1.0,0.046146105761906246,1,0,1,1,1,1,1,1,0.9699999999999999,1.0,1.0,1.0,0.8,skip,attack_already_active,1785296002.7834852,1785296002783485066,1384671000183201,5.8,52.45703125,-1.0,0,0
2026-07-28T23:33:22.784,10.42.0.210,10.42.0.1|10.42.0.210|10.42.0.18|10.42.0.59|10.42.0.145,2,3,UPLOAD,0.95,UPLOAD,0.95,1,1448,100.0,18,0.0,26064.0,0,18,0.0,1.0,0.04019466720821843,1,0,1,1,1,1,1,1,0.9699999999999999,1.0,1.0,1.0,0.8,skip,attack_already_active,1785296002.7844675,1785296002784467384,1384671001165599,5.8,52.45703125,-1.0,0,0
2026-07-28T23:33:22.785,10.42.0.210,10.42.0.1|10.42.0.210|10.42.0.18|10.42.0.59|10.42.0.145,2,3,UPLOAD,0.95,UPLOAD,0.95,1,1448,100.0,19,0.0,27512.0,0,19,0.0,1.0,0.034988927060072526,1,0,1,1,1,1,1,1,0.9699999999999999,1.0,1.0,1.0,0.8,skip,attack_already_active,1785296002.7851572,1785296002785157210,1384671001855451,5.8,52.45703125,-1.0,0,0
2026-07-28T23:33:22.786,10.42.0.210,10.42.0.1|10.42.0.210|10.42.0.18|10.42.0.59|10.42.0.145,2,3,UPLOAD,0.95,UPLOAD,0.95,1,1448,100.0,20,0.0,28960.0,0,20,0.0,1.0,0.03054227903536559,1,0,1,1,1,1,1,1,0.9699999999999999,1.0,1.0,1.0,0.8,skip,attack_already_active,1785296002.7864017,1785296002786401736,1384671003099980,29.7,52.484375,-1.0,0,0
2026-07-28T23:33:22.787,10.42.0.210,10.42.0.1|10.42.0.210|10.42.0.18|10.42.0.59|10.42.0.145,2,3,UPLOAD,0.95,UPLOAD,0.95,1,1448,100.0,21,0.0,30408.0,0,21,0.0,1.0,0.026607503271003443,1,0,1,1,1,1,1,1,0.9699999999999999,1.0,1.0,1.0,0.8,skip,attack_already_active,1785296002.787084,1785296002787084003,1384671003782434,29.7,52.484375,-1.0,0,0
2026-07-28T23:33:22.788,10.42.0.210,10.42.0.1|10.42.0.210|10.42.0.18|10.42.0.59|10.42.0.145,2,3,UPLOAD,0.95,UPLOAD,0.95,1,1448,100.0,22,0.0,31856.0,0,22,0.0,1.0,0.023229936830585017,1,0,1,1,1,1,1,1,0.9699999999999999,1.0,1.0,1.0,0.8,skip,attack_already_active,1785296002.7880602,1785296002788060266,1384671004758432,29.7,52.484375,-1.0,0,0
2026-07-28T23:33:22.788,10.42.0.210,10.42.0.1|10.42.0.210|10.42.0.18|10.42.0.59|10.42.0.145,2,3,UPLOAD,0.95,UPLOAD,0.95,1,1448,100.0,23,0.0,33304.0,0,23,0.0,1.0,0.02025977785347677,1,0,1,1,1,1,1,1,0.9699999999999999,1.0,1.0,1.0,0.8,skip,attack_already_active,1785296002.7887504,1785296002788750450,1384671005448579,29.7,52.484375,-1.0,0,0
2026-07-28T23:33:22.789,10.42.0.210,10.42.0.1|10.42.0.210|10.42.0.18|10.42.0.59|10.42.0.145,2,3,UPLOAD,0.95,UPLOAD,0.95,1,1448,100.0,24,0.0,34752.0,0,24,0.0,1.0,0.017725402899503216,1,0,1,1,1,1,1,1,0.9699999999999999,1.0,1.0,1.0,0.8,skip,attack_already_active,1785296002.7897775,1785296002789777307,1384671006475828,29.7,52.484375,-1.0,0,0
2026-07-28T23:33:22.790,10.42.0.210,10.42.0.1|10.42.0.210|10.42.0.18|10.42.0.59|10.42.0.145,2,3,UPLOAD,0.95,UPLOAD,0.95,1,1448,100.0,25,0.0,36200.0,0,25,0.0,1.0,0.01550136791274704,1,0,1,1,1,1,1,1,0.9699999999999999,1.0,1.0,1.0,0.8,skip,attack_already_active,1785296002.7906253,1785296002790625261,1384671007323691,29.7,52.484375,-1.0,0,0
2026-07-28T23:33:22.791,10.42.0.210,10.42.0.1|10.42.0.210|10.42.0.18|10.42.0.59|10.42.0.145,2,3,UPLOAD,0.95,UPLOAD,0.95,1,1448,100.0,26,0.0,37648.0,0,26,0.0,1.0,0.01359095098799127,1,0,1,1,1,1,1,1,0.9699999999999999,1.0,1.0,1.0,0.8,skip,attack_already_active,1785296002.791629,1785296002791629093,1384671008327600,29.7,52.484375,-1.0,0,0
2026-07-28T23:33:22.792,10.42.0.210,10.42.0.1|10.42.0.210|10.42.0.18|10.42.0.59|10.42.0.145,2,3,UPLOAD,0.95,UPLOAD,0.95,1,1448,100.0,27,0.0,39096.0,0,27,0.0,1.0,0.011898473028495792,1,0,1,1,1,1,1,1,0.9699999999999999,1.0,1.0,1.0,0.8,skip,attack_already_active,1785296002.7923763,1785296002792376223,1384671009074744,29.7,52.484375,-1.0,0,0
2026-07-28T23:33:22.793,10.42.0.210,10.42.0.1|10.42.0.210|10.42.0.18|10.42.0.59|10.42.0.145,2,3,UPLOAD,0.95,UPLOAD,0.95,1,1448,100.0,28,0.0,40544.0,0,28,0.0,1.0,0.010470868538589178,1,0,1,1,1,1,1,1,0.9699999999999999,1.0,1.0,1.0,0.8,skip,attack_already_active,1785296002.793441,1785296002793440928,1384671010139161,29.7,52.484375,-1.0,0,0
2026-07-28T23:33:22.794,10.42.0.210,10.42.0.1|10.42.0.210|10.42.0.18|10.42.0.59|10.42.0.145,2,3,UPLOAD,0.95,UPLOAD,0.95,1,1448,100.0,29,0.0,41992.0,0,29,0.0,1.0,0.009183285707654172,1,0,1,1,1,1,1,1,0.9699999999999999,1.0,1.0,1.0,0.8,skip,attack_already_active,1785296002.7941408,1785296002794140937,1384671010839088,29.7,52.484375,-1.0,0,0
2026-07-28T23:33:22.795,10.42.0.210,10.42.0.1|10.42.0.210|10.42.0.18|10.42.0.59|10.42.0.145,2,3,UPLOAD,0.95,UPLOAD,0.95,1,1448,100.0,30,0.0,43440.0,0,30,0.0,1.0,0.008099932650072864,1,0,1,1,1,1,1,1,0.9699999999999999,1.0,1.0,1.0,0.8,skip,attack_already_active,1785296002.7951028,1785296002795102696,1384671011801771,29.7,52.484375,-1.0,0,0
2026-07-28T23:33:22.795,10.42.0.210,10.42.0.1|10.42.0.210|10.42.0.18|10.42.0.59|10.42.0.145,2,3,UPLOAD,0.95,UPLOAD,0.95,1,1448,100.0,31,0.0,44888.0,0,31,0.0,1.0,0.007127417704856748,1,0,1,1,1,1,1,1,0.9699999999999999,1.0,1.0,1.0,0.8,skip,attack_already_active,1785296002.7958226,1785296002795822674,1384671012520972,29.7,52.484375,-1.0,0,0
2026-07-28T23:33:22.796,10.42.0.210,10.42.0.1|10.42.0.210|10.42.0.18|10.42.0.59|10.42.0.145,2,3,UPLOAD,0.95,UPLOAD,0.95,1,1448,100.0,32,0.0,46336.0,0,32,0.0,1.0,0.006283055399940958,1,0,1,1,1,1,1,1,0.9699999999999999,1.0,1.0,1.0,0.8,skip,attack_already_active,1785296002.7965424,1785296002796542381,1384671013240632,29.7,52.484375,-1.0,0,0
2026-07-28T23:33:22.797,10.42.0.210,10.42.0.1|10.42.0.210|10.42.0.18|10.42.0.59|10.42.0.145,2,3,UPLOAD,0.95,UPLOAD,0.95,1,1448,100.0,33,0.0,47784.0,0,33,0.0,1.0,0.005543109478232853,1,0,1,1,1,1,1,1,0.9699999999999999,1.0,1.0,1.0,0.8,skip,attack_already_active,1785296002.7972102,1785296002797210020,1384671013908153,29.7,52.484375,-1.0,0,0
2026-07-28T23:33:22.797,10.42.0.210,10.42.0.1|10.42.0.210|10.42.0.18|10.42.0.59|10.42.0.145,2,3,UPLOAD,0.95,UPLOAD,0.95,1,1448,100.0,34,0.0,49232.0,0,34,0.0,1.0,0.004902114741446256,1,0,1,1,1,1,1,1,0.9699999999999999,1.0,1.0,1.0,0.8,skip,attack_already_active,1785296002.797889,1785296002797888933,1384671014586983,29.7,52.484375,-1.0,0,0
2026-07-28T23:33:22.798,10.42.0.210,10.42.0.1|10.42.0.210|10.42.0.18|10.42.0.59|10.42.0.145,2,3,UPLOAD,0.95,UPLOAD,0.95,1,1448,100.0,35,0.0,50680.0,0,35,0.0,1.0,0.00434561816307879,1,0,1,1,1,1,1,1,0.9699999999999999,1.0,1.0,1.0,0.8,skip,attack_already_active,1785296002.798568,1785296002798568057,1384671015266143,29.7,52.484375,-1.0,0,0
2026-07-28T23:33:22.800,10.42.0.1,10.42.0.1|10.42.0.210|10.42.0.18|10.42.0.59|10.42.0.145,2,3,UPLOAD,0.95,UPLOAD,0.95,1,7240,100.0,1,0.0,7240.0,0,1,0.0,1.0,0.19327699871080756,1,0,1,1,1,1,1,1,0.9699999999999999,1.0,1.0,1.0,0.8,skip,attack_already_active,1785296002.800491,1785296002800491057,1384671017189319,29.7,52.484375,-1.0,0,0
2026-07-28T23:33:22.801,10.42.0.1,10.42.0.1|10.42.0.210|10.42.0.18|10.42.0.59|10.42.0.145,2,3,UPLOAD,0.95,UPLOAD,0.95,1,7240,100.0,2,0.0,14480.0,0,2,0.0,1.0,0.16789803596164665,1,0,1,1,1,1,1,1,0.9699999999999999,1.0,1.0,1.0,0.8,skip,attack_already_active,1785296002.8011742,1785296002801174345,1384671017872531,29.7,52.484375,-1.0,0,0
2026-07-28T23:33:22.890,10.42.0.1,10.42.0.1|10.42.0.210|10.42.0.18|10.42.0.59|10.42.0.145,2,3,UPLOAD,0.95,UPLOAD,0.95,1,14480,100.0,3,0.0,28960.0,0,3,0.0,1.0,0.15749607212309116,1,0,1,1,1,1,1,1,0.9699999999999999,1.0,1.0,1.0,0.8,skip,attack_already_active,1785296002.8901346,1785296002890134516,1384671106833491,29.7,52.484375,-1.0,0,0
2026-07-28T23:33:22.892,10.42.0.1,10.42.0.1|10.42.0.210|10.42.0.18|10.42.0.59|10.42.0.145,2,3,UPLOAD,0.9593581258128888,UPLOAD,0.9593581258128888,1,14480,100.0,4,0.0,43440.0,0,4,0.0,1.0,0.13702072110985994,1,0,1,1,1,1,1,1,0.9699999999999999,1.0,1.0,1.0,0.8,skip,attack_already_active,1785296002.8922489,1785296002892248884,1384671108948476,29.7,52.484375,-1.0,0,0
2026-07-28T23:33:22.893,10.42.0.1,10.42.0.1|10.42.0.210|10.42.0.18|10.42.0.59|10.42.0.145,2,3,UPLOAD,0.9577026649383216,UPLOAD,0.9577026649383216,0,43,100.0,4,0.0,43440.0,0,4,0.0,1.0,0.32331380251481523,1,0,1,1,1,1,1,1,0.8374999999999999,0.8500000000000001,1.0,0.6000000000000001,0.8,skip,attack_already_active,1785296002.8936977,1785296002893697735,1384671110396883,29.7,52.484375,-1.0,0,0
2026-07-28T23:33:22.897,10.42.0.1,10.42.0.1|10.42.0.210|10.42.0.18|10.42.0.59|10.42.0.145,2,3,UPLOAD,0.9606465118172149,UPLOAD,0.9606465118172149,1,14480,100.0,5,0.0,57920.0,0,5,0.0,1.0,0.28137629107131795,1,0,1,1,1,1,1,1,0.9699999999999999,1.0,1.0,1.0,0.8,skip,attack_already_active,1785296002.8973105,1785296002897310438,1384671114009832,29.7,52.484375,-1.0,0,0
2026-07-28T23:33:22.902,10.42.0.1,10.42.0.1|10.42.0.210|10.42.0.18|10.42.0.59|10.42.0.145,2,3,UPLOAD,0.9616038847449823,UPLOAD,0.9616038847449823,1,10136,100.0,6,0.0,68056.0,0,6,0.0,1.0,0.2449865624779819,1,0,1,1,1,1,1,1,0.9699999999999999,1.0,1.0,1.0,0.8,skip,attack_already_active,1785296002.9025352,1785296002902535256,1384671119234974,29.7,52.484375,-1.0,0,0
2026-07-28T23:33:22.904,10.42.0.1,10.42.0.1|10.42.0.210|10.42.0.18|10.42.0.59|10.42.0.145,2,3,UPLOAD,0.9621693391135544,UPLOAD,0.9621693391135544,1,11473,100.0,7,0.0,79529.0,0,7,0.0,1.0,0.2129273436513788,1,0,1,1,1,1,1,1,0.9699999999999999,1.0,1.0,1.0,0.8,skip,attack_already_active,1785296002.9042332,1785296002904233298,1384671120932151,29.7,52.484375,-1.0,0,0
2026-07-28T23:33:24.500,10.42.0.47,10.42.0.1|10.42.0.210|10.42.0.18|10.42.0.59|10.42.0.145|10.42.0.47,2,3,UPLOAD,0.95,UPLOAD,0.95,1,7240,100.0,1,0.0,7240.0,0,1,0.0,1.0,0.6160834228195007,1,0,0,1,1,1,1,1,0.9699999999999999,1.0,1.0,1.0,0.8,trigger,training_upload_trigger_confirmed,1785296004.500061,1785296004500061034,1384672716759729,16.5,52.51953125,9.463109,1785296004509525369,1384672726222838
2026-07-28T23:33:24.500,10.42.0.47,10.42.0.1|10.42.0.210|10.42.0.18|10.42.0.59|10.42.0.145|10.42.0.47,2,3,UPLOAD,0.9634558344594283,UPLOAD,0.9634558344594283,1,4344,100.0,2,0.0,11584.0,0,2,0.0,1.0,0.5349986779487448,1,0,1,1,1,1,1,1,0.9699999999999999,1.0,1.0,1.0,0.8,skip,attack_already_active,1785296004.5008817,1785296004500881683,1384672717580150,16.5,52.51953125,-1.0,0,0
2026-07-28T23:33:24.501,10.42.0.47,10.42.0.1|10.42.0.210|10.42.0.18|10.42.0.59|10.42.0.145|10.42.0.47,2,3,UPLOAD,0.9653255151744767,UPLOAD,0.9653255151744767,1,2896,100.0,3,0.0,14480.0,0,3,0.0,1.0,0.46463612709288,1,0,1,1,1,1,1,1,0.9699999999999999,1.0,1.0,1.0,0.8,skip,attack_already_active,1785296004.5019622,1785296004501962179,1384672718661179,16.5,52.51953125,-1.0,0,0
2026-07-28T23:33:24.507,10.42.0.47,10.42.0.1|10.42.0.210|10.42.0.18|10.42.0.59|10.42.0.145|10.42.0.47,2,3,UPLOAD,0.9685172186836063,UPLOAD,0.9685172186836063,1,13032,100.0,4,0.0,27512.0,0,4,0.0,1.0,0.4041627180189867,1,0,1,1,1,1,1,1,0.9699999999999999,1.0,1.0,1.0,0.8,skip,attack_already_active,1785296004.5077107,1785296004507710843,1384672724409532,16.5,52.51953125,-1.0,0,0
2026-07-28T23:33:24.508,10.42.0.47,10.42.0.1|10.42.0.210|10.42.0.18|10.42.0.59|10.42.0.145|10.42.0.47,2,3,UPLOAD,0.9715728098594841,UPLOAD,0.9715728098594841,1,10136,100.0,5,0.0,37648.0,0,5,0.0,1.0,0.35099792570088495,1,0,1,1,1,1,1,1,0.9699999999999999,1.0,1.0,1.0,0.8,skip,attack_already_active,1785296004.5084393,1785296004508439191,1384672725137292,16.5,52.51953125,-1.0,0,0
2026-07-28T23:33:24.509,10.42.0.47,10.42.0.1|10.42.0.210|10.42.0.18|10.42.0.59|10.42.0.47|10.42.0.145,2,3,UPLOAD,0.9713572244132556,UPLOAD,0.9713572244132556,1,2896,100.0,6,0.0,40544.0,0,6,0.0,1.0,0.3048302629908214,1,0,1,1,1,1,1,1,0.9699999999999999,1.0,1.0,1.0,0.8,skip,attack_already_active,1785296004.509096,1785296004509095941,1384672725794051,16.5,52.51953125,-1.0,0,0
2026-07-28T23:33:24.514,10.42.0.47,10.42.0.1|10.42.0.210|10.42.0.47|10.42.0.18|10.42.0.59|10.42.0.145,2,3,UPLOAD,0.971087235836674,UPLOAD,0.971087235836674,1,13032,100.0,7,0.0,53576.0,0,7,0.0,1.0,0.26534015170057845,1,0,1,1,1,1,1,1,0.9699999999999999,1.0,1.0,1.0,0.8,skip,attack_already_active,1785296004.5142546,1785296004514254532,1384672730953324,16.5,52.51953125,-1.0,0,0
2026-07-28T23:33:24.515,10.42.0.47,10.42.0.1|10.42.0.210|10.42.0.47|10.42.0.18|10.42.0.59|10.42.0.145,2,3,UPLOAD,0.9727649070753315,UPLOAD,0.9727649070753315,1,7240,100.0,8,0.0,60816.0,0,8,0.0,1.0,0.2304729864548295,1,0,1,1,1,1,1,1,0.9699999999999999,1.0,1.0,1.0,0.8,skip,attack_already_active,1785296004.5150027,1785296004515002684,1384672731700922,16.5,52.51953125,-1.0,0,0
2026-07-28T23:33:24.516,10.42.0.47,10.42.0.1|10.42.0.210|10.42.0.47|10.42.0.18|10.42.0.59|10.42.0.145,2,3,UPLOAD,0.9695844998899769,UPLOAD,0.9695844998899769,1,5792,100.0,9,0.0,66608.0,0,9,0.0,1.0,0.20025683909127984,1,0,1,1,1,1,1,1,0.9699999999999999,1.0,1.0,1.0,0.8,skip,attack_already_active,1785296004.5161772,1785296004516177166,1384672732875273,16.5,52.51953125,-1.0,0,0
2026-07-28T23:33:24.517,10.42.0.47,10.42.0.1|10.42.0.210|10.42.0.47|10.42.0.18|10.42.0.59|10.42.0.145,2,3,UPLOAD,0.9683408032145894,UPLOAD,0.9683408032145894,1,1448,100.0,10,0.0,68056.0,0,10,0.0,1.0,0.1739864978628775,1,0,1,1,1,1,1,1,0.9699999999999999,1.0,1.0,1.0,0.8,skip,attack_already_active,1785296004.517078,1785296004517078109,1384672733776608,16.5,52.51953125,-1.0,0,0
2026-07-28T23:33:24.518,10.42.0.47,10.42.0.1|10.42.0.210|10.42.0.47|10.42.0.18|10.42.0.59|10.42.0.145,2,3,UPLOAD,0.9673561367455066,UPLOAD,0.9673561367455066,1,10136,100.0,11,0.0,78192.0,0,11,0.0,1.0,0.15125323391265294,1,0,1,1,1,1,1,1,0.9699999999999999,1.0,1.0,1.0,0.8,skip,attack_already_active,1785296004.5185494,1785296004518549492,1384672735247986,16.5,52.51953125,-1.0,0,0
2026-07-28T23:33:24.520,10.42.0.47,10.42.0.1|10.42.0.210|10.42.0.47|10.42.0.18|10.42.0.59|10.42.0.145,2,3,UPLOAD,0.9687141489159825,UPLOAD,0.9687141489159825,1,1336,100.0,12,0.0,79528.0,0,12,0.0,1.0,0.1315130617973236,1,0,1,1,1,1,1,1,0.9699999999999999,1.0,1.0,1.0,0.8,skip,attack_already_active,1785296004.520001,1785296004520000898,1384672736699295,16.5,52.51953125,-1.0,0,0
2026-07-28T23:33:24.520,10.42.0.1,10.42.0.1|10.42.0.210|10.42.0.47|10.42.0.18|10.42.0.59|10.42.0.145,2,3,UPLOAD,0.957576448955004,UPLOAD,0.957576448955004,1,7240,100.0,1,0.0,7240.0,0,1,0.0,1.0,0.39737353424465743,1,0,1,1,1,1,1,1,0.9699999999999999,1.0,1.0,1.0,0.8,skip,attack_already_active,1785296004.5209844,1785296004520984234,1384672737682592,16.5,52.51953125,-1.0,0,0
2026-07-28T23:33:24.521,10.42.0.1,10.42.0.1|10.42.0.210|10.42.0.47|10.42.0.18|10.42.0.59|10.42.0.145,2,3,UPLOAD,0.9580871815158694,UPLOAD,0.9580871815158694,1,7240,100.0,2,0.0,14480.0,0,2,0.0,1.0,0.345102309507704,1,0,1,1,1,1,1,1,0.9699999999999999,1.0,1.0,1.0,0.8,skip,attack_already_active,1785296004.521686,1785296004521686031,1384672738384101,16.5,52.51953125,-1.0,0,0
2026-07-28T23:33:24.634,10.42.0.1,10.42.0.1|10.42.0.210|10.42.0.47|10.42.0.18|10.42.0.59|10.42.0.145,2,3,UPLOAD,0.9587790381112102,UPLOAD,0.9587790381112102,1,14480,100.0,3,0.0,28960.0,0,3,0.0,1.0,0.3145057981981414,1,0,1,1,1,1,1,1,0.9699999999999999,1.0,1.0,1.0,0.8,skip,attack_already_active,1785296004.6346,1785296004634599967,1384672851298924,26.5,52.53515625,-1.0,0,0
2026-07-28T23:33:24.635,10.42.0.1,10.42.0.1|10.42.0.210|10.42.0.47|10.42.0.18|10.42.0.59|10.42.0.145,2,3,UPLOAD,0.9595511962541188,UPLOAD,0.9595511962541188,1,14480,100.0,4,0.0,43440.0,0,4,0.0,1.0,0.2732112281650981,1,0,1,1,1,1,1,1,0.9699999999999999,1.0,1.0,1.0,0.8,skip,attack_already_active,1785296004.6357327,1785296004635732609,1384672852430800,26.5,52.53515625,-1.0,0,0
2026-07-28T23:33:24.636,10.42.0.1,10.42.0.1|10.42.0.210|10.42.0.47|10.42.0.18|10.42.0.59|10.42.0.145,2,3,UPLOAD,0.9570998422101205,UPLOAD,0.9570998422101205,0,43,100.0,4,0.0,43440.0,0,4,0.0,1.0,0.466905816186862,1,0,1,1,1,1,1,1,0.8374999999999999,0.8500000000000001,1.0,0.6000000000000001,0.8,skip,attack_already_active,1785296004.6368036,1785296004636803457,1384672853501983,26.5,52.53515625,-1.0,0,0
2026-07-28T23:33:24.639,10.42.0.1,10.42.0.1|10.42.0.210|10.42.0.47|10.42.0.18|10.42.0.59|10.42.0.145,2,3,UPLOAD,0.9601799402576158,UPLOAD,0.9601799402576158,1,14480,100.0,5,0.0,57920.0,0,5,0.0,1.0,0.4059280995139216,1,0,1,1,1,1,1,1,0.9699999999999999,1.0,1.0,1.0,0.8,skip,attack_already_active,1785296004.6398954,1785296004639895564,1384672856594231,26.5,52.53515625,-1.0,0,0
2026-07-28T23:33:24.641,10.42.0.1,10.42.0.1|10.42.0.210|10.42.0.47|10.42.0.18|10.42.0.59|10.42.0.145,2,3,UPLOAD,0.9613799333387076,UPLOAD,0.9613799333387076,1,11584,100.0,6,0.0,69504.0,0,6,0.0,1.0,0.35265238100103485,1,0,1,1,1,1,1,1,0.9699999999999999,1.0,1.0,1.0,0.8,skip,attack_already_active,1785296004.6415288,1785296004641528860,1384672858227681,26.5,52.53515625,-1.0,0,0
2026-07-28T23:33:24.643,10.42.0.1,10.42.0.1|10.42.0.210|10.42.0.47|10.42.0.18|10.42.0.59|10.42.0.145,2,3,UPLOAD,0.9622423139051824,UPLOAD,0.9622423139051824,1,10024,100.0,7,0.0,79528.0,0,7,0.0,1.0,0.30639298913933255,1,0,1,1,1,1,1,1,0.9699999999999999,1.0,1.0,1.0,0.8,skip,attack_already_active,1785296004.6431315,1785296004643131457,1384672859829921,26.5,52.53515625,-1.0,0,0
2026-07-28T23:33:24.915,10.42.0.1,10.42.0.47,3,1,DOWNLOAD,0.9583795793422337,DOWNLOAD,0.9583795793422337,-1,1448,54.92265189646225,8,1448.0,79528.0,1,7,0.017881841533293814,0.9821181584667061,0.30269313015558846,0,0,0,0,1,0,0,0,0.44,0.8500000000000001,0.0,0.6000000000000001,0.15,skip,training_upload_trigger_not_confirmed,1785296004.9151194,1785296004915119309,1384673131818008,26.5,52.53515625,-1.0,0,0
2026-07-28T23:33:24.919,10.42.0.1,10.42.0.47,3,1,DOWNLOAD,0.95,DOWNLOAD,0.95,-1,5792,10.984530385361252,9,7240.0,79528.0,2,7,0.08344089987092015,0.9165591001290798,0.26332155884935465,0,0,0,0,1,0,0,0,0.44,0.8500000000000001,0.0,0.6000000000000001,0.15,skip,training_upload_trigger_not_confirmed,1785296004.9190326,1785296004919032651,1384673135731690,26.5,52.53515625,-1.0,0,0
2026-07-28T23:33:24.919,10.42.0.1,10.42.0.47,3,1,DOWNLOAD,0.95,DOWNLOAD,0.95,-1,7240,5.492265193059926,10,14480.0,79528.0,3,7,0.15402944430261253,0.8459705556973874,0.22872124545636477,0,0,0,0,1,0,0,0,0.44,0.8500000000000001,0.0,0.6000000000000001,0.15,skip,training_upload_trigger_not_confirmed,1785296004.919782,1785296004919781814,1384673136479907,26.5,52.53515625,-1.0,0,0
2026-07-28T23:33:24.920,10.42.0.1,10.42.0.47,3,1,DOWNLOAD,0.95,DOWNLOAD,0.95,-1,7240,3.661510128790906,11,21720.0,79528.0,4,7,0.21452275600505688,0.7854772439949431,0.19867207576547474,0,0,0,0,1,0,0,0,0.4,0.8500000000000001,0.0,0.4,0.15,skip,training_upload_trigger_not_confirmed,1785296004.9204683,1785296004920468122,1384673137166520,26.5,52.53515625,-1.0,0,0
2026-07-28T23:33:24.921,10.42.0.1,10.42.0.47,3,1,DOWNLOAD,0.95,DOWNLOAD,0.95,-1,7240,2.746132596624788,12,28960.0,79528.0,5,7,0.26694196593171593,0.7330580340682841,0.17259509218830882,0,0,0,0,1,0,0,0,0.4,0.8500000000000001,0.0,0.4,0.15,skip,training_upload_trigger_not_confirmed,1785296004.9212494,1785296004921249278,1384673137947775,26.5,52.53515625,-1.0,0,0
2026-07-28T23:33:24.923,10.42.0.1,10.42.0.47,3,1,DOWNLOAD,0.95,DOWNLOAD,0.95,-1,7240,2.196906077315002,13,36200.0,79528.0,6,7,0.31280243329185675,0.6871975667081432,0.1501024912779168,0,0,0,0,1,0,0,0,0.4,0.8500000000000001,0.0,0.4,0.15,skip,training_upload_trigger_not_confirmed,1785296004.9231544,1785296004923154340,1384673139852649,26.5,52.53515625,-1.0,0,0
2026-07-28T23:33:24.923,10.42.0.1,10.42.0.47,3,1,DOWNLOAD,0.95,DOWNLOAD,0.95,-1,7240,1.8307550644375976,14,43440.0,79528.0,7,7,0.3532626374341292,0.6467373625658708,0.13041631365134917,0,0,0,0,1,0,0,0,0.32,0.8500000000000001,0.0,0.0,0.15,skip,training_upload_trigger_not_confirmed,1785296004.923864,1785296004923863771,1384673140561837,26.5,52.53515625,-1.0,0,0
2026-07-28T23:33:24.924,10.42.0.1,10.42.0.47,3,1,DOWNLOAD,0.95,DOWNLOAD,0.95,-1,7240,1.5692186266659585,15,50680.0,79528.0,8,7,0.3892233964118948,0.6107766035881051,0.11333862941307625,0,0,0,0,1,0,0,0,0.32,0.8500000000000001,0.0,0.0,0.15,skip,training_upload_trigger_not_confirmed,1785296004.9246824,1785296004924682573,1384673141380901,26.5,52.53515625,-1.0,0,0
2026-07-28T23:33:24.925,10.42.0.1,10.42.0.47,3,1,DOWNLOAD,0.95,DOWNLOAD,0.95,-1,7240,1.3730662983361002,16,57920.0,79528.0,9,7,0.4213957278388918,0.5786042721611082,0.09853956084190969,0,0,0,0,1,0,0,0,0.32,0.8500000000000001,0.0,0.0,0.15,skip,training_upload_trigger_not_confirmed,1785296004.925715,1785296004925714819,1384673142413450,26.5,52.53515625,-1.0,0,0
2026-07-28T23:33:24.926,10.42.0.1,10.42.0.47,3,1,DOWNLOAD,0.95,DOWNLOAD,0.95,-1,10136,1.1685670624167073,17,68056.0,79528.0,10,7,0.46113399826539464,0.5388660017346054,0.08570099943919092,0,0,0,0,1,0,0,0,0.30250000000000005,0.8000000000000002,0.0,0.0,0.15,skip,training_upload_trigger_not_confirmed,1785296004.9268262,1785296004926826153,1384673143524646,26.5,52.53515625,-1.0,0,0
2026-07-28T23:33:24.927,10.42.0.1,10.42.0.47,3,1,DOWNLOAD,0.95,DOWNLOAD,0.95,-1,4344,1.0984530386726734,18,72400.0,79528.0,11,7,0.4765415196672108,0.5234584803327892,0.07454857749862229,0,0,0,0,1,0,0,0,0.30250000000000005,0.8000000000000002,0.0,0.0,0.15,skip,training_upload_trigger_not_confirmed,1785296004.9278946,1785296004927894402,1384673144592754,26.5,52.53515625,-1.0,0,0
2026-07-28T23:33:24.928,10.42.0.1,10.42.0.47,3,1,DOWNLOAD,0.95,DOWNLOAD,0.95,-1,10136,0.9635552970829268,19,82536.0,79528.0,12,7,0.5092802843321157,0.4907197156678843,0.06486126733509676,0,0,0,0,1,0,0,0,0.30250000000000005,0.8000000000000002,0.0,0.0,0.15,skip,training_upload_trigger_not_confirmed,1785296004.9289289,1785296004928928753,1384673145627086,26.5,52.53515625,-1.0,0,0
2026-07-28T23:33:24.930,10.42.0.1,10.42.0.47,3,1,DOWNLOAD,0.95,DOWNLOAD,0.95,-1,14480,0.8197410736391962,20,97016.0,79528.0,13,7,0.5495287293819104,0.45047127061808956,0.05645555553688956,0,0,0,0,1,0,0,0,0.30250000000000005,0.8000000000000002,0.0,0.0,0.15,skip,training_upload_trigger_not_confirmed,1785296004.9300015,1785296004930001488,1384673146700021,26.5,52.53515625,-1.0,0,0
2026-07-28T23:33:24.931,10.42.0.1,10.42.0.47,3,1,DOWNLOAD,0.95,DOWNLOAD,0.95,-1,14480,0.7132811939467489,21,111496.0,79528.0,14,7,0.5836753496942793,0.41632465030572074,0.04915800462537835,0,0,0,0,1,0,0,0,0.28500000000000003,0.7500000000000001,0.0,0.0,0.15,skip,training_upload_trigger_not_confirmed,1785296004.931078,1785296004931077808,1384673147776205,26.5,52.53515625,-1.0,0,0
2026-07-28T23:33:24.931,10.42.0.1,10.42.0.47,3,1,DOWNLOAD,0.95,DOWNLOAD,0.95,-1,14480,0.6312948498155895,22,125976.0,79528.0,15,7,0.6130099657427592,0.3869900342572407,0.04278494914541859,0,0,0,0,1,0,0,0,0.28500000000000003,0.7500000000000001,0.0,0.0,0.15,skip,training_upload_trigger_not_confirmed,1785296004.9318726,1785296004931872460,1384673148570636,26.5,52.53515625,-1.0,0,0
2026-07-28T23:33:24.932,10.42.0.1,10.42.0.47,3,1,DOWNLOAD,0.95,DOWNLOAD,0.95,-1,4344,0.6102516881552313,23,130320.0,79528.0,16,7,0.6210209294346384,0.3789790705653616,0.03723998094524369,0,0,0,0,1,0,0,0,0.28500000000000003,0.7500000000000001,0.0,0.0,0.15,skip,training_upload_trigger_not_confirmed,1785296004.9325783,1785296004932578204,1384673149276425,26.5,52.53515625,-1.0,0,0
2026-07-28T23:33:24.933,10.42.0.1,10.42.0.47,3,1,DOWNLOAD,0.95,DOWNLOAD,0.95,-1,14480,0.5492265193401296,24,144800.0,79528.0,17,7,0.6454833993081559,0.3545166006918441,0.03242004283740101,0,0,0,0,1,0,0,0,0.28500000000000003,0.7500000000000001,0.0,0.0,0.15,skip,training_upload_trigger_not_confirmed,1785296004.9332411,1785296004933240969,1384673149939122,26.5,52.53515625,-1.0,0,0
2026-07-28T23:33:24.933,10.42.0.1,10.42.0.47,3,1,DOWNLOAD,0.95,DOWNLOAD,0.95,-1,4344,0.5332296304274176,25,149144.0,79528.0,18,7,0.6522180240694094,0.3477819759305905,0.028235689358050854,0,0,0,0,1,0,0,0,0.28500000000000003,0.7500000000000001,0.0,0.0,0.15,skip,training_upload_trigger_not_confirmed,1785296004.9339073,1785296004933907098,1384673150605227,26.5,52.53515625,-1.0,0,0
2026-07-28T23:33:24.934,10.42.0.1,10.42.0.47,3,1,DOWNLOAD,0.95,DOWNLOAD,0.95,-1,18824,0.4734711373626317,26,167968.0,79528.0,19,7,0.6786695542554223,0.3213304457445777,0.024636814803208583,0,0,0,0,1,0,0,0,0.28500000000000003,0.7500000000000001,0.0,0.0,0.15,skip,training_upload_trigger_not_confirmed,1785296004.934832,1785296004934832013,1384673151530218,26.5,52.53515625,-1.0,0,0
2026-07-28T23:33:24.935,10.42.0.1,10.42.0.47,3,1,DOWNLOAD,0.95,DOWNLOAD,0.95,-1,10136,0.4465256254803568,27,178104.0,79528.0,20,7,0.6913116383058006,0.3086883616941995,0.021511394594023528,0,0,0,0,1,0,0,0,0.28500000000000003,0.7500000000000001,0.0,0.0,0.15,skip,training_upload_trigger_not_confirmed,1785296004.935751,1785296004935750809,1384673152449191,26.5,52.53515625,-1.0,0,0
2026-07-28T23:33:24.936,10.42.0.1,10.42.0.47,3,1,DOWNLOAD,0.95,DOWNLOAD,0.95,-1,18824,0.4038430289273041,28,196928.0,79528.0,21,7,0.7123303527505281,0.28766964724947186,0.018809072431058248,0,0,0,0,1,0,0,0,0.28500000000000003,0.7500000000000001,0.0,0.0,0.15,skip,training_upload_trigger_not_confirmed,1785296004.9367552,1785296004936755137,1384673153453452,26.5,52.53515625,-1.0,0,0
2026-07-28T23:33:24.937,10.42.0.1,10.42.0.47,3,1,DOWNLOAD,0.95,DOWNLOAD,0.95,-1,18824,0.3686084022425349,29,215752.0,79528.0,22,7,0.7306691953400163,0.26933080465998377,0.01647271242483622,0,0,0,0,1,0,0,0,0.28500000000000003,0.7500000000000001,0.0,0.0,0.15,skip,training_upload_trigger_not_confirmed,1785296004.9378343,1785296004937834122,1384673154532576,26.5,52.53515625,-1.0,0,0
2026-07-28T23:33:24.938,10.42.0.1,10.42.0.47,3,1,DOWNLOAD,0.95,DOWNLOAD,0.95,-1,1448,0.3661510128942626,30,217200.0,79528.0,23,7,0.7319835000404411,0.2680164999595589,0.014428516276525541,0,0,0,0,1,0,0,0,0.28500000000000003,0.7500000000000001,0.0,0.0,0.15,skip,training_upload_trigger_not_confirmed,1785296004.9387941,1785296004938794158,1384673155492367,26.5,52.53515625,-1.0,0,0
2026-07-28T23:33:24.939,10.42.0.1,10.42.0.47,3,1,DOWNLOAD,0.95,DOWNLOAD,0.95,-1,18824,0.3369487848721445,31,236024.0,79528.0,24,7,0.7479718081330494,0.25202819186695063,0.012656551980582645,0,0,0,0,1,0,0,0,0.28500000000000003,0.7500000000000001,0.0,0.0,0.15,skip,training_upload_trigger_not_confirmed,1785296004.9397757,1785296004939775625,1384673156473956,26.5,52.53515625,-1.0,0,0
2026-07-28T23:33:24.940,10.42.0.1,10.42.0.47,3,1,DOWNLOAD,0.95,DOWNLOAD,0.95,-1,18824,0.31206052235327697,32,254848.0,79528.0,25,7,0.7621599636337536,0.23784003636624637,0.011116956309110212,0,0,0,0,1,0,0,0,0.28500000000000003,0.7500000000000001,0.0,0.0,0.15,skip,training_upload_trigger_not_confirmed,1785296004.9407487,1785296004940748743,1384673157446960,26.5,52.53515625,-1.0,0,0
2026-07-28T23:33:24.941,10.42.0.1,10.42.0.47,3,1,DOWNLOAD,0.95,DOWNLOAD,0.95,-1,16920,0.2926319507841518,33,271768.0,79528.0,26,7,0.7736154126434688,0.22638458735653125,0.009798148003911527,0,0,0,0,1,0,0,0,0.28500000000000003,0.7500000000000001,0.0,0.0,0.15,skip,training_upload_trigger_not_confirmed,1785296004.9418576,1785296004941857655,1384673158555900,26.5,52.53515625,-1.0,0,0
2026-07-28T23:33:24.942,10.42.0.145,10.42.0.47,2,1,DOWNLOAD,0.95,DOWNLOAD,0.95,-1,7300,1.3698630135109776e-10,1,7300.0,0.0,1,0,1.0,0.0,2.16128199233697,0,0,0,0,0,0,0,0,0.0225,0.0,0.0,0.0,0.15,skip,already_attacked_this_round,1785296004.9429598,1785296004942959858,1384673159658142,26.5,52.53515625,-1.0,0,0
2026-07-28T23:33:24.943,10.42.0.145,10.42.0.47,2,1,DOWNLOAD,0.95,DOWNLOAD,0.95,-1,7300,6.84931506802402e-11,2,14600.0,0.0,2,0,1.0,0.0,1.8760473687003905,0,0,0,0,0,0,0,0,0.0225,0.0,0.0,0.0,0.15,skip,already_attacked_this_round,1785296004.9436448,1785296004943644702,1384673160342787,26.5,52.53515625,-1.0,0,0
2026-07-28T23:33:24.944,10.42.0.1,10.42.0.47,3,1,DOWNLOAD,0.95,DOWNLOAD,0.95,-1,16920,0.27548079587902685,34,288688.0,79528.0,27,7,0.7840180763464922,0.2159819236535077,0.008849986902332543,0,0,0,0,1,0,0,0,0.28500000000000003,0.7500000000000001,0.0,0.0,0.15,skip,training_upload_trigger_not_confirmed,1785296004.9444604,1785296004944460184,1384673161158623,26.5,52.53515625,-1.0,0,0
2026-07-28T23:33:24.945,10.42.0.47,10.42.0.47,3,1,DOWNLOAD,0.95,DOWNLOAD,0.95,-1,7240,10.984530385361252,13,7240.0,79528.0,1,12,0.08344089987092015,0.9165591001290798,0.14917989620457062,0,0,0,0,0,0,0,0,0.057499999999999996,0.1,0.0,0.0,0.15,skip,training_upload_trigger_not_confirmed,1785296004.945456,1785296004945456102,1384673162154248,26.5,52.53515625,-1.0,0,0
2026-07-28T23:33:24.946,10.42.0.47,10.42.0.47,3,1,DOWNLOAD,0.9829981496648164,DOWNLOAD,0.9829981496648164,-1,7240,5.492265193059926,14,14480.0,79528.0,2,12,0.15402944430261253,0.8459705556973874,0.1296368053096487,0,0,0,0,0,0,0,0,0.057499999999999996,0.1,0.0,0.0,0.15,skip,training_upload_trigger_not_confirmed,1785296004.9463294,1785296004946329382,1384673163027967,26.5,52.53515625,-1.0,0,0
2026-07-28T23:33:24.947,10.42.0.1,10.42.0.47,3,1,DOWNLOAD,0.95,DOWNLOAD,0.95,-1,16920,0.26022878982467657,35,305608.0,79528.0,28,7,0.7935067093182668,0.2064932906817332,0.00807389544865447,0,0,0,0,1,0,0,0,0.28500000000000003,0.7500000000000001,0.0,0.0,0.15,skip,training_upload_trigger_not_confirmed,1785296004.9474208,1785296004947420829,1384673164119942,26.5,52.53515625,-1.0,0,0
2026-07-28T23:33:24.948,10.42.0.59,10.42.0.47,2,1,DOWNLOAD,0.95,DOWNLOAD,0.95,-1,7300,1.3698630135109776e-10,1,7300.0,0.0,1,0,1.0,0.0,1.9142949976749102,0,0,0,0,0,0,0,0,0.0225,0.0,0.0,0.0,0.15,skip,already_attacked_this_round,1785296004.9486284,1785296004948628357,1384673165326944,26.5,52.53515625,-1.0,0,0
2026-07-28T23:33:24.949,10.42.0.59,10.42.0.47,2,1,DOWNLOAD,0.95,DOWNLOAD,0.95,-1,7300,6.84931506802402e-11,2,14600.0,0.0,2,0,1.0,0.0,1.661986892658424,0,0,0,0,0,0,0,0,0.0225,0.0,0.0,0.0,0.15,skip,already_attacked_this_round,1785296004.9493616,1785296004949361615,1384673166059746,26.5,52.53515625,-1.0,0,0
2026-07-28T23:33:24.950,10.42.0.1,10.42.0.47,3,1,DOWNLOAD,0.95,DOWNLOAD,0.95,-1,15472,0.24768904946042203,36,321080.0,79528.0,29,7,0.80148174774343,0.19851825225657002,0.007351187432629937,0,0,0,0,1,0,0,0,0.28500000000000003,0.7500000000000001,0.0,0.0,0.15,skip,training_upload_trigger_not_confirmed,1785296004.9500103,1785296004950010361,1384673166708542,26.5,52.53515625,-1.0,0,0
2026-07-28T23:33:24.950,10.42.0.210,10.42.0.47,3,1,DOWNLOAD,0.9837933724362522,DOWNLOAD,0.9837933724362522,-1,7240,1.381215469422484e-10,1,7240.0,0.0,1,0,1.0,0.0,0.2746219859890138,0,0,0,0,0,0,0,0,0.0225,0.0,0.0,0.0,0.15,skip,training_upload_trigger_not_confirmed,1785296004.9509218,1785296004950921775,1384673167619843,26.5,52.53515625,-1.0,0,0
2026-07-28T23:33:24.951,10.42.0.210,10.42.0.47,3,1,DOWNLOAD,0.95,DOWNLOAD,0.95,-1,7240,6.90607734758936e-11,2,14480.0,0.0,2,0,1.0,0.0,0.2385178928485826,0,0,0,0,0,0,0,0,0.0225,0.0,0.0,0.0,0.15,skip,training_upload_trigger_not_confirmed,1785296004.9515598,1785296004951559681,1384673168257819,26.5,52.53515625,-1.0,0,0
2026-07-28T23:33:24.952,10.42.0.1,10.42.0.47,3,1,DOWNLOAD,0.95,DOWNLOAD,0.95,-1,6784,0.2425639899493614,37,327864.0,79528.0,30,7,0.8047875265100934,0.19521247348990653,0.006668167774018733,0,0,0,0,1,0,0,0,0.28500000000000003,0.7500000000000001,0.0,0.0,0.15,skip,training_upload_trigger_not_confirmed,1785296004.9521782,1785296004952178282,1384673168876417,26.5,52.53515625,-1.0,0,0
2026-07-28T23:33:24.952,10.42.0.18,10.42.0.47,3,1,DOWNLOAD,0.95,DOWNLOAD,0.95,-1,7300,1.3698630135109776e-10,1,7300.0,0.0,1,0,1.0,0.0,0.808809729385817,0,0,0,0,0,0,0,0,0.0225,0.0,0.0,0.0,0.15,skip,training_upload_trigger_not_confirmed,1785296004.9528081,1785296004952808126,1384673169506150,26.5,52.53515625,-1.0,0,0
2026-07-28T23:33:24.953,10.42.0.18,10.42.0.47,3,1,DOWNLOAD,0.9542487488473945,DOWNLOAD,0.9542487488473945,-1,7300,6.84931506802402e-11,2,14600.0,0.0,2,0,1.0,0.0,0.7022838362062855,0,0,0,0,0,0,0,0,0.0225,0.0,0.0,0.0,0.15,skip,training_upload_trigger_not_confirmed,1785296004.9534276,1785296004953427555,1384673170125627,26.5,52.53515625,-1.0,0,0
2026-07-28T23:33:24.954,10.42.0.145,10.42.0.47,2,1,DOWNLOAD,0.9502977781578233,DOWNLOAD,0.9502977781578233,0,43,6.84931506802402e-11,2,14600.0,0.0,2,0,1.0,0.0,2.109766654813858,0,0,0,0,0,0,0,0,0.0225,0.0,0.0,0.0,0.15,skip,already_attacked_this_round,1785296004.954278,1785296004954277920,1384673170976008,26.5,52.53515625,-1.0,0,0
2026-07-28T23:33:24.954,10.42.0.145,10.42.0.47,2,1,DOWNLOAD,0.9622578551498737,DOWNLOAD,0.9622578551498737,-1,14600,3.424657534129292e-11,3,29200.0,0.0,3,0,1.0,0.0,1.8329491862543221,0,0,0,0,0,0,0,0,0.0225,0.0,0.0,0.0,0.15,skip,already_attacked_this_round,1785296004.9549103,1785296004954910106,1384673171608109,26.5,52.53515625,-1.0,0,0
2026-07-28T23:33:24.955,10.42.0.145,10.42.0.47,2,1,DOWNLOAD,0.9724404009813347,DOWNLOAD,0.9724404009813347,-1,14600,2.2831050227789245e-11,4,43800.0,0.0,4,0,1.0,0.0,1.5913075500099452,0,0,0,0,0,0,0,0,0.0225,0.0,0.0,0.0,0.15,skip,already_attacked_this_round,1785296004.9555492,1785296004955549129,1384673172247121,53.7,52.59765625,-1.0,0,0
2026-07-28T23:33:24.958,10.42.0.210,10.42.0.47,3,1,DOWNLOAD,0.9557926560077417,DOWNLOAD,0.9557926560077417,-1,10136,4.062398439873968e-11,3,24616.0,0.0,3,0,1.0,0.0,0.20801495678406928,0,0,0,0,0,0,0,0,0.0225,0.0,0.0,0.0,0.15,skip,training_upload_trigger_not_confirmed,1785296004.9585993,1785296004958599448,1384673175299059,53.7,52.59765625,-1.0,0,0
2026-07-28T23:33:24.959,10.42.0.210,10.42.0.47,3,1,DOWNLOAD,0.9846998846180315,DOWNLOAD,0.9846998846180315,-1,4344,3.453038673913914e-11,4,28960.0,0.0,4,0,1.0,0.0,0.18074788267214212,0,0,0,0,0,0,0,0,0.0225,0.0,0.0,0.0,0.15,skip,training_upload_trigger_not_confirmed,1785296004.959692,1785296004959692042,1384673176390363,53.7,52.59765625,-1.0,0,0
2026-07-28T23:33:24.961,10.42.0.210,10.42.0.47,3,1,DOWNLOAD,0.9854895428954357,DOWNLOAD,0.9854895428954357,0,43,3.453038673913914e-11,4,28960.0,0.0,4,0,1.0,0.0,0.4277580431733026,0,0,0,0,0,0,0,0,0.0225,0.0,0.0,0.0,0.15,skip,training_upload_trigger_not_confirmed,1785296004.961074,1785296004961074184,1384673177772774,53.7,52.59765625,-1.0,0,0
2026-07-28T23:33:24.963,10.42.0.210,10.42.0.47,3,1,DOWNLOAD,0.9855083405864443,DOWNLOAD,0.9855083405864443,-1,14480,2.3020257826357728e-11,5,43440.0,0.0,5,0,1.0,0.0,0.3718992603791399,0,0,0,0,0,0,0,0,0.0225,0.0,0.0,0.0,0.15,skip,training_upload_trigger_not_confirmed,1785296004.9635532,1785296004963553215,1384673180254593,53.7,52.59765625,-1.0,0,0
2026-07-28T23:33:24.965,10.42.0.18,10.42.0.47,3,1,DOWNLOAD,0.9533712324037302,DOWNLOAD,0.9533712324037302,0,43,6.84931506802402e-11,2,14600.0,0.0,2,0,1.0,0.0,1.081119465021535,0,0,0,0,0,0,0,0,0.0225,0.0,0.0,0.0,0.15,skip,training_upload_trigger_not_confirmed,1785296004.9650764,1785296004965076532,1384673181775436,53.7,52.59765625,-1.0,0,0
2026-07-28T23:33:24.965,10.42.0.18,10.42.0.47,3,1,DOWNLOAD,0.9569715845377744,DOWNLOAD,0.9569715845377744,-1,14600,3.424657534129292e-11,3,29200.0,0.0,3,0,1.0,0.0,0.9402696337615107,0,0,0,0,0,0,0,0,0.0225,0.0,0.0,0.0,0.15,skip,training_upload_trigger_not_confirmed,1785296004.9658308,1785296004965830960,1384673182529353,53.7,52.59765625,-1.0,0,0
2026-07-28T23:33:24.966,10.42.0.18,10.42.0.47,3,1,DOWNLOAD,0.9641203183634699,DOWNLOAD,0.9641203183634699,-1,14600,2.2831050227789245e-11,4,43800.0,0.0,4,0,1.0,0.0,0.8164633219455908,0,0,0,0,0,0,0,0,0.0225,0.0,0.0,0.0,0.15,skip,training_upload_trigger_not_confirmed,1785296004.9666708,1785296004966670811,1384673183369728,53.7,52.59765625,-1.0,0,0
2026-07-28T23:33:24.968,10.42.0.59,10.42.0.47,2,1,DOWNLOAD,0.9481756216020015,DOWNLOAD,0.9481756216020015,0,43,6.84931506802402e-11,2,14600.0,0.0,2,0,1.0,0.0,1.92662741695366,0,0,0,0,0,0,0,0,0.0225,0.0,0.0,0.0,0.15,skip,already_attacked_this_round,1785296004.9685543,1785296004968554151,1384673185252224,53.7,52.59765625,-1.0,0,0
2026-07-28T23:33:24.969,10.42.0.59,10.42.0.47,2,1,DOWNLOAD,0.951726811650851,DOWNLOAD,0.951726811650851,-1,14600,3.424657534129292e-11,3,29200.0,0.0,3,0,1.0,0.0,1.6752759619382707,0,0,0,0,0,0,0,0,0.0225,0.0,0.0,0.0,0.15,skip,already_attacked_this_round,1785296004.9691947,1785296004969194849,1384673185893099,53.7,52.59765625,-1.0,0,0
2026-07-28T23:33:24.969,10.42.0.59,10.42.0.47,2,1,DOWNLOAD,0.9586341344637738,DOWNLOAD,0.9586341344637738,-1,14600,2.2831050227789245e-11,4,43800.0,0.0,4,0,1.0,0.0,1.454547787399344,0,0,0,0,0,0,0,0,0.0225,0.0,0.0,0.0,0.15,skip,already_attacked_this_round,1785296004.9698508,1785296004969850951,1384673186549059,53.7,52.59765625,-1.0,0,0
2026-07-28T23:33:24.971,10.42.0.47,10.42.0.47,3,1,DOWNLOAD,0.9842257140988042,DOWNLOAD,0.9842257140988042,0,43,5.492265193059926,14,14480.0,79528.0,2,12,0.15402944430261253,0.8459705556973874,0.1507748540781404,0,0,0,0,0,0,0,0,0.057499999999999996,0.1,0.0,0.0,0.15,skip,training_upload_trigger_not_confirmed,1785296004.9716651,1785296004971665071,1384673188363130,53.7,52.59765625,-1.0,0,0
2026-07-28T23:33:24.972,10.42.0.47,10.42.0.47,3,1,DOWNLOAD,0.95,DOWNLOAD,0.95,-1,10136,3.2307442313035932,15,24616.0,79528.0,3,12,0.23636503303118758,0.7636349669688124,0.1343688129508701,0,0,0,0,0,0,0,0,0.057499999999999996,0.1,0.0,0.0,0.15,skip,training_upload_trigger_not_confirmed,1785296004.9726036,1785296004972603549,1384673189301770,53.7,52.59765625,-1.0,0,0
2026-07-28T23:33:24.973,10.42.0.47,10.42.0.47,3,1,DOWNLOAD,0.95,DOWNLOAD,0.95,-1,14480,2.0341722938143496,16,39096.0,79528.0,4,12,0.3295791745346642,0.6704208254653359,0.1167895529807419,0,0,0,0,0,0,0,0,0.057499999999999996,0.1,0.0,0.0,0.15,skip,training_upload_trigger_not_confirmed,1785296004.9735684,1785296004973568463,1384673190266528,53.7,52.59765625,-1.0,0,0
2026-07-28T23:33:24.974,10.42.0.47,10.42.0.47,3,1,DOWNLOAD,0.95,DOWNLOAD,0.95,-1,4344,1.8307550644375976,17,43440.0,79528.0,5,12,0.3532626374341292,0.6467373625658708,0.10148749686483233,0,0,0,0,0,0,0,0,0.057499999999999996,0.1,0.0,0.0,0.15,skip,training_upload_trigger_not_confirmed,1785296004.974235,1785296004974235050,1384673190933178,53.7,52.59765625,-1.0,0,0
2026-07-28T23:33:24.976,10.42.0.210,10.42.0.47,3,1,DOWNLOAD,0.9855087208476458,DOWNLOAD,0.9855087208476458,-1,14480,1.7265193369867658e-11,6,57920.0,0.0,6,0,1.0,0.0,0.32465844095893553,0,0,0,0,0,0,0,0,0.0225,0.0,0.0,0.0,0.15,skip,training_upload_trigger_not_confirmed,1785296004.976955,1785296004976954752,1384673193653226,53.7,52.59765625,-1.0,0,0
2026-07-28T23:33:24.978,10.42.0.210,10.42.0.47,3,1,DOWNLOAD,0.9855087261970161,DOWNLOAD,0.9855087261970161,-1,5792,1.569563033626796e-11,7,63712.0,0.0,7,0,1.0,0.0,0.28202092218724994,0,0,0,0,0,0,0,0,0.0225,0.0,0.0,0.0,0.15,skip,training_upload_trigger_not_confirmed,1785296004.978049,1785296004978049038,1384673194747417,53.7,52.59765625,-1.0,0,0
2026-07-28T23:33:24.979,10.42.0.210,10.42.0.47,3,1,DOWNLOAD,0.9855087261721334,DOWNLOAD,0.9855087261721334,-1,8688,1.3812154695941821e-11,8,72400.0,0.0,8,0,1.0,0.0,0.24498553987673266,0,0,0,0,0,0,0,0,0.0225,0.0,0.0,0.0,0.15,skip,training_upload_trigger_not_confirmed,1785296004.9790187,1785296004979018702,1384673195716816,53.7,52.59765625,-1.0,0,0
2026-07-28T23:33:24.979,10.42.0.145,10.42.0.47,2,1,DOWNLOAD,0.9760404136649757,DOWNLOAD,0.9760404136649757,-1,29200,1.369863013679865e-11,5,73000.0,0.0,5,0,1.0,0.0,1.3847098599141847,0,0,0,0,0,0,0,0,0.0225,0.0,0.0,0.0,0.15,skip,already_attacked_this_round,1785296004.979973,1785296004979973033,1384673196671242,53.7,52.59765625,-1.0,0,0
2026-07-28T23:33:24.982,10.42.0.47,10.42.0.47,3,1,DOWNLOAD,0.95,DOWNLOAD,0.95,-1,18824,1.2772709751979108,18,62264.0,79528.0,6,12,0.4391220943353645,0.5608779056646355,0.08922331338796326,0,0,0,0,0,0,0,0,0.057499999999999996,0.1,0.0,0.0,0.15,skip,training_upload_trigger_not_confirmed,1785296004.9826531,1785296004982653188,1384673199351705,53.7,52.59765625,-1.0,0,0
2026-07-28T23:33:24.983,10.42.0.47,10.42.0.47,3,1,DOWNLOAD,0.95,DOWNLOAD,0.95,-1,15928,1.0170861469201826,19,78192.0,79528.0,7,12,0.4957646462084707,0.5042353537915293,0.07756494731541372,0,0,0,0,0,0,0,0,0.039999999999999994,0.05,0.0,0.0,0.15,skip,training_upload_trigger_not_confirmed,1785296004.9834044,1785296004983404305,1384673200102850,53.7,52.59765625,-1.0,0,0
2026-07-28T23:33:24.984,10.42.0.18,10.42.0.47,3,1,DOWNLOAD,0.9719457755694849,DOWNLOAD,0.9719457755694849,-1,14600,1.7123287670939668e-11,5,58400.0,0.0,5,0,1.0,0.0,0.7112334532106813,0,0,0,0,0,0,0,0,0.0225,0.0,0.0,0.0,0.15,skip,training_upload_trigger_not_confirmed,1785296004.9846392,1785296004984639106,1384673201337532,53.7,52.59765625,-1.0,0,0
2026-07-28T23:33:24.986,10.42.0.59,10.42.0.47,2,1,DOWNLOAD,0.9673394851293524,DOWNLOAD,0.9673394851293524,-1,21900,1.5220700151975332e-11,5,65700.0,0.0,5,0,1.0,0.0,1.2649866644274117,0,0,0,0,0,0,0,0,0.0225,0.0,0.0,0.0,0.15,skip,already_attacked_this_round,1785296004.986147,1785296004986146717,1384673202844956,53.7,52.59765625,-1.0,0,0
2026-07-28T23:33:24.986,10.42.0.59,10.42.0.47,2,1,DOWNLOAD,0.9738068400124192,DOWNLOAD,0.9738068400124192,-1,13484,1.2628813901638856e-11,6,79184.0,0.0,6,0,1.0,0.0,1.0983713174822385,0,0,0,0,0,0,0,0,0.0225,0.0,0.0,0.0,0.15,skip,already_attacked_this_round,1785296004.9869182,1785296004986918081,1384673203616609,53.7,52.59765625,-1.0,0,0
2026-07-28T23:33:24.994,10.42.0.47,10.42.0.47,3,1,DOWNLOAD,0.95,DOWNLOAD,0.95,-1,1009,1.0041287357482338,20,79201.0,79528.0,8,12,0.49896994248058013,0.5010300575194199,0.06874910423947642,0,0,0,0,0,0,0,0,0.039999999999999994,0.05,0.0,0.0,0.15,skip,training_upload_trigger_not_confirmed,1785296004.9940684,1785296004994068367,1384673210767067,53.7,52.59765625,-1.0,0,0
2026-07-28T23:33:24.996,10.42.0.18,10.42.0.47,3,1,DOWNLOAD,0.9769887317342745,DOWNLOAD,0.9769887317342745,-1,6201,1.5479636537894463e-11,6,64601.0,0.0,6,0,1.0,0.0,0.6190287154944523,0,0,0,0,0,0,0,0,0.0225,0.0,0.0,0.0,0.15,skip,training_upload_trigger_not_confirmed,1785296004.9961996,1785296004996199725,1384673212898052,53.7,52.59765625,-1.0,0,0
2026-07-28T23:33:25.311,10.42.0.59,10.42.0.47,2,3,UPLOAD,0.95,UPLOAD,0.95,1,64240,0.811275005053909,7,79184.0,64240.0,6,1,0.5520972780008925,0.4479027219991075,0.9987489950584336,0,0,0,1,1,1,1,1,0.85,1.0,1.0,0.4,0.8,skip,already_attacked_this_round,1785296005.3110015,1785296005311001701,1384673527700294,53.7,52.59765625,-1.0,0,0
2026-07-28T23:33:25.312,10.42.0.1,10.42.0.1,3,3,UPLOAD,0.95,UPLOAD,0.95,1,7240,0.264646316767731,38,327864.0,86768.0,30,8,0.7907349167454514,0.20926508325454862,0.05016280193197704,1,0,0,1,1,1,1,1,0.9699999999999999,1.0,1.0,1.0,0.8,trigger,training_upload_trigger_confirmed,1785296005.3125575,1785296005312557676,1384673529256917,53.7,52.59765625,35.389574,1785296005347949130,1384673564646491
2026-07-28T23:33:25.313,10.42.0.1,10.42.0.1,3,3,UPLOAD,0.95,UPLOAD,0.95,1,7240,0.2867286435861005,39,327864.0,94008.0,30,9,0.7771646376152008,0.22283536238479917,0.04368344774791912,1,0,1,1,1,1,1,1,0.9699999999999999,1.0,1.0,1.0,0.8,skip,attack_already_active,1785296005.3135502,1785296005313550397,1384673530250128,53.7,52.59765625,-1.0,0,0
2026-07-28T23:33:25.315,10.42.0.145,10.42.0.1,2,3,UPLOAD,0.95,UPLOAD,0.95,1,64240,0.8800000000016439,6,73000.0,64240.0,5,1,0.5319148936170213,0.46808510638297873,1.249723285591723,0,0,0,1,1,1,1,1,0.9299999999999999,1.0,1.0,0.8,0.8,skip,already_attacked_this_round,1785296005.3150697,1785296005315069753,1384673531768702,53.7,52.59765625,-1.0,0,0
2026-07-28T23:33:25.316,10.42.0.145,10.42.0.1,2,3,UPLOAD,0.9841010226033655,UPLOAD,0.9841010226033655,1,3609,0.9294383561653502,7,73000.0,67849.0,5,2,0.5182855398334386,0.48171446016656133,1.0851452125784087,0,0,0,1,1,1,1,1,0.9299999999999999,1.0,1.0,0.8,0.8,skip,already_attacked_this_round,1785296005.316276,1785296005316275931,1384673532975917,53.7,52.59765625,-1.0,0,0
2026-07-28T23:33:25.317,10.42.0.1,10.42.0.1,3,3,UPLOAD,0.95,UPLOAD,0.95,1,7240,0.3088109704044701,40,327864.0,101248.0,30,10,0.764052275396633,0.23594772460336697,0.03849014873154511,1,0,1,1,1,1,1,1,0.9699999999999999,1.0,1.0,1.0,0.8,skip,attack_already_active,1785296005.3178232,1785296005317823195,1384673534522014,53.7,52.59765625,-1.0,0,0
2026-07-28T23:33:25.318,10.42.0.1,10.42.0.1,3,3,UPLOAD,0.9508215294844203,UPLOAD,0.9508215294844203,1,7240,0.33089329722283967,41,327864.0,108488.0,30,11,0.7513750366676445,0.24862496333235554,0.03356205331214719,1,0,1,1,1,1,1,1,0.9699999999999999,1.0,1.0,1.0,0.8,skip,attack_already_active,1785296005.3189154,1785296005318915236,1384673535614037,53.7,52.59765625,-1.0,0,0
2026-07-28T23:33:25.340,10.42.0.1,10.42.0.1,3,3,UPLOAD,0.9521440267146912,UPLOAD,0.9521440267146912,1,1448,0.33530976258651357,42,327864.0,109936.0,30,12,0.7488899040657835,0.2511100959342165,0.032035432185383406,1,0,1,1,1,1,1,1,0.9699999999999999,1.0,1.0,1.0,0.8,skip,attack_already_active,1785296005.3408923,1785296005340892519,1384673557591335,53.7,52.59765625,-1.0,0,0
2026-07-28T23:33:25.341,10.42.0.1,10.42.0.1,3,3,UPLOAD,0.95,UPLOAD,0.95,1,1448,0.3397262279501875,43,327864.0,111384.0,30,13,0.7464211561577969,0.25357884384220303,0.027937168072167604,1,0,1,1,1,1,1,1,0.9699999999999999,1.0,1.0,1.0,0.8,skip,attack_already_active,1785296005.3418272,1785296005341826960,1384673558525287,53.7,52.59765625,-1.0,0,0
2026-07-28T23:33:25.344,10.42.0.1,10.42.0.1,3,3,UPLOAD,0.95,UPLOAD,0.95,1,10136,0.37064148549590487,44,327864.0,121520.0,30,14,0.7295853879977925,0.27041461200220746,0.024643768487914365,1,0,1,1,1,1,1,1,0.9699999999999999,1.0,1.0,1.0,0.8,skip,attack_already_active,1785296005.3447716,1785296005344771469,1384673561469830,53.7,52.59765625,-1.0,0,0
2026-07-28T23:33:25.345,10.42.0.1,10.42.0.1,3,3,UPLOAD,0.9238336182895805,UPLOAD,0.9238336182895805,0,43,0.37064148549590487,44,327864.0,121520.0,30,14,0.7295853879977925,0.27041461200220746,0.06785165108200603,1,0,1,1,1,1,1,1,0.8025,0.7500000000000001,1.0,0.6000000000000001,0.8,skip,attack_already_active,1785296005.3458235,1785296005345823428,1384673562521599,53.7,52.59765625,-1.0,0,0
2026-07-28T23:33:25.346,10.42.0.1,10.42.0.1,3,3,UPLOAD,0.9145265200508225,UPLOAD,0.9145265200508225,0,43,0.37064148549590487,44,327864.0,121520.0,30,14,0.7295853879977925,0.27041461200220746,0.05904415435360274,1,0,1,1,1,1,1,1,0.8025,0.7500000000000001,1.0,0.6000000000000001,0.8,skip,attack_already_active,1785296005.3468375,1785296005346837516,1384673563535742,53.7,52.59765625,-1.0,0,0
2026-07-28T23:33:25.347,10.42.0.1,10.42.0.1,3,3,UPLOAD,0.95,UPLOAD,0.95,1,14480,0.414806139132644,45,327864.0,136000.0,30,15,0.706810616904955,0.2931893830950451,0.05164322829145937,1,0,1,1,1,1,1,1,0.9699999999999999,1.0,1.0,1.0,0.8,skip,attack_already_active,1785296005.3476522,1785296005347652198,1384673564350996,53.7,52.59765625,-1.0,0,0
2026-07-28T23:33:25.348,10.42.0.1,10.42.0.1,3,3,UPLOAD,0.95,UPLOAD,0.95,1,14480,0.45897079276938313,46,327864.0,150480.0,30,16,0.6854146806482364,0.3145853193517636,0.04494727073539855,1,0,1,1,1,1,1,1,0.9699999999999999,1.0,1.0,1.0,0.8,skip,attack_already_active,1785296005.3484817,1785296005348481594,1384673565180170,53.7,52.59765625,-1.0,0,0
2026-07-28T23:33:25.349,10.42.0.1,10.42.0.1,3,3,UPLOAD,0.95,UPLOAD,0.95,1,14480,0.5031354464061223,47,327864.0,164960.0,30,17,0.6652760417512135,0.3347239582487866,0.03915836356985744,1,0,1,1,1,1,1,1,0.9699999999999999,1.0,1.0,1.0,0.8,skip,attack_already_active,1785296005.3494985,1785296005349498553,1384673566196868,53.7,52.59765625,-1.0,0,0
2026-07-28T23:33:25.350,10.42.0.1,10.42.0.1,3,3,UPLOAD,0.95,UPLOAD,0.95,1,5792,0.5208013078608179,48,327864.0,170752.0,30,18,0.657548093121761,0.34245190687823895,0.03408732815473192,1,0,1,1,1,1,1,1,0.9699999999999999,1.0,1.0,1.0,0.8,skip,attack_already_active,1785296005.3501742,1785296005350174097,1384673566872275,53.7,52.59765625,-1.0,0,0
2026-07-28T23:33:25.353,10.42.0.1,10.42.0.1,3,3,UPLOAD,0.95,UPLOAD,0.95,1,14480,0.5649659614975571,49,327864.0,185232.0,30,19,0.6389915337480705,0.36100846625192945,0.029972843966374344,1,0,1,1,1,1,1,1,0.9699999999999999,1.0,1.0,1.0,0.8,skip,attack_already_active,1785296005.3530378,1785296005353037709,1384673569736332,53.7,52.59765625,-1.0,0,0
2026-07-28T23:33:25.353,10.42.0.1,10.42.0.1,3,3,UPLOAD,0.95,UPLOAD,0.95,1,1448,0.569382426861231,50,327864.0,186680.0,30,20,0.6371933206878323,0.36280667931216765,0.026113607886726543,1,0,1,1,1,1,1,1,0.9699999999999999,1.0,1.0,1.0,0.8,skip,attack_already_active,1785296005.353724,1785296005353724010,1384673570422124,53.7,52.59765625,-1.0,0,0
2026-07-28T23:33:25.354,10.42.0.1,10.42.0.1,3,3,UPLOAD,0.95,UPLOAD,0.95,1,14480,0.61354708049797,51,327864.0,201160.0,30,21,0.619752601016211,0.380247398983789,0.022803763317493442,1,0,1,1,1,1,1,1,0.9699999999999999,1.0,1.0,1.0,0.8,skip,attack_already_active,1785296005.35472,1785296005354720022,1384673571418491,53.7,52.59765625,-1.0,0,0
2026-07-28T23:33:25.355,10.42.0.1,10.42.0.1,3,3,UPLOAD,0.95,UPLOAD,0.95,1,10136,0.6444623380436875,52,327864.0,211296.0,30,22,0.6081014912085466,0.3918985087914534,0.019945152149313382,1,0,1,1,1,1,1,1,0.9699999999999999,1.0,1.0,1.0,0.8,skip,attack_already_active,1785296005.3558307,1785296005355830868,1384673572529794,53.7,52.59765625,-1.0,0,0
2026-07-28T23:33:25.356,10.42.0.1,10.42.0.1,3,3,UPLOAD,0.95,UPLOAD,0.95,1,7240,0.666544664862057,53,327864.0,218536.0,30,23,0.6000439238653001,0.39995607613469986,0.017459211511644382,1,0,1,1,1,1,1,1,0.9699999999999999,1.0,1.0,1.0,0.8,skip,attack_already_active,1785296005.3569107,1785296005356910548,1384673573608945,53.7,52.59765625,-1.0,0,0
2026-07-28T23:33:25.358,10.42.0.1,10.42.0.1,3,3,UPLOAD,0.95,UPLOAD,0.95,1,5792,0.6842105263167526,54,327864.0,224328.0,30,24,0.59375,0.40625,0.01535376141997324,1,0,1,1,1,1,1,1,0.9699999999999999,1.0,1.0,1.0,0.8,skip,attack_already_active,1785296005.3583922,1785296005358392333,1384673575091562,53.7,52.59765625,-1.0,0,0
2026-07-28T23:33:25.359,10.42.0.1,10.42.0.1,3,3,UPLOAD,0.95,UPLOAD,0.95,1,12921,0.7236201595792048,55,327864.0,237249.0,30,25,0.5801742306405976,0.41982576935940247,0.013473477206291452,1,0,1,1,1,1,1,1,0.9699999999999999,1.0,1.0,1.0,0.8,skip,attack_already_active,1785296005.359477,1785296005359476875,1384673576175264,53.7,52.59765625,-1.0,0,0
2026-07-28T23:33:25.361,10.42.0.1,10.42.0.1,3,3,UPLOAD,0.95,UPLOAD,0.95,1,1336,0.7276950198871248,56,327864.0,238585.0,30,26,0.5788058589564109,0.4211941410435891,0.012015459138900288,1,0,1,1,1,1,1,1,0.9699999999999999,1.0,1.0,1.0,0.8,skip,attack_already_active,1785296005.361886,1785296005361885835,1384673578585270,53.7,52.59765625,-1.0,0,0
2026-07-28T23:33:25.414,10.42.0.18,10.42.0.1|10.42.0.18,3,3,UPLOAD,0.95,UPLOAD,0.95,1,8760,0.13560161608743515,7,64601.0,8760.0,6,1,0.8805905044914873,0.1194094955085127,0.5967421699789922,1,0,0,1,1,1,1,1,0.9699999999999999,1.0,1.0,1.0,0.8,trigger,training_upload_trigger_confirmed,1785296005.4149866,1785296005414986620,1384673631685286,53.7,52.59765625,77.953424,1785296005492941436,1384673709638710
2026-07-28T23:33:25.417,10.42.0.18,10.42.0.1|10.42.0.18,3,3,UPLOAD,0.9841010226033655,UPLOAD,0.9841010226033655,1,56940,1.017012120555146,8,64601.0,65700.0,6,2,0.49578284126752675,0.5042171587324733,0.5183835885941614,1,0,1,1,1,1,1,1,0.9699999999999999,1.0,1.0,1.0,0.8,skip,attack_already_active,1785296005.417108,1785296005417107912,1384673633806543,53.7,52.59765625,-1.0,0,0
2026-07-28T23:33:25.418,10.42.0.18,10.42.0.1|10.42.0.18,3,3,UPLOAD,0.9854688349332961,UPLOAD,0.9854688349332961,1,13828,1.2310645346011506,9,64601.0,79528.0,6,3,0.44821652824899916,0.5517834717510008,0.450219881432007,1,0,1,1,1,1,1,1,0.9699999999999999,1.0,1.0,1.0,0.8,skip,attack_already_active,1785296005.4182298,1785296005418229697,1384673634928090,53.7,52.59765625,-1.0,0,0
2026-07-28T23:33:25.419,10.42.0.1,10.42.0.1|10.42.0.18,3,3,UPLOAD,0.95,UPLOAD,0.95,1,7240,0.7497773467054945,57,327864.0,245825.0,30,27,0.5715012837966215,0.4284987162033785,0.011930302421696733,1,0,1,1,1,1,1,1,0.9699999999999999,1.0,1.0,1.0,0.8,skip,attack_already_active,1785296005.4193282,1785296005419328165,1384673636026461,53.7,52.59765625,-1.0,0,0
2026-07-28T23:33:25.420,10.42.0.1,10.42.0.1|10.42.0.18,3,3,UPLOAD,0.95,UPLOAD,0.95,1,7240,0.771859673523864,58,327864.0,253065.0,30,28,0.5643787795066179,0.43562122049338214,0.010462467779066734,1,0,1,1,1,1,1,1,0.9699999999999999,1.0,1.0,1.0,0.8,skip,attack_already_active,1785296005.4201195,1785296005420119675,1384673636817962,53.7,52.59765625,-1.0,0,0
2026-07-28T23:33:25.421,10.42.0.1,10.42.0.1|10.42.0.18,3,3,UPLOAD,0.7444909436831474,UPLOAD,0.7444909436831474,0,43,0.771859673523864,58,327864.0,253065.0,30,28,0.5643787795066179,0.43562122049338214,0.018900425114232188,1,0,1,1,1,1,1,1,0.8025,0.7500000000000001,1.0,0.6000000000000001,0.8,skip,attack_already_active,1785296005.4213333,1785296005421333188,1384673638032151,53.7,52.59765625,-1.0,0,0
2026-07-28T23:33:25.422,10.42.0.1,10.42.0.1|10.42.0.18,3,3,UPLOAD,0.95,UPLOAD,0.95,1,10136,0.8027749310695814,59,327864.0,263201.0,30,29,0.5547004136600882,0.44529958633991185,0.016676157626554482,1,0,1,1,1,1,1,1,0.9699999999999999,1.0,1.0,1.0,0.8,skip,attack_already_active,1785296005.4221406,1785296005422140615,1384673638838960,53.7,52.59765625,-1.0,0,0
2026-07-28T23:33:25.423,10.42.0.1,10.42.0.1|10.42.0.18,3,3,UPLOAD,0.95,UPLOAD,0.95,1,4344,0.8160243271606031,60,327864.0,267545.0,30,30,0.5506534163910858,0.4493465836089142,0.014623626074046795,1,0,1,1,1,1,1,1,0.9699999999999999,1.0,1.0,1.0,0.8,skip,attack_already_active,1785296005.4232407,1785296005423240775,1384673639939618,53.7,52.59765625,-1.0,0,0
2026-07-28T23:33:25.425,10.42.0.1,10.42.0.1|10.42.0.18,3,3,UPLOAD,0.95,UPLOAD,0.95,1,14480,0.8601889807973422,61,327864.0,282025.0,30,31,0.5375797891091658,0.46242021089083424,0.01305419929207837,1,0,1,1,1,1,1,1,0.9699999999999999,1.0,1.0,1.0,0.8,skip,attack_already_active,1785296005.4259543,1785296005425954226,1384673642652523,53.7,52.59765625,-1.0,0,0
2026-07-28T23:33:25.426,10.42.0.1,10.42.0.1|10.42.0.18,3,3,UPLOAD,0.95,UPLOAD,0.95,1,14480,0.9043536344340813,62,327864.0,296505.0,30,32,0.525112553634149,0.47488744636585095,0.011439677523054265,1,0,1,1,1,1,1,1,0.9699999999999999,1.0,1.0,1.0,0.8,skip,attack_already_active,1785296005.4267564,1785296005426756337,1384673643454797,53.7,52.59765625,-1.0,0,0
2026-07-28T23:33:25.427,10.42.0.1,10.42.0.1|10.42.0.18,3,3,UPLOAD,0.95,UPLOAD,0.95,1,5792,0.922019495888777,63,327864.0,302297.0,30,33,0.5202860856193894,0.4797139143806107,0.010030148384531576,1,0,1,1,1,1,1,1,0.9699999999999999,1.0,1.0,1.0,0.8,skip,attack_already_active,1785296005.4274995,1785296005427499615,1384673644197994,53.7,52.59765625,-1.0,0,0
2026-07-28T23:33:25.428,10.42.0.1,10.42.0.1|10.42.0.18,3,3,UPLOAD,0.95,UPLOAD,0.95,1,5792,0.9396853573434727,64,327864.0,308089.0,30,34,0.5155475326006796,0.4844524673993204,0.008843997342447344,1,0,1,1,1,1,1,1,0.9699999999999999,1.0,1.0,1.0,0.8,skip,attack_already_active,1785296005.4285283,1785296005428528279,1384673645226518,53.7,52.59765625,-1.0,0,0
2026-07-28T23:33:25.430,10.42.0.1,10.42.0.1|10.42.0.18,3,3,UPLOAD,0.95,UPLOAD,0.95,1,7240,0.9617676841618422,65,327864.0,315329.0,30,35,0.5097443535610617,0.4902556464389382,0.007893794039717445,1,0,1,1,1,1,1,1,0.9699999999999999,1.0,1.0,1.0,0.8,skip,attack_already_active,1785296005.4301615,1785296005430161487,1384673646859773,53.7,52.59765625,-1.0,0,0
2026-07-28T23:33:25.430,10.42.0.1,10.42.0.1|10.42.0.18,3,3,UPLOAD,0.95,UPLOAD,0.95,1,2784,0.9702590098334363,66,327864.0,318113.0,30,36,0.5075474823407026,0.4924525176592975,0.006952841347821741,1,0,1,1,1,1,1,1,0.9699999999999999,1.0,1.0,1.0,0.8,skip,attack_already_active,1785296005.4309146,1785296005430914543,1384673647612700,53.7,52.59765625,-1.0,0,0
2026-07-28T23:33:26.562,10.42.0.210,10.42.0.1|10.42.0.210|10.42.0.18,3,3,UPLOAD,0.95,UPLOAD,0.95,1,1448,100.0,1,0.0,1448.0,0,1,0.0,1.0,0.42366433475283494,1,0,0,1,1,1,1,1,0.9525,0.95,1.0,1.0,0.8,trigger,training_upload_trigger_confirmed,1785296006.5620036,1785296006562003819,1384674778703774,5.1,52.66796875,9.608262,1785296006571614730,1384674788312036
2026-07-28T23:33:26.563,10.42.0.210,10.42.0.1|10.42.0.210|10.42.0.18,3,3,UPLOAD,0.9841010226033655,UPLOAD,0.9841010226033655,1,1448,100.0,2,0.0,2896.0,0,2,0.0,1.0,0.3680153659941448,1,0,1,1,1,1,1,1,0.9699999999999999,1.0,1.0,1.0,0.8,skip,attack_already_active,1785296006.5633633,1785296006563363362,1384674780066628,5.1,52.66796875,-1.0,0,0
2026-07-28T23:33:26.565,10.42.0.210,10.42.0.1|10.42.0.210|10.42.0.18,3,3,UPLOAD,0.9854688349332961,UPLOAD,0.9854688349332961,1,1448,100.0,3,0.0,4344.0,0,3,0.0,1.0,0.31978342662559384,1,0,1,1,1,1,1,1,0.9699999999999999,1.0,1.0,1.0,0.8,skip,attack_already_active,1785296006.5653598,1785296006565359975,1384674782059026,5.1,52.66796875,-1.0,0,0
2026-07-28T23:33:26.566,10.42.0.210,10.42.0.1|10.42.0.210|10.42.0.18,3,3,UPLOAD,0.9855076450773014,UPLOAD,0.9855076450773014,1,1448,100.0,4,0.0,5792.0,0,4,0.0,1.0,0.2778154235646668,1,0,1,1,1,1,1,1,0.9699999999999999,1.0,1.0,1.0,0.8,skip,attack_already_active,1785296006.5666597,1785296006566659503,1384674783358015,5.1,52.66796875,-1.0,0,0
2026-07-28T23:33:26.568,10.42.0.210,10.42.0.1|10.42.0.210|10.42.0.18,3,3,UPLOAD,0.9855086980780915,UPLOAD,0.9855086980780915,1,1448,100.0,5,0.0,7240.0,0,5,0.0,1.0,0.24141753776237135,1,0,1,1,1,1,1,1,0.9699999999999999,1.0,1.0,1.0,0.8,skip,attack_already_active,1785296006.5682616,1785296006568261699,1384674784960671,5.1,52.66796875,-1.0,0,0
2026-07-28T23:33:26.569,10.42.0.210,10.42.0.1|10.42.0.210|10.42.0.18,3,3,UPLOAD,0.9855087254685951,UPLOAD,0.9855087254685951,1,1448,100.0,6,0.0,8688.0,0,6,0.0,1.0,0.2097774147767301,1,0,1,1,1,1,1,1,0.9699999999999999,1.0,1.0,1.0,0.8,skip,attack_already_active,1785296006.569571,1785296006569571130,1384674786271289,5.1,52.66796875,-1.0,0,0
2026-07-28T23:33:26.571,10.42.0.210,10.42.0.1|10.42.0.210|10.42.0.18,3,3,UPLOAD,0.9855087261493067,UPLOAD,0.9855087261493067,1,1448,100.0,7,0.0,10136.0,0,7,0.0,1.0,0.182340048972848,1,0,1,1,1,1,1,1,0.9699999999999999,1.0,1.0,1.0,0.8,skip,attack_already_active,1785296006.5711339,1785296006571133883,1384674787832429,5.1,52.66796875,-1.0,0,0
2026-07-28T23:33:26.572,10.42.0.210,10.42.0.1|10.42.0.210|10.42.0.18,3,3,UPLOAD,0.9855087261653082,UPLOAD,0.9855087261653082,1,1448,100.0,8,0.0,11584.0,0,8,0.0,1.0,0.15844640710974267,1,0,1,1,1,1,1,1,0.9699999999999999,1.0,1.0,1.0,0.8,skip,attack_already_active,1785296006.5721517,1785296006572151602,1384674788849994,5.1,52.66796875,-1.0,0,0
2026-07-28T23:33:26.573,10.42.0.210,10.42.0.1|10.42.0.210|10.42.0.18,3,3,UPLOAD,0.985508726165656,UPLOAD,0.985508726165656,1,1448,100.0,9,0.0,13032.0,0,9,0.0,1.0,0.1377715552819479,1,0,1,1,1,1,1,1,0.9699999999999999,1.0,1.0,1.0,0.8,skip,attack_already_active,1785296006.5737023,1785296006573702330,1384674790401240,5.1,52.66796875,-1.0,0,0
2026-07-28T23:33:26.574,10.42.0.210,10.42.0.1|10.42.0.210|10.42.0.18,3,3,UPLOAD,0.9855087261656625,UPLOAD,0.9855087261656625,1,1448,100.0,10,0.0,14480.0,0,10,0.0,1.0,0.11975894587491637,1,0,1,1,1,1,1,1,0.9699999999999999,1.0,1.0,1.0,0.8,skip,attack_already_active,1785296006.5747812,1785296006574781272,1384674791480091,5.1,52.66796875,-1.0,0,0
2026-07-28T23:33:26.576,10.42.0.210,10.42.0.1|10.42.0.210|10.42.0.18,3,3,UPLOAD,0.9855087261656628,UPLOAD,0.9855087261656628,1,1448,100.0,11,0.0,15928.0,0,11,0.0,1.0,0.1042363088558589,1,0,1,1,1,1,1,1,0.9699999999999999,1.0,1.0,1.0,0.8,skip,attack_already_active,1785296006.5767431,1785296006576743091,1384674793442150,5.1,52.66796875,-1.0,0,0
2026-07-28T23:33:26.577,10.42.0.210,10.42.0.1|10.42.0.210|10.42.0.18,3,3,UPLOAD,0.95,UPLOAD,0.95,1,1448,100.0,12,0.0,17376.0,0,12,0.0,1.0,0.0906459618979287,1,0,1,1,1,1,1,1,0.9699999999999999,1.0,1.0,1.0,0.8,skip,attack_already_active,1785296006.577846,1785296006577846109,1384674794544785,5.1,52.66796875,-1.0,0,0
2026-07-28T23:33:26.579,10.42.0.210,10.42.0.1|10.42.0.210|10.42.0.18,3,3,UPLOAD,0.95,UPLOAD,0.95,1,1448,100.0,13,0.0,18824.0,0,13,0.0,1.0,0.07889734059374562,1,0,1,1,1,1,1,1,0.9699999999999999,1.0,1.0,1.0,0.8,skip,attack_already_active,1785296006.579335,1785296006579334974,1384674796033692,5.1,52.66796875,-1.0,0,0
2026-07-28T23:33:26.580,10.42.0.210,10.42.0.1|10.42.0.210|10.42.0.18,3,3,UPLOAD,0.95,UPLOAD,0.95,1,1448,100.0,14,0.0,20272.0,0,14,0.0,1.0,0.06861831249940063,1,0,1,1,1,1,1,1,0.9699999999999999,1.0,1.0,1.0,0.8,skip,attack_already_active,1785296006.5802276,1785296006580227548,1384674796926056,5.1,52.66796875,-1.0,0,0
2026-07-28T23:33:26.581,10.42.0.210,10.42.0.1|10.42.0.210|10.42.0.18,3,3,UPLOAD,0.95,UPLOAD,0.95,1,1448,100.0,15,0.0,21720.0,0,15,0.0,1.0,0.05976307341879107,1,0,1,1,1,1,1,1,0.9699999999999999,1.0,1.0,1.0,0.8,skip,attack_already_active,1785296006.581646,1785296006581646177,1384674798344652,5.1,52.66796875,-1.0,0,0
2026-07-28T23:33:26.582,10.42.0.210,10.42.0.1|10.42.0.210|10.42.0.18,3,3,UPLOAD,0.95,UPLOAD,0.95,1,1448,100.0,16,0.0,23168.0,0,16,0.0,1.0,0.05202552898781429,1,0,1,1,1,1,1,1,0.9699999999999999,1.0,1.0,1.0,0.8,skip,attack_already_active,1785296006.582691,1785296006582691106,1384674799389641,5.1,52.66796875,-1.0,0,0
2026-07-28T23:33:26.584,10.42.0.210,10.42.0.1|10.42.0.210|10.42.0.18,3,3,UPLOAD,0.95,UPLOAD,0.95,1,1448,100.0,17,0.0,24616.0,0,17,0.0,1.0,0.045368074016049406,1,0,1,1,1,1,1,1,0.9699999999999999,1.0,1.0,1.0,0.8,skip,attack_already_active,1785296006.584195,1785296006584194766,1384674800893219,5.1,52.66796875,-1.0,0,0
2026-07-28T23:33:26.585,10.42.0.210,10.42.0.1|10.42.0.210|10.42.0.18,3,3,UPLOAD,0.95,UPLOAD,0.95,1,1448,100.0,18,0.0,26064.0,0,18,0.0,1.0,0.03953326663614594,1,0,1,1,1,1,1,1,0.9699999999999999,1.0,1.0,1.0,0.8,skip,attack_already_active,1785296006.5852842,1785296006585284409,1384674801983454,5.1,52.66796875,-1.0,0,0
2026-07-28T23:33:26.586,10.42.0.210,10.42.0.1|10.42.0.210|10.42.0.18,3,3,UPLOAD,0.95,UPLOAD,0.95,1,1448,100.0,19,0.0,27512.0,0,19,0.0,1.0,0.03453215216376894,1,0,1,1,1,1,1,1,0.9699999999999999,1.0,1.0,1.0,0.8,skip,attack_already_active,1785296006.5868654,1785296006586865455,1384674803564376,5.1,52.66796875,-1.0,0,0
2026-07-28T23:33:26.588,10.42.0.210,10.42.0.1|10.42.0.210|10.42.0.18,3,3,UPLOAD,0.95,UPLOAD,0.95,1,1448,100.0,20,0.0,28960.0,0,20,0.0,1.0,0.03013639583574507,1,0,1,1,1,1,1,1,0.9699999999999999,1.0,1.0,1.0,0.8,skip,attack_already_active,1785296006.5880394,1785296006588039406,1384674804738380,5.1,52.66796875,-1.0,0,0
2026-07-28T23:33:26.589,10.42.0.210,10.42.0.1|10.42.0.210|10.42.0.18,3,3,UPLOAD,0.95,UPLOAD,0.95,1,1448,100.0,21,0.0,30408.0,0,21,0.0,1.0,0.02635045717237291,1,0,1,1,1,1,1,1,0.9699999999999999,1.0,1.0,1.0,0.8,skip,attack_already_active,1785296006.5894454,1785296006589445444,1384674806143894,5.1,52.66796875,-1.0,0,0
2026-07-28T23:33:26.590,10.42.0.210,10.42.0.1|10.42.0.210|10.42.0.18,3,3,UPLOAD,0.95,UPLOAD,0.95,1,1448,100.0,22,0.0,31856.0,0,22,0.0,1.0,0.023014742886214773,1,0,1,1,1,1,1,1,0.9699999999999999,1.0,1.0,1.0,0.8,skip,attack_already_active,1785296006.590482,1785296006590481826,1384674807181028,5.1,52.66796875,-1.0,0,0
2026-07-28T23:33:26.592,10.42.0.210,10.42.0.1|10.42.0.210|10.42.0.18,3,3,UPLOAD,0.95,UPLOAD,0.95,1,1448,100.0,23,0.0,33304.0,0,23,0.0,1.0,0.02019622317520106,1,0,1,1,1,1,1,1,0.9699999999999999,1.0,1.0,1.0,0.8,skip,attack_already_active,1785296006.5921078,1785296006592107765,1384674808806227,5.1,52.66796875,-1.0,0,0
2026-07-28T23:33:26.593,10.42.0.210,10.42.0.1|10.42.0.210|10.42.0.18,3,3,UPLOAD,0.95,UPLOAD,0.95,1,1448,100.0,24,0.0,34752.0,0,24,0.0,1.0,0.01767012885310546,1,0,1,1,1,1,1,1,0.9699999999999999,1.0,1.0,1.0,0.8,skip,attack_already_active,1785296006.5931342,1785296006593134116,1384674809832587,5.1,52.66796875,-1.0,0,0
2026-07-28T23:33:26.594,10.42.0.210,10.42.0.1|10.42.0.210|10.42.0.18,3,3,UPLOAD,0.95,UPLOAD,0.95,1,1448,100.0,25,0.0,36200.0,0,25,0.0,1.0,0.015539367221852403,1,0,1,1,1,1,1,1,0.9699999999999999,1.0,1.0,1.0,0.8,skip,attack_already_active,1785296006.5946345,1785296006594634408,1384674811333035,5.1,52.66796875,-1.0,0,0
2026-07-28T23:33:26.595,10.42.0.210,10.42.0.1|10.42.0.210|10.42.0.18,3,3,UPLOAD,0.95,UPLOAD,0.95,1,1448,100.0,26,0.0,37648.0,0,26,0.0,1.0,0.013633273950514856,1,0,1,1,1,1,1,1,0.9699999999999999,1.0,1.0,1.0,0.8,skip,attack_already_active,1785296006.595709,1785296006595709238,1384674812408380,5.1,52.66796875,-1.0,0,0
2026-07-28T23:33:26.597,10.42.0.210,10.42.0.1|10.42.0.210|10.42.0.18,3,3,UPLOAD,0.95,UPLOAD,0.95,1,1448,100.0,27,0.0,39096.0,0,27,0.0,1.0,0.012033178612877187,1,0,1,1,1,1,1,1,0.9699999999999999,1.0,1.0,1.0,0.8,skip,attack_already_active,1785296006.5971997,1785296006597199522,1384674813898337,5.1,52.66796875,-1.0,0,0
2026-07-28T23:33:26.598,10.42.0.210,10.42.0.1|10.42.0.210|10.42.0.18,3,3,UPLOAD,0.95,UPLOAD,0.95,1,1448,100.0,28,0.0,40544.0,0,28,0.0,1.0,0.010587006511688524,1,0,1,1,1,1,1,1,0.9699999999999999,1.0,1.0,1.0,0.8,skip,attack_already_active,1785296006.5982583,1785296006598258079,1384674814956466,5.1,52.66796875,-1.0,0,0
2026-07-28T23:33:26.599,10.42.0.210,10.42.0.1|10.42.0.210|10.42.0.18,3,3,UPLOAD,0.95,UPLOAD,0.95,1,1448,100.0,29,0.0,41992.0,0,29,0.0,1.0,0.00938641498120887,1,0,1,1,1,1,1,1,0.9699999999999999,1.0,1.0,1.0,0.8,skip,attack_already_active,1785296006.5997343,1785296006599734281,1384674816432773,5.1,52.66796875,-1.0,0,0
2026-07-28T23:33:26.600,10.42.0.210,10.42.0.1|10.42.0.210|10.42.0.18,3,3,UPLOAD,0.95,UPLOAD,0.95,1,1448,100.0,30,0.0,43440.0,0,30,0.0,1.0,0.008281038711260591,1,0,1,1,1,1,1,1,0.9699999999999999,1.0,1.0,1.0,0.8,skip,attack_already_active,1785296006.6007323,1785296006600732398,1384674817431104,5.1,52.66796875,-1.0,0,0
2026-07-28T23:33:26.602,10.42.0.210,10.42.0.1|10.42.0.210|10.42.0.18,3,3,UPLOAD,0.95,UPLOAD,0.95,1,1448,100.0,31,0.0,44888.0,0,31,0.0,1.0,0.007373570084012901,1,0,1,1,1,1,1,1,0.9699999999999999,1.0,1.0,1.0,0.8,skip,attack_already_active,1785296006.6021268,1785296006602126811,1384674818825087,5.1,52.66796875,-1.0,0,0
2026-07-28T23:33:26.603,10.42.0.210,10.42.0.1|10.42.0.210|10.42.0.18,3,3,UPLOAD,0.95,UPLOAD,0.95,1,1448,100.0,32,0.0,46336.0,0,32,0.0,1.0,0.006590049683005986,1,0,1,1,1,1,1,1,0.9699999999999999,1.0,1.0,1.0,0.8,skip,attack_already_active,1785296006.6035545,1785296006603554465,1384674820252911,5.1,52.66796875,-1.0,0,0
2026-07-28T23:33:26.604,10.42.0.210,10.42.0.1|10.42.0.210|10.42.0.18,3,3,UPLOAD,0.95,UPLOAD,0.95,1,1448,100.0,33,0.0,47784.0,0,33,0.0,1.0,0.005890455515435715,1,0,1,1,1,1,1,1,0.9699999999999999,1.0,1.0,1.0,0.8,skip,attack_already_active,1785296006.6048355,1785296006604835637,1384674821534519,5.1,52.66796875,-1.0,0,0
2026-07-28T23:33:26.605,10.42.0.210,10.42.0.1|10.42.0.210|10.42.0.18,3,3,UPLOAD,0.95,UPLOAD,0.95,1,1448,100.0,34,0.0,49232.0,0,34,0.0,1.0,0.0052601152360884605,1,0,1,1,1,1,1,1,0.9699999999999999,1.0,1.0,1.0,0.8,skip,attack_already_active,1785296006.6059425,1785296006605942566,1384674822642280,5.1,52.66796875,-1.0,0,0
2026-07-28T23:33:26.607,10.42.0.210,10.42.0.1|10.42.0.210|10.42.0.18,3,3,UPLOAD,0.95,UPLOAD,0.95,1,1448,100.0,35,0.0,50680.0,0,35,0.0,1.0,0.004729897404721942,1,0,1,1,1,1,1,1,0.9699999999999999,1.0,1.0,1.0,0.8,skip,attack_already_active,1785296006.607179,1785296006607178938,1384674823878336,5.1,52.66796875,-1.0,0,0
2026-07-28T23:33:26.610,10.42.0.1,10.42.0.1|10.42.0.210|10.42.0.18,3,3,UPLOAD,0.95,UPLOAD,0.95,1,7240,100.0,1,0.0,7240.0,0,1,0.0,1.0,0.1559552643047846,1,0,1,1,1,1,1,1,0.9699999999999999,1.0,1.0,1.0,0.8,skip,attack_already_active,1785296006.610342,1785296006610342044,1384674827040939,5.1,52.66796875,-1.0,0,0
2026-07-28T23:33:26.611,10.42.0.1,10.42.0.1|10.42.0.210|10.42.0.18,3,3,UPLOAD,0.9667696138200859,UPLOAD,0.9667696138200859,1,7240,100.0,2,0.0,14480.0,0,2,0.0,1.0,0.13554537527134342,1,0,1,1,1,1,1,1,0.9699999999999999,1.0,1.0,1.0,0.8,skip,attack_already_active,1785296006.6114123,1785296006611412284,1384674828110624,5.1,52.66796875,-1.0,0,0
2026-07-28T23:33:26.667,10.42.0.47,10.42.0.1|10.42.0.210|10.42.0.18|10.42.0.47,3,3,UPLOAD,0.95,UPLOAD,0.95,1,7240,100.0,1,0.0,7240.0,0,1,0.0,1.0,0.28319858046115964,1,0,0,1,1,1,1,1,0.9699999999999999,1.0,1.0,1.0,0.8,trigger,training_upload_trigger_confirmed,1785296006.6678114,1785296006667811412,1384674884510290,5.1,52.66796875,122.228273,1785296006790041281,1384675006738563
2026-07-28T23:33:26.668,10.42.0.47,10.42.0.1|10.42.0.210|10.42.0.18|10.42.0.47,3,3,UPLOAD,0.9560037754702023,UPLOAD,0.9560037754702023,1,2896,100.0,2,0.0,10136.0,0,2,0.0,1.0,0.24601962662686983,1,0,1,1,1,1,1,1,0.9699999999999999,1.0,1.0,1.0,0.8,skip,attack_already_active,1785296006.6688693,1785296006668869251,1384674885567532,5.1,52.66796875,-1.0,0,0
2026-07-28T23:33:26.670,10.42.0.47,10.42.0.1|10.42.0.210|10.42.0.18|10.42.0.47,3,3,UPLOAD,0.9579305071663986,UPLOAD,0.9579305071663986,1,4344,100.0,3,0.0,14480.0,0,3,0.0,1.0,0.21378713386581003,1,0,1,1,1,1,1,1,0.9699999999999999,1.0,1.0,1.0,0.8,skip,attack_already_active,1785296006.6702855,1785296006670285494,1384674886983808,5.1,52.66796875,-1.0,0,0
2026-07-28T23:33:26.671,10.42.0.47,10.42.0.1|10.42.0.210|10.42.0.47|10.42.0.18,3,3,UPLOAD,0.9600276530476193,UPLOAD,0.9600276530476193,1,10136,100.0,4,0.0,24616.0,0,4,0.0,1.0,0.18579411450766758,1,0,1,1,1,1,1,1,0.9699999999999999,1.0,1.0,1.0,0.8,skip,attack_already_active,1785296006.6716413,1785296006671641336,1384674888339552,5.1,52.66796875,-1.0,0,0
2026-07-28T23:33:26.673,10.42.0.47,10.42.0.1|10.42.0.210|10.42.0.47|10.42.0.18,3,3,UPLOAD,0.9613278885673863,UPLOAD,0.9613278885673863,1,1448,100.0,5,0.0,26064.0,0,5,0.0,1.0,0.1615032144180658,1,0,1,1,1,1,1,1,0.9699999999999999,1.0,1.0,1.0,0.8,skip,attack_already_active,1785296006.6730986,1785296006673098583,1384674889796908,5.1,52.66796875,-1.0,0,0
2026-07-28T23:33:26.674,10.42.0.47,10.42.0.1|10.42.0.210|10.42.0.47|10.42.0.18,3,3,UPLOAD,0.9562611811769799,UPLOAD,0.9562611811769799,1,8688,100.0,6,0.0,34752.0,0,6,0.0,1.0,0.1403534169281142,1,0,1,1,1,1,1,1,0.9699999999999999,1.0,1.0,1.0,0.8,skip,attack_already_active,1785296006.6741018,1785296006674101713,1384674890800083,5.1,52.66796875,-1.0,0,0
2026-07-28T23:33:26.675,10.42.0.47,10.42.0.1|10.42.0.210|10.42.0.47|10.42.0.18,3,3,UPLOAD,0.9562304817906647,UPLOAD,0.9562304817906647,1,5792,100.0,7,0.0,40544.0,0,7,0.0,1.0,0.12204752050953856,1,0,1,1,1,1,1,1,0.9699999999999999,1.0,1.0,1.0,0.8,skip,attack_already_active,1785296006.6755369,1785296006675536843,1384674892235204,5.1,52.66796875,-1.0,0,0
2026-07-28T23:33:26.676,10.42.0.47,10.42.0.1|10.42.0.210|10.42.0.47|10.42.0.18,3,3,UPLOAD,0.9569035561480778,UPLOAD,0.9569035561480778,1,4344,100.0,8,0.0,44888.0,0,8,0.0,1.0,0.10609509219901564,1,0,1,1,1,1,1,1,0.9699999999999999,1.0,1.0,1.0,0.8,skip,attack_already_active,1785296006.6765258,1785296006676525864,1384674893224301,5.1,52.66796875,-1.0,0,0
2026-07-28T23:33:26.678,10.42.0.47,10.42.0.1|10.42.0.210|10.42.0.47|10.42.0.18,3,3,UPLOAD,0.9590773656975614,UPLOAD,0.9590773656975614,1,5792,100.0,9,0.0,50680.0,0,9,0.0,1.0,0.0923092870383115,1,0,1,1,1,1,1,1,0.9699999999999999,1.0,1.0,1.0,0.8,skip,attack_already_active,1785296006.6780043,1785296006678004334,1384674894702560,5.1,52.66796875,-1.0,0,0
2026-07-28T23:33:26.678,10.42.0.47,10.42.0.1|10.42.0.210|10.42.0.47|10.42.0.18,3,3,UPLOAD,0.9613006598857019,UPLOAD,0.9613006598857019,1,4344,100.0,10,0.0,55024.0,0,10,0.0,1.0,0.0802670221546274,1,0,1,1,1,1,1,1,0.9699999999999999,1.0,1.0,1.0,0.8,skip,attack_already_active,1785296006.6789281,1785296006678928181,1384674895626244,5.1,52.66796875,-1.0,0,0
2026-07-28T23:33:26.680,10.42.0.1,10.42.0.1|10.42.0.210|10.42.0.47|10.42.0.18,3,3,UPLOAD,0.9712803254890904,UPLOAD,0.9712803254890904,1,14480,100.0,3,0.0,28960.0,0,3,0.0,1.0,0.12681965642088888,1,0,1,1,1,1,1,1,0.9699999999999999,1.0,1.0,1.0,0.8,skip,attack_already_active,1785296006.6807406,1785296006680740601,1384674897438895,5.1,52.66796875,-1.0,0,0
2026-07-28T23:33:26.681,10.42.0.1,10.42.0.1|10.42.0.210|10.42.0.47|10.42.0.18,3,3,UPLOAD,0.9716568155465428,UPLOAD,0.9716568155465428,1,14480,100.0,4,0.0,43440.0,0,4,0.0,1.0,0.11024381850224071,1,0,1,1,1,1,1,1,0.9699999999999999,1.0,1.0,1.0,0.8,skip,attack_already_active,1785296006.6817708,1785296006681770867,1384674898469590,5.1,52.66796875,-1.0,0,0
2026-07-28T23:33:26.682,10.42.0.47,10.42.0.1|10.42.0.210|10.42.0.47|10.42.0.18,3,3,UPLOAD,0.9544048940329397,UPLOAD,0.9544048940329397,1,7240,100.0,11,0.0,62264.0,0,11,0.0,1.0,0.0702013857394933,1,0,1,1,1,1,1,1,0.9699999999999999,1.0,1.0,1.0,0.8,skip,attack_already_active,1785296006.6828098,1785296006682809781,1384674899508194,5.1,52.66796875,-1.0,0,0
2026-07-28T23:33:26.683,10.42.0.47,10.42.0.1|10.42.0.210|10.42.0.47|10.42.0.18,3,3,UPLOAD,0.95,UPLOAD,0.95,1,2896,100.0,12,0.0,65160.0,0,12,0.0,1.0,0.06108698714032405,1,0,1,1,1,1,1,1,0.9699999999999999,1.0,1.0,1.0,0.8,skip,attack_already_active,1785296006.6838446,1785296006683844528,1384674900542809,5.1,52.66796875,-1.0,0,0
2026-07-28T23:33:26.685,10.42.0.1,10.42.0.1|10.42.0.210|10.42.0.47|10.42.0.18,3,3,UPLOAD,0.9690369191727041,UPLOAD,0.9690369191727041,0,43,100.0,4,0.0,43440.0,0,4,0.0,1.0,0.26227536553148967,1,0,1,1,1,1,1,1,0.8374999999999999,0.8500000000000001,1.0,0.6000000000000001,0.8,skip,attack_already_active,1785296006.6853025,1785296006685302432,1384674902008597,5.1,52.66796875,-1.0,0,0
2026-07-28T23:33:26.688,10.42.0.1,10.42.0.1|10.42.0.210|10.42.0.47|10.42.0.18,3,3,UPLOAD,0.9711589610653806,UPLOAD,0.9711589610653806,1,14480,100.0,5,0.0,57920.0,0,5,0.0,1.0,0.22864261797905425,1,0,1,1,1,1,1,1,0.9699999999999999,1.0,1.0,1.0,0.8,skip,attack_already_active,1785296006.6888165,1785296006688816732,1384674905515165,5.1,52.66796875,-1.0,0,0
2026-07-28T23:33:26.690,10.42.0.1,10.42.0.1|10.42.0.210|10.42.0.47|10.42.0.18,3,3,UPLOAD,0.9716451362150608,UPLOAD,0.9716451362150608,1,10136,100.0,6,0.0,68056.0,0,6,0.0,1.0,0.19871596979156733,1,0,1,1,1,1,1,1,0.9699999999999999,1.0,1.0,1.0,0.8,skip,attack_already_active,1785296006.690354,1785296006690354185,1384674907053097,5.1,52.66796875,-1.0,0,0
2026-07-28T23:33:26.691,10.42.0.47,10.42.0.1|10.42.0.210|10.42.0.47|10.42.0.18,3,3,UPLOAD,0.95,UPLOAD,0.95,1,7240,100.0,13,0.0,72400.0,0,13,0.0,1.0,0.054098784221431294,1,0,1,1,1,1,1,1,0.9699999999999999,1.0,1.0,1.0,0.8,skip,attack_already_active,1785296006.6919,1785296006691899781,1384674908598230,5.1,52.66796875,-1.0,0,0
2026-07-28T23:33:26.692,10.42.0.47,10.42.0.1|10.42.0.210|10.42.0.47|10.42.0.18,3,3,UPLOAD,0.95,UPLOAD,0.95,1,7128,100.0,14,0.0,79528.0,0,14,0.0,1.0,0.047105009354288956,1,0,1,1,1,1,1,1,0.9699999999999999,1.0,1.0,1.0,0.8,skip,attack_already_active,1785296006.692925,1785296006692924836,1384674909623403,5.1,52.66796875,-1.0,0,0
2026-07-28T23:33:26.694,10.42.0.1,10.42.0.1|10.42.0.210|10.42.0.47|10.42.0.18,3,3,UPLOAD,0.9717795907494615,UPLOAD,0.9717795907494615,1,7240,100.0,7,0.0,75296.0,0,7,0.0,1.0,0.17307241849534066,1,0,1,1,1,1,1,1,0.9699999999999999,1.0,1.0,1.0,0.8,skip,attack_already_active,1785296006.6944683,1785296006694468431,1384674911167087,5.1,52.66796875,-1.0,0,0
2026-07-28T23:33:26.695,10.42.0.1,10.42.0.1|10.42.0.210|10.42.0.47|10.42.0.18,3,3,UPLOAD,0.9720369516624058,UPLOAD,0.9720369516624058,1,7240,100.0,8,0.0,82536.0,0,8,0.0,1.0,0.15040532326972178,1,0,1,1,1,1,1,1,0.9699999999999999,1.0,1.0,1.0,0.8,skip,attack_already_active,1785296006.6955264,1785296006695526526,1384674912224954,5.1,52.66796875,-1.0,0,0
2026-07-28T23:33:26.696,10.42.0.1,10.42.0.1|10.42.0.210|10.42.0.47|10.42.0.18,3,3,UPLOAD,0.9731560232425618,UPLOAD,0.9731560232425618,1,11473,100.0,9,0.0,94009.0,0,9,0.0,1.0,0.13076428724102096,1,0,1,1,1,1,1,1,0.9699999999999999,1.0,1.0,1.0,0.8,skip,attack_already_active,1785296006.6968813,1785296006696881324,1384674913579883,5.1,52.66796875,-1.0,0,0
2026-07-28T23:33:26.701,10.42.0.1,10.42.0.1|10.42.0.210|10.42.0.47|10.42.0.18,3,3,UPLOAD,0.971525176507821,UPLOAD,0.971525176507821,0,43,100.0,9,0.0,94009.0,0,9,0.0,1.0,0.11566145855002162,1,0,1,1,1,1,1,1,0.8374999999999999,0.8500000000000001,1.0,0.6000000000000001,0.8,skip,attack_already_active,1785296006.7014556,1785296006701455579,1384674918153861,5.1,52.66796875,-1.0,0,0
2026-07-28T23:33:26.702,10.42.0.1,10.42.0.1|10.42.0.210|10.42.0.47|10.42.0.18,3,3,UPLOAD,0.9739704881950263,UPLOAD,0.9739704881950263,1,10136,100.0,10,0.0,104145.0,0,10,0.0,1.0,0.10110708027335816,1,0,1,1,1,1,1,1,0.9699999999999999,1.0,1.0,1.0,0.8,skip,attack_already_active,1785296006.7020936,1785296006702093550,1384674918791736,5.1,52.66796875,-1.0,0,0
2026-07-28T23:33:26.702,10.42.0.1,10.42.0.1|10.42.0.210|10.42.0.47|10.42.0.18,3,3,UPLOAD,0.9752106536997928,UPLOAD,0.9752106536997928,1,4344,100.0,11,0.0,108489.0,0,11,0.0,1.0,0.08786750748564613,1,0,1,1,1,1,1,1,0.9699999999999999,1.0,1.0,1.0,0.8,skip,attack_already_active,1785296006.7027292,1785296006702729152,1384674919427313,5.1,52.66796875,-1.0,0,0
2026-07-28T23:33:26.704,10.42.0.1,10.42.0.1|10.42.0.210|10.42.0.47|10.42.0.18,3,3,UPLOAD,0.9762768413058482,UPLOAD,0.9762768413058482,1,14480,100.0,12,0.0,122969.0,0,12,0.0,1.0,0.07652051728991176,1,0,1,1,1,1,1,1,0.9699999999999999,1.0,1.0,1.0,0.8,skip,attack_already_active,1785296006.7044876,1785296006704487727,1384674921186157,5.1,52.66796875,-1.0,0,0
2026-07-28T23:33:26.706,10.42.0.1,10.42.0.1|10.42.0.210|10.42.0.47|10.42.0.18,3,3,UPLOAD,0.9770975091384841,UPLOAD,0.9770975091384841,1,14480,100.0,13,0.0,137449.0,0,13,0.0,1.0,0.0665540340567177,1,0,1,1,1,1,1,1,0.9699999999999999,1.0,1.0,1.0,0.8,skip,attack_already_active,1785296006.7064984,1785296006706498369,1384674923196455,5.1,52.66796875,-1.0,0,0
2026-07-28T23:33:26.707,10.42.0.1,10.42.0.1|10.42.0.210|10.42.0.47|10.42.0.18,3,3,UPLOAD,0.9778961467766142,UPLOAD,0.9778961467766142,1,10136,100.0,14,0.0,147585.0,0,14,0.0,1.0,0.05793455839754423,1,0,1,1,1,1,1,1,0.9699999999999999,1.0,1.0,1.0,0.8,skip,attack_already_active,1785296006.7076416,1785296006707641727,1384674924339711,5.1,52.66796875,-1.0,0,0
2026-07-28T23:33:26.710,10.42.0.1,10.42.0.1|10.42.0.210|10.42.0.47|10.42.0.18,3,3,UPLOAD,0.9787061205755843,UPLOAD,0.9787061205755843,1,8688,100.0,15,0.0,156273.0,0,15,0.0,1.0,0.050624679655371804,1,0,1,1,1,1,1,1,0.9699999999999999,1.0,1.0,1.0,0.8,skip,attack_already_active,1785296006.7101035,1785296006710103655,1384674926801946,5.1,52.66796875,-1.0,0,0
2026-07-28T23:33:26.710,10.42.0.1,10.42.0.1|10.42.0.210|10.42.0.47|10.42.0.18,3,3,UPLOAD,0.9793233517114769,UPLOAD,0.9793233517114769,1,2784,100.0,16,0.0,159057.0,0,16,0.0,1.0,0.04403808957681207,1,0,1,1,1,1,1,1,0.9699999999999999,1.0,1.0,1.0,0.8,skip,attack_already_active,1785296006.7107444,1785296006710744279,1384674927442749,5.1,52.66796875,-1.0,0,0
2026-07-28T23:33:27.000,10.42.0.1,10.42.0.210,4,1,DOWNLOAD,0.9782889959241916,DOWNLOAD,0.9782889959241916,-1,1448,100.0,17,1448.0,159057.0,1,16,0.009021525809164823,0.9909784741908352,0.07759095032742538,0,0,0,0,1,0,0,0,0.44,0.8500000000000001,0.0,0.6000000000000001,0.15,skip,training_upload_trigger_not_confirmed,1785296007.000117,1785296007000116924,1384675216815964,71.7,52.7265625,-1.0,0,0
2026-07-28T23:33:27.003,10.42.0.1,10.42.0.210,4,1,DOWNLOAD,0.95,DOWNLOAD,0.95,-1,5792,21.969198892131327,18,7240.0,159057.0,2,16,0.04353656409917196,0.956463435900828,0.067871919926932,0,0,0,0,1,0,0,0,0.44,0.8500000000000001,0.0,0.6000000000000001,0.15,skip,training_upload_trigger_not_confirmed,1785296007.003953,1785296007003952885,1384675220651977,71.7,52.7265625,-1.0,0,0
2026-07-28T23:33:27.004,10.42.0.1,10.42.0.210,4,1,DOWNLOAD,0.95,DOWNLOAD,0.95,-1,7240,10.984599446824268,19,14480.0,159057.0,3,16,0.08344041904608239,0.9165595809539177,0.05903130874257538,0,0,0,0,1,0,0,0,0.44,0.8500000000000001,0.0,0.6000000000000001,0.15,skip,training_upload_trigger_not_confirmed,1785296007.004736,1785296007004736093,1384675221434629,71.7,52.7265625,-1.0,0,0
2026-07-28T23:33:27.005,10.42.0.1,10.42.0.210,4,1,DOWNLOAD,0.95,DOWNLOAD,0.95,-1,7240,7.323066298051424,20,21720.0,159057.0,4,16,0.12014802768051246,0.8798519723194875,0.05135032342892114,0,0,0,0,1,0,0,0,0.44,0.8500000000000001,0.0,0.6000000000000001,0.15,skip,training_upload_trigger_not_confirmed,1785296007.0054784,1785296007005478406,1384675222177686,71.7,52.7265625,-1.0,0,0
2026-07-28T23:33:27.007,10.42.0.1,10.42.0.210,4,1,DOWNLOAD,0.9562221862920726,DOWNLOAD,0.9562221862920726,-1,7240,5.492299723601786,21,28960.0,159057.0,5,16,0.15402862507113718,0.8459713749288628,0.04478872373947448,0,0,0,0,1,0,0,0,0.44,0.8500000000000001,0.0,0.6000000000000001,0.15,skip,training_upload_trigger_not_confirmed,1785296007.0070345,1785296007007034711,1384675223733178,71.7,52.7265625,-1.0,0,0
2026-07-28T23:33:27.008,10.42.0.1,10.42.0.210,4,1,DOWNLOAD,0.95,DOWNLOAD,0.95,-1,7240,4.393839778911772,22,36200.0,159057.0,6,16,0.1853966823212484,0.8146033176787516,0.03901398567903454,0,0,0,0,1,0,0,0,0.44,0.8500000000000001,0.0,0.6000000000000001,0.15,skip,training_upload_trigger_not_confirmed,1785296007.0080004,1785296007008000381,1384675224699051,71.7,52.7265625,-1.0,0,0
2026-07-28T23:33:27.008,10.42.0.1,10.42.0.210,4,1,DOWNLOAD,0.95,DOWNLOAD,0.95,-1,7240,3.6615331491100016,23,43440.0,159057.0,7,16,0.21452169661772766,0.7854783033822723,0.0339765218777624,0,0,0,0,1,0,0,0,0.44,0.8500000000000001,0.0,0.6000000000000001,0.15,skip,training_upload_trigger_not_confirmed,1785296007.0087864,1785296007008786447,1384675225484807,71.7,52.7265625,-1.0,0,0
2026-07-28T23:33:27.009,10.42.0.1,10.42.0.210,4,1,DOWNLOAD,0.95,DOWNLOAD,0.95,-1,7240,3.138456984961751,24,50680.0,159057.0,8,16,0.24163595359903117,0.7583640464009689,0.02959699212387844,0,0,0,0,1,0,0,0,0.4,0.8500000000000001,0.0,0.4,0.15,skip,training_upload_trigger_not_confirmed,1785296007.009528,1785296007009527826,1384675226225869,71.7,52.7265625,-1.0,0,0
2026-07-28T23:33:27.010,10.42.0.1,10.42.0.210,4,1,DOWNLOAD,0.95,DOWNLOAD,0.95,-1,7240,2.7461498618483056,25,57920.0,159057.0,9,16,0.2669407356540094,0.7330592643459906,0.02578423622540218,0,0,0,0,1,0,0,0,0.4,0.8500000000000001,0.0,0.4,0.15,skip,training_upload_trigger_not_confirmed,1785296007.010191,1785296007010190947,1384675226889162,71.7,52.7265625,-1.0,0,0
2026-07-28T23:33:27.011,10.42.0.1,10.42.0.210,4,1,DOWNLOAD,0.95,DOWNLOAD,0.95,-1,10136,2.3371488186003124,26,68056.0,159057.0,10,16,0.2996569989388542,0.7003430010611458,0.02251122817821725,0,0,0,0,1,0,0,0,0.4,0.8500000000000001,0.0,0.4,0.15,skip,training_upload_trigger_not_confirmed,1785296007.0111372,1785296007011137295,1384675227835576,71.7,52.7265625,-1.0,0,0
2026-07-28T23:33:27.012,10.42.0.1,10.42.0.210,4,1,DOWNLOAD,0.95,DOWNLOAD,0.95,-1,14480,1.92712271007891,27,82536.0,159057.0,11,16,0.3416324148464566,0.6583675851535433,0.019668325163486395,0,0,0,0,1,0,0,0,0.4,0.8500000000000001,0.0,0.4,0.15,skip,training_upload_trigger_not_confirmed,1785296007.0120745,1785296007012074434,1384675228772759,71.7,52.7265625,-1.0,0,0
2026-07-28T23:33:27.012,10.42.0.1,10.42.0.210,4,1,DOWNLOAD,0.95,DOWNLOAD,0.95,-1,14480,1.6394924548462164,28,97016.0,159057.0,12,16,0.37886071549909595,0.621139284500904,0.017175758470051622,0,0,0,0,1,0,0,0,0.32,0.8500000000000001,0.0,0.0,0.15,skip,training_upload_trigger_not_confirmed,1785296007.0128274,1785296007012827489,1384675229525755,71.7,52.7265625,-1.0,0,0
2026-07-28T23:33:27.013,10.42.0.1,10.42.0.210,4,1,DOWNLOAD,0.95,DOWNLOAD,0.95,-1,14480,1.4265713568161498,29,111496.0,159057.0,13,16,0.4121040979031835,0.5878959020968165,0.015034551772655658,0,0,0,0,1,0,0,0,0.32,0.8500000000000001,0.0,0.0,0.15,skip,training_upload_trigger_not_confirmed,1785296007.0137541,1785296007013754204,1384675230452535,71.7,52.7265625,-1.0,0,0
2026-07-28T23:33:27.014,10.42.0.1,10.42.0.210,4,1,DOWNLOAD,0.95,DOWNLOAD,0.95,-1,14480,1.2625976376431813,30,125976.0,159057.0,14,16,0.4419698771721169,0.5580301228278831,0.013144398143579358,0,0,0,0,1,0,0,0,0.32,0.8500000000000001,0.0,0.0,0.15,skip,training_upload_trigger_not_confirmed,1785296007.0144448,1785296007014444848,1384675231142922,71.7,52.7265625,-1.0,0,0
2026-07-28T23:33:27.015,10.42.0.1,10.42.0.210,4,1,DOWNLOAD,0.95,DOWNLOAD,0.95,-1,14480,1.1324329327324398,31,140456.0,159057.0,15,16,0.4689479254656726,0.5310520745343273,0.011580825432033858,0,0,0,0,1,0,0,0,0.30250000000000005,0.8000000000000002,0.0,0.0,0.15,skip,training_upload_trigger_not_confirmed,1785296007.0157237,1785296007015723772,1384675232422908,71.7,52.7265625,-1.0,0,0
2026-07-28T23:33:27.016,10.42.0.1,10.42.0.210,4,1,DOWNLOAD,0.95,DOWNLOAD,0.95,-1,14480,1.0265980792067266,32,154936.0,159057.0,16,16,0.4934377517970146,0.5065622482029855,0.010178647442594928,0,0,0,0,1,0,0,0,0.30250000000000005,0.8000000000000002,0.0,0.0,0.15,skip,training_upload_trigger_not_confirmed,1785296007.0166638,1785296007016663802,1384675233362377,71.7,52.7265625,-1.0,0,0
2026-07-28T23:33:27.017,10.42.0.1,10.42.0.210,4,1,DOWNLOAD,0.95,DOWNLOAD,0.95,-1,14480,0.9388546536340201,33,169416.0,159057.0,17,16,0.515768419322136,0.4842315806778639,0.008970037607710804,0,0,0,0,1,0,0,0,0.30250000000000005,0.8000000000000002,0.0,0.0,0.15,skip,training_upload_trigger_not_confirmed,1785296007.0176706,1785296007017670718,1384675234369087,71.7,52.7265625,-1.0,0,0
2026-07-28T23:33:27.018,10.42.0.1,10.42.0.210,4,1,DOWNLOAD,0.95,DOWNLOAD,0.95,-1,18824,0.8449691882711168,34,188240.0,159057.0,18,16,0.542014471763361,0.45798552823663896,0.007917518526147348,0,0,0,0,1,0,0,0,0.30250000000000005,0.8000000000000002,0.0,0.0,0.15,skip,training_upload_trigger_not_confirmed,1785296007.0186534,1785296007018653373,1384675235351845,71.7,52.7265625,-1.0,0,0
2026-07-28T23:33:27.019,10.42.0.1,10.42.0.210,4,1,DOWNLOAD,0.95,DOWNLOAD,0.95,-1,16920,0.7752827061816373,35,205160.0,159057.0,19,16,0.5632905657890763,0.43670943421092373,0.0069743506596217815,0,0,0,0,1,0,0,0,0.28500000000000003,0.7500000000000001,0.0,0.0,0.15,skip,training_upload_trigger_not_confirmed,1785296007.0194135,1785296007019413430,1384675236112019,71.7,52.7265625,-1.0,0,0
2026-07-28T23:33:27.020,10.42.0.145,10.42.0.210,3,1,DOWNLOAD,0.95,DOWNLOAD,0.95,-1,7300,1.3698630135109776e-10,1,7300.0,0.0,1,0,1.0,0.0,1.15507138815531,0,0,0,0,0,0,0,0,0.0225,0.0,0.0,0.0,0.15,skip,training_upload_trigger_not_confirmed,1785296007.0207906,1785296007020790647,1384675237489330,71.7,52.7265625,-1.0,0,0
2026-07-28T23:33:27.021,10.42.0.145,10.42.0.210,3,1,DOWNLOAD,0.9560966263190512,DOWNLOAD,0.9560966263190512,-1,7300,6.84931506802402e-11,2,14600.0,0.0,2,0,1.0,0.0,1.0029617314242547,0,0,0,0,0,0,0,0,0.0225,0.0,0.0,0.0,0.15,skip,training_upload_trigger_not_confirmed,1785296007.0217648,1785296007021764922,1384675238463317,71.7,52.7265625,-1.0,0,0
2026-07-28T23:33:27.022,10.42.0.1,10.42.0.210,4,1,DOWNLOAD,0.95,DOWNLOAD,0.95,-1,21720,0.701062235544336,36,226880.0,159057.0,20,16,0.5878679680880559,0.4121320319119442,0.006500652108136376,0,0,0,0,1,0,0,0,0.28500000000000003,0.7500000000000001,0.0,0.0,0.15,skip,training_upload_trigger_not_confirmed,1785296007.022793,1785296007022792844,1384675239491866,71.7,52.7265625,-1.0,0,0
2026-07-28T23:33:27.024,10.42.0.1,10.42.0.210,4,1,DOWNLOAD,0.95,DOWNLOAD,0.95,-1,14024,0.6602505562395798,37,240904.0,159057.0,21,16,0.6023187260757924,0.3976812739242076,0.005871117686892362,0,0,0,0,1,0,0,0,0.28500000000000003,0.7500000000000001,0.0,0.0,0.15,skip,training_upload_trigger_not_confirmed,1785296007.0245163,1785296007024516413,1384675241215496,71.7,52.7265625,-1.0,0,0
2026-07-28T23:33:27.026,10.42.0.59,10.42.0.210,2,1,DOWNLOAD,0.95,DOWNLOAD,0.95,-1,7300,1.3698630135109776e-10,1,7300.0,0.0,1,0,1.0,0.0,1.081322511351043,0,0,0,0,0,0,0,0,0.0225,0.0,0.0,0.0,0.15,skip,already_attacked_this_round,1785296007.0260417,1785296007026041860,1384675242740678,71.7,52.7265625,-1.0,0,0
2026-07-28T23:33:27.027,10.42.0.59,10.42.0.210,2,1,DOWNLOAD,0.9570940239274454,DOWNLOAD,0.9570940239274454,-1,7300,6.84931506802402e-11,2,14600.0,0.0,2,0,1.0,0.0,0.9389716823324272,0,0,0,0,0,0,0,0,0.0225,0.0,0.0,0.0,0.15,skip,already_attacked_this_round,1785296007.02717,1785296007027169981,1384675243868564,71.7,52.7265625,-1.0,0,0
2026-07-28T23:33:27.028,10.42.0.1,10.42.0.210,4,1,DOWNLOAD,0.95,DOWNLOAD,0.95,-1,21720,0.6056453332536035,38,262624.0,159057.0,22,16,0.6228025450518283,0.3771974549481717,0.005585587684290406,0,0,0,0,1,0,0,0,0.28500000000000003,0.7500000000000001,0.0,0.0,0.15,skip,training_upload_trigger_not_confirmed,1785296007.0282207,1785296007028220734,1384675244919517,71.7,52.7265625,-1.0,0,0
2026-07-28T23:33:27.029,10.42.0.1,10.42.0.210,4,1,DOWNLOAD,0.95,DOWNLOAD,0.95,-1,14024,0.5749436106547854,39,276648.0,159057.0,23,16,0.6349433676455399,0.36505663235446,0.005048705250253641,0,0,0,0,1,0,0,0,0.28500000000000003,0.7500000000000001,0.0,0.0,0.15,skip,training_upload_trigger_not_confirmed,1785296007.029732,1785296007029732178,1384675246432951,71.7,52.7265625,-1.0,0,0
2026-07-28T23:33:27.031,10.42.0.1,10.42.0.210,4,1,DOWNLOAD,0.95,DOWNLOAD,0.95,-1,21720,0.5330900096540745,40,298368.0,159057.0,24,16,0.6522774225282834,0.3477225774717167,0.004558975685074194,0,0,0,0,1,0,0,0,0.28500000000000003,0.7500000000000001,0.0,0.0,0.15,skip,training_upload_trigger_not_confirmed,1785296007.0310643,1785296007031064283,1384675247763094,71.7,52.7265625,-1.0,0,0
2026-07-28T23:33:27.032,10.42.0.1,10.42.0.210,4,1,DOWNLOAD,0.95,DOWNLOAD,0.95,-1,21720,0.496916472971505,41,320088.0,159057.0,25,16,0.668039946154087,0.33196005384591304,0.004107891968349038,0,0,0,0,1,0,0,0,0.28500000000000003,0.7500000000000001,0.0,0.0,0.15,skip,training_upload_trigger_not_confirmed,1785296007.0322,1785296007032200134,1384675248898891,71.7,52.7265625,-1.0,0,0
2026-07-28T23:33:27.033,10.42.0.1,10.42.0.210,4,1,DOWNLOAD,0.95,DOWNLOAD,0.95,-1,14024,0.4760589263496191,42,334112.0,159057.0,26,16,0.6774797280445446,0.3225202719554554,0.0037345973780344207,0,0,0,0,1,0,0,0,0.28500000000000003,0.7500000000000001,0.0,0.0,0.15,skip,training_upload_trigger_not_confirmed,1785296007.0334752,1785296007033475133,1384675250173990,71.7,52.7265625,-1.0,0,0
2026-07-28T23:33:27.034,10.42.0.145,10.42.0.210,3,1,DOWNLOAD,0.9512437078535579,DOWNLOAD,0.9512437078535579,0,43,6.84931506802402e-11,2,14600.0,0.0,2,0,1.0,0.0,1.085312974849967,0,0,0,0,0,0,0,0,0.0225,0.0,0.0,0.0,0.15,skip,training_upload_trigger_not_confirmed,1785296007.034865,1785296007034864908,1384675251563303,71.7,52.7265625,-1.0,0,0
2026-07-28T23:33:27.035,10.42.0.145,10.42.0.210,3,1,DOWNLOAD,0.9566392685575769,DOWNLOAD,0.9566392685575769,-1,14600,3.424657534129292e-11,3,29200.0,0.0,3,0,1.0,0.0,0.9441403993986175,0,0,0,0,0,0,0,0,0.0225,0.0,0.0,0.0,0.15,skip,training_upload_trigger_not_confirmed,1785296007.0358746,1785296007035874566,1384675252572916,71.7,52.7265625,-1.0,0,0
2026-07-28T23:33:27.036,10.42.0.145,10.42.0.210,3,1,DOWNLOAD,0.9657732641214394,DOWNLOAD,0.9657732641214394,-1,14600,2.2831050227789245e-11,4,43800.0,0.0,4,0,1.0,0.0,0.8198511088594311,0,0,0,0,0,0,0,0,0.0225,0.0,0.0,0.0,0.15,skip,training_upload_trigger_not_confirmed,1785296007.0368953,1785296007036895231,1384675253593766,71.7,52.7265625,-1.0,0,0
2026-07-28T23:33:27.040,10.42.0.210,10.42.0.210,4,1,DOWNLOAD,0.9837981706282604,DOWNLOAD,0.9837981706282604,-1,10136,4.999999999605367,36,10136.0,50680.0,1,35,0.16666666666666666,0.8333333333333334,0.0506657231415457,0,0,0,0,0,0,0,0,0.057499999999999996,0.1,0.0,0.0,0.15,skip,training_upload_trigger_not_confirmed,1785296007.0406168,1785296007040616704,1384675257316078,71.7,52.7265625,-1.0,0,0
2026-07-28T23:33:27.041,10.42.0.210,10.42.0.210,4,1,DOWNLOAD,0.95,DOWNLOAD,0.95,-1,4344,3.499999999827348,37,14480.0,50680.0,2,35,0.2222222222222222,0.7777777777777778,0.044120819384331905,0,0,0,0,0,0,0,0,0.057499999999999996,0.1,0.0,0.0,0.15,skip,training_upload_trigger_not_confirmed,1785296007.041615,1785296007041615147,1384675258313829,71.7,52.7265625,-1.0,0,0
2026-07-28T23:33:27.043,10.42.0.210,10.42.0.210,4,1,DOWNLOAD,0.9557926560077417,DOWNLOAD,0.9557926560077417,-1,14480,1.7499999999741023,38,28960.0,50680.0,3,35,0.36363636363636365,0.6363636363636364,0.03850016502931804,0,0,0,0,0,0,0,0,0.057499999999999996,0.1,0.0,0.0,0.15,skip,training_upload_trigger_not_confirmed,1785296007.0430822,1785296007043082276,1384675259780983,71.7,52.7265625,-1.0,0,0
2026-07-28T23:33:27.044,10.42.0.210,10.42.0.210,4,1,DOWNLOAD,0.9846998846180315,DOWNLOAD,0.9846998846180315,0,43,1.7499999999741023,38,28960.0,50680.0,3,35,0.36363636363636365,0.6363636363636364,0.07901126715710313,0,0,0,0,0,0,0,0,0.057499999999999996,0.1,0.0,0.0,0.15,skip,training_upload_trigger_not_confirmed,1785296007.044218,1785296007044218231,1384675260916783,71.7,52.7265625,-1.0,0,0
2026-07-28T23:33:27.047,10.42.0.59,10.42.0.210,2,1,DOWNLOAD,0.9514872578677913,DOWNLOAD,0.9514872578677913,0,43,6.84931506802402e-11,2,14600.0,0.0,2,0,1.0,0.0,1.03206162842892,0,0,0,0,0,0,0,0,0.0225,0.0,0.0,0.0,0.15,skip,already_attacked_this_round,1785296007.0470304,1785296007047030557,1384675263729060,71.7,52.7265625,-1.0,0,0
2026-07-28T23:33:27.048,10.42.0.59,10.42.0.210,2,1,DOWNLOAD,0.9503150199078488,DOWNLOAD,0.9503150199078488,-1,14600,3.424657534129292e-11,3,29200.0,0.0,3,0,1.0,0.0,0.8988061659089439,0,0,0,0,0,0,0,0,0.0225,0.0,0.0,0.0,0.15,skip,already_attacked_this_round,1785296007.0480282,1785296007048028063,1384675264726397,71.7,52.7265625,-1.0,0,0
2026-07-28T23:33:27.048,10.42.0.59,10.42.0.210,2,1,DOWNLOAD,0.959036250225139,DOWNLOAD,0.959036250225139,-1,14600,2.2831050227789245e-11,4,43800.0,0.0,4,0,1.0,0.0,0.780484851525387,0,0,0,0,0,0,0,0,0.0225,0.0,0.0,0.0,0.15,skip,already_attacked_this_round,1785296007.0489504,1785296007048950454,1384675265648942,71.7,52.7265625,-1.0,0,0
2026-07-28T23:33:27.051,10.42.0.47,10.42.0.210,3,3,UPLOAD,0.9311268573712868,UPLOAD,0.9311268573712868,0,43,100.0,14,0.0,79528.0,0,14,0.0,1.0,0.08557867761947863,0,0,1,0,0,0,0,0,0.45499999999999996,0.1,1.0,0.0,0.8,skip,attack_already_active,1785296007.0516672,1785296007051667305,1384675268365780,71.7,52.7265625,-1.0,0,0
2026-07-28T23:33:27.053,10.42.0.47,10.42.0.210,4,1,DOWNLOAD,0.95,DOWNLOAD,0.95,-1,5792,13.73066298122744,15,5792.0,79528.0,1,14,0.06788560712611345,0.9321143928738865,0.1197642597888483,0,0,0,0,0,0,0,0,0.057499999999999996,0.1,0.0,0.0,0.15,skip,training_upload_trigger_not_confirmed,1785296007.0539217,1785296007053921912,1384675270620422,71.7,52.7265625,-1.0,0,0
2026-07-28T23:33:27.055,10.42.0.47,10.42.0.210,4,1,DOWNLOAD,0.9829981496648164,DOWNLOAD,0.9829981496648164,-1,5792,6.865331491206376,16,11584.0,79528.0,2,14,0.12714022302221442,0.8728597769777856,0.10416947911371233,0,0,0,0,0,0,0,0,0.057499999999999996,0.1,0.0,0.0,0.15,skip,training_upload_trigger_not_confirmed,1785296007.0553415,1785296007055341511,1384675272040061,71.7,52.7265625,-1.0,0,0
2026-07-28T23:33:27.056,10.42.0.47,10.42.0.210,4,1,DOWNLOAD,0.9842257140988042,DOWNLOAD,0.9842257140988042,-1,5792,4.576887660935952,17,17376.0,79528.0,3,14,0.17931148353009163,0.8206885164699084,0.09056189347473337,0,0,0,0,0,0,0,0,0.057499999999999996,0.1,0.0,0.0,0.15,skip,training_upload_trigger_not_confirmed,1785296007.0562468,1785296007056246741,1384675272945635,71.7,52.7265625,-1.0,0,0
2026-07-28T23:33:27.057,10.42.0.47,10.42.0.210,4,1,DOWNLOAD,0.9842586901286671,DOWNLOAD,0.9842586901286671,-1,5792,3.4326657457513523,18,23168.0,79528.0,4,14,0.22559788112487342,0.7744021188751266,0.07875422639556301,0,0,0,0,0,0,0,0,0.057499999999999996,0.1,0.0,0.0,0.15,skip,training_upload_trigger_not_confirmed,1785296007.0572035,1785296007057203344,1384675273901687,71.7,52.7265625,-1.0,0,0
2026-07-28T23:33:27.059,10.42.0.47,10.42.0.210,4,1,DOWNLOAD,0.9842595481342594,DOWNLOAD,0.9842595481342594,-1,5792,2.746132596624788,19,28960.0,79528.0,5,14,0.26694196593171593,0.7330580340682841,0.06869516038056693,0,0,0,0,0,0,0,0,0.057499999999999996,0.1,0.0,0.0,0.15,skip,training_upload_trigger_not_confirmed,1785296007.0596223,1785296007059622315,1384675276321064,71.7,52.7265625,-1.0,0,0
2026-07-28T23:33:27.060,10.42.0.59,10.42.0.210,2,1,DOWNLOAD,0.9679089888589852,DOWNLOAD,0.9679089888589852,-1,20440,1.556662515542393e-11,5,64240.0,0.0,5,0,1.0,0.0,0.6791951714178874,0,0,0,0,0,0,0,0,0.0225,0.0,0.0,0.0,0.15,skip,already_attacked_this_round,1785296007.0607913,1785296007060791282,1384675277489533,71.7,52.7265625,-1.0,0,0
2026-07-28T23:33:27.061,10.42.0.59,10.42.0.210,2,1,DOWNLOAD,0.9751378870697511,DOWNLOAD,0.9751378870697511,-1,14944,1.2628813901638856e-11,6,79184.0,0.0,6,0,1.0,0.0,0.5897758399949468,0,0,0,0,0,0,0,0,0.0225,0.0,0.0,0.0,0.15,skip,already_attacked_this_round,1785296007.061418,1785296007061417872,1384675278115887,71.7,52.7265625,-1.0,0,0
2026-07-28T23:33:27.062,10.42.0.210,10.42.0.210,4,1,DOWNLOAD,0.9854895428954357,DOWNLOAD,0.9854895428954357,-1,18824,1.0606060606047922,39,47784.0,50680.0,4,35,0.4852941176470588,0.5147058823529411,0.07112952352338521,0,0,0,0,0,0,0,0,0.039999999999999994,0.05,0.0,0.0,0.15,skip,training_upload_trigger_not_confirmed,1785296007.0622811,1785296007062281088,1384675278979192,71.7,52.7265625,-1.0,0,0
2026-07-28T23:33:27.063,10.42.0.210,10.42.0.210,4,1,DOWNLOAD,0.9855083405864443,DOWNLOAD,0.9855083405864443,-1,16920,0.783259149360422,40,64704.0,50680.0,5,35,0.5607709907786175,0.4392290092213825,0.061907492180077794,0,0,0,0,0,0,0,0,0.0225,0.0,0.0,0.0,0.15,skip,training_upload_trigger_not_confirmed,1785296007.0634272,1785296007063427392,1384675280125713,71.7,52.7265625,-1.0,0,0
2026-07-28T23:33:27.066,10.42.0.145,10.42.0.210,3,1,DOWNLOAD,0.9731110464529755,DOWNLOAD,0.9731110464529755,-1,29200,1.369863013679865e-11,5,73000.0,0.0,5,0,1.0,0.0,0.7156898520233874,0,0,0,0,0,0,0,0,0.0225,0.0,0.0,0.0,0.15,skip,training_upload_trigger_not_confirmed,1785296007.0663443,1785296007066344135,1384675283042757,71.7,52.7265625,-1.0,0,0
2026-07-28T23:33:27.067,10.42.0.18,10.42.0.210,3,3,UPLOAD,0.9855076450773014,UPLOAD,0.9855076450773014,0,43,1.0,0,0.0,0.0,0,0,0.0,0.0,0.6011743717700133,0,0,1,0,0,0,0,0,0.4375,0.05,1.0,0.0,0.8,skip,attack_already_active,1785296007.0676708,1785296007067670847,1384675284368954,71.7,52.7265625,-1.0,0,0
2026-07-28T23:33:27.068,10.42.0.18,10.42.0.210,4,1,DOWNLOAD,0.95,DOWNLOAD,0.95,-1,10220,9.784735811175661e-11,1,10220.0,0.0,1,0,1.0,0.0,0.7324507095043722,0,0,0,0,0,0,0,0,0.0225,0.0,0.0,0.0,0.15,skip,training_upload_trigger_not_confirmed,1785296007.0685284,1785296007068528281,1384675285226396,71.7,52.7265625,-1.0,0,0
2026-07-28T23:33:27.078,10.42.0.47,10.42.0.210,4,1,DOWNLOAD,0.9842595696464124,DOWNLOAD,0.9842595696464124,-1,1009,2.653675464591622,20,29969.0,79528.0,6,14,0.27369699626473787,0.7263030037352621,0.062190410018269165,0,0,0,0,0,0,0,0,0.057499999999999996,0.1,0.0,0.0,0.15,skip,training_upload_trigger_not_confirmed,1785296007.0789547,1785296007078954763,1384675295653066,71.7,52.7265625,-1.0,0,0
2026-07-28T23:33:27.083,10.42.0.18,10.42.0.210,4,1,DOWNLOAD,0.9654384906203848,DOWNLOAD,0.9654384906203848,-1,18980,3.424657534129292e-11,2,29200.0,0.0,2,0,1.0,0.0,0.6379674077230127,0,0,0,0,0,0,0,0,0.0225,0.0,0.0,0.0,0.15,skip,training_upload_trigger_not_confirmed,1785296007.0839796,1785296007083979490,1384675300678094,71.7,52.7265625,-1.0,0,0
2026-07-28T23:33:27.086,10.42.0.18,10.42.0.210,4,1,DOWNLOAD,0.9635933695455972,DOWNLOAD,0.9635933695455972,-1,20440,2.014504431869168e-11,3,49640.0,0.0,3,0,1.0,0.0,0.5542063898216444,0,0,0,0,0,0,0,0,0.0225,0.0,0.0,0.0,0.15,skip,training_upload_trigger_not_confirmed,1785296007.0863132,1785296007086313154,1384675303011487,71.7,52.7265625,-1.0,0,0
2026-07-28T23:33:27.089,10.42.0.18,10.42.0.210,4,1,DOWNLOAD,0.9656859082428709,DOWNLOAD,0.9656859082428709,-1,361,1.9999600007599855e-11,4,50001.0,0.0,4,0,1.0,0.0,0.48165535184431524,0,0,0,0,0,0,0,0,0.0225,0.0,0.0,0.0,0.15,skip,training_upload_trigger_not_confirmed,1785296007.0899534,1785296007089953526,1384675306651908,71.7,52.7265625,-1.0,0,0
2026-07-28T23:33:27.361,10.42.0.59,10.42.0.210,2,3,UPLOAD,0.95,UPLOAD,0.95,1,64240,0.811275005053909,7,79184.0,64240.0,6,1,0.5520972780008925,0.4479027219991075,0.5535384063765968,0,0,0,1,1,1,1,1,0.85,1.0,1.0,0.4,0.8,skip,already_attacked_this_round,1785296007.3618135,1785296007361813530,1384675578513248,71.7,52.7265625,-1.0,0,0
2026-07-28T23:33:27.363,10.42.0.59,10.42.0.210,2,3,UPLOAD,0.9841010226033655,UPLOAD,0.9841010226033655,1,14600,0.9956556880178362,8,79184.0,78840.0,6,2,0.5010884422619349,0.4989115577380651,0.4807846254576019,0,0,0,1,1,1,1,1,0.85,1.0,1.0,0.4,0.8,skip,already_attacked_this_round,1785296007.3632483,1785296007363248379,1384675579947829,71.7,52.7265625,-1.0,0,0
2026-07-28T23:33:27.368,10.42.0.59,10.42.0.210,2,3,UPLOAD,0.9854688349332961,UPLOAD,0.9854688349332961,1,688,1.0043443119821638,9,79184.0,79528.0,6,3,0.4989162760219769,0.501083723978023,0.4180897925124539,0,0,0,1,1,1,1,1,0.85,1.0,1.0,0.4,0.8,skip,already_attacked_this_round,1785296007.3682623,1785296007368262499,1384675584961810,71.7,52.7265625,-1.0,0,0
2026-07-28T23:33:27.369,10.42.0.1,10.42.0.1,4,3,UPLOAD,0.95,UPLOAD,0.95,1,7240,0.4977283066771091,43,334112.0,166297.0,26,17,0.6676778395272667,0.33232216047273333,0.041655842120156814,1,0,0,0,1,0,0,0,0.85,1.0,1.0,0.4,0.8,trigger,training_upload_trigger_confirmed,1785296007.3694892,1785296007369489223,1384675586188078,71.7,52.7265625,19.792864,1785296007389283597,1384675605980942
2026-07-28T23:33:27.373,10.42.0.1,10.42.0.1,4,3,UPLOAD,0.95,UPLOAD,0.95,1,7240,0.5193976870045991,44,334112.0,173537.0,26,18,0.6581555366010767,0.34184446339892327,0.03664216923704426,1,0,1,0,1,0,0,0,0.85,1.0,1.0,0.4,0.8,skip,attack_already_active,1785296007.3730977,1785296007373097609,1384675589797455,71.7,52.7265625,-1.0,0,0
2026-07-28T23:33:27.375,10.42.0.1,10.42.0.1,4,3,UPLOAD,0.95,UPLOAD,0.95,1,10136,0.549734819463085,45,334112.0,183673.0,26,19,0.6452716861245498,0.35472831387545023,0.03212058422845823,1,0,1,0,1,0,0,0,0.85,1.0,1.0,0.4,0.8,skip,attack_already_active,1785296007.3754268,1785296007375426789,1384675592126338,71.7,52.7265625,-1.0,0,0
2026-07-28T23:33:27.376,10.42.0.1,10.42.0.1,4,3,UPLOAD,0.95,UPLOAD,0.95,1,4344,0.562736447659579,46,334112.0,188017.0,26,20,0.6399031656927694,0.3600968343072306,0.028066551105042067,1,0,1,0,1,0,0,0,0.85,1.0,1.0,0.4,0.8,skip,attack_already_active,1785296007.3767824,1785296007376782435,1384675593482166,71.7,52.7265625,-1.0,0,0
2026-07-28T23:33:27.378,10.42.0.1,10.42.0.1,4,3,UPLOAD,0.95,UPLOAD,0.95,1,14480,0.606075208314559,47,334112.0,202497.0,26,21,0.6226358484483115,0.37736415155168845,0.024634170894232494,1,0,1,1,1,1,1,1,0.85,1.0,1.0,0.4,0.8,skip,attack_already_active,1785296007.3788016,1785296007378801744,1384675595501382,71.7,52.7265625,-1.0,0,0
2026-07-28T23:33:27.380,10.42.0.1,10.42.0.1,4,3,UPLOAD,0.8416606578582314,UPLOAD,0.8416606578582314,0,43,0.606075208314559,47,334112.0,202497.0,26,21,0.6226358484483115,0.37736415155168845,0.05984577833988616,1,0,1,0,1,1,0,0,0.6825,0.7500000000000001,1.0,0.0,0.8,skip,attack_already_active,1785296007.3800294,1785296007380029312,1384675596728060,71.7,52.7265625,-1.0,0,0
2026-07-28T23:33:27.382,10.42.0.1,10.42.0.1,4,3,UPLOAD,0.95,UPLOAD,0.95,1,14480,0.649413968969539,48,334112.0,216977.0,26,22,0.6062759372805482,0.3937240627194519,0.05249429539201085,1,0,1,1,1,1,1,1,0.9699999999999999,1.0,1.0,1.0,0.8,skip,attack_already_active,1785296007.382859,1785296007382858965,1384675599558270,71.7,52.7265625,-1.0,0,0
2026-07-28T23:33:27.384,10.42.0.1,10.42.0.1,4,3,UPLOAD,0.95,UPLOAD,0.95,1,5792,0.6667494732315309,49,334112.0,222769.0,26,23,0.5999701911180306,0.4000298088819694,0.04573548294951868,1,0,1,1,1,1,1,1,0.9699999999999999,1.0,1.0,1.0,0.8,skip,attack_already_active,1785296007.3840625,1785296007384062506,1384675600761420,71.7,52.7265625,-1.0,0,0
2026-07-28T23:33:27.386,10.42.0.1,10.42.0.1,4,3,UPLOAD,0.95,UPLOAD,0.95,1,5792,0.6840849774935229,50,334112.0,228561.0,26,24,0.5937942641640882,0.4062057358359118,0.04008540958360878,1,0,1,1,1,1,1,1,0.9699999999999999,1.0,1.0,1.0,0.8,skip,attack_already_active,1785296007.3869212,1785296007386921107,1384675603620147,71.7,52.7265625,-1.0,0,0
2026-07-28T23:33:27.388,10.42.0.1,10.42.0.1,4,3,UPLOAD,0.95,UPLOAD,0.95,1,7240,0.7057543578210128,51,334112.0,235801.0,26,25,0.5862508839068419,0.41374911609315806,0.035053322018176625,1,0,1,1,1,1,1,1,0.9699999999999999,1.0,1.0,1.0,0.8,skip,attack_already_active,1785296007.3888195,1785296007388819335,1384675605521047,71.7,52.7265625,-1.0,0,0
2026-07-28T23:33:27.391,10.42.0.1,10.42.0.1,4,3,UPLOAD,0.95,UPLOAD,0.95,1,2784,0.7140868930187659,52,334112.0,238585.0,26,26,0.5834009956399283,0.41659900436007175,0.030728131087936487,1,0,1,1,1,1,1,1,0.9699999999999999,1.0,1.0,1.0,0.8,skip,attack_already_active,1785296007.39105,1785296007391050072,1384675607749484,71.7,52.7265625,-1.0,0,0
2026-07-28T23:33:27.395,10.42.0.145,10.42.0.1,3,3,UPLOAD,0.95,UPLOAD,0.95,1,1460,0.02000000001342466,6,73000.0,1460.0,5,1,0.9803921568627451,0.0196078431372549,0.6688857464909479,0,0,0,1,1,1,1,1,0.7975,0.85,1.0,0.4,0.8,trigger,training_upload_trigger_confirmed,1785296007.395388,1785296007395387875,1384675612088961,71.7,52.7265625,66.116743,1785296007461508425,1384675678205704
2026-07-28T23:33:27.397,10.42.0.145,10.42.0.1,3,3,UPLOAD,0.9841010226033655,UPLOAD,0.9841010226033655,1,37960,0.5400000000063014,7,73000.0,39420.0,5,2,0.6493506493506493,0.35064935064935066,0.5809690945806146,0,0,1,1,1,1,1,1,0.85,1.0,1.0,0.4,0.8,skip,attack_already_active,1785296007.397122,1785296007397121706,1384675613821045,71.7,52.7265625,-1.0,0,0
2026-07-28T23:33:27.398,10.42.0.1,10.42.0.1,4,3,UPLOAD,0.95,UPLOAD,0.95,1,7129,0.7354240494213454,53,334112.0,245714.0,26,27,0.576228040826041,0.4237719591739591,0.027697439855827972,1,0,1,1,1,1,1,1,0.9699999999999999,1.0,1.0,1.0,0.8,skip,attack_already_active,1785296007.3987792,1785296007398779033,1384675615477827,71.7,52.7265625,-1.0,0,0
2026-07-28T23:33:27.501,10.42.0.18,10.42.0.1|10.42.0.18,4,3,UPLOAD,0.95,UPLOAD,0.95,1,13140,0.2627947441198617,5,50001.0,13140.0,4,1,0.7918943317337388,0.20810566826626123,0.47535929034494967,1,0,0,1,1,1,1,1,0.9699999999999999,1.0,1.0,1.0,0.8,trigger,training_upload_trigger_confirmed,1785296007.5015473,1785296007501547143,1384675718245978,81.9,52.796875,8.467414,1785296007510015556,1384675726713392
2026-07-28T23:33:27.503,10.42.0.18,10.42.0.1|10.42.0.18,4,3,UPLOAD,0.9841010226033655,UPLOAD,0.9841010226033655,1,61320,1.4891702165858847,6,50001.0,74460.0,4,2,0.4017403041916745,0.5982596958083255,0.4129326083560196,1,0,1,1,1,1,1,1,0.9699999999999999,1.0,1.0,1.0,0.8,skip,attack_already_active,1785296007.5031695,1785296007503169663,1384675719868181,81.9,52.796875,-1.0,0,0
2026-07-28T23:33:27.504,10.42.0.18,10.42.0.1|10.42.0.18,4,3,UPLOAD,0.9854688349332961,UPLOAD,0.9854688349332961,1,5068,1.5905281894244008,7,50001.0,79528.0,4,3,0.38602166310247127,0.6139783368975288,0.3586386866794977,1,0,1,1,1,1,1,1,0.9699999999999999,1.0,1.0,1.0,0.8,skip,attack_already_active,1785296007.5040817,1785296007504081752,1384675720780349,81.9,52.796875,-1.0,0,0
2026-07-28T23:33:27.505,10.42.0.1,10.42.0.1|10.42.0.18,4,3,UPLOAD,0.95,UPLOAD,0.95,1,7240,0.7570934297488354,54,334112.0,252954.0,26,28,0.5691217001154896,0.43087829988451043,0.031865676225858355,1,0,1,1,1,1,1,1,0.9699999999999999,1.0,1.0,1.0,0.8,skip,attack_already_active,1785296007.5055552,1785296007505555143,1384675722253822,81.9,52.796875,-1.0,0,0
2026-07-28T23:33:27.506,10.42.0.1,10.42.0.1|10.42.0.18,4,3,UPLOAD,0.95,UPLOAD,0.95,1,7240,0.7787628100763254,55,334112.0,260194.0,26,29,0.5621885022193954,0.43781149778060463,0.027783592370155284,1,0,1,1,1,1,1,1,0.9699999999999999,1.0,1.0,1.0,0.8,skip,attack_already_active,1785296007.506443,1785296007506443053,1384675723141472,81.9,52.796875,-1.0,0,0
2026-07-28T23:33:27.507,10.42.0.1,10.42.0.1|10.42.0.18,4,3,UPLOAD,0.6507565483382558,UPLOAD,0.6507565483382558,0,43,0.7787628100763254,55,334112.0,260194.0,26,29,0.5621885022193954,0.43781149778060463,0.04092125740909529,1,0,1,1,1,1,1,1,0.8025,0.7500000000000001,1.0,0.6000000000000001,0.8,skip,attack_already_active,1785296007.5075111,1785296007507510963,1384675724209235,81.9,52.796875,-1.0,0,0
2026-07-28T23:33:27.508,10.42.0.1,10.42.0.1|10.42.0.18,4,3,UPLOAD,0.95,UPLOAD,0.95,1,10136,0.8090999425348114,56,334112.0,270330.0,26,30,0.5527610589601649,0.4472389410398351,0.0357873520730991,1,0,1,1,1,1,1,1,0.9699999999999999,1.0,1.0,1.0,0.8,skip,attack_already_active,1785296007.5084045,1785296007508404505,1384675725103375,81.9,52.796875,-1.0,0,0
2026-07-28T23:33:27.509,10.42.0.1,10.42.0.1|10.42.0.18,4,3,UPLOAD,0.95,UPLOAD,0.95,1,4344,0.8221015707313054,57,334112.0,274674.0,26,31,0.5488168256168834,0.45118317438311656,0.031218746500659422,1,0,1,1,1,1,1,1,0.9699999999999999,1.0,1.0,1.0,0.8,skip,attack_already_active,1785296007.509522,1785296007509521904,1384675726221144,81.9,52.796875,-1.0,0,0
2026-07-28T23:33:27.511,10.42.0.1,10.42.0.1|10.42.0.18,4,3,UPLOAD,0.95,UPLOAD,0.95,1,14480,0.8654403313862853,58,334112.0,289154.0,26,32,0.5360664627943768,0.4639335372056233,0.02741541173507454,1,0,1,1,1,1,1,1,0.9699999999999999,1.0,1.0,1.0,0.8,skip,attack_already_active,1785296007.5118783,1785296007511878142,1384675728576298,81.9,52.796875,-1.0,0,0
2026-07-28T23:33:27.513,10.42.0.1,10.42.0.1|10.42.0.18,4,3,UPLOAD,0.95,UPLOAD,0.95,1,18824,0.9217807202377593,59,334112.0,307978.0,26,33,0.5203507296484916,0.47964927035150834,0.023951050930292483,1,0,1,1,1,1,1,1,0.9699999999999999,1.0,1.0,1.0,0.8,skip,attack_already_active,1785296007.5130036,1785296007513003570,1384675729701729,81.9,52.796875,-1.0,0,0
2026-07-28T23:33:27.513,10.42.0.1,10.42.0.1|10.42.0.18,4,3,UPLOAD,0.95,UPLOAD,0.95,1,1448,0.9261145963032572,60,334112.0,309426.0,26,34,0.5191799085679478,0.4808200914320522,0.020888098167504806,1,0,1,1,1,1,1,1,0.9699999999999999,1.0,1.0,1.0,0.8,skip,attack_already_active,1785296007.5137107,1785296007513710958,1384675730409173,81.9,52.796875,-1.0,0,0
2026-07-28T23:33:27.514,10.42.0.1,10.42.0.1|10.42.0.18,4,3,UPLOAD,0.95,UPLOAD,0.95,1,4344,0.9391162244997512,61,334112.0,313770.0,26,35,0.5156988463948682,0.4843011536051318,0.018264391802100884,1,0,1,1,1,1,1,1,0.9699999999999999,1.0,1.0,1.0,0.8,skip,attack_already_active,1785296007.5146883,1785296007514688140,1384675731386469,81.9,52.796875,-1.0,0,0
2026-07-28T23:33:27.515,10.42.0.1,10.42.0.1|10.42.0.18,4,3,UPLOAD,0.95,UPLOAD,0.95,1,8688,0.9651194808927392,62,334112.0,322458.0,26,36,0.5088749105198227,0.4911250894801773,0.015988904930299856,1,0,1,1,1,1,1,1,0.9699999999999999,1.0,1.0,1.0,0.8,skip,attack_already_active,1785296007.5156846,1785296007515684644,1384675732382846,81.9,52.796875,-1.0,0,0
2026-07-28T23:33:27.516,10.42.0.1,10.42.0.1|10.42.0.18,4,3,UPLOAD,0.95,UPLOAD,0.95,1,2784,0.9734520160904923,63,334112.0,325242.0,26,37,0.5067262805715897,0.49327371942841025,0.014014682918935976,1,0,1,1,1,1,1,1,0.9699999999999999,1.0,1.0,1.0,0.8,skip,attack_already_active,1785296007.5166917,1785296007516691700,1384675733389851,81.9,52.796875,-1.0,0,0
2026-07-28T23:33:28.936,10.42.0.210,10.42.0.1|10.42.0.210|10.42.0.18,4,3,UPLOAD,0.95,UPLOAD,0.95,1,1448,100.0,1,0.0,1448.0,0,1,0.0,1.0,0.30304961250218926,1,0,0,1,1,1,1,1,0.9525,0.95,1.0,1.0,0.8,trigger,training_upload_trigger_confirmed,1785296008.9360864,1785296008936086468,1384677152785597,7.6,52.80859375,6.732298,1785296008942820373,1384677159517895
2026-07-28T23:33:28.937,10.42.0.210,10.42.0.1|10.42.0.210|10.42.0.18,4,3,UPLOAD,0.9841010226033655,UPLOAD,0.9841010226033655,1,1448,100.0,2,0.0,2896.0,0,2,0.0,1.0,0.26325135424135915,1,0,1,1,1,1,1,1,0.9699999999999999,1.0,1.0,1.0,0.8,skip,attack_already_active,1785296008.937118,1785296008937117985,1384677153816474,7.6,52.80859375,-1.0,0,0
2026-07-28T23:33:28.939,10.42.0.210,10.42.0.1|10.42.0.210|10.42.0.18,4,3,UPLOAD,0.9854688349332961,UPLOAD,0.9854688349332961,1,1448,100.0,3,0.0,4344.0,0,3,0.0,1.0,0.22885297543800964,1,0,1,1,1,1,1,1,0.9699999999999999,1.0,1.0,1.0,0.8,skip,attack_already_active,1785296008.9393296,1785296008939329449,1384677156028335,7.6,52.80859375,-1.0,0,0
2026-07-28T23:33:28.940,10.42.0.210,10.42.0.1|10.42.0.210|10.42.0.18,4,3,UPLOAD,0.9855076450773014,UPLOAD,0.9855076450773014,1,1448,100.0,4,0.0,5792.0,0,4,0.0,1.0,0.19883439017570215,1,0,1,1,1,1,1,1,0.9699999999999999,1.0,1.0,1.0,0.8,skip,attack_already_active,1785296008.9403799,1785296008940379777,1384677157078393,7.6,52.80859375,-1.0,0,0
2026-07-28T23:33:28.942,10.42.0.210,10.42.0.1|10.42.0.210|10.42.0.18,4,3,UPLOAD,0.9855086980780915,UPLOAD,0.9855086980780915,1,1448,100.0,5,0.0,7240.0,0,5,0.0,1.0,0.17284952906440956,1,0,1,1,1,1,1,1,0.9699999999999999,1.0,1.0,1.0,0.8,skip,attack_already_active,1785296008.9420223,1785296008942022456,1384677158721400,7.6,52.80859375,-1.0,0,0
2026-07-28T23:33:28.943,10.42.0.210,10.42.0.1|10.42.0.210|10.42.0.18,4,3,UPLOAD,0.9855087254685951,UPLOAD,0.9855087254685951,1,1448,100.0,6,0.0,8688.0,0,6,0.0,1.0,0.15021551223797996,1,0,1,1,1,1,1,1,0.9699999999999999,1.0,1.0,1.0,0.8,skip,attack_already_active,1785296008.9431086,1785296008943108690,1384677159807360,7.6,52.80859375,-1.0,0,0
2026-07-28T23:33:28.944,10.42.0.210,10.42.0.1|10.42.0.210|10.42.0.18,4,3,UPLOAD,0.9855087261493067,UPLOAD,0.9855087261493067,1,1448,100.0,7,0.0,10136.0,0,7,0.0,1.0,0.13064576640756875,1,0,1,1,1,1,1,1,0.9699999999999999,1.0,1.0,1.0,0.8,skip,attack_already_active,1785296008.9448147,1785296008944814646,1384677161515176,7.6,52.80859375,-1.0,0,0
2026-07-28T23:33:28.946,10.42.0.210,10.42.0.1|10.42.0.210|10.42.0.18,4,3,UPLOAD,0.9855087261653082,UPLOAD,0.9855087261653082,1,1448,100.0,8,0.0,11584.0,0,8,0.0,1.0,0.11364535677630325,1,0,1,1,1,1,1,1,0.9699999999999999,1.0,1.0,1.0,0.8,skip,attack_already_active,1785296008.946449,1785296008946449045,1384677163149174,7.6,52.80859375,-1.0,0,0
2026-07-28T23:33:28.947,10.42.0.210,10.42.0.1|10.42.0.210|10.42.0.18,4,3,UPLOAD,0.985508726165656,UPLOAD,0.985508726165656,1,1448,100.0,9,0.0,13032.0,0,9,0.0,1.0,0.09887344837272838,1,0,1,1,1,1,1,1,0.9699999999999999,1.0,1.0,1.0,0.8,skip,attack_already_active,1785296008.9479945,1785296008947994296,1384677164692835,7.6,52.80859375,-1.0,0,0
2026-07-28T23:33:28.948,10.42.0.210,10.42.0.1|10.42.0.210|10.42.0.18,4,3,UPLOAD,0.9855087261656625,UPLOAD,0.9855087261656625,1,1448,100.0,10,0.0,14480.0,0,10,0.0,1.0,0.0859731068234098,1,0,1,1,1,1,1,1,0.9699999999999999,1.0,1.0,1.0,0.8,skip,attack_already_active,1785296008.9489708,1785296008948970847,1384677165669235,7.6,52.80859375,-1.0,0,0
2026-07-28T23:33:28.950,10.42.0.210,10.42.0.1|10.42.0.210|10.42.0.18,4,3,UPLOAD,0.9855087261656628,UPLOAD,0.9855087261656628,1,1448,100.0,11,0.0,15928.0,0,11,0.0,1.0,0.07479642112754671,1,0,1,1,1,1,1,1,0.9699999999999999,1.0,1.0,1.0,0.8,skip,attack_already_active,1785296008.9501271,1785296008950127226,1384677166825627,7.6,52.80859375,-1.0,0,0
2026-07-28T23:33:28.950,10.42.0.210,10.42.0.1|10.42.0.210|10.42.0.18,4,3,UPLOAD,0.95,UPLOAD,0.95,1,1448,100.0,12,0.0,17376.0,0,12,0.0,1.0,0.06504355739823141,1,0,1,1,1,1,1,1,0.9699999999999999,1.0,1.0,1.0,0.8,skip,attack_already_active,1785296008.9509118,1785296008950911626,1384677167610303,7.6,52.80859375,-1.0,0,0
2026-07-28T23:33:28.952,10.42.0.210,10.42.0.1|10.42.0.210|10.42.0.18,4,3,UPLOAD,0.95,UPLOAD,0.95,1,1448,100.0,13,0.0,18824.0,0,13,0.0,1.0,0.05666051080146214,1,0,1,1,1,1,1,1,0.9699999999999999,1.0,1.0,1.0,0.8,skip,attack_already_active,1785296008.9523387,1785296008952338645,1384677169038105,7.6,52.80859375,-1.0,0,0
2026-07-28T23:33:28.953,10.42.0.210,10.42.0.1|10.42.0.210|10.42.0.18,4,3,UPLOAD,0.95,UPLOAD,0.95,1,1448,100.0,14,0.0,20272.0,0,14,0.0,1.0,0.049310755198585285,1,0,1,1,1,1,1,1,0.9699999999999999,1.0,1.0,1.0,0.8,skip,attack_already_active,1785296008.953224,1785296008953224011,1384677169922371,7.6,52.80859375,-1.0,0,0
2026-07-28T23:33:28.954,10.42.0.210,10.42.0.1|10.42.0.210|10.42.0.18,4,3,UPLOAD,0.95,UPLOAD,0.95,1,1448,100.0,15,0.0,21720.0,0,15,0.0,1.0,0.04294323917545972,1,0,1,1,1,1,1,1,0.9699999999999999,1.0,1.0,1.0,0.8,skip,attack_already_active,1785296008.9542134,1785296008954213282,1384677170911618,7.6,52.80859375,-1.0,0,0
2026-07-28T23:33:28.954,10.42.0.210,10.42.0.1|10.42.0.210|10.42.0.18,4,3,UPLOAD,0.95,UPLOAD,0.95,1,1448,100.0,16,0.0,23168.0,0,16,0.0,1.0,0.03737467906976169,1,0,1,1,1,1,1,1,0.9699999999999999,1.0,1.0,1.0,0.8,skip,attack_already_active,1785296008.9548984,1785296008954898554,1384677171596664,7.6,52.80859375,-1.0,0,0
2026-07-28T23:33:28.955,10.42.0.210,10.42.0.1|10.42.0.210|10.42.0.18,4,3,UPLOAD,0.95,UPLOAD,0.95,1,1448,100.0,17,0.0,24616.0,0,17,0.0,1.0,0.032579876050511894,1,0,1,1,1,1,1,1,0.9699999999999999,1.0,1.0,1.0,0.8,skip,attack_already_active,1785296008.9558866,1785296008955886713,1384677172584881,7.6,52.80859375,-1.0,0,0
2026-07-28T23:33:28.956,10.42.0.210,10.42.0.1|10.42.0.210|10.42.0.18,4,3,UPLOAD,0.95,UPLOAD,0.95,1,1448,100.0,18,0.0,26064.0,0,18,0.0,1.0,0.028370627701652995,1,0,1,1,1,1,1,1,0.9699999999999999,1.0,1.0,1.0,0.8,skip,attack_already_active,1785296008.9565237,1785296008956523675,1384677173222144,7.6,52.80859375,-1.0,0,0
2026-07-28T23:33:28.957,10.42.0.210,10.42.0.1|10.42.0.210|10.42.0.18,4,3,UPLOAD,0.95,UPLOAD,0.95,1,1448,100.0,19,0.0,27512.0,0,19,0.0,1.0,0.024804930873435216,1,0,1,1,1,1,1,1,0.9699999999999999,1.0,1.0,1.0,0.8,skip,attack_already_active,1785296008.9578352,1785296008957835169,1384677174533727,7.6,52.80859375,-1.0,0,0
2026-07-28T23:33:28.958,10.42.0.210,10.42.0.1|10.42.0.210|10.42.0.18,4,3,UPLOAD,0.95,UPLOAD,0.95,1,1448,100.0,20,0.0,28960.0,0,20,0.0,1.0,0.021680229185013614,1,0,1,1,1,1,1,1,0.9699999999999999,1.0,1.0,1.0,0.8,skip,attack_already_active,1785296008.9589276,1785296008958927710,1384677175626621,7.6,52.80859375,-1.0,0,0
2026-07-28T23:33:28.960,10.42.0.210,10.42.0.1|10.42.0.210|10.42.0.18,4,3,UPLOAD,0.95,UPLOAD,0.95,1,1448,100.0,21,0.0,30408.0,0,21,0.0,1.0,0.018986950745191404,1,0,1,1,1,1,1,1,0.9699999999999999,1.0,1.0,1.0,0.8,skip,attack_already_active,1785296008.9601693,1785296008960169090,1384677176867699,7.6,52.80859375,-1.0,0,0
2026-07-28T23:33:28.961,10.42.0.210,10.42.0.1|10.42.0.210|10.42.0.18,4,3,UPLOAD,0.95,UPLOAD,0.95,1,1448,100.0,22,0.0,31856.0,0,22,0.0,1.0,0.016596267534192823,1,0,1,1,1,1,1,1,0.9699999999999999,1.0,1.0,1.0,0.8,skip,attack_already_active,1785296008.961014,1785296008961013975,1384677177712534,7.6,52.80859375,-1.0,0,0
2026-07-28T23:33:28.962,10.42.0.210,10.42.0.1|10.42.0.210|10.42.0.18,4,3,UPLOAD,0.95,UPLOAD,0.95,1,1448,100.0,23,0.0,33304.0,0,23,0.0,1.0,0.014552786834531805,1,0,1,1,1,1,1,1,0.9699999999999999,1.0,1.0,1.0,0.8,skip,attack_already_active,1785296008.962103,1785296008962102850,1384677178801595,7.6,52.80859375,-1.0,0,0
2026-07-28T23:33:28.962,10.42.0.210,10.42.0.1|10.42.0.210|10.42.0.18,4,3,UPLOAD,0.95,UPLOAD,0.95,1,1448,100.0,24,0.0,34752.0,0,24,0.0,1.0,0.012749712052946513,1,0,1,1,1,1,1,1,0.9699999999999999,1.0,1.0,1.0,0.8,skip,attack_already_active,1785296008.9629726,1785296008962972691,1384677179670897,7.6,52.80859375,-1.0,0,0
2026-07-28T23:33:28.963,10.42.0.210,10.42.0.1|10.42.0.210|10.42.0.18,4,3,UPLOAD,0.95,UPLOAD,0.95,1,1448,100.0,25,0.0,36200.0,0,25,0.0,1.0,0.011202584302149259,1,0,1,1,1,1,1,1,0.9699999999999999,1.0,1.0,1.0,0.8,skip,attack_already_active,1785296008.9639816,1785296008963981540,1384677180679736,7.6,52.80859375,-1.0,0,0
2026-07-28T23:33:28.964,10.42.0.210,10.42.0.1|10.42.0.210|10.42.0.18,4,3,UPLOAD,0.95,UPLOAD,0.95,1,1448,100.0,26,0.0,37648.0,0,26,0.0,1.0,0.00985574689595627,1,0,1,1,1,1,1,1,0.9699999999999999,1.0,1.0,1.0,0.8,skip,attack_already_active,1785296008.9649634,1785296008964963302,1384677181661621,7.6,52.80859375,-1.0,0,0
2026-07-28T23:33:28.966,10.42.0.210,10.42.0.1|10.42.0.210|10.42.0.18,4,3,UPLOAD,0.95,UPLOAD,0.95,1,1448,100.0,27,0.0,39096.0,0,27,0.0,1.0,0.00869380279916761,1,0,1,1,1,1,1,1,0.9699999999999999,1.0,1.0,1.0,0.8,skip,attack_already_active,1785296008.9660015,1785296008966001440,1384677182699866,7.6,52.80859375,-1.0,0,0
2026-07-28T23:33:28.966,10.42.0.210,10.42.0.1|10.42.0.210|10.42.0.18,4,3,UPLOAD,0.95,UPLOAD,0.95,1,1448,100.0,28,0.0,40544.0,0,28,0.0,1.0,0.007637375783854688,1,0,1,1,1,1,1,1,0.9699999999999999,1.0,1.0,1.0,0.8,skip,attack_already_active,1785296008.9666784,1785296008966678393,1384677183376542,7.6,52.80859375,-1.0,0,0
2026-07-28T23:33:28.967,10.42.0.210,10.42.0.1|10.42.0.210|10.42.0.18,4,3,UPLOAD,0.95,UPLOAD,0.95,1,1448,100.0,29,0.0,41992.0,0,29,0.0,1.0,0.006755660631516997,1,0,1,1,1,1,1,1,0.9699999999999999,1.0,1.0,1.0,0.8,skip,attack_already_active,1785296008.9676247,1785296008967624644,1384677184322942,7.6,52.80859375,-1.0,0,0
2026-07-28T23:33:28.968,10.42.0.210,10.42.0.1|10.42.0.210|10.42.0.18,4,3,UPLOAD,0.95,UPLOAD,0.95,1,1448,100.0,30,0.0,43440.0,0,30,0.0,1.0,0.005951269600248749,1,0,1,1,1,1,1,1,0.9699999999999999,1.0,1.0,1.0,0.8,skip,attack_already_active,1785296008.968276,1785296008968275879,1384677184974023,7.6,52.80859375,-1.0,0,0
2026-07-28T23:33:28.969,10.42.0.210,10.42.0.1|10.42.0.210|10.42.0.18,4,3,UPLOAD,0.95,UPLOAD,0.95,1,1448,100.0,31,0.0,44888.0,0,31,0.0,1.0,0.00529158310716713,1,0,1,1,1,1,1,1,0.9699999999999999,1.0,1.0,1.0,0.8,skip,attack_already_active,1785296008.969221,1785296008969221058,1384677185919244,7.6,52.80859375,-1.0,0,0
2026-07-28T23:33:28.969,10.42.0.210,10.42.0.1|10.42.0.210|10.42.0.18,4,3,UPLOAD,0.95,UPLOAD,0.95,1,1448,100.0,32,0.0,46336.0,0,32,0.0,1.0,0.004682382172609852,1,0,1,1,1,1,1,1,0.9699999999999999,1.0,1.0,1.0,0.8,skip,attack_already_active,1785296008.9698896,1785296008969889585,1384677186587758,7.6,52.80859375,-1.0,0,0
2026-07-28T23:33:28.970,10.42.0.210,10.42.0.1|10.42.0.210|10.42.0.18,4,3,UPLOAD,0.95,UPLOAD,0.95,1,1448,100.0,33,0.0,47784.0,0,33,0.0,1.0,0.004187640587580651,1,0,1,1,1,1,1,1,0.9699999999999999,1.0,1.0,1.0,0.8,skip,attack_already_active,1785296008.9708176,1785296008970817452,1384677187515557,7.6,52.80859375,-1.0,0,0
2026-07-28T23:33:28.971,10.42.0.210,10.42.0.1|10.42.0.210|10.42.0.18,4,3,UPLOAD,0.95,UPLOAD,0.95,1,1448,100.0,34,0.0,49232.0,0,34,0.0,1.0,0.0037244137718196657,1,0,1,1,1,1,1,1,0.9699999999999999,1.0,1.0,1.0,0.8,skip,attack_already_active,1785296008.97149,1785296008971489845,1384677188188027,7.6,52.80859375,-1.0,0,0
2026-07-28T23:33:28.972,10.42.0.210,10.42.0.1|10.42.0.210|10.42.0.18,4,3,UPLOAD,0.95,UPLOAD,0.95,1,1448,100.0,35,0.0,50680.0,0,35,0.0,1.0,0.0033183954908773015,1,0,1,1,1,1,1,1,0.9699999999999999,1.0,1.0,1.0,0.8,skip,attack_already_active,1785296008.9721332,1785296008972133129,1384677188831346,7.6,52.80859375,-1.0,0,0
2026-07-28T23:33:28.972,10.42.0.210,10.42.0.1|10.42.0.210|10.42.0.18,4,3,UPLOAD,0.95,UPLOAD,0.95,1,1448,100.0,36,0.0,52128.0,0,36,0.0,1.0,0.002966634072782808,1,0,1,1,1,1,1,1,0.9699999999999999,1.0,1.0,1.0,0.8,skip,attack_already_active,1785296008.9727821,1785296008972781990,1384677189480173,7.6,52.80859375,-1.0,0,0
2026-07-28T23:33:28.973,10.42.0.210,10.42.0.1|10.42.0.210|10.42.0.18,4,3,UPLOAD,0.95,UPLOAD,0.95,1,1448,100.0,37,0.0,53576.0,0,37,0.0,1.0,0.0026626396153701403,1,0,1,1,1,1,1,1,0.9699999999999999,1.0,1.0,1.0,0.8,skip,attack_already_active,1785296008.9734418,1785296008973441676,1384677190139901,7.6,52.80859375,-1.0,0,0
2026-07-28T23:33:28.974,10.42.0.210,10.42.0.1|10.42.0.210|10.42.0.18,4,3,UPLOAD,0.95,UPLOAD,0.95,1,1448,100.0,38,0.0,55024.0,0,38,0.0,1.0,0.002399269380766379,1,0,1,1,1,1,1,1,0.9699999999999999,1.0,1.0,1.0,0.8,skip,attack_already_active,1785296008.9741058,1785296008974105932,1384677190804194,7.6,52.80859375,-1.0,0,0
2026-07-28T23:33:28.974,10.42.0.210,10.42.0.1|10.42.0.210|10.42.0.18,4,3,UPLOAD,0.95,UPLOAD,0.95,1,1448,100.0,39,0.0,56472.0,0,39,0.0,1.0,0.0021736206971565667,1,0,1,1,1,1,1,1,0.9699999999999999,1.0,1.0,1.0,0.8,skip,attack_already_active,1785296008.9747927,1785296008974792650,1384677191490799,7.6,52.80859375,-1.0,0,0
2026-07-28T23:33:28.975,10.42.0.210,10.42.0.1|10.42.0.210|10.42.0.18,4,3,UPLOAD,0.9584145118197062,UPLOAD,0.9584145118197062,1,1337,100.0,40,0.0,57809.0,0,40,0.0,1.0,0.001975004845543577,1,0,1,1,1,1,1,1,0.9699999999999999,1.0,1.0,1.0,0.8,skip,attack_already_active,1785296008.975459,1785296008975459006,1384677192157128,7.6,52.80859375,-1.0,0,0
2026-07-28T23:33:28.977,10.42.0.1,10.42.0.1|10.42.0.210|10.42.0.18,4,3,UPLOAD,0.95,UPLOAD,0.95,1,7240,100.0,1,0.0,7240.0,0,1,0.0,1.0,0.19983124652084175,1,0,1,1,1,1,1,1,0.9699999999999999,1.0,1.0,1.0,0.8,skip,attack_already_active,1785296008.9773242,1785296008977324364,1384677194022511,7.6,52.80859375,-1.0,0,0
2026-07-28T23:33:28.978,10.42.0.1,10.42.0.1|10.42.0.210|10.42.0.18,4,3,UPLOAD,0.9837197741206546,UPLOAD,0.9837197741206546,1,7240,100.0,2,0.0,14480.0,0,2,0.0,1.0,0.17358853841324823,1,0,1,1,1,1,1,1,0.9699999999999999,1.0,1.0,1.0,0.8,skip,attack_already_active,1785296008.9780068,1785296008978006787,1384677194704897,7.6,52.80859375,-1.0,0,0
2026-07-28T23:33:29.032,10.42.0.1,10.42.0.1|10.42.0.210|10.42.0.18,4,3,UPLOAD,0.9854629320778506,UPLOAD,0.9854629320778506,1,14480,100.0,3,0.0,28960.0,0,3,0.0,1.0,0.15786575082004925,1,0,1,1,1,1,1,1,0.9699999999999999,1.0,1.0,1.0,0.8,skip,attack_already_active,1785296009.0322795,1785296009032279635,1384677248978297,7.6,52.80859375,-1.0,0,0
2026-07-28T23:33:29.033,10.42.0.1,10.42.0.1|10.42.0.210|10.42.0.18,4,3,UPLOAD,0.9855076945274565,UPLOAD,0.9855076945274565,1,14480,100.0,4,0.0,43440.0,0,4,0.0,1.0,0.1371648680064021,1,0,1,1,1,1,1,1,0.9699999999999999,1.0,1.0,1.0,0.8,skip,attack_already_active,1785296009.033052,1785296009033051777,1384677249750341,7.6,52.80859375,-1.0,0,0
2026-07-28T23:33:29.033,10.42.0.1,10.42.0.1|10.42.0.210|10.42.0.18,4,3,UPLOAD,0.9854397542130187,UPLOAD,0.9854397542130187,0,43,100.0,4,0.0,43440.0,0,4,0.0,1.0,0.3202099600231869,1,0,1,1,1,1,1,1,0.8374999999999999,0.8500000000000001,1.0,0.6000000000000001,0.8,skip,attack_already_active,1785296009.0337546,1785296009033754641,1384677250452843,7.6,52.80859375,-1.0,0,0
2026-07-28T23:33:29.035,10.42.0.1,10.42.0.1|10.42.0.210|10.42.0.18,4,3,UPLOAD,0.9854805336002709,UPLOAD,0.9854805336002709,1,14480,100.0,5,0.0,57920.0,0,5,0.0,1.0,0.2783718050764742,1,0,1,1,1,1,1,1,0.9699999999999999,1.0,1.0,1.0,0.8,skip,attack_already_active,1785296009.0357637,1785296009035763765,1384677252461951,7.6,52.80859375,-1.0,0,0
2026-07-28T23:33:29.037,10.42.0.1,10.42.0.1|10.42.0.210|10.42.0.18,4,3,UPLOAD,0.9854488424355691,UPLOAD,0.9854488424355691,1,18824,100.0,6,0.0,76744.0,0,6,0.0,1.0,0.24189601544370634,1,0,1,1,1,1,1,1,0.9699999999999999,1.0,1.0,1.0,0.8,skip,attack_already_active,1785296009.0373309,1785296009037330995,1384677254029456,7.6,52.80859375,-1.0,0,0
2026-07-28T23:33:29.039,10.42.0.1,10.42.0.1|10.42.0.210|10.42.0.18,4,3,UPLOAD,0.9853984762218748,UPLOAD,0.9853984762218748,1,2802,100.0,7,0.0,79546.0,0,7,0.0,1.0,0.21032199858268283,1,0,1,1,1,1,1,1,0.9699999999999999,1.0,1.0,1.0,0.8,skip,attack_already_active,1785296009.0396204,1785296009039620424,1384677256318947,7.6,52.80859375,-1.0,0,0
2026-07-28T23:33:34.165,10.42.0.47,10.42.0.1|10.42.0.210|10.42.0.47|10.42.0.18,4,3,UPLOAD,0.95,UPLOAD,0.95,1,7240,100.0,1,0.0,7240.0,0,1,0.0,1.0,0.9913880824076182,1,0,0,1,1,1,1,1,0.9699999999999999,1.0,1.0,1.0,0.8,trigger,training_upload_trigger_confirmed,1785296014.1652818,1785296014165281880,1384682381980701,7.3,52.84375,7.426904,1785296014172710215,1384682389407605
2026-07-28T23:33:34.166,10.42.0.47,10.42.0.1|10.42.0.210|10.42.0.47|10.42.0.18,4,3,UPLOAD,0.95,UPLOAD,0.95,1,7240,100.0,2,0.0,14480.0,0,2,0.0,1.0,0.8608973318320178,1,0,1,1,1,1,1,1,0.9699999999999999,1.0,1.0,1.0,0.8,skip,attack_already_active,1785296014.1664116,1785296014166411569,1384682383110020,7.3,52.84375,-1.0,0,0
2026-07-28T23:33:34.169,10.42.0.47,10.42.0.1|10.42.0.210|10.42.0.47|10.42.0.18,4,3,UPLOAD,0.95,UPLOAD,0.95,1,11584,100.0,3,0.0,26064.0,0,3,0.0,1.0,0.7478502229868451,1,0,1,1,1,1,1,1,0.9699999999999999,1.0,1.0,1.0,0.8,skip,attack_already_active,1785296014.1694257,1785296014169425672,1384682386124447,7.3,52.84375,-1.0,0,0
2026-07-28T23:33:34.177,10.42.0.47,10.42.0.1|10.42.0.210|10.42.0.47|10.42.0.18,4,3,UPLOAD,0.95,UPLOAD,0.95,1,1448,100.0,4,0.0,27512.0,0,4,0.0,1.0,0.6504001011280468,1,0,1,1,1,1,1,1,0.9699999999999999,1.0,1.0,1.0,0.8,skip,attack_already_active,1785296014.177754,1785296014177753933,1384682394452702,7.3,52.84375,-1.0,0,0
2026-07-28T23:33:34.178,10.42.0.47,10.42.0.1|10.42.0.210|10.42.0.47|10.42.0.18,4,3,UPLOAD,0.95,UPLOAD,0.95,1,8688,100.0,5,0.0,36200.0,0,5,0.0,1.0,0.5648245443281745,1,0,1,1,1,1,1,1,0.9699999999999999,1.0,1.0,1.0,0.8,skip,attack_already_active,1785296014.1787448,1785296014178744921,1384682395443181,7.3,52.84375,-1.0,0,0
2026-07-28T23:33:34.182,10.42.0.47,10.42.0.1|10.42.0.210|10.42.0.47|10.42.0.18,4,3,UPLOAD,0.95,UPLOAD,0.95,1,4344,100.0,6,0.0,40544.0,0,6,0.0,1.0,0.4909549495452769,1,0,1,1,1,1,1,1,0.9699999999999999,1.0,1.0,1.0,0.8,skip,attack_already_active,1785296014.1829934,1785296014182993514,1384682399692652,7.3,52.84375,-1.0,0,0
2026-07-28T23:33:34.184,10.42.0.47,10.42.0.1|10.42.0.210|10.42.0.47|10.42.0.18,4,3,UPLOAD,0.95,UPLOAD,0.95,1,1448,100.0,7,0.0,41992.0,0,7,0.0,1.0,0.4264181230530793,1,0,1,1,1,1,1,1,0.9699999999999999,1.0,1.0,1.0,0.8,skip,attack_already_active,1785296014.1841962,1785296014184196276,1384682400894883,7.3,52.84375,-1.0,0,0
2026-07-28T23:33:34.185,10.42.0.47,10.42.0.1|10.42.0.210|10.42.0.47|10.42.0.18,4,3,UPLOAD,0.95,UPLOAD,0.95,1,1448,100.0,8,0.0,43440.0,0,8,0.0,1.0,0.37037627160122,1,0,1,1,1,1,1,1,0.9699999999999999,1.0,1.0,1.0,0.8,skip,attack_already_active,1785296014.1853282,1785296014185328096,1384682402026699,7.3,52.84375,-1.0,0,0
2026-07-28T23:33:34.187,10.42.0.47,10.42.0.1|10.42.0.210|10.42.0.47|10.42.0.18,4,3,UPLOAD,0.95,UPLOAD,0.95,1,10136,100.0,9,0.0,53576.0,0,9,0.0,1.0,0.3218229830463314,1,0,1,1,1,1,1,1,0.9699999999999999,1.0,1.0,1.0,0.8,skip,attack_already_active,1785296014.187247,1785296014187247194,1384682403945822,7.3,52.84375,-1.0,0,0
2026-07-28T23:33:34.188,10.42.0.47,10.42.0.1|10.42.0.210|10.42.0.47|10.42.0.18,4,3,UPLOAD,0.95,UPLOAD,0.95,1,1448,100.0,10,0.0,55024.0,0,10,0.0,1.0,0.2795462240640603,1,0,1,1,1,1,1,1,0.9699999999999999,1.0,1.0,1.0,0.8,skip,attack_already_active,1785296014.1882434,1785296014188243329,1384682404942874,7.3,52.84375,-1.0,0,0
2026-07-28T23:33:34.189,10.42.0.47,10.42.0.1|10.42.0.210|10.42.0.47|10.42.0.18,4,3,UPLOAD,0.95,UPLOAD,0.95,1,8688,100.0,11,0.0,63712.0,0,11,0.0,1.0,0.2429105863588562,1,0,1,1,1,1,1,1,0.9699999999999999,1.0,1.0,1.0,0.8,skip,attack_already_active,1785296014.189772,1785296014189771746,1384682406470663,7.3,52.84375,-1.0,0,0
2026-07-28T23:33:34.190,10.42.0.47,10.42.0.1|10.42.0.210|10.42.0.47|10.42.0.18,4,3,UPLOAD,0.95,UPLOAD,0.95,1,5792,100.0,12,0.0,69504.0,0,12,0.0,1.0,0.21103278070756598,1,0,1,1,1,1,1,1,0.9699999999999999,1.0,1.0,1.0,0.8,skip,attack_already_active,1785296014.1907706,1785296014190770591,1384682407469016,7.3,52.84375,-1.0,0,0
2026-07-28T23:33:34.192,10.42.0.47,10.42.0.1|10.42.0.210|10.42.0.47|10.42.0.18,4,3,UPLOAD,0.95,UPLOAD,0.95,1,10024,100.0,13,0.0,79528.0,0,13,0.0,1.0,0.18340538983597565,1,0,1,1,1,1,1,1,0.9699999999999999,1.0,1.0,1.0,0.8,skip,attack_already_active,1785296014.1921468,1785296014192146654,1384682408845072,7.3,52.84375,-1.0,0,0
2026-07-28T23:33:34.193,10.42.0.1,10.42.0.1|10.42.0.210|10.42.0.47|10.42.0.18,4,3,UPLOAD,0.9842734254093983,UPLOAD,0.9842734254093983,1,7240,100.0,1,0.0,7240.0,0,1,0.0,1.0,0.8617590687574924,1,0,0,1,1,1,1,1,0.9699999999999999,1.0,1.0,1.0,0.8,skip,already_attacked_this_round,1785296014.1935182,1785296014193518154,1384682410216408,7.3,52.84375,-1.0,0,0
2026-07-28T23:33:34.194,10.42.0.1,10.42.0.1|10.42.0.210|10.42.0.47|10.42.0.18,4,3,UPLOAD,0.9830826838872361,UPLOAD,0.9830826838872361,1,7240,100.0,2,0.0,14480.0,0,2,0.0,1.0,0.7483228109029272,1,0,0,1,1,1,1,1,0.9699999999999999,1.0,1.0,1.0,0.8,skip,already_attacked_this_round,1785296014.1944408,1785296014194441040,1384682411139448,7.3,52.84375,-1.0,0,0
2026-07-28T23:33:34.262,10.42.0.1,10.42.0.1|10.42.0.210|10.42.0.47|10.42.0.18,4,3,UPLOAD,0.9806660228802727,UPLOAD,0.9806660228802727,1,14480,100.0,3,0.0,28960.0,0,3,0.0,1.0,0.6586441117643422,1,0,0,1,1,1,1,1,0.9699999999999999,1.0,1.0,1.0,0.8,skip,already_attacked_this_round,1785296014.2622168,1785296014262216584,1384682478915697,7.3,52.84375,-1.0,0,0
2026-07-28T23:33:34.263,10.42.0.1,10.42.0.1|10.42.0.210|10.42.0.47|10.42.0.18,4,3,UPLOAD,0.9777026674947671,UPLOAD,0.9777026674947671,1,14480,100.0,4,0.0,43440.0,0,4,0.0,1.0,0.5719862263077478,1,0,0,1,1,1,1,1,0.9699999999999999,1.0,1.0,1.0,0.8,skip,already_attacked_this_round,1785296014.2632382,1785296014263238180,1384682479936515,7.3,52.84375,-1.0,0,0
2026-07-28T23:33:34.264,10.42.0.1,10.42.0.1|10.42.0.210|10.42.0.47|10.42.0.18,4,3,UPLOAD,0.9619168752367294,UPLOAD,0.9619168752367294,0,43,100.0,4,0.0,43440.0,0,4,0.0,1.0,1.185854123776692,1,0,0,1,1,1,1,1,0.8374999999999999,0.8500000000000001,1.0,0.6000000000000001,0.8,skip,already_attacked_this_round,1785296014.2642145,1785296014264214469,1384682480912889,7.3,52.84375,-1.0,0,0
2026-07-28T23:33:34.283,10.42.0.1,10.42.0.1|10.42.0.210|10.42.0.47|10.42.0.18,4,3,UPLOAD,0.95,UPLOAD,0.95,1,17376,100.0,5,0.0,60816.0,0,5,0.0,1.0,1.032297924578225,1,0,0,1,1,1,1,1,0.9699999999999999,1.0,1.0,1.0,0.8,skip,already_attacked_this_round,1785296014.2837968,1785296014283796700,1384682500495637,7.3,52.84375,-1.0,0,0
2026-07-28T23:33:34.303,10.42.0.1,10.42.0.1|10.42.0.210|10.42.0.47|10.42.0.18,4,3,UPLOAD,0.95,UPLOAD,0.95,1,17376,100.0,6,0.0,78192.0,0,6,0.0,1.0,0.8989064195567031,1,0,0,1,1,1,1,1,0.9699999999999999,1.0,1.0,1.0,0.8,skip,already_attacked_this_round,1785296014.3038235,1785296014303823312,1384682520521914,7.3,52.84375,-1.0,0,0
2026-07-28T23:33:34.320,10.42.0.1,10.42.0.1|10.42.0.210|10.42.0.47|10.42.0.18,4,3,UPLOAD,0.95,UPLOAD,0.95,1,1336,100.0,7,0.0,79528.0,0,7,0.0,1.0,0.7826169742485161,1,0,0,1,1,1,1,1,0.9699999999999999,1.0,1.0,1.0,0.8,skip,already_attacked_this_round,1785296014.3202415,1785296014320241495,1384682536940020,7.3,52.84375,-1.0,0,0
2026-07-28T23:33:34.633,10.42.0.1,10.42.0.1,5,1,DOWNLOAD,0.95,DOWNLOAD,0.95,-1,1448,54.92265189646225,8,1448.0,79528.0,1,7,0.017881841533293814,0.9821181584667061,0.7281201947640941,0,0,0,0,1,0,0,0,0.44,0.8500000000000001,0.0,0.6000000000000001,0.15,skip,training_upload_trigger_not_confirmed,1785296014.6332705,1785296014633270618,1384682849969456,7.3,52.84375,-1.0,0,0
2026-07-28T23:33:34.637,10.42.0.1,10.42.0.1,5,1,DOWNLOAD,0.9663374816977011,DOWNLOAD,0.9663374816977011,-1,5792,10.984530385361252,9,7240.0,79528.0,2,7,0.08344089987092015,0.9165591001290798,0.632666739871276,0,0,0,0,1,0,0,0,0.4,0.8500000000000001,0.0,0.4,0.15,skip,training_upload_trigger_not_confirmed,1785296014.6370208,1785296014637021005,1384682853719600,7.3,52.84375,-1.0,0,0
2026-07-28T23:33:34.637,10.42.0.1,10.42.0.1,5,1,DOWNLOAD,0.9856053737208819,DOWNLOAD,0.9856053737208819,-1,7240,5.492265193059926,10,14480.0,79528.0,3,7,0.15402944430261253,0.8459705556973874,0.5493941193135659,0,0,0,0,1,0,0,0,0.32,0.8500000000000001,0.0,0.0,0.15,skip,training_upload_trigger_not_confirmed,1785296014.6377547,1785296014637754740,1384682854452887,7.3,52.84375,-1.0,0,0
2026-07-28T23:33:34.638,10.42.0.1,10.42.0.1,5,1,DOWNLOAD,0.9911667912776538,DOWNLOAD,0.9911667912776538,-1,7240,3.661510128790906,11,21720.0,79528.0,4,7,0.21452275600505688,0.7854772439949431,0.47708999147215597,0,0,0,0,1,0,0,0,0.32,0.8500000000000001,0.0,0.0,0.15,skip,training_upload_trigger_not_confirmed,1785296014.6384528,1785296014638452671,1384682855150866,7.3,52.84375,-1.0,0,0
2026-07-28T23:33:34.639,10.42.0.1,10.42.0.1,5,1,DOWNLOAD,0.9917397475508984,DOWNLOAD,0.9917397475508984,-1,7240,2.746132596624788,12,28960.0,79528.0,5,7,0.26694196593171593,0.7330580340682841,0.41430911471588194,0,0,0,0,1,0,0,0,0.32,0.8500000000000001,0.0,0.0,0.15,skip,training_upload_trigger_not_confirmed,1785296014.639116,1785296014639116119,1384682855814334,7.3,52.84375,-1.0,0,0
2026-07-28T23:33:34.640,10.42.0.1,10.42.0.1,5,1,DOWNLOAD,0.9913947864632832,DOWNLOAD,0.9913947864632832,-1,7240,2.196906077315002,13,36200.0,79528.0,6,7,0.31280243329185675,0.6871975667081432,0.3598932078653022,0,0,0,0,1,0,0,0,0.32,0.8500000000000001,0.0,0.0,0.15,skip,training_upload_trigger_not_confirmed,1785296014.640478,1785296014640477920,1384682857177072,7.3,52.84375,-1.0,0,0
2026-07-28T23:33:34.641,10.42.0.1,10.42.0.1,5,1,DOWNLOAD,0.9908556805070846,DOWNLOAD,0.9908556805070846,-1,7240,1.8307550644375976,14,43440.0,79528.0,7,7,0.3532626374341292,0.6467373625658708,0.3125815430949096,0,0,0,0,1,0,0,0,0.32,0.8500000000000001,0.0,0.0,0.15,skip,training_upload_trigger_not_confirmed,1785296014.641336,1785296014641336174,1384682858034754,7.3,52.84375,-1.0,0,0
2026-07-28T23:33:34.641,10.42.0.1,10.42.0.1,5,1,DOWNLOAD,0.9902728178919878,DOWNLOAD,0.9902728178919878,-1,7240,1.5692186266659585,15,50680.0,79528.0,8,7,0.3892233964118948,0.6107766035881051,0.2714760406661607,0,0,0,0,1,0,0,0,0.32,0.8500000000000001,0.0,0.0,0.15,skip,training_upload_trigger_not_confirmed,1785296014.6419792,1785296014641979255,1384682858677360,32.0,52.87109375,-1.0,0,0
2026-07-28T23:33:34.642,10.42.0.1,10.42.0.1,5,1,DOWNLOAD,0.9846402439144961,DOWNLOAD,0.9846402439144961,-1,7240,1.3730662983361002,16,57920.0,79528.0,9,7,0.4213957278388918,0.5786042721611082,0.2357850575954572,0,0,0,0,1,0,0,0,0.32,0.8500000000000001,0.0,0.0,0.15,skip,training_upload_trigger_not_confirmed,1785296014.6426063,1785296014642606395,1384682859304757,32.0,52.87109375,-1.0,0,0
2026-07-28T23:33:34.643,10.42.0.1,10.42.0.1,5,1,DOWNLOAD,0.9803059154192063,DOWNLOAD,0.9803059154192063,-1,10136,1.1685670624167073,17,68056.0,79528.0,10,7,0.46113399826539464,0.5388660017346054,0.20479984251037575,0,0,0,0,1,0,0,0,0.30250000000000005,0.8000000000000002,0.0,0.0,0.15,skip,training_upload_trigger_not_confirmed,1785296014.643253,1785296014643252918,1384682859951641,32.0,52.87109375,-1.0,0,0
2026-07-28T23:33:34.643,10.42.0.1,10.42.0.1,5,1,DOWNLOAD,0.972182750152808,DOWNLOAD,0.972182750152808,-1,4344,1.0984530386726734,18,72400.0,79528.0,11,7,0.4765415196672108,0.5234584803327892,0.17790403401468502,0,0,0,0,1,0,0,0,0.30250000000000005,0.8000000000000002,0.0,0.0,0.15,skip,training_upload_trigger_not_confirmed,1785296014.643948,1785296014643947932,1384682860646081,32.0,52.87109375,-1.0,0,0
2026-07-28T23:33:34.644,10.42.0.1,10.42.0.1,5,1,DOWNLOAD,0.9650326905317732,DOWNLOAD,0.9650326905317732,-1,10136,0.9635552970829268,19,82536.0,79528.0,12,7,0.5092802843321157,0.4907197156678843,0.1545435466663123,0,0,0,0,1,0,0,0,0.30250000000000005,0.8000000000000002,0.0,0.0,0.15,skip,training_upload_trigger_not_confirmed,1785296014.6445758,1785296014644575733,1384682861273900,32.0,52.87109375,-1.0,0,0
2026-07-28T23:33:34.645,10.42.0.1,10.42.0.1,5,1,DOWNLOAD,0.9509871182040207,DOWNLOAD,0.9509871182040207,-1,4344,0.9153775322293349,20,86880.0,79528.0,13,7,0.5220902841209557,0.4779097158790443,0.1342579820408764,0,0,0,0,1,0,0,0,0.30250000000000005,0.8000000000000002,0.0,0.0,0.15,skip,training_upload_trigger_not_confirmed,1785296014.6451778,1785296014645177971,1384682861875956,32.0,52.87109375,-1.0,0,0
2026-07-28T23:33:34.645,10.42.0.1,10.42.0.1,5,1,DOWNLOAD,0.95,DOWNLOAD,0.95,-1,14480,0.7846093133407201,21,101360.0,79528.0,14,7,0.5603467338905842,0.4396532661094158,0.11665015528781014,0,0,0,0,1,0,0,0,0.28500000000000003,0.7500000000000001,0.0,0.0,0.15,skip,training_upload_trigger_not_confirmed,1785296014.645815,1785296014645814841,1384682862513063,32.0,52.87109375,-1.0,0,0
2026-07-28T23:33:34.646,10.42.0.1,10.42.0.1,5,1,DOWNLOAD,0.95,DOWNLOAD,0.95,-1,14480,0.6865331491739768,22,115840.0,79528.0,15,7,0.5929323123541215,0.40706768764587853,0.1014337825649616,0,0,0,0,1,0,0,0,0.28500000000000003,0.7500000000000001,0.0,0.0,0.15,skip,training_upload_trigger_not_confirmed,1785296014.6469922,1785296014646992039,1384682863690271,32.0,52.87109375,-1.0,0,0
2026-07-28T23:33:34.647,10.42.0.1,10.42.0.1,5,1,DOWNLOAD,0.95,DOWNLOAD,0.95,-1,4344,0.6617186979992202,23,120184.0,79528.0,16,7,0.6017865726646371,0.3982134273353629,0.088153483649961,0,0,0,0,1,0,0,0,0.28500000000000003,0.7500000000000001,0.0,0.0,0.15,skip,training_upload_trigger_not_confirmed,1785296014.6476455,1785296014647645468,1384682864343711,32.0,52.87109375,-1.0,0,0
2026-07-28T23:33:34.648,10.42.0.1,10.42.0.1,5,1,DOWNLOAD,0.95,DOWNLOAD,0.95,-1,14480,0.5905661498277893,24,134664.0,79528.0,17,7,0.6287069545081049,0.3712930454918951,0.07665187323053498,0,0,0,0,1,0,0,0,0.28500000000000003,0.7500000000000001,0.0,0.0,0.15,skip,training_upload_trigger_not_confirmed,1785296014.6485164,1785296014648516364,1384682865214527,32.0,52.87109375,-1.0,0,0
2026-07-28T23:33:34.649,10.42.0.1,10.42.0.1,5,1,DOWNLOAD,0.95,DOWNLOAD,0.95,-1,14480,0.5332296304274176,25,149144.0,79528.0,18,7,0.6522180240694094,0.3477819759305905,0.06667445838681008,0,0,0,0,1,0,0,0,0.28500000000000003,0.7500000000000001,0.0,0.0,0.15,skip,training_upload_trigger_not_confirmed,1785296014.6494524,1785296014649452573,1384682866150649,32.0,52.87109375,-1.0,0,0
2026-07-28T23:33:34.650,10.42.0.1,10.42.0.1,5,1,DOWNLOAD,0.95,DOWNLOAD,0.95,-1,11584,0.4947986660725274,26,160728.0,79528.0,19,7,0.6689864144912093,0.3310135855087906,0.05796993258100393,0,0,0,0,1,0,0,0,0.28500000000000003,0.7500000000000001,0.0,0.0,0.15,skip,training_upload_trigger_not_confirmed,1785296014.6500707,1785296014650070666,1384682866768683,32.0,52.87109375,-1.0,0,0
2026-07-28T23:33:34.651,10.42.0.1,10.42.0.1,5,1,DOWNLOAD,0.95,DOWNLOAD,0.95,-1,2896,0.48604116755802296,27,163624.0,79528.0,20,7,0.672928867539646,0.327071132460354,0.05047772656609164,0,0,0,0,1,0,0,0,0.28500000000000003,0.7500000000000001,0.0,0.0,0.15,skip,training_upload_trigger_not_confirmed,1785296014.6511843,1785296014651184496,1384682867882648,32.0,52.87109375,-1.0,0,0
2026-07-28T23:33:34.651,10.42.0.1,10.42.0.1,5,1,DOWNLOAD,0.95,DOWNLOAD,0.95,-1,14480,0.4465256254803568,28,178104.0,79528.0,21,7,0.6913116383058006,0.3086883616941995,0.0439095900458418,0,0,0,0,1,0,0,0,0.28500000000000003,0.7500000000000001,0.0,0.0,0.15,skip,training_upload_trigger_not_confirmed,1785296014.6518183,1785296014651818333,1384682868516485,32.0,52.87109375,-1.0,0,0
2026-07-28T23:33:34.657,10.42.0.1,10.42.0.1,5,1,DOWNLOAD,0.95,DOWNLOAD,0.95,-1,18824,0.4038430289273041,29,196928.0,79528.0,22,7,0.7123303527505281,0.28766964724947186,0.03885457477490318,0,0,0,0,1,0,0,0,0.23249999999999998,0.6,0.0,0.0,0.15,skip,training_upload_trigger_not_confirmed,1785296014.6573668,1785296014657366885,1384682874066054,32.0,52.87109375,-1.0,0,0
2026-07-28T23:33:34.658,10.42.0.1,10.42.0.1,5,1,DOWNLOAD,0.95,DOWNLOAD,0.95,-1,18824,0.3686084022425349,30,215752.0,79528.0,23,7,0.7306691953400163,0.26933080465998377,0.03389535991233567,0,0,0,0,1,0,0,0,0.23249999999999998,0.6,0.0,0.0,0.15,skip,training_upload_trigger_not_confirmed,1785296014.6585872,1785296014658587169,1384682875285743,32.0,52.87109375,-1.0,0,0
2026-07-28T23:33:34.659,10.42.0.1,10.42.0.1,5,1,DOWNLOAD,0.95,DOWNLOAD,0.95,-1,18824,0.3390287156429514,31,234576.0,79528.0,24,7,0.7468099737666505,0.25319002623334946,0.029571860659295093,0,0,0,0,1,0,0,0,0.23249999999999998,0.6,0.0,0.0,0.15,skip,training_upload_trigger_not_confirmed,1785296014.6596727,1785296014659672930,1384682876371337,32.0,52.87109375,-1.0,0,0
2026-07-28T23:33:34.660,10.42.0.1,10.42.0.1,5,1,DOWNLOAD,0.95,DOWNLOAD,0.95,-1,16920,0.3162197410721593,32,251496.0,79528.0,25,7,0.759751558799362,0.240248441200638,0.025821292806751668,0,0,0,0,1,0,0,0,0.23249999999999998,0.6,0.0,0.0,0.15,skip,training_upload_trigger_not_confirmed,1785296014.6607826,1785296014660782684,1384682877481055,32.0,52.87109375,-1.0,0,0
2026-07-28T23:33:34.661,10.42.0.1,10.42.0.1,5,1,DOWNLOAD,0.95,DOWNLOAD,0.95,-1,14024,0.29951792708910996,33,265520.0,79528.0,26,7,0.7695161252927128,0.2304838747072871,0.022527944247292108,0,0,0,0,1,0,0,0,0.23249999999999998,0.6,0.0,0.0,0.15,skip,training_upload_trigger_not_confirmed,1785296014.6616116,1785296014661611612,1384682878309853,32.0,52.87109375,-1.0,0,0
2026-07-28T23:33:34.662,10.42.0.47,10.42.0.1,5,1,DOWNLOAD,0.95,DOWNLOAD,0.95,-1,7240,10.984530385361252,14,7240.0,79528.0,1,13,0.08344089987092015,0.9165591001290798,0.20199514637277066,0,0,0,0,0,0,0,0,0.057499999999999996,0.1,0.0,0.0,0.15,skip,training_upload_trigger_not_confirmed,1785296014.6623113,1785296014662311459,1384682879009792,32.0,52.87109375,-1.0,0,0
2026-07-28T23:33:34.663,10.42.0.47,10.42.0.1,5,1,DOWNLOAD,0.9829981496648164,DOWNLOAD,0.9829981496648164,-1,7240,5.492265193059926,15,14480.0,79528.0,2,13,0.15402944430261253,0.8459705556973874,0.17547596273609173,0,0,0,0,0,0,0,0,0.057499999999999996,0.1,0.0,0.0,0.15,skip,training_upload_trigger_not_confirmed,1785296014.6630597,1785296014663059705,1384682879758506,32.0,52.87109375,-1.0,0,0
2026-07-28T23:33:34.664,10.42.0.1,10.42.0.1,5,1,DOWNLOAD,0.95,DOWNLOAD,0.95,-1,20272,0.2782723099342239,34,285792.0,79528.0,27,7,0.7823059235738531,0.21769407642614694,0.019885041393081927,0,0,0,0,1,0,0,0,0.23249999999999998,0.6,0.0,0.0,0.15,skip,training_upload_trigger_not_confirmed,1785296014.6640832,1785296014664083196,1384682880781791,32.0,52.87109375,-1.0,0,0
2026-07-28T23:33:34.665,10.42.0.1,10.42.0.1,5,1,DOWNLOAD,0.95,DOWNLOAD,0.95,-1,8688,0.2700624830233969,35,294480.0,79528.0,28,7,0.7873628371585635,0.21263716284143655,0.01740482259467103,0,0,0,0,1,0,0,0,0.23249999999999998,0.6,0.0,0.0,0.15,skip,training_upload_trigger_not_confirmed,1785296014.6651466,1785296014665146569,1384682881844708,32.0,52.87109375,-1.0,0,0
2026-07-28T23:33:34.666,10.42.0.1,10.42.0.1,5,1,DOWNLOAD,0.95,DOWNLOAD,0.95,-1,6784,0.26398109299729144,36,301264.0,79528.0,29,7,0.7911510746024076,0.2088489253975924,0.015239306162996161,0,0,0,0,1,0,0,0,0.23249999999999998,0.6,0.0,0.0,0.15,skip,training_upload_trigger_not_confirmed,1785296014.666118,1785296014666117995,1384682882816189,32.0,52.87109375,-1.0,0,0
2026-07-28T23:33:34.667,10.42.0.59,10.42.0.1,3,1,DOWNLOAD,0.95,DOWNLOAD,0.95,-1,7300,1.3698630135109776e-10,1,7300.0,0.0,1,0,1.0,0.0,1.3180923901206998,0,0,0,0,0,0,0,0,0.0225,0.0,0.0,0.0,0.15,skip,training_upload_trigger_not_confirmed,1785296014.667109,1785296014667109067,1384682883807279,32.0,52.87109375,-1.0,0,0
2026-07-28T23:33:34.667,10.42.0.59,10.42.0.1,3,1,DOWNLOAD,0.95,DOWNLOAD,0.95,-1,7300,6.84931506802402e-11,2,14600.0,0.0,2,0,1.0,0.0,1.1444870395407745,0,0,0,0,0,0,0,0,0.0225,0.0,0.0,0.0,0.15,skip,training_upload_trigger_not_confirmed,1785296014.6677632,1785296014667763267,1384682884461462,32.0,52.87109375,-1.0,0,0
2026-07-28T23:33:34.668,10.42.0.145,10.42.0.1,3,3,UPLOAD,0.9854688349332961,UPLOAD,0.9854688349332961,0,43,1.0,0,0.0,0.0,0,0,0.0,0.0,1.4563116739736248,0,0,0,0,0,0,0,0,0.4375,0.05,1.0,0.0,0.8,skip,already_attacked_this_round,1785296014.6687267,1785296014668726881,1384682885425396,32.0,52.87109375,-1.0,0,0
2026-07-28T23:33:34.669,10.42.0.145,10.42.0.1,4,1,DOWNLOAD,0.95,DOWNLOAD,0.95,-1,14600,6.84931506802402e-11,1,14600.0,0.0,1,0,1.0,0.0,2.216518433221357,0,0,0,0,0,0,0,0,0.0225,0.0,0.0,0.0,0.15,skip,training_upload_trigger_not_confirmed,1785296014.6693926,1785296014669392527,1384682886090595,32.0,52.87109375,-1.0,0,0
2026-07-28T23:33:34.670,10.42.0.145,10.42.0.1,4,1,DOWNLOAD,0.95,DOWNLOAD,0.95,-1,14600,3.424657534129292e-11,2,29200.0,0.0,2,0,1.0,0.0,1.9245199627293799,0,0,0,0,0,0,0,0,0.0225,0.0,0.0,0.0,0.15,skip,training_upload_trigger_not_confirmed,1785296014.6700487,1785296014670048862,1384682886746911,32.0,52.87109375,-1.0,0,0
2026-07-28T23:33:34.671,10.42.0.18,10.42.0.1,5,1,DOWNLOAD,0.95,DOWNLOAD,0.95,-1,10220,9.784735811175661e-11,1,10220.0,0.0,1,0,1.0,0.0,1.2496485289797157,0,0,0,0,0,0,0,0,0.0225,0.0,0.0,0.0,0.15,skip,training_upload_trigger_not_confirmed,1785296014.671874,1785296014671874155,1384682888572254,32.0,52.87109375,-1.0,0,0
2026-07-28T23:33:34.672,10.42.0.18,10.42.0.1,5,1,DOWNLOAD,0.9664165434361044,DOWNLOAD,0.9664165434361044,-1,4380,6.84931506802402e-11,2,14600.0,0.0,2,0,1.0,0.0,1.0850626465127178,0,0,0,0,0,0,0,0,0.0225,0.0,0.0,0.0,0.15,skip,training_upload_trigger_not_confirmed,1785296014.6725278,1785296014672527979,1384682889226184,32.0,52.87109375,-1.0,0,0
2026-07-28T23:33:34.673,10.42.0.18,10.42.0.1,5,1,DOWNLOAD,0.9587503045189464,DOWNLOAD,0.9587503045189464,0,43,6.84931506802402e-11,2,14600.0,0.0,2,0,1.0,0.0,1.88041071872303,0,0,0,0,0,0,0,0,0.0225,0.0,0.0,0.0,0.15,skip,training_upload_trigger_not_confirmed,1785296014.673153,1785296014673153107,1384682889851209,32.0,52.87109375,-1.0,0,0
2026-07-28T23:33:34.675,10.42.0.18,10.42.0.1,5,1,DOWNLOAD,0.9552067391090764,DOWNLOAD,0.9552067391090764,-1,14600,3.424657534129292e-11,3,29200.0,0.0,3,0,1.0,0.0,1.6329841576783402,0,0,0,0,0,0,0,0,0.0225,0.0,0.0,0.0,0.15,skip,training_upload_trigger_not_confirmed,1785296014.6752884,1785296014675288216,1384682891986933,32.0,52.87109375,-1.0,0,0
2026-07-28T23:33:34.676,10.42.0.47,10.42.0.1,5,1,DOWNLOAD,0.9842257140988042,DOWNLOAD,0.9842257140988042,0,43,5.492265193059926,15,14480.0,79528.0,2,13,0.15402944430261253,0.8459705556973874,0.19675852506201535,0,0,0,0,0,0,0,0,0.057499999999999996,0.1,0.0,0.0,0.15,skip,training_upload_trigger_not_confirmed,1785296014.6763759,1785296014676375875,1384682893074178,32.0,52.87109375,-1.0,0,0
2026-07-28T23:33:34.677,10.42.0.47,10.42.0.1,5,1,DOWNLOAD,0.9842586901286671,DOWNLOAD,0.9842586901286671,-1,5792,3.9230465665487837,16,20272.0,79528.0,3,13,0.20312625250501,0.79687374749499,0.17276200753685625,0,0,0,0,0,0,0,0,0.057499999999999996,0.1,0.0,0.0,0.15,skip,training_upload_trigger_not_confirmed,1785296014.6777153,1785296014677715176,1384682894413464,32.0,52.87109375,-1.0,0,0
2026-07-28T23:33:34.678,10.42.0.47,10.42.0.1,5,1,DOWNLOAD,0.9842595481342594,DOWNLOAD,0.9842595481342594,-1,2896,3.4326657457513523,17,23168.0,79528.0,4,13,0.22559788112487342,0.7744021188751266,0.1500909523864705,0,0,0,0,0,0,0,0,0.057499999999999996,0.1,0.0,0.0,0.15,skip,training_upload_trigger_not_confirmed,1785296014.678433,1785296014678432949,1384682895131096,32.0,52.87109375,-1.0,0,0
2026-07-28T23:33:34.679,10.42.0.47,10.42.0.1,5,1,DOWNLOAD,0.9842595696464124,DOWNLOAD,0.9842595696464124,-1,5792,2.746132596624788,18,28960.0,79528.0,5,13,0.26694196593171593,0.7330580340682841,0.13041380406917566,0,0,0,0,0,0,0,0,0.057499999999999996,0.1,0.0,0.0,0.15,skip,training_upload_trigger_not_confirmed,1785296014.6791995,1785296014679199558,1384682895897783,32.0,52.87109375,-1.0,0,0
2026-07-28T23:33:34.680,10.42.0.18,10.42.0.1,5,1,DOWNLOAD,0.9570491342586274,DOWNLOAD,0.9570491342586274,-1,14600,2.2831050227789245e-11,4,43800.0,0.0,4,0,1.0,0.0,1.4185457213398902,0,0,0,0,0,0,0,0,0.0225,0.0,0.0,0.0,0.15,skip,training_upload_trigger_not_confirmed,1785296014.6809597,1785296014680959730,1384682897658859,32.0,52.87109375,-1.0,0,0
2026-07-28T23:33:34.682,10.42.0.18,10.42.0.1,5,1,DOWNLOAD,0.9626015521797604,DOWNLOAD,0.9626015521797604,-1,14600,1.7123287670939668e-11,5,58400.0,0.0,5,0,1.0,0.0,1.2318233652421045,0,0,0,0,0,0,0,0,0.0225,0.0,0.0,0.0,0.15,skip,training_upload_trigger_not_confirmed,1785296014.6825218,1785296014682521739,1384682899220680,32.0,52.87109375,-1.0,0,0
2026-07-28T23:33:34.683,10.42.0.59,10.42.0.1,3,1,DOWNLOAD,0.9484916594376501,DOWNLOAD,0.9484916594376501,0,43,6.84931506802402e-11,2,14600.0,0.0,2,0,1.0,0.0,1.9508267984918262,0,0,0,0,0,0,0,0,0.0225,0.0,0.0,0.0,0.15,skip,training_upload_trigger_not_confirmed,1785296014.68352,1785296014683519960,1384682900218197,32.0,52.87109375,-1.0,0,0
2026-07-28T23:33:34.684,10.42.0.59,10.42.0.1,3,1,DOWNLOAD,0.95,DOWNLOAD,0.95,-1,14600,3.424657534129292e-11,3,29200.0,0.0,3,0,1.0,0.0,1.69592327561559,0,0,0,0,0,0,0,0,0.0225,0.0,0.0,0.0,0.15,skip,training_upload_trigger_not_confirmed,1785296014.6842017,1785296014684201781,1384682900899895,32.0,52.87109375,-1.0,0,0
2026-07-28T23:33:34.684,10.42.0.59,10.42.0.1,3,1,DOWNLOAD,0.9601246681996843,DOWNLOAD,0.9601246681996843,-1,14600,2.2831050227789245e-11,4,43800.0,0.0,4,0,1.0,0.0,1.4725390142544312,0,0,0,0,0,0,0,0,0.0225,0.0,0.0,0.0,0.15,skip,training_upload_trigger_not_confirmed,1785296014.6849263,1785296014684926312,1384682901624392,32.0,52.87109375,-1.0,0,0
2026-07-28T23:33:34.686,10.42.0.145,10.42.0.1,4,1,DOWNLOAD,0.95,DOWNLOAD,0.95,-1,29200,1.7123287670939668e-11,3,58400.0,0.0,3,0,1.0,0.0,1.6731210289045713,0,0,0,0,0,0,0,0,0.0225,0.0,0.0,0.0,0.15,skip,training_upload_trigger_not_confirmed,1785296014.6867933,1785296014686793247,1384682903491793,32.0,52.87109375,-1.0,0,0
2026-07-28T23:33:34.687,10.42.0.145,10.42.0.1,4,1,DOWNLOAD,0.9607998165786821,DOWNLOAD,0.9607998165786821,-1,6184,1.5483711135645304e-11,4,64584.0,0.0,4,0,1.0,0.0,1.4527289918905137,0,0,0,0,0,0,0,0,0.0225,0.0,0.0,0.0,0.15,skip,training_upload_trigger_not_confirmed,1785296014.6874344,1785296014687434517,1384682904132550,32.0,52.87109375,-1.0,0,0
2026-07-28T23:33:34.690,10.42.0.47,10.42.0.1,5,1,DOWNLOAD,0.9842595701605352,DOWNLOAD,0.9842595701605352,-1,5792,2.2884438305338266,19,34752.0,79528.0,6,13,0.304095204760238,0.695904795239762,0.11474147172477647,0,0,0,0,0,0,0,0,0.057499999999999996,0.1,0.0,0.0,0.15,skip,training_upload_trigger_not_confirmed,1785296014.6906803,1785296014690680322,1384682907378540,32.0,52.87109375,-1.0,0,0
2026-07-28T23:33:34.691,10.42.0.18,10.42.0.1,5,1,DOWNLOAD,0.9666474588348384,DOWNLOAD,0.9666474588348384,-1,6184,1.5483711135645304e-11,6,64584.0,0.0,6,0,1.0,0.0,1.0707243335636978,0,0,0,0,0,0,0,0,0.0225,0.0,0.0,0.0,0.15,skip,training_upload_trigger_not_confirmed,1785296014.6918097,1785296014691809595,1384682908507715,32.0,52.87109375,-1.0,0,0
2026-07-28T23:33:34.693,10.42.0.210,10.42.0.1,5,1,DOWNLOAD,0.95,DOWNLOAD,0.95,-1,1448,6.906077343296907e-10,1,1448.0,0.0,1,0,1.0,0.0,0.747330948799706,0,0,0,0,0,0,0,0,0.0225,0.0,0.0,0.0,0.15,skip,training_upload_trigger_not_confirmed,1785296014.693029,1785296014693028887,1384682909727171,32.0,52.87109375,-1.0,0,0
2026-07-28T23:33:34.695,10.42.0.59,10.42.0.1,3,1,DOWNLOAD,0.9682505611424101,DOWNLOAD,0.9682505611424101,-1,21900,1.5220700151975332e-11,5,65700.0,0.0,5,0,1.0,0.0,1.2799282516637756,0,0,0,0,0,0,0,0,0.0225,0.0,0.0,0.0,0.15,skip,training_upload_trigger_not_confirmed,1785296014.6957972,1785296014695797350,1384682912495614,32.0,52.87109375,-1.0,0,0
2026-07-28T23:33:34.696,10.42.0.59,10.42.0.1,3,1,DOWNLOAD,0.9715560051794936,DOWNLOAD,0.9715560051794936,-1,13484,1.2628813901638856e-11,6,79184.0,0.0,6,0,1.0,0.0,1.1113599229196955,0,0,0,0,0,0,0,0,0.0225,0.0,0.0,0.0,0.15,skip,training_upload_trigger_not_confirmed,1785296014.6965082,1785296014696508270,1384682913206496,32.0,52.87109375,-1.0,0,0
2026-07-28T23:33:34.705,10.42.0.47,10.42.0.1,5,1,DOWNLOAD,0.9842595701720059,DOWNLOAD,0.9842595701720059,-1,8688,1.8307550644375976,20,43440.0,79528.0,7,13,0.3532626374341292,0.6467373625658708,0.10153951249259488,0,0,0,0,0,0,0,0,0.057499999999999996,0.1,0.0,0.0,0.15,skip,training_upload_trigger_not_confirmed,1785296014.7052357,1785296014705235787,1384682921934092,32.0,52.87109375,-1.0,0,0
2026-07-28T23:33:34.705,10.42.0.47,10.42.0.1,5,1,DOWNLOAD,0.9842595701722343,DOWNLOAD,0.9842595701722343,-1,17376,1.3076821888925991,21,60816.0,79528.0,8,13,0.43333523342643787,0.5666647665735621,0.08825454922958496,0,0,0,0,0,0,0,0,0.057499999999999996,0.1,0.0,0.0,0.15,skip,training_upload_trigger_not_confirmed,1785296014.7059593,1785296014705959456,1384682922657617,32.0,52.87109375,-1.0,0,0
2026-07-28T23:33:34.706,10.42.0.47,10.42.0.1,5,1,DOWNLOAD,0.9842595701722379,DOWNLOAD,0.9842595701722379,-1,18385,1.0041287357482338,22,79201.0,79528.0,9,13,0.49896994248058013,0.5010300575194199,0.07671718886519836,0,0,0,0,0,0,0,0,0.039999999999999994,0.05,0.0,0.0,0.15,skip,training_upload_trigger_not_confirmed,1785296014.70666,1785296014706659981,1384682923358494,32.0,52.87109375,-1.0,0,0
2026-07-28T23:33:34.849,10.42.0.210,10.42.0.1,5,1,DOWNLOAD,0.95,DOWNLOAD,0.95,-1,10136,8.632596684337655e-11,2,11584.0,0.0,2,0,1.0,0.0,0.669510155123522,0,0,0,0,0,0,0,0,0.0225,0.0,0.0,0.0,0.15,skip,training_upload_trigger_not_confirmed,1785296014.8497994,1785296014849799343,1384683066497751,32.0,52.87109375,-1.0,0,0
2026-07-28T23:33:34.850,10.42.0.210,10.42.0.1,5,1,DOWNLOAD,0.9557926560077417,DOWNLOAD,0.9557926560077417,0,43,8.632596684337655e-11,2,11584.0,0.0,2,0,1.0,0.0,1.3471646825997827,0,0,0,0,0,0,0,0,0.0225,0.0,0.0,0.0,0.15,skip,training_upload_trigger_not_confirmed,1785296014.8506498,1785296014850649756,1384683067348086,32.0,52.87109375,-1.0,0,0
2026-07-28T23:33:34.852,10.42.0.210,10.42.0.1,5,1,DOWNLOAD,0.9846998846180315,DOWNLOAD,0.9846998846180315,-1,14480,3.8367096376674066e-11,3,26064.0,0.0,3,0,1.0,0.0,1.170042214042002,0,0,0,0,0,0,0,0,0.0225,0.0,0.0,0.0,0.15,skip,training_upload_trigger_not_confirmed,1785296014.8528306,1785296014852830662,1384683069529091,32.0,52.87109375,-1.0,0,0
2026-07-28T23:33:34.861,10.42.0.210,10.42.0.1,5,1,DOWNLOAD,0.9854895428954357,DOWNLOAD,0.9854895428954357,-1,14480,2.4664561956771294e-11,4,40544.0,0.0,4,0,1.0,0.0,1.0169995007883896,0,0,0,0,0,0,0,0,0.0225,0.0,0.0,0.0,0.15,skip,training_upload_trigger_not_confirmed,1785296014.861474,1785296014861474020,1384683078172869,32.0,52.87109375,-1.0,0,0
2026-07-28T23:33:34.875,10.42.0.210,10.42.0.1,5,1,DOWNLOAD,0.9855083405864443,DOWNLOAD,0.9855083405864443,-1,17376,1.7265193369867658e-11,5,57920.0,0.0,5,0,1.0,0.0,0.8848858151221106,0,0,0,0,0,0,0,0,0.0225,0.0,0.0,0.0,0.15,skip,training_upload_trigger_not_confirmed,1785296014.8758993,1785296014875899413,1384683092597867,32.0,52.87109375,-1.0,0,0
2026-07-28T23:33:34.896,10.42.0.210,10.42.0.1,5,1,DOWNLOAD,0.9855087208476458,DOWNLOAD,0.9855087208476458,-1,6784,1.5454995054162724e-11,6,64704.0,0.0,6,0,1.0,0.0,0.7709545244265017,0,0,0,0,0,0,0,0,0.0225,0.0,0.0,0.0,0.15,skip,training_upload_trigger_not_confirmed,1785296014.896192,1785296014896191872,1384683112890303,32.0,52.87109375,-1.0,0,0
2026-07-28T23:33:35.011,10.42.0.59,10.42.0.1,3,3,UPLOAD,0.95,UPLOAD,0.95,1,64240,0.811275005053909,7,79184.0,64240.0,6,1,0.5520972780008925,0.4479027219991075,1.0081645994994681,0,0,0,1,1,1,1,1,0.85,1.0,1.0,0.4,0.8,trigger,training_upload_trigger_confirmed,1785296015.0117598,1785296015011759952,1384683228458480,32.0,52.87109375,10.00301,1785296015021764117,1384683238461490
2026-07-28T23:33:35.012,10.42.0.59,10.42.0.1,3,3,UPLOAD,0.9841010226033655,UPLOAD,0.9841010226033655,1,688,0.8199636290182365,8,79184.0,64928.0,6,2,0.5494615299211725,0.4505384700788276,0.8754719877641198,0,0,1,1,1,1,1,1,0.85,1.0,1.0,0.4,0.8,skip,attack_already_active,1785296015.0129573,1785296015012957409,1384683229655654,32.0,52.87109375,-1.0,0,0
2026-07-28T23:33:35.013,10.42.0.1,10.42.0.1,5,3,UPLOAD,0.95,UPLOAD,0.95,1,7240,0.2880131711744914,37,301264.0,86768.0,29,8,0.7763895761174336,0.22361042388256638,0.026681921090449978,1,0,0,0,1,0,0,0,0.85,1.0,1.0,0.4,0.8,trigger,training_upload_trigger_confirmed,1785296015.0137134,1785296015013713506,1384683230411888,32.0,52.87109375,27.503524,1785296015041218061,1384683257915412
2026-07-28T23:33:35.014,10.42.0.1,10.42.0.1,5,3,UPLOAD,0.95,UPLOAD,0.95,1,7240,0.31204524935169137,38,301264.0,94008.0,29,9,0.762168835637232,0.2378311643627679,0.02326262812092004,1,0,1,1,1,1,1,1,0.85,1.0,1.0,0.4,0.8,skip,attack_already_active,1785296015.0144472,1785296015014447050,1384683231145310,32.0,52.87109375,-1.0,0,0
2026-07-28T23:33:35.015,10.42.0.1,10.42.0.1,5,3,UPLOAD,0.9198015835888396,UPLOAD,0.9198015835888396,0,43,0.31204524935169137,38,301264.0,94008.0,29,9,0.762168835637232,0.2378311643627679,0.03376443866378573,1,0,1,1,1,1,1,1,0.7625000000000001,0.7500000000000001,1.0,0.4,0.8,skip,attack_already_active,1785296015.0157113,1785296015015711145,1384683232409451,32.0,52.87109375,-1.0,0,0
2026-07-28T23:33:35.016,10.42.0.1,10.42.0.1,5,3,UPLOAD,0.95,UPLOAD,0.95,1,10136,0.3456901587997713,39,301264.0,104144.0,29,10,0.7431131107427579,0.25688688925724207,0.029575347277650252,1,0,1,1,1,1,1,1,0.9699999999999999,1.0,1.0,1.0,0.8,skip,attack_already_active,1785296015.0164218,1785296015016421773,1384683233120258,32.0,52.87109375,-1.0,0,0
2026-07-28T23:33:35.017,10.42.0.1,10.42.0.1,5,3,UPLOAD,0.95,UPLOAD,0.95,1,4344,0.3601094057060913,40,301264.0,108488.0,29,11,0.7352349713973331,0.264765028602667,0.025775308706513303,1,0,1,1,1,1,1,1,0.9699999999999999,1.0,1.0,1.0,0.8,skip,attack_already_active,1785296015.0171597,1785296015017159775,1384683233858169,32.0,52.87109375,-1.0,0,0
2026-07-28T23:33:35.019,10.42.0.1,10.42.0.1,5,3,UPLOAD,0.95,UPLOAD,0.95,1,14480,0.40817356206049116,41,301264.0,122968.0,29,12,0.7101397348620566,0.2898602651379434,0.022658836524949974,1,0,1,1,1,1,1,1,0.9699999999999999,1.0,1.0,1.0,0.8,skip,attack_already_active,1785296015.019285,1785296015019285039,1384683235983217,32.0,52.87109375,-1.0,0,0
2026-07-28T23:33:35.019,10.42.0.1,10.42.0.1,5,3,UPLOAD,0.95,UPLOAD,0.95,1,14480,0.45623771841489114,42,301264.0,137448.0,29,13,0.6867010704060978,0.31329892959390215,0.019759284200513327,1,0,1,1,1,1,1,1,0.9699999999999999,1.0,1.0,1.0,0.8,skip,attack_already_active,1785296015.01994,1785296015019939751,1384683236637799,32.0,52.87109375,-1.0,0,0
2026-07-28T23:33:35.022,10.42.0.145,10.42.0.1,4,3,UPLOAD,0.95,UPLOAD,0.95,1,64240,0.994673603369338,5,64584.0,64240.0,4,1,0.5013351549400733,0.4986648450599267,1.3078828485908316,0,0,0,1,1,1,1,1,0.9299999999999999,1.0,1.0,0.8,0.8,trigger,training_upload_trigger_confirmed,1785296015.0222654,1785296015022265291,1384683238963813,32.0,52.87109375,64.756474,1785296015087022991,1384683303720287
2026-07-28T23:33:35.023,10.42.0.1,10.42.0.1,5,3,UPLOAD,0.95,UPLOAD,0.95,1,5792,0.47546338095665114,43,301264.0,143240.0,29,14,0.6777531810737362,0.3222468189262639,0.01756180589355097,1,0,1,1,1,1,1,1,0.9699999999999999,1.0,1.0,1.0,0.8,skip,attack_already_active,1785296015.0230231,1785296015023023170,1384683239721273,32.0,52.87109375,-1.0,0,0
2026-07-28T23:33:35.024,10.42.0.145,10.42.0.1,4,3,UPLOAD,0.9841010226033655,UPLOAD,0.9841010226033655,1,689,1.0053418803417977,6,64584.0,64929.0,4,2,0.4986680873734683,0.5013319126265317,1.1357744324611667,0,0,1,1,1,1,1,1,0.9299999999999999,1.0,1.0,0.8,0.8,skip,attack_already_active,1785296015.0240715,1785296015024071381,1384683240769626,32.0,52.87109375,-1.0,0,0
2026-07-28T23:33:35.025,10.42.0.1,10.42.0.1,5,3,UPLOAD,0.95,UPLOAD,0.95,1,5792,0.4946890434984111,44,301264.0,149032.0,29,15,0.669035478885,0.3309645211149999,0.015511012416797625,1,0,1,1,1,1,1,1,0.9699999999999999,1.0,1.0,1.0,0.8,skip,attack_already_active,1785296015.025022,1785296015025021990,1384683241720248,32.0,52.87109375,-1.0,0,0
2026-07-28T23:33:35.025,10.42.0.1,10.42.0.1,5,3,UPLOAD,0.95,UPLOAD,0.95,1,7240,0.518721121675611,45,301264.0,156272.0,29,16,0.6584487340886838,0.3415512659113163,0.013555748545802175,1,0,1,1,1,1,1,1,0.9699999999999999,1.0,1.0,1.0,0.8,skip,attack_already_active,1785296015.025695,1785296015025694949,1384683242393137,32.0,52.87109375,-1.0,0,0
2026-07-28T23:33:35.026,10.42.0.1,10.42.0.1,5,3,UPLOAD,0.95,UPLOAD,0.95,1,7240,0.542753199852811,46,301264.0,163512.0,29,17,0.6481918171334148,0.3518081828665852,0.01185735309570644,1,0,1,1,1,1,1,1,0.9699999999999999,1.0,1.0,1.0,0.8,skip,attack_already_active,1785296015.0263622,1785296015026362075,1384683243060215,32.0,52.87109375,-1.0,0,0
2026-07-28T23:33:35.029,10.42.0.1,10.42.0.1,5,3,UPLOAD,0.95,UPLOAD,0.95,1,7240,0.566785278030011,47,301264.0,170752.0,29,18,0.6382495508626826,0.36175044913731735,0.010661090273423051,1,0,1,1,1,1,1,1,0.9699999999999999,1.0,1.0,1.0,0.8,skip,attack_already_active,1785296015.0291414,1785296015029141514,1384683245840270,32.0,52.87109375,-1.0,0,0
2026-07-28T23:33:35.030,10.42.0.1,10.42.0.1,5,3,UPLOAD,0.95,UPLOAD,0.95,1,2784,0.5760263423456635,48,301264.0,173536.0,29,19,0.6345071609098568,0.36549283909014324,0.009425602409306887,1,0,1,1,1,1,1,1,0.9699999999999999,1.0,1.0,1.0,0.8,skip,attack_already_active,1785296015.0304267,1785296015030426641,1384683247125194,32.0,52.87109375,-1.0,0,0
2026-07-28T23:33:35.036,10.42.0.1,10.42.0.1,5,3,UPLOAD,0.8371684297990019,UPLOAD,0.8371684297990019,0,43,0.5760263423456635,48,301264.0,173536.0,29,19,0.6345071609098568,0.36549283909014324,0.010956738343068087,1,0,1,1,1,1,1,1,0.8025,0.7500000000000001,1.0,0.6000000000000001,0.8,skip,attack_already_active,1785296015.0367563,1785296015036756129,1384683253454611,32.0,52.87109375,-1.0,0,0
2026-07-28T23:33:35.037,10.42.0.1,10.42.0.1,5,3,UPLOAD,0.95,UPLOAD,0.95,1,10136,0.6096712517937435,49,301264.0,183672.0,29,20,0.621244865301813,0.378755134698187,0.010440269772954001,1,0,1,1,1,1,1,1,0.9699999999999999,1.0,1.0,1.0,0.8,skip,attack_already_active,1785296015.0374641,1785296015037464187,1384683254162272,32.0,52.87109375,-1.0,0,0
2026-07-28T23:33:35.039,10.42.0.1,10.42.0.1,5,3,UPLOAD,0.95,UPLOAD,0.95,1,14480,0.6577354081481434,50,301264.0,198152.0,29,21,0.6032325756483573,0.3967674243516427,0.009351601716577963,1,0,1,1,1,1,1,1,0.9699999999999999,1.0,1.0,1.0,0.8,skip,attack_already_active,1785296015.0396428,1785296015039642915,1384683256341326,32.0,52.87109375,-1.0,0,0
2026-07-28T23:33:35.040,10.42.0.1,10.42.0.1,5,3,UPLOAD,0.95,UPLOAD,0.95,1,4344,0.6721546550544634,51,301264.0,202496.0,29,22,0.5980308083214229,0.4019691916785771,0.008229888903330792,1,0,1,1,1,1,1,1,0.9699999999999999,1.0,1.0,1.0,0.8,skip,attack_already_active,1785296015.040482,1785296015040482127,1384683257180925,32.0,52.87109375,-1.0,0,0
2026-07-28T23:33:35.042,10.42.0.1,10.42.0.1,5,3,UPLOAD,0.95,UPLOAD,0.95,1,14480,0.7202188114088632,52,301264.0,216976.0,29,23,0.5813213954924359,0.41867860450756406,0.007373584833848456,1,0,1,1,1,1,1,1,0.9699999999999999,1.0,1.0,1.0,0.8,skip,attack_already_active,1785296015.0422137,1785296015042213752,1384683258912359,32.0,52.87109375,-1.0,0,0
2026-07-28T23:33:35.043,10.42.0.1,10.42.0.1,5,3,UPLOAD,0.95,UPLOAD,0.95,1,5792,0.7394444739506232,53,301264.0,222768.0,29,24,0.5748961895456766,0.4251038104543234,0.006620506028870077,1,0,1,1,1,1,1,1,0.9699999999999999,1.0,1.0,1.0,0.8,skip,attack_already_active,1785296015.0438724,1785296015043872292,1384683260571206,85.3,52.8984375,-1.0,0,0
2026-07-28T23:33:35.047,10.42.0.1,10.42.0.1,5,3,UPLOAD,0.95,UPLOAD,0.95,1,14480,0.7875086303050232,54,301264.0,237248.0,29,25,0.5594378583949847,0.4405621416050153,0.006175904210896825,1,0,1,1,1,1,1,1,0.9699999999999999,1.0,1.0,1.0,0.8,skip,attack_already_active,1785296015.047119,1785296015047118931,1384683263818211,85.3,52.8984375,-1.0,0,0
2026-07-28T23:33:35.048,10.42.0.1,10.42.0.1,5,3,UPLOAD,0.95,UPLOAD,0.95,1,1337,0.7919465983330503,55,301264.0,238585.0,29,26,0.5580523442666375,0.4419476557333625,0.005541911378959699,1,0,1,1,1,1,1,1,0.9699999999999999,1.0,1.0,1.0,0.8,skip,attack_already_active,1785296015.0484836,1785296015048483581,1384683265182455,85.3,52.8984375,-1.0,0,0
2026-07-28T23:33:35.109,10.42.0.18,10.42.0.1|10.42.0.18,5,3,UPLOAD,0.95,UPLOAD,0.95,1,33580,0.519943019950453,7,64584.0,33580.0,6,1,0.6579194001874414,0.34208059981255856,0.9871729305259723,1,0,0,1,1,1,1,1,0.9699999999999999,1.0,1.0,1.0,0.8,trigger,training_upload_trigger_confirmed,1785296015.109829,1785296015109828761,1384683326527690,85.3,52.8984375,85.084634,1785296015194915058,1384683411612324
2026-07-28T23:33:35.113,10.42.0.18,10.42.0.1|10.42.0.18,5,3,UPLOAD,0.9841010226033655,UPLOAD,0.9841010226033655,1,45948,1.2313885792110832,8,64584.0,79528.0,6,2,0.44815143777062283,0.5518485622293772,0.8575429478347107,1,0,1,1,1,1,1,1,0.9699999999999999,1.0,1.0,1.0,0.8,skip,attack_already_active,1785296015.113276,1785296015113275819,1384683329974638,85.3,52.8984375,-1.0,0,0
2026-07-28T23:33:35.115,10.42.0.1,10.42.0.1|10.42.0.18,5,3,UPLOAD,0.95,UPLOAD,0.95,1,7240,0.8159786765102502,56,301264.0,245825.0,29,27,0.5506672588920632,0.44933274110793675,0.00782450260238418,1,0,1,1,1,1,1,1,0.9699999999999999,1.0,1.0,1.0,0.8,skip,attack_already_active,1785296015.115037,1785296015115036872,1384683331735730,85.3,52.8984375,-1.0,0,0
2026-07-28T23:33:35.116,10.42.0.1,10.42.0.1|10.42.0.18,5,3,UPLOAD,0.95,UPLOAD,0.95,1,7240,0.8400107546874501,57,301264.0,253065.0,29,28,0.5434750842910979,0.45652491570890213,0.006956489657984906,1,0,1,1,1,1,1,1,0.9699999999999999,1.0,1.0,1.0,0.8,skip,attack_already_active,1785296015.1162744,1785296015116274407,1384683332973291,85.3,52.8984375,-1.0,0,0
2026-07-28T23:33:35.118,10.42.0.1,10.42.0.1|10.42.0.18,5,3,UPLOAD,0.6824263505785176,UPLOAD,0.6824263505785176,0,43,0.8400107546874501,57,301264.0,253065.0,29,28,0.5434750842910979,0.45652491570890213,0.016750492671818183,1,0,1,1,1,1,1,1,0.8200000000000001,0.8000000000000002,1.0,0.6000000000000001,0.8,skip,attack_already_active,1785296015.1180367,1785296015118036807,1384683334735240,85.3,52.8984375,-1.0,0,0
2026-07-28T23:33:35.119,10.42.0.1,10.42.0.1|10.42.0.18,5,3,UPLOAD,0.95,UPLOAD,0.95,1,10136,0.8736556641355301,58,301264.0,263201.0,29,29,0.5337159965631173,0.4662840034368827,0.014944783648000665,1,0,1,1,1,1,1,1,0.9699999999999999,1.0,1.0,1.0,0.8,skip,attack_already_active,1785296015.1193218,1785296015119321918,1384683336020713,85.3,52.8984375,-1.0,0,0
2026-07-28T23:33:35.120,10.42.0.1,10.42.0.1|10.42.0.18,5,3,UPLOAD,0.95,UPLOAD,0.95,1,4344,0.8880749110418501,59,301264.0,267545.0,29,30,0.5296400021799936,0.47035999782000637,0.013134792188367014,1,0,1,1,1,1,1,1,0.9699999999999999,1.0,1.0,1.0,0.8,skip,attack_already_active,1785296015.120531,1785296015120531095,1384683337229698,85.3,52.8984375,-1.0,0,0
2026-07-28T23:33:35.123,10.42.0.1,10.42.0.1|10.42.0.18,5,3,UPLOAD,0.95,UPLOAD,0.95,1,14480,0.93613906739625,60,301264.0,282025.0,29,31,0.5164918248072567,0.4835081751927432,0.0118558709805908,1,0,1,1,1,1,1,1,0.9699999999999999,1.0,1.0,1.0,0.8,skip,attack_already_active,1785296015.1239605,1785296015123960515,1384683340659374,85.3,52.8984375,-1.0,0,0
2026-07-28T23:33:35.125,10.42.0.1,10.42.0.1|10.42.0.18,5,3,UPLOAD,0.95,UPLOAD,0.95,1,14480,0.98420322375065,61,301264.0,296505.0,29,32,0.503980634659877,0.49601936534012303,0.010518707553328059,1,0,1,1,1,1,1,1,0.9699999999999999,1.0,1.0,1.0,0.8,skip,attack_already_active,1785296015.125669,1785296015125669011,1384683342367688,85.3,52.8984375,-1.0,0,0
2026-07-28T23:33:35.127,10.42.0.1,10.42.0.1|10.42.0.18,5,3,UPLOAD,0.95,UPLOAD,0.95,1,5792,1.00342888629241,62,301264.0,302297.0,29,33,0.4991442455692134,0.5008557544307866,0.00936205232135564,1,0,1,1,1,1,1,1,0.9699999999999999,1.0,1.0,1.0,0.8,skip,attack_already_active,1785296015.1274102,1785296015127410240,1384683344109018,85.3,52.8984375,-1.0,0,0
2026-07-28T23:33:35.129,10.42.0.1,10.42.0.1|10.42.0.18,5,3,UPLOAD,0.95,UPLOAD,0.95,1,5792,1.0226545488341698,63,301264.0,308089.0,29,34,0.49439979781834176,0.5056002021816582,0.008353950367908704,1,0,1,1,1,1,1,1,0.9699999999999999,1.0,1.0,1.0,0.8,skip,attack_already_active,1785296015.129122,1785296015129122004,1384683345820458,85.3,52.8984375,-1.0,0,0
2026-07-28T23:33:35.130,10.42.0.1,10.42.0.1|10.42.0.18,5,3,UPLOAD,0.95,UPLOAD,0.95,1,7240,1.0466866270113697,64,301264.0,315329.0,29,35,0.4885945834610513,0.5114054165389487,0.007476051445405703,1,0,1,1,1,1,1,1,0.9699999999999999,1.0,1.0,1.0,0.8,skip,attack_already_active,1785296015.1308138,1785296015130813872,1384683347512427,85.3,52.8984375,-1.0,0,0
2026-07-28T23:33:35.132,10.42.0.1,10.42.0.1|10.42.0.18,5,3,UPLOAD,0.95,UPLOAD,0.95,1,2784,1.0559276913270224,65,301264.0,318113.0,29,36,0.48639842938953176,0.5136015706104683,0.006713083167506077,1,0,1,1,1,1,1,1,0.9699999999999999,1.0,1.0,1.0,0.8,skip,attack_already_active,1785296015.1325,1785296015132500020,1384683349198806,85.3,52.8984375,-1.0,0,0
2026-07-28T23:33:35.634,10.42.0.47,10.42.0.1|10.42.0.47|10.42.0.18,5,3,UPLOAD,0.95,UPLOAD,0.95,1,7240,0.09141298722122938,10,79201.0,7240.0,9,1,0.9162434492891105,0.08375655071088951,0.19280395989606644,1,0,0,1,1,1,1,1,0.9699999999999999,1.0,1.0,1.0,0.8,trigger,training_upload_trigger_confirmed,1785296015.6340435,1785296015634043368,1384683850742468,85.3,52.8984375,6.256525,1785296015640301722,1384683856998993
2026-07-28T23:33:35.634,10.42.0.47,10.42.0.1|10.42.0.47|10.42.0.18,5,3,UPLOAD,0.95,UPLOAD,0.95,1,2896,0.12797818210467068,11,79201.0,10136.0,9,2,0.8865419702922641,0.11345802970773587,0.16749933306338008,1,0,1,1,1,1,1,1,0.9699999999999999,1.0,1.0,1.0,0.8,skip,attack_already_active,1785296015.6348176,1785296015634817627,1384683851516094,85.3,52.8984375,-1.0,0,0
2026-07-28T23:33:35.635,10.42.0.47,10.42.0.1|10.42.0.47|10.42.0.18,5,3,UPLOAD,0.9827856166486795,UPLOAD,0.9827856166486795,1,4344,0.18282597442983264,12,79201.0,14480.0,9,3,0.8454329052849564,0.1545670947150436,0.1455599991214269,1,0,1,1,1,1,1,1,0.9699999999999999,1.0,1.0,1.0,0.8,skip,attack_already_active,1785296015.6358254,1785296015635825450,1384683852523763,85.3,52.8984375,-1.0,0,0
2026-07-28T23:33:35.636,10.42.0.47,10.42.0.1|10.42.0.47|10.42.0.18,5,3,UPLOAD,0.9842283506312849,UPLOAD,0.9842283506312849,1,10136,0.3108041565218772,13,79201.0,24616.0,9,4,0.7628904707321537,0.23710952926784631,0.1265267268114441,1,0,1,1,1,1,1,1,0.9699999999999999,1.0,1.0,1.0,0.8,skip,attack_already_active,1785296015.6369472,1785296015636947080,1384683853645420,85.3,52.8984375,-1.0,0,0
2026-07-28T23:33:35.637,10.42.0.47,10.42.0.1|10.42.0.47|10.42.0.18,5,3,UPLOAD,0.9842590008488418,UPLOAD,0.9842590008488418,1,1448,0.3290867539635979,14,79201.0,26064.0,9,5,0.7523963330641714,0.24760366693582864,0.10997469190262617,1,0,1,1,1,1,1,1,0.9699999999999999,1.0,1.0,1.0,0.8,skip,attack_already_active,1785296015.637865,1785296015637864918,1384683854562943,85.3,52.8984375,-1.0,0,0
2026-07-28T23:33:35.638,10.42.0.47,10.42.0.1|10.42.0.47|10.42.0.18,5,3,UPLOAD,0.9842595632245429,UPLOAD,0.9842595632245429,1,8688,0.4387823386139218,15,79201.0,34752.0,9,6,0.6950321623827368,0.30496783761726326,0.09556690847786357,1,0,1,1,1,1,1,1,0.9699999999999999,1.0,1.0,1.0,0.8,skip,attack_already_active,1785296015.638503,1785296015638503265,1384683855201284,85.3,52.8984375,-1.0,0,0
2026-07-28T23:33:35.639,10.42.0.47,10.42.0.1|10.42.0.47|10.42.0.18,5,3,UPLOAD,0.9842595702371604,UPLOAD,0.9842595702371604,1,7240,0.530195325822525,16,79201.0,41992.0,9,7,0.653511341414108,0.34648865858589195,0.08316364280829701,1,0,1,1,1,1,1,1,0.9699999999999999,1.0,1.0,1.0,0.8,skip,attack_already_active,1785296015.639945,1785296015639945019,1384683856644056,29.7,52.91015625,-1.0,0,0
2026-07-28T23:33:35.641,10.42.0.47,10.42.0.1|10.42.0.47|10.42.0.18,5,3,UPLOAD,0.984259570181381,UPLOAD,0.984259570181381,1,10136,0.6581735079145696,17,79201.0,52128.0,9,8,0.6030731978466295,0.39692680215337056,0.07238158412381208,1,0,1,1,1,1,1,1,0.9699999999999999,1.0,1.0,1.0,0.8,skip,attack_already_active,1785296015.6412866,1785296015641286532,1384683857985611,29.7,52.91015625,-1.0,0,0
2026-07-28T23:33:35.642,10.42.0.47,10.42.0.1|10.42.0.47|10.42.0.18,5,3,UPLOAD,0.9842589914756507,UPLOAD,0.9842589914756507,1,1448,0.6764561053562903,18,79201.0,53576.0,9,9,0.5964963811503499,0.4035036188496502,0.06298586051758605,1,0,1,1,1,1,1,1,0.9699999999999999,1.0,1.0,1.0,0.8,skip,attack_already_active,1785296015.6423666,1785296015642366674,1384683859065225,29.7,52.91015625,-1.0,0,0
2026-07-28T23:33:35.643,10.42.0.47,10.42.0.1|10.42.0.47|10.42.0.18,5,3,UPLOAD,0.9841743576628377,UPLOAD,0.9841743576628377,1,8688,0.7861516900066142,19,79201.0,62264.0,9,10,0.5598628636058389,0.4401371363941611,0.054772298863698096,1,0,1,1,1,1,1,1,0.9699999999999999,1.0,1.0,1.0,0.8,skip,attack_already_active,1785296015.643022,1785296015643022100,1384683859720363,29.7,52.91015625,-1.0,0,0
2026-07-28T23:33:35.643,10.42.0.47,10.42.0.1|10.42.0.47|10.42.0.18,5,3,UPLOAD,0.983471356485831,UPLOAD,0.983471356485831,1,2896,0.8227168848900556,20,79201.0,65160.0,9,11,0.5486315556140509,0.45136844438594914,0.04766853381253291,1,0,1,1,1,1,1,1,0.9699999999999999,1.0,1.0,1.0,0.8,skip,attack_already_active,1785296015.6438859,1785296015643885813,1384683860583834,29.7,52.91015625,-1.0,0,0
2026-07-28T23:33:35.645,10.42.0.47,10.42.0.1|10.42.0.47|10.42.0.18,5,3,UPLOAD,0.97899969417125,UPLOAD,0.97899969417125,1,7240,0.9141298720986587,21,79201.0,72400.0,9,12,0.5224305908272373,0.4775694091727627,0.04158286325437962,1,0,1,1,1,1,1,1,0.9699999999999999,1.0,1.0,1.0,0.8,skip,attack_already_active,1785296015.645372,1785296015645371975,1384683862070446,29.7,52.91015625,-1.0,0,0
2026-07-28T23:33:35.646,10.42.0.47,10.42.0.1|10.42.0.47|10.42.0.18,5,3,UPLOAD,0.9538660650130338,UPLOAD,0.9538660650130338,1,7128,1.0041287357482338,22,79201.0,79528.0,9,13,0.49896994248058013,0.5010300575194199,0.036259228499598374,1,0,1,1,1,1,1,1,0.9699999999999999,1.0,1.0,1.0,0.8,skip,attack_already_active,1785296015.6465552,1785296015646555136,1384683863253495,29.7,52.91015625,-1.0,0,0
2026-07-28T23:33:35.647,10.42.0.1,10.42.0.1|10.42.0.47|10.42.0.18,5,3,UPLOAD,0.95,UPLOAD,0.95,1,7240,1.3257453188350712,44,185424.0,245825.0,14,30,0.42996969268334534,0.5700303073166546,0.06927918464165461,1,0,1,1,1,1,1,1,0.9699999999999999,1.0,1.0,1.0,0.8,skip,attack_already_active,1785296015.6474695,1785296015647469442,1384683864167578,29.7,52.91015625,-1.0,0,0
2026-07-28T23:33:35.648,10.42.0.1,10.42.0.1|10.42.0.47|10.42.0.18,5,3,UPLOAD,0.95,UPLOAD,0.95,1,7240,1.3975314777976722,44,181080.0,253065.0,13,31,0.41709567080123,0.58290432919877,0.06023500401018283,1,0,1,1,1,1,1,1,0.9699999999999999,1.0,1.0,1.0,0.8,skip,attack_already_active,1785296015.648115,1785296015648114987,1384683864812989,29.7,52.91015625,-1.0,0,0
2026-07-28T23:33:35.687,10.42.0.1,10.42.0.1|10.42.0.47|10.42.0.18,5,3,UPLOAD,0.9823472755732953,UPLOAD,0.9823472755732953,1,14480,100.0,32,0.0,267545.0,0,32,0.0,1.0,0.057482175422082976,1,0,1,1,1,1,1,1,0.9699999999999999,1.0,1.0,1.0,0.8,skip,attack_already_active,1785296015.6874595,1785296015687459458,1384683904158213,29.7,52.91015625,-1.0,0,0
2026-07-28T23:33:35.688,10.42.0.1,10.42.0.1|10.42.0.47|10.42.0.18,5,3,UPLOAD,0.9854148508427283,UPLOAD,0.9854148508427283,1,14480,100.0,33,0.0,282025.0,0,33,0.0,1.0,0.05003844035443491,1,0,1,1,1,1,1,1,0.9699999999999999,1.0,1.0,1.0,0.8,skip,attack_already_active,1785296015.6884532,1785296015688453087,1384683905151512,29.7,52.91015625,-1.0,0,0
2026-07-28T23:33:35.689,10.42.0.1,10.42.0.1|10.42.0.47|10.42.0.18,5,3,UPLOAD,0.9855061713473722,UPLOAD,0.9855061713473722,0,43,100.0,33,0.0,282025.0,0,33,0.0,1.0,0.1187391281176561,1,0,1,1,1,1,1,1,0.8374999999999999,0.8500000000000001,1.0,0.6000000000000001,0.8,skip,attack_already_active,1785296015.6894257,1785296015689425637,1384683906123921,29.7,52.91015625,-1.0,0,0
2026-07-28T23:33:35.692,10.42.0.1,10.42.0.1|10.42.0.47|10.42.0.18,5,3,UPLOAD,0.9855086619804014,UPLOAD,0.9855086619804014,1,14480,100.0,34,0.0,296505.0,0,34,0.0,1.0,0.10365974230353195,1,0,1,1,1,1,1,1,0.9699999999999999,1.0,1.0,1.0,0.8,skip,attack_already_active,1785296015.692759,1785296015692758949,1384683909457675,29.7,52.91015625,-1.0,0,0
2026-07-28T23:33:35.694,10.42.0.1,10.42.0.1|10.42.0.47|10.42.0.18,5,3,UPLOAD,0.9855087246996624,UPLOAD,0.9855087246996624,1,11584,100.0,35,0.0,308089.0,0,35,0.0,1.0,0.09019290674643177,1,0,1,1,1,1,1,1,0.9699999999999999,1.0,1.0,1.0,0.8,skip,attack_already_active,1785296015.6942227,1785296015694222679,1384683910921021,29.7,52.91015625,-1.0,0,0
2026-07-28T23:33:35.696,10.42.0.1,10.42.0.1|10.42.0.47|10.42.0.18,5,3,UPLOAD,0.9855087261367781,UPLOAD,0.9855087261367781,1,10024,100.0,36,0.0,318113.0,0,36,0.0,1.0,0.07856006674884303,1,0,1,1,1,1,1,1,0.9699999999999999,1.0,1.0,1.0,0.8,skip,attack_already_active,1785296015.6961372,1785296015696137093,1384683912835576,29.7,52.91015625,-1.0,0,0
2026-07-28T23:33:37.056,10.42.0.210,10.42.0.1|10.42.0.210|10.42.0.47|10.42.0.18,5,3,UPLOAD,0.95,UPLOAD,0.95,1,1448,100.0,1,0.0,1448.0,0,1,0.0,1.0,0.9600301237748583,1,0,0,1,1,1,1,1,0.9525,0.95,1.0,1.0,0.8,trigger,training_upload_trigger_confirmed,1785296017.0564468,1785296017056446676,1384685273145399,13.0,52.91015625,10.148314,1785296017066596087,1384685283293713
2026-07-28T23:33:37.057,10.42.0.210,10.42.0.1|10.42.0.210|10.42.0.47|10.42.0.18,5,3,UPLOAD,0.9841010226033655,UPLOAD,0.9841010226033655,1,1448,100.0,2,0.0,2896.0,0,2,0.0,1.0,0.8336536122577046,1,0,1,1,1,1,1,1,0.9699999999999999,1.0,1.0,1.0,0.8,skip,attack_already_active,1785296017.0574405,1785296017057440519,1384685274138959,13.0,52.91015625,-1.0,0,0
2026-07-28T23:33:37.059,10.42.0.210,10.42.0.1|10.42.0.210|10.42.0.47|10.42.0.18,5,3,UPLOAD,0.9854688349332961,UPLOAD,0.9854688349332961,1,1448,100.0,3,0.0,4344.0,0,3,0.0,1.0,0.7240202466628012,1,0,1,1,1,1,1,1,0.9699999999999999,1.0,1.0,1.0,0.8,skip,attack_already_active,1785296017.0591168,1785296017059116687,1384685275816187,13.0,52.91015625,-1.0,0,0
2026-07-28T23:33:37.060,10.42.0.210,10.42.0.1|10.42.0.210|10.42.0.47|10.42.0.18,5,3,UPLOAD,0.9855076450773014,UPLOAD,0.9855076450773014,1,1448,100.0,4,0.0,5792.0,0,4,0.0,1.0,0.6287586717995121,1,0,1,1,1,1,1,1,0.9699999999999999,1.0,1.0,1.0,0.8,skip,attack_already_active,1785296017.0602233,1785296017060223309,1384685276921543,13.0,52.91015625,-1.0,0,0
2026-07-28T23:33:37.061,10.42.0.210,10.42.0.1|10.42.0.210|10.42.0.47|10.42.0.18,5,3,UPLOAD,0.9855086980780915,UPLOAD,0.9855086980780915,1,1448,100.0,5,0.0,7240.0,0,5,0.0,1.0,0.5461057807196327,1,0,1,1,1,1,1,1,0.9699999999999999,1.0,1.0,1.0,0.8,skip,attack_already_active,1785296017.061752,1785296017061752087,1384685278451198,13.0,52.91015625,-1.0,0,0
2026-07-28T23:33:37.062,10.42.0.210,10.42.0.1|10.42.0.210|10.42.0.47|10.42.0.18,5,3,UPLOAD,0.9855087254685951,UPLOAD,0.9855087254685951,1,1448,100.0,6,0.0,8688.0,0,6,0.0,1.0,0.4742962046212903,1,0,1,1,1,1,1,1,0.9699999999999999,1.0,1.0,1.0,0.8,skip,attack_already_active,1785296017.0629148,1785296017062914843,1384685279613833,13.0,52.91015625,-1.0,0,0
2026-07-28T23:33:37.064,10.42.0.210,10.42.0.1|10.42.0.210|10.42.0.47|10.42.0.18,5,3,UPLOAD,0.9855087261493067,UPLOAD,0.9855087261493067,1,1448,100.0,7,0.0,10136.0,0,7,0.0,1.0,0.4120439581392597,1,0,1,1,1,1,1,1,0.9699999999999999,1.0,1.0,1.0,0.8,skip,attack_already_active,1785296017.064796,1785296017064795922,1384685281495002,13.0,52.91015625,-1.0,0,0
2026-07-28T23:33:37.065,10.42.0.210,10.42.0.1|10.42.0.210|10.42.0.47|10.42.0.18,5,3,UPLOAD,0.9855087261653082,UPLOAD,0.9855087261653082,1,1448,100.0,8,0.0,11584.0,0,8,0.0,1.0,0.3578890914552057,1,0,1,1,1,1,1,1,0.9699999999999999,1.0,1.0,1.0,0.8,skip,attack_already_active,1785296017.0658736,1785296017065873692,1384685282572296,13.0,52.91015625,-1.0,0,0
2026-07-28T23:33:37.067,10.42.0.210,10.42.0.1|10.42.0.210|10.42.0.47|10.42.0.18,5,3,UPLOAD,0.985508726165656,UPLOAD,0.985508726165656,1,1448,100.0,9,0.0,13032.0,0,9,0.0,1.0,0.31091029092738676,1,0,1,1,1,1,1,1,0.9699999999999999,1.0,1.0,1.0,0.8,skip,attack_already_active,1785296017.0672536,1785296017067253455,1384685283951628,13.0,52.91015625,-1.0,0,0
2026-07-28T23:33:37.067,10.42.0.210,10.42.0.1|10.42.0.210|10.42.0.47|10.42.0.18,5,3,UPLOAD,0.9855087261656625,UPLOAD,0.9855087261656625,1,1448,100.0,10,0.0,14480.0,0,10,0.0,1.0,0.2700297294874648,1,0,1,1,1,1,1,1,0.9699999999999999,1.0,1.0,1.0,0.8,skip,attack_already_active,1785296017.0679326,1785296017067932564,1384685284630638,13.0,52.91015625,-1.0,0,0
2026-07-28T23:33:37.068,10.42.0.210,10.42.0.1|10.42.0.210|10.42.0.47|10.42.0.18,5,3,UPLOAD,0.9855087261656628,UPLOAD,0.9855087261656628,1,1448,100.0,11,0.0,15928.0,0,11,0.0,1.0,0.2345639553687699,1,0,1,1,1,1,1,1,0.9699999999999999,1.0,1.0,1.0,0.8,skip,attack_already_active,1785296017.0688224,1785296017068822282,1384685285520439,13.0,52.91015625,-1.0,0,0
2026-07-28T23:33:37.069,10.42.0.210,10.42.0.1|10.42.0.210|10.42.0.47|10.42.0.18,5,3,UPLOAD,0.95,UPLOAD,0.95,1,1448,100.0,12,0.0,17376.0,0,12,0.0,1.0,0.2037378910019753,1,0,1,1,1,1,1,1,0.9699999999999999,1.0,1.0,1.0,0.8,skip,attack_already_active,1785296017.0694559,1785296017069455878,1384685286153913,13.0,52.91015625,-1.0,0,0
2026-07-28T23:33:37.070,10.42.0.210,10.42.0.1|10.42.0.210|10.42.0.47|10.42.0.18,5,3,UPLOAD,0.95,UPLOAD,0.95,1,1448,100.0,13,0.0,18824.0,0,13,0.0,1.0,0.17701359517120047,1,0,1,1,1,1,1,1,0.9699999999999999,1.0,1.0,1.0,0.8,skip,attack_already_active,1785296017.0703905,1785296017070390517,1384685287088530,13.0,52.91015625,-1.0,0,0
2026-07-28T23:33:37.071,10.42.0.210,10.42.0.1|10.42.0.210|10.42.0.47|10.42.0.18,5,3,UPLOAD,0.95,UPLOAD,0.95,1,1448,100.0,14,0.0,20272.0,0,14,0.0,1.0,0.15377006791863643,1,0,1,1,1,1,1,1,0.9699999999999999,1.0,1.0,1.0,0.8,skip,attack_already_active,1785296017.0710154,1785296017071015333,1384685287713476,13.0,52.91015625,-1.0,0,0
2026-07-28T23:33:37.071,10.42.0.210,10.42.0.1|10.42.0.210|10.42.0.47|10.42.0.18,5,3,UPLOAD,0.95,UPLOAD,0.95,1,1448,100.0,15,0.0,21720.0,0,15,0.0,1.0,0.13362353209007566,1,0,1,1,1,1,1,1,0.9699999999999999,1.0,1.0,1.0,0.8,skip,attack_already_active,1785296017.071899,1785296017071899006,1384685288597172,13.0,52.91015625,-1.0,0,0
2026-07-28T23:33:37.072,10.42.0.210,10.42.0.1|10.42.0.210|10.42.0.47|10.42.0.18,5,3,UPLOAD,0.95,UPLOAD,0.95,1,1448,100.0,16,0.0,23168.0,0,16,0.0,1.0,0.1160985242052082,1,0,1,1,1,1,1,1,0.9699999999999999,1.0,1.0,1.0,0.8,skip,attack_already_active,1785296017.07253,1785296017072529840,1384685289227903,13.0,52.91015625,-1.0,0,0
2026-07-28T23:33:37.073,10.42.0.210,10.42.0.1|10.42.0.210|10.42.0.47|10.42.0.18,5,3,UPLOAD,0.95,UPLOAD,0.95,1,1448,100.0,17,0.0,24616.0,0,17,0.0,1.0,0.1009235505635525,1,0,1,1,1,1,1,1,0.9699999999999999,1.0,1.0,1.0,0.8,skip,attack_already_active,1785296017.0734699,1785296017073470041,1384685290168377,13.0,52.91015625,-1.0,0,0
2026-07-28T23:33:37.074,10.42.0.210,10.42.0.1|10.42.0.210|10.42.0.47|10.42.0.18,5,3,UPLOAD,0.95,UPLOAD,0.95,1,1448,100.0,18,0.0,26064.0,0,18,0.0,1.0,0.08771051861697762,1,0,1,1,1,1,1,1,0.9699999999999999,1.0,1.0,1.0,0.8,skip,attack_already_active,1785296017.0741234,1785296017074123177,1384685290821250,13.0,52.91015625,-1.0,0,0
2026-07-28T23:33:37.075,10.42.0.210,10.42.0.1|10.42.0.210|10.42.0.47|10.42.0.18,5,3,UPLOAD,0.95,UPLOAD,0.95,1,1448,100.0,19,0.0,27512.0,0,19,0.0,1.0,0.07627161529192666,1,0,1,1,1,1,1,1,0.9699999999999999,1.0,1.0,1.0,0.8,skip,attack_already_active,1785296017.0750272,1785296017075027232,1384685291725487,13.0,52.91015625,-1.0,0,0
2026-07-28T23:33:37.075,10.42.0.210,10.42.0.1|10.42.0.210|10.42.0.47|10.42.0.18,5,3,UPLOAD,0.95,UPLOAD,0.95,1,1448,100.0,20,0.0,28960.0,0,20,0.0,1.0,0.06633906201663523,1,0,1,1,1,1,1,1,0.9699999999999999,1.0,1.0,1.0,0.8,skip,attack_already_active,1785296017.0759234,1785296017075923410,1384685292621715,13.0,52.91015625,-1.0,0,0
2026-07-28T23:33:37.076,10.42.0.210,10.42.0.1|10.42.0.210|10.42.0.47|10.42.0.18,5,3,UPLOAD,0.95,UPLOAD,0.95,1,1448,100.0,21,0.0,30408.0,0,21,0.0,1.0,0.05771847600357905,1,0,1,1,1,1,1,1,0.9699999999999999,1.0,1.0,1.0,0.8,skip,attack_already_active,1785296017.0768433,1785296017076843326,1384685293541481,13.0,52.91015625,-1.0,0,0
2026-07-28T23:33:37.077,10.42.0.210,10.42.0.1|10.42.0.210|10.42.0.47|10.42.0.18,5,3,UPLOAD,0.95,UPLOAD,0.95,1,1448,100.0,22,0.0,31856.0,0,22,0.0,1.0,0.050210991206418754,1,0,1,1,1,1,1,1,0.9699999999999999,1.0,1.0,1.0,0.8,skip,attack_already_active,1785296017.0775895,1785296017077589459,1384685294287814,13.0,52.91015625,-1.0,0,0
2026-07-28T23:33:37.078,10.42.0.210,10.42.0.1|10.42.0.210|10.42.0.47|10.42.0.18,5,3,UPLOAD,0.95,UPLOAD,0.95,1,1448,100.0,23,0.0,33304.0,0,23,0.0,1.0,0.043717935215623234,1,0,1,1,1,1,1,1,0.9699999999999999,1.0,1.0,1.0,0.8,skip,attack_already_active,1785296017.0785265,1785296017078526411,1384685295224546,13.0,52.91015625,-1.0,0,0
2026-07-28T23:33:37.079,10.42.0.210,10.42.0.1|10.42.0.210|10.42.0.47|10.42.0.18,5,3,UPLOAD,0.95,UPLOAD,0.95,1,1448,100.0,24,0.0,34752.0,0,24,0.0,1.0,0.038037236356645555,1,0,1,1,1,1,1,1,0.9699999999999999,1.0,1.0,1.0,0.8,skip,attack_already_active,1785296017.0791352,1785296017079135138,1384685295833216,13.0,52.91015625,-1.0,0,0
2026-07-28T23:33:37.079,10.42.0.210,10.42.0.1|10.42.0.210|10.42.0.47|10.42.0.18,5,3,UPLOAD,0.95,UPLOAD,0.95,1,1448,100.0,25,0.0,36200.0,0,25,0.0,1.0,0.03313793984043452,1,0,1,1,1,1,1,1,0.9699999999999999,1.0,1.0,1.0,0.8,skip,attack_already_active,1785296017.079993,1785296017079993177,1384685296691157,13.0,52.91015625,-1.0,0,0
2026-07-28T23:33:37.080,10.42.0.210,10.42.0.1|10.42.0.210|10.42.0.47|10.42.0.18,5,3,UPLOAD,0.95,UPLOAD,0.95,1,1448,100.0,26,0.0,37648.0,0,26,0.0,1.0,0.02886621188563577,1,0,1,1,1,1,1,1,0.9699999999999999,1.0,1.0,1.0,0.8,skip,attack_already_active,1785296017.080714,1785296017080713927,1384685297412362,13.0,52.91015625,-1.0,0,0
2026-07-28T23:33:37.082,10.42.0.210,10.42.0.1|10.42.0.210|10.42.0.47|10.42.0.18,5,3,UPLOAD,0.95,UPLOAD,0.95,1,1448,100.0,27,0.0,39096.0,0,27,0.0,1.0,0.025262700011243058,1,0,1,1,1,1,1,1,0.9699999999999999,1.0,1.0,1.0,0.8,skip,attack_already_active,1785296017.0822341,1785296017082234015,1384685298933016,13.0,52.91015625,-1.0,0,0
2026-07-28T23:33:37.084,10.42.0.210,10.42.0.1|10.42.0.210|10.42.0.47|10.42.0.18,5,3,UPLOAD,0.95,UPLOAD,0.95,1,1448,100.0,28,0.0,40544.0,0,28,0.0,1.0,0.02218213916421339,1,0,1,1,1,1,1,1,0.9699999999999999,1.0,1.0,1.0,0.8,skip,attack_already_active,1785296017.0841193,1785296017084119242,1384685300819891,13.0,52.91015625,-1.0,0,0
2026-07-28T23:33:37.085,10.42.0.210,10.42.0.1|10.42.0.210|10.42.0.47|10.42.0.18,5,3,UPLOAD,0.95,UPLOAD,0.95,1,1448,100.0,29,0.0,41992.0,0,29,0.0,1.0,0.01947807940610011,1,0,1,1,1,1,1,1,0.9699999999999999,1.0,1.0,1.0,0.8,skip,attack_already_active,1785296017.085781,1785296017085780929,1384685302479533,13.0,52.91015625,-1.0,0,0
2026-07-28T23:33:37.086,10.42.0.210,10.42.0.1|10.42.0.210|10.42.0.47|10.42.0.18,5,3,UPLOAD,0.95,UPLOAD,0.95,1,1448,100.0,30,0.0,43440.0,0,30,0.0,1.0,0.01703882656225157,1,0,1,1,1,1,1,1,0.9699999999999999,1.0,1.0,1.0,0.8,skip,attack_already_active,1785296017.0867484,1785296017086748409,1384685303446868,13.0,52.91015625,-1.0,0,0
2026-07-28T23:33:37.087,10.42.0.210,10.42.0.1|10.42.0.210|10.42.0.47|10.42.0.18,5,3,UPLOAD,0.95,UPLOAD,0.95,1,1448,100.0,31,0.0,44888.0,0,31,0.0,1.0,0.01493143557003435,1,0,1,1,1,1,1,1,0.9699999999999999,1.0,1.0,1.0,0.8,skip,attack_already_active,1785296017.0877948,1785296017087794616,1384685304493302,13.0,52.91015625,-1.0,0,0
2026-07-28T23:33:37.088,10.42.0.210,10.42.0.1|10.42.0.210|10.42.0.47|10.42.0.18,5,3,UPLOAD,0.95,UPLOAD,0.95,1,1448,100.0,32,0.0,46336.0,0,32,0.0,1.0,0.013050345906429995,1,0,1,1,1,1,1,1,0.9699999999999999,1.0,1.0,1.0,0.8,skip,attack_already_active,1785296017.0884511,1785296017088450944,1384685305148997,13.0,52.91015625,-1.0,0,0
2026-07-28T23:33:37.089,10.42.0.210,10.42.0.1|10.42.0.210|10.42.0.47|10.42.0.18,5,3,UPLOAD,0.95,UPLOAD,0.95,1,1448,100.0,33,0.0,47784.0,0,33,0.0,1.0,0.011465267415815732,1,0,1,1,1,1,1,1,0.9699999999999999,1.0,1.0,1.0,0.8,skip,attack_already_active,1785296017.0894728,1785296017089472789,1384685306171411,13.0,52.91015625,-1.0,0,0
2026-07-28T23:33:37.090,10.42.0.210,10.42.0.1|10.42.0.210|10.42.0.47|10.42.0.18,5,3,UPLOAD,0.95,UPLOAD,0.95,1,1448,100.0,34,0.0,49232.0,0,34,0.0,1.0,0.010051863503062307,1,0,1,1,1,1,1,1,0.9699999999999999,1.0,1.0,1.0,0.8,skip,attack_already_active,1785296017.090212,1785296017090212213,1384685306910490,13.0,52.91015625,-1.0,0,0
2026-07-28T23:33:37.090,10.42.0.210,10.42.0.1|10.42.0.210|10.42.0.47|10.42.0.18,5,3,UPLOAD,0.95,UPLOAD,0.95,1,1448,100.0,35,0.0,50680.0,0,35,0.0,1.0,0.00880909565173398,1,0,1,1,1,1,1,1,0.9699999999999999,1.0,1.0,1.0,0.8,skip,attack_already_active,1785296017.090833,1785296017090832824,1384685307530819,13.0,52.91015625,-1.0,0,0
2026-07-28T23:33:37.091,10.42.0.210,10.42.0.1|10.42.0.210|10.42.0.47|10.42.0.18,5,3,UPLOAD,0.95,UPLOAD,0.95,1,1448,100.0,36,0.0,52128.0,0,36,0.0,1.0,0.0077612275981164295,1,0,1,1,1,1,1,1,0.9699999999999999,1.0,1.0,1.0,0.8,skip,attack_already_active,1785296017.09169,1785296017091690020,1384685308388060,13.0,52.91015625,-1.0,0,0
2026-07-28T23:33:37.092,10.42.0.210,10.42.0.1|10.42.0.210|10.42.0.47|10.42.0.18,5,3,UPLOAD,0.95,UPLOAD,0.95,1,1448,100.0,37,0.0,53576.0,0,37,0.0,1.0,0.00681402358002606,1,0,1,1,1,1,1,1,0.9699999999999999,1.0,1.0,1.0,0.8,skip,attack_already_active,1785296017.0922632,1785296017092263161,1384685308961092,13.0,52.91015625,-1.0,0,0
2026-07-28T23:33:37.092,10.42.0.210,10.42.0.1|10.42.0.210|10.42.0.47|10.42.0.18,5,3,UPLOAD,0.95,UPLOAD,0.95,1,1448,100.0,38,0.0,55024.0,0,38,0.0,1.0,0.005998642966652082,1,0,1,1,1,1,1,1,0.9699999999999999,1.0,1.0,1.0,0.8,skip,attack_already_active,1785296017.0928895,1785296017092889569,1384685309587538,13.0,52.91015625,-1.0,0,0
2026-07-28T23:33:37.093,10.42.0.210,10.42.0.1|10.42.0.210|10.42.0.47|10.42.0.18,5,3,UPLOAD,0.95,UPLOAD,0.95,1,1448,100.0,39,0.0,56472.0,0,39,0.0,1.0,0.005285681903407519,1,0,1,1,1,1,1,1,0.9699999999999999,1.0,1.0,1.0,0.8,skip,attack_already_active,1785296017.0934777,1785296017093477631,1384685310175719,13.0,52.91015625,-1.0,0,0
2026-07-28T23:33:37.095,10.42.0.1,10.42.0.1|10.42.0.210|10.42.0.47|10.42.0.18,5,3,UPLOAD,0.9855087261652585,UPLOAD,0.9855087261652585,1,7240,100.0,1,0.0,7240.0,0,1,0.0,1.0,0.2474128566148486,1,0,1,1,1,1,1,1,0.9699999999999999,1.0,1.0,1.0,0.8,skip,attack_already_active,1785296017.0957227,1785296017095722740,1384685312420690,13.0,52.91015625,-1.0,0,0
2026-07-28T23:33:37.096,10.42.0.1,10.42.0.1|10.42.0.210|10.42.0.47|10.42.0.18,5,3,UPLOAD,0.9855087261656641,UPLOAD,0.9855087261656641,1,7240,100.0,2,0.0,14480.0,0,2,0.0,1.0,0.21488785429523166,1,0,1,1,1,1,1,1,0.9699999999999999,1.0,1.0,1.0,0.8,skip,attack_already_active,1785296017.0963123,1785296017096312282,1384685313010765,13.0,52.91015625,-1.0,0,0
2026-07-28T23:33:37.121,10.42.0.1,10.42.0.1|10.42.0.210|10.42.0.47|10.42.0.18,5,3,UPLOAD,0.9855087261656631,UPLOAD,0.9855087261656631,1,14480,100.0,3,0.0,28960.0,0,3,0.0,1.0,0.18993847854303758,1,0,1,1,1,1,1,1,0.9699999999999999,1.0,1.0,1.0,0.8,skip,attack_already_active,1785296017.1218662,1785296017121866133,1384685338564892,13.0,52.91015625,-1.0,0,0
2026-07-28T23:33:37.122,10.42.0.1,10.42.0.1|10.42.0.210|10.42.0.47|10.42.0.18,5,3,UPLOAD,0.9855067250985436,UPLOAD,0.9855067250985436,1,14480,100.0,4,0.0,43440.0,0,4,0.0,1.0,0.16505122352521479,1,0,1,1,1,1,1,1,0.9699999999999999,1.0,1.0,1.0,0.8,skip,attack_already_active,1785296017.1229422,1785296017122942323,1384685339640796,13.0,52.91015625,-1.0,0,0
2026-07-28T23:33:37.123,10.42.0.1,10.42.0.1|10.42.0.210|10.42.0.47|10.42.0.18,5,3,UPLOAD,0.9854611256241749,UPLOAD,0.9854611256241749,0,43,100.0,4,0.0,43440.0,0,4,0.0,1.0,0.3323343267397135,1,0,1,1,1,1,1,1,0.8374999999999999,0.8500000000000001,1.0,0.6000000000000001,0.8,skip,attack_already_active,1785296017.1239421,1785296017123942088,1384685340640592,13.0,52.91015625,-1.0,0,0
2026-07-28T23:33:37.126,10.42.0.1,10.42.0.1|10.42.0.210|10.42.0.47|10.42.0.18,5,3,UPLOAD,0.98544464762985,UPLOAD,0.98544464762985,1,14480,100.0,5,0.0,57920.0,0,5,0.0,1.0,0.2890465918178552,1,0,1,1,1,1,1,1,0.9699999999999999,1.0,1.0,1.0,0.8,skip,attack_already_active,1785296017.126778,1785296017126777756,1384685343476170,13.0,52.91015625,-1.0,0,0
2026-07-28T23:33:37.128,10.42.0.1,10.42.0.1|10.42.0.210|10.42.0.47|10.42.0.18,5,3,UPLOAD,0.9854185144663965,UPLOAD,0.9854185144663965,1,11584,100.0,6,0.0,69504.0,0,6,0.0,1.0,0.2511472666451965,1,0,1,1,1,1,1,1,0.9699999999999999,1.0,1.0,1.0,0.8,skip,attack_already_active,1785296017.128217,1785296017128217109,1384685344915492,13.0,52.91015625,-1.0,0,0
2026-07-28T23:33:37.130,10.42.0.1,10.42.0.1|10.42.0.210|10.42.0.47|10.42.0.18,5,3,UPLOAD,0.985396541328994,UPLOAD,0.985396541328994,1,10025,100.0,7,0.0,79529.0,0,7,0.0,1.0,0.218300667100294,1,0,1,1,1,1,1,1,0.9699999999999999,1.0,1.0,1.0,0.8,skip,attack_already_active,1785296017.1301005,1785296017130100503,1384685346798840,13.0,52.91015625,-1.0,0,0
2026-07-28T23:33:37.413,10.42.0.1,10.42.0.210,6,1,DOWNLOAD,0.9852404593255147,DOWNLOAD,0.9852404593255147,-1,1448,54.923342504196576,8,1448.0,79529.0,1,7,0.017881620707114364,0.9821183792928856,0.2276825126925819,0,0,0,0,1,0,0,0,0.44,0.8500000000000001,0.0,0.6000000000000001,0.15,skip,training_upload_trigger_not_confirmed,1785296017.413439,1785296017413439047,1384685630138331,13.0,52.91015625,-1.0,0,0
2026-07-28T23:33:37.417,10.42.0.1,10.42.0.210,6,1,DOWNLOAD,0.95,DOWNLOAD,0.95,-1,5792,10.984668506908193,9,7240.0,79529.0,2,7,0.08343993822678607,0.9165600617732139,0.1981789000606371,0,0,0,0,1,0,0,0,0.44,0.8500000000000001,0.0,0.6000000000000001,0.15,skip,training_upload_trigger_not_confirmed,1785296017.4172268,1785296017417226757,1384685633926283,13.0,52.91015625,-1.0,0,0
2026-07-28T23:33:37.418,10.42.0.1,10.42.0.210,6,1,DOWNLOAD,0.95,DOWNLOAD,0.95,-1,7240,5.492334253833402,10,14480.0,79529.0,3,7,0.15402780584837622,0.8459721941516238,0.1722254666357165,0,0,0,0,1,0,0,0,0.44,0.8500000000000001,0.0,0.6000000000000001,0.15,skip,training_upload_trigger_not_confirmed,1785296017.4184523,1785296017418452098,1384685635151145,13.0,52.91015625,-1.0,0,0
2026-07-28T23:33:37.419,10.42.0.1,10.42.0.210,6,1,DOWNLOAD,0.95,DOWNLOAD,0.95,-1,7240,3.6615561693065577,11,21720.0,79529.0,4,7,0.21452063724086165,0.7854793627591383,0.14968669214170485,0,0,0,0,1,0,0,0,0.44,0.8500000000000001,0.0,0.6000000000000001,0.15,skip,training_upload_trigger_not_confirmed,1785296017.4196372,1785296017419637194,1384685636336434,13.0,52.91015625,-1.0,0,0
2026-07-28T23:33:37.420,10.42.0.1,10.42.0.210,6,1,DOWNLOAD,0.95,DOWNLOAD,0.95,-1,7240,2.7461671270115273,12,28960.0,79529.0,5,7,0.266939505387643,0.733060494612357,0.13014091886282167,0,0,0,0,1,0,0,0,0.4,0.8500000000000001,0.0,0.4,0.15,skip,training_upload_trigger_not_confirmed,1785296017.4209964,1785296017420996418,1384685637695464,13.0,52.91015625,-1.0,0,0
2026-07-28T23:33:37.424,10.42.0.1,10.42.0.210,6,1,DOWNLOAD,0.95,DOWNLOAD,0.95,-1,7240,2.1969337016243937,13,36200.0,79529.0,6,7,0.31279973040465225,0.6872002695953477,0.11343914760272006,0,0,0,0,1,0,0,0,0.4,0.8500000000000001,0.0,0.4,0.15,skip,training_upload_trigger_not_confirmed,1785296017.4243922,1785296017424392160,1384685641091189,13.0,52.91015625,-1.0,0,0
2026-07-28T23:33:37.425,10.42.0.1,10.42.0.210,6,1,DOWNLOAD,0.95,DOWNLOAD,0.95,-1,7240,1.8307780846954238,14,43440.0,79529.0,7,7,0.35325976465613285,0.6467402353438672,0.09864166235182972,0,0,0,0,1,0,0,0,0.4,0.8500000000000001,0.0,0.4,0.15,skip,training_upload_trigger_not_confirmed,1785296017.4255373,1785296017425537351,1384685642236337,13.0,52.91015625,-1.0,0,0
2026-07-28T23:33:37.426,10.42.0.1,10.42.0.210,6,1,DOWNLOAD,0.95,DOWNLOAD,0.95,-1,7240,1.569238358315524,15,50680.0,79529.0,8,7,0.3892204071915152,0.6107795928084848,0.0857925998201502,0,0,0,0,1,0,0,0,0.4,0.8500000000000001,0.0,0.4,0.15,skip,training_upload_trigger_not_confirmed,1785296017.426671,1785296017426671157,1384685643369894,13.0,52.91015625,-1.0,0,0
2026-07-28T23:33:37.427,10.42.0.1,10.42.0.210,6,1,DOWNLOAD,0.95,DOWNLOAD,0.95,-1,7240,1.37308356352947,16,57920.0,79529.0,9,7,0.42139266200554387,0.5786073379944561,0.07463702985281721,0,0,0,0,1,0,0,0,0.32,0.8500000000000001,0.0,0.0,0.15,skip,training_upload_trigger_not_confirmed,1785296017.427807,1785296017427807029,1384685644505485,13.0,52.91015625,-1.0,0,0
2026-07-28T23:33:37.428,10.42.0.1,10.42.0.210,6,1,DOWNLOAD,0.95,DOWNLOAD,0.95,-1,4344,1.277287035842906,17,62264.0,79529.0,10,7,0.4391189974117199,0.5608810025882801,0.06495377266810974,0,0,0,0,1,0,0,0,0.32,0.8500000000000001,0.0,0.0,0.15,skip,training_upload_trigger_not_confirmed,1785296017.4289606,1785296017428960628,1384685645659259,13.0,52.91015625,-1.0,0,0
2026-07-28T23:33:37.430,10.42.0.1,10.42.0.210,6,1,DOWNLOAD,0.95,DOWNLOAD,0.95,-1,10136,1.0984668508273692,18,72400.0,79529.0,11,7,0.47653838306050855,0.5234616169394914,0.056546678642458645,0,0,0,0,1,0,0,0,0.30250000000000005,0.8000000000000002,0.0,0.0,0.15,skip,training_upload_trigger_not_confirmed,1785296017.4301152,1785296017430115401,1384685646814076,13.0,52.91015625,-1.0,0,0
2026-07-28T23:33:37.432,10.42.0.1,10.42.0.210,6,1,DOWNLOAD,0.95,DOWNLOAD,0.95,-1,10136,0.9635674130080987,19,82536.0,79529.0,12,7,0.5092771418875143,0.4907228581124857,0.049373628989713106,0,0,0,0,1,0,0,0,0.30250000000000005,0.8000000000000002,0.0,0.0,0.15,skip,training_upload_trigger_not_confirmed,1785296017.4322276,1785296017432227636,1384685648926839,13.0,52.91015625,-1.0,0,0
2026-07-28T23:33:37.433,10.42.0.1,10.42.0.210,6,1,DOWNLOAD,0.95,DOWNLOAD,0.95,-1,14480,0.8197513812173275,20,97016.0,79529.0,13,7,0.5495256166982923,0.4504743833017078,0.043027957171025186,0,0,0,0,1,0,0,0,0.30250000000000005,0.8000000000000002,0.0,0.0,0.15,skip,training_upload_trigger_not_confirmed,1785296017.4334457,1785296017433445720,1384685650144604,13.0,52.91015625,-1.0,0,0
2026-07-28T23:33:37.434,10.42.0.1,10.42.0.210,6,1,DOWNLOAD,0.95,DOWNLOAD,0.95,-1,14480,0.7132901628783697,21,111496.0,79529.0,14,7,0.5836722942023296,0.4163277057976705,0.03751983383705441,0,0,0,0,1,0,0,0,0.28500000000000003,0.7500000000000001,0.0,0.0,0.15,skip,training_upload_trigger_not_confirmed,1785296017.434674,1785296017434673838,1384685651372729,13.0,52.91015625,-1.0,0,0
2026-07-28T23:33:37.435,10.42.0.1,10.42.0.210,6,1,DOWNLOAD,0.95,DOWNLOAD,0.95,-1,18824,0.6102593615745069,22,130320.0,79529.0,15,7,0.621017970064189,0.378982029935811,0.032737540529434096,0,0,0,0,1,0,0,0,0.28500000000000003,0.7500000000000001,0.0,0.0,0.15,skip,training_upload_trigger_not_confirmed,1785296017.4359024,1785296017435902462,1384685652601434,13.0,52.91015625,-1.0,0,0
2026-07-28T23:33:37.437,10.42.0.1,10.42.0.210,6,1,DOWNLOAD,0.95,DOWNLOAD,0.95,-1,18824,0.5332363353568816,23,149144.0,79529.0,16,7,0.6522151718829945,0.3477848281170055,0.028587787693132607,0,0,0,0,1,0,0,0,0.28500000000000003,0.7500000000000001,0.0,0.0,0.15,skip,training_upload_trigger_not_confirmed,1785296017.4371486,1785296017437148653,1384685653847733,13.0,52.91015625,-1.0,0,0
2026-07-28T23:33:37.438,10.42.0.1,10.42.0.210,6,1,DOWNLOAD,0.95,DOWNLOAD,0.95,-1,6784,0.5100366836007,24,155928.0,79529.0,17,7,0.6622355674284477,0.33776443257155236,0.024984646410063222,0,0,0,0,1,0,0,0,0.28500000000000003,0.7500000000000001,0.0,0.0,0.15,skip,training_upload_trigger_not_confirmed,1785296017.438393,1785296017438392980,1384685655092096,13.0,52.91015625,-1.0,0,0
2026-07-28T23:33:37.440,10.42.0.18,10.42.0.210,6,1,DOWNLOAD,0.95,DOWNLOAD,0.95,-1,7300,1.3698630135109776e-10,1,7300.0,0.0,1,0,1.0,0.0,1.044674081648421,0,0,0,0,0,0,0,0,0.0225,0.0,0.0,0.0,0.15,skip,training_upload_trigger_not_confirmed,1785296017.4408352,1785296017440835202,1384685657535925,13.0,52.91015625,-1.0,0,0
2026-07-28T23:33:37.442,10.42.0.1,10.42.0.210,6,1,DOWNLOAD,0.95,DOWNLOAD,0.95,-1,16920,0.46010946033821554,25,172848.0,79529.0,18,7,0.6848801594440064,0.3151198405559936,0.022207460347494077,0,0,0,0,1,0,0,0,0.28500000000000003,0.7500000000000001,0.0,0.0,0.15,skip,training_upload_trigger_not_confirmed,1785296017.4423025,1785296017442302551,1384685659014617,13.0,52.91015625,-1.0,0,0
2026-07-28T23:33:37.443,10.42.0.1,10.42.0.210,6,1,DOWNLOAD,0.95,DOWNLOAD,0.95,-1,16920,0.4190854095557781,26,189768.0,79529.0,19,7,0.7046792203403677,0.2953207796596323,0.019444549213899695,0,0,0,0,1,0,0,0,0.28500000000000003,0.7500000000000001,0.0,0.0,0.15,skip,training_upload_trigger_not_confirmed,1785296017.443543,1785296017443543056,1384685660241916,13.0,52.91015625,-1.0,0,0
2026-07-28T23:33:37.445,10.42.0.145,10.42.0.210,5,1,DOWNLOAD,0.95,DOWNLOAD,0.95,-1,7300,1.3698630135109776e-10,1,7300.0,0.0,1,0,1.0,0.0,1.29654357634296,0,0,0,0,0,0,0,0,0.0225,0.0,0.0,0.0,0.15,skip,training_upload_trigger_not_confirmed,1785296017.4453197,1785296017445319709,1384685662018625,13.0,52.91015625,-1.0,0,0
2026-07-28T23:33:37.446,10.42.0.145,10.42.0.210,5,1,DOWNLOAD,0.9535811153019125,DOWNLOAD,0.9535811153019125,-1,7300,6.84931506802402e-11,2,14600.0,0.0,2,0,1.0,0.0,1.1258983342750513,0,0,0,0,0,0,0,0,0.0225,0.0,0.0,0.0,0.15,skip,training_upload_trigger_not_confirmed,1785296017.4468873,1785296017446887072,1384685663586599,13.0,52.91015625,-1.0,0,0
2026-07-28T23:33:37.448,10.42.0.1,10.42.0.210,6,1,DOWNLOAD,0.95,DOWNLOAD,0.95,-1,21720,0.37604497655008295,27,211488.0,79529.0,20,7,0.7267204321397032,0.27327956786029683,0.0174847471152629,0,0,0,0,1,0,0,0,0.28500000000000003,0.7500000000000001,0.0,0.0,0.15,skip,training_upload_trigger_not_confirmed,1785296017.448115,1785296017448115307,1384685664814516,13.0,52.91015625,-1.0,0,0
2026-07-28T23:33:37.449,10.42.0.1,10.42.0.210,6,1,DOWNLOAD,0.95,DOWNLOAD,0.95,-1,21720,0.34102174882790887,28,233208.0,79529.0,21,7,0.7457000610736817,0.2542999389263183,0.015342189707740404,0,0,0,0,1,0,0,0,0.28500000000000003,0.7500000000000001,0.0,0.0,0.15,skip,training_upload_trigger_not_confirmed,1785296017.4493406,1785296017449340619,1384685666039654,13.0,52.91015625,-1.0,0,0
2026-07-28T23:33:37.450,10.42.0.18,10.42.0.210,6,1,DOWNLOAD,0.95,DOWNLOAD,0.95,-1,10220,5.70776255675184e-11,2,17520.0,0.0,2,0,1.0,0.0,0.9083459563463332,0,0,0,0,0,0,0,0,0.0225,0.0,0.0,0.0,0.15,skip,training_upload_trigger_not_confirmed,1785296017.450953,1785296017450952864,1384685667651601,13.0,52.91015625,-1.0,0,0
2026-07-28T23:33:37.452,10.42.0.18,10.42.0.210,6,1,DOWNLOAD,0.9249322514212616,DOWNLOAD,0.9249322514212616,0,43,5.70776255675184e-11,2,17520.0,0.0,2,0,1.0,0.0,1.0900399274330572,0,0,0,0,0,0,0,0,0.0225,0.0,0.0,0.0,0.15,skip,training_upload_trigger_not_confirmed,1785296017.4520319,1785296017452031694,1384685668730477,13.0,52.91015625,-1.0,0,0
2026-07-28T23:33:37.453,10.42.0.18,10.42.0.210,6,1,DOWNLOAD,0.95,DOWNLOAD,0.95,-1,14600,3.113325031036322e-11,3,32120.0,0.0,3,0,1.0,0.0,0.9466859128180828,0,0,0,0,0,0,0,0,0.0225,0.0,0.0,0.0,0.15,skip,training_upload_trigger_not_confirmed,1785296017.453119,1785296017453118889,1384685669817665,13.0,52.91015625,-1.0,0,0
2026-07-28T23:33:37.455,10.42.0.59,10.42.0.210,3,3,UPLOAD,0.9854688349332961,UPLOAD,0.9854688349332961,0,43,1.0,0,0.0,0.0,0,0,0.0,0.0,1.0745736722259047,0,0,1,0,0,0,0,0,0.4375,0.05,1.0,0.0,0.8,skip,attack_already_active,1785296017.455811,1785296017455811173,1384685672510058,81.6,52.9375,-1.0,0,0
2026-07-28T23:33:37.456,10.42.0.59,10.42.0.210,4,1,DOWNLOAD,0.95,DOWNLOAD,0.95,-1,14600,6.84931506802402e-11,1,14600.0,0.0,1,0,1.0,0.0,1.2477509130743756,0,0,0,0,0,0,0,0,0.0225,0.0,0.0,0.0,0.15,skip,training_upload_trigger_not_confirmed,1785296017.4569972,1785296017456997034,1384685673696601,81.6,52.9375,-1.0,0,0
2026-07-28T23:33:37.458,10.42.0.59,10.42.0.210,4,1,DOWNLOAD,0.95,DOWNLOAD,0.95,-1,14600,3.424657534129292e-11,2,29200.0,0.0,2,0,1.0,0.0,1.0834858112563286,0,0,0,0,0,0,0,0,0.0225,0.0,0.0,0.0,0.15,skip,training_upload_trigger_not_confirmed,1785296017.458186,1785296017458185886,1384685674885173,81.6,52.9375,-1.0,0,0
2026-07-28T23:33:37.460,10.42.0.210,10.42.0.210,5,3,UPLOAD,0.9540193006969624,UPLOAD,0.9540193006969624,0,43,100.0,39,0.0,56472.0,0,39,0.0,1.0,0.048005295990354066,0,0,1,0,0,0,0,0,0.45499999999999996,0.1,1.0,0.0,0.8,skip,attack_already_active,1785296017.4609632,1785296017460963203,1384685677662102,81.6,52.9375,-1.0,0,0
2026-07-28T23:33:37.462,10.42.0.210,10.42.0.210,6,1,DOWNLOAD,0.95,DOWNLOAD,0.95,-1,2896,19.49999999361188,40,2896.0,56472.0,1,39,0.04878048780487805,0.9512195121951219,0.08606170601865967,0,0,0,0,0,0,0,0,0.057499999999999996,0.1,0.0,0.0,0.15,skip,training_upload_trigger_not_confirmed,1785296017.462155,1785296017462155049,1384685678854151,81.6,52.9375,-1.0,0,0
2026-07-28T23:33:37.465,10.42.0.210,10.42.0.210,6,1,DOWNLOAD,0.95,DOWNLOAD,0.95,-1,5792,6.499999999366943,41,8688.0,56472.0,2,39,0.13333333333333333,0.8666666666666667,0.0751973851162351,0,0,0,0,0,0,0,0,0.057499999999999996,0.1,0.0,0.0,0.15,skip,training_upload_trigger_not_confirmed,1785296017.4657705,1785296017465770416,1384685682470298,81.6,52.9375,-1.0,0,0
2026-07-28T23:33:37.467,10.42.0.210,10.42.0.210,6,1,DOWNLOAD,0.9557926560077417,DOWNLOAD,0.9557926560077417,-1,5792,3.8999999997997237,42,14480.0,56472.0,3,39,0.20408163265306123,0.7959183673469388,0.06554503329804681,0,0,0,0,0,0,0,0,0.057499999999999996,0.1,0.0,0.0,0.15,skip,training_upload_trigger_not_confirmed,1785296017.4677188,1785296017467718950,1384685684418117,81.6,52.9375,-1.0,0,0
2026-07-28T23:33:37.469,10.42.0.210,10.42.0.210,6,1,DOWNLOAD,0.9846998846180315,DOWNLOAD,0.9846998846180315,-1,5792,2.785714285626198,43,20272.0,56472.0,4,39,0.2641509433962264,0.7358490566037735,0.057129207511476404,0,0,0,0,0,0,0,0,0.057499999999999996,0.1,0.0,0.0,0.15,skip,training_upload_trigger_not_confirmed,1785296017.4693985,1785296017469398496,1384685686097087,81.6,52.9375,-1.0,0,0
2026-07-28T23:33:37.471,10.42.0.210,10.42.0.210,6,1,DOWNLOAD,0.9854895428954357,DOWNLOAD,0.9854895428954357,-1,5792,2.166666666621905,44,26064.0,56472.0,5,39,0.3157894736842105,0.6842105263157895,0.04983025848522427,0,0,0,0,0,0,0,0,0.057499999999999996,0.1,0.0,0.0,0.15,skip,training_upload_trigger_not_confirmed,1785296017.471138,1785296017471138037,1384685687837281,81.6,52.9375,-1.0,0,0
2026-07-28T23:33:37.472,10.42.0.145,10.42.0.210,5,1,DOWNLOAD,0.9522664271829855,DOWNLOAD,0.9522664271829855,0,43,6.84931506802402e-11,2,14600.0,0.0,2,0,1.0,0.0,1.291442576729656,0,0,0,0,0,0,0,0,0.0225,0.0,0.0,0.0,0.15,skip,training_upload_trigger_not_confirmed,1785296017.4728184,1785296017472818537,1384685689517497,81.6,52.9375,-1.0,0,0
2026-07-28T23:33:37.473,10.42.0.145,10.42.0.210,5,1,DOWNLOAD,0.9577604861066387,DOWNLOAD,0.9577604861066387,-1,14600,3.424657534129292e-11,3,29200.0,0.0,3,0,1.0,0.0,1.1248309565394732,0,0,0,0,0,0,0,0,0.0225,0.0,0.0,0.0,0.15,skip,training_upload_trigger_not_confirmed,1785296017.4739623,1785296017473962271,1384685690661186,81.6,52.9375,-1.0,0,0
2026-07-28T23:33:37.475,10.42.0.145,10.42.0.210,5,1,DOWNLOAD,0.9634700120519895,DOWNLOAD,0.9634700120519895,-1,14600,2.2831050227789245e-11,4,43800.0,0.0,4,0,1.0,0.0,0.9768088255940219,0,0,0,0,0,0,0,0,0.0225,0.0,0.0,0.0,0.15,skip,training_upload_trigger_not_confirmed,1785296017.4754956,1785296017475495603,1384685692194798,81.6,52.9375,-1.0,0,0
2026-07-28T23:33:37.479,10.42.0.18,10.42.0.210,6,1,DOWNLOAD,0.95,DOWNLOAD,0.95,-1,4380,2.739726027322199e-11,4,36500.0,0.0,4,0,1.0,0.0,0.8254638624680369,0,0,0,0,0,0,0,0,0.0225,0.0,0.0,0.0,0.15,skip,training_upload_trigger_not_confirmed,1785296017.4798844,1785296017479884309,1384685696583420,81.6,52.9375,-1.0,0,0
2026-07-28T23:33:37.482,10.42.0.18,10.42.0.210,6,1,DOWNLOAD,0.95,DOWNLOAD,0.95,-1,14600,1.9569471623883178e-11,5,51100.0,0.0,5,0,1.0,0.0,0.7170891491428177,0,0,0,0,0,0,0,0,0.0225,0.0,0.0,0.0,0.15,skip,training_upload_trigger_not_confirmed,1785296017.4829226,1785296017482922569,1384685699621220,81.6,52.9375,-1.0,0,0
2026-07-28T23:33:37.484,10.42.0.18,10.42.0.210,6,1,DOWNLOAD,0.954310662675617,DOWNLOAD,0.954310662675617,-1,5840,1.756234632916118e-11,6,56940.0,0.0,6,0,1.0,0.0,0.6227503698049677,0,0,0,0,0,0,0,0,0.0225,0.0,0.0,0.0,0.15,skip,training_upload_trigger_not_confirmed,1785296017.4841008,1785296017484100986,1384685700799522,81.6,52.9375,-1.0,0,0
2026-07-28T23:33:37.485,10.42.0.47,10.42.0.210,5,3,UPLOAD,0.7289135700205532,UPLOAD,0.7289135700205532,0,43,1.0,0,0.0,0.0,0,0,0.0,0.0,0.26219511853761357,0,0,1,0,0,0,0,0,0.4375,0.05,1.0,0.0,0.8,skip,attack_already_active,1785296017.4856856,1785296017485685444,1384685702384139,81.6,52.9375,-1.0,0,0
2026-07-28T23:33:37.487,10.42.0.47,10.42.0.210,6,1,DOWNLOAD,0.9719184932722463,DOWNLOAD,0.9719184932722463,-1,10136,9.865824781978509e-11,1,10136.0,0.0,1,0,1.0,0.0,0.45877407996752045,0,0,0,0,0,0,0,0,0.0225,0.0,0.0,0.0,0.15,skip,training_upload_trigger_not_confirmed,1785296017.487266,1785296017487266149,1384685703965094,81.6,52.9375,-1.0,0,0
2026-07-28T23:33:37.488,10.42.0.47,10.42.0.210,6,1,DOWNLOAD,0.9829981496648164,DOWNLOAD,0.9829981496648164,-1,14480,4.062398439873968e-11,2,24616.0,0.0,2,0,1.0,0.0,0.3985340763556133,0,0,0,0,0,0,0,0,0.0225,0.0,0.0,0.0,0.15,skip,training_upload_trigger_not_confirmed,1785296017.4888954,1785296017488895482,1384685705594591,81.6,52.9375,-1.0,0,0
2026-07-28T23:33:37.490,10.42.0.47,10.42.0.210,6,1,DOWNLOAD,0.9842257140988042,DOWNLOAD,0.9842257140988042,-1,4344,3.453038673913914e-11,3,28960.0,0.0,3,0,1.0,0.0,0.3461647138864103,0,0,0,0,0,0,0,0,0.0225,0.0,0.0,0.0,0.15,skip,training_upload_trigger_not_confirmed,1785296017.490013,1785296017490012852,1384685706711290,81.6,52.9375,-1.0,0,0
2026-07-28T23:33:37.491,10.42.0.210,10.42.0.210,6,1,DOWNLOAD,0.9855083405864443,DOWNLOAD,0.9855083405864443,-1,8688,1.6249999999820155,45,34752.0,56472.0,6,39,0.38095238095238093,0.6190476190476191,0.04596062217779744,0,0,0,0,0,0,0,0,0.057499999999999996,0.1,0.0,0.0,0.15,skip,training_upload_trigger_not_confirmed,1785296017.4916027,1785296017491602692,1384685708302452,81.6,52.9375,-1.0,0,0
2026-07-28T23:33:37.493,10.42.0.210,10.42.0.210,6,1,DOWNLOAD,0.9855087208476458,DOWNLOAD,0.9855087208476458,-1,11584,1.218749999995279,46,46336.0,56472.0,7,39,0.4507042253521127,0.5492957746478874,0.04012087197583713,0,0,0,0,0,0,0,0,0.057499999999999996,0.1,0.0,0.0,0.15,skip,training_upload_trigger_not_confirmed,1785296017.493247,1785296017493246906,1384685709945422,81.6,52.9375,-1.0,0,0
2026-07-28T23:33:37.494,10.42.0.145,10.42.0.210,5,1,DOWNLOAD,0.9716904676404935,DOWNLOAD,0.9716904676404935,-1,29200,1.369863013679865e-11,5,73000.0,0.0,5,0,1.0,0.0,0.8505777595234864,0,0,0,0,0,0,0,0,0.0225,0.0,0.0,0.0,0.15,skip,training_upload_trigger_not_confirmed,1785296017.4943726,1785296017494372690,1384685711071337,81.6,52.9375,-1.0,0,0
2026-07-28T23:33:37.497,10.42.0.47,10.42.0.210,6,1,DOWNLOAD,0.9842586901286671,DOWNLOAD,0.9842586901286671,-1,14480,2.3020257826357728e-11,4,43440.0,0.0,4,0,1.0,0.0,0.30159301409744926,0,0,0,0,0,0,0,0,0.0225,0.0,0.0,0.0,0.15,skip,training_upload_trigger_not_confirmed,1785296017.4979353,1785296017497935274,1384685714633717,81.6,52.9375,-1.0,0,0
2026-07-28T23:33:37.502,10.42.0.47,10.42.0.210,6,1,DOWNLOAD,0.9842595481342594,DOWNLOAD,0.9842595481342594,-1,992,2.2506301763987525e-11,5,44432.0,0.0,5,0,1.0,0.0,0.2623926750150072,0,0,0,0,0,0,0,0,0.0225,0.0,0.0,0.0,0.15,skip,training_upload_trigger_not_confirmed,1785296017.5020478,1785296017502047870,1384685718746602,81.6,52.9375,-1.0,0,0
2026-07-28T23:33:37.799,10.42.0.59,10.42.0.210,4,3,UPLOAD,0.95,UPLOAD,0.95,1,64240,2.199999999958904,3,29200.0,64240.0,2,1,0.3125,0.6875,0.9860548164807706,0,0,0,1,1,1,1,1,0.9299999999999999,1.0,1.0,0.8,0.8,trigger,training_upload_trigger_confirmed,1785296017.79992,1785296017799920147,1384686016619077,81.6,52.9375,8.274718,1785296017808196463,1384686024893795
2026-07-28T23:33:37.800,10.42.0.1,10.42.0.1,6,3,UPLOAD,0.95,UPLOAD,0.95,1,7240,0.3720669959891081,29,233208.0,86769.0,21,8,0.7288273844682587,0.2711726155317413,0.053476609259112295,1,0,0,1,1,1,1,1,0.9699999999999999,1.0,1.0,1.0,0.8,trigger,training_upload_trigger_confirmed,1785296017.8007908,1785296017800790896,1384686017489330,81.6,52.9375,18.038774,1785296017818830713,1384686035528104
2026-07-28T23:33:37.802,10.42.0.1,10.42.0.1,6,3,UPLOAD,0.95,UPLOAD,0.95,1,7240,0.40311224315030736,30,233208.0,94009.0,21,9,0.7127013572033238,0.2872986427966762,0.04659206019143016,1,0,1,1,1,1,1,1,0.9699999999999999,1.0,1.0,1.0,0.8,skip,attack_already_active,1785296017.8020225,1785296017802022407,1384686018721690,81.6,52.9375,-1.0,0,0
2026-07-28T23:33:37.803,10.42.0.145,10.42.0.1,5,3,UPLOAD,0.95,UPLOAD,0.95,1,64240,0.8800000000016439,6,73000.0,64240.0,5,1,0.5319148936170213,0.46808510638297873,0.782115637469036,0,0,0,1,1,1,1,1,0.85,1.0,1.0,0.4,0.8,trigger,training_upload_trigger_confirmed,1785296017.8038564,1785296017803856467,1384686020555412,81.6,52.9375,33.105737,1785296017836963799,1384686053661149
2026-07-28T23:33:37.805,10.42.0.145,10.42.0.1,5,3,UPLOAD,0.9841010226033655,UPLOAD,0.9841010226033655,1,13140,1.059999999999178,7,73000.0,77380.0,5,2,0.4854368932038835,0.5145631067961165,0.6792602251907985,0,0,1,1,1,1,1,1,0.85,1.0,1.0,0.4,0.8,skip,attack_already_active,1785296017.8054311,1785296017805431159,1384686022129672,81.6,52.9375,-1.0,0,0
2026-07-28T23:33:37.806,10.42.0.145,10.42.0.1,5,3,UPLOAD,0.9854688349332961,UPLOAD,0.9854688349332961,1,2149,1.0894383561631584,8,73000.0,79529.0,5,3,0.4785975126041605,0.5214024873958395,0.5899420226225917,0,0,1,1,1,1,1,1,0.85,1.0,1.0,0.4,0.8,skip,attack_already_active,1785296017.8068805,1785296017806880616,1384686023579632,81.6,52.9375,-1.0,0,0
2026-07-28T23:33:37.808,10.42.0.1,10.42.0.1,6,3,UPLOAD,0.95,UPLOAD,0.95,1,7240,0.4341574903115066,31,233208.0,101249.0,21,10,0.6972734910616313,0.3027265089383688,0.04129886599952752,1,0,1,1,1,1,1,1,0.9699999999999999,1.0,1.0,1.0,0.8,skip,attack_already_active,1785296017.808446,1785296017808445871,1384686025144357,81.6,52.9375,-1.0,0,0
2026-07-28T23:33:37.809,10.42.0.1,10.42.0.1,6,3,UPLOAD,0.95,UPLOAD,0.95,1,7240,0.46520273747270585,32,233208.0,108489.0,21,11,0.6824994073696872,0.31750059263031283,0.03600734527774969,1,0,1,1,1,1,1,1,0.9699999999999999,1.0,1.0,1.0,0.8,skip,attack_already_active,1785296017.809589,1785296017809588972,1384686026289740,81.6,52.9375,-1.0,0,0
2026-07-28T23:33:37.811,10.42.0.1,10.42.0.1,6,3,UPLOAD,0.95,UPLOAD,0.95,1,14480,0.5272932317951043,33,233208.0,122969.0,21,12,0.6547531143223734,0.34524688567762657,0.03147010319980349,1,0,1,1,1,1,1,1,0.9699999999999999,1.0,1.0,1.0,0.8,skip,attack_already_active,1785296017.8111644,1785296017811164396,1384686027863020,81.6,52.9375,-1.0,0,0
2026-07-28T23:33:37.812,10.42.0.1,10.42.0.1,6,3,UPLOAD,0.95,UPLOAD,0.95,1,14480,0.5893837261175029,34,233208.0,137449.0,21,13,0.6291746817138216,0.3708253182861783,0.027438480642950156,1,0,1,1,1,1,1,1,0.9699999999999999,1.0,1.0,1.0,0.8,skip,attack_already_active,1785296017.8120396,1785296017812039743,1384686028738311,81.6,52.9375,-1.0,0,0
2026-07-28T23:33:37.813,10.42.0.1,10.42.0.1,6,3,UPLOAD,0.8611341933290494,UPLOAD,0.8611341933290494,0,43,0.5893837261175029,34,233208.0,137449.0,21,13,0.6291746817138216,0.3708253182861783,0.06428043145304785,1,0,1,1,1,1,1,1,0.8025,0.7500000000000001,1.0,0.6000000000000001,0.8,skip,attack_already_active,1785296017.8130825,1785296017813082291,1384686029781920,81.6,52.9375,-1.0,0,0
2026-07-28T23:33:37.814,10.42.0.1,10.42.0.1,6,3,UPLOAD,0.8519799546568634,UPLOAD,0.8519799546568634,0,43,0.5893837261175029,34,233208.0,137449.0,21,13,0.6291746817138216,0.3708253182861783,0.05601943492974454,1,0,1,1,1,1,1,1,0.8025,0.7500000000000001,1.0,0.6000000000000001,0.8,skip,attack_already_active,1785296017.8146725,1785296017814672293,1384686031371096,81.6,52.9375,-1.0,0,0
2026-07-28T23:33:37.816,10.42.0.1,10.42.0.1,6,3,UPLOAD,0.95,UPLOAD,0.95,1,14480,0.6514742204399014,35,233208.0,151929.0,21,14,0.6055195943261749,0.39448040567382514,0.049191393850884925,1,0,1,1,1,1,1,1,0.9699999999999999,1.0,1.0,1.0,0.8,skip,attack_already_active,1785296017.816243,1785296017816242919,1384686032942485,81.6,52.9375,-1.0,0,0
2026-07-28T23:33:37.817,10.42.0.1,10.42.0.1,6,3,UPLOAD,0.95,UPLOAD,0.95,1,14480,0.7135647147622999,36,233208.0,166409.0,21,15,0.5835787766786699,0.4164212233213302,0.042818839650602,1,0,1,1,1,1,1,1,0.9699999999999999,1.0,1.0,1.0,0.8,skip,attack_already_active,1785296017.8170748,1785296017817074763,1384686033773186,81.6,52.9375,-1.0,0,0
2026-07-28T23:33:37.819,10.42.0.1,10.42.0.1,6,3,UPLOAD,0.95,UPLOAD,0.95,1,14480,0.7756552090846984,37,233208.0,180889.0,21,16,0.5631723968055794,0.43682760319442065,0.037471985468532164,1,0,1,1,1,1,1,1,0.9699999999999999,1.0,1.0,1.0,0.8,skip,attack_already_active,1785296017.8193178,1785296017819317876,1384686036016317,81.6,52.9375,-1.0,0,0
2026-07-28T23:33:37.820,10.42.0.1,10.42.0.1,6,3,UPLOAD,0.95,UPLOAD,0.95,1,11584,0.8253276045426172,38,233208.0,192473.0,21,17,0.5478468618519502,0.4521531381480498,0.032746987926909575,1,0,1,1,1,1,1,1,0.9699999999999999,1.0,1.0,1.0,0.8,skip,attack_already_active,1785296017.820933,1785296017820933084,1384686037631402,81.6,52.9375,-1.0,0,0
2026-07-28T23:33:37.821,10.42.0.1,10.42.0.1,6,3,UPLOAD,0.95,UPLOAD,0.95,1,7240,0.8563728517038165,39,233208.0,199713.0,21,18,0.5386848870810148,0.4613151129189852,0.028557158157554125,1,0,1,1,1,1,1,1,0.9699999999999999,1.0,1.0,1.0,0.8,skip,attack_already_active,1785296017.8218846,1785296017821884792,1384686038582934,81.6,52.9375,-1.0,0,0
2026-07-28T23:33:37.823,10.42.0.1,10.42.0.1,6,3,UPLOAD,0.95,UPLOAD,0.95,1,14480,0.9184633460262149,40,233208.0,214193.0,21,19,0.5212505112862957,0.47874948871370426,0.024988936449687627,1,0,1,1,1,1,1,1,0.9699999999999999,1.0,1.0,1.0,0.8,skip,attack_already_active,1785296017.8233635,1785296017823363685,1384686040061791,81.6,52.9375,-1.0,0,0
2026-07-28T23:33:37.824,10.42.0.1,10.42.0.1,6,3,UPLOAD,0.95,UPLOAD,0.95,1,14480,0.9805538403486135,41,233208.0,228673.0,21,20,0.504909273167764,0.495090726832236,0.021787394659985942,1,0,1,1,1,1,1,1,0.9699999999999999,1.0,1.0,1.0,0.8,skip,attack_already_active,1785296017.8240569,1785296017824056950,1384686040754995,81.6,52.9375,-1.0,0,0
2026-07-28T23:33:37.824,10.42.0.1,10.42.0.1,6,3,UPLOAD,0.95,UPLOAD,0.95,1,7129,1.0111231175602418,42,233208.0,235802.0,21,21,0.49723460054156626,0.5027653994584337,0.019039057568088796,1,0,1,1,1,1,1,1,0.9699999999999999,1.0,1.0,1.0,0.8,skip,attack_already_active,1785296017.824988,1785296017824987812,1384686041685847,81.6,52.9375,-1.0,0,0
2026-07-28T23:33:37.826,10.42.0.1,10.42.0.1,6,3,UPLOAD,0.95,UPLOAD,0.95,1,2784,1.023060958457587,43,233208.0,238586.0,21,22,0.49430047859871046,0.5056995214012896,0.0166951062318097,1,0,1,1,1,1,1,1,0.9699999999999999,1.0,1.0,1.0,0.8,skip,attack_already_active,1785296017.8262393,1785296017826239321,1384686042938893,81.6,52.9375,-1.0,0,0
2026-07-28T23:33:37.901,10.42.0.18,10.42.0.1|10.42.0.18,6,3,UPLOAD,0.95,UPLOAD,0.95,1,8760,0.1538461538610143,7,56940.0,8760.0,6,1,0.8666666666666667,0.13333333333333333,0.599961247626318,1,0,0,1,1,1,1,1,0.9699999999999999,1.0,1.0,1.0,0.8,trigger,training_upload_trigger_confirmed,1785296017.9018419,1785296017901841802,1384686118540649,81.6,52.9375,57.436286,1785296017959279669,1384686175976935
2026-07-28T23:33:37.906,10.42.0.18,10.42.0.1|10.42.0.18,6,3,UPLOAD,0.9841010226033655,UPLOAD,0.9841010226033655,1,33580,0.7435897435942468,8,56940.0,42340.0,6,2,0.5735294117647058,0.4264705882352941,0.5214742866089949,1,0,1,1,1,1,1,1,0.9699999999999999,1.0,1.0,1.0,0.8,skip,attack_already_active,1785296017.9061873,1785296017906187270,1384686122886113,81.6,52.9375,-1.0,0,0
2026-07-28T23:33:37.907,10.42.0.18,10.42.0.1|10.42.0.18,6,3,UPLOAD,0.9854688349332961,UPLOAD,0.9854688349332961,1,18980,1.076923076921726,9,56940.0,61320.0,6,3,0.48148148148148145,0.5185185185185185,0.4529662462944933,1,0,1,1,1,1,1,1,0.9699999999999999,1.0,1.0,1.0,0.8,skip,attack_already_active,1785296017.907773,1785296017907773046,1384686124471491,81.6,52.9375,-1.0,0,0
2026-07-28T23:33:37.910,10.42.0.18,10.42.0.1|10.42.0.18,6,3,UPLOAD,0.9855076450773014,UPLOAD,0.9855076450773014,1,18208,1.3966982788830926,10,56940.0,79528.0,6,4,0.4172406718058446,0.5827593281941554,0.39363743767203013,1,0,1,1,1,1,1,1,0.9699999999999999,1.0,1.0,1.0,0.8,skip,attack_already_active,1785296017.9105093,1785296017910509204,1384686127207848,81.6,52.9375,-1.0,0,0
2026-07-28T23:33:37.912,10.42.0.1,10.42.0.1|10.42.0.18,6,3,UPLOAD,0.95,UPLOAD,0.95,1,7240,1.0541062056187862,44,233208.0,245826.0,21,23,0.48682974486153385,0.5131702551384661,0.01906739782793768,1,0,1,1,1,1,1,1,0.9699999999999999,1.0,1.0,1.0,0.8,skip,attack_already_active,1785296017.9121375,1785296017912137368,1384686128835865,81.6,52.9375,-1.0,0,0
2026-07-28T23:33:37.913,10.42.0.1,10.42.0.1|10.42.0.18,6,3,UPLOAD,0.95,UPLOAD,0.95,1,7240,1.0851514527799855,45,233208.0,253066.0,21,24,0.47958147052896105,0.520418529471039,0.016699541945777947,1,0,1,1,1,1,1,1,0.9699999999999999,1.0,1.0,1.0,0.8,skip,attack_already_active,1785296017.913236,1785296017913235901,1384686129934312,81.6,52.9375,-1.0,0,0
2026-07-28T23:33:37.915,10.42.0.1,10.42.0.1|10.42.0.18,6,3,UPLOAD,0.95,UPLOAD,0.95,1,14480,1.147241947102384,46,233208.0,267546.0,21,25,0.46571370373476795,0.534286296265232,0.014861809171993349,1,0,1,1,1,1,1,1,0.9699999999999999,1.0,1.0,1.0,0.8,skip,attack_already_active,1785296017.9159894,1785296017915989609,1384686132688032,81.6,52.9375,-1.0,0,0
2026-07-28T23:33:37.917,10.42.0.1,10.42.0.1|10.42.0.18,6,3,UPLOAD,0.95,UPLOAD,0.95,1,14480,1.2093324414247824,47,233208.0,282026.0,21,26,0.4526254090374471,0.5473745909625529,0.01304239310177508,1,0,1,1,1,1,1,1,0.9699999999999999,1.0,1.0,1.0,0.8,skip,attack_already_active,1785296017.9170442,1785296017917044151,1384686133742567,81.6,52.9375,-1.0,0,0
2026-07-28T23:33:37.918,10.42.0.1,10.42.0.1|10.42.0.18,6,3,UPLOAD,0.7066736492427907,UPLOAD,0.7066736492427907,0,43,1.2093324414247824,47,233208.0,282026.0,21,26,0.4526254090374471,0.5473745909625529,0.024951479754754043,1,0,1,1,1,1,1,1,0.8374999999999999,0.8500000000000001,1.0,0.6000000000000001,0.8,skip,attack_already_active,1785296017.9180896,1785296017918089697,1384686134788117,81.6,52.9375,-1.0,0,0
2026-07-28T23:33:37.922,10.42.0.1,10.42.0.1|10.42.0.18,6,3,UPLOAD,0.95,UPLOAD,0.95,1,20272,1.2962591334761404,48,233208.0,302298.0,21,27,0.4354909188692564,0.5645090811307436,0.022325258179762907,1,0,1,1,1,1,1,1,0.9699999999999999,1.0,1.0,1.0,0.8,skip,attack_already_active,1785296017.922066,1785296017922065841,1384686138764230,81.6,52.9375,-1.0,0,0
2026-07-28T23:33:37.923,10.42.0.1,10.42.0.1|10.42.0.18,6,3,UPLOAD,0.95,UPLOAD,0.95,1,5792,1.3210953312050997,49,233208.0,308090.0,21,28,0.43083107641262297,0.569168923587377,0.019527094120945766,1,0,1,1,1,1,1,1,0.9699999999999999,1.0,1.0,1.0,0.8,skip,attack_already_active,1785296017.9231567,1785296017923156773,1384686139855088,81.6,52.9375,-1.0,0,0
2026-07-28T23:33:37.924,10.42.0.1,10.42.0.1|10.42.0.18,6,3,UPLOAD,0.95,UPLOAD,0.95,1,7240,1.352140578366299,50,233208.0,315330.0,21,29,0.42514465725255135,0.5748553427474486,0.01715232306256149,1,0,1,1,1,1,1,1,0.9699999999999999,1.0,1.0,1.0,0.8,skip,attack_already_active,1785296017.9246624,1785296017924662316,1384686141360890,81.6,52.9375,-1.0,0,0
2026-07-28T23:33:37.925,10.42.0.1,10.42.0.1|10.42.0.18,6,3,UPLOAD,0.95,UPLOAD,0.95,1,2784,1.3640784192636441,51,233208.0,318114.0,21,30,0.42299781253060825,0.5770021874693918,0.01504411399603127,1,0,1,1,1,1,1,1,0.9699999999999999,1.0,1.0,1.0,0.8,skip,attack_already_active,1785296017.925816,1785296017925816147,1384686142514417,81.6,52.9375,-1.0,0,0
2026-07-28T23:33:39.120,10.42.0.210,10.42.0.1|10.42.0.210|10.42.0.18,6,3,UPLOAD,0.95,UPLOAD,0.95,1,1448,100.0,1,0.0,1448.0,0,1,0.0,1.0,0.25353793530098495,1,0,0,1,1,1,1,1,0.9525,0.95,1.0,1.0,0.8,trigger,training_upload_trigger_confirmed,1785296019.1206472,1785296019120647152,1384687337346170,6.2,52.953125,9.219962,1785296019129868884,1384687346566132
2026-07-28T23:33:39.121,10.42.0.210,10.42.0.1|10.42.0.210|10.42.0.18,6,3,UPLOAD,0.9841010226033655,UPLOAD,0.9841010226033655,1,1448,100.0,2,0.0,2896.0,0,2,0.0,1.0,0.22025798842817482,1,0,1,1,1,1,1,1,0.9699999999999999,1.0,1.0,1.0,0.8,skip,attack_already_active,1785296019.1216328,1785296019121632787,1384687338331478,6.2,52.953125,-1.0,0,0
2026-07-28T23:33:39.123,10.42.0.210,10.42.0.1|10.42.0.210|10.42.0.18,6,3,UPLOAD,0.9854688349332961,UPLOAD,0.9854688349332961,1,1448,100.0,3,0.0,4344.0,0,3,0.0,1.0,0.19148535728697402,1,0,1,1,1,1,1,1,0.9699999999999999,1.0,1.0,1.0,0.8,skip,attack_already_active,1785296019.1235433,1785296019123543310,1384687340242226,6.2,52.953125,-1.0,0,0
2026-07-28T23:33:39.124,10.42.0.210,10.42.0.1|10.42.0.210|10.42.0.18,6,3,UPLOAD,0.9855076450773014,UPLOAD,0.9855076450773014,1,1448,100.0,4,0.0,5792.0,0,4,0.0,1.0,0.16639200108571428,1,0,1,1,1,1,1,1,0.9699999999999999,1.0,1.0,1.0,0.8,skip,attack_already_active,1785296019.124602,1785296019124602227,1384687341301079,6.2,52.953125,-1.0,0,0
2026-07-28T23:33:39.126,10.42.0.210,10.42.0.1|10.42.0.210|10.42.0.18,6,3,UPLOAD,0.9855086980780915,UPLOAD,0.9855086980780915,1,1448,100.0,5,0.0,7240.0,0,5,0.0,1.0,0.1446668554144474,1,0,1,1,1,1,1,1,0.9699999999999999,1.0,1.0,1.0,0.8,skip,attack_already_active,1785296019.126128,1785296019126127843,1384687342827747,6.2,52.953125,-1.0,0,0
2026-07-28T23:33:39.127,10.42.0.210,10.42.0.1|10.42.0.210|10.42.0.18,6,3,UPLOAD,0.9855087254685951,UPLOAD,0.9855087254685951,1,1448,100.0,6,0.0,8688.0,0,6,0.0,1.0,0.12575542374958773,1,0,1,1,1,1,1,1,0.9699999999999999,1.0,1.0,1.0,0.8,skip,attack_already_active,1785296019.1272812,1785296019127281084,1384687343980037,6.2,52.953125,-1.0,0,0
2026-07-28T23:33:39.129,10.42.0.210,10.42.0.1|10.42.0.210|10.42.0.18,6,3,UPLOAD,0.9855087261493067,UPLOAD,0.9855087261493067,1,1448,100.0,7,0.0,10136.0,0,7,0.0,1.0,0.10943556652811863,1,0,1,1,1,1,1,1,0.9699999999999999,1.0,1.0,1.0,0.8,skip,attack_already_active,1785296019.1291897,1785296019129189535,1384687345888257,6.2,52.953125,-1.0,0,0
2026-07-28T23:33:39.129,10.42.0.210,10.42.0.1|10.42.0.210|10.42.0.18,6,3,UPLOAD,0.9855087261653082,UPLOAD,0.9855087261653082,1,1448,100.0,8,0.0,11584.0,0,8,0.0,1.0,0.09511720528993897,1,0,1,1,1,1,1,1,0.9699999999999999,1.0,1.0,1.0,0.8,skip,attack_already_active,1785296019.1299672,1785296019129967182,1384687346665259,6.2,52.953125,-1.0,0,0
2026-07-28T23:33:39.130,10.42.0.210,10.42.0.1|10.42.0.210|10.42.0.18,6,3,UPLOAD,0.985508726165656,UPLOAD,0.985508726165656,1,1448,100.0,9,0.0,13032.0,0,9,0.0,1.0,0.0827103012208931,1,0,1,1,1,1,1,1,0.9699999999999999,1.0,1.0,1.0,0.8,skip,attack_already_active,1785296019.1309319,1785296019130931892,1384687347630083,6.2,52.953125,-1.0,0,0
2026-07-28T23:33:39.131,10.42.0.210,10.42.0.1|10.42.0.210|10.42.0.18,6,3,UPLOAD,0.9855087261656625,UPLOAD,0.9855087261656625,1,1448,100.0,10,0.0,14480.0,0,10,0.0,1.0,0.07189391744332897,1,0,1,1,1,1,1,1,0.9699999999999999,1.0,1.0,1.0,0.8,skip,attack_already_active,1785296019.1315596,1785296019131559667,1384687348257664,6.2,52.953125,-1.0,0,0
2026-07-28T23:33:39.132,10.42.0.210,10.42.0.1|10.42.0.210|10.42.0.18,6,3,UPLOAD,0.9855087261656628,UPLOAD,0.9855087261656628,1,1448,100.0,11,0.0,15928.0,0,11,0.0,1.0,0.0625686450987477,1,0,1,1,1,1,1,1,0.9699999999999999,1.0,1.0,1.0,0.8,skip,attack_already_active,1785296019.1326866,1785296019132686641,1384687349384696,6.2,52.953125,-1.0,0,0
2026-07-28T23:33:39.133,10.42.0.210,10.42.0.1|10.42.0.210|10.42.0.18,6,3,UPLOAD,0.95,UPLOAD,0.95,1,1448,100.0,12,0.0,17376.0,0,12,0.0,1.0,0.05441065871719873,1,0,1,1,1,1,1,1,0.9699999999999999,1.0,1.0,1.0,0.8,skip,attack_already_active,1785296019.1333466,1785296019133346526,1384687350044528,6.2,52.953125,-1.0,0,0
2026-07-28T23:33:39.134,10.42.0.210,10.42.0.1|10.42.0.210|10.42.0.18,6,3,UPLOAD,0.95,UPLOAD,0.95,1,1448,100.0,13,0.0,18824.0,0,13,0.0,1.0,0.047354297264378516,1,0,1,1,1,1,1,1,0.9699999999999999,1.0,1.0,1.0,0.8,skip,attack_already_active,1785296019.1342084,1785296019134208396,1384687350906306,6.2,52.953125,-1.0,0,0
2026-07-28T23:33:39.134,10.42.0.210,10.42.0.1|10.42.0.210|10.42.0.18,6,3,UPLOAD,0.95,UPLOAD,0.95,1,1448,100.0,14,0.0,20272.0,0,14,0.0,1.0,0.041195204165147055,1,0,1,1,1,1,1,1,0.9699999999999999,1.0,1.0,1.0,0.8,skip,attack_already_active,1785296019.134823,1785296019134823234,1384687351521325,6.2,52.953125,-1.0,0,0
2026-07-28T23:33:39.136,10.42.0.210,10.42.0.1|10.42.0.210|10.42.0.18,6,3,UPLOAD,0.95,UPLOAD,0.95,1,1448,100.0,15,0.0,21720.0,0,15,0.0,1.0,0.03598985497408459,1,0,1,1,1,1,1,1,0.9699999999999999,1.0,1.0,1.0,0.8,skip,attack_already_active,1785296019.1365163,1785296019136516259,1384687353215085,6.2,52.953125,-1.0,0,0
2026-07-28T23:33:39.137,10.42.0.210,10.42.0.1|10.42.0.210|10.42.0.18,6,3,UPLOAD,0.95,UPLOAD,0.95,1,1448,100.0,16,0.0,23168.0,0,16,0.0,1.0,0.03138818694067274,1,0,1,1,1,1,1,1,0.9699999999999999,1.0,1.0,1.0,0.8,skip,attack_already_active,1785296019.1375854,1785296019137585470,1384687354284754,6.2,52.953125,-1.0,0,0
2026-07-28T23:33:39.139,10.42.0.210,10.42.0.1|10.42.0.210|10.42.0.18,6,3,UPLOAD,0.95,UPLOAD,0.95,1,1448,100.0,17,0.0,24616.0,0,17,0.0,1.0,0.02746399902878439,1,0,1,1,1,1,1,1,0.9699999999999999,1.0,1.0,1.0,0.8,skip,attack_already_active,1785296019.139194,1785296019139194199,1384687355893131,6.2,52.953125,-1.0,0,0
2026-07-28T23:33:39.140,10.42.0.210,10.42.0.1|10.42.0.210|10.42.0.18,6,3,UPLOAD,0.95,UPLOAD,0.95,1,1448,100.0,18,0.0,26064.0,0,18,0.0,1.0,0.02399408393118737,1,0,1,1,1,1,1,1,0.9699999999999999,1.0,1.0,1.0,0.8,skip,attack_already_active,1785296019.1403258,1785296019140325943,1384687357024760,6.2,52.953125,-1.0,0,0
2026-07-28T23:33:39.141,10.42.0.210,10.42.0.1|10.42.0.210|10.42.0.18,6,3,UPLOAD,0.95,UPLOAD,0.95,1,1448,100.0,19,0.0,27512.0,0,19,0.0,1.0,0.021037023994764245,1,0,1,1,1,1,1,1,0.9699999999999999,1.0,1.0,1.0,0.8,skip,attack_already_active,1785296019.1418796,1785296019141879563,1384687358578145,25.8,52.953125,-1.0,0,0
2026-07-28T23:33:39.142,10.42.0.210,10.42.0.1|10.42.0.210|10.42.0.18,6,3,UPLOAD,0.95,UPLOAD,0.95,1,1448,100.0,20,0.0,28960.0,0,20,0.0,1.0,0.018404249281405487,1,0,1,1,1,1,1,1,0.9699999999999999,1.0,1.0,1.0,0.8,skip,attack_already_active,1785296019.1429372,1785296019142937116,1384687359635733,25.8,52.953125,-1.0,0,0
2026-07-28T23:33:39.144,10.42.0.210,10.42.0.1|10.42.0.210|10.42.0.18,6,3,UPLOAD,0.95,UPLOAD,0.95,1,1448,100.0,21,0.0,30408.0,0,21,0.0,1.0,0.016182027457597597,1,0,1,1,1,1,1,1,0.9699999999999999,1.0,1.0,1.0,0.8,skip,attack_already_active,1785296019.1444776,1785296019144477657,1384687361176716,25.8,52.953125,-1.0,0,0
2026-07-28T23:33:39.145,10.42.0.210,10.42.0.1|10.42.0.210|10.42.0.18,6,3,UPLOAD,0.95,UPLOAD,0.95,1,1448,100.0,22,0.0,31856.0,0,22,0.0,1.0,0.01419021119819069,1,0,1,1,1,1,1,1,0.9699999999999999,1.0,1.0,1.0,0.8,skip,attack_already_active,1785296019.1455443,1785296019145544252,1384687362242975,25.8,52.953125,-1.0,0,0
2026-07-28T23:33:39.147,10.42.0.210,10.42.0.1|10.42.0.210|10.42.0.18,6,3,UPLOAD,0.95,UPLOAD,0.95,1,1448,100.0,23,0.0,33304.0,0,23,0.0,1.0,0.012527564781748041,1,0,1,1,1,1,1,1,0.9699999999999999,1.0,1.0,1.0,0.8,skip,attack_already_active,1785296019.1471171,1785296019147116930,1384687363817115,25.8,52.953125,-1.0,0,0
2026-07-28T23:33:39.148,10.42.0.210,10.42.0.1|10.42.0.210|10.42.0.18,6,3,UPLOAD,0.95,UPLOAD,0.95,1,1448,100.0,24,0.0,34752.0,0,24,0.0,1.0,0.011048008279688406,1,0,1,1,1,1,1,1,0.9699999999999999,1.0,1.0,1.0,0.8,skip,attack_already_active,1785296019.1484168,1785296019148416876,1384687365119885,25.8,52.953125,-1.0,0,0
2026-07-28T23:33:39.150,10.42.0.210,10.42.0.1|10.42.0.210|10.42.0.18,6,3,UPLOAD,0.95,UPLOAD,0.95,1,1448,100.0,25,0.0,36200.0,0,25,0.0,1.0,0.009822170240339956,1,0,1,1,1,1,1,1,0.9699999999999999,1.0,1.0,1.0,0.8,skip,attack_already_active,1785296019.1501622,1785296019150162085,1384687366860976,25.8,52.953125,-1.0,0,0
2026-07-28T23:33:39.151,10.42.0.210,10.42.0.1|10.42.0.210|10.42.0.18,6,3,UPLOAD,0.95,UPLOAD,0.95,1,1448,100.0,26,0.0,37648.0,0,26,0.0,1.0,0.008693020675402808,1,0,1,1,1,1,1,1,0.9699999999999999,1.0,1.0,1.0,0.8,skip,attack_already_active,1785296019.1514156,1785296019151415654,1384687368114878,25.8,52.953125,-1.0,0,0
2026-07-28T23:33:39.156,10.42.0.210,10.42.0.1|10.42.0.210|10.42.0.18,6,3,UPLOAD,0.95,UPLOAD,0.95,1,1448,100.0,27,0.0,39096.0,0,27,0.0,1.0,0.008179433718849683,1,0,1,1,1,1,1,1,0.9699999999999999,1.0,1.0,1.0,0.8,skip,attack_already_active,1785296019.1562111,1785296019156211182,1384687372910261,25.8,52.953125,-1.0,0,0
2026-07-28T23:33:39.157,10.42.0.210,10.42.0.1|10.42.0.210|10.42.0.18,6,3,UPLOAD,0.95,UPLOAD,0.95,1,1448,100.0,28,0.0,40544.0,0,28,0.0,1.0,0.00724469981429951,1,0,1,1,1,1,1,1,0.9699999999999999,1.0,1.0,1.0,0.8,skip,attack_already_active,1785296019.1572971,1785296019157297187,1384687373995673,25.8,52.953125,-1.0,0,0
2026-07-28T23:33:39.159,10.42.0.210,10.42.0.1|10.42.0.210|10.42.0.18,6,3,UPLOAD,0.95,UPLOAD,0.95,1,1448,100.0,29,0.0,41992.0,0,29,0.0,1.0,0.006611779773914759,1,0,1,1,1,1,1,1,0.9699999999999999,1.0,1.0,1.0,0.8,skip,attack_already_active,1785296019.1597388,1785296019159738990,1384687376438116,25.8,52.953125,-1.0,0,0
2026-07-28T23:33:39.160,10.42.0.210,10.42.0.1|10.42.0.210|10.42.0.18,6,3,UPLOAD,0.95,UPLOAD,0.95,1,1448,100.0,30,0.0,43440.0,0,30,0.0,1.0,0.005886701548398937,1,0,1,1,1,1,1,1,0.9699999999999999,1.0,1.0,1.0,0.8,skip,attack_already_active,1785296019.1608481,1785296019160848249,1384687377547030,25.8,52.953125,-1.0,0,0
2026-07-28T23:33:39.164,10.42.0.210,10.42.0.1|10.42.0.210|10.42.0.18,6,3,UPLOAD,0.95,UPLOAD,0.95,1,1448,100.0,31,0.0,44888.0,0,31,0.0,1.0,0.0056322320163424405,1,0,1,1,1,1,1,1,0.9699999999999999,1.0,1.0,1.0,0.8,skip,attack_already_active,1785296019.1648037,1785296019164803752,1384687381503313,25.8,52.953125,-1.0,0,0
2026-07-28T23:33:39.166,10.42.0.210,10.42.0.1|10.42.0.210|10.42.0.18,6,3,UPLOAD,0.95,UPLOAD,0.95,1,1448,100.0,32,0.0,46336.0,0,32,0.0,1.0,0.0051108496950569935,1,0,1,1,1,1,1,1,0.9699999999999999,1.0,1.0,1.0,0.8,skip,attack_already_active,1785296019.1664793,1785296019166479308,1384687383178498,25.8,52.953125,-1.0,0,0
2026-07-28T23:33:39.168,10.42.0.210,10.42.0.1|10.42.0.210|10.42.0.18,6,3,UPLOAD,0.95,UPLOAD,0.95,1,1448,100.0,33,0.0,47784.0,0,33,0.0,1.0,0.004665743865262228,1,0,1,1,1,1,1,1,0.9699999999999999,1.0,1.0,1.0,0.8,skip,attack_already_active,1785296019.1682124,1785296019168212562,1384687384911327,25.8,52.953125,-1.0,0,0
2026-07-28T23:33:39.169,10.42.0.210,10.42.0.1|10.42.0.210|10.42.0.18,6,3,UPLOAD,0.95,UPLOAD,0.95,1,1448,100.0,34,0.0,49232.0,0,34,0.0,1.0,0.004199679721342681,1,0,1,1,1,1,1,1,0.9699999999999999,1.0,1.0,1.0,0.8,skip,attack_already_active,1785296019.1693413,1785296019169341502,1384687386040543,25.8,52.953125,-1.0,0,0
2026-07-28T23:33:39.170,10.42.0.210,10.42.0.1|10.42.0.210|10.42.0.18,6,3,UPLOAD,0.95,UPLOAD,0.95,1,1448,100.0,35,0.0,50680.0,0,35,0.0,1.0,0.003857897313111076,1,0,1,1,1,1,1,1,0.9699999999999999,1.0,1.0,1.0,0.8,skip,attack_already_active,1785296019.1709473,1785296019170947217,1384687387646080,25.8,52.953125,-1.0,0,0
2026-07-28T23:33:39.172,10.42.0.210,10.42.0.1|10.42.0.210|10.42.0.18,6,3,UPLOAD,0.95,UPLOAD,0.95,1,1448,100.0,36,0.0,52128.0,0,36,0.0,1.0,0.0034974384474596486,1,0,1,1,1,1,1,1,0.9699999999999999,1.0,1.0,1.0,0.8,skip,attack_already_active,1785296019.1720698,1785296019172069825,1384687388768599,25.8,52.953125,-1.0,0,0
2026-07-28T23:33:39.173,10.42.0.210,10.42.0.1|10.42.0.210|10.42.0.18,6,3,UPLOAD,0.95,UPLOAD,0.95,1,1448,100.0,37,0.0,53576.0,0,37,0.0,1.0,0.0032403705571337526,1,0,1,1,1,1,1,1,0.9699999999999999,1.0,1.0,1.0,0.8,skip,attack_already_active,1785296019.1736164,1785296019173616482,1384687390315394,25.8,52.953125,-1.0,0,0
2026-07-28T23:33:39.175,10.42.0.210,10.42.0.1|10.42.0.210|10.42.0.18,6,3,UPLOAD,0.95,UPLOAD,0.95,1,1448,100.0,38,0.0,55024.0,0,38,0.0,1.0,0.003011868097105772,1,0,1,1,1,1,1,1,0.9699999999999999,1.0,1.0,1.0,0.8,skip,attack_already_active,1785296019.1751227,1785296019175122669,1384687391822010,25.8,52.953125,-1.0,0,0
2026-07-28T23:33:39.176,10.42.0.210,10.42.0.1|10.42.0.210|10.42.0.18,6,3,UPLOAD,0.95,UPLOAD,0.95,1,1448,100.0,39,0.0,56472.0,0,39,0.0,1.0,0.002828556818537528,1,0,1,1,1,1,1,1,0.9699999999999999,1.0,1.0,1.0,0.8,skip,attack_already_active,1785296019.1767435,1785296019176743323,1384687393442019,25.8,52.953125,-1.0,0,0
2026-07-28T23:33:39.177,10.42.0.210,10.42.0.1|10.42.0.210|10.42.0.18,6,3,UPLOAD,0.95,UPLOAD,0.95,1,1448,100.0,40,0.0,57920.0,0,40,0.0,1.0,0.002596418476544897,1,0,1,1,1,1,1,1,0.9699999999999999,1.0,1.0,1.0,0.8,skip,attack_already_active,1785296019.1778104,1785296019177810435,1384687394509131,25.8,52.953125,-1.0,0,0
2026-07-28T23:33:39.178,10.42.0.210,10.42.0.1|10.42.0.210|10.42.0.18,6,3,UPLOAD,0.95,UPLOAD,0.95,1,1448,100.0,41,0.0,59368.0,0,41,0.0,1.0,0.002385664719141786,1,0,1,1,1,1,1,1,0.9699999999999999,1.0,1.0,1.0,0.8,skip,attack_already_active,1785296019.1788075,1785296019178807449,1384687395505726,25.8,52.953125,-1.0,0,0
2026-07-28T23:33:39.179,10.42.0.210,10.42.0.1|10.42.0.210|10.42.0.18,6,3,UPLOAD,0.95,UPLOAD,0.95,1,1448,100.0,42,0.0,60816.0,0,42,0.0,1.0,0.002170605677441445,1,0,1,1,1,1,1,1,0.9699999999999999,1.0,1.0,1.0,0.8,skip,attack_already_active,1785296019.1795611,1785296019179561237,1384687396259460,25.8,52.953125,-1.0,0,0
2026-07-28T23:33:39.180,10.42.0.210,10.42.0.1|10.42.0.210|10.42.0.18,6,3,UPLOAD,0.95,UPLOAD,0.95,1,1448,100.0,43,0.0,62264.0,0,43,0.0,1.0,0.002017848224339755,1,0,1,1,1,1,1,1,0.9699999999999999,1.0,1.0,1.0,0.8,skip,attack_already_active,1785296019.1805725,1785296019180572492,1384687397270865,25.8,52.953125,-1.0,0,0
2026-07-28T23:33:39.181,10.42.0.210,10.42.0.1|10.42.0.210|10.42.0.18,6,3,UPLOAD,0.95,UPLOAD,0.95,1,1448,100.0,44,0.0,63712.0,0,44,0.0,1.0,0.0018426496158920663,1,0,1,1,1,1,1,1,0.9699999999999999,1.0,1.0,1.0,0.8,skip,attack_already_active,1785296019.1812608,1785296019181260775,1384687397958976,25.8,52.953125,-1.0,0,0
2026-07-28T23:33:39.182,10.42.0.210,10.42.0.1|10.42.0.210|10.42.0.18,6,3,UPLOAD,0.95,UPLOAD,0.95,1,1448,100.0,45,0.0,65160.0,0,45,0.0,1.0,0.0017338938356269674,1,0,1,1,1,1,1,1,0.9699999999999999,1.0,1.0,1.0,0.8,skip,attack_already_active,1785296019.1822782,1785296019182278132,1384687398976357,25.8,52.953125,-1.0,0,0
2026-07-28T23:33:39.183,10.42.0.210,10.42.0.1|10.42.0.210|10.42.0.18,6,3,UPLOAD,0.95,UPLOAD,0.95,1,1448,100.0,46,0.0,66608.0,0,46,0.0,1.0,0.001600794370671727,1,0,1,1,1,1,1,1,0.9699999999999999,1.0,1.0,1.0,0.8,skip,attack_already_active,1785296019.183002,1785296019183002112,1384687399700362,25.8,52.953125,-1.0,0,0
2026-07-28T23:33:39.183,10.42.0.210,10.42.0.1|10.42.0.210|10.42.0.18,6,3,UPLOAD,0.95,UPLOAD,0.95,1,1448,100.0,47,0.0,68056.0,0,47,0.0,1.0,0.0015185051300320737,1,0,1,1,1,1,1,1,0.9699999999999999,1.0,1.0,1.0,0.8,skip,attack_already_active,1785296019.1839783,1785296019183978212,1384687400676484,25.8,52.953125,-1.0,0,0
2026-07-28T23:33:39.184,10.42.0.210,10.42.0.1|10.42.0.210|10.42.0.18,6,3,UPLOAD,0.95,UPLOAD,0.95,1,1448,100.0,48,0.0,69504.0,0,48,0.0,1.0,0.0014076934059070664,1,0,1,1,1,1,1,1,0.9699999999999999,1.0,1.0,1.0,0.8,skip,attack_already_active,1785296019.184656,1785296019184655981,1384687401354223,25.8,52.953125,-1.0,0,0
2026-07-28T23:33:39.185,10.42.0.210,10.42.0.1|10.42.0.210|10.42.0.18,6,3,UPLOAD,0.95,UPLOAD,0.95,1,1448,100.0,49,0.0,70952.0,0,49,0.0,1.0,0.0013114524203824574,1,0,1,1,1,1,1,1,0.9699999999999999,1.0,1.0,1.0,0.8,skip,attack_already_active,1785296019.1853333,1785296019185333175,1384687402031341,25.8,52.953125,-1.0,0,0
2026-07-28T23:33:39.185,10.42.0.210,10.42.0.1|10.42.0.210|10.42.0.18,6,3,UPLOAD,0.95,UPLOAD,0.95,1,1448,100.0,50,0.0,72400.0,0,50,0.0,1.0,0.001224594704031876,1,0,1,1,1,1,1,1,0.9699999999999999,1.0,1.0,1.0,0.8,skip,attack_already_active,1785296019.1859856,1785296019185985613,1384687402683833,25.8,52.953125,-1.0,0,0
2026-07-28T23:33:39.186,10.42.0.210,10.42.0.1|10.42.0.210|10.42.0.18,6,3,UPLOAD,0.95,UPLOAD,0.95,1,1448,100.0,51,0.0,73848.0,0,51,0.0,1.0,0.001150659238749174,1,0,1,1,1,1,1,1,0.9699999999999999,1.0,1.0,1.0,0.8,skip,attack_already_active,1785296019.186649,1785296019186649041,1384687403347132,25.8,52.953125,-1.0,0,0
2026-07-28T23:33:39.188,10.42.0.1,10.42.0.1|10.42.0.210|10.42.0.18,6,3,UPLOAD,0.9665032594112068,UPLOAD,0.9665032594112068,1,7240,100.0,1,0.0,7240.0,0,1,0.0,1.0,0.17261910290352467,1,0,1,1,1,1,1,1,0.9699999999999999,1.0,1.0,1.0,0.8,skip,attack_already_active,1785296019.18853,1785296019188530046,1384687405228136,25.8,52.953125,-1.0,0,0
2026-07-28T23:33:39.189,10.42.0.1,10.42.0.1|10.42.0.210|10.42.0.18,6,3,UPLOAD,0.9779885647394677,UPLOAD,0.9779885647394677,1,7240,100.0,2,0.0,14480.0,0,2,0.0,1.0,0.1499607211090755,1,0,1,1,1,1,1,1,0.9699999999999999,1.0,1.0,1.0,0.8,skip,attack_already_active,1785296019.1892009,1785296019189200968,1384687405899394,25.8,52.953125,-1.0,0,0
2026-07-28T23:33:39.271,10.42.0.1,10.42.0.1|10.42.0.210|10.42.0.18,6,3,UPLOAD,0.9790128471880631,UPLOAD,0.9790128471880631,1,14480,100.0,3,0.0,28960.0,0,3,0.0,1.0,0.14100636647790296,1,0,1,1,1,1,1,1,0.9699999999999999,1.0,1.0,1.0,0.8,skip,attack_already_active,1785296019.2712095,1785296019271209384,1384687487907926,25.8,52.953125,-1.0,0,0
2026-07-28T23:33:39.271,10.42.0.1,10.42.0.1|10.42.0.210|10.42.0.18,6,3,UPLOAD,0.9794946986546835,UPLOAD,0.9794946986546835,1,14480,100.0,4,0.0,43440.0,0,4,0.0,1.0,0.12252919363381402,1,0,1,1,1,1,1,1,0.9699999999999999,1.0,1.0,1.0,0.8,skip,attack_already_active,1785296019.2719977,1785296019271997694,1384687488695881,25.8,52.953125,-1.0,0,0
2026-07-28T23:33:39.272,10.42.0.1,10.42.0.1|10.42.0.210|10.42.0.18,6,3,UPLOAD,0.9786206955054068,UPLOAD,0.9786206955054068,0,43,100.0,4,0.0,43440.0,0,4,0.0,1.0,0.28488802508870537,1,0,1,1,1,1,1,1,0.8374999999999999,0.8500000000000001,1.0,0.6000000000000001,0.8,skip,attack_already_active,1785296019.272715,1785296019272714955,1384687489413126,25.8,52.953125,-1.0,0,0
2026-07-28T23:33:39.274,10.42.0.1,10.42.0.1|10.42.0.210|10.42.0.18,6,3,UPLOAD,0.9798985411837761,UPLOAD,0.9798985411837761,1,14480,100.0,5,0.0,57920.0,0,5,0.0,1.0,0.24773735629274243,1,0,1,1,1,1,1,1,0.9699999999999999,1.0,1.0,1.0,0.8,skip,attack_already_active,1785296019.2749596,1785296019274959671,1384687491658058,25.8,52.953125,-1.0,0,0
2026-07-28T23:33:39.276,10.42.0.1,10.42.0.1|10.42.0.210|10.42.0.18,6,3,UPLOAD,0.9803697862095971,UPLOAD,0.9803697862095971,1,18824,100.0,6,0.0,76744.0,0,6,0.0,1.0,0.2152619291789017,1,0,1,1,1,1,1,1,0.9699999999999999,1.0,1.0,1.0,0.8,skip,attack_already_active,1785296019.27625,1785296019276249770,1384687492948314,25.8,52.953125,-1.0,0,0
2026-07-28T23:33:39.278,10.42.0.1,10.42.0.1|10.42.0.210|10.42.0.18,6,3,UPLOAD,0.9807461822432773,UPLOAD,0.9807461822432773,1,2802,100.0,7,0.0,79546.0,0,7,0.0,1.0,0.18720316578131035,1,0,1,1,1,1,1,1,0.9699999999999999,1.0,1.0,1.0,0.8,skip,attack_already_active,1785296019.2785816,1785296019278581537,1384687495279803,25.8,52.953125,-1.0,0,0
2026-07-28T23:33:40.397,10.42.0.47,10.42.0.1|10.42.0.210|10.42.0.47|10.42.0.18,6,3,UPLOAD,0.95,UPLOAD,0.95,1,7240,100.0,1,0.0,7240.0,0,1,0.0,1.0,0.611507637544902,1,0,0,1,1,1,1,1,0.9699999999999999,1.0,1.0,1.0,0.8,trigger,training_upload_trigger_confirmed,1785296020.3974152,1785296020397415128,1384688614113833,35.2,52.96484375,9.437296,1785296020406853749,1384688623551129
2026-07-28T23:33:40.398,10.42.0.47,10.42.0.1|10.42.0.210|10.42.0.47|10.42.0.18,6,3,UPLOAD,0.9523614340324493,UPLOAD,0.9523614340324493,1,4344,100.0,2,0.0,11584.0,0,2,0.0,1.0,0.5310299383798543,1,0,1,1,1,1,1,1,0.9699999999999999,1.0,1.0,1.0,0.8,skip,attack_already_active,1785296020.3981998,1785296020398199857,1384688614898072,35.2,52.96484375,-1.0,0,0
2026-07-28T23:33:40.402,10.42.0.47,10.42.0.1|10.42.0.210|10.42.0.47|10.42.0.18,6,3,UPLOAD,0.9543136263377179,UPLOAD,0.9543136263377179,1,2896,100.0,3,0.0,14480.0,0,3,0.0,1.0,0.46163415689481513,1,0,1,1,1,1,1,1,0.9699999999999999,1.0,1.0,1.0,0.8,skip,attack_already_active,1785296020.4026043,1785296020402604282,1384688619303347,35.2,52.96484375,-1.0,0,0
2026-07-28T23:33:40.403,10.42.0.47,10.42.0.1|10.42.0.210|10.42.0.47|10.42.0.18,6,3,UPLOAD,0.9558631315863803,UPLOAD,0.9558631315863803,1,11584,100.0,4,0.0,26064.0,0,4,0.0,1.0,0.4009677542141055,1,0,1,1,1,1,1,1,0.9699999999999999,1.0,1.0,1.0,0.8,skip,attack_already_active,1785296020.403858,1785296020403857942,1384688620559083,35.2,52.96484375,-1.0,0,0
2026-07-28T23:33:40.406,10.42.0.47,10.42.0.1|10.42.0.210|10.42.0.47|10.42.0.18,6,3,UPLOAD,0.9582465525326282,UPLOAD,0.9582465525326282,1,1448,100.0,5,0.0,27512.0,0,5,0.0,1.0,0.34842507454413385,1,0,1,1,1,1,1,1,0.9699999999999999,1.0,1.0,1.0,0.8,skip,attack_already_active,1785296020.4060938,1785296020406093816,1384688622792680,35.2,52.96484375,-1.0,0,0
2026-07-28T23:33:40.407,10.42.0.47,10.42.0.1|10.42.0.210|10.42.0.47|10.42.0.18,6,3,UPLOAD,0.9596558387134482,UPLOAD,0.9596558387134482,1,10136,100.0,6,0.0,37648.0,0,6,0.0,1.0,0.30264802297392285,1,0,1,1,1,1,1,1,0.9699999999999999,1.0,1.0,1.0,0.8,skip,attack_already_active,1785296020.4071295,1785296020407129567,1384688623827862,35.2,52.96484375,-1.0,0,0
2026-07-28T23:33:40.408,10.42.0.47,10.42.0.1|10.42.0.210|10.42.0.47|10.42.0.18,6,3,UPLOAD,0.9609584267077058,UPLOAD,0.9609584267077058,1,4344,100.0,7,0.0,41992.0,0,7,0.0,1.0,0.2629956482879352,1,0,1,1,1,1,1,1,0.9699999999999999,1.0,1.0,1.0,0.8,skip,attack_already_active,1785296020.4088666,1785296020408866632,1384688625565073,35.2,52.96484375,-1.0,0,0
2026-07-28T23:33:40.409,10.42.0.47,10.42.0.1|10.42.0.210|10.42.0.47|10.42.0.18,6,3,UPLOAD,0.96236256124042,UPLOAD,0.96236256124042,1,7240,100.0,8,0.0,49232.0,0,8,0.0,1.0,0.22847547988427508,1,0,1,1,1,1,1,1,0.9699999999999999,1.0,1.0,1.0,0.8,skip,attack_already_active,1785296020.4098983,1785296020409898257,1384688626596596,15.9,52.96484375,-1.0,0,0
2026-07-28T23:33:40.411,10.42.0.47,10.42.0.1|10.42.0.210|10.42.0.47|10.42.0.18,6,3,UPLOAD,0.9632023659140523,UPLOAD,0.9632023659140523,1,8688,100.0,9,0.0,57920.0,0,9,0.0,1.0,0.19856447848167497,1,0,1,1,1,1,1,1,0.9699999999999999,1.0,1.0,1.0,0.8,skip,attack_already_active,1785296020.4113874,1785296020411387404,1384688628085829,15.9,52.96484375,-1.0,0,0
2026-07-28T23:33:40.412,10.42.0.47,10.42.0.1|10.42.0.210|10.42.0.47|10.42.0.18,6,3,UPLOAD,0.9560478625541973,UPLOAD,0.9560478625541973,1,11584,100.0,10,0.0,69504.0,0,10,0.0,1.0,0.1725407254090662,1,0,1,1,1,1,1,1,0.9699999999999999,1.0,1.0,1.0,0.8,skip,attack_already_active,1785296020.4124649,1785296020412464936,1384688629163499,15.9,52.96484375,-1.0,0,0
2026-07-28T23:33:40.414,10.42.0.47,10.42.0.1|10.42.0.210|10.42.0.47|10.42.0.18,6,3,UPLOAD,0.95,UPLOAD,0.95,1,10024,100.0,11,0.0,79528.0,0,11,0.0,1.0,0.15012368450959396,1,0,1,1,1,1,1,1,0.9699999999999999,1.0,1.0,1.0,0.8,skip,attack_already_active,1785296020.4148889,1785296020414888858,1384688631587757,15.9,52.96484375,-1.0,0,0
2026-07-28T23:33:40.416,10.42.0.1,10.42.0.1|10.42.0.210|10.42.0.47|10.42.0.18,6,3,UPLOAD,0.9788305215728638,UPLOAD,0.9788305215728638,1,7240,100.0,1,0.0,7240.0,0,1,0.0,1.0,0.3124541090942283,1,0,1,1,1,1,1,1,0.9699999999999999,1.0,1.0,1.0,0.8,skip,attack_already_active,1785296020.4162796,1785296020416279496,1384688632977977,15.9,52.96484375,-1.0,0,0
2026-07-28T23:33:40.417,10.42.0.1,10.42.0.1|10.42.0.210|10.42.0.47|10.42.0.18,6,3,UPLOAD,0.9789084059450847,UPLOAD,0.9789084059450847,1,7240,100.0,2,0.0,14480.0,0,2,0.0,1.0,0.2714119913384526,1,0,1,1,1,1,1,1,0.9699999999999999,1.0,1.0,1.0,0.8,skip,attack_already_active,1785296020.4172764,1785296020417276290,1384688633974650,15.9,52.96484375,-1.0,0,0
2026-07-28T23:33:40.500,10.42.0.1,10.42.0.1|10.42.0.210|10.42.0.47|10.42.0.18,6,3,UPLOAD,0.9792220735153242,UPLOAD,0.9792220735153242,1,14480,100.0,3,0.0,28960.0,0,3,0.0,1.0,0.2465566350988352,1,0,1,1,1,1,1,1,0.9699999999999999,1.0,1.0,1.0,0.8,skip,attack_already_active,1785296020.500068,1785296020500067763,1384688716766366,15.9,52.96484375,-1.0,0,0
2026-07-28T23:33:40.500,10.42.0.1,10.42.0.1|10.42.0.210|10.42.0.47|10.42.0.18,6,3,UPLOAD,0.9796359734745177,UPLOAD,0.9796359734745177,1,14480,100.0,4,0.0,43440.0,0,4,0.0,1.0,0.21418929366091316,1,0,1,1,1,1,1,1,0.9699999999999999,1.0,1.0,1.0,0.8,skip,attack_already_active,1785296020.5009978,1785296020500997996,1384688717696393,15.9,52.96484375,-1.0,0,0
2026-07-28T23:33:40.502,10.42.0.1,10.42.0.1|10.42.0.210|10.42.0.47|10.42.0.18,6,3,UPLOAD,0.9785619793707939,UPLOAD,0.9785619793707939,0,43,100.0,4,0.0,43440.0,0,4,0.0,1.0,0.34795446798516627,1,0,1,1,1,1,1,1,0.8374999999999999,0.8500000000000001,1.0,0.6000000000000001,0.8,skip,attack_already_active,1785296020.5020113,1785296020502011307,1384688718709559,15.9,52.96484375,-1.0,0,0
2026-07-28T23:33:40.506,10.42.0.1,10.42.0.1|10.42.0.210|10.42.0.47|10.42.0.18,6,3,UPLOAD,0.9798329711399669,UPLOAD,0.9798329711399669,1,14480,100.0,5,0.0,57920.0,0,5,0.0,1.0,0.3028307073481752,1,0,1,1,1,1,1,1,0.9699999999999999,1.0,1.0,1.0,0.8,skip,attack_already_active,1785296020.5065205,1785296020506520681,1384688723220453,15.9,52.96484375,-1.0,0,0
2026-07-28T23:33:40.507,10.42.0.1,10.42.0.1|10.42.0.210|10.42.0.47|10.42.0.18,6,3,UPLOAD,0.9801682150362135,UPLOAD,0.9801682150362135,1,10136,100.0,6,0.0,68056.0,0,6,0.0,1.0,0.2631083271677006,1,0,1,1,1,1,1,1,0.9699999999999999,1.0,1.0,1.0,0.8,skip,attack_already_active,1785296020.507909,1785296020507909179,1384688724608045,15.9,52.96484375,-1.0,0,0
2026-07-28T23:33:40.509,10.42.0.1,10.42.0.1|10.42.0.210|10.42.0.47|10.42.0.18,6,3,UPLOAD,0.9806559099540465,UPLOAD,0.9806559099540465,1,11472,100.0,7,0.0,79528.0,0,7,0.0,1.0,0.22860884373621698,1,0,1,1,1,1,1,1,0.9699999999999999,1.0,1.0,1.0,0.8,skip,attack_already_active,1785296020.5092103,1785296020509210486,1384688725909286,15.9,52.96484375,-1.0,0,0
2026-07-28T23:33:40.785,10.42.0.1,10.42.0.47,7,1,DOWNLOAD,0.9792940042873413,DOWNLOAD,0.9792940042873413,-1,1448,54.92265189646225,8,1448.0,79528.0,1,7,0.017881841533293814,0.9821181584667061,0.23579926888576164,0,0,0,0,1,0,0,0,0.44,0.8500000000000001,0.0,0.6000000000000001,0.15,skip,training_upload_trigger_not_confirmed,1785296020.7851863,1785296020785186405,1384689001885043,15.9,52.96484375,-1.0,0,0
2026-07-28T23:33:40.785,10.42.0.1,10.42.0.47,7,1,DOWNLOAD,0.95,DOWNLOAD,0.95,-1,1448,27.46132595771363,9,2896.0,79528.0,2,7,0.03513539745705135,0.9648646025429487,0.20483002624500413,0,0,0,0,1,0,0,0,0.44,0.8500000000000001,0.0,0.6000000000000001,0.15,skip,training_upload_trigger_not_confirmed,1785296020.7859685,1785296020785968723,1384689002666859,15.9,52.96484375,-1.0,0,0
2026-07-28T23:33:40.786,10.42.0.1,10.42.0.47,7,1,DOWNLOAD,0.95,DOWNLOAD,0.95,-1,1448,18.307550640582974,10,4344.0,79528.0,3,7,0.05179320869896986,0.9482067913010301,0.17792640737096027,0,0,0,0,1,0,0,0,0.44,0.8500000000000001,0.0,0.6000000000000001,0.15,skip,training_upload_trigger_not_confirmed,1785296020.7866344,1785296020786634587,1384689003333567,15.9,52.96484375,-1.0,0,0
2026-07-28T23:33:40.787,10.42.0.1,10.42.0.47,7,1,DOWNLOAD,0.95,DOWNLOAD,0.95,-1,1448,13.73066298122744,11,5792.0,79528.0,4,7,0.06788560712611345,0.9321143928738865,0.15457176868030023,0,0,0,0,1,0,0,0,0.44,0.8500000000000001,0.0,0.6000000000000001,0.15,skip,training_upload_trigger_not_confirmed,1785296020.787329,1785296020787329125,1384689004027415,15.9,52.96484375,-1.0,0,0
2026-07-28T23:33:40.788,10.42.0.1,10.42.0.47,7,1,DOWNLOAD,0.9560455639150551,DOWNLOAD,0.9560455639150551,-1,1448,10.984530385361252,12,7240.0,79528.0,5,7,0.08344089987092015,0.9165591001290798,0.13429316705771044,0,0,0,0,1,0,0,0,0.44,0.8500000000000001,0.0,0.6000000000000001,0.15,skip,training_upload_trigger_not_confirmed,1785296020.788012,1785296020788012106,1384689004710279,15.9,52.96484375,-1.0,0,0
2026-07-28T23:33:40.790,10.42.0.1,10.42.0.47,7,1,DOWNLOAD,0.9603460309813551,DOWNLOAD,0.9603460309813551,-1,4344,6.865331491206376,13,11584.0,79528.0,6,7,0.12714022302221442,0.8728597769777856,0.11691284758935934,0,0,0,0,1,0,0,0,0.44,0.8500000000000001,0.0,0.6000000000000001,0.15,skip,training_upload_trigger_not_confirmed,1785296020.7904108,1785296020790410809,1384689007109622,15.9,52.96484375,-1.0,0,0
2026-07-28T23:33:40.791,10.42.0.1,10.42.0.47,7,1,DOWNLOAD,0.95,DOWNLOAD,0.95,-1,5792,4.576887660935952,14,17376.0,79528.0,7,7,0.17931148353009163,0.8206885164699084,0.1016021655129602,0,0,0,0,1,0,0,0,0.44,0.8500000000000001,0.0,0.6000000000000001,0.15,skip,training_upload_trigger_not_confirmed,1785296020.791135,1785296020791135033,1384689007833119,15.9,52.96484375,-1.0,0,0
2026-07-28T23:33:40.791,10.42.0.1,10.42.0.47,7,1,DOWNLOAD,0.95,DOWNLOAD,0.95,-1,5792,3.4326657457513523,15,23168.0,79528.0,8,7,0.22559788112487342,0.7744021188751266,0.08829838990768818,0,0,0,0,1,0,0,0,0.4,0.8500000000000001,0.0,0.4,0.15,skip,training_upload_trigger_not_confirmed,1785296020.7917786,1785296020791778665,1384689008477008,15.9,52.96484375,-1.0,0,0
2026-07-28T23:33:40.793,10.42.0.1,10.42.0.47,7,1,DOWNLOAD,0.95,DOWNLOAD,0.95,-1,5792,2.746132596624788,16,28960.0,79528.0,9,7,0.26694196593171593,0.7330580340682841,0.07682578470747137,0,0,0,0,1,0,0,0,0.4,0.8500000000000001,0.0,0.4,0.15,skip,training_upload_trigger_not_confirmed,1785296020.7930145,1785296020793014460,1384689009712889,15.9,52.96484375,-1.0,0,0
2026-07-28T23:33:40.794,10.42.0.1,10.42.0.47,7,1,DOWNLOAD,0.95,DOWNLOAD,0.95,-1,7240,2.196906077315002,17,36200.0,79528.0,10,7,0.31280243329185675,0.6871975667081432,0.06685121510617748,0,0,0,0,1,0,0,0,0.4,0.8500000000000001,0.0,0.4,0.15,skip,training_upload_trigger_not_confirmed,1785296020.794146,1785296020794145946,1384689010845436,15.9,52.96484375,-1.0,0,0
2026-07-28T23:33:40.795,10.42.0.1,10.42.0.47,7,1,DOWNLOAD,0.95,DOWNLOAD,0.95,-1,7240,1.8307550644375976,18,43440.0,79528.0,11,7,0.3532626374341292,0.6467373625658708,0.058208350147846026,0,0,0,0,1,0,0,0,0.32,0.8500000000000001,0.0,0.0,0.15,skip,training_upload_trigger_not_confirmed,1785296020.795409,1785296020795408819,1384689012107487,15.9,52.96484375,-1.0,0,0
2026-07-28T23:33:40.796,10.42.0.1,10.42.0.47,7,1,DOWNLOAD,0.95,DOWNLOAD,0.95,-1,7240,1.5692186266659585,19,50680.0,79528.0,12,7,0.3892233964118948,0.6107766035881051,0.05067778352127764,0,0,0,0,1,0,0,0,0.32,0.8500000000000001,0.0,0.0,0.15,skip,training_upload_trigger_not_confirmed,1785296020.79647,1785296020796470030,1384689013168378,15.9,52.96484375,-1.0,0,0
2026-07-28T23:33:40.798,10.42.0.1,10.42.0.47,7,1,DOWNLOAD,0.95,DOWNLOAD,0.95,-1,7240,1.3730662983361002,20,57920.0,79528.0,13,7,0.4213957278388918,0.5786042721611082,0.04425718036274335,0,0,0,0,1,0,0,0,0.32,0.8500000000000001,0.0,0.0,0.15,skip,training_upload_trigger_not_confirmed,1785296020.7984235,1785296020798423526,1384689015122026,15.9,52.96484375,-1.0,0,0
2026-07-28T23:33:40.799,10.42.0.1,10.42.0.47,7,1,DOWNLOAD,0.95,DOWNLOAD,0.95,-1,5792,1.2482420893984139,21,63712.0,79528.0,14,7,0.44479195755375595,0.5552080424462441,0.03856191139289277,0,0,0,0,1,0,0,0,0.32,0.8500000000000001,0.0,0.0,0.15,skip,training_upload_trigger_not_confirmed,1785296020.799461,1785296020799460932,1384689016159311,15.9,52.96484375,-1.0,0,0
2026-07-28T23:33:40.800,10.42.0.1,10.42.0.47,7,1,DOWNLOAD,0.95,DOWNLOAD,0.95,-1,10136,1.0769147437970301,22,73848.0,79528.0,15,7,0.48148341331107863,0.5185165866889213,0.03360767680418196,0,0,0,0,1,0,0,0,0.30250000000000005,0.8000000000000002,0.0,0.0,0.15,skip,training_upload_trigger_not_confirmed,1785296020.8004265,1785296020800426595,1384689017124741,15.9,52.96484375,-1.0,0,0
2026-07-28T23:33:40.801,10.42.0.1,10.42.0.47,7,1,DOWNLOAD,0.95,DOWNLOAD,0.95,-1,4344,1.0170861469201826,23,78192.0,79528.0,16,7,0.4957646462084707,0.5042353537915293,0.02929092069814018,0,0,0,0,1,0,0,0,0.30250000000000005,0.8000000000000002,0.0,0.0,0.15,skip,training_upload_trigger_not_confirmed,1785296020.8012755,1785296020801275306,1384689017973606,15.9,52.96484375,-1.0,0,0
2026-07-28T23:33:40.802,10.42.0.1,10.42.0.47,7,1,DOWNLOAD,0.95,DOWNLOAD,0.95,-1,4344,0.9635552970829268,24,82536.0,79528.0,17,7,0.5092802843321157,0.4907197156678843,0.025560188197298366,0,0,0,0,1,0,0,0,0.30250000000000005,0.8000000000000002,0.0,0.0,0.15,skip,training_upload_trigger_not_confirmed,1785296020.802255,1785296020802254909,1384689018953218,15.9,52.96484375,-1.0,0,0
2026-07-28T23:33:40.803,10.42.0.1,10.42.0.47,7,1,DOWNLOAD,0.95,DOWNLOAD,0.95,-1,14480,0.8197410736391962,25,97016.0,79528.0,18,7,0.5495287293819104,0.45047127061808956,0.022327951418416172,0,0,0,0,1,0,0,0,0.30250000000000005,0.8000000000000002,0.0,0.0,0.15,skip,training_upload_trigger_not_confirmed,1785296020.8032866,1785296020803286647,1384689019984898,15.9,52.96484375,-1.0,0,0
2026-07-28T23:33:40.804,10.42.0.1,10.42.0.47,7,1,DOWNLOAD,0.95,DOWNLOAD,0.95,-1,14480,0.7132811939467489,26,111496.0,79528.0,19,7,0.5836753496942793,0.41632465030572074,0.019522614865996768,0,0,0,0,1,0,0,0,0.28500000000000003,0.7500000000000001,0.0,0.0,0.15,skip,training_upload_trigger_not_confirmed,1785296020.8043256,1785296020804325726,1384689021024365,15.9,52.96484375,-1.0,0,0
2026-07-28T23:33:40.805,10.42.0.1,10.42.0.47,7,1,DOWNLOAD,0.95,DOWNLOAD,0.95,-1,14480,0.6312948498155895,27,125976.0,79528.0,20,7,0.6130099657427592,0.3869900342572407,0.017086981465024416,0,0,0,0,1,0,0,0,0.28500000000000003,0.7500000000000001,0.0,0.0,0.15,skip,training_upload_trigger_not_confirmed,1785296020.8053648,1785296020805364860,1384689022063098,15.9,52.96484375,-1.0,0,0
2026-07-28T23:33:40.806,10.42.0.1,10.42.0.47,7,1,DOWNLOAD,0.95,DOWNLOAD,0.95,-1,18824,0.5492265193401296,28,144800.0,79528.0,21,7,0.6454833993081559,0.3545166006918441,0.01497399890563343,0,0,0,0,1,0,0,0,0.28500000000000003,0.7500000000000001,0.0,0.0,0.15,skip,training_upload_trigger_not_confirmed,1785296020.806417,1785296020806416916,1384689023115357,15.9,52.96484375,-1.0,0,0
2026-07-28T23:33:40.814,10.42.0.1,10.42.0.47,7,1,DOWNLOAD,0.95,DOWNLOAD,0.95,-1,2896,0.5384573719021607,29,147696.0,79528.0,22,7,0.650001760377425,0.3499982396225751,0.0140190173157227,0,0,0,0,1,0,0,0,0.28500000000000003,0.7500000000000001,0.0,0.0,0.15,skip,training_upload_trigger_not_confirmed,1785296020.814144,1785296020814143940,1384689030843029,15.9,52.96484375,-1.0,0,0
2026-07-28T23:33:40.815,10.42.0.1,10.42.0.47,7,1,DOWNLOAD,0.95,DOWNLOAD,0.95,-1,18824,0.4775882776874994,30,166520.0,79528.0,23,7,0.6767785147613474,0.32322148523865263,0.01231967651188512,0,0,0,0,1,0,0,0,0.28500000000000003,0.7500000000000001,0.0,0.0,0.15,skip,training_upload_trigger_not_confirmed,1785296020.815267,1785296020815266978,1384689031965453,15.9,52.96484375,-1.0,0,0
2026-07-28T23:33:40.816,10.42.0.1,10.42.0.47,7,1,DOWNLOAD,0.95,DOWNLOAD,0.95,-1,16920,0.43353685128961217,31,183440.0,79528.0,24,7,0.6975753703872715,0.30242462961272853,0.010902010770961836,0,0,0,0,1,0,0,0,0.28500000000000003,0.7500000000000001,0.0,0.0,0.15,skip,training_upload_trigger_not_confirmed,1785296020.8168285,1785296020816828405,1384689033526878,15.9,52.96484375,-1.0,0,0
2026-07-28T23:33:40.818,10.42.0.1,10.42.0.47,7,1,DOWNLOAD,0.95,DOWNLOAD,0.95,-1,16920,0.3969255340417402,32,200360.0,79528.0,25,7,0.7158577716801006,0.2841422283198994,0.00973540592985992,0,0,0,0,1,0,0,0,0.28500000000000003,0.7500000000000001,0.0,0.0,0.15,skip,training_upload_trigger_not_confirmed,1785296020.8188775,1785296020818877356,1384689035575941,15.9,52.96484375,-1.0,0,0
2026-07-28T23:33:40.819,10.42.0.1,10.42.0.47,7,1,DOWNLOAD,0.95,DOWNLOAD,0.95,-1,5792,0.3857736039457013,33,206152.0,79528.0,26,7,0.7216185942313078,0.27838140576869225,0.008578763426130964,0,0,0,0,1,0,0,0,0.28500000000000003,0.7500000000000001,0.0,0.0,0.15,skip,training_upload_trigger_not_confirmed,1785296020.8198354,1785296020819835490,1384689036533671,15.9,52.96484375,-1.0,0,0
2026-07-28T23:33:40.820,10.42.0.1,10.42.0.47,7,1,DOWNLOAD,0.95,DOWNLOAD,0.95,-1,14024,0.36120194753578405,34,220176.0,79528.0,27,7,0.7346448495849238,0.26535515041507624,0.007541737023106978,0,0,0,0,1,0,0,0,0.28500000000000003,0.7500000000000001,0.0,0.0,0.15,skip,training_upload_trigger_not_confirmed,1785296020.8205445,1785296020820544461,1384689037242610,15.9,52.96484375,-1.0,0,0
2026-07-28T23:33:40.821,10.42.0.1,10.42.0.47,7,1,DOWNLOAD,0.95,DOWNLOAD,0.95,-1,992,0.35958185632930806,35,221168.0,79528.0,28,7,0.7355202596642456,0.2644797403357544,0.006634515212469149,0,0,0,0,1,0,0,0,0.28500000000000003,0.7500000000000001,0.0,0.0,0.15,skip,training_upload_trigger_not_confirmed,1785296020.8212016,1785296020821201686,1384689037899743,15.9,52.96484375,-1.0,0,0
2026-07-28T23:33:40.822,10.42.0.59,10.42.0.47,4,1,DOWNLOAD,0.95,DOWNLOAD,0.95,-1,7300,1.3698630135109776e-10,1,7300.0,0.0,1,0,1.0,0.0,1.2453509378521384,0,0,0,0,0,0,0,0,0.0225,0.0,0.0,0.0,0.15,skip,already_attacked_this_round,1785296020.8220994,1785296020822099465,1384689038797549,15.9,52.96484375,-1.0,0,0
2026-07-28T23:33:40.822,10.42.0.59,10.42.0.47,4,1,DOWNLOAD,0.9575655732977375,DOWNLOAD,0.9575655732977375,-1,7300,6.84931506802402e-11,2,14600.0,0.0,2,0,1.0,0.0,1.0813376117967715,0,0,0,0,0,0,0,0,0.0225,0.0,0.0,0.0,0.15,skip,already_attacked_this_round,1785296020.8227987,1785296020822798952,1384689039497004,15.9,52.96484375,-1.0,0,0
2026-07-28T23:33:40.823,10.42.0.47,10.42.0.47,7,1,DOWNLOAD,0.95,DOWNLOAD,0.95,-1,7240,10.984530385361252,12,7240.0,79528.0,1,11,0.08344089987092015,0.9165591001290798,0.17131982243212923,0,0,0,0,0,0,0,0,0.057499999999999996,0.1,0.0,0.0,0.15,skip,training_upload_trigger_not_confirmed,1785296020.8234284,1785296020823428316,1384689040126337,49.5,52.97265625,-1.0,0,0
2026-07-28T23:33:40.824,10.42.0.145,10.42.0.47,6,1,DOWNLOAD,0.95,DOWNLOAD,0.95,-1,14600,6.84931506802402e-11,1,14600.0,0.0,1,0,1.0,0.0,0.9008544368289334,0,0,0,0,0,0,0,0,0.0225,0.0,0.0,0.0,0.15,skip,training_upload_trigger_not_confirmed,1785296020.8246956,1785296020824695495,1384689041393618,49.5,52.97265625,-1.0,0,0
2026-07-28T23:33:40.825,10.42.0.145,10.42.0.47,6,1,DOWNLOAD,0.95,DOWNLOAD,0.95,-1,14600,3.424657534129292e-11,2,29200.0,0.0,2,0,1.0,0.0,0.7822406195505188,0,0,0,0,0,0,0,0,0.0225,0.0,0.0,0.0,0.15,skip,training_upload_trigger_not_confirmed,1785296020.8254228,1785296020825422806,1384689042120936,49.5,52.97265625,-1.0,0,0
2026-07-28T23:33:40.826,10.42.0.210,10.42.0.47,7,1,DOWNLOAD,0.9841617117563539,DOWNLOAD,0.9841617117563539,-1,10136,9.865824781978509e-11,1,10136.0,0.0,1,0,1.0,0.0,0.20559689799518469,0,0,0,0,0,0,0,0,0.0225,0.0,0.0,0.0,0.15,skip,training_upload_trigger_not_confirmed,1785296020.826334,1785296020826334079,1384689043032145,49.5,52.97265625,-1.0,0,0
2026-07-28T23:33:40.826,10.42.0.210,10.42.0.47,7,1,DOWNLOAD,0.95,DOWNLOAD,0.95,-1,4344,6.90607734758936e-11,2,14480.0,0.0,2,0,1.0,0.0,0.17858496756538064,0,0,0,0,0,0,0,0,0.0225,0.0,0.0,0.0,0.15,skip,training_upload_trigger_not_confirmed,1785296020.8269448,1785296020826944882,1384689043642998,49.5,52.97265625,-1.0,0,0
2026-07-28T23:33:40.827,10.42.0.210,10.42.0.47,7,1,DOWNLOAD,0.9557926560077417,DOWNLOAD,0.9557926560077417,0,43,6.90607734758936e-11,2,14480.0,0.0,2,0,1.0,0.0,0.359333614810013,0,0,0,0,0,0,0,0,0.0225,0.0,0.0,0.0,0.15,skip,training_upload_trigger_not_confirmed,1785296020.8275344,1785296020827534335,1384689044232716,49.5,52.97265625,-1.0,0,0
2026-07-28T23:33:40.829,10.42.0.210,10.42.0.47,7,1,DOWNLOAD,0.9846998846180315,DOWNLOAD,0.9846998846180315,-1,14480,3.453038673913914e-11,3,28960.0,0.0,3,0,1.0,0.0,0.3123167121003461,0,0,0,0,0,0,0,0,0.0225,0.0,0.0,0.0,0.15,skip,training_upload_trigger_not_confirmed,1785296020.8294802,1785296020829480190,1384689046179158,49.5,52.97265625,-1.0,0,0
2026-07-28T23:33:40.830,10.42.0.145,10.42.0.47,6,1,DOWNLOAD,0.9394513519236702,DOWNLOAD,0.9394513519236702,0,43,3.424657534129292e-11,2,29200.0,0.0,2,0,1.0,0.0,1.0683934778460853,0,0,0,0,0,0,0,0,0.0225,0.0,0.0,0.0,0.15,skip,training_upload_trigger_not_confirmed,1785296020.8301868,1785296020830186844,1384689046885097,49.5,52.97265625,-1.0,0,0
2026-07-28T23:33:40.831,10.42.0.47,10.42.0.47,7,1,DOWNLOAD,0.9,DOWNLOAD,0.9,0,43,10.984530385361252,12,7240.0,79528.0,1,11,0.08344089987092015,0.9165591001290798,0.19042003587398607,0,0,0,0,0,0,0,0,0.057499999999999996,0.1,0.0,0.0,0.15,skip,training_upload_trigger_not_confirmed,1785296020.8319643,1785296020831964083,1384689048662163,49.5,52.97265625,-1.0,0,0
2026-07-28T23:33:40.833,10.42.0.47,10.42.0.47,7,1,DOWNLOAD,0.95,DOWNLOAD,0.95,-1,5792,6.102516881130868,13,13032.0,79528.0,2,11,0.1407951598962835,0.8592048401037166,0.16664047335667012,0,0,0,0,0,0,0,0,0.057499999999999996,0.1,0.0,0.0,0.15,skip,training_upload_trigger_not_confirmed,1785296020.833392,1785296020833391749,1384689050089971,49.5,52.97265625,-1.0,0,0
2026-07-28T23:33:40.834,10.42.0.47,10.42.0.47,7,1,DOWNLOAD,0.95,DOWNLOAD,0.95,-1,5792,4.224819379344197,14,18824.0,79528.0,3,11,0.19139417602082318,0.8086058239791768,0.144857325728675,0,0,0,0,0,0,0,0,0.057499999999999996,0.1,0.0,0.0,0.15,skip,training_upload_trigger_not_confirmed,1785296020.834726,1785296020834726094,1384689051425748,49.5,52.97265625,-1.0,0,0
2026-07-28T23:33:40.835,10.42.0.47,10.42.0.47,7,1,DOWNLOAD,0.95,DOWNLOAD,0.95,-1,5792,3.2307442313035932,15,24616.0,79528.0,4,11,0.23636503303118758,0.7636349669688124,0.1258935245653005,0,0,0,0,0,0,0,0,0.057499999999999996,0.1,0.0,0.0,0.15,skip,training_upload_trigger_not_confirmed,1785296020.8356724,1785296020835672286,1384689052370552,49.5,52.97265625,-1.0,0,0
2026-07-28T23:33:40.836,10.42.0.47,10.42.0.47,7,1,DOWNLOAD,0.95,DOWNLOAD,0.95,-1,5792,2.6153643777421935,16,30408.0,79528.0,5,11,0.27659729297045554,0.7234027070295445,0.10939272662746091,0,0,0,0,0,0,0,0,0.057499999999999996,0.1,0.0,0.0,0.15,skip,training_upload_trigger_not_confirmed,1785296020.836346,1785296020836345853,1384689053044278,49.5,52.97265625,-1.0,0,0
2026-07-28T23:33:40.838,10.42.0.59,10.42.0.47,4,1,DOWNLOAD,0.9588916701971347,DOWNLOAD,0.9588916701971347,0,43,6.84931506802402e-11,2,14600.0,0.0,2,0,1.0,0.0,1.3300324860896715,0,0,0,0,0,0,0,0,0.0225,0.0,0.0,0.0,0.15,skip,already_attacked_this_round,1785296020.8380537,1785296020838053536,1384689054751544,49.5,52.97265625,-1.0,0,0
2026-07-28T23:33:40.838,10.42.0.59,10.42.0.47,4,1,DOWNLOAD,0.9592326795584181,DOWNLOAD,0.9592326795584181,-1,14600,3.424657534129292e-11,3,29200.0,0.0,3,0,1.0,0.0,1.1568725583756971,0,0,0,0,0,0,0,0,0.0225,0.0,0.0,0.0,0.15,skip,already_attacked_this_round,1785296020.8387685,1785296020838768495,1384689055466578,49.5,52.97265625,-1.0,0,0
2026-07-28T23:33:40.839,10.42.0.59,10.42.0.47,4,1,DOWNLOAD,0.9664762000220459,DOWNLOAD,0.9664762000220459,-1,14600,2.2831050227789245e-11,4,43800.0,0.0,4,0,1.0,0.0,1.004521794621353,0,0,0,0,0,0,0,0,0.0225,0.0,0.0,0.0,0.15,skip,already_attacked_this_round,1785296020.8394933,1785296020839493332,1384689056191371,49.5,52.97265625,-1.0,0,0
2026-07-28T23:33:40.841,10.42.0.18,10.42.0.47,6,3,UPLOAD,0.9855086980780915,UPLOAD,0.9855086980780915,0,43,1.0,0,0.0,0.0,0,0,0.0,0.0,0.7192241511729687,0,0,1,0,0,0,0,0,0.4375,0.05,1.0,0.0,0.8,skip,attack_already_active,1785296020.8413324,1785296020841332544,1384689058030905,49.5,52.97265625,-1.0,0,0
2026-07-28T23:33:40.841,10.42.0.18,10.42.0.47,7,1,DOWNLOAD,0.95,DOWNLOAD,0.95,-1,14600,6.84931506802402e-11,1,14600.0,0.0,1,0,1.0,0.0,1.0020830682918431,0,0,0,0,0,0,0,0,0.0225,0.0,0.0,0.0,0.15,skip,training_upload_trigger_not_confirmed,1785296020.841964,1785296020841963997,1384689058662036,49.5,52.97265625,-1.0,0,0
2026-07-28T23:33:40.842,10.42.0.18,10.42.0.47,7,1,DOWNLOAD,0.95,DOWNLOAD,0.95,-1,14600,3.424657534129292e-11,2,29200.0,0.0,2,0,1.0,0.0,0.8701180198324411,0,0,0,0,0,0,0,0,0.0225,0.0,0.0,0.0,0.15,skip,training_upload_trigger_not_confirmed,1785296020.8426008,1785296020842600771,1384689059298818,49.5,52.97265625,-1.0,0,0
2026-07-28T23:33:40.844,10.42.0.145,10.42.0.47,6,1,DOWNLOAD,0.95,DOWNLOAD,0.95,-1,29200,1.7123287670939668e-11,3,58400.0,0.0,3,0,1.0,0.0,0.9301775902528444,0,0,0,0,0,0,0,0,0.0225,0.0,0.0,0.0,0.15,skip,training_upload_trigger_not_confirmed,1785296020.8449342,1785296020844934122,1384689061632449,49.5,52.97265625,-1.0,0,0
2026-07-28T23:33:40.845,10.42.0.210,10.42.0.47,7,1,DOWNLOAD,0.9854895428954357,DOWNLOAD,0.9854895428954357,-1,14480,2.3020257826357728e-11,4,43440.0,0.0,4,0,1.0,0.0,0.27332223765498936,0,0,0,0,0,0,0,0,0.0225,0.0,0.0,0.0,0.15,skip,training_upload_trigger_not_confirmed,1785296020.8458786,1785296020845878551,1384689062577068,49.5,52.97265625,-1.0,0,0
2026-07-28T23:33:40.848,10.42.0.47,10.42.0.47,7,1,DOWNLOAD,0.95,DOWNLOAD,0.95,-1,5792,2.196906077315002,17,36200.0,79528.0,6,11,0.31280243329185675,0.6871975667081432,0.0966397628864532,0,0,0,0,0,0,0,0,0.057499999999999996,0.1,0.0,0.0,0.15,skip,training_upload_trigger_not_confirmed,1785296020.84896,1785296020848960125,1384689065658250,49.5,52.97265625,-1.0,0,0
2026-07-28T23:33:40.851,10.42.0.47,10.42.0.47,7,1,DOWNLOAD,0.95,DOWNLOAD,0.95,-1,11584,1.6643227858558445,18,47784.0,79528.0,7,11,0.37532989820284024,0.6246701017971598,0.08428425563640518,0,0,0,0,0,0,0,0,0.057499999999999996,0.1,0.0,0.0,0.15,skip,training_upload_trigger_not_confirmed,1785296020.8518372,1785296020851837255,1384689068535696,49.5,52.97265625,-1.0,0,0
2026-07-28T23:33:40.852,10.42.0.47,10.42.0.47,7,1,DOWNLOAD,0.95,DOWNLOAD,0.95,-1,17376,1.220503376301097,19,65160.0,79528.0,8,11,0.4503483357292934,0.5496516642707067,0.07328047778762678,0,0,0,0,0,0,0,0,0.057499999999999996,0.1,0.0,0.0,0.15,skip,training_upload_trigger_not_confirmed,1785296020.8526168,1785296020852616787,1384689069315260,49.5,52.97265625,-1.0,0,0
2026-07-28T23:33:40.853,10.42.0.18,10.42.0.47,7,1,DOWNLOAD,0.95,DOWNLOAD,0.95,-1,20784,2.0006402048255314e-11,3,49984.0,0.0,3,0,1.0,0.0,0.756952203873323,0,0,0,0,0,0,0,0,0.0225,0.0,0.0,0.0,0.15,skip,training_upload_trigger_not_confirmed,1785296020.8539348,1785296020853934835,1384689070632989,49.5,52.97265625,-1.0,0,0
2026-07-28T23:33:40.854,10.42.0.59,10.42.0.47,4,1,DOWNLOAD,0.9712221813865338,DOWNLOAD,0.9712221813865338,-1,21900,1.5220700151975332e-11,5,65700.0,0.0,5,0,1.0,0.0,0.8741795575294564,0,0,0,0,0,0,0,0,0.0225,0.0,0.0,0.0,0.15,skip,already_attacked_this_round,1785296020.854884,1785296020854883743,1384689071582057,49.5,52.97265625,-1.0,0,0
2026-07-28T23:33:40.855,10.42.0.59,10.42.0.47,4,1,DOWNLOAD,0.9695430010032937,DOWNLOAD,0.9695430010032937,-1,13484,1.2628813901638856e-11,6,79184.0,0.0,6,0,1.0,0.0,0.7590727885514337,0,0,0,0,0,0,0,0,0.0225,0.0,0.0,0.0,0.15,skip,already_attacked_this_round,1785296020.85555,1785296020855549899,1384689072247978,49.5,52.97265625,-1.0,0,0
2026-07-28T23:33:40.861,10.42.0.47,10.42.0.47,7,1,DOWNLOAD,0.95,DOWNLOAD,0.95,-1,6801,1.1051541807353267,20,71961.0,79528.0,9,11,0.4750245892441035,0.5249754107558965,0.06482783681500189,0,0,0,0,0,0,0,0,0.039999999999999994,0.05,0.0,0.0,0.15,skip,training_upload_trigger_not_confirmed,1785296020.8617525,1785296020861752507,1384689078450918,49.5,52.97265625,-1.0,0,0
2026-07-28T23:33:41.170,10.42.0.145,10.42.0.47,6,3,UPLOAD,0.95,UPLOAD,0.95,1,64240,1.0999999999982877,4,58400.0,64240.0,3,1,0.47619047619047616,0.5238095238095238,0.8524483273403557,0,0,0,1,1,1,1,1,0.85,1.0,1.0,0.4,0.8,trigger,training_upload_trigger_confirmed,1785296021.1704986,1785296021170498485,1384689387198262,49.5,52.97265625,9.455429,1785296021179956270,1384689396653691
2026-07-28T23:33:41.171,10.42.0.145,10.42.0.47,6,3,UPLOAD,0.9841010226033655,UPLOAD,0.9841010226033655,1,11680,1.2999999999948628,5,58400.0,75920.0,3,2,0.43478260869565216,0.5652173913043478,0.7403041394922183,0,0,1,1,1,1,1,1,0.85,1.0,1.0,0.4,0.8,skip,attack_already_active,1785296021.1719158,1785296021171915734,1384689388614609,49.5,52.97265625,-1.0,0,0
2026-07-28T23:33:41.173,10.42.0.145,10.42.0.47,6,3,UPLOAD,0.9854688349332961,UPLOAD,0.9854688349332961,1,3609,1.361797945199284,6,58400.0,79529.0,3,3,0.42340624524211734,0.5765937547578827,0.6429989278142134,0,0,1,1,1,1,1,1,0.85,1.0,1.0,0.4,0.8,skip,attack_already_active,1785296021.1737976,1785296021173797565,1384689390496752,49.5,52.97265625,-1.0,0,0
2026-07-28T23:33:41.175,10.42.0.1,10.42.0.1,7,3,UPLOAD,0.95,UPLOAD,0.95,1,7240,0.3923171525745482,36,221168.0,86768.0,28,8,0.7182271640860438,0.28177283591395613,0.04509374860634914,1,0,0,1,1,1,1,1,0.9699999999999999,1.0,1.0,1.0,0.8,trigger,training_upload_trigger_confirmed,1785296021.1756427,1785296021175642692,1384689392341557,49.5,52.97265625,36.830133,1785296021212474276,1384689429171690
2026-07-28T23:33:41.176,10.42.0.1,10.42.0.1,7,3,UPLOAD,0.95,UPLOAD,0.95,1,7240,0.4250524488197883,37,221168.0,94008.0,28,9,0.7017285580120314,0.2982714419879686,0.039328361424609076,1,0,1,1,1,1,1,1,0.9699999999999999,1.0,1.0,1.0,0.8,skip,attack_already_active,1785296021.1769845,1785296021176984692,1384689393684056,49.5,52.97265625,-1.0,0,0
2026-07-28T23:33:41.178,10.42.0.59,10.42.0.1,4,3,UPLOAD,0.95,UPLOAD,0.95,1,64240,0.811275005053909,7,79184.0,64240.0,6,1,0.5520972780008925,0.4479027219991075,0.7039054796532835,0,0,0,1,1,1,1,1,0.85,1.0,1.0,0.4,0.8,skip,already_attacked_this_round,1785296021.178477,1785296021178477056,1384689395179041,49.5,52.97265625,-1.0,0,0
2026-07-28T23:33:41.206,10.42.0.1,10.42.0.1,7,3,UPLOAD,0.95,UPLOAD,0.95,1,1448,0.4315995080688363,38,221168.0,95456.0,28,10,0.6985193794532316,0.3014806205467684,0.038083691799654276,1,0,1,1,1,1,1,1,0.9699999999999999,1.0,1.0,1.0,0.8,skip,attack_already_active,1785296021.2068675,1785296021206867577,1384689423566603,49.5,52.97265625,-1.0,0,0
2026-07-28T23:33:41.216,10.42.0.1,10.42.0.1,7,3,UPLOAD,0.95,UPLOAD,0.95,1,10136,0.4774289228121725,39,221168.0,105592.0,28,11,0.6768515118129514,0.3231484881870486,0.0344002251718655,1,0,1,1,1,1,1,1,0.9699999999999999,1.0,1.0,1.0,0.8,skip,attack_already_active,1785296021.2169983,1785296021216998513,1384689433697159,49.5,52.97265625,-1.0,0,0
2026-07-28T23:33:41.218,10.42.0.1,10.42.0.1,7,3,UPLOAD,0.8901406821167809,UPLOAD,0.8901406821167809,0,43,0.4774289228121725,39,221168.0,105592.0,28,11,0.6768515118129514,0.3231484881870486,0.07464501369104883,1,0,1,1,1,1,1,1,0.8025,0.7500000000000001,1.0,0.6000000000000001,0.8,skip,attack_already_active,1785296021.2180479,1785296021218047674,1384689434745834,49.5,52.97265625,-1.0,0,0
2026-07-28T23:33:41.219,10.42.0.1,10.42.0.1,7,3,UPLOAD,0.8870308506392206,UPLOAD,0.8870308506392206,0,43,0.4774289228121725,39,221168.0,105592.0,28,11,0.6768515118129514,0.3231484881870486,0.0649533527496027,1,0,1,1,1,1,1,1,0.8025,0.7500000000000001,1.0,0.6000000000000001,0.8,skip,attack_already_active,1785296021.2191455,1785296021219145382,1384689435844171,49.5,52.97265625,-1.0,0,0
2026-07-28T23:33:41.219,10.42.0.1,10.42.0.1,7,3,UPLOAD,0.95,UPLOAD,0.95,1,14480,0.5428995153026527,40,221168.0,120072.0,28,12,0.64813034814207,0.3518696518579299,0.05677742105321442,1,0,1,1,1,1,1,1,0.9699999999999999,1.0,1.0,1.0,0.8,skip,attack_already_active,1785296021.2199068,1785296021219906843,1384689436605078,49.5,52.97265625,-1.0,0,0
2026-07-28T23:33:41.220,10.42.0.1,10.42.0.1,7,3,UPLOAD,0.95,UPLOAD,0.95,1,14480,0.6083701077931329,41,221168.0,134552.0,28,13,0.6217474418081638,0.3782525581918363,0.04943588561018796,1,0,1,1,1,1,1,1,0.9699999999999999,1.0,1.0,1.0,0.8,skip,attack_already_active,1785296021.2209713,1785296021220971236,1384689437669858,49.5,52.97265625,-1.0,0,0
2026-07-28T23:33:41.221,10.42.0.1,10.42.0.1,7,3,UPLOAD,0.95,UPLOAD,0.95,1,14480,0.6738407002836132,42,221168.0,149032.0,28,14,0.597428417071853,0.40257158292814693,0.04301757270362594,1,0,1,1,1,1,1,1,0.9699999999999999,1.0,1.0,1.0,0.8,skip,attack_already_active,1785296021.2217004,1785296021221700443,1384689438398963,49.5,52.97265625,-1.0,0,0
2026-07-28T23:33:41.224,10.42.0.1,10.42.0.1,7,3,UPLOAD,0.95,UPLOAD,0.95,1,4344,0.6934818780307572,43,221168.0,153376.0,28,15,0.5904993805801187,0.40950061941988125,0.03765602937733267,1,0,1,1,1,1,1,1,0.9699999999999999,1.0,1.0,1.0,0.8,skip,attack_already_active,1785296021.2240307,1785296021224030759,1384689440729007,49.5,52.97265625,-1.0,0,0
2026-07-28T23:33:41.225,10.42.0.1,10.42.0.1,7,3,UPLOAD,0.95,UPLOAD,0.95,1,14480,0.7589524705212375,44,221168.0,167856.0,28,16,0.5685201941268405,0.4314798058731595,0.03285242730420866,1,0,1,1,1,1,1,1,0.9699999999999999,1.0,1.0,1.0,0.8,skip,attack_already_active,1785296021.2252336,1785296021225233650,1384689441931965,49.5,52.97265625,-1.0,0,0
2026-07-28T23:33:41.226,10.42.0.1,10.42.0.1,7,3,UPLOAD,0.95,UPLOAD,0.95,1,20272,0.8506113000079097,45,221168.0,188128.0,28,17,0.5403619874125327,0.4596380125874673,0.028707579677457844,1,0,1,1,1,1,1,1,0.9699999999999999,1.0,1.0,1.0,0.8,skip,attack_already_active,1785296021.2266319,1785296021226631823,1384689443330160,49.5,52.97265625,-1.0,0,0
2026-07-28T23:33:41.228,10.42.0.1,10.42.0.1,7,3,UPLOAD,0.95,UPLOAD,0.95,1,15928,0.922628951747438,46,221168.0,204056.0,28,18,0.520121159671138,0.47987884032886197,0.02520803929940774,1,0,1,1,1,1,1,1,0.9699999999999999,1.0,1.0,1.0,0.8,skip,attack_already_active,1785296021.2287824,1785296021228782256,1384689445481438,49.5,52.97265625,-1.0,0,0
2026-07-28T23:33:41.231,10.42.0.1,10.42.0.1,7,3,UPLOAD,0.95,UPLOAD,0.95,1,10136,0.9684583664907742,47,221168.0,214192.0,28,19,0.5080117603822124,0.4919882396177876,0.02227313818009986,1,0,1,1,1,1,1,1,0.9699999999999999,1.0,1.0,1.0,0.8,skip,attack_already_active,1785296021.2317183,1785296021231718462,1384689448417226,49.5,52.97265625,-1.0,0,0
2026-07-28T23:33:41.233,10.42.0.1,10.42.0.1,7,3,UPLOAD,0.95,UPLOAD,0.95,1,1337,0.9745035448167253,48,221168.0,215529.0,28,20,0.5064564217294829,0.4935435782705171,0.019530727807936993,1,0,1,1,1,1,1,1,0.9699999999999999,1.0,1.0,1.0,0.8,skip,attack_already_active,1785296021.23318,1785296021233180185,1384689449879444,49.5,52.97265625,-1.0,0,0
2026-07-28T23:33:41.235,10.42.0.1,10.42.0.1,7,3,UPLOAD,0.95,UPLOAD,0.95,1,8576,1.013279497938159,49,221168.0,224105.0,28,21,0.4967020232531503,0.5032979767468497,0.017322713176990794,1,0,1,1,1,1,1,1,0.9699999999999999,1.0,1.0,1.0,0.8,skip,attack_already_active,1785296021.2359548,1785296021235954658,1384689452654264,49.5,52.97265625,-1.0,0,0
2026-07-28T23:33:41.268,10.42.0.18,10.42.0.1|10.42.0.18,7,3,UPLOAD,0.95,UPLOAD,0.95,1,5840,0.11683738798181743,4,49984.0,5840.0,3,1,0.8953854972771568,0.10461450272284323,0.7134999524465083,1,0,0,1,1,1,1,1,0.9699999999999999,1.0,1.0,1.0,0.8,trigger,training_upload_trigger_confirmed,1785296021.2685375,1785296021268537497,1384689485236089,49.5,52.97265625,49.85018,1785296021318388972,1384689535086269
2026-07-28T23:33:41.270,10.42.0.18,10.42.0.1|10.42.0.18,7,3,UPLOAD,0.9841010226033655,UPLOAD,0.9841010226033655,1,35040,0.8178617157526836,5,49984.0,40880.0,3,2,0.5500968480366262,0.4499031519633738,0.6197829020358713,1,0,1,1,1,1,1,1,0.9699999999999999,1.0,1.0,1.0,0.8,skip,attack_already_active,1785296021.2708447,1785296021270844763,1384689487543809,49.5,52.97265625,-1.0,0,0
2026-07-28T23:33:41.273,10.42.0.18,10.42.0.1|10.42.0.18,7,3,UPLOAD,0.9854688349332961,UPLOAD,0.9854688349332961,1,38648,1.591069142113655,6,49984.0,79528.0,3,3,0.3859410710976589,0.6140589289023412,0.5384644717408129,1,0,1,1,1,1,1,1,0.9699999999999999,1.0,1.0,1.0,0.8,skip,attack_already_active,1785296021.2735245,1785296021273524575,1384689490223779,49.5,52.97265625,-1.0,0,0
2026-07-28T23:33:41.274,10.42.0.1,10.42.0.1|10.42.0.18,7,3,UPLOAD,0.95,UPLOAD,0.95,1,7240,1.046014794183399,50,221168.0,231345.0,28,22,0.4887550191928188,0.5112449808071813,0.020156767157614865,1,0,1,1,1,1,1,1,0.9699999999999999,1.0,1.0,1.0,0.8,skip,attack_already_active,1785296021.2747843,1785296021274784226,1384689491482897,49.5,52.97265625,-1.0,0,0
2026-07-28T23:33:41.275,10.42.0.1,10.42.0.1|10.42.0.18,7,3,UPLOAD,0.95,UPLOAD,0.95,1,7240,1.0787500904286391,51,221168.0,238585.0,28,23,0.4810583073954928,0.5189416926045072,0.01762280245892732,1,0,1,1,1,1,1,1,0.9699999999999999,1.0,1.0,1.0,0.8,skip,attack_already_active,1785296021.2757115,1785296021275711533,1384689492410158,49.5,52.97265625,-1.0,0,0
2026-07-28T23:33:41.280,10.42.0.1,10.42.0.1|10.42.0.18,7,3,UPLOAD,0.8717222021857856,UPLOAD,0.8717222021857856,0,43,1.0787500904286391,51,221168.0,238585.0,28,23,0.4810583073954928,0.5189416926045072,0.023351548028819762,1,0,1,1,1,1,1,1,0.8200000000000001,0.8000000000000002,1.0,0.6000000000000001,0.8,skip,attack_already_active,1785296021.2802422,1785296021280242124,1384689496941007,49.5,52.97265625,-1.0,0,0
2026-07-28T23:33:41.281,10.42.0.1,10.42.0.1|10.42.0.18,7,3,UPLOAD,0.95,UPLOAD,0.95,1,10136,1.1245795051719751,52,221168.0,248721.0,28,24,0.4706813736861259,0.5293186263138742,0.021056139969379356,1,0,1,1,1,1,1,1,0.9699999999999999,1.0,1.0,1.0,0.8,skip,attack_already_active,1785296021.2816439,1785296021281643714,1384689498343145,49.5,52.97265625,-1.0,0,0
2026-07-28T23:33:41.282,10.42.0.1,10.42.0.1|10.42.0.18,7,3,UPLOAD,0.95,UPLOAD,0.95,1,4344,1.1442206829191193,53,221168.0,253065.0,28,25,0.4663699067757832,0.5336300932242168,0.018425904473159574,1,0,1,1,1,1,1,1,0.9699999999999999,1.0,1.0,1.0,0.8,skip,attack_already_active,1785296021.2827399,1785296021282740093,1384689499439306,49.5,52.97265625,-1.0,0,0
2026-07-28T23:33:41.284,10.42.0.1,10.42.0.1|10.42.0.18,7,3,UPLOAD,0.95,UPLOAD,0.95,1,14480,1.2096912754095994,54,221168.0,267545.0,28,26,0.45255190674281226,0.5474480932571878,0.016169317313906768,1,0,1,1,1,1,1,1,0.9699999999999999,1.0,1.0,1.0,0.8,skip,attack_already_active,1785296021.2840412,1785296021284041140,1384689500739769,49.5,52.97265625,-1.0,0,0
2026-07-28T23:33:41.289,10.42.0.1,10.42.0.1|10.42.0.18,7,3,UPLOAD,0.95,UPLOAD,0.95,1,14480,1.2751618679000798,55,221168.0,282025.0,28,27,0.43952916674119075,0.5604708332588092,0.014318041195650008,1,0,1,1,1,1,1,1,0.9699999999999999,1.0,1.0,1.0,0.8,skip,attack_already_active,1785296021.2891223,1785296021289122422,1384689505820681,49.5,52.97265625,-1.0,0,0
2026-07-28T23:33:41.290,10.42.0.1,10.42.0.1|10.42.0.18,7,3,UPLOAD,0.95,UPLOAD,0.95,1,5792,1.301350104896272,56,221168.0,287817.0,28,28,0.43452754010432526,0.5654724598956747,0.012567672210684434,1,0,1,1,1,1,1,1,0.9699999999999999,1.0,1.0,1.0,0.8,skip,attack_already_active,1785296021.2909207,1785296021290920816,1384689507619383,49.5,52.97265625,-1.0,0,0
2026-07-28T23:33:41.291,10.42.0.1,10.42.0.1|10.42.0.18,7,3,UPLOAD,0.95,UPLOAD,0.95,1,4344,1.3209912826434158,57,221168.0,292161.0,28,29,0.4308503902955025,0.5691496097044975,0.011050250645052495,1,0,1,1,1,1,1,1,0.9699999999999999,1.0,1.0,1.0,0.8,skip,attack_already_active,1785296021.291973,1785296021291973044,1384689508671459,49.5,52.97265625,-1.0,0,0
2026-07-28T23:33:41.292,10.42.0.1,10.42.0.1|10.42.0.18,7,3,UPLOAD,0.95,UPLOAD,0.95,1,8688,1.360273638137704,58,221168.0,300849.0,28,30,0.4236796885925171,0.5763203114074829,0.00972650300383648,1,0,1,1,1,1,1,1,0.9699999999999999,1.0,1.0,1.0,0.8,skip,attack_already_active,1785296021.2929778,1785296021292977902,1384689509676097,49.5,52.97265625,-1.0,0,0
2026-07-28T23:33:41.293,10.42.0.1,10.42.0.1|10.42.0.18,7,3,UPLOAD,0.95,UPLOAD,0.95,1,2784,1.3728613542629455,59,221168.0,303633.0,28,31,0.4214321237954958,0.5785678762045042,0.008575934805586109,1,0,1,1,1,1,1,1,0.9699999999999999,1.0,1.0,1.0,0.8,skip,attack_already_active,1785296021.293973,1785296021293973027,1384689510671401,49.5,52.97265625,-1.0,0,0
2026-07-28T23:33:42.698,10.42.0.210,10.42.0.1|10.42.0.210|10.42.0.18,7,3,UPLOAD,0.95,UPLOAD,0.95,1,1448,100.0,1,0.0,1448.0,0,1,0.0,1.0,0.4838983934002303,1,0,0,1,1,1,1,1,0.9525,0.95,1.0,1.0,0.8,trigger,training_upload_trigger_confirmed,1785296022.698861,1785296022698860838,1384690915559894,5.6,52.98828125,9.260532,1785296022708122977,1384690924820426
2026-07-28T23:33:42.699,10.42.0.210,10.42.0.1|10.42.0.210|10.42.0.18,7,3,UPLOAD,0.9841010226033655,UPLOAD,0.9841010226033655,1,1448,100.0,2,0.0,2896.0,0,2,0.0,1.0,0.42026605553233476,1,0,1,1,1,1,1,1,0.9699999999999999,1.0,1.0,1.0,0.8,skip,attack_already_active,1785296022.699871,1785296022699870998,1384690916570610,5.6,52.98828125,-1.0,0,0
2026-07-28T23:33:42.701,10.42.0.210,10.42.0.1|10.42.0.210|10.42.0.18,7,3,UPLOAD,0.9854688349332961,UPLOAD,0.9854688349332961,1,1448,100.0,3,0.0,4344.0,0,3,0.0,1.0,0.3650635108435426,1,0,1,1,1,1,1,1,0.9699999999999999,1.0,1.0,1.0,0.8,skip,attack_already_active,1785296022.7012203,1785296022701220275,1384690917919604,5.6,52.98828125,-1.0,0,0
2026-07-28T23:33:42.702,10.42.0.210,10.42.0.1|10.42.0.210|10.42.0.18,7,3,UPLOAD,0.9855076450773014,UPLOAD,0.9855076450773014,1,1448,100.0,4,0.0,5792.0,0,4,0.0,1.0,0.3170734853879929,1,0,1,1,1,1,1,1,0.9699999999999999,1.0,1.0,1.0,0.8,skip,attack_already_active,1785296022.7021008,1785296022702100775,1384690918799289,5.6,52.98828125,-1.0,0,0
2026-07-28T23:33:42.703,10.42.0.210,10.42.0.1|10.42.0.210|10.42.0.18,7,3,UPLOAD,0.9855086980780915,UPLOAD,0.9855086980780915,1,1448,100.0,5,0.0,7240.0,0,5,0.0,1.0,0.27544533519669895,1,0,1,1,1,1,1,1,0.9699999999999999,1.0,1.0,1.0,0.8,skip,attack_already_active,1785296022.7032697,1785296022703269558,1384690919968551,5.6,52.98828125,-1.0,0,0
2026-07-28T23:33:42.704,10.42.0.210,10.42.0.1|10.42.0.210|10.42.0.18,7,3,UPLOAD,0.9855087254685951,UPLOAD,0.9855087254685951,1,1448,100.0,6,0.0,8688.0,0,6,0.0,1.0,0.23927201750393914,1,0,1,1,1,1,1,1,0.9699999999999999,1.0,1.0,1.0,0.8,skip,attack_already_active,1785296022.7042058,1785296022704205711,1384690920904511,5.6,52.98828125,-1.0,0,0
2026-07-28T23:33:42.705,10.42.0.210,10.42.0.1|10.42.0.210|10.42.0.18,7,3,UPLOAD,0.9855087261493067,UPLOAD,0.9855087261493067,1,1448,100.0,7,0.0,10136.0,0,7,0.0,1.0,0.20790123546346267,1,0,1,1,1,1,1,1,0.9699999999999999,1.0,1.0,1.0,0.8,skip,attack_already_active,1785296022.7054136,1785296022705413554,1384690922111933,5.6,52.98828125,-1.0,0,0
2026-07-28T23:33:42.706,10.42.0.210,10.42.0.1|10.42.0.210|10.42.0.18,7,3,UPLOAD,0.9855087261653082,UPLOAD,0.9855087261653082,1,1448,100.0,8,0.0,11584.0,0,8,0.0,1.0,0.18060158085104536,1,0,1,1,1,1,1,1,0.9699999999999999,1.0,1.0,1.0,0.8,skip,attack_already_active,1785296022.7061453,1785296022706145190,1384690922843470,5.6,52.98828125,-1.0,0,0
2026-07-28T23:33:42.707,10.42.0.210,10.42.0.1|10.42.0.210|10.42.0.18,7,3,UPLOAD,0.985508726165656,UPLOAD,0.985508726165656,1,1448,100.0,9,0.0,13032.0,0,9,0.0,1.0,0.15692816497138184,1,0,1,1,1,1,1,1,0.9699999999999999,1.0,1.0,1.0,0.8,skip,attack_already_active,1785296022.7070959,1785296022707095696,1384690923793849,5.6,52.98828125,-1.0,0,0
2026-07-28T23:33:42.707,10.42.0.210,10.42.0.1|10.42.0.210|10.42.0.18,7,3,UPLOAD,0.9855087261656625,UPLOAD,0.9855087261656625,1,1448,100.0,10,0.0,14480.0,0,10,0.0,1.0,0.13634982667547407,1,0,1,1,1,1,1,1,0.9699999999999999,1.0,1.0,1.0,0.8,skip,attack_already_active,1785296022.7078607,1785296022707860747,1384690924559415,5.6,52.98828125,-1.0,0,0
2026-07-28T23:33:42.709,10.42.0.210,10.42.0.1|10.42.0.210|10.42.0.18,7,3,UPLOAD,0.9855087261656628,UPLOAD,0.9855087261656628,1,1448,100.0,11,0.0,15928.0,0,11,0.0,1.0,0.11856056923424654,1,0,1,1,1,1,1,1,0.9699999999999999,1.0,1.0,1.0,0.8,skip,attack_already_active,1785296022.7092128,1785296022709212710,1384690925911690,5.6,52.98828125,-1.0,0,0
2026-07-28T23:33:42.710,10.42.0.210,10.42.0.1|10.42.0.210|10.42.0.18,7,3,UPLOAD,0.95,UPLOAD,0.95,1,1448,100.0,12,0.0,17376.0,0,12,0.0,1.0,0.10304466673891285,1,0,1,1,1,1,1,1,0.9699999999999999,1.0,1.0,1.0,0.8,skip,attack_already_active,1785296022.7100275,1785296022710027553,1384690926725765,5.6,52.98828125,-1.0,0,0
2026-07-28T23:33:42.710,10.42.0.210,10.42.0.1|10.42.0.210|10.42.0.18,7,3,UPLOAD,0.95,UPLOAD,0.95,1,1448,100.0,13,0.0,18824.0,0,13,0.0,1.0,0.08959171186192198,1,0,1,1,1,1,1,1,0.9699999999999999,1.0,1.0,1.0,0.8,skip,attack_already_active,1785296022.7109814,1785296022710981459,1384690927679568,5.6,52.98828125,-1.0,0,0
2026-07-28T23:33:42.711,10.42.0.210,10.42.0.1|10.42.0.210|10.42.0.18,7,3,UPLOAD,0.95,UPLOAD,0.95,1,1448,100.0,14,0.0,20272.0,0,14,0.0,1.0,0.0778781476019998,1,0,1,1,1,1,1,1,0.9699999999999999,1.0,1.0,1.0,0.8,skip,attack_already_active,1785296022.711682,1785296022711682153,1384690928380406,5.6,52.98828125,-1.0,0,0
2026-07-28T23:33:42.712,10.42.0.210,10.42.0.1|10.42.0.210|10.42.0.18,7,3,UPLOAD,0.95,UPLOAD,0.95,1,1448,100.0,15,0.0,21720.0,0,15,0.0,1.0,0.06778391101568183,1,0,1,1,1,1,1,1,0.9699999999999999,1.0,1.0,1.0,0.8,skip,attack_already_active,1785296022.7129579,1785296022712957958,1384690929656260,5.6,52.98828125,-1.0,0,0
2026-07-28T23:33:42.713,10.42.0.210,10.42.0.1|10.42.0.210|10.42.0.18,7,3,UPLOAD,0.95,UPLOAD,0.95,1,1448,100.0,16,0.0,23168.0,0,16,0.0,1.0,0.05896243735444022,1,0,1,1,1,1,1,1,0.9699999999999999,1.0,1.0,1.0,0.8,skip,attack_already_active,1785296022.713798,1785296022713798162,1384690930496401,5.6,52.98828125,-1.0,0,0
2026-07-28T23:33:42.714,10.42.0.210,10.42.0.1|10.42.0.210|10.42.0.18,7,3,UPLOAD,0.95,UPLOAD,0.95,1,1448,100.0,17,0.0,24616.0,0,17,0.0,1.0,0.051316698293553446,1,0,1,1,1,1,1,1,0.9699999999999999,1.0,1.0,1.0,0.8,skip,attack_already_active,1785296022.714739,1785296022714739250,1384690931437679,5.6,52.98828125,-1.0,0,0
2026-07-28T23:33:42.715,10.42.0.210,10.42.0.1|10.42.0.210|10.42.0.18,7,3,UPLOAD,0.95,UPLOAD,0.95,1,1448,100.0,18,0.0,26064.0,0,18,0.0,1.0,0.04464457297324606,1,0,1,1,1,1,1,1,0.9699999999999999,1.0,1.0,1.0,0.8,skip,attack_already_active,1785296022.7154229,1785296022715422898,1384690932121046,5.6,52.98828125,-1.0,0,0
2026-07-28T23:33:42.716,10.42.0.210,10.42.0.1|10.42.0.210|10.42.0.18,7,3,UPLOAD,0.95,UPLOAD,0.95,1,1448,100.0,19,0.0,27512.0,0,19,0.0,1.0,0.03890463329670113,1,0,1,1,1,1,1,1,0.9699999999999999,1.0,1.0,1.0,0.8,skip,attack_already_active,1785296022.7165086,1785296022716508586,1384690933207528,5.6,52.98828125,-1.0,0,0
2026-07-28T23:33:42.717,10.42.0.210,10.42.0.1|10.42.0.210|10.42.0.18,7,3,UPLOAD,0.95,UPLOAD,0.95,1,1448,100.0,20,0.0,28960.0,0,20,0.0,1.0,0.033917332441594034,1,0,1,1,1,1,1,1,0.9699999999999999,1.0,1.0,1.0,0.8,skip,attack_already_active,1785296022.717566,1785296022717565936,1384690934264635,5.6,52.98828125,-1.0,0,0
2026-07-28T23:33:42.718,10.42.0.210,10.42.0.1|10.42.0.210|10.42.0.18,7,3,UPLOAD,0.95,UPLOAD,0.95,1,1448,100.0,21,0.0,30408.0,0,21,0.0,1.0,0.029600834276889726,1,0,1,1,1,1,1,1,0.9699999999999999,1.0,1.0,1.0,0.8,skip,attack_already_active,1785296022.7187266,1785296022718726546,1384690935425343,5.6,52.98828125,-1.0,0,0
2026-07-28T23:33:42.719,10.42.0.210,10.42.0.1|10.42.0.210|10.42.0.18,7,3,UPLOAD,0.95,UPLOAD,0.95,1,1448,100.0,22,0.0,31856.0,0,22,0.0,1.0,0.02585084688870434,1,0,1,1,1,1,1,1,0.9699999999999999,1.0,1.0,1.0,0.8,skip,attack_already_active,1785296022.7198699,1785296022719869951,1384690936568488,5.6,52.98828125,-1.0,0,0
2026-07-28T23:33:42.720,10.42.0.210,10.42.0.1|10.42.0.210|10.42.0.18,7,3,UPLOAD,0.95,UPLOAD,0.95,1,1448,100.0,23,0.0,33304.0,0,23,0.0,1.0,0.02258558685207414,1,0,1,1,1,1,1,1,0.9699999999999999,1.0,1.0,1.0,0.8,skip,attack_already_active,1785296022.7209415,1785296022720941459,1384690937640362,5.6,52.98828125,-1.0,0,0
2026-07-28T23:33:42.721,10.42.0.210,10.42.0.1|10.42.0.210|10.42.0.18,7,3,UPLOAD,0.95,UPLOAD,0.95,1,1448,100.0,24,0.0,34752.0,0,24,0.0,1.0,0.019727984135464855,1,0,1,1,1,1,1,1,0.9699999999999999,1.0,1.0,1.0,0.8,skip,attack_already_active,1785296022.7218416,1785296022721841649,1384690938540042,5.6,52.98828125,-1.0,0,0
2026-07-28T23:33:42.722,10.42.0.210,10.42.0.1|10.42.0.210|10.42.0.18,7,3,UPLOAD,0.95,UPLOAD,0.95,1,1448,100.0,25,0.0,36200.0,0,25,0.0,1.0,0.017246814828916258,1,0,1,1,1,1,1,1,0.9699999999999999,1.0,1.0,1.0,0.8,skip,attack_already_active,1785296022.7227407,1785296022722740658,1384690939438830,5.6,52.98828125,-1.0,0,0
2026-07-28T23:33:42.723,10.42.0.210,10.42.0.1|10.42.0.210|10.42.0.18,7,3,UPLOAD,0.95,UPLOAD,0.95,1,1448,100.0,26,0.0,37648.0,0,26,0.0,1.0,0.015055936088671045,1,0,1,1,1,1,1,1,0.9699999999999999,1.0,1.0,1.0,0.8,skip,attack_already_active,1785296022.7233615,1785296022723361501,1384690940059906,5.6,52.98828125,-1.0,0,0
2026-07-28T23:33:42.724,10.42.0.210,10.42.0.1|10.42.0.210|10.42.0.18,7,3,UPLOAD,0.95,UPLOAD,0.95,1,1448,100.0,27,0.0,39096.0,0,27,0.0,1.0,0.01319142879105027,1,0,1,1,1,1,1,1,0.9699999999999999,1.0,1.0,1.0,0.8,skip,attack_already_active,1785296022.7242682,1785296022724268397,1384690940966691,5.6,52.98828125,-1.0,0,0
2026-07-28T23:33:42.725,10.42.0.210,10.42.0.1|10.42.0.210|10.42.0.18,7,3,UPLOAD,0.95,UPLOAD,0.95,1,1448,100.0,28,0.0,40544.0,0,28,0.0,1.0,0.011566238203357166,1,0,1,1,1,1,1,1,0.9699999999999999,1.0,1.0,1.0,0.8,skip,attack_already_active,1785296022.7251265,1785296022725126342,1384690941825447,5.6,52.98828125,-1.0,0,0
2026-07-28T23:33:42.726,10.42.0.210,10.42.0.1|10.42.0.210|10.42.0.18,7,3,UPLOAD,0.95,UPLOAD,0.95,1,1448,100.0,29,0.0,41992.0,0,29,0.0,1.0,0.01028059341114219,1,0,1,1,1,1,1,1,0.9699999999999999,1.0,1.0,1.0,0.8,skip,attack_already_active,1785296022.7269363,1785296022726936398,1384690943636063,5.6,52.98828125,-1.0,0,0
2026-07-28T23:33:42.728,10.42.0.210,10.42.0.1|10.42.0.210|10.42.0.18,7,3,UPLOAD,0.95,UPLOAD,0.95,1,1448,100.0,30,0.0,43440.0,0,30,0.0,1.0,0.009071305197941457,1,0,1,1,1,1,1,1,0.9699999999999999,1.0,1.0,1.0,0.8,skip,attack_already_active,1785296022.72804,1785296022728039920,1384690944738494,5.6,52.98828125,-1.0,0,0
2026-07-28T23:33:42.729,10.42.0.210,10.42.0.1|10.42.0.210|10.42.0.18,7,3,UPLOAD,0.95,UPLOAD,0.95,1,1448,100.0,31,0.0,44888.0,0,31,0.0,1.0,0.008098814388815465,1,0,1,1,1,1,1,1,0.9699999999999999,1.0,1.0,1.0,0.8,skip,attack_already_active,1785296022.7297313,1785296022729731208,1384690946430186,5.6,52.98828125,-1.0,0,0
2026-07-28T23:33:42.730,10.42.0.210,10.42.0.1|10.42.0.210|10.42.0.18,7,3,UPLOAD,0.95,UPLOAD,0.95,1,1448,100.0,32,0.0,46336.0,0,32,0.0,1.0,0.007146836747466316,1,0,1,1,1,1,1,1,0.9699999999999999,1.0,1.0,1.0,0.8,skip,attack_already_active,1785296022.7306058,1785296022730605717,1384690947304376,5.6,52.98828125,-1.0,0,0
2026-07-28T23:33:42.731,10.42.0.210,10.42.0.1|10.42.0.210|10.42.0.18,7,3,UPLOAD,0.95,UPLOAD,0.95,1,1448,100.0,33,0.0,47784.0,0,33,0.0,1.0,0.006333249456527005,1,0,1,1,1,1,1,1,0.9699999999999999,1.0,1.0,1.0,0.8,skip,attack_already_active,1785296022.7315786,1785296022731578638,1384690948277015,5.6,52.98828125,-1.0,0,0
2026-07-28T23:33:42.732,10.42.0.210,10.42.0.1|10.42.0.210|10.42.0.18,7,3,UPLOAD,0.95,UPLOAD,0.95,1,1448,100.0,34,0.0,49232.0,0,34,0.0,1.0,0.00560833588451353,1,0,1,1,1,1,1,1,0.9699999999999999,1.0,1.0,1.0,0.8,skip,attack_already_active,1785296022.7324107,1785296022732410738,1384690949109996,5.6,52.98828125,-1.0,0,0
2026-07-28T23:33:42.733,10.42.0.210,10.42.0.1|10.42.0.210|10.42.0.18,7,3,UPLOAD,0.95,UPLOAD,0.95,1,1448,100.0,35,0.0,50680.0,0,35,0.0,1.0,0.005005872195108976,1,0,1,1,1,1,1,1,0.9699999999999999,1.0,1.0,1.0,0.8,skip,attack_already_active,1785296022.733447,1785296022733447096,1384690950145956,5.6,52.98828125,-1.0,0,0
2026-07-28T23:33:42.734,10.42.0.210,10.42.0.1|10.42.0.210|10.42.0.18,7,3,UPLOAD,0.95,UPLOAD,0.95,1,1448,100.0,36,0.0,52128.0,0,36,0.0,1.0,0.004442771966768119,1,0,1,1,1,1,1,1,0.9699999999999999,1.0,1.0,1.0,0.8,skip,attack_already_active,1785296022.7341797,1785296022734179911,1384690950878352,5.6,52.98828125,-1.0,0,0
2026-07-28T23:33:42.734,10.42.0.210,10.42.0.1|10.42.0.210|10.42.0.18,7,3,UPLOAD,0.95,UPLOAD,0.95,1,1448,100.0,37,0.0,53576.0,0,37,0.0,1.0,0.003952365932773753,1,0,1,1,1,1,1,1,0.9699999999999999,1.0,1.0,1.0,0.8,skip,attack_already_active,1785296022.734901,1785296022734900997,1384690951599269,5.6,52.98828125,-1.0,0,0
2026-07-28T23:33:42.735,10.42.0.210,10.42.0.1|10.42.0.210|10.42.0.18,7,3,UPLOAD,0.95,UPLOAD,0.95,1,1448,100.0,38,0.0,55024.0,0,38,0.0,1.0,0.0035633413468831496,1,0,1,1,1,1,1,1,0.9699999999999999,1.0,1.0,1.0,0.8,skip,attack_already_active,1785296022.735901,1785296022735901110,1384690952599611,5.6,52.98828125,-1.0,0,0
2026-07-28T23:33:42.736,10.42.0.210,10.42.0.1|10.42.0.210|10.42.0.18,7,3,UPLOAD,0.95,UPLOAD,0.95,1,1448,100.0,39,0.0,56472.0,0,39,0.0,1.0,0.0031952623993897473,1,0,1,1,1,1,1,1,0.9699999999999999,1.0,1.0,1.0,0.8,skip,attack_already_active,1785296022.7366712,1785296022736671360,1384690953370237,5.6,52.98828125,-1.0,0,0
2026-07-28T23:33:42.739,10.42.0.1,10.42.0.1|10.42.0.210|10.42.0.18,7,3,UPLOAD,0.976464752741397,UPLOAD,0.976464752741397,1,7240,100.0,1,0.0,7240.0,0,1,0.0,1.0,0.19214937702598292,1,0,1,1,1,1,1,1,0.9699999999999999,1.0,1.0,1.0,0.8,skip,attack_already_active,1785296022.7393794,1785296022739379475,1384690956077660,5.6,52.98828125,-1.0,0,0
2026-07-28T23:33:42.740,10.42.0.1,10.42.0.1|10.42.0.210|10.42.0.18,7,3,UPLOAD,0.9789541232702174,UPLOAD,0.9789541232702174,1,7240,100.0,2,0.0,14480.0,0,2,0.0,1.0,0.1669176236561423,1,0,1,1,1,1,1,1,0.9699999999999999,1.0,1.0,1.0,0.8,skip,attack_already_active,1785296022.740052,1785296022740051984,1384690956750145,5.6,52.98828125,-1.0,0,0
2026-07-28T23:33:42.747,10.42.0.1,10.42.0.1|10.42.0.210|10.42.0.18,7,3,UPLOAD,0.9799141125910866,UPLOAD,0.9799141125910866,1,1448,100.0,3,0.0,15928.0,0,3,0.0,1.0,0.14595087648541355,1,0,1,1,1,1,1,1,0.9699999999999999,1.0,1.0,1.0,0.8,skip,attack_already_active,1785296022.7478588,1785296022747858813,1384690964557499,5.6,52.98828125,-1.0,0,0
2026-07-28T23:33:42.753,10.42.0.1,10.42.0.1|10.42.0.210|10.42.0.18,7,3,UPLOAD,0.9807906847277911,UPLOAD,0.9807906847277911,1,14480,100.0,4,0.0,30408.0,0,4,0.0,1.0,0.12740148182256208,1,0,1,1,1,1,1,1,0.9699999999999999,1.0,1.0,1.0,0.8,skip,attack_already_active,1785296022.7530434,1785296022753043430,1384690969742274,5.6,52.98828125,-1.0,0,0
2026-07-28T23:33:42.753,10.42.0.1,10.42.0.1|10.42.0.210|10.42.0.18,7,3,UPLOAD,0.9815747775743473,UPLOAD,0.9815747775743473,1,14480,100.0,5,0.0,44888.0,0,5,0.0,1.0,0.11072387160287478,1,0,1,1,1,1,1,1,0.9699999999999999,1.0,1.0,1.0,0.8,skip,attack_already_active,1785296022.7538831,1785296022753883144,1384690970581286,5.6,52.98828125,-1.0,0,0
2026-07-28T23:33:42.754,10.42.0.1,10.42.0.1|10.42.0.210|10.42.0.18,7,3,UPLOAD,0.9809183510993613,UPLOAD,0.9809183510993613,0,43,100.0,5,0.0,44888.0,0,5,0.0,1.0,0.29041045296276596,1,0,1,1,1,1,1,1,0.8374999999999999,0.8500000000000001,1.0,0.6000000000000001,0.8,skip,attack_already_active,1785296022.7545578,1785296022754558007,1384690971256052,5.6,52.98828125,-1.0,0,0
2026-07-28T23:33:42.756,10.42.0.1,10.42.0.1|10.42.0.210|10.42.0.18,7,3,UPLOAD,0.9822831416652593,UPLOAD,0.9822831416652593,1,1448,100.0,6,0.0,46336.0,0,6,0.0,1.0,0.25244202666498616,1,0,1,1,1,1,1,1,0.9699999999999999,1.0,1.0,1.0,0.8,skip,attack_already_active,1785296022.7561617,1785296022756161856,1384690972859956,5.6,52.98828125,-1.0,0,0
2026-07-28T23:33:42.757,10.42.0.1,10.42.0.1|10.42.0.210|10.42.0.18,7,3,UPLOAD,0.9829795410318702,UPLOAD,0.9829795410318702,1,14480,100.0,7,0.0,60816.0,0,7,0.0,1.0,0.2193326947501874,1,0,1,1,1,1,1,1,0.9699999999999999,1.0,1.0,1.0,0.8,skip,attack_already_active,1785296022.7573462,1785296022757346032,1384690974044541,5.6,52.98828125,-1.0,0,0
2026-07-28T23:33:42.758,10.42.0.1,10.42.0.1|10.42.0.210|10.42.0.18,7,3,UPLOAD,0.9837686890253975,UPLOAD,0.9837686890253975,1,10136,100.0,8,0.0,70952.0,0,8,0.0,1.0,0.19052346107967086,1,0,1,1,1,1,1,1,0.9699999999999999,1.0,1.0,1.0,0.8,skip,attack_already_active,1785296022.7580535,1785296022758053611,1384690974752298,5.6,52.98828125,-1.0,0,0
2026-07-28T23:33:42.759,10.42.0.1,10.42.0.1|10.42.0.210|10.42.0.18,7,3,UPLOAD,0.9845225207636207,UPLOAD,0.9845225207636207,1,7240,100.0,9,0.0,78192.0,0,9,0.0,1.0,0.16560709479325197,1,0,1,1,1,1,1,1,0.9699999999999999,1.0,1.0,1.0,0.8,skip,attack_already_active,1785296022.7594936,1785296022759493654,1384690976192931,5.6,52.98828125,-1.0,0,0
2026-07-28T23:33:42.761,10.42.0.1,10.42.0.1|10.42.0.210|10.42.0.18,7,3,UPLOAD,0.9851705908594395,UPLOAD,0.9851705908594395,1,1354,100.0,10,0.0,79546.0,0,10,0.0,1.0,0.1440357733722251,1,0,1,1,1,1,1,1,0.9699999999999999,1.0,1.0,1.0,0.8,skip,attack_already_active,1785296022.761402,1785296022761401910,1384690978100024,5.6,52.98828125,-1.0,0,0
2026-07-28T23:33:45.511,10.42.0.47,10.42.0.1|10.42.0.210|10.42.0.47|10.42.0.18,7,3,UPLOAD,0.95,UPLOAD,0.95,1,7240,100.0,1,0.0,7240.0,0,1,0.0,1.0,0.6728660779886824,1,0,0,1,1,1,1,1,0.9699999999999999,1.0,1.0,1.0,0.8,trigger,training_upload_trigger_confirmed,1785296025.5110261,1785296025511026083,1384693727725154,7.4,53.0078125,6.172183,1785296025517199815,1384693733897337
2026-07-28T23:33:45.511,10.42.0.47,10.42.0.1|10.42.0.210|10.42.0.47|10.42.0.18,7,3,UPLOAD,0.9514080360799557,UPLOAD,0.9514080360799557,1,7240,100.0,2,0.0,14480.0,0,2,0.0,1.0,0.5843048193948999,1,0,1,1,1,1,1,1,0.9699999999999999,1.0,1.0,1.0,0.8,skip,attack_already_active,1785296025.5118253,1785296025511825288,1384693728523449,7.4,53.0078125,-1.0,0,0
2026-07-28T23:33:45.515,10.42.0.47,10.42.0.1|10.42.0.210|10.42.0.47|10.42.0.18,7,3,UPLOAD,0.9527392512190737,UPLOAD,0.9527392512190737,1,10136,100.0,3,0.0,24616.0,0,3,0.0,1.0,0.5077675915378114,1,0,1,1,1,1,1,1,0.9699999999999999,1.0,1.0,1.0,0.8,skip,attack_already_active,1785296025.5153103,1785296025515310211,1384693732009082,7.4,53.0078125,-1.0,0,0
2026-07-28T23:33:45.516,10.42.0.47,10.42.0.1|10.42.0.210|10.42.0.47|10.42.0.18,7,3,UPLOAD,0.9546912420803971,UPLOAD,0.9546912420803971,1,4344,100.0,4,0.0,28960.0,0,4,0.0,1.0,0.44100510882605,1,0,1,1,1,1,1,1,0.9699999999999999,1.0,1.0,1.0,0.8,skip,attack_already_active,1785296025.5164359,1785296025516436007,1384693733134785,7.4,53.0078125,-1.0,0,0
2026-07-28T23:33:45.517,10.42.0.47,10.42.0.1|10.42.0.210|10.42.0.47|10.42.0.18,7,3,UPLOAD,0.956883434917015,UPLOAD,0.956883434917015,1,13032,100.0,5,0.0,41992.0,0,5,0.0,1.0,0.3830133548617941,1,0,1,1,1,1,1,1,0.9699999999999999,1.0,1.0,1.0,0.8,skip,attack_already_active,1785296025.5173576,1785296025517357450,1384693734056928,7.4,53.0078125,-1.0,0,0
2026-07-28T23:33:45.521,10.42.0.47,10.42.0.1|10.42.0.210|10.42.0.47|10.42.0.18,7,3,UPLOAD,0.9592765704863938,UPLOAD,0.9592765704863938,1,18824,100.0,6,0.0,60816.0,0,6,0.0,1.0,0.3330242632465311,1,0,1,1,1,1,1,1,0.9699999999999999,1.0,1.0,1.0,0.8,skip,attack_already_active,1785296025.5210176,1785296025521017568,1384693737715938,7.4,53.0078125,-1.0,0,0
2026-07-28T23:33:45.521,10.42.0.47,10.42.0.1|10.42.0.210|10.42.0.47|10.42.0.18,7,3,UPLOAD,0.9615062302988077,UPLOAD,0.9615062302988077,1,18712,100.0,7,0.0,79528.0,0,7,0.0,1.0,0.28925487308920367,1,0,1,1,1,1,1,1,0.9699999999999999,1.0,1.0,1.0,0.8,skip,attack_already_active,1785296025.521888,1785296025521887956,1384693738586046,7.4,53.0078125,-1.0,0,0
2026-07-28T23:33:45.523,10.42.0.1,10.42.0.1|10.42.0.210|10.42.0.47|10.42.0.18,7,3,UPLOAD,0.9788863120637847,UPLOAD,0.9788863120637847,1,7240,100.0,1,0.0,7240.0,0,1,0.0,1.0,0.4889675555936618,1,0,1,1,1,1,1,1,0.9699999999999999,1.0,1.0,1.0,0.8,skip,attack_already_active,1785296025.5230296,1785296025523029461,1384693739727530,7.4,53.0078125,-1.0,0,0
2026-07-28T23:33:45.523,10.42.0.1,10.42.0.1|10.42.0.210|10.42.0.47|10.42.0.18,7,3,UPLOAD,0.9786855714686199,UPLOAD,0.9786855714686199,1,7240,100.0,2,0.0,14480.0,0,2,0.0,1.0,0.42461919424114675,1,0,1,1,1,1,1,1,0.9699999999999999,1.0,1.0,1.0,0.8,skip,attack_already_active,1785296025.5236752,1785296025523675163,1384693740373312,7.4,53.0078125,-1.0,0,0
2026-07-28T23:33:45.624,10.42.0.1,10.42.0.1|10.42.0.210|10.42.0.47|10.42.0.18,7,3,UPLOAD,0.9789962402053498,UPLOAD,0.9789962402053498,1,14480,100.0,3,0.0,28960.0,0,3,0.0,1.0,0.3819868032004029,1,0,1,1,1,1,1,1,0.9699999999999999,1.0,1.0,1.0,0.8,skip,attack_already_active,1785296025.624769,1785296025624768994,1384693841468121,7.4,53.0078125,-1.0,0,0
2026-07-28T23:33:45.625,10.42.0.1,10.42.0.1|10.42.0.210|10.42.0.47|10.42.0.18,7,3,UPLOAD,0.9796018357003196,UPLOAD,0.9796018357003196,1,14480,100.0,4,0.0,43440.0,0,4,0.0,1.0,0.33174265409347764,1,0,1,1,1,1,1,1,0.9699999999999999,1.0,1.0,1.0,0.8,skip,attack_already_active,1785296025.6254668,1785296025625466872,1384693842164965,7.4,53.0078125,-1.0,0,0
2026-07-28T23:33:45.626,10.42.0.1,10.42.0.1|10.42.0.210|10.42.0.47|10.42.0.18,7,3,UPLOAD,0.977674484638254,UPLOAD,0.977674484638254,0,43,100.0,4,0.0,43440.0,0,4,0.0,1.0,0.6664233921046232,1,0,1,1,1,1,1,1,0.8374999999999999,0.8500000000000001,1.0,0.6000000000000001,0.8,skip,attack_already_active,1785296025.6261,1785296025626099851,1384693842797877,7.4,53.0078125,-1.0,0,0
2026-07-28T23:33:45.627,10.42.0.1,10.42.0.1|10.42.0.210|10.42.0.47|10.42.0.18,7,3,UPLOAD,0.9777420315808133,UPLOAD,0.9777420315808133,1,14480,100.0,5,0.0,57920.0,0,5,0.0,1.0,0.5789095478346279,1,0,1,1,1,1,1,1,0.9699999999999999,1.0,1.0,1.0,0.8,skip,attack_already_active,1785296025.6277719,1785296025627771790,1384693844469835,7.4,53.0078125,-1.0,0,0
2026-07-28T23:33:45.628,10.42.0.1,10.42.0.1|10.42.0.210|10.42.0.47|10.42.0.18,7,3,UPLOAD,0.977900702761986,UPLOAD,0.977900702761986,1,11584,100.0,6,0.0,69504.0,0,6,0.0,1.0,0.502757165562245,1,0,1,1,1,1,1,1,0.9699999999999999,1.0,1.0,1.0,0.8,skip,attack_already_active,1785296025.628782,1785296025628782022,1384693845480111,7.4,53.0078125,-1.0,0,0
2026-07-28T23:33:45.629,10.42.0.1,10.42.0.1|10.42.0.210|10.42.0.47|10.42.0.18,7,3,UPLOAD,0.9782442834779941,UPLOAD,0.9782442834779941,1,10024,100.0,7,0.0,79528.0,0,7,0.0,1.0,0.4366670248022333,1,0,1,1,1,1,1,1,0.9699999999999999,1.0,1.0,1.0,0.8,skip,attack_already_active,1785296025.6299994,1785296025629999335,1384693846697387,7.4,53.0078125,-1.0,0,0
2026-07-28T23:33:45.918,10.42.0.1,10.42.0.47,8,1,DOWNLOAD,0.974630302498409,DOWNLOAD,0.974630302498409,-1,1448,54.92265189646225,8,1448.0,79528.0,1,7,0.017881841533293814,0.9821181584667061,0.41759318114280075,0,0,0,0,1,0,0,0,0.44,0.8500000000000001,0.0,0.6000000000000001,0.15,skip,training_upload_trigger_not_confirmed,1785296025.918021,1785296025918020959,1384694134719317,7.4,53.0078125,-1.0,0,0
2026-07-28T23:33:45.921,10.42.0.1,10.42.0.47,8,1,DOWNLOAD,0.95,DOWNLOAD,0.95,-1,5792,10.984530385361252,9,7240.0,79528.0,2,7,0.08344089987092015,0.9165591001290798,0.3630783917604222,0,0,0,0,1,0,0,0,0.44,0.8500000000000001,0.0,0.6000000000000001,0.15,skip,training_upload_trigger_not_confirmed,1785296025.9219165,1785296025921916524,1384694138614841,7.4,53.0078125,-1.0,0,0
2026-07-28T23:33:45.922,10.42.0.1,10.42.0.47,8,1,DOWNLOAD,0.95,DOWNLOAD,0.95,-1,7240,5.492265193059926,10,14480.0,79528.0,3,7,0.15402944430261253,0.8459705556973874,0.3153249774196507,0,0,0,0,1,0,0,0,0.44,0.8500000000000001,0.0,0.6000000000000001,0.15,skip,training_upload_trigger_not_confirmed,1785296025.9226074,1785296025922607483,1384694139305899,7.4,53.0078125,-1.0,0,0
2026-07-28T23:33:45.923,10.42.0.1,10.42.0.47,8,1,DOWNLOAD,0.95,DOWNLOAD,0.95,-1,7240,3.661510128790906,11,21720.0,79528.0,4,7,0.21452275600505688,0.7854772439949431,0.27389889736864353,0,0,0,0,1,0,0,0,0.4,0.8500000000000001,0.0,0.4,0.15,skip,training_upload_trigger_not_confirmed,1785296025.9235613,1785296025923561242,1384694140259432,7.4,53.0078125,-1.0,0,0
2026-07-28T23:33:45.924,10.42.0.1,10.42.0.47,8,1,DOWNLOAD,0.95,DOWNLOAD,0.95,-1,7240,2.746132596624788,12,28960.0,79528.0,5,7,0.26694196593171593,0.7330580340682841,0.23789533556660492,0,0,0,0,1,0,0,0,0.4,0.8500000000000001,0.0,0.4,0.15,skip,training_upload_trigger_not_confirmed,1785296025.9242392,1785296025924239222,1384694140938251,7.4,53.0078125,-1.0,0,0
2026-07-28T23:33:45.925,10.42.0.1,10.42.0.47,8,1,DOWNLOAD,0.95,DOWNLOAD,0.95,-1,7240,2.196906077315002,13,36200.0,79528.0,6,7,0.31280243329185675,0.6871975667081432,0.20672767453690277,0,0,0,0,1,0,0,0,0.4,0.8500000000000001,0.0,0.4,0.15,skip,training_upload_trigger_not_confirmed,1785296025.9256117,1785296025925611676,1384694142310018,7.4,53.0078125,-1.0,0,0
2026-07-28T23:33:45.926,10.42.0.1,10.42.0.47,8,1,DOWNLOAD,0.95,DOWNLOAD,0.95,-1,7240,1.8307550644375976,14,43440.0,79528.0,7,7,0.3532626374341292,0.6467373625658708,0.1795687159303378,0,0,0,0,1,0,0,0,0.32,0.8500000000000001,0.0,0.0,0.15,skip,training_upload_trigger_not_confirmed,1785296025.9262376,1785296025926237576,1384694142935601,7.4,53.0078125,-1.0,0,0
2026-07-28T23:33:45.926,10.42.0.1,10.42.0.47,8,1,DOWNLOAD,0.95,DOWNLOAD,0.95,-1,7240,1.5692186266659585,15,50680.0,79528.0,8,7,0.3892233964118948,0.6107766035881051,0.15597903233508564,0,0,0,0,1,0,0,0,0.32,0.8500000000000001,0.0,0.0,0.15,skip,training_upload_trigger_not_confirmed,1785296025.9267907,1785296025926790532,1384694143488426,7.4,53.0078125,-1.0,0,0
2026-07-28T23:33:45.927,10.42.0.1,10.42.0.47,8,1,DOWNLOAD,0.95,DOWNLOAD,0.95,-1,7240,1.3730662983361002,16,57920.0,79528.0,9,7,0.4213957278388918,0.5786042721611082,0.1354944422589694,0,0,0,0,1,0,0,0,0.32,0.8500000000000001,0.0,0.0,0.15,skip,training_upload_trigger_not_confirmed,1785296025.9273179,1785296025927317857,1384694144015789,7.4,53.0078125,-1.0,0,0
2026-07-28T23:33:45.927,10.42.0.1,10.42.0.47,8,1,DOWNLOAD,0.95,DOWNLOAD,0.95,-1,10136,1.1685670624167073,17,68056.0,79528.0,10,7,0.46113399826539464,0.5388660017346054,0.11770794145920024,0,0,0,0,1,0,0,0,0.30250000000000005,0.8000000000000002,0.0,0.0,0.15,skip,training_upload_trigger_not_confirmed,1785296025.9278355,1785296025927835294,1384694144533104,7.4,53.0078125,-1.0,0,0
2026-07-28T23:33:45.928,10.42.0.1,10.42.0.47,8,1,DOWNLOAD,0.95,DOWNLOAD,0.95,-1,4344,1.0984530386726734,18,72400.0,79528.0,11,7,0.4765415196672108,0.5234584803327892,0.10226578145109788,0,0,0,0,1,0,0,0,0.30250000000000005,0.8000000000000002,0.0,0.0,0.15,skip,training_upload_trigger_not_confirmed,1785296025.9283571,1785296025928357067,1384694145054994,7.4,53.0078125,-1.0,0,0
2026-07-28T23:33:45.928,10.42.0.1,10.42.0.47,8,1,DOWNLOAD,0.95,DOWNLOAD,0.95,-1,10136,0.9635552970829268,19,82536.0,79528.0,12,7,0.5092802843321157,0.4907197156678843,0.08886949999355956,0,0,0,0,1,0,0,0,0.30250000000000005,0.8000000000000002,0.0,0.0,0.15,skip,training_upload_trigger_not_confirmed,1785296025.9289622,1785296025928962357,1384694145660406,7.4,53.0078125,-1.0,0,0
2026-07-28T23:33:45.929,10.42.0.1,10.42.0.47,8,1,DOWNLOAD,0.95,DOWNLOAD,0.95,-1,14480,0.8197410736391962,20,97016.0,79528.0,13,7,0.5495287293819104,0.45047127061808956,0.07722807580492265,0,0,0,0,1,0,0,0,0.30250000000000005,0.8000000000000002,0.0,0.0,0.15,skip,training_upload_trigger_not_confirmed,1785296025.9294882,1785296025929488197,1384694146186176,7.4,53.0078125,-1.0,0,0
2026-07-28T23:33:45.929,10.42.0.1,10.42.0.47,8,1,DOWNLOAD,0.95,DOWNLOAD,0.95,-1,14480,0.7132811939467489,21,111496.0,79528.0,14,7,0.5836753496942793,0.41632465030572074,0.06711865196836958,0,0,0,0,1,0,0,0,0.28500000000000003,0.7500000000000001,0.0,0.0,0.15,skip,training_upload_trigger_not_confirmed,1785296025.9299986,1785296025929998668,1384694146696586,7.4,53.0078125,-1.0,0,0
2026-07-28T23:33:45.930,10.42.0.1,10.42.0.47,8,1,DOWNLOAD,0.95,DOWNLOAD,0.95,-1,4344,0.6865331491739768,22,115840.0,79528.0,15,7,0.5929323123541215,0.40706768764587853,0.05834164342747965,0,0,0,0,1,0,0,0,0.28500000000000003,0.7500000000000001,0.0,0.0,0.15,skip,training_upload_trigger_not_confirmed,1785296025.930511,1785296025930511041,1384694147208949,7.4,53.0078125,-1.0,0,0
2026-07-28T23:33:45.931,10.42.0.1,10.42.0.47,8,1,DOWNLOAD,0.95,DOWNLOAD,0.95,-1,14480,0.6102516881552313,23,130320.0,79528.0,16,7,0.6210209294346384,0.3789790705653616,0.050724707865068254,0,0,0,0,1,0,0,0,0.28500000000000003,0.7500000000000001,0.0,0.0,0.15,skip,training_upload_trigger_not_confirmed,1785296025.9310498,1785296025931049787,1384694147747869,7.4,53.0078125,-1.0,0,0
2026-07-28T23:33:45.931,10.42.0.1,10.42.0.47,8,1,DOWNLOAD,0.95,DOWNLOAD,0.95,-1,4344,0.5905661498277893,24,134664.0,79528.0,17,7,0.6287069545081049,0.3712930454918951,0.04411227537722309,0,0,0,0,1,0,0,0,0.28500000000000003,0.7500000000000001,0.0,0.0,0.15,skip,training_upload_trigger_not_confirmed,1785296025.9315946,1785296025931594388,1384694148292270,7.4,53.0078125,-1.0,0,0
2026-07-28T23:33:45.932,10.42.0.1,10.42.0.47,8,1,DOWNLOAD,0.95,DOWNLOAD,0.95,-1,14480,0.5332296304274176,25,149144.0,79528.0,18,7,0.6522180240694094,0.3477819759305905,0.03836946470636889,0,0,0,0,1,0,0,0,0.28500000000000003,0.7500000000000001,0.0,0.0,0.15,skip,training_upload_trigger_not_confirmed,1785296025.9321263,1785296025932126173,1384694148824064,7.4,53.0078125,-1.0,0,0
2026-07-28T23:33:45.933,10.42.0.1,10.42.0.47,8,1,DOWNLOAD,0.95,DOWNLOAD,0.95,-1,14480,0.48604116755802296,26,163624.0,79528.0,19,7,0.672928867539646,0.327071132460354,0.033447815698315043,0,0,0,0,1,0,0,0,0.28500000000000003,0.7500000000000001,0.0,0.0,0.15,skip,training_upload_trigger_not_confirmed,1785296025.9331467,1785296025933146713,1384694149844715,35.8,53.0078125,-1.0,0,0
2026-07-28T23:33:45.933,10.42.0.1,10.42.0.47,8,1,DOWNLOAD,0.95,DOWNLOAD,0.95,-1,14480,0.4465256254803568,27,178104.0,79528.0,20,7,0.6913116383058006,0.3086883616941995,0.029143202639801375,0,0,0,0,1,0,0,0,0.28500000000000003,0.7500000000000001,0.0,0.0,0.15,skip,training_upload_trigger_not_confirmed,1785296025.933928,1785296025933927865,1384694150625856,35.8,53.0078125,-1.0,0,0
2026-07-28T23:33:45.934,10.42.0.1,10.42.0.47,8,1,DOWNLOAD,0.95,DOWNLOAD,0.95,-1,14480,0.4129522701812562,28,192584.0,79528.0,21,7,0.7077379902393133,0.2922620097606868,0.02541280236132688,0,0,0,0,1,0,0,0,0.28500000000000003,0.7500000000000001,0.0,0.0,0.15,skip,training_upload_trigger_not_confirmed,1785296025.9347622,1785296025934762273,1384694151460328,35.8,53.0078125,-1.0,0,0
2026-07-28T23:33:45.935,10.42.0.1,10.42.0.47,8,1,DOWNLOAD,0.95,DOWNLOAD,0.95,-1,18824,0.376182547494058,29,211408.0,79528.0,22,7,0.7266477850798801,0.2733522149201199,0.022170706179825937,0,0,0,0,1,0,0,0,0.28500000000000003,0.7500000000000001,0.0,0.0,0.15,skip,training_upload_trigger_not_confirmed,1785296025.9355717,1785296025935571676,1384694152269741,35.8,53.0078125,-1.0,0,0
2026-07-28T23:33:45.936,10.42.0.1,10.42.0.47,8,1,DOWNLOAD,0.95,DOWNLOAD,0.95,-1,10136,0.3589715812689173,30,221544.0,79528.0,23,7,0.7358505606632301,0.26414943933676993,0.01935212823757051,0,0,0,0,1,0,0,0,0.28500000000000003,0.7500000000000001,0.0,0.0,0.15,skip,training_upload_trigger_not_confirmed,1785296025.936353,1785296025936353034,1384694153051093,35.8,53.0078125,-1.0,0,0
2026-07-28T23:33:45.937,10.42.0.1,10.42.0.47,8,1,DOWNLOAD,0.95,DOWNLOAD,0.95,-1,18824,0.3308593490009865,31,240368.0,79528.0,24,7,0.7513942031160127,0.2486057968839873,0.016948040273679764,0,0,0,0,1,0,0,0,0.28500000000000003,0.7500000000000001,0.0,0.0,0.15,skip,training_upload_trigger_not_confirmed,1785296025.9374611,1785296025937461262,1384694154159384,35.8,53.0078125,-1.0,0,0
2026-07-28T23:33:45.938,10.42.0.1,10.42.0.47,8,1,DOWNLOAD,0.95,DOWNLOAD,0.95,-1,18824,0.30683045773285117,32,259192.0,79528.0,25,7,0.7652102031176192,0.23478979688238072,0.0149068705871531,0,0,0,0,1,0,0,0,0.28500000000000003,0.7500000000000001,0.0,0.0,0.15,skip,training_upload_trigger_not_confirmed,1785296025.9389193,1785296025938919530,1384694155617683,35.8,53.0078125,-1.0,0,0
2026-07-28T23:33:45.939,10.42.0.1,10.42.0.47,8,1,DOWNLOAD,0.95,DOWNLOAD,0.95,-1,6784,0.2990044214541951,33,265976.0,79528.0,26,7,0.7698203204593869,0.23017967954061314,0.013061535054585254,0,0,0,0,1,0,0,0,0.28500000000000003,0.7500000000000001,0.0,0.0,0.15,skip,training_upload_trigger_not_confirmed,1785296025.9398224,1785296025939822431,1384694156520482,35.8,53.0078125,-1.0,0,0
2026-07-28T23:33:45.940,10.42.0.47,10.42.0.47,8,1,DOWNLOAD,0.95,DOWNLOAD,0.95,-1,7240,10.984530385361252,8,7240.0,79528.0,1,7,0.08344089987092015,0.9165591001290798,0.2867332786437082,0,0,0,0,0,0,0,0,0.057499999999999996,0.1,0.0,0.0,0.15,skip,training_upload_trigger_not_confirmed,1785296025.940948,1785296025940948042,1384694157647010,35.8,53.0078125,-1.0,0,0
2026-07-28T23:33:45.941,10.42.0.47,10.42.0.47,8,1,DOWNLOAD,0.95,DOWNLOAD,0.95,-1,7240,5.492265193059926,9,14480.0,79528.0,2,7,0.15402944430261253,0.8459705556973874,0.24904441097095498,0,0,0,0,0,0,0,0,0.057499999999999996,0.1,0.0,0.0,0.15,skip,training_upload_trigger_not_confirmed,1785296025.941671,1785296025941670823,1384694158369098,35.8,53.0078125,-1.0,0,0
2026-07-28T23:33:45.942,10.42.0.1,10.42.0.47,8,1,DOWNLOAD,0.95,DOWNLOAD,0.95,-1,16920,0.2811209773228284,34,282896.0,79528.0,27,7,0.7805664084056243,0.21943359159437564,0.011670681612866567,0,0,0,0,1,0,0,0,0.28500000000000003,0.7500000000000001,0.0,0.0,0.15,skip,training_upload_trigger_not_confirmed,1785296025.9423292,1785296025942329031,1384694159027035,35.8,53.0078125,-1.0,0,0
2026-07-28T23:33:45.943,10.42.0.145,10.42.0.47,7,1,DOWNLOAD,0.95,DOWNLOAD,0.95,-1,7300,1.3698630135109776e-10,1,7300.0,0.0,1,0,1.0,0.0,1.173003036147794,0,0,0,0,0,0,0,0,0.0225,0.0,0.0,0.0,0.15,skip,training_upload_trigger_not_confirmed,1785296025.9433837,1785296025943383868,1384694160082172,35.8,53.0078125,-1.0,0,0
2026-07-28T23:33:45.944,10.42.0.145,10.42.0.47,7,1,DOWNLOAD,0.9502258526793441,DOWNLOAD,0.9502258526793441,-1,7300,6.84931506802402e-11,2,14600.0,0.0,2,0,1.0,0.0,1.018543497035889,0,0,0,0,0,0,0,0,0.0225,0.0,0.0,0.0,0.15,skip,training_upload_trigger_not_confirmed,1785296025.944236,1785296025944236004,1384694160934191,35.8,53.0078125,-1.0,0,0
2026-07-28T23:33:45.944,10.42.0.1,10.42.0.47,8,1,DOWNLOAD,0.95,DOWNLOAD,0.95,-1,16920,0.26525602369698326,35,299816.0,79528.0,28,7,0.7903538740562656,0.20964612594373444,0.010463358484444617,0,0,0,0,1,0,0,0,0.28500000000000003,0.7500000000000001,0.0,0.0,0.15,skip,training_upload_trigger_not_confirmed,1785296025.9448378,1785296025944837989,1384694161535947,35.8,53.0078125,-1.0,0,0
2026-07-28T23:33:45.945,10.42.0.59,10.42.0.47,4,1,DOWNLOAD,0.95,DOWNLOAD,0.95,-1,7300,1.3698630135109776e-10,1,7300.0,0.0,1,0,1.0,0.0,1.2263609708907177,0,0,0,0,0,0,0,0,0.0225,0.0,0.0,0.0,0.15,skip,already_attacked_this_round,1785296025.945596,1785296025945595984,1384694162293951,35.8,53.0078125,-1.0,0,0
2026-07-28T23:33:45.946,10.42.0.59,10.42.0.47,4,1,DOWNLOAD,0.9572331632730312,DOWNLOAD,0.9572331632730312,-1,7300,6.84931506802402e-11,2,14600.0,0.0,2,0,1.0,0.0,1.064827242226843,0,0,0,0,0,0,0,0,0.0225,0.0,0.0,0.0,0.15,skip,already_attacked_this_round,1785296025.9461222,1785296025946122302,1384694162820310,35.8,53.0078125,-1.0,0,0
2026-07-28T23:33:45.946,10.42.0.1,10.42.0.47,8,1,DOWNLOAD,0.95,DOWNLOAD,0.95,-1,21720,0.2473377786647612,36,321536.0,79528.0,29,7,0.801707458161291,0.19829254183870904,0.009336994443160865,0,0,0,0,1,0,0,0,0.28500000000000003,0.7500000000000001,0.0,0.0,0.15,skip,training_upload_trigger_not_confirmed,1785296025.9467535,1785296025946753585,1384694163451547,35.8,53.0078125,-1.0,0,0
2026-07-28T23:33:45.947,10.42.0.1,10.42.0.47,8,1,DOWNLOAD,0.95,DOWNLOAD,0.95,-1,14024,0.23700083442830788,37,335560.0,79528.0,30,7,0.8084068920325329,0.19159310796746715,0.008223175817114604,0,0,0,0,1,0,0,0,0.28500000000000003,0.7500000000000001,0.0,0.0,0.15,skip,training_upload_trigger_not_confirmed,1785296025.947638,1785296025947637985,1384694164336037,35.8,53.0078125,-1.0,0,0
2026-07-28T23:33:45.948,10.42.0.18,10.42.0.47,8,1,DOWNLOAD,0.95,DOWNLOAD,0.95,-1,7300,1.3698630135109776e-10,1,7300.0,0.0,1,0,1.0,0.0,1.075455093855211,0,0,0,0,0,0,0,0,0.0225,0.0,0.0,0.0,0.15,skip,training_upload_trigger_not_confirmed,1785296025.9484582,1785296025948458199,1384694165156239,35.8,53.0078125,-1.0,0,0
2026-07-28T23:33:45.949,10.42.0.18,10.42.0.47,8,1,DOWNLOAD,0.953362492334668,DOWNLOAD,0.953362492334668,-1,7300,6.84931506802402e-11,2,14600.0,0.0,2,0,1.0,0.0,0.9338390170978429,0,0,0,0,0,0,0,0,0.0225,0.0,0.0,0.0,0.15,skip,training_upload_trigger_not_confirmed,1785296025.949228,1785296025949228103,1384694165926456,35.8,53.0078125,-1.0,0,0
2026-07-28T23:33:45.950,10.42.0.1,10.42.0.47,8,1,DOWNLOAD,0.95,DOWNLOAD,0.95,-1,11584,0.22909224990427862,38,347144.0,79528.0,31,7,0.8136085798927514,0.18639142010724866,0.007466124495923861,0,0,0,0,1,0,0,0,0.28500000000000003,0.7500000000000001,0.0,0.0,0.15,skip,training_upload_trigger_not_confirmed,1785296025.9501162,1785296025950116140,1384694166814685,35.8,53.0078125,-1.0,0,0
2026-07-28T23:33:45.950,10.42.0.1,10.42.0.47,8,1,DOWNLOAD,0.95,DOWNLOAD,0.95,-1,10136,0.22259292431923813,39,357280.0,79528.0,32,7,0.8179337374773356,0.18206626252266442,0.00659063880064514,0,0,0,0,1,0,0,0,0.28500000000000003,0.7500000000000001,0.0,0.0,0.15,skip,training_upload_trigger_not_confirmed,1785296025.9509385,1785296025950938264,1384694167636363,35.8,53.0078125,-1.0,0,0
2026-07-28T23:33:45.951,10.42.0.1,10.42.0.47,8,1,DOWNLOAD,0.95,DOWNLOAD,0.95,-1,14024,0.21418568073811703,40,371304.0,79528.0,33,7,0.8235972601767398,0.1764027398232601,0.005824299106434077,0,0,0,0,1,0,0,0,0.28500000000000003,0.7500000000000001,0.0,0.0,0.15,skip,training_upload_trigger_not_confirmed,1785296025.9517136,1785296025951713460,1384694168411563,35.8,53.0078125,-1.0,0,0
2026-07-28T23:33:45.952,10.42.0.210,10.42.0.47,8,1,DOWNLOAD,0.9834265472215078,DOWNLOAD,0.9834265472215078,-1,7240,1.381215469422484e-10,1,7240.0,0.0,1,0,1.0,0.0,0.42405323002403605,0,0,0,0,0,0,0,0,0.0225,0.0,0.0,0.0,0.15,skip,training_upload_trigger_not_confirmed,1785296025.9524617,1785296025952461898,1384694169159760,35.8,53.0078125,-1.0,0,0
2026-07-28T23:33:45.952,10.42.0.210,10.42.0.47,8,1,DOWNLOAD,0.95,DOWNLOAD,0.95,-1,7240,6.90607734758936e-11,2,14480.0,0.0,2,0,1.0,0.0,0.3682412942329791,0,0,0,0,0,0,0,0,0.0225,0.0,0.0,0.0,0.15,skip,training_upload_trigger_not_confirmed,1785296025.9529736,1785296025952973585,1384694169671454,35.8,53.0078125,-1.0,0,0
2026-07-28T23:33:45.954,10.42.0.145,10.42.0.47,7,1,DOWNLOAD,0.95,DOWNLOAD,0.95,-1,14600,3.424657534129292e-11,3,29200.0,0.0,3,0,1.0,0.0,0.8856690657904162,0,0,0,0,0,0,0,0,0.0225,0.0,0.0,0.0,0.15,skip,training_upload_trigger_not_confirmed,1785296025.9544322,1785296025954432197,1384694171130388,35.8,53.0078125,-1.0,0,0
2026-07-28T23:33:45.955,10.42.0.145,10.42.0.47,7,1,DOWNLOAD,0.9545932381306718,DOWNLOAD,0.9545932381306718,-1,14600,2.2831050227789245e-11,4,43800.0,0.0,4,0,1.0,0.0,0.7690391939273999,0,0,0,0,0,0,0,0,0.0225,0.0,0.0,0.0,0.15,skip,training_upload_trigger_not_confirmed,1785296025.9550295,1785296025955029418,1384694171727516,35.8,53.0078125,-1.0,0,0
2026-07-28T23:33:45.955,10.42.0.145,10.42.0.47,7,1,DOWNLOAD,0.9579566186904453,DOWNLOAD,0.9579566186904453,0,43,2.2831050227789245e-11,4,43800.0,0.0,4,0,1.0,0.0,1.2827930606263327,0,0,0,0,0,0,0,0,0.0225,0.0,0.0,0.0,0.15,skip,training_upload_trigger_not_confirmed,1785296025.9556198,1785296025955619744,1384694172317846,35.8,53.0078125,-1.0,0,0
2026-07-28T23:33:45.957,10.42.0.47,10.42.0.47,8,1,DOWNLOAD,0.9,DOWNLOAD,0.9,0,43,5.492265193059926,9,14480.0,79528.0,2,7,0.15402944430261253,0.8459705556973874,0.2529898506994332,0,0,0,0,0,0,0,0,0.057499999999999996,0.1,0.0,0.0,0.15,skip,training_upload_trigger_not_confirmed,1785296025.957177,1785296025957176710,1384694173874601,35.8,53.0078125,-1.0,0,0
2026-07-28T23:33:45.957,10.42.0.47,10.42.0.47,8,1,DOWNLOAD,0.95,DOWNLOAD,0.95,-1,10136,3.2307442313035932,10,24616.0,79528.0,3,7,0.23636503303118758,0.7636349669688124,0.2218001350626294,0,0,0,0,0,0,0,0,0.057499999999999996,0.1,0.0,0.0,0.15,skip,training_upload_trigger_not_confirmed,1785296025.9579706,1785296025957970714,1384694174669016,35.8,53.0078125,-1.0,0,0
2026-07-28T23:33:45.958,10.42.0.47,10.42.0.47,8,1,DOWNLOAD,0.95,DOWNLOAD,0.95,-1,4344,2.746132596624788,11,28960.0,79528.0,4,7,0.26694196593171593,0.7330580340682841,0.1926799878748452,0,0,0,0,0,0,0,0,0.057499999999999996,0.1,0.0,0.0,0.15,skip,training_upload_trigger_not_confirmed,1785296025.958786,1785296025958786105,1384694175484294,35.8,53.0078125,-1.0,0,0
2026-07-28T23:33:45.959,10.42.0.47,10.42.0.47,8,1,DOWNLOAD,0.95,DOWNLOAD,0.95,-1,14480,1.8307550644375976,12,43440.0,79528.0,5,7,0.3532626374341292,0.6467373625658708,0.16741717696701464,0,0,0,0,0,0,0,0,0.057499999999999996,0.1,0.0,0.0,0.15,skip,training_upload_trigger_not_confirmed,1785296025.9597535,1785296025959753451,1384694176451907,35.8,53.0078125,-1.0,0,0
2026-07-28T23:33:45.961,10.42.0.18,10.42.0.47,8,1,DOWNLOAD,0.9456277429400402,DOWNLOAD,0.9456277429400402,0,43,6.84931506802402e-11,2,14600.0,0.0,2,0,1.0,0.0,1.4202756738723896,0,0,0,0,0,0,0,0,0.0225,0.0,0.0,0.0,0.15,skip,training_upload_trigger_not_confirmed,1785296025.9616125,1785296025961612431,1384694178311418,35.8,53.0078125,-1.0,0,0
2026-07-28T23:33:45.962,10.42.0.18,10.42.0.47,8,1,DOWNLOAD,0.95,DOWNLOAD,0.95,-1,10220,4.029008863657171e-11,3,24820.0,0.0,3,0,1.0,0.0,1.2348622347881917,0,0,0,0,0,0,0,0,0.0225,0.0,0.0,0.0,0.15,skip,training_upload_trigger_not_confirmed,1785296025.9624524,1785296025962452597,1384694179151564,35.8,53.0078125,-1.0,0,0
2026-07-28T23:33:45.965,10.42.0.145,10.42.0.47,7,1,DOWNLOAD,0.967118143214346,DOWNLOAD,0.967118143214346,-1,29200,1.369863013679865e-11,5,73000.0,0.0,5,0,1.0,0.0,1.1151868561328464,0,0,0,0,0,0,0,0,0.0225,0.0,0.0,0.0,0.15,skip,training_upload_trigger_not_confirmed,1785296025.9659054,1785296025965905476,1384694182603592,35.8,53.0078125,-1.0,0,0
2026-07-28T23:33:45.966,10.42.0.145,10.42.0.47,7,1,DOWNLOAD,0.9710114831782645,DOWNLOAD,0.9710114831782645,-1,6184,1.2628813901638856e-11,6,79184.0,0.0,6,0,1.0,0.0,0.9683228623073822,0,0,0,0,0,0,0,0,0.0225,0.0,0.0,0.0,0.15,skip,training_upload_trigger_not_confirmed,1785296025.966582,1785296025966581967,1384694183280056,35.8,53.0078125,-1.0,0,0
2026-07-28T23:33:45.967,10.42.0.59,10.42.0.47,4,1,DOWNLOAD,0.9609983595461137,DOWNLOAD,0.9609983595461137,0,43,6.84931506802402e-11,2,14600.0,0.0,2,0,1.0,0.0,1.5414974501525285,0,0,0,0,0,0,0,0,0.0225,0.0,0.0,0.0,0.15,skip,already_attacked_this_round,1785296025.96739,1785296025967390003,1384694184088259,35.8,53.0078125,-1.0,0,0
2026-07-28T23:33:45.967,10.42.0.59,10.42.0.47,4,1,DOWNLOAD,0.95,DOWNLOAD,0.95,-1,14600,3.424657534129292e-11,3,29200.0,0.0,3,0,1.0,0.0,1.3412458796665805,0,0,0,0,0,0,0,0,0.0225,0.0,0.0,0.0,0.15,skip,already_attacked_this_round,1785296025.9679658,1785296025967965945,1384694184663861,35.8,53.0078125,-1.0,0,0
2026-07-28T23:33:45.968,10.42.0.59,10.42.0.47,4,1,DOWNLOAD,0.9553838409687755,DOWNLOAD,0.9553838409687755,-1,14600,2.2831050227789245e-11,4,43800.0,0.0,4,0,1.0,0.0,1.1645888056622478,0,0,0,0,0,0,0,0,0.0225,0.0,0.0,0.0,0.15,skip,already_attacked_this_round,1785296025.96861,1785296025968610110,1384694185308177,35.8,53.0078125,-1.0,0,0
2026-07-28T23:33:45.970,10.42.0.18,10.42.0.47,8,1,DOWNLOAD,0.95,DOWNLOAD,0.95,-1,14600,2.536783358636814e-11,4,39420.0,0.0,4,0,1.0,0.0,1.073250250297427,0,0,0,0,0,0,0,0,0.0225,0.0,0.0,0.0,0.15,skip,training_upload_trigger_not_confirmed,1785296025.970886,1785296025970885828,1384694187583766,35.8,53.0078125,-1.0,0,0
2026-07-28T23:33:45.973,10.42.0.47,10.42.0.47,8,1,DOWNLOAD,0.95,DOWNLOAD,0.95,-1,5792,1.615372115684608,13,49232.0,79528.0,6,7,0.3823547685616651,0.6176452314383349,0.14712357200906806,0,0,0,0,0,0,0,0,0.057499999999999996,0.1,0.0,0.0,0.15,skip,training_upload_trigger_not_confirmed,1785296025.9731681,1785296025973168225,1384694189866488,35.8,53.0078125,-1.0,0,0
2026-07-28T23:33:45.973,10.42.0.47,10.42.0.47,8,1,DOWNLOAD,0.95,DOWNLOAD,0.95,-1,14480,1.2482420893984139,14,63712.0,79528.0,7,7,0.44479195755375595,0.5552080424462441,0.12781649320458488,0,0,0,0,0,0,0,0,0.057499999999999996,0.1,0.0,0.0,0.15,skip,training_upload_trigger_not_confirmed,1785296025.9737756,1785296025973775742,1384694190473906,35.8,53.0078125,-1.0,0,0
2026-07-28T23:33:45.974,10.42.0.47,10.42.0.47,8,1,DOWNLOAD,0.95,DOWNLOAD,0.95,-1,8688,1.0984530386726734,15,72400.0,79528.0,8,7,0.4765415196672108,0.5234584803327892,0.1110524005891012,0,0,0,0,0,0,0,0,0.039999999999999994,0.05,0.0,0.0,0.15,skip,training_upload_trigger_not_confirmed,1785296025.974374,1785296025974374037,1384694191072219,35.8,53.0078125,-1.0,0,0
2026-07-28T23:33:45.975,10.42.0.18,10.42.0.47,8,1,DOWNLOAD,0.9537664783953682,DOWNLOAD,0.9537664783953682,-1,17520,1.756234632916118e-11,5,56940.0,0.0,5,0,1.0,0.0,0.9323948154791728,0,0,0,0,0,0,0,0,0.0225,0.0,0.0,0.0,0.15,skip,training_upload_trigger_not_confirmed,1785296025.9752233,1785296025975223378,1384694191921289,35.8,53.0078125,-1.0,0,0
2026-07-28T23:33:45.976,10.42.0.18,10.42.0.47,8,1,DOWNLOAD,0.9612239236695431,DOWNLOAD,0.9612239236695431,-1,7300,1.556662515542393e-11,6,64240.0,0.0,6,0,1.0,0.0,0.8096739756240013,0,0,0,0,0,0,0,0,0.0225,0.0,0.0,0.0,0.15,skip,training_upload_trigger_not_confirmed,1785296025.9763236,1785296025976323547,1384694193021934,35.8,53.0078125,-1.0,0,0
2026-07-28T23:33:45.977,10.42.0.59,10.42.0.47,4,1,DOWNLOAD,0.9654880444431402,DOWNLOAD,0.9654880444431402,-1,20440,1.556662515542393e-11,5,64240.0,0.0,5,0,1.0,0.0,1.0123012818731962,0,0,0,0,0,0,0,0,0.0225,0.0,0.0,0.0,0.15,skip,already_attacked_this_round,1785296025.977531,1785296025977530819,1384694194228835,35.8,53.0078125,-1.0,0,0
2026-07-28T23:33:45.978,10.42.0.59,10.42.0.47,4,1,DOWNLOAD,0.9710608075951808,DOWNLOAD,0.9710608075951808,-1,14944,1.2628813901638856e-11,6,79184.0,0.0,6,0,1.0,0.0,0.8789968971662347,0,0,0,0,0,0,0,0,0.0225,0.0,0.0,0.0,0.15,skip,already_attacked_this_round,1785296025.9782221,1785296025978221955,1384694194920111,35.8,53.0078125,-1.0,0,0
2026-07-28T23:33:45.979,10.42.0.18,10.42.0.47,8,1,DOWNLOAD,0.9648056039457933,DOWNLOAD,0.9648056039457933,-1,14600,1.2683916793344953e-11,7,78840.0,0.0,7,0,1.0,0.0,0.7033384366376374,0,0,0,0,0,0,0,0,0.0225,0.0,0.0,0.0,0.15,skip,training_upload_trigger_not_confirmed,1785296025.9790466,1785296025979046741,1384694195744764,35.8,53.0078125,-1.0,0,0
2026-07-28T23:33:45.983,10.42.0.210,10.42.0.47,8,1,DOWNLOAD,0.9557926560077417,DOWNLOAD,0.9557926560077417,-1,1448,6.278252134211561e-11,3,15928.0,0.0,3,0,1.0,0.0,0.3238015827636255,0,0,0,0,0,0,0,0,0.0225,0.0,0.0,0.0,0.15,skip,training_upload_trigger_not_confirmed,1785296025.9839742,1785296025983974202,1384694200672066,35.8,53.0078125,-1.0,0,0
2026-07-28T23:33:45.984,10.42.0.47,10.42.0.47,8,1,DOWNLOAD,0.95,DOWNLOAD,0.95,-1,6801,1.0041287357482338,16,79201.0,79528.0,9,7,0.49896994248058013,0.5010300575194199,0.09776225518235519,0,0,0,0,0,0,0,0,0.039999999999999994,0.05,0.0,0.0,0.15,skip,training_upload_trigger_not_confirmed,1785296025.9845712,1785296025984571172,1384694201269088,35.8,53.0078125,-1.0,0,0
2026-07-28T23:33:45.985,10.42.0.18,10.42.0.47,8,1,DOWNLOAD,0.968224106650104,DOWNLOAD,0.968224106650104,-1,361,1.2626103205608186e-11,8,79201.0,0.0,8,0,1.0,0.0,0.6114571879509137,0,0,0,0,0,0,0,0,0.0225,0.0,0.0,0.0,0.15,skip,training_upload_trigger_not_confirmed,1785296025.9851236,1785296025985123580,1384694201821532,35.8,53.0078125,-1.0,0,0
2026-07-28T23:33:46.113,10.42.0.210,10.42.0.47,8,1,DOWNLOAD,0.9846998846180315,DOWNLOAD,0.9846998846180315,-1,10136,3.8367096376674066e-11,4,26064.0,0.0,4,0,1.0,0.0,0.29823584984133106,0,0,0,0,0,0,0,0,0.0225,0.0,0.0,0.0,0.15,skip,training_upload_trigger_not_confirmed,1785296026.1137645,1785296026113764621,1384694330463263,35.8,53.0078125,-1.0,0,0
2026-07-28T23:33:46.114,10.42.0.210,10.42.0.47,8,1,DOWNLOAD,0.9854895428954357,DOWNLOAD,0.9854895428954357,-1,14480,2.4664561956771294e-11,5,40544.0,0.0,5,0,1.0,0.0,0.2590663302862784,0,0,0,0,0,0,0,0,0.0225,0.0,0.0,0.0,0.15,skip,training_upload_trigger_not_confirmed,1785296026.1147537,1785296026114753769,1384694331451917,35.8,53.0078125,-1.0,0,0
2026-07-28T23:33:46.115,10.42.0.210,10.42.0.47,8,1,DOWNLOAD,0.9855083405864443,DOWNLOAD,0.9855083405864443,0,43,2.4664561956771294e-11,5,40544.0,0.0,5,0,1.0,0.0,0.6669835929557328,0,0,0,0,0,0,0,0,0.0225,0.0,0.0,0.0,0.15,skip,training_upload_trigger_not_confirmed,1785296026.11538,1785296026115379975,1384694332078037,35.8,53.0078125,-1.0,0,0
2026-07-28T23:33:46.116,10.42.0.210,10.42.0.47,8,1,DOWNLOAD,0.9855087208476458,DOWNLOAD,0.9855087208476458,-1,5792,2.158149171224142e-11,6,46336.0,0.0,6,0,1.0,0.0,0.5793669615981236,0,0,0,0,0,0,0,0,0.0225,0.0,0.0,0.0,0.15,skip,training_upload_trigger_not_confirmed,1785296026.116839,1785296026116838970,1384694333537080,35.8,53.0078125,-1.0,0,0
2026-07-28T23:33:46.117,10.42.0.210,10.42.0.47,8,1,DOWNLOAD,0.9855087261970161,DOWNLOAD,0.9855087261970161,-1,14480,1.6443041304649383e-11,7,60816.0,0.0,7,0,1.0,0.0,0.503134636526552,0,0,0,0,0,0,0,0,0.0225,0.0,0.0,0.0,0.15,skip,training_upload_trigger_not_confirmed,1785296026.1176999,1785296026117699731,1384694334397811,35.8,53.0078125,-1.0,0,0
2026-07-28T23:33:46.118,10.42.0.210,10.42.0.47,8,1,DOWNLOAD,0.9855087261721334,DOWNLOAD,0.9855087261721334,-1,18368,1.2628813901638856e-11,8,79184.0,0.0,8,0,1.0,0.0,0.43697980000948955,0,0,0,0,0,0,0,0,0.0225,0.0,0.0,0.0,0.15,skip,training_upload_trigger_not_confirmed,1785296026.1188037,1785296026118803774,1384694335501810,35.8,53.0078125,-1.0,0,0
2026-07-28T23:33:46.297,10.42.0.145,10.42.0.47,7,2,TRAINING,0.95,TRAINING,0.95,1,64240,0.811275005053909,7,79184.0,64240.0,6,1,0.5520972780008925,0.4479027219991075,0.885806937090734,0,0,0,0,1,0,0,0,0.4525,1.0,0.0,0.4,0.15,skip,training_upload_trigger_not_confirmed,1785296026.2977521,1785296026297752066,1384694514450842,35.8,53.0078125,-1.0,0,0
2026-07-28T23:33:46.299,10.42.0.145,10.42.0.47,7,3,UPLOAD,0.95,UPLOAD,0.95,1,3609,0.8568523944249236,8,79184.0,67849.0,6,2,0.5385457686369727,0.4614542313630273,0.7692810814011337,0,0,0,1,1,1,1,1,0.85,1.0,1.0,0.4,0.8,trigger,training_upload_trigger_confirmed,1785296026.2992766,1785296026299276445,1384694515975248,35.8,53.0078125,10.956129,1785296026310234139,1384694526931377
2026-07-28T23:33:46.300,10.42.0.1,10.42.0.47,8,2,TRAINING,0.95,TRAINING,0.95,1,7240,0.2336845280437763,41,371304.0,86768.0,33,8,0.8105799961578093,0.18942000384219074,0.028832267151475292,0,0,0,0,1,0,0,0,0.4525,1.0,0.0,0.4,0.15,skip,training_upload_trigger_not_confirmed,1785296026.300897,1785296026300896680,1384694517595363,35.8,53.0078125,-1.0,0,0
2026-07-28T23:33:46.301,10.42.0.1,10.42.0.1,8,3,UPLOAD,0.95,UPLOAD,0.95,1,7240,0.2531833753494355,42,371304.0,94008.0,33,9,0.7979678151433877,0.20203218485661234,0.025165272313671855,1,0,0,1,1,1,1,1,0.9699999999999999,1.0,1.0,1.0,0.8,trigger,training_upload_trigger_confirmed,1785296026.3019013,1785296026301901299,1384694518599636,35.8,53.0078125,19.532942,1785296026321435349,1384694538132578
2026-07-28T23:33:46.302,10.42.0.59,10.42.0.1,4,2,TRAINING,0.95,TRAINING,0.95,1,64240,0.811275005053909,7,79184.0,64240.0,6,1,0.5520972780008925,0.4479027219991075,0.8073817153112606,0,0,0,0,1,0,0,0,0.4525,1.0,0.0,0.4,0.15,skip,already_attacked_this_round,1785296026.3029191,1785296026302919251,1384694519618356,35.8,53.0078125,-1.0,0,0
2026-07-28T23:33:46.303,10.42.0.1,10.42.0.1,8,3,UPLOAD,0.95,UPLOAD,0.95,1,7240,0.2726822226550948,43,371304.0,101248.0,33,10,0.7857420982241108,0.21425790177588921,0.022110022689934075,1,0,1,1,1,1,1,1,0.9699999999999999,1.0,1.0,1.0,0.8,skip,attack_already_active,1785296026.3038812,1785296026303881215,1384694520579386,35.8,53.0078125,-1.0,0,0
2026-07-28T23:33:46.304,10.42.0.1,10.42.0.1,8,3,UPLOAD,0.95,UPLOAD,0.95,1,7240,0.292181069960754,44,371304.0,108488.0,33,11,0.7738853503184714,0.22611464968152867,0.01930292862278206,1,0,1,1,1,1,1,1,0.9699999999999999,1.0,1.0,1.0,0.8,skip,attack_already_active,1785296026.304689,1785296026304688910,1384694521388666,35.8,53.0078125,-1.0,0,0
2026-07-28T23:33:46.309,10.42.0.1,10.42.0.1,8,3,UPLOAD,0.95,UPLOAD,0.95,1,14480,0.3311787645720725,45,371304.0,122968.0,33,12,0.7512139065130131,0.2487860934869869,0.017410202841470487,1,0,1,1,1,1,1,1,0.9699999999999999,1.0,1.0,1.0,0.8,skip,attack_already_active,1785296026.3096285,1785296026309628531,1384694526326924,35.8,53.0078125,-1.0,0,0
2026-07-28T23:33:46.310,10.42.0.1,10.42.0.1,8,3,UPLOAD,0.95,UPLOAD,0.95,1,14480,0.37017645918339104,46,371304.0,137448.0,33,13,0.7298330031135013,0.2701669968864987,0.015219063367714785,1,0,1,1,1,1,1,1,0.9699999999999999,1.0,1.0,1.0,0.8,skip,attack_already_active,1785296026.3104107,1785296026310410755,1384694527109089,35.8,53.0078125,-1.0,0,0
2026-07-28T23:33:46.311,10.42.0.1,10.42.0.1,8,3,UPLOAD,0.9401890087527985,UPLOAD,0.9401890087527985,0,43,0.37017645918339104,46,371304.0,137448.0,33,13,0.7298330031135013,0.2701669968864987,0.03807995055679211,1,0,1,1,1,1,1,1,0.8025,0.7500000000000001,1.0,0.6000000000000001,0.8,skip,attack_already_active,1785296026.311022,1785296026311022140,1384694527720221,35.8,53.0078125,-1.0,0,0
2026-07-28T23:33:46.311,10.42.0.1,10.42.0.1,8,3,UPLOAD,0.9325314840993557,UPLOAD,0.9325314840993557,0,43,0.37017645918339104,46,371304.0,137448.0,33,13,0.7298330031135013,0.2701669968864987,0.033172229243683765,1,0,1,1,1,1,1,1,0.8025,0.7500000000000001,1.0,0.6000000000000001,0.8,skip,attack_already_active,1785296026.3118587,1785296026311858621,1384694528556637,35.8,53.0078125,-1.0,0,0
2026-07-28T23:33:46.312,10.42.0.1,10.42.0.1,8,3,UPLOAD,0.95,UPLOAD,0.95,1,14480,0.40917415379470956,47,371304.0,151928.0,33,14,0.7096354962999205,0.2903645037000795,0.0291082393267453,1,0,1,1,1,1,1,1,0.9699999999999999,1.0,1.0,1.0,0.8,skip,attack_already_active,1785296026.3127425,1785296026312742443,1384694529440633,35.8,53.0078125,-1.0,0,0
2026-07-28T23:33:46.313,10.42.0.1,10.42.0.1,8,3,UPLOAD,0.95,UPLOAD,0.95,1,14480,0.44817184840602803,48,371304.0,166408.0,33,15,0.6905257833189514,0.3094742166810486,0.025351123091110456,1,0,1,1,1,1,1,1,0.9699999999999999,1.0,1.0,1.0,0.8,skip,attack_already_active,1785296026.313339,1785296026313338904,1384694530036837,35.8,53.0078125,-1.0,0,0
2026-07-28T23:33:46.315,10.42.0.1,10.42.0.1,8,3,UPLOAD,0.95,UPLOAD,0.95,1,14480,0.48716954301734655,49,371304.0,180888.0,33,16,0.6724182892906815,0.3275817107093185,0.02230091551261553,1,0,1,1,1,1,1,1,0.9699999999999999,1.0,1.0,1.0,0.8,skip,attack_already_active,1785296026.315543,1785296026315542924,1384694532241104,35.8,53.0078125,-1.0,0,0
2026-07-28T23:33:46.316,10.42.0.1,10.42.0.1,8,3,UPLOAD,0.95,UPLOAD,0.95,1,14480,0.526167237628665,50,371304.0,195368.0,33,17,0.655236186012367,0.34476381398763306,0.019486731697085168,1,0,1,1,1,1,1,1,0.9699999999999999,1.0,1.0,1.0,0.8,skip,attack_already_active,1785296026.3164878,1785296026316487579,1384694533185797,35.8,53.0078125,-1.0,0,0
2026-07-28T23:33:46.317,10.42.0.1,10.42.0.1,8,3,UPLOAD,0.95,UPLOAD,0.95,1,7129,0.5453671385184502,51,371304.0,202497.0,33,18,0.6470954215834409,0.35290457841655903,0.01703383454450742,1,0,1,1,1,1,1,1,0.9699999999999999,1.0,1.0,1.0,0.8,skip,attack_already_active,1785296026.3173602,1785296026317360044,1384694534058214,35.8,53.0078125,-1.0,0,0
2026-07-28T23:33:46.318,10.42.0.1,10.42.0.1,8,3,UPLOAD,0.95,UPLOAD,0.95,1,14480,0.5843648331297687,52,371304.0,216977.0,33,19,0.6311677582651828,0.3688322417348172,0.014934233141102126,1,0,1,1,1,1,1,1,0.9699999999999999,1.0,1.0,1.0,0.8,skip,attack_already_active,1785296026.3184607,1785296026318460701,1384694535158987,35.8,53.0078125,-1.0,0,0
2026-07-28T23:33:46.319,10.42.0.1,10.42.0.1,8,3,UPLOAD,0.95,UPLOAD,0.95,1,20272,0.6389616055856145,53,371304.0,237249.0,33,20,0.6101424198056702,0.3898575801943298,0.013114353093012409,1,0,1,1,1,1,1,1,0.9699999999999999,1.0,1.0,1.0,0.8,skip,attack_already_active,1785296026.3195844,1785296026319584152,1384694536282305,35.8,53.0078125,-1.0,0,0
2026-07-28T23:33:46.324,10.42.0.1,10.42.0.1,8,3,UPLOAD,0.95,UPLOAD,0.95,1,1336,0.6425597354199186,54,371304.0,238585.0,33,21,0.6088058646737358,0.3911941353262643,0.012004417966331823,1,0,1,1,1,1,1,1,0.9699999999999999,1.0,1.0,1.0,0.8,skip,attack_already_active,1785296026.3242757,1785296026324275699,1384694540974875,35.8,53.0078125,-1.0,0,0
2026-07-28T23:33:46.417,10.42.0.18,10.42.0.1,8,2,TRAINING,0.95,TRAINING,0.95,1,10220,0.12903877477394177,9,79201.0,10220.0,8,1,0.8857091734603728,0.11429082653962716,0.5909846040633898,0,0,0,0,1,1,0,0,0.5725,1.0,0.0,1.0,0.15,skip,training_upload_trigger_not_confirmed,1785296026.4177089,1785296026417708844,1384694634407513,35.8,53.0078125,-1.0,0,0
2026-07-28T23:33:46.423,10.42.0.18,10.42.0.1|10.42.0.18,8,3,UPLOAD,0.95,UPLOAD,0.95,1,14600,0.3133798815758213,10,79201.0,24820.0,8,2,0.7613943338364368,0.23860566616356313,0.5138918507978238,1,0,0,1,1,1,1,1,0.9699999999999999,1.0,1.0,1.0,0.8,trigger,training_upload_trigger_confirmed,1785296026.423658,1785296026423658093,1384694640356500,35.8,53.0078125,5.949033,1785296026429608229,1384694646305533
2026-07-28T23:33:46.424,10.42.0.18,10.42.0.1|10.42.0.18,8,3,UPLOAD,0.9841010226033655,UPLOAD,0.9841010226033655,1,54708,1.0041287357482338,11,79201.0,79528.0,8,3,0.49896994248058013,0.5010300575194199,0.44631012567196215,1,0,1,1,1,1,1,1,0.9699999999999999,1.0,1.0,1.0,0.8,skip,attack_already_active,1785296026.4246907,1785296026424690586,1384694641388803,35.8,53.0078125,-1.0,0,0
2026-07-28T23:33:46.425,10.42.0.1,10.42.0.1|10.42.0.18,8,3,UPLOAD,0.95,UPLOAD,0.95,1,7240,0.6620585827255778,55,371304.0,245825.0,33,22,0.6016635095741734,0.3983364904258267,0.017995946030223794,1,0,1,1,1,1,1,1,0.9699999999999999,1.0,1.0,1.0,0.8,skip,attack_already_active,1785296026.4257264,1785296026425726434,1384694642424752,35.8,53.0078125,-1.0,0,0
2026-07-28T23:33:46.426,10.42.0.1,10.42.0.1|10.42.0.18,8,3,UPLOAD,0.95,UPLOAD,0.95,1,7240,0.681557430031237,56,371304.0,253065.0,33,23,0.5946867957890286,0.4053132042109714,0.015719923275929686,1,0,1,1,1,1,1,1,0.9699999999999999,1.0,1.0,1.0,0.8,skip,attack_already_active,1785296026.4264503,1785296026426450163,1384694643148291,35.8,53.0078125,-1.0,0,0
2026-07-28T23:33:46.427,10.42.0.1,10.42.0.1|10.42.0.18,8,3,UPLOAD,0.6781706647781128,UPLOAD,0.6781706647781128,0,43,0.681557430031237,56,371304.0,253065.0,33,23,0.5946867957890286,0.4053132042109714,0.02893323204511336,1,0,1,1,1,1,1,1,0.8025,0.7500000000000001,1.0,0.6000000000000001,0.8,skip,attack_already_active,1785296026.4278507,1785296026427850775,1384694644549177,35.8,53.0078125,-1.0,0,0
2026-07-28T23:33:46.428,10.42.0.1,10.42.0.1|10.42.0.18,8,3,UPLOAD,0.95,UPLOAD,0.95,1,10136,0.70885581625916,57,371304.0,263201.0,33,24,0.5851868779599846,0.41481312204001547,0.025405621572710133,1,0,1,1,1,1,1,1,0.9699999999999999,1.0,1.0,1.0,0.8,skip,attack_already_active,1785296026.4286134,1785296026428613338,1384694645311514,35.8,53.0078125,-1.0,0,0
2026-07-28T23:33:46.429,10.42.0.1,10.42.0.1|10.42.0.18,8,3,UPLOAD,0.95,UPLOAD,0.95,1,4344,0.7205551246425556,58,371304.0,267545.0,33,25,0.5812077658413803,0.41879223415861966,0.022197365739060514,1,0,1,1,1,1,1,1,0.9699999999999999,1.0,1.0,1.0,0.8,skip,attack_already_active,1785296026.4296725,1785296026429672456,1384694646370903,35.8,53.0078125,-1.0,0,0
2026-07-28T23:33:46.431,10.42.0.1,10.42.0.1|10.42.0.18,8,3,UPLOAD,0.95,UPLOAD,0.95,1,14480,0.7595528192538741,59,371304.0,282025.0,33,26,0.5683262184902247,0.4316737815097753,0.019565444763735368,1,0,1,1,1,1,1,1,0.9699999999999999,1.0,1.0,1.0,0.8,skip,attack_already_active,1785296026.431897,1785296026431896877,1384694648595143,35.8,53.0078125,-1.0,0,0
2026-07-28T23:33:46.432,10.42.0.1,10.42.0.1|10.42.0.18,8,3,UPLOAD,0.95,UPLOAD,0.95,1,18824,0.8102498222485881,60,371304.0,300849.0,33,27,0.5524099423791905,0.44759005762080956,0.017073176903086934,1,0,1,1,1,1,1,1,0.9699999999999999,1.0,1.0,1.0,0.8,skip,attack_already_active,1785296026.4325492,1785296026432549082,1384694649247155,35.8,53.0078125,-1.0,0,0
2026-07-28T23:33:46.433,10.42.0.1,10.42.0.1|10.42.0.18,8,3,UPLOAD,0.95,UPLOAD,0.95,1,1448,0.8141495917097199,61,371304.0,302297.0,33,28,0.5512224595866099,0.44877754041339013,0.014903828256570018,1,0,1,1,1,1,1,1,0.9699999999999999,1.0,1.0,1.0,0.8,skip,attack_already_active,1785296026.4331598,1785296026433159999,1384694649858107,35.8,53.0078125,-1.0,0,0
2026-07-28T23:33:46.434,10.42.0.1,10.42.0.1|10.42.0.18,8,3,UPLOAD,0.95,UPLOAD,0.95,1,5792,0.8297486695542473,62,371304.0,308089.0,33,29,0.5465231463968572,0.4534768536031428,0.013056254557043376,1,0,1,1,1,1,1,1,0.9699999999999999,1.0,1.0,1.0,0.8,skip,attack_already_active,1785296026.434043,1785296026434042840,1384694650740911,35.8,53.0078125,-1.0,0,0
2026-07-28T23:33:46.435,10.42.0.1,10.42.0.1|10.42.0.18,8,3,UPLOAD,0.95,UPLOAD,0.95,1,8688,0.8531472863210384,63,371304.0,316777.0,33,30,0.5396225153724634,0.4603774846275366,0.011499772802438819,1,0,1,1,1,1,1,1,0.9699999999999999,1.0,1.0,1.0,0.8,skip,attack_already_active,1785296026.4352875,1785296026435287562,1384694651985736,35.8,53.0078125,-1.0,0,0
2026-07-28T23:33:46.435,10.42.0.1,10.42.0.1|10.42.0.18,8,3,UPLOAD,0.95,UPLOAD,0.95,1,1336,0.8567454161553424,64,371304.0,318113.0,33,31,0.5385767974970156,0.4614232025029844,0.010070197492497053,1,0,1,1,1,1,1,1,0.9699999999999999,1.0,1.0,1.0,0.8,skip,attack_already_active,1785296026.4359386,1785296026435938570,1384694652636618,35.8,53.0078125,-1.0,0,0
2026-07-28T23:33:47.703,10.42.0.210,10.42.0.1|10.42.0.210|10.42.0.18,8,3,UPLOAD,0.95,UPLOAD,0.95,1,1448,100.0,1,0.0,1448.0,0,1,0.0,1.0,0.5886349959526873,1,0,0,1,1,1,1,1,0.9525,0.95,1.0,1.0,0.8,trigger,training_upload_trigger_confirmed,1785296027.7032292,1785296027703229284,1384695919927849,7.7,53.03515625,7.302981,1785296027710533248,1384695927230830
2026-07-28T23:33:47.704,10.42.0.210,10.42.0.1|10.42.0.210|10.42.0.18,8,3,UPLOAD,0.9841010226033655,UPLOAD,0.9841010226033655,1,1448,100.0,2,0.0,2896.0,0,2,0.0,1.0,0.5111724894300423,1,0,1,1,1,1,1,1,0.9699999999999999,1.0,1.0,1.0,0.8,skip,attack_already_active,1785296027.7040226,1785296027704022587,1384695920721031,7.7,53.03515625,-1.0,0,0
2026-07-28T23:33:47.705,10.42.0.210,10.42.0.1|10.42.0.210|10.42.0.18,8,3,UPLOAD,0.9854688349332961,UPLOAD,0.9854688349332961,1,1448,100.0,3,0.0,4344.0,0,3,0.0,1.0,0.4440073233003336,1,0,1,1,1,1,1,1,0.9699999999999999,1.0,1.0,1.0,0.8,skip,attack_already_active,1785296027.7054973,1785296027705497373,1384695922196572,7.7,53.03515625,-1.0,0,0
2026-07-28T23:33:47.706,10.42.0.210,10.42.0.1|10.42.0.210|10.42.0.18,8,3,UPLOAD,0.9855076450773014,UPLOAD,0.9855076450773014,1,1448,100.0,4,0.0,5792.0,0,4,0.0,1.0,0.3856004124449811,1,0,1,1,1,1,1,1,0.9699999999999999,1.0,1.0,1.0,0.8,skip,attack_already_active,1785296027.7062707,1785296027706270777,1384695922968902,7.7,53.03515625,-1.0,0,0
2026-07-28T23:33:47.707,10.42.0.210,10.42.0.1|10.42.0.210|10.42.0.18,8,3,UPLOAD,0.9855086980780915,UPLOAD,0.9855086980780915,1,1448,100.0,5,0.0,7240.0,0,5,0.0,1.0,0.334910525439126,1,0,1,1,1,1,1,1,0.9699999999999999,1.0,1.0,1.0,0.8,skip,attack_already_active,1785296027.7071996,1785296027707199499,1384695923897701,7.7,53.03515625,-1.0,0,0
2026-07-28T23:33:47.707,10.42.0.210,10.42.0.1|10.42.0.210|10.42.0.18,8,3,UPLOAD,0.9855087254685951,UPLOAD,0.9855087254685951,1,1448,100.0,6,0.0,8688.0,0,6,0.0,1.0,0.2908688538847596,1,0,1,1,1,1,1,1,0.9699999999999999,1.0,1.0,1.0,0.8,skip,attack_already_active,1785296027.70789,1785296027707889972,1384695924588414,7.7,53.03515625,-1.0,0,0
2026-07-28T23:33:47.708,10.42.0.210,10.42.0.1|10.42.0.210|10.42.0.18,8,3,UPLOAD,0.9855087261493067,UPLOAD,0.9855087261493067,1,1448,100.0,7,0.0,10136.0,0,7,0.0,1.0,0.25268387716538965,1,0,1,1,1,1,1,1,0.9699999999999999,1.0,1.0,1.0,0.8,skip,attack_already_active,1785296027.7089837,1785296027708983585,1384695925682087,7.7,53.03515625,-1.0,0,0
2026-07-28T23:33:47.709,10.42.0.210,10.42.0.1|10.42.0.210|10.42.0.18,8,3,UPLOAD,0.9855087261653082,UPLOAD,0.9855087261653082,1,1448,100.0,8,0.0,11584.0,0,8,0.0,1.0,0.21948753784914832,1,0,1,1,1,1,1,1,0.9699999999999999,1.0,1.0,1.0,0.8,skip,attack_already_active,1785296027.7097497,1785296027709749845,1384695926449747,7.7,53.03515625,-1.0,0,0
2026-07-28T23:33:47.711,10.42.0.210,10.42.0.1|10.42.0.210|10.42.0.18,8,3,UPLOAD,0.985508726165656,UPLOAD,0.985508726165656,1,1448,100.0,9,0.0,13032.0,0,9,0.0,1.0,0.1907326105827898,1,0,1,1,1,1,1,1,0.9699999999999999,1.0,1.0,1.0,0.8,skip,attack_already_active,1785296027.711024,1785296027711024253,1384695927722907,7.7,53.03515625,-1.0,0,0
2026-07-28T23:33:47.711,10.42.0.210,10.42.0.1|10.42.0.210|10.42.0.18,8,3,UPLOAD,0.9855087261656625,UPLOAD,0.9855087261656625,1,1448,100.0,10,0.0,14480.0,0,10,0.0,1.0,0.16569172938345117,1,0,1,1,1,1,1,1,0.9699999999999999,1.0,1.0,1.0,0.8,skip,attack_already_active,1785296027.7117283,1785296027711728362,1384695928426384,7.7,53.03515625,-1.0,0,0
2026-07-28T23:33:47.712,10.42.0.210,10.42.0.1|10.42.0.210|10.42.0.18,8,3,UPLOAD,0.9855087261656628,UPLOAD,0.9855087261656628,1,1448,100.0,11,0.0,15928.0,0,11,0.0,1.0,0.1439803493572131,1,0,1,1,1,1,1,1,0.9699999999999999,1.0,1.0,1.0,0.8,skip,attack_already_active,1785296027.7126584,1785296027712658429,1384695929356718,7.7,53.03515625,-1.0,0,0
2026-07-28T23:33:47.713,10.42.0.210,10.42.0.1|10.42.0.210|10.42.0.18,8,3,UPLOAD,0.95,UPLOAD,0.95,1,1448,100.0,12,0.0,17376.0,0,12,0.0,1.0,0.12509164557301333,1,0,1,1,1,1,1,1,0.9699999999999999,1.0,1.0,1.0,0.8,skip,attack_already_active,1785296027.7132976,1785296027713297653,1384695929995676,7.7,53.03515625,-1.0,0,0
2026-07-28T23:33:47.714,10.42.0.210,10.42.0.1|10.42.0.210|10.42.0.18,8,3,UPLOAD,0.95,UPLOAD,0.95,1,1448,100.0,13,0.0,18824.0,0,13,0.0,1.0,0.10873299050956373,1,0,1,1,1,1,1,1,0.9699999999999999,1.0,1.0,1.0,0.8,skip,attack_already_active,1785296027.714248,1785296027714247993,1384695930946097,7.7,53.03515625,-1.0,0,0
2026-07-28T23:33:47.714,10.42.0.210,10.42.0.1|10.42.0.210|10.42.0.18,8,3,UPLOAD,0.95,UPLOAD,0.95,1,1448,100.0,14,0.0,20272.0,0,14,0.0,1.0,0.09449458102540473,1,0,1,1,1,1,1,1,0.9699999999999999,1.0,1.0,1.0,0.8,skip,attack_already_active,1785296027.7149296,1785296027714929543,1384695931627780,7.7,53.03515625,-1.0,0,0
2026-07-28T23:33:47.715,10.42.0.210,10.42.0.1|10.42.0.210|10.42.0.18,8,3,UPLOAD,0.95,UPLOAD,0.95,1,1448,100.0,15,0.0,21720.0,0,15,0.0,1.0,0.0821626225872282,1,0,1,1,1,1,1,1,0.9699999999999999,1.0,1.0,1.0,0.8,skip,attack_already_active,1785296027.7158403,1785296027715840164,1384695932538403,7.7,53.03515625,-1.0,0,0
2026-07-28T23:33:47.716,10.42.0.210,10.42.0.1|10.42.0.210|10.42.0.18,8,3,UPLOAD,0.95,UPLOAD,0.95,1,1448,100.0,16,0.0,23168.0,0,16,0.0,1.0,0.0714188172979425,1,0,1,1,1,1,1,1,0.9699999999999999,1.0,1.0,1.0,0.8,skip,attack_already_active,1785296027.7164712,1785296027716471310,1384695933169339,7.7,53.03515625,-1.0,0,0
2026-07-28T23:33:47.717,10.42.0.210,10.42.0.1|10.42.0.210|10.42.0.18,8,3,UPLOAD,0.95,UPLOAD,0.95,1,1448,100.0,17,0.0,24616.0,0,17,0.0,1.0,0.062121937385166914,1,0,1,1,1,1,1,1,0.9699999999999999,1.0,1.0,1.0,0.8,skip,attack_already_active,1785296027.7173386,1785296027717338514,1384695934036481,7.7,53.03515625,-1.0,0,0
2026-07-28T23:33:47.717,10.42.0.210,10.42.0.1|10.42.0.210|10.42.0.18,8,3,UPLOAD,0.95,UPLOAD,0.95,1,1448,100.0,18,0.0,26064.0,0,18,0.0,1.0,0.054018103053036844,1,0,1,1,1,1,1,1,0.9699999999999999,1.0,1.0,1.0,0.8,skip,attack_already_active,1785296027.7179627,1785296027717962649,1384695934660765,7.7,53.03515625,-1.0,0,0
2026-07-28T23:33:47.718,10.42.0.210,10.42.0.1|10.42.0.210|10.42.0.18,8,3,UPLOAD,0.95,UPLOAD,0.95,1,1448,100.0,19,0.0,27512.0,0,19,0.0,1.0,0.04702286424133256,1,0,1,1,1,1,1,1,0.9699999999999999,1.0,1.0,1.0,0.8,skip,attack_already_active,1785296027.718896,1785296027718895902,1384695935594029,7.7,53.03515625,-1.0,0,0
2026-07-28T23:33:47.719,10.42.0.210,10.42.0.1|10.42.0.210|10.42.0.18,8,3,UPLOAD,0.95,UPLOAD,0.95,1,1448,100.0,20,0.0,28960.0,0,20,0.0,1.0,0.040914325981124273,1,0,1,1,1,1,1,1,0.9699999999999999,1.0,1.0,1.0,0.8,skip,attack_already_active,1785296027.7195628,1785296027719562877,1384695936261311,7.7,53.03515625,-1.0,0,0
2026-07-28T23:33:47.720,10.42.0.210,10.42.0.1|10.42.0.210|10.42.0.18,8,3,UPLOAD,0.95,UPLOAD,0.95,1,1448,100.0,21,0.0,30408.0,0,21,0.0,1.0,0.03564099214001415,1,0,1,1,1,1,1,1,0.9699999999999999,1.0,1.0,1.0,0.8,skip,attack_already_active,1785296027.7204592,1785296027720459163,1384695937157345,7.7,53.03515625,-1.0,0,0
2026-07-28T23:33:47.721,10.42.0.210,10.42.0.1|10.42.0.210|10.42.0.18,8,3,UPLOAD,0.95,UPLOAD,0.95,1,1448,100.0,22,0.0,31856.0,0,22,0.0,1.0,0.03102685880544669,1,0,1,1,1,1,1,1,0.9699999999999999,1.0,1.0,1.0,0.8,skip,attack_already_active,1785296027.7210848,1785296027721084807,1384695937782856,7.7,53.03515625,-1.0,0,0
2026-07-28T23:33:47.721,10.42.0.210,10.42.0.1|10.42.0.210|10.42.0.18,8,3,UPLOAD,0.95,UPLOAD,0.95,1,1448,100.0,23,0.0,33304.0,0,23,0.0,1.0,0.027052167921567113,1,0,1,1,1,1,1,1,0.9699999999999999,1.0,1.0,1.0,0.8,skip,attack_already_active,1785296027.7219489,1785296027721948814,1384695938646982,7.7,53.03515625,-1.0,0,0
2026-07-28T23:33:47.722,10.42.0.210,10.42.0.1|10.42.0.210|10.42.0.18,8,3,UPLOAD,0.95,UPLOAD,0.95,1,1448,100.0,24,0.0,34752.0,0,24,0.0,1.0,0.02356840854922294,1,0,1,1,1,1,1,1,0.9699999999999999,1.0,1.0,1.0,0.8,skip,attack_already_active,1785296027.7225637,1785296027722563901,1384695939261942,7.7,53.03515625,-1.0,0,0
2026-07-28T23:33:47.723,10.42.0.210,10.42.0.1|10.42.0.210|10.42.0.18,8,3,UPLOAD,0.95,UPLOAD,0.95,1,1448,100.0,25,0.0,36200.0,0,25,0.0,1.0,0.02057733642287608,1,0,1,1,1,1,1,1,0.9699999999999999,1.0,1.0,1.0,0.8,skip,attack_already_active,1785296027.7234337,1785296027723433658,1384695940131651,7.7,53.03515625,-1.0,0,0
2026-07-28T23:33:47.724,10.42.0.210,10.42.0.1|10.42.0.210|10.42.0.18,8,3,UPLOAD,0.95,UPLOAD,0.95,1,1448,100.0,26,0.0,37648.0,0,26,0.0,1.0,0.01797748941129416,1,0,1,1,1,1,1,1,0.9699999999999999,1.0,1.0,1.0,0.8,skip,attack_already_active,1785296027.7242815,1785296027724281560,1384695940979765,7.7,53.03515625,-1.0,0,0
2026-07-28T23:33:47.725,10.42.0.210,10.42.0.1|10.42.0.210|10.42.0.18,8,3,UPLOAD,0.95,UPLOAD,0.95,1,1448,100.0,27,0.0,39096.0,0,27,0.0,1.0,0.01573726413362515,1,0,1,1,1,1,1,1,0.9699999999999999,1.0,1.0,1.0,0.8,skip,attack_already_active,1785296027.7252586,1785296027725258529,1384695941956742,7.7,53.03515625,-1.0,0,0
2026-07-28T23:33:47.725,10.42.0.210,10.42.0.1|10.42.0.210|10.42.0.18,8,3,UPLOAD,0.95,UPLOAD,0.95,1,1448,100.0,28,0.0,40544.0,0,28,0.0,1.0,0.013748792974818574,1,0,1,1,1,1,1,1,0.9699999999999999,1.0,1.0,1.0,0.8,skip,attack_already_active,1785296027.725906,1785296027725905864,1384695942603866,7.7,53.03515625,-1.0,0,0
2026-07-28T23:33:47.726,10.42.0.210,10.42.0.1|10.42.0.210|10.42.0.18,8,3,UPLOAD,0.95,UPLOAD,0.95,1,1448,100.0,29,0.0,41992.0,0,29,0.0,1.0,0.012072242507460149,1,0,1,1,1,1,1,1,0.9699999999999999,1.0,1.0,1.0,0.8,skip,attack_already_active,1785296027.7269318,1785296027726931759,1384695943629928,7.7,53.03515625,-1.0,0,0
2026-07-28T23:33:47.727,10.42.0.210,10.42.0.1|10.42.0.210|10.42.0.18,8,3,UPLOAD,0.95,UPLOAD,0.95,1,1448,100.0,30,0.0,43440.0,0,30,0.0,1.0,0.010563805800746704,1,0,1,1,1,1,1,1,0.9699999999999999,1.0,1.0,1.0,0.8,skip,attack_already_active,1785296027.727557,1785296027727556797,1384695944254980,7.7,53.03515625,-1.0,0,0
2026-07-28T23:33:47.728,10.42.0.210,10.42.0.1|10.42.0.210|10.42.0.18,8,3,UPLOAD,0.95,UPLOAD,0.95,1,1448,100.0,31,0.0,44888.0,0,31,0.0,1.0,0.009290335478575055,1,0,1,1,1,1,1,1,0.9699999999999999,1.0,1.0,1.0,0.8,skip,attack_already_active,1785296027.7284567,1785296027728456689,1384695945155057,7.7,53.03515625,-1.0,0,0
2026-07-28T23:33:47.729,10.42.0.210,10.42.0.1|10.42.0.210|10.42.0.18,8,3,UPLOAD,0.95,UPLOAD,0.95,1,1448,100.0,32,0.0,46336.0,0,32,0.0,1.0,0.008160233230931587,1,0,1,1,1,1,1,1,0.9699999999999999,1.0,1.0,1.0,0.8,skip,attack_already_active,1785296027.729171,1785296027729170825,1384695945869078,7.7,53.03515625,-1.0,0,0
2026-07-28T23:33:47.730,10.42.0.210,10.42.0.1|10.42.0.210|10.42.0.18,8,3,UPLOAD,0.95,UPLOAD,0.95,1,1448,100.0,33,0.0,47784.0,0,33,0.0,1.0,0.0072017958633327685,1,0,1,1,1,1,1,1,0.9699999999999999,1.0,1.0,1.0,0.8,skip,attack_already_active,1785296027.730058,1785296027730057894,1384695946756015,7.7,53.03515625,-1.0,0,0
2026-07-28T23:33:47.730,10.42.0.210,10.42.0.1|10.42.0.210|10.42.0.18,8,3,UPLOAD,0.95,UPLOAD,0.95,1,1448,100.0,34,0.0,49232.0,0,34,0.0,1.0,0.006332394937525755,1,0,1,1,1,1,1,1,0.9699999999999999,1.0,1.0,1.0,0.8,skip,attack_already_active,1785296027.730662,1785296027730662229,1384695947360608,7.7,53.03515625,-1.0,0,0
2026-07-28T23:33:47.731,10.42.0.210,10.42.0.1|10.42.0.210|10.42.0.18,8,3,UPLOAD,0.95,UPLOAD,0.95,1,1448,100.0,35,0.0,50680.0,0,35,0.0,1.0,0.005616013854371271,1,0,1,1,1,1,1,1,0.9699999999999999,1.0,1.0,1.0,0.8,skip,attack_already_active,1785296027.731558,1785296027731558244,1384695948256502,7.7,53.03515625,-1.0,0,0
2026-07-28T23:33:47.732,10.42.0.210,10.42.0.1|10.42.0.210|10.42.0.18,8,3,UPLOAD,0.95,UPLOAD,0.95,1,1448,100.0,36,0.0,52128.0,0,36,0.0,1.0,0.005004432694311915,1,0,1,1,1,1,1,1,0.9699999999999999,1.0,1.0,1.0,0.8,skip,attack_already_active,1785296027.732533,1785296027732533077,1384695949231205,7.7,53.03515625,-1.0,0,0
2026-07-28T23:33:47.733,10.42.0.210,10.42.0.1|10.42.0.210|10.42.0.18,8,3,UPLOAD,0.95,UPLOAD,0.95,1,1448,100.0,37,0.0,53576.0,0,37,0.0,1.0,0.004459210197570451,1,0,1,1,1,1,1,1,0.9699999999999999,1.0,1.0,1.0,0.8,skip,attack_already_active,1785296027.7333999,1785296027733399828,1384695950098217,7.7,53.03515625,-1.0,0,0
2026-07-28T23:33:47.733,10.42.0.210,10.42.0.1|10.42.0.210|10.42.0.18,8,3,UPLOAD,0.95,UPLOAD,0.95,1,1448,100.0,38,0.0,55024.0,0,38,0.0,1.0,0.003948510137555217,1,0,1,1,1,1,1,1,0.9699999999999999,1.0,1.0,1.0,0.8,skip,attack_already_active,1785296027.7339835,1785296027733983516,1384695950681512,7.7,53.03515625,-1.0,0,0
2026-07-28T23:33:47.734,10.42.0.210,10.42.0.1|10.42.0.210|10.42.0.18,8,3,UPLOAD,0.95,UPLOAD,0.95,1,1448,100.0,39,0.0,56472.0,0,39,0.0,1.0,0.0035398550413191527,1,0,1,1,1,1,1,1,0.9699999999999999,1.0,1.0,1.0,0.8,skip,attack_already_active,1785296027.7348309,1785296027734830878,1384695951528847,7.7,53.03515625,-1.0,0,0
2026-07-28T23:33:47.735,10.42.0.210,10.42.0.1|10.42.0.210|10.42.0.18,8,3,UPLOAD,0.95,UPLOAD,0.95,1,1448,100.0,40,0.0,57920.0,0,40,0.0,1.0,0.003158062636603773,1,0,1,1,1,1,1,1,0.9699999999999999,1.0,1.0,1.0,0.8,skip,attack_already_active,1785296027.7354734,1785296027735473505,1384695952171800,7.7,53.03515625,-1.0,0,0
2026-07-28T23:33:47.736,10.42.0.210,10.42.0.1|10.42.0.210|10.42.0.18,8,3,UPLOAD,0.95,UPLOAD,0.95,1,1448,100.0,41,0.0,59368.0,0,41,0.0,1.0,0.0028636533515069276,1,0,1,1,1,1,1,1,0.9699999999999999,1.0,1.0,1.0,0.8,skip,attack_already_active,1785296027.7363973,1785296027736397193,1384695953095316,7.7,53.03515625,-1.0,0,0
2026-07-28T23:33:47.736,10.42.0.210,10.42.0.1|10.42.0.210|10.42.0.18,8,3,UPLOAD,0.95,UPLOAD,0.95,1,1448,100.0,42,0.0,60816.0,0,42,0.0,1.0,0.0025626728501147245,1,0,1,1,1,1,1,1,0.9699999999999999,1.0,1.0,1.0,0.8,skip,attack_already_active,1785296027.7369769,1785296027736976831,1384695953674801,7.7,53.03515625,-1.0,0,0
2026-07-28T23:33:47.738,10.42.0.210,10.42.0.1|10.42.0.210|10.42.0.18,8,3,UPLOAD,0.95,UPLOAD,0.95,1,1448,100.0,43,0.0,62264.0,0,43,0.0,1.0,0.0023811857151804098,1,0,1,1,1,1,1,1,0.9699999999999999,1.0,1.0,1.0,0.8,skip,attack_already_active,1785296027.7381623,1785296027738162159,1384695954860933,7.7,53.03515625,-1.0,0,0
2026-07-28T23:33:47.739,10.42.0.210,10.42.0.1|10.42.0.210|10.42.0.18,8,3,UPLOAD,0.95,UPLOAD,0.95,1,1448,100.0,44,0.0,63712.0,0,44,0.0,1.0,0.0021833367396195706,1,0,1,1,1,1,1,1,0.9699999999999999,1.0,1.0,1.0,0.8,skip,attack_already_active,1785296027.739042,1785296027739042111,1384695955740600,7.7,53.03515625,-1.0,0,0
2026-07-28T23:33:47.739,10.42.0.210,10.42.0.1|10.42.0.210|10.42.0.18,8,3,UPLOAD,0.95,UPLOAD,0.95,1,1448,100.0,45,0.0,65160.0,0,45,0.0,1.0,0.001997766933286551,1,0,1,1,1,1,1,1,0.9699999999999999,1.0,1.0,1.0,0.8,skip,attack_already_active,1785296027.7398171,1785296027739817130,1384695956515579,7.7,53.03515625,-1.0,0,0
2026-07-28T23:33:47.740,10.42.0.210,10.42.0.1|10.42.0.210|10.42.0.18,8,3,UPLOAD,0.95,UPLOAD,0.95,1,1448,100.0,46,0.0,66608.0,0,46,0.0,1.0,0.00181773716567674,1,0,1,1,1,1,1,1,0.9699999999999999,1.0,1.0,1.0,0.8,skip,attack_already_active,1785296027.7404487,1785296027740448778,1384695957146751,7.7,53.03515625,-1.0,0,0
2026-07-28T23:33:47.741,10.42.0.210,10.42.0.1|10.42.0.210|10.42.0.18,8,3,UPLOAD,0.95,UPLOAD,0.95,1,1448,100.0,47,0.0,68056.0,0,47,0.0,1.0,0.0016574092874135575,1,0,1,1,1,1,1,1,0.9699999999999999,1.0,1.0,1.0,0.8,skip,attack_already_active,1785296027.7410498,1785296027741049871,1384695957747833,7.7,53.03515625,-1.0,0,0
2026-07-28T23:33:47.743,10.42.0.1,10.42.0.1|10.42.0.210|10.42.0.18,8,3,UPLOAD,0.9645487563258316,UPLOAD,0.9645487563258316,1,7240,100.0,1,0.0,7240.0,0,1,0.0,1.0,0.1757832917826566,1,0,1,1,1,1,1,1,0.9699999999999999,1.0,1.0,1.0,0.8,skip,attack_already_active,1785296027.7431452,1785296027743145204,1384695959843296,7.7,53.03515625,-1.0,0,0
2026-07-28T23:33:47.743,10.42.0.1,10.42.0.1|10.42.0.210|10.42.0.18,8,3,UPLOAD,0.9722337913958888,UPLOAD,0.9722337913958888,1,7240,100.0,2,0.0,14480.0,0,2,0.0,1.0,0.15270512310617132,1,0,1,1,1,1,1,1,0.9699999999999999,1.0,1.0,1.0,0.8,skip,attack_already_active,1785296027.7437947,1785296027743794670,1384695960492759,7.7,53.03515625,-1.0,0,0
2026-07-28T23:33:47.751,10.42.0.1,10.42.0.1|10.42.0.210|10.42.0.18,8,3,UPLOAD,0.9745112751867849,UPLOAD,0.9745112751867849,1,1448,100.0,3,0.0,15928.0,0,3,0.0,1.0,0.1336365745532176,1,0,1,1,1,1,1,1,0.9699999999999999,1.0,1.0,1.0,0.8,skip,attack_already_active,1785296027.7517939,1785296027751794025,1384695968492400,7.7,53.03515625,-1.0,0,0
2026-07-28T23:33:47.771,10.42.0.1,10.42.0.1|10.42.0.210|10.42.0.18,8,3,UPLOAD,0.976333529944636,UPLOAD,0.976333529944636,1,14480,100.0,4,0.0,30408.0,0,4,0.0,1.0,0.11859094936241846,1,0,1,1,1,1,1,1,0.9699999999999999,1.0,1.0,1.0,0.8,skip,attack_already_active,1785296027.7712533,1785296027771253242,1384695987951738,7.7,53.03515625,-1.0,0,0
2026-07-28T23:33:47.771,10.42.0.1,10.42.0.1|10.42.0.210|10.42.0.18,8,3,UPLOAD,0.9779141592127566,UPLOAD,0.9779141592127566,1,14480,100.0,5,0.0,44888.0,0,5,0.0,1.0,0.10305612023806837,1,0,1,1,1,1,1,1,0.9699999999999999,1.0,1.0,1.0,0.8,skip,attack_already_active,1785296027.7719548,1785296027771954760,1384695988652841,7.7,53.03515625,-1.0,0,0
2026-07-28T23:33:47.772,10.42.0.1,10.42.0.1|10.42.0.210|10.42.0.18,8,3,UPLOAD,0.9770028179200994,UPLOAD,0.9770028179200994,0,43,100.0,5,0.0,44888.0,0,5,0.0,1.0,0.2666748237974016,1,0,1,1,1,1,1,1,0.8374999999999999,0.8500000000000001,1.0,0.6000000000000001,0.8,skip,attack_already_active,1785296027.772564,1785296027772563840,1384695989261856,7.7,53.03515625,-1.0,0,0
2026-07-28T23:33:47.774,10.42.0.1,10.42.0.1|10.42.0.210|10.42.0.18,8,3,UPLOAD,0.9791832568205178,UPLOAD,0.9791832568205178,1,1448,100.0,6,0.0,46336.0,0,6,0.0,1.0,0.23181353755629033,1,0,1,1,1,1,1,1,0.9699999999999999,1.0,1.0,1.0,0.8,skip,attack_already_active,1785296027.774077,1785296027774077029,1384695990775211,7.7,53.03515625,-1.0,0,0
2026-07-28T23:33:47.775,10.42.0.1,10.42.0.1|10.42.0.210|10.42.0.18,8,3,UPLOAD,0.9804678291777675,UPLOAD,0.9804678291777675,1,14480,100.0,7,0.0,60816.0,0,7,0.0,1.0,0.20139694000564962,1,0,1,1,1,1,1,1,0.9699999999999999,1.0,1.0,1.0,0.8,skip,attack_already_active,1785296027.7750673,1785296027775067480,1384695991765513,7.7,53.03515625,-1.0,0,0
2026-07-28T23:33:47.776,10.42.0.1,10.42.0.1|10.42.0.210|10.42.0.18,8,3,UPLOAD,0.9819092646037201,UPLOAD,0.9819092646037201,1,10136,100.0,8,0.0,70952.0,0,8,0.0,1.0,0.17499035848846672,1,0,1,1,1,1,1,1,0.9699999999999999,1.0,1.0,1.0,0.8,skip,attack_already_active,1785296027.776072,1785296027776072053,1384695992770231,7.7,53.03515625,-1.0,0,0
2026-07-28T23:33:47.777,10.42.0.1,10.42.0.1|10.42.0.210|10.42.0.18,8,3,UPLOAD,0.9830145707361916,UPLOAD,0.9830145707361916,1,8577,100.0,9,0.0,79529.0,0,9,0.0,1.0,0.15208981807279584,1,0,1,1,1,1,1,1,0.9699999999999999,1.0,1.0,1.0,0.8,skip,attack_already_active,1785296027.7772765,1785296027777276457,1384695993974916,7.7,53.03515625,-1.0,0,0
2026-07-28T23:33:56.667,10.42.0.47,10.42.0.1|10.42.0.210|10.42.0.47|10.42.0.18,8,3,UPLOAD,0.95,UPLOAD,0.95,1,7240,100.0,1,0.0,7240.0,0,1,0.0,1.0,1.4962458299439412,1,0,0,1,1,1,1,1,0.9699999999999999,1.0,1.0,1.0,0.8,trigger,training_upload_trigger_confirmed,1785296036.6676443,1785296036667644240,1384704884342802,8.4,53.046875,7.804383,1785296036675449658,1384704892147185
2026-07-28T23:33:56.668,10.42.0.47,10.42.0.1|10.42.0.210|10.42.0.47|10.42.0.18,8,3,UPLOAD,0.9530560174724864,UPLOAD,0.9530560174724864,1,7240,100.0,2,0.0,14480.0,0,2,0.0,1.0,1.2991876292662652,1,0,1,1,1,1,1,1,0.9699999999999999,1.0,1.0,1.0,0.8,skip,attack_already_active,1785296036.66847,1785296036668470048,1384704885168624,8.4,53.046875,-1.0,0,0
2026-07-28T23:33:56.670,10.42.0.47,10.42.0.1|10.42.0.210|10.42.0.47|10.42.0.18,8,3,UPLOAD,0.9547383217475994,UPLOAD,0.9547383217475994,1,8688,100.0,3,0.0,23168.0,0,3,0.0,1.0,1.1282935930778588,1,0,1,1,1,1,1,1,0.9699999999999999,1.0,1.0,1.0,0.8,skip,attack_already_active,1785296036.67079,1785296036670790007,1384704887488514,8.4,53.046875,-1.0,0,0
2026-07-28T23:33:56.674,10.42.0.47,10.42.0.1|10.42.0.210|10.42.0.47|10.42.0.18,8,3,UPLOAD,0.9559177558848334,UPLOAD,0.9559177558848334,1,1448,100.0,4,0.0,24616.0,0,4,0.0,1.0,0.9801410550696841,1,0,1,1,1,1,1,1,0.9699999999999999,1.0,1.0,1.0,0.8,skip,attack_already_active,1785296036.674795,1785296036674795120,1384704891493761,8.4,53.046875,-1.0,0,0
2026-07-28T23:33:56.675,10.42.0.47,10.42.0.1|10.42.0.210|10.42.0.47|10.42.0.18,8,3,UPLOAD,0.9583409904076909,UPLOAD,0.9583409904076909,1,14480,100.0,5,0.0,39096.0,0,5,0.0,1.0,0.851086160530882,1,0,1,1,1,1,1,1,0.9699999999999999,1.0,1.0,1.0,0.8,skip,attack_already_active,1785296036.675574,1785296036675574080,1384704892273113,8.4,53.046875,-1.0,0,0
2026-07-28T23:33:56.676,10.42.0.47,10.42.0.1|10.42.0.210|10.42.0.47|10.42.0.18,8,3,UPLOAD,0.9595809086085989,UPLOAD,0.9595809086085989,1,4344,100.0,6,0.0,43440.0,0,6,0.0,1.0,0.7390789086575746,1,0,1,1,1,1,1,1,0.9699999999999999,1.0,1.0,1.0,0.8,skip,attack_already_active,1785296036.6766682,1785296036676668076,1384704893366189,8.4,53.046875,-1.0,0,0
2026-07-28T23:33:56.677,10.42.0.47,10.42.0.1|10.42.0.210|10.42.0.47|10.42.0.18,8,3,UPLOAD,0.9613060432980748,UPLOAD,0.9613060432980748,1,10136,100.0,7,0.0,53576.0,0,7,0.0,1.0,0.6417616689260174,1,0,1,1,1,1,1,1,0.9699999999999999,1.0,1.0,1.0,0.8,skip,attack_already_active,1785296036.6772335,1785296036677233515,1384704893931392,8.4,53.046875,-1.0,0,0
2026-07-28T23:33:56.679,10.42.0.47,10.42.0.1|10.42.0.210|10.42.0.47|10.42.0.18,8,3,UPLOAD,0.9633953211070353,UPLOAD,0.9633953211070353,1,17376,100.0,8,0.0,70952.0,0,8,0.0,1.0,0.5574845404549194,1,0,1,1,1,1,1,1,0.9699999999999999,1.0,1.0,1.0,0.8,skip,attack_already_active,1785296036.6794393,1785296036679439310,1384704896138141,8.4,53.046875,-1.0,0,0
2026-07-28T23:33:56.680,10.42.0.47,10.42.0.1|10.42.0.210|10.42.0.47|10.42.0.18,8,3,UPLOAD,0.9653245629588924,UPLOAD,0.9653245629588924,1,7240,100.0,9,0.0,78192.0,0,9,0.0,1.0,0.484149991924449,1,0,1,1,1,1,1,1,0.9699999999999999,1.0,1.0,1.0,0.8,skip,attack_already_active,1785296036.6804082,1785296036680408221,1384704897106791,8.4,53.046875,-1.0,0,0
2026-07-28T23:33:56.681,10.42.0.47,10.42.0.1|10.42.0.210|10.42.0.47|10.42.0.18,8,3,UPLOAD,0.9665998474832751,UPLOAD,0.9665998474832751,1,1336,100.0,10,0.0,79528.0,0,10,0.0,1.0,0.42051016787715234,1,0,1,1,1,1,1,1,0.9699999999999999,1.0,1.0,1.0,0.8,skip,attack_already_active,1785296036.6816132,1785296036681613363,1384704898312847,8.4,53.046875,-1.0,0,0
2026-07-28T23:33:56.683,10.42.0.1,10.42.0.1|10.42.0.210|10.42.0.47|10.42.0.18,8,3,UPLOAD,0.9715457435825166,UPLOAD,0.9715457435825166,1,7240,100.0,1,0.0,7240.0,0,1,0.0,1.0,1.3051218573153252,1,0,0,1,1,1,1,1,0.9699999999999999,1.0,1.0,1.0,0.8,skip,already_attacked_this_round,1785296036.6836424,1785296036683642266,1384704900341985,8.4,53.046875,-1.0,0,0
2026-07-28T23:33:56.684,10.42.0.1,10.42.0.1|10.42.0.210|10.42.0.47|10.42.0.18,8,3,UPLOAD,0.9686701485914696,UPLOAD,0.9686701485914696,1,7240,100.0,2,0.0,14480.0,0,2,0.0,1.0,1.1332644682567539,1,0,0,1,1,1,1,1,0.9699999999999999,1.0,1.0,1.0,0.8,skip,already_attacked_this_round,1785296036.684586,1785296036684586091,1384704901284360,8.4,53.046875,-1.0,0,0
2026-07-28T23:33:56.787,10.42.0.1,10.42.0.1|10.42.0.210|10.42.0.47|10.42.0.18,8,3,UPLOAD,0.9609834340650467,UPLOAD,0.9609834340650467,1,10136,100.0,3,0.0,24616.0,0,3,0.0,1.0,0.9974712419771975,1,0,0,1,1,1,1,1,0.9699999999999999,1.0,1.0,1.0,0.8,skip,already_attacked_this_round,1785296036.7873533,1785296036787353395,1384705004052572,8.4,53.046875,-1.0,0,0
2026-07-28T23:33:56.788,10.42.0.1,10.42.0.1|10.42.0.210|10.42.0.47|10.42.0.18,8,3,UPLOAD,0.8780373624754877,UPLOAD,0.8780373624754877,0,43,100.0,3,0.0,24616.0,0,3,0.0,1.0,2.054054984155241,1,0,0,1,1,1,1,1,0.8374999999999999,0.8500000000000001,1.0,0.6000000000000001,0.8,skip,already_attacked_this_round,1785296036.788157,1785296036788156874,1384705004855573,8.4,53.046875,-1.0,0,0
2026-07-28T23:33:56.839,10.42.0.1,10.42.0.1|10.42.0.210|10.42.0.47|10.42.0.18,8,3,UPLOAD,0.95,UPLOAD,0.95,1,4344,100.0,4,0.0,28960.0,0,4,0.0,1.0,1.7903093091709725,1,0,0,1,1,1,1,1,0.9699999999999999,1.0,1.0,1.0,0.8,skip,already_attacked_this_round,1785296036.8399153,1785296036839915138,1384705056613949,8.4,53.046875,-1.0,0,0
2026-07-28T23:33:56.895,10.42.0.1,10.42.0.1|10.42.0.210|10.42.0.47|10.42.0.18,8,3,UPLOAD,0.95,UPLOAD,0.95,1,1448,100.0,5,0.0,30408.0,0,5,0.0,1.0,1.5616776822175817,1,0,0,1,1,1,1,1,0.9699999999999999,1.0,1.0,1.0,0.8,skip,already_attacked_this_round,1785296036.8952024,1785296036895202360,1384705111900885,8.4,53.046875,-1.0,0,0
2026-07-28T23:33:56.895,10.42.0.1,10.42.0.1|10.42.0.210|10.42.0.47|10.42.0.18,8,3,UPLOAD,0.9925075980026977,UPLOAD,0.9925075980026977,1,1448,100.0,6,0.0,31856.0,0,6,0.0,1.0,1.3559775980387532,1,0,0,1,1,1,1,1,0.9699999999999999,1.0,1.0,1.0,0.8,skip,already_attacked_this_round,1785296036.895879,1785296036895878941,1384705112576967,8.4,53.046875,-1.0,0,0
2026-07-28T23:33:56.896,10.42.0.1,10.42.0.1|10.42.0.210|10.42.0.47|10.42.0.18,8,3,UPLOAD,0.9938368714989927,UPLOAD,0.9938368714989927,1,1448,100.0,7,0.0,33304.0,0,7,0.0,1.0,1.1773768098410853,1,0,0,1,1,1,1,1,0.9699999999999999,1.0,1.0,1.0,0.8,skip,already_attacked_this_round,1785296036.8965046,1785296036896504572,1384705113202790,8.4,53.046875,-1.0,0,0
2026-07-28T23:33:56.897,10.42.0.1,10.42.0.1|10.42.0.210|10.42.0.47|10.42.0.18,8,3,UPLOAD,0.9938682344787813,UPLOAD,0.9938682344787813,1,2896,100.0,8,0.0,36200.0,0,8,0.0,1.0,1.022350128980331,1,0,0,1,1,1,1,1,0.9699999999999999,1.0,1.0,1.0,0.8,skip,already_attacked_this_round,1785296036.8974268,1785296036897426818,1384705114125045,8.4,53.046875,-1.0,0,0
2026-07-28T23:33:56.898,10.42.0.1,10.42.0.1|10.42.0.210|10.42.0.47|10.42.0.18,8,3,UPLOAD,0.9938689435487975,UPLOAD,0.9938689435487975,1,7240,100.0,9,0.0,43440.0,0,9,0.0,1.0,0.8877821988377314,1,0,0,1,1,1,1,1,0.9699999999999999,1.0,1.0,1.0,0.8,skip,already_attacked_this_round,1785296036.8985782,1785296036898578250,1384705115277284,8.4,53.046875,-1.0,0,0
2026-07-28T23:33:56.905,10.42.0.1,10.42.0.1|10.42.0.210|10.42.0.47|10.42.0.18,8,3,UPLOAD,0.9938689592431934,UPLOAD,0.9938689592431934,1,5792,100.0,10,0.0,49232.0,0,10,0.0,1.0,0.7717719721075638,1,0,0,1,1,1,1,1,0.9699999999999999,1.0,1.0,1.0,0.8,skip,already_attacked_this_round,1785296036.9059908,1785296036905990891,1384705122689357,8.4,53.046875,-1.0,0,0
2026-07-28T23:33:56.911,10.42.0.1,10.42.0.1|10.42.0.210|10.42.0.47|10.42.0.18,8,3,UPLOAD,0.9938689595875193,UPLOAD,0.9938689595875193,1,7240,100.0,11,0.0,56472.0,0,11,0.0,1.0,0.6708397852036114,1,0,0,1,1,1,1,1,0.9699999999999999,1.0,1.0,1.0,0.8,skip,already_attacked_this_round,1785296036.9118164,1785296036911816378,1384705128514869,8.4,53.046875,-1.0,0,0
2026-07-28T23:33:56.918,10.42.0.1,10.42.0.1|10.42.0.210|10.42.0.47|10.42.0.18,8,3,UPLOAD,0.9938689595950669,UPLOAD,0.9938689595950669,1,5792,100.0,12,0.0,62264.0,0,12,0.0,1.0,0.5833851410437407,1,0,0,1,1,1,1,1,0.9699999999999999,1.0,1.0,1.0,0.8,skip,already_attacked_this_round,1785296036.918987,1785296036918987013,1384705135685883,8.4,53.046875,-1.0,0,0
2026-07-28T23:33:56.923,10.42.0.1,10.42.0.1|10.42.0.210|10.42.0.47|10.42.0.18,8,3,UPLOAD,0.9897766964464482,UPLOAD,0.9897766964464482,1,7240,100.0,13,0.0,69504.0,0,13,0.0,1.0,0.5070409865107558,1,0,0,1,1,1,1,1,0.9699999999999999,1.0,1.0,1.0,0.8,skip,already_attacked_this_round,1785296036.9230175,1785296036923017549,1384705139716054,8.4,53.046875,-1.0,0,0
2026-07-28T23:33:56.929,10.42.0.1,10.42.0.1|10.42.0.210|10.42.0.47|10.42.0.18,8,3,UPLOAD,0.9847811217396532,UPLOAD,0.9847811217396532,1,5792,100.0,14,0.0,75296.0,0,14,0.0,1.0,0.44113527744749687,1,0,0,1,1,1,1,1,0.9699999999999999,1.0,1.0,1.0,0.8,skip,already_attacked_this_round,1785296036.9299183,1785296036929918086,1384705146616912,8.4,53.046875,-1.0,0,0
2026-07-28T23:33:56.931,10.42.0.1,10.42.0.1|10.42.0.210|10.42.0.47|10.42.0.18,8,3,UPLOAD,0.9609213917597894,UPLOAD,0.9609213917597894,1,5792,100.0,15,0.0,81088.0,0,15,0.0,1.0,0.3832753522800926,1,0,0,1,1,1,1,1,0.9699999999999999,1.0,1.0,1.0,0.8,skip,already_attacked_this_round,1785296036.9319706,1785296036931970553,1384705148668906,8.4,53.046875,-1.0,0,0
2026-07-28T23:33:56.935,10.42.0.1,10.42.0.1|10.42.0.210|10.42.0.47|10.42.0.18,8,3,UPLOAD,0.95,UPLOAD,0.95,1,5697,100.0,16,0.0,86785.0,0,16,0.0,1.0,0.33319307965604333,1,0,0,1,1,1,1,1,0.9699999999999999,1.0,1.0,1.0,0.8,skip,already_attacked_this_round,1785296036.9351854,1785296036935185291,1384705151883855,8.4,53.046875,-1.0,0,0
2026-07-28T23:33:57.240,10.42.0.1,10.42.0.1,9,1,DOWNLOAD,0.95,DOWNLOAD,0.95,-1,1448,59.93439222449281,17,1448.0,86785.0,1,16,0.0164110933550939,0.9835889066449061,0.34888334488409506,0,0,0,0,1,0,0,0,0.44,0.8500000000000001,0.0,0.6000000000000001,0.15,skip,training_upload_trigger_not_confirmed,1785296037.2404191,1785296037240419196,1384705457118067,31.5,53.0546875,-1.0,0,0
2026-07-28T23:33:57.243,10.42.0.1,10.42.0.1,9,1,DOWNLOAD,0.95,DOWNLOAD,0.95,-1,5792,11.986878451521148,18,7240.0,86785.0,2,16,0.07700079766019675,0.9229992023398033,0.3033269657737595,0,0,0,0,1,0,0,0,0.44,0.8500000000000001,0.0,0.6000000000000001,0.15,skip,training_upload_trigger_not_confirmed,1785296037.2435877,1785296037243587751,1384705460286394,31.5,53.0546875,-1.0,0,0
2026-07-28T23:33:57.244,10.42.0.1,10.42.0.1,9,1,DOWNLOAD,0.95,DOWNLOAD,0.95,-1,7240,5.993439226174486,19,14480.0,86785.0,3,16,0.14299116180318966,0.8570088381968104,0.2634565005912742,0,0,0,0,1,0,0,0,0.44,0.8500000000000001,0.0,0.6000000000000001,0.15,skip,training_upload_trigger_not_confirmed,1785296037.2443488,1785296037244348654,1384705461046934,31.5,53.0546875,-1.0,0,0
2026-07-28T23:33:57.245,10.42.0.1,10.42.0.1,9,1,DOWNLOAD,0.95,DOWNLOAD,0.95,-1,7240,3.995626150874971,20,21720.0,86785.0,4,16,0.20017510713791992,0.7998248928620801,0.22888097600950738,0,0,0,0,1,0,0,0,0.4,0.8500000000000001,0.0,0.4,0.15,skip,training_upload_trigger_not_confirmed,1785296037.2454212,1785296037245421100,1384705462119581,31.5,53.0546875,-1.0,0,0
2026-07-28T23:33:57.246,10.42.0.1,10.42.0.1,9,1,DOWNLOAD,0.95,DOWNLOAD,0.95,-1,7240,2.9967196131907206,21,28960.0,86785.0,5,16,0.25020519244891787,0.7497948075510821,0.1988287915442721,0,0,0,0,1,0,0,0,0.4,0.8500000000000001,0.0,0.4,0.15,skip,training_upload_trigger_not_confirmed,1785296037.2462444,1785296037246244450,1384705462943276,31.5,53.0546875,-1.0,0,0
2026-07-28T23:33:57.248,10.42.0.1,10.42.0.1,9,1,DOWNLOAD,0.95,DOWNLOAD,0.95,-1,7240,2.3973756905691332,22,36200.0,86785.0,6,16,0.2943448388014799,0.7056551611985201,0.17291849927144612,0,0,0,0,1,0,0,0,0.32,0.8500000000000001,0.0,0.0,0.15,skip,training_upload_trigger_not_confirmed,1785296037.2484472,1785296037248447309,1384705465146360,31.5,53.0546875,-1.0,0,0
2026-07-28T23:33:57.249,10.42.0.1,10.42.0.1,9,1,DOWNLOAD,0.95,DOWNLOAD,0.95,-1,7240,1.9978130754834755,23,43440.0,86785.0,7,16,0.3335765022077174,0.6664234977922826,0.15023194355555522,0,0,0,0,1,0,0,0,0.32,0.8500000000000001,0.0,0.0,0.15,skip,training_upload_trigger_not_confirmed,1785296037.2492037,1785296037249203736,1384705465902079,31.5,53.0546875,-1.0,0,0
2026-07-28T23:33:57.249,10.42.0.1,10.42.0.1,9,1,DOWNLOAD,0.95,DOWNLOAD,0.95,-1,7240,1.7124112075628963,24,50680.0,86785.0,8,16,0.3686756628960099,0.63132433710399,0.1305175228004152,0,0,0,0,1,0,0,0,0.32,0.8500000000000001,0.0,0.0,0.15,skip,training_upload_trigger_not_confirmed,1785296037.2498283,1785296037249828308,1384705466526380,31.5,53.0546875,-1.0,0,0
2026-07-28T23:33:57.250,10.42.0.1,10.42.0.1,9,1,DOWNLOAD,0.95,DOWNLOAD,0.95,-1,7240,1.4983598066212298,25,57920.0,86785.0,9,16,0.40026260322725543,0.5997373967727445,0.11342216616782545,0,0,0,0,1,0,0,0,0.32,0.8500000000000001,0.0,0.0,0.15,skip,training_upload_trigger_not_confirmed,1785296037.250614,1785296037250613992,1384705467312326,31.5,53.0546875,-1.0,0,0
2026-07-28T23:33:57.251,10.42.0.1,10.42.0.1,9,1,DOWNLOAD,0.95,DOWNLOAD,0.95,-1,10136,1.2751998354256024,26,68056.0,86785.0,10,16,0.4395218320729006,0.5604781679270994,0.09857181237375331,0,0,0,0,1,0,0,0,0.32,0.8500000000000001,0.0,0.0,0.15,skip,training_upload_trigger_not_confirmed,1785296037.2513409,1785296037251340773,1384705468039069,31.5,53.0546875,-1.0,0,0
2026-07-28T23:33:57.251,10.42.0.1,10.42.0.1,9,1,DOWNLOAD,0.95,DOWNLOAD,0.95,-1,10136,1.109896153057731,27,78192.0,86785.0,11,16,0.473956975820872,0.526043024179128,0.08566701435134134,0,0,0,0,1,0,0,0,0.30250000000000005,0.8000000000000002,0.0,0.0,0.15,skip,training_upload_trigger_not_confirmed,1785296037.2519817,1785296037251981938,1384705468680063,31.5,53.0546875,-1.0,0,0
2026-07-28T23:33:57.252,10.42.0.1,10.42.0.1,9,1,DOWNLOAD,0.95,DOWNLOAD,0.95,-1,14480,0.9364748791443319,28,92672.0,86785.0,12,16,0.5164022579225107,0.4835977420774893,0.07447386102163371,0,0,0,0,1,0,0,0,0.30250000000000005,0.8000000000000002,0.0,0.0,0.15,skip,training_upload_trigger_not_confirmed,1785296037.252707,1785296037252707109,1384705469405476,31.5,53.0546875,-1.0,0,0
2026-07-28T23:33:57.253,10.42.0.1,10.42.0.1,9,1,DOWNLOAD,0.95,DOWNLOAD,0.95,-1,14480,0.8099242198016843,29,107152.0,86785.0,13,16,0.5525093200369192,0.4474906799630808,0.06478379817204735,0,0,0,0,1,0,0,0,0.30250000000000005,0.8000000000000002,0.0,0.0,0.15,skip,training_upload_trigger_not_confirmed,1785296037.2536457,1785296037253645623,1384705470344006,31.5,53.0546875,-1.0,0,0
2026-07-28T23:33:57.254,10.42.0.1,10.42.0.1,9,1,DOWNLOAD,0.95,DOWNLOAD,0.95,-1,4344,0.7783687307187848,30,111496.0,86785.0,14,16,0.5623130809305985,0.4376869190694015,0.05640494609690181,0,0,0,0,1,0,0,0,0.28500000000000003,0.7500000000000001,0.0,0.0,0.15,skip,training_upload_trigger_not_confirmed,1785296037.2548447,1785296037254844633,1384705471543853,31.5,53.0546875,-1.0,0,0
2026-07-28T23:33:57.255,10.42.0.1,10.42.0.1,9,1,DOWNLOAD,0.95,DOWNLOAD,0.95,-1,14480,0.6889010605219336,31,125976.0,86785.0,15,16,0.5921009959532058,0.4078990040467943,0.04912377221927818,0,0,0,0,1,0,0,0,0.28500000000000003,0.7500000000000001,0.0,0.0,0.15,skip,training_upload_trigger_not_confirmed,1785296037.2559948,1785296037255994974,1384705472693808,31.5,53.0546875,-1.0,0,0
2026-07-28T23:33:57.256,10.42.0.1,10.42.0.1,9,1,DOWNLOAD,0.95,DOWNLOAD,0.95,-1,14480,0.61788033263358,32,140456.0,86785.0,16,16,0.6180926857389292,0.38190731426107083,0.04278186972085304,0,0,0,0,1,0,0,0,0.28500000000000003,0.7500000000000001,0.0,0.0,0.15,skip,training_upload_trigger_not_confirmed,1785296037.2569916,1785296037256991713,1384705473690419,31.5,53.0546875,-1.0,0,0
2026-07-28T23:33:57.258,10.42.0.1,10.42.0.1,9,1,DOWNLOAD,0.95,DOWNLOAD,0.95,-1,14480,0.5601345071541789,33,154936.0,86785.0,17,16,0.6409703749363936,0.3590296250636064,0.03728892623249999,0,0,0,0,1,0,0,0,0.28500000000000003,0.7500000000000001,0.0,0.0,0.15,skip,training_upload_trigger_not_confirmed,1785296037.258089,1785296037258088870,1384705474787063,31.5,53.0546875,-1.0,0,0
2026-07-28T23:33:57.259,10.42.0.1,10.42.0.1,9,1,DOWNLOAD,0.95,DOWNLOAD,0.95,-1,4344,0.5448581115046154,34,159280.0,86785.0,18,16,0.6473086379615143,0.3526913620384858,0.03257743211567796,0,0,0,0,1,0,0,0,0.28500000000000003,0.7500000000000001,0.0,0.0,0.15,skip,training_upload_trigger_not_confirmed,1785296037.2596238,1785296037259623611,1384705476321994,31.5,53.0546875,-1.0,0,0
2026-07-28T23:33:57.260,10.42.0.1,10.42.0.1,9,1,DOWNLOAD,0.95,DOWNLOAD,0.95,-1,4344,0.5303928519072361,35,163624.0,86785.0,19,16,0.6534269934387342,0.3465730065612658,0.02836520697946448,0,0,0,0,1,0,0,0,0.28500000000000003,0.7500000000000001,0.0,0.0,0.15,skip,training_upload_trigger_not_confirmed,1785296037.2602358,1785296037260235783,1384705476933841,31.5,53.0546875,-1.0,0,0
2026-07-28T23:33:57.260,10.42.0.1,10.42.0.1,9,1,DOWNLOAD,0.95,DOWNLOAD,0.95,-1,4344,0.5166757953924754,36,167968.0,86785.0,20,16,0.6593366908338665,0.34066330916613347,0.024710998816260574,0,0,0,0,1,0,0,0,0.28500000000000003,0.7500000000000001,0.0,0.0,0.15,skip,training_upload_trigger_not_confirmed,1785296037.2608702,1785296037260870100,1384705477568080,31.5,53.0546875,-1.0,0,0
2026-07-28T23:33:57.262,10.42.0.1,10.42.0.1,9,1,DOWNLOAD,0.95,DOWNLOAD,0.95,-1,18824,0.46460769198110935,37,186792.0,86785.0,21,16,0.6827766954093363,0.31722330459066367,0.021652807295589657,0,0,0,0,1,0,0,0,0.28500000000000003,0.7500000000000001,0.0,0.0,0.15,skip,training_upload_trigger_not_confirmed,1785296037.2623734,1785296037262373417,1384705479071596,31.5,53.0546875,-1.0,0,0
2026-07-28T23:33:57.263,10.42.0.1,10.42.0.1,9,1,DOWNLOAD,0.95,DOWNLOAD,0.95,-1,18824,0.4220731849689612,38,205616.0,86785.0,22,16,0.7031986894709662,0.29680131052903375,0.018882587937830892,0,0,0,0,1,0,0,0,0.28500000000000003,0.7500000000000001,0.0,0.0,0.15,skip,training_upload_trigger_not_confirmed,1785296037.2630038,1785296037263003908,1384705479702081,31.5,53.0546875,-1.0,0,0
2026-07-28T23:33:57.263,10.42.0.1,10.42.0.1,9,1,DOWNLOAD,0.95,DOWNLOAD,0.95,-1,18824,0.38667349848785115,39,224440.0,86785.0,23,16,0.7211502931962407,0.2788497068037593,0.016483759095651116,0,0,0,0,1,0,0,0,0.28500000000000003,0.7500000000000001,0.0,0.0,0.15,skip,training_upload_trigger_not_confirmed,1785296037.2636824,1785296037263682214,1384705480380554,31.5,53.0546875,-1.0,0,0
2026-07-28T23:33:57.265,10.42.0.1,10.42.0.1,9,1,DOWNLOAD,0.95,DOWNLOAD,0.95,-1,1448,0.3841948222155041,40,225888.0,86785.0,24,16,0.7224416562990729,0.2775583437009272,0.0145233429057704,0,0,0,0,1,0,0,0,0.28500000000000003,0.7500000000000001,0.0,0.0,0.15,skip,training_upload_trigger_not_confirmed,1785296037.265289,1785296037265289049,1384705481987649,31.5,53.0546875,-1.0,0,0
2026-07-28T23:33:57.265,10.42.0.1,10.42.0.1,9,1,DOWNLOAD,0.95,DOWNLOAD,0.95,-1,1448,0.3817477214370722,41,227336.0,86785.0,25,16,0.723721113838298,0.27627888616170204,0.012693170445389007,0,0,0,0,1,0,0,0,0.28500000000000003,0.7500000000000001,0.0,0.0,0.15,skip,training_upload_trigger_not_confirmed,1785296037.2659237,1785296037265923729,1384705482621816,31.5,53.0546875,-1.0,0,0
2026-07-28T23:33:57.266,10.42.0.1,10.42.0.1,9,1,DOWNLOAD,0.95,DOWNLOAD,0.95,-1,15472,0.35742232546144515,42,242808.0,86785.0,26,16,0.7366904030121999,0.2633095969878001,0.011099109774224786,0,0,0,0,1,0,0,0,0.28500000000000003,0.7500000000000001,0.0,0.0,0.15,skip,training_upload_trigger_not_confirmed,1785296037.26652,1785296037266520057,1384705483218124,31.5,53.0546875,-1.0,0,0
2026-07-28T23:33:57.267,10.42.0.210,10.42.0.1,9,1,DOWNLOAD,0.9839488020532977,DOWNLOAD,0.9839488020532977,-1,7240,1.381215469422484e-10,1,7240.0,0.0,1,0,1.0,0.0,1.2525668189480794,0,0,0,0,0,0,0,0,0.0225,0.0,0.0,0.0,0.15,skip,training_upload_trigger_not_confirmed,1785296037.2679026,1785296037267902779,1384705484601468,31.5,53.0546875,-1.0,0,0
2026-07-28T23:33:57.268,10.42.0.210,10.42.0.1,9,1,DOWNLOAD,0.95,DOWNLOAD,0.95,-1,7240,6.90607734758936e-11,2,14480.0,0.0,2,0,1.0,0.0,1.0876411570662663,0,0,0,0,0,0,0,0,0.0225,0.0,0.0,0.0,0.15,skip,training_upload_trigger_not_confirmed,1785296037.2688942,1785296037268894322,1384705485592771,31.5,53.0546875,-1.0,0,0
2026-07-28T23:33:57.269,10.42.0.1,10.42.0.1,9,1,DOWNLOAD,0.95,DOWNLOAD,0.95,-1,15472,0.3360113055624283,43,258280.0,86785.0,27,16,0.7484966600495558,0.2515033399504441,0.01007738058166559,0,0,0,0,1,0,0,0,0.28500000000000003,0.7500000000000001,0.0,0.0,0.15,skip,training_upload_trigger_not_confirmed,1785296037.2698655,1785296037269865383,1384705486563563,31.5,53.0546875,-1.0,0,0
2026-07-28T23:33:57.271,10.42.0.18,10.42.0.1,9,1,DOWNLOAD,0.95,DOWNLOAD,0.95,-1,7300,1.3698630135109776e-10,1,7300.0,0.0,1,0,1.0,0.0,1.81030893870497,0,0,0,0,0,0,0,0,0.0225,0.0,0.0,0.0,0.15,skip,training_upload_trigger_not_confirmed,1785296037.2713642,1785296037271364178,1384705488063136,31.5,53.0546875,-1.0,0,0
2026-07-28T23:33:57.272,10.42.0.18,10.42.0.1,9,1,DOWNLOAD,0.95,DOWNLOAD,0.95,-1,7300,6.84931506802402e-11,2,14600.0,0.0,2,0,1.0,0.0,1.5718595521342509,0,0,0,0,0,0,0,0,0.0225,0.0,0.0,0.0,0.15,skip,training_upload_trigger_not_confirmed,1785296037.2721467,1785296037272146732,1384705488845279,31.5,53.0546875,-1.0,0,0
2026-07-28T23:33:57.272,10.42.0.1,10.42.0.1,9,1,DOWNLOAD,0.95,DOWNLOAD,0.95,-1,15472,0.31702051492110733,44,273752.0,86785.0,28,16,0.7592896152128631,0.24071038478713697,0.009151425785948828,0,0,0,0,1,0,0,0,0.28500000000000003,0.7500000000000001,0.0,0.0,0.15,skip,training_upload_trigger_not_confirmed,1785296037.272916,1785296037272915843,1384705489614688,31.5,53.0546875,-1.0,0,0
2026-07-28T23:33:57.273,10.42.0.47,10.42.0.1,9,1,DOWNLOAD,0.95,DOWNLOAD,0.95,-1,7240,10.984530385361252,11,7240.0,79528.0,1,10,0.08344089987092015,0.9165591001290798,0.42156056490306176,0,0,0,0,0,0,0,0,0.057499999999999996,0.1,0.0,0.0,0.15,skip,training_upload_trigger_not_confirmed,1785296037.273887,1785296037273886849,1384705490585175,31.5,53.0546875,-1.0,0,0
2026-07-28T23:33:57.274,10.42.0.1,10.42.0.1,9,1,DOWNLOAD,0.95,DOWNLOAD,0.95,-1,8688,0.30726880045564625,45,282440.0,86785.0,29,16,0.7649536190669646,0.2350463809330354,0.008167560274377351,0,0,0,0,1,0,0,0,0.28500000000000003,0.7500000000000001,0.0,0.0,0.15,skip,training_upload_trigger_not_confirmed,1785296037.2746012,1785296037274601326,1384705491299829,31.5,53.0546875,-1.0,0,0
2026-07-28T23:33:57.275,10.42.0.145,10.42.0.1,7,1,DOWNLOAD,0.95,DOWNLOAD,0.95,-1,7300,1.3698630135109776e-10,1,7300.0,0.0,1,0,1.0,0.0,2.1056954008777415,0,0,0,0,0,0,0,0,0.0225,0.0,0.0,0.0,0.15,skip,already_attacked_this_round,1785296037.2753732,1785296037275373244,1384705492072068,31.5,53.0546875,-1.0,0,0
2026-07-28T23:33:57.276,10.42.0.145,10.42.0.1,7,1,DOWNLOAD,0.95,DOWNLOAD,0.95,-1,7300,6.84931506802402e-11,2,14600.0,0.0,2,0,1.0,0.0,1.8283170639843986,0,0,0,0,0,0,0,0,0.0225,0.0,0.0,0.0,0.15,skip,already_attacked_this_round,1785296037.2761211,1785296037276121191,1384705492819323,31.5,53.0546875,-1.0,0,0
2026-07-28T23:33:57.277,10.42.0.18,10.42.0.1,9,1,DOWNLOAD,0.95,DOWNLOAD,0.95,-1,10220,4.029008863657171e-11,3,24820.0,0.0,3,0,1.0,0.0,1.3654920708597014,0,0,0,0,0,0,0,0,0.0225,0.0,0.0,0.0,0.15,skip,training_upload_trigger_not_confirmed,1785296037.2779405,1785296037277940489,1384705494639032,31.5,53.0546875,-1.0,0,0
2026-07-28T23:33:57.278,10.42.0.18,10.42.0.1,9,1,DOWNLOAD,0.95,DOWNLOAD,0.95,-1,4380,3.424657534129292e-11,4,29200.0,0.0,4,0,1.0,0.0,1.1856417594176571,0,0,0,0,0,0,0,0,0.0225,0.0,0.0,0.0,0.15,skip,training_upload_trigger_not_confirmed,1785296037.2785983,1785296037278598331,1384705495296434,31.5,53.0546875,-1.0,0,0
2026-07-28T23:33:57.279,10.42.0.18,10.42.0.1,9,1,DOWNLOAD,0.919586856809861,DOWNLOAD,0.919586856809861,0,43,3.424657534129292e-11,4,29200.0,0.0,4,0,1.0,0.0,2.4531405326170783,0,0,0,0,0,0,0,0,0.0225,0.0,0.0,0.0,0.15,skip,training_upload_trigger_not_confirmed,1785296037.2791774,1785296037279177400,1384705495875294,31.5,53.0546875,-1.0,0,0
2026-07-28T23:33:57.282,10.42.0.59,10.42.0.1,4,2,TRAINING,0.9293977297375461,TRAINING,0.9293977297375461,0,43,1.0,0,0.0,0.0,0,0,0.0,0.0,2.1398609726759634,0,0,0,0,0,0,0,0,0.039999999999999994,0.05,0.0,0.0,0.15,skip,already_attacked_this_round,1785296037.28269,1785296037282690039,1384705499389011,31.5,53.0546875,-1.0,0,0
2026-07-28T23:33:57.283,10.42.0.59,10.42.0.1,4,2,TRAINING,0.95,TRAINING,0.95,-1,14600,6.84931506802402e-11,1,14600.0,0.0,1,0,1.0,0.0,3.2969796261469524,0,0,0,0,0,0,0,0,0.0225,0.0,0.0,0.0,0.15,skip,already_attacked_this_round,1785296037.2834365,1785296037283436447,1384705500134665,31.5,53.0546875,-1.0,0,0
2026-07-28T23:33:57.284,10.42.0.59,10.42.0.1,4,2,TRAINING,0.95,TRAINING,0.95,-1,14600,3.424657534129292e-11,2,29200.0,0.0,2,0,1.0,0.0,2.8626090704887224,0,0,0,0,0,0,0,0,0.0225,0.0,0.0,0.0,0.15,skip,already_attacked_this_round,1785296037.2840981,1785296037284097979,1384705500796483,31.5,53.0546875,-1.0,0,0
2026-07-28T23:33:57.285,10.42.0.47,10.42.0.1,9,1,DOWNLOAD,0.9,DOWNLOAD,0.9,0,43,10.984530385361252,11,7240.0,79528.0,1,10,0.08344089987092015,0.9165591001290798,0.42346800932368506,0,0,0,0,0,0,0,0,0.057499999999999996,0.1,0.0,0.0,0.15,skip,training_upload_trigger_not_confirmed,1785296037.2856972,1785296037285697226,1384705502395963,31.5,53.0546875,-1.0,0,0
2026-07-28T23:33:57.286,10.42.0.47,10.42.0.1,9,1,DOWNLOAD,0.95,DOWNLOAD,0.95,-1,10136,4.576887660935952,12,17376.0,79528.0,2,10,0.17931148353009163,0.8206885164699084,0.3693703556462477,0,0,0,0,0,0,0,0,0.057499999999999996,0.1,0.0,0.0,0.15,skip,training_upload_trigger_not_confirmed,1785296037.2868228,1785296037286822975,1384705503521907,31.5,53.0546875,-1.0,0,0
2026-07-28T23:33:57.288,10.42.0.47,10.42.0.1,9,1,DOWNLOAD,0.95,DOWNLOAD,0.95,-1,4344,3.661510128790906,13,21720.0,79528.0,3,10,0.21452275600505688,0.7854772439949431,0.3209008612056244,0,0,0,0,0,0,0,0,0.057499999999999996,0.1,0.0,0.0,0.15,skip,training_upload_trigger_not_confirmed,1785296037.2883716,1785296037288371359,1384705505069767,31.5,53.0546875,-1.0,0,0
2026-07-28T23:33:57.290,10.42.0.47,10.42.0.1,9,1,DOWNLOAD,0.95,DOWNLOAD,0.95,-1,14480,2.196906077315002,14,36200.0,79528.0,4,10,0.31280243329185675,0.6871975667081432,0.278851428420489,0,0,0,0,0,0,0,0,0.057499999999999996,0.1,0.0,0.0,0.15,skip,training_upload_trigger_not_confirmed,1785296037.290171,1785296037290170937,1384705506869240,31.5,53.0546875,-1.0,0,0
2026-07-28T23:33:57.291,10.42.0.145,10.42.0.1,7,1,DOWNLOAD,0.947147494751963,DOWNLOAD,0.947147494751963,0,43,6.84931506802402e-11,2,14600.0,0.0,2,0,1.0,0.0,3.027110029508451,0,0,0,0,0,0,0,0,0.0225,0.0,0.0,0.0,0.15,skip,already_attacked_this_round,1785296037.2910612,1785296037291061327,1384705507759635,31.5,53.0546875,-1.0,0,0
2026-07-28T23:33:57.291,10.42.0.145,10.42.0.1,7,1,DOWNLOAD,0.95,DOWNLOAD,0.95,-1,14600,3.424657534129292e-11,3,29200.0,0.0,3,0,1.0,0.0,2.6302857559441803,0,0,0,0,0,0,0,0,0.0225,0.0,0.0,0.0,0.15,skip,already_attacked_this_round,1785296037.2918415,1785296037291841473,1384705508540096,31.5,53.0546875,-1.0,0,0
2026-07-28T23:33:57.292,10.42.0.145,10.42.0.1,7,1,DOWNLOAD,0.9528816482886249,DOWNLOAD,0.9528816482886249,-1,14600,2.2831050227789245e-11,4,43800.0,0.0,4,0,1.0,0.0,2.2837716982746725,0,0,0,0,0,0,0,0,0.0225,0.0,0.0,0.0,0.15,skip,already_attacked_this_round,1785296037.292528,1785296037292527826,1384705509225829,31.5,53.0546875,-1.0,0,0
2026-07-28T23:33:57.294,10.42.0.18,10.42.0.1,9,1,DOWNLOAD,0.95,DOWNLOAD,0.95,-1,14600,2.2831050227789245e-11,5,43800.0,0.0,5,0,1.0,0.0,2.1320317479850877,0,0,0,0,0,0,0,0,0.0225,0.0,0.0,0.0,0.15,skip,training_upload_trigger_not_confirmed,1785296037.294933,1785296037294932990,1384705511631326,31.5,53.0546875,-1.0,0,0
2026-07-28T23:33:57.295,10.42.0.18,10.42.0.1,9,1,DOWNLOAD,0.95,DOWNLOAD,0.95,-1,14600,1.7123287670939668e-11,6,58400.0,0.0,6,0,1.0,0.0,1.8511916248190843,0,0,0,0,0,0,0,0,0.0225,0.0,0.0,0.0,0.15,skip,training_upload_trigger_not_confirmed,1785296037.2957468,1785296037295746850,1384705512444796,31.5,53.0546875,-1.0,0,0
2026-07-28T23:33:57.298,10.42.0.59,10.42.0.1,4,2,TRAINING,0.95,TRAINING,0.95,-1,21900,1.9569471623883178e-11,3,51100.0,0.0,3,0,1.0,0.0,2.487240801747455,0,0,0,0,0,0,0,0,0.0225,0.0,0.0,0.0,0.15,skip,already_attacked_this_round,1785296037.2981412,1785296037298141078,1384705514839622,31.5,53.0546875,-1.0,0,0
2026-07-28T23:33:57.298,10.42.0.59,10.42.0.1,4,2,TRAINING,0.95,TRAINING,0.95,-1,13484,1.5483711135645304e-11,4,64584.0,0.0,4,0,1.0,0.0,2.1595928484810787,0,0,0,0,0,0,0,0,0.0225,0.0,0.0,0.0,0.15,skip,already_attacked_this_round,1785296037.2989523,1785296037298952404,1384705515650771,31.5,53.0546875,-1.0,0,0
2026-07-28T23:33:57.302,10.42.0.145,10.42.0.1,7,1,DOWNLOAD,0.9589761270338006,DOWNLOAD,0.9589761270338006,-1,29200,1.369863013679865e-11,5,73000.0,0.0,5,0,1.0,0.0,1.984079060102479,0,0,0,0,0,0,0,0,0.0225,0.0,0.0,0.0,0.15,skip,already_attacked_this_round,1785296037.302015,1785296037302015046,1384705518713251,31.5,53.0546875,-1.0,0,0
2026-07-28T23:33:57.302,10.42.0.145,10.42.0.1,7,1,DOWNLOAD,0.963690220604227,DOWNLOAD,0.963690220604227,-1,6184,1.2628813901638856e-11,6,79184.0,0.0,6,0,1.0,0.0,1.7227511266329187,0,0,0,0,0,0,0,0,0.0225,0.0,0.0,0.0,0.15,skip,already_attacked_this_round,1785296037.3029487,1785296037302948607,1384705519647158,31.5,53.0546875,-1.0,0,0
2026-07-28T23:33:57.304,10.42.0.18,10.42.0.1,9,1,DOWNLOAD,0.95,DOWNLOAD,0.95,-1,14600,1.369863013679865e-11,7,73000.0,0.0,7,0,1.0,0.0,1.6083858458321136,0,0,0,0,0,0,0,0,0.0225,0.0,0.0,0.0,0.15,skip,training_upload_trigger_not_confirmed,1785296037.3043525,1785296037304352441,1384705521050967,31.5,53.0546875,-1.0,0,0
2026-07-28T23:33:57.305,10.42.0.18,10.42.0.1,9,1,DOWNLOAD,0.9523284545256616,DOWNLOAD,0.9523284545256616,-1,6201,1.2626103205608186e-11,8,79201.0,0.0,8,0,1.0,0.0,1.3965775045818587,0,0,0,0,0,0,0,0,0.0225,0.0,0.0,0.0,0.15,skip,training_upload_trigger_not_confirmed,1785296037.3053834,1785296037305383407,1384705522081788,31.5,53.0546875,-1.0,0,0
2026-07-28T23:33:57.311,10.42.0.47,10.42.0.1,9,1,DOWNLOAD,0.95,DOWNLOAD,0.95,-1,18824,1.4453329456156343,15,55024.0,79528.0,5,10,0.40894226767346453,0.5910577323265355,0.24494924307292615,0,0,0,0,0,0,0,0,0.057499999999999996,0.1,0.0,0.0,0.15,skip,training_upload_trigger_not_confirmed,1785296037.311748,1785296037311747969,1384705528446030,31.5,53.0546875,-1.0,0,0
2026-07-28T23:33:57.312,10.42.0.47,10.42.0.1,9,1,DOWNLOAD,0.95,DOWNLOAD,0.95,-1,16937,1.1051541807353267,16,71961.0,79528.0,6,10,0.4750245892441035,0.5249754107558965,0.2127574590915735,0,0,0,0,0,0,0,0,0.039999999999999994,0.05,0.0,0.0,0.15,skip,training_upload_trigger_not_confirmed,1785296037.3124027,1785296037312402678,1384705529101258,31.5,53.0546875,-1.0,0,0
2026-07-28T23:33:57.399,10.42.0.210,10.42.0.1,9,1,DOWNLOAD,0.9557926560077417,DOWNLOAD,0.9557926560077417,0,43,6.90607734758936e-11,2,14480.0,0.0,2,0,1.0,0.0,2.212193006581081,0,0,0,0,0,0,0,0,0.0225,0.0,0.0,0.0,0.15,skip,training_upload_trigger_not_confirmed,1785296037.399727,1785296037399727211,1384705616426612,31.5,53.0546875,-1.0,0,0
2026-07-28T23:33:57.400,10.42.0.210,10.42.0.1,9,1,DOWNLOAD,0.9846998846180315,DOWNLOAD,0.9846998846180315,-1,2896,5.7550644563907074e-11,3,17376.0,0.0,3,0,1.0,0.0,1.9380626933624696,0,0,0,0,0,0,0,0,0.0225,0.0,0.0,0.0,0.15,skip,training_upload_trigger_not_confirmed,1785296037.400788,1785296037400787865,1384705617486552,31.5,53.0546875,-1.0,0,0
2026-07-28T23:33:57.404,10.42.0.210,10.42.0.1,9,1,DOWNLOAD,0.9854895428954357,DOWNLOAD,0.9854895428954357,-1,10136,3.634777551481725e-11,4,27512.0,0.0,4,0,1.0,0.0,1.6831269492608638,0,0,0,0,0,0,0,0,0.0225,0.0,0.0,0.0,0.15,skip,training_upload_trigger_not_confirmed,1785296037.404214,1785296037404213995,1384705620912735,31.5,53.0546875,-1.0,0,0
2026-07-28T23:33:57.405,10.42.0.210,10.42.0.1,9,1,DOWNLOAD,0.9855083405864443,DOWNLOAD,0.9855083405864443,-1,13032,2.4664561956771294e-11,5,40544.0,0.0,5,0,1.0,0.0,1.461535144259596,0,0,0,0,0,0,0,0,0.0225,0.0,0.0,0.0,0.15,skip,training_upload_trigger_not_confirmed,1785296037.405742,1785296037405741836,1384705622441107,31.5,53.0546875,-1.0,0,0
2026-07-28T23:33:57.410,10.42.0.210,10.42.0.1,9,1,DOWNLOAD,0.9855087208476458,DOWNLOAD,0.9855087208476458,-1,17376,1.7265193369867658e-11,6,57920.0,0.0,6,0,1.0,0.0,1.2695679318266047,0,0,0,0,0,0,0,0,0.0225,0.0,0.0,0.0,0.15,skip,training_upload_trigger_not_confirmed,1785296037.410491,1785296037410490966,1384705627189992,31.5,53.0546875,-1.0,0,0
2026-07-28T23:33:57.420,10.42.0.210,10.42.0.1,9,1,DOWNLOAD,0.9855087261970161,DOWNLOAD,0.9855087261970161,-1,21264,1.2628813901638856e-11,7,79184.0,0.0,7,0,1.0,0.0,1.1036449899863336,0,0,0,0,0,0,0,0,0.0225,0.0,0.0,0.0,0.15,skip,training_upload_trigger_not_confirmed,1785296037.4209156,1785296037420915700,1384705637614769,31.5,53.0546875,-1.0,0,0
2026-07-28T23:33:57.604,10.42.0.59,10.42.0.1,4,3,UPLOAD,0.95,UPLOAD,0.95,1,64240,0.994673603369338,5,64584.0,64240.0,4,1,0.5013351549400733,0.4986648450599267,1.917390898143586,0,0,0,1,1,1,1,1,0.85,1.0,1.0,0.4,0.8,skip,already_attacked_this_round,1785296037.6042793,1785296037604279424,1384705820978807,31.5,53.0546875,-1.0,0,0
2026-07-28T23:33:57.605,10.42.0.1,10.42.0.1,9,2,TRAINING,0.95,TRAINING,0.95,1,7240,0.3329025633786542,46,282440.0,94025.0,29,17,0.7502423864104233,0.2497576135895767,0.030696934835679167,0,0,0,0,1,0,0,0,0.4525,1.0,0.0,0.4,0.15,skip,training_upload_trigger_not_confirmed,1785296037.6054585,1785296037605458478,1384705822157737,31.5,53.0546875,-1.0,0,0
2026-07-28T23:33:57.606,10.42.0.1,10.42.0.1,9,3,UPLOAD,0.95,UPLOAD,0.95,1,7240,0.35853632630166216,47,282440.0,101265.0,29,18,0.7360863163107074,0.2639136836892926,0.026773542460576935,1,0,0,0,1,0,0,0,0.85,1.0,1.0,0.4,0.8,trigger,training_upload_trigger_confirmed,1785296037.606382,1785296037606381832,1384705823080577,31.5,53.0546875,42.144728,1785296037648528052,1384705865225305
2026-07-28T23:33:57.609,10.42.0.1,10.42.0.1,9,3,UPLOAD,0.95,UPLOAD,0.95,1,14480,0.40980385214767806,48,282440.0,115745.0,29,19,0.7093185328427741,0.2906814671572259,0.023660498057343448,1,0,1,0,1,0,0,0,0.85,1.0,1.0,0.4,0.8,skip,attack_already_active,1785296037.6095314,1785296037609531310,1384705826230005,31.5,53.0546875,-1.0,0,0
2026-07-28T23:33:57.610,10.42.0.1,10.42.0.1,9,3,UPLOAD,0.95,UPLOAD,0.95,1,14480,0.46107137799369396,49,282440.0,130225.0,29,20,0.6844292585995905,0.3155707414004095,0.02065741655490954,1,0,1,1,1,1,1,1,0.85,1.0,1.0,0.4,0.8,skip,attack_already_active,1785296037.6104023,1785296037610402353,1384705827100586,31.5,53.0546875,-1.0,0,0
2026-07-28T23:33:57.611,10.42.0.1,10.42.0.1,9,3,UPLOAD,0.8693451395981939,UPLOAD,0.8693451395981939,0,43,0.46107137799369396,49,282440.0,130225.0,29,20,0.6844292585995905,0.3155707414004095,0.04065651341480235,1,0,1,0,1,1,0,0,0.6825,0.7500000000000001,1.0,0.0,0.8,skip,attack_already_active,1785296037.6110697,1785296037611069657,1384705827767796,31.5,53.0546875,-1.0,0,0
2026-07-28T23:33:57.613,10.42.0.1,10.42.0.1,9,3,UPLOAD,0.95,UPLOAD,0.95,1,14480,0.5123389038397099,50,282440.0,144705.0,29,21,0.6612274520361938,0.3387725479638062,0.03565517152834492,1,0,1,1,1,1,1,1,0.85,1.0,1.0,0.4,0.8,skip,attack_already_active,1785296037.613105,1785296037613105181,1384705829803627,31.5,53.0546875,-1.0,0,0
2026-07-28T23:33:57.615,10.42.0.1,10.42.0.1,9,3,UPLOAD,0.95,UPLOAD,0.95,1,11584,0.5533529245165226,51,282440.0,156289.0,29,22,0.6437687045989665,0.35623129540103343,0.03125968901583442,1,0,1,1,1,1,1,1,0.85,1.0,1.0,0.4,0.8,skip,attack_already_active,1785296037.6154041,1785296037615404155,1384705832102919,31.5,53.0546875,-1.0,0,0
2026-07-28T23:33:57.616,10.42.0.1,10.42.0.1,9,3,UPLOAD,0.95,UPLOAD,0.95,1,8688,0.5841134400241321,52,282440.0,164977.0,29,23,0.6312679223185529,0.36873207768144706,0.027249541597458547,1,0,1,1,1,1,1,1,0.85,1.0,1.0,0.4,0.8,skip,attack_already_active,1785296037.616232,1785296037616232005,1384705832931073,31.5,53.0546875,-1.0,0,0
2026-07-28T23:33:57.617,10.42.0.1,10.42.0.1,9,3,UPLOAD,0.95,UPLOAD,0.95,1,1336,0.5888436482099247,53,282440.0,166313.0,29,24,0.6293885500486904,0.3706114499513095,0.023836130829919606,1,0,1,1,1,1,1,1,0.9299999999999999,1.0,1.0,0.8,0.8,skip,attack_already_active,1785296037.617578,1785296037617577898,1384705834276341,31.5,53.0546875,-1.0,0,0
2026-07-28T23:33:57.620,10.42.0.145,10.42.0.1,7,2,TRAINING,0.95,TRAINING,0.95,1,64240,0.811275005053909,7,79184.0,64240.0,6,1,0.5520972780008925,0.4479027219991075,1.5391191215472877,0,0,0,0,1,0,0,0,0.4525,1.0,0.0,0.4,0.15,skip,already_attacked_this_round,1785296037.6202798,1785296037620279893,1384705836979647,31.5,53.0546875,-1.0,0,0
2026-07-28T23:33:57.621,10.42.0.145,10.42.0.1,7,3,UPLOAD,0.95,UPLOAD,0.95,1,14600,0.9956556880178362,8,79184.0,78840.0,6,2,0.5010884422619349,0.4989115577380651,1.336510563401736,0,0,0,1,1,1,1,1,0.85,1.0,1.0,0.4,0.8,skip,already_attacked_this_round,1785296037.6218586,1785296037621858539,1384705838557445,31.5,53.0546875,-1.0,0,0
2026-07-28T23:33:57.622,10.42.0.145,10.42.0.1,7,3,UPLOAD,0.9841010226033655,UPLOAD,0.9841010226033655,1,689,1.0043569407960653,9,79184.0,79529.0,6,3,0.49891313250962427,0.5010868674903757,1.1605118860148915,0,0,0,1,1,1,1,1,0.85,1.0,1.0,0.4,0.8,skip,already_attacked_this_round,1785296037.6227639,1785296037622763768,1384705839462584,31.5,53.0546875,-1.0,0,0
2026-07-28T23:33:57.624,10.42.0.1,10.42.0.1,9,3,UPLOAD,0.95,UPLOAD,0.95,1,7240,0.6144774111329327,54,282440.0,173553.0,29,25,0.6193954731761233,0.3806045268238767,0.021546676773418528,1,0,1,1,1,1,1,1,0.9699999999999999,1.0,1.0,1.0,0.8,skip,attack_already_active,1785296037.6240401,1785296037624040238,1384705840739170,31.5,53.0546875,-1.0,0,0
2026-07-28T23:33:57.624,10.42.0.1,10.42.0.1,9,3,UPLOAD,0.95,UPLOAD,0.95,1,7240,0.6401111740559406,55,282440.0,180793.0,29,26,0.6097147655715375,0.3902852344284626,0.0188326049691619,1,0,1,1,1,1,1,1,0.9699999999999999,1.0,1.0,1.0,0.8,skip,attack_already_active,1785296037.6249905,1785296037624990529,1384705841689550,31.5,53.0546875,-1.0,0,0
2026-07-28T23:33:57.632,10.42.0.1,10.42.0.1,9,3,UPLOAD,0.8222805698107504,UPLOAD,0.8222805698107504,0,43,0.6401111740559406,55,282440.0,180793.0,29,26,0.6097147655715375,0.3902852344284626,0.01914528210283848,1,0,1,1,1,1,1,1,0.8025,0.7500000000000001,1.0,0.6000000000000001,0.8,skip,attack_already_active,1785296037.632275,1785296037632275322,1384705848973971,31.5,53.0546875,-1.0,0,0
2026-07-28T23:33:57.633,10.42.0.1,10.42.0.1,9,3,UPLOAD,0.95,UPLOAD,0.95,1,10136,0.6759984421481519,56,282440.0,190929.0,29,27,0.5966592658158857,0.4033407341841143,0.01775470876118013,1,0,1,1,1,1,1,1,0.9699999999999999,1.0,1.0,1.0,0.8,skip,attack_already_active,1785296037.633583,1785296037633583219,1384705850281653,31.5,53.0546875,-1.0,0,0
2026-07-28T23:33:57.634,10.42.0.1,10.42.0.1,9,3,UPLOAD,0.95,UPLOAD,0.95,1,4344,0.6913786999019566,57,282440.0,195273.0,29,28,0.5912336486551548,0.4087663513448451,0.015518894804937549,1,0,1,1,1,1,1,1,0.9699999999999999,1.0,1.0,1.0,0.8,skip,attack_already_active,1785296037.6343708,1785296037634370866,1384705851069214,31.5,53.0546875,-1.0,0,0
2026-07-28T23:33:57.635,10.42.0.1,10.42.0.1,9,3,UPLOAD,0.95,UPLOAD,0.95,1,14480,0.7426462257479725,58,282440.0,209753.0,29,29,0.57383993677277,0.42616006322723,0.013674626975854148,1,0,1,1,1,1,1,1,0.9699999999999999,1.0,1.0,1.0,0.8,skip,attack_already_active,1785296037.635894,1785296037635894138,1384705852592467,31.5,53.0546875,-1.0,0,0
2026-07-28T23:33:57.637,10.42.0.1,10.42.0.1,9,3,UPLOAD,0.95,UPLOAD,0.95,1,14480,0.7939137515939884,59,282440.0,224233.0,29,30,0.5574404004160475,0.4425595995839526,0.012117936549173492,1,0,1,1,1,1,1,1,0.9699999999999999,1.0,1.0,1.0,0.8,skip,attack_already_active,1785296037.6377554,1785296037637755327,1384705854453643,93.1,53.0703125,-1.0,0,0
2026-07-28T23:33:57.638,10.42.0.1,10.42.0.1,9,3,UPLOAD,0.95,UPLOAD,0.95,1,5792,0.8144207619323948,60,282440.0,230025.0,29,31,0.5511400778589758,0.44885992214102427,0.010661129613141227,1,0,1,1,1,1,1,1,0.9699999999999999,1.0,1.0,1.0,0.8,skip,attack_already_active,1785296037.638818,1785296037638818000,1384705855516512,93.1,53.0703125,-1.0,0,0
2026-07-28T23:33:57.639,10.42.0.1,10.42.0.1,9,3,UPLOAD,0.95,UPLOAD,0.95,1,8688,0.8451812774400043,61,282440.0,238713.0,29,32,0.5419521714352599,0.4580478285647401,0.009395758540043299,1,0,1,1,1,1,1,1,0.9699999999999999,1.0,1.0,1.0,0.8,skip,attack_already_active,1785296037.6398766,1785296037639876544,1384705856574808,93.1,53.0703125,-1.0,0,0
2026-07-28T23:33:57.640,10.42.0.1,10.42.0.1,9,3,UPLOAD,0.95,UPLOAD,0.95,1,7129,0.8704220365391927,62,282440.0,245842.0,29,33,0.5346386967566564,0.4653613032433435,0.008296188543473713,1,0,1,1,1,1,1,1,0.9699999999999999,1.0,1.0,1.0,0.8,skip,attack_already_active,1785296037.640928,1785296037640928044,1384705857626582,93.1,53.0703125,-1.0,0,0
2026-07-28T23:33:57.660,10.42.0.1,10.42.0.1,9,3,UPLOAD,0.95,UPLOAD,0.95,1,1337,0.8751557852999746,63,282440.0,247179.0,29,34,0.5332890247517555,0.4667109752482445,0.009836972945913229,1,0,1,1,1,1,1,1,0.9699999999999999,1.0,1.0,1.0,0.8,skip,attack_already_active,1785296037.6609168,1785296037660916672,1384705877615327,93.1,53.0703125,-1.0,0,0
2026-07-28T23:33:57.709,10.42.0.18,10.42.0.1,9,2,TRAINING,0.95,TRAINING,0.95,1,40880,0.5161550990578888,9,79201.0,40880.0,8,1,0.6595631282217836,0.34043687177821635,1.2692061137232962,0,0,0,0,1,1,0,0,0.5725,1.0,0.0,1.0,0.15,skip,training_upload_trigger_not_confirmed,1785296037.7091687,1785296037709168519,1384705925867071,93.1,53.0703125,-1.0,0,0
2026-07-28T23:33:57.711,10.42.0.18,10.42.0.1|10.42.0.18,9,3,UPLOAD,0.95,UPLOAD,0.95,1,37960,0.9954419767427755,10,79201.0,78840.0,8,2,0.5011421086933138,0.49885789130668623,1.102239469794875,1,0,0,1,1,1,1,1,0.9699999999999999,1.0,1.0,1.0,0.8,trigger,training_upload_trigger_confirmed,1785296037.711311,1785296037711311140,1384705928010301,93.1,53.0703125,77.852736,1785296037789165717,1384706005863037
2026-07-28T23:33:57.712,10.42.0.18,10.42.0.1|10.42.0.18,9,3,UPLOAD,0.9841010226033655,UPLOAD,0.9841010226033655,1,688,1.0041287357482338,11,79201.0,79528.0,8,3,0.49896994248058013,0.5010300575194199,0.9571501335259347,1,0,1,1,1,1,1,1,0.9699999999999999,1.0,1.0,1.0,0.8,skip,attack_already_active,1785296037.7125077,1785296037712507650,1384705929205967,93.1,53.0703125,-1.0,0,0
2026-07-28T23:33:57.713,10.42.0.1,10.42.0.1|10.42.0.18,9,3,UPLOAD,0.95,UPLOAD,0.95,1,7240,0.8495220223769667,62,282440.0,239939.0,29,33,0.5406802340829168,0.4593197659170832,0.01225865583523852,1,0,1,1,1,1,1,1,0.9699999999999999,1.0,1.0,1.0,0.8,skip,attack_already_active,1785296037.713233,1785296037713232996,1384705929931177,93.1,53.0703125,-1.0,0,0
2026-07-28T23:33:57.714,10.42.0.1,10.42.0.1|10.42.0.18,9,3,UPLOAD,0.95,UPLOAD,0.95,1,7240,0.8751557852999746,63,282440.0,247179.0,29,34,0.5332890247517555,0.4667109752482445,0.010749406227379464,1,0,1,1,1,1,1,1,0.9699999999999999,1.0,1.0,1.0,0.8,skip,attack_already_active,1785296037.7140384,1785296037714038226,1384705930736740,93.1,53.0703125,-1.0,0,0
2026-07-28T23:33:57.715,10.42.0.1,10.42.0.1|10.42.0.18,9,3,UPLOAD,0.5736935248627962,UPLOAD,0.5736935248627962,0,43,0.8751557852999746,63,282440.0,247179.0,29,34,0.5332890247517555,0.4667109752482445,0.020272224688802576,1,0,1,1,1,1,1,1,0.8200000000000001,0.8000000000000002,1.0,0.6000000000000001,0.8,skip,attack_already_active,1785296037.7152905,1785296037715290550,1384705931988849,93.1,53.0703125,-1.0,0,0
2026-07-28T23:33:57.716,10.42.0.1,10.42.0.1|10.42.0.18,9,3,UPLOAD,0.95,UPLOAD,0.95,1,10136,0.9110430533921858,64,282440.0,257315.0,29,35,0.5232744485924169,0.47672555140758305,0.017907717592179986,1,0,1,1,1,1,1,1,0.9699999999999999,1.0,1.0,1.0,0.8,skip,attack_already_active,1785296037.716367,1785296037716367142,1384705933065520,93.1,53.0703125,-1.0,0,0
2026-07-28T23:33:57.717,10.42.0.1,10.42.0.1|10.42.0.18,9,3,UPLOAD,0.95,UPLOAD,0.95,1,4344,0.9264233111459905,65,282440.0,261659.0,29,36,0.5190967085034157,0.4809032914965843,0.015646462841602076,1,0,1,1,1,1,1,1,0.9699999999999999,1.0,1.0,1.0,0.8,skip,attack_already_active,1785296037.7171147,1785296037717114722,1384705933812935,93.1,53.0703125,-1.0,0,0
2026-07-28T23:33:57.717,10.42.0.1,10.42.0.1|10.42.0.18,9,3,UPLOAD,0.95,UPLOAD,0.95,1,14480,0.9776908369920064,66,282440.0,276139.0,29,37,0.5056402048770183,0.4943597951229817,0.01368648257014403,1,0,1,1,1,1,1,1,0.9699999999999999,1.0,1.0,1.0,0.8,skip,attack_already_active,1785296037.7178874,1785296037717887542,1384705934585756,93.1,53.0703125,-1.0,0,0
2026-07-28T23:33:57.719,10.42.0.1,10.42.0.1|10.42.0.18,9,3,UPLOAD,0.95,UPLOAD,0.95,1,14480,1.0289583628380223,67,282440.0,290619.0,29,38,0.4928637365437067,0.5071362634562934,0.01214987652365309,1,0,1,1,1,1,1,1,0.9699999999999999,1.0,1.0,1.0,0.8,skip,attack_already_active,1785296037.719913,1785296037719912968,1384705936611427,93.1,53.0703125,-1.0,0,0
2026-07-28T23:33:57.720,10.42.0.1,10.42.0.1|10.42.0.18,9,3,UPLOAD,0.95,UPLOAD,0.95,1,5792,1.0494653731764287,68,282440.0,296411.0,29,39,0.4879321276114233,0.5120678723885767,0.010644467812935477,1,0,1,1,1,1,1,1,0.9699999999999999,1.0,1.0,1.0,0.8,skip,attack_already_active,1785296037.7206388,1785296037720638821,1384705937336953,93.1,53.0703125,-1.0,0,0
2026-07-28T23:33:57.721,10.42.0.1,10.42.0.1|10.42.0.18,9,3,UPLOAD,0.95,UPLOAD,0.95,1,5792,1.0699723835148351,69,282440.0,302203.0,29,40,0.4830982325966445,0.5169017674033556,0.009389523719890578,1,0,1,1,1,1,1,1,0.9699999999999999,1.0,1.0,1.0,0.8,skip,attack_already_active,1785296037.7217598,1785296037721759864,1384705938458278,93.1,53.0703125,-1.0,0,0
2026-07-28T23:33:57.723,10.42.0.1,10.42.0.1|10.42.0.18,9,3,UPLOAD,0.95,UPLOAD,0.95,1,8688,1.1007328990224448,70,282440.0,310891.0,29,41,0.4760243439159592,0.5239756560840407,0.008328727631219722,1,0,1,1,1,1,1,1,0.9699999999999999,1.0,1.0,1.0,0.8,skip,attack_already_active,1785296037.7230992,1785296037723099234,1384705939797540,93.1,53.0703125,-1.0,0,0
2026-07-28T23:33:57.724,10.42.0.1,10.42.0.1|10.42.0.18,9,3,UPLOAD,0.95,UPLOAD,0.95,1,1336,1.1054631072082373,71,282440.0,312227.0,29,42,0.47495489072035274,0.5250451092796473,0.007402470664196505,1,0,1,1,1,1,1,1,0.9699999999999999,1.0,1.0,1.0,0.8,skip,attack_already_active,1785296037.7243989,1785296037724398899,1384705941097267,93.1,53.0703125,-1.0,0,0
2026-07-28T23:33:59.059,10.42.0.210,10.42.0.1|10.42.0.210|10.42.0.18,9,3,UPLOAD,0.95,UPLOAD,0.95,1,1448,100.0,1,0.0,1448.0,0,1,0.0,1.0,1.1768731515708772,1,0,0,1,1,1,1,1,0.9525,0.95,1.0,1.0,0.8,trigger,training_upload_trigger_confirmed,1785296039.0590804,1785296039059080492,1384707275778926,7.4,53.07421875,7.996115,1785296039067077818,1384707283775041
2026-07-28T23:33:59.059,10.42.0.210,10.42.0.1|10.42.0.210|10.42.0.18,9,3,UPLOAD,0.9841010226033655,UPLOAD,0.9841010226033655,1,1448,100.0,2,0.0,2896.0,0,2,0.0,1.0,1.0218853182972394,1,0,1,1,1,1,1,1,0.9699999999999999,1.0,1.0,1.0,0.8,skip,attack_already_active,1785296039.0597937,1785296039059793555,1384707276491844,7.4,53.07421875,-1.0,0,0
2026-07-28T23:33:59.060,10.42.0.210,10.42.0.1|10.42.0.210|10.42.0.18,9,3,UPLOAD,0.9854688349332961,UPLOAD,0.9854688349332961,1,1448,100.0,3,0.0,4344.0,0,3,0.0,1.0,0.887352436155828,1,0,1,1,1,1,1,1,0.9699999999999999,1.0,1.0,1.0,0.8,skip,attack_already_active,1785296039.0607462,1785296039060746208,1384707277444773,7.4,53.07421875,-1.0,0,0
2026-07-28T23:33:59.061,10.42.0.210,10.42.0.1|10.42.0.210|10.42.0.18,9,3,UPLOAD,0.9855076450773014,UPLOAD,0.9855076450773014,1,1448,100.0,4,0.0,5792.0,0,4,0.0,1.0,0.7705190888547242,1,0,1,1,1,1,1,1,0.9699999999999999,1.0,1.0,1.0,0.8,skip,attack_already_active,1785296039.0614827,1785296039061482729,1384707278181043,7.4,53.07421875,-1.0,0,0
2026-07-28T23:33:59.062,10.42.0.210,10.42.0.1|10.42.0.210|10.42.0.18,9,3,UPLOAD,0.9855086980780915,UPLOAD,0.9855086980780915,1,1448,100.0,5,0.0,7240.0,0,5,0.0,1.0,0.6691015638540917,1,0,1,1,1,1,1,1,0.9699999999999999,1.0,1.0,1.0,0.8,skip,attack_already_active,1785296039.0623722,1785296039062372034,1384707279070084,7.4,53.07421875,-1.0,0,0
2026-07-28T23:33:59.062,10.42.0.210,10.42.0.1|10.42.0.210|10.42.0.18,9,3,UPLOAD,0.9855087254685951,UPLOAD,0.9855087254685951,1,1448,100.0,6,0.0,8688.0,0,6,0.0,1.0,0.5810109867854972,1,0,1,1,1,1,1,1,0.9699999999999999,1.0,1.0,1.0,0.8,skip,attack_already_active,1785296039.0629787,1785296039062978712,1384707279677136,7.4,53.07421875,-1.0,0,0
2026-07-28T23:33:59.064,10.42.0.210,10.42.0.1|10.42.0.210|10.42.0.18,9,3,UPLOAD,0.9855087261493067,UPLOAD,0.9855087261493067,1,1448,100.0,7,0.0,10136.0,0,7,0.0,1.0,0.5045873436583639,1,0,1,1,1,1,1,1,0.9699999999999999,1.0,1.0,1.0,0.8,skip,attack_already_active,1785296039.0640318,1785296039064031721,1384707280731153,7.4,53.07421875,-1.0,0,0
2026-07-28T23:33:59.065,10.42.0.210,10.42.0.1|10.42.0.210|10.42.0.18,9,3,UPLOAD,0.9855087261653082,UPLOAD,0.9855087261653082,1,1448,100.0,8,0.0,11584.0,0,8,0.0,1.0,0.438238501197211,1,0,1,1,1,1,1,1,0.9699999999999999,1.0,1.0,1.0,0.8,skip,attack_already_active,1785296039.0651162,1785296039065116180,1384707281815154,7.4,53.07421875,-1.0,0,0
2026-07-28T23:33:59.066,10.42.0.210,10.42.0.1|10.42.0.210|10.42.0.18,9,3,UPLOAD,0.985508726165656,UPLOAD,0.985508726165656,1,1448,100.0,9,0.0,13032.0,0,9,0.0,1.0,0.38072382148523515,1,0,1,1,1,1,1,1,0.9699999999999999,1.0,1.0,1.0,0.8,skip,attack_already_active,1785296039.0668917,1785296039066891898,1384707283590292,7.4,53.07421875,-1.0,0,0
2026-07-28T23:33:59.067,10.42.0.210,10.42.0.1|10.42.0.210|10.42.0.18,9,3,UPLOAD,0.9855087261656625,UPLOAD,0.9855087261656625,1,1448,100.0,10,0.0,14480.0,0,10,0.0,1.0,0.33065043673537675,1,0,1,1,1,1,1,1,0.9699999999999999,1.0,1.0,1.0,0.8,skip,attack_already_active,1785296039.0676224,1785296039067622487,1384707284320571,7.4,53.07421875,-1.0,0,0
2026-07-28T23:33:59.068,10.42.0.210,10.42.0.1|10.42.0.210|10.42.0.18,9,3,UPLOAD,0.9855087261656628,UPLOAD,0.9855087261656628,1,1448,100.0,11,0.0,15928.0,0,11,0.0,1.0,0.28719712372363804,1,0,1,1,1,1,1,1,0.9699999999999999,1.0,1.0,1.0,0.8,skip,attack_already_active,1785296039.0685177,1785296039068517660,1384707285215973,7.4,53.07421875,-1.0,0,0
2026-07-28T23:33:59.069,10.42.0.210,10.42.0.1|10.42.0.210|10.42.0.18,9,3,UPLOAD,0.95,UPLOAD,0.95,1,1448,100.0,12,0.0,17376.0,0,12,0.0,1.0,0.2494383676345081,1,0,1,1,1,1,1,1,0.9699999999999999,1.0,1.0,1.0,0.8,skip,attack_already_active,1785296039.069174,1785296039069174115,1384707285872385,7.4,53.07421875,-1.0,0,0
2026-07-28T23:33:59.070,10.42.0.210,10.42.0.1|10.42.0.210|10.42.0.18,9,3,UPLOAD,0.95,UPLOAD,0.95,1,1448,100.0,13,0.0,18824.0,0,13,0.0,1.0,0.21668933953865008,1,0,1,1,1,1,1,1,0.9699999999999999,1.0,1.0,1.0,0.8,skip,attack_already_active,1785296039.070089,1785296039070089289,1384707286787370,7.4,53.07421875,-1.0,0,0
2026-07-28T23:33:59.070,10.42.0.210,10.42.0.1|10.42.0.210|10.42.0.18,9,3,UPLOAD,0.95,UPLOAD,0.95,1,1448,100.0,14,0.0,20272.0,0,14,0.0,1.0,0.18822252611040802,1,0,1,1,1,1,1,1,0.9699999999999999,1.0,1.0,1.0,0.8,skip,attack_already_active,1785296039.0707517,1785296039070751674,1384707287449721,7.4,53.07421875,-1.0,0,0
2026-07-28T23:33:59.071,10.42.0.210,10.42.0.1|10.42.0.210|10.42.0.18,9,3,UPLOAD,0.95,UPLOAD,0.95,1,1448,100.0,15,0.0,21720.0,0,15,0.0,1.0,0.16353311407941057,1,0,1,1,1,1,1,1,0.9699999999999999,1.0,1.0,1.0,0.8,skip,attack_already_active,1785296039.071613,1785296039071613186,1384707288311221,7.4,53.07421875,-1.0,0,0
2026-07-28T23:33:59.072,10.42.0.210,10.42.0.1|10.42.0.210|10.42.0.18,9,3,UPLOAD,0.95,UPLOAD,0.95,1,1448,100.0,16,0.0,23168.0,0,16,0.0,1.0,0.14207297616011721,1,0,1,1,1,1,1,1,0.9699999999999999,1.0,1.0,1.0,0.8,skip,attack_already_active,1785296039.0722911,1785296039072290959,1384707288989242,7.4,53.07421875,-1.0,0,0
2026-07-28T23:33:59.073,10.42.0.210,10.42.0.1|10.42.0.210|10.42.0.18,9,3,UPLOAD,0.95,UPLOAD,0.95,1,1448,100.0,17,0.0,24616.0,0,17,0.0,1.0,0.12347130572485362,1,0,1,1,1,1,1,1,0.9699999999999999,1.0,1.0,1.0,0.8,skip,attack_already_active,1785296039.0732012,1785296039073201280,1384707289899441,7.4,53.07421875,-1.0,0,0
2026-07-28T23:33:59.073,10.42.0.210,10.42.0.1|10.42.0.210|10.42.0.18,9,3,UPLOAD,0.95,UPLOAD,0.95,1,1448,100.0,18,0.0,26064.0,0,18,0.0,1.0,0.1072901028152621,1,0,1,1,1,1,1,1,0.9699999999999999,1.0,1.0,1.0,0.8,skip,attack_already_active,1785296039.0738778,1785296039073877868,1384707290576014,7.4,53.07421875,-1.0,0,0
2026-07-28T23:33:59.075,10.42.0.210,10.42.0.1|10.42.0.210|10.42.0.18,9,3,UPLOAD,0.95,UPLOAD,0.95,1,1448,100.0,19,0.0,27512.0,0,19,0.0,1.0,0.0933286041747472,1,0,1,1,1,1,1,1,0.9699999999999999,1.0,1.0,1.0,0.8,skip,attack_already_active,1785296039.075218,1785296039075217922,1384707291916425,7.4,53.07421875,-1.0,0,0
2026-07-28T23:33:59.076,10.42.0.210,10.42.0.1|10.42.0.210|10.42.0.18,9,3,UPLOAD,0.95,UPLOAD,0.95,1,1448,100.0,20,0.0,28960.0,0,20,0.0,1.0,0.08115692080530443,1,0,1,1,1,1,1,1,0.9699999999999999,1.0,1.0,1.0,0.8,skip,attack_already_active,1785296039.076179,1785296039076178950,1384707292877448,7.4,53.07421875,-1.0,0,0
2026-07-28T23:33:59.077,10.42.0.210,10.42.0.1|10.42.0.210|10.42.0.18,9,3,UPLOAD,0.95,UPLOAD,0.95,1,1448,100.0,21,0.0,30408.0,0,21,0.0,1.0,0.07065412589809048,1,0,1,1,1,1,1,1,0.9699999999999999,1.0,1.0,1.0,0.8,skip,attack_already_active,1785296039.0776331,1785296039077633034,1384707294331470,7.4,53.07421875,-1.0,0,0
2026-07-28T23:33:59.078,10.42.0.210,10.42.0.1|10.42.0.210|10.42.0.18,9,3,UPLOAD,0.95,UPLOAD,0.95,1,1448,100.0,22,0.0,31856.0,0,22,0.0,1.0,0.0614785912387715,1,0,1,1,1,1,1,1,0.9699999999999999,1.0,1.0,1.0,0.8,skip,attack_already_active,1785296039.0786567,1785296039078656892,1384707295355683,7.4,53.07421875,-1.0,0,0
2026-07-28T23:33:59.080,10.42.0.210,10.42.0.1|10.42.0.210|10.42.0.18,9,3,UPLOAD,0.95,UPLOAD,0.95,1,1448,100.0,23,0.0,33304.0,0,23,0.0,1.0,0.05356509624153948,1,0,1,1,1,1,1,1,0.9699999999999999,1.0,1.0,1.0,0.8,skip,attack_already_active,1785296039.080082,1785296039080081968,1384707296780475,7.4,53.07421875,-1.0,0,0
2026-07-28T23:33:59.080,10.42.0.210,10.42.0.1|10.42.0.210|10.42.0.18,9,3,UPLOAD,0.95,UPLOAD,0.95,1,1448,100.0,24,0.0,34752.0,0,24,0.0,1.0,0.04662619049124513,1,0,1,1,1,1,1,1,0.9699999999999999,1.0,1.0,1.0,0.8,skip,attack_already_active,1785296039.0809896,1785296039080989775,1384707297688261,7.4,53.07421875,-1.0,0,0
2026-07-28T23:33:59.081,10.42.0.210,10.42.0.1|10.42.0.210|10.42.0.18,9,3,UPLOAD,0.95,UPLOAD,0.95,1,1448,100.0,25,0.0,36200.0,0,25,0.0,1.0,0.040601843865052556,1,0,1,1,1,1,1,1,0.9699999999999999,1.0,1.0,1.0,0.8,skip,attack_already_active,1785296039.0818987,1785296039081898650,1384707298596836,7.4,53.07421875,-1.0,0,0
2026-07-28T23:33:59.082,10.42.0.210,10.42.0.1|10.42.0.210|10.42.0.18,9,3,UPLOAD,0.95,UPLOAD,0.95,1,1448,100.0,26,0.0,37648.0,0,26,0.0,1.0,0.03533852104703609,1,0,1,1,1,1,1,1,0.9699999999999999,1.0,1.0,1.0,0.8,skip,attack_already_active,1785296039.0825586,1785296039082558808,1384707299257011,7.4,53.07421875,-1.0,0,0
2026-07-28T23:33:59.083,10.42.0.210,10.42.0.1|10.42.0.210|10.42.0.18,9,3,UPLOAD,0.95,UPLOAD,0.95,1,1448,100.0,27,0.0,39096.0,0,27,0.0,1.0,0.030816053107244626,1,0,1,1,1,1,1,1,0.9699999999999999,1.0,1.0,1.0,0.8,skip,attack_already_active,1785296039.0835774,1785296039083577263,1384707300275451,7.4,53.07421875,-1.0,0,0
2026-07-28T23:33:59.084,10.42.0.210,10.42.0.1|10.42.0.210|10.42.0.18,9,3,UPLOAD,0.95,UPLOAD,0.95,1,1448,100.0,28,0.0,40544.0,0,28,0.0,1.0,0.02684246759037596,1,0,1,1,1,1,1,1,0.9699999999999999,1.0,1.0,1.0,0.8,skip,attack_already_active,1785296039.084239,1785296039084239150,1384707300937312,7.4,53.07421875,-1.0,0,0
2026-07-28T23:33:59.085,10.42.0.210,10.42.0.1|10.42.0.210|10.42.0.18,9,3,UPLOAD,0.95,UPLOAD,0.95,1,1448,100.0,29,0.0,41992.0,0,29,0.0,1.0,0.023430765686775903,1,0,1,1,1,1,1,1,0.9699999999999999,1.0,1.0,1.0,0.8,skip,attack_already_active,1785296039.085191,1785296039085190906,1384707301889510,7.4,53.07421875,-1.0,0,0
2026-07-28T23:33:59.085,10.42.0.210,10.42.0.1|10.42.0.210|10.42.0.18,9,3,UPLOAD,0.95,UPLOAD,0.95,1,1448,100.0,30,0.0,43440.0,0,30,0.0,1.0,0.020436530322978687,1,0,1,1,1,1,1,1,0.9699999999999999,1.0,1.0,1.0,0.8,skip,attack_already_active,1785296039.0858994,1785296039085899311,1384707302597326,7.4,53.07421875,-1.0,0,0
2026-07-28T23:33:59.087,10.42.0.210,10.42.0.1|10.42.0.210|10.42.0.18,9,3,UPLOAD,0.95,UPLOAD,0.95,1,1448,100.0,31,0.0,44888.0,0,31,0.0,1.0,0.01789743163821529,1,0,1,1,1,1,1,1,0.9699999999999999,1.0,1.0,1.0,0.8,skip,attack_already_active,1785296039.0870674,1785296039087067323,1384707303765468,7.4,53.07421875,-1.0,0,0
2026-07-28T23:33:59.087,10.42.0.210,10.42.0.1|10.42.0.210|10.42.0.18,9,3,UPLOAD,0.95,UPLOAD,0.95,1,1448,100.0,32,0.0,46336.0,0,32,0.0,1.0,0.015624336971480772,1,0,1,1,1,1,1,1,0.9699999999999999,1.0,1.0,1.0,0.8,skip,attack_already_active,1785296039.087715,1785296039087714844,1384707304412896,7.4,53.07421875,-1.0,0,0
2026-07-28T23:33:59.089,10.42.0.210,10.42.0.1|10.42.0.210|10.42.0.18,9,3,UPLOAD,0.95,UPLOAD,0.95,1,1448,100.0,33,0.0,47784.0,0,33,0.0,1.0,0.013742611445705677,1,0,1,1,1,1,1,1,0.9699999999999999,1.0,1.0,1.0,0.8,skip,attack_already_active,1785296039.0890594,1785296039089059200,1384707305757371,7.4,53.07421875,-1.0,0,0
2026-07-28T23:33:59.089,10.42.0.210,10.42.0.1|10.42.0.210|10.42.0.18,9,3,UPLOAD,0.95,UPLOAD,0.95,1,1448,100.0,34,0.0,49232.0,0,34,0.0,1.0,0.012017393012526337,1,0,1,1,1,1,1,1,0.9699999999999999,1.0,1.0,1.0,0.8,skip,attack_already_active,1785296039.0897098,1785296039089709703,1384707306407762,7.4,53.07421875,-1.0,0,0
2026-07-28T23:33:59.090,10.42.0.210,10.42.0.1|10.42.0.210|10.42.0.18,9,3,UPLOAD,0.95,UPLOAD,0.95,1,1448,100.0,35,0.0,50680.0,0,35,0.0,1.0,0.010549580851822702,1,0,1,1,1,1,1,1,0.9699999999999999,1.0,1.0,1.0,0.8,skip,attack_already_active,1785296039.0905883,1785296039090588535,1384707307286586,7.4,53.07421875,-1.0,0,0
2026-07-28T23:33:59.091,10.42.0.210,10.42.0.1|10.42.0.210|10.42.0.18,9,3,UPLOAD,0.95,UPLOAD,0.95,1,1448,100.0,36,0.0,52128.0,0,36,0.0,1.0,0.009238147648057313,1,0,1,1,1,1,1,1,0.9699999999999999,1.0,1.0,1.0,0.8,skip,attack_already_active,1785296039.0911858,1785296039091185863,1384707307883973,7.4,53.07421875,-1.0,0,0
2026-07-28T23:33:59.092,10.42.0.210,10.42.0.1|10.42.0.210|10.42.0.18,9,3,UPLOAD,0.95,UPLOAD,0.95,1,1448,100.0,37,0.0,53576.0,0,37,0.0,1.0,0.008133521573170734,1,0,1,1,1,1,1,1,0.9699999999999999,1.0,1.0,1.0,0.8,skip,attack_already_active,1785296039.0920413,1785296039092041095,1384707308739275,7.4,53.07421875,-1.0,0,0
2026-07-28T23:33:59.092,10.42.0.210,10.42.0.1|10.42.0.210|10.42.0.18,9,3,UPLOAD,0.95,UPLOAD,0.95,1,1448,100.0,38,0.0,55024.0,0,38,0.0,1.0,0.007140526132372228,1,0,1,1,1,1,1,1,0.9699999999999999,1.0,1.0,1.0,0.8,skip,attack_already_active,1785296039.0926392,1785296039092639155,1384707309337212,7.4,53.07421875,-1.0,0,0
2026-07-28T23:33:59.093,10.42.0.210,10.42.0.1|10.42.0.210|10.42.0.18,9,3,UPLOAD,0.95,UPLOAD,0.95,1,1448,100.0,39,0.0,56472.0,0,39,0.0,1.0,0.0062782878858486015,1,0,1,1,1,1,1,1,0.9699999999999999,1.0,1.0,1.0,0.8,skip,attack_already_active,1785296039.0932364,1785296039093236606,1384707309934790,7.4,53.07421875,-1.0,0,0
2026-07-28T23:33:59.094,10.42.0.210,10.42.0.1|10.42.0.210|10.42.0.18,9,3,UPLOAD,0.95,UPLOAD,0.95,1,1448,100.0,40,0.0,57920.0,0,40,0.0,1.0,0.005566680419565772,1,0,1,1,1,1,1,1,0.9699999999999999,1.0,1.0,1.0,0.8,skip,attack_already_active,1785296039.0941145,1785296039094114496,1384707310812671,7.4,53.07421875,-1.0,0,0
2026-07-28T23:33:59.094,10.42.0.210,10.42.0.1|10.42.0.210|10.42.0.18,9,3,UPLOAD,0.95,UPLOAD,0.95,1,1448,100.0,41,0.0,59368.0,0,41,0.0,1.0,0.004925878470080582,1,0,1,1,1,1,1,1,0.9699999999999999,1.0,1.0,1.0,0.8,skip,attack_already_active,1785296039.0948184,1785296039094818204,1384707311516745,7.4,53.07421875,-1.0,0,0
2026-07-28T23:33:59.095,10.42.0.210,10.42.0.1|10.42.0.210|10.42.0.18,9,3,UPLOAD,0.95,UPLOAD,0.95,1,1448,100.0,42,0.0,60816.0,0,42,0.0,1.0,0.0044044226791557775,1,0,1,1,1,1,1,1,0.9699999999999999,1.0,1.0,1.0,0.8,skip,attack_already_active,1785296039.095787,1785296039095787109,1384707312486282,7.4,53.07421875,-1.0,0,0
2026-07-28T23:33:59.096,10.42.0.210,10.42.0.1|10.42.0.210|10.42.0.18,9,3,UPLOAD,0.95,UPLOAD,0.95,1,1448,100.0,43,0.0,62264.0,0,43,0.0,1.0,0.003942601795890948,1,0,1,1,1,1,1,1,0.9699999999999999,1.0,1.0,1.0,0.8,skip,attack_already_active,1785296039.0966868,1785296039096686755,1384707313385647,7.4,53.07421875,-1.0,0,0
2026-07-28T23:33:59.097,10.42.0.210,10.42.0.1|10.42.0.210|10.42.0.18,9,3,UPLOAD,0.95,UPLOAD,0.95,1,1448,100.0,44,0.0,63712.0,0,44,0.0,1.0,0.003541794201601403,1,0,1,1,1,1,1,1,0.9699999999999999,1.0,1.0,1.0,0.8,skip,attack_already_active,1785296039.0975878,1785296039097587697,1384707314286188,7.4,53.07421875,-1.0,0,0
2026-07-28T23:33:59.099,10.42.0.1,10.42.0.1|10.42.0.210|10.42.0.18,9,3,UPLOAD,0.9734553678533837,UPLOAD,0.9734553678533837,1,7240,100.0,1,0.0,7240.0,0,1,0.0,1.0,0.18269215553026483,1,0,1,1,1,1,1,1,0.9699999999999999,1.0,1.0,1.0,0.8,skip,attack_already_active,1785296039.0994594,1785296039099459236,1384707316157206,7.4,53.07421875,-1.0,0,0
2026-07-28T23:33:59.100,10.42.0.1,10.42.0.1|10.42.0.210|10.42.0.18,9,3,UPLOAD,0.9811219371267611,UPLOAD,0.9811219371267611,1,7240,100.0,2,0.0,14480.0,0,2,0.0,1.0,0.15869986774068273,1,0,1,1,1,1,1,1,0.9699999999999999,1.0,1.0,1.0,0.8,skip,attack_already_active,1785296039.1000807,1785296039100080691,1384707316778694,7.4,53.07421875,-1.0,0,0
2026-07-28T23:33:59.112,10.42.0.1,10.42.0.1|10.42.0.210|10.42.0.18,9,3,UPLOAD,0.9815255106640635,UPLOAD,0.9815255106640635,1,1448,100.0,3,0.0,15928.0,0,3,0.0,1.0,0.13946952602531337,1,0,1,1,1,1,1,1,0.9699999999999999,1.0,1.0,1.0,0.8,skip,attack_already_active,1785296039.1128469,1785296039112846867,1384707329546040,7.4,53.07421875,-1.0,0,0
2026-07-28T23:33:59.137,10.42.0.1,10.42.0.1|10.42.0.210|10.42.0.18,9,3,UPLOAD,0.9817615930400623,UPLOAD,0.9817615930400623,1,14480,100.0,4,0.0,30408.0,0,4,0.0,1.0,0.12431201778839467,1,0,1,1,1,1,1,1,0.9699999999999999,1.0,1.0,1.0,0.8,skip,attack_already_active,1785296039.1372902,1785296039137290167,1384707353988879,7.4,53.07421875,-1.0,0,0
2026-07-28T23:33:59.138,10.42.0.1,10.42.0.1|10.42.0.210|10.42.0.18,9,3,UPLOAD,0.9814159042340322,UPLOAD,0.9814159042340322,1,14480,100.0,5,0.0,44888.0,0,5,0.0,1.0,0.1080310894467535,1,0,1,1,1,1,1,1,0.9699999999999999,1.0,1.0,1.0,0.8,skip,attack_already_active,1785296039.1380508,1785296039138050827,1384707354748859,7.4,53.07421875,-1.0,0,0
2026-07-28T23:33:59.138,10.42.0.1,10.42.0.1|10.42.0.210|10.42.0.18,9,3,UPLOAD,0.9799984037781,UPLOAD,0.9799984037781,0,43,100.0,5,0.0,44888.0,0,5,0.0,1.0,0.2813619880127429,1,0,1,1,1,1,1,1,0.8374999999999999,0.8500000000000001,1.0,0.6000000000000001,0.8,skip,attack_already_active,1785296039.138682,1785296039138681765,1384707355379860,7.4,53.07421875,-1.0,0,0
2026-07-28T23:33:59.140,10.42.0.1,10.42.0.1|10.42.0.210|10.42.0.18,9,3,UPLOAD,0.9801140051453142,UPLOAD,0.9801140051453142,1,1448,100.0,6,0.0,46336.0,0,6,0.0,1.0,0.24456468015952693,1,0,1,1,1,1,1,1,0.9699999999999999,1.0,1.0,1.0,0.8,skip,attack_already_active,1785296039.1401682,1785296039140168070,1384707356866139,7.4,53.07421875,-1.0,0,0
2026-07-28T23:33:59.141,10.42.0.1,10.42.0.1|10.42.0.210|10.42.0.18,9,3,UPLOAD,0.9793365120230085,UPLOAD,0.9793365120230085,1,14480,100.0,7,0.0,60816.0,0,7,0.0,1.0,0.21245458080615215,1,0,1,1,1,1,1,1,0.9699999999999999,1.0,1.0,1.0,0.8,skip,attack_already_active,1785296039.1410582,1785296039141058396,1384707357756837,7.4,53.07421875,-1.0,0,0
2026-07-28T23:33:59.142,10.42.0.1,10.42.0.1|10.42.0.210|10.42.0.18,9,3,UPLOAD,0.9787422342942567,UPLOAD,0.9787422342942567,1,10136,100.0,8,0.0,70952.0,0,8,0.0,1.0,0.18463870195344992,1,0,1,1,1,1,1,1,0.9699999999999999,1.0,1.0,1.0,0.8,skip,attack_already_active,1785296039.1424258,1785296039142425906,1384707359124211,7.4,53.07421875,-1.0,0,0
2026-07-28T23:33:59.143,10.42.0.1,10.42.0.1|10.42.0.210|10.42.0.18,9,3,UPLOAD,0.9783051853856288,UPLOAD,0.9783051853856288,1,8577,100.0,9,0.0,79529.0,0,9,0.0,1.0,0.16043310808019626,1,0,1,1,1,1,1,1,0.9699999999999999,1.0,1.0,1.0,0.8,skip,attack_already_active,1785296039.143375,1785296039143374815,1384707360073084,7.4,53.07421875,-1.0,0,0
2026-07-28T23:34:00.362,10.42.0.47,10.42.0.1|10.42.0.210|10.42.0.47|10.42.0.18,9,3,UPLOAD,0.95,UPLOAD,0.95,1,7240,100.0,1,0.0,7240.0,0,1,0.0,1.0,0.5901356252979295,1,0,0,1,1,1,1,1,0.9699999999999999,1.0,1.0,1.0,0.8,trigger,training_upload_trigger_confirmed,1785296040.3622732,1785296040362273254,1384708578972167,6.9,53.08203125,8.730639,1785296040371005473,1384708587702806
2026-07-28T23:34:00.363,10.42.0.47,10.42.0.1|10.42.0.210|10.42.0.47|10.42.0.18,9,3,UPLOAD,0.9541114852279137,UPLOAD,0.9541114852279137,1,1448,100.0,2,0.0,8688.0,0,2,0.0,1.0,0.5124685565469589,1,0,1,1,1,1,1,1,0.9699999999999999,1.0,1.0,1.0,0.8,skip,attack_already_active,1785296040.363015,1785296040363014959,1384708579712945,6.9,53.08203125,-1.0,0,0
2026-07-28T23:34:00.364,10.42.0.47,10.42.0.1|10.42.0.210|10.42.0.47|10.42.0.18,9,3,UPLOAD,0.9550413347925455,UPLOAD,0.9550413347925455,1,5792,100.0,3,0.0,14480.0,0,3,0.0,1.0,0.4450696412282586,1,0,1,1,1,1,1,1,0.9699999999999999,1.0,1.0,1.0,0.8,skip,attack_already_active,1785296040.3640118,1785296040364011661,1384708580710345,6.9,53.08203125,-1.0,0,0
2026-07-28T23:34:00.365,10.42.0.47,10.42.0.1|10.42.0.210|10.42.0.47|10.42.0.18,9,3,UPLOAD,0.9567884826772926,UPLOAD,0.9567884826772926,1,10136,100.0,4,0.0,24616.0,0,4,0.0,1.0,0.38656965029231427,1,0,1,1,1,1,1,1,0.9699999999999999,1.0,1.0,1.0,0.8,skip,attack_already_active,1785296040.3651412,1785296040365141162,1384708581839881,6.9,53.08203125,-1.0,0,0
2026-07-28T23:34:00.366,10.42.0.47,10.42.0.1|10.42.0.210|10.42.0.47|10.42.0.18,9,3,UPLOAD,0.9589287506814764,UPLOAD,0.9589287506814764,1,10136,100.0,5,0.0,34752.0,0,5,0.0,1.0,0.33581842762264036,1,0,1,1,1,1,1,1,0.9699999999999999,1.0,1.0,1.0,0.8,skip,attack_already_active,1785296040.3665738,1785296040366573723,1384708583272090,6.9,53.08203125,-1.0,0,0
2026-07-28T23:34:00.367,10.42.0.47,10.42.0.1|10.42.0.210|10.42.0.47|10.42.0.18,9,3,UPLOAD,0.9603647983668958,UPLOAD,0.9603647983668958,1,2896,100.0,6,0.0,37648.0,0,6,0.0,1.0,0.29171278951774354,1,0,1,1,1,1,1,1,0.9699999999999999,1.0,1.0,1.0,0.8,skip,attack_already_active,1785296040.3676867,1785296040367686669,1384708584385227,6.9,53.08203125,-1.0,0,0
2026-07-28T23:34:00.368,10.42.0.47,10.42.0.1|10.42.0.210|10.42.0.47|10.42.0.18,9,3,UPLOAD,0.9620636974652088,UPLOAD,0.9620636974652088,1,4344,100.0,7,0.0,41992.0,0,7,0.0,1.0,0.25335537095698796,1,0,1,1,1,1,1,1,0.9699999999999999,1.0,1.0,1.0,0.8,skip,attack_already_active,1785296040.3683157,1785296040368315732,1384708585013847,6.9,53.08203125,-1.0,0,0
2026-07-28T23:34:00.368,10.42.0.47,10.42.0.1|10.42.0.210|10.42.0.47|10.42.0.18,9,3,UPLOAD,0.9636476496890013,UPLOAD,0.9636476496890013,1,2896,100.0,8,0.0,44888.0,0,8,0.0,1.0,0.22004666861704084,1,0,1,1,1,1,1,1,0.9699999999999999,1.0,1.0,1.0,0.8,skip,attack_already_active,1785296040.3689005,1785296040368900557,1384708585598550,6.9,53.08203125,-1.0,0,0
2026-07-28T23:34:00.370,10.42.0.47,10.42.0.1|10.42.0.210|10.42.0.47|10.42.0.18,9,3,UPLOAD,0.965662993353313,UPLOAD,0.965662993353313,1,10136,100.0,9,0.0,55024.0,0,9,0.0,1.0,0.1912498252646684,1,0,1,1,1,1,1,1,0.9699999999999999,1.0,1.0,1.0,0.8,skip,attack_already_active,1785296040.370416,1785296040370415769,1384708587114458,6.9,53.08203125,-1.0,0,0
2026-07-28T23:34:00.371,10.42.0.47,10.42.0.1|10.42.0.210|10.42.0.47|10.42.0.18,9,3,UPLOAD,0.9604841354348601,UPLOAD,0.9604841354348601,1,2896,100.0,10,0.0,57920.0,0,10,0.0,1.0,0.16617230010943113,1,0,1,1,1,1,1,1,0.9699999999999999,1.0,1.0,1.0,0.8,skip,attack_already_active,1785296040.3713593,1785296040371359327,1384708588057546,6.9,53.08203125,-1.0,0,0
2026-07-28T23:34:00.371,10.42.0.47,10.42.0.1|10.42.0.210|10.42.0.47|10.42.0.18,9,3,UPLOAD,0.9613372301315599,UPLOAD,0.9613372301315599,1,7240,100.0,11,0.0,65160.0,0,11,0.0,1.0,0.1443575986769724,1,0,1,1,1,1,1,1,0.9699999999999999,1.0,1.0,1.0,0.8,skip,attack_already_active,1785296040.371986,1785296040371985982,1384708588684039,6.9,53.08203125,-1.0,0,0
2026-07-28T23:34:00.373,10.42.0.47,10.42.0.1|10.42.0.210|10.42.0.47|10.42.0.18,9,3,UPLOAD,0.9632729593522253,UPLOAD,0.9632729593522253,1,4344,100.0,12,0.0,69504.0,0,12,0.0,1.0,0.12547944179378925,1,0,1,1,1,1,1,1,0.9699999999999999,1.0,1.0,1.0,0.8,skip,attack_already_active,1785296040.3730824,1785296040373082268,1384708589780502,6.9,53.08203125,-1.0,0,0
2026-07-28T23:34:00.373,10.42.0.47,10.42.0.1|10.42.0.210|10.42.0.47|10.42.0.18,9,3,UPLOAD,0.9651787953244796,UPLOAD,0.9651787953244796,1,2896,100.0,13,0.0,72400.0,0,13,0.0,1.0,0.10902714581924887,1,0,1,1,1,1,1,1,0.9699999999999999,1.0,1.0,1.0,0.8,skip,attack_already_active,1785296040.37371,1785296040373709734,1384708590408000,6.9,53.08203125,-1.0,0,0
2026-07-28T23:34:00.374,10.42.0.47,10.42.0.1|10.42.0.210|10.42.0.47|10.42.0.18,9,3,UPLOAD,0.9668916188079855,UPLOAD,0.9668916188079855,1,2896,100.0,14,0.0,75296.0,0,14,0.0,1.0,0.09473703017299166,1,0,1,1,1,1,1,1,0.9699999999999999,1.0,1.0,1.0,0.8,skip,attack_already_active,1785296040.3742933,1785296040374293185,1384708590991398,6.9,53.08203125,-1.0,0,0
2026-07-28T23:34:00.375,10.42.0.47,10.42.0.1|10.42.0.210|10.42.0.47|10.42.0.18,9,3,UPLOAD,0.9685377004979516,UPLOAD,0.9685377004979516,1,4232,100.0,15,0.0,79528.0,0,15,0.0,1.0,0.08236721664064114,1,0,1,1,1,1,1,1,0.9699999999999999,1.0,1.0,1.0,0.8,skip,attack_already_active,1785296040.3751593,1785296040375159208,1384708591857348,6.9,53.08203125,-1.0,0,0
2026-07-28T23:34:00.376,10.42.0.1,10.42.0.1|10.42.0.210|10.42.0.47|10.42.0.18,9,3,UPLOAD,0.9737103923515497,UPLOAD,0.9737103923515497,1,7240,100.0,1,0.0,7240.0,0,1,0.0,1.0,0.3012328068446748,1,0,1,1,1,1,1,1,0.9699999999999999,1.0,1.0,1.0,0.8,skip,attack_already_active,1785296040.376158,1785296040376158061,1384708592856597,6.9,53.08203125,-1.0,0,0
2026-07-28T23:34:00.377,10.42.0.1,10.42.0.1|10.42.0.210|10.42.0.47|10.42.0.18,9,3,UPLOAD,0.9726102587218434,UPLOAD,0.9726102587218434,1,7240,100.0,2,0.0,14480.0,0,2,0.0,1.0,0.26165557795751193,1,0,1,1,1,1,1,1,0.9699999999999999,1.0,1.0,1.0,0.8,skip,attack_already_active,1785296040.3770502,1785296040377050022,1384708593748480,6.9,53.08203125,-1.0,0,0
2026-07-28T23:34:00.469,10.42.0.1,10.42.0.1|10.42.0.210|10.42.0.47|10.42.0.18,9,3,UPLOAD,0.9721445651574253,UPLOAD,0.9721445651574253,1,8688,100.0,3,0.0,23168.0,0,3,0.0,1.0,0.23933059711235438,1,0,1,1,1,1,1,1,0.9699999999999999,1.0,1.0,1.0,0.8,skip,attack_already_active,1785296040.4692876,1785296040469287776,1384708685986960,6.9,53.08203125,-1.0,0,0
2026-07-28T23:34:00.470,10.42.0.1,10.42.0.1|10.42.0.210|10.42.0.47|10.42.0.18,9,3,UPLOAD,0.9716264178844118,UPLOAD,0.9716264178844118,1,8688,100.0,4,0.0,31856.0,0,4,0.0,1.0,0.20793481616021162,1,0,1,1,1,1,1,1,0.9699999999999999,1.0,1.0,1.0,0.8,skip,attack_already_active,1785296040.4703643,1785296040470364317,1384708687062696,6.9,53.08203125,-1.0,0,0
2026-07-28T23:34:00.471,10.42.0.1,10.42.0.1|10.42.0.210|10.42.0.47|10.42.0.18,9,3,UPLOAD,0.9685235439031211,UPLOAD,0.9685235439031211,0,43,100.0,4,0.0,31856.0,0,4,0.0,1.0,0.35614760781536703,1,0,1,1,1,1,1,1,0.8374999999999999,0.8500000000000001,1.0,0.6000000000000001,0.8,skip,attack_already_active,1785296040.4713626,1785296040471362510,1384708688060896,6.9,53.08203125,-1.0,0,0
2026-07-28T23:34:00.473,10.42.0.1,10.42.0.1|10.42.0.210|10.42.0.47|10.42.0.18,9,3,UPLOAD,0.9675973899031676,UPLOAD,0.9675973899031676,1,1448,100.0,5,0.0,33304.0,0,5,0.0,1.0,0.3096540915043603,1,0,1,1,1,1,1,1,0.9699999999999999,1.0,1.0,1.0,0.8,skip,attack_already_active,1785296040.4736855,1785296040473685595,1384708690383937,6.9,53.08203125,-1.0,0,0
2026-07-28T23:34:00.475,10.42.0.1,10.42.0.1|10.42.0.210|10.42.0.47|10.42.0.18,9,3,UPLOAD,0.9665875532509524,UPLOAD,0.9665875532509524,1,7240,100.0,6,0.0,40544.0,0,6,0.0,1.0,0.26914403272612386,1,0,1,1,1,1,1,1,0.9699999999999999,1.0,1.0,1.0,0.8,skip,attack_already_active,1785296040.47592,1785296040475919904,1384708692618381,6.9,53.08203125,-1.0,0,0
2026-07-28T23:34:00.476,10.42.0.1,10.42.0.1|10.42.0.210|10.42.0.47|10.42.0.18,9,3,UPLOAD,0.9668089172744319,UPLOAD,0.9668089172744319,1,8688,100.0,7,0.0,49232.0,0,7,0.0,1.0,0.23380659529585734,1,0,1,1,1,1,1,1,0.9699999999999999,1.0,1.0,1.0,0.8,skip,attack_already_active,1785296040.476898,1785296040476898031,1384708693596435,6.9,53.08203125,-1.0,0,0
2026-07-28T23:34:00.477,10.42.0.1,10.42.0.1|10.42.0.210|10.42.0.47|10.42.0.18,9,3,UPLOAD,0.9671564653541896,UPLOAD,0.9671564653541896,1,2896,100.0,8,0.0,52128.0,0,8,0.0,1.0,0.20312522723157272,1,0,1,1,1,1,1,1,0.9699999999999999,1.0,1.0,1.0,0.8,skip,attack_already_active,1785296040.4778721,1785296040477872053,1384708694570384,6.9,53.08203125,-1.0,0,0
2026-07-28T23:34:00.479,10.42.0.1,10.42.0.1|10.42.0.210|10.42.0.47|10.42.0.18,9,3,UPLOAD,0.9673758865509346,UPLOAD,0.9673758865509346,1,7240,100.0,9,0.0,59368.0,0,9,0.0,1.0,0.17654047836926237,1,0,1,1,1,1,1,1,0.9699999999999999,1.0,1.0,1.0,0.8,skip,attack_already_active,1785296040.479253,1785296040479252966,1384708695951584,6.9,53.08203125,-1.0,0,0
2026-07-28T23:34:00.480,10.42.0.1,10.42.0.1|10.42.0.210|10.42.0.47|10.42.0.18,9,3,UPLOAD,0.9683138875650508,UPLOAD,0.9683138875650508,1,8688,100.0,10,0.0,68056.0,0,10,0.0,1.0,0.1534718332510759,1,0,1,1,1,1,1,1,0.9699999999999999,1.0,1.0,1.0,0.8,skip,attack_already_active,1785296040.480732,1785296040480731844,1384708697430488,6.9,53.08203125,-1.0,0,0
2026-07-28T23:34:00.482,10.42.0.1,10.42.0.1|10.42.0.210|10.42.0.47|10.42.0.18,9,3,UPLOAD,0.9691887110089143,UPLOAD,0.9691887110089143,1,2896,100.0,11,0.0,70952.0,0,11,0.0,1.0,0.13344367493861986,1,0,1,1,1,1,1,1,0.9699999999999999,1.0,1.0,1.0,0.8,skip,attack_already_active,1785296040.4822156,1785296040482215755,1384708698914351,6.9,53.08203125,-1.0,0,0
2026-07-28T23:34:00.483,10.42.0.1,10.42.0.1|10.42.0.210|10.42.0.47|10.42.0.18,9,3,UPLOAD,0.9700360848312632,UPLOAD,0.9700360848312632,1,7240,100.0,12,0.0,78192.0,0,12,0.0,1.0,0.11605842381141121,1,0,1,1,1,1,1,1,0.9699999999999999,1.0,1.0,1.0,0.8,skip,attack_already_active,1785296040.4837275,1785296040483727355,1384708700426241,6.9,53.08203125,-1.0,0,0
2026-07-28T23:34:00.485,10.42.0.1,10.42.0.1|10.42.0.210|10.42.0.47|10.42.0.18,9,3,UPLOAD,0.9711584536257811,UPLOAD,0.9711584536257811,1,1336,100.0,13,0.0,79528.0,0,13,0.0,1.0,0.10102452073336554,1,0,1,1,1,1,1,1,0.9699999999999999,1.0,1.0,1.0,0.8,skip,attack_already_active,1785296040.4856977,1785296040485697809,1384708702396521,6.9,53.08203125,-1.0,0,0
2026-07-28T23:34:00.778,10.42.0.1,10.42.0.47,10,1,DOWNLOAD,0.9687399133696118,DOWNLOAD,0.9687399133696118,-1,1448,54.92265189646225,14,1448.0,79528.0,1,13,0.017881841533293814,0.9821181584667061,0.12815139380858856,0,0,0,0,1,0,0,0,0.44,0.8500000000000001,0.0,0.6000000000000001,0.15,skip,training_upload_trigger_not_confirmed,1785296040.7782454,1785296040778245420,1384708994944015,6.9,53.08203125,-1.0,0,0
2026-07-28T23:34:00.779,10.42.0.1,10.42.0.47,10,1,DOWNLOAD,0.95,DOWNLOAD,0.95,-1,5792,10.984530385361252,15,7240.0,79528.0,2,13,0.08344089987092015,0.9165591001290798,0.11137622103456958,0,0,0,0,1,0,0,0,0.44,0.8500000000000001,0.0,0.6000000000000001,0.15,skip,training_upload_trigger_not_confirmed,1785296040.7790947,1785296040779094687,1384708995792967,6.9,53.08203125,-1.0,0,0
2026-07-28T23:34:00.779,10.42.0.1,10.42.0.47,10,1,DOWNLOAD,0.95,DOWNLOAD,0.95,-1,7240,5.492265193059926,16,14480.0,79528.0,3,13,0.15402944430261253,0.8459705556973874,0.09680455022578612,0,0,0,0,1,0,0,0,0.44,0.8500000000000001,0.0,0.6000000000000001,0.15,skip,training_upload_trigger_not_confirmed,1785296040.7798905,1785296040779890543,1384708996589136,43.6,53.08984375,-1.0,0,0
2026-07-28T23:34:00.781,10.42.0.1,10.42.0.47,10,1,DOWNLOAD,0.95,DOWNLOAD,0.95,-1,7240,3.661510128790906,17,21720.0,79528.0,4,13,0.21452275600505688,0.7854772439949431,0.08425855350042459,0,0,0,0,1,0,0,0,0.4,0.8500000000000001,0.0,0.4,0.15,skip,training_upload_trigger_not_confirmed,1785296040.781487,1785296040781487108,1384708998185814,43.6,53.08984375,-1.0,0,0
2026-07-28T23:34:00.782,10.42.0.1,10.42.0.47,10,1,DOWNLOAD,0.95,DOWNLOAD,0.95,-1,7240,2.746132596624788,18,28960.0,79528.0,5,13,0.26694196593171593,0.7330580340682841,0.07325910506141005,0,0,0,0,1,0,0,0,0.4,0.8500000000000001,0.0,0.4,0.15,skip,training_upload_trigger_not_confirmed,1785296040.7822738,1785296040782273819,1384708998972096,43.6,53.08984375,-1.0,0,0
2026-07-28T23:34:00.783,10.42.0.1,10.42.0.47,10,1,DOWNLOAD,0.95,DOWNLOAD,0.95,-1,7240,2.196906077315002,19,36200.0,79528.0,6,13,0.31280243329185675,0.6871975667081432,0.06373571370432685,0,0,0,0,1,0,0,0,0.4,0.8500000000000001,0.0,0.4,0.15,skip,training_upload_trigger_not_confirmed,1785296040.7832625,1785296040783262345,1384708999960482,43.6,53.08984375,-1.0,0,0
2026-07-28T23:34:00.784,10.42.0.1,10.42.0.47,10,1,DOWNLOAD,0.95,DOWNLOAD,0.95,-1,7240,1.8307550644375976,20,43440.0,79528.0,7,13,0.3532626374341292,0.6467373625658708,0.0554719119716578,0,0,0,0,1,0,0,0,0.32,0.8500000000000001,0.0,0.0,0.15,skip,training_upload_trigger_not_confirmed,1785296040.7842865,1785296040784286409,1384709000985157,43.6,53.08984375,-1.0,0,0
2026-07-28T23:34:00.785,10.42.0.1,10.42.0.47,10,1,DOWNLOAD,0.95,DOWNLOAD,0.95,-1,7240,1.5692186266659585,21,50680.0,79528.0,8,13,0.3892233964118948,0.6107766035881051,0.048363484878601044,0,0,0,0,1,0,0,0,0.32,0.8500000000000001,0.0,0.0,0.15,skip,training_upload_trigger_not_confirmed,1785296040.7858145,1785296040785814596,1384709002514716,43.6,53.08984375,-1.0,0,0
2026-07-28T23:34:00.786,10.42.0.1,10.42.0.47,10,1,DOWNLOAD,0.95,DOWNLOAD,0.95,-1,7240,1.3730662983361002,22,57920.0,79528.0,9,13,0.4213957278388918,0.5786042721611082,0.042128900608945065,0,0,0,0,1,0,0,0,0.32,0.8500000000000001,0.0,0.0,0.15,skip,training_upload_trigger_not_confirmed,1785296040.7868655,1785296040786865488,1384709003564004,43.6,53.08984375,-1.0,0,0
2026-07-28T23:34:00.787,10.42.0.1,10.42.0.47,10,1,DOWNLOAD,0.95,DOWNLOAD,0.95,-1,7240,1.220503376301097,23,65160.0,79528.0,10,13,0.4503483357292934,0.5496516642707067,0.036708712183727274,0,0,0,0,1,0,0,0,0.32,0.8500000000000001,0.0,0.0,0.15,skip,training_upload_trigger_not_confirmed,1785296040.787862,1785296040787862120,1384709004560325,43.6,53.08984375,-1.0,0,0
2026-07-28T23:34:00.788,10.42.0.1,10.42.0.47,10,1,DOWNLOAD,0.95,DOWNLOAD,0.95,-1,7240,1.0984530386726734,24,72400.0,79528.0,11,13,0.4765415196672108,0.5234584803327892,0.0319573679480444,0,0,0,0,1,0,0,0,0.30250000000000005,0.8000000000000002,0.0,0.0,0.15,skip,training_upload_trigger_not_confirmed,1785296040.7885141,1785296040788514038,1384709005212078,43.6,53.08984375,-1.0,0,0
2026-07-28T23:34:00.789,10.42.0.1,10.42.0.47,10,1,DOWNLOAD,0.95,DOWNLOAD,0.95,-1,13032,0.9308924056567692,25,85432.0,79528.0,12,13,0.5178952473326867,0.4821047526673133,0.027863672726582196,0,0,0,0,1,0,0,0,0.30250000000000005,0.8000000000000002,0.0,0.0,0.15,skip,training_upload_trigger_not_confirmed,1785296040.7894056,1785296040789405598,1384709006103720,43.6,53.08984375,-1.0,0,0
2026-07-28T23:34:00.790,10.42.0.1,10.42.0.47,10,1,DOWNLOAD,0.95,DOWNLOAD,0.95,-1,1448,0.9153775322293349,26,86880.0,79528.0,13,13,0.5220902841209557,0.4779097158790443,0.02427068426348105,0,0,0,0,1,0,0,0,0.30250000000000005,0.8000000000000002,0.0,0.0,0.15,skip,training_upload_trigger_not_confirmed,1785296040.790003,1785296040790003041,1384709006701047,43.6,53.08984375,-1.0,0,0
2026-07-28T23:34:00.790,10.42.0.1,10.42.0.47,10,1,DOWNLOAD,0.95,DOWNLOAD,0.95,-1,14480,0.7846093133407201,27,101360.0,79528.0,14,13,0.5603467338905842,0.4396532661094158,0.021166962939714883,0,0,0,0,1,0,0,0,0.28500000000000003,0.7500000000000001,0.0,0.0,0.15,skip,training_upload_trigger_not_confirmed,1785296040.7907205,1785296040790720518,1384709007418688,43.6,53.08984375,-1.0,0,0
2026-07-28T23:34:00.791,10.42.0.1,10.42.0.47,10,1,DOWNLOAD,0.95,DOWNLOAD,0.95,-1,14480,0.6865331491739768,28,115840.0,79528.0,15,13,0.5929323123541215,0.40706768764587853,0.01846378154209954,0,0,0,0,1,0,0,0,0.28500000000000003,0.7500000000000001,0.0,0.0,0.15,skip,training_upload_trigger_not_confirmed,1785296040.7913737,1785296040791373740,1384709008071771,43.6,53.08984375,-1.0,0,0
2026-07-28T23:34:00.791,10.42.0.1,10.42.0.47,10,1,DOWNLOAD,0.95,DOWNLOAD,0.95,-1,14480,0.6102516881552313,29,130320.0,79528.0,16,13,0.6210209294346384,0.3789790705653616,0.016112254902357945,0,0,0,0,1,0,0,0,0.28500000000000003,0.7500000000000001,0.0,0.0,0.15,skip,training_upload_trigger_not_confirmed,1785296040.7919924,1785296040791992235,1384709008690260,43.6,53.08984375,-1.0,0,0
2026-07-28T23:34:00.792,10.42.0.1,10.42.0.47,10,1,DOWNLOAD,0.95,DOWNLOAD,0.95,-1,14480,0.5492265193401296,30,144800.0,79528.0,17,13,0.6454833993081559,0.3545166006918441,0.014075280641168055,0,0,0,0,1,0,0,0,0.28500000000000003,0.7500000000000001,0.0,0.0,0.15,skip,training_upload_trigger_not_confirmed,1785296040.7926466,1785296040792646745,1384709009344951,43.6,53.08984375,-1.0,0,0
2026-07-28T23:34:00.793,10.42.0.1,10.42.0.47,10,1,DOWNLOAD,0.95,DOWNLOAD,0.95,-1,14480,0.49929683576406764,31,159280.0,79528.0,18,13,0.6669793306756893,0.33302066932431074,0.012303711502945854,0,0,0,0,1,0,0,0,0.28500000000000003,0.7500000000000001,0.0,0.0,0.15,skip,training_upload_trigger_not_confirmed,1785296040.793278,1785296040793277851,1384709009976200,43.6,53.08984375,-1.0,0,0
2026-07-28T23:34:00.794,10.42.0.1,10.42.0.47,10,1,DOWNLOAD,0.95,DOWNLOAD,0.95,-1,14480,0.45768876611730147,32,173760.0,79528.0,19,13,0.6860174978680396,0.31398250213196044,0.010844070815895624,0,0,0,0,1,0,0,0,0.28500000000000003,0.7500000000000001,0.0,0.0,0.15,skip,training_upload_trigger_not_confirmed,1785296040.794505,1785296040794504872,1384709011203153,43.6,53.08984375,-1.0,0,0
2026-07-28T23:34:00.795,10.42.0.1,10.42.0.47,10,1,DOWNLOAD,0.95,DOWNLOAD,0.95,-1,20272,0.40987053682171043,33,194032.0,79528.0,20,13,0.7092849831846761,0.29071501681532386,0.009562635638277585,0,0,0,0,1,0,0,0,0.28500000000000003,0.7500000000000001,0.0,0.0,0.15,skip,training_upload_trigger_not_confirmed,1785296040.7956245,1785296040795624423,1384709012323344,43.6,53.08984375,-1.0,0,0
2026-07-28T23:34:00.797,10.42.0.1,10.42.0.47,10,1,DOWNLOAD,0.95,DOWNLOAD,0.95,-1,15472,0.3796013441300423,34,209504.0,79528.0,21,13,0.7248470757563177,0.2751529242436824,0.008495679083773886,0,0,0,0,1,0,0,0,0.28500000000000003,0.7500000000000001,0.0,0.0,0.15,skip,training_upload_trigger_not_confirmed,1785296040.7970903,1785296040797090378,1384709013788636,43.6,53.08984375,-1.0,0,0
2026-07-28T23:34:00.798,10.42.0.59,10.42.0.47,4,1,DOWNLOAD,0.95,DOWNLOAD,0.95,-1,7300,1.3698630135109776e-10,1,7300.0,0.0,1,0,1.0,0.0,2.0761962671090175,0,0,0,0,0,0,0,0,0.0225,0.0,0.0,0.0,0.15,skip,already_attacked_this_round,1785296040.7980733,1785296040798073360,1384709014771610,43.6,53.08984375,-1.0,0,0
2026-07-28T23:34:00.798,10.42.0.59,10.42.0.47,4,1,DOWNLOAD,0.95,DOWNLOAD,0.95,-1,7300,6.84931506802402e-11,2,14600.0,0.0,2,0,1.0,0.0,1.8026933819454958,0,0,0,0,0,0,0,0,0.0225,0.0,0.0,0.0,0.15,skip,already_attacked_this_round,1785296040.7987318,1785296040798731794,1384709015429852,43.6,53.08984375,-1.0,0,0
2026-07-28T23:34:00.799,10.42.0.1,10.42.0.47,10,1,DOWNLOAD,0.95,DOWNLOAD,0.95,-1,21720,0.3439435352759923,35,231224.0,79528.0,22,13,0.7440788796210484,0.2559211203789517,0.007679124260686978,0,0,0,0,1,0,0,0,0.28500000000000003,0.7500000000000001,0.0,0.0,0.15,skip,training_upload_trigger_not_confirmed,1785296040.7993894,1785296040799389559,1384709016087711,43.6,53.08984375,-1.0,0,0
2026-07-28T23:34:00.800,10.42.0.1,10.42.0.47,10,1,DOWNLOAD,0.95,DOWNLOAD,0.95,-1,14024,0.32427583507582414,36,245248.0,79528.0,23,13,0.7551296893859152,0.2448703106140848,0.006797280114347364,0,0,0,0,1,0,0,0,0.28500000000000003,0.7500000000000001,0.0,0.0,0.15,skip,training_upload_trigger_not_confirmed,1785296040.8003764,1785296040800376363,1384709017074669,43.6,53.08984375,-1.0,0,0
2026-07-28T23:34:00.801,10.42.0.47,10.42.0.47,10,1,DOWNLOAD,0.95,DOWNLOAD,0.95,-1,7240,10.984530385361252,16,7240.0,79528.0,1,15,0.08344089987092015,0.9165591001290798,0.10941948592694262,0,0,0,0,0,0,0,0,0.057499999999999996,0.1,0.0,0.0,0.15,skip,training_upload_trigger_not_confirmed,1785296040.8014777,1785296040801477556,1384709018176289,43.6,53.08984375,-1.0,0,0
2026-07-28T23:34:00.802,10.42.0.47,10.42.0.47,10,1,DOWNLOAD,0.9829981496648164,DOWNLOAD,0.9829981496648164,-1,7240,5.492265193059926,17,14480.0,79528.0,2,15,0.15402944430261253,0.8459705556973874,0.09513324739637845,0,0,0,0,0,0,0,0,0.057499999999999996,0.1,0.0,0.0,0.15,skip,training_upload_trigger_not_confirmed,1785296040.8024828,1785296040802482980,1384709019181366,43.6,53.08984375,-1.0,0,0
2026-07-28T23:34:00.803,10.42.0.1,10.42.0.47,10,1,DOWNLOAD,0.95,DOWNLOAD,0.95,-1,20272,0.29951792708910996,37,265520.0,79528.0,24,13,0.7695161252927128,0.2304838747072871,0.006282854694900229,0,0,0,0,1,0,0,0,0.28500000000000003,0.7500000000000001,0.0,0.0,0.15,skip,training_upload_trigger_not_confirmed,1785296040.8032699,1785296040803269817,1384709019967954,43.6,53.08984375,-1.0,0,0
2026-07-28T23:34:00.804,10.42.0.1,10.42.0.47,10,1,DOWNLOAD,0.95,DOWNLOAD,0.95,-1,15472,0.2830258512723386,38,280992.0,79528.0,25,13,0.7794075224675469,0.22059247753245312,0.005581641558344137,0,0,0,0,1,0,0,0,0.28500000000000003,0.7500000000000001,0.0,0.0,0.15,skip,training_upload_trigger_not_confirmed,1785296040.8042314,1785296040804231466,1384709020929968,43.6,53.08984375,-1.0,0,0
2026-07-28T23:34:00.805,10.42.0.145,10.42.0.47,8,1,DOWNLOAD,0.95,DOWNLOAD,0.95,-1,7300,1.3698630135109776e-10,1,7300.0,0.0,1,0,1.0,0.0,1.4189945459415525,0,0,0,0,0,0,0,0,0.0225,0.0,0.0,0.0,0.15,skip,training_upload_trigger_not_confirmed,1785296040.8052719,1785296040805271703,1384709021970262,43.6,53.08984375,-1.0,0,0
2026-07-28T23:34:00.806,10.42.0.145,10.42.0.47,8,1,DOWNLOAD,0.95,DOWNLOAD,0.95,-1,7300,6.84931506802402e-11,2,14600.0,0.0,2,0,1.0,0.0,1.2321072952554915,0,0,0,0,0,0,0,0,0.0225,0.0,0.0,0.0,0.15,skip,training_upload_trigger_not_confirmed,1785296040.8060308,1785296040806030836,1384709022729236,43.6,53.08984375,-1.0,0,0
2026-07-28T23:34:00.806,10.42.0.1,10.42.0.47,10,1,DOWNLOAD,0.95,DOWNLOAD,0.95,-1,21720,0.26271835936711224,39,302712.0,79528.0,26,13,0.7919422352448723,0.20805776475512766,0.005175441749268758,0,0,0,0,1,0,0,0,0.28500000000000003,0.7500000000000001,0.0,0.0,0.15,skip,training_upload_trigger_not_confirmed,1785296040.8067305,1785296040806730436,1384709023428629,43.6,53.08984375,-1.0,0,0
2026-07-28T23:34:00.807,10.42.0.1,10.42.0.47,10,1,DOWNLOAD,0.95,DOWNLOAD,0.95,-1,14024,0.2510860779979191,40,316736.0,79528.0,27,13,0.7993055134960532,0.20069448650394686,0.004578309279846956,0,0,0,0,1,0,0,0,0.28500000000000003,0.7500000000000001,0.0,0.0,0.15,skip,training_upload_trigger_not_confirmed,1785296040.8073745,1785296040807374482,1384709024072559,43.6,53.08984375,-1.0,0,0
2026-07-28T23:34:00.807,10.42.0.210,10.42.0.47,10,1,DOWNLOAD,0.9838016990978501,DOWNLOAD,0.9838016990978501,-1,7240,1.381215469422484e-10,1,7240.0,0.0,1,0,1.0,0.0,0.22293275882887836,0,0,0,0,0,0,0,0,0.0225,0.0,0.0,0.0,0.15,skip,training_upload_trigger_not_confirmed,1785296040.8079937,1785296040807993508,1384709024691752,43.6,53.08984375,-1.0,0,0
2026-07-28T23:34:00.808,10.42.0.210,10.42.0.47,10,1,DOWNLOAD,0.95,DOWNLOAD,0.95,-1,7240,6.90607734758936e-11,2,14480.0,0.0,2,0,1.0,0.0,0.19368173997270247,0,0,0,0,0,0,0,0,0.0225,0.0,0.0,0.0,0.15,skip,training_upload_trigger_not_confirmed,1785296040.8089485,1785296040808948401,1384709025647468,43.6,53.08984375,-1.0,0,0
2026-07-28T23:34:00.809,10.42.0.1,10.42.0.47,10,1,DOWNLOAD,0.95,DOWNLOAD,0.95,-1,21720,0.23497293592302992,41,338456.0,79528.0,28,13,0.809734343898331,0.19026565610166896,0.004288017375832283,0,0,0,0,1,0,0,0,0.28500000000000003,0.7500000000000001,0.0,0.0,0.15,skip,training_upload_trigger_not_confirmed,1785296040.8097498,1785296040809749804,1384709026448108,43.6,53.08984375,-1.0,0,0
2026-07-28T23:34:00.810,10.42.0.1,10.42.0.47,10,1,DOWNLOAD,0.95,DOWNLOAD,0.95,-1,14024,0.22562414889007706,42,352480.0,79528.0,29,13,0.8159108164663618,0.18408918353363826,0.0038200147646739787,0,0,0,0,1,0,0,0,0.28500000000000003,0.7500000000000001,0.0,0.0,0.15,skip,training_upload_trigger_not_confirmed,1785296040.8104863,1785296040810486304,1384709027184665,43.6,53.08984375,-1.0,0,0
2026-07-28T23:34:00.811,10.42.0.18,10.42.0.47,10,1,DOWNLOAD,0.95,DOWNLOAD,0.95,-1,7300,1.3698630135109776e-10,1,7300.0,0.0,1,0,1.0,0.0,1.2330679880337796,0,0,0,0,0,0,0,0,0.0225,0.0,0.0,0.0,0.15,skip,training_upload_trigger_not_confirmed,1785296040.811402,1785296040811401914,1384709028100065,43.6,53.08984375,-1.0,0,0
2026-07-28T23:34:00.812,10.42.0.18,10.42.0.47,10,1,DOWNLOAD,0.95,DOWNLOAD,0.95,-1,7300,6.84931506802402e-11,2,14600.0,0.0,2,0,1.0,0.0,1.0706634855683022,0,0,0,0,0,0,0,0,0.0225,0.0,0.0,0.0,0.15,skip,training_upload_trigger_not_confirmed,1785296040.8120272,1785296040812027188,1384709028725258,43.6,53.08984375,-1.0,0,0
2026-07-28T23:34:00.812,10.42.0.59,10.42.0.47,4,1,DOWNLOAD,0.95,DOWNLOAD,0.95,-1,14600,3.424657534129292e-11,3,29200.0,0.0,3,0,1.0,0.0,1.5670209224614364,0,0,0,0,0,0,0,0,0.0225,0.0,0.0,0.0,0.15,skip,already_attacked_this_round,1785296040.812972,1785296040812972079,1384709029670156,43.6,53.08984375,-1.0,0,0
2026-07-28T23:34:00.813,10.42.0.59,10.42.0.47,4,1,DOWNLOAD,0.9527785028533122,DOWNLOAD,0.9527785028533122,-1,14600,2.2831050227789245e-11,4,43800.0,0.0,4,0,1.0,0.0,1.3606151019070902,0,0,0,0,0,0,0,0,0.0225,0.0,0.0,0.0,0.15,skip,already_attacked_this_round,1785296040.8136363,1785296040813636444,1384709030334524,43.6,53.08984375,-1.0,0,0
2026-07-28T23:34:00.814,10.42.0.59,10.42.0.47,4,1,DOWNLOAD,0.9507239244989181,DOWNLOAD,0.9507239244989181,0,43,2.2831050227789245e-11,4,43800.0,0.0,4,0,1.0,0.0,1.5948757091711734,0,0,0,0,0,0,0,0,0.0225,0.0,0.0,0.0,0.15,skip,already_attacked_this_round,1785296040.8146834,1785296040814683267,1384709031381510,43.6,53.08984375,-1.0,0,0
2026-07-28T23:34:00.816,10.42.0.47,10.42.0.47,10,1,DOWNLOAD,0.9842257140988042,DOWNLOAD,0.9842257140988042,0,43,5.492265193059926,17,14480.0,79528.0,2,15,0.15402944430261253,0.8459705556973874,0.12228593908536096,0,0,0,0,0,0,0,0,0.057499999999999996,0.1,0.0,0.0,0.15,skip,training_upload_trigger_not_confirmed,1785296040.8164327,1785296040816432763,1384709033130969,43.6,53.08984375,-1.0,0,0
2026-07-28T23:34:00.817,10.42.0.47,10.42.0.47,10,1,DOWNLOAD,0.9842586901286671,DOWNLOAD,0.9842586901286671,-1,10136,3.2307442313035932,18,24616.0,79528.0,3,15,0.23636503303118758,0.7636349669688124,0.10813674939202557,0,0,0,0,0,0,0,0,0.057499999999999996,0.1,0.0,0.0,0.15,skip,training_upload_trigger_not_confirmed,1785296040.8173945,1785296040817394306,1384709034092607,43.6,53.08984375,-1.0,0,0
2026-07-28T23:34:00.818,10.42.0.47,10.42.0.47,10,1,DOWNLOAD,0.9842595481342594,DOWNLOAD,0.9842595481342594,-1,14480,2.0341722938143496,19,39096.0,79528.0,4,15,0.3295791745346642,0.6704208254653359,0.0940053106677751,0,0,0,0,0,0,0,0,0.057499999999999996,0.1,0.0,0.0,0.15,skip,training_upload_trigger_not_confirmed,1785296040.8182917,1785296040818291733,1384709034990133,43.6,53.08984375,-1.0,0,0
2026-07-28T23:34:00.818,10.42.0.47,10.42.0.47,10,1,DOWNLOAD,0.9704767880986845,DOWNLOAD,0.9704767880986845,-1,4344,1.8307550644375976,20,43440.0,79528.0,5,15,0.3532626374341292,0.6467373625658708,0.08170021884558132,0,0,0,0,0,0,0,0,0.057499999999999996,0.1,0.0,0.0,0.15,skip,training_upload_trigger_not_confirmed,1785296040.818917,1785296040818917182,1384709035615357,43.6,53.08984375,-1.0,0,0
2026-07-28T23:34:00.820,10.42.0.210,10.42.0.47,10,1,DOWNLOAD,0.9557926560077417,DOWNLOAD,0.9557926560077417,0,43,6.90607734758936e-11,2,14480.0,0.0,2,0,1.0,0.0,0.3890030262411032,0,0,0,0,0,0,0,0,0.0225,0.0,0.0,0.0,0.15,skip,training_upload_trigger_not_confirmed,1785296040.8201807,1785296040820180744,1384709036878929,43.6,53.08984375,-1.0,0,0
2026-07-28T23:34:00.820,10.42.0.210,10.42.0.47,10,1,DOWNLOAD,0.9846998846180315,DOWNLOAD,0.9846998846180315,-1,2896,5.7550644563907074e-11,3,17376.0,0.0,3,0,1.0,0.0,0.3393014516263275,0,0,0,0,0,0,0,0,0.0225,0.0,0.0,0.0,0.15,skip,training_upload_trigger_not_confirmed,1785296040.82078,1785296040820780069,1384709037478071,43.6,53.08984375,-1.0,0,0
2026-07-28T23:34:00.822,10.42.0.210,10.42.0.47,10,1,DOWNLOAD,0.9854895428954357,DOWNLOAD,0.9854895428954357,-1,5792,4.316298342355132e-11,4,23168.0,0.0,4,0,1.0,0.0,0.2947824266493868,0,0,0,0,0,0,0,0,0.0225,0.0,0.0,0.0,0.15,skip,training_upload_trigger_not_confirmed,1785296040.822239,1785296040822239098,1384709038937165,43.6,53.08984375,-1.0,0,0
2026-07-28T23:34:00.823,10.42.0.210,10.42.0.47,10,1,DOWNLOAD,0.9855083405864443,DOWNLOAD,0.9855083405864443,-1,5792,3.453038673913914e-11,5,28960.0,0.0,5,0,1.0,0.0,0.2560556330306785,0,0,0,0,0,0,0,0,0.0225,0.0,0.0,0.0,0.15,skip,training_upload_trigger_not_confirmed,1785296040.8231344,1785296040823134576,1384709039832564,43.6,53.08984375,-1.0,0,0
2026-07-28T23:34:00.824,10.42.0.210,10.42.0.47,10,1,DOWNLOAD,0.9855087208476458,DOWNLOAD,0.9855087208476458,-1,5792,2.8775322282781555e-11,6,34752.0,0.0,6,0,1.0,0.0,0.22243961368198972,0,0,0,0,0,0,0,0,0.0225,0.0,0.0,0.0,0.15,skip,training_upload_trigger_not_confirmed,1785296040.8240874,1785296040824087382,1384709040785536,43.6,53.08984375,-1.0,0,0
2026-07-28T23:34:00.825,10.42.0.210,10.42.0.47,10,1,DOWNLOAD,0.9855087261970161,DOWNLOAD,0.9855087261970161,-1,5792,2.4664561956771294e-11,7,40544.0,0.0,7,0,1.0,0.0,0.1932494944929709,0,0,0,0,0,0,0,0,0.0225,0.0,0.0,0.0,0.15,skip,training_upload_trigger_not_confirmed,1785296040.8250113,1785296040825011211,1384709041709344,43.6,53.08984375,-1.0,0,0
2026-07-28T23:34:00.825,10.42.0.145,10.42.0.47,8,1,DOWNLOAD,0.9381366972236754,DOWNLOAD,0.9381366972236754,0,43,6.84931506802402e-11,2,14600.0,0.0,2,0,1.0,0.0,1.4837408527021427,0,0,0,0,0,0,0,0,0.0225,0.0,0.0,0.0,0.15,skip,training_upload_trigger_not_confirmed,1785296040.8258932,1785296040825893101,1384709042591112,43.6,53.08984375,-1.0,0,0
2026-07-28T23:34:00.826,10.42.0.145,10.42.0.47,8,1,DOWNLOAD,0.95,DOWNLOAD,0.95,-1,14600,3.424657534129292e-11,3,29200.0,0.0,3,0,1.0,0.0,1.2909245987814721,0,0,0,0,0,0,0,0,0.0225,0.0,0.0,0.0,0.15,skip,training_upload_trigger_not_confirmed,1785296040.8265424,1785296040826542434,1384709043240669,43.6,53.08984375,-1.0,0,0
2026-07-28T23:34:00.827,10.42.0.145,10.42.0.47,8,1,DOWNLOAD,0.95,DOWNLOAD,0.95,-1,14600,2.2831050227789245e-11,4,43800.0,0.0,4,0,1.0,0.0,1.1209508956642469,0,0,0,0,0,0,0,0,0.0225,0.0,0.0,0.0,0.15,skip,training_upload_trigger_not_confirmed,1785296040.8275836,1785296040827583547,1384709044283735,43.6,53.08984375,-1.0,0,0
2026-07-28T23:34:00.833,10.42.0.210,10.42.0.47,10,1,DOWNLOAD,0.9855087261721334,DOWNLOAD,0.9855087261721334,-1,8688,2.0311992199782418e-11,8,49232.0,0.0,8,0,1.0,0.0,0.16895752511586928,0,0,0,0,0,0,0,0,0.0225,0.0,0.0,0.0,0.15,skip,training_upload_trigger_not_confirmed,1785296040.8339157,1785296040833915686,1384709050614095,43.6,53.08984375,-1.0,0,0
2026-07-28T23:34:00.835,10.42.0.210,10.42.0.47,10,1,DOWNLOAD,0.9855087261660103,DOWNLOAD,0.9855087261660103,-1,11584,1.6443041304649383e-11,9,60816.0,0.0,9,0,1.0,0.0,0.1468590270465187,0,0,0,0,0,0,0,0,0.0225,0.0,0.0,0.0,0.15,skip,training_upload_trigger_not_confirmed,1785296040.8351738,1785296040835173919,1384709051872178,43.6,53.08984375,-1.0,0,0
2026-07-28T23:34:00.836,10.42.0.210,10.42.0.47,10,1,DOWNLOAD,0.9855087261656772,DOWNLOAD,0.9855087261656772,-1,18368,1.2628813901638856e-11,10,79184.0,0.0,10,0,1.0,0.0,0.1276688081409485,0,0,0,0,0,0,0,0,0.0225,0.0,0.0,0.0,0.15,skip,training_upload_trigger_not_confirmed,1785296040.8364036,1785296040836403776,1384709053102098,43.6,53.08984375,-1.0,0,0
2026-07-28T23:34:00.837,10.42.0.145,10.42.0.47,8,1,DOWNLOAD,0.9599214902121824,DOWNLOAD,0.9599214902121824,-1,29200,1.369863013679865e-11,5,73000.0,0.0,5,0,1.0,0.0,0.9745232560948276,0,0,0,0,0,0,0,0,0.0225,0.0,0.0,0.0,0.15,skip,training_upload_trigger_not_confirmed,1785296040.8373356,1785296040837335460,1384709054033954,43.6,53.08984375,-1.0,0,0
2026-07-28T23:34:00.837,10.42.0.145,10.42.0.47,8,1,DOWNLOAD,0.969438617593179,DOWNLOAD,0.969438617593179,-1,6184,1.2628813901638856e-11,6,79184.0,0.0,6,0,1.0,0.0,0.8461905475579217,0,0,0,0,0,0,0,0,0.0225,0.0,0.0,0.0,0.15,skip,training_upload_trigger_not_confirmed,1785296040.8379774,1785296040837977434,1384709054675794,43.6,53.08984375,-1.0,0,0
2026-07-28T23:34:00.838,10.42.0.18,10.42.0.47,10,1,DOWNLOAD,0.8993670533899898,DOWNLOAD,0.8993670533899898,0,43,6.84931506802402e-11,2,14600.0,0.0,2,0,1.0,0.0,1.3351531838090815,0,0,0,0,0,0,0,0,0.0225,0.0,0.0,0.0,0.15,skip,training_upload_trigger_not_confirmed,1785296040.8389359,1785296040838935856,1384709055633863,43.6,53.08984375,-1.0,0,0
2026-07-28T23:34:00.839,10.42.0.18,10.42.0.47,10,1,DOWNLOAD,0.95,DOWNLOAD,0.95,-1,10220,4.029008863657171e-11,3,24820.0,0.0,3,0,1.0,0.0,1.1628470741659882,0,0,0,0,0,0,0,0,0.0225,0.0,0.0,0.0,0.15,skip,training_upload_trigger_not_confirmed,1785296040.839597,1785296040839597057,1384709056295024,43.6,53.08984375,-1.0,0,0
2026-07-28T23:34:00.840,10.42.0.18,10.42.0.47,10,1,DOWNLOAD,0.95,DOWNLOAD,0.95,-1,14600,2.536783358636814e-11,4,39420.0,0.0,4,0,1.0,0.0,1.0096960524107088,0,0,0,0,0,0,0,0,0.0225,0.0,0.0,0.0,0.15,skip,training_upload_trigger_not_confirmed,1785296040.8402233,1785296040840223145,1384709056921152,43.6,53.08984375,-1.0,0,0
2026-07-28T23:34:00.842,10.42.0.47,10.42.0.47,10,1,DOWNLOAD,0.9555184761354051,DOWNLOAD,0.9555184761354051,-1,14480,1.3730662983361002,21,57920.0,79528.0,6,15,0.4213957278388918,0.5786042721611082,0.07408658317717995,0,0,0,0,0,0,0,0,0.057499999999999996,0.1,0.0,0.0,0.15,skip,training_upload_trigger_not_confirmed,1785296040.8428395,1785296040842839531,1384709059538609,43.6,53.08984375,-1.0,0,0
2026-07-28T23:34:00.849,10.42.0.47,10.42.0.47,10,1,DOWNLOAD,0.9625142241960422,DOWNLOAD,0.9625142241960422,-1,1009,1.349556245645615,22,58929.0,79528.0,7,15,0.4256122839581964,0.5743877160418036,0.0652474113241337,0,0,0,0,0,0,0,0,0.057499999999999996,0.1,0.0,0.0,0.15,skip,training_upload_trigger_not_confirmed,1785296040.849848,1785296040849848182,1384709066546366,43.6,53.08984375,-1.0,0,0
2026-07-28T23:34:00.851,10.42.0.18,10.42.0.47,10,1,DOWNLOAD,0.95,DOWNLOAD,0.95,-1,4380,2.2831050227789245e-11,5,43800.0,0.0,5,0,1.0,0.0,0.878175273773462,0,0,0,0,0,0,0,0,0.0225,0.0,0.0,0.0,0.15,skip,training_upload_trigger_not_confirmed,1785296040.8518445,1785296040851844679,1384709068543073,43.6,53.08984375,-1.0,0,0
2026-07-28T23:34:00.853,10.42.0.18,10.42.0.47,10,1,DOWNLOAD,0.95,DOWNLOAD,0.95,-1,14600,1.7123287670939668e-11,6,58400.0,0.0,6,0,1.0,0.0,0.7626523436260693,0,0,0,0,0,0,0,0,0.0225,0.0,0.0,0.0,0.15,skip,training_upload_trigger_not_confirmed,1785296040.8533483,1785296040853348225,1384709070046939,43.6,53.08984375,-1.0,0,0
2026-07-28T23:34:00.854,10.42.0.18,10.42.0.47,10,1,DOWNLOAD,0.9568773223036535,DOWNLOAD,0.9568773223036535,-1,5840,1.556662515542393e-11,7,64240.0,0.0,7,0,1.0,0.0,0.6622492112220341,0,0,0,0,0,0,0,0,0.0225,0.0,0.0,0.0,0.15,skip,training_upload_trigger_not_confirmed,1785296040.854069,1785296040854068941,1384709070767446,43.6,53.08984375,-1.0,0,0
2026-07-28T23:34:00.855,10.42.0.18,10.42.0.47,10,1,DOWNLOAD,0.9675220611183917,DOWNLOAD,0.9675220611183917,-1,14600,1.2683916793344953e-11,8,78840.0,0.0,8,0,1.0,0.0,0.57511186725204,0,0,0,0,0,0,0,0,0.0225,0.0,0.0,0.0,0.15,skip,training_upload_trigger_not_confirmed,1785296040.855057,1785296040855056898,1384709071755078,43.6,53.08984375,-1.0,0,0
2026-07-28T23:34:00.862,10.42.0.18,10.42.0.47,10,1,DOWNLOAD,0.9699199832130339,DOWNLOAD,0.9699199832130339,-1,361,1.2626103205608186e-11,9,79201.0,0.0,9,0,1.0,0.0,0.5002668803362038,0,0,0,0,0,0,0,0,0.0225,0.0,0.0,0.0,0.15,skip,training_upload_trigger_not_confirmed,1785296040.862191,1785296040862190738,1384709078888791,43.6,53.08984375,-1.0,0,0
2026-07-28T23:34:01.153,10.42.0.59,10.42.0.47,4,2,TRAINING,0.95,TRAINING,0.95,1,64240,1.4666666666560122,5,43800.0,64240.0,4,1,0.40540540540540543,0.5945945945945946,1.429385709273758,0,0,0,0,1,0,0,0,0.5325,1.0,0.0,0.8,0.15,skip,already_attacked_this_round,1785296041.1537013,1785296041153701318,1384709370399944,43.6,53.08984375,-1.0,0,0
2026-07-28T23:34:01.155,10.42.0.1,10.42.0.47,10,2,TRAINING,0.95,TRAINING,0.95,1,7240,0.24616432138207509,43,352480.0,86768.0,29,14,0.8024623902670018,0.19753760973299822,0.04364656430671361,0,0,0,0,1,0,0,0,0.4525,1.0,0.0,0.4,0.15,skip,training_upload_trigger_not_confirmed,1785296041.1552064,1785296041155206285,1384709371904731,43.6,53.08984375,-1.0,0,0
2026-07-28T23:34:01.155,10.42.0.1,10.42.0.1,10,3,UPLOAD,0.95,UPLOAD,0.95,1,7240,0.2667044938740731,44,352480.0,94008.0,29,15,0.7894501084015696,0.2105498915984304,0.037990759129778215,1,0,0,0,1,0,0,0,0.85,1.0,1.0,0.4,0.8,trigger,training_upload_trigger_confirmed,1785296041.1559327,1785296041155932666,1384709372630873,43.6,53.08984375,21.314567,1785296041177248045,1384709393945440
2026-07-28T23:34:01.160,10.42.0.145,10.42.0.1,8,2,TRAINING,0.95,TRAINING,0.95,1,64240,0.811275005053909,7,79184.0,64240.0,6,1,0.5520972780008925,0.4479027219991075,0.778835852915123,0,0,0,0,1,0,0,0,0.4525,1.0,0.0,0.4,0.15,skip,training_upload_trigger_not_confirmed,1785296041.1609476,1785296041160947561,1384709377646173,43.6,53.08984375,-1.0,0,0
2026-07-28T23:34:01.162,10.42.0.1,10.42.0.1,10,3,UPLOAD,0.95,UPLOAD,0.95,1,14480,0.3077848388580691,45,352480.0,108488.0,29,16,0.7646517762621267,0.23534822373787334,0.03383605503069603,1,0,1,1,1,1,1,1,0.9699999999999999,1.0,1.0,1.0,0.8,skip,attack_already_active,1785296041.1623945,1785296041162394539,1384709379093198,43.6,53.08984375,-1.0,0,0
2026-07-28T23:34:01.163,10.42.0.1,10.42.0.1,10,3,UPLOAD,0.95,UPLOAD,0.95,1,14480,0.34886518384206516,46,352480.0,122968.0,29,17,0.7413639346469014,0.2586360653530986,0.02958443089193322,1,0,1,1,1,1,1,1,0.9699999999999999,1.0,1.0,1.0,0.8,skip,attack_already_active,1785296041.1639662,1785296041163966226,1384709380664818,43.6,53.08984375,-1.0,0,0
2026-07-28T23:34:01.165,10.42.0.1,10.42.0.1,10,3,UPLOAD,0.9388870592638779,UPLOAD,0.9388870592638779,0,43,0.34886518384206516,46,352480.0,122968.0,29,17,0.7413639346469014,0.2586360653530986,0.06567268361607134,1,0,1,1,1,1,1,1,0.8025,0.7500000000000001,1.0,0.6000000000000001,0.8,skip,attack_already_active,1785296041.1650317,1785296041165031694,1384709381730258,43.6,53.08984375,-1.0,0,0
2026-07-28T23:34:01.167,10.42.0.145,10.42.0.1,8,3,UPLOAD,0.95,UPLOAD,0.95,1,6529,0.893728531017709,8,79184.0,70769.0,6,2,0.5280587917547498,0.47194120824525015,0.677062963622949,0,0,0,1,1,1,1,1,0.85,1.0,1.0,0.4,0.8,trigger,training_upload_trigger_confirmed,1785296041.167457,1785296041167456968,1384709384155668,43.6,53.08984375,46.920528,1785296041214378903,1384709431076196
2026-07-28T23:34:01.169,10.42.0.1,10.42.0.1,10,3,UPLOAD,0.95,UPLOAD,0.95,1,7240,0.3694053563340632,47,352480.0,130208.0,29,18,0.7302439671174755,0.26975603288252453,0.05769976878505471,1,0,1,1,1,1,1,1,0.9699999999999999,1.0,1.0,1.0,0.8,skip,attack_already_active,1785296041.1691346,1785296041169134662,1384709385834267,43.6,53.08984375,-1.0,0,0
2026-07-28T23:34:01.170,10.42.0.1,10.42.0.1,10,3,UPLOAD,0.95,UPLOAD,0.95,1,7240,0.3899455288260612,48,352480.0,137448.0,29,19,0.7194526542675659,0.2805473457324342,0.050295253645348974,1,0,1,1,1,1,1,1,0.9699999999999999,1.0,1.0,1.0,0.8,skip,attack_already_active,1785296041.1706436,1785296041170643500,1384709387343185,43.6,53.08984375,-1.0,0,0
2026-07-28T23:34:01.172,10.42.0.1,10.42.0.1,10,3,UPLOAD,0.95,UPLOAD,0.95,1,14480,0.43102587381005725,49,352480.0,151928.0,29,20,0.6987993846251447,0.30120061537485526,0.04389530580292571,1,0,1,1,1,1,1,1,0.9699999999999999,1.0,1.0,1.0,0.8,skip,attack_already_active,1785296041.1723714,1785296041172371427,1384709389069921,43.6,53.08984375,-1.0,0,0
2026-07-28T23:34:01.173,10.42.0.1,10.42.0.1,10,3,UPLOAD,0.95,UPLOAD,0.95,1,11584,0.46389014979725407,50,352480.0,163512.0,29,21,0.683111366067691,0.31688863393230904,0.03828737152275491,1,0,1,1,1,1,1,1,0.9699999999999999,1.0,1.0,1.0,0.8,skip,attack_already_active,1785296041.1737096,1785296041173709639,1384709390408475,43.6,53.08984375,-1.0,0,0
2026-07-28T23:34:01.174,10.42.0.1,10.42.0.1,10,3,UPLOAD,0.95,UPLOAD,0.95,1,8688,0.4885383567876517,51,352480.0,172200.0,29,22,0.6717999542578333,0.32820004574216666,0.03338458317565508,1,0,1,1,1,1,1,1,0.9699999999999999,1.0,1.0,1.0,0.8,skip,attack_already_active,1785296041.174791,1785296041174791099,1384709391489390,43.6,53.08984375,-1.0,0,0
2026-07-28T23:34:01.176,10.42.0.1,10.42.0.1,10,3,UPLOAD,0.8702304464273874,UPLOAD,0.8702304464273874,0,43,0.4885383567876517,51,352480.0,172200.0,29,22,0.6717999542578333,0.32820004574216666,0.030440353870319882,1,0,1,1,1,1,1,1,0.8025,0.7500000000000001,1.0,0.6000000000000001,0.8,skip,attack_already_active,1785296041.1760733,1785296041176073188,1384709392771639,43.6,53.08984375,-1.0,0,0
2026-07-28T23:34:01.177,10.42.0.1,10.42.0.1,10,3,UPLOAD,0.95,UPLOAD,0.95,1,10136,0.5172945982764489,52,352480.0,182336.0,29,23,0.6590677915395201,0.3409322084604799,0.026744052662494806,1,0,1,1,1,1,1,1,0.9699999999999999,1.0,1.0,1.0,0.8,skip,attack_already_active,1785296041.1771812,1785296041177181198,1384709393880981,43.6,53.08984375,-1.0,0,0
2026-07-28T23:34:01.178,10.42.0.1,10.42.0.1,10,3,UPLOAD,0.95,UPLOAD,0.95,1,4344,0.5296187017716477,53,352480.0,186680.0,29,24,0.6537576971585429,0.3462423028414571,0.023385408040271664,1,0,1,1,1,1,1,1,0.9699999999999999,1.0,1.0,1.0,0.8,skip,attack_already_active,1785296041.1784375,1785296041178437368,1384709395136094,43.6,53.08984375,-1.0,0,0
2026-07-28T23:34:01.182,10.42.0.1,10.42.0.1,10,3,UPLOAD,0.95,UPLOAD,0.95,1,14480,0.5706990467556438,54,352480.0,201160.0,29,25,0.6366592009247887,0.36334079907521133,0.020812300258245153,1,0,1,1,1,1,1,1,0.9699999999999999,1.0,1.0,1.0,0.8,skip,attack_already_active,1785296041.1822963,1785296041182296342,1384709398995173,43.6,53.08984375,-1.0,0,0
2026-07-28T23:34:01.183,10.42.0.1,10.42.0.1,10,3,UPLOAD,0.95,UPLOAD,0.95,1,1336,0.5744893327293052,55,352480.0,202496.0,29,26,0.6351265640315977,0.3648734359684022,0.01822531839891941,1,0,1,1,1,1,1,1,0.9699999999999999,1.0,1.0,1.0,0.8,skip,attack_already_active,1785296041.1834767,1785296041183476699,1384709400175163,43.6,53.08984375,-1.0,0,0
2026-07-28T23:34:01.187,10.42.0.1,10.42.0.1,10,3,UPLOAD,0.95,UPLOAD,0.95,1,18824,0.6278937812085,56,352480.0,221320.0,29,27,0.6142906936214709,0.3857093063785291,0.016365763976119677,1,0,1,1,1,1,1,1,0.9699999999999999,1.0,1.0,1.0,0.8,skip,attack_already_active,1785296041.1875904,1785296041187590283,1384709404289204,95.4,53.109375,-1.0,0,0
2026-07-28T23:34:01.188,10.42.0.1,10.42.0.1,10,3,UPLOAD,0.95,UPLOAD,0.95,1,10136,0.6566500226972973,57,352480.0,231456.0,29,28,0.6036277948268304,0.3963722051731697,0.014355956595946465,1,0,1,1,1,1,1,1,0.9699999999999999,1.0,1.0,1.0,0.8,skip,attack_already_active,1785296041.1887043,1785296041188704378,1384709405402816,95.4,53.109375,-1.0,0,0
2026-07-28T23:34:01.190,10.42.0.1,10.42.0.1,10,3,UPLOAD,0.95,UPLOAD,0.95,1,7129,0.6768752837049566,58,352480.0,238585.0,29,29,0.5963472714506864,0.4036527285493135,0.012679135033273451,1,0,1,1,1,1,1,1,0.9699999999999999,1.0,1.0,1.0,0.8,skip,attack_already_active,1785296041.1903353,1785296041190335224,1384709407033767,95.4,53.109375,-1.0,0,0
2026-07-28T23:34:01.202,10.42.0.1,10.42.0.1,10,3,UPLOAD,0.95,UPLOAD,0.95,1,1337,0.6806684067190176,59,352480.0,239922.0,29,30,0.5950013673147626,0.4049986326852374,0.012547805348477551,1,0,1,1,1,1,1,1,0.9699999999999999,1.0,1.0,1.0,0.8,skip,attack_already_active,1785296041.2020178,1785296041202017832,1384709418716518,95.4,53.109375,-1.0,0,0
2026-07-28T23:34:01.271,10.42.0.18,10.42.0.1,10,2,TRAINING,0.95,TRAINING,0.95,1,42340,0.5345892097380768,10,79201.0,42340.0,9,1,0.6516401872619116,0.34835981273808836,0.4912805890535903,0,0,0,0,1,1,0,0,0.5725,1.0,0.0,1.0,0.15,skip,training_upload_trigger_not_confirmed,1785296041.2710083,1785296041271008248,1384709487707083,95.4,53.109375,-1.0,0,0
2026-07-28T23:34:01.272,10.42.0.18,10.42.0.1|10.42.0.18,10,3,UPLOAD,0.95,UPLOAD,0.95,1,37188,1.0041287357482338,11,79201.0,79528.0,9,2,0.49896994248058013,0.5010300575194199,0.4267785784496287,1,0,0,1,1,1,1,1,0.9699999999999999,1.0,1.0,1.0,0.8,trigger,training_upload_trigger_confirmed,1785296041.272801,1785296041272801060,1384709489499826,95.4,53.109375,56.885934,1785296041329688487,1384709546385760
2026-07-28T23:34:01.274,10.42.0.1,10.42.0.1|10.42.0.18,10,3,UPLOAD,0.95,UPLOAD,0.95,1,7240,0.7012085792110156,60,352480.0,247162.0,29,31,0.5878173977139693,0.41218260228603065,0.016711051761988803,1,0,1,1,1,1,1,1,0.9699999999999999,1.0,1.0,1.0,0.8,skip,attack_already_active,1785296041.2744899,1785296041274489965,1384709491188573,95.4,53.109375,-1.0,0,0
2026-07-28T23:34:01.275,10.42.0.1,10.42.0.1|10.42.0.18,10,3,UPLOAD,0.95,UPLOAD,0.95,1,7240,0.7217487517030137,61,352480.0,254402.0,29,32,0.5808048352068441,0.41919516479315583,0.014661148074090802,1,0,1,1,1,1,1,1,0.9699999999999999,1.0,1.0,1.0,0.8,skip,attack_already_active,1785296041.2756448,1785296041275644575,1384709492343130,95.4,53.109375,-1.0,0,0
2026-07-28T23:34:01.278,10.42.0.1,10.42.0.1|10.42.0.18,10,3,UPLOAD,0.7298125887250168,UPLOAD,0.7298125887250168,0,43,0.7217487517030137,61,352480.0,254402.0,29,32,0.5808048352068441,0.41919516479315583,0.02620332408290335,1,0,1,1,1,1,1,1,0.8025,0.7500000000000001,1.0,0.6000000000000001,0.8,skip,attack_already_active,1785296041.2783248,1785296041278324728,1384709495023567,95.4,53.109375,-1.0,0,0
2026-07-28T23:34:01.279,10.42.0.1,10.42.0.1|10.42.0.18,10,3,UPLOAD,0.95,UPLOAD,0.95,1,10136,0.7505049931918109,62,352480.0,264538.0,29,33,0.5712637232625304,0.42873627673746956,0.023252477745022572,1,0,1,1,1,1,1,1,0.9699999999999999,1.0,1.0,1.0,0.8,skip,attack_already_active,1785296041.279455,1785296041279454969,1384709496153537,95.4,53.109375,-1.0,0,0
2026-07-28T23:34:01.280,10.42.0.1,10.42.0.1|10.42.0.18,10,3,UPLOAD,0.95,UPLOAD,0.95,1,4344,0.7628290966870097,63,352480.0,268882.0,29,34,0.5672699650123438,0.43273003498765616,0.020332946675065754,1,0,1,1,1,1,1,1,0.9699999999999999,1.0,1.0,1.0,0.8,skip,attack_already_active,1785296041.280552,1785296041280551872,1384709497250376,95.4,53.109375,-1.0,0,0
2026-07-28T23:34:01.283,10.42.0.1,10.42.0.1|10.42.0.18,10,3,UPLOAD,0.95,UPLOAD,0.95,1,14480,0.8039094416710058,64,352480.0,283362.0,29,35,0.5543515527442352,0.4456484472557648,0.01807969873115192,1,0,1,1,1,1,1,1,0.9699999999999999,1.0,1.0,1.0,0.8,skip,attack_already_active,1785296041.2837856,1785296041283785475,1384709500484052,95.4,53.109375,-1.0,0,0
2026-07-28T23:34:01.285,10.42.0.1,10.42.0.1|10.42.0.18,10,3,UPLOAD,0.95,UPLOAD,0.95,1,14480,0.8449897866550017,65,352480.0,297842.0,29,36,0.5420084204440262,0.4579915795559738,0.015979699194690597,1,0,1,1,1,1,1,1,0.9699999999999999,1.0,1.0,1.0,0.8,skip,attack_already_active,1785296041.285929,1785296041285929039,1384709502627661,95.4,53.109375,-1.0,0,0
2026-07-28T23:34:01.287,10.42.0.1,10.42.0.1|10.42.0.18,10,3,UPLOAD,0.95,UPLOAD,0.95,1,5792,0.8614219246486001,66,352480.0,303634.0,29,37,0.5372237141716226,0.4627762858283774,0.014023498616907881,1,0,1,1,1,1,1,1,0.9699999999999999,1.0,1.0,1.0,0.8,skip,attack_already_active,1785296041.2870636,1785296041287063513,1384709503761817,95.4,53.109375,-1.0,0,0
2026-07-28T23:34:01.288,10.42.0.1,10.42.0.1|10.42.0.18,10,3,UPLOAD,0.95,UPLOAD,0.95,1,5792,0.8778540626421986,67,352480.0,309426.0,29,38,0.5325227449214843,0.4674772550785157,0.01238747044958229,1,0,1,1,1,1,1,1,0.9699999999999999,1.0,1.0,1.0,0.8,skip,attack_already_active,1785296041.2886717,1785296041288671731,1384709505370135,95.4,53.109375,-1.0,0,0
2026-07-28T23:34:01.290,10.42.0.1,10.42.0.1|10.42.0.18,10,3,UPLOAD,0.95,UPLOAD,0.95,1,8688,0.9025022696325962,68,352480.0,318114.0,29,39,0.5256235516571875,0.4743764483428125,0.010943560166164724,1,0,1,1,1,1,1,1,0.9699999999999999,1.0,1.0,1.0,0.8,skip,attack_already_active,1785296041.2901018,1785296041290101818,1384709506800078,95.4,53.109375,-1.0,0,0
2026-07-28T23:34:01.290,10.42.0.1,10.42.0.1|10.42.0.18,10,3,UPLOAD,0.95,UPLOAD,0.95,1,1336,0.9062925556062577,69,352480.0,319450.0,29,40,0.5245784531126755,0.4754215468873246,0.009591489423436681,1,0,1,1,1,1,1,1,0.9699999999999999,1.0,1.0,1.0,0.8,skip,attack_already_active,1785296041.2907848,1785296041290784865,1384709507483217,95.4,53.109375,-1.0,0,0
2026-07-28T23:34:02.583,10.42.0.210,10.42.0.1|10.42.0.210|10.42.0.18,10,3,UPLOAD,0.95,UPLOAD,0.95,1,1448,100.0,1,0.0,1448.0,0,1,0.0,1.0,0.34316908113732675,1,0,0,1,1,1,1,1,0.9525,0.95,1.0,1.0,0.8,trigger,training_upload_trigger_confirmed,1785296042.5832214,1785296042583221521,1384710799920262,4.7,53.109375,6.817686,1785296042590040544,1384710806737948
2026-07-28T23:34:02.584,10.42.0.210,10.42.0.1|10.42.0.210|10.42.0.18,10,3,UPLOAD,0.9841010226033655,UPLOAD,0.9841010226033655,1,1448,100.0,2,0.0,2896.0,0,2,0.0,1.0,0.29805626532035484,1,0,1,1,1,1,1,1,0.9699999999999999,1.0,1.0,1.0,0.8,skip,attack_already_active,1785296042.5840418,1785296042584041643,1384710800739909,4.7,53.109375,-1.0,0,0
2026-07-28T23:34:02.585,10.42.0.210,10.42.0.1|10.42.0.210|10.42.0.18,10,3,UPLOAD,0.9854688349332961,UPLOAD,0.9854688349332961,1,1448,100.0,3,0.0,4344.0,0,3,0.0,1.0,0.2589144946927656,1,0,1,1,1,1,1,1,0.9699999999999999,1.0,1.0,1.0,0.8,skip,attack_already_active,1785296042.585062,1785296042585062068,1384710801760627,4.7,53.109375,-1.0,0,0
2026-07-28T23:34:02.585,10.42.0.210,10.42.0.1|10.42.0.210|10.42.0.18,10,3,UPLOAD,0.9855076450773014,UPLOAD,0.9855076450773014,1,1448,100.0,4,0.0,5792.0,0,4,0.0,1.0,0.2249050362670015,1,0,1,1,1,1,1,1,0.9699999999999999,1.0,1.0,1.0,0.8,skip,attack_already_active,1785296042.5858881,1785296042585888369,1384710802586645,4.7,53.109375,-1.0,0,0
2026-07-28T23:34:02.586,10.42.0.210,10.42.0.1|10.42.0.210|10.42.0.18,10,3,UPLOAD,0.9855086980780915,UPLOAD,0.9855086980780915,1,1448,100.0,5,0.0,7240.0,0,5,0.0,1.0,0.19539977674580503,1,0,1,1,1,1,1,1,0.9699999999999999,1.0,1.0,1.0,0.8,skip,attack_already_active,1785296042.586886,1785296042586885776,1384710803583927,4.7,53.109375,-1.0,0,0
2026-07-28T23:34:02.587,10.42.0.210,10.42.0.1|10.42.0.210|10.42.0.18,10,3,UPLOAD,0.9855087254685951,UPLOAD,0.9855087254685951,1,1448,100.0,6,0.0,8688.0,0,6,0.0,1.0,0.16974152589347094,1,0,1,1,1,1,1,1,0.9699999999999999,1.0,1.0,1.0,0.8,skip,attack_already_active,1785296042.5875723,1785296042587572113,1384710804270384,4.7,53.109375,-1.0,0,0
2026-07-28T23:34:02.588,10.42.0.210,10.42.0.1|10.42.0.210|10.42.0.18,10,3,UPLOAD,0.9855087261493067,UPLOAD,0.9855087261493067,1,1448,100.0,7,0.0,10136.0,0,7,0.0,1.0,0.14754885902527143,1,0,1,1,1,1,1,1,0.9699999999999999,1.0,1.0,1.0,0.8,skip,attack_already_active,1785296042.5888999,1785296042588899775,1384710805598450,4.7,53.109375,-1.0,0,0
2026-07-28T23:34:02.589,10.42.0.210,10.42.0.1|10.42.0.210|10.42.0.18,10,3,UPLOAD,0.9855087261653082,UPLOAD,0.9855087261653082,1,1448,100.0,8,0.0,11584.0,0,8,0.0,1.0,0.12820352054473716,1,0,1,1,1,1,1,1,0.9699999999999999,1.0,1.0,1.0,0.8,skip,attack_already_active,1785296042.5896423,1785296042589642227,1384710806340454,4.7,53.109375,-1.0,0,0
2026-07-28T23:34:02.590,10.42.0.210,10.42.0.1|10.42.0.210|10.42.0.18,10,3,UPLOAD,0.985508726165656,UPLOAD,0.985508726165656,1,1448,100.0,9,0.0,13032.0,0,9,0.0,1.0,0.11144956602631208,1,0,1,1,1,1,1,1,0.9699999999999999,1.0,1.0,1.0,0.8,skip,attack_already_active,1785296042.5907047,1785296042590704762,1384710807402915,4.7,53.109375,-1.0,0,0
2026-07-28T23:34:02.591,10.42.0.210,10.42.0.1|10.42.0.210|10.42.0.18,10,3,UPLOAD,0.9855087261656625,UPLOAD,0.9855087261656625,1,1448,100.0,10,0.0,14480.0,0,10,0.0,1.0,0.09685198738221104,1,0,1,1,1,1,1,1,0.9699999999999999,1.0,1.0,1.0,0.8,skip,attack_already_active,1785296042.5913773,1785296042591377110,1384710808075370,4.7,53.109375,-1.0,0,0
2026-07-28T23:34:02.592,10.42.0.210,10.42.0.1|10.42.0.210|10.42.0.18,10,3,UPLOAD,0.9855087261656628,UPLOAD,0.9855087261656628,1,1448,100.0,11,0.0,15928.0,0,11,0.0,1.0,0.08420891171142575,1,0,1,1,1,1,1,1,0.9699999999999999,1.0,1.0,1.0,0.8,skip,attack_already_active,1785296042.5922844,1785296042592284353,1384710808982601,4.7,53.109375,-1.0,0,0
2026-07-28T23:34:02.593,10.42.0.210,10.42.0.1|10.42.0.210|10.42.0.18,10,3,UPLOAD,0.95,UPLOAD,0.95,1,1448,100.0,12,0.0,17376.0,0,12,0.0,1.0,0.07324217555496748,1,0,1,1,1,1,1,1,0.9699999999999999,1.0,1.0,1.0,0.8,skip,attack_already_active,1785296042.5932698,1785296042593269635,1384710809969496,4.7,53.109375,-1.0,0,0
2026-07-28T23:34:02.595,10.42.0.210,10.42.0.1|10.42.0.210|10.42.0.18,10,3,UPLOAD,0.95,UPLOAD,0.95,1,1448,100.0,13,0.0,18824.0,0,13,0.0,1.0,0.063836317232112,1,0,1,1,1,1,1,1,0.9699999999999999,1.0,1.0,1.0,0.8,skip,attack_already_active,1785296042.5951335,1785296042595133548,1384710811833554,4.7,53.109375,-1.0,0,0
2026-07-28T23:34:02.596,10.42.0.210,10.42.0.1|10.42.0.210|10.42.0.18,10,3,UPLOAD,0.95,UPLOAD,0.95,1,1448,100.0,14,0.0,20272.0,0,14,0.0,1.0,0.05557421324425736,1,0,1,1,1,1,1,1,0.9699999999999999,1.0,1.0,1.0,0.8,skip,attack_already_active,1785296042.596271,1785296042596271193,1384710812969741,4.7,53.109375,-1.0,0,0
2026-07-28T23:34:02.597,10.42.0.210,10.42.0.1|10.42.0.210|10.42.0.18,10,3,UPLOAD,0.95,UPLOAD,0.95,1,1448,100.0,15,0.0,21720.0,0,15,0.0,1.0,0.04846886246815608,1,0,1,1,1,1,1,1,0.9699999999999999,1.0,1.0,1.0,0.8,skip,attack_already_active,1785296042.5979247,1785296042597924556,1384710814622976,4.7,53.109375,-1.0,0,0
2026-07-28T23:34:02.598,10.42.0.210,10.42.0.1|10.42.0.210|10.42.0.18,10,3,UPLOAD,0.95,UPLOAD,0.95,1,1448,100.0,16,0.0,23168.0,0,16,0.0,1.0,0.042184544776097135,1,0,1,1,1,1,1,1,0.9699999999999999,1.0,1.0,1.0,0.8,skip,attack_already_active,1785296042.5987036,1785296042598703743,1384710815402497,4.7,53.109375,-1.0,0,0
2026-07-28T23:34:02.599,10.42.0.210,10.42.0.1|10.42.0.210|10.42.0.18,10,3,UPLOAD,0.95,UPLOAD,0.95,1,1448,100.0,17,0.0,24616.0,0,17,0.0,1.0,0.03675136872362192,1,0,1,1,1,1,1,1,0.9699999999999999,1.0,1.0,1.0,0.8,skip,attack_already_active,1785296042.5996573,1785296042599657226,1384710816355358,4.7,53.109375,-1.0,0,0
2026-07-28T23:34:02.600,10.42.0.210,10.42.0.1|10.42.0.210|10.42.0.18,10,3,UPLOAD,0.95,UPLOAD,0.95,1,1448,100.0,18,0.0,26064.0,0,18,0.0,1.0,0.0319906647647425,1,0,1,1,1,1,1,1,0.9699999999999999,1.0,1.0,1.0,0.8,skip,attack_already_active,1785296042.600281,1785296042600281133,1384710816979390,4.7,53.109375,-1.0,0,0
2026-07-28T23:34:02.601,10.42.0.210,10.42.0.1|10.42.0.210|10.42.0.18,10,3,UPLOAD,0.95,UPLOAD,0.95,1,1448,100.0,19,0.0,27512.0,0,19,0.0,1.0,0.0278907596590142,1,0,1,1,1,1,1,1,0.9699999999999999,1.0,1.0,1.0,0.8,skip,attack_already_active,1785296042.6011586,1785296042601158569,1384710817856702,4.7,53.109375,-1.0,0,0
2026-07-28T23:34:02.602,10.42.0.210,10.42.0.1|10.42.0.210|10.42.0.18,10,3,UPLOAD,0.95,UPLOAD,0.95,1,1448,100.0,20,0.0,28960.0,0,20,0.0,1.0,0.024331211623117553,1,0,1,1,1,1,1,1,0.9699999999999999,1.0,1.0,1.0,0.8,skip,attack_already_active,1785296042.602037,1785296042602036923,1384710818735123,4.7,53.109375,-1.0,0,0
2026-07-28T23:34:02.602,10.42.0.210,10.42.0.1|10.42.0.210|10.42.0.18,10,3,UPLOAD,0.95,UPLOAD,0.95,1,1448,100.0,21,0.0,30408.0,0,21,0.0,1.0,0.021237830730466915,1,0,1,1,1,1,1,1,0.9699999999999999,1.0,1.0,1.0,0.8,skip,attack_already_active,1785296042.6028934,1785296042602893366,1384710819591604,4.7,53.109375,-1.0,0,0
2026-07-28T23:34:02.603,10.42.0.210,10.42.0.1|10.42.0.210|10.42.0.18,10,3,UPLOAD,0.95,UPLOAD,0.95,1,1448,100.0,22,0.0,31856.0,0,22,0.0,1.0,0.01852179200943073,1,0,1,1,1,1,1,1,0.9699999999999999,1.0,1.0,1.0,0.8,skip,attack_already_active,1785296042.60352,1785296042603520011,1384710820218155,4.7,53.109375,-1.0,0,0
2026-07-28T23:34:02.604,10.42.0.210,10.42.0.1|10.42.0.210|10.42.0.18,10,3,UPLOAD,0.95,UPLOAD,0.95,1,1448,100.0,23,0.0,33304.0,0,23,0.0,1.0,0.016195672261826374,1,0,1,1,1,1,1,1,0.9699999999999999,1.0,1.0,1.0,0.8,skip,attack_already_active,1785296042.6043894,1785296042604389453,1384710821087544,4.7,53.109375,-1.0,0,0
2026-07-28T23:34:02.604,10.42.0.210,10.42.0.1|10.42.0.210|10.42.0.18,10,3,UPLOAD,0.95,UPLOAD,0.95,1,1448,100.0,24,0.0,34752.0,0,24,0.0,1.0,0.014139882769483931,1,0,1,1,1,1,1,1,0.9699999999999999,1.0,1.0,1.0,0.8,skip,attack_already_active,1785296042.6049843,1785296042604984387,1384710821682330,4.7,53.109375,-1.0,0,0
2026-07-28T23:34:02.605,10.42.0.210,10.42.0.1|10.42.0.210|10.42.0.18,10,3,UPLOAD,0.95,UPLOAD,0.95,1,1448,100.0,25,0.0,36200.0,0,25,0.0,1.0,0.012392757658329454,1,0,1,1,1,1,1,1,0.9699999999999999,1.0,1.0,1.0,0.8,skip,attack_already_active,1785296042.6058657,1785296042605865768,1384710822563770,4.7,53.109375,-1.0,0,0
2026-07-28T23:34:02.606,10.42.0.210,10.42.0.1|10.42.0.210|10.42.0.18,10,3,UPLOAD,0.95,UPLOAD,0.95,1,1448,100.0,26,0.0,37648.0,0,26,0.0,1.0,0.010837466868075137,1,0,1,1,1,1,1,1,0.9699999999999999,1.0,1.0,1.0,0.8,skip,attack_already_active,1785296042.6064558,1785296042606455918,1384710823153902,4.7,53.109375,-1.0,0,0
2026-07-28T23:34:02.607,10.42.0.210,10.42.0.1|10.42.0.210|10.42.0.18,10,3,UPLOAD,0.95,UPLOAD,0.95,1,1448,100.0,27,0.0,39096.0,0,27,0.0,1.0,0.009525233100709964,1,0,1,1,1,1,1,1,0.9699999999999999,1.0,1.0,1.0,0.8,skip,attack_already_active,1785296042.607335,1785296042607335261,1384710824033562,4.7,53.109375,-1.0,0,0
2026-07-28T23:34:02.607,10.42.0.210,10.42.0.1|10.42.0.210|10.42.0.18,10,3,UPLOAD,0.95,UPLOAD,0.95,1,1448,100.0,28,0.0,40544.0,0,28,0.0,1.0,0.008345860951911458,1,0,1,1,1,1,1,1,0.9699999999999999,1.0,1.0,1.0,0.8,skip,attack_already_active,1785296042.6079104,1785296042607910448,1384710824608425,4.7,53.109375,-1.0,0,0
2026-07-28T23:34:02.608,10.42.0.210,10.42.0.1|10.42.0.210|10.42.0.18,10,3,UPLOAD,0.95,UPLOAD,0.95,1,1448,100.0,29,0.0,41992.0,0,29,0.0,1.0,0.0073584384726364,1,0,1,1,1,1,1,1,0.9699999999999999,1.0,1.0,1.0,0.8,skip,attack_already_active,1785296042.608763,1785296042608762990,1384710825461016,4.7,53.109375,-1.0,0,0
2026-07-28T23:34:02.609,10.42.0.210,10.42.0.1|10.42.0.210|10.42.0.18,10,3,UPLOAD,0.95,UPLOAD,0.95,1,1448,100.0,30,0.0,43440.0,0,30,0.0,1.0,0.006512443359416397,1,0,1,1,1,1,1,1,0.9699999999999999,1.0,1.0,1.0,0.8,skip,attack_already_active,1785296042.6097014,1785296042609701453,1384710826400957,4.7,53.109375,-1.0,0,0
2026-07-28T23:34:02.610,10.42.0.210,10.42.0.1|10.42.0.210|10.42.0.18,10,3,UPLOAD,0.95,UPLOAD,0.95,1,1448,100.0,31,0.0,44888.0,0,31,0.0,1.0,0.005800078127373037,1,0,1,1,1,1,1,1,0.9699999999999999,1.0,1.0,1.0,0.8,skip,attack_already_active,1785296042.610808,1785296042610807869,1384710827506206,4.7,53.109375,-1.0,0,0
2026-07-28T23:34:02.611,10.42.0.210,10.42.0.1|10.42.0.210|10.42.0.18,10,3,UPLOAD,0.95,UPLOAD,0.95,1,1448,100.0,32,0.0,46336.0,0,32,0.0,1.0,0.005122959424680301,1,0,1,1,1,1,1,1,0.9699999999999999,1.0,1.0,1.0,0.8,skip,attack_already_active,1785296042.6114695,1785296042611469472,1384710828167505,4.7,53.109375,-1.0,0,0
2026-07-28T23:34:02.612,10.42.0.210,10.42.0.1|10.42.0.210|10.42.0.18,10,3,UPLOAD,0.95,UPLOAD,0.95,1,1448,100.0,33,0.0,47784.0,0,33,0.0,1.0,0.004560767179298177,1,0,1,1,1,1,1,1,0.9699999999999999,1.0,1.0,1.0,0.8,skip,attack_already_active,1785296042.6123261,1785296042612326201,1384710829024276,4.7,53.109375,-1.0,0,0
2026-07-28T23:34:02.612,10.42.0.210,10.42.0.1|10.42.0.210|10.42.0.18,10,3,UPLOAD,0.95,UPLOAD,0.95,1,1448,100.0,34,0.0,49232.0,0,34,0.0,1.0,0.004037407104041137,1,0,1,1,1,1,1,1,0.9699999999999999,1.0,1.0,1.0,0.8,skip,attack_already_active,1785296042.6129153,1785296042612915162,1384710829613618,4.7,53.109375,-1.0,0,0
2026-07-28T23:34:02.613,10.42.0.210,10.42.0.1|10.42.0.210|10.42.0.18,10,3,UPLOAD,0.95,UPLOAD,0.95,1,1448,100.0,35,0.0,50680.0,0,35,0.0,1.0,0.0036186713663132935,1,0,1,1,1,1,1,1,0.9699999999999999,1.0,1.0,1.0,0.8,skip,attack_already_active,1785296042.613775,1785296042613775189,1384710830473130,4.7,53.109375,-1.0,0,0
2026-07-28T23:34:02.614,10.42.0.210,10.42.0.1|10.42.0.210|10.42.0.18,10,3,UPLOAD,0.95,UPLOAD,0.95,1,1448,100.0,36,0.0,52128.0,0,36,0.0,1.0,0.0032248906906779014,1,0,1,1,1,1,1,1,0.9699999999999999,1.0,1.0,1.0,0.8,skip,attack_already_active,1785296042.6144054,1785296042614405400,1384710831103487,4.7,53.109375,-1.0,0,0
2026-07-28T23:34:02.615,10.42.0.210,10.42.0.1|10.42.0.210|10.42.0.18,10,3,UPLOAD,0.95,UPLOAD,0.95,1,1448,100.0,37,0.0,53576.0,0,37,0.0,1.0,0.0028802040985298695,1,0,1,1,1,1,1,1,0.9699999999999999,1.0,1.0,1.0,0.8,skip,attack_already_active,1785296042.6150146,1785296042615014657,1384710831712665,4.7,53.109375,-1.0,0,0
2026-07-28T23:34:02.615,10.42.0.210,10.42.0.1|10.42.0.210|10.42.0.18,10,3,UPLOAD,0.95,UPLOAD,0.95,1,1448,100.0,38,0.0,55024.0,0,38,0.0,1.0,0.0025801843794017003,1,0,1,1,1,1,1,1,0.9699999999999999,1.0,1.0,1.0,0.8,skip,attack_already_active,1785296042.615618,1785296042615618157,1384710832316249,4.7,53.109375,-1.0,0,0
2026-07-28T23:34:02.616,10.42.0.210,10.42.0.1|10.42.0.210|10.42.0.18,10,3,UPLOAD,0.95,UPLOAD,0.95,1,1448,100.0,39,0.0,56472.0,0,39,0.0,1.0,0.0023183486476782054,1,0,1,1,1,1,1,1,0.9699999999999999,1.0,1.0,1.0,0.8,skip,attack_already_active,1785296042.6162112,1785296042616211095,1384710832909161,4.7,53.109375,-1.0,0,0
2026-07-28T23:34:02.618,10.42.0.1,10.42.0.1|10.42.0.210|10.42.0.18,10,3,UPLOAD,0.95,UPLOAD,0.95,1,7240,100.0,1,0.0,7240.0,0,1,0.0,1.0,0.1785847210795404,1,0,1,1,1,1,1,1,0.9699999999999999,1.0,1.0,1.0,0.8,skip,attack_already_active,1785296042.6185603,1785296042618560359,1384710835258452,4.7,53.109375,-1.0,0,0
2026-07-28T23:34:02.619,10.42.0.1,10.42.0.1|10.42.0.210|10.42.0.18,10,3,UPLOAD,0.9718711460765518,UPLOAD,0.9718711460765518,1,7240,100.0,2,0.0,14480.0,0,2,0.0,1.0,0.15517028964885818,1,0,1,1,1,1,1,1,0.9699999999999999,1.0,1.0,1.0,0.8,skip,attack_already_active,1785296042.6194594,1785296042619459273,1384710836157352,4.7,53.109375,-1.0,0,0
2026-07-28T23:34:02.722,10.42.0.1,10.42.0.1|10.42.0.210|10.42.0.18,10,3,UPLOAD,0.9767071530739584,UPLOAD,0.9767071530739584,1,14480,100.0,3,0.0,28960.0,0,3,0.0,1.0,0.14834866318555276,1,0,1,1,1,1,1,1,0.9699999999999999,1.0,1.0,1.0,0.8,skip,attack_already_active,1785296042.7228622,1785296042722862315,1384710939560941,4.7,53.109375,-1.0,0,0
2026-07-28T23:34:02.723,10.42.0.1,10.42.0.1|10.42.0.210|10.42.0.18,10,3,UPLOAD,0.9767342823648779,UPLOAD,0.9767342823648779,1,14480,100.0,4,0.0,43440.0,0,4,0.0,1.0,0.1289310763797621,1,0,1,1,1,1,1,1,0.9699999999999999,1.0,1.0,1.0,0.8,skip,attack_already_active,1785296042.7238562,1785296042723856201,1384710940554596,4.7,53.109375,-1.0,0,0
2026-07-28T23:34:02.724,10.42.0.1,10.42.0.1|10.42.0.210|10.42.0.18,10,3,UPLOAD,0.9748579767533113,UPLOAD,0.9748579767533113,0,43,100.0,4,0.0,43440.0,0,4,0.0,1.0,0.30254985650941274,1,0,1,1,1,1,1,1,0.8374999999999999,0.8500000000000001,1.0,0.6000000000000001,0.8,skip,attack_already_active,1785296042.7248008,1785296042724800700,1384710941499009,4.7,53.109375,-1.0,0,0
2026-07-28T23:34:02.727,10.42.0.1,10.42.0.1|10.42.0.210|10.42.0.18,10,3,UPLOAD,0.9759121712343636,UPLOAD,0.9759121712343636,1,14480,100.0,5,0.0,57920.0,0,5,0.0,1.0,0.2631459230992888,1,0,1,1,1,1,1,1,0.9699999999999999,1.0,1.0,1.0,0.8,skip,attack_already_active,1785296042.7273805,1785296042727380406,1384710944078646,4.7,53.109375,-1.0,0,0
2026-07-28T23:34:02.729,10.42.0.1,10.42.0.1|10.42.0.210|10.42.0.18,10,3,UPLOAD,0.9762065496665796,UPLOAD,0.9762065496665796,1,11584,100.0,6,0.0,69504.0,0,6,0.0,1.0,0.22871757862435144,1,0,1,1,1,1,1,1,0.9699999999999999,1.0,1.0,1.0,0.8,skip,attack_already_active,1785296042.7292593,1785296042729259269,1384710945957592,4.7,53.109375,-1.0,0,0
2026-07-28T23:34:02.730,10.42.0.1,10.42.0.1|10.42.0.210|10.42.0.18,10,3,UPLOAD,0.9768784171439289,UPLOAD,0.9768784171439289,1,10025,100.0,7,0.0,79529.0,0,7,0.0,1.0,0.19877103036101687,1,0,1,1,1,1,1,1,0.9699999999999999,1.0,1.0,1.0,0.8,skip,attack_already_active,1785296042.7307208,1785296042730720727,1384710947419340,4.7,53.109375,-1.0,0,0
2026-07-28T23:34:04.929,10.42.0.47,10.42.0.1|10.42.0.210|10.42.0.47|10.42.0.18,10,3,UPLOAD,0.95,UPLOAD,0.95,1,7240,100.0,1,0.0,7240.0,0,1,0.0,1.0,0.5986170490486614,1,0,0,1,1,1,1,1,0.9699999999999999,1.0,1.0,1.0,0.8,trigger,training_upload_trigger_confirmed,1785296044.9292748,1785296044929274803,1384713145973626,6.7,53.1171875,8.538021,1785296044937814359,1384713154511647
2026-07-28T23:34:04.930,10.42.0.47,10.42.0.1|10.42.0.210|10.42.0.47|10.42.0.18,10,3,UPLOAD,0.9514164921382202,UPLOAD,0.9514164921382202,1,7240,100.0,2,0.0,14480.0,0,2,0.0,1.0,0.5198839326931797,1,0,1,1,1,1,1,1,0.9699999999999999,1.0,1.0,1.0,0.8,skip,attack_already_active,1785296044.930408,1785296044930407840,1384713147107528,6.7,53.1171875,-1.0,0,0
2026-07-28T23:34:04.932,10.42.0.47,10.42.0.1|10.42.0.210|10.42.0.47|10.42.0.18,10,3,UPLOAD,0.95,UPLOAD,0.95,1,11584,100.0,3,0.0,26064.0,0,3,0.0,1.0,0.45163679746647933,1,0,1,1,1,1,1,1,0.9699999999999999,1.0,1.0,1.0,0.8,skip,attack_already_active,1785296044.9323833,1785296044932383326,1384713149082201,6.7,53.1171875,-1.0,0,0
2026-07-28T23:34:04.934,10.42.0.47,10.42.0.1|10.42.0.210|10.42.0.47|10.42.0.18,10,3,UPLOAD,0.95,UPLOAD,0.95,1,2896,100.0,4,0.0,28960.0,0,4,0.0,1.0,0.3924494658740834,1,0,1,1,1,1,1,1,0.9699999999999999,1.0,1.0,1.0,0.8,skip,attack_already_active,1785296044.9348638,1785296044934863823,1384713151563353,6.7,53.1171875,-1.0,0,0
2026-07-28T23:34:04.936,10.42.0.47,10.42.0.1|10.42.0.210|10.42.0.47|10.42.0.18,10,3,UPLOAD,0.95,UPLOAD,0.95,1,8688,100.0,5,0.0,37648.0,0,5,0.0,1.0,0.3408993678386395,1,0,1,1,1,1,1,1,0.9699999999999999,1.0,1.0,1.0,0.8,skip,attack_already_active,1785296044.9361138,1785296044936113824,1384713152813285,6.7,53.1171875,-1.0,0,0
2026-07-28T23:34:04.937,10.42.0.47,10.42.0.1|10.42.0.210|10.42.0.47|10.42.0.18,10,3,UPLOAD,0.95,UPLOAD,0.95,1,5792,100.0,6,0.0,43440.0,0,6,0.0,1.0,0.2962254500790676,1,0,1,1,1,1,1,1,0.9699999999999999,1.0,1.0,1.0,0.8,skip,attack_already_active,1785296044.9379952,1785296044937995354,1384713154693667,6.7,53.1171875,-1.0,0,0
2026-07-28T23:34:04.939,10.42.0.47,10.42.0.1|10.42.0.210|10.42.0.47|10.42.0.18,10,3,UPLOAD,0.95,UPLOAD,0.95,1,17376,100.0,7,0.0,60816.0,0,7,0.0,1.0,0.25739376985955514,1,0,1,1,1,1,1,1,0.9699999999999999,1.0,1.0,1.0,0.8,skip,attack_already_active,1785296044.9395378,1785296044939537729,1384713156236127,6.7,53.1171875,-1.0,0,0
2026-07-28T23:34:04.940,10.42.0.47,10.42.0.1|10.42.0.210|10.42.0.47|10.42.0.18,10,3,UPLOAD,0.95,UPLOAD,0.95,1,2896,100.0,8,0.0,63712.0,0,8,0.0,1.0,0.22360179525085538,1,0,1,1,1,1,1,1,0.9699999999999999,1.0,1.0,1.0,0.8,skip,attack_already_active,1785296044.9404936,1785296044940493610,1384713157192093,6.7,53.1171875,-1.0,0,0
2026-07-28T23:34:04.941,10.42.0.47,10.42.0.1|10.42.0.210|10.42.0.47|10.42.0.18,10,3,UPLOAD,0.95,UPLOAD,0.95,1,1448,100.0,9,0.0,65160.0,0,9,0.0,1.0,0.19425893863022553,1,0,1,1,1,1,1,1,0.9699999999999999,1.0,1.0,1.0,0.8,skip,attack_already_active,1785296044.9414206,1785296044941420644,1384713158118978,6.7,53.1171875,-1.0,0,0
2026-07-28T23:34:04.943,10.42.0.47,10.42.0.1|10.42.0.210|10.42.0.47|10.42.0.18,10,3,UPLOAD,0.95,UPLOAD,0.95,1,8688,100.0,10,0.0,73848.0,0,10,0.0,1.0,0.16889035764548577,1,0,1,1,1,1,1,1,0.9699999999999999,1.0,1.0,1.0,0.8,skip,attack_already_active,1785296044.9431643,1785296044943164332,1384713159862669,6.7,53.1171875,-1.0,0,0
2026-07-28T23:34:04.944,10.42.0.47,10.42.0.1|10.42.0.210|10.42.0.47|10.42.0.18,10,3,UPLOAD,0.95,UPLOAD,0.95,1,2896,100.0,11,0.0,76744.0,0,11,0.0,1.0,0.1467647689349027,1,0,1,1,1,1,1,1,0.9699999999999999,1.0,1.0,1.0,0.8,skip,attack_already_active,1785296044.9441497,1785296044944149700,1384713160848289,6.7,53.1171875,-1.0,0,0
2026-07-28T23:34:04.945,10.42.0.47,10.42.0.1|10.42.0.210|10.42.0.47|10.42.0.18,10,3,UPLOAD,0.95,UPLOAD,0.95,1,2784,100.0,12,0.0,79528.0,0,12,0.0,1.0,0.12761188490483652,1,0,1,1,1,1,1,1,0.9699999999999999,1.0,1.0,1.0,0.8,skip,attack_already_active,1785296044.9455686,1785296044945568620,1384713162266921,6.7,53.1171875,-1.0,0,0
2026-07-28T23:34:04.946,10.42.0.1,10.42.0.1|10.42.0.210|10.42.0.47|10.42.0.18,10,3,UPLOAD,0.9744802766289901,UPLOAD,0.9744802766289901,1,7240,100.0,1,0.0,7240.0,0,1,0.0,1.0,0.4640955543139842,1,0,1,1,1,1,1,1,0.9699999999999999,1.0,1.0,1.0,0.8,skip,attack_already_active,1785296044.9468935,1785296044946893469,1384713163591706,6.7,53.1171875,-1.0,0,0
2026-07-28T23:34:04.947,10.42.0.1,10.42.0.1|10.42.0.210|10.42.0.47|10.42.0.18,10,3,UPLOAD,0.9746033972402072,UPLOAD,0.9746033972402072,1,7240,100.0,2,0.0,14480.0,0,2,0.0,1.0,0.403065844618692,1,0,1,1,1,1,1,1,0.9699999999999999,1.0,1.0,1.0,0.8,skip,attack_already_active,1785296044.9478514,1785296044947851515,1384713164549606,6.7,53.1171875,-1.0,0,0
2026-07-28T23:34:04.967,10.42.0.1,10.42.0.1|10.42.0.210|10.42.0.47|10.42.0.18,10,3,UPLOAD,0.9746970289793365,UPLOAD,0.9746970289793365,1,1448,100.0,3,0.0,15928.0,0,3,0.0,1.0,0.35259816302878455,1,0,1,1,1,1,1,1,0.9699999999999999,1.0,1.0,1.0,0.8,skip,attack_already_active,1785296044.967932,1785296044967931989,1384713184631053,6.7,53.1171875,-1.0,0,0
2026-07-28T23:34:04.974,10.42.0.1,10.42.0.1|10.42.0.210|10.42.0.47|10.42.0.18,10,3,UPLOAD,0.9740599040430699,UPLOAD,0.9740599040430699,1,11584,100.0,4,0.0,27512.0,0,4,0.0,1.0,0.30705997223361087,1,0,1,1,1,1,1,1,0.9699999999999999,1.0,1.0,1.0,0.8,skip,attack_already_active,1785296044.9749534,1785296044974953354,1384713191652804,6.7,53.1171875,-1.0,0,0
2026-07-28T23:34:04.976,10.42.0.1,10.42.0.1|10.42.0.210|10.42.0.47|10.42.0.18,10,3,UPLOAD,0.9737978750188035,UPLOAD,0.9737978750188035,1,11584,100.0,5,0.0,39096.0,0,5,0.0,1.0,0.26675562019643206,1,0,1,1,1,1,1,1,0.9699999999999999,1.0,1.0,1.0,0.8,skip,attack_already_active,1785296044.9761548,1785296044976154988,1384713192853726,6.7,53.1171875,-1.0,0,0
2026-07-28T23:34:04.977,10.42.0.1,10.42.0.1|10.42.0.210|10.42.0.47|10.42.0.18,10,3,UPLOAD,0.9705337240686788,UPLOAD,0.9705337240686788,0,43,100.0,5,0.0,39096.0,0,5,0.0,1.0,0.5284030095191417,1,0,1,1,1,1,1,1,0.8374999999999999,0.8500000000000001,1.0,0.6000000000000001,0.8,skip,attack_already_active,1785296044.9771261,1785296044977126181,1384713193824410,6.7,53.1171875,-1.0,0,0
2026-07-28T23:34:04.980,10.42.0.1,10.42.0.1|10.42.0.210|10.42.0.47|10.42.0.18,10,3,UPLOAD,0.9701445601390659,UPLOAD,0.9701445601390659,1,7240,100.0,6,0.0,46336.0,0,6,0.0,1.0,0.4593373044386815,1,0,1,1,1,1,1,1,0.9699999999999999,1.0,1.0,1.0,0.8,skip,attack_already_active,1785296044.9804373,1785296044980437298,1384713197136436,6.7,53.1171875,-1.0,0,0
2026-07-28T23:34:04.981,10.42.0.1,10.42.0.1|10.42.0.210|10.42.0.47|10.42.0.18,10,3,UPLOAD,0.9683970740811437,UPLOAD,0.9683970740811437,1,4344,100.0,7,0.0,50680.0,0,7,0.0,1.0,0.3989408312544247,1,0,1,1,1,1,1,1,0.9699999999999999,1.0,1.0,1.0,0.8,skip,attack_already_active,1785296044.9814425,1785296044981442472,1384713198141353,6.7,53.1171875,-1.0,0,0
2026-07-28T23:34:04.982,10.42.0.1,10.42.0.1|10.42.0.210|10.42.0.47|10.42.0.18,10,3,UPLOAD,0.9680629906834567,UPLOAD,0.9680629906834567,1,11584,100.0,8,0.0,62264.0,0,8,0.0,1.0,0.3465564809594039,1,0,1,1,1,1,1,1,0.9699999999999999,1.0,1.0,1.0,0.8,skip,attack_already_active,1785296044.982853,1785296044982852881,1384713199551231,6.7,53.1171875,-1.0,0,0
2026-07-28T23:34:04.985,10.42.0.1,10.42.0.1|10.42.0.210|10.42.0.47|10.42.0.18,10,3,UPLOAD,0.9675171994398873,UPLOAD,0.9675171994398873,1,7240,100.0,9,0.0,69504.0,0,9,0.0,1.0,0.3012544444172861,1,0,1,1,1,1,1,1,0.9699999999999999,1.0,1.0,1.0,0.8,skip,attack_already_active,1785296044.9856248,1785296044985624938,1384713202323347,6.7,53.1171875,-1.0,0,0
2026-07-28T23:34:04.986,10.42.0.1,10.42.0.1|10.42.0.210|10.42.0.47|10.42.0.18,10,3,UPLOAD,0.9670913309811981,UPLOAD,0.9670913309811981,1,4344,100.0,10,0.0,73848.0,0,10,0.0,1.0,0.26173754480600464,1,0,1,1,1,1,1,1,0.9699999999999999,1.0,1.0,1.0,0.8,skip,attack_already_active,1785296044.9869964,1785296044986996509,1384713203694783,6.7,53.1171875,-1.0,0,0
2026-07-28T23:34:04.988,10.42.0.1,10.42.0.1|10.42.0.210|10.42.0.47|10.42.0.18,10,3,UPLOAD,0.9671469874138718,UPLOAD,0.9671469874138718,1,5680,100.0,11,0.0,79528.0,0,11,0.0,1.0,0.22742887475609858,1,0,1,1,1,1,1,1,0.9699999999999999,1.0,1.0,1.0,0.8,skip,attack_already_active,1785296044.988375,1785296044988375032,1384713205073633,6.7,53.1171875,-1.0,0,0
2026-07-28T23:34:05.292,10.42.0.1,10.42.0.47,11,1,DOWNLOAD,0.9643689264112864,DOWNLOAD,0.9643689264112864,-1,1448,54.92265189646225,12,1448.0,79528.0,1,11,0.017881841533293814,0.9821181584667061,0.23901008613461006,0,0,0,0,1,0,0,0,0.44,0.8500000000000001,0.0,0.6000000000000001,0.15,skip,training_upload_trigger_not_confirmed,1785296045.2924416,1785296045292441557,1384713509140686,6.7,53.1171875,-1.0,0,0
2026-07-28T23:34:05.296,10.42.0.1,10.42.0.47,11,1,DOWNLOAD,0.95,DOWNLOAD,0.95,-1,5792,10.984530385361252,13,7240.0,79528.0,2,11,0.08344089987092015,0.9165591001290798,0.20801633334570013,0,0,0,0,1,0,0,0,0.44,0.8500000000000001,0.0,0.6000000000000001,0.15,skip,training_upload_trigger_not_confirmed,1785296045.2962487,1785296045296248499,1384713512948027,6.7,53.1171875,-1.0,0,0
2026-07-28T23:34:05.297,10.42.0.1,10.42.0.47,11,1,DOWNLOAD,0.95,DOWNLOAD,0.95,-1,7240,5.492265193059926,14,14480.0,79528.0,3,11,0.15402944430261253,0.8459705556973874,0.18077012755082905,0,0,0,0,1,0,0,0,0.44,0.8500000000000001,0.0,0.6000000000000001,0.15,skip,training_upload_trigger_not_confirmed,1785296045.297501,1785296045297501236,1384713514200109,6.7,53.1171875,-1.0,0,0
2026-07-28T23:34:05.298,10.42.0.1,10.42.0.47,11,1,DOWNLOAD,0.95,DOWNLOAD,0.95,-1,7240,3.661510128790906,15,21720.0,79528.0,4,11,0.21452275600505688,0.7854772439949431,0.1571252407521361,0,0,0,0,1,0,0,0,0.4,0.8500000000000001,0.0,0.4,0.15,skip,training_upload_trigger_not_confirmed,1785296045.2988367,1785296045298836633,1384713515538425,6.7,53.1171875,-1.0,0,0
2026-07-28T23:34:05.300,10.42.0.1,10.42.0.47,11,1,DOWNLOAD,0.95,DOWNLOAD,0.95,-1,7240,2.746132596624788,16,28960.0,79528.0,5,11,0.26694196593171593,0.7330580340682841,0.13657823838636554,0,0,0,0,1,0,0,0,0.4,0.8500000000000001,0.0,0.4,0.15,skip,training_upload_trigger_not_confirmed,1785296045.3000364,1785296045300036384,1384713516734901,6.7,53.1171875,-1.0,0,0
2026-07-28T23:34:05.302,10.42.0.1,10.42.0.47,11,1,DOWNLOAD,0.95,DOWNLOAD,0.95,-1,7240,2.196906077315002,17,36200.0,79528.0,6,11,0.31280243329185675,0.6871975667081432,0.11884154150738685,0,0,0,0,1,0,0,0,0.4,0.8500000000000001,0.0,0.4,0.15,skip,training_upload_trigger_not_confirmed,1785296045.3020158,1785296045302015675,1384713518714245,6.7,53.1171875,-1.0,0,0
2026-07-28T23:34:05.303,10.42.0.1,10.42.0.47,11,1,DOWNLOAD,0.95,DOWNLOAD,0.95,-1,7240,1.8307550644375976,18,43440.0,79528.0,7,11,0.3532626374341292,0.6467373625658708,0.1033170782783549,0,0,0,0,1,0,0,0,0.32,0.8500000000000001,0.0,0.0,0.15,skip,training_upload_trigger_not_confirmed,1785296045.3030465,1785296045303046318,1384713519744555,6.7,53.1171875,-1.0,0,0
2026-07-28T23:34:05.304,10.42.0.1,10.42.0.47,11,1,DOWNLOAD,0.95,DOWNLOAD,0.95,-1,7240,1.5692186266659585,19,50680.0,79528.0,8,11,0.3892233964118948,0.6107766035881051,0.08985665933631967,0,0,0,0,1,0,0,0,0.32,0.8500000000000001,0.0,0.0,0.15,skip,training_upload_trigger_not_confirmed,1785296045.3042161,1785296045304216022,1384713520914532,6.7,53.1171875,-1.0,0,0
2026-07-28T23:34:05.305,10.42.0.1,10.42.0.47,11,1,DOWNLOAD,0.95,DOWNLOAD,0.95,-1,7240,1.3730662983361002,20,57920.0,79528.0,9,11,0.4213957278388918,0.5786042721611082,0.0781752580869399,0,0,0,0,1,0,0,0,0.32,0.8500000000000001,0.0,0.0,0.15,skip,training_upload_trigger_not_confirmed,1785296045.305426,1785296045305425804,1384713522124460,6.7,53.1171875,-1.0,0,0
2026-07-28T23:34:05.306,10.42.0.1,10.42.0.47,11,1,DOWNLOAD,0.95,DOWNLOAD,0.95,-1,4344,1.2772709751979108,21,62264.0,79528.0,10,11,0.4391220943353645,0.5608779056646355,0.06802832898972373,0,0,0,0,1,0,0,0,0.32,0.8500000000000001,0.0,0.0,0.15,skip,training_upload_trigger_not_confirmed,1785296045.306599,1785296045306598962,1384713523297990,41.7,53.12109375,-1.0,0,0
2026-07-28T23:34:05.307,10.42.0.1,10.42.0.47,11,1,DOWNLOAD,0.95,DOWNLOAD,0.95,-1,10136,1.0984530386726734,22,72400.0,79528.0,11,11,0.4765415196672108,0.5234584803327892,0.059212976607355056,0,0,0,0,1,0,0,0,0.30250000000000005,0.8000000000000002,0.0,0.0,0.15,skip,training_upload_trigger_not_confirmed,1785296045.30773,1785296045307729971,1384713524428679,41.7,53.12109375,-1.0,0,0
2026-07-28T23:34:05.308,10.42.0.1,10.42.0.47,11,1,DOWNLOAD,0.95,DOWNLOAD,0.95,-1,14480,0.9153775322293349,23,86880.0,79528.0,12,11,0.5220902841209557,0.4779097158790443,0.05156121048620815,0,0,0,0,1,0,0,0,0.30250000000000005,0.8000000000000002,0.0,0.0,0.15,skip,training_upload_trigger_not_confirmed,1785296045.3088758,1785296045308875828,1384713525574593,41.7,53.12109375,-1.0,0,0
2026-07-28T23:34:05.310,10.42.0.1,10.42.0.47,11,1,DOWNLOAD,0.95,DOWNLOAD,0.95,-1,14480,0.7846093133407201,24,101360.0,79528.0,13,11,0.5603467338905842,0.4396532661094158,0.0449190713151898,0,0,0,0,1,0,0,0,0.28500000000000003,0.7500000000000001,0.0,0.0,0.15,skip,training_upload_trigger_not_confirmed,1785296045.3100317,1785296045310031727,1384713526730506,41.7,53.12109375,-1.0,0,0
2026-07-28T23:34:05.311,10.42.0.1,10.42.0.47,11,1,DOWNLOAD,0.95,DOWNLOAD,0.95,-1,14480,0.6865331491739768,25,115840.0,79528.0,14,11,0.5929323123541215,0.40706768764587853,0.03915659495247099,0,0,0,0,1,0,0,0,0.28500000000000003,0.7500000000000001,0.0,0.0,0.15,skip,training_upload_trigger_not_confirmed,1785296045.311221,1785296045311220981,1384713527919739,41.7,53.12109375,-1.0,0,0
2026-07-28T23:34:05.312,10.42.0.1,10.42.0.47,11,1,DOWNLOAD,0.95,DOWNLOAD,0.95,-1,14480,0.6102516881552313,26,130320.0,79528.0,15,11,0.6210209294346384,0.3789790705653616,0.03416383362028178,0,0,0,0,1,0,0,0,0.28500000000000003,0.7500000000000001,0.0,0.0,0.15,skip,training_upload_trigger_not_confirmed,1785296045.3124888,1785296045312488616,1384713529187715,41.7,53.12109375,-1.0,0,0
2026-07-28T23:34:05.314,10.42.0.1,10.42.0.47,11,1,DOWNLOAD,0.95,DOWNLOAD,0.95,-1,21720,0.5230728755622002,27,152040.0,79528.0,16,11,0.6565674013680647,0.3434325986319353,0.02988733302377511,0,0,0,0,1,0,0,0,0.28500000000000003,0.7500000000000001,0.0,0.0,0.15,skip,training_upload_trigger_not_confirmed,1785296045.3141994,1785296045314199660,1384713530898418,41.7,53.12109375,-1.0,0,0
2026-07-28T23:34:05.315,10.42.0.1,10.42.0.47,11,1,DOWNLOAD,0.95,DOWNLOAD,0.95,-1,18824,0.4654462028311086,28,170864.0,79528.0,17,11,0.6823860187226429,0.3176139812773571,0.02611303909753976,0,0,0,0,1,0,0,0,0.28500000000000003,0.7500000000000001,0.0,0.0,0.15,skip,training_upload_trigger_not_confirmed,1785296045.3154447,1785296045315444761,1384713532143545,41.7,53.12109375,-1.0,0,0
2026-07-28T23:34:05.316,10.42.0.1,10.42.0.47,11,1,DOWNLOAD,0.95,DOWNLOAD,0.95,-1,18824,0.4192568849931505,29,189688.0,79528.0,18,11,0.7045940805895637,0.29540591941043626,0.022838048632342088,0,0,0,0,1,0,0,0,0.28500000000000003,0.7500000000000001,0.0,0.0,0.15,skip,training_upload_trigger_not_confirmed,1785296045.3167048,1785296045316704753,1384713533404026,41.7,53.12109375,-1.0,0,0
2026-07-28T23:34:05.317,10.42.0.1,10.42.0.47,11,1,DOWNLOAD,0.95,DOWNLOAD,0.95,-1,16920,0.3849221714580997,30,206608.0,79528.0,19,11,0.7220622361394582,0.27793776386054186,0.01998912023669844,0,0,0,0,1,0,0,0,0.28500000000000003,0.7500000000000001,0.0,0.0,0.15,skip,training_upload_trigger_not_confirmed,1785296045.317923,1785296045317923041,1384713534622072,41.7,53.12109375,-1.0,0,0
2026-07-28T23:34:05.320,10.42.0.1,10.42.0.47,11,1,DOWNLOAD,0.95,DOWNLOAD,0.95,-1,10136,0.36692134499978346,31,216744.0,79528.0,20,11,0.7315709888210833,0.26842901117891665,0.01764102645359249,0,0,0,0,1,0,0,0,0.28500000000000003,0.7500000000000001,0.0,0.0,0.15,skip,training_upload_trigger_not_confirmed,1785296045.3200932,1785296045320093277,1384713536792201,41.7,53.12109375,-1.0,0,0
2026-07-28T23:34:05.321,10.42.0.1,10.42.0.47,11,1,DOWNLOAD,0.95,DOWNLOAD,0.95,-1,6784,0.3557854049633344,32,223528.0,79528.0,21,11,0.7375798532284462,0.2624201467715538,0.015480074642991854,0,0,0,0,1,0,0,0,0.28500000000000003,0.7500000000000001,0.0,0.0,0.15,skip,training_upload_trigger_not_confirmed,1785296045.3213353,1785296045321335292,1384713538034257,41.7,53.12109375,-1.0,0,0
2026-07-28T23:34:05.323,10.42.0.47,10.42.0.47,11,1,DOWNLOAD,0.95,DOWNLOAD,0.95,-1,7240,10.984530385361252,13,7240.0,79528.0,1,12,0.08344089987092015,0.9165591001290798,0.1554490919108698,0,0,0,0,0,0,0,0,0.057499999999999996,0.1,0.0,0.0,0.15,skip,training_upload_trigger_not_confirmed,1785296045.3230796,1785296045323079584,1384713539778834,41.7,53.12109375,-1.0,0,0
2026-07-28T23:34:05.324,10.42.0.47,10.42.0.47,11,1,DOWNLOAD,0.9829981496648164,DOWNLOAD,0.9829981496648164,-1,7240,5.492265193059926,14,14480.0,79528.0,2,12,0.15402944430261253,0.8459705556973874,0.1351490710954841,0,0,0,0,0,0,0,0,0.057499999999999996,0.1,0.0,0.0,0.15,skip,training_upload_trigger_not_confirmed,1785296045.3244774,1785296045324477480,1384713541176459,41.7,53.12109375,-1.0,0,0
2026-07-28T23:34:05.325,10.42.0.1,10.42.0.47,11,1,DOWNLOAD,0.95,DOWNLOAD,0.95,-1,21720,0.32427583507582414,33,245248.0,79528.0,22,11,0.7551296893859152,0.2448703106140848,0.014032164218618885,0,0,0,0,1,0,0,0,0.28500000000000003,0.7500000000000001,0.0,0.0,0.15,skip,training_upload_trigger_not_confirmed,1785296045.3258276,1785296045325827508,1384713542526231,41.7,53.12109375,-1.0,0,0
2026-07-28T23:34:05.327,10.42.0.1,10.42.0.47,11,1,DOWNLOAD,0.95,DOWNLOAD,0.95,-1,14024,0.30673578327275314,34,259272.0,79528.0,23,11,0.7652656434474616,0.23473435655253838,0.012416766460986968,0,0,0,0,1,0,0,0,0.28500000000000003,0.7500000000000001,0.0,0.0,0.15,skip,training_upload_trigger_not_confirmed,1785296045.327601,1785296045327600943,1384713544299944,41.7,53.12109375,-1.0,0,0
2026-07-28T23:34:05.328,10.42.0.1,10.42.0.47,11,1,DOWNLOAD,0.95,DOWNLOAD,0.95,-1,21720,0.2830258512723386,35,280992.0,79528.0,24,11,0.7794075224675469,0.22059247753245312,0.010943516133643087,0,0,0,0,1,0,0,0,0.28500000000000003,0.7500000000000001,0.0,0.0,0.15,skip,training_upload_trigger_not_confirmed,1785296045.3288376,1785296045328837538,1384713545536123,41.7,53.12109375,-1.0,0,0
2026-07-28T23:34:05.330,10.42.0.145,10.42.0.47,8,3,UPLOAD,0.9841010226033655,UPLOAD,0.9841010226033655,0,43,1.0,0,0.0,0.0,0,0,0.0,0.0,1.1286455004735685,0,0,1,0,0,0,0,0,0.4375,0.05,1.0,0.0,0.8,skip,attack_already_active,1785296045.3305707,1785296045330570803,1384713547269409,41.7,53.12109375,-1.0,0,0
2026-07-28T23:34:05.331,10.42.0.145,10.42.0.47,8,1,DOWNLOAD,0.95,DOWNLOAD,0.95,-1,14600,6.84931506802402e-11,1,14600.0,0.0,1,0,1.0,0.0,1.5212470741442465,0,0,0,0,0,0,0,0,0.0225,0.0,0.0,0.0,0.15,skip,already_attacked_this_round,1785296045.3317986,1785296045331798618,1384713548497625,41.7,53.12109375,-1.0,0,0
2026-07-28T23:34:05.333,10.42.0.145,10.42.0.47,8,1,DOWNLOAD,0.95,DOWNLOAD,0.95,-1,14600,3.424657534129292e-11,2,29200.0,0.0,2,0,1.0,0.0,1.3209757504862414,0,0,0,0,0,0,0,0,0.0225,0.0,0.0,0.0,0.15,skip,already_attacked_this_round,1785296045.333242,1785296045333241827,1384713549941782,41.7,53.12109375,-1.0,0,0
2026-07-28T23:34:05.335,10.42.0.47,10.42.0.47,11,1,DOWNLOAD,0.9842257140988042,DOWNLOAD,0.9842257140988042,0,43,5.492265193059926,14,14480.0,79528.0,2,12,0.15402944430261253,0.8459705556973874,0.16289384001033771,0,0,0,0,0,0,0,0,0.057499999999999996,0.1,0.0,0.0,0.15,skip,training_upload_trigger_not_confirmed,1785296045.3354251,1785296045335425017,1384713552124385,41.7,53.12109375,-1.0,0,0
2026-07-28T23:34:05.336,10.42.0.47,10.42.0.47,11,1,DOWNLOAD,0.9842586901286671,DOWNLOAD,0.9842586901286671,-1,10136,3.2307442313035932,15,24616.0,79528.0,3,12,0.23636503303118758,0.7636349669688124,0.1430590009823679,0,0,0,0,0,0,0,0,0.057499999999999996,0.1,0.0,0.0,0.15,skip,training_upload_trigger_not_confirmed,1785296045.3368502,1785296045336850107,1384713553549250,41.7,53.12109375,-1.0,0,0
2026-07-28T23:34:05.338,10.42.0.47,10.42.0.47,11,1,DOWNLOAD,0.9842595481342594,DOWNLOAD,0.9842595481342594,-1,4344,2.746132596624788,16,28960.0,79528.0,4,12,0.26694196593171593,0.7330580340682841,0.12443217495111086,0,0,0,0,0,0,0,0,0.057499999999999996,0.1,0.0,0.0,0.15,skip,training_upload_trigger_not_confirmed,1785296045.3385553,1785296045338555275,1384713555255587,41.7,53.12109375,-1.0,0,0
2026-07-28T23:34:05.343,10.42.0.47,10.42.0.47,11,1,DOWNLOAD,0.9842595696464124,DOWNLOAD,0.9842595696464124,-1,14480,1.8307550644375976,17,43440.0,79528.0,5,12,0.3532626374341292,0.6467373625658708,0.10869084262056844,0,0,0,0,0,0,0,0,0.057499999999999996,0.1,0.0,0.0,0.15,skip,training_upload_trigger_not_confirmed,1785296045.343531,1785296045343530902,1384713560229626,41.7,53.12109375,-1.0,0,0
2026-07-28T23:34:05.345,10.42.0.210,10.42.0.47,11,1,DOWNLOAD,0.9836969382298402,DOWNLOAD,0.9836969382298402,-1,10136,9.865824781978509e-11,1,10136.0,0.0,1,0,1.0,0.0,0.3471649882809809,0,0,0,0,0,0,0,0,0.0225,0.0,0.0,0.0,0.15,skip,training_upload_trigger_not_confirmed,1785296045.3453422,1785296045345342280,1384713562041258,41.7,53.12109375,-1.0,0,0
2026-07-28T23:34:05.346,10.42.0.210,10.42.0.47,11,1,DOWNLOAD,0.95,DOWNLOAD,0.95,-1,4344,6.90607734758936e-11,2,14480.0,0.0,2,0,1.0,0.0,0.30158339067151063,0,0,0,0,0,0,0,0,0.0225,0.0,0.0,0.0,0.15,skip,training_upload_trigger_not_confirmed,1785296045.346601,1785296045346601018,1384713563299638,41.7,53.12109375,-1.0,0,0
2026-07-28T23:34:05.347,10.42.0.210,10.42.0.47,11,1,DOWNLOAD,0.9557926560077417,DOWNLOAD,0.9557926560077417,0,43,6.90607734758936e-11,2,14480.0,0.0,2,0,1.0,0.0,0.6064784748125014,0,0,0,0,0,0,0,0,0.0225,0.0,0.0,0.0,0.15,skip,training_upload_trigger_not_confirmed,1785296045.347925,1785296045347925113,1384713564625664,41.7,53.12109375,-1.0,0,0
2026-07-28T23:34:05.350,10.42.0.210,10.42.0.47,11,1,DOWNLOAD,0.9846998846180315,DOWNLOAD,0.9846998846180315,-1,14480,3.453038673913914e-11,3,28960.0,0.0,3,0,1.0,0.0,0.527086747207215,0,0,0,0,0,0,0,0,0.0225,0.0,0.0,0.0,0.15,skip,training_upload_trigger_not_confirmed,1785296045.3505976,1785296045350597633,1384713567296425,41.7,53.12109375,-1.0,0,0
2026-07-28T23:34:05.353,10.42.0.18,10.42.0.47,10,3,UPLOAD,0.9841010226033655,UPLOAD,0.9841010226033655,0,43,1.0,0,0.0,0.0,0,0,0.0,0.0,0.9012921632558878,0,0,1,0,0,0,0,0,0.4375,0.05,1.0,0.0,0.8,skip,attack_already_active,1785296045.353594,1785296045353594135,1384713570292492,41.7,53.12109375,-1.0,0,0
2026-07-28T23:34:05.355,10.42.0.18,10.42.0.47,10,1,DOWNLOAD,0.95,DOWNLOAD,0.95,-1,10220,9.784735811175661e-11,1,10220.0,0.0,1,0,1.0,0.0,1.3135667045072155,0,0,0,0,0,0,0,0,0.0225,0.0,0.0,0.0,0.15,skip,already_attacked_this_round,1785296045.3550491,1785296045355049276,1384713571747753,41.7,53.12109375,-1.0,0,0
2026-07-28T23:34:05.356,10.42.0.18,10.42.0.47,10,1,DOWNLOAD,0.95,DOWNLOAD,0.95,-1,14600,4.029008863657171e-11,2,24820.0,0.0,2,0,1.0,0.0,1.140615256432458,0,0,0,0,0,0,0,0,0.0225,0.0,0.0,0.0,0.15,skip,already_attacked_this_round,1785296045.3561351,1785296045356135119,1384713572833496,41.7,53.12109375,-1.0,0,0
2026-07-28T23:34:05.359,10.42.0.59,10.42.0.47,4,2,TRAINING,0.9293977297375461,TRAINING,0.9293977297375461,0,43,1.0,0,0.0,0.0,0,0,0.0,0.0,1.7852406154033162,0,0,0,0,0,0,0,0,0.039999999999999994,0.05,0.0,0.0,0.15,skip,already_attacked_this_round,1785296045.3591228,1785296045359122568,1384713575821297,41.7,53.12109375,-1.0,0,0
2026-07-28T23:34:05.360,10.42.0.59,10.42.0.47,4,2,TRAINING,0.95,TRAINING,0.95,-1,14600,6.84931506802402e-11,1,14600.0,0.0,1,0,1.0,0.0,2.094838851551946,0,0,0,0,0,0,0,0,0.0225,0.0,0.0,0.0,0.15,skip,already_attacked_this_round,1785296045.360168,1785296045360167911,1384713576866314,41.7,53.12109375,-1.0,0,0
2026-07-28T23:34:05.361,10.42.0.59,10.42.0.47,4,2,TRAINING,0.95,TRAINING,0.95,-1,14600,3.424657534129292e-11,2,29200.0,0.0,2,0,1.0,0.0,1.8189306859351944,0,0,0,0,0,0,0,0,0.0225,0.0,0.0,0.0,0.15,skip,already_attacked_this_round,1785296045.361216,1785296045361215949,1384713577914268,41.7,53.12109375,-1.0,0,0
2026-07-28T23:34:05.362,10.42.0.18,10.42.0.47,10,1,DOWNLOAD,0.95,DOWNLOAD,0.95,-1,4380,3.424657534129292e-11,3,29200.0,0.0,3,0,1.0,0.0,0.9911220150380122,0,0,0,0,0,0,0,0,0.0225,0.0,0.0,0.0,0.15,skip,already_attacked_this_round,1785296045.3622875,1785296045362287716,1384713578986553,41.7,53.12109375,-1.0,0,0
2026-07-28T23:34:05.364,10.42.0.18,10.42.0.47,10,1,DOWNLOAD,0.95,DOWNLOAD,0.95,-1,14600,2.2831050227789245e-11,4,43800.0,0.0,4,0,1.0,0.0,0.8607470055408281,0,0,0,0,0,0,0,0,0.0225,0.0,0.0,0.0,0.15,skip,already_attacked_this_round,1785296045.3640296,1785296045364029725,1384713580728722,41.7,53.12109375,-1.0,0,0
2026-07-28T23:34:05.366,10.42.0.59,10.42.0.47,4,2,TRAINING,0.95,TRAINING,0.95,-1,21900,1.9569471623883178e-11,3,51100.0,0.0,3,0,1.0,0.0,1.5799170342049542,0,0,0,0,0,0,0,0,0.0225,0.0,0.0,0.0,0.15,skip,already_attacked_this_round,1785296045.3663383,1785296045366338350,1384713583037092,41.7,53.12109375,-1.0,0,0
2026-07-28T23:34:05.367,10.42.0.59,10.42.0.47,4,2,TRAINING,0.95,TRAINING,0.95,-1,13484,1.5483711135645304e-11,4,64584.0,0.0,4,0,1.0,0.0,1.3718710573477213,0,0,0,0,0,0,0,0,0.0225,0.0,0.0,0.0,0.15,skip,already_attacked_this_round,1785296045.367452,1785296045367451887,1384713584150388,41.7,53.12109375,-1.0,0,0
2026-07-28T23:34:05.369,10.42.0.145,10.42.0.47,8,1,DOWNLOAD,0.95,DOWNLOAD,0.95,-1,29200,1.7123287670939668e-11,3,58400.0,0.0,3,0,1.0,0.0,1.1516197255663116,0,0,0,0,0,0,0,0,0.0225,0.0,0.0,0.0,0.15,skip,already_attacked_this_round,1785296045.3690217,1785296045369021617,1384713585720168,41.7,53.12109375,-1.0,0,0
2026-07-28T23:34:05.371,10.42.0.18,10.42.0.47,10,1,DOWNLOAD,0.9524749112271441,DOWNLOAD,0.9524749112271441,-1,1804,2.1927901060829578e-11,5,45604.0,0.0,5,0,1.0,0.0,0.7482558452513799,0,0,0,0,0,0,0,0,0.0225,0.0,0.0,0.0,0.15,skip,already_attacked_this_round,1785296045.3711123,1785296045371112370,1384713587810847,41.7,53.12109375,-1.0,0,0
2026-07-28T23:34:05.669,10.42.0.145,10.42.0.47,8,3,UPLOAD,0.95,UPLOAD,0.95,1,64240,1.0999999999982877,4,58400.0,64240.0,3,1,0.47619047619047616,0.5238095238095238,1.0445434432224612,0,0,0,1,1,1,1,1,0.85,1.0,1.0,0.4,0.8,skip,already_attacked_this_round,1785296045.6696181,1785296045669618214,1384713886317240,41.7,53.12109375,-1.0,0,0
2026-07-28T23:34:05.671,10.42.0.145,10.42.0.47,8,3,UPLOAD,0.9841010226033655,UPLOAD,0.9841010226033655,1,1460,1.1249999999978595,5,58400.0,65700.0,3,2,0.47058823529411764,0.5294117647058824,0.90712530322849,0,0,0,1,1,1,1,1,0.85,1.0,1.0,0.4,0.8,skip,already_attacked_this_round,1785296045.6713333,1785296045671333316,1384713888032772,41.7,53.12109375,-1.0,0,0
2026-07-28T23:34:05.672,10.42.0.145,10.42.0.47,8,3,UPLOAD,0.9854688349332961,UPLOAD,0.9854688349332961,1,9449,1.2867979452005684,6,58400.0,75149.0,3,3,0.4372926790915694,0.5627073209084306,0.7877655375083359,0,0,0,1,1,1,1,1,0.85,1.0,1.0,0.4,0.8,skip,already_attacked_this_round,1785296045.6726704,1785296045672670552,1384713889369321,41.7,53.12109375,-1.0,0,0
2026-07-28T23:34:05.674,10.42.0.1,10.42.0.1,11,3,UPLOAD,0.95,UPLOAD,0.95,1,7240,0.3087917093749687,36,280992.0,86768.0,24,12,0.7640635196867522,0.23593648031324777,0.051227657202081237,1,0,0,0,1,0,0,0,0.85,1.0,1.0,0.4,0.8,trigger,training_upload_trigger_confirmed,1785296045.674286,1785296045674285764,1384713890984379,41.7,53.12109375,29.084586,1785296045703371612,1384713920068965
2026-07-28T23:34:05.675,10.42.0.1,10.42.0.1,11,3,UPLOAD,0.95,UPLOAD,0.95,1,7240,0.3345575674775988,37,280992.0,94008.0,24,13,0.749312,0.250688,0.04463540974191539,1,0,1,0,1,0,0,0,0.85,1.0,1.0,0.4,0.8,skip,attack_already_active,1785296045.6754868,1785296045675486801,1384713892186209,41.7,53.12109375,-1.0,0,0
2026-07-28T23:34:05.677,10.42.0.59,10.42.0.1,4,3,UPLOAD,0.95,UPLOAD,0.95,1,64240,0.994673603369338,5,64584.0,64240.0,4,1,0.5013351549400733,0.4986648450599267,1.2330711287180918,0,0,0,1,1,1,1,1,0.85,1.0,1.0,0.4,0.8,skip,already_attacked_this_round,1785296045.6776795,1785296045677679589,1384713894379526,41.7,53.12109375,-1.0,0,0
2026-07-28T23:34:05.679,10.42.0.1,10.42.0.1,11,3,UPLOAD,0.95,UPLOAD,0.95,1,14480,0.38608928368285894,38,280992.0,108488.0,24,14,0.7214542466878916,0.27854575331210846,0.0392742842567844,1,0,1,1,1,1,1,1,0.9699999999999999,1.0,1.0,1.0,0.8,skip,attack_already_active,1785296045.679438,1785296045679438108,1384713896137089,41.7,53.12109375,-1.0,0,0
2026-07-28T23:34:05.680,10.42.0.1,10.42.0.1,11,3,UPLOAD,0.95,UPLOAD,0.95,1,14480,0.43762099988811914,39,280992.0,122968.0,24,15,0.695593623131003,0.3044063768689969,0.03424886053407815,1,0,1,1,1,1,1,1,0.9699999999999999,1.0,1.0,1.0,0.8,skip,attack_already_active,1785296045.6805758,1785296045680575786,1384713897274452,41.7,53.12109375,-1.0,0,0
2026-07-28T23:34:05.681,10.42.0.59,10.42.0.1,4,3,UPLOAD,0.9841010226033655,UPLOAD,0.9841010226033655,1,6528,1.0957512696628304,6,64584.0,70768.0,4,2,0.47715586027543,0.52284413972457,1.0711144141820583,0,0,0,1,1,1,1,1,0.85,1.0,1.0,0.4,0.8,skip,already_attacked_this_round,1785296045.681706,1785296045681705983,1384713898404439,41.7,53.12109375,-1.0,0,0
2026-07-28T23:34:05.683,10.42.0.1,10.42.0.1,11,3,UPLOAD,0.95,UPLOAD,0.95,1,7240,0.4633868579907492,40,280992.0,130208.0,24,16,0.6833463035019455,0.31665369649805447,0.030099235392850133,1,0,1,1,1,1,1,1,0.9699999999999999,1.0,1.0,1.0,0.8,skip,attack_already_active,1785296045.6833344,1785296045683334443,1384713900033127,41.7,53.12109375,-1.0,0,0
2026-07-28T23:34:05.684,10.42.0.1,10.42.0.1,11,3,UPLOAD,0.95,UPLOAD,0.95,1,7240,0.48915271609337935,41,280992.0,137448.0,24,17,0.6715227989675939,0.3284772010324061,0.02627417763536448,1,0,1,1,1,1,1,1,0.9699999999999999,1.0,1.0,1.0,0.8,skip,attack_already_active,1785296045.6844063,1785296045684406262,1384713901104766,41.7,53.12109375,-1.0,0,0
2026-07-28T23:34:05.685,10.42.0.1,10.42.0.1,11,3,UPLOAD,0.8989333353347737,UPLOAD,0.8989333353347737,0,43,0.48915271609337935,41,280992.0,137448.0,24,17,0.6715227989675939,0.3284772010324061,0.06245851156802731,1,0,1,1,1,1,1,1,0.8025,0.7500000000000001,1.0,0.6000000000000001,0.8,skip,attack_already_active,1785296045.6854503,1785296045685450268,1384713902148818,41.7,53.12109375,-1.0,0,0
2026-07-28T23:34:05.689,10.42.0.1,10.42.0.1,11,3,UPLOAD,0.95,UPLOAD,0.95,1,14480,0.5406844322986395,42,280992.0,151928.0,24,18,0.649062182389356,0.350937817610644,0.05483942715954053,1,0,1,1,1,1,1,1,0.9699999999999999,1.0,1.0,1.0,0.8,skip,attack_already_active,1785296045.6890457,1785296045689045797,1384713905744512,41.7,53.12109375,-1.0,0,0
2026-07-28T23:34:05.690,10.42.0.1,10.42.0.1,11,3,UPLOAD,0.95,UPLOAD,0.95,1,14480,0.5922161485038997,43,280992.0,166408.0,24,19,0.6280554313813143,0.37194456861868574,0.04783322732306447,1,0,1,1,1,1,1,1,0.9699999999999999,1.0,1.0,1.0,0.8,skip,attack_already_active,1785296045.690717,1785296045690716801,1384713907415296,41.7,53.12109375,-1.0,0,0
2026-07-28T23:34:05.692,10.42.0.1,10.42.0.1,11,3,UPLOAD,0.95,UPLOAD,0.95,1,7129,0.6175869775665586,44,280992.0,173537.0,24,20,0.6182047790130003,0.38179522098699975,0.04174589871831584,1,0,1,1,1,1,1,1,0.9699999999999999,1.0,1.0,1.0,0.8,skip,attack_already_active,1785296045.6923552,1785296045692355072,1384713909053504,41.7,53.12109375,-1.0,0,0
2026-07-28T23:34:05.693,10.42.0.1,10.42.0.1,11,3,UPLOAD,0.828921905349002,UPLOAD,0.828921905349002,0,43,0.6175869775665586,44,280992.0,173537.0,24,20,0.6182047790130003,0.38179522098699975,0.037370040777037344,1,0,1,1,1,1,1,1,0.8025,0.7500000000000001,1.0,0.6000000000000001,0.8,skip,attack_already_active,1785296045.693989,1785296045693989188,1384713910687438,41.7,53.12109375,-1.0,0,0
2026-07-28T23:34:05.694,10.42.0.1,10.42.0.1,11,3,UPLOAD,0.95,UPLOAD,0.95,1,10136,0.6536591789102406,45,280992.0,183673.0,24,21,0.6047195291231318,0.3952804708768683,0.03275291789270245,1,0,1,1,1,1,1,1,0.9699999999999999,1.0,1.0,1.0,0.8,skip,attack_already_active,1785296045.6946871,1785296045694687317,1384713911385392,41.7,53.12109375,-1.0,0,0
2026-07-28T23:34:05.695,10.42.0.1,10.42.0.1,11,3,UPLOAD,0.95,UPLOAD,0.95,1,4344,0.6691186937718188,46,280992.0,188017.0,24,22,0.5991185670211019,0.40088143297889806,0.02852422871754316,1,0,1,1,1,1,1,1,0.9699999999999999,1.0,1.0,1.0,0.8,skip,attack_already_active,1785296045.6953497,1785296045695349875,1384713912047980,41.7,53.12109375,-1.0,0,0
2026-07-28T23:34:05.697,10.42.0.1,10.42.0.1,11,3,UPLOAD,0.95,UPLOAD,0.95,1,14480,0.7206504099770789,47,280992.0,202497.0,24,23,0.5811755800028543,0.41882441999714576,0.02501243645365129,1,0,1,1,1,1,1,1,0.9699999999999999,1.0,1.0,1.0,0.8,skip,attack_already_active,1785296045.697224,1785296045697224016,1384713913922206,41.7,53.12109375,-1.0,0,0
2026-07-28T23:34:05.699,10.42.0.1,10.42.0.1,11,3,UPLOAD,0.95,UPLOAD,0.95,1,14480,0.7721821261823391,48,280992.0,216977.0,24,24,0.5642760894754493,0.43572391052455073,0.022031427597512174,1,0,1,1,1,1,1,1,0.9699999999999999,1.0,1.0,1.0,0.8,skip,attack_already_active,1785296045.6996143,1785296045699614126,1384713916312581,41.7,53.12109375,-1.0,0,0
2026-07-28T23:34:05.700,10.42.0.1,10.42.0.1,11,3,UPLOAD,0.95,UPLOAD,0.95,1,11584,0.8134074991465472,49,280992.0,228561.0,24,25,0.5514480338649758,0.44855196613502424,0.01929400656219342,1,0,1,1,1,1,1,1,0.9699999999999999,1.0,1.0,1.0,0.8,skip,attack_already_active,1785296045.7008722,1785296045700872093,1384713917570272,41.7,53.12109375,-1.0,0,0
2026-07-28T23:34:05.701,10.42.0.1,10.42.0.1,11,3,UPLOAD,0.95,UPLOAD,0.95,1,8688,0.8443265288697033,50,280992.0,237249.0,24,26,0.5422033378293111,0.45779666217068893,0.016876559256003308,1,0,1,1,1,1,1,1,0.9699999999999999,1.0,1.0,1.0,0.8,skip,attack_already_active,1785296045.7018209,1785296045701820873,1384713918519264,41.7,53.12109375,-1.0,0,0
2026-07-28T23:34:05.702,10.42.0.1,10.42.0.1,11,3,UPLOAD,0.95,UPLOAD,0.95,1,1336,0.8490811126300781,51,280992.0,238585.0,24,27,0.5408091582190898,0.45919084178091024,0.014777198522184207,1,0,1,1,1,1,1,1,0.9699999999999999,1.0,1.0,1.0,0.8,skip,attack_already_active,1785296045.702766,1785296045702765844,1384713919464038,41.7,53.12109375,-1.0,0,0
2026-07-28T23:34:05.782,10.42.0.18,10.42.0.1,10,3,UPLOAD,0.95,UPLOAD,0.95,1,17520,0.3841768266076621,6,45604.0,17520.0,5,1,0.7224510487294848,0.27754895127051515,0.7061924090976627,0,0,0,1,1,1,1,1,0.9699999999999999,1.0,1.0,1.0,0.8,skip,already_attacked_this_round,1785296045.7826421,1785296045782642223,1384713999341099,41.7,53.12109375,-1.0,0,0
2026-07-28T23:34:05.784,10.42.0.18,10.42.0.1,10,3,UPLOAD,0.9841010226033655,UPLOAD,0.9841010226033655,1,62008,1.7438821155875825,7,45604.0,79528.0,5,2,0.3644471438161302,0.6355528561838698,0.6134269019507149,0,0,0,1,1,1,1,1,0.9699999999999999,1.0,1.0,1.0,0.8,skip,already_attacked_this_round,1785296045.7848628,1785296045784862786,1384714001561826,41.7,53.12109375,-1.0,0,0
2026-07-28T23:34:05.787,10.42.0.1,10.42.0.1,11,3,UPLOAD,0.6480055723204182,UPLOAD,0.6480055723204182,0,43,0.8490811126300781,51,280992.0,238585.0,24,27,0.5408091582190898,0.45919084178091024,0.025113956423970792,1,0,1,1,1,1,1,1,0.8200000000000001,0.8000000000000002,1.0,0.6000000000000001,0.8,skip,attack_already_active,1785296045.787209,1785296045787208866,1384714003907672,41.7,53.12109375,-1.0,0,0
2026-07-28T23:34:05.788,10.42.0.1,10.42.0.1,11,3,UPLOAD,0.95,UPLOAD,0.95,1,10136,0.8851533139737603,52,280992.0,248721.0,24,28,0.5304608344518635,0.46953916554813646,0.027733810956450586,1,0,1,1,1,1,1,1,0.9699999999999999,1.0,1.0,1.0,0.8,skip,attack_already_active,1785296045.7883487,1785296045788348619,1384714005047040,41.7,53.12109375,-1.0,0,0
2026-07-28T23:34:05.789,10.42.0.1,10.42.0.1,11,3,UPLOAD,0.95,UPLOAD,0.95,1,4344,0.9006128288353383,53,280992.0,253065.0,24,29,0.5261460855301963,0.4738539144698038,0.024222246543980423,1,0,1,1,1,1,1,1,0.9699999999999999,1.0,1.0,1.0,0.8,skip,attack_already_active,1785296045.7894342,1785296045789434199,1384714006133499,74.0,53.12890625,-1.0,0,0
2026-07-28T23:34:05.792,10.42.0.1,10.42.0.1,11,3,UPLOAD,0.95,UPLOAD,0.95,1,14480,0.9521445450405985,54,280992.0,267545.0,24,30,0.5122571494721414,0.48774285052785865,0.021449387825040855,1,0,1,1,1,1,1,1,0.9699999999999999,1.0,1.0,1.0,0.8,skip,attack_already_active,1785296045.792614,1785296045792613883,1384714009312720,74.0,53.12890625,-1.0,0,0
2026-07-28T23:34:05.794,10.42.0.1,10.42.0.1,11,3,UPLOAD,0.95,UPLOAD,0.95,1,14480,1.0036762612458587,55,280992.0,282025.0,24,31,0.49908262095105477,0.5009173790489453,0.018895515626509034,1,0,1,1,1,1,1,1,0.9699999999999999,1.0,1.0,1.0,0.8,skip,attack_already_active,1785296045.7946827,1785296045794682694,1384714011381406,74.0,53.12890625,-1.0,0,0
2026-07-28T23:34:05.795,10.42.0.1,10.42.0.1,11,3,UPLOAD,0.95,UPLOAD,0.95,1,5792,1.0242889477279629,56,280992.0,287817.0,24,32,0.49400062235302183,0.5059993776469781,0.01655483354748847,1,0,1,1,1,1,1,1,0.9699999999999999,1.0,1.0,1.0,0.8,skip,attack_already_active,1785296045.7958155,1785296045795815344,1384714012513767,74.0,53.12890625,-1.0,0,0
2026-07-28T23:34:05.797,10.42.0.1,10.42.0.1,11,3,UPLOAD,0.95,UPLOAD,0.95,1,5792,1.0449016342100668,57,280992.0,293609.0,24,33,0.4890210772344636,0.5109789227655365,0.014583637772800058,1,0,1,1,1,1,1,1,0.9699999999999999,1.0,1.0,1.0,0.8,skip,attack_already_active,1785296045.7974114,1785296045797411279,1384714014109837,74.0,53.12890625,-1.0,0,0
2026-07-28T23:34:05.799,10.42.0.1,10.42.0.1,11,3,UPLOAD,0.95,UPLOAD,0.95,1,8688,1.0758206639332228,58,280992.0,302297.0,24,34,0.481737183454514,0.518262816545486,0.012928715323614278,1,0,1,1,1,1,1,1,0.9699999999999999,1.0,1.0,1.0,0.8,skip,attack_already_active,1785296045.7994363,1785296045799436198,1384714016134719,74.0,53.12890625,-1.0,0,0
2026-07-28T23:34:05.800,10.42.0.1,10.42.0.1,11,3,UPLOAD,0.95,UPLOAD,0.95,1,1336,1.0805752476935977,59,280992.0,303633.0,24,35,0.4806363053239256,0.5193636946760745,0.011363905998456257,1,0,1,1,1,1,1,1,0.9699999999999999,1.0,1.0,1.0,0.8,skip,attack_already_active,1785296045.8004901,1785296045800490316,1384714017188797,74.0,53.12890625,-1.0,0,0
2026-07-28T23:34:06.867,10.42.0.47,10.42.0.1|10.42.0.47,11,3,UPLOAD,0.95,UPLOAD,0.95,1,7240,100.0,1,0.0,7240.0,0,1,0.0,1.0,0.2962702852464646,1,0,0,1,1,1,1,1,0.9699999999999999,1.0,1.0,1.0,0.8,trigger,training_upload_trigger_confirmed,1785296046.8676045,1785296046867604394,1384715084303430,12.9,53.1328125,7.636642,1785296046875242742,1384715091940072
2026-07-28T23:34:06.868,10.42.0.47,10.42.0.1|10.42.0.47,11,3,UPLOAD,0.95,UPLOAD,0.95,1,1448,100.0,2,0.0,8688.0,0,2,0.0,1.0,0.257378973003032,1,0,1,1,1,1,1,1,0.9699999999999999,1.0,1.0,1.0,0.8,skip,attack_already_active,1785296046.8687394,1785296046868739427,1384715085437996,12.9,53.1328125,-1.0,0,0
2026-07-28T23:34:06.870,10.42.0.47,10.42.0.1|10.42.0.47,11,3,UPLOAD,0.95,UPLOAD,0.95,1,5792,100.0,3,0.0,14480.0,0,3,0.0,1.0,0.22365605598295965,1,0,1,1,1,1,1,1,0.9699999999999999,1.0,1.0,1.0,0.8,skip,attack_already_active,1785296046.8702044,1785296046870204490,1384715086903750,10.0,53.13671875,-1.0,0,0
2026-07-28T23:34:06.871,10.42.0.47,10.42.0.1|10.42.0.47,11,3,UPLOAD,0.95,UPLOAD,0.95,1,2896,100.0,4,0.0,17376.0,0,4,0.0,1.0,0.194371554632338,1,0,1,1,1,1,1,1,0.9699999999999999,1.0,1.0,1.0,0.8,skip,attack_already_active,1785296046.8716285,1785296046871628417,1384715088328116,10.0,53.13671875,-1.0,0,0
2026-07-28T23:34:06.873,10.42.0.47,10.42.0.1|10.42.0.47,11,3,UPLOAD,0.95,UPLOAD,0.95,1,8688,100.0,5,0.0,26064.0,0,5,0.0,1.0,0.1690180117587542,1,0,1,1,1,1,1,1,0.9699999999999999,1.0,1.0,1.0,0.8,skip,attack_already_active,1785296046.873599,1785296046873599086,1384715090298160,10.0,53.13671875,-1.0,0,0
2026-07-28T23:34:06.874,10.42.0.47,10.42.0.1|10.42.0.47,11,3,UPLOAD,0.95,UPLOAD,0.95,1,5792,100.0,6,0.0,31856.0,0,6,0.0,1.0,0.1468828589334586,1,0,1,1,1,1,1,1,0.9699999999999999,1.0,1.0,1.0,0.8,skip,attack_already_active,1785296046.8746395,1785296046874639503,1384715091338091,10.0,53.13671875,-1.0,0,0
2026-07-28T23:34:06.876,10.42.0.47,10.42.0.1|10.42.0.47,11,3,UPLOAD,0.95,UPLOAD,0.95,1,10136,100.0,7,0.0,41992.0,0,7,0.0,1.0,0.12775588473228905,1,0,1,1,1,1,1,1,0.9699999999999999,1.0,1.0,1.0,0.8,skip,attack_already_active,1785296046.876373,1785296046876372902,1384715093071661,10.0,53.13671875,-1.0,0,0
2026-07-28T23:34:06.878,10.42.0.47,10.42.0.1|10.42.0.47,11,3,UPLOAD,0.95,UPLOAD,0.95,1,1448,100.0,8,0.0,43440.0,0,8,0.0,1.0,0.11121681072900942,1,0,1,1,1,1,1,1,0.9699999999999999,1.0,1.0,1.0,0.8,skip,attack_already_active,1785296046.8786185,1785296046878618476,1384715095316800,10.0,53.13671875,-1.0,0,0
2026-07-28T23:34:06.879,10.42.0.47,10.42.0.1|10.42.0.47,11,3,UPLOAD,0.95,UPLOAD,0.95,1,8688,100.0,9,0.0,52128.0,0,9,0.0,1.0,0.0966876671034634,1,0,1,1,1,1,1,1,0.9699999999999999,1.0,1.0,1.0,0.8,skip,attack_already_active,1785296046.8795776,1785296046879577511,1384715096275800,10.0,53.13671875,-1.0,0,0
2026-07-28T23:34:06.880,10.42.0.47,10.42.0.1|10.42.0.47,11,3,UPLOAD,0.95,UPLOAD,0.95,1,17376,100.0,10,0.0,69504.0,0,10,0.0,1.0,0.08407076876747296,1,0,1,1,1,1,1,1,0.9699999999999999,1.0,1.0,1.0,0.8,skip,attack_already_active,1785296046.8805192,1785296046880519250,1384715097217596,10.0,53.13671875,-1.0,0,0
2026-07-28T23:34:06.881,10.42.0.47,10.42.0.1|10.42.0.47,11,3,UPLOAD,0.95,UPLOAD,0.95,1,1448,100.0,11,0.0,70952.0,0,11,0.0,1.0,0.07311359651662803,1,0,1,1,1,1,1,1,0.9699999999999999,1.0,1.0,1.0,0.8,skip,attack_already_active,1785296046.881439,1785296046881438851,1384715098137328,10.0,53.13671875,-1.0,0,0
2026-07-28T23:34:06.882,10.42.0.47,10.42.0.1|10.42.0.47,11,3,UPLOAD,0.95,UPLOAD,0.95,1,8576,100.0,12,0.0,79528.0,0,12,0.0,1.0,0.06365458922677461,1,0,1,1,1,1,1,1,0.9699999999999999,1.0,1.0,1.0,0.8,skip,attack_already_active,1785296046.8827708,1785296046882770677,1384715099468899,10.0,53.13671875,-1.0,0,0
2026-07-28T23:34:06.884,10.42.0.1,10.42.0.1|10.42.0.47,11,3,UPLOAD,0.9771947127777207,UPLOAD,0.9771947127777207,1,7240,100.0,1,0.0,7240.0,0,1,0.0,1.0,0.14793338383151605,1,0,1,1,1,1,1,1,0.9699999999999999,1.0,1.0,1.0,0.8,skip,attack_already_active,1785296046.8845453,1785296046884545341,1384715101243750,10.0,53.13671875,-1.0,0,0
2026-07-28T23:34:06.885,10.42.0.1,10.42.0.1|10.42.0.47,11,3,UPLOAD,0.9847899310001141,UPLOAD,0.9847899310001141,1,7240,100.0,2,0.0,14480.0,0,2,0.0,1.0,0.12856838385325253,1,0,1,1,1,1,1,1,0.9699999999999999,1.0,1.0,1.0,0.8,skip,attack_already_active,1785296046.885523,1785296046885523299,1384715102221602,10.0,53.13671875,-1.0,0,0
2026-07-28T23:34:06.921,10.42.0.1,10.42.0.1|10.42.0.47,11,3,UPLOAD,0.9853832019947156,UPLOAD,0.9853832019947156,1,11584,100.0,3,0.0,26064.0,0,3,0.0,1.0,0.11634915487368407,1,0,1,1,1,1,1,1,0.9699999999999999,1.0,1.0,1.0,0.8,skip,attack_already_active,1785296046.921363,1785296046921363271,1384715138061976,10.0,53.13671875,-1.0,0,0
2026-07-28T23:34:06.922,10.42.0.1,10.42.0.1|10.42.0.47,11,3,UPLOAD,0.9855044362133804,UPLOAD,0.9855044362133804,1,11584,100.0,4,0.0,37648.0,0,4,0.0,1.0,0.10115717742444927,1,0,1,1,1,1,1,1,0.9699999999999999,1.0,1.0,1.0,0.8,skip,attack_already_active,1785296046.9224246,1785296046922424520,1384715139123068,10.0,53.13671875,-1.0,0,0
2026-07-28T23:34:06.923,10.42.0.1,10.42.0.1|10.42.0.47,11,3,UPLOAD,0.9850492117010601,UPLOAD,0.9850492117010601,0,43,100.0,4,0.0,37648.0,0,4,0.0,1.0,0.23758903796922995,1,0,1,1,1,1,1,1,0.8374999999999999,0.8500000000000001,1.0,0.6000000000000001,0.8,skip,attack_already_active,1785296046.9237099,1785296046923709981,1384715140408654,10.0,53.13671875,-1.0,0,0
2026-07-28T23:34:06.926,10.42.0.1,10.42.0.1|10.42.0.47,11,3,UPLOAD,0.9854755356423642,UPLOAD,0.9854755356423642,1,1448,100.0,5,0.0,39096.0,0,5,0.0,1.0,0.20676611170455242,1,0,1,1,1,1,1,1,0.9699999999999999,1.0,1.0,1.0,0.8,skip,attack_already_active,1785296046.926107,1785296046926106938,1384715142805181,10.0,53.13671875,-1.0,0,0
2026-07-28T23:34:06.927,10.42.0.1,10.42.0.1|10.42.0.47,11,3,UPLOAD,0.9854686814119651,UPLOAD,0.9854686814119651,1,7240,100.0,6,0.0,46336.0,0,6,0.0,1.0,0.1797588927113552,1,0,1,1,1,1,1,1,0.9699999999999999,1.0,1.0,1.0,0.8,skip,attack_already_active,1785296046.9279227,1785296046927922620,1384715144621057,10.0,53.13671875,-1.0,0,0
2026-07-28T23:34:06.928,10.42.0.1,10.42.0.1|10.42.0.47,11,3,UPLOAD,0.9854438367269627,UPLOAD,0.9854438367269627,1,4344,100.0,7,0.0,50680.0,0,7,0.0,1.0,0.15619740130313803,1,0,1,1,1,1,1,1,0.9699999999999999,1.0,1.0,1.0,0.8,skip,attack_already_active,1785296046.92888,1785296046928879881,1384715145578189,10.0,53.13671875,-1.0,0,0
2026-07-28T23:34:06.930,10.42.0.1,10.42.0.1|10.42.0.47,11,3,UPLOAD,0.985430195082874,UPLOAD,0.985430195082874,1,7240,100.0,8,0.0,57920.0,0,8,0.0,1.0,0.13579635326901343,1,0,1,1,1,1,1,1,0.9699999999999999,1.0,1.0,1.0,0.8,skip,attack_already_active,1785296046.9302595,1785296046930259449,1384715146957698,10.0,53.13671875,-1.0,0,0
2026-07-28T23:34:06.931,10.42.0.1,10.42.0.1|10.42.0.47,11,3,UPLOAD,0.9851758278213699,UPLOAD,0.9851758278213699,1,4344,100.0,9,0.0,62264.0,0,9,0.0,1.0,0.11808178887088047,1,0,1,1,1,1,1,1,0.9699999999999999,1.0,1.0,1.0,0.8,skip,attack_already_active,1785296046.931625,1785296046931624966,1384715148323264,10.0,53.13671875,-1.0,0,0
2026-07-28T23:34:06.932,10.42.0.1,10.42.0.1|10.42.0.47,11,3,UPLOAD,0.9845338619936785,UPLOAD,0.9845338619936785,1,8688,100.0,10,0.0,70952.0,0,10,0.0,1.0,0.10270192879589415,1,0,1,1,1,1,1,1,0.9699999999999999,1.0,1.0,1.0,0.8,skip,attack_already_active,1785296046.9329932,1785296046932993241,1384715149691547,10.0,53.13671875,-1.0,0,0
2026-07-28T23:34:06.934,10.42.0.1,10.42.0.1|10.42.0.47,11,3,UPLOAD,0.9839511402268125,UPLOAD,0.9839511402268125,1,4344,100.0,11,0.0,75296.0,0,11,0.0,1.0,0.08934720215571754,1,0,1,1,1,1,1,1,0.9699999999999999,1.0,1.0,1.0,0.8,skip,attack_already_active,1785296046.9343498,1785296046934349921,1384715151048214,10.0,53.13671875,-1.0,0,0
2026-07-28T23:34:06.935,10.42.0.1,10.42.0.1|10.42.0.47,11,3,UPLOAD,0.9834348983483319,UPLOAD,0.9834348983483319,1,4232,100.0,12,0.0,79528.0,0,12,0.0,1.0,0.07775059098034656,1,0,1,1,1,1,1,1,0.9699999999999999,1.0,1.0,1.0,0.8,skip,attack_already_active,1785296046.9356935,1785296046935693462,1384715152391778,10.0,53.13671875,-1.0,0,0
2026-07-28T23:34:07.139,10.42.0.210,10.42.0.1|10.42.0.210|10.42.0.47,11,3,UPLOAD,0.95,UPLOAD,0.95,1,1448,100.0,1,0.0,1448.0,0,1,0.0,1.0,0.6937635230265145,1,0,0,1,1,1,1,1,0.9525,0.95,1.0,1.0,0.8,trigger,training_upload_trigger_confirmed,1785296047.1398757,1785296047139875579,1384715356576605,10.0,53.13671875,6.362058,1785296047146241439,1384715362938663
2026-07-28T23:34:07.141,10.42.0.210,10.42.0.1|10.42.0.210|10.42.0.47,11,3,UPLOAD,0.9841010226033655,UPLOAD,0.9841010226033655,1,1448,100.0,2,0.0,2896.0,0,2,0.0,1.0,0.6025417617992731,1,0,1,1,1,1,1,1,0.9699999999999999,1.0,1.0,1.0,0.8,skip,attack_already_active,1785296047.1413825,1785296047141382310,1384715358081677,10.0,53.13671875,-1.0,0,0
2026-07-28T23:34:07.142,10.42.0.210,10.42.0.1|10.42.0.210|10.42.0.47,11,3,UPLOAD,0.9854688349332961,UPLOAD,0.9854688349332961,1,1448,100.0,3,0.0,4344.0,0,3,0.0,1.0,0.5233443441274857,1,0,1,1,1,1,1,1,0.9699999999999999,1.0,1.0,1.0,0.8,skip,attack_already_active,1785296047.142917,1785296047142916937,1384715359615492,10.0,53.13671875,-1.0,0,0
2026-07-28T23:34:07.143,10.42.0.210,10.42.0.1|10.42.0.210|10.42.0.47,11,3,UPLOAD,0.9855076450773014,UPLOAD,0.9855076450773014,1,1448,100.0,4,0.0,5792.0,0,4,0.0,1.0,0.454510172706447,1,0,1,1,1,1,1,1,0.9699999999999999,1.0,1.0,1.0,0.8,skip,attack_already_active,1785296047.1438978,1785296047143897823,1384715360596344,10.0,53.13671875,-1.0,0,0
2026-07-28T23:34:07.145,10.42.0.210,10.42.0.1|10.42.0.210|10.42.0.47,11,3,UPLOAD,0.9855086980780915,UPLOAD,0.9855086980780915,1,1448,100.0,5,0.0,7240.0,0,5,0.0,1.0,0.3948022594362621,1,0,1,1,1,1,1,1,0.9699999999999999,1.0,1.0,1.0,0.8,skip,attack_already_active,1785296047.145301,1785296047145301029,1384715361999863,10.0,53.13671875,-1.0,0,0
2026-07-28T23:34:07.146,10.42.0.210,10.42.0.1|10.42.0.210|10.42.0.47,11,3,UPLOAD,0.9855087254685951,UPLOAD,0.9855087254685951,1,1448,100.0,6,0.0,8688.0,0,6,0.0,1.0,0.34290812956389305,1,0,1,1,1,1,1,1,0.9699999999999999,1.0,1.0,1.0,0.8,skip,attack_already_active,1785296047.1462932,1785296047146293131,1384715362991571,10.0,53.13671875,-1.0,0,0
2026-07-28T23:34:07.147,10.42.0.210,10.42.0.1|10.42.0.210|10.42.0.47,11,3,UPLOAD,0.9855087261493067,UPLOAD,0.9855087261493067,1,1448,100.0,7,0.0,10136.0,0,7,0.0,1.0,0.2979130196631199,1,0,1,1,1,1,1,1,0.9699999999999999,1.0,1.0,1.0,0.8,skip,attack_already_active,1785296047.1477458,1785296047147745840,1384715364444945,10.0,53.13671875,-1.0,0,0
2026-07-28T23:34:07.148,10.42.0.210,10.42.0.1|10.42.0.210|10.42.0.47,11,3,UPLOAD,0.9855087261653082,UPLOAD,0.9855087261653082,1,1448,100.0,8,0.0,11584.0,0,8,0.0,1.0,0.25878798876716946,1,0,1,1,1,1,1,1,0.9699999999999999,1.0,1.0,1.0,0.8,skip,attack_already_active,1785296047.1487498,1785296047148749950,1384715365448907,10.0,53.13671875,-1.0,0,0
2026-07-28T23:34:07.150,10.42.0.210,10.42.0.1|10.42.0.210|10.42.0.47,11,3,UPLOAD,0.985508726165656,UPLOAD,0.985508726165656,1,1448,100.0,9,0.0,13032.0,0,9,0.0,1.0,0.22487365004412993,1,0,1,1,1,1,1,1,0.9699999999999999,1.0,1.0,1.0,0.8,skip,attack_already_active,1785296047.1501713,1785296047150171439,1384715366870332,10.0,53.13671875,-1.0,0,0
2026-07-28T23:34:07.151,10.42.0.210,10.42.0.1|10.42.0.210|10.42.0.47,11,3,UPLOAD,0.9855087261656625,UPLOAD,0.9855087261656625,1,1448,100.0,10,0.0,14480.0,0,10,0.0,1.0,0.19536957318250825,1,0,1,1,1,1,1,1,0.9699999999999999,1.0,1.0,1.0,0.8,skip,attack_already_active,1785296047.1511467,1785296047151146845,1384715367845380,10.0,53.13671875,-1.0,0,0
2026-07-28T23:34:07.152,10.42.0.210,10.42.0.1|10.42.0.210|10.42.0.47,11,3,UPLOAD,0.9855087261656628,UPLOAD,0.9855087261656628,1,1448,100.0,11,0.0,15928.0,0,11,0.0,1.0,0.1698173777864346,1,0,1,1,1,1,1,1,0.9699999999999999,1.0,1.0,1.0,0.8,skip,attack_already_active,1785296047.1526077,1785296047152607746,1384715369306249,10.0,53.13671875,-1.0,0,0
2026-07-28T23:34:07.153,10.42.0.210,10.42.0.1|10.42.0.210|10.42.0.47,11,3,UPLOAD,0.95,UPLOAD,0.95,1,1448,100.0,12,0.0,17376.0,0,12,0.0,1.0,0.14757522380094926,1,0,1,1,1,1,1,1,0.9699999999999999,1.0,1.0,1.0,0.8,skip,attack_already_active,1785296047.1536355,1785296047153635627,1384715370334398,10.0,53.13671875,-1.0,0,0
2026-07-28T23:34:07.155,10.42.0.210,10.42.0.1|10.42.0.210|10.42.0.47,11,3,UPLOAD,0.95,UPLOAD,0.95,1,1448,100.0,13,0.0,18824.0,0,13,0.0,1.0,0.12832339688183603,1,0,1,1,1,1,1,1,0.9699999999999999,1.0,1.0,1.0,0.8,skip,attack_already_active,1785296047.155114,1785296047155113974,1384715371812464,10.0,53.13671875,-1.0,0,0
2026-07-28T23:34:07.156,10.42.0.210,10.42.0.1|10.42.0.210|10.42.0.47,11,3,UPLOAD,0.95,UPLOAD,0.95,1,1448,100.0,14,0.0,20272.0,0,14,0.0,1.0,0.11154667104185208,1,0,1,1,1,1,1,1,0.9699999999999999,1.0,1.0,1.0,0.8,skip,attack_already_active,1785296047.1561234,1785296047156123417,1384715372821882,10.0,53.13671875,-1.0,0,0
2026-07-28T23:34:07.157,10.42.0.210,10.42.0.1|10.42.0.210|10.42.0.47,11,3,UPLOAD,0.95,UPLOAD,0.95,1,1448,100.0,15,0.0,21720.0,0,15,0.0,1.0,0.09703692662950911,1,0,1,1,1,1,1,1,0.9699999999999999,1.0,1.0,1.0,0.8,skip,attack_already_active,1785296047.1575596,1785296047157559565,1384715374258089,10.0,53.13671875,-1.0,0,0
2026-07-28T23:34:07.158,10.42.0.210,10.42.0.1|10.42.0.210|10.42.0.47,11,3,UPLOAD,0.95,UPLOAD,0.95,1,1448,100.0,16,0.0,23168.0,0,16,0.0,1.0,0.08438456107882603,1,0,1,1,1,1,1,1,0.9699999999999999,1.0,1.0,1.0,0.8,skip,attack_already_active,1785296047.1585813,1785296047158581133,1384715375279632,10.0,53.13671875,-1.0,0,0
2026-07-28T23:34:07.160,10.42.0.210,10.42.0.1|10.42.0.210|10.42.0.47,11,3,UPLOAD,0.95,UPLOAD,0.95,1,1448,100.0,17,0.0,24616.0,0,17,0.0,1.0,0.07346137813374418,1,0,1,1,1,1,1,1,0.9699999999999999,1.0,1.0,1.0,0.8,skip,attack_already_active,1785296047.1600728,1785296047160072580,1384715376771530,10.0,53.13671875,-1.0,0,0
2026-07-28T23:34:07.161,10.42.0.210,10.42.0.1|10.42.0.210|10.42.0.47,11,3,UPLOAD,0.95,UPLOAD,0.95,1,1448,100.0,18,0.0,26064.0,0,18,0.0,1.0,0.0639371889373693,1,0,1,1,1,1,1,1,0.9699999999999999,1.0,1.0,1.0,0.8,skip,attack_already_active,1785296047.1612577,1785296047161257736,1384715377956872,10.0,53.13671875,-1.0,0,0
2026-07-28T23:34:07.163,10.42.0.210,10.42.0.1|10.42.0.210|10.42.0.47,11,3,UPLOAD,0.95,UPLOAD,0.95,1,1448,100.0,19,0.0,27512.0,0,19,0.0,1.0,0.055755887991561226,1,0,1,1,1,1,1,1,0.9699999999999999,1.0,1.0,1.0,0.8,skip,attack_already_active,1785296047.1631093,1785296047163109407,1384715379809826,10.0,53.13671875,-1.0,0,0
2026-07-28T23:34:07.164,10.42.0.210,10.42.0.1|10.42.0.210|10.42.0.47,11,3,UPLOAD,0.95,UPLOAD,0.95,1,1448,100.0,20,0.0,28960.0,0,20,0.0,1.0,0.048612239333046,1,0,1,1,1,1,1,1,0.9699999999999999,1.0,1.0,1.0,0.8,skip,attack_already_active,1785296047.164654,1785296047164654176,1384715381354341,10.0,53.13671875,-1.0,0,0
2026-07-28T23:34:07.166,10.42.0.210,10.42.0.1|10.42.0.210|10.42.0.47,11,3,UPLOAD,0.95,UPLOAD,0.95,1,1448,100.0,21,0.0,30408.0,0,21,0.0,1.0,0.04244553718837607,1,0,1,1,1,1,1,1,0.9699999999999999,1.0,1.0,1.0,0.8,skip,attack_already_active,1785296047.1664689,1785296047166468819,1384715383167365,10.0,53.13671875,-1.0,0,0
2026-07-28T23:34:07.167,10.42.0.210,10.42.0.1|10.42.0.210|10.42.0.47,11,3,UPLOAD,0.95,UPLOAD,0.95,1,1448,100.0,22,0.0,31856.0,0,22,0.0,1.0,0.036999144382020475,1,0,1,1,1,1,1,1,0.9699999999999999,1.0,1.0,1.0,0.8,skip,attack_already_active,1785296047.1675832,1785296047167583223,1384715384281735,10.0,53.13671875,-1.0,0,0
2026-07-28T23:34:07.169,10.42.0.210,10.42.0.1|10.42.0.210|10.42.0.47,11,3,UPLOAD,0.95,UPLOAD,0.95,1,1448,100.0,23,0.0,33304.0,0,23,0.0,1.0,0.032327249901282114,1,0,1,1,1,1,1,1,0.9699999999999999,1.0,1.0,1.0,0.8,skip,attack_already_active,1785296047.1691287,1785296047169128591,1384715385827649,10.0,53.13671875,-1.0,0,0
2026-07-28T23:34:07.170,10.42.0.210,10.42.0.1|10.42.0.210|10.42.0.47,11,3,UPLOAD,0.95,UPLOAD,0.95,1,1448,100.0,24,0.0,34752.0,0,24,0.0,1.0,0.028300178674390546,1,0,1,1,1,1,1,1,0.9699999999999999,1.0,1.0,1.0,0.8,skip,attack_already_active,1785296047.1708956,1785296047170895632,1384715387596744,10.0,53.13671875,-1.0,0,0
2026-07-28T23:34:07.173,10.42.0.210,10.42.0.1|10.42.0.210|10.42.0.47,11,3,UPLOAD,0.95,UPLOAD,0.95,1,1448,100.0,25,0.0,36200.0,0,25,0.0,1.0,0.024937391168480524,1,0,1,1,1,1,1,1,0.9699999999999999,1.0,1.0,1.0,0.8,skip,attack_already_active,1785296047.1736765,1785296047173676610,1384715390378049,10.0,53.13671875,-1.0,0,0
2026-07-28T23:34:07.174,10.42.0.210,10.42.0.1|10.42.0.210|10.42.0.47,11,3,UPLOAD,0.95,UPLOAD,0.95,1,1448,100.0,26,0.0,37648.0,0,26,0.0,1.0,0.02182473561027586,1,0,1,1,1,1,1,1,0.9699999999999999,1.0,1.0,1.0,0.8,skip,attack_already_active,1785296047.1749928,1785296047174992904,1384715391692609,10.0,53.13671875,-1.0,0,0
2026-07-28T23:34:07.176,10.42.0.210,10.42.0.1|10.42.0.210|10.42.0.47,11,3,UPLOAD,0.95,UPLOAD,0.95,1,1448,100.0,27,0.0,39096.0,0,27,0.0,1.0,0.01915969822285167,1,0,1,1,1,1,1,1,0.9699999999999999,1.0,1.0,1.0,0.8,skip,attack_already_active,1785296047.1765933,1785296047176593288,1384715393292195,10.0,53.13671875,-1.0,0,0
2026-07-28T23:34:07.177,10.42.0.210,10.42.0.1|10.42.0.210|10.42.0.47,11,3,UPLOAD,0.95,UPLOAD,0.95,1,1448,100.0,28,0.0,40544.0,0,28,0.0,1.0,0.016785963001505304,1,0,1,1,1,1,1,1,0.9699999999999999,1.0,1.0,1.0,0.8,skip,attack_already_active,1785296047.1777394,1785296047177739374,1384715394438519,10.0,53.13671875,-1.0,0,0
2026-07-28T23:34:07.179,10.42.0.210,10.42.0.1|10.42.0.210|10.42.0.47,11,3,UPLOAD,0.95,UPLOAD,0.95,1,1448,100.0,29,0.0,41992.0,0,29,0.0,1.0,0.01476640230127485,1,0,1,1,1,1,1,1,0.9699999999999999,1.0,1.0,1.0,0.8,skip,attack_already_active,1785296047.1791995,1785296047179199442,1384715395898506,10.0,53.13671875,-1.0,0,0
2026-07-28T23:34:07.180,10.42.0.210,10.42.0.1|10.42.0.210|10.42.0.47,11,3,UPLOAD,0.95,UPLOAD,0.95,1,1448,100.0,30,0.0,43440.0,0,30,0.0,1.0,0.012952332399993853,1,0,1,1,1,1,1,1,0.9699999999999999,1.0,1.0,1.0,0.8,skip,attack_already_active,1785296047.1801994,1785296047180199329,1384715396897740,10.0,53.13671875,-1.0,0,0
2026-07-28T23:34:07.181,10.42.0.210,10.42.0.1|10.42.0.210|10.42.0.47,11,3,UPLOAD,0.95,UPLOAD,0.95,1,1448,100.0,31,0.0,44888.0,0,31,0.0,1.0,0.011437632160989272,1,0,1,1,1,1,1,1,0.9699999999999999,1.0,1.0,1.0,0.8,skip,attack_already_active,1785296047.181657,1785296047181657036,1384715398355748,10.0,53.13671875,-1.0,0,0
2026-07-28T23:34:07.182,10.42.0.210,10.42.0.1|10.42.0.210|10.42.0.47,11,3,UPLOAD,0.95,UPLOAD,0.95,1,1448,100.0,32,0.0,46336.0,0,32,0.0,1.0,0.010086086462684109,1,0,1,1,1,1,1,1,0.9699999999999999,1.0,1.0,1.0,0.8,skip,attack_already_active,1785296047.1828382,1785296047182838296,1384715399540594,10.0,53.13671875,-1.0,0,0
2026-07-28T23:34:07.184,10.42.0.210,10.42.0.1|10.42.0.210|10.42.0.47,11,3,UPLOAD,0.95,UPLOAD,0.95,1,1448,100.0,33,0.0,47784.0,0,33,0.0,1.0,0.008924798546198391,1,0,1,1,1,1,1,1,0.9699999999999999,1.0,1.0,1.0,0.8,skip,attack_already_active,1785296047.1841116,1785296047184111732,1384715400810237,10.0,53.13671875,-1.0,0,0
2026-07-28T23:34:07.185,10.42.0.210,10.42.0.1|10.42.0.210|10.42.0.47,11,3,UPLOAD,0.95,UPLOAD,0.95,1,1448,100.0,34,0.0,49232.0,0,34,0.0,1.0,0.00788081705142622,1,0,1,1,1,1,1,1,0.9699999999999999,1.0,1.0,1.0,0.8,skip,attack_already_active,1785296047.185114,1785296047185113928,1384715401812268,10.0,53.13671875,-1.0,0,0
2026-07-28T23:34:07.186,10.42.0.210,10.42.0.1|10.42.0.210|10.42.0.47,11,3,UPLOAD,0.95,UPLOAD,0.95,1,1448,100.0,35,0.0,50680.0,0,35,0.0,1.0,0.006974028653772389,1,0,1,1,1,1,1,1,0.9699999999999999,1.0,1.0,1.0,0.8,skip,attack_already_active,1785296047.1861134,1785296047186113248,1384715402811383,10.0,53.13671875,-1.0,0,0
2026-07-28T23:34:07.187,10.42.0.210,10.42.0.1|10.42.0.210|10.42.0.47,11,3,UPLOAD,0.9526886598882522,UPLOAD,0.9526886598882522,1,1337,100.0,36,0.0,52017.0,0,36,0.0,1.0,0.006247587477401084,1,0,1,1,1,1,1,1,0.9699999999999999,1.0,1.0,1.0,0.8,skip,attack_already_active,1785296047.1875746,1785296047187574610,1384715404273223,10.0,53.13671875,-1.0,0,0
2026-07-28T23:34:07.189,10.42.0.1,10.42.0.1|10.42.0.210|10.42.0.47,11,3,UPLOAD,0.98292836125463,UPLOAD,0.98292836125463,1,7240,100.0,13,0.0,86768.0,0,13,0.0,1.0,0.10017250568953205,1,0,1,1,1,1,1,1,0.9699999999999999,1.0,1.0,1.0,0.8,skip,attack_already_active,1785296047.1890154,1785296047189015274,1384715405713659,10.0,53.13671875,-1.0,0,0
2026-07-28T23:34:07.190,10.42.0.1,10.42.0.1|10.42.0.210|10.42.0.47,11,3,UPLOAD,0.9824894991522632,UPLOAD,0.9824894991522632,1,7240,100.0,14,0.0,94008.0,0,14,0.0,1.0,0.08710283518378206,1,0,1,1,1,1,1,1,0.9699999999999999,1.0,1.0,1.0,0.8,skip,attack_already_active,1785296047.1900058,1785296047190005736,1384715406704072,10.0,53.13671875,-1.0,0,0
2026-07-28T23:34:07.191,10.42.0.1,10.42.0.1|10.42.0.210|10.42.0.47,11,3,UPLOAD,0.9810830282352955,UPLOAD,0.9810830282352955,0,43,100.0,14,0.0,94008.0,0,14,0.0,1.0,0.1109007992917748,1,0,1,1,1,1,1,1,0.8374999999999999,0.8500000000000001,1.0,0.6000000000000001,0.8,skip,attack_already_active,1785296047.1914089,1785296047191408837,1384715408107236,10.0,53.13671875,-1.0,0,0
2026-07-28T23:34:07.192,10.42.0.1,10.42.0.1|10.42.0.210|10.42.0.47,11,3,UPLOAD,0.9815628603247082,UPLOAD,0.9815628603247082,1,14480,100.0,15,0.0,108488.0,0,15,0.0,1.0,0.09666108758296078,1,0,1,1,1,1,1,1,0.9699999999999999,1.0,1.0,1.0,0.8,skip,attack_already_active,1785296047.1928453,1785296047192845283,1384715409545176,10.0,53.13671875,-1.0,0,0
2026-07-28T23:34:07.194,10.42.0.1,10.42.0.1|10.42.0.210|10.42.0.47,11,3,UPLOAD,0.9814178641626465,UPLOAD,0.9814178641626465,1,14480,100.0,16,0.0,122968.0,0,16,0.0,1.0,0.08407901497833059,1,0,1,1,1,1,1,1,0.9699999999999999,1.0,1.0,1.0,0.8,skip,attack_already_active,1785296047.1940246,1785296047194024462,1384715410723378,10.0,53.13671875,-1.0,0,0
2026-07-28T23:34:07.460,10.42.0.1,10.42.0.47,12,1,DOWNLOAD,0.9758678645664774,DOWNLOAD,0.9758678645664774,-1,7240,16.984530384532523,17,7240.0,122968.0,1,16,0.055603342344556404,0.9443966576554436,0.10840884001452272,0,0,0,0,1,0,0,0,0.44,0.8500000000000001,0.0,0.6000000000000001,0.15,skip,training_upload_trigger_not_confirmed,1785296047.4601202,1785296047460120426,1384715676819476,63.8,53.140625,-1.0,0,0
2026-07-28T23:34:07.461,10.42.0.1,10.42.0.47,12,1,DOWNLOAD,0.95,DOWNLOAD,0.95,-1,7240,8.492265192852743,18,14480.0,122968.0,2,16,0.10534893195972295,0.894651068040277,0.09428562541972971,0,0,0,0,1,0,0,0,0.44,0.8500000000000001,0.0,0.6000000000000001,0.15,skip,training_upload_trigger_not_confirmed,1785296047.4613519,1785296047461351932,1384715678050573,63.8,53.140625,-1.0,0,0
2026-07-28T23:34:07.462,10.42.0.1,10.42.0.47,12,1,DOWNLOAD,0.95,DOWNLOAD,0.95,-1,14480,4.246132596572992,19,28960.0,122968.0,3,16,0.1906166078668843,0.8093833921331157,0.08207573719765628,0,0,0,0,1,0,0,0,0.4,0.8500000000000001,0.0,0.4,0.15,skip,training_upload_trigger_not_confirmed,1785296047.46298,1785296047462980065,1384715679678701,63.8,53.140625,-1.0,0,0
2026-07-28T23:34:07.464,10.42.0.1,10.42.0.47,12,1,DOWNLOAD,0.95,DOWNLOAD,0.95,-1,14480,2.830755064414577,20,43440.0,122968.0,4,16,0.26104514206047785,0.7389548579395221,0.07147209860658381,0,0,0,0,1,0,0,0,0.32,0.8500000000000001,0.0,0.0,0.15,skip,training_upload_trigger_not_confirmed,1785296047.4645877,1785296047464587672,1384715681286430,63.8,53.140625,-1.0,0,0
2026-07-28T23:34:07.466,10.42.0.1,10.42.0.47,12,1,DOWNLOAD,0.95,DOWNLOAD,0.95,-1,1448,2.739440384919367,21,44888.0,122968.0,5,16,0.2674196930702507,0.7325803069297493,0.0622645864112458,0,0,0,0,1,0,0,0,0.32,0.8500000000000001,0.0,0.0,0.15,skip,training_upload_trigger_not_confirmed,1785296047.4661865,1785296047466186384,1384715682884790,63.8,53.140625,-1.0,0,0
2026-07-28T23:34:07.468,10.42.0.1,10.42.0.47,12,1,DOWNLOAD,0.95,DOWNLOAD,0.95,-1,5792,2.4263614837919025,22,50680.0,122968.0,6,16,0.29185478669492304,0.708145213305077,0.05436492444646869,0,0,0,0,1,0,0,0,0.32,0.8500000000000001,0.0,0.0,0.15,skip,training_upload_trigger_not_confirmed,1785296047.4685028,1785296047468502737,1384715685201829,63.8,53.140625,-1.0,0,0
2026-07-28T23:34:07.469,10.42.0.1,10.42.0.47,12,1,DOWNLOAD,0.95,DOWNLOAD,0.95,-1,7240,2.123066298323151,23,57920.0,122968.0,7,16,0.3201981336517624,0.6798018663482376,0.047355715086307065,0,0,0,0,1,0,0,0,0.32,0.8500000000000001,0.0,0.0,0.15,skip,training_upload_trigger_not_confirmed,1785296047.4696767,1785296047469676683,1384715686375414,63.8,53.140625,-1.0,0,0
2026-07-28T23:34:07.470,10.42.0.1,10.42.0.47,12,1,DOWNLOAD,0.95,DOWNLOAD,0.95,-1,7240,1.8871700429575327,24,65160.0,122968.0,8,16,0.3463599251573397,0.6536400748426603,0.041269920643830386,0,0,0,0,1,0,0,0,0.32,0.8500000000000001,0.0,0.0,0.15,skip,training_upload_trigger_not_confirmed,1785296047.470849,1785296047470849014,1384715687547678,63.8,53.140625,-1.0,0,0
2026-07-28T23:34:07.471,10.42.0.1,10.42.0.47,12,1,DOWNLOAD,0.95,DOWNLOAD,0.95,-1,7240,1.6984530386643861,25,72400.0,122968.0,9,16,0.3705826952213259,0.6294173047786741,0.03597665328667841,0,0,0,0,1,0,0,0,0.32,0.8500000000000001,0.0,0.0,0.15,skip,training_upload_trigger_not_confirmed,1785296047.4719498,1785296047471949748,1384715688648572,63.8,53.140625,-1.0,0,0
2026-07-28T23:34:07.474,10.42.0.1,10.42.0.47,12,1,DOWNLOAD,0.95,DOWNLOAD,0.95,-1,7240,1.5440482169695624,26,79640.0,122968.0,10,16,0.39307431098475876,0.6069256890152412,0.03151445913799071,0,0,0,0,1,0,0,0,0.32,0.8500000000000001,0.0,0.0,0.15,skip,training_upload_trigger_not_confirmed,1785296047.474064,1785296047474064085,1384715690762739,63.8,53.140625,-1.0,0,0
2026-07-28T23:34:07.475,10.42.0.1,10.42.0.47,12,1,DOWNLOAD,0.95,DOWNLOAD,0.95,-1,7240,1.41537753222358,27,86880.0,122968.0,11,16,0.4140139529564256,0.5859860470435744,0.027508063490257664,0,0,0,0,1,0,0,0,0.32,0.8500000000000001,0.0,0.0,0.15,skip,training_upload_trigger_not_confirmed,1785296047.4751751,1785296047475175267,1384715691874068,63.8,53.140625,-1.0,0,0
2026-07-28T23:34:07.476,10.42.0.1,10.42.0.47,12,1,DOWNLOAD,0.95,DOWNLOAD,0.95,-1,7240,1.3065023374383076,28,94120.0,122968.0,12,16,0.43355689858490565,0.5664431014150944,0.02402860314134598,0,0,0,0,1,0,0,0,0.32,0.8500000000000001,0.0,0.0,0.15,skip,training_upload_trigger_not_confirmed,1785296047.4762785,1785296047476278423,1384715692976947,63.8,53.140625,-1.0,0,0
2026-07-28T23:34:07.477,10.42.0.1,10.42.0.47,12,1,DOWNLOAD,0.95,DOWNLOAD,0.95,-1,7240,1.2131807419079206,29,101360.0,122968.0,13,16,0.45183837951570915,0.5481616204842908,0.021007929588914065,0,0,0,0,1,0,0,0,0.32,0.8500000000000001,0.0,0.0,0.15,skip,training_upload_trigger_not_confirmed,1785296047.477384,1785296047477384211,1384715694083040,63.8,53.140625,-1.0,0,0
2026-07-28T23:34:07.478,10.42.0.1,10.42.0.47,12,1,DOWNLOAD,0.95,DOWNLOAD,0.95,-1,14480,1.0615331491707396,30,115840.0,122968.0,14,16,0.4850758768550467,0.5149241231449533,0.018386151961238027,0,0,0,0,1,0,0,0,0.30250000000000005,0.8000000000000002,0.0,0.0,0.15,skip,training_upload_trigger_not_confirmed,1785296047.478496,1785296047478496037,1384715695194530,63.8,53.140625,-1.0,0,0
2026-07-28T23:34:07.479,10.42.0.1,10.42.0.47,12,1,DOWNLOAD,0.95,DOWNLOAD,0.95,-1,14480,0.9435850214860069,31,130320.0,122968.0,15,16,0.5145131234010296,0.48548687659897033,0.016113093688334006,0,0,0,0,1,0,0,0,0.30250000000000005,0.8000000000000002,0.0,0.0,0.15,skip,training_upload_trigger_not_confirmed,1785296047.4796326,1785296047479632731,1384715696331326,63.8,53.140625,-1.0,0,0
2026-07-28T23:34:07.480,10.42.0.1,10.42.0.47,12,1,DOWNLOAD,0.95,DOWNLOAD,0.95,-1,14480,0.8492265193380577,32,144800.0,122968.0,16,16,0.5407666338023961,0.4592333661976039,0.014138341180082326,0,0,0,0,1,0,0,0,0.30250000000000005,0.8000000000000002,0.0,0.0,0.15,skip,training_upload_trigger_not_confirmed,1785296047.4807599,1785296047480759779,1384715697458792,63.8,53.140625,-1.0,0,0
2026-07-28T23:34:07.481,10.42.0.1,10.42.0.47,12,1,DOWNLOAD,0.95,DOWNLOAD,0.95,-1,14480,0.7720241084896281,33,159280.0,122968.0,17,16,0.5643264079816331,0.4356735920183668,0.012426009858305163,0,0,0,0,1,0,0,0,0.28500000000000003,0.7500000000000001,0.0,0.0,0.15,skip,training_upload_trigger_not_confirmed,1785296047.4819038,1785296047481903962,1384715698602640,63.8,53.140625,-1.0,0,0
2026-07-28T23:34:07.483,10.42.0.1,10.42.0.47,12,1,DOWNLOAD,0.95,DOWNLOAD,0.95,-1,21720,0.6793812154713845,34,181000.0,122968.0,18,16,0.5954574165701653,0.40454258342983473,0.010944064126566656,0,0,0,0,1,0,0,0,0.28500000000000003,0.7500000000000001,0.0,0.0,0.15,skip,training_upload_trigger_not_confirmed,1785296047.4830837,1785296047483083897,1384715699782553,63.8,53.140625,-1.0,0,0
2026-07-28T23:34:07.484,10.42.0.1,10.42.0.47,12,1,DOWNLOAD,0.95,DOWNLOAD,0.95,-1,14024,0.6305275248193528,35,195024.0,122968.0,19,16,0.6132984477596921,0.38670155224030794,0.00965714966654713,0,0,0,0,1,0,0,0,0.28500000000000003,0.7500000000000001,0.0,0.0,0.15,skip,training_upload_trigger_not_confirmed,1785296047.4842618,1785296047484261576,1384715700960673,63.8,53.140625,-1.0,0,0
2026-07-28T23:34:07.485,10.42.0.18,10.42.0.47,11,1,DOWNLOAD,0.95,DOWNLOAD,0.95,-1,7300,1.3698630135109776e-10,1,7300.0,0.0,1,0,1.0,0.0,0.7501484645179107,0,0,0,0,0,0,0,0,0.0225,0.0,0.0,0.0,0.15,skip,training_upload_trigger_not_confirmed,1785296047.4855766,1785296047485576685,1384715702276441,63.8,53.140625,-1.0,0,0
2026-07-28T23:34:07.486,10.42.0.145,10.42.0.47,8,3,UPLOAD,0.9855076450773014,UPLOAD,0.9855076450773014,0,43,1.0,0,0.0,0.0,0,0,0.0,0.0,0.9160328368499615,0,0,0,0,0,0,0,0,0.4375,0.05,1.0,0.0,0.8,skip,already_attacked_this_round,1785296047.4869096,1785296047486909767,1384715703608209,63.8,53.140625,-1.0,0,0
2026-07-28T23:34:07.487,10.42.0.145,10.42.0.47,9,1,DOWNLOAD,0.95,DOWNLOAD,0.95,-1,14600,6.84931506802402e-11,1,14600.0,0.0,1,0,1.0,0.0,1.0275984758304642,0,0,0,0,0,0,0,0,0.0225,0.0,0.0,0.0,0.15,skip,training_upload_trigger_not_confirmed,1785296047.4877145,1785296047487714554,1384715704413327,63.8,53.140625,-1.0,0,0
2026-07-28T23:34:07.488,10.42.0.145,10.42.0.47,9,1,DOWNLOAD,0.95,DOWNLOAD,0.95,-1,14600,3.424657534129292e-11,2,29200.0,0.0,2,0,1.0,0.0,0.8923411467932332,0,0,0,0,0,0,0,0,0.0225,0.0,0.0,0.0,0.15,skip,training_upload_trigger_not_confirmed,1785296047.4888825,1785296047488882499,1384715705582133,63.8,53.140625,-1.0,0,0
2026-07-28T23:34:07.490,10.42.0.1,10.42.0.47,12,1,DOWNLOAD,0.95,DOWNLOAD,0.95,-1,21720,0.5673421178922261,36,216744.0,122968.0,20,16,0.6380227957799548,0.3619772042200452,0.009165653909546866,0,0,0,0,1,0,0,0,0.28500000000000003,0.7500000000000001,0.0,0.0,0.15,skip,training_upload_trigger_not_confirmed,1785296047.490189,1785296047490189027,1384715706888010,63.8,53.140625,-1.0,0,0
2026-07-28T23:34:07.491,10.42.0.1,10.42.0.47,12,1,DOWNLOAD,0.95,DOWNLOAD,0.95,-1,14024,0.5328641752776256,37,230768.0,122968.0,21,16,0.652373521496257,0.3476264785037429,0.00810140120800253,0,0,0,0,1,0,0,0,0.28500000000000003,0.7500000000000001,0.0,0.0,0.15,skip,training_upload_trigger_not_confirmed,1785296047.4912784,1785296047491278340,1384715707977454,63.8,53.140625,-1.0,0,0
2026-07-28T23:34:07.492,10.42.0.1,10.42.0.47,12,1,DOWNLOAD,0.95,DOWNLOAD,0.95,-1,14024,0.5023366776712378,38,244792.0,122968.0,22,16,0.6656297585381771,0.3343702414618229,0.00720852456513565,0,0,0,0,1,0,0,0,0.28500000000000003,0.7500000000000001,0.0,0.0,0.15,skip,training_upload_trigger_not_confirmed,1785296047.492604,1785296047492603822,1384715709302465,63.8,53.140625,-1.0,0,0
2026-07-28T23:34:07.493,10.42.0.1,10.42.0.47,12,1,DOWNLOAD,0.95,DOWNLOAD,0.95,-1,14024,0.47511745796444144,39,258816.0,122968.0,23,16,0.6779121178467405,0.32208788215325945,0.0064112197780034205,0,0,0,0,1,0,0,0,0.28500000000000003,0.7500000000000001,0.0,0.0,0.15,skip,training_upload_trigger_not_confirmed,1785296047.493762,1785296047493761992,1384715710460547,63.8,53.140625,-1.0,0,0
2026-07-28T23:34:07.494,10.42.0.47,10.42.0.47,12,1,DOWNLOAD,0.95,DOWNLOAD,0.95,-1,7240,10.984530385361252,13,7240.0,79528.0,1,12,0.08344089987092015,0.9165591001290798,0.1287150506559219,0,0,0,0,0,0,0,0,0.057499999999999996,0.1,0.0,0.0,0.15,skip,training_upload_trigger_not_confirmed,1785296047.4948967,1785296047494896652,1384715711595239,63.8,53.140625,-1.0,0,0
2026-07-28T23:34:07.495,10.42.0.47,10.42.0.47,12,1,DOWNLOAD,0.9829981496648164,DOWNLOAD,0.9829981496648164,-1,7240,5.492265193059926,14,14480.0,79528.0,2,12,0.15402944430261253,0.8459705556973874,0.11185752800749327,0,0,0,0,0,0,0,0,0.057499999999999996,0.1,0.0,0.0,0.15,skip,training_upload_trigger_not_confirmed,1785296047.4956846,1785296047495684664,1384715712383348,63.8,53.140625,-1.0,0,0
2026-07-28T23:34:07.498,10.42.0.18,10.42.0.47,11,1,DOWNLOAD,0.9529702256910542,DOWNLOAD,0.9529702256910542,0,43,1.3698630135109776e-10,1,7300.0,0.0,1,0,1.0,0.0,0.8703507530571772,0,0,0,0,0,0,0,0,0.0225,0.0,0.0,0.0,0.15,skip,training_upload_trigger_not_confirmed,1785296047.498051,1785296047498050898,1384715714749110,63.8,53.140625,-1.0,0,0
2026-07-28T23:34:07.499,10.42.0.18,10.42.0.47,11,1,DOWNLOAD,0.95,DOWNLOAD,0.95,-1,10220,5.70776255675184e-11,2,17520.0,0.0,2,0,1.0,0.0,0.7574418333641625,0,0,0,0,0,0,0,0,0.0225,0.0,0.0,0.0,0.15,skip,training_upload_trigger_not_confirmed,1785296047.4990928,1785296047499092729,1384715715790872,63.8,53.140625,-1.0,0,0
2026-07-28T23:34:07.499,10.42.0.18,10.42.0.47,11,1,DOWNLOAD,0.95,DOWNLOAD,0.95,-1,4380,4.566210045453598e-11,3,21900.0,0.0,3,0,1.0,0.0,0.6577266327162457,0,0,0,0,0,0,0,0,0.0225,0.0,0.0,0.0,0.15,skip,training_upload_trigger_not_confirmed,1785296047.4998236,1785296047499823531,1384715716521749,63.8,53.140625,-1.0,0,0
2026-07-28T23:34:07.500,10.42.0.18,10.42.0.47,11,1,DOWNLOAD,0.95,DOWNLOAD,0.95,-1,14600,2.739726027322199e-11,4,36500.0,0.0,4,0,1.0,0.0,0.5711877939424228,0,0,0,0,0,0,0,0,0.0225,0.0,0.0,0.0,0.15,skip,training_upload_trigger_not_confirmed,1785296047.500831,1785296047500831100,1384715717529278,63.8,53.140625,-1.0,0,0
2026-07-28T23:34:07.502,10.42.0.210,10.42.0.47,12,1,DOWNLOAD,0.9843389180358824,DOWNLOAD,0.9843389180358824,-1,10136,5.131906076940419,37,10136.0,52017.0,1,36,0.16308142808874873,0.8369185719112513,0.284781209743543,0,0,0,0,1,0,0,0,0.44,0.8500000000000001,0.0,0.6000000000000001,0.15,skip,training_upload_trigger_not_confirmed,1785296047.50258,1785296047502580050,1384715719278301,63.8,53.140625,-1.0,0,0
2026-07-28T23:34:07.503,10.42.0.210,10.42.0.47,12,1,DOWNLOAD,0.95,DOWNLOAD,0.95,-1,4344,3.592334253964618,38,14480.0,52017.0,2,36,0.2177541843992962,0.7822458156007038,0.24734938640825616,0,0,0,0,1,0,0,0,0.4,0.8500000000000001,0.0,0.4,0.15,skip,training_upload_trigger_not_confirmed,1785296047.5033014,1785296047503301491,1384715719999748,63.8,53.140625,-1.0,0,0
2026-07-28T23:34:07.504,10.42.0.210,10.42.0.47,12,1,DOWNLOAD,0.9557926560077417,DOWNLOAD,0.9557926560077417,0,43,3.592334253964618,38,14480.0,52017.0,2,36,0.2177541843992962,0.7822458156007038,0.25645365353665667,0,0,0,0,1,0,0,0,0.4,0.8500000000000001,0.0,0.4,0.15,skip,training_upload_trigger_not_confirmed,1785296047.5040138,1785296047504013777,1384715720711890,63.8,53.140625,-1.0,0,0
2026-07-28T23:34:07.506,10.42.0.210,10.42.0.47,12,1,DOWNLOAD,0.9846998846180315,DOWNLOAD,0.9846998846180315,-1,14480,1.7961671270443313,39,28960.0,52017.0,3,36,0.3576324141422873,0.6423675858577127,0.22306005679383367,0,0,0,0,1,0,0,0,0.32,0.8500000000000001,0.0,0.0,0.15,skip,training_upload_trigger_not_confirmed,1785296047.5063403,1785296047506340440,1384715723039941,63.8,53.140625,-1.0,0,0
2026-07-28T23:34:07.507,10.42.0.145,10.42.0.47,9,1,DOWNLOAD,0.95,DOWNLOAD,0.95,-1,29200,1.7123287670939668e-11,3,58400.0,0.0,3,0,1.0,0.0,0.7772317970689409,0,0,0,0,0,0,0,0,0.0225,0.0,0.0,0.0,0.15,skip,training_upload_trigger_not_confirmed,1785296047.5076907,1785296047507690691,1384715724389619,63.8,53.140625,-1.0,0,0
2026-07-28T23:34:07.508,10.42.0.145,10.42.0.47,9,1,DOWNLOAD,0.9515689107064337,DOWNLOAD,0.9515689107064337,-1,6184,1.5483711135645304e-11,4,64584.0,0.0,4,0,1.0,0.0,0.6749169844291353,0,0,0,0,0,0,0,0,0.0225,0.0,0.0,0.0,0.15,skip,training_upload_trigger_not_confirmed,1785296047.5084836,1785296047508483574,1384715725181831,63.8,53.140625,-1.0,0,0
2026-07-28T23:34:07.510,10.42.0.47,10.42.0.47,12,1,DOWNLOAD,0.9842257140988042,DOWNLOAD,0.9842257140988042,0,43,5.492265193059926,14,14480.0,79528.0,2,12,0.15402944430261253,0.8459705556973874,0.17221743845320642,0,0,0,0,0,0,0,0,0.057499999999999996,0.1,0.0,0.0,0.15,skip,training_upload_trigger_not_confirmed,1785296047.510063,1785296047510062901,1384715726762236,63.8,53.140625,-1.0,0,0
2026-07-28T23:34:07.511,10.42.0.47,10.42.0.47,12,1,DOWNLOAD,0.9842586901286671,DOWNLOAD,0.9842586901286671,-1,10136,3.2307442313035932,15,24616.0,79528.0,3,12,0.23636503303118758,0.7636349669688124,0.1516408010707889,0,0,0,0,0,0,0,0,0.057499999999999996,0.1,0.0,0.0,0.15,skip,training_upload_trigger_not_confirmed,1785296047.5117517,1785296047511751792,1384715728450349,63.8,53.140625,-1.0,0,0
2026-07-28T23:34:07.512,10.42.0.47,10.42.0.47,12,1,DOWNLOAD,0.9842595481342594,DOWNLOAD,0.9842595481342594,-1,4344,2.746132596624788,16,28960.0,79528.0,4,12,0.26694196593171593,0.7330580340682841,0.13180975307207918,0,0,0,0,0,0,0,0,0.057499999999999996,0.1,0.0,0.0,0.15,skip,training_upload_trigger_not_confirmed,1785296047.5129,1785296047512899995,1384715729598384,63.8,53.140625,-1.0,0,0
2026-07-28T23:34:07.514,10.42.0.47,10.42.0.47,12,1,DOWNLOAD,0.9842595696464124,DOWNLOAD,0.9842595696464124,-1,14480,1.8307550644375976,17,43440.0,79528.0,5,12,0.3532626374341292,0.6467373625658708,0.11465627389123809,0,0,0,0,0,0,0,0,0.057499999999999996,0.1,0.0,0.0,0.15,skip,training_upload_trigger_not_confirmed,1785296047.5145369,1785296047514536954,1384715731235422,63.8,53.140625,-1.0,0,0
2026-07-28T23:34:07.519,10.42.0.59,10.42.0.47,5,1,DOWNLOAD,0.95,DOWNLOAD,0.95,-1,14600,6.84931506802402e-11,1,14600.0,0.0,1,0,1.0,0.0,1.1642504553969966,0,0,0,0,0,0,0,0,0.0225,0.0,0.0,0.0,0.15,skip,training_upload_trigger_not_confirmed,1785296047.5191362,1785296047519136207,1384715735834845,63.8,53.140625,-1.0,0,0
2026-07-28T23:34:07.520,10.42.0.59,10.42.0.47,5,1,DOWNLOAD,0.95,DOWNLOAD,0.95,-1,14600,3.424657534129292e-11,2,29200.0,0.0,2,0,1.0,0.0,1.0109850046535638,0,0,0,0,0,0,0,0,0.0225,0.0,0.0,0.0,0.15,skip,training_upload_trigger_not_confirmed,1785296047.5202975,1785296047520297375,1384715736995874,63.8,53.140625,-1.0,0,0
2026-07-28T23:34:07.521,10.42.0.59,10.42.0.47,5,1,DOWNLOAD,0.9486386853506611,DOWNLOAD,0.9486386853506611,0,43,3.424657534129292e-11,2,29200.0,0.0,2,0,1.0,0.0,1.112199643556636,0,0,0,0,0,0,0,0,0.0225,0.0,0.0,0.0,0.15,skip,training_upload_trigger_not_confirmed,1785296047.521392,1785296047521392029,1384715738090483,63.8,53.140625,-1.0,0,0
2026-07-28T23:34:07.525,10.42.0.18,10.42.0.47,11,1,DOWNLOAD,0.9536610420476354,DOWNLOAD,0.9536610420476354,-1,14600,1.9569471623883178e-11,5,51100.0,0.0,5,0,1.0,0.0,0.4991600363660974,0,0,0,0,0,0,0,0,0.0225,0.0,0.0,0.0,0.15,skip,training_upload_trigger_not_confirmed,1785296047.52542,1785296047525420135,1384715742118808,63.8,53.140625,-1.0,0,0
2026-07-28T23:34:07.526,10.42.0.18,10.42.0.47,11,1,DOWNLOAD,0.962671617255707,DOWNLOAD,0.962671617255707,-1,8760,1.67056465082408e-11,6,59860.0,0.0,6,0,1.0,0.0,0.4335068641842499,0,0,0,0,0,0,0,0,0.0225,0.0,0.0,0.0,0.15,skip,training_upload_trigger_not_confirmed,1785296047.5263562,1785296047526356150,1384715743054430,63.8,53.140625,-1.0,0,0
2026-07-28T23:34:07.527,10.42.0.210,10.42.0.47,12,1,DOWNLOAD,0.9854895428954357,DOWNLOAD,0.9854895428954357,-1,14480,1.1974447513766702,40,43440.0,52017.0,4,36,0.45507401238253875,0.5449259876174612,0.1964438359288855,0,0,0,0,1,0,0,0,0.30250000000000005,0.8000000000000002,0.0,0.0,0.15,skip,training_upload_trigger_not_confirmed,1785296047.5274172,1785296047527417053,1384715744115326,63.8,53.140625,-1.0,0,0
2026-07-28T23:34:07.528,10.42.0.210,10.42.0.47,12,1,DOWNLOAD,0.9855083405864443,DOWNLOAD,0.9855083405864443,-1,5792,1.056568898276394,41,49232.0,52017.0,5,36,0.48624677774595304,0.513753222254047,0.17068784209899993,0,0,0,0,1,0,0,0,0.30250000000000005,0.8000000000000002,0.0,0.0,0.15,skip,training_upload_trigger_not_confirmed,1785296047.528406,1785296047528406058,1384715745104537,63.8,53.140625,-1.0,0,0
2026-07-28T23:34:07.529,10.42.0.210,10.42.0.47,12,1,DOWNLOAD,0.9855087208476458,DOWNLOAD,0.9855087208476458,-1,8688,0.8980835635376712,42,57920.0,52017.0,6,36,0.5268471943021913,0.47315280569780876,0.14832460539236086,0,0,0,0,1,0,0,0,0.30250000000000005,0.8000000000000002,0.0,0.0,0.15,skip,training_upload_trigger_not_confirmed,1785296047.5293853,1785296047529385200,1384715746083284,63.8,53.140625,-1.0,0,0
2026-07-28T23:34:07.536,10.42.0.47,10.42.0.47,12,1,DOWNLOAD,0.9842595701605352,DOWNLOAD,0.9842595701605352,-1,18824,1.2772709751979108,18,62264.0,79528.0,6,12,0.4391220943353645,0.5608779056646355,0.10244083443998503,0,0,0,0,0,0,0,0,0.057499999999999996,0.1,0.0,0.0,0.15,skip,training_upload_trigger_not_confirmed,1785296047.5364935,1785296047536493452,1384715753191573,63.8,53.140625,-1.0,0,0
2026-07-28T23:34:07.551,10.42.0.59,10.42.0.47,5,1,DOWNLOAD,0.95,DOWNLOAD,0.95,-1,1460,3.2615786039379785e-11,3,30660.0,0.0,3,0,1.0,0.0,0.9697278548731484,0,0,0,0,0,0,0,0,0.0225,0.0,0.0,0.0,0.15,skip,training_upload_trigger_not_confirmed,1785296047.5513182,1785296047551318153,1384715768016653,63.8,53.140625,-1.0,0,0
2026-07-28T23:34:07.553,10.42.0.59,10.42.0.47,5,1,DOWNLOAD,0.9509654023021521,DOWNLOAD,0.9509654023021521,-1,21900,1.9025875189896766e-11,4,52560.0,0.0,4,0,1.0,0.0,0.8422228201168724,0,0,0,0,0,0,0,0,0.0225,0.0,0.0,0.0,0.15,skip,training_upload_trigger_not_confirmed,1785296047.5534456,1785296047553445622,1384715770144127,63.8,53.140625,-1.0,0,0
2026-07-28T23:34:07.554,10.42.0.59,10.42.0.47,5,1,DOWNLOAD,0.9604778631272507,DOWNLOAD,0.9604778631272507,-1,12041,1.5479636537894463e-11,5,64601.0,0.0,5,0,1.0,0.0,0.7313886512676389,0,0,0,0,0,0,0,0,0.0225,0.0,0.0,0.0,0.15,skip,training_upload_trigger_not_confirmed,1785296047.5545785,1785296047554578467,1384715771276957,63.8,53.140625,-1.0,0,0
2026-07-28T23:34:07.833,10.42.0.145,10.42.0.47,9,3,UPLOAD,0.95,UPLOAD,0.95,1,64240,0.994673603369338,5,64584.0,64240.0,4,1,0.5013351549400733,0.4986648450599267,0.6316575939985742,0,0,0,1,1,1,1,1,0.85,1.0,1.0,0.4,0.8,trigger,training_upload_trigger_confirmed,1785296047.833543,1785296047833543085,1384716050242551,63.8,53.140625,12.767204,1785296047846312499,1384716063009755
2026-07-28T23:34:07.835,10.42.0.1,10.42.0.1,12,3,UPLOAD,0.95,UPLOAD,0.95,1,7240,0.5030909990128002,40,258816.0,130208.0,23,17,0.6652957144032244,0.3347042855967755,0.045190678018926816,1,0,0,0,1,0,0,0,0.85,1.0,1.0,0.4,0.8,trigger,training_upload_trigger_confirmed,1785296047.8353727,1785296047835372703,1384716052072480,63.8,53.140625,18.023947,1785296047853399152,1384716070096427
2026-07-28T23:34:07.836,10.42.0.1,10.42.0.1,12,3,UPLOAD,0.95,UPLOAD,0.95,1,7240,0.531064540061159,41,258816.0,137448.0,23,18,0.6531403306886319,0.3468596693113682,0.039398285896165015,1,0,1,0,1,0,0,0,0.85,1.0,1.0,0.4,0.8,skip,attack_already_active,1785296047.8366065,1785296047836606429,1384716053305265,63.8,53.140625,-1.0,0,0
2026-07-28T23:34:07.839,10.42.0.59,10.42.0.1,5,3,UPLOAD,0.95,UPLOAD,0.95,1,64240,0.9944118512098201,6,64601.0,64240.0,5,1,0.5014009515604505,0.4985990484395495,0.6769371808181817,0,0,0,1,1,1,1,1,0.85,1.0,1.0,0.4,0.8,trigger,training_upload_trigger_confirmed,1785296047.8395636,1785296047839563599,1384716056264596,63.8,53.140625,27.113017,1785296047866680336,1384716083377613
2026-07-28T23:34:07.841,10.42.0.1,10.42.0.1,12,3,UPLOAD,0.95,UPLOAD,0.95,1,14480,0.5870116221578766,42,258816.0,151928.0,23,19,0.6301151081939116,0.36988489180608847,0.03484864535524273,1,0,1,1,1,1,1,1,0.85,1.0,1.0,0.4,0.8,skip,attack_already_active,1785296047.8414788,1785296047841478785,1384716058178191,63.8,53.140625,-1.0,0,0
2026-07-28T23:34:07.843,10.42.0.1,10.42.0.1,12,3,UPLOAD,0.95,UPLOAD,0.95,1,14480,0.6429587042545941,43,258816.0,166408.0,23,20,0.6086580249468515,0.39134197505314844,0.030473452753588936,1,0,1,1,1,1,1,1,0.9699999999999999,1.0,1.0,1.0,0.8,skip,attack_already_active,1785296047.8431253,1785296047843125217,1384716059823878,63.8,53.140625,-1.0,0,0
2026-07-28T23:34:07.844,10.42.0.1,10.42.0.1,12,3,UPLOAD,0.868746655752478,UPLOAD,0.868746655752478,0,43,0.6429587042545941,43,258816.0,166408.0,23,20,0.6086580249468515,0.39134197505314844,0.0657460188080457,1,0,1,1,1,1,1,1,0.8025,0.7500000000000001,1.0,0.6000000000000001,0.8,skip,attack_already_active,1785296047.8443263,1785296047844326174,1384716061024647,63.8,53.140625,-1.0,0,0
2026-07-28T23:34:07.846,10.42.0.59,10.42.0.1,5,3,UPLOAD,0.9841010226033655,UPLOAD,0.9841010226033655,1,6528,1.095462918529195,7,64601.0,70768.0,5,2,0.4772215204367322,0.5227784795632678,0.5887038439831276,0,0,1,1,1,1,1,1,0.85,1.0,1.0,0.4,0.8,skip,attack_already_active,1785296047.8469224,1785296047846922586,1384716063621291,63.8,53.140625,-1.0,0,0
2026-07-28T23:34:07.848,10.42.0.1,10.42.0.1,12,3,UPLOAD,0.95,UPLOAD,0.95,1,7240,0.6709322453029529,44,258816.0,173648.0,23,21,0.5984683118132377,0.4015316881867624,0.057785840935451284,1,0,1,1,1,1,1,1,0.9699999999999999,1.0,1.0,1.0,0.8,skip,attack_already_active,1785296047.8484638,1785296047848463910,1384716065162693,63.8,53.140625,-1.0,0,0
2026-07-28T23:34:07.849,10.42.0.1,10.42.0.1,12,3,UPLOAD,0.95,UPLOAD,0.95,1,7240,0.6989057863513117,45,258816.0,180888.0,23,22,0.5886141586157961,0.4113858413842039,0.050309128021970684,1,0,1,1,1,1,1,1,0.9699999999999999,1.0,1.0,1.0,0.8,skip,attack_already_active,1785296047.849511,1785296047849510933,1384716066209372,63.8,53.140625,-1.0,0,0
2026-07-28T23:34:07.851,10.42.0.1,10.42.0.1,12,3,UPLOAD,0.95,UPLOAD,0.95,1,14480,0.7548528684480293,46,258816.0,195368.0,23,23,0.5698483434026738,0.4301516565973262,0.04387992442949263,1,0,1,1,1,1,1,1,0.9699999999999999,1.0,1.0,1.0,0.8,skip,attack_already_active,1785296047.8510306,1785296047851030633,1384716067729279,63.8,53.140625,-1.0,0,0
2026-07-28T23:34:07.852,10.42.0.1,10.42.0.1,12,3,UPLOAD,0.95,UPLOAD,0.95,1,14480,0.8107999505447469,47,258816.0,209848.0,23,24,0.5522421180205862,0.4477578819794138,0.038300910385893526,1,0,1,1,1,1,1,1,0.9699999999999999,1.0,1.0,1.0,0.8,skip,attack_already_active,1785296047.852573,1785296047852572877,1384716069271835,63.8,53.140625,-1.0,0,0
2026-07-28T23:34:07.854,10.42.0.1,10.42.0.1,12,3,UPLOAD,0.95,UPLOAD,0.95,1,7129,0.8383446154803477,48,258816.0,216977.0,23,25,0.5439676497972858,0.4560323502027142,0.03345527715779635,1,0,1,1,1,1,1,1,0.9699999999999999,1.0,1.0,1.0,0.8,skip,attack_already_active,1785296047.8541017,1785296047854101709,1384716070800182,63.8,53.140625,-1.0,0,0
2026-07-28T23:34:07.856,10.42.0.1,10.42.0.1,12,3,UPLOAD,0.7318897353251465,UPLOAD,0.7318897353251465,0,43,0.8383446154803477,48,258816.0,216977.0,23,25,0.5439676497972858,0.4560323502027142,0.030593942499043937,1,0,1,1,1,1,1,1,0.8200000000000001,0.8000000000000002,1.0,0.6000000000000001,0.8,skip,attack_already_active,1785296047.8560677,1785296047856067537,1384716072766277,63.8,53.140625,-1.0,0,0
2026-07-28T23:34:07.857,10.42.0.1,10.42.0.1,12,3,UPLOAD,0.95,UPLOAD,0.95,1,10136,0.8775075729480499,49,258816.0,227113.0,23,26,0.5326210207664083,0.46737897923359173,0.02703794556228505,1,0,1,1,1,1,1,1,0.9699999999999999,1.0,1.0,1.0,0.8,skip,attack_already_active,1785296047.8577101,1785296047857710092,1384716074409667,63.8,53.140625,-1.0,0,0
2026-07-28T23:34:07.858,10.42.0.1,10.42.0.1,12,3,UPLOAD,0.95,UPLOAD,0.95,1,4344,0.8942916975770652,50,258816.0,231457.0,23,27,0.5279018016492852,0.4720981983507148,0.023631116697346938,1,0,1,1,1,1,1,1,0.9699999999999999,1.0,1.0,1.0,0.8,skip,attack_already_active,1785296047.8588946,1785296047858894489,1384716075593170,63.8,53.140625,-1.0,0,0
2026-07-28T23:34:07.860,10.42.0.1,10.42.0.1,12,3,UPLOAD,0.95,UPLOAD,0.95,1,14480,0.9502387796737828,51,258816.0,245937.0,23,28,0.5127577250655271,0.4872422749344729,0.020733856635843918,1,0,1,1,1,1,1,1,0.9699999999999999,1.0,1.0,1.0,0.8,skip,attack_already_active,1785296047.8605392,1785296047860539092,1384716077238598,63.8,53.140625,-1.0,0,0
2026-07-28T23:34:07.864,10.42.0.1,10.42.0.1,12,3,UPLOAD,0.95,UPLOAD,0.95,1,14480,1.0061858617705004,52,258816.0,260417.0,23,29,0.49845830291988374,0.5015416970801162,0.01858822807340017,1,0,1,1,1,1,1,1,0.9699999999999999,1.0,1.0,1.0,0.8,skip,attack_already_active,1785296047.8649905,1785296047864990478,1384716081688960,63.8,53.140625,-1.0,0,0
2026-07-28T23:34:07.866,10.42.0.1,10.42.0.1,12,3,UPLOAD,0.95,UPLOAD,0.95,1,5792,1.0285646946091873,53,258816.0,266209.0,23,30,0.49295938288652924,0.5070406171134708,0.016326713568317715,1,0,1,1,1,1,1,1,0.9699999999999999,1.0,1.0,1.0,0.8,skip,attack_already_active,1785296047.8664167,1785296047866416634,1384716083115534,63.8,53.140625,-1.0,0,0
2026-07-28T23:34:07.867,10.42.0.1,10.42.0.1,12,3,UPLOAD,0.95,UPLOAD,0.95,1,7240,1.0565382356575461,54,258816.0,273449.0,23,31,0.4862540275990343,0.5137459724009656,0.01432604205505304,1,0,1,1,1,1,1,1,0.9699999999999999,1.0,1.0,1.0,0.8,skip,attack_already_active,1785296047.8675609,1785296047867560924,1384716084259129,85.4,53.16796875,-1.0,0,0
2026-07-28T23:34:07.868,10.42.0.1,10.42.0.1,12,3,UPLOAD,0.95,UPLOAD,0.95,1,8576,1.089673745054055,55,258816.0,282025.0,23,32,0.4785436015390845,0.5214563984609155,0.012602486067278032,1,0,1,1,1,1,1,1,0.9699999999999999,1.0,1.0,1.0,0.8,skip,attack_already_active,1785296047.8688073,1785296047868807343,1384716085505503,85.4,53.16796875,-1.0,0,0
2026-07-28T23:34:07.928,10.42.0.18,10.42.0.1,11,3,UPLOAD,0.95,UPLOAD,0.95,1,20440,0.3414634146451476,7,59860.0,20440.0,6,1,0.7454545454545455,0.2545454545454545,0.4331088494786398,0,0,0,1,1,1,1,1,0.9699999999999999,1.0,1.0,1.0,0.8,trigger,training_upload_trigger_confirmed,1785296047.9285374,1785296047928537409,1384716145236119,85.4,53.16796875,54.98501,1785296047983523843,1384716200221129
2026-07-28T23:34:07.930,10.42.0.18,10.42.0.1,11,3,UPLOAD,0.9841010226033655,UPLOAD,0.9841010226033655,1,59088,1.32856665552408,8,59860.0,79528.0,6,2,0.4294487330329727,0.5705512669670273,0.37625809400148724,0,0,1,1,1,1,1,1,0.9699999999999999,1.0,1.0,1.0,0.8,skip,attack_already_active,1785296047.9302216,1785296047930221651,1384716146920297,85.4,53.16796875,-1.0,0,0
2026-07-28T23:34:07.931,10.42.0.1,10.42.0.1,12,3,UPLOAD,0.95,UPLOAD,0.95,1,7240,0.8938589577155437,48,258816.0,231345.0,23,25,0.5280224252847534,0.47197757471524665,0.014602627952543058,1,0,1,1,1,1,1,1,0.9699999999999999,1.0,1.0,1.0,0.8,skip,attack_already_active,1785296047.931252,1785296047931252020,1384716147950204,85.4,53.16796875,-1.0,0,0
2026-07-28T23:34:07.931,10.42.0.1,10.42.0.1,12,3,UPLOAD,0.95,UPLOAD,0.95,1,7240,0.9050483741348871,48,258816.0,234241.0,23,25,0.5249210537524059,0.4750789462475941,0.012770930312017696,1,0,1,1,1,1,1,1,0.9699999999999999,1.0,1.0,1.0,0.8,skip,attack_already_active,1785296047.9319544,1785296047931954461,1384716148652579,85.4,53.16796875,-1.0,0,0
2026-07-28T23:34:07.933,10.42.0.1,10.42.0.1,12,3,UPLOAD,0.5705000416577246,UPLOAD,0.5705000416577246,0,43,0.8714801248768567,47,258816.0,225553.0,23,24,0.5343364253286235,0.4656635746713766,0.021233506585719836,1,0,1,1,1,1,1,1,0.8200000000000001,0.8000000000000002,1.0,0.6000000000000001,0.8,skip,attack_already_active,1785296047.9330587,1785296047933058913,1384716149757356,85.4,53.16796875,-1.0,0,0
2026-07-28T23:34:07.933,10.42.0.1,10.42.0.1,12,3,UPLOAD,0.95,UPLOAD,0.95,1,14480,0.9274272069735742,48,258816.0,240033.0,23,25,0.5188263382306069,0.48117366176939314,0.018686246873101657,1,0,1,1,1,1,1,1,0.9699999999999999,1.0,1.0,1.0,0.8,skip,attack_already_active,1785296047.9338574,1785296047933857649,1384716150556170,85.4,53.16796875,-1.0,0,0
2026-07-28T23:34:07.934,10.42.0.1,10.42.0.1,12,3,UPLOAD,0.95,UPLOAD,0.95,1,14480,0.9665901644412764,48,258816.0,250169.0,23,25,0.5084943564152186,0.4915056435847815,0.016324978073586755,1,0,1,1,1,1,1,1,0.9699999999999999,1.0,1.0,1.0,0.8,skip,attack_already_active,1785296047.9346247,1785296047934624668,1384716151323170,85.4,53.16796875,-1.0,0,0
2026-07-28T23:34:07.936,10.42.0.1,10.42.0.1,12,3,UPLOAD,0.95,UPLOAD,0.95,1,14480,1.0061858617705004,48,258816.0,260417.0,23,25,0.49845830291988374,0.5015416970801162,0.014452969919040824,1,0,1,1,1,1,1,1,0.9699999999999999,1.0,1.0,1.0,0.8,skip,attack_already_active,1785296047.9367435,1785296047936743550,1384716153441859,85.4,53.16796875,-1.0,0,0
2026-07-28T23:34:07.938,10.42.0.1,10.42.0.1,12,3,UPLOAD,0.95,UPLOAD,0.95,1,13032,1.0565382356575461,49,258816.0,273449.0,23,26,0.4862540275990343,0.5137459724009656,0.012763929991920716,1,0,1,1,1,1,1,1,0.9699999999999999,1.0,1.0,1.0,0.8,skip,attack_already_active,1785296047.9383788,1785296047938378680,1384716155077157,85.4,53.16796875,-1.0,0,0
2026-07-28T23:34:07.939,10.42.0.1,10.42.0.1,12,3,UPLOAD,0.95,UPLOAD,0.95,1,8576,1.089673745054055,50,258816.0,282025.0,23,27,0.4785436015390845,0.5214563984609155,0.011219201457266868,1,0,1,1,1,1,1,1,0.9699999999999999,1.0,1.0,1.0,0.8,skip,attack_already_active,1785296047.9394202,1785296047939420045,1384716156118391,85.4,53.16796875,-1.0,0,0
2026-07-28T23:34:09.359,10.42.0.210,10.42.0.1|10.42.0.210,12,3,UPLOAD,0.95,UPLOAD,0.95,1,1448,100.0,1,0.0,1448.0,0,1,0.0,1.0,0.3733456102424857,1,0,0,1,1,1,1,1,0.9525,0.95,1.0,1.0,0.8,trigger,training_upload_trigger_confirmed,1785296049.3599606,1785296049359960594,1384717576660226,7.7,53.16796875,9.897293,1785296049369860243,1384717586557519
2026-07-28T23:34:09.361,10.42.0.210,10.42.0.1|10.42.0.210,12,3,UPLOAD,0.9841010226033655,UPLOAD,0.9841010226033655,1,1448,100.0,2,0.0,2896.0,0,2,0.0,1.0,0.32433298840543906,1,0,1,1,1,1,1,1,0.9699999999999999,1.0,1.0,1.0,0.8,skip,attack_already_active,1785296049.361363,1785296049361362943,1384717578063716,7.7,53.16796875,-1.0,0,0
2026-07-28T23:34:09.363,10.42.0.210,10.42.0.1|10.42.0.210,12,3,UPLOAD,0.9854688349332961,UPLOAD,0.9854688349332961,1,1448,100.0,3,0.0,4344.0,0,3,0.0,1.0,0.28182456554067215,1,0,1,1,1,1,1,1,0.9699999999999999,1.0,1.0,1.0,0.8,skip,attack_already_active,1785296049.3631113,1785296049363111174,1384717579810056,7.7,53.16796875,-1.0,0,0
2026-07-28T23:34:09.364,10.42.0.210,10.42.0.1|10.42.0.210,12,3,UPLOAD,0.9855076450773014,UPLOAD,0.9855076450773014,1,1448,100.0,4,0.0,5792.0,0,4,0.0,1.0,0.24483673608527973,1,0,1,1,1,1,1,1,0.9699999999999999,1.0,1.0,1.0,0.8,skip,attack_already_active,1785296049.3642454,1785296049364245617,1384717580944617,7.7,53.16796875,-1.0,0,0
2026-07-28T23:34:09.365,10.42.0.210,10.42.0.1|10.42.0.210,12,3,UPLOAD,0.9855086980780915,UPLOAD,0.9855086980780915,1,1448,100.0,5,0.0,7240.0,0,5,0.0,1.0,0.2127201620521139,1,0,1,1,1,1,1,1,0.9699999999999999,1.0,1.0,1.0,0.8,skip,attack_already_active,1785296049.3653584,1785296049365358296,1384717582057573,7.7,53.16796875,-1.0,0,0
2026-07-28T23:34:09.366,10.42.0.210,10.42.0.1|10.42.0.210,12,3,UPLOAD,0.9855087254685951,UPLOAD,0.9855087254685951,1,1448,100.0,6,0.0,8688.0,0,6,0.0,1.0,0.18484823665912628,1,0,1,1,1,1,1,1,0.9699999999999999,1.0,1.0,1.0,0.8,skip,attack_already_active,1785296049.3665662,1785296049366566128,1384717583266235,7.7,53.16796875,-1.0,0,0
2026-07-28T23:34:09.367,10.42.0.210,10.42.0.1|10.42.0.210,12,3,UPLOAD,0.9855087261493067,UPLOAD,0.9855087261493067,1,1448,100.0,7,0.0,10136.0,0,7,0.0,1.0,0.16064384129197612,1,0,1,1,1,1,1,1,0.9699999999999999,1.0,1.0,1.0,0.8,skip,attack_already_active,1785296049.367734,1785296049367734098,1384717584433023,7.7,53.16796875,-1.0,0,0
2026-07-28T23:34:09.368,10.42.0.210,10.42.0.1|10.42.0.210,12,3,UPLOAD,0.9855087261653082,UPLOAD,0.9855087261653082,1,1448,100.0,8,0.0,11584.0,0,8,0.0,1.0,0.13961102788465726,1,0,1,1,1,1,1,1,0.9699999999999999,1.0,1.0,1.0,0.8,skip,attack_already_active,1785296049.3687656,1785296049368765765,1384717585464326,7.7,53.16796875,-1.0,0,0
2026-07-28T23:34:09.369,10.42.0.210,10.42.0.1|10.42.0.210,12,3,UPLOAD,0.985508726165656,UPLOAD,0.985508726165656,1,1448,100.0,9,0.0,13032.0,0,9,0.0,1.0,0.12134524675636262,1,0,1,1,1,1,1,1,0.9699999999999999,1.0,1.0,1.0,0.8,skip,attack_already_active,1785296049.3697627,1785296049369762518,1384717586460994,7.7,53.16796875,-1.0,0,0
2026-07-28T23:34:09.370,10.42.0.210,10.42.0.1|10.42.0.210,12,3,UPLOAD,0.9855087261656625,UPLOAD,0.9855087261656625,1,1448,100.0,10,0.0,14480.0,0,10,0.0,1.0,0.10548441851441612,1,0,1,1,1,1,1,1,0.9699999999999999,1.0,1.0,1.0,0.8,skip,attack_already_active,1785296049.3707445,1785296049370744599,1384717587443147,7.7,53.16796875,-1.0,0,0
2026-07-28T23:34:09.371,10.42.0.210,10.42.0.1|10.42.0.210,12,3,UPLOAD,0.9855087261656628,UPLOAD,0.9855087261656628,1,1448,100.0,11,0.0,15928.0,0,11,0.0,1.0,0.091714459343105,1,0,1,1,1,1,1,1,0.9699999999999999,1.0,1.0,1.0,0.8,skip,attack_already_active,1785296049.3717325,1785296049371732458,1384717588430982,7.7,53.16796875,-1.0,0,0
2026-07-28T23:34:09.372,10.42.0.210,10.42.0.1|10.42.0.210,12,3,UPLOAD,0.95,UPLOAD,0.95,1,1448,100.0,12,0.0,17376.0,0,12,0.0,1.0,0.0797591548967465,1,0,1,1,1,1,1,1,0.9699999999999999,1.0,1.0,1.0,0.8,skip,attack_already_active,1785296049.3727214,1785296049372721508,1384717589419958,7.7,53.16796875,-1.0,0,0
2026-07-28T23:34:09.374,10.42.0.210,10.42.0.1|10.42.0.210,12,3,UPLOAD,0.95,UPLOAD,0.95,1,1448,100.0,13,0.0,18824.0,0,13,0.0,1.0,0.06943872763568876,1,0,1,1,1,1,1,1,0.9699999999999999,1.0,1.0,1.0,0.8,skip,attack_already_active,1785296049.3741617,1785296049374161713,1384717590860514,7.7,53.16796875,-1.0,0,0
2026-07-28T23:34:09.375,10.42.0.210,10.42.0.1|10.42.0.210,12,3,UPLOAD,0.95,UPLOAD,0.95,1,1448,100.0,14,0.0,20272.0,0,14,0.0,1.0,0.06042655601988736,1,0,1,1,1,1,1,1,0.9699999999999999,1.0,1.0,1.0,0.8,skip,attack_already_active,1785296049.3752096,1785296049375209599,1384717591908433,7.7,53.16796875,-1.0,0,0
2026-07-28T23:34:09.376,10.42.0.210,10.42.0.1|10.42.0.210,12,3,UPLOAD,0.95,UPLOAD,0.95,1,1448,100.0,15,0.0,21720.0,0,15,0.0,1.0,0.052661808833848106,1,0,1,1,1,1,1,1,0.9699999999999999,1.0,1.0,1.0,0.8,skip,attack_already_active,1785296049.3767116,1785296049376711607,1384717593410023,7.7,53.16796875,-1.0,0,0
2026-07-28T23:34:09.377,10.42.0.210,10.42.0.1|10.42.0.210,12,3,UPLOAD,0.95,UPLOAD,0.95,1,1448,100.0,16,0.0,23168.0,0,16,0.0,1.0,0.04586037536356998,1,0,1,1,1,1,1,1,0.9699999999999999,1.0,1.0,1.0,0.8,skip,attack_already_active,1785296049.3777592,1785296049377759215,1384717594458308,7.7,53.16796875,-1.0,0,0
2026-07-28T23:34:09.379,10.42.0.210,10.42.0.1|10.42.0.210,12,3,UPLOAD,0.95,UPLOAD,0.95,1,1448,100.0,17,0.0,24616.0,0,17,0.0,1.0,0.04001259691473365,1,0,1,1,1,1,1,1,0.9699999999999999,1.0,1.0,1.0,0.8,skip,attack_already_active,1785296049.3792424,1785296049379242553,1384717595940924,7.7,53.16796875,-1.0,0,0
2026-07-28T23:34:09.380,10.42.0.210,10.42.0.1|10.42.0.210,12,3,UPLOAD,0.95,UPLOAD,0.95,1,1448,100.0,18,0.0,26064.0,0,18,0.0,1.0,0.0348698694979413,1,0,1,1,1,1,1,1,0.9699999999999999,1.0,1.0,1.0,0.8,skip,attack_already_active,1785296049.3802283,1785296049380228461,1384717596926900,7.7,53.16796875,-1.0,0,0
2026-07-28T23:34:09.381,10.42.0.210,10.42.0.1|10.42.0.210,12,3,UPLOAD,0.95,UPLOAD,0.95,1,1448,100.0,19,0.0,27512.0,0,19,0.0,1.0,0.030464421217230614,1,0,1,1,1,1,1,1,0.9699999999999999,1.0,1.0,1.0,0.8,skip,attack_already_active,1785296049.3816664,1785296049381666374,1384717598365225,7.7,53.16796875,-1.0,0,0
2026-07-28T23:34:09.382,10.42.0.210,10.42.0.1|10.42.0.210,12,3,UPLOAD,0.95,UPLOAD,0.95,1,1448,100.0,20,0.0,28960.0,0,20,0.0,1.0,0.026579491153606256,1,0,1,1,1,1,1,1,0.9699999999999999,1.0,1.0,1.0,0.8,skip,attack_already_active,1785296049.3826492,1785296049382649043,1384717599347396,7.7,53.16796875,-1.0,0,0
2026-07-28T23:34:09.384,10.42.0.210,10.42.0.1|10.42.0.210,12,3,UPLOAD,0.95,UPLOAD,0.95,1,1448,100.0,21,0.0,30408.0,0,21,0.0,1.0,0.02326072225865209,1,0,1,1,1,1,1,1,0.9699999999999999,1.0,1.0,1.0,0.8,skip,attack_already_active,1785296049.3840435,1785296049384043437,1384717600741766,7.7,53.16796875,-1.0,0,0
2026-07-28T23:34:09.385,10.42.0.210,10.42.0.1|10.42.0.210,12,3,UPLOAD,0.95,UPLOAD,0.95,1,1448,100.0,22,0.0,31856.0,0,22,0.0,1.0,0.020325024381118436,1,0,1,1,1,1,1,1,0.9699999999999999,1.0,1.0,1.0,0.8,skip,attack_already_active,1785296049.385026,1785296049385026107,1384717601725443,7.7,53.16796875,-1.0,0,0
2026-07-28T23:34:09.386,10.42.0.210,10.42.0.1|10.42.0.210,12,3,UPLOAD,0.95,UPLOAD,0.95,1,1448,100.0,23,0.0,33304.0,0,23,0.0,1.0,0.017858176158920217,1,0,1,1,1,1,1,1,0.9699999999999999,1.0,1.0,1.0,0.8,skip,attack_already_active,1785296049.3866308,1785296049386630623,1384717603329255,7.7,53.16796875,-1.0,0,0
2026-07-28T23:34:09.387,10.42.0.210,10.42.0.1|10.42.0.210,12,3,UPLOAD,0.95,UPLOAD,0.95,1,1448,100.0,24,0.0,34752.0,0,24,0.0,1.0,0.015642721556405836,1,0,1,1,1,1,1,1,0.9699999999999999,1.0,1.0,1.0,0.8,skip,attack_already_active,1785296049.3876765,1785296049387676429,1384717604375035,7.7,53.16796875,-1.0,0,0
2026-07-28T23:34:09.389,10.42.0.210,10.42.0.1|10.42.0.210,12,3,UPLOAD,0.95,UPLOAD,0.95,1,1448,100.0,25,0.0,36200.0,0,25,0.0,1.0,0.01378040856143745,1,0,1,1,1,1,1,1,0.9699999999999999,1.0,1.0,1.0,0.8,skip,attack_already_active,1785296049.3891866,1785296049389186607,1384717605885055,7.7,53.16796875,-1.0,0,0
2026-07-28T23:34:09.390,10.42.0.210,10.42.0.1|10.42.0.210,12,3,UPLOAD,0.95,UPLOAD,0.95,1,1448,100.0,26,0.0,37648.0,0,26,0.0,1.0,0.012153384443018741,1,0,1,1,1,1,1,1,0.9699999999999999,1.0,1.0,1.0,0.8,skip,attack_already_active,1785296049.39062,1785296049390619978,1384717607318762,7.7,53.16796875,-1.0,0,0
2026-07-28T23:34:09.392,10.42.0.210,10.42.0.1|10.42.0.210,12,3,UPLOAD,0.95,UPLOAD,0.95,1,1448,100.0,27,0.0,39096.0,0,27,0.0,1.0,0.010748709186356616,1,0,1,1,1,1,1,1,0.9699999999999999,1.0,1.0,1.0,0.8,skip,attack_already_active,1785296049.3921137,1785296049392113726,1384717608812541,7.7,53.16796875,-1.0,0,0
2026-07-28T23:34:09.393,10.42.0.210,10.42.0.1|10.42.0.210,12,3,UPLOAD,0.95,UPLOAD,0.95,1,1448,100.0,28,0.0,40544.0,0,28,0.0,1.0,0.00946579662253404,1,0,1,1,1,1,1,1,0.9699999999999999,1.0,1.0,1.0,0.8,skip,attack_already_active,1785296049.3931267,1785296049393126740,1384717609825023,7.7,53.16796875,-1.0,0,0
2026-07-28T23:34:09.394,10.42.0.210,10.42.0.1|10.42.0.210,12,3,UPLOAD,0.95,UPLOAD,0.95,1,1448,100.0,29,0.0,41992.0,0,29,0.0,1.0,0.008408710569579722,1,0,1,1,1,1,1,1,0.9699999999999999,1.0,1.0,1.0,0.8,skip,attack_already_active,1785296049.3945706,1785296049394570546,1384717611269060,7.7,53.16796875,-1.0,0,0
2026-07-28T23:34:09.395,10.42.0.210,10.42.0.1|10.42.0.210,12,3,UPLOAD,0.95,UPLOAD,0.95,1,1448,100.0,30,0.0,43440.0,0,30,0.0,1.0,0.00743283054621896,1,0,1,1,1,1,1,1,0.9699999999999999,1.0,1.0,1.0,0.8,skip,attack_already_active,1785296049.3955736,1785296049395573456,1384717612271955,7.7,53.16796875,-1.0,0,0
2026-07-28T23:34:09.396,10.42.0.210,10.42.0.1|10.42.0.210,12,3,UPLOAD,0.95,UPLOAD,0.95,1,1448,100.0,31,0.0,44888.0,0,31,0.0,1.0,0.006637134099340917,1,0,1,1,1,1,1,1,0.9699999999999999,1.0,1.0,1.0,0.8,skip,attack_already_active,1785296049.3969681,1785296049396968270,1384717613666850,7.7,53.16796875,-1.0,0,0
2026-07-28T23:34:09.397,10.42.0.210,10.42.0.1|10.42.0.210,12,3,UPLOAD,0.95,UPLOAD,0.95,1,1448,100.0,32,0.0,46336.0,0,32,0.0,1.0,0.005890681186616342,1,0,1,1,1,1,1,1,0.9699999999999999,1.0,1.0,1.0,0.8,skip,attack_already_active,1785296049.3979406,1785296049397940788,1384717614639160,7.7,53.16796875,-1.0,0,0
2026-07-28T23:34:09.399,10.42.0.210,10.42.0.1|10.42.0.210,12,3,UPLOAD,0.95,UPLOAD,0.95,1,1448,100.0,33,0.0,47784.0,0,33,0.0,1.0,0.0052967554482369695,1,0,1,1,1,1,1,1,0.9699999999999999,1.0,1.0,1.0,0.8,skip,attack_already_active,1785296049.3993242,1785296049399324128,1384717616022609,7.7,53.16796875,-1.0,0,0
2026-07-28T23:34:09.400,10.42.0.210,10.42.0.1|10.42.0.210,12,3,UPLOAD,0.95,UPLOAD,0.95,1,1448,100.0,34,0.0,49232.0,0,34,0.0,1.0,0.004723819889556418,1,0,1,1,1,1,1,1,0.9699999999999999,1.0,1.0,1.0,0.8,skip,attack_already_active,1785296049.400273,1785296049400273161,1384717616971510,7.7,53.16796875,-1.0,0,0
2026-07-28T23:34:09.401,10.42.0.210,10.42.0.1|10.42.0.210,12,3,UPLOAD,0.95,UPLOAD,0.95,1,1448,100.0,35,0.0,50680.0,0,35,0.0,1.0,0.004226162687399239,1,0,1,1,1,1,1,1,0.9699999999999999,1.0,1.0,1.0,0.8,skip,attack_already_active,1785296049.4012203,1785296049401220237,1384717617918698,7.7,53.16796875,-1.0,0,0
2026-07-28T23:34:09.402,10.42.0.210,10.42.0.1|10.42.0.210,12,3,UPLOAD,0.95,UPLOAD,0.95,1,1448,100.0,36,0.0,52128.0,0,36,0.0,1.0,0.003852834689305705,1,0,1,1,1,1,1,1,0.9699999999999999,1.0,1.0,1.0,0.8,skip,attack_already_active,1785296049.4026134,1785296049402613531,1384717619312077,7.7,53.16796875,-1.0,0,0
2026-07-28T23:34:09.403,10.42.0.210,10.42.0.1|10.42.0.210,12,3,UPLOAD,0.95,UPLOAD,0.95,1,1448,100.0,37,0.0,53576.0,0,37,0.0,1.0,0.003476674440297989,1,0,1,1,1,1,1,1,0.9699999999999999,1.0,1.0,1.0,0.8,skip,attack_already_active,1785296049.4036117,1785296049403611692,1384717620310074,7.7,53.16796875,-1.0,0,0
2026-07-28T23:34:09.404,10.42.0.210,10.42.0.1|10.42.0.210,12,3,UPLOAD,0.95,UPLOAD,0.95,1,1448,100.0,38,0.0,55024.0,0,38,0.0,1.0,0.0031859298547995034,1,0,1,1,1,1,1,1,0.9699999999999999,1.0,1.0,1.0,0.8,skip,attack_already_active,1785296049.404882,1785296049404881949,1384717621581837,7.7,53.16796875,-1.0,0,0
2026-07-28T23:34:09.407,10.42.0.1,10.42.0.1|10.42.0.210,12,3,UPLOAD,0.9518727607210552,UPLOAD,0.9518727607210552,1,7240,100.0,1,0.0,7240.0,0,1,0.0,1.0,0.19700089476732274,1,0,1,1,1,1,1,1,0.9699999999999999,1.0,1.0,1.0,0.8,skip,attack_already_active,1785296049.4079921,1785296049407992042,1384717624690766,7.7,53.16796875,-1.0,0,0
2026-07-28T23:34:09.409,10.42.0.1,10.42.0.1|10.42.0.210,12,3,UPLOAD,0.9757365896403428,UPLOAD,0.9757365896403428,1,7240,100.0,2,0.0,14480.0,0,2,0.0,1.0,0.1711799461074718,1,0,1,1,1,1,1,1,0.9699999999999999,1.0,1.0,1.0,0.8,skip,attack_already_active,1785296049.409045,1785296049409044954,1384717625743308,7.7,53.16796875,-1.0,0,0
2026-07-28T23:34:09.410,10.42.0.1,10.42.0.1|10.42.0.210,12,3,UPLOAD,0.9773609698916559,UPLOAD,0.9773609698916559,1,1448,100.0,3,0.0,15928.0,0,3,0.0,1.0,0.14882955808855014,1,0,1,1,1,1,1,1,0.9699999999999999,1.0,1.0,1.0,0.8,skip,attack_already_active,1785296049.410614,1785296049410614047,1384717627312671,7.7,53.16796875,-1.0,0,0
2026-07-28T23:34:09.480,10.42.0.1,10.42.0.1|10.42.0.210,12,3,UPLOAD,0.978119327220277,UPLOAD,0.978119327220277,1,14480,100.0,4,0.0,30408.0,0,4,0.0,1.0,0.13848188343883006,1,0,1,1,1,1,1,1,0.9699999999999999,1.0,1.0,1.0,0.8,skip,attack_already_active,1785296049.480918,1785296049480918015,1384717697616443,7.7,53.16796875,-1.0,0,0
2026-07-28T23:34:09.481,10.42.0.1,10.42.0.1|10.42.0.210,12,3,UPLOAD,0.9788116364795417,UPLOAD,0.9788116364795417,1,14480,100.0,5,0.0,44888.0,0,5,0.0,1.0,0.12033162360704354,1,0,1,1,1,1,1,1,0.9699999999999999,1.0,1.0,1.0,0.8,skip,attack_already_active,1785296049.4816625,1785296049481662529,1384717698360728,7.7,53.16796875,-1.0,0,0
2026-07-28T23:34:09.482,10.42.0.1,10.42.0.1|10.42.0.210,12,3,UPLOAD,0.977911432746161,UPLOAD,0.977911432746161,0,43,100.0,5,0.0,44888.0,0,5,0.0,1.0,0.3086243381267886,1,0,1,1,1,1,1,1,0.8374999999999999,0.8500000000000001,1.0,0.6000000000000001,0.8,skip,attack_already_active,1785296049.4822917,1785296049482291820,1384717698989874,7.7,53.16796875,-1.0,0,0
2026-07-28T23:34:09.484,10.42.0.1,10.42.0.1|10.42.0.210,12,3,UPLOAD,0.9795904268506629,UPLOAD,0.9795904268506629,1,15928,100.0,6,0.0,60816.0,0,6,0.0,1.0,0.26828695292871907,1,0,1,1,1,1,1,1,0.9699999999999999,1.0,1.0,1.0,0.8,skip,attack_already_active,1785296049.4841776,1785296049484177752,1384717700876035,7.7,53.16796875,-1.0,0,0
2026-07-28T23:34:09.485,10.42.0.1,10.42.0.1|10.42.0.210,12,3,UPLOAD,0.9801677061247119,UPLOAD,0.9801677061247119,1,11584,100.0,7,0.0,72400.0,0,7,0.0,1.0,0.23306160846146065,1,0,1,1,1,1,1,1,0.9699999999999999,1.0,1.0,1.0,0.8,skip,attack_already_active,1785296049.4851491,1785296049485149261,1384717701847815,7.7,53.16796875,-1.0,0,0
2026-07-28T23:34:09.486,10.42.0.1,10.42.0.1|10.42.0.210,12,3,UPLOAD,0.9805750141453041,UPLOAD,0.9805750141453041,1,7129,100.0,8,0.0,79529.0,0,8,0.0,1.0,0.20257329143599517,1,0,1,1,1,1,1,1,0.9699999999999999,1.0,1.0,1.0,0.8,skip,attack_already_active,1785296049.4868433,1785296049486843312,1384717703541727,7.7,53.16796875,-1.0,0,0
2026-07-28T23:34:12.945,10.42.0.47,10.42.0.1|10.42.0.210|10.42.0.47,12,3,UPLOAD,0.95,UPLOAD,0.95,1,7240,100.0,1,0.0,7240.0,0,1,0.0,1.0,0.8052197686432465,1,0,0,1,1,1,1,1,0.9699999999999999,1.0,1.0,1.0,0.8,trigger,training_upload_trigger_confirmed,1785296052.9456987,1785296052945698906,1384721162397686,12.3,53.171875,7.255087,1785296052952955451,1384721169652773
2026-07-28T23:34:12.946,10.42.0.47,10.42.0.1|10.42.0.210|10.42.0.47,12,3,UPLOAD,0.95,UPLOAD,0.95,1,4344,100.0,2,0.0,11584.0,0,2,0.0,1.0,0.699265584430839,1,0,1,1,1,1,1,1,0.9699999999999999,1.0,1.0,1.0,0.8,skip,attack_already_active,1785296052.9468615,1785296052946861617,1384721163560366,12.3,53.171875,-1.0,0,0
2026-07-28T23:34:12.948,10.42.0.47,10.42.0.1|10.42.0.210|10.42.0.47,12,3,UPLOAD,0.95,UPLOAD,0.95,1,2896,100.0,3,0.0,14480.0,0,3,0.0,1.0,0.6073518117579785,1,0,1,1,1,1,1,1,0.9699999999999999,1.0,1.0,1.0,0.8,skip,attack_already_active,1785296052.948619,1785296052948619075,1384721165317868,12.3,53.171875,-1.0,0,0
2026-07-28T23:34:12.950,10.42.0.47,10.42.0.1|10.42.0.210|10.42.0.47,12,3,UPLOAD,0.95,UPLOAD,0.95,1,10136,100.0,4,0.0,24616.0,0,4,0.0,1.0,0.5275170963850637,1,0,1,1,1,1,1,1,0.9699999999999999,1.0,1.0,1.0,0.8,skip,attack_already_active,1785296052.9501271,1785296052950126979,1384721166826128,12.3,53.171875,-1.0,0,0
2026-07-28T23:34:12.951,10.42.0.47,10.42.0.1|10.42.0.210|10.42.0.47,12,3,UPLOAD,0.95,UPLOAD,0.95,1,2896,100.0,5,0.0,27512.0,0,5,0.0,1.0,0.458210883853849,1,0,1,1,1,1,1,1,0.9699999999999999,1.0,1.0,1.0,0.8,skip,attack_already_active,1785296052.9516985,1785296052951698340,1384721168398252,13.9,53.171875,-1.0,0,0
2026-07-28T23:34:12.952,10.42.0.47,10.42.0.1|10.42.0.210|10.42.0.47,12,3,UPLOAD,0.95,UPLOAD,0.95,1,8688,100.0,6,0.0,36200.0,0,6,0.0,1.0,0.39798939191575056,1,0,1,1,1,1,1,1,0.9699999999999999,1.0,1.0,1.0,0.8,skip,attack_already_active,1785296052.9529052,1785296052952905132,1384721169603613,13.9,53.171875,-1.0,0,0
2026-07-28T23:34:12.954,10.42.0.47,10.42.0.1|10.42.0.210|10.42.0.47,12,3,UPLOAD,0.95,UPLOAD,0.95,1,5792,100.0,7,0.0,41992.0,0,7,0.0,1.0,0.3457419472499181,1,0,1,1,1,1,1,1,0.9699999999999999,1.0,1.0,1.0,0.8,skip,attack_already_active,1785296052.9544032,1785296052954403013,1384721171101379,13.9,53.171875,-1.0,0,0
2026-07-28T23:34:12.955,10.42.0.47,10.42.0.1|10.42.0.210|10.42.0.47,12,3,UPLOAD,0.95,UPLOAD,0.95,1,1448,100.0,8,0.0,43440.0,0,8,0.0,1.0,0.3003134051390527,1,0,1,1,1,1,1,1,0.9699999999999999,1.0,1.0,1.0,0.8,skip,attack_already_active,1785296052.9554005,1785296052955400403,1384721172098544,13.9,53.171875,-1.0,0,0
2026-07-28T23:34:12.956,10.42.0.47,10.42.0.1|10.42.0.210|10.42.0.47,12,3,UPLOAD,0.95,UPLOAD,0.95,1,4344,100.0,9,0.0,47784.0,0,9,0.0,1.0,0.2608693628187073,1,0,1,1,1,1,1,1,0.9699999999999999,1.0,1.0,1.0,0.8,skip,attack_already_active,1785296052.956384,1785296052956383922,1384721173082434,13.9,53.171875,-1.0,0,0
2026-07-28T23:34:12.957,10.42.0.47,10.42.0.1|10.42.0.210|10.42.0.47,12,3,UPLOAD,0.95,UPLOAD,0.95,1,13032,100.0,10,0.0,60816.0,0,10,0.0,1.0,0.22669866010019596,1,0,1,1,1,1,1,1,0.9699999999999999,1.0,1.0,1.0,0.8,skip,attack_already_active,1785296052.9579413,1785296052957941253,1384721174639823,13.9,53.171875,-1.0,0,0
2026-07-28T23:34:12.959,10.42.0.47,10.42.0.1|10.42.0.210|10.42.0.47,12,3,UPLOAD,0.95,UPLOAD,0.95,1,8688,100.0,11,0.0,69504.0,0,11,0.0,1.0,0.1970410256795196,1,0,1,1,1,1,1,1,0.9699999999999999,1.0,1.0,1.0,0.8,skip,attack_already_active,1785296052.9595764,1785296052959576404,1384721176275927,13.9,53.171875,-1.0,0,0
2026-07-28T23:34:12.961,10.42.0.47,10.42.0.1|10.42.0.210|10.42.0.47,12,3,UPLOAD,0.95,UPLOAD,0.95,1,4344,100.0,12,0.0,73848.0,0,12,0.0,1.0,0.17129251563953557,1,0,1,1,1,1,1,1,0.9699999999999999,1.0,1.0,1.0,0.8,skip,attack_already_active,1785296052.961219,1785296052961219014,1384721177917903,13.9,53.171875,-1.0,0,0
2026-07-28T23:34:12.962,10.42.0.47,10.42.0.1|10.42.0.210|10.42.0.47,12,3,UPLOAD,0.95,UPLOAD,0.95,1,5680,100.0,13,0.0,79528.0,0,13,0.0,1.0,0.14885412251565439,1,0,1,1,1,1,1,1,0.9699999999999999,1.0,1.0,1.0,0.8,skip,attack_already_active,1785296052.9622328,1785296052962232898,1384721178931128,13.9,53.171875,-1.0,0,0
2026-07-28T23:34:12.963,10.42.0.1,10.42.0.1|10.42.0.210|10.42.0.47,12,3,UPLOAD,0.9771195430880898,UPLOAD,0.9771195430880898,1,7240,100.0,1,0.0,7240.0,0,1,0.0,1.0,0.6335572684382942,1,0,0,1,1,1,1,1,0.9699999999999999,1.0,1.0,1.0,0.8,skip,already_attacked_this_round,1785296052.9636273,1785296052963627293,1384721180325721,13.9,53.171875,-1.0,0,0
2026-07-28T23:34:12.964,10.42.0.1,10.42.0.1|10.42.0.210|10.42.0.47,12,3,UPLOAD,0.9767021314567259,UPLOAD,0.9767021314567259,1,7240,100.0,2,0.0,14480.0,0,2,0.0,1.0,0.5502465966753092,1,0,0,1,1,1,1,1,0.9699999999999999,1.0,1.0,1.0,0.8,skip,already_attacked_this_round,1785296052.964963,1785296052964963037,1384721181661303,13.9,53.171875,-1.0,0,0
2026-07-28T23:34:13.064,10.42.0.1,10.42.0.1|10.42.0.210|10.42.0.47,12,3,UPLOAD,0.9759537285013156,UPLOAD,0.9759537285013156,1,11584,100.0,3,0.0,26064.0,0,3,0.0,1.0,0.4908442603247575,1,0,0,1,1,1,1,1,0.9699999999999999,1.0,1.0,1.0,0.8,skip,already_attacked_this_round,1785296053.0644217,1785296053064421524,1384721281120166,13.9,53.171875,-1.0,0,0
2026-07-28T23:34:13.065,10.42.0.1,10.42.0.1|10.42.0.210|10.42.0.47,12,3,UPLOAD,0.9749724993616563,UPLOAD,0.9749724993616563,1,11584,100.0,4,0.0,37648.0,0,4,0.0,1.0,0.4263036406310122,1,0,0,1,1,1,1,1,0.9699999999999999,1.0,1.0,1.0,0.8,skip,already_attacked_this_round,1785296053.065485,1785296053065485088,1384721282183447,13.9,53.171875,-1.0,0,0
2026-07-28T23:34:13.066,10.42.0.1,10.42.0.1|10.42.0.210|10.42.0.47,12,3,UPLOAD,0.969989750618269,UPLOAD,0.969989750618269,0,43,100.0,4,0.0,37648.0,0,4,0.0,1.0,0.8424314813479554,1,0,0,1,1,1,1,1,0.8374999999999999,0.8500000000000001,1.0,0.6000000000000001,0.8,skip,already_attacked_this_round,1785296053.0664744,1785296053066474615,1384721283172944,13.9,53.171875,-1.0,0,0
2026-07-28T23:34:13.068,10.42.0.1,10.42.0.1|10.42.0.210|10.42.0.47,12,3,UPLOAD,0.9645694623479347,UPLOAD,0.9645694623479347,1,1448,100.0,5,0.0,39096.0,0,5,0.0,1.0,0.731861307670387,1,0,0,1,1,1,1,1,0.9699999999999999,1.0,1.0,1.0,0.8,skip,already_attacked_this_round,1785296053.06883,1785296053068830047,1384721285528414,13.9,53.171875,-1.0,0,0
2026-07-28T23:34:13.070,10.42.0.1,10.42.0.1|10.42.0.210|10.42.0.47,12,3,UPLOAD,0.9500428173880104,UPLOAD,0.9500428173880104,1,7240,100.0,6,0.0,46336.0,0,6,0.0,1.0,0.6356659489048702,1,0,0,1,1,1,1,1,0.9699999999999999,1.0,1.0,1.0,0.8,skip,already_attacked_this_round,1785296053.0706913,1785296053070691258,1384721287390023,13.9,53.171875,-1.0,0,0
2026-07-28T23:34:13.071,10.42.0.1,10.42.0.1|10.42.0.210|10.42.0.47,12,3,UPLOAD,0.95,UPLOAD,0.95,1,5792,100.0,7,0.0,52128.0,0,7,0.0,1.0,0.5520305948459602,1,0,0,1,1,1,1,1,0.9699999999999999,1.0,1.0,1.0,0.8,skip,already_attacked_this_round,1785296053.0716717,1785296053071671841,1384721288370353,13.9,53.171875,-1.0,0,0
2026-07-28T23:34:13.073,10.42.0.1,10.42.0.1|10.42.0.210|10.42.0.47,12,3,UPLOAD,0.95,UPLOAD,0.95,1,11584,100.0,8,0.0,63712.0,0,8,0.0,1.0,0.4795359771624405,1,0,0,1,1,1,1,1,0.9699999999999999,1.0,1.0,1.0,0.8,skip,already_attacked_this_round,1785296053.0735607,1785296053073560770,1384721290259183,13.9,53.171875,-1.0,0,0
2026-07-28T23:34:13.074,10.42.0.1,10.42.0.1|10.42.0.210|10.42.0.47,12,3,UPLOAD,0.95,UPLOAD,0.95,1,8688,100.0,9,0.0,72400.0,0,9,0.0,1.0,0.41653231252290834,1,0,0,1,1,1,1,1,0.9699999999999999,1.0,1.0,1.0,0.8,skip,already_attacked_this_round,1785296053.0749793,1785296053074979344,1384721291677945,13.9,53.171875,-1.0,0,0
2026-07-28T23:34:13.076,10.42.0.1,10.42.0.1|10.42.0.210|10.42.0.47,12,3,UPLOAD,0.95,UPLOAD,0.95,1,7128,100.0,10,0.0,79528.0,0,10,0.0,1.0,0.36183434682841675,1,0,0,1,1,1,1,1,0.9699999999999999,1.0,1.0,1.0,0.8,skip,already_attacked_this_round,1785296053.076424,1785296053076423852,1384721293122880,13.9,53.171875,-1.0,0,0
2026-07-28T23:34:13.378,10.42.0.1,10.42.0.1,13,1,DOWNLOAD,0.95,DOWNLOAD,0.95,-1,1448,54.92265189646225,11,1448.0,79528.0,1,10,0.017881841533293814,0.9821181584667061,0.3552605765947108,0,0,0,0,1,0,0,0,0.44,0.8500000000000001,0.0,0.6000000000000001,0.15,skip,training_upload_trigger_not_confirmed,1785296053.3784223,1785296053378422154,1384721595121003,13.9,53.171875,-1.0,0,0
2026-07-28T23:34:13.382,10.42.0.1,10.42.0.1,13,1,DOWNLOAD,0.95,DOWNLOAD,0.95,-1,5792,10.984530385361252,12,7240.0,79528.0,2,10,0.08344089987092015,0.9165591001290798,0.3090025493446825,0,0,0,0,1,0,0,0,0.44,0.8500000000000001,0.0,0.6000000000000001,0.15,skip,training_upload_trigger_not_confirmed,1785296053.3826435,1785296053382643433,1384721599342446,13.9,53.171875,-1.0,0,0
2026-07-28T23:34:13.383,10.42.0.1,10.42.0.1,13,1,DOWNLOAD,0.95,DOWNLOAD,0.95,-1,7240,5.492265193059926,13,14480.0,79528.0,3,10,0.15402944430261253,0.8459705556973874,0.268421039858008,0,0,0,0,1,0,0,0,0.44,0.8500000000000001,0.0,0.6000000000000001,0.15,skip,training_upload_trigger_not_confirmed,1785296053.3836842,1785296053383684011,1384721600382433,13.9,53.171875,-1.0,0,0
2026-07-28T23:34:13.384,10.42.0.1,10.42.0.1,13,1,DOWNLOAD,0.95,DOWNLOAD,0.95,-1,7240,3.661510128790906,14,21720.0,79528.0,4,10,0.21452275600505688,0.7854772439949431,0.2331996099667374,0,0,0,0,1,0,0,0,0.4,0.8500000000000001,0.0,0.4,0.15,skip,training_upload_trigger_not_confirmed,1785296053.3848195,1785296053384819512,1384721601519108,13.9,53.171875,-1.0,0,0
2026-07-28T23:34:13.385,10.42.0.1,10.42.0.1,13,1,DOWNLOAD,0.95,DOWNLOAD,0.95,-1,7240,2.746132596624788,15,28960.0,79528.0,5,10,0.26694196593171593,0.7330580340682841,0.20261359022026676,0,0,0,0,1,0,0,0,0.4,0.8500000000000001,0.0,0.4,0.15,skip,training_upload_trigger_not_confirmed,1785296053.3859103,1785296053385910393,1384721602608910,13.9,53.171875,-1.0,0,0
2026-07-28T23:34:13.387,10.42.0.1,10.42.0.1,13,1,DOWNLOAD,0.95,DOWNLOAD,0.95,-1,7240,2.196906077315002,16,36200.0,79528.0,6,10,0.31280243329185675,0.6871975667081432,0.17614624726657513,0,0,0,0,1,0,0,0,0.4,0.8500000000000001,0.0,0.4,0.15,skip,training_upload_trigger_not_confirmed,1785296053.3876705,1785296053387670466,1384721604369010,13.9,53.171875,-1.0,0,0
2026-07-28T23:34:13.388,10.42.0.1,10.42.0.1,13,1,DOWNLOAD,0.95,DOWNLOAD,0.95,-1,7240,1.8307550644375976,17,43440.0,79528.0,7,10,0.3532626374341292,0.6467373625658708,0.1530607788752801,0,0,0,0,1,0,0,0,0.32,0.8500000000000001,0.0,0.0,0.15,skip,training_upload_trigger_not_confirmed,1785296053.3886275,1785296053388627445,1384721605325788,13.9,53.171875,-1.0,0,0
2026-07-28T23:34:13.389,10.42.0.1,10.42.0.1,13,1,DOWNLOAD,0.95,DOWNLOAD,0.95,-1,7240,1.5692186266659585,18,50680.0,79528.0,8,10,0.3892233964118948,0.6107766035881051,0.13301119657408322,0,0,0,0,1,0,0,0,0.32,0.8500000000000001,0.0,0.0,0.15,skip,training_upload_trigger_not_confirmed,1785296053.3895376,1785296053389537544,1384721606235888,13.9,53.171875,-1.0,0,0
2026-07-28T23:34:13.390,10.42.0.1,10.42.0.1,13,1,DOWNLOAD,0.95,DOWNLOAD,0.95,-1,7240,1.3730662983361002,19,57920.0,79528.0,9,10,0.4213957278388918,0.5786042721611082,0.11560087259165769,0,0,0,0,1,0,0,0,0.32,0.8500000000000001,0.0,0.0,0.15,skip,training_upload_trigger_not_confirmed,1785296053.3904266,1785296053390426525,1384721607124867,13.9,53.171875,-1.0,0,0
2026-07-28T23:34:13.391,10.42.0.1,10.42.0.1,13,1,DOWNLOAD,0.95,DOWNLOAD,0.95,-1,10136,1.1685670624167073,20,68056.0,79528.0,10,10,0.46113399826539464,0.5388660017346054,0.10048575874536582,0,0,0,0,1,0,0,0,0.30250000000000005,0.8000000000000002,0.0,0.0,0.15,skip,training_upload_trigger_not_confirmed,1785296053.391323,1785296053391323063,1384721608021333,13.9,53.171875,-1.0,0,0
2026-07-28T23:34:13.392,10.42.0.1,10.42.0.1,13,1,DOWNLOAD,0.95,DOWNLOAD,0.95,-1,14480,0.9635552970829268,21,82536.0,79528.0,11,10,0.5092802843321157,0.4907197156678843,0.08735916357874537,0,0,0,0,1,0,0,0,0.30250000000000005,0.8000000000000002,0.0,0.0,0.15,skip,training_upload_trigger_not_confirmed,1785296053.3921947,1785296053392194817,1384721608893595,13.9,53.171875,-1.0,0,0
2026-07-28T23:34:13.393,10.42.0.1,10.42.0.1,13,1,DOWNLOAD,0.95,DOWNLOAD,0.95,-1,4344,0.9153775322293349,22,86880.0,79528.0,12,10,0.5220902841209557,0.4779097158790443,0.07596825642122025,0,0,0,0,1,0,0,0,0.30250000000000005,0.8000000000000002,0.0,0.0,0.15,skip,training_upload_trigger_not_confirmed,1785296053.3931115,1785296053393111462,1384721609809842,13.9,53.171875,-1.0,0,0
2026-07-28T23:34:13.394,10.42.0.1,10.42.0.1,13,1,DOWNLOAD,0.95,DOWNLOAD,0.95,-1,14480,0.7846093133407201,23,101360.0,79528.0,13,10,0.5603467338905842,0.4396532661094158,0.06607709188664061,0,0,0,0,1,0,0,0,0.28500000000000003,0.7500000000000001,0.0,0.0,0.15,skip,training_upload_trigger_not_confirmed,1785296053.3940184,1785296053394018413,1384721610716851,13.9,53.171875,-1.0,0,0
2026-07-28T23:34:13.395,10.42.0.1,10.42.0.1,13,1,DOWNLOAD,0.95,DOWNLOAD,0.95,-1,13032,0.6952234422014194,24,114392.0,79528.0,14,10,0.5898927392739274,0.4101072607260726,0.05760303017024304,0,0,0,0,1,0,0,0,0.28500000000000003,0.7500000000000001,0.0,0.0,0.15,skip,training_upload_trigger_not_confirmed,1785296053.3957882,1785296053395788410,1384721612486810,13.9,53.171875,-1.0,0,0
2026-07-28T23:34:13.396,10.42.0.1,10.42.0.1,13,1,DOWNLOAD,0.95,DOWNLOAD,0.95,-1,1448,0.6865331491739768,25,115840.0,79528.0,15,10,0.5929323123541215,0.40706768764587853,0.05013026844252427,0,0,0,0,1,0,0,0,0.28500000000000003,0.7500000000000001,0.0,0.0,0.15,skip,training_upload_trigger_not_confirmed,1785296053.3966825,1785296053396682384,1384721613380831,13.9,53.171875,-1.0,0,0
2026-07-28T23:34:13.397,10.42.0.1,10.42.0.1,13,1,DOWNLOAD,0.95,DOWNLOAD,0.95,-1,14480,0.6102516881552313,26,130320.0,79528.0,16,10,0.6210209294346384,0.3789790705653616,0.04363883283383789,0,0,0,0,1,0,0,0,0.28500000000000003,0.7500000000000001,0.0,0.0,0.15,skip,training_upload_trigger_not_confirmed,1785296053.397551,1785296053397551049,1384721614249624,13.9,53.171875,-1.0,0,0
2026-07-28T23:34:13.398,10.42.0.1,10.42.0.1,13,1,DOWNLOAD,0.95,DOWNLOAD,0.95,-1,14480,0.5492265193401296,27,144800.0,79528.0,17,10,0.6454833993081559,0.3545166006918441,0.03806390970588676,0,0,0,0,1,0,0,0,0.28500000000000003,0.7500000000000001,0.0,0.0,0.15,skip,training_upload_trigger_not_confirmed,1785296053.3988833,1785296053398883233,1384721615581675,13.9,53.171875,-1.0,0,0
2026-07-28T23:34:13.400,10.42.0.1,10.42.0.1,13,1,DOWNLOAD,0.95,DOWNLOAD,0.95,-1,14480,0.49929683576406764,28,159280.0,79528.0,18,10,0.6669793306756893,0.33302066932431074,0.03323046812264399,0,0,0,0,1,0,0,0,0.28500000000000003,0.7500000000000001,0.0,0.0,0.15,skip,training_upload_trigger_not_confirmed,1785296053.4002676,1785296053400267441,1384721616966314,13.9,53.171875,-1.0,0,0
2026-07-28T23:34:13.401,10.42.0.1,10.42.0.1,13,1,DOWNLOAD,0.95,DOWNLOAD,0.95,-1,18824,0.4465256254803568,29,178104.0,79528.0,19,10,0.6913116383058006,0.3086883616941995,0.028983117251203533,0,0,0,0,1,0,0,0,0.28500000000000003,0.7500000000000001,0.0,0.0,0.15,skip,training_upload_trigger_not_confirmed,1785296053.401266,1785296053401266171,1384721617964608,13.9,53.171875,-1.0,0,0
2026-07-28T23:34:13.402,10.42.0.1,10.42.0.1,13,1,DOWNLOAD,0.95,DOWNLOAD,0.95,-1,16920,0.40778570842866624,30,195024.0,79528.0,20,10,0.7103353827325971,0.2896646172674029,0.02528757299671744,0,0,0,0,1,0,0,0,0.28500000000000003,0.7500000000000001,0.0,0.0,0.15,skip,training_upload_trigger_not_confirmed,1785296053.4022048,1785296053402204784,1384721618903061,13.9,53.171875,-1.0,0,0
2026-07-28T23:34:13.403,10.42.0.1,10.42.0.1,13,1,DOWNLOAD,0.95,DOWNLOAD,0.95,-1,20272,0.36938912009805386,31,215296.0,79528.0,21,10,0.7302526252950913,0.26974737470490867,0.022097386349989204,0,0,0,0,1,0,0,0,0.28500000000000003,0.7500000000000001,0.0,0.0,0.15,skip,training_upload_trigger_not_confirmed,1785296053.4032829,1785296053403283069,1384721619981664,43.8,53.171875,-1.0,0,0
2026-07-28T23:34:13.404,10.42.0.1,10.42.0.1,13,1,DOWNLOAD,0.95,DOWNLOAD,0.95,-1,15472,0.34462317132642034,32,230768.0,79528.0,22,10,0.7437027870162684,0.25629721298373165,0.019351493557472167,0,0,0,0,1,0,0,0,0.28500000000000003,0.7500000000000001,0.0,0.0,0.15,skip,training_upload_trigger_not_confirmed,1785296053.4045424,1785296053404542379,1384721621241449,43.8,53.171875,-1.0,0,0
2026-07-28T23:34:13.405,10.42.0.145,10.42.0.1,9,1,DOWNLOAD,0.95,DOWNLOAD,0.95,-1,7300,1.3698630135109776e-10,1,7300.0,0.0,1,0,1.0,0.0,1.2739946040343577,0,0,0,0,0,0,0,0,0.0225,0.0,0.0,0.0,0.15,skip,already_attacked_this_round,1785296053.4059474,1785296053405947273,1384721622645757,43.8,53.171875,-1.0,0,0
2026-07-28T23:34:13.406,10.42.0.145,10.42.0.1,9,1,DOWNLOAD,0.951728813125334,DOWNLOAD,0.951728813125334,-1,7300,6.84931506802402e-11,2,14600.0,0.0,2,0,1.0,0.0,1.1062417883975189,0,0,0,0,0,0,0,0,0.0225,0.0,0.0,0.0,0.15,skip,already_attacked_this_round,1785296053.4069123,1785296053406912352,1384721623611347,43.8,53.171875,-1.0,0,0
2026-07-28T23:34:13.407,10.42.0.1,10.42.0.1,13,1,DOWNLOAD,0.95,DOWNLOAD,0.95,-1,21720,0.31497734546071504,33,252488.0,79528.0,23,10,0.760469374969881,0.23953062503011904,0.017252427304722803,0,0,0,0,1,0,0,0,0.28500000000000003,0.7500000000000001,0.0,0.0,0.15,skip,training_upload_trigger_not_confirmed,1785296053.4079647,1785296053407964793,1384721624663476,43.8,53.171875,-1.0,0,0
2026-07-28T23:34:13.409,10.42.0.1,10.42.0.1,13,1,DOWNLOAD,0.95,DOWNLOAD,0.95,-1,14024,0.2984030737854265,34,266512.0,79528.0,24,10,0.7701768581666859,0.22982314183331407,0.015200553941661758,0,0,0,0,1,0,0,0,0.28500000000000003,0.7500000000000001,0.0,0.0,0.15,skip,training_upload_trigger_not_confirmed,1785296053.409646,1785296053409646068,1384721626348372,43.8,53.171875,-1.0,0,0
2026-07-28T23:34:13.411,10.42.0.59,10.42.0.1,6,1,DOWNLOAD,0.95,DOWNLOAD,0.95,-1,7300,1.3698630135109776e-10,1,7300.0,0.0,1,0,1.0,0.0,1.238313595270941,0,0,0,0,0,0,0,0,0.0225,0.0,0.0,0.0,0.15,skip,training_upload_trigger_not_confirmed,1785296053.411953,1785296053411952811,1384721628651631,43.8,53.171875,-1.0,0,0
2026-07-28T23:34:13.413,10.42.0.59,10.42.0.1,6,1,DOWNLOAD,0.95,DOWNLOAD,0.95,-1,7300,6.84931506802402e-11,2,14600.0,0.0,2,0,1.0,0.0,1.0752805649916723,0,0,0,0,0,0,0,0,0.0225,0.0,0.0,0.0,0.15,skip,training_upload_trigger_not_confirmed,1785296053.413054,1785296053413053867,1384721629752929,43.8,53.171875,-1.0,0,0
2026-07-28T23:34:13.414,10.42.0.1,10.42.0.1,13,1,DOWNLOAD,0.95,DOWNLOAD,0.95,-1,21720,0.2759166227230983,35,288232.0,79528.0,25,10,0.7837502719164673,0.21624972808353274,0.01380323806616696,0,0,0,0,1,0,0,0,0.28500000000000003,0.7500000000000001,0.0,0.0,0.15,skip,training_upload_trigger_not_confirmed,1785296053.4142427,1785296053414242723,1384721630941545,43.8,53.171875,-1.0,0,0
2026-07-28T23:34:13.415,10.42.0.1,10.42.0.1,13,1,DOWNLOAD,0.95,DOWNLOAD,0.95,-1,14024,0.26311471071124104,36,302256.0,79528.0,26,10,0.791693732581774,0.208306267418226,0.01213707549803811,0,0,0,0,1,0,0,0,0.28500000000000003,0.7500000000000001,0.0,0.0,0.15,skip,training_upload_trigger_not_confirmed,1785296053.415402,1785296053415401966,1384721632100343,43.8,53.171875,-1.0,0,0
2026-07-28T23:34:13.416,10.42.0.47,10.42.0.1,12,3,UPLOAD,0.9177118780578676,UPLOAD,0.9177118780578676,0,43,100.0,13,0.0,79528.0,0,13,0.0,1.0,0.17348767628641296,0,0,1,0,0,0,0,0,0.45499999999999996,0.1,1.0,0.0,0.8,skip,attack_already_active,1785296053.4167476,1785296053416747507,1384721633446093,43.8,53.171875,-1.0,0,0
2026-07-28T23:34:13.418,10.42.0.47,10.42.0.1,13,1,DOWNLOAD,0.95,DOWNLOAD,0.95,-1,5792,13.73066298122744,14,5792.0,79528.0,1,13,0.06788560712611345,0.9321143928738865,0.19527378160134976,0,0,0,0,0,0,0,0,0.057499999999999996,0.1,0.0,0.0,0.15,skip,training_upload_trigger_not_confirmed,1785296053.4183638,1785296053418364017,1384721635064288,43.8,53.171875,-1.0,0,0
2026-07-28T23:34:13.420,10.42.0.47,10.42.0.1,13,1,DOWNLOAD,0.9829981496648164,DOWNLOAD,0.9829981496648164,-1,5792,6.865331491206376,15,11584.0,79528.0,2,13,0.12714022302221442,0.8728597769777856,0.16976638059116644,0,0,0,0,0,0,0,0,0.057499999999999996,0.1,0.0,0.0,0.15,skip,training_upload_trigger_not_confirmed,1785296053.420069,1785296053420068932,1384721636767761,43.8,53.171875,-1.0,0,0
2026-07-28T23:34:13.422,10.42.0.47,10.42.0.1,13,1,DOWNLOAD,0.9842257140988042,DOWNLOAD,0.9842257140988042,-1,8688,3.9230465665487837,16,20272.0,79528.0,3,13,0.20312625250501,0.79687374749499,0.14766541355528884,0,0,0,0,0,0,0,0,0.057499999999999996,0.1,0.0,0.0,0.15,skip,training_upload_trigger_not_confirmed,1785296053.4221172,1785296053422117195,1384721638815753,43.8,53.171875,-1.0,0,0
2026-07-28T23:34:13.424,10.42.0.59,10.42.0.1,6,1,DOWNLOAD,0.95,DOWNLOAD,0.95,-1,14600,3.424657534129292e-11,3,29200.0,0.0,3,0,1.0,0.0,0.9350921623931472,0,0,0,0,0,0,0,0,0.0225,0.0,0.0,0.0,0.15,skip,training_upload_trigger_not_confirmed,1785296053.4244835,1785296053424483474,1384721641181748,43.8,53.171875,-1.0,0,0
2026-07-28T23:34:13.425,10.42.0.59,10.42.0.1,6,1,DOWNLOAD,0.95,DOWNLOAD,0.95,-1,14600,2.2831050227789245e-11,4,43800.0,0.0,4,0,1.0,0.0,0.811994768556317,0,0,0,0,0,0,0,0,0.0225,0.0,0.0,0.0,0.15,skip,training_upload_trigger_not_confirmed,1785296053.4254236,1785296053425423728,1384721642122115,43.8,53.171875,-1.0,0,0
2026-07-28T23:34:13.426,10.42.0.59,10.42.0.1,6,1,DOWNLOAD,0.9469447201104136,DOWNLOAD,0.9469447201104136,0,43,2.2831050227789245e-11,4,43800.0,0.0,4,0,1.0,0.0,1.4339313417057742,0,0,0,0,0,0,0,0,0.0225,0.0,0.0,0.0,0.15,skip,training_upload_trigger_not_confirmed,1785296053.4263394,1785296053426339391,1384721643037793,43.8,53.171875,-1.0,0,0
2026-07-28T23:34:13.428,10.42.0.145,10.42.0.1,9,1,DOWNLOAD,0.952602694151387,DOWNLOAD,0.952602694151387,0,43,6.84931506802402e-11,2,14600.0,0.0,2,0,1.0,0.0,1.688927639288965,0,0,0,0,0,0,0,0,0.0225,0.0,0.0,0.0,0.15,skip,already_attacked_this_round,1785296053.4289694,1785296053428969555,1384721645668282,43.8,53.171875,-1.0,0,0
2026-07-28T23:34:13.429,10.42.0.145,10.42.0.1,9,1,DOWNLOAD,0.95,DOWNLOAD,0.95,-1,14600,3.424657534129292e-11,3,29200.0,0.0,3,0,1.0,0.0,1.4693980822610775,0,0,0,0,0,0,0,0,0.0225,0.0,0.0,0.0,0.15,skip,already_attacked_this_round,1785296053.4298909,1785296053429890697,1384721646589025,43.8,53.171875,-1.0,0,0
2026-07-28T23:34:13.430,10.42.0.145,10.42.0.1,9,1,DOWNLOAD,0.9534140502162486,DOWNLOAD,0.9534140502162486,-1,14600,2.2831050227789245e-11,4,43800.0,0.0,4,0,1.0,0.0,1.2758938464404967,0,0,0,0,0,0,0,0,0.0225,0.0,0.0,0.0,0.15,skip,already_attacked_this_round,1785296053.4308388,1785296053430838905,1384721647537223,43.8,53.171875,-1.0,0,0
2026-07-28T23:34:13.434,10.42.0.47,10.42.0.1,13,1,DOWNLOAD,0.9842586901286671,DOWNLOAD,0.9842586901286671,-1,11584,2.496484178757644,17,31856.0,79528.0,4,13,0.28600158011922716,0.7139984198807728,0.1298145146597364,0,0,0,0,0,0,0,0,0.057499999999999996,0.1,0.0,0.0,0.15,skip,training_upload_trigger_not_confirmed,1785296053.434317,1785296053434317068,1384721651015523,43.8,53.171875,-1.0,0,0
2026-07-28T23:34:13.435,10.42.0.47,10.42.0.1,13,1,DOWNLOAD,0.9842595481342594,DOWNLOAD,0.9842595481342594,-1,8688,1.961523283322772,18,40544.0,79528.0,5,13,0.33766406822573125,0.6623359317742687,0.1128310868851466,0,0,0,0,0,0,0,0,0.057499999999999996,0.1,0.0,0.0,0.15,skip,training_upload_trigger_not_confirmed,1785296053.435249,1785296053435249172,1384721651947399,43.8,53.171875,-1.0,0,0
2026-07-28T23:34:13.436,10.42.0.47,10.42.0.1,13,1,DOWNLOAD,0.9842595696464124,DOWNLOAD,0.9842595696464124,-1,11584,1.525629220370518,19,52128.0,79528.0,6,13,0.39594093698730026,0.6040590630126997,0.09809060524584,0,0,0,0,0,0,0,0,0.057499999999999996,0.1,0.0,0.0,0.15,skip,training_upload_trigger_not_confirmed,1785296053.4362187,1785296053436218629,1384721652916712,43.8,53.171875,-1.0,0,0
2026-07-28T23:34:13.438,10.42.0.18,10.42.0.1,11,3,UPLOAD,0.9854688349332961,UPLOAD,0.9854688349332961,0,43,1.0,0,0.0,0.0,0,0,0.0,0.0,1.0450881198650124,0,0,0,0,0,0,0,0,0.4375,0.05,1.0,0.0,0.8,skip,already_attacked_this_round,1785296053.4380732,1785296053438073105,1384721654772026,43.8,53.171875,-1.0,0,0
2026-07-28T23:34:13.439,10.42.0.18,10.42.0.1,12,1,DOWNLOAD,0.95,DOWNLOAD,0.95,-1,10220,9.784735811175661e-11,1,10220.0,0.0,1,0,1.0,0.0,1.6261318128147646,0,0,0,0,0,0,0,0,0.0225,0.0,0.0,0.0,0.15,skip,training_upload_trigger_not_confirmed,1785296053.4397037,1785296053439703842,1384721656402095,43.8,53.171875,-1.0,0,0
2026-07-28T23:34:13.441,10.42.0.59,10.42.0.1,6,1,DOWNLOAD,0.956114025045291,DOWNLOAD,0.956114025045291,-1,21900,1.5220700151975332e-11,5,65700.0,0.0,5,0,1.0,0.0,1.24710028239857,0,0,0,0,0,0,0,0,0.0225,0.0,0.0,0.0,0.15,skip,training_upload_trigger_not_confirmed,1785296053.4415457,1785296053441545826,1384721658243921,43.8,53.171875,-1.0,0,0
2026-07-28T23:34:13.443,10.42.0.47,10.42.0.1,13,1,DOWNLOAD,0.9842595701605352,DOWNLOAD,0.9842595701605352,-1,12576,1.2291048466829082,20,64704.0,79528.0,7,13,0.4486105718564535,0.5513894281435465,0.086181468968905,0,0,0,0,0,0,0,0,0.057499999999999996,0.1,0.0,0.0,0.15,skip,training_upload_trigger_not_confirmed,1785296053.4439342,1785296053443934335,1384721660632337,43.8,53.171875,-1.0,0,0
2026-07-28T23:34:13.445,10.42.0.18,10.42.0.1,12,1,DOWNLOAD,0.95,DOWNLOAD,0.95,-1,4380,6.84931506802402e-11,2,14600.0,0.0,2,0,1.0,0.0,1.4126097742323003,0,0,0,0,0,0,0,0,0.0225,0.0,0.0,0.0,0.15,skip,training_upload_trigger_not_confirmed,1785296053.4454758,1785296053445475762,1384721662173919,43.8,53.171875,-1.0,0,0
2026-07-28T23:34:13.446,10.42.0.18,10.42.0.1,12,1,DOWNLOAD,0.95,DOWNLOAD,0.95,-1,21900,2.739726027322199e-11,3,36500.0,0.0,3,0,1.0,0.0,1.2265891331278778,0,0,0,0,0,0,0,0,0.0225,0.0,0.0,0.0,0.15,skip,training_upload_trigger_not_confirmed,1785296053.4464264,1785296053446426402,1384721663124407,43.8,53.171875,-1.0,0,0
2026-07-28T23:34:13.453,10.42.0.18,10.42.0.1,12,1,DOWNLOAD,0.95,DOWNLOAD,0.95,-1,13501,1.9999600007599855e-11,4,50001.0,0.0,4,0,1.0,0.0,1.0658746802690993,0,0,0,0,0,0,0,0,0.0225,0.0,0.0,0.0,0.15,skip,training_upload_trigger_not_confirmed,1785296053.453398,1785296053453398116,1384721670096126,43.8,53.171875,-1.0,0,0
2026-07-28T23:34:13.557,10.42.0.210,10.42.0.1,13,1,DOWNLOAD,0.9834881016072544,DOWNLOAD,0.9834881016072544,-1,10136,9.865824781978509e-11,1,10136.0,0.0,1,0,1.0,0.0,0.5396923743979832,0,0,0,0,0,0,0,0,0.0225,0.0,0.0,0.0,0.15,skip,training_upload_trigger_not_confirmed,1785296053.55777,1785296053557770060,1384721774470272,43.8,53.171875,-1.0,0,0
2026-07-28T23:34:13.558,10.42.0.210,10.42.0.1,13,1,DOWNLOAD,0.43935248518011855,DOWNLOAD,0.43935248518011855,0,43,9.865824781978509e-11,1,10136.0,0.0,1,0,1.0,0.0,1.004998570261948,0,0,0,0,0,0,0,0,0.0225,0.0,0.0,0.0,0.15,skip,training_upload_trigger_not_confirmed,1785296053.558646,1785296053558646047,1384721775344298,43.8,53.171875,-1.0,0,0
2026-07-28T23:34:13.560,10.42.0.210,10.42.0.1,13,1,DOWNLOAD,0.9557926560077417,DOWNLOAD,0.9557926560077417,-1,14480,4.062398439873968e-11,2,24616.0,0.0,2,0,1.0,0.0,0.87293859437997,0,0,0,0,0,0,0,0,0.0225,0.0,0.0,0.0,0.15,skip,training_upload_trigger_not_confirmed,1785296053.560602,1785296053560601948,1384721777300046,43.8,53.171875,-1.0,0,0
2026-07-28T23:34:13.561,10.42.0.210,10.42.0.1,13,1,DOWNLOAD,0.9846998846180315,DOWNLOAD,0.9846998846180315,-1,18824,2.3020257826357728e-11,3,43440.0,0.0,3,0,1.0,0.0,0.758036386495976,0,0,0,0,0,0,0,0,0.0225,0.0,0.0,0.0,0.15,skip,training_upload_trigger_not_confirmed,1785296053.5615795,1785296053561579610,1384721778277759,43.8,53.171875,-1.0,0,0
2026-07-28T23:34:13.562,10.42.0.210,10.42.0.1,13,1,DOWNLOAD,0.9854895428954357,DOWNLOAD,0.9854895428954357,-1,7240,1.973164956551437e-11,4,50680.0,0.0,4,0,1.0,0.0,0.6582707690661002,0,0,0,0,0,0,0,0,0.0225,0.0,0.0,0.0,0.15,skip,training_upload_trigger_not_confirmed,1785296053.5625222,1785296053562522007,1384721779220079,43.8,53.171875,-1.0,0,0
2026-07-28T23:34:13.563,10.42.0.210,10.42.0.1,13,1,DOWNLOAD,0.9855083405864443,DOWNLOAD,0.9855083405864443,-1,12576,1.5808777032758808e-11,5,63256.0,0.0,5,0,1.0,0.0,0.5716494194001533,0,0,0,0,0,0,0,0,0.0225,0.0,0.0,0.0,0.15,skip,training_upload_trigger_not_confirmed,1785296053.5634475,1785296053563447593,1384721780145524,43.8,53.171875,-1.0,0,0
2026-07-28T23:34:13.744,10.42.0.59,10.42.0.1,6,3,UPLOAD,0.95,UPLOAD,0.95,1,64240,0.9777777777781161,6,65700.0,64240.0,5,1,0.5056179775280899,0.4943820224719101,1.1246772991824348,0,0,0,1,1,1,1,1,0.85,1.0,1.0,0.4,0.8,trigger,training_upload_trigger_confirmed,1785296053.7444055,1785296053744405479,1384721961104333,43.8,53.171875,7.133208,1785296053751540163,1384721968237541
2026-07-28T23:34:13.748,10.42.0.145,10.42.0.1,9,3,UPLOAD,0.95,UPLOAD,0.95,1,64240,1.4666666666560122,5,43800.0,64240.0,4,1,0.40540540540540543,0.5945945945945946,1.149910007089121,0,0,0,1,1,1,1,1,0.85,1.0,1.0,0.4,0.8,skip,already_attacked_this_round,1785296053.7488067,1785296053748806552,1384721965505665,43.8,53.171875,-1.0,0,0
2026-07-28T23:34:13.750,10.42.0.1,10.42.0.1,13,3,UPLOAD,0.95,UPLOAD,0.95,1,7240,0.2870679159411655,37,302256.0,86768.0,26,11,0.7769597762605907,0.2230402237394094,0.03478397174942975,1,0,0,0,1,0,0,0,0.85,1.0,1.0,0.4,0.8,trigger,training_upload_trigger_confirmed,1785296053.7502098,1785296053750209808,1384721966909252,43.8,53.171875,19.267782,1785296053769479699,1384721986177034
2026-07-28T23:34:13.751,10.42.0.1,10.42.0.1,13,3,UPLOAD,0.95,UPLOAD,0.95,1,7240,0.31102112117109,38,302256.0,94008.0,26,12,0.7627642177941978,0.2372357822058022,0.03035072783429453,1,0,1,0,1,0,0,0,0.85,1.0,1.0,0.4,0.8,skip,attack_already_active,1785296053.751351,1785296053751350944,1384721968050000,43.8,53.171875,-1.0,0,0
2026-07-28T23:34:13.752,10.42.0.59,10.42.0.1,6,3,UPLOAD,0.9841010226033655,UPLOAD,0.9841010226033655,1,6528,1.077138508370211,7,65700.0,70768.0,5,2,0.48143154439135916,0.5185684556086408,0.9775058611359557,0,0,1,1,1,1,1,1,0.85,1.0,1.0,0.4,0.8,skip,attack_already_active,1785296053.7522395,1785296053752239453,1384721968937669,43.8,53.171875,-1.0,0,0
2026-07-28T23:34:13.753,10.42.0.1,10.42.0.1,13,3,UPLOAD,0.95,UPLOAD,0.95,1,7240,0.33497432640101443,39,302256.0,101248.0,26,13,0.749078076053769,0.25092192394623103,0.02665282178510868,1,0,1,0,1,0,0,0,0.85,1.0,1.0,0.4,0.8,skip,attack_already_active,1785296053.7536395,1785296053753639340,1384721970338191,43.8,53.171875,-1.0,0,0
2026-07-28T23:34:13.754,10.42.0.1,10.42.0.1,13,3,UPLOAD,0.95,UPLOAD,0.95,1,7240,0.3589275316309389,40,302256.0,108488.0,26,14,0.7358744132598407,0.26412558674015935,0.02328373556393883,1,0,1,1,1,1,1,1,0.85,1.0,1.0,0.4,0.8,skip,attack_already_active,1785296053.7547252,1785296053754725209,1384721971424160,43.8,53.171875,-1.0,0,0
2026-07-28T23:34:13.756,10.42.0.1,10.42.0.1,13,3,UPLOAD,0.95,UPLOAD,0.95,1,14480,0.40683394209078777,41,302256.0,122968.0,26,15,0.7108159464188286,0.28918405358117133,0.02040545235494399,1,0,1,1,1,1,1,1,0.85,1.0,1.0,0.4,0.8,skip,attack_already_active,1785296053.7561665,1785296053756166509,1384721972865238,43.8,53.171875,-1.0,0,0
2026-07-28T23:34:13.757,10.42.0.1,10.42.0.1,13,3,UPLOAD,0.95,UPLOAD,0.95,1,14480,0.4547403525506368,42,302256.0,137448.0,26,16,0.6874078925822826,0.31259210741771737,0.017837869024479588,1,0,1,1,1,1,1,1,0.85,1.0,1.0,0.4,0.8,skip,attack_already_active,1785296053.7570872,1785296053757087308,1384721973785805,43.8,53.171875,-1.0,0,0
2026-07-28T23:34:13.757,10.42.0.1,10.42.0.1,13,3,UPLOAD,0.9259743658990378,UPLOAD,0.9259743658990378,0,43,0.4547403525506368,42,302256.0,137448.0,26,16,0.6874078925822826,0.31259210741771737,0.0406201161508149,1,0,1,0,1,1,0,0,0.6825,0.7500000000000001,1.0,0.0,0.8,skip,attack_already_active,1785296053.7578716,1785296053757871628,1384721974570254,43.8,53.171875,-1.0,0,0
2026-07-28T23:34:13.759,10.42.0.1,10.42.0.1,13,3,UPLOAD,0.9187533221895284,UPLOAD,0.9187533221895284,0,43,0.4547403525506368,42,302256.0,137448.0,26,16,0.6874078925822826,0.31259210741771737,0.035418351504606926,1,0,1,0,1,1,0,0,0.6825,0.7500000000000001,1.0,0.0,0.8,skip,attack_already_active,1785296053.759017,1785296053759017072,1384721975715640,43.8,53.171875,-1.0,0,0
2026-07-28T23:34:13.760,10.42.0.1,10.42.0.1,13,3,UPLOAD,0.95,UPLOAD,0.95,1,14480,0.5026467630104857,43,302256.0,151928.0,26,17,0.665492399556127,0.33450760044387295,0.03122080839982808,1,0,1,1,1,1,1,1,0.9299999999999999,1.0,1.0,0.8,0.8,skip,attack_already_active,1785296053.7606516,1785296053760651412,1384721977350056,43.8,53.171875,-1.0,0,0
2026-07-28T23:34:13.761,10.42.0.1,10.42.0.1,13,3,UPLOAD,0.95,UPLOAD,0.95,1,14480,0.5505531734703346,44,302256.0,166408.0,26,18,0.6449311233634331,0.35506887663656694,0.027256281587768123,1,0,1,1,1,1,1,1,0.9299999999999999,1.0,1.0,0.8,0.8,skip,attack_already_active,1785296053.7617867,1785296053761786630,1384721978485231,43.8,53.171875,-1.0,0,0
2026-07-28T23:34:13.764,10.42.0.1,10.42.0.1,13,3,UPLOAD,0.95,UPLOAD,0.95,1,14480,0.5984595839301835,45,302256.0,180888.0,26,19,0.625602304902886,0.3743976950971139,0.024079058977817053,1,0,1,1,1,1,1,1,0.9699999999999999,1.0,1.0,1.0,0.8,skip,attack_already_active,1785296053.764932,1785296053764931751,1384721981630274,43.8,53.171875,-1.0,0,0
2026-07-28T23:34:13.766,10.42.0.1,10.42.0.1,13,3,UPLOAD,0.95,UPLOAD,0.95,1,14480,0.6463659943900324,46,302256.0,195368.0,26,20,0.6073983569924281,0.392601643007572,0.021118058938016056,1,0,1,1,1,1,1,1,0.9699999999999999,1.0,1.0,1.0,0.8,skip,attack_already_active,1785296053.7665408,1785296053766540748,1384721983239304,43.8,53.171875,-1.0,0,0
2026-07-28T23:34:13.769,10.42.0.1,10.42.0.1,13,3,UPLOAD,0.95,UPLOAD,0.95,1,7129,0.6699519612524815,47,302256.0,202497.0,26,21,0.5988196206857611,0.40118037931423883,0.018735653742756188,1,0,1,1,1,1,1,1,0.9699999999999999,1.0,1.0,1.0,0.8,skip,attack_already_active,1785296053.7695794,1785296053769579609,1384721986278531,43.8,53.171875,-1.0,0,0
2026-07-28T23:34:13.771,10.42.0.1,10.42.0.1,13,3,UPLOAD,0.95,UPLOAD,0.95,1,14480,0.7178583717123305,48,302256.0,216977.0,26,22,0.5821201657059547,0.41787983429404524,0.01647893517673015,1,0,1,1,1,1,1,1,0.9699999999999999,1.0,1.0,1.0,0.8,skip,attack_already_active,1785296053.7711895,1785296053771189578,1384721987888180,43.8,53.171875,-1.0,0,0
2026-07-28T23:34:13.772,10.42.0.1,10.42.0.1,13,3,UPLOAD,0.95,UPLOAD,0.95,1,13032,0.7609741411261944,49,302256.0,230009.0,26,23,0.5678675096051778,0.43213249039482216,0.014489276631191423,1,0,1,1,1,1,1,1,0.9699999999999999,1.0,1.0,1.0,0.8,skip,attack_already_active,1785296053.7725694,1785296053772569292,1384721989267784,43.8,53.171875,-1.0,0,0
2026-07-28T23:34:13.773,10.42.0.1,10.42.0.1,13,3,UPLOAD,0.95,UPLOAD,0.95,1,8576,0.7893474405808674,50,302256.0,238585.0,26,24,0.558862956025893,0.44113704397410697,0.012746943814758101,1,0,1,1,1,1,1,1,0.9699999999999999,1.0,1.0,1.0,0.8,skip,attack_already_active,1785296053.7738366,1785296053773836585,1384721990534856,43.8,53.171875,-1.0,0,0
2026-07-28T23:34:13.853,10.42.0.18,10.42.0.1,12,3,UPLOAD,0.95,UPLOAD,0.95,1,64240,1.2847743045082143,5,50001.0,64240.0,4,1,0.4376799922969862,0.5623200077030138,0.980156529312986,0,0,0,1,1,1,1,1,0.9699999999999999,1.0,1.0,1.0,0.8,trigger,training_upload_trigger_confirmed,1785296053.8534565,1785296053853456422,1384722070155649,43.8,53.171875,31.499552,1785296053884957907,1384722101655201
2026-07-28T23:34:13.855,10.42.0.18,10.42.0.1,12,3,UPLOAD,0.9841010226033655,UPLOAD,0.9841010226033655,1,5068,1.3861322773467302,6,50001.0,69308.0,4,2,0.4190882498386542,0.5809117501613458,0.8512843932908242,0,0,1,1,1,1,1,1,0.9699999999999999,1.0,1.0,1.0,0.8,skip,attack_already_active,1785296053.855638,1785296053855638024,1384722072336554,43.8,53.171875,-1.0,0,0
2026-07-28T23:34:13.857,10.42.0.1,10.42.0.1,13,3,UPLOAD,0.95,UPLOAD,0.95,1,7240,0.8133006458107919,51,302256.0,245825.0,26,25,0.5514805293378169,0.4485194706621831,0.016278973836774097,1,0,1,1,1,1,1,1,0.9699999999999999,1.0,1.0,1.0,0.8,skip,attack_already_active,1785296053.85725,1785296053857249977,1384722073948588,43.8,53.171875,-1.0,0,0
2026-07-28T23:34:13.858,10.42.0.1,10.42.0.1,13,3,UPLOAD,0.95,UPLOAD,0.95,1,7240,0.8372538510407163,52,302256.0,253065.0,26,26,0.5442905994911051,0.45570940050889486,0.014276895918279145,1,0,1,1,1,1,1,1,0.9699999999999999,1.0,1.0,1.0,0.8,skip,attack_already_active,1785296053.8583357,1785296053858335634,1384722075034045,43.8,53.171875,-1.0,0,0
2026-07-28T23:34:13.859,10.42.0.1,10.42.0.1,13,3,UPLOAD,0.7856281200817175,UPLOAD,0.7856281200817175,0,43,0.8372538510407163,52,302256.0,253065.0,26,26,0.5442905994911051,0.45570940050889486,0.025682552612852308,1,0,1,1,1,1,1,1,0.8200000000000001,0.8000000000000002,1.0,0.6000000000000001,0.8,skip,attack_already_active,1785296053.8598483,1785296053859848081,1384722076546452,43.8,53.171875,-1.0,0,0
2026-07-28T23:34:13.860,10.42.0.1,10.42.0.1,13,3,UPLOAD,0.95,UPLOAD,0.95,1,10136,0.8707883383626105,53,302256.0,263201.0,26,27,0.5345340140806463,0.46546598591935373,0.022637650939019628,1,0,1,1,1,1,1,1,0.9699999999999999,1.0,1.0,1.0,0.8,skip,attack_already_active,1785296053.8609114,1785296053860911361,1384722077609834,43.8,53.171875,-1.0,0,0
2026-07-28T23:34:13.861,10.42.0.1,10.42.0.1,13,3,UPLOAD,0.95,UPLOAD,0.95,1,4344,0.8851602615005653,54,302256.0,267545.0,26,28,0.530458879503546,0.469541120496454,0.01979659352880979,1,0,1,1,1,1,1,1,0.9699999999999999,1.0,1.0,1.0,0.8,skip,attack_already_active,1785296053.861989,1785296053861989114,1384722078687569,43.8,53.171875,-1.0,0,0
2026-07-28T23:34:13.865,10.42.0.1,10.42.0.1,13,3,UPLOAD,0.95,UPLOAD,0.95,1,14480,0.9330666719604142,55,302256.0,282025.0,26,29,0.5173127313741163,0.4826872686258838,0.01763340782197987,1,0,1,1,1,1,1,1,0.9699999999999999,1.0,1.0,1.0,0.8,skip,attack_already_active,1785296053.8653698,1785296053865369929,1384722082068413,43.8,53.171875,-1.0,0,0
2026-07-28T23:34:13.867,10.42.0.1,10.42.0.1,13,3,UPLOAD,0.95,UPLOAD,0.95,1,14480,0.980973082420263,56,302256.0,296505.0,26,30,0.5048024169910866,0.4951975830089134,0.0156349772254709,1,0,1,1,1,1,1,1,0.9699999999999999,1.0,1.0,1.0,0.8,skip,attack_already_active,1785296053.8678377,1785296053867837783,1384722084536690,43.8,53.171875,-1.0,0,0
2026-07-28T23:34:13.868,10.42.0.1,10.42.0.1,13,3,UPLOAD,0.95,UPLOAD,0.95,1,5792,1.0001356466042026,57,302256.0,302297.0,26,31,0.4999660906487934,0.5000339093512066,0.013715562394618713,1,0,1,1,1,1,1,1,0.9699999999999999,1.0,1.0,1.0,0.8,skip,attack_already_active,1785296053.8689067,1785296053868906657,1384722085605099,43.8,53.171875,-1.0,0,0
2026-07-28T23:34:13.870,10.42.0.1,10.42.0.1,13,3,UPLOAD,0.95,UPLOAD,0.95,1,7240,1.0240888518341271,58,302256.0,309537.0,26,32,0.4940494579048796,0.5059505420951204,0.012176883748675357,1,0,1,1,1,1,1,1,0.9699999999999999,1.0,1.0,1.0,0.8,skip,attack_already_active,1785296053.8709457,1785296053870945755,1384722087644480,43.8,53.171875,-1.0,0,0
2026-07-28T23:34:13.872,10.42.0.1,10.42.0.1,13,3,UPLOAD,0.95,UPLOAD,0.95,1,8576,1.0524621512888,59,302256.0,318113.0,26,33,0.48721970311218,0.51278029688782,0.010824595156017063,1,0,1,1,1,1,1,1,0.9699999999999999,1.0,1.0,1.0,0.8,skip,attack_already_active,1785296053.8728604,1785296053872860326,1384722089558838,43.8,53.171875,-1.0,0,0
2026-07-28T23:34:15.113,10.42.0.210,10.42.0.1|10.42.0.210,13,3,UPLOAD,0.95,UPLOAD,0.95,1,1448,100.0,1,0.0,1448.0,0,1,0.0,1.0,0.7011995793003143,1,0,0,1,1,1,1,1,0.9525,0.95,1.0,1.0,0.8,trigger,training_upload_trigger_confirmed,1785296055.1134157,1785296055113415750,1384723330114364,5.6,53.18359375,6.587621,1785296055120004707,1384723336701985
2026-07-28T23:34:15.114,10.42.0.210,10.42.0.1|10.42.0.210,13,3,UPLOAD,0.9841010226033655,UPLOAD,0.9841010226033655,1,1448,100.0,2,0.0,2896.0,0,2,0.0,1.0,0.6089261781797207,1,0,1,1,1,1,1,1,0.9699999999999999,1.0,1.0,1.0,0.8,skip,attack_already_active,1785296055.114378,1785296055114377873,1384723331076336,5.6,53.18359375,-1.0,0,0
2026-07-28T23:34:15.116,10.42.0.210,10.42.0.1|10.42.0.210,13,3,UPLOAD,0.9854688349332961,UPLOAD,0.9854688349332961,1,1448,100.0,3,0.0,4344.0,0,3,0.0,1.0,0.5289146021349922,1,0,1,1,1,1,1,1,0.9699999999999999,1.0,1.0,1.0,0.8,skip,attack_already_active,1785296055.1161184,1785296055116118435,1384723332817461,5.6,53.18359375,-1.0,0,0
2026-07-28T23:34:15.117,10.42.0.210,10.42.0.1|10.42.0.210,13,3,UPLOAD,0.9855076450773014,UPLOAD,0.9855076450773014,1,1448,100.0,4,0.0,5792.0,0,4,0.0,1.0,0.45934525047718505,1,0,1,1,1,1,1,1,0.9699999999999999,1.0,1.0,1.0,0.8,skip,attack_already_active,1785296055.1170905,1785296055117090686,1384723333789055,5.6,53.18359375,-1.0,0,0
2026-07-28T23:34:15.118,10.42.0.210,10.42.0.1|10.42.0.210,13,3,UPLOAD,0.9855086980780915,UPLOAD,0.9855086980780915,1,1448,100.0,5,0.0,7240.0,0,5,0.0,1.0,0.3989811269908771,1,0,1,1,1,1,1,1,0.9699999999999999,1.0,1.0,1.0,0.8,skip,attack_already_active,1785296055.118349,1785296055118348981,1384723335047636,5.6,53.18359375,-1.0,0,0
2026-07-28T23:34:15.119,10.42.0.210,10.42.0.1|10.42.0.210,13,3,UPLOAD,0.9855087254685951,UPLOAD,0.9855087254685951,1,1448,100.0,6,0.0,8688.0,0,6,0.0,1.0,0.34650063880725585,1,0,1,1,1,1,1,1,0.9699999999999999,1.0,1.0,1.0,0.8,skip,attack_already_active,1785296055.1190703,1785296055119070275,1384723335768769,5.6,53.18359375,-1.0,0,0
2026-07-28T23:34:15.120,10.42.0.210,10.42.0.1|10.42.0.210,13,3,UPLOAD,0.9855087261493067,UPLOAD,0.9855087261493067,1,1448,100.0,7,0.0,10136.0,0,7,0.0,1.0,0.30098811201758824,1,0,1,1,1,1,1,1,0.9699999999999999,1.0,1.0,1.0,0.8,skip,attack_already_active,1785296055.120189,1785296055120188971,1384723336888541,5.6,53.18359375,-1.0,0,0
2026-07-28T23:34:15.121,10.42.0.210,10.42.0.1|10.42.0.210,13,3,UPLOAD,0.9855087261653082,UPLOAD,0.9855087261653082,1,1448,100.0,8,0.0,11584.0,0,8,0.0,1.0,0.2614570141881515,1,0,1,1,1,1,1,1,0.9699999999999999,1.0,1.0,1.0,0.8,skip,attack_already_active,1785296055.1211865,1785296055121186488,1384723337885011,5.6,53.18359375,-1.0,0,0
2026-07-28T23:34:15.122,10.42.0.210,10.42.0.1|10.42.0.210,13,3,UPLOAD,0.985508726165656,UPLOAD,0.985508726165656,1,1448,100.0,9,0.0,13032.0,0,9,0.0,1.0,0.2271360797177085,1,0,1,1,1,1,1,1,0.9699999999999999,1.0,1.0,1.0,0.8,skip,attack_already_active,1785296055.1221914,1785296055122191404,1384723338889624,5.6,53.18359375,-1.0,0,0
2026-07-28T23:34:15.122,10.42.0.210,10.42.0.1|10.42.0.210,13,3,UPLOAD,0.9855087261656625,UPLOAD,0.9855087261656625,1,1448,100.0,10,0.0,14480.0,0,10,0.0,1.0,0.19729240131195627,1,0,1,1,1,1,1,1,0.9699999999999999,1.0,1.0,1.0,0.8,skip,attack_already_active,1785296055.122852,1785296055122852157,1384723339550528,5.6,53.18359375,-1.0,0,0
2026-07-28T23:34:15.123,10.42.0.210,10.42.0.1|10.42.0.210,13,3,UPLOAD,0.9855087261656628,UPLOAD,0.9855087261656628,1,1448,100.0,11,0.0,15928.0,0,11,0.0,1.0,0.1714035699342878,1,0,1,1,1,1,1,1,0.9699999999999999,1.0,1.0,1.0,0.8,skip,attack_already_active,1785296055.1236813,1785296055123681316,1384723340379289,5.6,53.18359375,-1.0,0,0
2026-07-28T23:34:15.124,10.42.0.210,10.42.0.1|10.42.0.210,13,3,UPLOAD,0.95,UPLOAD,0.95,1,1448,100.0,12,0.0,17376.0,0,12,0.0,1.0,0.14889075522220485,1,0,1,1,1,1,1,1,0.9699999999999999,1.0,1.0,1.0,0.8,skip,attack_already_active,1785296055.1242414,1785296055124241367,1384723340939301,5.6,53.18359375,-1.0,0,0
2026-07-28T23:34:15.125,10.42.0.210,10.42.0.1|10.42.0.210,13,3,UPLOAD,0.95,UPLOAD,0.95,1,1448,100.0,13,0.0,18824.0,0,13,0.0,1.0,0.12941370458674387,1,0,1,1,1,1,1,1,0.9699999999999999,1.0,1.0,1.0,0.8,skip,attack_already_active,1785296055.1253262,1785296055125326117,1384723342024149,5.6,53.18359375,-1.0,0,0
2026-07-28T23:34:15.125,10.42.0.210,10.42.0.1|10.42.0.210,13,3,UPLOAD,0.95,UPLOAD,0.95,1,1448,100.0,14,0.0,20272.0,0,14,0.0,1.0,0.11243461617248283,1,0,1,1,1,1,1,1,0.9699999999999999,1.0,1.0,1.0,0.8,skip,attack_already_active,1785296055.1258903,1785296055125890400,1384723342588364,5.6,53.18359375,-1.0,0,0
2026-07-28T23:34:15.126,10.42.0.210,10.42.0.1|10.42.0.210,13,3,UPLOAD,0.95,UPLOAD,0.95,1,1448,100.0,15,0.0,21720.0,0,15,0.0,1.0,0.09772617781005197,1,0,1,1,1,1,1,1,0.9699999999999999,1.0,1.0,1.0,0.8,skip,attack_already_active,1785296055.1267066,1785296055126706619,1384723343404581,5.6,53.18359375,-1.0,0,0
2026-07-28T23:34:15.127,10.42.0.210,10.42.0.1|10.42.0.210,13,3,UPLOAD,0.95,UPLOAD,0.95,1,1448,100.0,16,0.0,23168.0,0,16,0.0,1.0,0.08492137686975405,1,0,1,1,1,1,1,1,0.9699999999999999,1.0,1.0,1.0,0.8,skip,attack_already_active,1785296055.1272607,1785296055127260609,1384723343958570,5.6,53.18359375,-1.0,0,0
2026-07-28T23:34:15.128,10.42.0.210,10.42.0.1|10.42.0.210,13,3,UPLOAD,0.95,UPLOAD,0.95,1,1448,100.0,17,0.0,24616.0,0,17,0.0,1.0,0.07384721506095343,1,0,1,1,1,1,1,1,0.9699999999999999,1.0,1.0,1.0,0.8,skip,attack_already_active,1785296055.1281433,1785296055128143472,1384723344841635,5.6,53.18359375,-1.0,0,0
2026-07-28T23:34:15.128,10.42.0.210,10.42.0.1|10.42.0.210,13,3,UPLOAD,0.95,UPLOAD,0.95,1,1448,100.0,18,0.0,26064.0,0,18,0.0,1.0,0.06419844557911779,1,0,1,1,1,1,1,1,0.9699999999999999,1.0,1.0,1.0,0.8,skip,attack_already_active,1785296055.1287687,1785296055128768665,1384723345466622,5.6,53.18359375,-1.0,0,0
2026-07-28T23:34:15.129,10.42.0.210,10.42.0.1|10.42.0.210,13,3,UPLOAD,0.95,UPLOAD,0.95,1,1448,100.0,19,0.0,27512.0,0,19,0.0,1.0,0.05586364542282343,1,0,1,1,1,1,1,1,0.9699999999999999,1.0,1.0,1.0,0.8,skip,attack_already_active,1785296055.1297166,1785296055129716786,1384723346415175,5.6,53.18359375,-1.0,0,0
2026-07-28T23:34:15.130,10.42.0.210,10.42.0.1|10.42.0.210,13,3,UPLOAD,0.95,UPLOAD,0.95,1,1448,100.0,20,0.0,28960.0,0,20,0.0,1.0,0.0486188649144303,1,0,1,1,1,1,1,1,0.9699999999999999,1.0,1.0,1.0,0.8,skip,attack_already_active,1785296055.1306016,1785296055130601667,1384723347300158,5.6,53.18359375,-1.0,0,0
2026-07-28T23:34:15.132,10.42.0.210,10.42.0.1|10.42.0.210,13,3,UPLOAD,0.95,UPLOAD,0.95,1,1448,100.0,21,0.0,30408.0,0,21,0.0,1.0,0.042445320365787104,1,0,1,1,1,1,1,1,0.9699999999999999,1.0,1.0,1.0,0.8,skip,attack_already_active,1785296055.1323712,1785296055132371209,1384723349069835,5.6,53.18359375,-1.0,0,0
2026-07-28T23:34:15.133,10.42.0.210,10.42.0.1|10.42.0.210,13,3,UPLOAD,0.95,UPLOAD,0.95,1,1448,100.0,22,0.0,31856.0,0,22,0.0,1.0,0.03698007422466527,1,0,1,1,1,1,1,1,0.9699999999999999,1.0,1.0,1.0,0.8,skip,attack_already_active,1785296055.1333423,1785296055133342211,1384723350040611,5.6,53.18359375,-1.0,0,0
2026-07-28T23:34:15.134,10.42.0.210,10.42.0.1|10.42.0.210,13,3,UPLOAD,0.95,UPLOAD,0.95,1,1448,100.0,23,0.0,33304.0,0,23,0.0,1.0,0.0322898000785113,1,0,1,1,1,1,1,1,0.9699999999999999,1.0,1.0,1.0,0.8,skip,attack_already_active,1785296055.1347291,1785296055134729097,1384723351427763,5.6,53.18359375,-1.0,0,0
2026-07-28T23:34:15.135,10.42.0.210,10.42.0.1|10.42.0.210,13,3,UPLOAD,0.95,UPLOAD,0.95,1,1448,100.0,24,0.0,34752.0,0,24,0.0,1.0,0.028162132461392892,1,0,1,1,1,1,1,1,0.9699999999999999,1.0,1.0,1.0,0.8,skip,attack_already_active,1785296055.1356952,1785296055135695194,1384723352395796,5.6,53.18359375,-1.0,0,0
2026-07-28T23:34:15.136,10.42.0.210,10.42.0.1|10.42.0.210,13,3,UPLOAD,0.95,UPLOAD,0.95,1,1448,100.0,25,0.0,36200.0,0,25,0.0,1.0,0.024584575295729157,1,0,1,1,1,1,1,1,0.9699999999999999,1.0,1.0,1.0,0.8,skip,attack_already_active,1785296055.1367083,1785296055136708373,1384723353406535,5.6,53.18359375,-1.0,0,0
2026-07-28T23:34:15.137,10.42.0.210,10.42.0.1|10.42.0.210,13,3,UPLOAD,0.95,UPLOAD,0.95,1,1448,100.0,26,0.0,37648.0,0,26,0.0,1.0,0.021425447533651554,1,0,1,1,1,1,1,1,0.9699999999999999,1.0,1.0,1.0,0.8,skip,attack_already_active,1785296055.137319,1785296055137319094,1384723354017111,5.6,53.18359375,-1.0,0,0
2026-07-28T23:34:15.138,10.42.0.210,10.42.0.1|10.42.0.210,13,3,UPLOAD,0.95,UPLOAD,0.95,1,1448,100.0,27,0.0,39096.0,0,27,0.0,1.0,0.018711516237335198,1,0,1,1,1,1,1,1,0.9699999999999999,1.0,1.0,1.0,0.8,skip,attack_already_active,1785296055.1381493,1785296055138149282,1384723354848044,5.6,53.18359375,-1.0,0,0
2026-07-28T23:34:15.138,10.42.0.210,10.42.0.1|10.42.0.210,13,3,UPLOAD,0.95,UPLOAD,0.95,1,1448,100.0,28,0.0,40544.0,0,28,0.0,1.0,0.016330517655371298,1,0,1,1,1,1,1,1,0.9699999999999999,1.0,1.0,1.0,0.8,skip,attack_already_active,1785296055.138792,1785296055138791897,1384723355490131,5.6,53.18359375,-1.0,0,0
2026-07-28T23:34:15.139,10.42.0.210,10.42.0.1|10.42.0.210,13,3,UPLOAD,0.95,UPLOAD,0.95,1,1448,100.0,29,0.0,41992.0,0,29,0.0,1.0,0.014307321205947167,1,0,1,1,1,1,1,1,0.9699999999999999,1.0,1.0,1.0,0.8,skip,attack_already_active,1785296055.139769,1785296055139769028,1384723356467256,5.6,53.18359375,-1.0,0,0
2026-07-28T23:34:15.140,10.42.0.210,10.42.0.1|10.42.0.210,13,3,UPLOAD,0.95,UPLOAD,0.95,1,1448,100.0,30,0.0,43440.0,0,30,0.0,1.0,0.012504232521115722,1,0,1,1,1,1,1,1,0.9699999999999999,1.0,1.0,1.0,0.8,skip,attack_already_active,1785296055.1403933,1785296055140393187,1384723357091210,5.6,53.18359375,-1.0,0,0
2026-07-28T23:34:15.141,10.42.0.210,10.42.0.1|10.42.0.210,13,3,UPLOAD,0.95,UPLOAD,0.95,1,1448,100.0,31,0.0,44888.0,0,31,0.0,1.0,0.010965512584236723,1,0,1,1,1,1,1,1,0.9699999999999999,1.0,1.0,1.0,0.8,skip,attack_already_active,1785296055.1412206,1785296055141220646,1384723357918735,5.6,53.18359375,-1.0,0,0
2026-07-28T23:34:15.141,10.42.0.210,10.42.0.1|10.42.0.210,13,3,UPLOAD,0.95,UPLOAD,0.95,1,1448,100.0,32,0.0,46336.0,0,32,0.0,1.0,0.00959776215826329,1,0,1,1,1,1,1,1,0.9699999999999999,1.0,1.0,1.0,0.8,skip,attack_already_active,1785296055.1418066,1785296055141806599,1384723358504589,5.6,53.18359375,-1.0,0,0
2026-07-28T23:34:15.142,10.42.0.210,10.42.0.1|10.42.0.210,13,3,UPLOAD,0.95,UPLOAD,0.95,1,1448,100.0,33,0.0,47784.0,0,33,0.0,1.0,0.00844515114017542,1,0,1,1,1,1,1,1,0.9699999999999999,1.0,1.0,1.0,0.8,skip,attack_already_active,1785296055.1426575,1785296055142657545,1384723359355802,5.6,53.18359375,-1.0,0,0
2026-07-28T23:34:15.143,10.42.0.210,10.42.0.1|10.42.0.210,13,3,UPLOAD,0.95,UPLOAD,0.95,1,1448,100.0,34,0.0,49232.0,0,34,0.0,1.0,0.007410336859167723,1,0,1,1,1,1,1,1,0.9699999999999999,1.0,1.0,1.0,0.8,skip,attack_already_active,1785296055.1432498,1785296055143249664,1384723359947714,5.6,53.18359375,-1.0,0,0
2026-07-28T23:34:15.143,10.42.0.210,10.42.0.1|10.42.0.210,13,3,UPLOAD,0.95,UPLOAD,0.95,1,1448,100.0,35,0.0,50680.0,0,35,0.0,1.0,0.00650943411676802,1,0,1,1,1,1,1,1,0.9699999999999999,1.0,1.0,1.0,0.8,skip,attack_already_active,1785296055.1438234,1785296055143823482,1384723360521458,5.6,53.18359375,-1.0,0,0
2026-07-28T23:34:15.144,10.42.0.210,10.42.0.1|10.42.0.210,13,3,UPLOAD,0.95,UPLOAD,0.95,1,1448,100.0,36,0.0,52128.0,0,36,0.0,1.0,0.005726838927416379,1,0,1,1,1,1,1,1,0.9699999999999999,1.0,1.0,1.0,0.8,skip,attack_already_active,1785296055.144394,1785296055144393954,1384723361092076,5.6,53.18359375,-1.0,0,0
2026-07-28T23:34:15.144,10.42.0.210,10.42.0.1|10.42.0.210,13,3,UPLOAD,0.95,UPLOAD,0.95,1,1448,100.0,37,0.0,53576.0,0,37,0.0,1.0,0.005050731473949555,1,0,1,1,1,1,1,1,0.9699999999999999,1.0,1.0,1.0,0.8,skip,attack_already_active,1785296055.14499,1785296055144989837,1384723361687976,5.6,53.18359375,-1.0,0,0
2026-07-28T23:34:15.145,10.42.0.210,10.42.0.1|10.42.0.210,13,3,UPLOAD,0.95,UPLOAD,0.95,1,1448,100.0,38,0.0,55024.0,0,38,0.0,1.0,0.004496674659215742,1,0,1,1,1,1,1,1,0.9699999999999999,1.0,1.0,1.0,0.8,skip,attack_already_active,1785296055.145836,1785296055145835905,1384723362534368,5.6,53.18359375,-1.0,0,0
2026-07-28T23:34:15.146,10.42.0.210,10.42.0.1|10.42.0.210,13,3,UPLOAD,0.95,UPLOAD,0.95,1,1448,100.0,39,0.0,56472.0,0,39,0.0,1.0,0.003979812457885989,1,0,1,1,1,1,1,1,0.9699999999999999,1.0,1.0,1.0,0.8,skip,attack_already_active,1785296055.1464105,1785296055146410615,1384723363108631,5.6,53.18359375,-1.0,0,0
2026-07-28T23:34:15.147,10.42.0.210,10.42.0.1|10.42.0.210,13,3,UPLOAD,0.95,UPLOAD,0.95,1,1448,100.0,40,0.0,57920.0,0,40,0.0,1.0,0.0035649275437486354,1,0,1,1,1,1,1,1,0.9699999999999999,1.0,1.0,1.0,0.8,skip,attack_already_active,1785296055.1472418,1785296055147241674,1384723363939751,5.6,53.18359375,-1.0,0,0
2026-07-28T23:34:15.147,10.42.0.210,10.42.0.1|10.42.0.210,13,3,UPLOAD,0.95,UPLOAD,0.95,1,1448,100.0,41,0.0,59368.0,0,41,0.0,1.0,0.003171694095607394,1,0,1,1,1,1,1,1,0.9699999999999999,1.0,1.0,1.0,0.8,skip,attack_already_active,1785296055.1478226,1785296055147822643,1384723364520684,5.6,53.18359375,-1.0,0,0
2026-07-28T23:34:15.148,10.42.0.210,10.42.0.1|10.42.0.210,13,3,UPLOAD,0.95,UPLOAD,0.95,1,1448,100.0,42,0.0,60816.0,0,42,0.0,1.0,0.002862261772483654,1,0,1,1,1,1,1,1,0.9699999999999999,1.0,1.0,1.0,0.8,skip,attack_already_active,1785296055.148646,1785296055148646177,1384723365344324,5.6,53.18359375,-1.0,0,0
2026-07-28T23:34:15.149,10.42.0.210,10.42.0.1|10.42.0.210,13,3,UPLOAD,0.95,UPLOAD,0.95,1,1448,100.0,43,0.0,62264.0,0,43,0.0,1.0,0.00256649144273565,1,0,1,1,1,1,1,1,0.9699999999999999,1.0,1.0,1.0,0.8,skip,attack_already_active,1785296055.1492639,1785296055149263747,1384723365961749,5.6,53.18359375,-1.0,0,0
2026-07-28T23:34:15.150,10.42.0.210,10.42.0.1|10.42.0.210,13,3,UPLOAD,0.95,UPLOAD,0.95,1,1448,100.0,44,0.0,63712.0,0,44,0.0,1.0,0.0023810451918100752,1,0,1,1,1,1,1,1,0.9699999999999999,1.0,1.0,1.0,0.8,skip,attack_already_active,1785296055.150423,1785296055150423060,1384723367121495,5.6,53.18359375,-1.0,0,0
2026-07-28T23:34:15.151,10.42.0.210,10.42.0.1|10.42.0.210,13,3,UPLOAD,0.95,UPLOAD,0.95,1,1448,100.0,45,0.0,65160.0,0,45,0.0,1.0,0.0022288957519029417,1,0,1,1,1,1,1,1,0.9699999999999999,1.0,1.0,1.0,0.8,skip,attack_already_active,1785296055.1516495,1785296055151649559,1384723368347969,5.6,53.18359375,-1.0,0,0
2026-07-28T23:34:15.153,10.42.0.1,10.42.0.1|10.42.0.210,13,3,UPLOAD,0.9568554257303501,UPLOAD,0.9568554257303501,1,7240,100.0,1,0.0,7240.0,0,1,0.0,1.0,0.17292922915628706,1,0,1,1,1,1,1,1,0.9699999999999999,1.0,1.0,1.0,0.8,skip,attack_already_active,1785296055.153736,1785296055153736103,1384723370434297,5.6,53.18359375,-1.0,0,0
2026-07-28T23:34:15.154,10.42.0.1,10.42.0.1|10.42.0.210,13,3,UPLOAD,0.9725610367464667,UPLOAD,0.9725610367464667,1,7240,100.0,2,0.0,14480.0,0,2,0.0,1.0,0.1502289438627299,1,0,1,1,1,1,1,1,0.9699999999999999,1.0,1.0,1.0,0.8,skip,attack_already_active,1785296055.1543992,1785296055154399129,1384723371097448,5.6,53.18359375,-1.0,0,0
2026-07-28T23:34:15.162,10.42.0.1,10.42.0.1|10.42.0.210,13,3,UPLOAD,0.9742497997552597,UPLOAD,0.9742497997552597,1,1448,100.0,3,0.0,15928.0,0,3,0.0,1.0,0.1315434010685099,1,0,1,1,1,1,1,1,0.9699999999999999,1.0,1.0,1.0,0.8,skip,attack_already_active,1785296055.1628287,1785296055162828857,1384723379527412,5.6,53.18359375,-1.0,0,0
2026-07-28T23:34:15.216,10.42.0.1,10.42.0.1|10.42.0.210,13,3,UPLOAD,0.9753125154156399,UPLOAD,0.9753125154156399,1,14480,100.0,4,0.0,30408.0,0,4,0.0,1.0,0.1212246115738999,1,0,1,1,1,1,1,1,0.9699999999999999,1.0,1.0,1.0,0.8,skip,attack_already_active,1785296055.2160656,1785296055216065643,1384723432763929,5.6,53.18359375,-1.0,0,0
2026-07-28T23:34:15.216,10.42.0.1,10.42.0.1|10.42.0.210,13,3,UPLOAD,0.9763647738075948,UPLOAD,0.9763647738075948,1,14480,100.0,5,0.0,44888.0,0,5,0.0,1.0,0.1053395912625049,1,0,1,1,1,1,1,1,0.9699999999999999,1.0,1.0,1.0,0.8,skip,attack_already_active,1785296055.2167432,1785296055216743064,1384723433441202,5.6,53.18359375,-1.0,0,0
2026-07-28T23:34:15.217,10.42.0.1,10.42.0.1|10.42.0.210,13,3,UPLOAD,0.9752544423607109,UPLOAD,0.9752544423607109,0,43,100.0,5,0.0,44888.0,0,5,0.0,1.0,0.2703433793737309,1,0,1,1,1,1,1,1,0.8374999999999999,0.8500000000000001,1.0,0.6000000000000001,0.8,skip,attack_already_active,1785296055.217356,1785296055217356086,1384723434054150,5.6,53.18359375,-1.0,0,0
2026-07-28T23:34:15.219,10.42.0.1,10.42.0.1|10.42.0.210,13,3,UPLOAD,0.9772761855964052,UPLOAD,0.9772761855964052,1,15928,100.0,6,0.0,60816.0,0,6,0.0,1.0,0.235029711642162,1,0,1,1,1,1,1,1,0.9699999999999999,1.0,1.0,1.0,0.8,skip,attack_already_active,1785296055.219101,1785296055219100829,1384723435798859,5.6,53.18359375,-1.0,0,0
2026-07-28T23:34:15.220,10.42.0.1,10.42.0.1|10.42.0.210,13,3,UPLOAD,0.9780945618961027,UPLOAD,0.9780945618961027,1,11584,100.0,7,0.0,72400.0,0,7,0.0,1.0,0.2041808217397924,1,0,1,1,1,1,1,1,0.9699999999999999,1.0,1.0,1.0,0.8,skip,attack_already_active,1785296055.220027,1785296055220026933,1384723436724919,5.6,53.18359375,-1.0,0,0
2026-07-28T23:34:15.220,10.42.0.1,10.42.0.1|10.42.0.210,13,3,UPLOAD,0.9787186981848937,UPLOAD,0.9787186981848937,1,7129,100.0,8,0.0,79529.0,0,8,0.0,1.0,0.1773974677617366,1,0,1,1,1,1,1,1,0.9699999999999999,1.0,1.0,1.0,0.8,skip,attack_already_active,1785296055.2209563,1785296055220956412,1384723437654491,5.6,53.18359375,-1.0,0,0
2026-07-28T23:34:19.600,10.42.0.47,10.42.0.1|10.42.0.210|10.42.0.47,13,3,UPLOAD,0.95,UPLOAD,0.95,1,7240,100.0,1,0.0,7240.0,0,1,0.0,1.0,0.8897299559724563,1,0,0,1,1,1,1,1,0.9699999999999999,1.0,1.0,1.0,0.8,trigger,training_upload_trigger_confirmed,1785296059.6008363,1785296059600836472,1384727817535252,7.4,53.1875,7.24183,1785296059608079737,1384727824777082
2026-07-28T23:34:19.601,10.42.0.47,10.42.0.1|10.42.0.210|10.42.0.47,13,3,UPLOAD,0.95,UPLOAD,0.95,1,2896,100.0,2,0.0,10136.0,0,2,0.0,1.0,0.7725894386693983,1,0,1,1,1,1,1,1,0.9699999999999999,1.0,1.0,1.0,0.8,skip,attack_already_active,1785296059.6016192,1785296059601619083,1384727818317421,7.4,53.1875,-1.0,0,0
2026-07-28T23:34:19.602,10.42.0.47,10.42.0.1|10.42.0.210|10.42.0.47,13,3,UPLOAD,0.95,UPLOAD,0.95,1,4344,100.0,3,0.0,14480.0,0,3,0.0,1.0,0.6709139863080159,1,0,1,1,1,1,1,1,0.9699999999999999,1.0,1.0,1.0,0.8,skip,attack_already_active,1785296059.6026218,1785296059602621737,1384727819320659,7.4,53.1875,-1.0,0,0
2026-07-28T23:34:19.603,10.42.0.47,10.42.0.1|10.42.0.210|10.42.0.47,13,3,UPLOAD,0.95,UPLOAD,0.95,1,10136,100.0,4,0.0,24616.0,0,4,0.0,1.0,0.5826504921097551,1,0,1,1,1,1,1,1,0.9699999999999999,1.0,1.0,1.0,0.8,skip,attack_already_active,1785296059.6037285,1785296059603728622,1384727820427071,7.4,53.1875,-1.0,0,0
2026-07-28T23:34:19.604,10.42.0.47,10.42.0.1|10.42.0.210|10.42.0.47,13,3,UPLOAD,0.95,UPLOAD,0.95,1,1448,100.0,5,0.0,26064.0,0,5,0.0,1.0,0.506027109712399,1,0,1,1,1,1,1,1,0.9699999999999999,1.0,1.0,1.0,0.8,skip,attack_already_active,1785296059.6049054,1785296059604905583,1384727821603900,7.4,53.1875,-1.0,0,0
2026-07-28T23:34:19.605,10.42.0.47,10.42.0.1|10.42.0.210|10.42.0.47,13,3,UPLOAD,0.95,UPLOAD,0.95,1,8688,100.0,6,0.0,34752.0,0,6,0.0,1.0,0.4394329339018471,1,0,1,1,1,1,1,1,0.9699999999999999,1.0,1.0,1.0,0.8,skip,attack_already_active,1785296059.6055677,1785296059605567619,1384727822265946,7.4,53.1875,-1.0,0,0
2026-07-28T23:34:19.606,10.42.0.47,10.42.0.1|10.42.0.210|10.42.0.47,13,3,UPLOAD,0.95,UPLOAD,0.95,1,5792,100.0,7,0.0,40544.0,0,7,0.0,1.0,0.3816602596785995,1,0,1,1,1,1,1,1,0.9699999999999999,1.0,1.0,1.0,0.8,skip,attack_already_active,1785296059.6065798,1785296059606579625,1384727823277900,7.4,53.1875,-1.0,0,0
2026-07-28T23:34:19.607,10.42.0.47,10.42.0.1|10.42.0.210|10.42.0.47,13,3,UPLOAD,0.95,UPLOAD,0.95,1,2896,100.0,8,0.0,43440.0,0,8,0.0,1.0,0.33146532991467315,1,0,1,1,1,1,1,1,0.9699999999999999,1.0,1.0,1.0,0.8,skip,attack_already_active,1785296059.6073246,1785296059607324721,1384727824023250,7.4,53.1875,-1.0,0,0
2026-07-28T23:34:19.609,10.42.0.47,10.42.0.1|10.42.0.210|10.42.0.47,13,3,UPLOAD,0.95,UPLOAD,0.95,1,10136,100.0,9,0.0,53576.0,0,9,0.0,1.0,0.28801393620563587,1,0,1,1,1,1,1,1,0.9699999999999999,1.0,1.0,1.0,0.8,skip,attack_already_active,1785296059.6090493,1785296059609049244,1384727825747951,7.4,53.1875,-1.0,0,0
2026-07-28T23:34:19.610,10.42.0.47,10.42.0.1|10.42.0.210|10.42.0.47,13,3,UPLOAD,0.95,UPLOAD,0.95,1,7240,100.0,10,0.0,60816.0,0,10,0.0,1.0,0.25026580048637237,1,0,1,1,1,1,1,1,0.9699999999999999,1.0,1.0,1.0,0.8,skip,attack_already_active,1785296059.610603,1785296059610602927,1384727827301807,7.4,53.1875,-1.0,0,0
2026-07-28T23:34:19.611,10.42.0.47,10.42.0.1|10.42.0.210|10.42.0.47,13,3,UPLOAD,0.95,UPLOAD,0.95,1,2896,100.0,11,0.0,63712.0,0,11,0.0,1.0,0.21742413779140307,1,0,1,1,1,1,1,1,0.9699999999999999,1.0,1.0,1.0,0.8,skip,attack_already_active,1785296059.6116426,1785296059611642567,1384727828341064,7.4,53.1875,-1.0,0,0
2026-07-28T23:34:19.613,10.42.0.47,10.42.0.1|10.42.0.210|10.42.0.47,13,3,UPLOAD,0.95,UPLOAD,0.95,1,10136,100.0,12,0.0,73848.0,0,12,0.0,1.0,0.1889610326548911,1,0,1,1,1,1,1,1,0.9699999999999999,1.0,1.0,1.0,0.8,skip,attack_already_active,1785296059.613068,1785296059613068090,1384727829766565,7.4,53.1875,-1.0,0,0
2026-07-28T23:34:19.614,10.42.0.47,10.42.0.1|10.42.0.210|10.42.0.47,13,3,UPLOAD,0.95,UPLOAD,0.95,1,1448,100.0,13,0.0,75296.0,0,13,0.0,1.0,0.16425262809795244,1,0,1,1,1,1,1,1,0.9699999999999999,1.0,1.0,1.0,0.8,skip,attack_already_active,1785296059.614524,1785296059614523784,1384727831222054,7.4,53.1875,-1.0,0,0
2026-07-28T23:34:19.615,10.42.0.47,10.42.0.1|10.42.0.210|10.42.0.47,13,3,UPLOAD,0.95,UPLOAD,0.95,1,4232,100.0,14,0.0,79528.0,0,14,0.0,1.0,0.14273867641458182,1,0,1,1,1,1,1,1,0.9699999999999999,1.0,1.0,1.0,0.8,skip,attack_already_active,1785296059.615513,1785296059615513022,1384727832211285,7.4,53.1875,-1.0,0,0
2026-07-28T23:34:19.616,10.42.0.1,10.42.0.1|10.42.0.210|10.42.0.47,13,3,UPLOAD,0.9739004526814465,UPLOAD,0.9739004526814465,1,7240,100.0,1,0.0,7240.0,0,1,0.0,1.0,0.7326840842254866,1,0,0,1,1,1,1,1,0.9699999999999999,1.0,1.0,1.0,0.8,skip,already_attacked_this_round,1785296059.6169565,1785296059616956336,1384727833654546,7.4,53.1875,-1.0,0,0
2026-07-28T23:34:19.617,10.42.0.1,10.42.0.1|10.42.0.210|10.42.0.47,13,3,UPLOAD,0.973898155409382,UPLOAD,0.973898155409382,1,7240,100.0,2,0.0,14480.0,0,2,0.0,1.0,0.6362532208033774,1,0,0,1,1,1,1,1,0.9699999999999999,1.0,1.0,1.0,0.8,skip,already_attacked_this_round,1785296059.6178534,1785296059617853544,1384727834551810,7.4,53.1875,-1.0,0,0
2026-07-28T23:34:19.725,10.42.0.1,10.42.0.1|10.42.0.210|10.42.0.47,13,3,UPLOAD,0.9748620827490628,UPLOAD,0.9748620827490628,1,11584,100.0,3,0.0,26064.0,0,3,0.0,1.0,0.5666105156838003,1,0,0,1,1,1,1,1,0.9699999999999999,1.0,1.0,1.0,0.8,skip,already_attacked_this_round,1785296059.7256074,1785296059725607476,1384727942306508,7.4,53.1875,-1.0,0,0
2026-07-28T23:34:19.726,10.42.0.1,10.42.0.1|10.42.0.210|10.42.0.47,13,3,UPLOAD,0.9756487857021128,UPLOAD,0.9756487857021128,1,11584,100.0,4,0.0,37648.0,0,4,0.0,1.0,0.4920722970035192,1,0,0,1,1,1,1,1,0.9699999999999999,1.0,1.0,1.0,0.8,skip,already_attacked_this_round,1785296059.726568,1785296059726568057,1384727943266497,7.4,53.1875,-1.0,0,0
2026-07-28T23:34:19.727,10.42.0.1,10.42.0.1|10.42.0.210|10.42.0.47,13,3,UPLOAD,0.9712249442182391,UPLOAD,0.9712249442182391,0,43,100.0,4,0.0,37648.0,0,4,0.0,1.0,1.0215670179959206,1,0,0,1,1,1,1,1,0.8374999999999999,0.8500000000000001,1.0,0.6000000000000001,0.8,skip,already_attacked_this_round,1785296059.7276173,1785296059727617343,1384727944315694,7.4,53.1875,-1.0,0,0
2026-07-28T23:34:19.730,10.42.0.1,10.42.0.1|10.42.0.210|10.42.0.47,13,3,UPLOAD,0.9666020264134525,UPLOAD,0.9666020264134525,1,10136,100.0,5,0.0,47784.0,0,5,0.0,1.0,0.8874802970260274,1,0,0,1,1,1,1,1,0.9699999999999999,1.0,1.0,1.0,0.8,skip,already_attacked_this_round,1785296059.730588,1785296059730587948,1384727947286449,7.4,53.1875,-1.0,0,0
2026-07-28T23:34:19.732,10.42.0.1,10.42.0.1|10.42.0.210|10.42.0.47,13,3,UPLOAD,0.95,UPLOAD,0.95,1,13032,100.0,6,0.0,60816.0,0,6,0.0,1.0,0.7707956396372785,1,0,0,1,1,1,1,1,0.9699999999999999,1.0,1.0,1.0,0.8,skip,already_attacked_this_round,1785296059.7325807,1785296059732580608,1384727949279078,7.4,53.1875,-1.0,0,0
2026-07-28T23:34:19.735,10.42.0.1,10.42.0.1|10.42.0.210|10.42.0.47,13,3,UPLOAD,0.95,UPLOAD,0.95,1,5792,100.0,7,0.0,66608.0,0,7,0.0,1.0,0.6695941746038833,1,0,0,1,1,1,1,1,0.9699999999999999,1.0,1.0,1.0,0.8,skip,already_attacked_this_round,1785296059.7353864,1785296059735386356,1384727952084983,7.4,53.1875,-1.0,0,0
2026-07-28T23:34:19.736,10.42.0.1,10.42.0.1|10.42.0.210|10.42.0.47,13,3,UPLOAD,0.95,UPLOAD,0.95,1,10136,100.0,8,0.0,76744.0,0,8,0.0,1.0,0.5815595156496888,1,0,0,1,1,1,1,1,0.9699999999999999,1.0,1.0,1.0,0.8,skip,already_attacked_this_round,1785296059.7369099,1785296059736909770,1384727953608204,7.4,53.1875,-1.0,0,0
2026-07-28T23:34:19.739,10.42.0.1,10.42.0.1|10.42.0.210|10.42.0.47,13,3,UPLOAD,0.95,UPLOAD,0.95,1,2784,100.0,9,0.0,79528.0,0,9,0.0,1.0,0.5052396225723239,1,0,0,1,1,1,1,1,0.9699999999999999,1.0,1.0,1.0,0.8,skip,already_attacked_this_round,1785296059.7392988,1785296059739298691,1384727955997093,7.4,53.1875,-1.0,0,0
2026-07-28T23:34:20.077,10.42.0.1,10.42.0.1,14,1,DOWNLOAD,0.95,DOWNLOAD,0.95,-1,1448,54.92265189646225,10,1448.0,79528.0,1,9,0.017881841533293814,0.9821181584667061,0.4847248374476187,0,0,0,0,1,0,0,0,0.44,0.8500000000000001,0.0,0.6000000000000001,0.15,skip,training_upload_trigger_not_confirmed,1785296060.0771759,1785296060077175790,1384728293874375,34.3,53.1875,-1.0,0,0
2026-07-28T23:34:20.081,10.42.0.1,10.42.0.1,14,1,DOWNLOAD,0.9632747483030432,DOWNLOAD,0.9632747483030432,-1,5792,10.984530385361252,11,7240.0,79528.0,2,9,0.08344089987092015,0.9165591001290798,0.42138152917647065,0,0,0,0,1,0,0,0,0.44,0.8500000000000001,0.0,0.6000000000000001,0.15,skip,training_upload_trigger_not_confirmed,1785296060.0812058,1785296060081205655,1384728297905069,34.3,53.1875,-1.0,0,0
2026-07-28T23:34:20.082,10.42.0.1,10.42.0.1,14,1,DOWNLOAD,0.9664482253032483,DOWNLOAD,0.9664482253032483,-1,7240,5.492265193059926,12,14480.0,79528.0,3,9,0.15402944430261253,0.8459705556973874,0.366015059518188,0,0,0,0,1,0,0,0,0.4,0.8500000000000001,0.0,0.4,0.15,skip,training_upload_trigger_not_confirmed,1785296060.0824265,1785296060082426593,1384728299125092,34.3,53.1875,-1.0,0,0
2026-07-28T23:34:20.083,10.42.0.1,10.42.0.1,14,1,DOWNLOAD,0.9687666483089188,DOWNLOAD,0.9687666483089188,-1,7240,3.661510128790906,13,21720.0,79528.0,4,9,0.21452275600505688,0.7854772439949431,0.31792565791628463,0,0,0,0,1,0,0,0,0.32,0.8500000000000001,0.0,0.0,0.15,skip,training_upload_trigger_not_confirmed,1785296060.0835044,1785296060083504359,1384728300203256,34.3,53.1875,-1.0,0,0
2026-07-28T23:34:20.084,10.42.0.1,10.42.0.1,14,1,DOWNLOAD,0.9720851319177999,DOWNLOAD,0.9720851319177999,-1,7240,2.746132596624788,14,28960.0,79528.0,5,9,0.26694196593171593,0.7330580340682841,0.2761917793964162,0,0,0,0,1,0,0,0,0.32,0.8500000000000001,0.0,0.0,0.15,skip,training_upload_trigger_not_confirmed,1785296060.0847232,1785296060084723323,1384728301423140,34.3,53.1875,-1.0,0,0
2026-07-28T23:34:20.087,10.42.0.1,10.42.0.1,14,1,DOWNLOAD,0.9713801517221432,DOWNLOAD,0.9713801517221432,-1,7240,2.196906077315002,15,36200.0,79528.0,6,9,0.31280243329185675,0.6871975667081432,0.24022302677344462,0,0,0,0,1,0,0,0,0.32,0.8500000000000001,0.0,0.0,0.15,skip,training_upload_trigger_not_confirmed,1785296060.087958,1785296060087958053,1384728304657169,34.3,53.1875,-1.0,0,0
2026-07-28T23:34:20.089,10.42.0.1,10.42.0.1,14,1,DOWNLOAD,0.9617165069340933,DOWNLOAD,0.9617165069340933,-1,7240,1.8307550644375976,16,43440.0,79528.0,7,9,0.3532626374341292,0.6467373625658708,0.20871790917444488,0,0,0,0,1,0,0,0,0.32,0.8500000000000001,0.0,0.0,0.15,skip,training_upload_trigger_not_confirmed,1785296060.0890975,1785296060089097549,1384728305796121,34.3,53.1875,-1.0,0,0
2026-07-28T23:34:20.090,10.42.0.1,10.42.0.1,14,1,DOWNLOAD,0.95,DOWNLOAD,0.95,-1,7240,1.5692186266659585,17,50680.0,79528.0,8,9,0.3892233964118948,0.6107766035881051,0.18140822051547137,0,0,0,0,0,0,0,0,0.057499999999999996,0.1,0.0,0.0,0.15,skip,training_upload_trigger_not_confirmed,1785296060.0905697,1785296060090569641,1384728307268135,34.3,53.1875,-1.0,0,0
2026-07-28T23:34:20.091,10.42.0.1,10.42.0.1,14,1,DOWNLOAD,0.95,DOWNLOAD,0.95,-1,7240,1.3730662983361002,18,57920.0,79528.0,9,9,0.4213957278388918,0.5786042721611082,0.15764142270746692,0,0,0,0,0,0,0,0,0.057499999999999996,0.1,0.0,0.0,0.15,skip,training_upload_trigger_not_confirmed,1785296060.0916183,1785296060091618188,1384728308316624,34.3,53.1875,-1.0,0,0
2026-07-28T23:34:20.092,10.42.0.1,10.42.0.1,14,1,DOWNLOAD,0.95,DOWNLOAD,0.95,-1,10136,1.1685670624167073,19,68056.0,79528.0,10,9,0.46113399826539464,0.5388660017346054,0.13700001005418233,0,0,0,0,0,0,0,0,0.039999999999999994,0.05,0.0,0.0,0.15,skip,training_upload_trigger_not_confirmed,1785296060.0926178,1785296060092617603,1384728309316316,34.3,53.1875,-1.0,0,0
2026-07-28T23:34:20.093,10.42.0.1,10.42.0.1,14,1,DOWNLOAD,0.95,DOWNLOAD,0.95,-1,4344,1.0984530386726734,20,72400.0,79528.0,11,9,0.4765415196672108,0.5234584803327892,0.11907691204430257,0,0,0,0,0,0,0,0,0.039999999999999994,0.05,0.0,0.0,0.15,skip,training_upload_trigger_not_confirmed,1785296060.0936043,1785296060093604324,1384728310302964,34.3,53.1875,-1.0,0,0
2026-07-28T23:34:20.094,10.42.0.1,10.42.0.1,14,1,DOWNLOAD,0.95,DOWNLOAD,0.95,-1,14480,0.9153775322293349,21,86880.0,79528.0,12,9,0.5220902841209557,0.4779097158790443,0.10352027054098072,0,0,0,0,0,0,0,0,0.039999999999999994,0.05,0.0,0.0,0.15,skip,training_upload_trigger_not_confirmed,1785296060.0946262,1785296060094626306,1384728311324827,34.3,53.1875,-1.0,0,0
2026-07-28T23:34:20.095,10.42.0.1,10.42.0.1,14,1,DOWNLOAD,0.95,DOWNLOAD,0.95,-1,4344,0.8717881259331778,22,91224.0,79528.0,13,9,0.5342485007496252,0.4657514992503748,0.08997086943288803,0,0,0,0,0,0,0,0,0.039999999999999994,0.05,0.0,0.0,0.15,skip,training_upload_trigger_not_confirmed,1785296060.0953238,1785296060095323846,1384728312022309,34.3,53.1875,-1.0,0,0
2026-07-28T23:34:20.096,10.42.0.1,10.42.0.1,14,1,DOWNLOAD,0.95,DOWNLOAD,0.95,-1,14480,0.7523650949845572,23,105704.0,79528.0,14,9,0.5706573378249978,0.42934266217500217,0.07820756180783628,0,0,0,0,0,0,0,0,0.0225,0.0,0.0,0.0,0.15,skip,training_upload_trigger_not_confirmed,1785296060.0960262,1785296060096026216,1384728312724963,34.3,53.1875,-1.0,0,0
2026-07-28T23:34:20.096,10.42.0.1,10.42.0.1,14,1,DOWNLOAD,0.95,DOWNLOAD,0.95,-1,18824,0.638635487604084,24,124528.0,79528.0,15,9,0.6102638491394519,0.3897361508605481,0.0679964941850101,0,0,0,0,0,0,0,0,0.0225,0.0,0.0,0.0,0.15,skip,training_upload_trigger_not_confirmed,1785296060.0967448,1785296060096744728,1384728313443042,34.3,53.1875,-1.0,0,0
2026-07-28T23:34:20.097,10.42.0.1,10.42.0.1,14,1,DOWNLOAD,0.95,DOWNLOAD,0.95,-1,18824,0.5547742619596882,25,143352.0,79528.0,16,9,0.6431801866475233,0.35681981335247664,0.059134974594100366,0,0,0,0,0,0,0,0,0.0225,0.0,0.0,0.0,0.15,skip,training_upload_trigger_not_confirmed,1785296060.0974936,1785296060097493666,1384728314192765,34.3,53.1875,-1.0,0,0
2026-07-28T23:34:20.098,10.42.0.1,10.42.0.1,14,1,DOWNLOAD,0.95,DOWNLOAD,0.95,-1,18824,0.49038082083976425,26,162176.0,79528.0,17,9,0.6709694502366531,0.3290305497633469,0.05146225817009392,0,0,0,0,0,0,0,0,0.0225,0.0,0.0,0.0,0.15,skip,training_upload_trigger_not_confirmed,1785296060.0984025,1785296060098402565,1384728315100869,34.3,53.1875,-1.0,0,0
2026-07-28T23:34:20.099,10.42.0.1,10.42.0.1,14,1,DOWNLOAD,0.95,DOWNLOAD,0.95,-1,10136,0.4615348902022985,27,172312.0,79528.0,18,9,0.6842121982210928,0.31578780177890725,0.04485782111103083,0,0,0,0,0,0,0,0,0.0225,0.0,0.0,0.0,0.15,skip,training_upload_trigger_not_confirmed,1785296060.0997455,1785296060099745484,1384728316444670,34.3,53.1875,-1.0,0,0
2026-07-28T23:34:20.101,10.42.0.1,10.42.0.1,14,1,DOWNLOAD,0.95,DOWNLOAD,0.95,-1,16920,0.4202671852571432,28,189232.0,79528.0,19,9,0.7040928709629409,0.29590712903705907,0.03911849635260109,0,0,0,0,0,0,0,0,0.0225,0.0,0.0,0.0,0.15,skip,training_upload_trigger_not_confirmed,1785296060.1010492,1785296060101049012,1384728317747439,34.3,53.1875,-1.0,0,0
2026-07-28T23:34:20.102,10.42.0.47,10.42.0.1,14,1,DOWNLOAD,0.95,DOWNLOAD,0.95,-1,7240,10.984530385361252,15,7240.0,79528.0,1,14,0.08344089987092015,0.9165591001290798,0.17238894348944148,0,0,0,0,0,0,0,0,0.057499999999999996,0.1,0.0,0.0,0.15,skip,training_upload_trigger_not_confirmed,1785296060.102141,1785296060102141031,1384728318839989,34.3,53.1875,-1.0,0,0
2026-07-28T23:34:20.103,10.42.0.47,10.42.0.1,14,1,DOWNLOAD,0.9829981496648164,DOWNLOAD,0.9829981496648164,-1,7240,5.492265193059926,16,14480.0,79528.0,2,14,0.15402944430261253,0.8459705556973874,0.14980968217846022,0,0,0,0,0,0,0,0,0.057499999999999996,0.1,0.0,0.0,0.15,skip,training_upload_trigger_not_confirmed,1785296060.103182,1785296060103182106,1384728319880901,34.3,53.1875,-1.0,0,0
2026-07-28T23:34:20.103,10.42.0.1,10.42.0.1,14,1,DOWNLOAD,0.95,DOWNLOAD,0.95,-1,6784,0.405721981882062,29,196016.0,79528.0,20,9,0.7113782190866068,0.28862178091339313,0.03435089773681395,0,0,0,0,0,0,0,0,0.0225,0.0,0.0,0.0,0.15,skip,training_upload_trigger_not_confirmed,1785296060.1039877,1785296060103987765,1384728320686372,34.3,53.1875,-1.0,0,0
2026-07-28T23:34:20.105,10.42.0.18,10.42.0.1,13,1,DOWNLOAD,0.95,DOWNLOAD,0.95,-1,7300,1.3698630135109776e-10,1,7300.0,0.0,1,0,1.0,0.0,1.5553145119140355,0,0,0,0,0,0,0,0,0.0225,0.0,0.0,0.0,0.15,skip,training_upload_trigger_not_confirmed,1785296060.1051052,1785296060105105085,1384728321803730,34.3,53.1875,-1.0,0,0
2026-07-28T23:34:20.105,10.42.0.18,10.42.0.1,13,1,DOWNLOAD,0.95,DOWNLOAD,0.95,-1,7300,6.84931506802402e-11,2,14600.0,0.0,2,0,1.0,0.0,1.3504558215300697,0,0,0,0,0,0,0,0,0.0225,0.0,0.0,0.0,0.15,skip,training_upload_trigger_not_confirmed,1785296060.1058037,1785296060105803670,1384728322501773,34.3,53.1875,-1.0,0,0
2026-07-28T23:34:20.106,10.42.0.1,10.42.0.1,14,1,DOWNLOAD,0.95,DOWNLOAD,0.95,-1,16920,0.37348311229959474,30,212936.0,79528.0,21,9,0.7280759341320641,0.2719240658679359,0.030151759428510345,0,0,0,0,0,0,0,0,0.0225,0.0,0.0,0.0,0.15,skip,training_upload_trigger_not_confirmed,1785296060.1064725,1785296060106472360,1384728323170700,34.3,53.1875,-1.0,0,0
2026-07-28T23:34:20.107,10.42.0.145,10.42.0.1,9,1,DOWNLOAD,0.95,DOWNLOAD,0.95,-1,7300,1.3698630135109776e-10,1,7300.0,0.0,1,0,1.0,0.0,1.8274804921518188,0,0,0,0,0,0,0,0,0.0225,0.0,0.0,0.0,0.15,skip,already_attacked_this_round,1785296060.1073916,1785296060107391386,1384728324089593,34.3,53.1875,-1.0,0,0
2026-07-28T23:34:20.108,10.42.0.145,10.42.0.1,9,1,DOWNLOAD,0.95,DOWNLOAD,0.95,-1,7300,6.84931506802402e-11,2,14600.0,0.0,2,0,1.0,0.0,1.586746089676503,0,0,0,0,0,0,0,0,0.0225,0.0,0.0,0.0,0.15,skip,already_attacked_this_round,1785296060.1080053,1785296060108005326,1384728324703405,34.3,53.1875,-1.0,0,0
2026-07-28T23:34:20.108,10.42.0.1,10.42.0.1,14,1,DOWNLOAD,0.95,DOWNLOAD,0.95,-1,21720,0.338913132417927,31,234656.0,79528.0,22,9,0.7468744430015533,0.25312555699844674,0.02646621722591212,0,0,0,0,0,0,0,0,0.0225,0.0,0.0,0.0,0.15,skip,training_upload_trigger_not_confirmed,1785296060.1086557,1785296060108655541,1384728325353631,34.3,53.1875,-1.0,0,0
2026-07-28T23:34:20.110,10.42.0.1,10.42.0.1,14,1,DOWNLOAD,0.95,DOWNLOAD,0.95,-1,14024,0.3198005468903016,32,248680.0,79528.0,23,9,0.7576902452103544,0.2423097547896456,0.023188639957233456,0,0,0,0,0,0,0,0,0.0225,0.0,0.0,0.0,0.15,skip,training_upload_trigger_not_confirmed,1785296060.1102493,1785296060110249191,1384728326947983,34.3,53.1875,-1.0,0,0
2026-07-28T23:34:20.111,10.42.0.59,10.42.0.1,7,1,DOWNLOAD,0.95,DOWNLOAD,0.95,-1,7300,1.3698630135109776e-10,1,7300.0,0.0,1,0,1.0,0.0,1.6794363743625425,0,0,0,0,0,0,0,0,0.0225,0.0,0.0,0.0,0.15,skip,training_upload_trigger_not_confirmed,1785296060.1118512,1785296060111851325,1384728328550244,34.3,53.1875,-1.0,0,0
2026-07-28T23:34:20.112,10.42.0.59,10.42.0.1,7,1,DOWNLOAD,0.95,DOWNLOAD,0.95,-1,7300,6.84931506802402e-11,2,14600.0,0.0,2,0,1.0,0.0,1.4582735245865903,0,0,0,0,0,0,0,0,0.0225,0.0,0.0,0.0,0.15,skip,training_upload_trigger_not_confirmed,1785296060.112944,1785296060112943814,1384728329642562,34.3,53.1875,-1.0,0,0
2026-07-28T23:34:20.115,10.42.0.145,10.42.0.1,9,1,DOWNLOAD,0.9523876359395336,DOWNLOAD,0.9523876359395336,0,43,6.84931506802402e-11,2,14600.0,0.0,2,0,1.0,0.0,2.2076274261144895,0,0,0,0,0,0,0,0,0.0225,0.0,0.0,0.0,0.15,skip,already_attacked_this_round,1785296060.1150856,1785296060115085597,1384728331784760,34.3,53.1875,-1.0,0,0
2026-07-28T23:34:20.116,10.42.0.145,10.42.0.1,9,1,DOWNLOAD,0.9512988493390271,DOWNLOAD,0.9512988493390271,-1,10220,4.029008863657171e-11,3,24820.0,0.0,3,0,1.0,0.0,1.9178618083306322,0,0,0,0,0,0,0,0,0.0225,0.0,0.0,0.0,0.15,skip,already_attacked_this_round,1785296060.1166816,1785296060116681509,1384728333380048,34.3,53.1875,-1.0,0,0
2026-07-28T23:34:20.117,10.42.0.145,10.42.0.1,9,1,DOWNLOAD,0.9632287343474009,DOWNLOAD,0.9632287343474009,-1,4380,3.424657534129292e-11,4,29200.0,0.0,4,0,1.0,0.0,1.6652851291829265,0,0,0,0,0,0,0,0,0.0225,0.0,0.0,0.0,0.15,skip,already_attacked_this_round,1785296060.1178088,1785296060117808837,1384728334507746,34.3,53.1875,-1.0,0,0
2026-07-28T23:34:20.119,10.42.0.145,10.42.0.1,9,1,DOWNLOAD,0.9623068274303876,DOWNLOAD,0.9623068274303876,-1,14600,2.2831050227789245e-11,5,43800.0,0.0,5,0,1.0,0.0,1.4460573645470522,0,0,0,0,0,0,0,0,0.0225,0.0,0.0,0.0,0.15,skip,already_attacked_this_round,1785296060.119435,1785296060119435025,1384728336134779,34.3,53.1875,-1.0,0,0
2026-07-28T23:34:20.122,10.42.0.1,10.42.0.1,14,1,DOWNLOAD,0.95,DOWNLOAD,0.95,-1,20272,0.29569588625741505,33,268952.0,79528.0,24,9,0.7717860422405877,0.2282139577594123,0.021681662583455687,0,0,0,0,0,0,0,0,0.0225,0.0,0.0,0.0,0.15,skip,training_upload_trigger_not_confirmed,1785296060.122002,1785296060122002029,1384728338700738,34.3,53.1875,-1.0,0,0
2026-07-28T23:34:20.123,10.42.0.1,10.42.0.1,14,1,DOWNLOAD,0.95,DOWNLOAD,0.95,-1,1448,0.29411242603811344,34,270400.0,79528.0,25,9,0.772730390251709,0.22726960974829108,0.01904333293854111,0,0,0,0,0,0,0,0,0.0225,0.0,0.0,0.0,0.15,skip,training_upload_trigger_not_confirmed,1785296060.123662,1785296060123662177,1384728340361046,34.3,53.1875,-1.0,0,0
2026-07-28T23:34:20.125,10.42.0.1,10.42.0.1,14,1,DOWNLOAD,0.95,DOWNLOAD,0.95,-1,14024,0.279610722023178,35,284424.0,79528.0,26,9,0.7814876687035653,0.2185123312964347,0.016732874767657245,0,0,0,0,0,0,0,0,0.0225,0.0,0.0,0.0,0.15,skip,training_upload_trigger_not_confirmed,1785296060.125172,1785296060125171860,1384728341873235,34.3,53.1875,-1.0,0,0
2026-07-28T23:34:20.129,10.42.0.18,10.42.0.1,13,1,DOWNLOAD,0.9512255175060872,DOWNLOAD,0.9512255175060872,-1,14600,3.424657534129292e-11,3,29200.0,0.0,3,0,1.0,0.0,1.17566631973612,0,0,0,0,0,0,0,0,0.0225,0.0,0.0,0.0,0.15,skip,training_upload_trigger_not_confirmed,1785296060.1298304,1785296060129830282,1384728346528685,34.3,53.1875,-1.0,0,0
2026-07-28T23:34:20.131,10.42.0.18,10.42.0.1,13,1,DOWNLOAD,0.95,DOWNLOAD,0.95,-1,5840,2.8538812784573662e-11,4,35040.0,0.0,4,0,1.0,0.0,1.020944398358861,0,0,0,0,0,0,0,0,0.0225,0.0,0.0,0.0,0.15,skip,training_upload_trigger_not_confirmed,1785296060.1313548,1785296060131354880,1384728348053343,34.3,53.1875,-1.0,0,0
2026-07-28T23:34:20.132,10.42.0.59,10.42.0.1,7,1,DOWNLOAD,0.9360628488412189,DOWNLOAD,0.9360628488412189,0,43,6.84931506802402e-11,2,14600.0,0.0,2,0,1.0,0.0,2.0994896058748074,0,0,0,0,0,0,0,0,0.0225,0.0,0.0,0.0,0.15,skip,training_upload_trigger_not_confirmed,1785296060.132948,1785296060132948021,1384728349646607,34.3,53.1875,-1.0,0,0
2026-07-28T23:34:20.133,10.42.0.59,10.42.0.1,7,1,DOWNLOAD,0.95,DOWNLOAD,0.95,-1,14600,3.424657534129292e-11,3,29200.0,0.0,3,0,1.0,0.0,1.825603039670223,0,0,0,0,0,0,0,0,0.0225,0.0,0.0,0.0,0.15,skip,training_upload_trigger_not_confirmed,1785296060.133984,1785296060133984100,1384728350682483,34.3,53.1875,-1.0,0,0
2026-07-28T23:34:20.135,10.42.0.59,10.42.0.1,7,1,DOWNLOAD,0.95,DOWNLOAD,0.95,-1,14600,2.2831050227789245e-11,4,43800.0,0.0,4,0,1.0,0.0,1.585171772110727,0,0,0,0,0,0,0,0,0.0225,0.0,0.0,0.0,0.15,skip,training_upload_trigger_not_confirmed,1785296060.1350207,1785296060135020677,1384728351719120,34.3,53.1875,-1.0,0,0
2026-07-28T23:34:20.138,10.42.0.18,10.42.0.1,13,1,DOWNLOAD,0.95,DOWNLOAD,0.95,-1,8760,2.2831050227789245e-11,5,43800.0,0.0,5,0,1.0,0.0,0.8873470504099742,0,0,0,0,0,0,0,0,0.0225,0.0,0.0,0.0,0.15,skip,training_upload_trigger_not_confirmed,1785296060.138466,1785296060138465761,1384728355164009,34.3,53.1875,-1.0,0,0
2026-07-28T23:34:20.139,10.42.0.145,10.42.0.1,9,1,DOWNLOAD,0.9719855047956949,DOWNLOAD,0.9719855047956949,-1,29200,1.369863013679865e-11,6,73000.0,0.0,6,0,1.0,0.0,1.2581412954087463,0,0,0,0,0,0,0,0,0.0225,0.0,0.0,0.0,0.15,skip,already_attacked_this_round,1785296060.1394494,1785296060139449313,1384728356147552,34.3,53.1875,-1.0,0,0
2026-07-28T23:34:20.140,10.42.0.145,10.42.0.1,9,1,DOWNLOAD,0.9802042305955312,DOWNLOAD,0.9802042305955312,-1,6184,1.2628813901638856e-11,7,79184.0,0.0,7,0,1.0,0.0,1.092437483805565,0,0,0,0,0,0,0,0,0.0225,0.0,0.0,0.0,0.15,skip,already_attacked_this_round,1785296060.1401103,1785296060140110307,1384728356808410,34.3,53.1875,-1.0,0,0
2026-07-28T23:34:20.140,10.42.0.47,10.42.0.1,14,1,DOWNLOAD,0.9842257140988042,DOWNLOAD,0.9842257140988042,-1,1448,4.992968357358553,17,15928.0,79528.0,3,14,0.16686221924237346,0.8331377807576266,0.1350183837003627,0,0,0,0,0,0,0,0,0.057499999999999996,0.1,0.0,0.0,0.15,skip,training_upload_trigger_not_confirmed,1785296060.1407447,1785296060140744774,1384728357442848,34.3,53.1875,-1.0,0,0
2026-07-28T23:34:20.143,10.42.0.18,10.42.0.1,13,1,DOWNLOAD,0.9503542220542601,DOWNLOAD,0.9503542220542601,-1,6184,2.0006402048255314e-11,6,49984.0,0.0,6,0,1.0,0.0,0.7710767543160102,0,0,0,0,0,0,0,0,0.0225,0.0,0.0,0.0,0.15,skip,training_upload_trigger_not_confirmed,1785296060.1434698,1785296060143469917,1384728360168112,34.3,53.1875,-1.0,0,0
2026-07-28T23:34:20.145,10.42.0.47,10.42.0.1,14,1,DOWNLOAD,0.9842586901286671,DOWNLOAD,0.9842586901286671,-1,10136,3.051258440682502,18,26064.0,79528.0,4,14,0.24683688158193803,0.7531631184180619,0.1178420020463602,0,0,0,0,0,0,0,0,0.057499999999999996,0.1,0.0,0.0,0.15,skip,training_upload_trigger_not_confirmed,1785296060.1454163,1785296060145416133,1384728362114338,34.3,53.1875,-1.0,0,0
2026-07-28T23:34:20.146,10.42.0.47,10.42.0.1,14,1,DOWNLOAD,0.9842595481342594,DOWNLOAD,0.9842595481342594,-1,23168,1.615372115684608,19,49232.0,79528.0,5,14,0.3823547685616651,0.6176452314383349,0.10241664125292586,0,0,0,0,0,0,0,0,0.057499999999999996,0.1,0.0,0.0,0.15,skip,training_upload_trigger_not_confirmed,1785296060.1461995,1785296060146199472,1384728362897703,34.3,53.1875,-1.0,0,0
2026-07-28T23:34:20.147,10.42.0.59,10.42.0.1,7,1,DOWNLOAD,0.957772697252357,DOWNLOAD,0.957772697252357,-1,21900,1.5220700151975332e-11,5,65700.0,0.0,5,0,1.0,0.0,1.3778924456413104,0,0,0,0,0,0,0,0,0.0225,0.0,0.0,0.0,0.15,skip,training_upload_trigger_not_confirmed,1785296060.147207,1785296060147207008,1384728363905264,34.3,53.1875,-1.0,0,0
2026-07-28T23:34:20.147,10.42.0.59,10.42.0.1,7,1,DOWNLOAD,0.964945196166772,DOWNLOAD,0.964945196166772,-1,13484,1.2628813901638856e-11,6,79184.0,0.0,6,0,1.0,0.0,1.196414207811184,0,0,0,0,0,0,0,0,0.0225,0.0,0.0,0.0,0.15,skip,training_upload_trigger_not_confirmed,1785296060.1479113,1785296060147911314,1384728364609928,34.3,53.1875,-1.0,0,0
2026-07-28T23:34:20.148,10.42.0.47,10.42.0.1,14,1,DOWNLOAD,0.9842595696464124,DOWNLOAD,0.9842595696464124,-1,1009,1.5829302760577428,20,50241.0,79528.0,6,14,0.3871571792955174,0.6128428207044826,0.08928430585400679,0,0,0,0,0,0,0,0,0.057499999999999996,0.1,0.0,0.0,0.15,skip,training_upload_trigger_not_confirmed,1785296060.1489584,1785296060148958462,1384728365657961,34.3,53.1875,-1.0,0,0
2026-07-28T23:34:20.152,10.42.0.210,10.42.0.1,14,1,DOWNLOAD,0.95,DOWNLOAD,0.95,-1,1448,6.906077343296907e-10,1,1448.0,0.0,1,0,1.0,0.0,0.6521213484904436,0,0,0,0,0,0,0,0,0.0225,0.0,0.0,0.0,0.15,skip,training_upload_trigger_not_confirmed,1785296060.1522932,1785296060152293018,1384728368992001,34.3,53.1875,-1.0,0,0
2026-07-28T23:34:20.316,10.42.0.210,10.42.0.1,14,1,DOWNLOAD,0.95,DOWNLOAD,0.95,-1,10136,8.632596684337655e-11,2,11584.0,0.0,2,0,1.0,0.0,0.5877946775736332,0,0,0,0,0,0,0,0,0.0225,0.0,0.0,0.0,0.15,skip,training_upload_trigger_not_confirmed,1785296060.3162572,1785296060316257156,1384728532955684,34.3,53.1875,-1.0,0,0
2026-07-28T23:34:20.317,10.42.0.210,10.42.0.1,14,1,DOWNLOAD,0.9557926560077417,DOWNLOAD,0.9557926560077417,0,43,8.632596684337655e-11,2,11584.0,0.0,2,0,1.0,0.0,1.1817680061778364,0,0,0,0,0,0,0,0,0.0225,0.0,0.0,0.0,0.15,skip,training_upload_trigger_not_confirmed,1785296060.3171341,1785296060317134051,1384728533832357,34.3,53.1875,-1.0,0,0
2026-07-28T23:34:20.319,10.42.0.210,10.42.0.1,14,1,DOWNLOAD,0.9846998846180315,DOWNLOAD,0.9846998846180315,-1,14480,3.8367096376674066e-11,3,26064.0,0.0,3,0,1.0,0.0,1.02642403978198,0,0,0,0,0,0,0,0,0.0225,0.0,0.0,0.0,0.15,skip,training_upload_trigger_not_confirmed,1785296060.3191628,1785296060319162910,1384728535861185,34.3,53.1875,-1.0,0,0
2026-07-28T23:34:20.320,10.42.0.210,10.42.0.1,14,1,DOWNLOAD,0.9854895428954357,DOWNLOAD,0.9854895428954357,-1,18824,2.22776688642337e-11,4,44888.0,0.0,4,0,1.0,0.0,0.8913038462241345,0,0,0,0,0,0,0,0,0.0225,0.0,0.0,0.0,0.15,skip,training_upload_trigger_not_confirmed,1785296060.320197,1785296060320197042,1384728536895283,34.3,53.1875,-1.0,0,0
2026-07-28T23:34:20.321,10.42.0.210,10.42.0.1,14,1,DOWNLOAD,0.9855083405864443,DOWNLOAD,0.9855083405864443,-1,7240,1.918354818870504e-11,5,52128.0,0.0,5,0,1.0,0.0,0.7739902696766316,0,0,0,0,0,0,0,0,0.0225,0.0,0.0,0.0,0.15,skip,training_upload_trigger_not_confirmed,1785296060.3212407,1785296060321240579,1384728537938849,34.3,53.1875,-1.0,0,0
2026-07-28T23:34:20.322,10.42.0.210,10.42.0.1,14,1,DOWNLOAD,0.9855087208476458,DOWNLOAD,0.9855087208476458,-1,12576,1.5454995054162724e-11,6,64704.0,0.0,6,0,1.0,0.0,0.6721315430876376,0,0,0,0,0,0,0,0,0.0225,0.0,0.0,0.0,0.15,skip,training_upload_trigger_not_confirmed,1785296060.3222532,1785296060322253234,1384728538951772,34.3,53.1875,-1.0,0,0
2026-07-28T23:34:20.459,10.42.0.145,10.42.0.1,9,3,UPLOAD,0.95,UPLOAD,0.95,1,64240,0.811275005053909,8,79184.0,64240.0,7,1,0.5520972780008925,0.4479027219991075,0.9938306417467939,0,0,0,1,1,1,1,1,0.85,1.0,1.0,0.4,0.8,skip,already_attacked_this_round,1785296060.459223,1785296060459223052,1384728675922139,34.3,53.1875,-1.0,0,0
2026-07-28T23:34:20.460,10.42.0.1,10.42.0.1,14,3,UPLOAD,0.95,UPLOAD,0.95,1,7240,0.3050656765979486,36,284424.0,86768.0,26,10,0.766244962175909,0.23375503782409104,0.032338008146457015,1,0,0,0,1,0,0,0,0.85,1.0,1.0,0.4,0.8,trigger,training_upload_trigger_confirmed,1785296060.4603202,1785296060460320326,1384728677018848,34.3,53.1875,18.134024,1785296060478455538,1384728695152872
2026-07-28T23:34:20.461,10.42.0.1,10.42.0.1,14,3,UPLOAD,0.95,UPLOAD,0.95,1,7240,0.3305206311727191,37,284424.0,94008.0,26,11,0.7515854895991883,0.24841451040081178,0.02817684323268257,1,0,1,1,1,1,1,1,0.85,1.0,1.0,0.4,0.8,skip,attack_already_active,1785296060.4610803,1785296060461080209,1384728677778764,34.3,53.1875,-1.0,0,0
2026-07-28T23:34:20.465,10.42.0.1,10.42.0.1,14,3,UPLOAD,0.95,UPLOAD,0.95,1,14480,0.38143054032226026,38,284424.0,108488.0,26,12,0.723887282648532,0.27611271735146803,0.025010958708344938,1,0,1,1,1,1,1,1,0.85,1.0,1.0,0.4,0.8,skip,attack_already_active,1785296060.4652321,1785296060465232108,1384728681930729,34.3,53.1875,-1.0,0,0
2026-07-28T23:34:20.466,10.42.0.1,10.42.0.1,14,3,UPLOAD,0.95,UPLOAD,0.95,1,14480,0.43234044947180145,39,284424.0,122968.0,26,13,0.6981580394313094,0.3018419605686906,0.02183771250644611,1,0,1,1,1,1,1,1,0.85,1.0,1.0,0.4,0.8,skip,attack_already_active,1785296060.4661622,1785296060466162245,1384728682861386,34.3,53.1875,-1.0,0,0
2026-07-28T23:34:20.467,10.42.0.1,10.42.0.1,14,3,UPLOAD,0.921663059588841,UPLOAD,0.921663059588841,0,43,0.43234044947180145,39,284424.0,122968.0,26,13,0.6981580394313094,0.3018419605686906,0.03752490076469197,1,0,1,0,1,1,0,0,0.6825,0.7500000000000001,1.0,0.0,0.8,skip,attack_already_active,1785296060.4671705,1785296060467170686,1384728683870586,34.3,53.1875,-1.0,0,0
2026-07-28T23:34:20.471,10.42.0.59,10.42.0.1,7,3,UPLOAD,0.95,UPLOAD,0.95,1,64240,0.811275005053909,7,79184.0,64240.0,6,1,0.5520972780008925,0.4479027219991075,1.0833803328599936,0,0,0,1,1,1,1,1,0.85,1.0,1.0,0.4,0.8,trigger,training_upload_trigger_confirmed,1785296060.4715793,1785296060471579281,1384728688278481,34.3,53.1875,52.494315,1785296060524075460,1384728740772796
2026-07-28T23:34:20.473,10.42.0.1,10.42.0.1,14,3,UPLOAD,0.95,UPLOAD,0.95,1,7240,0.457795404046572,40,284424.0,130208.0,26,14,0.685967315595516,0.31403268440448395,0.03351565808498817,1,0,1,1,1,1,1,1,0.9699999999999999,1.0,1.0,1.0,0.8,skip,attack_already_active,1785296060.473262,1785296060473261992,1384728689960664,34.3,53.1875,-1.0,0,0
2026-07-28T23:34:20.474,10.42.0.1,10.42.0.1,14,3,UPLOAD,0.95,UPLOAD,0.95,1,7240,0.48325035862134263,41,284424.0,137448.0,26,15,0.6741950164978951,0.3258049835021049,0.029246780790859073,1,0,1,1,1,1,1,1,0.9699999999999999,1.0,1.0,1.0,0.8,skip,attack_already_active,1785296060.4743824,1785296060474382227,1384728691081212,34.3,53.1875,-1.0,0,0
2026-07-28T23:34:20.476,10.42.0.1,10.42.0.1,14,3,UPLOAD,0.95,UPLOAD,0.95,1,14480,0.5341602677708838,42,284424.0,151928.0,26,16,0.6518223819301848,0.3481776180698152,0.025680962929725604,1,0,1,1,1,1,1,1,0.9699999999999999,1.0,1.0,1.0,0.8,skip,attack_already_active,1785296060.4765692,1785296060476569165,1384728693267666,34.3,53.1875,-1.0,0,0
2026-07-28T23:34:20.477,10.42.0.1,10.42.0.1,14,3,UPLOAD,0.95,UPLOAD,0.95,1,14480,0.585070176920425,43,284424.0,166408.0,26,17,0.6308868935656742,0.3691131064343259,0.022391434301354218,1,0,1,1,1,1,1,1,0.9699999999999999,1.0,1.0,1.0,0.8,skip,attack_already_active,1785296060.4772868,1785296060477286971,1384728693985370,34.3,53.1875,-1.0,0,0
2026-07-28T23:34:20.478,10.42.0.1,10.42.0.1,14,3,UPLOAD,0.95,UPLOAD,0.95,1,7129,0.6101348690700851,44,284424.0,173537.0,26,18,0.6210659859682375,0.3789340140317625,0.019543550105766652,1,0,1,1,1,1,1,1,0.9699999999999999,1.0,1.0,1.0,0.8,skip,attack_already_active,1785296060.4780664,1785296060478066407,1384728694764891,34.3,53.1875,-1.0,0,0
2026-07-28T23:34:20.479,10.42.0.1,10.42.0.1,14,3,UPLOAD,0.859985869448441,UPLOAD,0.859985869448441,0,43,0.6101348690700851,44,284424.0,173537.0,26,18,0.6210659859682375,0.3789340140317625,0.01859751976866068,1,0,1,1,1,1,1,1,0.8025,0.7500000000000001,1.0,0.6000000000000001,0.8,skip,attack_already_active,1785296060.4795349,1785296060479534945,1384728696233167,34.3,53.1875,-1.0,0,0
2026-07-28T23:34:20.480,10.42.0.1,10.42.0.1,14,3,UPLOAD,0.95,UPLOAD,0.95,1,14480,0.6610447782196262,45,284424.0,188017.0,26,19,0.6020307297630815,0.39796927023691847,0.016437924447497414,1,0,1,1,1,1,1,1,0.9699999999999999,1.0,1.0,1.0,0.8,skip,attack_already_active,1785296060.4802754,1785296060480275392,1384728696973950,34.3,53.1875,-1.0,0,0
2026-07-28T23:34:20.481,10.42.0.1,10.42.0.1,14,3,UPLOAD,0.95,UPLOAD,0.95,1,14480,0.7119546873691673,46,284424.0,202497.0,26,20,0.5841276100229812,0.41587238997701886,0.014368874286151996,1,0,1,1,1,1,1,1,0.9699999999999999,1.0,1.0,1.0,0.8,skip,attack_already_active,1785296060.4810119,1785296060481011961,1384728697710077,34.3,53.1875,-1.0,0,0
2026-07-28T23:34:20.484,10.42.0.1,10.42.0.1,14,3,UPLOAD,0.95,UPLOAD,0.95,1,14480,0.7628645965187084,47,284424.0,216977.0,26,21,0.5672585415665305,0.4327414584334694,0.01288517030517902,1,0,1,1,1,1,1,1,0.9699999999999999,1.0,1.0,1.0,0.8,skip,attack_already_active,1785296060.4841213,1785296060484121326,1384728700819641,85.4,53.19140625,-1.0,0,0
2026-07-28T23:34:20.485,10.42.0.1,10.42.0.1,14,3,UPLOAD,0.95,UPLOAD,0.95,1,13032,0.8086835147532955,48,284424.0,230009.0,26,22,0.5528883255934204,0.4471116744065797,0.01133561859862154,1,0,1,1,1,1,1,1,0.9699999999999999,1.0,1.0,1.0,0.8,skip,attack_already_active,1785296060.4852474,1785296060485247596,1384728701946395,85.4,53.19140625,-1.0,0,0
2026-07-28T23:34:20.486,10.42.0.1,10.42.0.1,14,3,UPLOAD,0.95,UPLOAD,0.95,1,8576,0.8388356819402061,49,284424.0,238585.0,26,23,0.5438223816416161,0.4561776183583839,0.009995850556781172,1,0,1,1,1,1,1,1,0.9699999999999999,1.0,1.0,1.0,0.8,skip,attack_already_active,1785296060.4864159,1785296060486415842,1384728703114341,85.4,53.19140625,-1.0,0,0
2026-07-28T23:34:20.552,10.42.0.18,10.42.0.1,13,3,UPLOAD,0.95,UPLOAD,0.95,1,49640,0.9931177976954002,7,49984.0,49640.0,6,1,0.5017264916084477,0.4982735083915522,1.5444851305798082,0,0,0,1,1,1,1,1,0.9699999999999999,1.0,1.0,1.0,0.8,trigger,training_upload_trigger_confirmed,1785296060.552144,1785296060552144160,1384728768843001,85.4,53.19140625,54.072675,1785296060606218348,1384728822915676
2026-07-28T23:34:20.553,10.42.0.18,10.42.0.1,13,3,UPLOAD,0.9841010226033655,UPLOAD,0.9841010226033655,1,29888,1.591069142113655,8,49984.0,79528.0,6,2,0.3859410710976589,0.6140589289023412,1.3411874403100443,0,0,1,1,1,1,1,1,0.9699999999999999,1.0,1.0,1.0,0.8,skip,attack_already_active,1785296060.5538592,1785296060553859395,1384728770558427,85.4,53.19140625,-1.0,0,0
2026-07-28T23:34:20.555,10.42.0.1,10.42.0.1,14,3,UPLOAD,0.95,UPLOAD,0.95,1,7240,0.8642906365149766,50,284424.0,245825.0,26,24,0.5363970511967019,0.46360294880329805,0.010788399384669304,1,0,1,1,1,1,1,1,0.9699999999999999,1.0,1.0,1.0,0.8,skip,attack_already_active,1785296060.5555596,1785296060555559713,1384728772258243,85.4,53.19140625,-1.0,0,0
2026-07-28T23:34:20.556,10.42.0.1,10.42.0.1,14,3,UPLOAD,0.95,UPLOAD,0.95,1,7240,0.8897455910897472,51,284424.0,253065.0,26,25,0.5291717597941539,0.47082824020584607,0.009515965406853098,1,0,1,1,1,1,1,1,0.9699999999999999,1.0,1.0,1.0,0.8,skip,attack_already_active,1785296060.556692,1785296060556692046,1384728773390483,85.4,53.19140625,-1.0,0,0
2026-07-28T23:34:20.558,10.42.0.1,10.42.0.1,14,3,UPLOAD,0.7543236943947003,UPLOAD,0.7543236943947003,0,43,0.8897455910897472,51,284424.0,253065.0,26,25,0.5291717597941539,0.47082824020584607,0.018645921637276915,1,0,1,1,1,1,1,1,0.8200000000000001,0.8000000000000002,1.0,0.6000000000000001,0.8,skip,attack_already_active,1785296060.5583355,1785296060558335479,1384728775034034,85.4,53.19140625,-1.0,0,0
2026-07-28T23:34:20.559,10.42.0.1,10.42.0.1,14,3,UPLOAD,0.95,UPLOAD,0.95,1,14480,0.9406555002392883,52,284424.0,267545.0,26,26,0.5152898079421127,0.4847101920578873,0.0165596857539151,1,0,1,1,1,1,1,1,0.9699999999999999,1.0,1.0,1.0,0.8,skip,attack_already_active,1785296060.559506,1785296060559505903,1384728776204502,85.4,53.19140625,-1.0,0,0
2026-07-28T23:34:20.560,10.42.0.1,10.42.0.1,14,3,UPLOAD,0.95,UPLOAD,0.95,1,14480,0.9915654093888294,53,284424.0,282025.0,26,27,0.5021175781050015,0.4978824218949985,0.014524481521894606,1,0,1,1,1,1,1,1,0.9699999999999999,1.0,1.0,1.0,0.8,skip,attack_already_active,1785296060.560621,1785296060560621050,1384728777319683,85.4,53.19140625,-1.0,0,0
2026-07-28T23:34:20.564,10.42.0.1,10.42.0.1,14,3,UPLOAD,0.95,UPLOAD,0.95,1,20272,1.0628392821981871,54,284424.0,302297.0,26,28,0.484768740167814,0.515231259832186,0.013082133501382624,1,0,1,1,1,1,1,1,0.9699999999999999,1.0,1.0,1.0,0.8,skip,attack_already_active,1785296060.5642,1785296060564199922,1384728780898487,85.4,53.19140625,-1.0,0,0
2026-07-28T23:34:20.565,10.42.0.1,10.42.0.1,14,3,UPLOAD,0.95,UPLOAD,0.95,1,7240,1.0882942367729576,55,284424.0,309537.0,26,29,0.4788597231131337,0.5211402768868663,0.011511559618887512,1,0,1,1,1,1,1,1,0.9699999999999999,1.0,1.0,1.0,0.8,skip,attack_already_active,1785296060.5653634,1785296060565363363,1384728782061965,85.4,53.19140625,-1.0,0,0
2026-07-28T23:34:20.567,10.42.0.1,10.42.0.1,14,3,UPLOAD,0.95,UPLOAD,0.95,1,8576,1.1184464039598683,56,284424.0,318113.0,26,30,0.4720440404489683,0.5279559595510317,0.010214332414092184,1,0,1,1,1,1,1,1,0.9699999999999999,1.0,1.0,1.0,0.8,skip,attack_already_active,1785296060.5670307,1785296060567030732,1384728783729410,85.4,53.19140625,-1.0,0,0
2026-07-28T23:34:22.099,10.42.0.210,10.42.0.1|10.42.0.210,14,3,UPLOAD,0.95,UPLOAD,0.95,1,1448,100.0,1,0.0,1448.0,0,1,0.0,1.0,0.8184049905145504,1,0,0,1,1,1,1,1,0.9525,0.95,1.0,1.0,0.8,trigger,training_upload_trigger_confirmed,1785296062.0992944,1785296062099294357,1384730315992985,5.6,53.19140625,9.739583,1785296062109035244,1384730325732568
2026-07-28T23:34:22.100,10.42.0.210,10.42.0.1|10.42.0.210,14,3,UPLOAD,0.9841010226033655,UPLOAD,0.9841010226033655,1,1448,100.0,2,0.0,2896.0,0,2,0.0,1.0,0.7106841752712711,1,0,1,1,1,1,1,1,0.9699999999999999,1.0,1.0,1.0,0.8,skip,attack_already_active,1785296062.100236,1785296062100236040,1384730316935011,5.6,53.19140625,-1.0,0,0
2026-07-28T23:34:22.101,10.42.0.210,10.42.0.1|10.42.0.210,14,3,UPLOAD,0.9854688349332961,UPLOAD,0.9854688349332961,1,1448,100.0,3,0.0,4344.0,0,3,0.0,1.0,0.6172567070388879,1,0,1,1,1,1,1,1,0.9699999999999999,1.0,1.0,1.0,0.8,skip,attack_already_active,1785296062.101925,1785296062101924971,1384730318623883,5.6,53.19140625,-1.0,0,0
2026-07-28T23:34:22.102,10.42.0.210,10.42.0.1|10.42.0.210,14,3,UPLOAD,0.9855076450773014,UPLOAD,0.9855076450773014,1,1448,100.0,4,0.0,5792.0,0,4,0.0,1.0,0.5360584370885846,1,0,1,1,1,1,1,1,0.9699999999999999,1.0,1.0,1.0,0.8,skip,attack_already_active,1785296062.1029904,1785296062102990443,1384730319689054,11.9,53.19140625,-1.0,0,0
2026-07-28T23:34:22.104,10.42.0.210,10.42.0.1|10.42.0.210,14,3,UPLOAD,0.9855086980780915,UPLOAD,0.9855086980780915,1,1448,100.0,5,0.0,7240.0,0,5,0.0,1.0,0.46563269466241725,1,0,1,1,1,1,1,1,0.9699999999999999,1.0,1.0,1.0,0.8,skip,attack_already_active,1785296062.1046073,1785296062104607218,1384730321306393,11.9,53.19140625,-1.0,0,0
2026-07-28T23:34:22.105,10.42.0.210,10.42.0.1|10.42.0.210,14,3,UPLOAD,0.9855087254685951,UPLOAD,0.9855087254685951,1,1448,100.0,6,0.0,8688.0,0,6,0.0,1.0,0.40443863277189634,1,0,1,1,1,1,1,1,0.9699999999999999,1.0,1.0,1.0,0.8,skip,attack_already_active,1785296062.1058552,1785296062105855329,1384730322555045,11.9,53.19140625,-1.0,0,0
2026-07-28T23:34:22.107,10.42.0.210,10.42.0.1|10.42.0.210,14,3,UPLOAD,0.9855087261493067,UPLOAD,0.9855087261493067,1,1448,100.0,7,0.0,10136.0,0,7,0.0,1.0,0.35134514433343694,1,0,1,1,1,1,1,1,0.9699999999999999,1.0,1.0,1.0,0.8,skip,attack_already_active,1785296062.107382,1785296062107382031,1384730324080446,11.9,53.19140625,-1.0,0,0
2026-07-28T23:34:22.108,10.42.0.210,10.42.0.1|10.42.0.210,14,3,UPLOAD,0.9855087261653082,UPLOAD,0.9855087261653082,1,1448,100.0,8,0.0,11584.0,0,8,0.0,1.0,0.305166619435183,1,0,1,1,1,1,1,1,0.9699999999999999,1.0,1.0,1.0,0.8,skip,attack_already_active,1785296062.1082911,1785296062108291163,1384730324989518,11.9,53.19140625,-1.0,0,0
2026-07-28T23:34:22.109,10.42.0.210,10.42.0.1|10.42.0.210,14,3,UPLOAD,0.985508726165656,UPLOAD,0.985508726165656,1,1448,100.0,9,0.0,13032.0,0,9,0.0,1.0,0.2651364570977901,1,0,1,1,1,1,1,1,0.9699999999999999,1.0,1.0,1.0,0.8,skip,attack_already_active,1785296062.10968,1785296062109679945,1384730326378393,11.9,53.19140625,-1.0,0,0
2026-07-28T23:34:22.110,10.42.0.210,10.42.0.1|10.42.0.210,14,3,UPLOAD,0.9855087261656625,UPLOAD,0.9855087261656625,1,1448,100.0,10,0.0,14480.0,0,10,0.0,1.0,0.2303212407480122,1,0,1,1,1,1,1,1,0.9699999999999999,1.0,1.0,1.0,0.8,skip,attack_already_active,1785296062.1106133,1785296062110613201,1384730327311654,11.9,53.19140625,-1.0,0,0
2026-07-28T23:34:22.112,10.42.0.210,10.42.0.1|10.42.0.210,14,3,UPLOAD,0.9855087261656628,UPLOAD,0.9855087261656628,1,1448,100.0,11,0.0,15928.0,0,11,0.0,1.0,0.2001588780603472,1,0,1,1,1,1,1,1,0.9699999999999999,1.0,1.0,1.0,0.8,skip,attack_already_active,1785296062.1120408,1785296062112040716,1384730328739201,11.9,53.19140625,-1.0,0,0
2026-07-28T23:34:22.113,10.42.0.210,10.42.0.1|10.42.0.210,14,3,UPLOAD,0.95,UPLOAD,0.95,1,1448,100.0,12,0.0,17376.0,0,12,0.0,1.0,0.17391148289564978,1,0,1,1,1,1,1,1,0.9699999999999999,1.0,1.0,1.0,0.8,skip,attack_already_active,1785296062.1130154,1785296062113015354,1384730329713665,11.9,53.19140625,-1.0,0,0
2026-07-28T23:34:22.114,10.42.0.210,10.42.0.1|10.42.0.210,14,3,UPLOAD,0.95,UPLOAD,0.95,1,1448,100.0,13,0.0,18824.0,0,13,0.0,1.0,0.15118575350150323,1,0,1,1,1,1,1,1,0.9699999999999999,1.0,1.0,1.0,0.8,skip,attack_already_active,1785296062.1144676,1785296062114467467,1384730331165966,11.9,53.19140625,-1.0,0,0
2026-07-28T23:34:22.116,10.42.0.210,10.42.0.1|10.42.0.210,14,3,UPLOAD,0.95,UPLOAD,0.95,1,1448,100.0,14,0.0,20272.0,0,14,0.0,1.0,0.1314697754172535,1,0,1,1,1,1,1,1,0.9699999999999999,1.0,1.0,1.0,0.8,skip,attack_already_active,1785296062.1160343,1785296062116034390,1384730332732846,11.9,53.19140625,-1.0,0,0
2026-07-28T23:34:22.117,10.42.0.210,10.42.0.1|10.42.0.210,14,3,UPLOAD,0.95,UPLOAD,0.95,1,1448,100.0,15,0.0,21720.0,0,15,0.0,1.0,0.11433879019933346,1,0,1,1,1,1,1,1,0.9699999999999999,1.0,1.0,1.0,0.8,skip,attack_already_active,1785296062.1175017,1785296062117501750,1384730334200212,11.9,53.19140625,-1.0,0,0
2026-07-28T23:34:22.118,10.42.0.210,10.42.0.1|10.42.0.210,14,3,UPLOAD,0.95,UPLOAD,0.95,1,1448,100.0,16,0.0,23168.0,0,16,0.0,1.0,0.09936554378916354,1,0,1,1,1,1,1,1,0.9699999999999999,1.0,1.0,1.0,0.8,skip,attack_already_active,1785296062.1182127,1785296062118212661,1384730334910743,11.9,53.19140625,-1.0,0,0
2026-07-28T23:34:22.119,10.42.0.210,10.42.0.1|10.42.0.210,14,3,UPLOAD,0.95,UPLOAD,0.95,1,1448,100.0,17,0.0,24616.0,0,17,0.0,1.0,0.08640547767725389,1,0,1,1,1,1,1,1,0.9699999999999999,1.0,1.0,1.0,0.8,skip,attack_already_active,1785296062.119228,1785296062119227868,1384730335925983,11.9,53.19140625,-1.0,0,0
2026-07-28T23:34:22.119,10.42.0.210,10.42.0.1|10.42.0.210,14,3,UPLOAD,0.95,UPLOAD,0.95,1,1448,100.0,18,0.0,26064.0,0,18,0.0,1.0,0.07510128429559136,1,0,1,1,1,1,1,1,0.9699999999999999,1.0,1.0,1.0,0.8,skip,attack_already_active,1785296062.119849,1785296062119848922,1384730336546906,11.9,53.19140625,-1.0,0,0
2026-07-28T23:34:22.120,10.42.0.210,10.42.0.1|10.42.0.210,14,3,UPLOAD,0.95,UPLOAD,0.95,1,1448,100.0,19,0.0,27512.0,0,19,0.0,1.0,0.06531440521064967,1,0,1,1,1,1,1,1,0.9699999999999999,1.0,1.0,1.0,0.8,skip,attack_already_active,1785296062.1206803,1785296062120680402,1384730337378388,11.9,53.19140625,-1.0,0,0
2026-07-28T23:34:22.121,10.42.0.210,10.42.0.1|10.42.0.210,14,3,UPLOAD,0.95,UPLOAD,0.95,1,1448,100.0,20,0.0,28960.0,0,20,0.0,1.0,0.05678488974711915,1,0,1,1,1,1,1,1,0.9699999999999999,1.0,1.0,1.0,0.8,skip,attack_already_active,1785296062.1212666,1785296062121266660,1384730337964624,11.9,53.19140625,-1.0,0,0
2026-07-28T23:34:22.122,10.42.0.210,10.42.0.1|10.42.0.210,14,3,UPLOAD,0.95,UPLOAD,0.95,1,1448,100.0,21,0.0,30408.0,0,21,0.0,1.0,0.04941158098894286,1,0,1,1,1,1,1,1,0.9699999999999999,1.0,1.0,1.0,0.8,skip,attack_already_active,1785296062.1220975,1785296062122097515,1384730338795522,11.9,53.19140625,-1.0,0,0
2026-07-28T23:34:22.122,10.42.0.210,10.42.0.1|10.42.0.210,14,3,UPLOAD,0.95,UPLOAD,0.95,1,1448,100.0,22,0.0,31856.0,0,22,0.0,1.0,0.04297655212759363,1,0,1,1,1,1,1,1,0.9699999999999999,1.0,1.0,1.0,0.8,skip,attack_already_active,1785296062.1226754,1785296062122675558,1384730339373528,11.9,53.19140625,-1.0,0,0
2026-07-28T23:34:22.123,10.42.0.210,10.42.0.1|10.42.0.210,14,3,UPLOAD,0.95,UPLOAD,0.95,1,1448,100.0,23,0.0,33304.0,0,23,0.0,1.0,0.037426599821863075,1,0,1,1,1,1,1,1,0.9699999999999999,1.0,1.0,1.0,0.8,skip,attack_already_active,1785296062.123535,1785296062123534773,1384730340232873,11.9,53.19140625,-1.0,0,0
2026-07-28T23:34:22.124,10.42.0.210,10.42.0.1|10.42.0.210,14,3,UPLOAD,0.95,UPLOAD,0.95,1,1448,100.0,24,0.0,34752.0,0,24,0.0,1.0,0.03258272987780196,1,0,1,1,1,1,1,1,0.9699999999999999,1.0,1.0,1.0,0.8,skip,attack_already_active,1785296062.1242027,1785296062124202730,1384730340901002,11.9,53.19140625,-1.0,0,0
2026-07-28T23:34:22.125,10.42.0.210,10.42.0.1|10.42.0.210,14,3,UPLOAD,0.95,UPLOAD,0.95,1,1448,100.0,25,0.0,36200.0,0,25,0.0,1.0,0.02841313133893929,1,0,1,1,1,1,1,1,0.9699999999999999,1.0,1.0,1.0,0.8,skip,attack_already_active,1785296062.1251435,1785296062125143602,1384730341841738,11.9,53.19140625,-1.0,0,0
2026-07-28T23:34:22.125,10.42.0.210,10.42.0.1|10.42.0.210,14,3,UPLOAD,0.95,UPLOAD,0.95,1,1448,100.0,26,0.0,37648.0,0,26,0.0,1.0,0.02474934055063615,1,0,1,1,1,1,1,1,0.9699999999999999,1.0,1.0,1.0,0.8,skip,attack_already_active,1785296062.1257532,1785296062125752987,1384730342451007,11.9,53.19140625,-1.0,0,0
2026-07-28T23:34:22.126,10.42.0.210,10.42.0.1|10.42.0.210,14,3,UPLOAD,0.95,UPLOAD,0.95,1,1448,100.0,27,0.0,39096.0,0,27,0.0,1.0,0.02160051534837932,1,0,1,1,1,1,1,1,0.9699999999999999,1.0,1.0,1.0,0.8,skip,attack_already_active,1785296062.126607,1785296062126606843,1384730343304994,11.9,53.19140625,-1.0,0,0
2026-07-28T23:34:22.127,10.42.0.210,10.42.0.1|10.42.0.210,14,3,UPLOAD,0.95,UPLOAD,0.95,1,1448,100.0,28,0.0,40544.0,0,28,0.0,1.0,0.018833605141282503,1,0,1,1,1,1,1,1,0.9699999999999999,1.0,1.0,1.0,0.8,skip,attack_already_active,1785296062.1272101,1785296062127210274,1384730343908851,11.9,53.19140625,-1.0,0,0
2026-07-28T23:34:22.128,10.42.0.210,10.42.0.1|10.42.0.210,14,3,UPLOAD,0.95,UPLOAD,0.95,1,1448,100.0,29,0.0,41992.0,0,29,0.0,1.0,0.016473465317229683,1,0,1,1,1,1,1,1,0.9699999999999999,1.0,1.0,1.0,0.8,skip,attack_already_active,1785296062.1281333,1785296062128133336,1384730344831644,11.9,53.19140625,-1.0,0,0
2026-07-28T23:34:22.128,10.42.0.210,10.42.0.1|10.42.0.210,14,3,UPLOAD,0.95,UPLOAD,0.95,1,1448,100.0,30,0.0,43440.0,0,30,0.0,1.0,0.014387133366529359,1,0,1,1,1,1,1,1,0.9699999999999999,1.0,1.0,1.0,0.8,skip,attack_already_active,1785296062.1287742,1785296062128774263,1384730345472543,11.9,53.19140625,-1.0,0,0
2026-07-28T23:34:22.129,10.42.0.210,10.42.0.1|10.42.0.210,14,3,UPLOAD,0.95,UPLOAD,0.95,1,1448,100.0,31,0.0,44888.0,0,31,0.0,1.0,0.012608180958850456,1,0,1,1,1,1,1,1,0.9699999999999999,1.0,1.0,1.0,0.8,skip,attack_already_active,1785296062.1296613,1785296062129661329,1384730346359374,11.9,53.19140625,-1.0,0,0
2026-07-28T23:34:22.130,10.42.0.210,10.42.0.1|10.42.0.210,14,3,UPLOAD,0.95,UPLOAD,0.95,1,1448,100.0,32,0.0,46336.0,0,32,0.0,1.0,0.011027424703395265,1,0,1,1,1,1,1,1,0.9699999999999999,1.0,1.0,1.0,0.8,skip,attack_already_active,1785296062.1302736,1785296062130273481,1384730346971625,11.9,53.19140625,-1.0,0,0
2026-07-28T23:34:22.130,10.42.0.210,10.42.0.1|10.42.0.210,14,3,UPLOAD,0.95,UPLOAD,0.95,1,1448,100.0,33,0.0,47784.0,0,33,0.0,1.0,0.009652112772958795,1,0,1,1,1,1,1,1,0.9699999999999999,1.0,1.0,1.0,0.8,skip,attack_already_active,1785296062.1308641,1785296062130864123,1384730347562130,11.9,53.19140625,-1.0,0,0
2026-07-28T23:34:22.131,10.42.0.210,10.42.0.1|10.42.0.210,14,3,UPLOAD,0.95,UPLOAD,0.95,1,1448,100.0,34,0.0,49232.0,0,34,0.0,1.0,0.008457372074458996,1,0,1,1,1,1,1,1,0.9699999999999999,1.0,1.0,1.0,0.8,skip,attack_already_active,1785296062.1314497,1785296062131449557,1384730348147521,11.9,53.19140625,-1.0,0,0
2026-07-28T23:34:22.132,10.42.0.210,10.42.0.1|10.42.0.210,14,3,UPLOAD,0.95,UPLOAD,0.95,1,1448,100.0,35,0.0,50680.0,0,35,0.0,1.0,0.007420790298919943,1,0,1,1,1,1,1,1,0.9699999999999999,1.0,1.0,1.0,0.8,skip,attack_already_active,1785296062.1320407,1785296062132040755,1384730348739149,11.9,53.19140625,-1.0,0,0
2026-07-28T23:34:22.132,10.42.0.210,10.42.0.1|10.42.0.210,14,3,UPLOAD,0.95,UPLOAD,0.95,1,1448,100.0,36,0.0,52128.0,0,36,0.0,1.0,0.0065214633033212465,1,0,1,1,1,1,1,1,0.9699999999999999,1.0,1.0,1.0,0.8,skip,attack_already_active,1785296062.1326368,1785296062132636753,1384730349334768,11.9,53.19140625,-1.0,0,0
2026-07-28T23:34:22.133,10.42.0.210,10.42.0.1|10.42.0.210,14,3,UPLOAD,0.95,UPLOAD,0.95,1,1448,100.0,37,0.0,53576.0,0,37,0.0,1.0,0.005738633926010845,1,0,1,1,1,1,1,1,0.9699999999999999,1.0,1.0,1.0,0.8,skip,attack_already_active,1785296062.1332176,1785296062133217429,1384730349915401,11.9,53.19140625,-1.0,0,0
2026-07-28T23:34:22.135,10.42.0.1,10.42.0.1|10.42.0.210,14,3,UPLOAD,0.9565408856535992,UPLOAD,0.9565408856535992,1,7240,100.0,1,0.0,7240.0,0,1,0.0,1.0,0.21003055175109947,1,0,1,1,1,1,1,1,0.9699999999999999,1.0,1.0,1.0,0.8,skip,attack_already_active,1785296062.1352277,1785296062135227639,1384730351925862,11.9,53.19140625,-1.0,0,0
2026-07-28T23:34:22.135,10.42.0.1,10.42.0.1|10.42.0.210,14,3,UPLOAD,0.9729694900791536,UPLOAD,0.9729694900791536,1,7240,100.0,2,0.0,14480.0,0,2,0.0,1.0,0.18243723794364822,1,0,1,1,1,1,1,1,0.9699999999999999,1.0,1.0,1.0,0.8,skip,attack_already_active,1785296062.1358602,1785296062135860211,1384730352558352,11.9,53.19140625,-1.0,0,0
2026-07-28T23:34:22.146,10.42.0.1,10.42.0.1|10.42.0.210,14,3,UPLOAD,0.9745795502272794,UPLOAD,0.9745795502272794,1,1448,100.0,3,0.0,15928.0,0,3,0.0,1.0,0.159845422156042,1,0,1,1,1,1,1,1,0.9699999999999999,1.0,1.0,1.0,0.8,skip,attack_already_active,1785296062.1468544,1785296062146854273,1384730363552777,11.9,53.19140625,-1.0,0,0
2026-07-28T23:34:22.177,10.42.0.1,10.42.0.1|10.42.0.210,14,3,UPLOAD,0.9755689524550504,UPLOAD,0.9755689524550504,1,14480,100.0,4,0.0,30408.0,0,4,0.0,1.0,0.1427664929209615,1,0,1,1,1,1,1,1,0.9699999999999999,1.0,1.0,1.0,0.8,skip,attack_already_active,1785296062.1770926,1785296062177092613,1384730393790970,11.9,53.19140625,-1.0,0,0
2026-07-28T23:34:22.177,10.42.0.1,10.42.0.1|10.42.0.210,14,3,UPLOAD,0.9764510355506021,UPLOAD,0.9764510355506021,1,14480,100.0,5,0.0,44888.0,0,5,0.0,1.0,0.12404987157173472,1,0,1,1,1,1,1,1,0.9699999999999999,1.0,1.0,1.0,0.8,skip,attack_already_active,1785296062.1778238,1785296062177823654,1384730394521834,11.9,53.19140625,-1.0,0,0
2026-07-28T23:34:22.178,10.42.0.1,10.42.0.1|10.42.0.210,14,3,UPLOAD,0.9762947334928,UPLOAD,0.9762947334928,0,43,100.0,5,0.0,44888.0,0,5,0.0,1.0,0.3211941014181986,1,0,1,1,1,1,1,1,0.8374999999999999,0.8500000000000001,1.0,0.6000000000000001,0.8,skip,attack_already_active,1785296062.1784585,1785296062178458264,1384730395156383,11.9,53.19140625,-1.0,0,0
2026-07-28T23:34:22.180,10.42.0.1,10.42.0.1|10.42.0.210,14,3,UPLOAD,0.9785913757909652,UPLOAD,0.9785913757909652,1,1448,100.0,6,0.0,46336.0,0,6,0.0,1.0,0.2792046779520801,1,0,1,1,1,1,1,1,0.9699999999999999,1.0,1.0,1.0,0.8,skip,attack_already_active,1785296062.1803718,1785296062180371796,1384730397070167,11.9,53.19140625,-1.0,0,0
2026-07-28T23:34:22.181,10.42.0.1,10.42.0.1|10.42.0.210,14,3,UPLOAD,0.9796145637862651,UPLOAD,0.9796145637862651,1,20272,100.0,7,0.0,66608.0,0,7,0.0,1.0,0.24254873036227326,1,0,1,1,1,1,1,1,0.9699999999999999,1.0,1.0,1.0,0.8,skip,attack_already_active,1785296062.1814046,1785296062181404668,1384730398102841,11.9,53.19140625,-1.0,0,0
2026-07-28T23:34:22.182,10.42.0.1,10.42.0.1|10.42.0.210,14,3,UPLOAD,0.9803493679340903,UPLOAD,0.9803493679340903,1,12921,100.0,8,0.0,79529.0,0,8,0.0,1.0,0.2107098111992974,1,0,1,1,1,1,1,1,0.9699999999999999,1.0,1.0,1.0,0.8,skip,attack_already_active,1785296062.1823366,1785296062182336449,1384730399034636,11.9,53.19140625,-1.0,0,0
2026-07-28T23:34:24.309,10.42.0.47,10.42.0.1|10.42.0.210|10.42.0.47,14,3,UPLOAD,0.95,UPLOAD,0.95,1,7240,100.0,1,0.0,7240.0,0,1,0.0,1.0,0.6793900182518315,1,0,0,1,1,1,1,1,0.9699999999999999,1.0,1.0,1.0,0.8,trigger,training_upload_trigger_confirmed,1785296064.3091614,1785296064309161458,1384732525860184,13.8,53.19140625,9.734936,1785296064318897744,1384732535595120
2026-07-28T23:34:24.309,10.42.0.47,10.42.0.1|10.42.0.210|10.42.0.47,14,3,UPLOAD,0.95,UPLOAD,0.95,1,1448,100.0,2,0.0,8688.0,0,2,0.0,1.0,0.5899708931094041,1,0,1,1,1,1,1,1,0.9699999999999999,1.0,1.0,1.0,0.8,skip,attack_already_active,1785296064.3099744,1785296064309974576,1384732526672695,13.8,53.19140625,-1.0,0,0
2026-07-28T23:34:24.310,10.42.0.47,10.42.0.1|10.42.0.210|10.42.0.47,14,3,UPLOAD,0.95,UPLOAD,0.95,1,5792,100.0,3,0.0,14480.0,0,3,0.0,1.0,0.5123488436264233,1,0,1,1,1,1,1,1,0.9699999999999999,1.0,1.0,1.0,0.8,skip,attack_already_active,1785296064.310893,1785296064310893076,1384732527591134,13.8,53.19140625,-1.0,0,0
2026-07-28T23:34:24.311,10.42.0.47,10.42.0.1|10.42.0.210|10.42.0.47,14,3,UPLOAD,0.95,UPLOAD,0.95,1,8688,100.0,4,0.0,23168.0,0,4,0.0,1.0,0.4449635670254841,1,0,1,1,1,1,1,1,0.9699999999999999,1.0,1.0,1.0,0.8,skip,attack_already_active,1785296064.3118737,1785296064311873875,1384732528571950,13.8,53.19140625,-1.0,0,0
2026-07-28T23:34:24.312,10.42.0.47,10.42.0.1|10.42.0.210|10.42.0.47,14,3,UPLOAD,0.95,UPLOAD,0.95,1,2896,100.0,5,0.0,26064.0,0,5,0.0,1.0,0.38646489271617357,1,0,1,1,1,1,1,1,0.9699999999999999,1.0,1.0,1.0,0.8,skip,attack_already_active,1785296064.312907,1785296064312906918,1384732529605689,13.8,53.19140625,-1.0,0,0
2026-07-28T23:34:24.313,10.42.0.47,10.42.0.1|10.42.0.210|10.42.0.47,14,3,UPLOAD,0.95,UPLOAD,0.95,1,7240,100.0,6,0.0,33304.0,0,6,0.0,1.0,0.3356470770850065,1,0,1,1,1,1,1,1,0.9699999999999999,1.0,1.0,1.0,0.8,skip,attack_already_active,1785296064.3137295,1785296064313729573,1384732530428329,13.8,53.19140625,-1.0,0,0
2026-07-28T23:34:24.314,10.42.0.47,10.42.0.1|10.42.0.210|10.42.0.47,14,3,UPLOAD,0.95,UPLOAD,0.95,1,7240,100.0,7,0.0,40544.0,0,7,0.0,1.0,0.2915467075738156,1,0,1,1,1,1,1,1,0.9699999999999999,1.0,1.0,1.0,0.8,skip,attack_already_active,1785296064.314711,1785296064314711127,1384732531409329,13.8,53.19140625,-1.0,0,0
2026-07-28T23:34:24.315,10.42.0.47,10.42.0.1|10.42.0.210|10.42.0.47,14,3,UPLOAD,0.95,UPLOAD,0.95,1,2896,100.0,8,0.0,43440.0,0,8,0.0,1.0,0.2532259720068347,1,0,1,1,1,1,1,1,0.9699999999999999,1.0,1.0,1.0,0.8,skip,attack_already_active,1785296064.3154523,1785296064315452467,1384732532150811,13.8,53.19140625,-1.0,0,0
2026-07-28T23:34:24.316,10.42.0.47,10.42.0.1|10.42.0.210|10.42.0.47,14,3,UPLOAD,0.95,UPLOAD,0.95,1,8688,100.0,9,0.0,52128.0,0,9,0.0,1.0,0.2199805048427727,1,0,1,1,1,1,1,1,0.9699999999999999,1.0,1.0,1.0,0.8,skip,attack_already_active,1785296064.3163877,1785296064316387507,1384732533085683,13.8,53.19140625,-1.0,0,0
2026-07-28T23:34:24.317,10.42.0.47,10.42.0.1|10.42.0.210|10.42.0.47,14,3,UPLOAD,0.95,UPLOAD,0.95,1,7240,100.0,10,0.0,59368.0,0,10,0.0,1.0,0.1911481443725003,1,0,1,1,1,1,1,1,0.9699999999999999,1.0,1.0,1.0,0.8,skip,attack_already_active,1785296064.3175673,1785296064317567127,1384732534265318,13.8,53.19140625,-1.0,0,0
2026-07-28T23:34:24.318,10.42.0.47,10.42.0.1|10.42.0.210|10.42.0.47,14,3,UPLOAD,0.95,UPLOAD,0.95,1,2896,100.0,11,0.0,62264.0,0,11,0.0,1.0,0.16606136615857336,1,0,1,1,1,1,1,1,0.9699999999999999,1.0,1.0,1.0,0.8,skip,attack_already_active,1785296064.3183389,1785296064318338804,1384732535037372,13.8,53.19140625,-1.0,0,0
2026-07-28T23:34:24.319,10.42.0.47,10.42.0.1|10.42.0.210|10.42.0.47,14,3,UPLOAD,0.95,UPLOAD,0.95,1,10136,100.0,12,0.0,72400.0,0,12,0.0,1.0,0.14436822809596053,1,0,1,1,1,1,1,1,0.9699999999999999,1.0,1.0,1.0,0.8,skip,attack_already_active,1785296064.319777,1785296064319776992,1384732536475394,13.8,53.19140625,-1.0,0,0
2026-07-28T23:34:24.321,10.42.0.47,10.42.0.1|10.42.0.210|10.42.0.47,14,3,UPLOAD,0.95,UPLOAD,0.95,1,1448,100.0,13,0.0,73848.0,0,13,0.0,1.0,0.1255379645553831,1,0,1,1,1,1,1,1,0.9699999999999999,1.0,1.0,1.0,0.8,skip,attack_already_active,1785296064.3212476,1785296064321247532,1384732537945850,13.8,53.19140625,-1.0,0,0
2026-07-28T23:34:24.322,10.42.0.47,10.42.0.1|10.42.0.210|10.42.0.47,14,3,UPLOAD,0.95,UPLOAD,0.95,1,5680,100.0,14,0.0,79528.0,0,14,0.0,1.0,0.10912618260929335,1,0,1,1,1,1,1,1,0.9699999999999999,1.0,1.0,1.0,0.8,skip,attack_already_active,1785296064.322241,1785296064322241118,1384732538939485,13.8,53.19140625,-1.0,0,0
2026-07-28T23:34:24.323,10.42.0.1,10.42.0.1|10.42.0.210|10.42.0.47,14,3,UPLOAD,0.9775231465820167,UPLOAD,0.9775231465820167,1,7240,100.0,1,0.0,7240.0,0,1,0.0,1.0,0.4645243561481741,1,0,1,1,1,1,1,1,0.9699999999999999,1.0,1.0,1.0,0.8,skip,attack_already_active,1785296064.3232062,1785296064323206226,1384732539904302,13.8,53.19140625,-1.0,0,0
2026-07-28T23:34:24.323,10.42.0.1,10.42.0.1|10.42.0.210|10.42.0.47,14,3,UPLOAD,0.9774640101991702,UPLOAD,0.9774640101991702,1,7240,100.0,2,0.0,14480.0,0,2,0.0,1.0,0.40341036826522303,1,0,1,1,1,1,1,1,0.9699999999999999,1.0,1.0,1.0,0.8,skip,attack_already_active,1785296064.3239534,1785296064323953502,1384732540651525,13.8,53.19140625,-1.0,0,0
2026-07-28T23:34:24.430,10.42.0.1,10.42.0.1|10.42.0.210|10.42.0.47,14,3,UPLOAD,0.9774898473511333,UPLOAD,0.9774898473511333,1,13032,100.0,3,0.0,27512.0,0,3,0.0,1.0,0.36423218052258116,1,0,1,1,1,1,1,1,0.9699999999999999,1.0,1.0,1.0,0.8,skip,attack_already_active,1785296064.4300513,1785296064430051334,1384732646749947,28.6,53.19140625,-1.0,0,0
2026-07-28T23:34:24.430,10.42.0.1,10.42.0.1|10.42.0.210|10.42.0.47,14,3,UPLOAD,0.9778888313936587,UPLOAD,0.9778888313936587,1,13032,100.0,4,0.0,40544.0,0,4,0.0,1.0,0.3163364656998822,1,0,1,1,1,1,1,1,0.9699999999999999,1.0,1.0,1.0,0.8,skip,attack_already_active,1785296064.4308162,1785296064430816222,1384732647514290,28.6,53.19140625,-1.0,0,0
2026-07-28T23:34:24.431,10.42.0.1,10.42.0.1|10.42.0.210|10.42.0.47,14,3,UPLOAD,0.9762830175994024,UPLOAD,0.9762830175994024,0,43,100.0,4,0.0,40544.0,0,4,0.0,1.0,0.5715432355199754,1,0,1,1,1,1,1,1,0.8374999999999999,0.8500000000000001,1.0,0.6000000000000001,0.8,skip,attack_already_active,1785296064.4314885,1785296064431488519,1384732648186648,28.6,53.19140625,-1.0,0,0
2026-07-28T23:34:24.433,10.42.0.1,10.42.0.1|10.42.0.210|10.42.0.47,14,3,UPLOAD,0.9769901269307439,UPLOAD,0.9769901269307439,1,14480,100.0,5,0.0,55024.0,0,5,0.0,1.0,0.4965676438191422,1,0,1,1,1,1,1,1,0.9699999999999999,1.0,1.0,1.0,0.8,skip,attack_already_active,1785296064.4333904,1785296064433390211,1384732650088275,28.6,53.19140625,-1.0,0,0
2026-07-28T23:34:24.434,10.42.0.1,10.42.0.1|10.42.0.210|10.42.0.47,14,3,UPLOAD,0.9765701551071492,UPLOAD,0.9765701551071492,1,8688,100.0,6,0.0,63712.0,0,6,0.0,1.0,0.4312937837659908,1,0,1,1,1,1,1,1,0.9699999999999999,1.0,1.0,1.0,0.8,skip,attack_already_active,1785296064.4346128,1785296064434612842,1384732651311035,28.6,53.19140625,-1.0,0,0
2026-07-28T23:34:24.436,10.42.0.1,10.42.0.1|10.42.0.210|10.42.0.47,14,3,UPLOAD,0.9757276036988116,UPLOAD,0.9757276036988116,1,7240,100.0,7,0.0,70952.0,0,7,0.0,1.0,0.37467699230698986,1,0,1,1,1,1,1,1,0.9699999999999999,1.0,1.0,1.0,0.8,skip,attack_already_active,1785296064.4362574,1785296064436257185,1384732652955724,28.6,53.19140625,-1.0,0,0
2026-07-28T23:34:24.437,10.42.0.1,10.42.0.1|10.42.0.210|10.42.0.47,14,3,UPLOAD,0.975728085787109,UPLOAD,0.975728085787109,1,7240,100.0,8,0.0,78192.0,0,8,0.0,1.0,0.32543328794570825,1,0,1,1,1,1,1,1,0.9699999999999999,1.0,1.0,1.0,0.8,skip,attack_already_active,1785296064.4372375,1785296064437237443,1384732653935553,28.6,53.19140625,-1.0,0,0
2026-07-28T23:34:24.438,10.42.0.1,10.42.0.1|10.42.0.210|10.42.0.47,14,3,UPLOAD,0.9760251304159585,UPLOAD,0.9760251304159585,1,1336,100.0,9,0.0,79528.0,0,9,0.0,1.0,0.28267572474197733,1,0,1,1,1,1,1,1,0.9699999999999999,1.0,1.0,1.0,0.8,skip,attack_already_active,1785296064.4381955,1785296064438195351,1384732654893718,28.6,53.19140625,-1.0,0,0
2026-07-28T23:34:24.740,10.42.0.1,10.42.0.47,15,1,DOWNLOAD,0.9732445094965234,DOWNLOAD,0.9732445094965234,-1,1448,54.92265189646225,10,1448.0,79528.0,1,9,0.017881841533293814,0.9821181584667061,0.28611198279512867,0,0,0,0,1,0,0,0,0.44,0.8500000000000001,0.0,0.6000000000000001,0.15,skip,training_upload_trigger_not_confirmed,1785296064.740241,1785296064740241250,1384732956939961,28.6,53.19140625,-1.0,0,0
2026-07-28T23:34:24.744,10.42.0.1,10.42.0.47,15,1,DOWNLOAD,0.95,DOWNLOAD,0.95,-1,5792,10.984530385361252,11,7240.0,79528.0,2,9,0.08344089987092015,0.9165591001290798,0.24895397328247332,0,0,0,0,1,0,0,0,0.44,0.8500000000000001,0.0,0.6000000000000001,0.15,skip,training_upload_trigger_not_confirmed,1785296064.7443712,1785296064744371159,1384732961070231,28.6,53.19140625,-1.0,0,0
2026-07-28T23:34:24.745,10.42.0.1,10.42.0.47,15,1,DOWNLOAD,0.95,DOWNLOAD,0.95,-1,7240,5.492265193059926,12,14480.0,79528.0,3,9,0.15402944430261253,0.8459705556973874,0.21630600571074646,0,0,0,0,1,0,0,0,0.44,0.8500000000000001,0.0,0.6000000000000001,0.15,skip,training_upload_trigger_not_confirmed,1785296064.7455688,1785296064745568670,1384732962267449,28.6,53.19140625,-1.0,0,0
2026-07-28T23:34:24.747,10.42.0.1,10.42.0.47,15,1,DOWNLOAD,0.95,DOWNLOAD,0.95,-1,7240,3.661510128790906,13,21720.0,79528.0,4,9,0.21452275600505688,0.7854772439949431,0.1880208738797673,0,0,0,0,1,0,0,0,0.4,0.8500000000000001,0.0,0.4,0.15,skip,training_upload_trigger_not_confirmed,1785296064.7472267,1785296064747226733,1384732963925587,28.6,53.19140625,-1.0,0,0
2026-07-28T23:34:24.748,10.42.0.1,10.42.0.47,15,1,DOWNLOAD,0.95,DOWNLOAD,0.95,-1,7240,2.746132596624788,14,28960.0,79528.0,5,9,0.26694196593171593,0.7330580340682841,0.16341753917451207,0,0,0,0,1,0,0,0,0.4,0.8500000000000001,0.0,0.4,0.15,skip,training_upload_trigger_not_confirmed,1785296064.7485397,1785296064748539595,1384732965238902,28.6,53.19140625,-1.0,0,0
2026-07-28T23:34:24.750,10.42.0.1,10.42.0.47,15,1,DOWNLOAD,0.95,DOWNLOAD,0.95,-1,7240,2.196906077315002,15,36200.0,79528.0,6,9,0.31280243329185675,0.6871975667081432,0.14212337215368262,0,0,0,0,1,0,0,0,0.4,0.8500000000000001,0.0,0.4,0.15,skip,training_upload_trigger_not_confirmed,1785296064.7503617,1785296064750361643,1384732967060473,28.6,53.19140625,-1.0,0,0
2026-07-28T23:34:24.751,10.42.0.1,10.42.0.47,15,1,DOWNLOAD,0.95,DOWNLOAD,0.95,-1,7240,1.8307550644375976,16,43440.0,79528.0,7,9,0.3532626374341292,0.6467373625658708,0.1235470438094171,0,0,0,0,1,0,0,0,0.32,0.8500000000000001,0.0,0.0,0.15,skip,training_upload_trigger_not_confirmed,1785296064.7515144,1785296064751514400,1384732968212921,28.6,53.19140625,-1.0,0,0
2026-07-28T23:34:24.753,10.42.0.1,10.42.0.47,15,1,DOWNLOAD,0.95,DOWNLOAD,0.95,-1,7240,1.5692186266659585,17,50680.0,79528.0,8,9,0.3892233964118948,0.6107766035881051,0.10747719486794383,0,0,0,0,1,0,0,0,0.32,0.8500000000000001,0.0,0.0,0.15,skip,training_upload_trigger_not_confirmed,1785296064.7531118,1785296064753111771,1384732969810480,28.6,53.19140625,-1.0,0,0
2026-07-28T23:34:24.754,10.42.0.1,10.42.0.47,15,1,DOWNLOAD,0.95,DOWNLOAD,0.95,-1,7240,1.3730662983361002,18,57920.0,79528.0,9,9,0.4213957278388918,0.5786042721611082,0.09346003321722315,0,0,0,0,1,0,0,0,0.32,0.8500000000000001,0.0,0.0,0.15,skip,training_upload_trigger_not_confirmed,1785296064.7542167,1785296064754216742,1384732970915110,28.6,53.19140625,-1.0,0,0
2026-07-28T23:34:24.755,10.42.0.1,10.42.0.47,15,1,DOWNLOAD,0.95,DOWNLOAD,0.95,-1,4344,1.2772709751979108,19,62264.0,79528.0,10,9,0.4391220943353645,0.5608779056646355,0.08129032118923352,0,0,0,0,1,0,0,0,0.32,0.8500000000000001,0.0,0.0,0.15,skip,training_upload_trigger_not_confirmed,1785296064.7553241,1785296064755324056,1384732972022565,28.6,53.19140625,-1.0,0,0
2026-07-28T23:34:24.756,10.42.0.1,10.42.0.47,15,1,DOWNLOAD,0.95,DOWNLOAD,0.95,-1,4344,1.1939706942079935,20,66608.0,79528.0,11,9,0.4557946022882794,0.5442053977117206,0.07071103973927212,0,0,0,0,1,0,0,0,0.30250000000000005,0.8000000000000002,0.0,0.0,0.15,skip,training_upload_trigger_not_confirmed,1785296064.7563312,1785296064756331344,1384732973029608,28.6,53.19140625,-1.0,0,0
2026-07-28T23:34:24.757,10.42.0.1,10.42.0.47,15,1,DOWNLOAD,0.95,DOWNLOAD,0.95,-1,14480,0.9807616416734811,21,81088.0,79528.0,12,9,0.5048563032325547,0.49514369676744535,0.0615314612117419,0,0,0,0,1,0,0,0,0.30250000000000005,0.8000000000000002,0.0,0.0,0.15,skip,training_upload_trigger_not_confirmed,1785296064.757381,1785296064757380848,1384732974079522,28.6,53.19140625,-1.0,0,0
2026-07-28T23:34:24.758,10.42.0.1,10.42.0.47,15,1,DOWNLOAD,0.95,DOWNLOAD,0.95,-1,14480,0.8321613929366298,22,95568.0,79528.0,13,9,0.5458034449673322,0.4541965550326678,0.053569496808699824,0,0,0,0,1,0,0,0,0.30250000000000005,0.8000000000000002,0.0,0.0,0.15,skip,training_upload_trigger_not_confirmed,1785296064.7584913,1785296064758491446,1384732975189881,28.6,53.19140625,-1.0,0,0
2026-07-28T23:34:24.759,10.42.0.1,10.42.0.47,15,1,DOWNLOAD,0.95,DOWNLOAD,0.95,-1,14480,0.722666472814384,23,110048.0,79528.0,14,9,0.5804954213613538,0.41950457863864626,0.04665992061849847,0,0,0,0,1,0,0,0,0.28500000000000003,0.7500000000000001,0.0,0.0,0.15,skip,training_upload_trigger_not_confirmed,1785296064.759626,1785296064759625861,1384732976324543,28.6,53.19140625,-1.0,0,0
2026-07-28T23:34:24.760,10.42.0.1,10.42.0.47,15,1,DOWNLOAD,0.95,DOWNLOAD,0.95,-1,18824,0.6171084486962481,24,128872.0,79528.0,15,9,0.6183877159309021,0.38161228406909786,0.040661604179866834,0,0,0,0,1,0,0,0,0.28500000000000003,0.7500000000000001,0.0,0.0,0.15,skip,training_upload_trigger_not_confirmed,1785296064.7607663,1785296064760766323,1384732977464972,28.6,53.19140625,-1.0,0,0
2026-07-28T23:34:24.761,10.42.0.1,10.42.0.47,15,1,DOWNLOAD,0.95,DOWNLOAD,0.95,-1,18824,0.5384573719021607,25,147696.0,79528.0,16,9,0.650001760377425,0.3499982396225751,0.035457294296459246,0,0,0,0,1,0,0,0,0.28500000000000003,0.7500000000000001,0.0,0.0,0.15,skip,training_upload_trigger_not_confirmed,1785296064.7619338,1785296064761933848,1384732978632377,28.6,53.19140625,-1.0,0,0
2026-07-28T23:34:24.763,10.42.0.1,10.42.0.47,15,1,DOWNLOAD,0.95,DOWNLOAD,0.95,-1,6784,0.5148109787706187,26,154480.0,79528.0,17,9,0.6601483709958634,0.3398516290041366,0.031002399983604288,0,0,0,0,1,0,0,0,0.28500000000000003,0.7500000000000001,0.0,0.0,0.15,skip,training_upload_trigger_not_confirmed,1785296064.7635841,1785296064763584155,1384732980282883,28.6,53.19140625,-1.0,0,0
2026-07-28T23:34:24.765,10.42.0.47,10.42.0.47,15,1,DOWNLOAD,0.95,DOWNLOAD,0.95,-1,7240,10.984530385361252,15,7240.0,79528.0,1,14,0.08344089987092015,0.9165591001290798,0.13819158238742796,0,0,0,0,0,0,0,0,0.057499999999999996,0.1,0.0,0.0,0.15,skip,training_upload_trigger_not_confirmed,1785296064.7652652,1785296064765265049,1384732981963835,28.6,53.19140625,-1.0,0,0
2026-07-28T23:34:24.766,10.42.0.47,10.42.0.47,15,1,DOWNLOAD,0.9829981496648164,DOWNLOAD,0.9829981496648164,-1,7240,5.492265193059926,16,14480.0,79528.0,2,14,0.15402944430261253,0.8459705556973874,0.12010160047708718,0,0,0,0,0,0,0,0,0.057499999999999996,0.1,0.0,0.0,0.15,skip,training_upload_trigger_not_confirmed,1785296064.766177,1785296064766176971,1384732982875500,28.6,53.19140625,-1.0,0,0
2026-07-28T23:34:24.767,10.42.0.1,10.42.0.47,15,1,DOWNLOAD,0.95,DOWNLOAD,0.95,-1,16920,0.463990665113979,27,171400.0,79528.0,18,9,0.6830644647070075,0.3169355352929924,0.027402129693204647,0,0,0,0,1,0,0,0,0.28500000000000003,0.7500000000000001,0.0,0.0,0.15,skip,training_upload_trigger_not_confirmed,1785296064.767265,1785296064767265114,1384732983964751,28.6,53.19140625,-1.0,0,0
2026-07-28T23:34:24.768,10.42.0.1,10.42.0.47,15,1,DOWNLOAD,0.95,DOWNLOAD,0.95,-1,21720,0.4118061309061111,28,193120.0,79528.0,19,9,0.7083125495143922,0.2916874504856078,0.02396163702948799,0,0,0,0,1,0,0,0,0.28500000000000003,0.7500000000000001,0.0,0.0,0.15,skip,training_upload_trigger_not_confirmed,1785296064.7685583,1785296064768558419,1384732985257582,28.6,53.19140625,-1.0,0,0
2026-07-28T23:34:24.769,10.42.0.1,10.42.0.47,15,1,DOWNLOAD,0.95,DOWNLOAD,0.95,-1,14024,0.38392615765175947,29,207144.0,79528.0,20,9,0.7225819054529218,0.2774180945470782,0.0209577051062387,0,0,0,0,1,0,0,0,0.28500000000000003,0.7500000000000001,0.0,0.0,0.15,skip,training_upload_trigger_not_confirmed,1785296064.769724,1785296064769723804,1384732986422122,28.6,53.19140625,-1.0,0,0
2026-07-28T23:34:24.770,10.42.0.1,10.42.0.47,15,1,DOWNLOAD,0.95,DOWNLOAD,0.95,-1,14024,0.35958185632930806,30,221168.0,79528.0,21,9,0.7355202596642456,0.2644797403357544,0.01833591669446759,0,0,0,0,1,0,0,0,0.28500000000000003,0.7500000000000001,0.0,0.0,0.15,skip,training_upload_trigger_not_confirmed,1785296064.7707856,1785296064770785448,1384732987484043,28.6,53.19140625,-1.0,0,0
2026-07-28T23:34:24.772,10.42.0.210,10.42.0.47,15,1,DOWNLOAD,0.9834855633463708,DOWNLOAD,0.9834855633463708,-1,7240,1.381215469422484e-10,1,7240.0,0.0,1,0,1.0,0.0,0.3466018285640006,0,0,0,0,0,0,0,0,0.0225,0.0,0.0,0.0,0.15,skip,training_upload_trigger_not_confirmed,1785296064.7720785,1785296064772078493,1384732988777206,28.6,53.19140625,-1.0,0,0
2026-07-28T23:34:24.773,10.42.0.1,10.42.0.47,15,1,DOWNLOAD,0.95,DOWNLOAD,0.95,-1,20272,0.32939032472113405,31,241440.0,79528.0,22,9,0.7522245208245059,0.24777547917549414,0.01623344598368027,0,0,0,0,1,0,0,0,0.28500000000000003,0.7500000000000001,0.0,0.0,0.15,skip,training_upload_trigger_not_confirmed,1785296064.7731664,1785296064773166351,1384732989864849,28.6,53.19140625,-1.0,0,0
2026-07-28T23:34:24.774,10.42.0.1,10.42.0.47,15,1,DOWNLOAD,0.95,DOWNLOAD,0.95,-1,15472,0.30955346578085274,32,256912.0,79528.0,23,9,0.763619070265129,0.23638092973487101,0.01423045562788755,0,0,0,0,1,0,0,0,0.28500000000000003,0.7500000000000001,0.0,0.0,0.15,skip,training_upload_trigger_not_confirmed,1785296064.7741997,1785296064774199724,1384732990898768,28.6,53.19140625,-1.0,0,0
2026-07-28T23:34:24.778,10.42.0.59,10.42.0.47,7,1,DOWNLOAD,0.95,DOWNLOAD,0.95,-1,14600,6.84931506802402e-11,1,14600.0,0.0,1,0,1.0,0.0,1.4995437256455402,0,0,0,0,0,0,0,0,0.0225,0.0,0.0,0.0,0.15,skip,already_attacked_this_round,1785296064.778885,1785296064778884755,1384732995583648,28.6,53.19140625,-1.0,0,0
2026-07-28T23:34:24.780,10.42.0.59,10.42.0.47,7,1,DOWNLOAD,0.95,DOWNLOAD,0.95,-1,14600,3.424657534129292e-11,2,29200.0,0.0,2,0,1.0,0.0,1.3020990466780133,0,0,0,0,0,0,0,0,0.0225,0.0,0.0,0.0,0.15,skip,already_attacked_this_round,1785296064.7800756,1785296064780075531,1384732996776585,28.6,53.19140625,-1.0,0,0
2026-07-28T23:34:24.780,10.42.0.59,10.42.0.47,7,1,DOWNLOAD,0.9356704316322609,DOWNLOAD,0.9356704316322609,0,43,3.424657534129292e-11,2,29200.0,0.0,2,0,1.0,0.0,1.6895676038396203,0,0,0,0,0,0,0,0,0.0225,0.0,0.0,0.0,0.15,skip,already_attacked_this_round,1785296064.7809753,1785296064780975343,1384732997673891,28.6,53.19140625,-1.0,0,0
2026-07-28T23:34:24.783,10.42.0.145,10.42.0.47,9,1,DOWNLOAD,0.95,DOWNLOAD,0.95,-1,14600,6.84931506802402e-11,1,14600.0,0.0,1,0,1.0,0.0,1.424152342338682,0,0,0,0,0,0,0,0,0.0225,0.0,0.0,0.0,0.15,skip,already_attacked_this_round,1785296064.7831814,1785296064783181386,1384732999879872,28.6,53.19140625,-1.0,0,0
2026-07-28T23:34:24.783,10.42.0.145,10.42.0.47,9,1,DOWNLOAD,0.95,DOWNLOAD,0.95,-1,14600,3.424657534129292e-11,2,29200.0,0.0,2,0,1.0,0.0,1.236586336905348,0,0,0,0,0,0,0,0,0.0225,0.0,0.0,0.0,0.15,skip,already_attacked_this_round,1785296064.7839472,1785296064783947169,1384733000645684,28.6,53.19140625,-1.0,0,0
2026-07-28T23:34:24.785,10.42.0.210,10.42.0.47,15,1,DOWNLOAD,0.95,DOWNLOAD,0.95,-1,14480,4.604051565165559e-11,2,21720.0,0.0,2,0,1.0,0.0,0.3026413435691193,0,0,0,0,0,0,0,0,0.0225,0.0,0.0,0.0,0.15,skip,training_upload_trigger_not_confirmed,1785296064.7850764,1785296064785076420,1384733001775039,28.6,53.19140625,-1.0,0,0
2026-07-28T23:34:24.785,10.42.0.210,10.42.0.47,15,1,DOWNLOAD,0.9557926560077417,DOWNLOAD,0.9557926560077417,-1,14480,2.762430939150209e-11,3,36200.0,0.0,3,0,1.0,0.0,0.2628754580076088,0,0,0,0,0,0,0,0,0.0225,0.0,0.0,0.0,0.15,skip,training_upload_trigger_not_confirmed,1785296064.7859454,1785296064785945337,1384733002644304,49.9,53.1953125,-1.0,0,0
2026-07-28T23:34:24.787,10.42.0.210,10.42.0.47,15,1,DOWNLOAD,0.9846998846180315,DOWNLOAD,0.9846998846180315,0,43,2.762430939150209e-11,3,36200.0,0.0,3,0,1.0,0.0,0.5713264618424772,0,0,0,0,0,0,0,0,0.0225,0.0,0.0,0.0,0.15,skip,training_upload_trigger_not_confirmed,1785296064.7871783,1785296064787178162,1384733003877975,49.9,53.1953125,-1.0,0,0
2026-07-28T23:34:24.790,10.42.0.145,10.42.0.47,9,1,DOWNLOAD,0.9327107296406527,DOWNLOAD,0.9327107296406527,0,43,3.424657534129292e-11,2,29200.0,0.0,2,0,1.0,0.0,1.635688605934599,0,0,0,0,0,0,0,0,0.0225,0.0,0.0,0.0,0.15,skip,already_attacked_this_round,1785296064.7904744,1785296064790474522,1384733007173765,49.9,53.1953125,-1.0,0,0
2026-07-28T23:34:24.794,10.42.0.18,10.42.0.47,13,3,UPLOAD,0.9854688349332961,UPLOAD,0.9854688349332961,0,43,1.0,0,0.0,0.0,0,0,0.0,0.0,1.7163750733835215,0,0,1,0,0,0,0,0,0.4375,0.05,1.0,0.0,0.8,skip,attack_already_active,1785296064.7949734,1785296064794973425,1384733011673849,49.9,53.1953125,-1.0,0,0
2026-07-28T23:34:24.796,10.42.0.18,10.42.0.47,14,1,DOWNLOAD,0.95,DOWNLOAD,0.95,-1,10220,9.784735811175661e-11,1,10220.0,0.0,1,0,1.0,0.0,2.0425116609228144,0,0,0,0,0,0,0,0,0.0225,0.0,0.0,0.0,0.15,skip,training_upload_trigger_not_confirmed,1785296064.7969134,1785296064796913329,1384733013612561,49.9,53.1953125,-1.0,0,0
2026-07-28T23:34:24.798,10.42.0.18,10.42.0.47,14,1,DOWNLOAD,0.95,DOWNLOAD,0.95,-1,14600,4.029008863657171e-11,2,24820.0,0.0,2,0,1.0,0.0,1.7736159131804328,0,0,0,0,0,0,0,0,0.0225,0.0,0.0,0.0,0.15,skip,training_upload_trigger_not_confirmed,1785296064.7988496,1785296064798849455,1384733015548989,49.9,53.1953125,-1.0,0,0
2026-07-28T23:34:24.803,10.42.0.210,10.42.0.47,15,1,DOWNLOAD,0.9854895428954357,DOWNLOAD,0.9854895428954357,-1,14480,1.973164956551437e-11,4,50680.0,0.0,4,0,1.0,0.0,0.4984146912540336,0,0,0,0,0,0,0,0,0.0225,0.0,0.0,0.0,0.15,skip,training_upload_trigger_not_confirmed,1785296064.8039646,1785296064803964742,1384733020664810,49.9,53.1953125,-1.0,0,0
2026-07-28T23:34:24.805,10.42.0.210,10.42.0.47,15,1,DOWNLOAD,0.9855083405864443,DOWNLOAD,0.9855083405864443,-1,14480,1.5346838551022915e-11,5,65160.0,0.0,5,0,1.0,0.0,0.4329955543013926,0,0,0,0,0,0,0,0,0.0225,0.0,0.0,0.0,0.15,skip,training_upload_trigger_not_confirmed,1785296064.8059316,1785296064805931621,1384733022632000,49.9,53.1953125,-1.0,0,0
2026-07-28T23:34:24.808,10.42.0.210,10.42.0.47,15,1,DOWNLOAD,0.9855087208476458,DOWNLOAD,0.9855087208476458,-1,6784,1.3899699766291844e-11,6,71944.0,0.0,6,0,1.0,0.0,0.3762688725671518,0,0,0,0,0,0,0,0,0.0225,0.0,0.0,0.0,0.15,skip,training_upload_trigger_not_confirmed,1785296064.808444,1785296064808443901,1384733025143326,49.9,53.1953125,-1.0,0,0
2026-07-28T23:34:24.811,10.42.0.145,10.42.0.47,9,1,DOWNLOAD,0.95,DOWNLOAD,0.95,-1,29200,1.7123287670939668e-11,3,58400.0,0.0,3,0,1.0,0.0,1.4237247771837394,0,0,0,0,0,0,0,0,0.0225,0.0,0.0,0.0,0.15,skip,already_attacked_this_round,1785296064.811101,1785296064811100927,1384733027800642,49.9,53.1953125,-1.0,0,0
2026-07-28T23:34:24.812,10.42.0.145,10.42.0.47,9,1,DOWNLOAD,0.9519608726538268,DOWNLOAD,0.9519608726538268,-1,6184,1.5483711135645304e-11,4,64584.0,0.0,4,0,1.0,0.0,1.2363046223266778,0,0,0,0,0,0,0,0,0.0225,0.0,0.0,0.0,0.15,skip,already_attacked_this_round,1785296064.812546,1785296064812546049,1384733029246167,49.9,53.1953125,-1.0,0,0
2026-07-28T23:34:24.814,10.42.0.59,10.42.0.47,7,1,DOWNLOAD,0.95,DOWNLOAD,0.95,-1,21900,1.9569471623883178e-11,3,51100.0,0.0,3,0,1.0,0.0,1.4714431872087192,0,0,0,0,0,0,0,0,0.0225,0.0,0.0,0.0,0.15,skip,already_attacked_this_round,1785296064.8143573,1785296064814357276,1384733031056440,49.9,53.1953125,-1.0,0,0
2026-07-28T23:34:24.825,10.42.0.47,10.42.0.47,15,1,DOWNLOAD,0.9842257140988042,DOWNLOAD,0.9842257140988042,0,43,5.492265193059926,16,14480.0,79528.0,2,14,0.15402944430261253,0.8459705556973874,0.15514891266047862,0,0,0,0,0,0,0,0,0.057499999999999996,0.1,0.0,0.0,0.15,skip,training_upload_trigger_not_confirmed,1785296064.8254712,1785296064825471222,1384733042170343,49.9,53.1953125,-1.0,0,0
2026-07-28T23:34:24.827,10.42.0.47,10.42.0.47,15,1,DOWNLOAD,0.9842586901286671,DOWNLOAD,0.9842586901286671,-1,10136,3.2307442313035932,17,24616.0,79528.0,3,14,0.23636503303118758,0.7636349669688124,0.14275673615325699,0,0,0,0,0,0,0,0,0.057499999999999996,0.1,0.0,0.0,0.15,skip,training_upload_trigger_not_confirmed,1785296064.827285,1785296064827285044,1384733043983884,49.9,53.1953125,-1.0,0,0
2026-07-28T23:34:24.831,10.42.0.47,10.42.0.47,15,1,DOWNLOAD,0.9842595481342594,DOWNLOAD,0.9842595481342594,-1,2896,2.8906658911787337,18,27512.0,79528.0,4,14,0.2570254110612855,0.7429745889387145,0.12453217297714445,0,0,0,0,0,0,0,0,0.057499999999999996,0.1,0.0,0.0,0.15,skip,training_upload_trigger_not_confirmed,1785296064.8317406,1785296064831740652,1384733048439315,49.9,53.1953125,-1.0,0,0
2026-07-28T23:34:24.843,10.42.0.47,10.42.0.47,15,1,DOWNLOAD,0.9842595696464124,DOWNLOAD,0.9842595696464124,-1,5792,2.387941388380136,19,33304.0,79528.0,5,14,0.29516449234259784,0.7048355076574021,0.10969382864107662,0,0,0,0,0,0,0,0,0.057499999999999996,0.1,0.0,0.0,0.15,skip,training_upload_trigger_not_confirmed,1785296064.8436687,1785296064843668848,1384733060367953,49.9,53.1953125,-1.0,0,0
2026-07-28T23:34:24.844,10.42.0.47,10.42.0.47,15,1,DOWNLOAD,0.9842595701605352,DOWNLOAD,0.9842595701605352,-1,17376,1.5692186266659585,20,50680.0,79528.0,6,14,0.3892233964118948,0.6107766035881051,0.0954028876441835,0,0,0,0,0,0,0,0,0.057499999999999996,0.1,0.0,0.0,0.15,skip,training_upload_trigger_not_confirmed,1785296064.8449125,1785296064844912528,1384733061611344,49.9,53.1953125,-1.0,0,0
2026-07-28T23:34:24.846,10.42.0.47,10.42.0.47,15,1,DOWNLOAD,0.9842595701720059,DOWNLOAD,0.9842595701720059,-1,12593,1.2569026282892084,21,63273.0,79528.0,7,14,0.4430851324570556,0.5569148675429444,0.08298940982397755,0,0,0,0,0,0,0,0,0.057499999999999996,0.1,0.0,0.0,0.15,skip,training_upload_trigger_not_confirmed,1785296064.846113,1785296064846112969,1384733062812146,49.9,53.1953125,-1.0,0,0
2026-07-28T23:34:25.116,10.42.0.59,10.42.0.47,7,3,UPLOAD,0.95,UPLOAD,0.95,1,64240,1.257142857137825,4,51100.0,64240.0,3,1,0.4430379746835443,0.5569620253164557,1.3216983259258628,0,0,0,1,1,1,1,1,0.85,1.0,1.0,0.4,0.8,skip,already_attacked_this_round,1785296065.1160462,1785296065116046022,1384733332744763,49.9,53.1953125,-1.0,0,0
2026-07-28T23:34:25.117,10.42.0.1,10.42.0.1,15,3,UPLOAD,0.95,UPLOAD,0.95,1,7240,0.3377343214823062,33,256912.0,86768.0,23,10,0.7475325884543762,0.25246741154562385,0.04951939232088115,1,0,0,0,1,0,0,0,0.85,1.0,1.0,0.4,0.8,trigger,training_upload_trigger_confirmed,1785296065.1171467,1785296065117146539,1384733333845185,49.9,53.1953125,12.744283,1785296065129892189,1384733346589468
2026-07-28T23:34:25.117,10.42.0.1,10.42.0.1,15,3,UPLOAD,0.95,UPLOAD,0.95,1,7240,0.3659151771837597,34,256912.0,94008.0,23,11,0.7321098825943235,0.26789011740567653,0.04310361629645133,1,0,1,0,1,0,0,0,0.85,1.0,1.0,0.4,0.8,skip,attack_already_active,1785296065.1179786,1785296065117978745,1384733334677040,49.9,53.1953125,-1.0,0,0
2026-07-28T23:34:25.123,10.42.0.145,10.42.0.1,9,3,UPLOAD,0.95,UPLOAD,0.95,1,64240,0.994673603369338,5,64584.0,64240.0,4,1,0.5013351549400733,0.4986648450599267,1.1173385762509656,0,0,0,1,1,1,1,1,0.85,1.0,1.0,0.4,0.8,skip,already_attacked_this_round,1785296065.1239786,1785296065123978485,1384733340677470,49.9,53.1953125,-1.0,0,0
2026-07-28T23:34:25.125,10.42.0.1,10.42.0.1,15,3,UPLOAD,0.95,UPLOAD,0.95,1,14480,0.4222768885866667,35,256912.0,108488.0,23,12,0.7030979748221128,0.2969020251778873,0.038417080924677306,1,0,1,1,1,1,1,1,0.9699999999999999,1.0,1.0,1.0,0.8,skip,attack_already_active,1785296065.1255174,1785296065125517346,1384733342215740,49.9,53.1953125,-1.0,0,0
2026-07-28T23:34:25.126,10.42.0.1,10.42.0.1,15,3,UPLOAD,0.95,UPLOAD,0.95,1,14480,0.47863859998957364,36,256912.0,122968.0,23,13,0.6762977782457619,0.3237022217542382,0.033445895442572954,1,0,1,1,1,1,1,1,0.9699999999999999,1.0,1.0,1.0,0.8,skip,attack_already_active,1785296065.1262095,1785296065126209546,1384733342907700,49.9,53.1953125,-1.0,0,0
2026-07-28T23:34:25.126,10.42.0.145,10.42.0.1,9,3,UPLOAD,0.9841010226033655,UPLOAD,0.9841010226033655,1,6529,1.0957667533739661,6,64584.0,70769.0,4,2,0.47715233500550414,0.5228476649944959,0.9704806166504363,0,0,0,1,1,1,1,1,0.85,1.0,1.0,0.4,0.8,skip,already_attacked_this_round,1785296065.1268528,1785296065126852859,1384733343551131,49.9,53.1953125,-1.0,0,0
2026-07-28T23:34:25.127,10.42.0.1,10.42.0.1,15,3,UPLOAD,0.95,UPLOAD,0.95,1,7240,0.5068194556910272,37,256912.0,130208.0,23,14,0.6636495143624715,0.3363504856375284,0.029259885077965248,1,0,1,1,1,1,1,1,0.9699999999999999,1.0,1.0,1.0,0.8,skip,attack_already_active,1785296065.127889,1785296065127888833,1384733344587077,49.9,53.1953125,-1.0,0,0
2026-07-28T23:34:25.128,10.42.0.1,10.42.0.1,15,3,UPLOAD,0.95,UPLOAD,0.95,1,7240,0.5350003113924807,38,256912.0,137448.0,23,15,0.6514656658890354,0.3485343341109646,0.025494127514880786,1,0,1,1,1,1,1,1,0.9699999999999999,1.0,1.0,1.0,0.8,skip,attack_already_active,1785296065.1285715,1785296065128571301,1384733345269325,49.9,53.1953125,-1.0,0,0
2026-07-28T23:34:25.129,10.42.0.1,10.42.0.1,15,3,UPLOAD,0.8797163267998191,UPLOAD,0.8797163267998191,0,43,0.5350003113924807,38,256912.0,137448.0,23,15,0.6514656658890354,0.3485343341109646,0.060260080513195494,1,0,1,1,1,1,1,1,0.8025,0.7500000000000001,1.0,0.6000000000000001,0.8,skip,attack_already_active,1785296065.12917,1785296065129169932,1384733345867967,49.9,53.1953125,-1.0,0,0
2026-07-28T23:34:25.130,10.42.0.1,10.42.0.1,15,3,UPLOAD,0.95,UPLOAD,0.95,1,14480,0.5913620227953876,39,256912.0,151928.0,23,16,0.6283925251932296,0.37160747480677037,0.05263053056982147,1,0,1,1,1,1,1,1,0.9699999999999999,1.0,1.0,1.0,0.8,skip,attack_already_active,1785296065.130933,1785296065130933019,1384733347631156,49.9,53.1953125,-1.0,0,0
2026-07-28T23:34:25.131,10.42.0.1,10.42.0.1,15,3,UPLOAD,0.95,UPLOAD,0.95,1,13032,0.642087563058004,40,256912.0,164960.0,23,17,0.6089809231236015,0.39101907687639853,0.045814336869722326,1,0,1,1,1,1,1,1,0.9699999999999999,1.0,1.0,1.0,0.8,skip,attack_already_active,1785296065.1318374,1785296065131837331,1384733348535405,49.9,53.1953125,-1.0,0,0
2026-07-28T23:34:25.133,10.42.0.1,10.42.0.1,15,3,UPLOAD,0.8290920890112664,UPLOAD,0.8290920890112664,0,43,0.642087563058004,40,256912.0,164960.0,23,17,0.6089809231236015,0.39101907687639853,0.04031224809516278,1,0,1,1,1,1,1,1,0.8025,0.7500000000000001,1.0,0.6000000000000001,0.8,skip,attack_already_active,1785296065.1332304,1785296065133230463,1384733349928674,49.9,53.1953125,-1.0,0,0
2026-07-28T23:34:25.133,10.42.0.1,10.42.0.1,15,3,UPLOAD,0.95,UPLOAD,0.95,1,8576,0.6754686429607202,41,256912.0,173536.0,23,18,0.5968479351745158,0.40315206482548416,0.035267674290182086,1,0,1,1,1,1,1,1,0.9699999999999999,1.0,1.0,1.0,0.8,skip,attack_already_active,1785296065.1338677,1785296065133867837,1384733350565786,49.9,53.1953125,-1.0,0,0
2026-07-28T23:34:25.134,10.42.0.1,10.42.0.1,15,3,UPLOAD,0.95,UPLOAD,0.95,1,10136,0.714921840942755,42,256912.0,183672.0,23,19,0.5831169538612387,0.41688304613876126,0.030703551571487034,1,0,1,1,1,1,1,1,0.9699999999999999,1.0,1.0,1.0,0.8,skip,attack_already_active,1785296065.1344995,1785296065134499649,1384733351197708,49.9,53.1953125,-1.0,0,0
2026-07-28T23:34:25.135,10.42.0.1,10.42.0.1,15,3,UPLOAD,0.95,UPLOAD,0.95,1,4344,0.7318303543636271,43,256912.0,188016.0,23,20,0.5774237629459148,0.42257623705408515,0.0267379732912212,1,0,1,1,1,1,1,1,0.9699999999999999,1.0,1.0,1.0,0.8,skip,attack_already_active,1785296065.1351094,1785296065135109365,1384733351807583,49.9,53.1953125,-1.0,0,0
2026-07-28T23:34:25.137,10.42.0.1,10.42.0.1,15,3,UPLOAD,0.95,UPLOAD,0.95,1,14480,0.7881920657665341,44,256912.0,202496.0,23,21,0.5592240448577299,0.44077595514227,0.023488425834028555,1,0,1,1,1,1,1,1,0.9699999999999999,1.0,1.0,1.0,0.8,skip,attack_already_active,1785296065.1371875,1785296065137187554,1384733353885649,49.9,53.1953125,-1.0,0,0
2026-07-28T23:34:25.139,10.42.0.1,10.42.0.1,15,3,UPLOAD,0.95,UPLOAD,0.95,1,14480,0.8445537771694411,45,256912.0,216976.0,23,22,0.5421365385913971,0.4578634614086029,0.020709562201944483,1,0,1,1,1,1,1,1,0.9699999999999999,1.0,1.0,1.0,0.8,skip,attack_already_active,1785296065.1395879,1785296065139587912,1384733356286251,49.9,53.1953125,-1.0,0,0
2026-07-28T23:34:25.140,10.42.0.1,10.42.0.1,15,3,UPLOAD,0.95,UPLOAD,0.95,1,5792,0.8670984617306039,46,256912.0,222768.0,23,23,0.5355903935957305,0.46440960640426954,0.01811277540657565,1,0,1,1,1,1,1,1,0.9699999999999999,1.0,1.0,1.0,0.8,skip,attack_already_active,1785296065.1405911,1785296065140591190,1384733357289725,49.9,53.1953125,-1.0,0,0
2026-07-28T23:34:25.141,10.42.0.1,10.42.0.1,15,3,UPLOAD,0.95,UPLOAD,0.95,1,8688,0.900915488572348,47,256912.0,231456.0,23,24,0.526062313665105,0.47393768633489497,0.015871091396662932,1,0,1,1,1,1,1,1,0.9699999999999999,1.0,1.0,1.0,0.8,skip,attack_already_active,1785296065.1416924,1785296065141692299,1384733358390649,49.9,53.1953125,-1.0,0,0
2026-07-28T23:34:25.142,10.42.0.1,10.42.0.1,15,3,UPLOAD,0.95,UPLOAD,0.95,1,7129,0.9286642897181577,48,256912.0,238585.0,23,25,0.5184935529377575,0.48150644706224255,0.013911011831919196,1,0,1,1,1,1,1,1,0.9699999999999999,1.0,1.0,1.0,0.8,skip,attack_already_active,1785296065.142689,1785296065142688938,1384733359387313,49.9,53.1953125,-1.0,0,0
2026-07-28T23:34:25.222,10.42.0.18,10.42.0.1,14,3,UPLOAD,0.95,UPLOAD,0.95,1,24820,1.0,3,24820.0,24820.0,2,1,0.5,0.5,1.5961979914138011,0,0,0,1,1,1,1,1,0.9699999999999999,1.0,1.0,1.0,0.8,trigger,training_upload_trigger_confirmed,1785296065.2222137,1785296065222213690,1384733438912711,49.9,53.1953125,27.475126,1785296065249690574,1384733466387837
2026-07-28T23:34:25.224,10.42.0.18,10.42.0.1,14,3,UPLOAD,0.9841010226033655,UPLOAD,0.9841010226033655,1,54708,3.204190169129565,4,24820.0,79528.0,2,2,0.23785793690343848,0.7621420630965615,1.3862137355283053,0,0,1,1,1,1,1,1,0.9699999999999999,1.0,1.0,1.0,0.8,skip,attack_already_active,1785296065.2248993,1785296065224899382,1384733441598516,49.9,53.1953125,-1.0,0,0
2026-07-28T23:34:25.227,10.42.0.1,10.42.0.1,15,3,UPLOAD,0.5205412184089624,UPLOAD,0.5205412184089624,0,43,0.9286642897181577,48,256912.0,238585.0,23,25,0.5184935529377575,0.48150644706224255,0.02444761791451894,1,0,1,1,1,1,1,1,0.8200000000000001,0.8000000000000002,1.0,0.6000000000000001,0.8,skip,attack_already_active,1785296065.2271008,1785296065227100929,1384733443799422,49.9,53.1953125,-1.0,0,0
2026-07-28T23:34:25.228,10.42.0.1,10.42.0.1,15,3,UPLOAD,0.95,UPLOAD,0.95,1,14480,0.9850260011210648,49,256912.0,253065.0,23,26,0.503771738725472,0.49622826127452807,0.02699834852947152,1,0,1,1,1,1,1,1,0.9699999999999999,1.0,1.0,1.0,0.8,skip,attack_already_active,1785296065.2282271,1785296065228227093,1384733444925433,49.9,53.1953125,-1.0,0,0
2026-07-28T23:34:25.229,10.42.0.1,10.42.0.1,15,3,UPLOAD,0.95,UPLOAD,0.95,1,14480,1.0413877125239717,50,256912.0,267545.0,23,27,0.48986284862248003,0.51013715137752,0.023586746783345935,1,0,1,1,1,1,1,1,0.9699999999999999,1.0,1.0,1.0,0.8,skip,attack_already_active,1785296065.2293358,1785296065229335788,1384733446034446,49.9,53.1953125,-1.0,0,0
2026-07-28T23:34:25.232,10.42.0.1,10.42.0.1,15,3,UPLOAD,0.95,UPLOAD,0.95,1,14480,1.0977494239268786,51,256912.0,282025.0,23,28,0.47670135841480543,0.5232986415851946,0.020893138007908353,1,0,1,1,1,1,1,1,0.9699999999999999,1.0,1.0,1.0,0.8,skip,attack_already_active,1785296065.2324815,1785296065232481601,1384733449180036,49.9,53.1953125,-1.0,0,0
2026-07-28T23:34:25.234,10.42.0.1,10.42.0.1,15,3,UPLOAD,0.95,UPLOAD,0.95,1,13032,1.148474964189495,52,256912.0,295057.0,23,29,0.46544642905670425,0.5345535709432957,0.018417843470452867,1,0,1,1,1,1,1,1,0.9699999999999999,1.0,1.0,1.0,0.8,skip,attack_already_active,1785296065.2345903,1785296065234590236,1384733451289182,49.9,53.1953125,-1.0,0,0
2026-07-28T23:34:25.235,10.42.0.1,10.42.0.1,15,3,UPLOAD,0.95,UPLOAD,0.95,1,8576,1.181856044092211,53,256912.0,303633.0,23,30,0.4583253797643365,0.5416746202356635,0.01614123741538919,1,0,1,1,1,1,1,1,0.9699999999999999,1.0,1.0,1.0,0.8,skip,attack_already_active,1785296065.2357316,1785296065235731724,1384733452430380,49.9,53.1953125,-1.0,0,0
2026-07-28T23:34:26.506,10.42.0.210,10.42.0.1|10.42.0.210,15,3,UPLOAD,0.95,UPLOAD,0.95,1,1448,100.0,1,0.0,1448.0,0,1,0.0,1.0,0.5531939999375296,1,0,0,1,1,1,1,1,0.9525,0.95,1.0,1.0,0.8,trigger,training_upload_trigger_confirmed,1785296066.506083,1785296066506083113,1384734722783125,7.7,53.19921875,9.030503,1785296066515116271,1384734731813628
2026-07-28T23:34:26.507,10.42.0.210,10.42.0.1|10.42.0.210,15,3,UPLOAD,0.9841010226033655,UPLOAD,0.9841010226033655,1,1448,100.0,2,0.0,2896.0,0,2,0.0,1.0,0.48048920952436913,1,0,1,1,1,1,1,1,0.9699999999999999,1.0,1.0,1.0,0.8,skip,attack_already_active,1785296066.5075405,1785296066507540409,1384734724240764,7.7,53.19921875,-1.0,0,0
2026-07-28T23:34:26.509,10.42.0.210,10.42.0.1|10.42.0.210,15,3,UPLOAD,0.9854688349332961,UPLOAD,0.9854688349332961,1,1448,100.0,3,0.0,4344.0,0,3,0.0,1.0,0.4174447603970602,1,0,1,1,1,1,1,1,0.9699999999999999,1.0,1.0,1.0,0.8,skip,attack_already_active,1785296066.5096028,1785296066509602751,1384734726301969,7.7,53.19921875,-1.0,0,0
2026-07-28T23:34:26.510,10.42.0.210,10.42.0.1|10.42.0.210,15,3,UPLOAD,0.9855076450773014,UPLOAD,0.9855076450773014,1,1448,100.0,4,0.0,5792.0,0,4,0.0,1.0,0.3625911498668812,1,0,1,1,1,1,1,1,0.9699999999999999,1.0,1.0,1.0,0.8,skip,attack_already_active,1785296066.5107787,1785296066510778747,1384734727478040,7.7,53.19921875,-1.0,0,0
2026-07-28T23:34:26.512,10.42.0.210,10.42.0.1|10.42.0.210,15,3,UPLOAD,0.9855086980780915,UPLOAD,0.9855086980780915,1,1448,100.0,5,0.0,7240.0,0,5,0.0,1.0,0.31506543814210153,1,0,1,1,1,1,1,1,0.9699999999999999,1.0,1.0,1.0,0.8,skip,attack_already_active,1785296066.5127103,1785296066512710404,1384734729409497,7.7,53.19921875,-1.0,0,0
2026-07-28T23:34:26.514,10.42.0.210,10.42.0.1|10.42.0.210,15,3,UPLOAD,0.9855087254685951,UPLOAD,0.9855087254685951,1,1448,100.0,6,0.0,8688.0,0,6,0.0,1.0,0.2737265914504809,1,0,1,1,1,1,1,1,0.9699999999999999,1.0,1.0,1.0,0.8,skip,attack_already_active,1785296066.5140667,1785296066514066795,1384734730765660,7.7,53.19921875,-1.0,0,0
2026-07-28T23:34:26.521,10.42.0.210,10.42.0.1|10.42.0.210,15,3,UPLOAD,0.9855087261493067,UPLOAD,0.9855087261493067,1,1448,100.0,7,0.0,10136.0,0,7,0.0,1.0,0.23868700291831862,1,0,1,1,1,1,1,1,0.9699999999999999,1.0,1.0,1.0,0.8,skip,attack_already_active,1785296066.5218875,1785296066521887439,1384734738586843,7.7,53.19921875,-1.0,0,0
2026-07-28T23:34:26.525,10.42.0.210,10.42.0.1|10.42.0.210,15,3,UPLOAD,0.9855087261653082,UPLOAD,0.9855087261653082,1,1448,100.0,8,0.0,11584.0,0,8,0.0,1.0,0.20765156256293113,1,0,1,1,1,1,1,1,0.9699999999999999,1.0,1.0,1.0,0.8,skip,attack_already_active,1785296066.5250552,1785296066525055266,1384734741754472,7.7,53.19921875,-1.0,0,0
2026-07-28T23:34:26.526,10.42.0.210,10.42.0.1|10.42.0.210,15,3,UPLOAD,0.985508726165656,UPLOAD,0.985508726165656,1,1448,100.0,9,0.0,13032.0,0,9,0.0,1.0,0.18053105684124748,1,0,1,1,1,1,1,1,0.9699999999999999,1.0,1.0,1.0,0.8,skip,attack_already_active,1785296066.5268967,1785296066526896667,1384734743595848,7.7,53.19921875,-1.0,0,0
2026-07-28T23:34:26.528,10.42.0.210,10.42.0.1|10.42.0.210,15,3,UPLOAD,0.9855087261656625,UPLOAD,0.9855087261656625,1,1448,100.0,10,0.0,14480.0,0,10,0.0,1.0,0.15692995769362192,1,0,1,1,1,1,1,1,0.9699999999999999,1.0,1.0,1.0,0.8,skip,attack_already_active,1785296066.5283256,1785296066528325585,1384734745024720,7.7,53.19921875,-1.0,0,0
2026-07-28T23:34:26.530,10.42.0.210,10.42.0.1|10.42.0.210,15,3,UPLOAD,0.9855087261656628,UPLOAD,0.9855087261656628,1,1448,100.0,11,0.0,15928.0,0,11,0.0,1.0,0.13649024843141033,1,0,1,1,1,1,1,1,0.9699999999999999,1.0,1.0,1.0,0.8,skip,attack_already_active,1785296066.5301442,1785296066530144319,1384734746843978,7.7,53.19921875,-1.0,0,0
2026-07-28T23:34:26.531,10.42.0.210,10.42.0.1|10.42.0.210,15,3,UPLOAD,0.95,UPLOAD,0.95,1,1448,100.0,12,0.0,17376.0,0,12,0.0,1.0,0.1186674694316784,1,0,1,1,1,1,1,1,0.9699999999999999,1.0,1.0,1.0,0.8,skip,attack_already_active,1785296066.5313823,1785296066531382385,1384734748081573,7.7,53.19921875,-1.0,0,0
2026-07-28T23:34:26.533,10.42.0.210,10.42.0.1|10.42.0.210,15,3,UPLOAD,0.95,UPLOAD,0.95,1,1448,100.0,13,0.0,18824.0,0,13,0.0,1.0,0.10325746358188419,1,0,1,1,1,1,1,1,0.9699999999999999,1.0,1.0,1.0,0.8,skip,attack_already_active,1785296066.5331075,1785296066533107560,1384734749806804,7.7,53.19921875,-1.0,0,0
2026-07-28T23:34:26.534,10.42.0.210,10.42.0.1|10.42.0.210,15,3,UPLOAD,0.95,UPLOAD,0.95,1,1448,100.0,14,0.0,20272.0,0,14,0.0,1.0,0.08982280829932612,1,0,1,1,1,1,1,1,0.9699999999999999,1.0,1.0,1.0,0.8,skip,attack_already_active,1785296066.534413,1785296066534413176,1384734751112212,7.7,53.19921875,-1.0,0,0
2026-07-28T23:34:26.536,10.42.0.210,10.42.0.1|10.42.0.210,15,3,UPLOAD,0.95,UPLOAD,0.95,1,1448,100.0,15,0.0,21720.0,0,15,0.0,1.0,0.07819632422783007,1,0,1,1,1,1,1,1,0.9699999999999999,1.0,1.0,1.0,0.8,skip,attack_already_active,1785296066.5360057,1785296066536005505,1384734752704127,7.7,53.19921875,-1.0,0,0
2026-07-28T23:34:26.537,10.42.0.210,10.42.0.1|10.42.0.210,15,3,UPLOAD,0.95,UPLOAD,0.95,1,1448,100.0,16,0.0,23168.0,0,16,0.0,1.0,0.06802798858449385,1,0,1,1,1,1,1,1,0.9699999999999999,1.0,1.0,1.0,0.8,skip,attack_already_active,1785296066.5370374,1785296066537037333,1384734753735754,7.7,53.19921875,-1.0,0,0
2026-07-28T23:34:26.538,10.42.0.210,10.42.0.1|10.42.0.210,15,3,UPLOAD,0.95,UPLOAD,0.95,1,1448,100.0,17,0.0,24616.0,0,17,0.0,1.0,0.05927403940042823,1,0,1,1,1,1,1,1,0.9699999999999999,1.0,1.0,1.0,0.8,skip,attack_already_active,1785296066.538634,1785296066538633869,1384734755332340,7.7,53.19921875,-1.0,0,0
2026-07-28T23:34:26.540,10.42.0.210,10.42.0.1|10.42.0.210,15,3,UPLOAD,0.95,UPLOAD,0.95,1,1448,100.0,18,0.0,26064.0,0,18,0.0,1.0,0.05166009628531232,1,0,1,1,1,1,1,1,0.9699999999999999,1.0,1.0,1.0,0.8,skip,attack_already_active,1785296066.540128,1785296066540127921,1384734756827902,7.7,53.19921875,-1.0,0,0
2026-07-28T23:34:26.542,10.42.0.210,10.42.0.1|10.42.0.210,15,3,UPLOAD,0.95,UPLOAD,0.95,1,1448,100.0,19,0.0,27512.0,0,19,0.0,1.0,0.0451075988205485,1,0,1,1,1,1,1,1,0.9699999999999999,1.0,1.0,1.0,0.8,skip,attack_already_active,1785296066.542063,1785296066542063093,1384734758761851,7.7,53.19921875,-1.0,0,0
2026-07-28T23:34:26.543,10.42.0.210,10.42.0.1|10.42.0.210,15,3,UPLOAD,0.95,UPLOAD,0.95,1,1448,100.0,20,0.0,28960.0,0,20,0.0,1.0,0.03931418435452682,1,0,1,1,1,1,1,1,0.9699999999999999,1.0,1.0,1.0,0.8,skip,attack_already_active,1785296066.543206,1785296066543205777,1384734759904420,7.7,53.19921875,-1.0,0,0
2026-07-28T23:34:26.545,10.42.0.210,10.42.0.1|10.42.0.210,15,3,UPLOAD,0.95,UPLOAD,0.95,1,1448,100.0,21,0.0,30408.0,0,21,0.0,1.0,0.03439132761452219,1,0,1,1,1,1,1,1,0.9699999999999999,1.0,1.0,1.0,0.8,skip,attack_already_active,1785296066.545162,1785296066545162056,1384734761861395,7.7,53.19921875,-1.0,0,0
2026-07-28T23:34:26.546,10.42.0.210,10.42.0.1|10.42.0.210,15,3,UPLOAD,0.95,UPLOAD,0.95,1,1448,100.0,22,0.0,31856.0,0,22,0.0,1.0,0.0300268524467197,1,0,1,1,1,1,1,1,0.9699999999999999,1.0,1.0,1.0,0.8,skip,attack_already_active,1785296066.5464325,1785296066546432604,1384734763131740,7.7,53.19921875,-1.0,0,0
2026-07-28T23:34:26.548,10.42.0.210,10.42.0.1|10.42.0.210,15,3,UPLOAD,0.95,UPLOAD,0.95,1,1448,100.0,23,0.0,33304.0,0,23,0.0,1.0,0.026300558561282626,1,0,1,1,1,1,1,1,0.9699999999999999,1.0,1.0,1.0,0.8,skip,attack_already_active,1785296066.5481815,1785296066548181541,1384734764880974,7.7,53.19921875,-1.0,0,0
2026-07-28T23:34:26.549,10.42.0.210,10.42.0.1|10.42.0.210,15,3,UPLOAD,0.95,UPLOAD,0.95,1,1448,100.0,24,0.0,34752.0,0,24,0.0,1.0,0.022970414278682627,1,0,1,1,1,1,1,1,0.9699999999999999,1.0,1.0,1.0,0.8,skip,attack_already_active,1785296066.5492105,1785296066549210569,1384734765909048,7.7,53.19921875,-1.0,0,0
2026-07-28T23:34:26.550,10.42.0.210,10.42.0.1|10.42.0.210,15,3,UPLOAD,0.95,UPLOAD,0.95,1,1448,100.0,25,0.0,36200.0,0,25,0.0,1.0,0.0201165790454692,1,0,1,1,1,1,1,1,0.9699999999999999,1.0,1.0,1.0,0.8,skip,attack_already_active,1785296066.550524,1785296066550523793,1384734767222329,7.7,53.19921875,-1.0,0,0
2026-07-28T23:34:26.551,10.42.0.210,10.42.0.1|10.42.0.210,15,3,UPLOAD,0.95,UPLOAD,0.95,1,1448,100.0,26,0.0,37648.0,0,26,0.0,1.0,0.01756142517691383,1,0,1,1,1,1,1,1,0.9699999999999999,1.0,1.0,1.0,0.8,skip,attack_already_active,1785296066.5512502,1785296066551250050,1384734767948375,7.7,53.19921875,-1.0,0,0
2026-07-28T23:34:26.552,10.42.0.210,10.42.0.1|10.42.0.210,15,3,UPLOAD,0.95,UPLOAD,0.95,1,1448,100.0,27,0.0,39096.0,0,27,0.0,1.0,0.015381053339769428,1,0,1,1,1,1,1,1,0.9699999999999999,1.0,1.0,1.0,0.8,skip,attack_already_active,1785296066.5522654,1785296066552265470,1384734768963515,7.7,53.19921875,-1.0,0,0
2026-07-28T23:34:26.552,10.42.0.210,10.42.0.1|10.42.0.210,15,3,UPLOAD,0.95,UPLOAD,0.95,1,1448,100.0,28,0.0,40544.0,0,28,0.0,1.0,0.013442600582297392,1,0,1,1,1,1,1,1,0.9699999999999999,1.0,1.0,1.0,0.8,skip,attack_already_active,1785296066.552936,1785296066552936183,1384734769634330,7.7,53.19921875,-1.0,0,0
2026-07-28T23:34:26.554,10.42.0.210,10.42.0.1|10.42.0.210,15,3,UPLOAD,0.95,UPLOAD,0.95,1,1448,100.0,29,0.0,41992.0,0,29,0.0,1.0,0.011832632051954757,1,0,1,1,1,1,1,1,0.9699999999999999,1.0,1.0,1.0,0.8,skip,attack_already_active,1785296066.554161,1785296066554161242,1384734770859542,7.7,53.19921875,-1.0,0,0
2026-07-28T23:34:26.554,10.42.0.210,10.42.0.1|10.42.0.210,15,3,UPLOAD,0.95,UPLOAD,0.95,1,1448,100.0,30,0.0,43440.0,0,30,0.0,1.0,0.010366294742070901,1,0,1,1,1,1,1,1,0.9699999999999999,1.0,1.0,1.0,0.8,skip,attack_already_active,1785296066.554866,1785296066554866151,1384734771564260,45.6,53.203125,-1.0,0,0
2026-07-28T23:34:26.556,10.42.0.210,10.42.0.1|10.42.0.210,15,3,UPLOAD,0.95,UPLOAD,0.95,1,1448,100.0,31,0.0,44888.0,0,31,0.0,1.0,0.009170595926947923,1,0,1,1,1,1,1,1,0.9699999999999999,1.0,1.0,1.0,0.8,skip,attack_already_active,1785296066.5561585,1785296066556158378,1384734772857069,45.6,53.203125,-1.0,0,0
2026-07-28T23:34:26.557,10.42.0.210,10.42.0.1|10.42.0.210,15,3,UPLOAD,0.95,UPLOAD,0.95,1,1448,100.0,32,0.0,46336.0,0,32,0.0,1.0,0.008120458210042618,1,0,1,1,1,1,1,1,0.9699999999999999,1.0,1.0,1.0,0.8,skip,attack_already_active,1785296066.55736,1785296066557359862,1384734774059296,45.6,53.203125,-1.0,0,0
2026-07-28T23:34:26.558,10.42.0.1,10.42.0.1|10.42.0.210,15,3,UPLOAD,0.9647446087294749,UPLOAD,0.9647446087294749,1,7240,100.0,1,0.0,7240.0,0,1,0.0,1.0,0.1822245305822565,1,0,1,1,1,1,1,1,0.9699999999999999,1.0,1.0,1.0,0.8,skip,attack_already_active,1785296066.5582533,1785296066558253196,1384734774951569,45.6,53.203125,-1.0,0,0
2026-07-28T23:34:26.559,10.42.0.1,10.42.0.1|10.42.0.210,15,3,UPLOAD,0.970270633312279,UPLOAD,0.970270633312279,1,1448,100.0,2,0.0,8688.0,0,2,0.0,1.0,0.15831092351430434,1,0,1,1,1,1,1,1,0.9699999999999999,1.0,1.0,1.0,0.8,skip,attack_already_active,1785296066.559004,1785296066559004086,1384734775702403,45.6,53.203125,-1.0,0,0
2026-07-28T23:34:26.581,10.42.0.1,10.42.0.1|10.42.0.210,15,3,UPLOAD,0.9718725664270136,UPLOAD,0.9718725664270136,1,14480,100.0,3,0.0,23168.0,0,3,0.0,1.0,0.1404403414093371,1,0,1,1,1,1,1,1,0.9699999999999999,1.0,1.0,1.0,0.8,skip,attack_already_active,1785296066.5817,1785296066581700076,1384734798399288,45.6,53.203125,-1.0,0,0
2026-07-28T23:34:26.582,10.42.0.1,10.42.0.1|10.42.0.210,15,3,UPLOAD,0.97335716792365,UPLOAD,0.97335716792365,1,14480,100.0,4,0.0,37648.0,0,4,0.0,1.0,0.1220689537772178,1,0,1,1,1,1,1,1,0.9699999999999999,1.0,1.0,1.0,0.8,skip,attack_already_active,1785296066.582725,1785296066582725176,1384734799424828,45.6,53.203125,-1.0,0,0
2026-07-28T23:34:26.583,10.42.0.1,10.42.0.1|10.42.0.210,15,3,UPLOAD,0.9720771330315302,UPLOAD,0.9720771330315302,0,43,100.0,4,0.0,37648.0,0,4,0.0,1.0,0.28473063046046,1,0,1,1,1,1,1,1,0.8374999999999999,0.8500000000000001,1.0,0.6000000000000001,0.8,skip,attack_already_active,1785296066.5835643,1785296066583564281,1384734800262509,45.6,53.203125,-1.0,0,0
2026-07-28T23:34:26.585,10.42.0.1,10.42.0.1|10.42.0.210,15,3,UPLOAD,0.9746413858897349,UPLOAD,0.9746413858897349,1,15928,100.0,5,0.0,53576.0,0,5,0.0,1.0,0.2475815375942419,1,0,1,1,1,1,1,1,0.9699999999999999,1.0,1.0,1.0,0.8,skip,attack_already_active,1785296066.5855415,1785296066585541262,1384734802239461,45.6,53.203125,-1.0,0,0
2026-07-28T23:34:26.586,10.42.0.1,10.42.0.1|10.42.0.210,15,3,UPLOAD,0.9760860154611457,UPLOAD,0.9760860154611457,1,13032,100.0,6,0.0,66608.0,0,6,0.0,1.0,0.21509019912795538,1,0,1,1,1,1,1,1,0.9699999999999999,1.0,1.0,1.0,0.8,skip,attack_already_active,1785296066.5865552,1785296066586555057,1384734803253239,45.6,53.203125,-1.0,0,0
2026-07-28T23:34:26.587,10.42.0.1,10.42.0.1|10.42.0.210,15,3,UPLOAD,0.9770467780330332,UPLOAD,0.9770467780330332,1,5681,100.0,7,0.0,72289.0,0,7,0.0,1.0,0.18687900715907033,1,0,1,1,1,1,1,1,0.9699999999999999,1.0,1.0,1.0,0.8,skip,attack_already_active,1785296066.5875585,1785296066587558446,1384734804256547,45.6,53.203125,-1.0,0,0
2026-07-28T23:34:37.729,10.42.0.47,10.42.0.1|10.42.0.210|10.42.0.47,15,3,UPLOAD,0.95,UPLOAD,0.95,1,7240,100.0,1,0.0,7240.0,0,1,0.0,1.0,1.7724404548956956,1,0,0,1,1,1,1,1,0.9699999999999999,1.0,1.0,1.0,0.8,trigger,training_upload_trigger_confirmed,1785296077.7292373,1785296077729237326,1384745945937721,7.7,53.203125,8.977594,1785296077738217929,1384745954915315
2026-07-28T23:34:37.730,10.42.0.47,10.42.0.1|10.42.0.210|10.42.0.47,15,3,UPLOAD,0.95,UPLOAD,0.95,1,7240,100.0,2,0.0,14480.0,0,2,0.0,1.0,1.5390045736926459,1,0,1,1,1,1,1,1,0.9699999999999999,1.0,1.0,1.0,0.8,skip,attack_already_active,1785296077.7301974,1785296077730197499,1384745946896061,7.7,53.203125,-1.0,0,0
2026-07-28T23:34:37.734,10.42.0.47,10.42.0.1|10.42.0.210|10.42.0.47,15,3,UPLOAD,0.95,UPLOAD,0.95,1,14480,100.0,3,0.0,28960.0,0,3,0.0,1.0,1.3367622004528608,1,0,1,1,1,1,1,1,0.9699999999999999,1.0,1.0,1.0,0.8,skip,attack_already_active,1785296077.7344406,1785296077734440409,1384745951139767,7.7,53.203125,-1.0,0,0
2026-07-28T23:34:37.735,10.42.0.47,10.42.0.1|10.42.0.210|10.42.0.47,15,3,UPLOAD,0.95,UPLOAD,0.95,1,7240,100.0,4,0.0,36200.0,0,4,0.0,1.0,1.1608018699586895,1,0,1,1,1,1,1,1,0.9699999999999999,1.0,1.0,1.0,0.8,skip,attack_already_active,1785296077.7358885,1785296077735888360,1384745952587548,7.7,53.203125,-1.0,0,0
2026-07-28T23:34:37.737,10.42.0.47,10.42.0.1|10.42.0.210|10.42.0.47,15,3,UPLOAD,0.95,UPLOAD,0.95,1,7240,100.0,5,0.0,43440.0,0,5,0.0,1.0,1.0079862991953454,1,0,1,1,1,1,1,1,0.9699999999999999,1.0,1.0,1.0,0.8,skip,attack_already_active,1785296077.7370152,1785296077737015262,1384745953713928,7.7,53.203125,-1.0,0,0
2026-07-28T23:34:37.738,10.42.0.47,10.42.0.1|10.42.0.210|10.42.0.47,15,3,UPLOAD,0.95,UPLOAD,0.95,1,18824,100.0,6,0.0,62264.0,0,6,0.0,1.0,0.8752926816132307,1,0,1,1,1,1,1,1,0.9699999999999999,1.0,1.0,1.0,0.8,skip,attack_already_active,1785296077.7380264,1785296077738026554,1384745954724881,7.7,53.203125,-1.0,0,0
2026-07-28T23:34:37.738,10.42.0.47,10.42.0.1|10.42.0.210|10.42.0.47,15,3,UPLOAD,0.95,UPLOAD,0.95,1,2896,100.0,7,0.0,65160.0,0,7,0.0,1.0,0.7600386055539791,1,0,1,1,1,1,1,1,0.9699999999999999,1.0,1.0,1.0,0.8,skip,attack_already_active,1785296077.7386878,1785296077738687692,1384745955386039,7.7,53.203125,-1.0,0,0
2026-07-28T23:34:37.740,10.42.0.47,10.42.0.1|10.42.0.210|10.42.0.47,15,3,UPLOAD,0.95,UPLOAD,0.95,1,11584,100.0,8,0.0,76744.0,0,8,0.0,1.0,0.660075594744944,1,0,1,1,1,1,1,1,0.9699999999999999,1.0,1.0,1.0,0.8,skip,attack_already_active,1785296077.7401347,1785296077740134532,1384745956832880,7.7,53.203125,-1.0,0,0
2026-07-28T23:34:37.740,10.42.0.47,10.42.0.1|10.42.0.210|10.42.0.47,15,3,UPLOAD,0.95,UPLOAD,0.95,1,2784,100.0,9,0.0,79528.0,0,9,0.0,1.0,0.5731846206425238,1,0,1,1,1,1,1,1,0.9699999999999999,1.0,1.0,1.0,0.8,skip,attack_already_active,1785296077.7408187,1785296077740818759,1384745957516872,7.7,53.203125,-1.0,0,0
2026-07-28T23:34:37.741,10.42.0.1,10.42.0.1|10.42.0.210|10.42.0.47,15,3,UPLOAD,0.9705812734725859,UPLOAD,0.9705812734725859,1,7240,100.0,1,0.0,7240.0,0,1,0.0,1.0,1.6315080841069072,1,0,0,1,1,1,1,1,0.9699999999999999,1.0,1.0,1.0,0.8,skip,already_attacked_this_round,1785296077.7417321,1785296077741732021,1384745958430046,7.7,53.203125,-1.0,0,0
2026-07-28T23:34:37.742,10.42.0.1,10.42.0.1|10.42.0.210|10.42.0.47,15,3,UPLOAD,0.9689668338091764,UPLOAD,0.9689668338091764,1,7240,100.0,2,0.0,14480.0,0,2,0.0,1.0,1.4166024599685412,1,0,0,1,1,1,1,1,0.9699999999999999,1.0,1.0,1.0,0.8,skip,already_attacked_this_round,1785296077.7423809,1785296077742380713,1384745959078918,7.7,53.203125,-1.0,0,0
2026-07-28T23:34:37.849,10.42.0.1,10.42.0.1|10.42.0.210|10.42.0.47,15,3,UPLOAD,0.9658496121753368,UPLOAD,0.9658496121753368,1,10136,100.0,3,0.0,24616.0,0,3,0.0,1.0,1.2441016868305506,1,0,0,1,1,1,1,1,0.9699999999999999,1.0,1.0,1.0,0.8,skip,already_attacked_this_round,1785296077.8499227,1785296077849922614,1384746066621736,7.7,53.203125,-1.0,0,0
2026-07-28T23:34:37.851,10.42.0.1,10.42.0.1|10.42.0.210|10.42.0.47,15,3,UPLOAD,0.9209614097806381,UPLOAD,0.9209614097806381,0,43,100.0,3,0.0,24616.0,0,3,0.0,1.0,2.5649271201251587,1,0,0,1,1,1,1,1,0.8374999999999999,0.8500000000000001,1.0,0.6000000000000001,0.8,skip,already_attacked_this_round,1785296077.851045,1785296077851044776,1384746067743045,7.7,53.203125,-1.0,0,0
2026-07-28T23:34:37.903,10.42.0.1,10.42.0.1|10.42.0.210|10.42.0.47,15,3,UPLOAD,0.95,UPLOAD,0.95,1,4344,100.0,4,0.0,28960.0,0,4,0.0,1.0,2.2339867394692954,1,0,0,1,1,1,1,1,0.9699999999999999,1.0,1.0,1.0,0.8,skip,already_attacked_this_round,1785296077.9034348,1785296077903434648,1384746120133568,27.7,53.203125,-1.0,0,0
2026-07-28T23:34:37.959,10.42.0.1,10.42.0.1|10.42.0.210|10.42.0.47,15,3,UPLOAD,0.95,UPLOAD,0.95,1,1448,100.0,5,0.0,30408.0,0,5,0.0,1.0,1.9470368828916857,1,0,0,1,1,1,1,1,0.9699999999999999,1.0,1.0,1.0,0.8,skip,already_attacked_this_round,1785296077.9598384,1785296077959838443,1384746176537235,27.7,53.203125,-1.0,0,0
2026-07-28T23:34:37.961,10.42.0.1,10.42.0.1|10.42.0.210|10.42.0.47,15,3,UPLOAD,0.9835446811191306,UPLOAD,0.9835446811191306,1,1448,100.0,6,0.0,31856.0,0,6,0.0,1.0,1.690648128050368,1,0,0,1,1,1,1,1,0.9699999999999999,1.0,1.0,1.0,0.8,skip,already_attacked_this_round,1785296077.961212,1785296077961211869,1384746177910225,27.7,53.203125,-1.0,0,0
2026-07-28T23:34:37.962,10.42.0.1,10.42.0.1|10.42.0.210|10.42.0.47,15,3,UPLOAD,0.9936018102583363,UPLOAD,0.9936018102583363,1,1448,100.0,7,0.0,33304.0,0,7,0.0,1.0,1.4679986500659248,1,0,0,1,1,1,1,1,0.9699999999999999,1.0,1.0,1.0,0.8,skip,already_attacked_this_round,1785296077.9622347,1785296077962234705,1384746178933052,27.7,53.203125,-1.0,0,0
2026-07-28T23:34:37.963,10.42.0.1,10.42.0.1|10.42.0.210|10.42.0.47,15,3,UPLOAD,0.9938626486987273,UPLOAD,0.9938626486987273,1,2896,100.0,8,0.0,36200.0,0,8,0.0,1.0,1.2747517750717865,1,0,0,1,1,1,1,1,0.9699999999999999,1.0,1.0,1.0,0.8,skip,already_attacked_this_round,1785296077.9637363,1785296077963736276,1384746180434991,27.7,53.203125,-1.0,0,0
2026-07-28T23:34:37.964,10.42.0.1,10.42.0.1|10.42.0.210|10.42.0.47,15,3,UPLOAD,0.9938688167337885,UPLOAD,0.9938688167337885,1,7240,100.0,9,0.0,43440.0,0,9,0.0,1.0,1.106907729178754,1,0,0,1,1,1,1,1,0.9699999999999999,1.0,1.0,1.0,0.8,skip,already_attacked_this_round,1785296077.964766,1785296077964765905,1384746181464305,27.7,53.203125,-1.0,0,0
2026-07-28T23:34:37.968,10.42.0.1,10.42.0.1|10.42.0.210|10.42.0.47,15,3,UPLOAD,0.9938689564307314,UPLOAD,0.9938689564307314,1,5792,100.0,10,0.0,49232.0,0,10,0.0,1.0,0.9615214317633087,1,0,0,1,1,1,1,1,0.9699999999999999,1.0,1.0,1.0,0.8,skip,already_attacked_this_round,1785296077.9683774,1785296077968377220,1384746185075957,27.7,53.203125,-1.0,0,0
2026-07-28T23:34:37.973,10.42.0.1,10.42.0.1|10.42.0.210|10.42.0.47,15,3,UPLOAD,0.9938689595257796,UPLOAD,0.9938689595257796,1,4344,100.0,11,0.0,53576.0,0,11,0.0,1.0,0.8355061270617226,1,0,0,1,1,1,1,1,0.9699999999999999,1.0,1.0,1.0,0.8,skip,already_attacked_this_round,1785296077.9736035,1785296077973603564,1384746190302207,27.7,53.203125,-1.0,0,0
2026-07-28T23:34:37.976,10.42.0.1,10.42.0.1|10.42.0.210|10.42.0.47,15,3,UPLOAD,0.9938689595937141,UPLOAD,0.9938689595937141,1,5792,100.0,12,0.0,59368.0,0,12,0.0,1.0,0.7257922381393428,1,0,0,1,1,1,1,1,0.9699999999999999,1.0,1.0,1.0,0.8,skip,already_attacked_this_round,1785296077.9765213,1785296077976521296,1384746193219818,27.7,53.203125,-1.0,0,0
2026-07-28T23:34:37.980,10.42.0.1,10.42.0.1|10.42.0.210|10.42.0.47,15,3,UPLOAD,0.9938689595952034,UPLOAD,0.9938689595952034,1,7240,100.0,13,0.0,66608.0,0,13,0.0,1.0,0.6306709966542161,1,0,0,1,1,1,1,1,0.9699999999999999,1.0,1.0,1.0,0.8,skip,already_attacked_this_round,1785296077.9804647,1785296077980464726,1384746197163656,27.7,53.203125,-1.0,0,0
2026-07-28T23:34:37.989,10.42.0.1,10.42.0.1|10.42.0.210|10.42.0.47,15,3,UPLOAD,0.9938689595952362,UPLOAD,0.9938689595952362,1,2896,100.0,14,0.0,69504.0,0,14,0.0,1.0,0.5487805490461705,1,0,0,1,1,1,1,1,0.9699999999999999,1.0,1.0,1.0,0.8,skip,already_attacked_this_round,1785296077.9896917,1785296077989691532,1384746206390502,27.7,53.203125,-1.0,0,0
2026-07-28T23:34:37.992,10.42.0.1,10.42.0.1|10.42.0.210|10.42.0.47,15,3,UPLOAD,0.9876812388022739,UPLOAD,0.9876812388022739,1,5792,100.0,15,0.0,75296.0,0,15,0.0,1.0,0.4767887581053144,1,0,0,1,1,1,1,1,0.9699999999999999,1.0,1.0,1.0,0.8,skip,already_attacked_this_round,1785296077.9921465,1785296077992146322,1384746208845294,27.7,53.203125,-1.0,0,0
2026-07-28T23:34:37.994,10.42.0.1,10.42.0.1|10.42.0.210|10.42.0.47,15,3,UPLOAD,0.9673706426332693,UPLOAD,0.9673706426332693,1,5792,100.0,16,0.0,81088.0,0,16,0.0,1.0,0.41426024114895643,1,0,0,1,1,1,1,1,0.9699999999999999,1.0,1.0,1.0,0.8,skip,already_attacked_this_round,1785296077.9944236,1785296077994423561,1384746211122463,27.7,53.203125,-1.0,0,0
2026-07-28T23:34:37.999,10.42.0.1,10.42.0.1|10.42.0.210|10.42.0.47,15,3,UPLOAD,0.95,UPLOAD,0.95,1,2896,100.0,17,0.0,83984.0,0,17,0.0,1.0,0.36028691206640884,1,0,0,1,1,1,1,1,0.9699999999999999,1.0,1.0,1.0,0.8,skip,already_attacked_this_round,1785296077.9990952,1785296077999095193,1384746215794231,27.7,53.203125,-1.0,0,0
2026-07-28T23:34:38.004,10.42.0.1,10.42.0.1|10.42.0.210|10.42.0.47,15,3,UPLOAD,0.95,UPLOAD,0.95,1,2801,100.0,18,0.0,86785.0,0,18,0.0,1.0,0.3135723580516778,1,0,0,1,1,1,1,1,0.9699999999999999,1.0,1.0,1.0,0.8,skip,already_attacked_this_round,1785296078.0048783,1785296078004878339,1384746221576914,27.7,53.203125,-1.0,0,0
2026-07-28T23:34:38.323,10.42.0.1,10.42.0.1,16,1,DOWNLOAD,0.95,DOWNLOAD,0.95,-1,1448,59.93439222449281,19,1448.0,86785.0,1,18,0.0164110933550939,0.9835889066449061,0.3345359304156078,0,0,0,0,1,0,0,0,0.44,0.8500000000000001,0.0,0.6000000000000001,0.15,skip,training_upload_trigger_not_confirmed,1785296078.323704,1785296078323704062,1384746540402937,27.7,53.203125,-1.0,0,0
2026-07-28T23:34:38.327,10.42.0.1,10.42.0.1,16,1,DOWNLOAD,0.95,DOWNLOAD,0.95,-1,5792,11.986878451521148,20,7240.0,86785.0,2,18,0.07700079766019675,0.9229992023398033,0.2909525508621143,0,0,0,0,1,0,0,0,0.44,0.8500000000000001,0.0,0.6000000000000001,0.15,skip,training_upload_trigger_not_confirmed,1785296078.3274977,1785296078327497660,1384746544196231,27.7,53.203125,-1.0,0,0
2026-07-28T23:34:38.328,10.42.0.1,10.42.0.1,16,1,DOWNLOAD,0.95,DOWNLOAD,0.95,-1,7240,5.993439226174486,21,14480.0,86785.0,3,18,0.14299116180318966,0.8570088381968104,0.2527454232295243,0,0,0,0,1,0,0,0,0.4,0.8500000000000001,0.0,0.4,0.15,skip,training_upload_trigger_not_confirmed,1785296078.328507,1785296078328506768,1384746545205196,27.7,53.203125,-1.0,0,0
2026-07-28T23:34:38.330,10.42.0.1,10.42.0.1,16,1,DOWNLOAD,0.95,DOWNLOAD,0.95,-1,7240,3.995626150874971,22,21720.0,86785.0,4,18,0.20017510713791992,0.7998248928620801,0.2196726129613224,0,0,0,0,1,0,0,0,0.32,0.8500000000000001,0.0,0.0,0.15,skip,training_upload_trigger_not_confirmed,1785296078.330272,1785296078330272119,1384746546971172,27.7,53.203125,-1.0,0,0
2026-07-28T23:34:38.332,10.42.0.1,10.42.0.1,16,1,DOWNLOAD,0.95,DOWNLOAD,0.95,-1,7240,2.9967196131907206,23,28960.0,86785.0,5,18,0.25020519244891787,0.7497948075510821,0.19102949230315158,0,0,0,0,1,0,0,0,0.32,0.8500000000000001,0.0,0.0,0.15,skip,training_upload_trigger_not_confirmed,1785296078.3325799,1785296078332579815,1384746549278324,27.7,53.203125,-1.0,0,0
2026-07-28T23:34:38.334,10.42.0.1,10.42.0.1,16,1,DOWNLOAD,0.95,DOWNLOAD,0.95,-1,7240,2.3973756905691332,24,36200.0,86785.0,6,18,0.2943448388014799,0.7056551611985201,0.1660805948235789,0,0,0,0,1,0,0,0,0.32,0.8500000000000001,0.0,0.0,0.15,skip,training_upload_trigger_not_confirmed,1785296078.334279,1785296078334279243,1384746550977774,27.7,53.203125,-1.0,0,0
2026-07-28T23:34:38.335,10.42.0.1,10.42.0.1,16,1,DOWNLOAD,0.95,DOWNLOAD,0.95,-1,7240,1.9978130754834755,25,43440.0,86785.0,7,18,0.3335765022077174,0.6664234977922826,0.14431508185223002,0,0,0,0,1,0,0,0,0.32,0.8500000000000001,0.0,0.0,0.15,skip,training_upload_trigger_not_confirmed,1785296078.3351872,1785296078335187238,1384746551885381,27.7,53.203125,-1.0,0,0
2026-07-28T23:34:38.336,10.42.0.1,10.42.0.1,16,1,DOWNLOAD,0.95,DOWNLOAD,0.95,-1,7240,1.7124112075628963,26,50680.0,86785.0,8,18,0.3686756628960099,0.63132433710399,0.12546712748914263,0,0,0,0,1,0,0,0,0.32,0.8500000000000001,0.0,0.0,0.15,skip,training_upload_trigger_not_confirmed,1785296078.3364704,1785296078336470193,1384746553168595,27.7,53.203125,-1.0,0,0
2026-07-28T23:34:38.337,10.42.0.1,10.42.0.1,16,1,DOWNLOAD,0.95,DOWNLOAD,0.95,-1,7240,1.4983598066212298,27,57920.0,86785.0,9,18,0.40026260322725543,0.5997373967727445,0.10905450079578549,0,0,0,0,1,0,0,0,0.32,0.8500000000000001,0.0,0.0,0.15,skip,training_upload_trigger_not_confirmed,1785296078.3373866,1785296078337386413,1384746554084976,27.7,53.203125,-1.0,0,0
2026-07-28T23:34:38.338,10.42.0.1,10.42.0.1,16,1,DOWNLOAD,0.95,DOWNLOAD,0.95,-1,10136,1.2751998354256024,28,68056.0,86785.0,10,18,0.4395218320729006,0.5604781679270994,0.09480152893567491,0,0,0,0,1,0,0,0,0.32,0.8500000000000001,0.0,0.0,0.15,skip,training_upload_trigger_not_confirmed,1785296078.3382792,1785296078338279258,1384746554977417,27.7,53.203125,-1.0,0,0
2026-07-28T23:34:38.339,10.42.0.1,10.42.0.1,16,1,DOWNLOAD,0.95,DOWNLOAD,0.95,-1,14480,1.0514805660554003,29,82536.0,86785.0,11,18,0.4874528262885289,0.5125471737114711,0.08242510116203097,0,0,0,0,1,0,0,0,0.30250000000000005,0.8000000000000002,0.0,0.0,0.15,skip,training_upload_trigger_not_confirmed,1785296078.3391595,1785296078339159614,1384746555857740,27.7,53.203125,-1.0,0,0
2026-07-28T23:34:38.340,10.42.0.1,10.42.0.1,16,1,DOWNLOAD,0.95,DOWNLOAD,0.95,-1,14480,0.8945431681383015,30,97016.0,86785.0,12,18,0.5278317310569584,0.47216826894304165,0.07168522573043662,0,0,0,0,1,0,0,0,0.30250000000000005,0.8000000000000002,0.0,0.0,0.15,skip,training_upload_trigger_not_confirmed,1785296078.3400826,1785296078340082617,1384746556780908,27.7,53.203125,-1.0,0,0
2026-07-28T23:34:38.341,10.42.0.1,10.42.0.1,16,1,DOWNLOAD,0.95,DOWNLOAD,0.95,-1,14480,0.7783687307187848,31,111496.0,86785.0,13,18,0.5623130809305985,0.4376869190694015,0.06236335641706708,0,0,0,0,1,0,0,0,0.28500000000000003,0.7500000000000001,0.0,0.0,0.15,skip,training_upload_trigger_not_confirmed,1785296078.3410268,1785296078341026765,1384746557725087,27.7,53.203125,-1.0,0,0
2026-07-28T23:34:38.342,10.42.0.1,10.42.0.1,16,1,DOWNLOAD,0.95,DOWNLOAD,0.95,-1,5792,0.7399307687083083,32,117288.0,86785.0,14,18,0.5747355113121285,0.4252644886878715,0.054339995299527995,0,0,0,0,1,0,0,0,0.28500000000000003,0.7500000000000001,0.0,0.0,0.15,skip,training_upload_trigger_not_confirmed,1785296078.342503,1785296078342503080,1384746559201762,35.7,53.203125,-1.0,0,0
2026-07-28T23:34:38.343,10.42.0.1,10.42.0.1,16,1,DOWNLOAD,0.95,DOWNLOAD,0.95,-1,14480,0.6586196952244958,33,131768.0,86785.0,15,18,0.6029109643885008,0.3970890356114993,0.04731424653356577,0,0,0,0,1,0,0,0,0.28500000000000003,0.7500000000000001,0.0,0.0,0.15,skip,training_upload_trigger_not_confirmed,1785296078.3435266,1785296078343526538,1384746560224982,35.7,53.203125,-1.0,0,0
2026-07-28T23:34:38.345,10.42.0.1,10.42.0.1,16,1,DOWNLOAD,0.95,DOWNLOAD,0.95,-1,14480,0.5934098244106352,34,146248.0,86785.0,16,18,0.6275849343226066,0.37241506567739335,0.041307936174271594,0,0,0,0,1,0,0,0,0.28500000000000003,0.7500000000000001,0.0,0.0,0.15,skip,training_upload_trigger_not_confirmed,1785296078.3452606,1785296078345260433,1384746561959186,35.7,53.203125,-1.0,0,0
2026-07-28T23:34:38.346,10.42.0.1,10.42.0.1,16,1,DOWNLOAD,0.95,DOWNLOAD,0.95,-1,20272,0.5211686283958613,35,166520.0,86785.0,17,18,0.6573893132784587,0.3426106867215412,0.03606837861391951,0,0,0,0,1,0,0,0,0.28500000000000003,0.7500000000000001,0.0,0.0,0.15,skip,training_upload_trigger_not_confirmed,1785296078.346807,1785296078346807156,1384746563505906,35.7,53.203125,-1.0,0,0
2026-07-28T23:34:38.348,10.42.0.1,10.42.0.1,16,1,DOWNLOAD,0.95,DOWNLOAD,0.95,-1,18824,0.4682374395746922,36,185344.0,86785.0,18,18,0.6810887483509659,0.3189112516490341,0.03148608410718439,0,0,0,0,1,0,0,0,0.28500000000000003,0.7500000000000001,0.0,0.0,0.15,skip,training_upload_trigger_not_confirmed,1785296078.3481016,1785296078348101521,1384746564800458,35.7,53.203125,-1.0,0,0
2026-07-28T23:34:38.349,10.42.0.1,10.42.0.1,16,1,DOWNLOAD,0.95,DOWNLOAD,0.95,-1,9680,0.4449965132524971,37,195024.0,86785.0,19,18,0.6920431923749774,0.30795680762502264,0.027473311134984194,0,0,0,0,1,0,0,0,0.28500000000000003,0.7500000000000001,0.0,0.0,0.15,skip,training_upload_trigger_not_confirmed,1785296078.3491359,1785296078349135953,1384746565834458,35.7,53.203125,-1.0,0,0
2026-07-28T23:34:38.350,10.42.0.1,10.42.0.1,16,1,DOWNLOAD,0.95,DOWNLOAD,0.95,-1,16920,0.40947136979858134,38,211944.0,86785.0,20,18,0.7094858550726578,0.2905141449273422,0.02397954835278006,0,0,0,0,1,0,0,0,0.28500000000000003,0.7500000000000001,0.0,0.0,0.15,skip,training_upload_trigger_not_confirmed,1785296078.350096,1785296078350095765,1384746566794510,35.7,53.203125,-1.0,0,0
2026-07-28T23:34:38.351,10.42.0.1,10.42.0.1,16,1,DOWNLOAD,0.95,DOWNLOAD,0.95,-1,18824,0.37607033904451187,39,230768.0,86785.0,21,18,0.7267070378802909,0.27329296211970916,0.020951044014920265,0,0,0,0,1,0,0,0,0.28500000000000003,0.7500000000000001,0.0,0.0,0.15,skip,training_upload_trigger_not_confirmed,1785296078.351093,1785296078351093082,1384746567791532,35.7,53.203125,-1.0,0,0
2026-07-28T23:34:38.352,10.42.0.1,10.42.0.1,16,1,DOWNLOAD,0.95,DOWNLOAD,0.95,-1,15472,0.3524407082547415,40,246240.0,86785.0,22,18,0.7394039486525036,0.2605960513474964,0.018372892557390663,0,0,0,0,1,0,0,0,0.28500000000000003,0.7500000000000001,0.0,0.0,0.15,skip,training_upload_trigger_not_confirmed,1785296078.3524792,1785296078352479165,1384746569177585,35.7,53.203125,-1.0,0,0
2026-07-28T23:34:38.353,10.42.0.59,10.42.0.1,7,1,DOWNLOAD,0.95,DOWNLOAD,0.95,-1,7300,1.3698630135109776e-10,1,7300.0,0.0,1,0,1.0,0.0,2.8842342829967507,0,0,0,0,0,0,0,0,0.0225,0.0,0.0,0.0,0.15,skip,already_attacked_this_round,1785296078.3538299,1785296078353829886,1384746570528149,35.7,53.203125,-1.0,0,0
2026-07-28T23:34:38.354,10.42.0.59,10.42.0.1,7,1,DOWNLOAD,0.95,DOWNLOAD,0.95,-1,7300,6.84931506802402e-11,2,14600.0,0.0,2,0,1.0,0.0,2.5042906327328875,0,0,0,0,0,0,0,0,0.0225,0.0,0.0,0.0,0.15,skip,already_attacked_this_round,1785296078.3547769,1785296078354776924,1384746571475138,35.7,53.203125,-1.0,0,0
2026-07-28T23:34:38.355,10.42.0.1,10.42.0.1,16,1,DOWNLOAD,0.95,DOWNLOAD,0.95,-1,16920,0.3297803617596527,41,263160.0,86785.0,23,18,0.7520038863249939,0.24799611367500607,0.016389679841750583,0,0,0,0,0,0,0,0,0.0225,0.0,0.0,0.0,0.15,skip,training_upload_trigger_not_confirmed,1785296078.355802,1785296078355802184,1384746572500827,35.7,53.203125,-1.0,0,0
2026-07-28T23:34:38.357,10.42.0.1,10.42.0.1,16,1,DOWNLOAD,0.95,DOWNLOAD,0.95,-1,21720,0.30463704015970006,42,284880.0,86785.0,24,18,0.7664967107475819,0.23350328925241817,0.014426580504403647,0,0,0,0,0,0,0,0,0.0225,0.0,0.0,0.0,0.15,skip,training_upload_trigger_not_confirmed,1785296078.3572943,1785296078357294368,1384746573992805,35.7,53.203125,-1.0,0,0
2026-07-28T23:34:38.358,10.42.0.18,10.42.0.1,15,1,DOWNLOAD,0.95,DOWNLOAD,0.95,-1,7300,1.3698630135109776e-10,1,7300.0,0.0,1,0,1.0,0.0,2.927014222991552,0,0,0,0,0,0,0,0,0.0225,0.0,0.0,0.0,0.15,skip,training_upload_trigger_not_confirmed,1785296078.3586628,1785296078358662833,1384746575361166,35.7,53.203125,-1.0,0,0
2026-07-28T23:34:38.359,10.42.0.18,10.42.0.1,15,1,DOWNLOAD,0.95,DOWNLOAD,0.95,-1,7300,6.84931506802402e-11,2,14600.0,0.0,2,0,1.0,0.0,2.5414382014047225,0,0,0,0,0,0,0,0,0.0225,0.0,0.0,0.0,0.15,skip,training_upload_trigger_not_confirmed,1785296078.3596473,1785296078359647221,1384746576346296,35.7,53.203125,-1.0,0,0
2026-07-28T23:34:38.360,10.42.0.1,10.42.0.1,16,1,DOWNLOAD,0.95,DOWNLOAD,0.95,-1,14024,0.29034405695711546,43,298904.0,86785.0,25,18,0.7749871010062511,0.22501289899374885,0.012971559508434599,0,0,0,0,0,0,0,0,0.0225,0.0,0.0,0.0,0.15,skip,training_upload_trigger_not_confirmed,1785296078.3606791,1785296078360679095,1384746577377645,35.7,53.203125,-1.0,0,0
2026-07-28T23:34:38.362,10.42.0.210,10.42.0.1,16,1,DOWNLOAD,0.9832387508875362,DOWNLOAD,0.9832387508875362,-1,7240,1.381215469422484e-10,1,7240.0,0.0,1,0,1.0,0.0,1.559023021531693,0,0,0,0,0,0,0,0,0.0225,0.0,0.0,0.0,0.15,skip,training_upload_trigger_not_confirmed,1785296078.3620334,1785296078362033317,1384746578731666,35.7,53.203125,-1.0,0,0
2026-07-28T23:34:38.362,10.42.0.210,10.42.0.1,16,1,DOWNLOAD,0.95,DOWNLOAD,0.95,-1,7240,6.90607734758936e-11,2,14480.0,0.0,2,0,1.0,0.0,1.3537078157640356,0,0,0,0,0,0,0,0,0.0225,0.0,0.0,0.0,0.15,skip,training_upload_trigger_not_confirmed,1785296078.362976,1785296078362975919,1384746579674369,35.7,53.203125,-1.0,0,0
2026-07-28T23:34:38.364,10.42.0.47,10.42.0.1,15,3,UPLOAD,0.8737563782785868,UPLOAD,0.8737563782785868,0,43,100.0,9,0.0,79528.0,0,9,0.0,1.0,0.5574202222890074,0,0,1,0,0,0,0,0,0.45499999999999996,0.1,1.0,0.0,0.8,skip,attack_already_active,1785296078.3642998,1785296078364299721,1384746580998175,35.7,53.203125,-1.0,0,0
2026-07-28T23:34:38.365,10.42.0.47,10.42.0.1,16,1,DOWNLOAD,0.95,DOWNLOAD,0.95,-1,10136,7.846093132710527,10,10136.0,79528.0,1,9,0.11304425410421128,0.8869557458957887,0.5441576507483168,0,0,0,0,0,0,0,0,0.057499999999999996,0.1,0.0,0.0,0.15,skip,training_upload_trigger_not_confirmed,1785296078.365943,1785296078365942951,1384746582641638,35.7,53.203125,-1.0,0,0
2026-07-28T23:34:38.366,10.42.0.47,10.42.0.1,16,1,DOWNLOAD,0.9829981496648164,DOWNLOAD,0.9829981496648164,-1,4344,5.492265193059926,11,14480.0,79528.0,2,9,0.15402944430261253,0.8459705556973874,0.472587760167041,0,0,0,0,0,0,0,0,0.057499999999999996,0.1,0.0,0.0,0.15,skip,training_upload_trigger_not_confirmed,1785296078.3669765,1785296078366976534,1384746583675303,35.7,53.203125,-1.0,0,0
2026-07-28T23:34:38.368,10.42.0.47,10.42.0.1,16,1,DOWNLOAD,0.9842257140988042,DOWNLOAD,0.9842257140988042,-1,14480,2.746132596624788,12,28960.0,79528.0,3,9,0.26694196593171593,0.7330580340682841,0.41053953049778014,0,0,0,0,0,0,0,0,0.057499999999999996,0.1,0.0,0.0,0.15,skip,training_upload_trigger_not_confirmed,1785296078.3686974,1785296078368697324,1384746585395901,35.7,53.203125,-1.0,0,0
2026-07-28T23:34:38.371,10.42.0.145,10.42.0.1,10,1,DOWNLOAD,0.95,DOWNLOAD,0.95,-1,14600,6.84931506802402e-11,1,14600.0,0.0,1,0,1.0,0.0,2.580568906503532,0,0,0,0,0,0,0,0,0.0225,0.0,0.0,0.0,0.15,skip,training_upload_trigger_not_confirmed,1785296078.3716629,1785296078371662953,1384746588362049,35.7,53.203125,-1.0,0,0
2026-07-28T23:34:38.372,10.42.0.145,10.42.0.1,10,1,DOWNLOAD,0.95,DOWNLOAD,0.95,-1,14600,3.424657534129292e-11,2,29200.0,0.0,2,0,1.0,0.0,2.240657376851423,0,0,0,0,0,0,0,0,0.0225,0.0,0.0,0.0,0.15,skip,training_upload_trigger_not_confirmed,1785296078.3727372,1785296078372737367,1384746589435651,35.7,53.203125,-1.0,0,0
2026-07-28T23:34:38.373,10.42.0.145,10.42.0.1,10,1,DOWNLOAD,0.9393991052827173,DOWNLOAD,0.9393991052827173,0,43,3.424657534129292e-11,2,29200.0,0.0,2,0,1.0,0.0,3.683521016561108,0,0,0,0,0,0,0,0,0.0225,0.0,0.0,0.0,0.15,skip,training_upload_trigger_not_confirmed,1785296078.3736553,1785296078373655241,1384746590353464,35.7,53.203125,-1.0,0,0
2026-07-28T23:34:38.378,10.42.0.47,10.42.0.1,16,1,DOWNLOAD,0.9842586901286671,DOWNLOAD,0.9842586901286671,-1,18824,1.6643227858558445,13,47784.0,79528.0,4,9,0.37532989820284024,0.6246701017971598,0.3576996119333643,0,0,0,0,0,0,0,0,0.057499999999999996,0.1,0.0,0.0,0.15,skip,training_upload_trigger_not_confirmed,1785296078.3782494,1785296078378249441,1384746594947981,35.7,53.203125,-1.0,0,0
2026-07-28T23:34:38.379,10.42.0.47,10.42.0.1,16,1,DOWNLOAD,0.9842595481342594,DOWNLOAD,0.9842595481342594,-1,1448,1.615372115684608,14,49232.0,79528.0,5,9,0.3823547685616651,0.6176452314383349,0.3106933441920747,0,0,0,0,0,0,0,0,0.057499999999999996,0.1,0.0,0.0,0.15,skip,training_upload_trigger_not_confirmed,1785296078.3792315,1785296078379231584,1384746595929943,35.7,53.203125,-1.0,0,0
2026-07-28T23:34:38.380,10.42.0.47,10.42.0.1,16,1,DOWNLOAD,0.9842595696464124,DOWNLOAD,0.9842595696464124,-1,8688,1.3730662983361002,15,57920.0,79528.0,6,9,0.4213957278388918,0.5786042721611082,0.26988127099459863,0,0,0,0,0,0,0,0,0.057499999999999996,0.1,0.0,0.0,0.15,skip,training_upload_trigger_not_confirmed,1785296078.3802133,1785296078380213155,1384746596912342,35.7,53.203125,-1.0,0,0
2026-07-28T23:34:38.381,10.42.0.47,10.42.0.1,16,1,DOWNLOAD,0.9842595701605352,DOWNLOAD,0.9842595701605352,-1,6784,1.2291048466829082,16,64704.0,79528.0,7,9,0.4486105718564535,0.5513894281435465,0.23445771191917913,0,0,0,0,0,0,0,0,0.057499999999999996,0.1,0.0,0.0,0.15,skip,training_upload_trigger_not_confirmed,1785296078.381275,1785296078381274880,1384746597973349,35.7,53.203125,-1.0,0,0
2026-07-28T23:34:38.382,10.42.0.18,10.42.0.1,15,1,DOWNLOAD,0.95,DOWNLOAD,0.95,-1,10220,4.029008863657171e-11,3,24820.0,0.0,3,0,1.0,0.0,2.2095654964806197,0,0,0,0,0,0,0,0,0.0225,0.0,0.0,0.0,0.15,skip,training_upload_trigger_not_confirmed,1785296078.3825953,1785296078382595441,1384746599293597,35.7,53.203125,-1.0,0,0
2026-07-28T23:34:38.383,10.42.0.18,10.42.0.1,15,1,DOWNLOAD,0.95,DOWNLOAD,0.95,-1,4380,3.424657534129292e-11,4,29200.0,0.0,4,0,1.0,0.0,1.9185154737286223,0,0,0,0,0,0,0,0,0.0225,0.0,0.0,0.0,0.15,skip,training_upload_trigger_not_confirmed,1785296078.3834627,1785296078383462550,1384746600160636,35.7,53.203125,-1.0,0,0
2026-07-28T23:34:38.384,10.42.0.18,10.42.0.1,15,1,DOWNLOAD,0.9010260392182831,DOWNLOAD,0.9010260392182831,0,43,3.424657534129292e-11,4,29200.0,0.0,4,0,1.0,0.0,3.3924358618129666,0,0,0,0,0,0,0,0,0.0225,0.0,0.0,0.0,0.15,skip,training_upload_trigger_not_confirmed,1785296078.3843389,1785296078384339019,1384746601037264,35.7,53.203125,-1.0,0,0
2026-07-28T23:34:38.386,10.42.0.18,10.42.0.1,15,1,DOWNLOAD,0.95,DOWNLOAD,0.95,-1,14600,2.2831050227789245e-11,5,43800.0,0.0,5,0,1.0,0.0,2.945854070603014,0,0,0,0,0,0,0,0,0.0225,0.0,0.0,0.0,0.15,skip,training_upload_trigger_not_confirmed,1785296078.3869128,1785296078386912805,1384746603610887,35.7,53.203125,-1.0,0,0
2026-07-28T23:34:38.388,10.42.0.59,10.42.0.1,7,1,DOWNLOAD,0.95,DOWNLOAD,0.95,-1,5840,4.892367905827183e-11,3,20440.0,0.0,3,0,1.0,0.0,2.1786930732344754,0,0,0,0,0,0,0,0,0.0225,0.0,0.0,0.0,0.15,skip,already_attacked_this_round,1785296078.3881977,1785296078388197757,1384746604895857,35.7,53.203125,-1.0,0,0
2026-07-28T23:34:38.389,10.42.0.59,10.42.0.1,7,1,DOWNLOAD,0.9383936729263812,DOWNLOAD,0.9383936729263812,0,43,4.892367905827183e-11,3,20440.0,0.0,3,0,1.0,0.0,3.6328475000426215,0,0,0,0,0,0,0,0,0.0225,0.0,0.0,0.0,0.15,skip,already_attacked_this_round,1785296078.3894832,1785296078389483367,1384746606181543,35.7,53.203125,-1.0,0,0
2026-07-28T23:34:38.390,10.42.0.59,10.42.0.1,7,1,DOWNLOAD,0.95,DOWNLOAD,0.95,-1,8760,3.424657534129292e-11,4,29200.0,0.0,4,0,1.0,0.0,3.1544171952131737,0,0,0,0,0,0,0,0,0.0225,0.0,0.0,0.0,0.15,skip,already_attacked_this_round,1785296078.39037,1785296078390369896,1384746607067955,35.7,53.203125,-1.0,0,0
2026-07-28T23:34:38.392,10.42.0.210,10.42.0.1,16,1,DOWNLOAD,0.9557926560077417,DOWNLOAD,0.9557926560077417,-1,1448,6.278252134211561e-11,3,15928.0,0.0,3,0,1.0,0.0,1.1791623381862342,0,0,0,0,0,0,0,0,0.0225,0.0,0.0,0.0,0.15,skip,training_upload_trigger_not_confirmed,1785296078.3921065,1785296078392106575,1384746608804668,35.7,53.203125,-1.0,0,0
2026-07-28T23:34:38.394,10.42.0.59,10.42.0.1,7,1,DOWNLOAD,0.95,DOWNLOAD,0.95,-1,14600,2.2831050227789245e-11,5,43800.0,0.0,5,0,1.0,0.0,2.7392463396364217,0,0,0,0,0,0,0,0,0.0225,0.0,0.0,0.0,0.15,skip,already_attacked_this_round,1785296078.3941703,1785296078394170246,1384746610868291,35.7,53.203125,-1.0,0,0
2026-07-28T23:34:38.399,10.42.0.145,10.42.0.1,10,1,DOWNLOAD,0.95,DOWNLOAD,0.95,-1,29200,1.7123287670939668e-11,3,58400.0,0.0,3,0,1.0,0.0,3.201636355449228,0,0,0,0,0,0,0,0,0.0225,0.0,0.0,0.0,0.15,skip,training_upload_trigger_not_confirmed,1785296078.3993688,1785296078399368592,1384746616066880,35.7,53.203125,-1.0,0,0
2026-07-28T23:34:38.400,10.42.0.145,10.42.0.1,10,1,DOWNLOAD,0.95,DOWNLOAD,0.95,-1,6184,1.5483711135645304e-11,4,64584.0,0.0,4,0,1.0,0.0,2.7799124568693823,0,0,0,0,0,0,0,0,0.0225,0.0,0.0,0.0,0.15,skip,training_upload_trigger_not_confirmed,1785296078.400659,1785296078400659107,1384746617357576,35.7,53.203125,-1.0,0,0
2026-07-28T23:34:38.405,10.42.0.18,10.42.0.1,15,1,DOWNLOAD,0.95,DOWNLOAD,0.95,-1,14600,1.7123287670939668e-11,6,58400.0,0.0,6,0,1.0,0.0,2.560147947710635,0,0,0,0,0,0,0,0,0.0225,0.0,0.0,0.0,0.15,skip,training_upload_trigger_not_confirmed,1785296078.4057498,1785296078405749639,1384746622448033,35.7,53.203125,-1.0,0,0
2026-07-28T23:34:38.407,10.42.0.18,10.42.0.1,15,1,DOWNLOAD,0.95,DOWNLOAD,0.95,-1,14600,1.369863013679865e-11,7,73000.0,0.0,7,0,1.0,0.0,2.223015630761436,0,0,0,0,0,0,0,0,0.0225,0.0,0.0,0.0,0.15,skip,training_upload_trigger_not_confirmed,1785296078.4074938,1785296078407494013,1384746624192400,35.7,53.203125,-1.0,0,0
2026-07-28T23:34:38.416,10.42.0.59,10.42.0.1,7,1,DOWNLOAD,0.95,DOWNLOAD,0.95,-1,14600,1.7123287670939668e-11,6,58400.0,0.0,6,0,1.0,0.0,2.3812588438609996,0,0,0,0,0,0,0,0,0.0225,0.0,0.0,0.0,0.15,skip,already_attacked_this_round,1785296078.4167485,1785296078416748509,1384746633447007,35.7,53.203125,-1.0,0,0
2026-07-28T23:34:38.426,10.42.0.59,10.42.0.1,7,1,DOWNLOAD,0.9569761874971355,DOWNLOAD,0.9569761874971355,-1,17520,1.3171759746928718e-11,7,75920.0,0.0,7,0,1.0,0.0,2.0687240047838173,0,0,0,0,0,0,0,0,0.0225,0.0,0.0,0.0,0.15,skip,already_attacked_this_round,1785296078.426267,1785296078426266932,1384746642965409,35.7,53.203125,-1.0,0,0
2026-07-28T23:34:38.442,10.42.0.18,10.42.0.1,15,1,DOWNLOAD,0.95,DOWNLOAD,0.95,-1,6201,1.2626103205608186e-11,8,79201.0,0.0,8,0,1.0,0.0,1.9347215195863852,0,0,0,0,0,0,0,0,0.0225,0.0,0.0,0.0,0.15,skip,training_upload_trigger_not_confirmed,1785296078.4427252,1785296078442725089,1384746659423400,35.7,53.203125,-1.0,0,0
2026-07-28T23:34:38.455,10.42.0.59,10.42.0.1,7,1,DOWNLOAD,0.9623623533571422,DOWNLOAD,0.9623623533571422,-1,3281,1.2626103205608186e-11,8,79201.0,0.0,8,0,1.0,0.0,1.799991202593775,0,0,0,0,0,0,0,0,0.0225,0.0,0.0,0.0,0.15,skip,already_attacked_this_round,1785296078.455652,1785296078455652143,1384746672350660,35.7,53.203125,-1.0,0,0
2026-07-28T23:34:38.543,10.42.0.210,10.42.0.1,16,1,DOWNLOAD,0.9846998846180315,DOWNLOAD,0.9846998846180315,-1,10136,3.8367096376674066e-11,4,26064.0,0.0,4,0,1.0,0.0,1.043688231223733,0,0,0,0,0,0,0,0,0.0225,0.0,0.0,0.0,0.15,skip,training_upload_trigger_not_confirmed,1785296078.5431933,1785296078543193239,1384746759891738,35.7,53.203125,-1.0,0,0
2026-07-28T23:34:38.543,10.42.0.210,10.42.0.1,16,1,DOWNLOAD,0.9854895428954357,DOWNLOAD,0.9854895428954357,0,43,3.8367096376674066e-11,4,26064.0,0.0,4,0,1.0,0.0,2.4815275707921636,0,0,0,0,0,0,0,0,0.0225,0.0,0.0,0.0,0.15,skip,training_upload_trigger_not_confirmed,1785296078.543972,1785296078543972003,1384746760670128,35.7,53.203125,-1.0,0,0
2026-07-28T23:34:38.545,10.42.0.210,10.42.0.1,16,1,DOWNLOAD,0.9855083405864443,DOWNLOAD,0.9855083405864443,-1,14480,2.4664561956771294e-11,5,40544.0,0.0,5,0,1.0,0.0,2.154872630871163,0,0,0,0,0,0,0,0,0.0225,0.0,0.0,0.0,0.15,skip,training_upload_trigger_not_confirmed,1785296078.545827,1785296078545826853,1384746762525084,35.7,53.203125,-1.0,0,0
2026-07-28T23:34:38.555,10.42.0.210,10.42.0.1,16,1,DOWNLOAD,0.9855087208476458,DOWNLOAD,0.9855087208476458,-1,17376,1.7265193369867658e-11,6,57920.0,0.0,6,0,1.0,0.0,1.8721759668303886,0,0,0,0,0,0,0,0,0.0225,0.0,0.0,0.0,0.15,skip,training_upload_trigger_not_confirmed,1785296078.5553927,1785296078555392818,1384746772091536,35.7,53.203125,-1.0,0,0
2026-07-28T23:34:38.573,10.42.0.210,10.42.0.1,16,1,DOWNLOAD,0.9855087261970161,DOWNLOAD,0.9855087261970161,-1,17376,1.3280917976874192e-11,7,75296.0,0.0,7,0,1.0,0.0,1.6278750704347373,0,0,0,0,0,0,0,0,0.0225,0.0,0.0,0.0,0.15,skip,training_upload_trigger_not_confirmed,1785296078.5736368,1785296078573636883,1384746790335748,35.7,53.203125,-1.0,0,0
2026-07-28T23:34:38.599,10.42.0.210,10.42.0.1,16,1,DOWNLOAD,0.9855087261721334,DOWNLOAD,0.9855087261721334,-1,3905,1.2626103205608186e-11,8,79201.0,0.0,8,0,1.0,0.0,1.4167824278139651,0,0,0,0,0,0,0,0,0.0225,0.0,0.0,0.0,0.15,skip,training_upload_trigger_not_confirmed,1785296078.5995882,1785296078599588034,1384746816287443,35.7,53.203125,-1.0,0,0
2026-07-28T23:34:38.755,10.42.0.145,,10,3,UPLOAD,0.95,UPLOAD,0.95,1,64240,0.994673603369338,5,64584.0,64240.0,4,1,0.5013351549400733,0.4986648450599267,2.463940280025653,0,0,0,1,1,1,1,1,0.9699999999999999,1.0,1.0,1.0,0.8,trigger,training_upload_trigger_confirmed,1785296078.7557423,1785296078755742084,1384746972441172,35.7,53.203125,11.150006,1785296078766893709,1384746983591178
2026-07-28T23:34:38.757,10.42.0.145,,10,3,UPLOAD,0.9841010226033655,UPLOAD,0.9841010226033655,1,3609,1.0505543168578817,6,64584.0,67849.0,4,2,0.487673012013622,0.512326987986378,2.1395318924943827,0,0,1,1,1,1,1,1,0.9699999999999999,1.0,1.0,1.0,0.8,skip,attack_already_active,1785296078.757837,1785296078757837172,1384746974538663,35.7,53.203125,-1.0,0,0
2026-07-28T23:34:38.760,10.42.0.1,10.42.0.1,16,3,UPLOAD,0.95,UPLOAD,0.95,1,7240,0.2661222332278386,42,298904.0,79545.0,25,17,0.7898131584440704,0.2101868415559296,0.03699551289473678,1,0,0,1,1,1,1,1,0.9699999999999999,1.0,1.0,1.0,0.8,trigger,training_upload_trigger_confirmed,1785296078.7603307,1785296078760330691,1384746977032062,35.7,53.203125,24.864259,1785296078785198975,1384747001896321
2026-07-28T23:34:38.761,10.42.0.1,10.42.0.1,16,3,UPLOAD,0.95,UPLOAD,0.95,1,7240,0.29034405695711546,43,298904.0,86785.0,25,18,0.7749871010062511,0.22501289899374885,0.03233581567194674,1,0,1,1,1,1,1,1,0.9699999999999999,1.0,1.0,1.0,0.8,skip,attack_already_active,1785296078.761965,1785296078761965037,1384746978665665,35.7,53.203125,-1.0,0,0
2026-07-28T23:34:38.764,10.42.0.1,10.42.0.1,16,3,UPLOAD,0.911464984812486,UPLOAD,0.911464984812486,0,43,0.29034405695711546,43,298904.0,86785.0,25,18,0.7749871010062511,0.22501289899374885,0.05022498496363731,1,0,1,1,1,1,1,1,0.8025,0.7500000000000001,1.0,0.6000000000000001,0.8,skip,attack_already_active,1785296078.7648592,1785296078764859183,1384746981558984,35.7,53.203125,-1.0,0,0
2026-07-28T23:34:38.766,10.42.0.1,10.42.0.1,16,3,UPLOAD,0.95,UPLOAD,0.95,1,14480,0.33878770441566924,44,298904.0,101265.0,25,19,0.7469444159842467,0.25305558401575334,0.04414818879818648,1,0,1,1,1,1,1,1,0.9699999999999999,1.0,1.0,1.0,0.8,skip,attack_already_active,1785296078.766075,1785296078766074969,1384746982774315,35.7,53.203125,-1.0,0,0
2026-07-28T23:34:38.767,10.42.0.1,10.42.0.1,16,3,UPLOAD,0.95,UPLOAD,0.95,1,14480,0.38723135187422303,45,298904.0,115745.0,25,20,0.720860293887119,0.279139706112881,0.03850448043208419,1,0,1,1,1,1,1,1,0.9699999999999999,1.0,1.0,1.0,0.8,skip,attack_already_active,1785296078.7673945,1785296078767394675,1384746984093898,35.7,53.203125,-1.0,0,0
2026-07-28T23:34:38.770,10.42.0.1,10.42.0.1,16,3,UPLOAD,0.95,UPLOAD,0.95,1,14480,0.4356749993327768,46,298904.0,130225.0,25,21,0.6965364727156635,0.3034635272843364,0.0338554629985009,1,0,1,1,1,1,1,1,0.9699999999999999,1.0,1.0,1.0,0.8,skip,attack_already_active,1785296078.770619,1785296078770618801,1384746987317867,35.7,53.203125,-1.0,0,0
2026-07-28T23:34:38.772,10.42.0.1,10.42.0.1,16,3,UPLOAD,0.95,UPLOAD,0.95,1,14480,0.4841186467913306,47,298904.0,144705.0,25,22,0.6738005766339277,0.3261994233660724,0.029628174749348687,1,0,1,1,1,1,1,1,0.9699999999999999,1.0,1.0,1.0,0.8,skip,attack_already_active,1785296078.7723947,1785296078772394849,1384746989094032,35.7,53.203125,-1.0,0,0
2026-07-28T23:34:38.774,10.42.0.1,10.42.0.1,16,3,UPLOAD,0.95,UPLOAD,0.95,1,7129,0.5079691138308354,48,298904.0,151834.0,25,23,0.6631435556797962,0.33685644432020373,0.025958155086011746,1,0,1,1,1,1,1,1,0.9699999999999999,1.0,1.0,1.0,0.8,skip,attack_already_active,1785296078.774172,1785296078774172109,1384746990871679,35.7,53.203125,-1.0,0,0
2026-07-28T23:34:38.779,10.42.0.59,10.42.0.1,7,3,UPLOAD,0.95,UPLOAD,0.95,1,64240,0.811100869940896,9,79201.0,64240.0,8,1,0.5521503614726613,0.4478496385273388,1.6142249653477663,0,0,0,1,1,1,1,1,0.9699999999999999,1.0,1.0,1.0,0.8,skip,already_attacked_this_round,1785296078.7797458,1785296078779745813,1384746996445152,35.7,53.203125,-1.0,0,0
2026-07-28T23:34:38.781,10.42.0.1,10.42.0.1,16,3,UPLOAD,0.95,UPLOAD,0.95,1,7240,0.5321909375601123,49,298904.0,159074.0,25,24,0.6526601714492836,0.34733982855071643,0.023514051152255137,1,0,1,1,1,1,1,1,0.9699999999999999,1.0,1.0,1.0,0.8,skip,attack_already_active,1785296078.7815826,1785296078781582558,1384746998282317,35.7,53.203125,-1.0,0,0
2026-07-28T23:34:38.782,10.42.0.1,10.42.0.1,16,3,UPLOAD,0.95,UPLOAD,0.95,1,7240,0.5564127612893892,50,298904.0,166314.0,25,25,0.6425030845754034,0.35749691542459666,0.020591280362231828,1,0,1,1,1,1,1,1,0.9699999999999999,1.0,1.0,1.0,0.8,skip,attack_already_active,1785296078.7829165,1785296078782916686,1384746999615721,35.7,53.203125,-1.0,0,0
2026-07-28T23:34:38.785,10.42.0.1,10.42.0.1,16,3,UPLOAD,0.8783175455743405,UPLOAD,0.8783175455743405,0,43,0.5564127612893892,50,298904.0,166314.0,25,25,0.6425030845754034,0.35749691542459666,0.02064475010128952,1,0,1,1,1,1,1,1,0.8025,0.7500000000000001,1.0,0.6000000000000001,0.8,skip,attack_already_active,1785296078.7858562,1785296078785856276,1384747002554949,35.7,53.203125,-1.0,0,0
2026-07-28T23:34:38.786,10.42.0.1,10.42.0.1,16,3,UPLOAD,0.95,UPLOAD,0.95,1,10136,0.5903233145103769,51,298904.0,176450.0,25,26,0.6288029552712294,0.3711970447287706,0.018456071417173994,1,0,1,1,1,1,1,1,0.9699999999999999,1.0,1.0,1.0,0.8,skip,attack_already_active,1785296078.786952,1785296078786951872,1384747003650519,35.7,53.203125,-1.0,0,0
2026-07-28T23:34:38.788,10.42.0.1,10.42.0.1,16,3,UPLOAD,0.95,UPLOAD,0.95,1,4344,0.604856408747943,52,298904.0,180794.0,25,27,0.623108705894125,0.37689129410587496,0.016173328282881944,1,0,1,1,1,1,1,1,0.9699999999999999,1.0,1.0,1.0,0.8,skip,attack_already_active,1785296078.788085,1785296078788085081,1384747004783782,35.7,53.203125,-1.0,0,0
2026-07-28T23:34:38.791,10.42.0.1,10.42.0.1,16,3,UPLOAD,0.95,UPLOAD,0.95,1,14480,0.6533000562064968,53,298904.0,195274.0,25,28,0.6048508836896827,0.39514911631031735,0.014470568154077936,1,0,1,1,1,1,1,1,0.9699999999999999,1.0,1.0,1.0,0.8,skip,attack_already_active,1785296078.7913365,1785296078791336557,1384747008034976,35.7,53.203125,-1.0,0,0
2026-07-28T23:34:38.792,10.42.0.1,10.42.0.1,16,3,UPLOAD,0.95,UPLOAD,0.95,1,14480,0.7017437036650506,54,298904.0,209754.0,25,29,0.5876325546831073,0.4123674453168927,0.012776915752726669,1,0,1,1,1,1,1,1,0.9699999999999999,1.0,1.0,1.0,0.8,skip,attack_already_active,1785296078.7929544,1785296078792954249,1384747009653018,35.7,53.203125,-1.0,0,0
2026-07-28T23:34:38.794,10.42.0.1,10.42.0.1,16,3,UPLOAD,0.95,UPLOAD,0.95,1,5792,0.721121162648472,55,298904.0,215546.0,25,30,0.5810166196909321,0.41898338030906795,0.011295290290902652,1,0,1,1,1,1,1,1,0.9699999999999999,1.0,1.0,1.0,0.8,skip,attack_already_active,1785296078.7944877,1785296078794487909,1384747011186772,35.7,53.203125,-1.0,0,0
2026-07-28T23:34:38.796,10.42.0.1,10.42.0.1,16,3,UPLOAD,0.95,UPLOAD,0.95,1,7240,0.7453429863777489,56,298904.0,222786.0,25,31,0.5729532864344726,0.4270467135655274,0.010013806364383836,1,0,1,1,1,1,1,1,0.9699999999999999,1.0,1.0,1.0,0.8,skip,attack_already_active,1785296078.7960582,1785296078796058093,1384747012757124,35.7,53.203125,-1.0,0,0
2026-07-28T23:34:38.798,10.42.0.1,10.42.0.1,16,3,UPLOAD,0.95,UPLOAD,0.95,1,8576,0.7740344726073454,57,298904.0,231362.0,25,32,0.5636869043084037,0.4363130956915963,0.009031477597779346,1,0,1,1,1,1,1,1,0.9699999999999999,1.0,1.0,1.0,0.8,skip,attack_already_active,1785296078.7986174,1785296078798617286,1384747015317622,35.7,53.203125,-1.0,0,0
2026-07-28T23:34:38.861,10.42.0.18,10.42.0.1,15,3,UPLOAD,0.95,UPLOAD,0.95,1,1460,0.018434110692814056,9,79201.0,1460.0,8,1,0.9818995549274122,0.018100445072587745,1.7426152374580781,0,0,0,1,1,1,1,1,0.9174999999999999,0.85,1.0,1.0,0.8,trigger,training_upload_trigger_confirmed,1785296078.861219,1785296078861218823,1384747077917955,35.7,53.203125,49.794323,1785296078911015046,1384747127712278
2026-07-28T23:34:38.862,10.42.0.18,10.42.0.1,15,3,UPLOAD,0.9841010226033655,UPLOAD,0.9841010226033655,1,1460,0.036868221373002004,10,79201.0,2920.0,8,2,0.9644427125826525,0.03555728741734757,1.5130971799515902,0,0,1,1,1,1,1,1,0.9699999999999999,1.0,1.0,1.0,0.8,skip,attack_already_active,1785296078.862085,1785296078862085241,1384747078784166,85.3,53.20703125,-1.0,0,0
2026-07-28T23:34:38.863,10.42.0.18,10.42.0.1,15,3,UPLOAD,0.9854688349332961,UPLOAD,0.9854688349332961,1,1460,0.05530233205318996,11,79201.0,4380.0,8,3,0.9475957454445388,0.05240425455546117,1.3138860434162096,0,0,1,1,1,1,1,1,0.9699999999999999,1.0,1.0,1.0,0.8,skip,attack_already_active,1785296078.863424,1785296078863423891,1384747080123324,85.3,53.20703125,-1.0,0,0
2026-07-28T23:34:38.864,10.42.0.18,10.42.0.1,15,3,UPLOAD,0.9855076450773014,UPLOAD,0.9855076450773014,1,1460,0.07373644273337791,12,79201.0,5840.0,8,4,0.9313272421537846,0.06867275784621535,1.1408520174925645,0,0,1,1,1,1,1,1,0.9699999999999999,1.0,1.0,1.0,0.8,skip,attack_already_active,1785296078.8642027,1785296078864202842,1384747080901520,85.3,53.20703125,-1.0,0,0
2026-07-28T23:34:38.865,10.42.0.18,10.42.0.1,15,3,UPLOAD,0.9855086980780915,UPLOAD,0.9855086980780915,1,1460,0.09217055341356586,13,79201.0,7300.0,8,5,0.9156079120472596,0.08439208795274043,0.9906997615001794,0,0,1,1,1,1,1,1,0.9699999999999999,1.0,1.0,1.0,0.8,skip,attack_already_active,1785296078.8655908,1785296078865590878,1384747082290079,85.3,53.20703125,-1.0,0,0
2026-07-28T23:34:38.866,10.42.0.18,10.42.0.1,15,3,UPLOAD,0.9855087254685951,UPLOAD,0.9855087254685951,1,1460,0.11060466409375382,14,79201.0,8760.0,8,6,0.9004104091586044,0.09958959084139561,0.8602665687027646,0,0,1,1,1,1,1,1,0.9699999999999999,1.0,1.0,1.0,0.8,skip,attack_already_active,1785296078.8664691,1785296078866469203,1384747083167509,85.3,53.20703125,-1.0,0,0
2026-07-28T23:34:38.867,10.42.0.18,10.42.0.1,15,3,UPLOAD,0.9855087261493067,UPLOAD,0.9855087261493067,1,1460,0.12903877477394177,15,79201.0,10220.0,8,7,0.8857091734603728,0.11429082653962716,0.7470803625513323,0,0,1,1,1,1,1,1,0.9699999999999999,1.0,1.0,1.0,0.8,skip,attack_already_active,1785296078.867797,1785296078867796882,1384747084494924,85.3,53.20703125,-1.0,0,0
2026-07-28T23:34:38.868,10.42.0.18,10.42.0.1,15,3,UPLOAD,0.9855087261653082,UPLOAD,0.9855087261653082,1,1460,0.14747288545412973,16,79201.0,11680.0,8,8,0.8714802874088093,0.1285197125911907,0.6487203913690742,0,0,1,1,1,1,1,1,0.9699999999999999,1.0,1.0,1.0,0.8,skip,attack_already_active,1785296078.8684506,1785296078868450626,1384747085148754,85.3,53.20703125,-1.0,0,0
2026-07-28T23:34:38.869,10.42.0.18,10.42.0.1,15,3,UPLOAD,0.985508726165656,UPLOAD,0.985508726165656,1,1460,0.16590699613431767,17,79201.0,13140.0,8,9,0.8577013460976164,0.14229865390238355,0.5633863788989919,0,0,1,1,1,1,1,1,0.9699999999999999,1.0,1.0,1.0,0.8,skip,attack_already_active,1785296078.8695948,1785296078869594807,1384747086292969,85.3,53.20703125,-1.0,0,0
2026-07-28T23:34:38.870,10.42.0.18,10.42.0.1,15,3,UPLOAD,0.9855087261656625,UPLOAD,0.9855087261656625,1,1460,0.18434110681450563,18,79201.0,14600.0,8,10,0.844351339537958,0.15564866046204198,0.4892356951626745,0,0,1,1,1,1,1,1,0.9699999999999999,1.0,1.0,1.0,0.8,skip,attack_already_active,1785296078.8702722,1785296078870272215,1384747086970288,85.3,53.20703125,-1.0,0,0
2026-07-28T23:34:38.871,10.42.0.18,10.42.0.1,15,3,UPLOAD,0.9855087261656628,UPLOAD,0.9855087261656628,1,1460,0.20277521749469357,19,79201.0,16060.0,8,11,0.8314105457637438,0.16858945423625618,0.4248892295766,0,0,1,1,1,1,1,1,0.9699999999999999,1.0,1.0,1.0,0.8,skip,attack_already_active,1785296078.8712003,1785296078871200260,1384747087898354,85.3,53.20703125,-1.0,0,0
2026-07-28T23:34:38.871,10.42.0.18,10.42.0.1,15,3,UPLOAD,0.9855087261656628,UPLOAD,0.9855087261656628,1,1460,0.22120932817488154,20,79201.0,17520.0,8,12,0.8188604336183456,0.18113956638165446,0.3689850383531151,0,0,1,1,1,1,1,1,0.9699999999999999,1.0,1.0,1.0,0.8,skip,attack_already_active,1785296078.871848,1785296078871848070,1384747088546254,85.3,53.20703125,-1.0,0,0
2026-07-28T23:34:38.872,10.42.0.18,10.42.0.1,15,3,UPLOAD,0.9855087261656628,UPLOAD,0.9855087261656628,1,1460,0.2396434388550695,21,79201.0,18980.0,8,13,0.8066835742149703,0.1933164257850297,0.3204822771308017,0,0,1,1,1,1,1,1,0.9699999999999999,1.0,1.0,1.0,0.8,skip,attack_already_active,1785296078.872759,1785296078872758952,1384747089457196,85.3,53.20703125,-1.0,0,0
2026-07-28T23:34:38.873,10.42.0.18,10.42.0.1,15,3,UPLOAD,0.9855087261656628,UPLOAD,0.9855087261656628,1,1460,0.25807754953525747,22,79201.0,20440.0,8,14,0.79486356018105,0.20513643981895002,0.2783339945449158,0,0,1,1,1,1,1,1,0.9699999999999999,1.0,1.0,1.0,0.8,skip,attack_already_active,1785296078.8733897,1785296078873389944,1384747090087974,85.3,53.20703125,-1.0,0,0
2026-07-28T23:34:38.874,10.42.0.18,10.42.0.1,15,3,UPLOAD,0.9855087261656628,UPLOAD,0.9855087261656628,1,1460,0.2765116602154454,23,79201.0,21900.0,8,15,0.7833849318997834,0.2166150681002166,0.24177085139640628,0,0,1,1,1,1,1,1,0.9699999999999999,1.0,1.0,1.0,0.8,skip,attack_already_active,1785296078.8742561,1785296078874256254,1384747090954297,85.3,53.20703125,-1.0,0,0
2026-07-28T23:34:38.874,10.42.0.18,10.42.0.1,15,3,UPLOAD,0.9855087261656628,UPLOAD,0.9855087261656628,1,1460,0.29494577089563334,24,79201.0,23360.0,8,16,0.772233110051579,0.22776688994842095,0.20999434811440396,0,0,1,1,1,1,1,1,0.9699999999999999,1.0,1.0,1.0,0.8,skip,attack_already_active,1785296078.874884,1785296078874883933,1384747091581919,85.3,53.20703125,-1.0,0,0
2026-07-28T23:34:38.875,10.42.0.18,10.42.0.1,15,3,UPLOAD,0.9855087261656628,UPLOAD,0.9855087261656628,1,1460,0.3133798815758213,25,79201.0,24820.0,8,17,0.7613943338364368,0.23860566616356313,0.18244532821381207,0,0,1,1,1,1,1,1,0.9699999999999999,1.0,1.0,1.0,0.8,skip,attack_already_active,1785296078.8758163,1785296078875816500,1384747092514658,85.3,53.20703125,-1.0,0,0
2026-07-28T23:34:38.876,10.42.0.18,10.42.0.1,15,3,UPLOAD,0.9855087261656628,UPLOAD,0.9855087261656628,1,1460,0.33181399225600927,26,79201.0,26280.0,8,18,0.7508556043268456,0.2491443956731544,0.15848616289488837,0,0,1,1,1,1,1,1,0.9699999999999999,1.0,1.0,1.0,0.8,skip,attack_already_active,1785296078.8764422,1785296078876442161,1384747093140264,85.3,53.20703125,-1.0,0,0
2026-07-28T23:34:38.877,10.42.0.18,10.42.0.1,15,3,UPLOAD,0.9855087261656628,UPLOAD,0.9855087261656628,1,1460,0.3502481029361972,27,79201.0,27740.0,8,19,0.7406046324608897,0.25939536753911036,0.13772463815729194,0,0,1,1,1,1,1,1,0.9699999999999999,1.0,1.0,1.0,0.8,skip,attack_already_active,1785296078.877375,1785296078877374995,1384747094073592,85.3,53.20703125,-1.0,0,0
2026-07-28T23:34:38.878,10.42.0.18,10.42.0.1,15,3,UPLOAD,0.9855087261656628,UPLOAD,0.9855087261656628,1,1460,0.36868221361638515,28,79201.0,29200.0,8,20,0.7306297912380882,0.2693702087619118,0.11966099999542734,0,0,1,1,1,1,1,1,0.9699999999999999,1.0,1.0,1.0,0.8,skip,attack_already_active,1785296078.8780196,1785296078878019516,1384747094717635,85.3,53.20703125,-1.0,0,0
2026-07-28T23:34:38.878,10.42.0.18,10.42.0.1,15,3,UPLOAD,0.9855087261656628,UPLOAD,0.9855087261656628,1,1460,0.3871163242965731,29,79201.0,30660.0,8,21,0.7209200717270005,0.27907992827299954,0.1040157033094618,0,0,1,1,1,1,1,1,0.9699999999999999,1.0,1.0,1.0,0.8,skip,attack_already_active,1785296078.8789527,1785296078878952603,1384747095650705,85.3,53.20703125,-1.0,0,0
2026-07-28T23:34:38.879,10.42.0.18,10.42.0.1,15,3,UPLOAD,0.9855087261656628,UPLOAD,0.9855087261656628,1,1460,0.4055504349767611,30,79201.0,32120.0,8,22,0.711465042534652,0.28853495746534796,0.09039225133411333,0,0,1,1,1,1,1,1,0.9699999999999999,1.0,1.0,1.0,0.8,skip,attack_already_active,1785296078.8795838,1785296078879583721,1384747096281959,85.3,53.20703125,-1.0,0,0
2026-07-28T23:34:38.880,10.42.0.18,10.42.0.1,15,3,UPLOAD,0.9855087261656628,UPLOAD,0.9855087261656628,1,1460,0.423984545656949,31,79201.0,33580.0,8,23,0.7022548124240785,0.2977451875759215,0.07864303747211912,0,0,1,1,1,1,1,1,0.9699999999999999,1.0,1.0,1.0,0.8,skip,attack_already_active,1785296078.8808146,1785296078880814678,1384747097513113,85.3,53.20703125,-1.0,0,0
2026-07-28T23:34:38.881,10.42.0.18,10.42.0.1,15,3,UPLOAD,0.9855087261656628,UPLOAD,0.9855087261656628,1,1460,0.44241865633713695,32,79201.0,35040.0,8,24,0.6932799957983561,0.3067200042016439,0.06837002974012867,0,0,1,1,1,1,1,1,0.9699999999999999,1.0,1.0,1.0,0.8,skip,attack_already_active,1785296078.8814986,1785296078881498712,1384747098196893,85.3,53.20703125,-1.0,0,0
2026-07-28T23:34:38.882,10.42.0.18,10.42.0.1,15,3,UPLOAD,0.9855087261656628,UPLOAD,0.9855087261656628,1,1460,0.4608527670173249,33,79201.0,36500.0,8,25,0.6845316807979188,0.31546831920208124,0.05947531061549111,0,0,1,1,1,1,1,1,0.9699999999999999,1.0,1.0,1.0,0.8,skip,attack_already_active,1785296078.882369,1785296078882369072,1384747099067125,85.3,53.20703125,-1.0,0,0
2026-07-28T23:34:38.883,10.42.0.18,10.42.0.1,15,3,UPLOAD,0.9855087261656628,UPLOAD,0.9855087261656628,1,1460,0.4792868776975129,34,79201.0,37960.0,8,26,0.6760013997832043,0.3239986002167957,0.05172145940179685,0,0,1,1,1,1,1,1,0.9699999999999999,1.0,1.0,1.0,0.8,skip,attack_already_active,1785296078.8830025,1785296078883002629,1384747099700691,85.3,53.20703125,-1.0,0,0
2026-07-28T23:34:38.883,10.42.0.18,10.42.0.1,15,3,UPLOAD,0.9855087261656628,UPLOAD,0.9855087261656628,1,1460,0.49772098837770085,35,79201.0,39420.0,8,27,0.6676811019971168,0.3323188980028831,0.04502210482868289,0,0,1,1,1,1,1,1,0.9699999999999999,1.0,1.0,1.0,0.8,skip,attack_already_active,1785296078.8838844,1785296078883884591,1384747100582652,85.3,53.20703125,-1.0,0,0
2026-07-28T23:34:38.884,10.42.0.18,10.42.0.1,15,3,UPLOAD,0.9855087261656628,UPLOAD,0.9855087261656628,1,1460,0.5161550990578888,36,79201.0,40880.0,8,28,0.6595631282217836,0.34043687177821635,0.03917017806136758,0,0,1,1,1,1,1,1,0.9699999999999999,1.0,1.0,1.0,0.8,skip,attack_already_active,1785296078.884498,1785296078884497879,1384747101195955,85.3,53.20703125,-1.0,0,0
2026-07-28T23:34:38.885,10.42.0.18,10.42.0.1,15,3,UPLOAD,0.9855087261656628,UPLOAD,0.9855087261656628,1,1460,0.5345892097380768,37,79201.0,42340.0,8,29,0.6516401872619116,0.34835981273808836,0.03413365306678782,0,0,1,1,1,1,1,1,0.9699999999999999,1.0,1.0,1.0,0.8,skip,attack_already_active,1785296078.8854473,1785296078885447293,1384747102145311,85.3,53.20703125,-1.0,0,0
2026-07-28T23:34:38.886,10.42.0.18,10.42.0.1,15,3,UPLOAD,0.9855087261656628,UPLOAD,0.9855087261656628,1,1460,0.5530233204182646,38,79201.0,43800.0,8,30,0.6439053341029748,0.3560946658970252,0.02976103340027544,0,0,1,1,1,1,1,1,0.9699999999999999,1.0,1.0,1.0,0.8,skip,attack_already_active,1785296078.8863983,1785296078886398305,1384747103096438,85.3,53.20703125,-1.0,0,0
2026-07-28T23:34:38.887,10.42.0.18,10.42.0.1,15,3,UPLOAD,0.9855087261656628,UPLOAD,0.9855087261656628,1,1460,0.5714574310984526,39,79201.0,45260.0,8,31,0.6363519496067042,0.3636480503932959,0.025970519854070565,0,0,1,1,1,1,1,1,0.9699999999999999,1.0,1.0,1.0,0.8,skip,attack_already_active,1785296078.8873942,1785296078887394370,1384747104092660,85.3,53.20703125,-1.0,0,0
2026-07-28T23:34:38.888,10.42.0.18,10.42.0.1,15,3,UPLOAD,0.9855087261656628,UPLOAD,0.9855087261656628,1,1460,0.5898915417786406,40,79201.0,46720.0,8,32,0.6289737216191104,0.3710262783808896,0.022636205927190105,0,0,1,1,1,1,1,1,0.9699999999999999,1.0,1.0,1.0,0.8,skip,attack_already_active,1785296078.8880615,1785296078888061440,1384747104759598,85.3,53.20703125,-1.0,0,0
2026-07-28T23:34:38.888,10.42.0.18,10.42.0.1,15,3,UPLOAD,0.9855087261656628,UPLOAD,0.9855087261656628,1,1460,0.6083256524588285,41,79201.0,48180.0,8,33,0.6217646273777094,0.3782353726222906,0.01977438347241249,0,0,1,1,1,1,1,1,0.9699999999999999,1.0,1.0,1.0,0.8,skip,attack_already_active,1785296078.8889802,1785296078888980145,1384747105678323,85.3,53.20703125,-1.0,0,0
2026-07-28T23:34:38.889,10.42.0.18,10.42.0.1,15,3,UPLOAD,0.9855087261656628,UPLOAD,0.9855087261656628,1,1460,0.6267597631390165,42,79201.0,49640.0,8,34,0.6147189171148936,0.38528108288510643,0.01725527400901439,0,0,1,1,1,1,1,1,0.9699999999999999,1.0,1.0,1.0,0.8,skip,attack_already_active,1785296078.8896377,1785296078889637553,1384747106335667,85.3,53.20703125,-1.0,0,0
2026-07-28T23:34:38.890,10.42.0.18,10.42.0.1,15,3,UPLOAD,0.9855087261656628,UPLOAD,0.9855087261656628,1,1460,0.6451938738192045,43,79201.0,51100.0,8,35,0.607831098763632,0.3921689012363681,0.015104625970604389,0,0,1,1,1,1,1,1,0.9699999999999999,1.0,1.0,1.0,0.8,skip,attack_already_active,1785296078.8905723,1785296078890572326,1384747107270576,85.3,53.20703125,-1.0,0,0
2026-07-28T23:34:38.891,10.42.0.18,10.42.0.1,15,3,UPLOAD,0.9855087261656628,UPLOAD,0.9855087261656628,1,1460,0.6636279844993924,44,79201.0,52560.0,8,36,0.6010959236799963,0.39890407632000363,0.013208097342144207,0,0,1,1,1,1,1,1,0.9699999999999999,1.0,1.0,1.0,0.8,skip,attack_already_active,1785296078.8912847,1785296078891284710,1384747107982895,85.3,53.20703125,-1.0,0,0
2026-07-28T23:34:38.892,10.42.0.18,10.42.0.1,15,3,UPLOAD,0.9855087261656628,UPLOAD,0.9855087261656628,1,1460,0.6820620951795804,45,79201.0,54020.0,8,37,0.594508373304509,0.40549162669549094,0.011592617490515506,0,0,1,1,1,1,1,1,0.9699999999999999,1.0,1.0,1.0,0.8,skip,attack_already_active,1785296078.8922334,1785296078892233364,1384747108931621,85.3,53.20703125,-1.0,0,0
2026-07-28T23:34:38.892,10.42.0.18,10.42.0.1,15,3,UPLOAD,0.9855087261656628,UPLOAD,0.9855087261656628,1,1460,0.7004962058597684,46,79201.0,55480.0,8,38,0.58806364669107,0.41193635330892997,0.010157185369889556,0,0,1,1,1,1,1,1,0.9699999999999999,1.0,1.0,1.0,0.8,skip,attack_already_active,1785296078.892933,1785296078892932777,1384747109630972,85.3,53.20703125,-1.0,0,0
2026-07-28T23:34:38.894,10.42.0.18,10.42.0.1,15,3,UPLOAD,0.9855087261656628,UPLOAD,0.9855087261656628,1,1460,0.7189303165399562,47,79201.0,56940.0,8,39,0.5817571488383367,0.41824285116166326,0.008961834292129848,0,0,1,1,1,1,1,1,0.9699999999999999,1.0,1.0,1.0,0.8,skip,attack_already_active,1785296078.894019,1785296078894018916,1384747110717702,85.3,53.20703125,-1.0,0,0
2026-07-28T23:34:38.895,10.42.0.18,10.42.0.1,15,3,UPLOAD,0.9855087261656628,UPLOAD,0.9855087261656628,1,1460,0.7373644272201442,48,79201.0,58400.0,8,40,0.5755844797639552,0.4244155202360448,0.007925979268998027,0,0,1,1,1,1,1,1,0.9699999999999999,1.0,1.0,1.0,0.8,skip,attack_already_active,1785296078.89512,1785296078895119880,1384747111819022,85.3,53.20703125,-1.0,0,0
2026-07-28T23:34:38.896,10.42.0.18,10.42.0.1,15,3,UPLOAD,0.9855087261656628,UPLOAD,0.9855087261656628,1,1460,0.7557985379003321,49,79201.0,59860.0,8,41,0.5695414242670482,0.4304585757329517,0.0070247070249021245,0,0,1,1,1,1,1,1,0.9699999999999999,1.0,1.0,1.0,0.8,skip,attack_already_active,1785296078.8962064,1785296078896206418,1384747112905171,85.3,53.20703125,-1.0,0,0
2026-07-28T23:34:38.896,10.42.0.18,10.42.0.1,15,3,UPLOAD,0.9855087261656628,UPLOAD,0.9855087261656628,1,1460,0.7742326485805201,50,79201.0,61320.0,8,42,0.5636239423289046,0.43637605767109544,0.006203336027253134,0,0,1,1,1,1,1,1,0.9699999999999999,1.0,1.0,1.0,0.8,skip,attack_already_active,1785296078.896998,1785296078896997792,1384747113696486,85.3,53.20703125,-1.0,0,0
2026-07-28T23:34:38.898,10.42.0.18,10.42.0.1,15,3,UPLOAD,0.9855087261656628,UPLOAD,0.9855087261656628,1,1460,0.7926667592607081,51,79201.0,62780.0,8,43,0.5578281601059296,0.44217183989407033,0.00556777051859244,0,0,1,1,1,1,1,1,0.9699999999999999,1.0,1.0,1.0,0.8,skip,attack_already_active,1785296078.8983781,1785296078898378295,1384747115077453,85.3,53.20703125,-1.0,0,0
2026-07-28T23:34:38.899,10.42.0.18,10.42.0.1,15,3,UPLOAD,0.9855087261656628,UPLOAD,0.9855087261656628,1,1460,0.811100869940896,52,79201.0,64240.0,8,44,0.5521503614726613,0.4478496385273388,0.004935747486664381,0,0,1,1,1,1,1,1,0.9699999999999999,1.0,1.0,1.0,0.8,skip,attack_already_active,1785296078.8991497,1785296078899149681,1384747115847938,85.3,53.20703125,-1.0,0,0
2026-07-28T23:34:38.900,10.42.0.18,10.42.0.1,15,3,UPLOAD,0.9855087261656628,UPLOAD,0.9855087261656628,1,1460,0.8295349806210839,53,79201.0,65700.0,8,45,0.5465869800760519,0.45341301992394806,0.004432752807254605,0,0,1,1,1,1,1,1,0.9699999999999999,1.0,1.0,1.0,0.8,skip,attack_already_active,1785296078.9002683,1785296078900268225,1384747116966973,85.3,53.20703125,-1.0,0,0
2026-07-28T23:34:38.901,10.42.0.18,10.42.0.1,15,3,UPLOAD,0.9855087261656628,UPLOAD,0.9855087261656628,1,1460,0.8479690913012718,54,79201.0,67160.0,8,46,0.5411345918653193,0.4588654081346807,0.003952495355015296,0,0,1,1,1,1,1,1,0.9699999999999999,1.0,1.0,1.0,0.8,skip,attack_already_active,1785296078.9010565,1785296078901056508,1384747117755197,85.3,53.20703125,-1.0,0,0
2026-07-28T23:34:38.902,10.42.0.18,10.42.0.1,15,3,UPLOAD,0.9855087261656628,UPLOAD,0.9855087261656628,1,1460,0.8664032019814598,55,79201.0,68620.0,8,47,0.5357899080644833,0.4642100919355166,0.0035796023001252054,0,0,1,1,1,1,1,1,0.9699999999999999,1.0,1.0,1.0,0.8,skip,attack_already_active,1785296078.9021792,1785296078902179391,1384747118878182,85.3,53.20703125,-1.0,0,0
2026-07-28T23:34:38.903,10.42.0.18,10.42.0.1,15,3,UPLOAD,0.9855087261656628,UPLOAD,0.9855087261656628,1,1460,0.8848373126616478,56,79201.0,70080.0,8,48,0.5305497685572845,0.4694502314427154,0.0032203452752383103,0,0,1,1,1,1,1,1,0.9699999999999999,1.0,1.0,1.0,0.8,skip,attack_already_active,1785296078.9030325,1785296078903032492,1384747119731641,85.3,53.20703125,-1.0,0,0
2026-07-28T23:34:38.904,10.42.0.18,10.42.0.1,15,3,UPLOAD,0.9855087261656628,UPLOAD,0.9855087261656628,1,1460,0.9032714233418356,57,79201.0,71540.0,8,49,0.5254111356565234,0.4745888643434766,0.0029470412388630245,0,0,1,1,1,1,1,1,0.9699999999999999,1.0,1.0,1.0,0.8,skip,attack_already_active,1785296078.9041789,1785296078904178863,1384747120877551,85.3,53.20703125,-1.0,0,0
2026-07-28T23:34:38.905,10.42.0.18,10.42.0.1,15,3,UPLOAD,0.9855087261656628,UPLOAD,0.9855087261656628,1,1460,0.9217055340220236,58,79201.0,73000.0,8,50,0.520371088232009,0.479628911767991,0.002670825436983558,0,0,1,1,1,1,1,1,0.9699999999999999,1.0,1.0,1.0,0.8,skip,attack_already_active,1785296078.9050298,1785296078905030004,1384747121728761,85.3,53.20703125,-1.0,0,0
2026-07-28T23:34:38.906,10.42.0.18,10.42.0.1,15,3,UPLOAD,0.9855087261656628,UPLOAD,0.9855087261656628,1,1460,0.9401396447022116,59,79201.0,74460.0,8,51,0.5154268161732646,0.4845731838267355,0.0024709080273124444,0,0,1,1,1,1,1,1,0.9699999999999999,1.0,1.0,1.0,0.8,skip,attack_already_active,1785296078.9061835,1785296078906183504,1384747122882231,85.3,53.20703125,-1.0,0,0
2026-07-28T23:34:38.907,10.42.0.18,10.42.0.1,15,3,UPLOAD,0.9855087261656628,UPLOAD,0.9855087261656628,1,1460,0.9585737553823995,60,79201.0,75920.0,8,52,0.5105756151649358,0.48942438483506423,0.0022593823103170116,0,0,1,1,1,1,1,1,0.9699999999999999,1.0,1.0,1.0,0.8,skip,attack_already_active,1785296078.9070492,1785296078907049323,1384747123747769,85.3,53.20703125,-1.0,0,0
2026-07-28T23:34:38.908,10.42.0.18,10.42.0.1,15,3,UPLOAD,0.9855087261656628,UPLOAD,0.9855087261656628,1,1460,0.9770078660625875,61,79201.0,77380.0,8,53,0.5058148817544913,0.4941851182455087,0.0021582325890219423,0,0,1,1,1,1,1,1,0.9699999999999999,1.0,1.0,1.0,0.8,skip,attack_already_active,1785296078.908541,1785296078908541023,1384747125240210,85.3,53.20703125,-1.0,0,0
2026-07-28T23:34:38.909,10.42.0.18,10.42.0.1,15,3,UPLOAD,0.9855087261656628,UPLOAD,0.9855087261656628,1,1460,0.9954419767427755,62,79201.0,78840.0,8,54,0.5011421086933138,0.49885789130668623,0.0019877210069205024,0,0,1,1,1,1,1,1,0.9699999999999999,1.0,1.0,1.0,0.8,skip,attack_already_active,1785296078.9094052,1785296078909405214,1384747126103707,85.3,53.20703125,-1.0,0,0
2026-07-28T23:34:38.910,10.42.0.18,10.42.0.1,15,3,UPLOAD,0.9855087261656628,UPLOAD,0.9855087261656628,1,688,1.0041287357482338,63,79201.0,79528.0,8,55,0.49896994248058013,0.5010300575194199,0.0018858307784579897,0,0,1,1,1,1,1,1,0.9699999999999999,1.0,1.0,1.0,0.8,skip,attack_already_active,1785296078.9106197,1785296078910619725,1384747127318456,85.3,53.20703125,-1.0,0,0
2026-07-28T23:34:38.911,10.42.0.1,10.42.0.1,16,3,UPLOAD,0.95,UPLOAD,0.95,1,7240,0.7498126488780685,56,298904.0,224122.0,25,31,0.5714897538554489,0.42851024614455113,0.017044576575485075,1,0,1,1,1,1,1,1,0.9699999999999999,1.0,1.0,1.0,0.8,skip,attack_already_active,1785296078.9115999,1785296078911599960,1384747128298736,85.3,53.20703125,-1.0,0,0
2026-07-28T23:34:38.912,10.42.0.1,10.42.0.1,16,3,UPLOAD,0.95,UPLOAD,0.95,1,7240,0.7740344726073454,57,298904.0,231362.0,25,32,0.5636869043084037,0.4363130956915963,0.014910948300742615,1,0,1,1,1,1,1,1,0.9699999999999999,1.0,1.0,1.0,0.8,skip,attack_already_active,1785296078.912453,1785296078912452776,1384747129151477,85.3,53.20703125,-1.0,0,0
2026-07-28T23:34:38.913,10.42.0.1,10.42.0.1,16,3,UPLOAD,0.7684074356707769,UPLOAD,0.7684074356707769,0,43,0.7740344726073454,57,298904.0,231362.0,25,32,0.5636869043084037,0.4363130956915963,0.029776787917655395,1,0,1,1,1,1,1,1,0.8025,0.7500000000000001,1.0,0.6000000000000001,0.8,skip,attack_already_active,1785296078.91358,1785296078913580106,1384747130278935,85.3,53.20703125,-1.0,0,0
2026-07-28T23:34:38.914,10.42.0.1,10.42.0.1,16,3,UPLOAD,0.95,UPLOAD,0.95,1,14480,0.8224781200658992,58,298904.0,245842.0,25,33,0.5487034324253872,0.45129656757461273,0.026116874353131637,1,0,1,1,1,1,1,1,0.9699999999999999,1.0,1.0,1.0,0.8,skip,attack_already_active,1785296078.9144557,1785296078914455606,1384747131154536,85.3,53.20703125,-1.0,0,0
2026-07-28T23:34:38.915,10.42.0.1,10.42.0.1,16,3,UPLOAD,0.95,UPLOAD,0.95,1,14480,0.8709217675244529,59,298904.0,260322.0,25,34,0.5344958925371853,0.4655041074628147,0.022793089829930807,1,0,1,1,1,1,1,1,0.9699999999999999,1.0,1.0,1.0,0.8,skip,attack_already_active,1785296078.9153492,1785296078915349329,1384747132048080,85.3,53.20703125,-1.0,0,0
2026-07-28T23:34:38.917,10.42.0.1,10.42.0.1,16,3,UPLOAD,0.95,UPLOAD,0.95,1,14480,0.9193654149830067,60,298904.0,274802.0,25,35,0.5210055324504188,0.47899446754958114,0.020134883483423415,1,0,1,1,1,1,1,1,0.9699999999999999,1.0,1.0,1.0,0.8,skip,attack_already_active,1785296078.91797,1785296078917969935,1384747134668333,85.3,53.20703125,-1.0,0,0
2026-07-28T23:34:40.542,10.42.0.210,10.42.0.1|10.42.0.210,16,3,UPLOAD,0.95,UPLOAD,0.95,1,1448,100.0,1,0.0,1448.0,0,1,0.0,1.0,1.4934615921457222,1,0,0,1,1,1,1,1,0.9525,0.95,1.0,1.0,0.8,trigger,training_upload_trigger_confirmed,1785296080.5426514,1785296080542651499,1384748759350644,8.9,53.234375,8.167093,1785296080550820429,1384748767517737
2026-07-28T23:34:40.543,10.42.0.210,10.42.0.1|10.42.0.210,16,3,UPLOAD,0.9841010226033655,UPLOAD,0.9841010226033655,1,1448,100.0,2,0.0,2896.0,0,2,0.0,1.0,1.2967937517836476,1,0,1,1,1,1,1,1,0.9699999999999999,1.0,1.0,1.0,0.8,skip,attack_already_active,1785296080.5436552,1785296080543655157,1384748760353965,8.9,53.234375,-1.0,0,0
2026-07-28T23:34:40.545,10.42.0.210,10.42.0.1|10.42.0.210,16,3,UPLOAD,0.9854688349332961,UPLOAD,0.9854688349332961,1,1448,100.0,3,0.0,4344.0,0,3,0.0,1.0,1.126207564498306,1,0,1,1,1,1,1,1,0.9699999999999999,1.0,1.0,1.0,0.8,skip,attack_already_active,1785296080.5459175,1785296080545917496,1384748762616553,8.9,53.234375,-1.0,0,0
2026-07-28T23:34:40.547,10.42.0.210,10.42.0.1|10.42.0.210,16,3,UPLOAD,0.9855076450773014,UPLOAD,0.9855076450773014,1,1448,100.0,4,0.0,5792.0,0,4,0.0,1.0,0.9779503572027448,1,0,1,1,1,1,1,1,0.9699999999999999,1.0,1.0,1.0,0.8,skip,attack_already_active,1785296080.5470421,1785296080547042122,1384748763740709,8.9,53.234375,-1.0,0,0
2026-07-28T23:34:40.548,10.42.0.210,10.42.0.1|10.42.0.210,16,3,UPLOAD,0.9855086980780915,UPLOAD,0.9855086980780915,1,1448,100.0,5,0.0,7240.0,0,5,0.0,1.0,0.8492651035617422,1,0,1,1,1,1,1,1,0.9699999999999999,1.0,1.0,1.0,0.8,skip,attack_already_active,1785296080.5484357,1785296080548435679,1384748765134269,8.9,53.234375,-1.0,0,0
2026-07-28T23:34:40.549,10.42.0.210,10.42.0.1|10.42.0.210,16,3,UPLOAD,0.9855087254685951,UPLOAD,0.9855087254685951,1,1448,100.0,6,0.0,8688.0,0,6,0.0,1.0,0.7374607792923568,1,0,1,1,1,1,1,1,0.9699999999999999,1.0,1.0,1.0,0.8,skip,attack_already_active,1785296080.5492487,1785296080549248795,1384748765947568,8.9,53.234375,-1.0,0,0
2026-07-28T23:34:40.550,10.42.0.210,10.42.0.1|10.42.0.210,16,3,UPLOAD,0.9855087261493067,UPLOAD,0.9855087261493067,1,1448,100.0,7,0.0,10136.0,0,7,0.0,1.0,0.6404855165379693,1,0,1,1,1,1,1,1,0.9699999999999999,1.0,1.0,1.0,0.8,skip,attack_already_active,1785296080.550791,1785296080550791023,1384748767489546,8.9,53.234375,-1.0,0,0
2026-07-28T23:34:40.551,10.42.0.210,10.42.0.1|10.42.0.210,16,3,UPLOAD,0.9855087261653082,UPLOAD,0.9855087261653082,1,1448,100.0,8,0.0,11584.0,0,8,0.0,1.0,0.5562004259679915,1,0,1,1,1,1,1,1,0.9699999999999999,1.0,1.0,1.0,0.8,skip,attack_already_active,1785296080.5516603,1785296080551660406,1384748768358701,8.9,53.234375,-1.0,0,0
2026-07-28T23:34:40.552,10.42.0.210,10.42.0.1|10.42.0.210,16,3,UPLOAD,0.985508726165656,UPLOAD,0.985508726165656,1,1448,100.0,9,0.0,13032.0,0,9,0.0,1.0,0.4830814631447551,1,0,1,1,1,1,1,1,0.9699999999999999,1.0,1.0,1.0,0.8,skip,attack_already_active,1785296080.5529811,1785296080552981374,1384748769680563,8.9,53.234375,-1.0,0,0
2026-07-28T23:34:40.553,10.42.0.210,10.42.0.1|10.42.0.210,16,3,UPLOAD,0.9855087261656625,UPLOAD,0.9855087261656625,1,1448,100.0,10,0.0,14480.0,0,10,0.0,1.0,0.4195570271671642,1,0,1,1,1,1,1,1,0.9699999999999999,1.0,1.0,1.0,0.8,skip,attack_already_active,1785296080.5539932,1785296080553993200,1384748770691876,8.9,53.234375,-1.0,0,0
2026-07-28T23:34:40.555,10.42.0.210,10.42.0.1|10.42.0.210,16,3,UPLOAD,0.9855087261656628,UPLOAD,0.9855087261656628,1,1448,100.0,11,0.0,15928.0,0,11,0.0,1.0,0.36448165668979704,1,0,1,1,1,1,1,1,0.9699999999999999,1.0,1.0,1.0,0.8,skip,attack_already_active,1785296080.5555985,1785296080555598516,1384748772297445,8.9,53.234375,-1.0,0,0
2026-07-28T23:34:40.556,10.42.0.210,10.42.0.1|10.42.0.210,16,3,UPLOAD,0.95,UPLOAD,0.95,1,1448,100.0,12,0.0,17376.0,0,12,0.0,1.0,0.3165585025020066,1,0,1,1,1,1,1,1,0.9699999999999999,1.0,1.0,1.0,0.8,skip,attack_already_active,1785296080.5564046,1785296080556404413,1384748773102989,8.9,53.234375,-1.0,0,0
2026-07-28T23:34:40.557,10.42.0.210,10.42.0.1|10.42.0.210,16,3,UPLOAD,0.95,UPLOAD,0.95,1,1448,100.0,13,0.0,18824.0,0,13,0.0,1.0,0.27501087515203715,1,0,1,1,1,1,1,1,0.9699999999999999,1.0,1.0,1.0,0.8,skip,attack_already_active,1785296080.5576696,1785296080557669688,1384748774368125,8.9,53.234375,-1.0,0,0
2026-07-28T23:34:40.558,10.42.0.210,10.42.0.1|10.42.0.210,16,3,UPLOAD,0.95,UPLOAD,0.95,1,1448,100.0,14,0.0,20272.0,0,14,0.0,1.0,0.23886785200165053,1,0,1,1,1,1,1,1,0.9699999999999999,1.0,1.0,1.0,0.8,skip,attack_already_active,1785296080.558401,1785296080558401077,1384748775099338,8.9,53.234375,-1.0,0,0
2026-07-28T23:34:40.559,10.42.0.210,10.42.0.1|10.42.0.210,16,3,UPLOAD,0.95,UPLOAD,0.95,1,1448,100.0,15,0.0,21720.0,0,15,0.0,1.0,0.20751840849422448,1,0,1,1,1,1,1,1,0.9699999999999999,1.0,1.0,1.0,0.8,skip,attack_already_active,1785296080.5593667,1785296080559366614,1384748776064960,8.9,53.234375,-1.0,0,0
2026-07-28T23:34:40.560,10.42.0.210,10.42.0.1|10.42.0.210,16,3,UPLOAD,0.95,UPLOAD,0.95,1,1448,100.0,16,0.0,23168.0,0,16,0.0,1.0,0.18026147200183995,1,0,1,1,1,1,1,1,0.9699999999999999,1.0,1.0,1.0,0.8,skip,attack_already_active,1785296080.5600398,1785296080560039628,1384748776737906,8.9,53.234375,-1.0,0,0
2026-07-28T23:34:40.561,10.42.0.210,10.42.0.1|10.42.0.210,16,3,UPLOAD,0.95,UPLOAD,0.95,1,1448,100.0,17,0.0,24616.0,0,17,0.0,1.0,0.1566423304470751,1,0,1,1,1,1,1,1,0.9699999999999999,1.0,1.0,1.0,0.8,skip,attack_already_active,1785296080.561062,1785296080561062247,1384748777762258,8.9,53.234375,-1.0,0,0
2026-07-28T23:34:40.562,10.42.0.210,10.42.0.1|10.42.0.210,16,3,UPLOAD,0.95,UPLOAD,0.95,1,1448,100.0,18,0.0,26064.0,0,18,0.0,1.0,0.136128174198248,1,0,1,1,1,1,1,1,0.9699999999999999,1.0,1.0,1.0,0.8,skip,attack_already_active,1785296080.5620282,1785296080562028224,1384748778726840,8.9,53.234375,-1.0,0,0
2026-07-28T23:34:40.563,10.42.0.210,10.42.0.1|10.42.0.210,16,3,UPLOAD,0.95,UPLOAD,0.95,1,1448,100.0,19,0.0,27512.0,0,19,0.0,1.0,0.11835716019338041,1,0,1,1,1,1,1,1,0.9699999999999999,1.0,1.0,1.0,0.8,skip,attack_already_active,1785296080.563297,1785296080563296926,1384748779995712,8.9,53.234375,-1.0,0,0
2026-07-28T23:34:40.564,10.42.0.210,10.42.0.1|10.42.0.210,16,3,UPLOAD,0.95,UPLOAD,0.95,1,1448,100.0,20,0.0,28960.0,0,20,0.0,1.0,0.10288323645997118,1,0,1,1,1,1,1,1,0.9699999999999999,1.0,1.0,1.0,0.8,skip,attack_already_active,1785296080.5642269,1785296080564226690,1384748780925150,8.9,53.234375,-1.0,0,0
2026-07-28T23:34:40.565,10.42.0.210,10.42.0.1|10.42.0.210,16,3,UPLOAD,0.95,UPLOAD,0.95,1,1448,100.0,21,0.0,30408.0,0,21,0.0,1.0,0.08946292710057696,1,0,1,1,1,1,1,1,0.9699999999999999,1.0,1.0,1.0,0.8,skip,attack_already_active,1785296080.565267,1785296080565267095,1384748781965265,8.9,53.234375,-1.0,0,0
2026-07-28T23:34:40.566,10.42.0.210,10.42.0.1|10.42.0.210,16,3,UPLOAD,0.95,UPLOAD,0.95,1,1448,100.0,22,0.0,31856.0,0,22,0.0,1.0,0.0777867861646972,1,0,1,1,1,1,1,1,0.9699999999999999,1.0,1.0,1.0,0.8,skip,attack_already_active,1785296080.566123,1785296080566123048,1384748782821261,31.7,53.2421875,-1.0,0,0
2026-07-28T23:34:40.567,10.42.0.210,10.42.0.1|10.42.0.210,16,3,UPLOAD,0.95,UPLOAD,0.95,1,1448,100.0,23,0.0,33304.0,0,23,0.0,1.0,0.06773851956338646,1,0,1,1,1,1,1,1,0.9699999999999999,1.0,1.0,1.0,0.8,skip,attack_already_active,1785296080.5676563,1785296080567656290,1384748784355507,31.7,53.2421875,-1.0,0,0
2026-07-28T23:34:40.568,10.42.0.210,10.42.0.1|10.42.0.210,16,3,UPLOAD,0.95,UPLOAD,0.95,1,1448,100.0,24,0.0,34752.0,0,24,0.0,1.0,0.05892258749191602,1,0,1,1,1,1,1,1,0.9699999999999999,1.0,1.0,1.0,0.8,skip,attack_already_active,1785296080.5684931,1785296080568493071,1384748785191440,31.7,53.2421875,-1.0,0,0
2026-07-28T23:34:40.569,10.42.0.210,10.42.0.1|10.42.0.210,16,3,UPLOAD,0.95,UPLOAD,0.95,1,1448,100.0,25,0.0,36200.0,0,25,0.0,1.0,0.05130581982411033,1,0,1,1,1,1,1,1,0.9699999999999999,1.0,1.0,1.0,0.8,skip,attack_already_active,1785296080.5696142,1785296080569614010,1384748786312592,31.7,53.2421875,-1.0,0,0
2026-07-28T23:34:40.570,10.42.0.210,10.42.0.1|10.42.0.210,16,3,UPLOAD,0.95,UPLOAD,0.95,1,1448,100.0,26,0.0,37648.0,0,26,0.0,1.0,0.04465576929375294,1,0,1,1,1,1,1,1,0.9699999999999999,1.0,1.0,1.0,0.8,skip,attack_already_active,1785296080.5704546,1785296080570454621,1384748787153240,31.7,53.2421875,-1.0,0,0
2026-07-28T23:34:40.571,10.42.0.210,10.42.0.1|10.42.0.210,16,3,UPLOAD,0.95,UPLOAD,0.95,1,1448,100.0,27,0.0,39096.0,0,27,0.0,1.0,0.03892340246272457,1,0,1,1,1,1,1,1,0.9699999999999999,1.0,1.0,1.0,0.8,skip,attack_already_active,1785296080.571609,1785296080571608976,1384748788307186,31.7,53.2421875,-1.0,0,0
2026-07-28T23:34:40.572,10.42.0.210,10.42.0.1|10.42.0.210,16,3,UPLOAD,0.95,UPLOAD,0.95,1,1448,100.0,28,0.0,40544.0,0,28,0.0,1.0,0.03389671276984317,1,0,1,1,1,1,1,1,0.9699999999999999,1.0,1.0,1.0,0.8,skip,attack_already_active,1785296080.5723863,1785296080572386292,1384748789084676,31.7,53.2421875,-1.0,0,0
2026-07-28T23:34:40.573,10.42.0.210,10.42.0.1|10.42.0.210,16,3,UPLOAD,0.95,UPLOAD,0.95,1,1448,100.0,29,0.0,41992.0,0,29,0.0,1.0,0.029576302662810656,1,0,1,1,1,1,1,1,0.9699999999999999,1.0,1.0,1.0,0.8,skip,attack_already_active,1785296080.5734966,1785296080573496675,1384748790195409,31.7,53.2421875,-1.0,0,0
2026-07-28T23:34:40.574,10.42.0.210,10.42.0.1|10.42.0.210,16,3,UPLOAD,0.95,UPLOAD,0.95,1,1448,100.0,30,0.0,43440.0,0,30,0.0,1.0,0.025789050781243498,1,0,1,1,1,1,1,1,0.9699999999999999,1.0,1.0,1.0,0.8,skip,attack_already_active,1785296080.5743325,1785296080574332379,1384748791030964,31.7,53.2421875,-1.0,0,0
2026-07-28T23:34:40.575,10.42.0.210,10.42.0.1|10.42.0.210,16,3,UPLOAD,0.95,UPLOAD,0.95,1,1448,100.0,31,0.0,44888.0,0,31,0.0,1.0,0.022520843522838695,1,0,1,1,1,1,1,1,0.9699999999999999,1.0,1.0,1.0,0.8,skip,attack_already_active,1785296080.57532,1785296080575319957,1384748792018149,31.7,53.2421875,-1.0,0,0
2026-07-28T23:34:40.575,10.42.0.210,10.42.0.1|10.42.0.210,16,3,UPLOAD,0.95,UPLOAD,0.95,1,1448,100.0,32,0.0,46336.0,0,32,0.0,1.0,0.01963887822080107,1,0,1,1,1,1,1,1,0.9699999999999999,1.0,1.0,1.0,0.8,skip,attack_already_active,1785296080.5759704,1785296080575970195,1384748792668232,31.7,53.2421875,-1.0,0,0
2026-07-28T23:34:40.577,10.42.0.210,10.42.0.1|10.42.0.210,16,3,UPLOAD,0.95,UPLOAD,0.95,1,1448,100.0,33,0.0,47784.0,0,33,0.0,1.0,0.017216671273683253,1,0,1,1,1,1,1,1,0.9699999999999999,1.0,1.0,1.0,0.8,skip,attack_already_active,1785296080.5772278,1785296080577227705,1384748793926058,31.7,53.2421875,-1.0,0,0
2026-07-28T23:34:40.578,10.42.0.210,10.42.0.1|10.42.0.210,16,3,UPLOAD,0.95,UPLOAD,0.95,1,1448,100.0,34,0.0,49232.0,0,34,0.0,1.0,0.01507949855780518,1,0,1,1,1,1,1,1,0.9699999999999999,1.0,1.0,1.0,0.8,skip,attack_already_active,1785296080.578226,1785296080578226137,1384748794925028,31.7,53.2421875,-1.0,0,0
2026-07-28T23:34:40.579,10.42.0.210,10.42.0.1|10.42.0.210,16,3,UPLOAD,0.95,UPLOAD,0.95,1,1448,100.0,35,0.0,50680.0,0,35,0.0,1.0,0.013206702443865249,1,0,1,1,1,1,1,1,0.9699999999999999,1.0,1.0,1.0,0.8,skip,attack_already_active,1785296080.5790935,1785296080579093606,1384748795792467,31.7,53.2421875,-1.0,0,0
2026-07-28T23:34:40.580,10.42.0.210,10.42.0.1|10.42.0.210,16,3,UPLOAD,0.95,UPLOAD,0.95,1,1448,100.0,36,0.0,52128.0,0,36,0.0,1.0,0.011613115884008917,1,0,1,1,1,1,1,1,0.9699999999999999,1.0,1.0,1.0,0.8,skip,attack_already_active,1785296080.5802069,1785296080580206811,1384748796904989,31.7,53.2421875,-1.0,0,0
2026-07-28T23:34:40.580,10.42.0.210,10.42.0.1|10.42.0.210,16,3,UPLOAD,0.95,UPLOAD,0.95,1,1448,100.0,37,0.0,53576.0,0,37,0.0,1.0,0.010174856928542933,1,0,1,1,1,1,1,1,0.9699999999999999,1.0,1.0,1.0,0.8,skip,attack_already_active,1785296080.5809054,1785296080580905419,1384748797603564,31.7,53.2421875,-1.0,0,0
2026-07-28T23:34:40.581,10.42.0.210,10.42.0.1|10.42.0.210,16,3,UPLOAD,0.95,UPLOAD,0.95,1,1448,100.0,38,0.0,55024.0,0,38,0.0,1.0,0.008937276988884076,1,0,1,1,1,1,1,1,0.9699999999999999,1.0,1.0,1.0,0.8,skip,attack_already_active,1785296080.5816886,1785296080581688686,1384748798386858,31.7,53.2421875,-1.0,0,0
2026-07-28T23:34:40.582,10.42.0.210,10.42.0.1|10.42.0.210,16,3,UPLOAD,0.95,UPLOAD,0.95,1,1448,100.0,39,0.0,56472.0,0,39,0.0,1.0,0.007865417556811185,1,0,1,1,1,1,1,1,0.9699999999999999,1.0,1.0,1.0,0.8,skip,attack_already_active,1785296080.5824919,1785296080582491942,1384748799190132,31.7,53.2421875,-1.0,0,0
2026-07-28T23:34:40.583,10.42.0.210,10.42.0.1|10.42.0.210,16,3,UPLOAD,0.95,UPLOAD,0.95,1,1448,100.0,40,0.0,57920.0,0,40,0.0,1.0,0.006927889986060412,1,0,1,1,1,1,1,1,0.9699999999999999,1.0,1.0,1.0,0.8,skip,attack_already_active,1785296080.5832427,1785296080583242751,1384748799941229,31.7,53.2421875,-1.0,0,0
2026-07-28T23:34:40.584,10.42.0.1,10.42.0.1|10.42.0.210,16,3,UPLOAD,0.95,UPLOAD,0.95,1,7240,100.0,1,0.0,7240.0,0,1,0.0,1.0,0.2331428695663693,1,0,1,1,1,1,1,1,0.9699999999999999,1.0,1.0,1.0,0.8,skip,attack_already_active,1785296080.584067,1785296080584067136,1384748800765697,31.7,53.2421875,-1.0,0,0
2026-07-28T23:34:40.585,10.42.0.1,10.42.0.1|10.42.0.210,16,3,UPLOAD,0.9583139190146027,UPLOAD,0.9583139190146027,1,7240,100.0,2,0.0,14480.0,0,2,0.0,1.0,0.20256175052252395,1,0,1,1,1,1,1,1,0.9699999999999999,1.0,1.0,1.0,0.8,skip,attack_already_active,1785296080.5851383,1785296080585138330,1384748801836947,31.7,53.2421875,-1.0,0,0
2026-07-28T23:34:40.609,10.42.0.1,10.42.0.1|10.42.0.210,16,3,UPLOAD,0.974125750489615,UPLOAD,0.974125750489615,1,14480,100.0,3,0.0,28960.0,0,3,0.0,1.0,0.1790749033518697,1,0,1,1,1,1,1,1,0.9699999999999999,1.0,1.0,1.0,0.8,skip,attack_already_active,1785296080.609465,1785296080609464902,1384748826163719,31.7,53.2421875,-1.0,0,0
2026-07-28T23:34:40.610,10.42.0.1,10.42.0.1|10.42.0.210,16,3,UPLOAD,0.97560071252418,UPLOAD,0.97560071252418,1,14480,100.0,4,0.0,43440.0,0,4,0.0,1.0,0.15557850454531177,1,0,1,1,1,1,1,1,0.9699999999999999,1.0,1.0,1.0,0.8,skip,attack_already_active,1785296080.610232,1785296080610231965,1384748826930311,31.7,53.2421875,-1.0,0,0
2026-07-28T23:34:40.611,10.42.0.1,10.42.0.1|10.42.0.210,16,3,UPLOAD,0.9744957858165684,UPLOAD,0.9744957858165684,0,43,100.0,4,0.0,43440.0,0,4,0.0,1.0,0.35875722607849525,1,0,1,1,1,1,1,1,0.8374999999999999,0.8500000000000001,1.0,0.6000000000000001,0.8,skip,attack_already_active,1785296080.6110256,1785296080611025673,1384748827724258,31.7,53.2421875,-1.0,0,0
2026-07-28T23:34:40.613,10.42.0.1,10.42.0.1|10.42.0.210,16,3,UPLOAD,0.9762024217115628,UPLOAD,0.9762024217115628,1,14480,100.0,5,0.0,57920.0,0,5,0.0,1.0,0.31189211848834625,1,0,1,1,1,1,1,1,0.9699999999999999,1.0,1.0,1.0,0.8,skip,attack_already_active,1785296080.613343,1785296080613343059,1384748830041301,31.7,53.2421875,-1.0,0,0
2026-07-28T23:34:40.614,10.42.0.1,10.42.0.1|10.42.0.210,16,3,UPLOAD,0.9768686227611333,UPLOAD,0.9768686227611333,1,13032,100.0,6,0.0,70952.0,0,6,0.0,1.0,0.2709274184166565,1,0,1,1,1,1,1,1,0.9699999999999999,1.0,1.0,1.0,0.8,skip,attack_already_active,1785296080.6143653,1785296080614365428,1384748831063740,31.7,53.2421875,-1.0,0,0
2026-07-28T23:34:40.615,10.42.0.1,10.42.0.1|10.42.0.210,16,3,UPLOAD,0.9773765097474095,UPLOAD,0.9773765097474095,1,8577,100.0,7,0.0,79529.0,0,7,0.0,1.0,0.23537090494755306,1,0,1,1,1,1,1,1,0.9699999999999999,1.0,1.0,1.0,0.8,skip,attack_already_active,1785296080.6154642,1785296080615464142,1384748832162425,31.7,53.2421875,-1.0,0,0
2026-07-28T23:34:42.503,10.42.0.47,10.42.0.1|10.42.0.210|10.42.0.47,16,3,UPLOAD,0.95,UPLOAD,0.95,1,7240,100.0,1,0.0,7240.0,0,1,0.0,1.0,0.7490152075792436,1,0,0,1,1,1,1,1,0.9699999999999999,1.0,1.0,1.0,0.8,trigger,training_upload_trigger_confirmed,1785296082.503592,1785296082503591999,1384750720290638,8.9,53.24609375,9.071916,1785296082512665039,1384750729362554
2026-07-28T23:34:42.504,10.42.0.47,10.42.0.1|10.42.0.210|10.42.0.47,16,3,UPLOAD,0.95,UPLOAD,0.95,1,1448,100.0,2,0.0,8688.0,0,2,0.0,1.0,0.650417615671095,1,0,1,1,1,1,1,1,0.9699999999999999,1.0,1.0,1.0,0.8,skip,attack_already_active,1785296082.5043774,1785296082504377311,1384750721075460,8.9,53.24609375,-1.0,0,0
2026-07-28T23:34:42.505,10.42.0.47,10.42.0.1|10.42.0.210|10.42.0.47,16,3,UPLOAD,0.95,UPLOAD,0.95,1,5792,100.0,3,0.0,14480.0,0,3,0.0,1.0,0.5648378030456653,1,0,1,1,1,1,1,1,0.9699999999999999,1.0,1.0,1.0,0.8,skip,attack_already_active,1785296082.5053535,1785296082505353534,1384750722052027,8.9,53.24609375,-1.0,0,0
2026-07-28T23:34:42.506,10.42.0.47,10.42.0.1|10.42.0.210|10.42.0.47,16,3,UPLOAD,0.95,UPLOAD,0.95,1,2896,100.0,4,0.0,17376.0,0,4,0.0,1.0,0.49050861416096836,1,0,1,1,1,1,1,1,0.9699999999999999,1.0,1.0,1.0,0.8,skip,attack_already_active,1785296082.5061276,1785296082506127697,1384750722826217,8.9,53.24609375,-1.0,0,0
2026-07-28T23:34:42.511,10.42.0.47,10.42.0.1|10.42.0.210|10.42.0.47,16,3,UPLOAD,0.95,UPLOAD,0.95,1,8688,100.0,5,0.0,26064.0,0,5,0.0,1.0,0.42653045542131723,1,0,1,1,1,1,1,1,0.9699999999999999,1.0,1.0,1.0,0.8,skip,attack_already_active,1785296082.5111237,1785296082511123679,1384750727822289,8.9,53.24609375,-1.0,0,0
2026-07-28T23:34:42.511,10.42.0.47,10.42.0.1|10.42.0.210|10.42.0.47,16,3,UPLOAD,0.95,UPLOAD,0.95,1,5792,100.0,6,0.0,31856.0,0,6,0.0,1.0,0.3704199518756547,1,0,1,1,1,1,1,1,0.9699999999999999,1.0,1.0,1.0,0.8,skip,attack_already_active,1785296082.511847,1785296082511846815,1384750728544964,8.9,53.24609375,-1.0,0,0
2026-07-28T23:34:42.512,10.42.0.47,10.42.0.1|10.42.0.210|10.42.0.47,16,3,UPLOAD,0.95,UPLOAD,0.95,1,5792,100.0,7,0.0,37648.0,0,7,0.0,1.0,0.32169596560246533,1,0,1,1,1,1,1,1,0.9699999999999999,1.0,1.0,1.0,0.8,skip,attack_already_active,1785296082.512514,1785296082512513997,1384750729212023,8.9,53.24609375,-1.0,0,0
2026-07-28T23:34:42.513,10.42.0.47,10.42.0.1|10.42.0.210|10.42.0.47,16,3,UPLOAD,0.95,UPLOAD,0.95,1,5792,100.0,8,0.0,43440.0,0,8,0.0,1.0,0.2794812482882243,1,0,1,1,1,1,1,1,0.9699999999999999,1.0,1.0,1.0,0.8,skip,attack_already_active,1785296082.5138543,1785296082513854220,1384750730552328,8.9,53.24609375,-1.0,0,0
2026-07-28T23:34:42.514,10.42.0.47,10.42.0.1|10.42.0.210|10.42.0.47,16,3,UPLOAD,0.95,UPLOAD,0.95,1,5792,100.0,9,0.0,49232.0,0,9,0.0,1.0,0.24274477706259054,1,0,1,1,1,1,1,1,0.9699999999999999,1.0,1.0,1.0,0.8,skip,attack_already_active,1785296082.5145526,1785296082514552629,1384750731250830,8.9,53.24609375,-1.0,0,0
2026-07-28T23:34:42.515,10.42.0.47,10.42.0.1|10.42.0.210|10.42.0.47,16,3,UPLOAD,0.95,UPLOAD,0.95,1,10136,100.0,10,0.0,59368.0,0,10,0.0,1.0,0.21089123999075765,1,0,1,1,1,1,1,1,0.9699999999999999,1.0,1.0,1.0,0.8,skip,attack_already_active,1785296082.5155697,1785296082515569782,1384750732268374,8.9,53.24609375,-1.0,0,0
2026-07-28T23:34:42.516,10.42.0.47,10.42.0.1|10.42.0.210|10.42.0.47,16,3,UPLOAD,0.95,UPLOAD,0.95,1,10136,100.0,11,0.0,69504.0,0,11,0.0,1.0,0.1832374793217285,1,0,1,1,1,1,1,1,0.9699999999999999,1.0,1.0,1.0,0.8,skip,attack_already_active,1785296082.5166042,1785296082516604193,1384750733302497,8.9,53.24609375,-1.0,0,0
2026-07-28T23:34:42.517,10.42.0.47,10.42.0.1|10.42.0.210|10.42.0.47,16,3,UPLOAD,0.95,UPLOAD,0.95,1,1448,100.0,12,0.0,70952.0,0,12,0.0,1.0,0.1591762536049988,1,0,1,1,1,1,1,1,0.9699999999999999,1.0,1.0,1.0,0.8,skip,attack_already_active,1785296082.5172477,1785296082517247734,1384750733945957,8.9,53.24609375,-1.0,0,0
2026-07-28T23:34:42.518,10.42.0.47,10.42.0.1|10.42.0.210|10.42.0.47,16,3,UPLOAD,0.95,UPLOAD,0.95,1,8576,100.0,13,0.0,79528.0,0,13,0.0,1.0,0.13832234732650825,1,0,1,1,1,1,1,1,0.9699999999999999,1.0,1.0,1.0,0.8,skip,attack_already_active,1785296082.5181694,1785296082518169415,1384750734867480,8.9,53.24609375,-1.0,0,0
2026-07-28T23:34:42.519,10.42.0.1,10.42.0.1|10.42.0.210|10.42.0.47,16,3,UPLOAD,0.9748744066319676,UPLOAD,0.9748744066319676,1,7240,100.0,1,0.0,7240.0,0,1,0.0,1.0,0.4490543258610792,1,0,1,1,1,1,1,1,0.9699999999999999,1.0,1.0,1.0,0.8,skip,attack_already_active,1785296082.5191352,1785296082519135243,1384750735833557,8.9,53.24609375,-1.0,0,0
2026-07-28T23:34:42.519,10.42.0.1,10.42.0.1|10.42.0.210|10.42.0.47,16,3,UPLOAD,0.9750149537534732,UPLOAD,0.9750149537534732,1,7240,100.0,2,0.0,14480.0,0,2,0.0,1.0,0.3899620532311947,1,0,1,1,1,1,1,1,0.9699999999999999,1.0,1.0,1.0,0.8,skip,attack_already_active,1785296082.5197546,1785296082519754750,1384750736452709,8.9,53.24609375,-1.0,0,0
2026-07-28T23:34:42.554,10.42.0.1,10.42.0.1|10.42.0.210|10.42.0.47,16,3,UPLOAD,0.9753528179992531,UPLOAD,0.9753528179992531,1,8688,100.0,3,0.0,23168.0,0,3,0.0,1.0,0.3432045338220114,1,0,1,1,1,1,1,1,0.9699999999999999,1.0,1.0,1.0,0.8,skip,attack_already_active,1785296082.5548868,1785296082554886793,1384750771585225,8.9,53.24609375,-1.0,0,0
2026-07-28T23:34:42.555,10.42.0.1,10.42.0.1|10.42.0.210|10.42.0.47,16,3,UPLOAD,0.9756583068949468,UPLOAD,0.9756583068949468,1,8688,100.0,4,0.0,31856.0,0,4,0.0,1.0,0.29807589304037646,1,0,1,1,1,1,1,1,0.9699999999999999,1.0,1.0,1.0,0.8,skip,attack_already_active,1785296082.5556226,1785296082555622581,1384750772320812,8.9,53.24609375,-1.0,0,0
2026-07-28T23:34:42.556,10.42.0.1,10.42.0.1|10.42.0.210|10.42.0.47,16,3,UPLOAD,0.9742290881200781,UPLOAD,0.9742290881200781,0,43,100.0,4,0.0,31856.0,0,4,0.0,1.0,0.51513154759716,1,0,1,1,1,1,1,1,0.8374999999999999,0.8500000000000001,1.0,0.6000000000000001,0.8,skip,attack_already_active,1785296082.5562768,1785296082556276793,1384750772974881,8.9,53.24609375,-1.0,0,0
2026-07-28T23:34:42.557,10.42.0.1,10.42.0.1|10.42.0.210|10.42.0.47,16,3,UPLOAD,0.9754235656978532,UPLOAD,0.9754235656978532,1,1448,100.0,5,0.0,33304.0,0,5,0.0,1.0,0.44754411500987645,1,0,1,1,1,1,1,1,0.9699999999999999,1.0,1.0,1.0,0.8,skip,attack_already_active,1785296082.5578518,1785296082557851910,1384750774550095,8.9,53.24609375,-1.0,0,0
2026-07-28T23:34:42.558,10.42.0.1,10.42.0.1|10.42.0.210|10.42.0.47,16,3,UPLOAD,0.9755337572730023,UPLOAD,0.9755337572730023,1,7240,100.0,6,0.0,40544.0,0,6,0.0,1.0,0.3886902785520872,1,0,1,1,1,1,1,1,0.9699999999999999,1.0,1.0,1.0,0.8,skip,attack_already_active,1785296082.5587704,1785296082558770494,1384750775468464,8.9,53.24609375,-1.0,0,0
2026-07-28T23:34:42.559,10.42.0.1,10.42.0.1|10.42.0.210|10.42.0.47,16,3,UPLOAD,0.975554695322574,UPLOAD,0.975554695322574,1,8688,100.0,7,0.0,49232.0,0,7,0.0,1.0,0.33759140386741004,1,0,1,1,1,1,1,1,0.9699999999999999,1.0,1.0,1.0,0.8,skip,attack_already_active,1785296082.5596855,1785296082559685325,1384750776383469,8.9,53.24609375,-1.0,0,0
2026-07-28T23:34:42.561,10.42.0.1,10.42.0.1|10.42.0.210|10.42.0.47,16,3,UPLOAD,0.9751985075360123,UPLOAD,0.9751985075360123,1,1448,100.0,8,0.0,50680.0,0,8,0.0,1.0,0.2933055738959046,1,0,1,1,1,1,1,1,0.9699999999999999,1.0,1.0,1.0,0.8,skip,attack_already_active,1785296082.561204,1785296082561203852,1384750777901943,8.9,53.24609375,-1.0,0,0
2026-07-28T23:34:42.562,10.42.0.1,10.42.0.1|10.42.0.210|10.42.0.47,16,3,UPLOAD,0.974829540761375,UPLOAD,0.974829540761375,1,8688,100.0,9,0.0,59368.0,0,9,0.0,1.0,0.25477420861878575,1,0,1,1,1,1,1,1,0.9699999999999999,1.0,1.0,1.0,0.8,skip,attack_already_active,1785296082.5621057,1785296082562105665,1384750778804016,8.9,53.24609375,-1.0,0,0
2026-07-28T23:34:42.563,10.42.0.1,10.42.0.1|10.42.0.210|10.42.0.47,16,3,UPLOAD,0.9751066014669918,UPLOAD,0.9751066014669918,1,8688,100.0,10,0.0,68056.0,0,10,0.0,1.0,0.22132045062012742,1,0,1,1,1,1,1,1,0.9699999999999999,1.0,1.0,1.0,0.8,skip,attack_already_active,1785296082.5630085,1785296082563008600,1384750779706620,8.9,53.24609375,-1.0,0,0
2026-07-28T23:34:42.563,10.42.0.1,10.42.0.1|10.42.0.210|10.42.0.47,16,3,UPLOAD,0.9754009906997404,UPLOAD,0.9754009906997404,1,8688,100.0,11,0.0,76744.0,0,11,0.0,1.0,0.19227724303440322,1,0,1,1,1,1,1,1,0.9699999999999999,1.0,1.0,1.0,0.8,skip,attack_already_active,1785296082.5639281,1785296082563928161,1384750780626183,8.9,53.24609375,-1.0,0,0
2026-07-28T23:34:42.564,10.42.0.1,10.42.0.1|10.42.0.210|10.42.0.47,16,3,UPLOAD,0.9756771362262429,UPLOAD,0.9756771362262429,1,2784,100.0,12,0.0,79528.0,0,12,0.0,1.0,0.16707582924660552,1,0,1,1,1,1,1,1,0.9699999999999999,1.0,1.0,1.0,0.8,skip,attack_already_active,1785296082.5649588,1785296082564958598,1384750781657357,8.9,53.24609375,-1.0,0,0
2026-07-28T23:34:42.868,10.42.0.1,10.42.0.47,17,1,DOWNLOAD,0.9708808921953496,DOWNLOAD,0.9708808921953496,-1,1448,54.92265189646225,13,1448.0,79528.0,1,12,0.017881841533293814,0.9821181584667061,0.18616534810213226,0,0,0,0,1,0,0,0,0.44,0.8500000000000001,0.0,0.6000000000000001,0.15,skip,training_upload_trigger_not_confirmed,1785296082.8682177,1785296082868217722,1384751084916405,8.9,53.24609375,-1.0,0,0
2026-07-28T23:34:42.872,10.42.0.1,10.42.0.47,17,1,DOWNLOAD,0.95,DOWNLOAD,0.95,-1,5792,10.984530385361252,14,7240.0,79528.0,2,12,0.08344089987092015,0.9165591001290798,0.16213555960545015,0,0,0,0,1,0,0,0,0.44,0.8500000000000001,0.0,0.6000000000000001,0.15,skip,training_upload_trigger_not_confirmed,1785296082.8720276,1785296082872027727,1384751088726257,8.9,53.24609375,-1.0,0,0
2026-07-28T23:34:42.872,10.42.0.1,10.42.0.47,17,1,DOWNLOAD,0.95,DOWNLOAD,0.95,-1,7240,5.492265193059926,15,14480.0,79528.0,3,12,0.15402944430261253,0.8459705556973874,0.14087746023160083,0,0,0,0,1,0,0,0,0.44,0.8500000000000001,0.0,0.6000000000000001,0.15,skip,training_upload_trigger_not_confirmed,1785296082.8728414,1785296082872841575,1384751089540029,8.9,53.24609375,-1.0,0,0
2026-07-28T23:34:42.873,10.42.0.1,10.42.0.47,17,1,DOWNLOAD,0.95,DOWNLOAD,0.95,-1,7240,3.661510128790906,16,21720.0,79528.0,4,12,0.21452275600505688,0.7854772439949431,0.1224500423729612,0,0,0,0,1,0,0,0,0.4,0.8500000000000001,0.0,0.4,0.15,skip,training_upload_trigger_not_confirmed,1785296082.8738782,1785296082873878215,1384751090576971,8.9,53.24609375,-1.0,0,0
2026-07-28T23:34:42.874,10.42.0.1,10.42.0.47,17,1,DOWNLOAD,0.95,DOWNLOAD,0.95,-1,7240,2.746132596624788,17,28960.0,79528.0,5,12,0.26694196593171593,0.7330580340682841,0.1064248740389973,0,0,0,0,1,0,0,0,0.4,0.8500000000000001,0.0,0.4,0.15,skip,training_upload_trigger_not_confirmed,1785296082.8747177,1785296082874717721,1384751091416807,8.9,53.24609375,-1.0,0,0
2026-07-28T23:34:42.876,10.42.0.1,10.42.0.47,17,1,DOWNLOAD,0.95,DOWNLOAD,0.95,-1,7240,2.196906077315002,18,36200.0,79528.0,6,12,0.31280243329185675,0.6871975667081432,0.09259778040641943,0,0,0,0,1,0,0,0,0.4,0.8500000000000001,0.0,0.4,0.15,skip,training_upload_trigger_not_confirmed,1785296082.8762126,1785296082876212455,1384751092910747,8.9,53.24609375,-1.0,0,0
2026-07-28T23:34:42.876,10.42.0.1,10.42.0.47,17,1,DOWNLOAD,0.95,DOWNLOAD,0.95,-1,7240,1.8307550644375976,19,43440.0,79528.0,7,12,0.3532626374341292,0.6467373625658708,0.0804981152375407,0,0,0,0,1,0,0,0,0.32,0.8500000000000001,0.0,0.0,0.15,skip,training_upload_trigger_not_confirmed,1785296082.8769894,1785296082876989444,1384751093687622,8.9,53.24609375,-1.0,0,0
2026-07-28T23:34:42.878,10.42.0.1,10.42.0.47,17,1,DOWNLOAD,0.95,DOWNLOAD,0.95,-1,7240,1.5692186266659585,20,50680.0,79528.0,8,12,0.3892233964118948,0.6107766035881051,0.07004518712567952,0,0,0,0,1,0,0,0,0.32,0.8500000000000001,0.0,0.0,0.15,skip,training_upload_trigger_not_confirmed,1785296082.878163,1785296082878163311,1384751094861282,8.9,53.24609375,-1.0,0,0
2026-07-28T23:34:42.878,10.42.0.1,10.42.0.47,17,1,DOWNLOAD,0.95,DOWNLOAD,0.95,-1,7240,1.3730662983361002,21,57920.0,79528.0,9,12,0.4213957278388918,0.5786042721611082,0.060904873798471745,0,0,0,0,1,0,0,0,0.32,0.8500000000000001,0.0,0.0,0.15,skip,training_upload_trigger_not_confirmed,1785296082.878845,1785296082878844808,1384751095543066,8.9,53.24609375,-1.0,0,0
2026-07-28T23:34:42.879,10.42.0.1,10.42.0.47,17,1,DOWNLOAD,0.95,DOWNLOAD,0.95,-1,10136,1.1685670624167073,22,68056.0,79528.0,10,12,0.46113399826539464,0.5388660017346054,0.05296619283116388,0,0,0,0,1,0,0,0,0.30250000000000005,0.8000000000000002,0.0,0.0,0.15,skip,training_upload_trigger_not_confirmed,1785296082.8795054,1785296082879505469,1384751096203547,8.9,53.24609375,-1.0,0,0
2026-07-28T23:34:42.880,10.42.0.1,10.42.0.47,17,1,DOWNLOAD,0.95,DOWNLOAD,0.95,-1,4344,1.0984530386726734,23,72400.0,79528.0,11,12,0.4765415196672108,0.5234584803327892,0.04607604647728106,0,0,0,0,1,0,0,0,0.30250000000000005,0.8000000000000002,0.0,0.0,0.15,skip,training_upload_trigger_not_confirmed,1785296082.8801842,1785296082880183944,1384751096882068,8.9,53.24609375,-1.0,0,0
2026-07-28T23:34:42.880,10.42.0.1,10.42.0.47,17,1,DOWNLOAD,0.95,DOWNLOAD,0.95,-1,14480,0.9153775322293349,24,86880.0,79528.0,12,12,0.5220902841209557,0.4779097158790443,0.040095887635354474,0,0,0,0,1,0,0,0,0.30250000000000005,0.8000000000000002,0.0,0.0,0.15,skip,training_upload_trigger_not_confirmed,1785296082.8808784,1785296082880878211,1384751097576346,8.9,53.24609375,-1.0,0,0
2026-07-28T23:34:42.881,10.42.0.1,10.42.0.47,17,1,DOWNLOAD,0.95,DOWNLOAD,0.95,-1,14480,0.7846093133407201,25,101360.0,79528.0,13,12,0.5603467338905842,0.4396532661094158,0.03489863999858564,0,0,0,0,1,0,0,0,0.28500000000000003,0.7500000000000001,0.0,0.0,0.15,skip,training_upload_trigger_not_confirmed,1785296082.8815339,1785296082881533838,1384751098231990,8.9,53.24609375,-1.0,0,0
2026-07-28T23:34:42.882,10.42.0.1,10.42.0.47,17,1,DOWNLOAD,0.95,DOWNLOAD,0.95,-1,14480,0.6865331491739768,26,115840.0,79528.0,14,12,0.5929323123541215,0.40706768764587853,0.03038653966564401,0,0,0,0,1,0,0,0,0.28500000000000003,0.7500000000000001,0.0,0.0,0.15,skip,training_upload_trigger_not_confirmed,1785296082.8821914,1785296082882191242,1384751098889361,8.9,53.24609375,-1.0,0,0
2026-07-28T23:34:42.883,10.42.0.1,10.42.0.47,17,1,DOWNLOAD,0.95,DOWNLOAD,0.95,-1,14480,0.6102516881552313,27,130320.0,79528.0,15,12,0.6210209294346384,0.3789790705653616,0.02651042719795426,0,0,0,0,1,0,0,0,0.28500000000000003,0.7500000000000001,0.0,0.0,0.15,skip,training_upload_trigger_not_confirmed,1785296082.8831632,1785296082883163181,1384751099861385,8.9,53.24609375,-1.0,0,0
2026-07-28T23:34:42.883,10.42.0.1,10.42.0.47,17,1,DOWNLOAD,0.95,DOWNLOAD,0.95,-1,14480,0.5492265193401296,28,144800.0,79528.0,16,12,0.6454833993081559,0.3545166006918441,0.02310622396690342,0,0,0,0,1,0,0,0,0.28500000000000003,0.7500000000000001,0.0,0.0,0.15,skip,training_upload_trigger_not_confirmed,1785296082.88384,1785296082883840025,1384751100538329,8.9,53.24609375,-1.0,0,0
2026-07-28T23:34:42.884,10.42.0.1,10.42.0.47,17,1,DOWNLOAD,0.95,DOWNLOAD,0.95,-1,14480,0.49929683576406764,29,159280.0,79528.0,17,12,0.6669793306756893,0.33302066932431074,0.02018808886383023,0,0,0,0,1,0,0,0,0.28500000000000003,0.7500000000000001,0.0,0.0,0.15,skip,training_upload_trigger_not_confirmed,1785296082.8848014,1785296082884801242,1384751101499385,8.9,53.24609375,-1.0,0,0
2026-07-28T23:34:42.885,10.42.0.1,10.42.0.47,17,1,DOWNLOAD,0.95,DOWNLOAD,0.95,-1,18824,0.4465256254803568,30,178104.0,79528.0,18,12,0.6913116383058006,0.3086883616941995,0.017656500182637945,0,0,0,0,1,0,0,0,0.28500000000000003,0.7500000000000001,0.0,0.0,0.15,skip,training_upload_trigger_not_confirmed,1785296082.885778,1785296082885777957,1384751102476124,8.9,53.24609375,-1.0,0,0
2026-07-28T23:34:42.886,10.42.0.1,10.42.0.47,17,1,DOWNLOAD,0.95,DOWNLOAD,0.95,-1,18824,0.4038430289273041,31,196928.0,79528.0,19,12,0.7123303527505281,0.28766964724947186,0.015456059691532825,0,0,0,0,1,0,0,0,0.28500000000000003,0.7500000000000001,0.0,0.0,0.15,skip,training_upload_trigger_not_confirmed,1785296082.886736,1785296082886735836,1384751103433829,8.9,53.24609375,-1.0,0,0
2026-07-28T23:34:42.887,10.42.0.1,10.42.0.47,17,1,DOWNLOAD,0.95,DOWNLOAD,0.95,-1,8688,0.38677923897271227,32,205616.0,79528.0,20,12,0.7210953062312375,0.2789046937687624,0.013542847756341674,0,0,0,0,1,0,0,0,0.28500000000000003,0.7500000000000001,0.0,0.0,0.15,skip,training_upload_trigger_not_confirmed,1785296082.8876731,1785296082887673082,1384751104371117,8.9,53.24609375,-1.0,0,0
2026-07-28T23:34:42.888,10.42.0.1,10.42.0.47,17,1,DOWNLOAD,0.95,DOWNLOAD,0.95,-1,1448,0.38407448904983926,33,207064.0,79528.0,21,12,0.7225044662795891,0.2774955337204109,0.011895100737272724,0,0,0,0,1,0,0,0,0.28500000000000003,0.7500000000000001,0.0,0.0,0.15,skip,training_upload_trigger_not_confirmed,1785296082.8887117,1785296082888711661,1384751105409980,8.9,53.24609375,-1.0,0,0
2026-07-28T23:34:42.889,10.42.0.1,10.42.0.47,17,1,DOWNLOAD,0.95,DOWNLOAD,0.95,-1,16920,0.3550610757940073,34,223984.0,79528.0,22,12,0.7379741163446585,0.26202588365534146,0.010418740853113454,0,0,0,0,1,0,0,0,0.28500000000000003,0.7500000000000001,0.0,0.0,0.15,skip,training_upload_trigger_not_confirmed,1785296082.889403,1785296082889403024,1384751106101207,8.9,53.24609375,-1.0,0,0
2026-07-28T23:34:42.890,10.42.0.1,10.42.0.47,17,1,DOWNLOAD,0.95,DOWNLOAD,0.95,-1,6784,0.34462317132642034,35,230768.0,79528.0,23,12,0.7437027870162684,0.25629721298373165,0.00913347158545144,0,0,0,0,1,0,0,0,0.28500000000000003,0.7500000000000001,0.0,0.0,0.15,skip,training_upload_trigger_not_confirmed,1785296082.8900683,1785296082890068291,1384751106766457,8.9,53.24609375,-1.0,0,0
2026-07-28T23:34:42.891,10.42.0.59,10.42.0.47,7,1,DOWNLOAD,0.95,DOWNLOAD,0.95,-1,7300,1.3698630135109776e-10,1,7300.0,0.0,1,0,1.0,0.0,1.9354192250820754,0,0,0,0,0,0,0,0,0.0225,0.0,0.0,0.0,0.15,skip,already_attacked_this_round,1785296082.8914173,1785296082891417334,1384751108115691,8.9,53.24609375,-1.0,0,0
2026-07-28T23:34:42.892,10.42.0.18,10.42.0.47,16,1,DOWNLOAD,0.95,DOWNLOAD,0.95,-1,7300,1.3698630135109776e-10,1,7300.0,0.0,1,0,1.0,0.0,0.5221116738542098,0,0,0,0,0,0,0,0,0.0225,0.0,0.0,0.0,0.15,skip,training_upload_trigger_not_confirmed,1785296082.8921669,1785296082892166786,1384751108865459,8.9,53.24609375,-1.0,0,0
2026-07-28T23:34:42.893,10.42.0.59,10.42.0.47,7,1,DOWNLOAD,0.95,DOWNLOAD,0.95,-1,7300,6.84931506802402e-11,2,14600.0,0.0,2,0,1.0,0.0,1.6806192205108192,0,0,0,0,0,0,0,0,0.0225,0.0,0.0,0.0,0.15,skip,already_attacked_this_round,1785296082.8932297,1785296082893229772,1384751109928055,8.9,53.24609375,-1.0,0,0
2026-07-28T23:34:42.893,10.42.0.18,10.42.0.47,16,1,DOWNLOAD,0.95,DOWNLOAD,0.95,-1,7300,6.84931506802402e-11,2,14600.0,0.0,2,0,1.0,0.0,0.4535428605733773,0,0,0,0,0,0,0,0,0.0225,0.0,0.0,0.0,0.15,skip,training_upload_trigger_not_confirmed,1785296082.8939288,1785296082893928728,1384751110626835,8.9,53.24609375,-1.0,0,0
2026-07-28T23:34:42.894,10.42.0.1,10.42.0.47,17,1,DOWNLOAD,0.95,DOWNLOAD,0.95,-1,20272,0.3167941363953282,36,251040.0,79528.0,24,12,0.759420149560756,0.24057985043924396,0.008532469098894116,0,0,0,0,1,0,0,0,0.28500000000000003,0.7500000000000001,0.0,0.0,0.15,skip,training_upload_trigger_not_confirmed,1785296082.894641,1785296082894640984,1384751111339585,57.9,53.25,-1.0,0,0
2026-07-28T23:34:42.895,10.42.0.1,10.42.0.47,17,1,DOWNLOAD,0.95,DOWNLOAD,0.95,-1,15472,0.2984030737854265,37,266512.0,79528.0,25,12,0.7701768581666859,0.22982314183331407,0.0075489206685178225,0,0,0,0,1,0,0,0,0.28500000000000003,0.7500000000000001,0.0,0.0,0.15,skip,training_upload_trigger_not_confirmed,1785296082.8957095,1785296082895709377,1384751112407606,57.9,53.25,-1.0,0,0
2026-07-28T23:34:42.896,10.42.0.145,10.42.0.47,11,1,DOWNLOAD,0.95,DOWNLOAD,0.95,-1,7300,1.3698630135109776e-10,1,7300.0,0.0,1,0,1.0,0.0,2.3953750588627036,0,0,0,0,0,0,0,0,0.0225,0.0,0.0,0.0,0.15,skip,training_upload_trigger_not_confirmed,1785296082.89675,1785296082896749985,1384751113448218,57.9,53.25,-1.0,0,0
2026-07-28T23:34:42.897,10.42.0.145,10.42.0.47,11,1,DOWNLOAD,0.95,DOWNLOAD,0.95,-1,7300,6.84931506802402e-11,2,14600.0,0.0,2,0,1.0,0.0,2.0798115840763343,0,0,0,0,0,0,0,0,0.0225,0.0,0.0,0.0,0.15,skip,training_upload_trigger_not_confirmed,1785296082.897401,1785296082897401107,1384751114099225,57.9,53.25,-1.0,0,0
2026-07-28T23:34:42.898,10.42.0.1,10.42.0.47,17,1,DOWNLOAD,0.95,DOWNLOAD,0.95,-1,21720,0.2759166227230983,38,288232.0,79528.0,26,12,0.7837502719164673,0.21624972808353274,0.006868686065904004,0,0,0,0,1,0,0,0,0.28500000000000003,0.7500000000000001,0.0,0.0,0.15,skip,training_upload_trigger_not_confirmed,1785296082.8980963,1785296082898096412,1384751114794702,57.9,53.25,-1.0,0,0
2026-07-28T23:34:42.899,10.42.0.47,10.42.0.47,17,1,DOWNLOAD,0.95,DOWNLOAD,0.95,-1,7240,10.984530385361252,14,7240.0,79528.0,1,13,0.08344089987092015,0.9165591001290798,0.16470511546916886,0,0,0,0,0,0,0,0,0.057499999999999996,0.1,0.0,0.0,0.15,skip,training_upload_trigger_not_confirmed,1785296082.8991063,1785296082899106244,1384751115804764,57.9,53.25,-1.0,0,0
2026-07-28T23:34:42.899,10.42.0.1,10.42.0.47,17,1,DOWNLOAD,0.95,DOWNLOAD,0.95,-1,21720,0.25658166426009,39,309952.0,79528.0,27,12,0.7958097976789565,0.20419020232104343,0.0061978801861497165,0,0,0,0,1,0,0,0,0.28500000000000003,0.7500000000000001,0.0,0.0,0.15,skip,training_upload_trigger_not_confirmed,1785296082.8998744,1785296082899874591,1384751116573045,57.9,53.25,-1.0,0,0
2026-07-28T23:34:42.900,10.42.0.1,10.42.0.47,17,1,DOWNLOAD,0.95,DOWNLOAD,0.95,-1,14024,0.24547497345715275,40,323976.0,79528.0,28,12,0.8029065387208058,0.19709346127919425,0.005474342067466627,0,0,0,0,1,0,0,0,0.28500000000000003,0.7500000000000001,0.0,0.0,0.15,skip,training_upload_trigger_not_confirmed,1785296082.9005816,1785296082900581756,1384751117279858,57.9,53.25,-1.0,0,0
2026-07-28T23:34:42.901,10.42.0.210,10.42.0.47,17,1,DOWNLOAD,0.9838705879249023,DOWNLOAD,0.9838705879249023,-1,7240,1.381215469422484e-10,1,7240.0,0.0,1,0,1.0,0.0,0.30768374433554935,0,0,0,0,0,0,0,0,0.0225,0.0,0.0,0.0,0.15,skip,training_upload_trigger_not_confirmed,1785296082.9015353,1785296082901535142,1384751118233329,57.9,53.25,-1.0,0,0
2026-07-28T23:34:42.902,10.42.0.210,10.42.0.47,17,1,DOWNLOAD,0.95,DOWNLOAD,0.95,-1,7240,6.90607734758936e-11,2,14480.0,0.0,2,0,1.0,0.0,0.26723087275731394,0,0,0,0,0,0,0,0,0.0225,0.0,0.0,0.0,0.15,skip,training_upload_trigger_not_confirmed,1785296082.9022334,1785296082902233398,1384751118931624,57.9,53.25,-1.0,0,0
2026-07-28T23:34:42.908,10.42.0.18,10.42.0.47,16,1,DOWNLOAD,0.9329404152412168,DOWNLOAD,0.9329404152412168,0,43,6.84931506802402e-11,2,14600.0,0.0,2,0,1.0,0.0,0.9162612063450717,0,0,0,0,0,0,0,0,0.0225,0.0,0.0,0.0,0.15,skip,training_upload_trigger_not_confirmed,1785296082.9081798,1785296082908179817,1384751124878156,57.9,53.25,-1.0,0,0
2026-07-28T23:34:42.908,10.42.0.18,10.42.0.47,16,1,DOWNLOAD,0.95,DOWNLOAD,0.95,-1,10220,4.029008863657171e-11,3,24820.0,0.0,3,0,1.0,0.0,0.797502339076252,0,0,0,0,0,0,0,0,0.0225,0.0,0.0,0.0,0.15,skip,training_upload_trigger_not_confirmed,1785296082.9089618,1785296082908961864,1384751125660270,57.9,53.25,-1.0,0,0
2026-07-28T23:34:42.912,10.42.0.59,10.42.0.47,7,1,DOWNLOAD,0.901925408548947,DOWNLOAD,0.901925408548947,0,43,6.84931506802402e-11,2,14600.0,0.0,2,0,1.0,0.0,1.995664617570975,0,0,0,0,0,0,0,0,0.0225,0.0,0.0,0.0,0.15,skip,already_attacked_this_round,1785296082.9121747,1785296082912174687,1384751128873141,57.9,53.25,-1.0,0,0
2026-07-28T23:34:42.913,10.42.0.59,10.42.0.47,7,1,DOWNLOAD,0.95,DOWNLOAD,0.95,-1,10220,4.029008863657171e-11,3,24820.0,0.0,3,0,1.0,0.0,1.7353200718461448,0,0,0,0,0,0,0,0,0.0225,0.0,0.0,0.0,0.15,skip,already_attacked_this_round,1785296082.9132116,1785296082913211762,1384751129910152,57.9,53.25,-1.0,0,0
2026-07-28T23:34:42.915,10.42.0.59,10.42.0.47,7,1,DOWNLOAD,0.95,DOWNLOAD,0.95,-1,14600,2.536783358636814e-11,4,39420.0,0.0,4,0,1.0,0.0,1.5069533124241836,0,0,0,0,0,0,0,0,0.0225,0.0,0.0,0.0,0.15,skip,already_attacked_this_round,1785296082.9155195,1785296082915519472,1384751132217898,57.9,53.25,-1.0,0,0
2026-07-28T23:34:42.916,10.42.0.145,10.42.0.47,11,1,DOWNLOAD,0.95,DOWNLOAD,0.95,-1,14600,3.424657534129292e-11,3,29200.0,0.0,3,0,1.0,0.0,1.8083172267811078,0,0,0,0,0,0,0,0,0.0225,0.0,0.0,0.0,0.15,skip,training_upload_trigger_not_confirmed,1785296082.916917,1785296082916917019,1384751133616232,57.9,53.25,-1.0,0,0
2026-07-28T23:34:42.917,10.42.0.145,10.42.0.47,11,1,DOWNLOAD,0.95,DOWNLOAD,0.95,-1,14600,2.2831050227789245e-11,4,43800.0,0.0,4,0,1.0,0.0,1.5701431467472238,0,0,0,0,0,0,0,0,0.0225,0.0,0.0,0.0,0.15,skip,training_upload_trigger_not_confirmed,1785296082.917797,1785296082917797166,1384751134496012,57.9,53.25,-1.0,0,0
2026-07-28T23:34:42.920,10.42.0.145,10.42.0.47,11,1,DOWNLOAD,0.9242892956049655,DOWNLOAD,0.9242892956049655,0,43,2.2831050227789245e-11,4,43800.0,0.0,4,0,1.0,0.0,1.9040341705440662,0,0,0,0,0,0,0,0,0.0225,0.0,0.0,0.0,0.15,skip,training_upload_trigger_not_confirmed,1785296082.9206808,1785296082920680752,1384751137378817,57.9,53.25,-1.0,0,0
2026-07-28T23:34:42.922,10.42.0.47,10.42.0.47,17,1,DOWNLOAD,0.9829981496648164,DOWNLOAD,0.9829981496648164,0,43,10.984530385361252,14,7240.0,79528.0,1,13,0.08344089987092015,0.9165591001290798,0.18938853245441017,0,0,0,0,0,0,0,0,0.057499999999999996,0.1,0.0,0.0,0.15,skip,training_upload_trigger_not_confirmed,1785296082.922541,1785296082922540870,1384751139238962,57.9,53.25,-1.0,0,0
2026-07-28T23:34:42.923,10.42.0.47,10.42.0.47,17,1,DOWNLOAD,0.9842257140988042,DOWNLOAD,0.9842257140988042,-1,10136,4.576887660935952,15,17376.0,79528.0,2,13,0.17931148353009163,0.8206885164699084,0.1676057217705518,0,0,0,0,0,0,0,0,0.057499999999999996,0.1,0.0,0.0,0.15,skip,training_upload_trigger_not_confirmed,1785296082.923191,1785296082923190914,1384751139889050,57.9,53.25,-1.0,0,0
2026-07-28T23:34:42.923,10.42.0.47,10.42.0.47,17,1,DOWNLOAD,0.9842586901286671,DOWNLOAD,0.9842586901286671,-1,4344,3.661510128790906,16,21720.0,79528.0,3,13,0.21452275600505688,0.7854772439949431,0.14560621623275963,0,0,0,0,0,0,0,0,0.057499999999999996,0.1,0.0,0.0,0.15,skip,training_upload_trigger_not_confirmed,1785296082.9238486,1785296082923848586,1384751140546694,57.9,53.25,-1.0,0,0
2026-07-28T23:34:42.925,10.42.0.47,10.42.0.47,17,1,DOWNLOAD,0.9842595481342594,DOWNLOAD,0.9842595481342594,-1,14480,2.196906077315002,17,36200.0,79528.0,4,13,0.31280243329185675,0.6871975667081432,0.12657697011657293,0,0,0,0,0,0,0,0,0.057499999999999996,0.1,0.0,0.0,0.15,skip,training_upload_trigger_not_confirmed,1785296082.9250472,1785296082925047154,1384751141745268,57.9,53.25,-1.0,0,0
2026-07-28T23:34:42.926,10.42.0.18,10.42.0.47,16,1,DOWNLOAD,0.95,DOWNLOAD,0.95,-1,4380,3.424657534129292e-11,4,29200.0,0.0,4,0,1.0,0.0,0.6947087298157045,0,0,0,0,0,0,0,0,0.0225,0.0,0.0,0.0,0.15,skip,training_upload_trigger_not_confirmed,1785296082.9263918,1785296082926391749,1384751143089800,57.9,53.25,-1.0,0,0
2026-07-28T23:34:42.927,10.42.0.18,10.42.0.47,16,1,DOWNLOAD,0.95,DOWNLOAD,0.95,-1,14600,2.2831050227789245e-11,5,43800.0,0.0,5,0,1.0,0.0,0.603285944315684,0,0,0,0,0,0,0,0,0.0225,0.0,0.0,0.0,0.15,skip,training_upload_trigger_not_confirmed,1785296082.9273183,1785296082927318220,1384751144016338,57.9,53.25,-1.0,0,0
2026-07-28T23:34:42.928,10.42.0.18,10.42.0.47,16,1,DOWNLOAD,0.95,DOWNLOAD,0.95,-1,14600,1.7123287670939668e-11,6,58400.0,0.0,6,0,1.0,0.0,0.5239433361657002,0,0,0,0,0,0,0,0,0.0225,0.0,0.0,0.0,0.15,skip,training_upload_trigger_not_confirmed,1785296082.9284952,1785296082928495229,1384751145193384,57.9,53.25,-1.0,0,0
2026-07-28T23:34:42.929,10.42.0.59,10.42.0.47,7,1,DOWNLOAD,0.95,DOWNLOAD,0.95,-1,4380,2.2831050227789245e-11,5,43800.0,0.0,5,0,1.0,0.0,1.3101718546252397,0,0,0,0,0,0,0,0,0.0225,0.0,0.0,0.0,0.15,skip,already_attacked_this_round,1785296082.9291527,1785296082929152701,1384751145850871,57.9,53.25,-1.0,0,0
2026-07-28T23:34:42.930,10.42.0.59,10.42.0.47,7,1,DOWNLOAD,0.9569616399269137,DOWNLOAD,0.9569616399269137,-1,20440,1.556662515542393e-11,6,64240.0,0.0,6,0,1.0,0.0,1.1376819303745032,0,0,0,0,0,0,0,0,0.0225,0.0,0.0,0.0,0.15,skip,already_attacked_this_round,1785296082.9303463,1785296082930346245,1384751147044596,57.9,53.25,-1.0,0,0
2026-07-28T23:34:42.931,10.42.0.210,10.42.0.47,17,1,DOWNLOAD,0.9557926560077417,DOWNLOAD,0.9557926560077417,0,43,6.90607734758936e-11,2,14480.0,0.0,2,0,1.0,0.0,0.5365794925643037,0,0,0,0,0,0,0,0,0.0225,0.0,0.0,0.0,0.15,skip,training_upload_trigger_not_confirmed,1785296082.931857,1785296082931857176,1384751148555395,57.9,53.25,-1.0,0,0
2026-07-28T23:34:42.932,10.42.0.210,10.42.0.47,17,1,DOWNLOAD,0.9846998846180315,DOWNLOAD,0.9846998846180315,-1,2896,5.7550644563907074e-11,3,17376.0,0.0,3,0,1.0,0.0,0.4698692925720813,0,0,0,0,0,0,0,0,0.0225,0.0,0.0,0.0,0.15,skip,training_upload_trigger_not_confirmed,1785296082.9325676,1785296082932567617,1384751149265857,57.9,53.25,-1.0,0,0
2026-07-28T23:34:42.934,10.42.0.210,10.42.0.47,17,1,DOWNLOAD,0.9854895428954357,DOWNLOAD,0.9854895428954357,-1,10136,3.634777551481725e-11,4,27512.0,0.0,4,0,1.0,0.0,0.40819873494717923,0,0,0,0,0,0,0,0,0.0225,0.0,0.0,0.0,0.15,skip,training_upload_trigger_not_confirmed,1785296082.934436,1785296082934436146,1384751151134432,57.9,53.25,-1.0,0,0
2026-07-28T23:34:42.935,10.42.0.210,10.42.0.47,17,1,DOWNLOAD,0.9855083405864443,DOWNLOAD,0.9855083405864443,-1,13032,2.4664561956771294e-11,5,40544.0,0.0,5,0,1.0,0.0,0.35456298041186735,0,0,0,0,0,0,0,0,0.0225,0.0,0.0,0.0,0.15,skip,training_upload_trigger_not_confirmed,1785296082.935608,1785296082935607683,1384751152305702,57.9,53.25,-1.0,0,0
2026-07-28T23:34:42.936,10.42.0.145,10.42.0.47,11,1,DOWNLOAD,0.95,DOWNLOAD,0.95,-1,29200,1.369863013679865e-11,5,73000.0,0.0,5,0,1.0,0.0,1.6555993307749666,0,0,0,0,0,0,0,0,0.0225,0.0,0.0,0.0,0.15,skip,training_upload_trigger_not_confirmed,1785296082.936528,1785296082936527880,1384751153225877,57.9,53.25,-1.0,0,0
2026-07-28T23:34:42.937,10.42.0.145,10.42.0.47,11,1,DOWNLOAD,0.9605058107352192,DOWNLOAD,0.9605058107352192,-1,6184,1.2628813901638856e-11,6,79184.0,0.0,6,0,1.0,0.0,1.4375163935010682,0,0,0,0,0,0,0,0,0.0225,0.0,0.0,0.0,0.15,skip,training_upload_trigger_not_confirmed,1785296082.9371562,1785296082937156138,1384751153854084,57.9,53.25,-1.0,0,0
2026-07-28T23:34:42.943,10.42.0.47,10.42.0.47,17,1,DOWNLOAD,0.9842595696464124,DOWNLOAD,0.9842595696464124,-1,18824,1.4453329456156343,18,55024.0,79528.0,5,13,0.40894226767346453,0.5910577323265355,0.11226906280547418,0,0,0,0,0,0,0,0,0.057499999999999996,0.1,0.0,0.0,0.15,skip,training_upload_trigger_not_confirmed,1785296082.9430454,1785296082943045428,1384751159743792,57.9,53.25,-1.0,0,0
2026-07-28T23:34:42.943,10.42.0.47,10.42.0.47,17,1,DOWNLOAD,0.9842595701605352,DOWNLOAD,0.9842595701605352,-1,16920,1.1054153230275574,19,71944.0,79528.0,6,13,0.4749656702228795,0.5250343297771205,0.09757533979919297,0,0,0,0,0,0,0,0,0.039999999999999994,0.05,0.0,0.0,0.15,skip,training_upload_trigger_not_confirmed,1785296082.9438078,1785296082943807859,1384751160506232,57.9,53.25,-1.0,0,0
2026-07-28T23:34:42.945,10.42.0.18,10.42.0.47,16,1,DOWNLOAD,0.95,DOWNLOAD,0.95,-1,14600,1.369863013679865e-11,7,73000.0,0.0,7,0,1.0,0.0,0.45709187944776064,0,0,0,0,0,0,0,0,0.0225,0.0,0.0,0.0,0.15,skip,training_upload_trigger_not_confirmed,1785296082.9451213,1785296082945121353,1384751161819720,57.9,53.25,-1.0,0,0
2026-07-28T23:34:42.945,10.42.0.59,10.42.0.47,7,1,DOWNLOAD,0.967474417635709,DOWNLOAD,0.967474417635709,-1,14961,1.2626103205608186e-11,7,79201.0,0.0,7,0,1.0,0.0,0.9898083626163278,0,0,0,0,0,0,0,0,0.0225,0.0,0.0,0.0,0.15,skip,already_attacked_this_round,1785296082.9458566,1785296082945856550,1384751162554818,57.9,53.25,-1.0,0,0
2026-07-28T23:34:42.946,10.42.0.18,10.42.0.47,16,1,DOWNLOAD,0.9500552781646064,DOWNLOAD,0.9500552781646064,-1,6201,1.2626103205608186e-11,8,79201.0,0.0,8,0,1.0,0.0,0.3970856740636418,0,0,0,0,0,0,0,0,0.0225,0.0,0.0,0.0,0.15,skip,training_upload_trigger_not_confirmed,1785296082.9468427,1785296082946842606,1384751163540838,57.9,53.25,-1.0,0,0
2026-07-28T23:34:42.954,10.42.0.210,10.42.0.47,17,1,DOWNLOAD,0.9855087208476458,DOWNLOAD,0.9855087208476458,-1,8688,2.0311992199782418e-11,6,49232.0,0.0,6,0,1.0,0.0,0.3103102659932858,0,0,0,0,0,0,0,0,0.0225,0.0,0.0,0.0,0.15,skip,training_upload_trigger_not_confirmed,1785296082.9543493,1785296082954349329,1384751171047866,57.9,53.25,-1.0,0,0
2026-07-28T23:34:42.955,10.42.0.210,10.42.0.47,17,1,DOWNLOAD,0.9855087261970161,DOWNLOAD,0.9855087261970161,-1,14480,1.569563033626796e-11,7,63712.0,0.0,7,0,1.0,0.0,0.26955740678184686,0,0,0,0,0,0,0,0,0.0225,0.0,0.0,0.0,0.15,skip,training_upload_trigger_not_confirmed,1785296082.9553974,1785296082955397287,1384751172095519,57.9,53.25,-1.0,0,0
2026-07-28T23:34:42.956,10.42.0.210,10.42.0.47,17,1,DOWNLOAD,0.9855087261721334,DOWNLOAD,0.9855087261721334,-1,15472,1.2628813901638856e-11,8,79184.0,0.0,8,0,1.0,0.0,0.23420769088277937,0,0,0,0,0,0,0,0,0.0225,0.0,0.0,0.0,0.15,skip,training_upload_trigger_not_confirmed,1785296082.9566956,1785296082956695564,1384751173393787,57.9,53.25,-1.0,0,0
2026-07-28T23:34:43.265,10.42.0.59,10.42.0.47,7,3,UPLOAD,0.95,UPLOAD,0.95,1,64240,0.811100869940896,8,79201.0,64240.0,7,1,0.5521503614726613,0.4478496385273388,0.9058860745075307,0,0,0,1,1,1,1,1,0.85,1.0,1.0,0.4,0.8,skip,already_attacked_this_round,1785296083.26512,1785296083265120032,1384751481818675,57.9,53.25,-1.0,0,0
2026-07-28T23:34:43.266,10.42.0.1,10.42.0.1,17,3,UPLOAD,0.95,UPLOAD,0.95,1,7240,0.26782230782753097,41,323976.0,86768.0,28,13,0.7887540657928053,0.21124593420719476,0.04476259228296401,1,0,0,1,1,1,1,1,0.9699999999999999,1.0,1.0,1.0,0.8,trigger,training_upload_trigger_confirmed,1785296083.2663517,1785296083266351683,1384751483049958,57.9,53.25,15.539204,1785296083281891885,1384751498589162
2026-07-28T23:34:43.267,10.42.0.1,10.42.0.1,17,3,UPLOAD,0.95,UPLOAD,0.95,1,7240,0.2901696421979092,42,323976.0,94008.0,28,14,0.7750918695452458,0.22490813045475425,0.03897097057072259,1,0,1,1,1,1,1,1,0.9699999999999999,1.0,1.0,1.0,0.8,skip,attack_already_active,1785296083.2671633,1785296083267163288,1384751483862183,57.9,53.25,-1.0,0,0
2026-07-28T23:34:43.269,10.42.0.145,10.42.0.1,11,3,UPLOAD,0.95,UPLOAD,0.95,1,64240,0.811275005053909,7,79184.0,64240.0,6,1,0.5520972780008925,0.4479027219991075,1.2940087281752002,0,0,0,1,1,1,1,1,0.9299999999999999,1.0,1.0,0.8,0.8,trigger,training_upload_trigger_confirmed,1785296083.2691572,1785296083269157218,1384751485856089,57.9,53.25,23.927138,1785296083293085978,1384751509783227
2026-07-28T23:34:43.270,10.42.0.145,10.42.0.1,11,3,UPLOAD,0.9841010226033655,UPLOAD,0.9841010226033655,1,6529,0.893728531017709,8,79184.0,70769.0,6,2,0.5280587917547498,0.47194120824525015,1.123691324848909,0,0,1,1,1,1,1,1,0.9299999999999999,1.0,1.0,0.8,0.8,skip,attack_already_active,1785296083.2706742,1785296083270674194,1384751487373610,57.9,53.25,-1.0,0,0
2026-07-28T23:34:43.272,10.42.0.1,10.42.0.1,17,3,UPLOAD,0.95,UPLOAD,0.95,1,7240,0.31251697656828736,43,323976.0,101248.0,28,15,0.7618949071548172,0.23810509284518278,0.034535510280941255,1,0,1,1,1,1,1,1,0.9699999999999999,1.0,1.0,1.0,0.8,skip,attack_already_active,1785296083.2724748,1785296083272474798,1384751489174025,57.9,53.25,-1.0,0,0
2026-07-28T23:34:43.273,10.42.0.1,10.42.0.1,17,3,UPLOAD,0.95,UPLOAD,0.95,1,7240,0.3348643109386656,44,323976.0,108488.0,28,16,0.749139812793666,0.25086018720633396,0.030156999480957427,1,0,1,1,1,1,1,1,0.9699999999999999,1.0,1.0,1.0,0.8,skip,attack_already_active,1785296083.273783,1785296083273782926,1384751490481747,57.9,53.25,-1.0,0,0
2026-07-28T23:34:43.275,10.42.0.1,10.42.0.1,17,3,UPLOAD,0.95,UPLOAD,0.95,1,14480,0.37955897967942204,45,323976.0,122968.0,28,17,0.7248693348607432,0.2751306651392568,0.026391814641945142,1,0,1,1,1,1,1,1,0.9699999999999999,1.0,1.0,1.0,0.8,skip,attack_already_active,1785296083.275367,1785296083275367009,1384751492065390,57.9,53.25,-1.0,0,0
2026-07-28T23:34:43.276,10.42.0.1,10.42.0.1,17,3,UPLOAD,0.95,UPLOAD,0.95,1,14480,0.4242536484201785,46,323976.0,137448.0,28,18,0.7021221262873193,0.29787787371268076,0.02302026979248667,1,0,1,1,1,1,1,1,0.9699999999999999,1.0,1.0,1.0,0.8,skip,attack_already_active,1785296083.276173,1785296083276173132,1384751492871413,57.9,53.25,-1.0,0,0
2026-07-28T23:34:43.276,10.42.0.1,10.42.0.1,17,3,UPLOAD,0.9318129534347576,UPLOAD,0.9318129534347576,0,43,0.4242536484201785,46,323976.0,137448.0,28,18,0.7021221262873193,0.29787787371268076,0.059674888195835524,1,0,1,1,1,1,1,1,0.8025,0.7500000000000001,1.0,0.6000000000000001,0.8,skip,attack_already_active,1785296083.2768269,1785296083276826994,1384751493525082,57.9,53.25,-1.0,0,0
2026-07-28T23:34:43.278,10.42.0.1,10.42.0.1,17,3,UPLOAD,0.924188109155209,UPLOAD,0.924188109155209,0,43,0.4242536484201785,46,323976.0,137448.0,28,18,0.7021221262873193,0.29787787371268076,0.051973689883795894,1,0,1,1,1,1,1,1,0.8025,0.7500000000000001,1.0,0.6000000000000001,0.8,skip,attack_already_active,1785296083.2780595,1785296083278059485,1384751494757820,57.9,53.25,-1.0,0,0
2026-07-28T23:34:43.279,10.42.0.1,10.42.0.1,17,3,UPLOAD,0.95,UPLOAD,0.95,1,14480,0.46894831716093494,47,323976.0,151928.0,28,19,0.6807591447014524,0.3192408552985476,0.04550019774374378,1,0,1,1,1,1,1,1,0.9699999999999999,1.0,1.0,1.0,0.8,skip,attack_already_active,1785296083.2790213,1785296083279021397,1384751495719591,57.9,53.25,-1.0,0,0
2026-07-28T23:34:43.279,10.42.0.1,10.42.0.1,17,3,UPLOAD,0.95,UPLOAD,0.95,1,14480,0.5136429859016913,48,323976.0,166408.0,28,20,0.6606577702372018,0.33934222976279815,0.03959862296619955,1,0,1,1,1,1,1,1,0.9699999999999999,1.0,1.0,1.0,0.8,skip,attack_already_active,1785296083.279736,1785296083279736177,1384751496434646,57.9,53.25,-1.0,0,0
2026-07-28T23:34:43.282,10.42.0.1,10.42.0.1,17,3,UPLOAD,0.95,UPLOAD,0.95,1,14480,0.5583376546424478,49,323976.0,180888.0,28,21,0.641709450465868,0.358290549534132,0.03473690395401348,1,0,1,1,1,1,1,1,0.9699999999999999,1.0,1.0,1.0,0.8,skip,attack_already_active,1785296083.2824404,1785296083282440529,1384751499138777,57.9,53.25,-1.0,0,0
2026-07-28T23:34:43.283,10.42.0.1,10.42.0.1,17,3,UPLOAD,0.95,UPLOAD,0.95,1,13032,0.5985628565091285,50,323976.0,193920.0,28,22,0.6255618888734418,0.3744381111265582,0.030285545241849947,1,0,1,1,1,1,1,1,0.9699999999999999,1.0,1.0,1.0,0.8,skip,attack_already_active,1785296083.2833972,1785296083283397068,1384751500095406,57.9,53.25,-1.0,0,0
2026-07-28T23:34:43.284,10.42.0.1,10.42.0.1,17,3,UPLOAD,0.95,UPLOAD,0.95,1,8576,0.6250339531334882,51,323976.0,202496.0,28,23,0.6153717576623258,0.3846282423376742,0.026419379590173875,1,0,1,1,1,1,1,1,0.9699999999999999,1.0,1.0,1.0,0.8,skip,attack_already_active,1785296083.2843435,1785296083284343572,1384751501041765,57.9,53.25,-1.0,0,0
2026-07-28T23:34:43.286,10.42.0.1,10.42.0.1,17,3,UPLOAD,0.95,UPLOAD,0.95,1,14480,0.6697286218742446,52,323976.0,216976.0,28,24,0.5988997175350124,0.40110028246498763,0.0231708148351945,1,0,1,1,1,1,1,1,0.9699999999999999,1.0,1.0,1.0,0.8,skip,attack_already_active,1785296083.2861104,1785296083286110520,1384751502808865,57.9,53.25,-1.0,0,0
2026-07-28T23:34:43.286,10.42.0.1,10.42.0.1,17,3,UPLOAD,0.95,UPLOAD,0.95,1,14480,0.7144232906150011,53,323976.0,231456.0,28,25,0.583286522922698,0.416713477077302,0.02020571330727284,1,0,1,1,1,1,1,1,0.9699999999999999,1.0,1.0,1.0,0.8,skip,attack_already_active,1785296083.2867799,1785296083286779891,1384751503478021,57.9,53.25,-1.0,0,0
2026-07-28T23:34:43.287,10.42.0.1,10.42.0.1,17,3,UPLOAD,0.95,UPLOAD,0.95,1,7129,0.7364280070136787,54,323976.0,238585.0,28,26,0.5758948807329338,0.4241051192670661,0.01764666818912007,1,0,1,1,1,1,1,1,0.9699999999999999,1.0,1.0,1.0,0.8,skip,attack_already_active,1785296083.2875657,1785296083287565903,1384751504264178,57.9,53.25,-1.0,0,0
2026-07-28T23:34:43.360,10.42.0.18,10.42.0.1,16,3,UPLOAD,0.95,UPLOAD,0.95,1,21900,0.2765116602154454,9,79201.0,21900.0,8,1,0.7833849318997834,0.2166150681002166,0.4044096849830565,0,0,0,1,1,1,1,1,0.9699999999999999,1.0,1.0,1.0,0.8,trigger,training_upload_trigger_confirmed,1785296083.3608453,1785296083360845284,1384751577544153,57.9,53.25,31.271848,1785296083392118704,1384751608816001
2026-07-28T23:34:43.362,10.42.0.18,10.42.0.1,16,3,UPLOAD,0.9841010226033655,UPLOAD,0.9841010226033655,1,46720,0.8664032019814598,10,79201.0,68620.0,8,2,0.5357899080644833,0.4642100919355166,0.3513989632553805,0,0,1,1,1,1,1,1,0.9699999999999999,1.0,1.0,1.0,0.8,skip,attack_already_active,1785296083.3629713,1785296083362971510,1384751579669905,57.9,53.25,-1.0,0,0
2026-07-28T23:34:43.363,10.42.0.18,10.42.0.1,16,3,UPLOAD,0.9854688349332961,UPLOAD,0.9854688349332961,1,10908,1.0041287357482338,11,79201.0,79528.0,8,3,0.49896994248058013,0.5010300575194199,0.3052067487261385,0,0,1,1,1,1,1,1,0.9699999999999999,1.0,1.0,1.0,0.8,skip,attack_already_active,1785296083.3638303,1785296083363830236,1384751580528588,57.9,53.25,-1.0,0,0
2026-07-28T23:34:43.365,10.42.0.1,10.42.0.1,17,3,UPLOAD,0.95,UPLOAD,0.95,1,7240,0.7587753413840569,55,323976.0,245825.0,28,27,0.5685774507240247,0.4314225492759753,0.0191655309124519,1,0,1,1,1,1,1,1,0.9699999999999999,1.0,1.0,1.0,0.8,skip,attack_already_active,1785296083.3650064,1785296083365006383,1384751581704961,57.9,53.25,-1.0,0,0
2026-07-28T23:34:43.366,10.42.0.1,10.42.0.1,17,3,UPLOAD,0.95,UPLOAD,0.95,1,7240,0.7811226757544352,56,323976.0,253065.0,28,28,0.561443640919796,0.438556359080204,0.016775946700358965,1,0,1,1,1,1,1,1,0.9699999999999999,1.0,1.0,1.0,0.8,skip,attack_already_active,1785296083.366038,1785296083366038060,1384751582737647,57.9,53.25,-1.0,0,0
2026-07-28T23:34:43.367,10.42.0.1,10.42.0.1,17,3,UPLOAD,0.8074811368342157,UPLOAD,0.8074811368342157,0,43,0.7811226757544352,56,323976.0,253065.0,28,28,0.561443640919796,0.438556359080204,0.02636382627940405,1,0,1,1,1,1,1,1,0.8025,0.7500000000000001,1.0,0.6000000000000001,0.8,skip,attack_already_active,1785296083.3675952,1785296083367595241,1384751584294726,57.9,53.25,-1.0,0,0
2026-07-28T23:34:43.368,10.42.0.1,10.42.0.1,17,3,UPLOAD,0.95,UPLOAD,0.95,1,14480,0.8258173444951916,57,323976.0,267545.0,28,29,0.5476999125982003,0.4523000874017998,0.02322651106160729,1,0,1,1,1,1,1,1,0.9699999999999999,1.0,1.0,1.0,0.8,skip,attack_already_active,1785296083.3685937,1785296083368593692,1384751585292411,57.9,53.25,-1.0,0,0
2026-07-28T23:34:43.369,10.42.0.1,10.42.0.1,17,3,UPLOAD,0.95,UPLOAD,0.95,1,14480,0.870512013235948,58,323976.0,282025.0,28,30,0.534612979186503,0.46538702081349703,0.020281309149592655,1,0,1,1,1,1,1,1,0.9699999999999999,1.0,1.0,1.0,0.8,skip,attack_already_active,1785296083.36947,1785296083369469904,1384751586168274,57.9,53.25,-1.0,0,0
2026-07-28T23:34:43.372,10.42.0.1,10.42.0.1,17,3,UPLOAD,0.95,UPLOAD,0.95,1,14480,0.9152066819767044,59,323976.0,296505.0,28,31,0.5221368583405455,0.47786314165945454,0.017986200034153348,1,0,1,1,1,1,1,1,0.9699999999999999,1.0,1.0,1.0,0.8,skip,attack_already_active,1785296083.3723342,1785296083372334349,1384751589032805,57.9,53.25,-1.0,0,0
2026-07-28T23:34:43.373,10.42.0.1,10.42.0.1,17,3,UPLOAD,0.95,UPLOAD,0.95,1,13032,0.9554318838433852,60,323976.0,309537.0,28,32,0.5113959776673881,0.48860402233261196,0.01570715735833363,1,0,1,1,1,1,1,1,0.9699999999999999,1.0,1.0,1.0,0.8,skip,attack_already_active,1785296083.3730254,1785296083373025617,1384751589723694,57.9,53.25,-1.0,0,0
2026-07-28T23:34:43.373,10.42.0.1,10.42.0.1,17,3,UPLOAD,0.95,UPLOAD,0.95,1,8576,0.9819029804677448,61,323976.0,318113.0,28,33,0.5045655664557406,0.4954344335442594,0.01372884274772521,1,0,1,1,1,1,1,1,0.9699999999999999,1.0,1.0,1.0,0.8,skip,attack_already_active,1785296083.3737197,1785296083373719848,1384751590418009,57.9,53.25,-1.0,0,0
2026-07-28T23:34:44.900,10.42.0.210,10.42.0.1|10.42.0.210,17,3,UPLOAD,0.95,UPLOAD,0.95,1,1448,100.0,1,0.0,1448.0,0,1,0.0,1.0,0.4627739772850126,1,0,0,1,1,1,1,1,0.9525,0.95,1.0,1.0,0.8,trigger,training_upload_trigger_confirmed,1785296084.9005911,1785296084900591172,1384753117290243,7.4,53.25,12.599294,1785296084913192210,1384753129889537
2026-07-28T23:34:44.901,10.42.0.210,10.42.0.1|10.42.0.210,17,3,UPLOAD,0.9841010226033655,UPLOAD,0.9841010226033655,1,1448,100.0,2,0.0,2896.0,0,2,0.0,1.0,0.4019460965019736,1,0,1,1,1,1,1,1,0.9699999999999999,1.0,1.0,1.0,0.8,skip,attack_already_active,1785296084.9017591,1785296084901759245,1384753118457643,7.4,53.25,-1.0,0,0
2026-07-28T23:34:44.903,10.42.0.210,10.42.0.1|10.42.0.210,17,3,UPLOAD,0.9854688349332961,UPLOAD,0.9854688349332961,1,1448,100.0,3,0.0,4344.0,0,3,0.0,1.0,0.34918652734821726,1,0,1,1,1,1,1,1,0.9699999999999999,1.0,1.0,1.0,0.8,skip,attack_already_active,1785296084.9033275,1785296084903327388,1384753120026137,7.4,53.25,-1.0,0,0
2026-07-28T23:34:44.904,10.42.0.210,10.42.0.1|10.42.0.210,17,3,UPLOAD,0.9855076450773014,UPLOAD,0.9855076450773014,1,1448,100.0,4,0.0,5792.0,0,4,0.0,1.0,0.3033098269238369,1,0,1,1,1,1,1,1,0.9699999999999999,1.0,1.0,1.0,0.8,skip,attack_already_active,1785296084.9043684,1785296084904368332,1384753121066659,7.4,53.25,-1.0,0,0
2026-07-28T23:34:44.905,10.42.0.210,10.42.0.1|10.42.0.210,17,3,UPLOAD,0.9855086980780915,UPLOAD,0.9855086980780915,1,1448,100.0,5,0.0,7240.0,0,5,0.0,1.0,0.26352760985136287,1,0,1,1,1,1,1,1,0.9699999999999999,1.0,1.0,1.0,0.8,skip,attack_already_active,1785296084.905782,1785296084905781978,1384753122480397,7.4,53.25,-1.0,0,0
2026-07-28T23:34:44.906,10.42.0.210,10.42.0.1|10.42.0.210,17,3,UPLOAD,0.9855087254685951,UPLOAD,0.9855087254685951,1,1448,100.0,6,0.0,8688.0,0,6,0.0,1.0,0.2289435945741071,1,0,1,1,1,1,1,1,0.9699999999999999,1.0,1.0,1.0,0.8,skip,attack_already_active,1785296084.906861,1785296084906861064,1384753123559727,7.4,53.25,-1.0,0,0
2026-07-28T23:34:44.908,10.42.0.210,10.42.0.1|10.42.0.210,17,3,UPLOAD,0.9855087261493067,UPLOAD,0.9855087261493067,1,1448,100.0,7,0.0,10136.0,0,7,0.0,1.0,0.1989936224461269,1,0,1,1,1,1,1,1,0.9699999999999999,1.0,1.0,1.0,0.8,skip,attack_already_active,1785296084.9085226,1785296084908522488,1384753125221459,7.4,53.25,-1.0,0,0
2026-07-28T23:34:44.909,10.42.0.210,10.42.0.1|10.42.0.210,17,3,UPLOAD,0.9855087261653082,UPLOAD,0.9855087261653082,1,1448,100.0,8,0.0,11584.0,0,8,0.0,1.0,0.17291291072830817,1,0,1,1,1,1,1,1,0.9699999999999999,1.0,1.0,1.0,0.8,skip,attack_already_active,1785296084.909597,1785296084909596802,1384753126295492,7.4,53.25,-1.0,0,0
2026-07-28T23:34:44.911,10.42.0.210,10.42.0.1|10.42.0.210,17,3,UPLOAD,0.985508726165656,UPLOAD,0.985508726165656,1,1448,100.0,9,0.0,13032.0,0,9,0.0,1.0,0.1503127983295532,1,0,1,1,1,1,1,1,0.9699999999999999,1.0,1.0,1.0,0.8,skip,attack_already_active,1785296084.9110038,1785296084911004017,1384753127702415,7.4,53.25,-1.0,0,0
2026-07-28T23:34:44.911,10.42.0.210,10.42.0.1|10.42.0.210,17,3,UPLOAD,0.9855087261656625,UPLOAD,0.9855087261656625,1,1448,100.0,10,0.0,14480.0,0,10,0.0,1.0,0.13062539253997127,1,0,1,1,1,1,1,1,0.9699999999999999,1.0,1.0,1.0,0.8,skip,attack_already_active,1785296084.9119143,1785296084911914345,1384753128612657,7.4,53.25,-1.0,0,0
2026-07-28T23:34:44.913,10.42.0.210,10.42.0.1|10.42.0.210,17,3,UPLOAD,0.9855087261656628,UPLOAD,0.9855087261656628,1,1448,100.0,11,0.0,15928.0,0,11,0.0,1.0,0.1135861651710785,1,0,1,1,1,1,1,1,0.9699999999999999,1.0,1.0,1.0,0.8,skip,attack_already_active,1785296084.9132338,1785296084913233579,1384753129931821,7.4,53.25,-1.0,0,0
2026-07-28T23:34:44.914,10.42.0.210,10.42.0.1|10.42.0.210,17,3,UPLOAD,0.95,UPLOAD,0.95,1,1448,100.0,12,0.0,17376.0,0,12,0.0,1.0,0.09873876896609017,1,0,1,1,1,1,1,1,0.9699999999999999,1.0,1.0,1.0,0.8,skip,attack_already_active,1785296084.9141471,1785296084914146957,1384753130845241,7.4,53.25,-1.0,0,0
2026-07-28T23:34:44.915,10.42.0.210,10.42.0.1|10.42.0.210,17,3,UPLOAD,0.95,UPLOAD,0.95,1,1448,100.0,13,0.0,18824.0,0,13,0.0,1.0,0.08591181508396964,1,0,1,1,1,1,1,1,0.9699999999999999,1.0,1.0,1.0,0.8,skip,attack_already_active,1785296084.9155457,1785296084915545699,1384753132244144,7.4,53.25,-1.0,0,0
2026-07-28T23:34:44.916,10.42.0.210,10.42.0.1|10.42.0.210,17,3,UPLOAD,0.95,UPLOAD,0.95,1,1448,100.0,14,0.0,20272.0,0,14,0.0,1.0,0.07471920311856216,1,0,1,1,1,1,1,1,0.9699999999999999,1.0,1.0,1.0,0.8,skip,attack_already_active,1785296084.9165199,1785296084916519949,1384753133218206,7.4,53.25,-1.0,0,0
2026-07-28T23:34:44.917,10.42.0.210,10.42.0.1|10.42.0.210,17,3,UPLOAD,0.95,UPLOAD,0.95,1,1448,100.0,15,0.0,21720.0,0,15,0.0,1.0,0.06505474428057102,1,0,1,1,1,1,1,1,0.9699999999999999,1.0,1.0,1.0,0.8,skip,attack_already_active,1785296084.9178982,1785296084917898358,1384753134596871,7.4,53.25,-1.0,0,0
2026-07-28T23:34:44.919,10.42.0.210,10.42.0.1|10.42.0.210,17,3,UPLOAD,0.95,UPLOAD,0.95,1,1448,100.0,16,0.0,23168.0,0,16,0.0,1.0,0.056662337750439905,1,0,1,1,1,1,1,1,0.9699999999999999,1.0,1.0,1.0,0.8,skip,attack_already_active,1785296084.9192653,1785296084919265351,1384753135963921,7.4,53.25,-1.0,0,0
2026-07-28T23:34:44.920,10.42.0.210,10.42.0.1|10.42.0.210,17,3,UPLOAD,0.95,UPLOAD,0.95,1,1448,100.0,17,0.0,24616.0,0,17,0.0,1.0,0.049387774775678094,1,0,1,1,1,1,1,1,0.9699999999999999,1.0,1.0,1.0,0.8,skip,attack_already_active,1785296084.920723,1785296084920722862,1384753137421211,7.4,53.25,-1.0,0,0
2026-07-28T23:34:44.921,10.42.0.210,10.42.0.1|10.42.0.210,17,3,UPLOAD,0.95,UPLOAD,0.95,1,1448,100.0,18,0.0,26064.0,0,18,0.0,1.0,0.042997573963532404,1,0,1,1,1,1,1,1,0.9699999999999999,1.0,1.0,1.0,0.8,skip,attack_already_active,1785296084.9216173,1785296084921617275,1384753138315704,7.4,53.25,-1.0,0,0
2026-07-28T23:34:44.922,10.42.0.210,10.42.0.1|10.42.0.210,17,3,UPLOAD,0.95,UPLOAD,0.95,1,1448,100.0,19,0.0,27512.0,0,19,0.0,1.0,0.03750551867352737,1,0,1,1,1,1,1,1,0.9699999999999999,1.0,1.0,1.0,0.8,skip,attack_already_active,1785296084.9229372,1785296084922937146,1384753139635658,7.4,53.25,-1.0,0,0
2026-07-28T23:34:44.923,10.42.0.210,10.42.0.1|10.42.0.210,17,3,UPLOAD,0.95,UPLOAD,0.95,1,1448,100.0,20,0.0,28960.0,0,20,0.0,1.0,0.03269529654892836,1,0,1,1,1,1,1,1,0.9699999999999999,1.0,1.0,1.0,0.8,skip,attack_already_active,1785296084.9239392,1785296084923939362,1384753140637810,7.4,53.25,-1.0,0,0
2026-07-28T23:34:44.925,10.42.0.210,10.42.0.1|10.42.0.210,17,3,UPLOAD,0.95,UPLOAD,0.95,1,1448,100.0,21,0.0,30408.0,0,21,0.0,1.0,0.028571626006208946,1,0,1,1,1,1,1,1,0.9699999999999999,1.0,1.0,1.0,0.8,skip,attack_already_active,1785296084.9253411,1785296084925341081,1384753142039832,7.4,53.25,-1.0,0,0
2026-07-28T23:34:44.926,10.42.0.210,10.42.0.1|10.42.0.210,17,3,UPLOAD,0.95,UPLOAD,0.95,1,1448,100.0,22,0.0,31856.0,0,22,0.0,1.0,0.024938819929459115,1,0,1,1,1,1,1,1,0.9699999999999999,1.0,1.0,1.0,0.8,skip,attack_already_active,1785296084.9263444,1785296084926344417,1384753143043530,7.4,53.25,-1.0,0,0
2026-07-28T23:34:44.927,10.42.0.210,10.42.0.1|10.42.0.210,17,3,UPLOAD,0.95,UPLOAD,0.95,1,1448,100.0,23,0.0,33304.0,0,23,0.0,1.0,0.021857864840869823,1,0,1,1,1,1,1,1,0.9699999999999999,1.0,1.0,1.0,0.8,skip,attack_already_active,1785296084.9279027,1785296084927902804,1384753144601155,7.4,53.25,-1.0,0,0
2026-07-28T23:34:44.928,10.42.0.210,10.42.0.1|10.42.0.210,17,3,UPLOAD,0.95,UPLOAD,0.95,1,1448,100.0,24,0.0,34752.0,0,24,0.0,1.0,0.019114567949935587,1,0,1,1,1,1,1,1,0.9699999999999999,1.0,1.0,1.0,0.8,skip,attack_already_active,1785296084.9289424,1785296084928942322,1384753145641132,7.4,53.25,-1.0,0,0
2026-07-28T23:34:44.930,10.42.0.210,10.42.0.1|10.42.0.210,17,3,UPLOAD,0.95,UPLOAD,0.95,1,1448,100.0,25,0.0,36200.0,0,25,0.0,1.0,0.016795571095269614,1,0,1,1,1,1,1,1,0.9699999999999999,1.0,1.0,1.0,0.8,skip,attack_already_active,1785296084.9304588,1785296084930458916,1384753147158970,7.4,53.25,-1.0,0,0
2026-07-28T23:34:44.931,10.42.0.210,10.42.0.1|10.42.0.210,17,3,UPLOAD,0.95,UPLOAD,0.95,1,1448,100.0,26,0.0,37648.0,0,26,0.0,1.0,0.01472614144953633,1,0,1,1,1,1,1,1,0.9699999999999999,1.0,1.0,1.0,0.8,skip,attack_already_active,1785296084.93155,1785296084931550048,1384753148248605,7.4,53.25,-1.0,0,0
2026-07-28T23:34:44.932,10.42.0.210,10.42.0.1|10.42.0.210,17,3,UPLOAD,0.95,UPLOAD,0.95,1,1448,100.0,27,0.0,39096.0,0,27,0.0,1.0,0.012976378931070062,1,0,1,1,1,1,1,1,0.9699999999999999,1.0,1.0,1.0,0.8,skip,attack_already_active,1785296084.9329977,1785296084932997549,1384753149696208,7.4,53.25,-1.0,0,0
2026-07-28T23:34:44.933,10.42.0.210,10.42.0.1|10.42.0.210,17,3,UPLOAD,0.95,UPLOAD,0.95,1,1448,100.0,28,0.0,40544.0,0,28,0.0,1.0,0.011390019863296498,1,0,1,1,1,1,1,1,0.9699999999999999,1.0,1.0,1.0,0.8,skip,attack_already_active,1785296084.9339356,1785296084933935621,1384753150633857,7.4,53.25,-1.0,0,0
2026-07-28T23:34:44.935,10.42.0.210,10.42.0.1|10.42.0.210,17,3,UPLOAD,0.95,UPLOAD,0.95,1,1448,100.0,29,0.0,41992.0,0,29,0.0,1.0,0.010068562701288086,1,0,1,1,1,1,1,1,0.9699999999999999,1.0,1.0,1.0,0.8,skip,attack_already_active,1785296084.9352975,1785296084935297600,1384753151995908,7.4,53.25,-1.0,0,0
2026-07-28T23:34:44.936,10.42.0.210,10.42.0.1|10.42.0.210,17,3,UPLOAD,0.95,UPLOAD,0.95,1,1448,100.0,30,0.0,43440.0,0,30,0.0,1.0,0.008866981864088061,1,0,1,1,1,1,1,1,0.9699999999999999,1.0,1.0,1.0,0.8,skip,attack_already_active,1785296084.9362476,1785296084936247516,1384753152945829,7.4,53.25,-1.0,0,0
2026-07-28T23:34:44.937,10.42.0.210,10.42.0.1|10.42.0.210,17,3,UPLOAD,0.95,UPLOAD,0.95,1,1448,100.0,31,0.0,44888.0,0,31,0.0,1.0,0.007886762171525459,1,0,1,1,1,1,1,1,0.9699999999999999,1.0,1.0,1.0,0.8,skip,attack_already_active,1785296084.937676,1785296084937676117,1384753154374611,7.4,53.25,-1.0,0,0
2026-07-28T23:34:44.938,10.42.0.210,10.42.0.1|10.42.0.210,17,3,UPLOAD,0.95,UPLOAD,0.95,1,1448,100.0,32,0.0,46336.0,0,32,0.0,1.0,0.006977870824601044,1,0,1,1,1,1,1,1,0.9699999999999999,1.0,1.0,1.0,0.8,skip,attack_already_active,1785296084.9386654,1785296084938665398,1384753155363565,7.4,53.25,-1.0,0,0
2026-07-28T23:34:44.940,10.42.0.210,10.42.0.1|10.42.0.210,17,3,UPLOAD,0.95,UPLOAD,0.95,1,1448,100.0,33,0.0,47784.0,0,33,0.0,1.0,0.006247530260195901,1,0,1,1,1,1,1,1,0.9699999999999999,1.0,1.0,1.0,0.8,skip,attack_already_active,1785296084.940101,1785296084940100779,1384753156799232,7.4,53.25,-1.0,0,0
2026-07-28T23:34:44.941,10.42.0.210,10.42.0.1|10.42.0.210,17,3,UPLOAD,0.95,UPLOAD,0.95,1,1448,100.0,34,0.0,49232.0,0,34,0.0,1.0,0.005551631749372006,1,0,1,1,1,1,1,1,0.9699999999999999,1.0,1.0,1.0,0.8,skip,attack_already_active,1785296084.9410675,1785296084941067578,1384753157765958,7.4,53.25,-1.0,0,0
2026-07-28T23:34:44.942,10.42.0.210,10.42.0.1|10.42.0.210,17,3,UPLOAD,0.95,UPLOAD,0.95,1,1448,100.0,35,0.0,50680.0,0,35,0.0,1.0,0.004949759788781151,1,0,1,1,1,1,1,1,0.9699999999999999,1.0,1.0,1.0,0.8,skip,attack_already_active,1785296084.9420516,1785296084942051623,1384753158749930,7.4,53.25,-1.0,0,0
2026-07-28T23:34:44.943,10.42.0.210,10.42.0.1|10.42.0.210,17,3,UPLOAD,0.95,UPLOAD,0.95,1,1448,100.0,36,0.0,52128.0,0,36,0.0,1.0,0.004423680428134953,1,0,1,1,1,1,1,1,0.9699999999999999,1.0,1.0,1.0,0.8,skip,attack_already_active,1785296084.9430091,1785296084943008897,1384753159707094,7.4,53.25,-1.0,0,0
2026-07-28T23:34:44.944,10.42.0.210,10.42.0.1|10.42.0.210,17,3,UPLOAD,0.95,UPLOAD,0.95,1,1448,100.0,37,0.0,53576.0,0,37,0.0,1.0,0.004029068674402987,1,0,1,1,1,1,1,1,0.9699999999999999,1.0,1.0,1.0,0.8,skip,attack_already_active,1785296084.9444382,1785296084944438324,1384753161136605,7.4,53.25,-1.0,0,0
2026-07-28T23:34:44.945,10.42.0.210,10.42.0.1|10.42.0.210,17,3,UPLOAD,0.95,UPLOAD,0.95,1,1448,100.0,38,0.0,55024.0,0,38,0.0,1.0,0.00362836575139913,1,0,1,1,1,1,1,1,0.9699999999999999,1.0,1.0,1.0,0.8,skip,attack_already_active,1785296084.9454265,1785296084945426416,1384753162124650,7.4,53.25,-1.0,0,0
2026-07-28T23:34:44.946,10.42.0.210,10.42.0.1|10.42.0.210,17,3,UPLOAD,0.95,UPLOAD,0.95,1,1448,100.0,39,0.0,56472.0,0,39,0.0,1.0,0.00327945988380421,1,0,1,1,1,1,1,1,0.9699999999999999,1.0,1.0,1.0,0.8,skip,attack_already_active,1785296084.946407,1785296084946407061,1384753163105377,7.4,53.25,-1.0,0,0
2026-07-28T23:34:44.947,10.42.0.210,10.42.0.1|10.42.0.210,17,3,UPLOAD,0.95,UPLOAD,0.95,1,1448,100.0,40,0.0,57920.0,0,40,0.0,1.0,0.003029343688155222,1,0,1,1,1,1,1,1,0.9699999999999999,1.0,1.0,1.0,0.8,skip,attack_already_active,1785296084.9477885,1785296084947788546,1384753164486778,7.4,53.25,-1.0,0,0
2026-07-28T23:34:44.950,10.42.0.1,10.42.0.1|10.42.0.210,17,3,UPLOAD,0.95,UPLOAD,0.95,1,7240,100.0,1,0.0,7240.0,0,1,0.0,1.0,0.21459459683955576,1,0,1,1,1,1,1,1,0.9699999999999999,1.0,1.0,1.0,0.8,skip,attack_already_active,1785296084.95055,1785296084950549960,1384753167248310,7.4,53.25,-1.0,0,0
2026-07-28T23:34:44.951,10.42.0.1,10.42.0.1|10.42.0.210,17,3,UPLOAD,0.9565673532030956,UPLOAD,0.9565673532030956,1,7240,100.0,2,0.0,14480.0,0,2,0.0,1.0,0.18644839842413838,1,0,1,1,1,1,1,1,0.9699999999999999,1.0,1.0,1.0,0.8,skip,attack_already_active,1785296084.951551,1785296084951550982,1384753168249251,7.4,53.25,-1.0,0,0
2026-07-28T23:34:45.013,10.42.0.1,10.42.0.1|10.42.0.210,17,3,UPLOAD,0.9730831264702112,UPLOAD,0.9730831264702112,1,14480,100.0,3,0.0,28960.0,0,3,0.0,1.0,0.17007463551344928,1,0,1,1,1,1,1,1,0.9699999999999999,1.0,1.0,1.0,0.8,skip,attack_already_active,1785296085.0137434,1785296085013743391,1384753230442354,7.4,53.25,-1.0,0,0
2026-07-28T23:34:45.014,10.42.0.1,10.42.0.1|10.42.0.210,17,3,UPLOAD,0.9747510199375208,UPLOAD,0.9747510199375208,1,14480,100.0,4,0.0,43440.0,0,4,0.0,1.0,0.14780090642128424,1,0,1,1,1,1,1,1,0.9699999999999999,1.0,1.0,1.0,0.8,skip,attack_already_active,1785296085.0147889,1785296085014788863,1384753231487258,7.4,53.25,-1.0,0,0
2026-07-28T23:34:45.015,10.42.0.1,10.42.0.1|10.42.0.210,17,3,UPLOAD,0.9736230952953473,UPLOAD,0.9736230952953473,0,43,100.0,4,0.0,43440.0,0,4,0.0,1.0,0.3455148275618575,1,0,1,1,1,1,1,1,0.8374999999999999,0.8500000000000001,1.0,0.6000000000000001,0.8,skip,attack_already_active,1785296085.0157924,1785296085015792322,1384753232490748,7.4,53.25,-1.0,0,0
2026-07-28T23:34:45.018,10.42.0.1,10.42.0.1|10.42.0.210,17,3,UPLOAD,0.9754647319739008,UPLOAD,0.9754647319739008,1,14480,100.0,5,0.0,57920.0,0,5,0.0,1.0,0.30044063094234436,1,0,1,1,1,1,1,1,0.9699999999999999,1.0,1.0,1.0,0.8,skip,attack_already_active,1785296085.018248,1785296085018248253,1384753234946581,7.4,53.25,-1.0,0,0
2026-07-28T23:34:45.019,10.42.0.1,10.42.0.1|10.42.0.210,17,3,UPLOAD,0.9762235659004429,UPLOAD,0.9762235659004429,1,13032,100.0,6,0.0,70952.0,0,6,0.0,1.0,0.260989185918874,1,0,1,1,1,1,1,1,0.9699999999999999,1.0,1.0,1.0,0.8,skip,attack_already_active,1785296085.0193026,1785296085019302714,1384753236009337,7.4,53.25,-1.0,0,0
2026-07-28T23:34:45.022,10.42.0.1,10.42.0.1|10.42.0.210,17,3,UPLOAD,0.9767426510393202,UPLOAD,0.9767426510393202,1,8577,100.0,7,0.0,79529.0,0,7,0.0,1.0,0.22698987893042322,1,0,1,1,1,1,1,1,0.9699999999999999,1.0,1.0,1.0,0.8,skip,attack_already_active,1785296085.0222805,1785296085022280432,1384753238978803,7.4,53.25,-1.0,0,0
2026-07-28T23:34:45.357,10.42.0.47,10.42.0.1|10.42.0.210|10.42.0.47,17,3,UPLOAD,0.95,UPLOAD,0.95,1,7240,100.0,1,0.0,7240.0,0,1,0.0,1.0,0.40561590398924297,1,0,0,1,1,1,1,1,0.9699999999999999,1.0,1.0,1.0,0.8,trigger,training_upload_trigger_confirmed,1785296085.357751,1785296085357750798,1384753574449661,58.6,53.26171875,13.296145,1785296085371048525,1384753587745806
2026-07-28T23:34:45.358,10.42.0.47,10.42.0.1|10.42.0.210|10.42.0.47,17,3,UPLOAD,0.95,UPLOAD,0.95,1,4344,100.0,2,0.0,11584.0,0,2,0.0,1.0,0.3523000164333714,1,0,1,1,1,1,1,1,0.9699999999999999,1.0,1.0,1.0,0.8,skip,attack_already_active,1785296085.3587673,1785296085358767360,1384753575465956,58.6,53.26171875,-1.0,0,0
2026-07-28T23:34:45.362,10.42.0.47,10.42.0.1|10.42.0.210|10.42.0.47,17,3,UPLOAD,0.95,UPLOAD,0.95,1,2896,100.0,3,0.0,14480.0,0,3,0.0,1.0,0.30638008807637085,1,0,1,1,1,1,1,1,0.9699999999999999,1.0,1.0,1.0,0.8,skip,attack_already_active,1785296085.3625937,1785296085362593586,1384753579293087,58.6,53.26171875,-1.0,0,0
2026-07-28T23:34:45.364,10.42.0.47,10.42.0.1|10.42.0.210|10.42.0.47,17,3,UPLOAD,0.95,UPLOAD,0.95,1,13032,100.0,4,0.0,27512.0,0,4,0.0,1.0,0.26619753033149984,1,0,1,1,1,1,1,1,0.9699999999999999,1.0,1.0,1.0,0.8,skip,attack_already_active,1785296085.3640394,1785296085364039353,1384753580740019,58.6,53.26171875,-1.0,0,0
2026-07-28T23:34:45.366,10.42.0.47,10.42.0.1|10.42.0.210|10.42.0.47,17,3,UPLOAD,0.95,UPLOAD,0.95,1,10136,100.0,5,0.0,37648.0,0,5,0.0,1.0,0.23139659436730314,1,0,1,1,1,1,1,1,0.9699999999999999,1.0,1.0,1.0,0.8,skip,attack_already_active,1785296085.3661423,1785296085366142330,1384753582841616,58.6,53.26171875,-1.0,0,0
2026-07-28T23:34:45.368,10.42.0.47,10.42.0.1|10.42.0.210|10.42.0.47,17,3,UPLOAD,0.95,UPLOAD,0.95,1,5792,100.0,6,0.0,43440.0,0,6,0.0,1.0,0.20118257002999212,1,0,1,1,1,1,1,1,0.9699999999999999,1.0,1.0,1.0,0.8,skip,attack_already_active,1785296085.368253,1785296085368252854,1384753584951438,58.6,53.26171875,-1.0,0,0
2026-07-28T23:34:45.369,10.42.0.47,10.42.0.1|10.42.0.210|10.42.0.47,17,3,UPLOAD,0.95,UPLOAD,0.95,1,14480,100.0,7,0.0,57920.0,0,7,0.0,1.0,0.17481237413021256,1,0,1,1,1,1,1,1,0.9699999999999999,1.0,1.0,1.0,0.8,skip,attack_already_active,1785296085.3693194,1785296085369319530,1384753586018037,58.6,53.26171875,-1.0,0,0
2026-07-28T23:34:45.372,10.42.0.47,10.42.0.1|10.42.0.210|10.42.0.47,17,3,UPLOAD,0.95,UPLOAD,0.95,1,4344,100.0,8,0.0,62264.0,0,8,0.0,1.0,0.15225876189946172,1,0,1,1,1,1,1,1,0.9699999999999999,1.0,1.0,1.0,0.8,skip,attack_already_active,1785296085.3729787,1785296085372978560,1384753589677192,58.6,53.26171875,-1.0,0,0
2026-07-28T23:34:45.374,10.42.0.47,10.42.0.1|10.42.0.210|10.42.0.47,17,3,UPLOAD,0.95,UPLOAD,0.95,1,15928,100.0,9,0.0,78192.0,0,9,0.0,1.0,0.13234304644021627,1,0,1,1,1,1,1,1,0.9699999999999999,1.0,1.0,1.0,0.8,skip,attack_already_active,1785296085.3741026,1785296085374102559,1384753590801109,58.6,53.26171875,-1.0,0,0
2026-07-28T23:34:45.376,10.42.0.47,10.42.0.1|10.42.0.210|10.42.0.47,17,3,UPLOAD,0.95,UPLOAD,0.95,1,1336,100.0,10,0.0,79528.0,0,10,0.0,1.0,0.11517100598381136,1,0,1,1,1,1,1,1,0.9699999999999999,1.0,1.0,1.0,0.8,skip,attack_already_active,1785296085.3761318,1785296085376131870,1384753592830716,58.6,53.26171875,-1.0,0,0
2026-07-28T23:34:45.377,10.42.0.1,10.42.0.1|10.42.0.210|10.42.0.47,17,3,UPLOAD,0.9771845162929724,UPLOAD,0.9771845162929724,1,7240,100.0,8,0.0,86769.0,0,8,0.0,1.0,0.23824002174581038,1,0,1,1,1,1,1,1,0.9699999999999999,1.0,1.0,1.0,0.8,skip,attack_already_active,1785296085.377216,1785296085377215963,1384753593914609,58.6,53.26171875,-1.0,0,0
2026-07-28T23:34:45.378,10.42.0.1,10.42.0.1|10.42.0.210|10.42.0.47,17,3,UPLOAD,0.977578981197669,UPLOAD,0.977578981197669,1,7240,100.0,9,0.0,94009.0,0,9,0.0,1.0,0.20704098349222477,1,0,1,1,1,1,1,1,0.9699999999999999,1.0,1.0,1.0,0.8,skip,attack_already_active,1785296085.3786952,1785296085378695040,1384753595393757,58.6,53.26171875,-1.0,0,0
2026-07-28T23:34:45.380,10.42.0.1,10.42.0.1|10.42.0.210|10.42.0.47,17,3,UPLOAD,0.9779565484965048,UPLOAD,0.9779565484965048,1,11584,100.0,10,0.0,105593.0,0,10,0.0,1.0,0.17995195664940594,1,0,1,1,1,1,1,1,0.9699999999999999,1.0,1.0,1.0,0.8,skip,attack_already_active,1785296085.380165,1785296085380165155,1384753596863571,58.6,53.26171875,-1.0,0,0
2026-07-28T23:34:45.381,10.42.0.1,10.42.0.1|10.42.0.210|10.42.0.47,17,3,UPLOAD,0.9780519253955282,UPLOAD,0.9780519253955282,1,11584,100.0,11,0.0,117177.0,0,11,0.0,1.0,0.15637532927727824,1,0,1,1,1,1,1,1,0.9699999999999999,1.0,1.0,1.0,0.8,skip,attack_already_active,1785296085.3812006,1785296085381200518,1384753597899018,58.6,53.26171875,-1.0,0,0
2026-07-28T23:34:45.382,10.42.0.1,10.42.0.1|10.42.0.210|10.42.0.47,17,3,UPLOAD,0.9768337038690736,UPLOAD,0.9768337038690736,0,43,100.0,11,0.0,117177.0,0,11,0.0,1.0,0.18406501142088955,1,0,1,1,1,1,1,1,0.8374999999999999,0.8500000000000001,1.0,0.6000000000000001,0.8,skip,attack_already_active,1785296085.382297,1785296085382297006,1384753598996357,58.6,53.26171875,-1.0,0,0
2026-07-28T23:34:45.385,10.42.0.1,10.42.0.1|10.42.0.210|10.42.0.47,17,3,UPLOAD,0.9777756725562194,UPLOAD,0.9777756725562194,1,7240,100.0,12,0.0,124417.0,0,12,0.0,1.0,0.1603830286005739,1,0,1,1,1,1,1,1,0.9699999999999999,1.0,1.0,1.0,0.8,skip,attack_already_active,1785296085.3855495,1785296085385549595,1384753602248472,58.6,53.26171875,-1.0,0,0
2026-07-28T23:34:45.387,10.42.0.1,10.42.0.1|10.42.0.210|10.42.0.47,17,3,UPLOAD,0.9776172504454095,UPLOAD,0.9776172504454095,1,4344,100.0,13,0.0,128761.0,0,13,0.0,1.0,0.13951380374898037,1,0,1,1,1,1,1,1,0.9699999999999999,1.0,1.0,1.0,0.8,skip,attack_already_active,1785296085.3875618,1785296085387561662,1384753604260134,58.6,53.26171875,-1.0,0,0
2026-07-28T23:34:45.388,10.42.0.1,10.42.0.1|10.42.0.210|10.42.0.47,17,3,UPLOAD,0.9781355917156164,UPLOAD,0.9781355917156164,1,7240,100.0,14,0.0,136001.0,0,14,0.0,1.0,0.12126008025995924,1,0,1,1,1,1,1,1,0.9699999999999999,1.0,1.0,1.0,0.8,skip,attack_already_active,1785296085.3885531,1785296085388553196,1384753605251459,58.6,53.26171875,-1.0,0,0
2026-07-28T23:34:45.389,10.42.0.1,10.42.0.1|10.42.0.210|10.42.0.47,17,3,UPLOAD,0.9781539412945366,UPLOAD,0.9781539412945366,1,4344,100.0,15,0.0,140345.0,0,15,0.0,1.0,0.10546093126330078,1,0,1,1,1,1,1,1,0.9699999999999999,1.0,1.0,1.0,0.8,skip,attack_already_active,1785296085.3899179,1785296085389918022,1384753606616297,58.6,53.26171875,-1.0,0,0
2026-07-28T23:34:45.391,10.42.0.1,10.42.0.1|10.42.0.210|10.42.0.47,17,3,UPLOAD,0.978195029440928,UPLOAD,0.978195029440928,1,7240,100.0,16,0.0,147585.0,0,16,0.0,1.0,0.09176579322254474,1,0,1,1,1,1,1,1,0.9699999999999999,1.0,1.0,1.0,0.8,skip,attack_already_active,1785296085.3914502,1785296085391450186,1384753608148530,58.6,53.26171875,-1.0,0,0
2026-07-28T23:34:45.392,10.42.0.1,10.42.0.1|10.42.0.210|10.42.0.47,17,3,UPLOAD,0.9781584959081208,UPLOAD,0.9781584959081208,1,4344,100.0,17,0.0,151929.0,0,17,0.0,1.0,0.07986850712857249,1,0,1,1,1,1,1,1,0.9699999999999999,1.0,1.0,1.0,0.8,skip,attack_already_active,1785296085.3929307,1785296085392930728,1384753609628945,58.6,53.26171875,-1.0,0,0
2026-07-28T23:34:45.394,10.42.0.1,10.42.0.1|10.42.0.210|10.42.0.47,17,3,UPLOAD,0.9786913986475652,UPLOAD,0.9786913986475652,1,7128,100.0,18,0.0,159057.0,0,18,0.0,1.0,0.0696009662808642,1,0,1,1,1,1,1,1,0.9699999999999999,1.0,1.0,1.0,0.8,skip,attack_already_active,1785296085.3948817,1785296085394881709,1384753611580028,58.6,53.26171875,-1.0,0,0
2026-07-28T23:34:45.682,10.42.0.1,10.42.0.210,18,1,DOWNLOAD,0.9771343409995349,DOWNLOAD,0.9771343409995349,-1,1448,100.0,19,1448.0,159057.0,1,18,0.009021525809164823,0.9909784741908352,0.09998875214402632,0,0,0,0,1,0,0,0,0.44,0.8500000000000001,0.0,0.6000000000000001,0.15,skip,training_upload_trigger_not_confirmed,1785296085.6825025,1785296085682502461,1384753899201239,58.6,53.26171875,-1.0,0,0
2026-07-28T23:34:45.686,10.42.0.1,10.42.0.210,18,1,DOWNLOAD,0.95,DOWNLOAD,0.95,-1,5792,21.969198892131327,20,7240.0,159057.0,2,18,0.04353656409917196,0.956463435900828,0.08734305170013133,0,0,0,0,1,0,0,0,0.44,0.8500000000000001,0.0,0.6000000000000001,0.15,skip,training_upload_trigger_not_confirmed,1785296085.6865265,1785296085686526444,1384753903225366,58.6,53.26171875,-1.0,0,0
2026-07-28T23:34:45.687,10.42.0.1,10.42.0.210,18,1,DOWNLOAD,0.95,DOWNLOAD,0.95,-1,7240,10.984599446824268,21,14480.0,159057.0,3,18,0.08344041904608239,0.9165595809539177,0.07598543381860906,0,0,0,0,1,0,0,0,0.44,0.8500000000000001,0.0,0.6000000000000001,0.15,skip,training_upload_trigger_not_confirmed,1785296085.6876798,1785296085687679815,1384753904378438,58.6,53.26171875,-1.0,0,0
2026-07-28T23:34:45.689,10.42.0.1,10.42.0.210,18,1,DOWNLOAD,0.95,DOWNLOAD,0.95,-1,7240,7.323066298051424,22,21720.0,159057.0,4,18,0.12014802768051246,0.8798519723194875,0.06618377620539674,0,0,0,0,1,0,0,0,0.44,0.8500000000000001,0.0,0.6000000000000001,0.15,skip,training_upload_trigger_not_confirmed,1785296085.6892831,1785296085689283092,1384753905982214,58.6,53.26171875,-1.0,0,0
2026-07-28T23:34:45.690,10.42.0.1,10.42.0.210,18,1,DOWNLOAD,0.95,DOWNLOAD,0.95,-1,7240,5.492299723601786,23,28960.0,159057.0,5,18,0.15402862507113718,0.8459713749288628,0.05761111177655408,0,0,0,0,1,0,0,0,0.4,0.8500000000000001,0.0,0.4,0.15,skip,training_upload_trigger_not_confirmed,1785296085.6904113,1785296085690411144,1384753907109901,58.6,53.26171875,-1.0,0,0
2026-07-28T23:34:45.692,10.42.0.1,10.42.0.210,18,1,DOWNLOAD,0.95,DOWNLOAD,0.95,-1,7240,4.393839778911772,24,36200.0,159057.0,6,18,0.1853966823212484,0.8146033176787516,0.05034250408933453,0,0,0,0,1,0,0,0,0.4,0.8500000000000001,0.0,0.4,0.15,skip,training_upload_trigger_not_confirmed,1785296085.692863,1785296085692863085,1384753909562119,58.6,53.26171875,-1.0,0,0
2026-07-28T23:34:45.693,10.42.0.1,10.42.0.210,18,1,DOWNLOAD,0.95,DOWNLOAD,0.95,-1,7240,3.6615331491100016,25,43440.0,159057.0,7,18,0.21452169661772766,0.7854783033822723,0.04385128272203628,0,0,0,0,1,0,0,0,0.4,0.8500000000000001,0.0,0.4,0.15,skip,training_upload_trigger_not_confirmed,1785296085.6939454,1785296085693945439,1384753910643819,58.6,53.26171875,-1.0,0,0
2026-07-28T23:34:45.694,10.42.0.1,10.42.0.210,18,1,DOWNLOAD,0.95,DOWNLOAD,0.95,-1,7240,3.138456984961751,26,50680.0,159057.0,8,18,0.24163595359903117,0.7583640464009689,0.03820651603741904,0,0,0,0,1,0,0,0,0.4,0.8500000000000001,0.0,0.4,0.15,skip,training_upload_trigger_not_confirmed,1785296085.69496,1785296085694960180,1384753911658647,58.6,53.26171875,-1.0,0,0
2026-07-28T23:34:45.695,10.42.0.1,10.42.0.210,18,1,DOWNLOAD,0.95,DOWNLOAD,0.95,-1,7240,2.7461498618483056,27,57920.0,159057.0,9,18,0.2669407356540094,0.7330592643459906,0.033306276668692486,0,0,0,0,1,0,0,0,0.32,0.8500000000000001,0.0,0.0,0.15,skip,training_upload_trigger_not_confirmed,1785296085.69598,1785296085695980015,1384753912678359,58.6,53.26171875,-1.0,0,0
2026-07-28T23:34:45.696,10.42.0.1,10.42.0.210,18,1,DOWNLOAD,0.95,DOWNLOAD,0.95,-1,10136,2.3371488186003124,28,68056.0,159057.0,10,18,0.2996569989388542,0.7003430010611458,0.029046862612580656,0,0,0,0,1,0,0,0,0.32,0.8500000000000001,0.0,0.0,0.15,skip,training_upload_trigger_not_confirmed,1785296085.6969628,1785296085696962820,1384753913661300,58.6,53.26171875,-1.0,0,0
2026-07-28T23:34:45.697,10.42.0.1,10.42.0.210,18,1,DOWNLOAD,0.95,DOWNLOAD,0.95,-1,10136,2.034185082859702,29,78192.0,159057.0,11,18,0.32957778536474336,0.6704222146352566,0.025350584212474308,0,0,0,0,1,0,0,0,0.32,0.8500000000000001,0.0,0.0,0.15,skip,training_upload_trigger_not_confirmed,1785296085.6979597,1785296085697959666,1384753914658288,43.7,53.26171875,-1.0,0,0
2026-07-28T23:34:45.698,10.42.0.1,10.42.0.210,18,1,DOWNLOAD,0.95,DOWNLOAD,0.95,-1,4344,1.92712271007891,30,82536.0,159057.0,12,18,0.3416324148464566,0.6583675851535433,0.022137328079905257,0,0,0,0,1,0,0,0,0.32,0.8500000000000001,0.0,0.0,0.15,skip,training_upload_trigger_not_confirmed,1785296085.6989257,1785296085698925941,1384753915624286,43.7,53.26171875,-1.0,0,0
2026-07-28T23:34:45.699,10.42.0.1,10.42.0.210,18,1,DOWNLOAD,0.95,DOWNLOAD,0.95,-1,4344,1.8307665745760733,31,86880.0,159057.0,13,18,0.35326120103929054,0.6467387989607094,0.019353152213973757,0,0,0,0,1,0,0,0,0.32,0.8500000000000001,0.0,0.0,0.15,skip,training_upload_trigger_not_confirmed,1785296085.6999347,1785296085699934754,1384753916633078,43.7,53.26171875,-1.0,0,0
2026-07-28T23:34:45.701,10.42.0.1,10.42.0.210,18,1,DOWNLOAD,0.95,DOWNLOAD,0.95,-1,14480,1.5692284924963575,32,101360.0,159057.0,14,18,0.3892219017959657,0.6107780982040343,0.01694468795611904,0,0,0,0,1,0,0,0,0.32,0.8500000000000001,0.0,0.0,0.15,skip,training_upload_trigger_not_confirmed,1785296085.7010107,1785296085701010576,1384753917708984,43.7,53.26171875,-1.0,0,0
2026-07-28T23:34:45.702,10.42.0.1,10.42.0.210,18,1,DOWNLOAD,0.95,DOWNLOAD,0.95,-1,4344,1.504739650339583,33,105704.0,159057.0,15,18,0.3992430909386201,0.6007569090613799,0.014843607037284958,0,0,0,0,1,0,0,0,0.32,0.8500000000000001,0.0,0.0,0.15,skip,training_upload_trigger_not_confirmed,1785296085.7020109,1785296085702010803,1384753918709217,43.7,53.26171875,-1.0,0,0
2026-07-28T23:34:45.702,10.42.0.1,10.42.0.210,18,1,DOWNLOAD,0.95,DOWNLOAD,0.95,-1,4344,1.4453420325635602,34,110048.0,159057.0,16,18,0.40894074803515357,0.5910592519648464,0.013016975794325968,0,0,0,0,1,0,0,0,0.32,0.8500000000000001,0.0,0.0,0.15,skip,training_upload_trigger_not_confirmed,1785296085.7029927,1785296085702992604,1384753919691045,43.7,53.26171875,-1.0,0,0
2026-07-28T23:34:45.704,10.42.0.1,10.42.0.210,18,1,DOWNLOAD,0.95,DOWNLOAD,0.95,-1,14480,1.2772790055226353,35,124528.0,159057.0,17,18,0.43912054586808186,0.5608794541319181,0.011496679032162395,0,0,0,0,1,0,0,0,0.32,0.8500000000000001,0.0,0.0,0.15,skip,training_upload_trigger_not_confirmed,1785296085.7044725,1785296085704472531,1384753921170827,43.7,53.26171875,-1.0,0,0
2026-07-28T23:34:45.705,10.42.0.1,10.42.0.210,18,1,DOWNLOAD,0.95,DOWNLOAD,0.95,-1,14480,1.1442291091149845,36,139008.0,159057.0,18,18,0.46636807407780184,0.5336319259221982,0.01017464501444613,0,0,0,0,1,0,0,0,0.30250000000000005,0.8000000000000002,0.0,0.0,0.15,skip,training_upload_trigger_not_confirmed,1785296085.7059367,1785296085705936583,1384753922634915,43.7,53.26171875,-1.0,0,0
2026-07-28T23:34:45.707,10.42.0.1,10.42.0.210,18,1,DOWNLOAD,0.95,DOWNLOAD,0.95,-1,18824,1.007761417203053,37,157832.0,159057.0,19,18,0.4980671465402712,0.5019328534597288,0.00897573650203535,0,0,0,0,1,0,0,0,0.30250000000000005,0.8000000000000002,0.0,0.0,0.15,skip,training_upload_trigger_not_confirmed,1785296085.7070131,1785296085707013169,1384753923712120,43.7,53.26171875,-1.0,0,0
2026-07-28T23:34:45.708,10.42.0.1,10.42.0.210,18,1,DOWNLOAD,0.95,DOWNLOAD,0.95,-1,18824,0.9003770038951387,38,176656.0,159057.0,20,18,0.5262113769797416,0.47378862302025837,0.007934467929674695,0,0,0,0,1,0,0,0,0.30250000000000005,0.8000000000000002,0.0,0.0,0.15,skip,training_upload_trigger_not_confirmed,1785296085.708087,1785296085708086980,1384753924785453,43.7,53.26171875,-1.0,0,0
2026-07-28T23:34:45.709,10.42.0.1,10.42.0.210,18,1,DOWNLOAD,0.95,DOWNLOAD,0.95,-1,15472,0.8278699616931011,39,192128.0,159057.0,21,18,0.5470848697979698,0.4529151302020303,0.007031040319934271,0,0,0,0,1,0,0,0,0.30250000000000005,0.8000000000000002,0.0,0.0,0.15,skip,training_upload_trigger_not_confirmed,1785296085.7091656,1785296085709165647,1384753925864501,43.7,53.26171875,-1.0,0,0
2026-07-28T23:34:45.710,10.42.0.1,10.42.0.210,18,1,DOWNLOAD,0.95,DOWNLOAD,0.95,-1,2896,0.8155765444262472,40,195024.0,159057.0,22,18,0.5507892261940065,0.44921077380599356,0.00624172885894262,0,0,0,0,1,0,0,0,0.30250000000000005,0.8000000000000002,0.0,0.0,0.15,skip,training_upload_trigger_not_confirmed,1785296085.7102067,1785296085710206782,1384753926905130,43.7,53.26171875,-1.0,0,0
2026-07-28T23:34:45.711,10.42.0.1,10.42.0.210,18,1,DOWNLOAD,0.95,DOWNLOAD,0.95,-1,14024,0.7608635337350232,41,209048.0,159057.0,23,18,0.5679031797992421,0.43209682020075796,0.005624887188859713,0,0,0,0,1,0,0,0,0.28500000000000003,0.7500000000000001,0.0,0.0,0.15,skip,training_upload_trigger_not_confirmed,1785296085.7117674,1785296085711767608,1384753928466101,43.7,53.26171875,-1.0,0,0
2026-07-28T23:34:45.713,10.42.0.59,10.42.0.210,7,1,DOWNLOAD,0.95,DOWNLOAD,0.95,-1,7300,1.3698630135109776e-10,1,7300.0,0.0,1,0,1.0,0.0,1.0999949447925201,0,0,0,0,0,0,0,0,0.0225,0.0,0.0,0.0,0.15,skip,already_attacked_this_round,1785296085.7131844,1785296085713184199,1384753929882684,43.7,53.26171875,-1.0,0,0
2026-07-28T23:34:45.714,10.42.0.59,10.42.0.210,7,1,DOWNLOAD,0.95,DOWNLOAD,0.95,-1,7300,6.84931506802402e-11,2,14600.0,0.0,2,0,1.0,0.0,0.9551812410079538,0,0,0,0,0,0,0,0,0.0225,0.0,0.0,0.0,0.15,skip,already_attacked_this_round,1785296085.7142282,1785296085714228126,1384753930926646,43.7,53.26171875,-1.0,0,0
2026-07-28T23:34:45.715,10.42.0.1,10.42.0.210,18,1,DOWNLOAD,0.95,DOWNLOAD,0.95,-1,15472,0.7084313201509512,42,224520.0,159057.0,24,18,0.5853322800897864,0.4146677199102136,0.005353299182666904,0,0,0,0,1,0,0,0,0.28500000000000003,0.7500000000000001,0.0,0.0,0.15,skip,training_upload_trigger_not_confirmed,1785296085.7153313,1785296085715331220,1384753932029651,43.7,53.26171875,-1.0,0,0
2026-07-28T23:34:45.716,10.42.0.18,10.42.0.210,17,1,DOWNLOAD,0.95,DOWNLOAD,0.95,-1,7300,1.3698630135109776e-10,1,7300.0,0.0,1,0,1.0,0.0,0.5689115519774548,0,0,0,0,0,0,0,0,0.0225,0.0,0.0,0.0,0.15,skip,training_upload_trigger_not_confirmed,1785296085.7168746,1785296085716874607,1384753933573564,43.7,53.26171875,-1.0,0,0
2026-07-28T23:34:45.717,10.42.0.18,10.42.0.210,17,1,DOWNLOAD,0.95,DOWNLOAD,0.95,-1,7300,6.84931506802402e-11,2,14600.0,0.0,2,0,1.0,0.0,0.49408620121250085,0,0,0,0,0,0,0,0,0.0225,0.0,0.0,0.0,0.15,skip,training_upload_trigger_not_confirmed,1785296085.7179573,1785296085717957474,1384753934655810,43.7,53.26171875,-1.0,0,0
2026-07-28T23:34:45.719,10.42.0.1,10.42.0.210,18,1,DOWNLOAD,0.95,DOWNLOAD,0.95,-1,15472,0.6627595919878048,43,239992.0,159057.0,25,18,0.6014098519229468,0.3985901480770532,0.005136852710391111,0,0,0,0,1,0,0,0,0.28500000000000003,0.7500000000000001,0.0,0.0,0.15,skip,training_upload_trigger_not_confirmed,1785296085.719042,1785296085719042004,1384753935740556,43.7,53.26171875,-1.0,0,0
2026-07-28T23:34:45.720,10.42.0.210,10.42.0.210,18,1,DOWNLOAD,0.9838036829186942,DOWNLOAD,0.9838036829186942,-1,7240,7.9999999990331485,41,7240.0,57920.0,1,40,0.1111111111111111,0.8888888888888888,0.09494951213747255,0,0,0,0,0,0,0,0,0.057499999999999996,0.1,0.0,0.0,0.15,skip,training_upload_trigger_not_confirmed,1785296085.7209191,1785296085720918985,1384753937617534,43.7,53.26171875,-1.0,0,0
2026-07-28T23:34:45.721,10.42.0.1,10.42.0.210,18,1,DOWNLOAD,0.95,DOWNLOAD,0.95,-1,21720,0.6077558537644138,44,261712.0,159057.0,26,18,0.621984984635275,0.37801501536472504,0.00484779548371718,0,0,0,0,1,0,0,0,0.28500000000000003,0.7500000000000001,0.0,0.0,0.15,skip,training_upload_trigger_not_confirmed,1785296085.7219853,1785296085721985358,1384753938683901,43.7,53.26171875,-1.0,0,0
2026-07-28T23:34:45.723,10.42.0.145,10.42.0.210,11,3,UPLOAD,0.9854688349332961,UPLOAD,0.9854688349332961,0,43,1.0,0,0.0,0.0,0,0,0.0,0.0,1.2916957102435824,0,0,1,0,0,0,0,0,0.4375,0.05,1.0,0.0,0.8,skip,attack_already_active,1785296085.7230487,1785296085723048630,1384753939747092,43.7,53.26171875,-1.0,0,0
2026-07-28T23:34:45.723,10.42.0.145,10.42.0.210,12,1,DOWNLOAD,0.95,DOWNLOAD,0.95,-1,14600,6.84931506802402e-11,1,14600.0,0.0,1,0,1.0,0.0,1.4377435341397833,0,0,0,0,0,0,0,0,0.0225,0.0,0.0,0.0,0.15,skip,training_upload_trigger_not_confirmed,1785296085.7237353,1785296085723735287,1384753940433470,43.7,53.26171875,-1.0,0,0
2026-07-28T23:34:45.724,10.42.0.145,10.42.0.210,12,1,DOWNLOAD,0.95,DOWNLOAD,0.95,-1,14600,3.424657534129292e-11,2,29200.0,0.0,2,0,1.0,0.0,1.2483905152293528,0,0,0,0,0,0,0,0,0.0225,0.0,0.0,0.0,0.15,skip,training_upload_trigger_not_confirmed,1785296085.7245312,1785296085724531108,1384753941229422,43.7,53.26171875,-1.0,0,0
2026-07-28T23:34:45.726,10.42.0.210,10.42.0.210,18,1,DOWNLOAD,0.95,DOWNLOAD,0.95,-1,10136,3.3333333331990485,42,17376.0,57920.0,2,40,0.23076923076923078,0.7692307692307693,0.08318133665607559,0,0,0,0,0,0,0,0,0.057499999999999996,0.1,0.0,0.0,0.15,skip,training_upload_trigger_not_confirmed,1785296085.7265632,1785296085726563437,1384753943261653,43.7,53.26171875,-1.0,0,0
2026-07-28T23:34:45.727,10.42.0.210,10.42.0.210,18,1,DOWNLOAD,0.9557926560077417,DOWNLOAD,0.9557926560077417,-1,4344,2.6666666665899323,43,21720.0,57920.0,3,40,0.2727272727272727,0.7272727272727273,0.07230357361885559,0,0,0,0,0,0,0,0,0.057499999999999996,0.1,0.0,0.0,0.15,skip,training_upload_trigger_not_confirmed,1785296085.7271962,1785296085727196244,1384753943894328,43.7,53.26171875,-1.0,0,0
2026-07-28T23:34:45.727,10.42.0.210,10.42.0.210,18,1,DOWNLOAD,0.9846998846180315,DOWNLOAD,0.9846998846180315,0,43,2.6666666665899323,43,21720.0,57920.0,3,40,0.2727272727272727,0.7272727272727273,0.15525354274318331,0,0,0,0,0,0,0,0,0.057499999999999996,0.1,0.0,0.0,0.15,skip,training_upload_trigger_not_confirmed,1785296085.7278342,1785296085727834059,1384753944532094,43.7,53.26171875,-1.0,0,0
2026-07-28T23:34:45.730,10.42.0.210,10.42.0.210,18,1,DOWNLOAD,0.9854895428954357,DOWNLOAD,0.9854895428954357,-1,14480,1.5999999999834253,44,36200.0,57920.0,4,40,0.38461538461538464,0.6153846153846154,0.13525658100818294,0,0,0,0,0,0,0,0,0.057499999999999996,0.1,0.0,0.0,0.15,skip,training_upload_trigger_not_confirmed,1785296085.7306983,1785296085730698214,1384753947397761,43.7,53.26171875,-1.0,0,0
2026-07-28T23:34:45.731,10.42.0.59,10.42.0.210,7,1,DOWNLOAD,0.95,DOWNLOAD,0.95,-1,14600,3.424657534129292e-11,3,29200.0,0.0,3,0,1.0,0.0,0.8316305650840632,0,0,0,0,0,0,0,0,0.0225,0.0,0.0,0.0,0.15,skip,already_attacked_this_round,1785296085.7318175,1785296085731817466,1384753948515760,43.7,53.26171875,-1.0,0,0
2026-07-28T23:34:45.732,10.42.0.59,10.42.0.210,7,1,DOWNLOAD,0.95,DOWNLOAD,0.95,-1,14600,2.2831050227789245e-11,4,43800.0,0.0,4,0,1.0,0.0,0.7221343140140829,0,0,0,0,0,0,0,0,0.0225,0.0,0.0,0.0,0.15,skip,already_attacked_this_round,1785296085.7325113,1785296085732511192,1384753949209305,43.7,53.26171875,-1.0,0,0
2026-07-28T23:34:45.733,10.42.0.59,10.42.0.210,7,1,DOWNLOAD,0.94839065241132,DOWNLOAD,0.94839065241132,0,43,2.2831050227789245e-11,4,43800.0,0.0,4,0,1.0,0.0,0.9429830347007835,0,0,0,0,0,0,0,0,0.0225,0.0,0.0,0.0,0.15,skip,already_attacked_this_round,1785296085.7331471,1785296085733147096,1384753949845223,43.7,53.26171875,-1.0,0,0
2026-07-28T23:34:45.734,10.42.0.210,10.42.0.210,18,1,DOWNLOAD,0.9855083405864443,DOWNLOAD,0.9855083405864443,-1,14480,1.1428571428543242,45,50680.0,57920.0,5,40,0.4666666666666667,0.5333333333333333,0.1179958097389994,0,0,0,0,0,0,0,0,0.039999999999999994,0.05,0.0,0.0,0.15,skip,training_upload_trigger_not_confirmed,1785296085.7349677,1785296085734967730,1384753951666227,43.7,53.26171875,-1.0,0,0
2026-07-28T23:34:45.735,10.42.0.210,10.42.0.210,18,1,DOWNLOAD,0.9855087208476458,DOWNLOAD,0.9855087208476458,-1,5792,1.0256410256405717,46,56472.0,57920.0,6,40,0.4936708860759494,0.5063291139240507,0.10256727212856805,0,0,0,0,0,0,0,0,0.039999999999999994,0.05,0.0,0.0,0.15,skip,training_upload_trigger_not_confirmed,1785296085.7358806,1785296085735880681,1384753952578901,43.7,53.26171875,-1.0,0,0
2026-07-28T23:34:45.736,10.42.0.210,10.42.0.210,18,1,DOWNLOAD,0.9855087261970161,DOWNLOAD,0.9855087261970161,-1,8688,0.8888888888905941,47,65160.0,57920.0,7,40,0.5294117647058824,0.47058823529411764,0.08917119351628824,0,0,0,0,0,0,0,0,0.039999999999999994,0.05,0.0,0.0,0.15,skip,training_upload_trigger_not_confirmed,1785296085.7367887,1785296085736788679,1384753953486714,43.7,53.26171875,-1.0,0,0
2026-07-28T23:34:45.737,10.42.0.210,10.42.0.210,18,1,DOWNLOAD,0.9855087261721334,DOWNLOAD,0.9855087261721334,-1,6784,0.8050706104775233,48,71944.0,57920.0,8,40,0.553994948561572,0.4460050514384279,0.0775389622603058,0,0,0,0,0,0,0,0,0.039999999999999994,0.05,0.0,0.0,0.15,skip,training_upload_trigger_not_confirmed,1785296085.7376862,1785296085737686152,1384753954384406,43.7,53.26171875,-1.0,0,0
2026-07-28T23:34:45.740,10.42.0.18,10.42.0.210,17,1,DOWNLOAD,0.949152212792895,DOWNLOAD,0.949152212792895,0,43,6.84931506802402e-11,2,14600.0,0.0,2,0,1.0,0.0,0.7358563919279404,0,0,0,0,0,0,0,0,0.0225,0.0,0.0,0.0,0.15,skip,training_upload_trigger_not_confirmed,1785296085.7400594,1785296085740059422,1384753956757665,43.7,53.26171875,-1.0,0,0
2026-07-28T23:34:45.740,10.42.0.18,10.42.0.210,17,1,DOWNLOAD,0.95,DOWNLOAD,0.95,-1,10220,4.029008863657171e-11,3,24820.0,0.0,3,0,1.0,0.0,0.6419257435403544,0,0,0,0,0,0,0,0,0.0225,0.0,0.0,0.0,0.15,skip,training_upload_trigger_not_confirmed,1785296085.741,1785296085740999889,1384753957698002,43.7,53.26171875,-1.0,0,0
2026-07-28T23:34:45.741,10.42.0.18,10.42.0.210,17,1,DOWNLOAD,0.9517413525212385,DOWNLOAD,0.9517413525212385,-1,14600,2.536783358636814e-11,4,39420.0,0.0,4,0,1.0,0.0,0.5574533183857693,0,0,0,0,0,0,0,0,0.0225,0.0,0.0,0.0,0.15,skip,training_upload_trigger_not_confirmed,1785296085.7418878,1785296085741887773,1384753958585749,43.7,53.26171875,-1.0,0,0
2026-07-28T23:34:45.746,10.42.0.145,10.42.0.210,12,1,DOWNLOAD,0.95,DOWNLOAD,0.95,-1,29200,1.7123287670939668e-11,3,58400.0,0.0,3,0,1.0,0.0,1.086777754127037,0,0,0,0,0,0,0,0,0.0225,0.0,0.0,0.0,0.15,skip,training_upload_trigger_not_confirmed,1785296085.7464871,1785296085746486964,1384753963185135,43.7,53.26171875,-1.0,0,0
2026-07-28T23:34:45.747,10.42.0.145,10.42.0.210,12,1,DOWNLOAD,0.9526125828918147,DOWNLOAD,0.9526125828918147,-1,6184,1.5483711135645304e-11,4,64584.0,0.0,4,0,1.0,0.0,0.9436529886696552,0,0,0,0,0,0,0,0,0.0225,0.0,0.0,0.0,0.15,skip,training_upload_trigger_not_confirmed,1785296085.7471306,1785296085747130679,1384753963828736,43.7,53.26171875,-1.0,0,0
2026-07-28T23:34:45.751,10.42.0.59,10.42.0.210,7,1,DOWNLOAD,0.9594805642257405,DOWNLOAD,0.9594805642257405,-1,21900,1.5220700151975332e-11,5,65700.0,0.0,5,0,1.0,0.0,0.8212214268118517,0,0,0,0,0,0,0,0,0.0225,0.0,0.0,0.0,0.15,skip,already_attacked_this_round,1785296085.7514791,1785296085751479100,1384753968177112,43.7,53.26171875,-1.0,0,0
2026-07-28T23:34:45.752,10.42.0.59,10.42.0.210,7,1,DOWNLOAD,0.967290093892456,DOWNLOAD,0.967290093892456,-1,13484,1.2628813901638856e-11,6,79184.0,0.0,6,0,1.0,0.0,0.7130869064840397,0,0,0,0,0,0,0,0,0.0225,0.0,0.0,0.0,0.15,skip,already_attacked_this_round,1785296085.7520976,1785296085752097452,1384753968795497,43.7,53.26171875,-1.0,0,0
2026-07-28T23:34:45.753,10.42.0.18,10.42.0.210,17,1,DOWNLOAD,0.953061498077128,DOWNLOAD,0.953061498077128,-1,17520,1.756234632916118e-11,5,56940.0,0.0,5,0,1.0,0.0,0.4855723924759253,0,0,0,0,0,0,0,0,0.0225,0.0,0.0,0.0,0.15,skip,training_upload_trigger_not_confirmed,1785296085.7538567,1785296085753856882,1384753970555045,43.7,53.26171875,-1.0,0,0
2026-07-28T23:34:45.755,10.42.0.18,10.42.0.210,17,1,DOWNLOAD,0.9545424026798007,DOWNLOAD,0.9545424026798007,-1,21900,1.2683916793344953e-11,6,78840.0,0.0,6,0,1.0,0.0,0.42173778066085793,0,0,0,0,0,0,0,0,0.0225,0.0,0.0,0.0,0.15,skip,training_upload_trigger_not_confirmed,1785296085.7550058,1785296085755005961,1384753971704111,43.7,53.26171875,-1.0,0,0
2026-07-28T23:34:45.759,10.42.0.47,10.42.0.210,17,3,UPLOAD,0.9030102929279912,UPLOAD,0.9030102929279912,0,43,100.0,10,0.0,79528.0,0,10,0.0,1.0,0.1475419701117344,0,0,1,0,0,0,0,0,0.45499999999999996,0.1,1.0,0.0,0.8,skip,attack_already_active,1785296085.7599454,1785296085759945569,1384753976643872,43.7,53.26171875,-1.0,0,0
2026-07-28T23:34:45.760,10.42.0.47,10.42.0.210,18,1,DOWNLOAD,0.95,DOWNLOAD,0.95,-1,10136,7.846093132710527,11,10136.0,79528.0,1,10,0.11304425410421128,0.8869557458957887,0.1759159185228074,0,0,0,0,0,0,0,0,0.057499999999999996,0.1,0.0,0.0,0.15,skip,training_upload_trigger_not_confirmed,1785296085.7606227,1785296085760622751,1384753977320893,43.7,53.26171875,-1.0,0,0
2026-07-28T23:34:45.761,10.42.0.47,10.42.0.210,18,1,DOWNLOAD,0.9829981496648164,DOWNLOAD,0.9829981496648164,-1,14480,3.2307442313035932,12,24616.0,79528.0,2,10,0.23636503303118758,0.7636349669688124,0.15290707952978072,0,0,0,0,0,0,0,0,0.057499999999999996,0.1,0.0,0.0,0.15,skip,training_upload_trigger_not_confirmed,1785296085.761931,1785296085761931104,1384753978629762,43.7,53.26171875,-1.0,0,0
2026-07-28T23:34:45.763,10.42.0.18,10.42.0.210,17,1,DOWNLOAD,0.9583060927769071,DOWNLOAD,0.9583060927769071,-1,361,1.2626103205608186e-11,7,79201.0,0.0,7,0,1.0,0.0,0.3673246987669341,0,0,0,0,0,0,0,0,0.0225,0.0,0.0,0.0,0.15,skip,training_upload_trigger_not_confirmed,1785296085.7638178,1785296085763817703,1384753980516443,43.7,53.26171875,-1.0,0,0
2026-07-28T23:34:45.766,10.42.0.47,10.42.0.210,18,1,DOWNLOAD,0.9842257140988042,DOWNLOAD,0.9842257140988042,-1,4344,2.746132596624788,13,28960.0,79528.0,3,10,0.26694196593171593,0.7330580340682841,0.13337914246720714,0,0,0,0,0,0,0,0,0.057499999999999996,0.1,0.0,0.0,0.15,skip,training_upload_trigger_not_confirmed,1785296085.766646,1785296085766646011,1384753983344210,43.7,53.26171875,-1.0,0,0
2026-07-28T23:34:45.768,10.42.0.47,10.42.0.210,18,1,DOWNLOAD,0.9842586901286671,DOWNLOAD,0.9842586901286671,-1,14480,1.8307550644375976,14,43440.0,79528.0,4,10,0.3532626374341292,0.6467373625658708,0.11609765287638057,0,0,0,0,0,0,0,0,0.057499999999999996,0.1,0.0,0.0,0.15,skip,training_upload_trigger_not_confirmed,1785296085.7688806,1785296085768880539,1384753985578819,43.7,53.26171875,-1.0,0,0
2026-07-28T23:34:45.769,10.42.0.47,10.42.0.210,18,1,DOWNLOAD,0.9842595481342594,DOWNLOAD,0.9842595481342594,-1,5792,1.615372115684608,15,49232.0,79528.0,5,10,0.3823547685616651,0.6176452314383349,0.1008881091539206,0,0,0,0,0,0,0,0,0.057499999999999996,0.1,0.0,0.0,0.15,skip,training_upload_trigger_not_confirmed,1785296085.7695572,1785296085769557172,1384753986255299,43.7,53.26171875,-1.0,0,0
2026-07-28T23:34:45.770,10.42.0.47,10.42.0.210,18,1,DOWNLOAD,0.9842595696464124,DOWNLOAD,0.9842595696464124,-1,14480,1.2482420893984139,16,63712.0,79528.0,6,10,0.44479195755375595,0.5552080424462441,0.08768288922843408,0,0,0,0,0,0,0,0,0.057499999999999996,0.1,0.0,0.0,0.15,skip,training_upload_trigger_not_confirmed,1785296085.7702346,1785296085770234581,1384753986932849,43.7,53.26171875,-1.0,0,0
2026-07-28T23:34:45.771,10.42.0.47,10.42.0.210,18,1,DOWNLOAD,0.9842595701605352,DOWNLOAD,0.9842595701605352,-1,992,1.2291048466829082,17,64704.0,79528.0,7,10,0.4486105718564535,0.5513894281435465,0.0762575860930518,0,0,0,0,0,0,0,0,0.057499999999999996,0.1,0.0,0.0,0.15,skip,training_upload_trigger_not_confirmed,1785296085.771214,1785296085771214184,1384753987912385,43.7,53.26171875,-1.0,0,0
2026-07-28T23:34:46.066,10.42.0.145,,12,2,TRAINING,0.95,TRAINING,0.95,1,64240,0.994673603369338,5,64584.0,64240.0,4,1,0.5013351549400733,0.4986648450599267,0.8645916343516661,0,0,0,0,1,0,0,0,0.4525,1.0,0.0,0.4,0.15,skip,training_upload_trigger_not_confirmed,1785296086.066727,1785296086066726905,1384754283425842,43.7,53.26171875,-1.0,0,0
2026-07-28T23:34:46.067,10.42.0.1,,18,2,TRAINING,0.95,TRAINING,0.95,1,7240,0.33154001345245326,38,261712.0,86768.0,26,12,0.751010101010101,0.24898989898989898,0.04300601942223163,0,0,0,0,1,0,0,0,0.4525,1.0,0.0,0.4,0.15,skip,training_upload_trigger_not_confirmed,1785296086.067615,1785296086067614953,1384754284313275,43.7,53.26171875,-1.0,0,0
2026-07-28T23:34:46.068,10.42.0.1,10.42.0.1,18,3,UPLOAD,0.95,UPLOAD,0.95,1,7240,0.35920401051782413,39,261712.0,94008.0,26,13,0.7357247273136175,0.26427527268638257,0.03743625541622718,1,0,0,1,1,1,1,1,0.85,1.0,1.0,0.4,0.8,trigger,training_upload_trigger_confirmed,1785296086.0683537,1785296086068353558,1384754285051704,43.7,53.26171875,22.166524,1785296086090520865,1384754307218228
2026-07-28T23:34:46.070,10.42.0.59,10.42.0.1,7,2,TRAINING,0.95,TRAINING,0.95,1,64240,0.811275005053909,7,79184.0,64240.0,6,1,0.5520972780008925,0.4479027219991075,0.6636369759929629,0,0,0,0,1,0,0,0,0.4525,1.0,0.0,0.4,0.15,skip,already_attacked_this_round,1785296086.0709722,1785296086070972036,1384754287671568,43.7,53.26171875,-1.0,0,0
2026-07-28T23:34:46.072,10.42.0.59,10.42.0.1,7,3,UPLOAD,0.95,UPLOAD,0.95,1,15288,1.0043443119821638,8,79184.0,79528.0,6,2,0.4989162760219769,0.501083723978023,0.5763398519064715,0,0,0,1,1,1,1,1,0.85,1.0,1.0,0.4,0.8,skip,already_attacked_this_round,1785296086.0721354,1785296086072135450,1384754288833844,43.7,53.26171875,-1.0,0,0
2026-07-28T23:34:46.073,10.42.0.1,10.42.0.1,18,3,UPLOAD,0.95,UPLOAD,0.95,1,7240,0.38686800758319495,40,261712.0,101248.0,26,14,0.7210491514216443,0.2789508485783557,0.03318685139764047,1,0,1,1,1,1,1,1,0.9699999999999999,1.0,1.0,1.0,0.8,skip,attack_already_active,1785296086.0735424,1785296086073542481,1384754290241483,43.7,53.26171875,-1.0,0,0
2026-07-28T23:34:46.074,10.42.0.1,10.42.0.1,18,3,UPLOAD,0.95,UPLOAD,0.95,1,7240,0.4145320046485658,41,261712.0,108488.0,26,15,0.7069475958941113,0.29305240410588873,0.02896318747896703,1,0,1,1,1,1,1,1,0.9699999999999999,1.0,1.0,1.0,0.8,skip,attack_already_active,1785296086.074677,1785296086074677008,1384754291375587,43.7,53.26171875,-1.0,0,0
2026-07-28T23:34:46.076,10.42.0.1,10.42.0.1,18,3,UPLOAD,0.95,UPLOAD,0.95,1,14480,0.4698599987793075,42,261712.0,122968.0,26,16,0.6803369034002288,0.3196630965997712,0.025419313992389236,1,0,1,1,1,1,1,1,0.9699999999999999,1.0,1.0,1.0,0.8,skip,attack_already_active,1785296086.0767467,1785296086076746689,1384754293445297,43.7,53.26171875,-1.0,0,0
2026-07-28T23:34:46.077,10.42.0.1,10.42.0.1,18,3,UPLOAD,0.95,UPLOAD,0.95,1,14480,0.5251879929100493,43,261712.0,137448.0,26,17,0.6556568794468384,0.34434312055316163,0.02222279478198398,1,0,1,1,1,1,1,1,0.9699999999999999,1.0,1.0,1.0,0.8,skip,attack_already_active,1785296086.0779085,1785296086077908414,1384754294606942,43.7,53.26171875,-1.0,0,0
2026-07-28T23:34:46.079,10.42.0.1,10.42.0.1,18,3,UPLOAD,0.9013419949015993,UPLOAD,0.9013419949015993,0,43,0.5251879929100493,43,261712.0,137448.0,26,17,0.6556568794468384,0.34434312055316163,0.059320143706077993,1,0,1,1,1,1,1,1,0.8025,0.7500000000000001,1.0,0.6000000000000001,0.8,skip,attack_already_active,1785296086.0790336,1785296086079033654,1384754295732774,43.7,53.26171875,-1.0,0,0
2026-07-28T23:34:46.080,10.42.0.1,10.42.0.1,18,3,UPLOAD,0.897463144340514,UPLOAD,0.897463144340514,0,43,0.5251879929100493,43,261712.0,137448.0,26,17,0.6556568794468384,0.34434312055316163,0.0517313541972968,1,0,1,1,1,1,1,1,0.8025,0.7500000000000001,1.0,0.6000000000000001,0.8,skip,attack_already_active,1785296086.0807645,1785296086080764389,1384754297462874,43.7,53.26171875,-1.0,0,0
2026-07-28T23:34:46.082,10.42.0.1,10.42.0.1,18,3,UPLOAD,0.95,UPLOAD,0.95,1,14480,0.580515987040791,44,261712.0,151928.0,26,18,0.632704767430616,0.367295232569384,0.04551094336665555,1,0,1,1,1,1,1,1,0.9699999999999999,1.0,1.0,1.0,0.8,skip,attack_already_active,1785296086.082435,1785296086082434938,1384754299133613,43.7,53.26171875,-1.0,0,0
2026-07-28T23:34:46.083,10.42.0.1,10.42.0.1,18,3,UPLOAD,0.95,UPLOAD,0.95,1,14480,0.6358439811715326,45,261712.0,166408.0,26,19,0.6113052415210689,0.38869475847893115,0.03966375003770004,1,0,1,1,1,1,1,1,0.9699999999999999,1.0,1.0,1.0,0.8,skip,attack_already_active,1785296086.083573,1785296086083573117,1384754300272243,43.7,53.26171875,-1.0,0,0
2026-07-28T23:34:46.086,10.42.0.1,10.42.0.1,18,3,UPLOAD,0.95,UPLOAD,0.95,1,14480,0.6911719753022744,46,261712.0,180888.0,26,20,0.5913059195661997,0.4086940804338003,0.034866431750043794,1,0,1,1,1,1,1,1,0.9699999999999999,1.0,1.0,1.0,0.8,skip,attack_already_active,1785296086.0868313,1785296086086831385,1384754303529609,43.7,53.26171875,-1.0,0,0
2026-07-28T23:34:46.087,10.42.0.1,10.42.0.1,18,3,UPLOAD,0.95,UPLOAD,0.95,1,14480,0.7464999694330161,47,261712.0,195368.0,26,21,0.5725737288877221,0.42742627111227793,0.03040054939737557,1,0,1,1,1,1,1,1,0.9699999999999999,1.0,1.0,1.0,0.8,skip,attack_already_active,1785296086.0878074,1785296086087807401,1384754304505542,43.7,53.26171875,-1.0,0,0
2026-07-28T23:34:46.089,10.42.0.1,10.42.0.1,18,3,UPLOAD,0.95,UPLOAD,0.95,1,7129,0.7737398361566389,48,261712.0,202497.0,26,22,0.5637805385074396,0.43621946149256047,0.026648135061243385,1,0,1,1,1,1,1,1,0.9699999999999999,1.0,1.0,1.0,0.8,skip,attack_already_active,1785296086.089732,1785296086089731947,1384754306430285,43.7,53.26171875,-1.0,0,0
2026-07-28T23:34:46.090,10.42.0.1,10.42.0.1,18,3,UPLOAD,0.95,UPLOAD,0.95,1,14480,0.8290678302873805,49,261712.0,216977.0,26,23,0.5467265803057936,0.4532734196942065,0.023263360757665545,1,0,1,1,1,1,1,1,0.9699999999999999,1.0,1.0,1.0,0.8,skip,attack_already_active,1785296086.090694,1785296086090693977,1384754307392859,43.7,53.26171875,-1.0,0,0
2026-07-28T23:34:46.092,10.42.0.1,10.42.0.1,18,3,UPLOAD,0.95,UPLOAD,0.95,1,11584,0.8733302255919739,50,261712.0,228561.0,26,24,0.5338087147364835,0.46619128526351644,0.02040856080076997,1,0,1,1,1,1,1,1,0.9699999999999999,1.0,1.0,1.0,0.8,skip,attack_already_active,1785296086.092293,1785296086092293029,1384754308991427,43.7,53.26171875,-1.0,0,0
2026-07-28T23:34:46.093,10.42.0.1,10.42.0.1,18,3,UPLOAD,0.95,UPLOAD,0.95,1,10024,0.9116318701476752,51,261712.0,238585.0,26,25,0.5231132707171939,0.476886729282806,0.017937679292165217,1,0,1,1,1,1,1,1,0.9699999999999999,1.0,1.0,1.0,0.8,skip,attack_already_active,1785296086.0939507,1785296086093950612,1384754310649043,43.7,53.26171875,-1.0,0,0
2026-07-28T23:34:46.201,10.42.0.18,10.42.0.1,17,2,TRAINING,0.95,TRAINING,0.95,1,26280,0.33181399225600927,8,79201.0,26280.0,7,1,0.7508556043268456,0.2491443956731544,0.37966826745657783,0,0,0,0,1,1,0,0,0.5725,1.0,0.0,1.0,0.15,skip,training_upload_trigger_not_confirmed,1785296086.201056,1785296086201055956,1384754417754814,43.7,53.26171875,-1.0,0,0
2026-07-28T23:34:46.202,10.42.0.18,10.42.0.1,17,3,UPLOAD,0.95,UPLOAD,0.95,1,53248,1.0041287357482338,9,79201.0,79528.0,7,2,0.49896994248058013,0.5010300575194199,0.3298736284838797,0,0,0,1,1,1,1,1,0.9699999999999999,1.0,1.0,1.0,0.8,trigger,training_upload_trigger_confirmed,1785296086.2028465,1785296086202846376,1384754419545072,43.7,53.26171875,10.700519,1785296086213548313,1384754430245591
2026-07-28T23:34:46.205,10.42.0.1,10.42.0.1,18,3,UPLOAD,0.7543959402605998,UPLOAD,0.7543959402605998,0,43,0.9116318701476752,51,261712.0,238585.0,26,25,0.5231132707171939,0.476886729282806,0.03194745443064718,1,0,1,1,1,1,1,1,0.8200000000000001,0.8000000000000002,1.0,0.6000000000000001,0.8,skip,attack_already_active,1785296086.2050185,1785296086205018574,1384754421717138,43.7,53.26171875,-1.0,0,0
2026-07-28T23:34:46.206,10.42.0.1,10.42.0.1,18,3,UPLOAD,0.95,UPLOAD,0.95,1,14480,0.9669598642784168,52,261712.0,253065.0,26,26,0.5083987823853824,0.4916012176146176,0.03800152974857679,1,0,1,1,1,1,1,1,0.9699999999999999,1.0,1.0,1.0,0.8,skip,attack_already_active,1785296086.2066061,1785296086206605958,1384754423304508,43.7,53.26171875,-1.0,0,0
2026-07-28T23:34:46.207,10.42.0.1,10.42.0.1,18,3,UPLOAD,0.95,UPLOAD,0.95,1,14480,1.0222878584091586,53,261712.0,267545.0,26,27,0.49448944463653766,0.5055105553634623,0.03313964405003244,1,0,1,1,1,1,1,1,0.9699999999999999,1.0,1.0,1.0,0.8,skip,attack_already_active,1785296086.2077122,1785296086207712171,1384754424410783,43.7,53.26171875,-1.0,0,0
2026-07-28T23:34:46.211,10.42.0.1,10.42.0.1,18,3,UPLOAD,0.95,UPLOAD,0.95,1,20272,1.0997470501921969,54,261712.0,287817.0,26,28,0.47624784133321446,0.5237521586667856,0.02924369594383007,1,0,1,1,1,1,1,1,0.9699999999999999,1.0,1.0,1.0,0.8,skip,attack_already_active,1785296086.2112865,1785296086211286636,1384754427984954,43.7,53.26171875,-1.0,0,0
2026-07-28T23:34:46.212,10.42.0.1,10.42.0.1,18,3,UPLOAD,0.95,UPLOAD,0.95,1,7240,1.1274110472575678,55,261712.0,295057.0,26,29,0.47005490607415285,0.5299450939258472,0.025532004792398057,1,0,1,1,1,1,1,1,0.9699999999999999,1.0,1.0,1.0,0.8,skip,attack_already_active,1785296086.2123632,1785296086212363303,1384754429061828,43.7,53.26171875,-1.0,0,0
2026-07-28T23:34:46.213,10.42.0.1,10.42.0.1,18,3,UPLOAD,0.95,UPLOAD,0.95,1,8576,1.160179892400195,56,261712.0,303633.0,26,30,0.4629244089892013,0.5370755910107987,0.022307126294592007,1,0,1,1,1,1,1,1,0.9699999999999999,1.0,1.0,1.0,0.8,skip,attack_already_active,1785296086.2134225,1785296086213422651,1384754430121305,43.7,53.26171875,-1.0,0,0
2026-07-28T23:34:47.317,10.42.0.210,10.42.0.1|10.42.0.210,18,3,UPLOAD,0.95,UPLOAD,0.95,1,1448,100.0,1,0.0,1448.0,0,1,0.0,1.0,0.2768346578847778,1,0,0,1,1,1,1,1,0.9525,0.95,1.0,1.0,0.8,trigger,training_upload_trigger_confirmed,1785296087.317773,1785296087317773127,1384755534471803,5.6,53.26953125,9.284809,1785296087327059297,1384755543756612
2026-07-28T23:34:47.318,10.42.0.210,10.42.0.1|10.42.0.210,18,3,UPLOAD,0.9841010226033655,UPLOAD,0.9841010226033655,1,1448,100.0,2,0.0,2896.0,0,2,0.0,1.0,0.24045306611257047,1,0,1,1,1,1,1,1,0.9699999999999999,1.0,1.0,1.0,0.8,skip,attack_already_active,1785296087.318518,1785296087318518074,1384755535216188,5.6,53.26953125,-1.0,0,0
2026-07-28T23:34:47.319,10.42.0.210,10.42.0.1|10.42.0.210,18,3,UPLOAD,0.9854688349332961,UPLOAD,0.9854688349332961,1,1448,100.0,3,0.0,4344.0,0,3,0.0,1.0,0.2088914958571575,1,0,1,1,1,1,1,1,0.9699999999999999,1.0,1.0,1.0,0.8,skip,attack_already_active,1785296087.319459,1785296087319459078,1384755536157745,5.6,53.26953125,-1.0,0,0
2026-07-28T23:34:47.320,10.42.0.210,10.42.0.1|10.42.0.210,18,3,UPLOAD,0.9855076450773014,UPLOAD,0.9855076450773014,1,1448,100.0,4,0.0,5792.0,0,4,0.0,1.0,0.1814664084219389,1,0,1,1,1,1,1,1,0.9699999999999999,1.0,1.0,1.0,0.8,skip,attack_already_active,1785296087.320229,1785296087320229240,1384755536928200,5.6,53.26953125,-1.0,0,0
2026-07-28T23:34:47.321,10.42.0.210,10.42.0.1|10.42.0.210,18,3,UPLOAD,0.9855086980780915,UPLOAD,0.9855086980780915,1,1448,100.0,5,0.0,7240.0,0,5,0.0,1.0,0.1576810724848327,1,0,1,1,1,1,1,1,0.9699999999999999,1.0,1.0,1.0,0.8,skip,attack_already_active,1785296087.3211951,1785296087321195007,1384755537893079,5.6,53.26953125,-1.0,0,0
2026-07-28T23:34:47.321,10.42.0.210,10.42.0.1|10.42.0.210,18,3,UPLOAD,0.9855087254685951,UPLOAD,0.9855087254685951,1,1448,100.0,6,0.0,8688.0,0,6,0.0,1.0,0.13699384361695782,1,0,1,1,1,1,1,1,0.9699999999999999,1.0,1.0,1.0,0.8,skip,attack_already_active,1785296087.3218865,1785296087321886530,1384755538584612,11.9,53.26953125,-1.0,0,0
2026-07-28T23:34:47.322,10.42.0.210,10.42.0.1|10.42.0.210,18,3,UPLOAD,0.9855087261493067,UPLOAD,0.9855087261493067,1,1448,100.0,7,0.0,10136.0,0,7,0.0,1.0,0.11906546319463525,1,0,1,1,1,1,1,1,0.9699999999999999,1.0,1.0,1.0,0.8,skip,attack_already_active,1785296087.3228269,1785296087322826857,1384755539525114,11.9,53.26953125,-1.0,0,0
2026-07-28T23:34:47.323,10.42.0.210,10.42.0.1|10.42.0.210,18,3,UPLOAD,0.9855087261653082,UPLOAD,0.9855087261653082,1,1448,100.0,8,0.0,11584.0,0,8,0.0,1.0,0.10347212669975854,1,0,1,1,1,1,1,1,0.9699999999999999,1.0,1.0,1.0,0.8,skip,attack_already_active,1785296087.3235588,1785296087323558951,1384755540257641,11.9,53.26953125,-1.0,0,0
2026-07-28T23:34:47.325,10.42.0.210,10.42.0.1|10.42.0.210,18,3,UPLOAD,0.985508726165656,UPLOAD,0.985508726165656,1,1448,100.0,9,0.0,13032.0,0,9,0.0,1.0,0.09004383778109035,1,0,1,1,1,1,1,1,0.9699999999999999,1.0,1.0,1.0,0.8,skip,attack_already_active,1785296087.3251274,1785296087325127353,1384755541826232,11.9,53.26953125,-1.0,0,0
2026-07-28T23:34:47.326,10.42.0.210,10.42.0.1|10.42.0.210,18,3,UPLOAD,0.9855087261656625,UPLOAD,0.9855087261656625,1,1448,100.0,10,0.0,14480.0,0,10,0.0,1.0,0.07834527996968728,1,0,1,1,1,1,1,1,0.9699999999999999,1.0,1.0,1.0,0.8,skip,attack_already_active,1785296087.326394,1785296087326394104,1384755543094259,11.9,53.26953125,-1.0,0,0
2026-07-28T23:34:47.328,10.42.0.210,10.42.0.1|10.42.0.210,18,3,UPLOAD,0.9855087261656628,UPLOAD,0.9855087261656628,1,1448,100.0,11,0.0,15928.0,0,11,0.0,1.0,0.06823950389448724,1,0,1,1,1,1,1,1,0.9699999999999999,1.0,1.0,1.0,0.8,skip,attack_already_active,1785296087.3280494,1785296087328049526,1384755544748040,11.9,53.26953125,-1.0,0,0
2026-07-28T23:34:47.329,10.42.0.210,10.42.0.1|10.42.0.210,18,3,UPLOAD,0.95,UPLOAD,0.95,1,1448,100.0,12,0.0,17376.0,0,12,0.0,1.0,0.05937939002863418,1,0,1,1,1,1,1,1,0.9699999999999999,1.0,1.0,1.0,0.8,skip,attack_already_active,1785296087.329052,1785296087329051809,1384755545750306,11.9,53.26953125,-1.0,0,0
2026-07-28T23:34:47.331,10.42.0.210,10.42.0.1|10.42.0.210,18,3,UPLOAD,0.95,UPLOAD,0.95,1,1448,100.0,13,0.0,18824.0,0,13,0.0,1.0,0.05183626592087108,1,0,1,1,1,1,1,1,0.9699999999999999,1.0,1.0,1.0,0.8,skip,attack_already_active,1785296087.3311887,1785296087331188796,1384755547887475,11.9,53.26953125,-1.0,0,0
2026-07-28T23:34:47.332,10.42.0.210,10.42.0.1|10.42.0.210,18,3,UPLOAD,0.95,UPLOAD,0.95,1,1448,100.0,14,0.0,20272.0,0,14,0.0,1.0,0.045163191020455004,1,0,1,1,1,1,1,1,0.9699999999999999,1.0,1.0,1.0,0.8,skip,attack_already_active,1785296087.3323848,1785296087332384735,1384755549083174,11.9,53.26953125,-1.0,0,0
2026-07-28T23:34:47.333,10.42.0.210,10.42.0.1|10.42.0.210,18,3,UPLOAD,0.95,UPLOAD,0.95,1,1448,100.0,15,0.0,21720.0,0,15,0.0,1.0,0.039411430775652206,1,0,1,1,1,1,1,1,0.9699999999999999,1.0,1.0,1.0,0.8,skip,attack_already_active,1785296087.3338995,1785296087333899638,1384755550598104,11.9,53.26953125,-1.0,0,0
2026-07-28T23:34:47.334,10.42.0.210,10.42.0.1|10.42.0.210,18,3,UPLOAD,0.95,UPLOAD,0.95,1,1448,100.0,16,0.0,23168.0,0,16,0.0,1.0,0.03435429945625726,1,0,1,1,1,1,1,1,0.9699999999999999,1.0,1.0,1.0,0.8,skip,attack_already_active,1785296087.3349338,1785296087334933844,1384755551632309,11.9,53.26953125,-1.0,0,0
2026-07-28T23:34:47.336,10.42.0.210,10.42.0.1|10.42.0.210,18,3,UPLOAD,0.95,UPLOAD,0.95,1,1448,100.0,17,0.0,24616.0,0,17,0.0,1.0,0.03000387755897049,1,0,1,1,1,1,1,1,0.9699999999999999,1.0,1.0,1.0,0.8,skip,attack_already_active,1785296087.336274,1785296087336274025,1384755552972386,11.9,53.26953125,-1.0,0,0
2026-07-28T23:34:47.336,10.42.0.210,10.42.0.1|10.42.0.210,18,3,UPLOAD,0.95,UPLOAD,0.95,1,1448,100.0,18,0.0,26064.0,0,18,0.0,1.0,0.026143002607709357,1,0,1,1,1,1,1,1,0.9699999999999999,1.0,1.0,1.0,0.8,skip,attack_already_active,1785296087.3369787,1785296087336978670,1384755553676868,11.9,53.26953125,-1.0,0,0
2026-07-28T23:34:47.337,10.42.0.210,10.42.0.1|10.42.0.210,18,3,UPLOAD,0.95,UPLOAD,0.95,1,1448,100.0,19,0.0,27512.0,0,19,0.0,1.0,0.022821870039073582,1,0,1,1,1,1,1,1,0.9699999999999999,1.0,1.0,1.0,0.8,skip,attack_already_active,1785296087.3379185,1785296087337918447,1384755554616684,11.9,53.26953125,-1.0,0,0
2026-07-28T23:34:47.338,10.42.0.210,10.42.0.1|10.42.0.210,18,3,UPLOAD,0.95,UPLOAD,0.95,1,1448,100.0,20,0.0,28960.0,0,20,0.0,1.0,0.019900488467621012,1,0,1,1,1,1,1,1,0.9699999999999999,1.0,1.0,1.0,0.8,skip,attack_already_active,1785296087.3385708,1785296087338570736,1384755555268808,11.9,53.26953125,-1.0,0,0
2026-07-28T23:34:47.339,10.42.0.210,10.42.0.1|10.42.0.210,18,3,UPLOAD,0.95,UPLOAD,0.95,1,1448,100.0,21,0.0,30408.0,0,21,0.0,1.0,0.017393822755957283,1,0,1,1,1,1,1,1,0.9699999999999999,1.0,1.0,1.0,0.8,skip,attack_already_active,1785296087.339449,1785296087339448917,1384755556147017,11.9,53.26953125,-1.0,0,0
2026-07-28T23:34:47.340,10.42.0.210,10.42.0.1|10.42.0.210,18,3,UPLOAD,0.95,UPLOAD,0.95,1,1448,100.0,22,0.0,31856.0,0,22,0.0,1.0,0.015179959113833503,1,0,1,1,1,1,1,1,0.9699999999999999,1.0,1.0,1.0,0.8,skip,attack_already_active,1785296087.3400424,1785296087340042181,1384755556740261,11.9,53.26953125,-1.0,0,0
2026-07-28T23:34:47.340,10.42.0.210,10.42.0.1|10.42.0.210,18,3,UPLOAD,0.95,UPLOAD,0.95,1,1448,100.0,23,0.0,33304.0,0,23,0.0,1.0,0.01329178847473934,1,0,1,1,1,1,1,1,0.9699999999999999,1.0,1.0,1.0,0.8,skip,attack_already_active,1785296087.3408935,1785296087340893318,1384755557591320,11.9,53.26953125,-1.0,0,0
2026-07-28T23:34:47.341,10.42.0.210,10.42.0.1|10.42.0.210,18,3,UPLOAD,0.95,UPLOAD,0.95,1,1448,100.0,24,0.0,34752.0,0,24,0.0,1.0,0.01162170422157734,1,0,1,1,1,1,1,1,0.9699999999999999,1.0,1.0,1.0,0.8,skip,attack_already_active,1785296087.3415115,1785296087341511436,1384755558209747,11.9,53.26953125,-1.0,0,0
2026-07-28T23:34:47.342,10.42.0.210,10.42.0.1|10.42.0.210,18,3,UPLOAD,0.95,UPLOAD,0.95,1,1448,100.0,25,0.0,36200.0,0,25,0.0,1.0,0.010204274362136037,1,0,1,1,1,1,1,1,0.9699999999999999,1.0,1.0,1.0,0.8,skip,attack_already_active,1785296087.3423767,1785296087342376721,1384755559074715,11.9,53.26953125,-1.0,0,0
2026-07-28T23:34:47.343,10.42.0.210,10.42.0.1|10.42.0.210,18,3,UPLOAD,0.95,UPLOAD,0.95,1,1448,100.0,26,0.0,37648.0,0,26,0.0,1.0,0.008952638691750652,1,0,1,1,1,1,1,1,0.9699999999999999,1.0,1.0,1.0,0.8,skip,attack_already_active,1785296087.3430827,1785296087343082793,1384755559781156,11.9,53.26953125,-1.0,0,0
2026-07-28T23:34:47.344,10.42.0.210,10.42.0.1|10.42.0.210,18,3,UPLOAD,0.95,UPLOAD,0.95,1,1448,100.0,27,0.0,39096.0,0,27,0.0,1.0,0.007901092808867697,1,0,1,1,1,1,1,1,0.9699999999999999,1.0,1.0,1.0,0.8,skip,attack_already_active,1785296087.3440554,1785296087344055222,1384755560753606,11.9,53.26953125,-1.0,0,0
2026-07-28T23:34:47.344,10.42.0.210,10.42.0.1|10.42.0.210,18,3,UPLOAD,0.95,UPLOAD,0.95,1,1448,100.0,28,0.0,40544.0,0,28,0.0,1.0,0.006963356850598572,1,0,1,1,1,1,1,1,0.9699999999999999,1.0,1.0,1.0,0.8,skip,attack_already_active,1785296087.3448403,1785296087344840256,1384755561538760,11.9,53.26953125,-1.0,0,0
2026-07-28T23:34:47.345,10.42.0.210,10.42.0.1|10.42.0.210,18,3,UPLOAD,0.95,UPLOAD,0.95,1,1448,100.0,29,0.0,41992.0,0,29,0.0,1.0,0.006174010360565428,1,0,1,1,1,1,1,1,0.9699999999999999,1.0,1.0,1.0,0.8,skip,attack_already_active,1785296087.3458135,1785296087345813424,1384755562511570,11.9,53.26953125,-1.0,0,0
2026-07-28T23:34:47.346,10.42.0.210,10.42.0.1|10.42.0.210,18,3,UPLOAD,0.95,UPLOAD,0.95,1,1448,100.0,30,0.0,43440.0,0,30,0.0,1.0,0.00544717709173867,1,0,1,1,1,1,1,1,0.9699999999999999,1.0,1.0,1.0,0.8,skip,attack_already_active,1785296087.3464718,1785296087346471620,1384755563169692,11.9,53.26953125,-1.0,0,0
2026-07-28T23:34:47.347,10.42.0.210,10.42.0.1|10.42.0.210,18,3,UPLOAD,0.95,UPLOAD,0.95,1,1448,100.0,31,0.0,44888.0,0,31,0.0,1.0,0.004853791451259323,1,0,1,1,1,1,1,1,0.9699999999999999,1.0,1.0,1.0,0.8,skip,attack_already_active,1785296087.347416,1785296087347415881,1384755564113924,11.9,53.26953125,-1.0,0,0
2026-07-28T23:34:47.348,10.42.0.210,10.42.0.1|10.42.0.210,18,3,UPLOAD,0.95,UPLOAD,0.95,1,1448,100.0,32,0.0,46336.0,0,32,0.0,1.0,0.00435462180396152,1,0,1,1,1,1,1,1,0.9699999999999999,1.0,1.0,1.0,0.8,skip,attack_already_active,1785296087.3484817,1785296087348481568,1384755565180307,11.9,53.26953125,-1.0,0,0
2026-07-28T23:34:47.349,10.42.0.210,10.42.0.1|10.42.0.210,18,3,UPLOAD,0.95,UPLOAD,0.95,1,1448,100.0,33,0.0,47784.0,0,33,0.0,1.0,0.003906683677785747,1,0,1,1,1,1,1,1,0.9699999999999999,1.0,1.0,1.0,0.8,skip,attack_already_active,1785296087.349437,1785296087349437040,1384755566135077,11.9,53.26953125,-1.0,0,0
2026-07-28T23:34:47.350,10.42.0.210,10.42.0.1|10.42.0.210,18,3,UPLOAD,0.95,UPLOAD,0.95,1,1448,100.0,34,0.0,49232.0,0,34,0.0,1.0,0.003470803225229244,1,0,1,1,1,1,1,1,0.9699999999999999,1.0,1.0,1.0,0.8,skip,attack_already_active,1785296087.350036,1785296087350035869,1384755566733985,11.9,53.26953125,-1.0,0,0
2026-07-28T23:34:47.350,10.42.0.210,10.42.0.1|10.42.0.210,18,3,UPLOAD,0.95,UPLOAD,0.95,1,1448,100.0,35,0.0,50680.0,0,35,0.0,1.0,0.0031320095495553325,1,0,1,1,1,1,1,1,0.9699999999999999,1.0,1.0,1.0,0.8,skip,attack_already_active,1785296087.3509357,1785296087350935751,1384755567633749,11.9,53.26953125,-1.0,0,0
2026-07-28T23:34:47.351,10.42.0.210,10.42.0.1|10.42.0.210,18,3,UPLOAD,0.95,UPLOAD,0.95,1,1448,100.0,36,0.0,52128.0,0,36,0.0,1.0,0.002835598171846008,1,0,1,1,1,1,1,1,0.9699999999999999,1.0,1.0,1.0,0.8,skip,attack_already_active,1785296087.3518183,1785296087351818127,1384755568516239,11.9,53.26953125,-1.0,0,0
2026-07-28T23:34:47.352,10.42.0.210,10.42.0.1|10.42.0.210,18,3,UPLOAD,0.95,UPLOAD,0.95,1,1448,100.0,37,0.0,53576.0,0,37,0.0,1.0,0.002546985851774777,1,0,1,1,1,1,1,1,0.9699999999999999,1.0,1.0,1.0,0.8,skip,attack_already_active,1785296087.3524637,1785296087352463573,1384755569161706,11.9,53.26953125,-1.0,0,0
2026-07-28T23:34:47.353,10.42.0.210,10.42.0.1|10.42.0.210,18,3,UPLOAD,0.95,UPLOAD,0.95,1,1448,100.0,38,0.0,55024.0,0,38,0.0,1.0,0.0022943631305618203,1,0,1,1,1,1,1,1,0.9699999999999999,1.0,1.0,1.0,0.8,skip,attack_already_active,1785296087.3530936,1785296087353093514,1384755569791499,11.9,53.26953125,-1.0,0,0
2026-07-28T23:34:47.353,10.42.0.210,10.42.0.1|10.42.0.210,18,3,UPLOAD,0.95,UPLOAD,0.95,1,1448,100.0,39,0.0,56472.0,0,39,0.0,1.0,0.0020752495566116447,1,0,1,1,1,1,1,1,0.9699999999999999,1.0,1.0,1.0,0.8,skip,attack_already_active,1785296087.3537252,1785296087353725133,1384755570423071,11.9,53.26953125,-1.0,0,0
2026-07-28T23:34:47.356,10.42.0.1,10.42.0.1|10.42.0.210,18,3,UPLOAD,0.95,UPLOAD,0.95,1,7240,100.0,1,0.0,7240.0,0,1,0.0,1.0,0.16346380172967123,1,0,1,1,1,1,1,1,0.9699999999999999,1.0,1.0,1.0,0.8,skip,attack_already_active,1785296087.3565202,1785296087356520222,1384755573219606,11.9,53.26953125,-1.0,0,0
2026-07-28T23:34:47.357,10.42.0.1,10.42.0.1|10.42.0.210,18,3,UPLOAD,0.967345044069367,UPLOAD,0.967345044069367,1,7240,100.0,2,0.0,14480.0,0,2,0.0,1.0,0.14204104172441276,1,0,1,1,1,1,1,1,0.9699999999999999,1.0,1.0,1.0,0.8,skip,attack_already_active,1785296087.3574126,1785296087357412622,1384755574111248,11.9,53.26953125,-1.0,0,0
2026-07-28T23:34:47.363,10.42.0.1,10.42.0.1|10.42.0.210,18,3,UPLOAD,0.9703833163740381,UPLOAD,0.9703833163740381,1,1448,100.0,3,0.0,15928.0,0,3,0.0,1.0,0.12416988877231469,1,0,1,1,1,1,1,1,0.9699999999999999,1.0,1.0,1.0,0.8,skip,attack_already_active,1785296087.3638344,1785296087363834256,1384755580533137,11.9,53.26953125,-1.0,0,0
2026-07-28T23:34:47.368,10.42.0.1,10.42.0.1|10.42.0.210,18,3,UPLOAD,0.9710969118014717,UPLOAD,0.9710969118014717,1,14480,100.0,4,0.0,30408.0,0,4,0.0,1.0,0.1083622061127215,1,0,1,1,1,1,1,1,0.9699999999999999,1.0,1.0,1.0,0.8,skip,attack_already_active,1785296087.3680441,1785296087368043995,1384755584742780,11.9,53.26953125,-1.0,0,0
2026-07-28T23:34:47.369,10.42.0.1,10.42.0.1|10.42.0.210,18,3,UPLOAD,0.9717516406705069,UPLOAD,0.9717516406705069,1,13032,100.0,5,0.0,43440.0,0,5,0.0,1.0,0.09422493523489048,1,0,1,1,1,1,1,1,0.9699999999999999,1.0,1.0,1.0,0.8,skip,attack_already_active,1785296087.3691225,1785296087369122474,1384755585820810,11.9,53.26953125,-1.0,0,0
2026-07-28T23:34:47.370,10.42.0.1,10.42.0.1|10.42.0.210,18,3,UPLOAD,0.97025139071001,UPLOAD,0.97025139071001,0,43,100.0,5,0.0,43440.0,0,5,0.0,1.0,0.235341579969232,1,0,1,1,1,1,1,1,0.8374999999999999,0.8500000000000001,1.0,0.6000000000000001,0.8,skip,attack_already_active,1785296087.3701386,1785296087370138705,1384755586837213,11.9,53.26953125,-1.0,0,0
2026-07-28T23:34:47.372,10.42.0.1,10.42.0.1|10.42.0.210,18,3,UPLOAD,0.9722981234510378,UPLOAD,0.9722981234510378,1,2896,100.0,6,0.0,46336.0,0,6,0.0,1.0,0.20477484825201842,1,0,1,1,1,1,1,1,0.9699999999999999,1.0,1.0,1.0,0.8,skip,attack_already_active,1785296087.3725016,1785296087372501531,1384755589200097,11.9,53.26953125,-1.0,0,0
2026-07-28T23:34:47.374,10.42.0.1,10.42.0.1|10.42.0.210,18,3,UPLOAD,0.9730730319767558,UPLOAD,0.9730730319767558,1,14480,100.0,7,0.0,60816.0,0,7,0.0,1.0,0.17802182697979474,1,0,1,1,1,1,1,1,0.9699999999999999,1.0,1.0,1.0,0.8,skip,attack_already_active,1785296087.3742552,1785296087374255031,1384755590954054,11.9,53.26953125,-1.0,0,0
2026-07-28T23:34:47.375,10.42.0.1,10.42.0.1|10.42.0.210,18,3,UPLOAD,0.9737009167815689,UPLOAD,0.9737009167815689,1,13032,100.0,8,0.0,73848.0,0,8,0.0,1.0,0.15477120469512406,1,0,1,1,1,1,1,1,0.9699999999999999,1.0,1.0,1.0,0.8,skip,attack_already_active,1785296087.3758345,1785296087375834261,1384755592532794,11.9,53.26953125,-1.0,0,0
2026-07-28T23:34:47.377,10.42.0.1,10.42.0.1|10.42.0.210,18,3,UPLOAD,0.9741700026524986,UPLOAD,0.9741700026524986,1,5681,100.0,9,0.0,79529.0,0,9,0.0,1.0,0.1346143302534894,1,0,1,1,1,1,1,1,0.9699999999999999,1.0,1.0,1.0,0.8,skip,attack_already_active,1785296087.3776407,1785296087377640650,1384755594339236,11.9,53.26953125,-1.0,0,0
2026-07-28T23:34:47.479,10.42.0.47,10.42.0.1|10.42.0.210|10.42.0.47,18,3,UPLOAD,0.95,UPLOAD,0.95,1,7240,100.0,1,0.0,7240.0,0,1,0.0,1.0,0.2927482101902952,1,0,0,1,1,1,1,1,0.9699999999999999,1.0,1.0,1.0,0.8,trigger,training_upload_trigger_confirmed,1785296087.4790905,1785296087479090350,1384755695789247,11.9,53.26953125,179.800037,1785296087658892021,1384755875589284
2026-07-28T23:34:47.480,10.42.0.47,10.42.0.1|10.42.0.210|10.42.0.47,18,3,UPLOAD,0.95,UPLOAD,0.95,1,7240,100.0,2,0.0,14480.0,0,2,0.0,1.0,0.2543285891294873,1,0,1,1,1,1,1,1,0.9699999999999999,1.0,1.0,1.0,0.8,skip,attack_already_active,1785296087.4802828,1785296087480282934,1384755696981804,11.9,53.26953125,-1.0,0,0
2026-07-28T23:34:47.485,10.42.0.47,10.42.0.1|10.42.0.210|10.42.0.47,18,3,UPLOAD,0.95,UPLOAD,0.95,1,14480,100.0,3,0.0,28960.0,0,3,0.0,1.0,0.22146080057869502,1,0,1,1,1,1,1,1,0.9699999999999999,1.0,1.0,1.0,0.8,skip,attack_already_active,1785296087.4851868,1785296087485186855,1384755701885637,11.9,53.26953125,-1.0,0,0
2026-07-28T23:34:47.486,10.42.0.47,10.42.0.1|10.42.0.210|10.42.0.47,18,3,UPLOAD,0.95,UPLOAD,0.95,1,2896,100.0,4,0.0,31856.0,0,4,0.0,1.0,0.19248923520647587,1,0,1,1,1,1,1,1,0.9699999999999999,1.0,1.0,1.0,0.8,skip,attack_already_active,1785296087.4867904,1785296087486790443,1384755703488935,11.9,53.26953125,-1.0,0,0
2026-07-28T23:34:47.488,10.42.0.47,10.42.0.1|10.42.0.210|10.42.0.47,18,3,UPLOAD,0.95,UPLOAD,0.95,1,8688,100.0,5,0.0,40544.0,0,5,0.0,1.0,0.16737578535247621,1,0,1,1,1,1,1,1,0.9699999999999999,1.0,1.0,1.0,0.8,skip,attack_already_active,1785296087.4887006,1785296087488700564,1384755705398929,11.9,53.26953125,-1.0,0,0
2026-07-28T23:34:47.491,10.42.0.47,10.42.0.1|10.42.0.210|10.42.0.47,18,3,UPLOAD,0.95,UPLOAD,0.95,1,2896,100.0,6,0.0,43440.0,0,6,0.0,1.0,0.1457233934485881,1,0,1,1,1,1,1,1,0.9699999999999999,1.0,1.0,1.0,0.8,skip,attack_already_active,1785296087.4917624,1785296087491762483,1384755708461168,11.9,53.26953125,-1.0,0,0
2026-07-28T23:34:47.492,10.42.0.47,10.42.0.1|10.42.0.210|10.42.0.47,18,3,UPLOAD,0.95,UPLOAD,0.95,1,20272,100.0,7,0.0,63712.0,0,7,0.0,1.0,0.12666972096729107,1,0,1,1,1,1,1,1,0.9699999999999999,1.0,1.0,1.0,0.8,skip,attack_already_active,1785296087.4928927,1785296087492892628,1384755709590986,11.9,53.26953125,-1.0,0,0
2026-07-28T23:34:47.494,10.42.0.47,10.42.0.1|10.42.0.210|10.42.0.47,18,3,UPLOAD,0.95,UPLOAD,0.95,1,7240,100.0,8,0.0,70952.0,0,8,0.0,1.0,0.11018634076583918,1,0,1,1,1,1,1,1,0.9699999999999999,1.0,1.0,1.0,0.8,skip,attack_already_active,1785296087.4944746,1785296087494474783,1384755711173207,11.9,53.26953125,-1.0,0,0
2026-07-28T23:34:47.496,10.42.0.47,10.42.0.1|10.42.0.210|10.42.0.47,18,3,UPLOAD,0.95,UPLOAD,0.95,1,2896,100.0,9,0.0,73848.0,0,9,0.0,1.0,0.09587288142802619,1,0,1,1,1,1,1,1,0.9699999999999999,1.0,1.0,1.0,0.8,skip,attack_already_active,1785296087.49604,1785296087496040156,1384755712738538,11.9,53.26953125,-1.0,0,0
2026-07-28T23:34:47.497,10.42.0.47,10.42.0.1|10.42.0.210|10.42.0.47,18,3,UPLOAD,0.95,UPLOAD,0.95,1,5680,100.0,10,0.0,79528.0,0,10,0.0,1.0,0.08338509193886648,1,0,1,1,1,1,1,1,0.9699999999999999,1.0,1.0,1.0,0.8,skip,attack_already_active,1785296087.4971466,1785296087497146638,1384755713845067,11.9,53.26953125,-1.0,0,0
2026-07-28T23:34:47.498,10.42.0.1,10.42.0.1|10.42.0.210|10.42.0.47,18,3,UPLOAD,0.9747237840834557,UPLOAD,0.9747237840834557,1,7240,100.0,10,0.0,86769.0,0,10,0.0,1.0,0.13207295685006984,1,0,1,1,1,1,1,1,0.9699999999999999,1.0,1.0,1.0,0.8,skip,attack_already_active,1785296087.498733,1785296087498733035,1384755715431478,11.9,53.26953125,-1.0,0,0
2026-07-28T23:34:47.499,10.42.0.1,10.42.0.1|10.42.0.210|10.42.0.47,18,3,UPLOAD,0.9752614543056246,UPLOAD,0.9752614543056246,1,7240,100.0,11,0.0,94009.0,0,11,0.0,1.0,0.11480389411605488,1,0,1,1,1,1,1,1,0.9699999999999999,1.0,1.0,1.0,0.8,skip,attack_already_active,1785296087.4997559,1785296087499755752,1384755716454056,11.9,53.26953125,-1.0,0,0
2026-07-28T23:34:47.501,10.42.0.1,10.42.0.1|10.42.0.210|10.42.0.47,18,3,UPLOAD,0.9740948827534315,UPLOAD,0.9740948827534315,0,43,100.0,11,0.0,94009.0,0,11,0.0,1.0,0.11695456423769801,1,0,1,1,1,1,1,1,0.8374999999999999,0.8500000000000001,1.0,0.6000000000000001,0.8,skip,attack_already_active,1785296087.5012634,1785296087501263374,1384755717961879,11.9,53.26953125,-1.0,0,0
2026-07-28T23:34:47.502,10.42.0.1,10.42.0.1|10.42.0.210|10.42.0.47,18,3,UPLOAD,0.9757065345998028,UPLOAD,0.9757065345998028,1,11584,100.0,12,0.0,105593.0,0,12,0.0,1.0,0.10188306431890465,1,0,1,1,1,1,1,1,0.9699999999999999,1.0,1.0,1.0,0.8,skip,attack_already_active,1785296087.502337,1785296087502336913,1384755719035275,11.9,53.26953125,-1.0,0,0
2026-07-28T23:34:47.503,10.42.0.1,10.42.0.1|10.42.0.210|10.42.0.47,18,3,UPLOAD,0.9763375790607581,UPLOAD,0.9763375790607581,1,11584,100.0,13,0.0,117177.0,0,13,0.0,1.0,0.08859769386025662,1,0,1,1,1,1,1,1,0.9699999999999999,1.0,1.0,1.0,0.8,skip,attack_already_active,1785296087.503401,1785296087503401009,1384755720099429,11.9,53.26953125,-1.0,0,0
2026-07-28T23:34:47.504,10.42.0.1,10.42.0.1|10.42.0.210|10.42.0.47,18,3,UPLOAD,0.9768575762577595,UPLOAD,0.9768575762577595,1,1448,100.0,14,0.0,118625.0,0,14,0.0,1.0,0.07706202209451321,1,0,1,1,1,1,1,1,0.9699999999999999,1.0,1.0,1.0,0.8,skip,attack_already_active,1785296087.5044577,1785296087504457633,1384755721156042,11.9,53.26953125,-1.0,0,0
2026-07-28T23:34:47.507,10.42.0.1,10.42.0.1|10.42.0.210|10.42.0.47,18,3,UPLOAD,0.9771029048480453,UPLOAD,0.9771029048480453,1,11584,100.0,15,0.0,130209.0,0,15,0.0,1.0,0.06731202931985951,1,0,1,1,1,1,1,1,0.9699999999999999,1.0,1.0,1.0,0.8,skip,attack_already_active,1785296087.5075297,1785296087507529677,1384755724227981,11.9,53.26953125,-1.0,0,0
2026-07-28T23:34:47.509,10.42.0.1,10.42.0.1|10.42.0.210|10.42.0.47,18,3,UPLOAD,0.977730061742616,UPLOAD,0.977730061742616,1,7240,100.0,16,0.0,137449.0,0,16,0.0,1.0,0.058698074888344234,1,0,1,1,1,1,1,1,0.9699999999999999,1.0,1.0,1.0,0.8,skip,attack_already_active,1785296087.5094728,1785296087509472855,1384755726171272,11.9,53.26953125,-1.0,0,0
2026-07-28T23:34:47.510,10.42.0.1,10.42.0.1|10.42.0.210|10.42.0.47,18,3,UPLOAD,0.9780945895367061,UPLOAD,0.9780945895367061,1,4344,100.0,17,0.0,141793.0,0,17,0.0,1.0,0.0510960003633271,1,0,1,1,1,1,1,1,0.9699999999999999,1.0,1.0,1.0,0.8,skip,attack_already_active,1785296087.5104809,1785296087510480986,1384755727179327,11.9,53.26953125,-1.0,0,0
2026-07-28T23:34:47.512,10.42.0.1,10.42.0.1|10.42.0.210|10.42.0.47,18,3,UPLOAD,0.9783797548557768,UPLOAD,0.9783797548557768,1,8688,100.0,18,0.0,150481.0,0,18,0.0,1.0,0.04468437856507853,1,0,1,1,1,1,1,1,0.9699999999999999,1.0,1.0,1.0,0.8,skip,attack_already_active,1785296087.5129209,1785296087512920725,1384755729619458,11.9,53.26953125,-1.0,0,0
2026-07-28T23:34:47.514,10.42.0.1,10.42.0.1|10.42.0.210|10.42.0.47,18,3,UPLOAD,0.9789266883098615,UPLOAD,0.9789266883098615,1,4344,100.0,19,0.0,154825.0,0,19,0.0,1.0,0.0389398218774473,1,0,1,1,1,1,1,1,0.9699999999999999,1.0,1.0,1.0,0.8,skip,attack_already_active,1785296087.5140114,1785296087514011302,1384755730709716,11.9,53.26953125,-1.0,0,0
2026-07-28T23:34:47.515,10.42.0.1,10.42.0.1|10.42.0.210|10.42.0.47,18,3,UPLOAD,0.9789365042490713,UPLOAD,0.9789365042490713,1,4232,100.0,20,0.0,159057.0,0,20,0.0,1.0,0.03401254124295878,1,0,1,1,1,1,1,1,0.9699999999999999,1.0,1.0,1.0,0.8,skip,attack_already_active,1785296087.5155594,1785296087515559302,1384755732257770,11.9,53.26953125,-1.0,0,0
2026-07-28T23:34:47.831,10.42.0.1,10.42.0.210,19,1,DOWNLOAD,0.9772084931456655,DOWNLOAD,0.9772084931456655,-1,1448,100.0,21,1448.0,159057.0,1,20,0.009021525809164823,0.9909784741908352,0.07308225513364847,0,0,0,0,1,0,0,0,0.44,0.8500000000000001,0.0,0.6000000000000001,0.15,skip,training_upload_trigger_not_confirmed,1785296087.8317652,1785296087831765165,1384756048463786,11.9,53.26953125,-1.0,0,0
2026-07-28T23:34:47.835,10.42.0.1,10.42.0.210,19,1,DOWNLOAD,0.95,DOWNLOAD,0.95,-1,5792,21.969198892131327,22,7240.0,159057.0,2,20,0.04353656409917196,0.956463435900828,0.06399282598397805,0,0,0,0,1,0,0,0,0.44,0.8500000000000001,0.0,0.6000000000000001,0.15,skip,training_upload_trigger_not_confirmed,1785296087.8358703,1785296087835870186,1384756052569505,11.9,53.26953125,-1.0,0,0
2026-07-28T23:34:47.837,10.42.0.1,10.42.0.210,19,1,DOWNLOAD,0.95,DOWNLOAD,0.95,-1,7240,10.984599446824268,23,14480.0,159057.0,3,20,0.08344041904608239,0.9165595809539177,0.05572458159750796,0,0,0,0,1,0,0,0,0.44,0.8500000000000001,0.0,0.6000000000000001,0.15,skip,training_upload_trigger_not_confirmed,1785296087.8371177,1785296087837117811,1384756053816357,11.9,53.26953125,-1.0,0,0
2026-07-28T23:34:47.838,10.42.0.1,10.42.0.210,19,1,DOWNLOAD,0.95,DOWNLOAD,0.95,-1,7240,7.323066298051424,24,21720.0,159057.0,4,20,0.12014802768051246,0.8798519723194875,0.04853698957557516,0,0,0,0,1,0,0,0,0.44,0.8500000000000001,0.0,0.6000000000000001,0.15,skip,training_upload_trigger_not_confirmed,1785296087.8382976,1785296087838297581,1384756054996488,80.9,53.26953125,-1.0,0,0
2026-07-28T23:34:47.839,10.42.0.1,10.42.0.210,19,1,DOWNLOAD,0.95,DOWNLOAD,0.95,-1,7240,5.492299723601786,25,28960.0,159057.0,5,20,0.15402862507113718,0.8459713749288628,0.0423209186399239,0,0,0,0,1,0,0,0,0.4,0.8500000000000001,0.0,0.4,0.15,skip,training_upload_trigger_not_confirmed,1785296087.8396626,1785296087839662545,1384756056361947,80.9,53.26953125,-1.0,0,0
2026-07-28T23:34:47.841,10.42.0.1,10.42.0.210,19,1,DOWNLOAD,0.95,DOWNLOAD,0.95,-1,7240,4.393839778911772,26,36200.0,159057.0,6,20,0.1853966823212484,0.8146033176787516,0.03695899764175936,0,0,0,0,1,0,0,0,0.4,0.8500000000000001,0.0,0.4,0.15,skip,training_upload_trigger_not_confirmed,1785296087.8412933,1785296087841293434,1384756057992061,80.9,53.26953125,-1.0,0,0
2026-07-28T23:34:47.842,10.42.0.1,10.42.0.210,19,1,DOWNLOAD,0.95,DOWNLOAD,0.95,-1,7240,3.6615331491100016,27,43440.0,159057.0,7,20,0.21452169661772766,0.7854783033822723,0.03226992997704117,0,0,0,0,1,0,0,0,0.4,0.8500000000000001,0.0,0.4,0.15,skip,training_upload_trigger_not_confirmed,1785296087.8426683,1785296087842668315,1384756059367161,80.9,53.26953125,-1.0,0,0
2026-07-28T23:34:47.844,10.42.0.1,10.42.0.210,19,1,DOWNLOAD,0.95,DOWNLOAD,0.95,-1,7240,3.138456984961751,28,50680.0,159057.0,8,20,0.24163595359903117,0.7583640464009689,0.028251825839389857,0,0,0,0,1,0,0,0,0.4,0.8500000000000001,0.0,0.4,0.15,skip,training_upload_trigger_not_confirmed,1785296087.844446,1785296087844445913,1384756061144659,80.9,53.26953125,-1.0,0,0
2026-07-28T23:34:47.845,10.42.0.1,10.42.0.210,19,1,DOWNLOAD,0.95,DOWNLOAD,0.95,-1,7240,2.7461498618483056,29,57920.0,159057.0,9,20,0.2669407356540094,0.7330592643459906,0.024676304485876908,0,0,0,0,1,0,0,0,0.32,0.8500000000000001,0.0,0.0,0.15,skip,training_upload_trigger_not_confirmed,1785296087.8455641,1785296087845564103,1384756062262790,80.9,53.26953125,-1.0,0,0
2026-07-28T23:34:47.846,10.42.0.1,10.42.0.210,19,1,DOWNLOAD,0.95,DOWNLOAD,0.95,-1,10136,2.3371488186003124,30,68056.0,159057.0,10,20,0.2996569989388542,0.7003430010611458,0.02157323367610779,0,0,0,0,1,0,0,0,0.32,0.8500000000000001,0.0,0.0,0.15,skip,training_upload_trigger_not_confirmed,1785296087.846692,1785296087846692092,1384756063390527,80.9,53.26953125,-1.0,0,0
2026-07-28T23:34:47.847,10.42.0.1,10.42.0.210,19,1,DOWNLOAD,0.95,DOWNLOAD,0.95,-1,14480,1.92712271007891,31,82536.0,159057.0,11,20,0.3416324148464566,0.6583675851535433,0.01886844926512199,0,0,0,0,1,0,0,0,0.32,0.8500000000000001,0.0,0.0,0.15,skip,training_upload_trigger_not_confirmed,1785296087.8477395,1785296087847739301,1384756064437836,80.9,53.26953125,-1.0,0,0
2026-07-28T23:34:47.848,10.42.0.1,10.42.0.210,19,1,DOWNLOAD,0.95,DOWNLOAD,0.95,-1,14480,1.6394924548462164,32,97016.0,159057.0,12,20,0.37886071549909595,0.621139284500904,0.01652602428710309,0,0,0,0,1,0,0,0,0.32,0.8500000000000001,0.0,0.0,0.15,skip,training_upload_trigger_not_confirmed,1785296087.848832,1785296087848831944,1384756065530260,80.9,53.26953125,-1.0,0,0
2026-07-28T23:34:47.849,10.42.0.1,10.42.0.210,19,1,DOWNLOAD,0.95,DOWNLOAD,0.95,-1,4344,1.5692284924963575,33,101360.0,159057.0,13,20,0.3892219017959657,0.6107780982040343,0.014491234339344253,0,0,0,0,1,0,0,0,0.32,0.8500000000000001,0.0,0.0,0.15,skip,training_upload_trigger_not_confirmed,1785296087.8499165,1785296087849916351,1384756066614859,80.9,53.26953125,-1.0,0,0
2026-07-28T23:34:47.851,10.42.0.1,10.42.0.210,19,1,DOWNLOAD,0.95,DOWNLOAD,0.95,-1,14480,1.373074930936006,34,115840.0,159057.0,14,20,0.4213941949166415,0.5786058050833585,0.01272639996997903,0,0,0,0,1,0,0,0,0.32,0.8500000000000001,0.0,0.0,0.15,skip,training_upload_trigger_not_confirmed,1785296087.8510149,1785296087851014805,1384756067713189,80.9,53.26953125,-1.0,0,0
2026-07-28T23:34:47.852,10.42.0.1,10.42.0.210,19,1,DOWNLOAD,0.95,DOWNLOAD,0.95,-1,13032,1.2342246570222064,35,128872.0,159057.0,15,20,0.4475825637570373,0.5524174362429627,0.011198775499413281,0,0,0,0,1,0,0,0,0.32,0.8500000000000001,0.0,0.0,0.15,skip,training_upload_trigger_not_confirmed,1785296087.8521485,1785296087852148478,1384756068847077,80.9,53.26953125,-1.0,0,0
2026-07-28T23:34:47.853,10.42.0.1,10.42.0.210,19,1,DOWNLOAD,0.95,DOWNLOAD,0.95,-1,20272,1.0664659657775943,36,149144.0,159057.0,16,20,0.4839179626282848,0.5160820373717152,0.009878233748579515,0,0,0,0,1,0,0,0,0.30250000000000005,0.8000000000000002,0.0,0.0,0.15,skip,training_upload_trigger_not_confirmed,1785296087.853326,1785296087853326056,1384756070024881,80.9,53.26953125,-1.0,0,0
2026-07-28T23:34:47.854,10.42.0.1,10.42.0.210,19,1,DOWNLOAD,0.95,DOWNLOAD,0.95,-1,11584,0.9896035538301379,37,160728.0,159057.0,17,20,0.5026126929030442,0.4973873070969558,0.00873057465613572,0,0,0,0,1,0,0,0,0.30250000000000005,0.8000000000000002,0.0,0.0,0.15,skip,training_upload_trigger_not_confirmed,1785296087.854495,1785296087854495095,1384756071193894,80.9,53.26953125,-1.0,0,0
2026-07-28T23:34:47.856,10.42.0.1,10.42.0.210,19,1,DOWNLOAD,0.95,DOWNLOAD,0.95,-1,15472,0.9027071509653649,38,176200.0,159057.0,18,20,0.5255669531135815,0.47443304688641846,0.0078455541207377,0,0,0,0,1,0,0,0,0.30250000000000005,0.8000000000000002,0.0,0.0,0.15,skip,training_upload_trigger_not_confirmed,1785296087.8565094,1785296087856509521,1384756073208508,80.9,53.26953125,-1.0,0,0
2026-07-28T23:34:47.857,10.42.0.1,10.42.0.210,19,1,DOWNLOAD,0.95,DOWNLOAD,0.95,-1,15472,0.8298395175099658,39,191672.0,159057.0,19,20,0.5464960125909177,0.4535039874090822,0.006969677491669368,0,0,0,0,1,0,0,0,0.30250000000000005,0.8000000000000002,0.0,0.0,0.15,skip,training_upload_trigger_not_confirmed,1785296087.8577082,1785296087857708323,1384756074407790,80.9,53.26953125,-1.0,0,0
2026-07-28T23:34:47.859,10.42.0.18,10.42.0.210,17,1,DOWNLOAD,0.95,DOWNLOAD,0.95,-1,7300,1.3698630135109776e-10,1,7300.0,0.0,1,0,1.0,0.0,0.49704776731378886,0,0,0,0,0,0,0,0,0.0225,0.0,0.0,0.0,0.15,skip,already_attacked_this_round,1785296087.8595846,1785296087859584490,1384756076283117,80.9,53.26953125,-1.0,0,0
2026-07-28T23:34:47.860,10.42.0.1,10.42.0.210,19,1,DOWNLOAD,0.95,DOWNLOAD,0.95,-1,21720,0.7453747094560932,40,213392.0,159057.0,20,20,0.5729428727154591,0.427057127284541,0.006454401066605952,0,0,0,0,1,0,0,0,0.28500000000000003,0.7500000000000001,0.0,0.0,0.15,skip,training_upload_trigger_not_confirmed,1785296087.8607676,1785296087860767502,1384756077466032,80.9,53.26953125,-1.0,0,0
2026-07-28T23:34:47.861,10.42.0.1,10.42.0.210,19,1,DOWNLOAD,0.95,DOWNLOAD,0.95,-1,14024,0.6994098920054024,41,227416.0,159057.0,21,20,0.5884395546390045,0.41156044536099545,0.005760554775502029,0,0,0,0,1,0,0,0,0.28500000000000003,0.7500000000000001,0.0,0.0,0.15,skip,training_upload_trigger_not_confirmed,1785296087.8619566,1785296087861956710,1384756078655543,80.9,53.26953125,-1.0,0,0
2026-07-28T23:34:47.863,10.42.0.1,10.42.0.210,19,1,DOWNLOAD,0.95,DOWNLOAD,0.95,-1,15472,0.6548573828280736,42,242888.0,159057.0,22,20,0.6042816803293983,0.3957183196706017,0.005159302157648135,0,0,0,0,1,0,0,0,0.28500000000000003,0.7500000000000001,0.0,0.0,0.15,skip,training_upload_trigger_not_confirmed,1785296087.8631544,1785296087863154419,1384756079852946,80.9,53.26953125,-1.0,0,0
2026-07-28T23:34:47.864,10.42.0.1,10.42.0.210,19,1,DOWNLOAD,0.95,DOWNLOAD,0.95,-1,21720,0.6011042750045309,43,264608.0,159057.0,23,20,0.6245689400823764,0.3754310599176236,0.004658988763911725,0,0,0,0,1,0,0,0,0.28500000000000003,0.7500000000000001,0.0,0.0,0.15,skip,training_upload_trigger_not_confirmed,1785296087.864517,1785296087864516806,1384756081216373,80.9,53.26953125,-1.0,0,0
2026-07-28T23:34:47.866,10.42.0.18,10.42.0.210,17,1,DOWNLOAD,0.9486510464989232,DOWNLOAD,0.9486510464989232,0,43,1.3698630135109776e-10,1,7300.0,0.0,1,0,1.0,0.0,0.6429477105573854,0,0,0,0,0,0,0,0,0.0225,0.0,0.0,0.0,0.15,skip,already_attacked_this_round,1785296087.8663292,1785296087866329062,1384756083028211,80.9,53.26953125,-1.0,0,0
2026-07-28T23:34:47.867,10.42.0.18,10.42.0.210,17,1,DOWNLOAD,0.9507415962475398,DOWNLOAD,0.9507415962475398,-1,10220,5.70776255675184e-11,2,17520.0,0.0,2,0,1.0,0.0,0.5592983153339364,0,0,0,0,0,0,0,0,0.0225,0.0,0.0,0.0,0.15,skip,already_attacked_this_round,1785296087.8677402,1785296087867740074,1384756084438757,80.9,53.26953125,-1.0,0,0
2026-07-28T23:34:47.870,10.42.0.18,10.42.0.210,17,1,DOWNLOAD,0.9527147326715009,DOWNLOAD,0.9527147326715009,-1,14600,3.113325031036322e-11,3,32120.0,0.0,3,0,1.0,0.0,0.4860179455206697,0,0,0,0,0,0,0,0,0.0225,0.0,0.0,0.0,0.15,skip,already_attacked_this_round,1785296087.870934,1785296087870933956,1384756087632517,80.9,53.26953125,-1.0,0,0
2026-07-28T23:34:47.872,10.42.0.145,10.42.0.210,12,2,TRAINING,0.9293977297375461,TRAINING,0.9293977297375461,0,43,1.0,0,0.0,0.0,0,0,0.0,0.0,0.9805955594248996,0,0,0,0,0,0,0,0,0.039999999999999994,0.05,0.0,0.0,0.15,skip,training_upload_trigger_not_confirmed,1785296087.8724508,1785296087872450800,1384756089149713,80.9,53.26953125,-1.0,0,0
2026-07-28T23:34:47.873,10.42.0.145,10.42.0.210,12,2,TRAINING,0.95,TRAINING,0.95,-1,14600,6.84931506802402e-11,1,14600.0,0.0,1,0,1.0,0.0,1.081651212413941,0,0,0,0,0,0,0,0,0.0225,0.0,0.0,0.0,0.15,skip,training_upload_trigger_not_confirmed,1785296087.8738363,1785296087873836218,1384756090535212,80.9,53.26953125,-1.0,0,0
2026-07-28T23:34:47.874,10.42.0.145,10.42.0.210,12,2,TRAINING,0.95,TRAINING,0.95,-1,14600,3.424657534129292e-11,2,29200.0,0.0,2,0,1.0,0.0,0.9392651434055563,0,0,0,0,0,0,0,0,0.0225,0.0,0.0,0.0,0.15,skip,training_upload_trigger_not_confirmed,1785296087.874959,1785296087874959003,1384756091657372,80.9,53.26953125,-1.0,0,0
2026-07-28T23:34:47.878,10.42.0.210,10.42.0.210,19,1,DOWNLOAD,0.9837472241771128,DOWNLOAD,0.9837472241771128,-1,10136,5.571428570977562,40,10136.0,56472.0,1,39,0.15217391304347827,0.8478260869565217,0.06859092068706057,0,0,0,0,0,0,0,0,0.057499999999999996,0.1,0.0,0.0,0.15,skip,training_upload_trigger_not_confirmed,1785296087.8783517,1785296087878351704,1384756095050237,80.9,53.26953125,-1.0,0,0
2026-07-28T23:34:47.879,10.42.0.210,10.42.0.210,19,1,DOWNLOAD,0.9,DOWNLOAD,0.9,0,43,5.571428570977562,40,10136.0,56472.0,1,39,0.15217391304347827,0.8478260869565217,0.12539614114911288,0,0,0,0,0,0,0,0,0.057499999999999996,0.1,0.0,0.0,0.15,skip,training_upload_trigger_not_confirmed,1785296087.8793964,1785296087879396275,1384756096094673,80.9,53.26953125,-1.0,0,0
2026-07-28T23:34:47.880,10.42.0.210,10.42.0.210,19,1,DOWNLOAD,0.9557926560077417,DOWNLOAD,0.9557926560077417,-1,14480,2.294117647006251,41,24616.0,56472.0,2,39,0.30357142857142855,0.6964285714285714,0.10914678288541269,0,0,0,0,0,0,0,0,0.057499999999999996,0.1,0.0,0.0,0.15,skip,training_upload_trigger_not_confirmed,1785296087.880436,1785296087880435979,1384756097134490,80.9,53.26953125,-1.0,0,0
2026-07-28T23:34:47.881,10.42.0.210,10.42.0.210,19,1,DOWNLOAD,0.9846998846180315,DOWNLOAD,0.9846998846180315,-1,4344,1.9499999999671962,42,28960.0,56472.0,3,39,0.3389830508474576,0.6610169491525424,0.09489987274129678,0,0,0,0,0,0,0,0,0.057499999999999996,0.1,0.0,0.0,0.15,skip,training_upload_trigger_not_confirmed,1785296087.8814669,1785296087881466951,1384756098165468,80.9,53.26953125,-1.0,0,0
2026-07-28T23:34:47.884,10.42.0.59,10.42.0.210,7,3,UPLOAD,0.9841010226033655,UPLOAD,0.9841010226033655,0,43,1.0,0,0.0,0.0,0,0,0.0,0.0,0.7324295492508809,0,0,0,0,0,0,0,0,0.4375,0.05,1.0,0.0,0.8,skip,already_attacked_this_round,1785296087.8840086,1785296087884008638,1384756100707139,80.9,53.26953125,-1.0,0,0
2026-07-28T23:34:47.885,10.42.0.59,10.42.0.210,7,1,DOWNLOAD,0.95,DOWNLOAD,0.95,-1,14600,6.84931506802402e-11,1,14600.0,0.0,1,0,1.0,0.0,0.8682468136611378,0,0,0,0,0,0,0,0,0.0225,0.0,0.0,0.0,0.15,skip,already_attacked_this_round,1785296087.8851142,1785296087885114209,1384756101812663,80.9,53.26953125,-1.0,0,0
2026-07-28T23:34:47.886,10.42.0.59,10.42.0.210,7,1,DOWNLOAD,0.95,DOWNLOAD,0.95,-1,14600,3.424657534129292e-11,2,29200.0,0.0,2,0,1.0,0.0,0.7539777231578373,0,0,0,0,0,0,0,0,0.0225,0.0,0.0,0.0,0.15,skip,already_attacked_this_round,1785296087.8862045,1785296087886204340,1384756102902782,80.9,53.26953125,-1.0,0,0
2026-07-28T23:34:47.892,10.42.0.18,10.42.0.210,17,1,DOWNLOAD,0.9540737122555712,DOWNLOAD,0.9540737122555712,-1,4380,2.739726027322199e-11,4,36500.0,0.0,4,0,1.0,0.0,0.424815842664544,0,0,0,0,0,0,0,0,0.0225,0.0,0.0,0.0,0.15,skip,already_attacked_this_round,1785296087.8925061,1785296087892506149,1384756109204531,80.9,53.26953125,-1.0,0,0
2026-07-28T23:34:47.894,10.42.0.18,10.42.0.210,17,1,DOWNLOAD,0.9554689471212742,DOWNLOAD,0.9554689471212742,-1,14600,1.9569471623883178e-11,5,51100.0,0.0,5,0,1.0,0.0,0.3691111149688184,0,0,0,0,0,0,0,0,0.0225,0.0,0.0,0.0,0.15,skip,already_attacked_this_round,1785296087.8945942,1785296087894594238,1384756111292706,80.9,53.26953125,-1.0,0,0
2026-07-28T23:34:47.895,10.42.0.18,10.42.0.210,17,1,DOWNLOAD,0.9543610806387585,DOWNLOAD,0.9543610806387585,-1,5840,1.756234632916118e-11,6,56940.0,0.0,6,0,1.0,0.0,0.32061945028622435,0,0,0,0,0,0,0,0,0.0225,0.0,0.0,0.0,0.15,skip,already_attacked_this_round,1785296087.8957155,1785296087895715530,1384756112414018,80.9,53.26953125,-1.0,0,0
2026-07-28T23:34:47.897,10.42.0.18,10.42.0.210,17,1,DOWNLOAD,0.9591695024258052,DOWNLOAD,0.9591695024258052,-1,13140,1.4269406392490448e-11,7,70080.0,0.0,7,0,1.0,0.0,0.27857169277372923,0,0,0,0,0,0,0,0,0.0225,0.0,0.0,0.0,0.15,skip,already_attacked_this_round,1785296087.8972461,1785296087897246242,1384756113944655,80.9,53.26953125,-1.0,0,0
2026-07-28T23:34:47.898,10.42.0.59,10.42.0.210,7,1,DOWNLOAD,0.95,DOWNLOAD,0.95,-1,23360,1.9025875189896766e-11,3,52560.0,0.0,3,0,1.0,0.0,0.6562891866880952,0,0,0,0,0,0,0,0,0.0225,0.0,0.0,0.0,0.15,skip,already_attacked_this_round,1785296087.898851,1785296087898850929,1384756115549452,80.9,53.26953125,-1.0,0,0
2026-07-28T23:34:47.899,10.42.0.59,10.42.0.210,7,1,DOWNLOAD,0.9515100050633861,DOWNLOAD,0.9515100050633861,-1,12024,1.5483711135645304e-11,4,64584.0,0.0,4,0,1.0,0.0,0.569951830913981,0,0,0,0,0,0,0,0,0.0225,0.0,0.0,0.0,0.15,skip,already_attacked_this_round,1785296087.8999498,1785296087899949804,1384756116648115,80.9,53.26953125,-1.0,0,0
2026-07-28T23:34:47.901,10.42.0.210,10.42.0.210,19,1,DOWNLOAD,0.9854895428954357,DOWNLOAD,0.9854895428954357,-1,18824,1.181818181814377,43,47784.0,56472.0,4,39,0.4583333333333333,0.5416666666666666,0.08504694472522617,0,0,0,0,0,0,0,0,0.039999999999999994,0.05,0.0,0.0,0.15,skip,training_upload_trigger_not_confirmed,1785296087.9015956,1785296087901595747,1384756118294162,80.9,53.26953125,-1.0,0,0
2026-07-28T23:34:47.907,10.42.0.47,10.42.0.210,19,1,DOWNLOAD,0.95,DOWNLOAD,0.95,-1,1448,54.92265189646225,11,1448.0,79528.0,1,10,0.017881841533293814,0.9821181584667061,0.12358013330699538,0,0,0,0,0,0,0,0,0.057499999999999996,0.1,0.0,0.0,0.15,skip,training_upload_trigger_not_confirmed,1785296087.9073346,1785296087907334739,1384756124032983,80.9,53.26953125,-1.0,0,0
2026-07-28T23:34:47.909,10.42.0.47,10.42.0.210,19,1,DOWNLOAD,0.9829981496648164,DOWNLOAD,0.9829981496648164,0,43,54.92265189646225,11,1448.0,79528.0,1,10,0.017881841533293814,0.9821181584667061,0.15851635251628465,0,0,0,0,0,0,0,0,0.057499999999999996,0.1,0.0,0.0,0.15,skip,training_upload_trigger_not_confirmed,1785296087.9092238,1785296087909223731,1384756125921843,80.9,53.26953125,-1.0,0,0
2026-07-28T23:34:47.909,10.42.0.47,10.42.0.210,19,1,DOWNLOAD,0.9842257140988042,DOWNLOAD,0.9842257140988042,-1,10136,6.865331491206376,12,11584.0,79528.0,2,10,0.12714022302221442,0.8728597769777856,0.13796439417987036,0,0,0,0,0,0,0,0,0.057499999999999996,0.1,0.0,0.0,0.15,skip,training_upload_trigger_not_confirmed,1785296087.9098878,1785296087909887656,1384756126585743,80.9,53.26953125,-1.0,0,0
2026-07-28T23:34:47.919,10.42.0.47,10.42.0.210,19,1,DOWNLOAD,0.9842586901286671,DOWNLOAD,0.9842586901286671,-1,2896,5.492265193059926,13,14480.0,79528.0,3,10,0.15402944430261253,0.8459705556973874,0.12108168858075583,0,0,0,0,0,0,0,0,0.057499999999999996,0.1,0.0,0.0,0.15,skip,training_upload_trigger_not_confirmed,1785296087.919734,1785296087919734027,1384756136432484,80.9,53.26953125,-1.0,0,0
2026-07-28T23:34:48.010,10.42.0.47,10.42.0.210,19,1,DOWNLOAD,0.9842595481342594,DOWNLOAD,0.9842595481342594,-1,1448,4.992968357358553,14,15928.0,79528.0,4,10,0.16686221924237346,0.8331377807576266,0.11703067418000694,0,0,0,0,0,0,0,0,0.057499999999999996,0.1,0.0,0.0,0.15,skip,training_upload_trigger_not_confirmed,1785296088.0100737,1785296088010073502,1384756226771976,80.9,53.26953125,-1.0,0,0
2026-07-28T23:34:48.010,10.42.0.47,10.42.0.210,19,1,DOWNLOAD,0.9842595696464124,DOWNLOAD,0.9842595696464124,-1,1448,4.576887660935952,15,17376.0,79528.0,5,10,0.17931148353009163,0.8206885164699084,0.10170515675181158,0,0,0,0,0,0,0,0,0.057499999999999996,0.1,0.0,0.0,0.15,skip,training_upload_trigger_not_confirmed,1785296088.0108032,1785296088010803259,1384756227501502,80.9,53.26953125,-1.0,0,0
2026-07-28T23:34:48.011,10.42.0.47,10.42.0.210,19,1,DOWNLOAD,0.9842595701605352,DOWNLOAD,0.9842595701605352,-1,1448,4.224819379344197,16,18824.0,79528.0,6,10,0.19139417602082318,0.8086058239791768,0.08839503555152049,0,0,0,0,0,0,0,0,0.057499999999999996,0.1,0.0,0.0,0.15,skip,training_upload_trigger_not_confirmed,1785296088.0115016,1785296088011501565,1384756228199956,80.9,53.26953125,-1.0,0,0
2026-07-28T23:34:48.013,10.42.0.47,10.42.0.210,19,1,DOWNLOAD,0.9842595701720059,DOWNLOAD,0.9842595701720059,-1,2896,3.661510128790906,17,21720.0,79528.0,7,10,0.21452275600505688,0.7854772439949431,0.07696957664287608,0,0,0,0,0,0,0,0,0.057499999999999996,0.1,0.0,0.0,0.15,skip,training_upload_trigger_not_confirmed,1785296088.013192,1785296088013191907,1384756229890100,80.9,53.26953125,-1.0,0,0
2026-07-28T23:34:48.014,10.42.0.47,10.42.0.210,19,1,DOWNLOAD,0.9842595701722343,DOWNLOAD,0.9842595701722343,-1,7240,2.746132596624788,18,28960.0,79528.0,8,10,0.26694196593171593,0.7330580340682841,0.06695859081590302,0,0,0,0,0,0,0,0,0.057499999999999996,0.1,0.0,0.0,0.15,skip,training_upload_trigger_not_confirmed,1785296088.014191,1785296088014190776,1384756230889148,80.9,53.26953125,-1.0,0,0
2026-07-28T23:34:48.014,10.42.0.47,10.42.0.210,19,1,DOWNLOAD,0.9842595701722379,DOWNLOAD,0.9842595701722379,-1,4344,2.387941388380136,19,33304.0,79528.0,9,10,0.29516449234259784,0.7048355076574021,0.05822950477764801,0,0,0,0,0,0,0,0,0.057499999999999996,0.1,0.0,0.0,0.15,skip,training_upload_trigger_not_confirmed,1785296088.014907,1785296088014906824,1384756231605017,80.9,53.26953125,-1.0,0,0
2026-07-28T23:34:48.016,10.42.0.47,10.42.0.210,19,1,DOWNLOAD,0.9842595701722379,DOWNLOAD,0.9842595701722379,-1,1448,2.2884438305338266,20,34752.0,79528.0,10,10,0.304095204760238,0.695904795239762,0.05082992614767129,0,0,0,0,0,0,0,0,0.057499999999999996,0.1,0.0,0.0,0.15,skip,training_upload_trigger_not_confirmed,1785296088.016983,1785296088016983020,1384756233681235,80.9,53.26953125,-1.0,0,0
2026-07-28T23:34:48.017,10.42.0.47,10.42.0.210,19,1,DOWNLOAD,0.9842595701722379,DOWNLOAD,0.9842595701722379,-1,1448,2.196906077315002,21,36200.0,79528.0,11,10,0.31280243329185675,0.6871975667081432,0.044222227725642604,0,0,0,0,0,0,0,0,0.057499999999999996,0.1,0.0,0.0,0.15,skip,training_upload_trigger_not_confirmed,1785296088.017669,1785296088017668767,1384756234366870,80.9,53.26953125,-1.0,0,0
2026-07-28T23:34:48.018,10.42.0.47,10.42.0.210,19,1,DOWNLOAD,0.9842595701722379,DOWNLOAD,0.9842595701722379,-1,2896,2.0341722938143496,22,39096.0,79528.0,12,10,0.3295791745346642,0.6704208254653359,0.038484281311155354,0,0,0,0,0,0,0,0,0.057499999999999996,0.1,0.0,0.0,0.15,skip,training_upload_trigger_not_confirmed,1785296088.0183475,1785296088018347563,1384756235045617,80.9,53.26953125,-1.0,0,0
2026-07-28T23:34:48.019,10.42.0.47,10.42.0.210,19,1,DOWNLOAD,0.9842595701722379,DOWNLOAD,0.9842595701722379,-1,4344,1.8307550644375976,23,43440.0,79528.0,13,10,0.3532626374341292,0.6467373625658708,0.03350461754359986,0,0,0,0,0,0,0,0,0.057499999999999996,0.1,0.0,0.0,0.15,skip,training_upload_trigger_not_confirmed,1785296088.0190425,1785296088019042666,1384756235740947,80.9,53.26953125,-1.0,0,0
2026-07-28T23:34:48.019,10.42.0.47,10.42.0.210,19,1,DOWNLOAD,0.9842595701722379,DOWNLOAD,0.9842595701722379,-1,4344,1.6643227858558445,24,47784.0,79528.0,14,10,0.37532989820284024,0.6246701017971598,0.02918158616849728,0,0,0,0,0,0,0,0,0.057499999999999996,0.1,0.0,0.0,0.15,skip,training_upload_trigger_not_confirmed,1785296088.0197408,1785296088019740933,1384756236439137,80.9,53.26953125,-1.0,0,0
2026-07-28T23:34:48.021,10.42.0.47,10.42.0.210,19,1,DOWNLOAD,0.9842595701722379,DOWNLOAD,0.9842595701722379,-1,4344,1.525629220370518,25,52128.0,79528.0,15,10,0.39594093698730026,0.6040590630126997,0.02557443691581474,0,0,0,0,0,0,0,0,0.057499999999999996,0.1,0.0,0.0,0.15,skip,training_upload_trigger_not_confirmed,1785296088.0215487,1785296088021548892,1384756238247358,80.9,53.26953125,-1.0,0,0
2026-07-28T23:34:48.022,10.42.0.47,10.42.0.210,19,1,DOWNLOAD,0.9842595701722379,DOWNLOAD,0.9842595701722379,-1,2896,1.4453329456156343,26,55024.0,79528.0,16,10,0.40894226767346453,0.5910577323265355,0.022294295909060204,0,0,0,0,0,0,0,0,0.057499999999999996,0.1,0.0,0.0,0.15,skip,training_upload_trigger_not_confirmed,1785296088.022231,1785296088022231066,1384756238929138,80.9,53.26953125,-1.0,0,0
2026-07-28T23:34:48.022,10.42.0.47,10.42.0.210,19,1,DOWNLOAD,0.9842595701722379,DOWNLOAD,0.9842595701722379,-1,4344,1.3395768764260279,27,59368.0,79528.0,17,10,0.4274277157009561,0.5725722842990439,0.01944611098368461,0,0,0,0,0,0,0,0,0.057499999999999996,0.1,0.0,0.0,0.15,skip,training_upload_trigger_not_confirmed,1785296088.0229113,1785296088022911281,1384756239609346,80.9,53.26953125,-1.0,0,0
2026-07-28T23:34:48.023,10.42.0.47,10.42.0.210,19,1,DOWNLOAD,0.9842595701722379,DOWNLOAD,0.9842595701722379,-1,4344,1.2482420893984139,28,63712.0,79528.0,18,10,0.44479195755375595,0.5552080424462441,0.01696991386080849,0,0,0,0,0,0,0,0,0.057499999999999996,0.1,0.0,0.0,0.15,skip,training_upload_trigger_not_confirmed,1785296088.0235662,1785296088023566397,1384756240264499,80.9,53.26953125,-1.0,0,0
2026-07-28T23:34:48.025,10.42.0.47,10.42.0.210,19,1,DOWNLOAD,0.9842595701722379,DOWNLOAD,0.9842595701722379,-1,4344,1.1685670624167073,29,68056.0,79528.0,19,10,0.46113399826539464,0.5388660017346054,0.014931893950426616,0,0,0,0,0,0,0,0,0.039999999999999994,0.05,0.0,0.0,0.15,skip,training_upload_trigger_not_confirmed,1785296088.0250702,1785296088025069988,1384756241768094,80.9,53.26953125,-1.0,0,0
2026-07-28T23:34:48.025,10.42.0.47,10.42.0.210,19,1,DOWNLOAD,0.9842595701722379,DOWNLOAD,0.9842595701722379,-1,2896,1.120870447624861,30,70952.0,79528.0,20,10,0.4715045188729399,0.5284954811270601,0.01305419980696669,0,0,0,0,0,0,0,0,0.039999999999999994,0.05,0.0,0.0,0.15,skip,training_upload_trigger_not_confirmed,1785296088.0257528,1785296088025752749,1384756242450754,80.9,53.26953125,-1.0,0,0
2026-07-28T23:34:48.026,10.42.0.47,10.42.0.210,19,1,DOWNLOAD,0.9842595701722379,DOWNLOAD,0.9842595701722379,-1,1009,1.1051541807353267,31,71961.0,79528.0,21,10,0.4750245892441035,0.5249754107558965,0.011422272685281403,0,0,0,0,0,0,0,0,0.039999999999999994,0.05,0.0,0.0,0.15,skip,training_upload_trigger_not_confirmed,1785296088.0264227,1785296088026422725,1384756243120891,80.9,53.26953125,-1.0,0,0
2026-07-28T23:34:48.216,10.42.0.59,10.42.0.210,7,2,TRAINING,0.95,TRAINING,0.95,1,64240,0.994673603369338,5,64584.0,64240.0,4,1,0.5013351549400733,0.4986648450599267,0.5386821294648199,0,0,0,0,1,0,0,0,0.4525,1.0,0.0,0.4,0.15,skip,already_attacked_this_round,1785296088.2166634,1785296088216663379,1384756433362487,80.9,53.26953125,-1.0,0,0
2026-07-28T23:34:48.218,10.42.0.59,10.42.0.210,7,3,UPLOAD,0.95,UPLOAD,0.95,1,6528,1.0957512696628304,6,64584.0,70768.0,4,2,0.47715586027543,0.52284413972457,0.4679264229452804,0,0,0,1,1,1,1,1,0.85,1.0,1.0,0.4,0.8,skip,already_attacked_this_round,1785296088.2184,1785296088218400076,1384756435098955,80.9,53.26953125,-1.0,0,0
2026-07-28T23:34:48.220,10.42.0.1,10.42.0.210,19,2,TRAINING,0.95,TRAINING,0.95,1,7240,0.6284655036898791,44,264608.0,166297.0,23,21,0.6140750281384528,0.38592497186154723,0.04395951817606196,0,0,0,0,1,1,0,0,0.5725,1.0,0.0,1.0,0.15,skip,training_upload_trigger_not_confirmed,1785296088.220086,1785296088220086140,1384756436784885,80.9,53.26953125,-1.0,0,0
2026-07-28T23:34:48.221,10.42.0.1,10.42.0.1,19,3,UPLOAD,0.95,UPLOAD,0.95,1,7240,0.6558267323752274,45,264608.0,173537.0,23,22,0.6039279234043524,0.3960720765956476,0.03831550637819618,1,0,0,1,1,1,1,1,0.9699999999999999,1.0,1.0,1.0,0.8,trigger,training_upload_trigger_confirmed,1785296088.2212148,1785296088221214788,1384756437913766,80.9,53.26953125,22.310571,1785296088243527015,1384756460224337
2026-07-28T23:34:48.223,10.42.0.145,10.42.0.1,12,3,UPLOAD,0.95,UPLOAD,0.95,1,64240,2.199999999958904,3,29200.0,64240.0,2,1,0.3125,0.6875,0.8617165080568613,0,0,0,1,1,1,1,1,0.9299999999999999,1.0,1.0,0.8,0.8,trigger,training_upload_trigger_confirmed,1785296088.2232208,1785296088223220634,1384756439919560,80.9,53.26953125,26.83173,1785296088250054044,1384756466751290
2026-07-28T23:34:48.224,10.42.0.1,10.42.0.1,19,3,UPLOAD,0.95,UPLOAD,0.95,1,10136,0.694132452534715,46,264608.0,183673.0,23,23,0.5902726191830571,0.40972738081694293,0.0336922391721821,1,0,1,1,1,1,1,1,0.9699999999999999,1.0,1.0,1.0,0.8,skip,attack_already_active,1785296088.2244456,1785296088224445816,1384756441144406,80.9,53.26953125,-1.0,0,0
2026-07-28T23:34:48.225,10.42.0.1,10.42.0.1,19,3,UPLOAD,0.95,UPLOAD,0.95,1,7240,0.7214936812200633,47,264608.0,190913.0,23,24,0.580890891967659,0.41910910803234097,0.029352149922152924,1,0,1,1,1,1,1,1,0.9699999999999999,1.0,1.0,1.0,0.8,skip,attack_already_active,1785296088.225202,1785296088225202058,1384756441900949,80.9,53.26953125,-1.0,0,0
2026-07-28T23:34:48.226,10.42.0.1,10.42.0.1,19,3,UPLOAD,0.95,UPLOAD,0.95,1,7240,0.7488549099054116,48,264608.0,198153.0,23,25,0.5718027232199775,0.4281972767800225,0.025599273941081187,1,0,1,1,1,1,1,1,0.9699999999999999,1.0,1.0,1.0,0.8,skip,attack_already_active,1785296088.2260747,1785296088226074614,1384756442773093,80.9,53.26953125,-1.0,0,0
2026-07-28T23:34:48.226,10.42.0.1,10.42.0.1,19,3,UPLOAD,0.8441697235972142,UPLOAD,0.8441697235972142,0,43,0.7488549099054116,48,264608.0,198153.0,23,25,0.5718027232199775,0.4281972767800225,0.06279945290948663,1,0,1,1,1,1,1,1,0.8025,0.7500000000000001,1.0,0.6000000000000001,0.8,skip,attack_already_active,1785296088.2269335,1785296088226933582,1384756443632920,80.9,53.26953125,-1.0,0,0
2026-07-28T23:34:48.229,10.42.0.1,10.42.0.1,19,3,UPLOAD,0.95,UPLOAD,0.95,1,4344,0.7652716471166205,49,264608.0,202497.0,23,26,0.5664850515408741,0.4335149484591259,0.05493842210966378,1,0,1,1,1,1,1,1,0.9699999999999999,1.0,1.0,1.0,0.8,skip,attack_already_active,1785296088.229219,1785296088229219041,1384756445917514,80.9,53.26953125,-1.0,0,0
2026-07-28T23:34:48.230,10.42.0.1,10.42.0.1,19,3,UPLOAD,0.95,UPLOAD,0.95,1,14480,0.8199941044873171,50,264608.0,216977.0,23,27,0.5494523292876647,0.4505476707123353,0.0478573476624137,1,0,1,1,1,1,1,1,0.9699999999999999,1.0,1.0,1.0,0.8,skip,attack_already_active,1785296088.230421,1785296088230420935,1384756447119415,80.9,53.26953125,-1.0,0,0
2026-07-28T23:34:48.231,10.42.0.1,10.42.0.1,19,3,UPLOAD,0.95,UPLOAD,0.95,1,14480,0.8747165618580137,51,264608.0,231457.0,23,28,0.5334139679275901,0.46658603207240984,0.04173290973262134,1,0,1,1,1,1,1,1,0.9699999999999999,1.0,1.0,1.0,0.8,skip,attack_already_active,1785296088.2318017,1785296088231801896,1384756448500451,80.9,53.26953125,-1.0,0,0
2026-07-28T23:34:48.233,10.42.0.1,10.42.0.1,19,3,UPLOAD,0.7797224737581424,UPLOAD,0.7797224737581424,0,43,0.8747165618580137,51,264608.0,231457.0,23,28,0.5334139679275901,0.46658603207240984,0.037053762496561025,1,0,1,1,1,1,1,1,0.8200000000000001,0.8000000000000002,1.0,0.6000000000000001,0.8,skip,attack_already_active,1785296088.2331576,1785296088233157578,1384756449855970,80.9,53.26953125,-1.0,0,0
2026-07-28T23:34:48.233,10.42.0.1,10.42.0.1,19,3,UPLOAD,0.95,UPLOAD,0.95,1,10136,0.9130222820175012,52,264608.0,241593.0,23,29,0.5227330645336536,0.47726693546634635,0.032450418290955095,1,0,1,1,1,1,1,1,0.9699999999999999,1.0,1.0,1.0,0.8,skip,attack_already_active,1785296088.233922,1785296088233921939,1384756450620224,80.9,53.26953125,-1.0,0,0
2026-07-28T23:34:48.234,10.42.0.1,10.42.0.1,19,3,UPLOAD,0.95,UPLOAD,0.95,1,4344,0.9294390192287102,53,264608.0,245937.0,23,30,0.5182853617212978,0.48171463827870215,0.02827362373558122,1,0,1,1,1,1,1,1,0.9699999999999999,1.0,1.0,1.0,0.8,skip,attack_already_active,1785296088.234676,1785296088234675903,1384756451374314,80.9,53.26953125,-1.0,0,0
2026-07-28T23:34:48.236,10.42.0.1,10.42.0.1,19,3,UPLOAD,0.95,UPLOAD,0.95,1,14480,0.9841614765994068,54,264608.0,260417.0,23,31,0.5039912385124518,0.4960087614875482,0.024724134058958347,1,0,1,1,1,1,1,1,0.9699999999999999,1.0,1.0,1.0,0.8,skip,attack_already_active,1785296088.2360134,1785296088236013320,1384756452711533,80.9,53.26953125,-1.0,0,0
2026-07-28T23:34:48.237,10.42.0.1,10.42.0.1,19,3,UPLOAD,0.95,UPLOAD,0.95,1,5792,1.0060504595476853,55,264608.0,266209.0,23,32,0.4984919473189442,0.5015080526810558,0.021676558718931344,1,0,1,1,1,1,1,1,0.9699999999999999,1.0,1.0,1.0,0.8,skip,attack_already_active,1785296088.2376103,1785296088237610197,1384756454308556,80.9,53.26953125,-1.0,0,0
2026-07-28T23:34:48.238,10.42.0.1,10.42.0.1,19,3,UPLOAD,0.95,UPLOAD,0.95,1,7240,1.0334116882330338,56,264608.0,273449.0,23,33,0.4917843276827548,0.5082156723172452,0.018959980919248408,1,0,1,1,1,1,1,1,0.9699999999999999,1.0,1.0,1.0,0.8,skip,attack_already_active,1785296088.2386715,1785296088238671551,1384756455369806,80.9,53.26953125,-1.0,0,0
2026-07-28T23:34:48.239,10.42.0.1,10.42.0.1,19,3,UPLOAD,0.95,UPLOAD,0.95,1,8576,1.06582189502938,57,264608.0,282025.0,23,34,0.48406883594660405,0.515931164053396,0.016599116657362883,1,0,1,1,1,1,1,1,0.9699999999999999,1.0,1.0,1.0,0.8,skip,attack_already_active,1785296088.2397156,1785296088239715574,1384756456413955,80.9,53.26953125,-1.0,0,0
2026-07-28T23:34:48.241,10.42.0.1,10.42.0.1,19,3,UPLOAD,0.95,UPLOAD,0.95,1,18824,1.1369610896112856,58,264608.0,300849.0,23,35,0.46795423878385095,0.5320457612161491,0.014663933584899293,1,0,1,1,1,1,1,1,0.9699999999999999,1.0,1.0,1.0,0.8,skip,attack_already_active,1785296088.2416291,1785296088241629097,1384756458327357,80.9,53.26953125,-1.0,0,0
2026-07-28T23:34:48.242,10.42.0.1,10.42.0.1,19,3,UPLOAD,0.95,UPLOAD,0.95,1,10136,1.175266809770773,59,264608.0,310985.0,23,36,0.45971372132739624,0.5402862786726037,0.012875713514558837,1,0,1,1,1,1,1,1,0.9699999999999999,1.0,1.0,1.0,0.8,skip,attack_already_active,1785296088.2427227,1785296088242722719,1384756459421082,80.9,53.26953125,-1.0,0,0
2026-07-28T23:34:48.244,10.42.0.1,10.42.0.1,19,3,UPLOAD,0.95,UPLOAD,0.95,1,7129,1.2022085500052826,60,264608.0,318114.0,23,37,0.45408960018670996,0.54591039981329,0.011378461379178337,1,0,1,1,1,1,1,1,0.9699999999999999,1.0,1.0,1.0,0.8,skip,attack_already_active,1785296088.2442362,1785296088244236408,1384756460935132,80.9,53.26953125,-1.0,0,0
2026-07-28T23:34:48.265,10.42.0.1,10.42.0.1,19,3,UPLOAD,0.95,UPLOAD,0.95,1,1337,1.2072613072915133,61,264608.0,319451.0,23,38,0.4530501199365133,0.5469498800634868,0.01272885617973333,1,0,1,1,1,1,1,1,0.9699999999999999,1.0,1.0,1.0,0.8,skip,attack_already_active,1785296088.2658625,1785296088265862394,1384756482561589,80.9,53.26953125,-1.0,0,0
2026-07-28T23:34:48.313,10.42.0.18,10.42.0.1,17,2,TRAINING,0.95,TRAINING,0.95,1,7300,0.1041666666794497,8,70080.0,7300.0,7,1,0.9056603773584906,0.09433962264150944,0.3008185885303826,0,0,0,0,1,1,0,0,0.5725,1.0,0.0,1.0,0.15,skip,already_attacked_this_round,1785296088.3137264,1785296088313726533,1384756530425276,91.8,53.26953125,-1.0,0,0
2026-07-28T23:34:48.316,10.42.0.18,10.42.0.1,17,3,UPLOAD,0.95,UPLOAD,0.95,1,49640,0.8125000000026756,9,70080.0,56940.0,7,2,0.5517241379310345,0.4482758620689655,0.26152579333700793,0,0,0,1,1,1,1,1,0.9699999999999999,1.0,1.0,1.0,0.8,skip,already_attacked_this_round,1785296088.3163629,1785296088316362701,1384756533061527,91.8,53.26953125,-1.0,0,0
2026-07-28T23:34:48.318,10.42.0.18,10.42.0.1,17,3,UPLOAD,0.9841010226033655,UPLOAD,0.9841010226033655,1,22588,1.1348173515962499,10,70080.0,79528.0,7,3,0.46842414844125985,0.5315758515587402,0.22728219360518875,0,0,0,1,1,1,1,1,0.9699999999999999,1.0,1.0,1.0,0.8,skip,already_attacked_this_round,1785296088.3180234,1785296088318023426,1384756534722573,91.8,53.26953125,-1.0,0,0
2026-07-28T23:34:48.319,10.42.0.1,10.42.0.1,19,3,UPLOAD,0.95,UPLOAD,0.95,1,7240,1.2346225359768614,62,264608.0,326691.0,23,39,0.44750287079802265,0.5524971292019774,0.015384742651980383,1,0,1,1,1,1,1,1,0.9699999999999999,1.0,1.0,1.0,0.8,skip,attack_already_active,1785296088.3197143,1785296088319714305,1384756536412925,91.8,53.26953125,-1.0,0,0
2026-07-28T23:34:48.320,10.42.0.1,10.42.0.1,19,3,UPLOAD,0.95,UPLOAD,0.95,1,7240,1.2619837646622099,63,264608.0,333931.0,23,40,0.44208982205002517,0.5579101779499749,0.013501664019654486,1,0,1,1,1,1,1,1,0.9699999999999999,1.0,1.0,1.0,0.8,skip,attack_already_active,1785296088.320809,1785296088320808871,1384756537507522,91.8,53.26953125,-1.0,0,0
2026-07-28T23:34:48.322,10.42.0.1,10.42.0.1,19,3,UPLOAD,0.7797784245732878,UPLOAD,0.7797784245732878,0,43,1.2619837646622099,63,264608.0,333931.0,23,40,0.44208982205002517,0.5579101779499749,0.023432570248877065,1,0,1,1,1,1,1,1,0.8374999999999999,0.8500000000000001,1.0,0.6000000000000001,0.8,skip,attack_already_active,1785296088.3220222,1785296088322022049,1384756538720603,91.8,53.26953125,-1.0,0,0
2026-07-28T23:34:48.323,10.42.0.1,10.42.0.1,19,3,UPLOAD,0.95,UPLOAD,0.95,1,10136,1.3002894848216975,64,264608.0,344067.0,23,41,0.43472789255349736,0.5652721074465027,0.02063772376801877,1,0,1,1,1,1,1,1,0.9699999999999999,1.0,1.0,1.0,0.8,skip,attack_already_active,1785296088.3230321,1785296088323032162,1384756539730476,91.8,53.26953125,-1.0,0,0
2026-07-28T23:34:48.323,10.42.0.1,10.42.0.1,19,3,UPLOAD,0.95,UPLOAD,0.95,1,4344,1.3167062220329064,65,264608.0,348411.0,23,42,0.4316473062009497,0.5683526937990503,0.018011854194183316,1,0,1,1,1,1,1,1,0.9699999999999999,1.0,1.0,1.0,0.8,skip,attack_already_active,1785296088.3237429,1785296088323742943,1384756540441206,91.8,53.26953125,-1.0,0,0
2026-07-28T23:34:48.325,10.42.0.1,10.42.0.1,19,3,UPLOAD,0.95,UPLOAD,0.95,1,14480,1.371428679403603,66,264608.0,362891.0,23,43,0.421686727787614,0.578313272212386,0.01590926461979023,1,0,1,1,1,1,1,1,0.9699999999999999,1.0,1.0,1.0,0.8,skip,attack_already_active,1785296088.3257987,1785296088325798584,1384756542496786,91.8,53.26953125,-1.0,0,0
2026-07-28T23:34:48.326,10.42.0.1,10.42.0.1,19,3,UPLOAD,0.95,UPLOAD,0.95,1,14480,1.4261511367742996,67,264608.0,377371.0,23,44,0.41217547614485833,0.5878245238551417,0.013946479692486139,1,0,1,1,1,1,1,1,0.9699999999999999,1.0,1.0,1.0,0.8,skip,attack_already_active,1785296088.326813,1785296088326812985,1384756543511117,91.8,53.26953125,-1.0,0,0
2026-07-28T23:34:48.328,10.42.0.1,10.42.0.1,19,3,UPLOAD,0.95,UPLOAD,0.95,1,5792,1.448040119722578,68,264608.0,383163.0,23,45,0.408490037374319,0.591509962625681,0.012297383134102877,1,0,1,1,1,1,1,1,0.9699999999999999,1.0,1.0,1.0,0.8,skip,attack_already_active,1785296088.328245,1785296088328245099,1384756544943273,91.8,53.26953125,-1.0,0,0
2026-07-28T23:34:48.328,10.42.0.1,10.42.0.1,19,3,UPLOAD,0.95,UPLOAD,0.95,1,5792,1.4699291026708567,69,264608.0,388955.0,23,46,0.4048699207268465,0.5951300792731534,0.010772473983187366,1,0,1,1,1,1,1,1,0.9699999999999999,1.0,1.0,1.0,0.8,skip,attack_already_active,1785296088.3289702,1785296088328970233,1384756545668451,91.8,53.26953125,-1.0,0,0
2026-07-28T23:34:48.329,10.42.0.1,10.42.0.1,19,3,UPLOAD,0.95,UPLOAD,0.95,1,10024,1.5078115552042726,70,264608.0,398979.0,23,47,0.3987540443076793,0.6012459556923206,0.009485770058772759,1,0,1,1,1,1,1,1,0.9699999999999999,1.0,1.0,1.0,0.8,skip,attack_already_active,1785296088.3299782,1785296088329978227,1384756546676408,91.8,53.26953125,-1.0,0,0
2026-07-28T23:34:49.558,10.42.0.210,10.42.0.1|10.42.0.210,19,3,UPLOAD,0.95,UPLOAD,0.95,1,1448,100.0,1,0.0,1448.0,0,1,0.0,1.0,0.29503888656370336,1,0,0,1,1,1,1,1,0.9525,0.95,1.0,1.0,0.8,trigger,training_upload_trigger_confirmed,1785296089.5580142,1785296089558014322,1384757774712696,8.5,53.26953125,9.497898,1785296089567513029,1384757784210594
2026-07-28T23:34:49.558,10.42.0.210,10.42.0.1|10.42.0.210,19,3,UPLOAD,0.9841010226033655,UPLOAD,0.9841010226033655,1,1448,100.0,2,0.0,2896.0,0,2,0.0,1.0,0.256270537958063,1,0,1,1,1,1,1,1,0.9699999999999999,1.0,1.0,1.0,0.8,skip,attack_already_active,1785296089.5588508,1785296089558850940,1384757775549164,8.5,53.26953125,-1.0,0,0
2026-07-28T23:34:49.560,10.42.0.210,10.42.0.1|10.42.0.210,19,3,UPLOAD,0.9854688349332961,UPLOAD,0.9854688349332961,1,1448,100.0,3,0.0,4344.0,0,3,0.0,1.0,0.22268278251110823,1,0,1,1,1,1,1,1,0.9699999999999999,1.0,1.0,1.0,0.8,skip,attack_already_active,1785296089.560233,1785296089560233326,1384757776933285,8.5,53.26953125,-1.0,0,0
2026-07-28T23:34:49.561,10.42.0.210,10.42.0.1|10.42.0.210,19,3,UPLOAD,0.9855076450773014,UPLOAD,0.9855076450773014,1,1448,100.0,4,0.0,5792.0,0,4,0.0,1.0,0.19351060509204845,1,0,1,1,1,1,1,1,0.9699999999999999,1.0,1.0,1.0,0.8,skip,attack_already_active,1785296089.5615363,1785296089561536164,1384757778235227,8.5,53.26953125,-1.0,0,0
2026-07-28T23:34:49.562,10.42.0.210,10.42.0.1|10.42.0.210,19,3,UPLOAD,0.9855086980780915,UPLOAD,0.9855086980780915,1,1448,100.0,5,0.0,7240.0,0,5,0.0,1.0,0.1681611491333041,1,0,1,1,1,1,1,1,0.9699999999999999,1.0,1.0,1.0,0.8,skip,attack_already_active,1785296089.562677,1785296089562676979,1384757779376096,8.5,53.26953125,-1.0,0,0
2026-07-28T23:34:49.563,10.42.0.210,10.42.0.1|10.42.0.210,19,3,UPLOAD,0.9855087254685951,UPLOAD,0.9855087254685951,1,1448,100.0,6,0.0,8688.0,0,6,0.0,1.0,0.1461308346325273,1,0,1,1,1,1,1,1,0.9699999999999999,1.0,1.0,1.0,0.8,skip,attack_already_active,1785296089.563656,1785296089563656209,1384757780355267,8.5,53.26953125,-1.0,0,0
2026-07-28T23:34:49.564,10.42.0.210,10.42.0.1|10.42.0.210,19,3,UPLOAD,0.9855087261493067,UPLOAD,0.9855087261493067,1,1448,100.0,7,0.0,10136.0,0,7,0.0,1.0,0.1270107477256024,1,0,1,1,1,1,1,1,0.9699999999999999,1.0,1.0,1.0,0.8,skip,attack_already_active,1785296089.5646899,1785296089564689970,1384757781388941,8.5,53.26953125,-1.0,0,0
2026-07-28T23:34:49.565,10.42.0.210,10.42.0.1|10.42.0.210,19,3,UPLOAD,0.9855087261653082,UPLOAD,0.9855087261653082,1,1448,100.0,8,0.0,11584.0,0,8,0.0,1.0,0.1103765205737237,1,0,1,1,1,1,1,1,0.9699999999999999,1.0,1.0,1.0,0.8,skip,attack_already_active,1785296089.565468,1785296089565468197,1384757782166682,8.5,53.26953125,-1.0,0,0
2026-07-28T23:34:49.566,10.42.0.210,10.42.0.1|10.42.0.210,19,3,UPLOAD,0.985508726165656,UPLOAD,0.985508726165656,1,1448,100.0,9,0.0,13032.0,0,9,0.0,1.0,0.0960062373188447,1,0,1,1,1,1,1,1,0.9699999999999999,1.0,1.0,1.0,0.8,skip,attack_already_active,1785296089.5667925,1785296089566792337,1384757783492006,8.5,53.26953125,-1.0,0,0
2026-07-28T23:34:49.567,10.42.0.210,10.42.0.1|10.42.0.210,19,3,UPLOAD,0.9855087261656625,UPLOAD,0.9855087261656625,1,1448,100.0,10,0.0,14480.0,0,10,0.0,1.0,0.08348193018660174,1,0,1,1,1,1,1,1,0.9699999999999999,1.0,1.0,1.0,0.8,skip,attack_already_active,1785296089.5677552,1785296089567755337,1384757784454712,8.5,53.26953125,-1.0,0,0
2026-07-28T23:34:49.568,10.42.0.210,10.42.0.1|10.42.0.210,19,3,UPLOAD,0.9855087261656628,UPLOAD,0.9855087261656628,1,1448,100.0,11,0.0,15928.0,0,11,0.0,1.0,0.07261680386849344,1,0,1,1,1,1,1,1,0.9699999999999999,1.0,1.0,1.0,0.8,skip,attack_already_active,1785296089.5687847,1785296089568784647,1384757785482890,8.5,53.26953125,-1.0,0,0
2026-07-28T23:34:49.569,10.42.0.210,10.42.0.1|10.42.0.210,19,3,UPLOAD,0.95,UPLOAD,0.95,1,1448,100.0,12,0.0,17376.0,0,12,0.0,1.0,0.06317110814647259,1,0,1,1,1,1,1,1,0.9699999999999999,1.0,1.0,1.0,0.8,skip,attack_already_active,1785296089.5697207,1785296089569720810,1384757786419030,8.5,53.26953125,-1.0,0,0
2026-07-28T23:34:49.570,10.42.0.210,10.42.0.1|10.42.0.210,19,3,UPLOAD,0.95,UPLOAD,0.95,1,1448,100.0,13,0.0,18824.0,0,13,0.0,1.0,0.05498412615734829,1,0,1,1,1,1,1,1,0.9699999999999999,1.0,1.0,1.0,0.8,skip,attack_already_active,1785296089.570763,1785296089570762940,1384757787461181,8.5,53.26953125,-1.0,0,0
2026-07-28T23:34:49.571,10.42.0.210,10.42.0.1|10.42.0.210,19,3,UPLOAD,0.95,UPLOAD,0.95,1,1448,100.0,14,0.0,20272.0,0,14,0.0,1.0,0.04782646541979664,1,0,1,1,1,1,1,1,0.9699999999999999,1.0,1.0,1.0,0.8,skip,attack_already_active,1785296089.5714297,1785296089571429534,1384757788127678,8.5,53.26953125,-1.0,0,0
2026-07-28T23:34:49.572,10.42.0.210,10.42.0.1|10.42.0.210,19,3,UPLOAD,0.95,UPLOAD,0.95,1,1448,100.0,15,0.0,21720.0,0,15,0.0,1.0,0.04165331561201498,1,0,1,1,1,1,1,1,0.9699999999999999,1.0,1.0,1.0,0.8,skip,attack_already_active,1785296089.5724099,1785296089572409867,1384757789108165,8.5,53.26953125,-1.0,0,0
2026-07-28T23:34:49.573,10.42.0.210,10.42.0.1|10.42.0.210,19,3,UPLOAD,0.95,UPLOAD,0.95,1,1448,100.0,16,0.0,23168.0,0,16,0.0,1.0,0.03625262952739858,1,0,1,1,1,1,1,1,0.9699999999999999,1.0,1.0,1.0,0.8,skip,attack_already_active,1785296089.5730789,1785296089573078674,1384757789776859,8.5,53.26953125,-1.0,0,0
2026-07-28T23:34:49.574,10.42.0.210,10.42.0.1|10.42.0.210,19,3,UPLOAD,0.95,UPLOAD,0.95,1,1448,100.0,17,0.0,24616.0,0,17,0.0,1.0,0.0316083858939655,1,0,1,1,1,1,1,1,0.9699999999999999,1.0,1.0,1.0,0.8,skip,attack_already_active,1785296089.5740876,1785296089574087693,1384757790785874,8.5,53.26953125,-1.0,0,0
2026-07-28T23:34:49.574,10.42.0.210,10.42.0.1|10.42.0.210,19,3,UPLOAD,0.95,UPLOAD,0.95,1,1448,100.0,18,0.0,26064.0,0,18,0.0,1.0,0.027543617904781607,1,0,1,1,1,1,1,1,0.9699999999999999,1.0,1.0,1.0,0.8,skip,attack_already_active,1785296089.5748496,1785296089574849659,1384757791547909,8.5,53.26953125,-1.0,0,0
2026-07-28T23:34:49.575,10.42.0.210,10.42.0.1|10.42.0.210,19,3,UPLOAD,0.95,UPLOAD,0.95,1,1448,100.0,19,0.0,27512.0,0,19,0.0,1.0,0.02404464334046296,1,0,1,1,1,1,1,1,0.9699999999999999,1.0,1.0,1.0,0.8,skip,attack_already_active,1785296089.5758405,1785296089575840400,1384757792538696,8.5,53.26953125,-1.0,0,0
2026-07-28T23:34:49.576,10.42.0.210,10.42.0.1|10.42.0.210,19,3,UPLOAD,0.95,UPLOAD,0.95,1,1448,100.0,20,0.0,28960.0,0,20,0.0,1.0,0.020963796593297515,1,0,1,1,1,1,1,1,0.9699999999999999,1.0,1.0,1.0,0.8,skip,attack_already_active,1785296089.5765054,1785296089576505362,1384757793203465,8.5,53.26953125,-1.0,0,0
2026-07-28T23:34:49.577,10.42.0.210,10.42.0.1|10.42.0.210,19,3,UPLOAD,0.95,UPLOAD,0.95,1,1448,100.0,21,0.0,30408.0,0,21,0.0,1.0,0.0183245542138017,1,0,1,1,1,1,1,1,0.9699999999999999,1.0,1.0,1.0,0.8,skip,attack_already_active,1785296089.5774407,1785296089577440765,1384757794139127,8.5,53.26953125,-1.0,0,0
2026-07-28T23:34:49.578,10.42.0.210,10.42.0.1|10.42.0.210,19,3,UPLOAD,0.95,UPLOAD,0.95,1,1448,100.0,22,0.0,31856.0,0,22,0.0,1.0,0.01599234812321718,1,0,1,1,1,1,1,1,0.9699999999999999,1.0,1.0,1.0,0.8,skip,attack_already_active,1785296089.5780668,1785296089578066988,1384757794765020,8.5,53.26953125,-1.0,0,0
2026-07-28T23:34:49.579,10.42.0.210,10.42.0.1|10.42.0.210,19,3,UPLOAD,0.95,UPLOAD,0.95,1,1448,100.0,23,0.0,33304.0,0,23,0.0,1.0,0.014018143649159839,1,0,1,1,1,1,1,1,0.9699999999999999,1.0,1.0,1.0,0.8,skip,attack_already_active,1785296089.5790775,1785296089579077413,1384757795775613,8.5,53.26953125,-1.0,0,0
2026-07-28T23:34:49.579,10.42.0.210,10.42.0.1|10.42.0.210,19,3,UPLOAD,0.95,UPLOAD,0.95,1,1448,100.0,24,0.0,34752.0,0,24,0.0,1.0,0.012258627825059508,1,0,1,1,1,1,1,1,0.9699999999999999,1.0,1.0,1.0,0.8,skip,attack_already_active,1785296089.5797431,1785296089579743117,1384757796441201,8.5,53.26953125,-1.0,0,0
2026-07-28T23:34:49.580,10.42.0.210,10.42.0.1|10.42.0.210,19,3,UPLOAD,0.95,UPLOAD,0.95,1,1448,100.0,25,0.0,36200.0,0,25,0.0,1.0,0.010761037793904296,1,0,1,1,1,1,1,1,0.9699999999999999,1.0,1.0,1.0,0.8,skip,attack_already_active,1785296089.580637,1785296089580636815,1384757797334853,8.5,53.26953125,-1.0,0,0
2026-07-28T23:34:49.581,10.42.0.210,10.42.0.1|10.42.0.210,19,3,UPLOAD,0.95,UPLOAD,0.95,1,1448,100.0,26,0.0,37648.0,0,26,0.0,1.0,0.009422651070891354,1,0,1,1,1,1,1,1,0.9699999999999999,1.0,1.0,1.0,0.8,skip,attack_already_active,1785296089.5812414,1785296089581241287,1384757797939704,8.5,53.26953125,-1.0,0,0
2026-07-28T23:34:49.582,10.42.0.210,10.42.0.1|10.42.0.210,19,3,UPLOAD,0.95,UPLOAD,0.95,1,1448,100.0,27,0.0,39096.0,0,27,0.0,1.0,0.008298770370010571,1,0,1,1,1,1,1,1,0.9699999999999999,1.0,1.0,1.0,0.8,skip,attack_already_active,1785296089.5821352,1785296089582135249,1384757798833400,8.5,53.26953125,-1.0,0,0
2026-07-28T23:34:49.582,10.42.0.210,10.42.0.1|10.42.0.210,19,3,UPLOAD,0.95,UPLOAD,0.95,1,1448,100.0,28,0.0,40544.0,0,28,0.0,1.0,0.007286669842727576,1,0,1,1,1,1,1,1,0.9699999999999999,1.0,1.0,1.0,0.8,skip,attack_already_active,1785296089.5827534,1785296089582753533,1384757799451618,8.5,53.26953125,-1.0,0,0
2026-07-28T23:34:49.583,10.42.0.210,10.42.0.1|10.42.0.210,19,3,UPLOAD,0.95,UPLOAD,0.95,1,1448,100.0,29,0.0,41992.0,0,29,0.0,1.0,0.006440643923143141,1,0,1,1,1,1,1,1,0.9699999999999999,1.0,1.0,1.0,0.8,skip,attack_already_active,1785296089.5836198,1785296089583619738,1384757800317843,8.5,53.26953125,-1.0,0,0
2026-07-28T23:34:49.584,10.42.0.210,10.42.0.1|10.42.0.210,19,3,UPLOAD,0.95,UPLOAD,0.95,1,1448,100.0,30,0.0,43440.0,0,30,0.0,1.0,0.005719832059156124,1,0,1,1,1,1,1,1,0.9699999999999999,1.0,1.0,1.0,0.8,skip,attack_already_active,1785296089.5845904,1785296089584590261,1384757801288642,8.5,53.26953125,-1.0,0,0
2026-07-28T23:34:49.586,10.42.0.210,10.42.0.1|10.42.0.210,19,3,UPLOAD,0.95,UPLOAD,0.95,1,1448,100.0,31,0.0,44888.0,0,31,0.0,1.0,0.005198310834587636,1,0,1,1,1,1,1,1,0.9699999999999999,1.0,1.0,1.0,0.8,skip,attack_already_active,1785296089.5863526,1785296089586352631,1384757803052588,8.5,53.26953125,-1.0,0,0
2026-07-28T23:34:49.587,10.42.0.210,10.42.0.1|10.42.0.210,19,3,UPLOAD,0.95,UPLOAD,0.95,1,1448,100.0,32,0.0,46336.0,0,32,0.0,1.0,0.004663387495419052,1,0,1,1,1,1,1,1,0.9699999999999999,1.0,1.0,1.0,0.8,skip,attack_already_active,1785296089.5874915,1785296089587491582,1384757804190046,8.5,53.26953125,-1.0,0,0
2026-07-28T23:34:49.588,10.42.0.210,10.42.0.1|10.42.0.210,19,3,UPLOAD,0.95,UPLOAD,0.95,1,1448,100.0,33,0.0,47784.0,0,33,0.0,1.0,0.004243566218997965,1,0,1,1,1,1,1,1,0.9699999999999999,1.0,1.0,1.0,0.8,skip,attack_already_active,1785296089.588969,1785296089588968929,1384757805667422,8.5,53.26953125,-1.0,0,0
2026-07-28T23:34:49.589,10.42.0.210,10.42.0.1|10.42.0.210,19,3,UPLOAD,0.95,UPLOAD,0.95,1,1448,100.0,34,0.0,49232.0,0,34,0.0,1.0,0.003786353680031298,1,0,1,1,1,1,1,1,0.9699999999999999,1.0,1.0,1.0,0.8,skip,attack_already_active,1785296089.589743,1785296089589742728,1384757806440868,8.5,53.26953125,-1.0,0,0
2026-07-28T23:34:49.590,10.42.0.210,10.42.0.1|10.42.0.210,19,3,UPLOAD,0.95,UPLOAD,0.95,1,1448,100.0,35,0.0,50680.0,0,35,0.0,1.0,0.003413895716165937,1,0,1,1,1,1,1,1,0.9699999999999999,1.0,1.0,1.0,0.8,skip,attack_already_active,1785296089.5907028,1785296089590702914,1384757807401170,8.5,53.26953125,-1.0,0,0
2026-07-28T23:34:49.591,10.42.0.210,10.42.0.1|10.42.0.210,19,3,UPLOAD,0.95,UPLOAD,0.95,1,1448,100.0,36,0.0,52128.0,0,36,0.0,1.0,0.0030598861580646945,1,0,1,1,1,1,1,1,0.9699999999999999,1.0,1.0,1.0,0.8,skip,attack_already_active,1785296089.5914302,1785296089591430202,1384757808128464,8.5,53.26953125,-1.0,0,0
2026-07-28T23:34:49.592,10.42.0.210,10.42.0.1|10.42.0.210,19,3,UPLOAD,0.95,UPLOAD,0.95,1,1448,100.0,37,0.0,53576.0,0,37,0.0,1.0,0.002759406449900602,1,0,1,1,1,1,1,1,0.9699999999999999,1.0,1.0,1.0,0.8,skip,attack_already_active,1785296089.5922098,1785296089592209817,1384757808908016,8.5,53.26953125,-1.0,0,0
2026-07-28T23:34:49.592,10.42.0.210,10.42.0.1|10.42.0.210,19,3,UPLOAD,0.95,UPLOAD,0.95,1,1448,100.0,38,0.0,55024.0,0,38,0.0,1.0,0.0024808342535147378,1,0,1,1,1,1,1,1,0.9699999999999999,1.0,1.0,1.0,0.8,skip,attack_already_active,1785296089.5928552,1785296089592855315,1384757809553384,8.5,53.26953125,-1.0,0,0
2026-07-28T23:34:49.595,10.42.0.1,10.42.0.1|10.42.0.210,19,3,UPLOAD,0.9611150139701303,UPLOAD,0.9611150139701303,1,7240,100.0,1,0.0,7240.0,0,1,0.0,1.0,0.16942446526610175,1,0,1,1,1,1,1,1,0.9699999999999999,1.0,1.0,1.0,0.8,skip,attack_already_active,1785296089.5952156,1785296089595215547,1384757811913721,8.5,53.26953125,-1.0,0,0
2026-07-28T23:34:49.595,10.42.0.1,10.42.0.1|10.42.0.210,19,3,UPLOAD,0.9681373280937852,UPLOAD,0.9681373280937852,1,7240,100.0,2,0.0,14480.0,0,2,0.0,1.0,0.14718108582778683,1,0,1,1,1,1,1,1,0.9699999999999999,1.0,1.0,1.0,0.8,skip,attack_already_active,1785296089.5958412,1785296089595841285,1384757812539188,8.5,53.26953125,-1.0,0,0
2026-07-28T23:34:49.605,10.42.0.1,10.42.0.1|10.42.0.210,19,3,UPLOAD,0.9693250251034299,UPLOAD,0.9693250251034299,1,1448,100.0,3,0.0,15928.0,0,3,0.0,1.0,0.12911766079300177,1,0,1,1,1,1,1,1,0.9699999999999999,1.0,1.0,1.0,0.8,skip,attack_already_active,1785296089.605944,1785296089605943919,1384757822642916,8.5,53.26953125,-1.0,0,0
2026-07-28T23:34:49.622,10.42.0.1,10.42.0.1|10.42.0.210,19,3,UPLOAD,0.9702906905056802,UPLOAD,0.9702906905056802,1,14480,100.0,4,0.0,30408.0,0,4,0.0,1.0,0.11431315528737054,1,0,1,1,1,1,1,1,0.9699999999999999,1.0,1.0,1.0,0.8,skip,attack_already_active,1785296089.6227143,1785296089622714320,1384757839413269,8.5,53.26953125,-1.0,0,0
2026-07-28T23:34:49.623,10.42.0.1,10.42.0.1|10.42.0.210,19,3,UPLOAD,0.9713166978512202,UPLOAD,0.9713166978512202,1,14480,100.0,5,0.0,44888.0,0,5,0.0,1.0,0.09934416659359203,1,0,1,1,1,1,1,1,0.9699999999999999,1.0,1.0,1.0,0.8,skip,attack_already_active,1785296089.623432,1785296089623431829,1384757840129841,8.5,53.26953125,-1.0,0,0
2026-07-28T23:34:49.624,10.42.0.1,10.42.0.1|10.42.0.210,19,3,UPLOAD,0.969821269702629,UPLOAD,0.969821269702629,0,43,100.0,5,0.0,44888.0,0,5,0.0,1.0,0.25783673296691806,1,0,1,1,1,1,1,1,0.8374999999999999,0.8500000000000001,1.0,0.6000000000000001,0.8,skip,attack_already_active,1785296089.6241226,1785296089624122673,1384757840820911,8.5,53.26953125,-1.0,0,0
2026-07-28T23:34:49.625,10.42.0.1,10.42.0.1|10.42.0.210,19,3,UPLOAD,0.9717752657914882,UPLOAD,0.9717752657914882,1,1448,100.0,6,0.0,46336.0,0,6,0.0,1.0,0.22418170961322365,1,0,1,1,1,1,1,1,0.9699999999999999,1.0,1.0,1.0,0.8,skip,attack_already_active,1785296089.62587,1785296089625870046,1384757842568443,8.5,53.26953125,-1.0,0,0
2026-07-28T23:34:49.626,10.42.0.1,10.42.0.1|10.42.0.210,19,3,UPLOAD,0.9725480732776564,UPLOAD,0.9725480732776564,1,14480,100.0,7,0.0,60816.0,0,7,0.0,1.0,0.19476551399874822,1,0,1,1,1,1,1,1,0.9699999999999999,1.0,1.0,1.0,0.8,skip,attack_already_active,1785296089.6268203,1785296089626820312,1384757843518711,8.5,53.26953125,-1.0,0,0
2026-07-28T23:34:49.628,10.42.0.1,10.42.0.1|10.42.0.210,19,3,UPLOAD,0.9731180364235145,UPLOAD,0.9731180364235145,1,13032,100.0,8,0.0,73848.0,0,8,0.0,1.0,0.16926021258237461,1,0,1,1,1,1,1,1,0.9699999999999999,1.0,1.0,1.0,0.8,skip,attack_already_active,1785296089.6280332,1785296089628033189,1384757844731345,8.5,53.26953125,-1.0,0,0
2026-07-28T23:34:49.629,10.42.0.1,10.42.0.1|10.42.0.210,19,3,UPLOAD,0.9736526156859426,UPLOAD,0.9736526156859426,1,5681,100.0,9,0.0,79529.0,0,9,0.0,1.0,0.1471044227481046,1,0,1,1,1,1,1,1,0.9699999999999999,1.0,1.0,1.0,0.8,skip,attack_already_active,1785296089.6291592,1785296089629159212,1384757845857446,8.5,53.26953125,-1.0,0,0
2026-07-28T23:34:52.490,10.42.0.47,10.42.0.1|10.42.0.210|10.42.0.47,19,3,UPLOAD,0.95,UPLOAD,0.95,1,7240,100.0,1,0.0,7240.0,0,1,0.0,1.0,0.6136552284048034,1,0,0,1,1,1,1,1,0.9699999999999999,1.0,1.0,1.0,0.8,trigger,training_upload_trigger_confirmed,1785296092.4908254,1785296092490825524,1384760707524490,7.3,53.2734375,7.123919,1785296092497951101,1384760714648409
2026-07-28T23:34:52.491,10.42.0.47,10.42.0.1|10.42.0.210|10.42.0.47,19,3,UPLOAD,0.95,UPLOAD,0.95,1,7240,100.0,2,0.0,14480.0,0,2,0.0,1.0,0.5329380762245313,1,0,1,1,1,1,1,1,0.9699999999999999,1.0,1.0,1.0,0.8,skip,attack_already_active,1785296092.4919405,1785296092491940560,1384760708639078,7.3,53.2734375,-1.0,0,0
2026-07-28T23:34:52.493,10.42.0.47,10.42.0.1|10.42.0.210|10.42.0.47,19,3,UPLOAD,0.95,UPLOAD,0.95,1,10136,100.0,3,0.0,24616.0,0,3,0.0,1.0,0.4629212242174926,1,0,1,1,1,1,1,1,0.9699999999999999,1.0,1.0,1.0,0.8,skip,attack_already_active,1785296092.49354,1785296092493540053,1384760710238857,7.3,53.2734375,-1.0,0,0
2026-07-28T23:34:52.495,10.42.0.47,10.42.0.1|10.42.0.210|10.42.0.47,19,3,UPLOAD,0.95,UPLOAD,0.95,1,4344,100.0,4,0.0,28960.0,0,4,0.0,1.0,0.40211267780297083,1,0,1,1,1,1,1,1,0.9699999999999999,1.0,1.0,1.0,0.8,skip,attack_already_active,1785296092.495002,1785296092495002073,1384760711701179,7.3,53.2734375,-1.0,0,0
2026-07-28T23:34:52.496,10.42.0.47,10.42.0.1|10.42.0.210|10.42.0.47,19,3,UPLOAD,0.95,UPLOAD,0.95,1,5792,100.0,5,0.0,34752.0,0,5,0.0,1.0,0.3492655577851635,1,0,1,1,1,1,1,1,0.9699999999999999,1.0,1.0,1.0,0.8,skip,attack_already_active,1785296092.4960725,1785296092496072487,1384760712772245,7.3,53.2734375,-1.0,0,0
2026-07-28T23:34:52.498,10.42.0.47,10.42.0.1|10.42.0.210|10.42.0.47,19,3,UPLOAD,0.95,UPLOAD,0.95,1,8688,100.0,6,0.0,43440.0,0,6,0.0,1.0,0.3035648745028114,1,0,1,1,1,1,1,1,0.9699999999999999,1.0,1.0,1.0,0.8,skip,attack_already_active,1785296092.4985282,1785296092498528352,1384760715227093,7.3,53.2734375,-1.0,0,0
2026-07-28T23:34:52.499,10.42.0.47,10.42.0.1|10.42.0.210|10.42.0.47,19,3,UPLOAD,0.95,UPLOAD,0.95,1,1448,100.0,7,0.0,44888.0,0,7,0.0,1.0,0.26370361899269407,1,0,1,1,1,1,1,1,0.9699999999999999,1.0,1.0,1.0,0.8,skip,attack_already_active,1785296092.499597,1785296092499597096,1384760716295703,7.3,53.2734375,-1.0,0,0
2026-07-28T23:34:52.501,10.42.0.47,10.42.0.1|10.42.0.210|10.42.0.47,19,3,UPLOAD,0.95,UPLOAD,0.95,1,8688,100.0,8,0.0,53576.0,0,8,0.0,1.0,0.22914944291329564,1,0,1,1,1,1,1,1,0.9699999999999999,1.0,1.0,1.0,0.8,skip,attack_already_active,1785296092.5010786,1785296092501078544,1384760717777040,7.3,53.2734375,-1.0,0,0
2026-07-28T23:34:52.502,10.42.0.47,10.42.0.1|10.42.0.210|10.42.0.47,19,3,UPLOAD,0.95,UPLOAD,0.95,1,8688,100.0,9,0.0,62264.0,0,9,0.0,1.0,0.19915211237161112,1,0,1,1,1,1,1,1,0.9699999999999999,1.0,1.0,1.0,0.8,skip,attack_already_active,1785296092.5025866,1785296092502586681,1384760719285205,7.3,53.2734375,-1.0,0,0
2026-07-28T23:34:52.504,10.42.0.47,10.42.0.1|10.42.0.210|10.42.0.47,19,3,UPLOAD,0.95,UPLOAD,0.95,1,7240,100.0,10,0.0,69504.0,0,10,0.0,1.0,0.17310053235877695,1,0,1,1,1,1,1,1,0.9699999999999999,1.0,1.0,1.0,0.8,skip,attack_already_active,1785296092.5040405,1785296092504040562,1384760720738980,7.3,53.2734375,-1.0,0,0
2026-07-28T23:34:52.505,10.42.0.47,10.42.0.1|10.42.0.210|10.42.0.47,19,3,UPLOAD,0.95,UPLOAD,0.95,1,1448,100.0,11,0.0,70952.0,0,11,0.0,1.0,0.1504221294131885,1,0,1,1,1,1,1,1,0.9699999999999999,1.0,1.0,1.0,0.8,skip,attack_already_active,1785296092.505041,1785296092505040870,1384760721739338,7.3,53.2734375,-1.0,0,0
2026-07-28T23:34:52.506,10.42.0.47,10.42.0.1|10.42.0.210|10.42.0.47,19,3,UPLOAD,0.95,UPLOAD,0.95,1,7240,100.0,12,0.0,78192.0,0,12,0.0,1.0,0.13080482960367001,1,0,1,1,1,1,1,1,0.9699999999999999,1.0,1.0,1.0,0.8,skip,attack_already_active,1785296092.5065928,1785296092506592680,1384760723291334,7.3,53.2734375,-1.0,0,0
2026-07-28T23:34:52.507,10.42.0.47,10.42.0.1|10.42.0.210|10.42.0.47,19,3,UPLOAD,0.95,UPLOAD,0.95,1,1336,100.0,13,0.0,79528.0,0,13,0.0,1.0,0.1136980667892181,1,0,1,1,1,1,1,1,0.9699999999999999,1.0,1.0,1.0,0.8,skip,attack_already_active,1785296092.507579,1785296092507579080,1384760724277478,7.3,53.2734375,-1.0,0,0
2026-07-28T23:34:52.508,10.42.0.1,10.42.0.1|10.42.0.210|10.42.0.47,19,3,UPLOAD,0.9686349103912201,UPLOAD,0.9686349103912201,1,7240,100.0,1,0.0,7240.0,0,1,0.0,1.0,0.5067556454606195,1,0,1,1,1,1,1,1,0.9699999999999999,1.0,1.0,1.0,0.8,skip,attack_already_active,1785296092.5089703,1785296092508970174,1384760725668788,7.3,53.2734375,-1.0,0,0
2026-07-28T23:34:52.509,10.42.0.1,10.42.0.1|10.42.0.210|10.42.0.47,19,3,UPLOAD,0.9669351101222138,UPLOAD,0.9669351101222138,1,7240,100.0,2,0.0,14480.0,0,2,0.0,1.0,0.44010778658658206,1,0,1,1,1,1,1,1,0.9699999999999999,1.0,1.0,1.0,0.8,skip,attack_already_active,1785296092.5099537,1785296092509953797,1384760726652130,7.3,53.2734375,-1.0,0,0
2026-07-28T23:34:52.592,10.42.0.1,10.42.0.1|10.42.0.210|10.42.0.47,19,3,UPLOAD,0.9656245808697916,UPLOAD,0.9656245808697916,1,11584,100.0,3,0.0,26064.0,0,3,0.0,1.0,0.3929548326161295,1,0,1,1,1,1,1,1,0.9699999999999999,1.0,1.0,1.0,0.8,skip,attack_already_active,1785296092.5922308,1785296092592230957,1384760808930591,7.3,53.2734375,-1.0,0,0
2026-07-28T23:34:52.593,10.42.0.1,10.42.0.1|10.42.0.210|10.42.0.47,19,3,UPLOAD,0.9644361404553221,UPLOAD,0.9644361404553221,1,11584,100.0,4,0.0,37648.0,0,4,0.0,1.0,0.3413224628233861,1,0,1,1,1,1,1,1,0.9699999999999999,1.0,1.0,1.0,0.8,skip,attack_already_active,1785296092.5933619,1785296092593361895,1384760810060238,7.3,53.2734375,-1.0,0,0
2026-07-28T23:34:52.594,10.42.0.1,10.42.0.1|10.42.0.210|10.42.0.47,19,3,UPLOAD,0.9555642027966134,UPLOAD,0.9555642027966134,0,43,100.0,4,0.0,37648.0,0,4,0.0,1.0,0.6877506172579544,1,0,1,1,1,1,1,1,0.8374999999999999,0.8500000000000001,1.0,0.6000000000000001,0.8,skip,attack_already_active,1785296092.5943925,1785296092594392673,1384760811091304,7.3,53.2734375,-1.0,0,0
2026-07-28T23:34:52.597,10.42.0.1,10.42.0.1|10.42.0.210|10.42.0.47,19,3,UPLOAD,0.95,UPLOAD,0.95,1,8688,100.0,5,0.0,46336.0,0,5,0.0,1.0,0.5977039940901735,1,0,1,1,1,1,1,1,0.9699999999999999,1.0,1.0,1.0,0.8,skip,attack_already_active,1785296092.5977736,1785296092597773636,1384760814472404,7.3,53.2734375,-1.0,0,0
2026-07-28T23:34:52.599,10.42.0.1,10.42.0.1|10.42.0.210|10.42.0.47,19,3,UPLOAD,0.95,UPLOAD,0.95,1,4344,100.0,6,0.0,50680.0,0,6,0.0,1.0,0.519148689058167,1,0,1,1,1,1,1,1,0.9699999999999999,1.0,1.0,1.0,0.8,skip,attack_already_active,1785296092.599343,1785296092599343172,1384760816041898,7.3,53.2734375,-1.0,0,0
2026-07-28T23:34:52.601,10.42.0.1,10.42.0.1|10.42.0.210|10.42.0.47,19,3,UPLOAD,0.95,UPLOAD,0.95,1,8688,100.0,7,0.0,59368.0,0,7,0.0,1.0,0.4509839881293592,1,0,1,1,1,1,1,1,0.9699999999999999,1.0,1.0,1.0,0.8,skip,attack_already_active,1785296092.6012087,1785296092601208496,1384760817907541,7.3,53.2734375,-1.0,0,0
2026-07-28T23:34:52.602,10.42.0.1,10.42.0.1|10.42.0.210|10.42.0.47,19,3,UPLOAD,0.95,UPLOAD,0.95,1,4344,100.0,8,0.0,63712.0,0,8,0.0,1.0,0.3917626025258677,1,0,1,1,1,1,1,1,0.9699999999999999,1.0,1.0,1.0,0.8,skip,attack_already_active,1785296092.602778,1785296092602777749,1384760819476452,7.3,53.2734375,-1.0,0,0
2026-07-28T23:34:52.604,10.42.0.1,10.42.0.1|10.42.0.210|10.42.0.47,19,3,UPLOAD,0.95,UPLOAD,0.95,1,8688,100.0,9,0.0,72400.0,0,9,0.0,1.0,0.34033650657866105,1,0,1,1,1,1,1,1,0.9699999999999999,1.0,1.0,1.0,0.8,skip,attack_already_active,1785296092.6042821,1785296092604282060,1384760820980841,7.3,53.2734375,-1.0,0,0
2026-07-28T23:34:52.605,10.42.0.1,10.42.0.1|10.42.0.210|10.42.0.47,19,3,UPLOAD,0.95,UPLOAD,0.95,1,5792,100.0,10,0.0,78192.0,0,10,0.0,1.0,0.2956982417301698,1,0,1,1,1,1,1,1,0.9699999999999999,1.0,1.0,1.0,0.8,skip,attack_already_active,1785296092.6058712,1785296092605871083,1384760822569614,7.3,53.2734375,-1.0,0,0
2026-07-28T23:34:52.607,10.42.0.1,10.42.0.1|10.42.0.210|10.42.0.47,19,3,UPLOAD,0.95,UPLOAD,0.95,1,1336,100.0,11,0.0,79528.0,0,11,0.0,1.0,0.25693229543046214,1,0,1,1,1,1,1,1,0.9699999999999999,1.0,1.0,1.0,0.8,skip,attack_already_active,1785296092.6073854,1785296092607385464,1384760824084132,7.3,53.2734375,-1.0,0,0
2026-07-28T23:34:52.900,10.42.0.1,10.42.0.47,20,1,DOWNLOAD,0.95,DOWNLOAD,0.95,-1,1448,54.92265189646225,12,1448.0,79528.0,1,11,0.017881841533293814,0.9821181584667061,0.26337843520226806,0,0,0,0,1,0,0,0,0.44,0.8500000000000001,0.0,0.6000000000000001,0.15,skip,training_upload_trigger_not_confirmed,1785296092.9002428,1785296092900242719,1384761116941689,31.4,53.2734375,-1.0,0,0
2026-07-28T23:34:52.904,10.42.0.1,10.42.0.47,20,1,DOWNLOAD,0.95,DOWNLOAD,0.95,-1,5792,10.984530385361252,13,7240.0,79528.0,2,11,0.08344089987092015,0.9165591001290798,0.2292305474713781,0,0,0,0,1,0,0,0,0.44,0.8500000000000001,0.0,0.6000000000000001,0.15,skip,training_upload_trigger_not_confirmed,1785296092.9044824,1785296092904482362,1384761121181216,31.4,53.2734375,-1.0,0,0
2026-07-28T23:34:52.905,10.42.0.1,10.42.0.47,20,1,DOWNLOAD,0.95,DOWNLOAD,0.95,-1,7240,5.492265193059926,14,14480.0,79528.0,3,11,0.15402944430261253,0.8459705556973874,0.19919551038545125,0,0,0,0,1,0,0,0,0.44,0.8500000000000001,0.0,0.6000000000000001,0.15,skip,training_upload_trigger_not_confirmed,1785296092.9057853,1785296092905785227,1384761122485133,31.4,53.2734375,-1.0,0,0
2026-07-28T23:34:52.907,10.42.0.1,10.42.0.47,20,1,DOWNLOAD,0.95,DOWNLOAD,0.95,-1,7240,3.661510128790906,15,21720.0,79528.0,4,11,0.21452275600505688,0.7854772439949431,0.17311533969578463,0,0,0,0,1,0,0,0,0.4,0.8500000000000001,0.0,0.4,0.15,skip,training_upload_trigger_not_confirmed,1785296092.9070656,1785296092907065605,1384761123764086,31.4,53.2734375,-1.0,0,0
2026-07-28T23:34:52.908,10.42.0.1,10.42.0.47,20,1,DOWNLOAD,0.95,DOWNLOAD,0.95,-1,7240,2.746132596624788,16,28960.0,79528.0,5,11,0.26694196593171593,0.7330580340682841,0.1504493433103237,0,0,0,0,1,0,0,0,0.4,0.8500000000000001,0.0,0.4,0.15,skip,training_upload_trigger_not_confirmed,1785296092.908175,1785296092908175025,1384761124873445,31.4,53.2734375,-1.0,0,0
2026-07-28T23:34:52.911,10.42.0.1,10.42.0.47,20,1,DOWNLOAD,0.95,DOWNLOAD,0.95,-1,7240,2.196906077315002,17,36200.0,79528.0,6,11,0.31280243329185675,0.6871975667081432,0.13102176916831412,0,0,0,0,1,0,0,0,0.4,0.8500000000000001,0.0,0.4,0.15,skip,training_upload_trigger_not_confirmed,1785296092.9111938,1785296092911193787,1384761127892362,31.4,53.2734375,-1.0,0,0
2026-07-28T23:34:52.912,10.42.0.1,10.42.0.47,20,1,DOWNLOAD,0.95,DOWNLOAD,0.95,-1,7240,1.8307550644375976,18,43440.0,79528.0,7,11,0.3532626374341292,0.6467373625658708,0.11390193949388765,0,0,0,0,1,0,0,0,0.32,0.8500000000000001,0.0,0.0,0.15,skip,training_upload_trigger_not_confirmed,1785296092.912298,1785296092912298054,1384761128996411,31.4,53.2734375,-1.0,0,0
2026-07-28T23:34:52.913,10.42.0.1,10.42.0.47,20,1,DOWNLOAD,0.95,DOWNLOAD,0.95,-1,7240,1.5692186266659585,19,50680.0,79528.0,8,11,0.3892233964118948,0.6107766035881051,0.09903354216319067,0,0,0,0,1,0,0,0,0.32,0.8500000000000001,0.0,0.0,0.15,skip,training_upload_trigger_not_confirmed,1785296092.9133677,1785296092913367788,1384761130066307,31.4,53.2734375,-1.0,0,0
2026-07-28T23:34:52.914,10.42.0.1,10.42.0.47,20,1,DOWNLOAD,0.95,DOWNLOAD,0.95,-1,7240,1.3730662983361002,20,57920.0,79528.0,9,11,0.4213957278388918,0.5786042721611082,0.0861242629050609,0,0,0,0,1,0,0,0,0.32,0.8500000000000001,0.0,0.0,0.15,skip,training_upload_trigger_not_confirmed,1785296092.9144363,1785296092914436282,1384761131134953,31.4,53.2734375,-1.0,0,0
2026-07-28T23:34:52.915,10.42.0.1,10.42.0.47,20,1,DOWNLOAD,0.95,DOWNLOAD,0.95,-1,4344,1.2772709751979108,21,62264.0,79528.0,10,11,0.4391220943353645,0.5608779056646355,0.07491754226775574,0,0,0,0,1,0,0,0,0.32,0.8500000000000001,0.0,0.0,0.15,skip,training_upload_trigger_not_confirmed,1785296092.915516,1785296092915515843,1384761132214343,31.4,53.2734375,-1.0,0,0
2026-07-28T23:34:52.916,10.42.0.1,10.42.0.47,20,1,DOWNLOAD,0.95,DOWNLOAD,0.95,-1,4344,1.1939706942079935,22,66608.0,79528.0,11,11,0.4557946022882794,0.5442053977117206,0.06518481655090055,0,0,0,0,1,0,0,0,0.30250000000000005,0.8000000000000002,0.0,0.0,0.15,skip,training_upload_trigger_not_confirmed,1785296092.9165745,1785296092916574434,1384761133272894,31.4,53.2734375,-1.0,0,0
2026-07-28T23:34:52.917,10.42.0.1,10.42.0.47,20,1,DOWNLOAD,0.95,DOWNLOAD,0.95,-1,10136,1.0362764515788039,23,76744.0,79528.0,12,11,0.4910924541824511,0.5089075458175489,0.05673587229450358,0,0,0,0,1,0,0,0,0.30250000000000005,0.8000000000000002,0.0,0.0,0.15,skip,training_upload_trigger_not_confirmed,1785296092.9176426,1785296092917642445,1384761134340820,31.4,53.2734375,-1.0,0,0
2026-07-28T23:34:52.918,10.42.0.1,10.42.0.47,20,1,DOWNLOAD,0.95,DOWNLOAD,0.95,-1,11584,0.900371343176565,24,88328.0,79528.0,13,11,0.5262129444285578,0.4737870555714422,0.04940166554850003,0,0,0,0,1,0,0,0,0.30250000000000005,0.8000000000000002,0.0,0.0,0.15,skip,training_upload_trigger_not_confirmed,1785296092.9187212,1785296092918721394,1384761135419782,31.4,53.2734375,-1.0,0,0
2026-07-28T23:34:52.920,10.42.0.1,10.42.0.47,20,1,DOWNLOAD,0.95,DOWNLOAD,0.95,-1,4344,0.8581664364656189,25,92672.0,79528.0,14,11,0.538164924506388,0.4618350754936121,0.04309395880778645,0,0,0,0,1,0,0,0,0.30250000000000005,0.8000000000000002,0.0,0.0,0.15,skip,training_upload_trigger_not_confirmed,1785296092.9202554,1785296092920255422,1384761136953878,31.4,53.2734375,-1.0,0,0
2026-07-28T23:34:52.921,10.42.0.1,10.42.0.47,20,1,DOWNLOAD,0.95,DOWNLOAD,0.95,-1,14480,0.7421979991064824,26,107152.0,79528.0,15,11,0.5739875723162631,0.42601242768373687,0.03755988994578835,0,0,0,0,1,0,0,0,0.28500000000000003,0.7500000000000001,0.0,0.0,0.15,skip,training_upload_trigger_not_confirmed,1785296092.9213529,1785296092921352989,1384761138051367,31.4,53.2734375,-1.0,0,0
2026-07-28T23:34:52.922,10.42.0.1,10.42.0.47,20,1,DOWNLOAD,0.95,DOWNLOAD,0.95,-1,14480,0.6538410944516752,27,121632.0,79528.0,16,11,0.6046530125273414,0.39534698747265856,0.032759688438110626,0,0,0,0,1,0,0,0,0.28500000000000003,0.7500000000000001,0.0,0.0,0.15,skip,training_upload_trigger_not_confirmed,1785296092.9224854,1785296092922485234,1384761139183679,31.4,53.2734375,-1.0,0,0
2026-07-28T23:34:52.923,10.42.0.1,10.42.0.47,20,1,DOWNLOAD,0.95,DOWNLOAD,0.95,-1,18824,0.5662129065360951,28,140456.0,79528.0,17,11,0.6384827987489999,0.36151720125100006,0.028591591089437925,0,0,0,0,1,0,0,0,0.28500000000000003,0.7500000000000001,0.0,0.0,0.15,skip,training_upload_trigger_not_confirmed,1785296092.9236145,1785296092923614553,1384761140313258,31.4,53.2734375,-1.0,0,0
2026-07-28T23:34:52.924,10.42.0.1,10.42.0.47,20,1,DOWNLOAD,0.95,DOWNLOAD,0.95,-1,10136,0.5281024224425725,29,150592.0,79528.0,18,11,0.6544063966626108,0.3455936033373892,0.024967024573088425,0,0,0,0,1,0,0,0,0.28500000000000003,0.7500000000000001,0.0,0.0,0.15,skip,training_upload_trigger_not_confirmed,1785296092.9247003,1785296092924700204,1384761141398607,31.4,53.2734375,-1.0,0,0
2026-07-28T23:34:52.926,10.42.0.1,10.42.0.47,20,1,DOWNLOAD,0.95,DOWNLOAD,0.95,-1,18824,0.4694243755048553,30,169416.0,79528.0,19,11,0.6805385950253873,0.3194614049746128,0.02188467772620669,0,0,0,0,1,0,0,0,0.28500000000000003,0.7500000000000001,0.0,0.0,0.15,skip,training_upload_trigger_not_confirmed,1785296092.9262762,1785296092926276190,1384761142974727,31.4,53.2734375,-1.0,0,0
2026-07-28T23:34:52.927,10.42.0.1,10.42.0.47,20,1,DOWNLOAD,0.95,DOWNLOAD,0.95,-1,18824,0.42248193795461914,31,188240.0,79528.0,20,11,0.7029966239431149,0.29700337605688504,0.019219344528847382,0,0,0,0,1,0,0,0,0.28500000000000003,0.7500000000000001,0.0,0.0,0.15,skip,training_upload_trigger_not_confirmed,1785296092.9279344,1785296092927934351,1384761144633023,31.4,53.2734375,-1.0,0,0
2026-07-28T23:34:52.929,10.42.0.1,10.42.0.47,20,1,DOWNLOAD,0.95,DOWNLOAD,0.95,-1,6784,0.40778570842866624,32,195024.0,79528.0,21,11,0.7103353827325971,0.2896646172674029,0.016900898585249787,0,0,0,0,1,0,0,0,0.28500000000000003,0.7500000000000001,0.0,0.0,0.15,skip,training_upload_trigger_not_confirmed,1785296092.9295597,1785296092929559918,1384761146258791,31.4,53.2734375,-1.0,0,0
2026-07-28T23:34:52.931,10.42.0.59,10.42.0.47,7,1,DOWNLOAD,0.95,DOWNLOAD,0.95,-1,7300,1.3698630135109776e-10,1,7300.0,0.0,1,0,1.0,0.0,1.0207179020136021,0,0,0,0,0,0,0,0,0.0225,0.0,0.0,0.0,0.15,skip,already_attacked_this_round,1785296092.9311523,1785296092931152423,1384761147850993,31.4,53.2734375,-1.0,0,0
2026-07-28T23:34:52.932,10.42.0.1,10.42.0.47,20,1,DOWNLOAD,0.95,DOWNLOAD,0.95,-1,8688,0.390394282126775,33,203712.0,79528.0,22,11,0.7192204490891118,0.2807795509108883,0.015029971641160574,0,0,0,0,1,0,0,0,0.28500000000000003,0.7500000000000001,0.0,0.0,0.15,skip,training_upload_trigger_not_confirmed,1785296092.9322627,1785296092932262603,1384761148961035,31.4,53.2734375,-1.0,0,0
2026-07-28T23:34:52.933,10.42.0.1,10.42.0.47,20,1,DOWNLOAD,0.95,DOWNLOAD,0.95,-1,6784,0.3778124049892738,34,210496.0,79528.0,23,11,0.7257882106308443,0.27421178936915563,0.013261693035494378,0,0,0,0,1,0,0,0,0.28500000000000003,0.7500000000000001,0.0,0.0,0.15,skip,training_upload_trigger_not_confirmed,1785296092.9338737,1785296092933873583,1384761150572371,31.4,53.2734375,-1.0,0,0
2026-07-28T23:34:52.935,10.42.0.210,10.42.0.47,20,1,DOWNLOAD,0.9835702429037507,DOWNLOAD,0.9835702429037507,-1,7240,1.381215469422484e-10,1,7240.0,0.0,1,0,1.0,0.0,0.43837126658862424,0,0,0,0,0,0,0,0,0.0225,0.0,0.0,0.0,0.15,skip,training_upload_trigger_not_confirmed,1785296092.935505,1785296092935504972,1384761152203646,31.4,53.2734375,-1.0,0,0
2026-07-28T23:34:52.936,10.42.0.210,10.42.0.47,20,1,DOWNLOAD,0.95,DOWNLOAD,0.95,-1,7240,6.90607734758936e-11,2,14480.0,0.0,2,0,1.0,0.0,0.3807520653636613,0,0,0,0,0,0,0,0,0.0225,0.0,0.0,0.0,0.15,skip,training_upload_trigger_not_confirmed,1785296092.93662,1785296092936620007,1384761153318440,31.4,53.2734375,-1.0,0,0
2026-07-28T23:34:52.937,10.42.0.1,10.42.0.47,20,1,DOWNLOAD,0.95,DOWNLOAD,0.95,-1,16920,0.34970274739090607,35,227416.0,79528.0,24,11,0.7409038782318599,0.2590961217681401,0.01202150139104126,0,0,0,0,1,0,0,0,0.28500000000000003,0.7500000000000001,0.0,0.0,0.15,skip,training_upload_trigger_not_confirmed,1785296092.9377239,1785296092937723955,1384761154422663,31.4,53.2734375,-1.0,0,0
2026-07-28T23:34:52.938,10.42.0.18,10.42.0.47,18,1,DOWNLOAD,0.95,DOWNLOAD,0.95,-1,7300,1.3698630135109776e-10,1,7300.0,0.0,1,0,1.0,0.0,0.7993916240355652,0,0,0,0,0,0,0,0,0.0225,0.0,0.0,0.0,0.15,skip,training_upload_trigger_not_confirmed,1785296092.9388175,1785296092938817515,1384761155516022,31.4,53.2734375,-1.0,0,0
2026-07-28T23:34:52.939,10.42.0.18,10.42.0.47,18,1,DOWNLOAD,0.95,DOWNLOAD,0.95,-1,7300,6.84931506802402e-11,2,14600.0,0.0,2,0,1.0,0.0,0.6942014504626876,0,0,0,0,0,0,0,0,0.0225,0.0,0.0,0.0,0.15,skip,training_upload_trigger_not_confirmed,1785296092.93995,1785296092939950046,1384761156649571,31.4,53.2734375,-1.0,0,0
2026-07-28T23:34:52.942,10.42.0.1,10.42.0.47,20,1,DOWNLOAD,0.95,DOWNLOAD,0.95,-1,14024,0.32939032472113405,36,241440.0,79528.0,25,11,0.7522245208245059,0.24777547917549414,0.011024441492575818,0,0,0,0,1,0,0,0,0.28500000000000003,0.7500000000000001,0.0,0.0,0.15,skip,training_upload_trigger_not_confirmed,1785296092.942179,1785296092942179059,1384761158878086,31.4,53.2734375,-1.0,0,0
2026-07-28T23:34:52.943,10.42.0.1,10.42.0.47,20,1,DOWNLOAD,0.95,DOWNLOAD,0.95,-1,8232,0.31852991124628094,37,249672.0,79528.0,26,11,0.7584204131227218,0.24157958687727826,0.0097494616821624,0,0,0,0,1,0,0,0,0.28500000000000003,0.7500000000000001,0.0,0.0,0.15,skip,training_upload_trigger_not_confirmed,1785296092.943528,1785296092943527988,1384761160227425,31.4,53.2734375,-1.0,0,0
2026-07-28T23:34:52.945,10.42.0.59,10.42.0.47,7,1,DOWNLOAD,0.95,DOWNLOAD,0.95,-1,14600,4.566210045453598e-11,2,21900.0,0.0,2,0,1.0,0.0,0.8880935218807506,0,0,0,0,0,0,0,0,0.0225,0.0,0.0,0.0,0.15,skip,already_attacked_this_round,1785296092.9454205,1785296092945420585,1384761162119923,31.4,53.2734375,-1.0,0,0
2026-07-28T23:34:52.946,10.42.0.59,10.42.0.47,7,1,DOWNLOAD,0.95,DOWNLOAD,0.95,-1,14600,2.739726027322199e-11,3,36500.0,0.0,3,0,1.0,0.0,0.7712190384513359,0,0,0,0,0,0,0,0,0.0225,0.0,0.0,0.0,0.15,skip,already_attacked_this_round,1785296092.946586,1785296092946585795,1384761163284276,31.4,53.2734375,-1.0,0,0
2026-07-28T23:34:52.947,10.42.0.59,10.42.0.47,7,1,DOWNLOAD,0.9401342956151275,DOWNLOAD,0.9401342956151275,0,43,2.739726027322199e-11,3,36500.0,0.0,3,0,1.0,0.0,1.2860472215117653,0,0,0,0,0,0,0,0,0.0225,0.0,0.0,0.0,0.15,skip,already_attacked_this_round,1785296092.9476895,1785296092947689366,1384761164387940,31.4,53.2734375,-1.0,0,0
2026-07-28T23:34:52.950,10.42.0.18,10.42.0.47,18,1,DOWNLOAD,0.9506656345988195,DOWNLOAD,0.9506656345988195,-1,10220,4.029008863657171e-11,3,24820.0,0.0,3,0,1.0,0.0,0.6041542066264105,0,0,0,0,0,0,0,0,0.0225,0.0,0.0,0.0,0.15,skip,training_upload_trigger_not_confirmed,1785296092.9508078,1785296092950807803,1384761167506596,31.4,53.2734375,-1.0,0,0
2026-07-28T23:34:52.951,10.42.0.18,10.42.0.47,18,1,DOWNLOAD,0.9497244518090671,DOWNLOAD,0.9497244518090671,0,43,4.029008863657171e-11,3,24820.0,0.0,3,0,1.0,0.0,1.1281616256243276,0,0,0,0,0,0,0,0,0.0225,0.0,0.0,0.0,0.15,skip,training_upload_trigger_not_confirmed,1785296092.9519098,1785296092951909827,1384761168608658,31.4,53.2734375,-1.0,0,0
2026-07-28T23:34:52.953,10.42.0.18,10.42.0.47,18,1,DOWNLOAD,0.95,DOWNLOAD,0.95,-1,14600,2.536783358636814e-11,4,39420.0,0.0,4,0,1.0,0.0,0.9799168619639013,0,0,0,0,0,0,0,0,0.0225,0.0,0.0,0.0,0.15,skip,training_upload_trigger_not_confirmed,1785296092.953981,1785296092953981022,1384761170679569,31.4,53.2734375,-1.0,0,0
2026-07-28T23:34:52.958,10.42.0.145,10.42.0.47,12,3,UPLOAD,0.9841010226033655,UPLOAD,0.9841010226033655,0,43,1.0,0,0.0,0.0,0,0,0.0,0.0,1.3638506807758826,0,0,1,0,0,0,0,0,0.4375,0.05,1.0,0.0,0.8,skip,attack_already_active,1785296092.9584043,1785296092958404401,1384761175103230,31.4,53.2734375,-1.0,0,0
2026-07-28T23:34:52.959,10.42.0.145,10.42.0.47,12,1,DOWNLOAD,0.95,DOWNLOAD,0.95,-1,14600,6.84931506802402e-11,1,14600.0,0.0,1,0,1.0,0.0,1.8001086036212213,0,0,0,0,0,0,0,0,0.0225,0.0,0.0,0.0,0.15,skip,already_attacked_this_round,1785296092.9595697,1785296092959569691,1384761176268247,31.4,53.2734375,-1.0,0,0
2026-07-28T23:34:52.960,10.42.0.145,10.42.0.47,12,1,DOWNLOAD,0.95,DOWNLOAD,0.95,-1,14600,3.424657534129292e-11,2,29200.0,0.0,2,0,1.0,0.0,1.5630488847245834,0,0,0,0,0,0,0,0,0.0225,0.0,0.0,0.0,0.15,skip,already_attacked_this_round,1785296092.9606977,1785296092960697726,1384761177396203,31.4,53.2734375,-1.0,0,0
2026-07-28T23:34:52.963,10.42.0.47,10.42.0.47,19,3,UPLOAD,0.9139871986402635,UPLOAD,0.9139871986402635,0,43,100.0,13,0.0,79528.0,0,13,0.0,1.0,0.14148468483156207,0,0,1,0,0,0,0,0,0.45499999999999996,0.1,1.0,0.0,0.8,skip,attack_already_active,1785296092.9638472,1785296092963847155,1384761180545988,31.4,53.2734375,-1.0,0,0
2026-07-28T23:34:52.964,10.42.0.47,10.42.0.47,20,1,DOWNLOAD,0.95,DOWNLOAD,0.95,-1,8688,9.153775321345098,14,8688.0,79528.0,1,13,0.09848553550376349,0.9015144644962365,0.1659522808439688,0,0,0,0,0,0,0,0,0.057499999999999996,0.1,0.0,0.0,0.15,skip,training_upload_trigger_not_confirmed,1785296092.964953,1785296092964952747,1384761181651205,31.4,53.2734375,-1.0,0,0
2026-07-28T23:34:52.968,10.42.0.18,10.42.0.47,18,1,DOWNLOAD,0.9523102383599155,DOWNLOAD,0.9523102383599155,-1,17520,1.756234632916118e-11,5,56940.0,0.0,5,0,1.0,0.0,0.8527340513965129,0,0,0,0,0,0,0,0,0.0225,0.0,0.0,0.0,0.15,skip,training_upload_trigger_not_confirmed,1785296092.9687426,1785296092968742614,1384761185442447,31.4,53.2734375,-1.0,0,0
2026-07-28T23:34:52.972,10.42.0.59,10.42.0.47,7,1,DOWNLOAD,0.95,DOWNLOAD,0.95,-1,23360,1.67056465082408e-11,4,59860.0,0.0,4,0,1.0,0.0,1.1199474573521488,0,0,0,0,0,0,0,0,0.0225,0.0,0.0,0.0,0.15,skip,already_attacked_this_round,1785296092.972148,1785296092972147958,1384761188846578,31.4,53.2734375,-1.0,0,0
2026-07-28T23:34:52.973,10.42.0.59,10.42.0.47,7,1,DOWNLOAD,0.9598259793831029,DOWNLOAD,0.9598259793831029,-1,12024,1.3911301541178688e-11,5,71884.0,0.0,5,0,1.0,0.0,0.9725784785757703,0,0,0,0,0,0,0,0,0.0225,0.0,0.0,0.0,0.15,skip,already_attacked_this_round,1785296092.973753,1785296092973753168,1384761190451887,31.4,53.2734375,-1.0,0,0
2026-07-28T23:34:52.980,10.42.0.145,10.42.0.47,12,1,DOWNLOAD,0.95,DOWNLOAD,0.95,-1,29200,1.7123287670939668e-11,3,58400.0,0.0,3,0,1.0,0.0,1.3596461335083172,0,0,0,0,0,0,0,0,0.0225,0.0,0.0,0.0,0.15,skip,already_attacked_this_round,1785296092.9801793,1785296092980179269,1384761196877689,31.4,53.2734375,-1.0,0,0
2026-07-28T23:34:52.986,10.42.0.18,10.42.0.47,18,1,DOWNLOAD,0.9530039190238592,DOWNLOAD,0.9530039190238592,-1,14961,1.3908012405753634e-11,6,71901.0,0.0,6,0,1.0,0.0,0.7427253360528447,0,0,0,0,0,0,0,0,0.0225,0.0,0.0,0.0,0.15,skip,training_upload_trigger_not_confirmed,1785296092.986651,1785296092986650809,1384761203349234,31.4,53.2734375,-1.0,0,0
2026-07-28T23:34:52.988,10.42.0.47,10.42.0.47,20,1,DOWNLOAD,0.9829981496648164,DOWNLOAD,0.9829981496648164,-1,1448,7.846093132710527,15,10136.0,79528.0,2,13,0.11304425410421128,0.8869557458957887,0.14716376866147063,0,0,0,0,0,0,0,0,0.057499999999999996,0.1,0.0,0.0,0.15,skip,training_upload_trigger_not_confirmed,1785296092.9883244,1785296092988324437,1384761205022616,31.4,53.2734375,-1.0,0,0
2026-07-28T23:34:52.991,10.42.0.47,10.42.0.47,20,1,DOWNLOAD,0.9842257140988042,DOWNLOAD,0.9842257140988042,-1,1448,6.865331491206376,16,11584.0,79528.0,3,13,0.12714022302221442,0.8728597769777856,0.12823006787031777,0,0,0,0,0,0,0,0,0.057499999999999996,0.1,0.0,0.0,0.15,skip,training_upload_trigger_not_confirmed,1785296092.9918056,1785296092991805517,1384761208504129,31.4,53.2734375,-1.0,0,0
2026-07-28T23:34:53.058,10.42.0.47,10.42.0.47,20,1,DOWNLOAD,0.9842586901286671,DOWNLOAD,0.9842586901286671,-1,1448,6.102516881130868,17,13032.0,79528.0,4,13,0.1407951598962835,0.8592048401037166,0.12008549775323098,0,0,0,0,0,0,0,0,0.057499999999999996,0.1,0.0,0.0,0.15,skip,training_upload_trigger_not_confirmed,1785296093.0582287,1785296093058228752,1384761274927211,31.4,53.2734375,-1.0,0,0
2026-07-28T23:34:53.059,10.42.0.47,10.42.0.47,20,1,DOWNLOAD,0.9842595481342594,DOWNLOAD,0.9842595481342594,-1,1448,5.492265193059926,18,14480.0,79528.0,5,13,0.15402944430261253,0.8459705556973874,0.10439475653958716,0,0,0,0,0,0,0,0,0.057499999999999996,0.1,0.0,0.0,0.15,skip,training_upload_trigger_not_confirmed,1785296093.0592415,1785296093059241481,1384761275940057,31.4,53.2734375,-1.0,0,0
2026-07-28T23:34:53.059,10.42.0.47,10.42.0.47,20,1,DOWNLOAD,0.9842595696464124,DOWNLOAD,0.9842595696464124,-1,1448,4.992968357358553,19,15928.0,79528.0,6,13,0.16686221924237346,0.8331377807576266,0.09073235114476026,0,0,0,0,0,0,0,0,0.057499999999999996,0.1,0.0,0.0,0.15,skip,training_upload_trigger_not_confirmed,1785296093.059956,1785296093059955923,1384761276654280,31.4,53.2734375,-1.0,0,0
2026-07-28T23:34:53.061,10.42.0.47,10.42.0.47,20,1,DOWNLOAD,0.9842595701605352,DOWNLOAD,0.9842595701605352,-1,2896,4.224819379344197,20,18824.0,79528.0,7,13,0.19139417602082318,0.8086058239791768,0.07897903786705011,0,0,0,0,0,0,0,0,0.057499999999999996,0.1,0.0,0.0,0.15,skip,training_upload_trigger_not_confirmed,1785296093.0614958,1785296093061495850,1384761278194456,31.4,53.2734375,-1.0,0,0
2026-07-28T23:34:53.062,10.42.0.47,10.42.0.47,20,1,DOWNLOAD,0.9842595701720059,DOWNLOAD,0.9842595701720059,-1,5792,3.2307442313035932,21,24616.0,79528.0,8,13,0.23636503303118758,0.7636349669688124,0.06866178527898682,0,0,0,0,0,0,0,0,0.057499999999999996,0.1,0.0,0.0,0.15,skip,training_upload_trigger_not_confirmed,1785296093.06218,1785296093062180013,1384761278878309,31.4,53.2734375,-1.0,0,0
2026-07-28T23:34:53.062,10.42.0.47,10.42.0.47,20,1,DOWNLOAD,0.9842595701722343,DOWNLOAD,0.9842595701722343,-1,2896,2.8906658911787337,22,27512.0,79528.0,9,13,0.2570254110612855,0.7429745889387145,0.05972020033812887,0,0,0,0,0,0,0,0,0.057499999999999996,0.1,0.0,0.0,0.15,skip,training_upload_trigger_not_confirmed,1785296093.0629866,1785296093062986435,1384761279684823,31.4,53.2734375,-1.0,0,0
2026-07-28T23:34:53.064,10.42.0.47,10.42.0.47,20,1,DOWNLOAD,0.9842595701722379,DOWNLOAD,0.9842595701722379,-1,1448,2.746132596624788,23,28960.0,79528.0,10,13,0.26694196593171593,0.7330580340682841,0.052016801140402136,0,0,0,0,0,0,0,0,0.057499999999999996,0.1,0.0,0.0,0.15,skip,training_upload_trigger_not_confirmed,1785296093.0642478,1785296093064247893,1384761280946444,31.4,53.2734375,-1.0,0,0
2026-07-28T23:34:53.064,10.42.0.47,10.42.0.47,20,1,DOWNLOAD,0.9842595701722379,DOWNLOAD,0.9842595701722379,-1,1448,2.6153643777421935,24,30408.0,79528.0,11,13,0.27659729297045554,0.7234027070295445,0.0452530484889868,0,0,0,0,0,0,0,0,0.057499999999999996,0.1,0.0,0.0,0.15,skip,training_upload_trigger_not_confirmed,1785296093.0649364,1785296093064936526,1384761281634698,31.4,53.2734375,-1.0,0,0
2026-07-28T23:34:53.066,10.42.0.47,10.42.0.47,20,1,DOWNLOAD,0.9842595701722379,DOWNLOAD,0.9842595701722379,-1,2896,2.387941388380136,25,33304.0,79528.0,12,13,0.29516449234259784,0.7048355076574021,0.039535945196784716,0,0,0,0,0,0,0,0,0.057499999999999996,0.1,0.0,0.0,0.15,skip,training_upload_trigger_not_confirmed,1785296093.066804,1785296093066803849,1384761283502588,31.4,53.2734375,-1.0,0,0
2026-07-28T23:34:53.067,10.42.0.47,10.42.0.47,20,1,DOWNLOAD,0.9842595701722379,DOWNLOAD,0.9842595701722379,-1,2896,2.196906077315002,26,36200.0,79528.0,13,13,0.31280243329185675,0.6871975667081432,0.034418672921287245,0,0,0,0,0,0,0,0,0.057499999999999996,0.1,0.0,0.0,0.15,skip,training_upload_trigger_not_confirmed,1785296093.0675063,1785296093067506506,1384761284204716,31.4,53.2734375,-1.0,0,0
2026-07-28T23:34:53.068,10.42.0.47,10.42.0.47,20,1,DOWNLOAD,0.9842595701722379,DOWNLOAD,0.9842595701722379,-1,5792,1.893884549416701,27,41992.0,79528.0,14,13,0.34555628703094143,0.6544437129690586,0.02998735094973063,0,0,0,0,0,0,0,0,0.057499999999999996,0.1,0.0,0.0,0.15,skip,training_upload_trigger_not_confirmed,1785296093.068297,1785296093068296927,1384761284995326,31.4,53.2734375,-1.0,0,0
2026-07-28T23:34:53.069,10.42.0.47,10.42.0.47,20,1,DOWNLOAD,0.9842595701722379,DOWNLOAD,0.9842595701722379,-1,1448,1.8307550644375976,28,43440.0,79528.0,15,13,0.3532626374341292,0.6467373625658708,0.02613031891014828,0,0,0,0,0,0,0,0,0.057499999999999996,0.1,0.0,0.0,0.15,skip,training_upload_trigger_not_confirmed,1785296093.0690143,1785296093069014178,1384761285712361,31.4,53.2734375,-1.0,0,0
2026-07-28T23:34:53.070,10.42.0.47,10.42.0.47,20,1,DOWNLOAD,0.9842595701722379,DOWNLOAD,0.9842595701722379,-1,2896,1.7163328729127172,29,46336.0,79528.0,16,13,0.36814339286849296,0.631856607131507,0.022890972307126882,0,0,0,0,0,0,0,0,0.057499999999999996,0.1,0.0,0.0,0.15,skip,training_upload_trigger_not_confirmed,1785296093.0705621,1785296093070562174,1384761287260352,31.4,53.2734375,-1.0,0,0
2026-07-28T23:34:53.071,10.42.0.47,10.42.0.47,20,1,DOWNLOAD,0.9842595701722379,DOWNLOAD,0.9842595701722379,-1,2896,1.615372115684608,30,49232.0,79528.0,17,13,0.3823547685616651,0.6176452314383349,0.019965511618067203,0,0,0,0,0,0,0,0,0.057499999999999996,0.1,0.0,0.0,0.15,skip,training_upload_trigger_not_confirmed,1785296093.0712526,1785296093071252361,1384761287950582,31.4,53.2734375,-1.0,0,0
2026-07-28T23:34:53.071,10.42.0.47,10.42.0.47,20,1,DOWNLOAD,0.9842595701722379,DOWNLOAD,0.9842595701722379,-1,5792,1.4453329456156343,31,55024.0,79528.0,18,13,0.40894226767346453,0.5910577323265355,0.017426337394307562,0,0,0,0,0,0,0,0,0.057499999999999996,0.1,0.0,0.0,0.15,skip,training_upload_trigger_not_confirmed,1785296093.071949,1785296093071949138,1384761288647419,31.4,53.2734375,-1.0,0,0
2026-07-28T23:34:53.073,10.42.0.47,10.42.0.47,20,1,DOWNLOAD,0.9842595701722379,DOWNLOAD,0.9842595701722379,-1,4344,1.3395768764260279,32,59368.0,79528.0,19,13,0.4274277157009561,0.5725722842990439,0.015360846696131305,0,0,0,0,0,0,0,0,0.057499999999999996,0.1,0.0,0.0,0.15,skip,training_upload_trigger_not_confirmed,1785296093.073701,1785296093073700821,1384761290399112,31.4,53.2734375,-1.0,0,0
2026-07-28T23:34:53.074,10.42.0.47,10.42.0.47,20,1,DOWNLOAD,0.9842595701722379,DOWNLOAD,0.9842595701722379,-1,2896,1.2772709751979108,33,62264.0,79528.0,20,13,0.4391220943353645,0.5608779056646355,0.013430177707893122,0,0,0,0,0,0,0,0,0.057499999999999996,0.1,0.0,0.0,0.15,skip,training_upload_trigger_not_confirmed,1785296093.0744104,1785296093074410512,1384761291108805,31.4,53.2734375,-1.0,0,0
2026-07-28T23:34:53.075,10.42.0.47,10.42.0.47,20,1,DOWNLOAD,0.9842595701722379,DOWNLOAD,0.9842595701722379,-1,5792,1.1685670624167073,34,68056.0,79528.0,21,13,0.46113399826539464,0.5388660017346054,0.01174955457004086,0,0,0,0,0,0,0,0,0.039999999999999994,0.05,0.0,0.0,0.15,skip,training_upload_trigger_not_confirmed,1785296093.0750868,1785296093075086794,1384761291785006,31.4,53.2734375,-1.0,0,0
2026-07-28T23:34:53.076,10.42.0.47,10.42.0.47,20,1,DOWNLOAD,0.9842595701722379,DOWNLOAD,0.9842595701722379,-1,3905,1.1051541807353267,35,71961.0,79528.0,22,13,0.4750245892441035,0.5249754107558965,0.010402272305425108,0,0,0,0,0,0,0,0,0.039999999999999994,0.05,0.0,0.0,0.15,skip,training_upload_trigger_not_confirmed,1785296093.0766122,1785296093076612310,1384761293310529,31.4,53.2734375,-1.0,0,0
2026-07-28T23:34:53.084,10.42.0.210,10.42.0.47,20,1,DOWNLOAD,0.9557926560077417,DOWNLOAD,0.9557926560077417,-1,10136,4.062398439873968e-11,3,24616.0,0.0,3,0,1.0,0.0,0.35004484156382515,0,0,0,0,0,0,0,0,0.0225,0.0,0.0,0.0,0.15,skip,training_upload_trigger_not_confirmed,1785296093.0843434,1785296093084343606,1384761301042582,31.4,53.2734375,-1.0,0,0
2026-07-28T23:34:53.085,10.42.0.210,10.42.0.47,20,1,DOWNLOAD,0.9846998846180315,DOWNLOAD,0.9846998846180315,0,43,4.062398439873968e-11,3,24616.0,0.0,3,0,1.0,0.0,0.7591583080760214,0,0,0,0,0,0,0,0,0.0225,0.0,0.0,0.0,0.15,skip,training_upload_trigger_not_confirmed,1785296093.0850844,1785296093085084375,1384761301782515,31.4,53.2734375,-1.0,0,0
2026-07-28T23:34:53.087,10.42.0.210,10.42.0.47,20,1,DOWNLOAD,0.9854895428954357,DOWNLOAD,0.9854895428954357,-1,14480,2.557806425144316e-11,4,39096.0,0.0,4,0,1.0,0.0,0.6594791301862809,0,0,0,0,0,0,0,0,0.0225,0.0,0.0,0.0,0.15,skip,training_upload_trigger_not_confirmed,1785296093.087064,1785296093087063972,1384761303762326,31.4,53.2734375,-1.0,0,0
2026-07-28T23:34:53.088,10.42.0.210,10.42.0.47,20,1,DOWNLOAD,0.9855083405864443,DOWNLOAD,0.9855083405864443,-1,20272,1.6844091092560906e-11,5,59368.0,0.0,5,0,1.0,0.0,0.5727151378059089,0,0,0,0,0,0,0,0,0.0225,0.0,0.0,0.0,0.15,skip,training_upload_trigger_not_confirmed,1785296093.0881152,1785296093088115218,1384761304813540,31.4,53.2734375,-1.0,0,0
2026-07-28T23:34:53.089,10.42.0.210,10.42.0.47,20,1,DOWNLOAD,0.9855087208476458,DOWNLOAD,0.9855087208476458,-1,18368,1.2864052690994339e-11,6,77736.0,0.0,6,0,1.0,0.0,0.49738049724614863,0,0,0,0,0,0,0,0,0.0225,0.0,0.0,0.0,0.15,skip,training_upload_trigger_not_confirmed,1785296093.0891366,1785296093089136557,1384761305834643,31.4,53.2734375,-1.0,0,0
2026-07-28T23:34:53.266,10.42.0.145,10.42.0.47,12,2,TRAINING,0.95,TRAINING,0.95,1,64240,1.0999999999982877,4,58400.0,64240.0,3,1,0.47619047619047616,0.5238095238095238,1.2210920481491545,0,0,0,0,1,0,0,0,0.4525,1.0,0.0,0.4,0.15,skip,already_attacked_this_round,1785296093.2666018,1785296093266601613,1384761483300573,31.4,53.2734375,-1.0,0,0
2026-07-28T23:34:53.267,10.42.0.145,10.42.0.47,12,3,UPLOAD,0.95,UPLOAD,0.95,1,15289,1.361797945199284,5,58400.0,79529.0,3,2,0.42340624524211734,0.5765937547578827,1.060366456081351,0,0,0,1,1,1,1,1,0.85,1.0,1.0,0.4,0.8,skip,already_attacked_this_round,1785296093.2679918,1785296093267991857,1384761484690694,31.4,53.2734375,-1.0,0,0
2026-07-28T23:34:53.269,10.42.0.1,10.42.0.47,20,2,TRAINING,0.95,TRAINING,0.95,1,7240,0.34752795668177633,38,249672.0,86768.0,26,12,0.7420996314350256,0.25790036856497445,0.032066926102801895,0,0,0,0,1,0,0,0,0.4525,1.0,0.0,0.4,0.15,skip,training_upload_trigger_not_confirmed,1785296093.2696693,1785296093269669366,1384761486368273,31.4,53.2734375,-1.0,0,0
2026-07-28T23:34:53.270,10.42.0.1,10.42.0.1,20,3,UPLOAD,0.95,UPLOAD,0.95,1,7240,0.3765260021172717,39,249672.0,94008.0,26,13,0.7264664804469274,0.27353351955307265,0.02800548029136793,1,0,0,0,1,0,0,0,0.85,1.0,1.0,0.4,0.8,trigger,training_upload_trigger_confirmed,1785296093.270915,1785296093270915092,1384761487613743,31.4,53.2734375,66.497771,1785296093337414192,1384761554111514
2026-07-28T23:34:53.273,10.42.0.59,10.42.0.1,7,2,TRAINING,0.95,TRAINING,0.95,1,64240,0.8936620110192303,6,71884.0,64240.0,5,1,0.5280773412476859,0.47192265875231404,0.8873429199913772,0,0,0,0,1,0,0,0,0.4525,1.0,0.0,0.4,0.15,skip,already_attacked_this_round,1785296093.273439,1785296093273439048,1384761490137720,31.4,53.2734375,-1.0,0,0
2026-07-28T23:34:53.274,10.42.0.59,10.42.0.1,7,3,UPLOAD,0.95,UPLOAD,0.95,1,15288,1.1063379889807698,7,71884.0,79528.0,5,2,0.4747576149842813,0.5252423850157187,0.7705806363219266,0,0,0,1,1,1,1,1,0.85,1.0,1.0,0.4,0.8,skip,already_attacked_this_round,1785296093.2747052,1785296093274705163,1384761491404000,31.4,53.2734375,-1.0,0,0
2026-07-28T23:34:53.276,10.42.0.1,10.42.0.1,20,3,UPLOAD,0.95,UPLOAD,0.95,1,14480,0.4345220929882625,40,249672.0,108488.0,26,14,0.6970962698235426,0.30290373017645744,0.025111694666540098,1,0,1,1,1,1,1,1,0.85,1.0,1.0,0.4,0.8,skip,attack_already_active,1785296093.2769604,1785296093276960295,1384761493659704,31.4,53.2734375,-1.0,0,0
2026-07-28T23:34:53.278,10.42.0.1,10.42.0.1,20,3,UPLOAD,0.95,UPLOAD,0.95,1,14480,0.4925181838592532,41,249672.0,122968.0,26,15,0.6700085873765564,0.32999141262344356,0.022045942836571894,1,0,1,1,1,1,1,1,0.85,1.0,1.0,0.4,0.8,skip,attack_already_active,1785296093.278807,1785296093278806978,1384761495505965,31.4,53.2734375,-1.0,0,0
2026-07-28T23:34:53.280,10.42.0.1,10.42.0.1,20,3,UPLOAD,0.95,UPLOAD,0.95,1,7240,0.5215162292947486,42,249672.0,130208.0,26,16,0.6572391281457303,0.3427608718542698,0.01930356156762053,1,0,1,1,1,1,1,1,0.85,1.0,1.0,0.4,0.8,skip,attack_already_active,1785296093.2800417,1785296093280041634,1384761496740393,31.4,53.2734375,-1.0,0,0
2026-07-28T23:34:53.281,10.42.0.1,10.42.0.1,20,3,UPLOAD,0.95,UPLOAD,0.95,1,7240,0.5505142747302441,43,249672.0,137448.0,26,17,0.6449473031618103,0.3550526968381897,0.016930944601188158,1,0,1,1,1,1,1,1,0.85,1.0,1.0,0.4,0.8,skip,attack_already_active,1785296093.2813401,1785296093281340051,1384761498039709,31.4,53.2734375,-1.0,0,0
2026-07-28T23:34:53.282,10.42.0.1,10.42.0.1,20,3,UPLOAD,0.9042988502108239,UPLOAD,0.9042988502108239,0,43,0.5505142747302441,43,249672.0,137448.0,26,17,0.6449473031618103,0.3550526968381897,0.03966197861656337,1,0,1,0,1,1,0,0,0.6825,0.7500000000000001,1.0,0.0,0.8,skip,attack_already_active,1785296093.2826004,1785296093282600474,1384761499299470,31.4,53.2734375,-1.0,0,0
2026-07-28T23:34:53.286,10.42.0.1,10.42.0.1,20,3,UPLOAD,0.95,UPLOAD,0.95,1,14480,0.6085103656012348,44,249672.0,151928.0,26,18,0.6216932270916334,0.3783067729083665,0.03517957125279414,1,0,1,1,1,1,1,1,0.9299999999999999,1.0,1.0,0.8,0.8,skip,attack_already_active,1785296093.2869864,1785296093286986226,1384761503686007,31.4,53.2734375,-1.0,0,0
2026-07-28T23:34:53.288,10.42.0.1,10.42.0.1,20,3,UPLOAD,0.95,UPLOAD,0.95,1,14480,0.6665064564722255,45,249672.0,166408.0,26,19,0.6000576812151509,0.3999423187848491,0.030744999491014138,1,0,1,1,1,1,1,1,0.9699999999999999,1.0,1.0,1.0,0.8,skip,attack_already_active,1785296093.2885132,1785296093288513154,1384761505212474,31.4,53.2734375,-1.0,0,0
2026-07-28T23:34:53.290,10.42.0.1,10.42.0.1,20,3,UPLOAD,0.95,UPLOAD,0.95,1,7129,0.6950599186144419,46,249672.0,173537.0,26,20,0.589949646628498,0.41005035337150203,0.026934125754419058,1,0,1,1,1,1,1,1,0.9699999999999999,1.0,1.0,1.0,0.8,skip,attack_already_active,1785296093.2903385,1785296093290338496,1384761507037851,31.4,53.2734375,-1.0,0,0
2026-07-28T23:34:53.292,10.42.0.1,10.42.0.1,20,3,UPLOAD,0.8638649437773029,UPLOAD,0.8638649437773029,0,43,0.6950599186144419,46,249672.0,173537.0,26,20,0.589949646628498,0.41005035337150203,0.02475114766365532,1,0,1,1,1,1,1,1,0.8025,0.7500000000000001,1.0,0.6000000000000001,0.8,skip,attack_already_active,1785296093.2929685,1785296093292968416,1384761509667410,31.4,53.2734375,-1.0,0,0
2026-07-28T23:34:53.294,10.42.0.1,10.42.0.1,20,3,UPLOAD,0.95,UPLOAD,0.95,1,10136,0.7356571822241355,47,249672.0,183673.0,26,21,0.5761506420980974,0.42384935790190265,0.02201541271810411,1,0,1,1,1,1,1,1,0.9699999999999999,1.0,1.0,1.0,0.8,skip,attack_already_active,1785296093.294329,1785296093294328952,1384761511027518,95.3,53.2734375,-1.0,0,0
2026-07-28T23:34:53.295,10.42.0.1,10.42.0.1,20,3,UPLOAD,0.95,UPLOAD,0.95,1,4344,0.7530560094854327,48,249672.0,188017.0,26,22,0.5704324303329533,0.4295675696670467,0.019214973595634108,1,0,1,1,1,1,1,1,0.9699999999999999,1.0,1.0,1.0,0.8,skip,attack_already_active,1785296093.2950926,1785296093295092538,1384761511791721,95.3,53.2734375,-1.0,0,0
2026-07-28T23:34:53.296,10.42.0.1,10.42.0.1,20,3,UPLOAD,0.95,UPLOAD,0.95,1,14480,0.8110521003564234,49,249672.0,202497.0,26,23,0.5521652302568287,0.44783476974317127,0.016871466964444876,1,0,1,1,1,1,1,1,0.9699999999999999,1.0,1.0,1.0,0.8,skip,attack_already_active,1785296093.2965233,1785296093296523263,1384761513222436,95.3,53.2734375,-1.0,0,0
2026-07-28T23:34:53.299,10.42.0.1,10.42.0.1,20,3,UPLOAD,0.95,UPLOAD,0.95,1,14480,0.8690481912274142,50,249672.0,216977.0,26,24,0.535031683342298,0.46496831665770205,0.015081391186497772,1,0,1,1,1,1,1,1,0.9699999999999999,1.0,1.0,1.0,0.8,skip,attack_already_active,1785296093.2998104,1785296093299810247,1384761516508665,95.3,53.2734375,-1.0,0,0
2026-07-28T23:34:53.300,10.42.0.1,10.42.0.1,20,3,UPLOAD,0.95,UPLOAD,0.95,1,5792,0.8922466275758105,51,249672.0,222769.0,26,25,0.5284723383448938,0.4715276616551061,0.01323011798717313,1,0,1,1,1,1,1,1,0.9699999999999999,1.0,1.0,1.0,0.8,skip,attack_already_active,1785296093.300843,1785296093300843002,1384761517541232,95.3,53.2734375,-1.0,0,0
2026-07-28T23:34:53.301,10.42.0.1,10.42.0.1,20,3,UPLOAD,0.95,UPLOAD,0.95,1,7240,0.9212446730113059,52,249672.0,230009.0,26,26,0.5204959129087873,0.4795040870912127,0.011619182319885,1,0,1,1,1,1,1,1,0.9699999999999999,1.0,1.0,1.0,0.8,skip,attack_already_active,1785296093.3018482,1785296093301847986,1384761518546145,95.3,53.2734375,-1.0,0,0
2026-07-28T23:34:53.303,10.42.0.1,10.42.0.1,20,3,UPLOAD,0.95,UPLOAD,0.95,1,8576,0.9555937389857269,53,249672.0,238585.0,26,27,0.5113536518677664,0.4886463481322336,0.010304285850377511,1,0,1,1,1,1,1,1,0.9699999999999999,1.0,1.0,1.0,0.8,skip,attack_already_active,1785296093.303489,1785296093303488969,1384761520187541,95.3,53.2734375,-1.0,0,0
2026-07-28T23:34:53.388,10.42.0.18,10.42.0.1,18,2,TRAINING,0.95,TRAINING,0.95,1,1460,0.020305698126308322,7,71901.0,1460.0,6,1,0.9800984174152478,0.019901582584752116,0.7023752722670715,0,0,0,0,1,0,0,0,0.52,0.85,0.0,1.0,0.15,skip,training_upload_trigger_not_confirmed,1785296093.3884296,1785296093388429609,1384761605128813,95.3,53.2734375,-1.0,0,0
2026-07-28T23:34:53.392,10.42.0.18,10.42.0.1,18,3,UPLOAD,0.95,UPLOAD,0.95,1,64240,0.9137564150719217,8,71901.0,65700.0,6,2,0.5225325397344496,0.47746746026555037,0.6104219771522724,0,0,0,1,1,1,1,1,0.9699999999999999,1.0,1.0,1.0,0.8,trigger,training_upload_trigger_confirmed,1785296093.3929968,1785296093392996982,1384761609696066,95.3,53.2734375,69.173044,1785296093462171823,1384761678869110
2026-07-28T23:34:53.394,10.42.0.18,10.42.0.1,18,3,UPLOAD,0.9841010226033655,UPLOAD,0.9841010226033655,1,9448,1.045159316281482,9,71901.0,75148.0,6,3,0.4889594624920945,0.5110405375079056,0.5302079206031676,0,0,1,1,1,1,1,1,0.9699999999999999,1.0,1.0,1.0,0.8,skip,attack_already_active,1785296093.3946965,1785296093394696512,1384761611394967,95.3,53.2734375,-1.0,0,0
2026-07-28T23:34:53.396,10.42.0.1,10.42.0.1,20,3,UPLOAD,0.95,UPLOAD,0.95,1,7240,0.9845917844212223,54,249672.0,245825.0,26,28,0.5038819609402276,0.4961180390597723,0.016777722609774563,1,0,1,1,1,1,1,1,0.9699999999999999,1.0,1.0,1.0,0.8,skip,attack_already_active,1785296093.3963492,1785296093396349170,1384761613047885,95.3,53.2734375,-1.0,0,0
2026-07-28T23:34:53.397,10.42.0.1,10.42.0.1,20,3,UPLOAD,0.95,UPLOAD,0.95,1,7240,1.0135898298567176,55,249672.0,253065.0,26,29,0.4966254721653668,0.5033745278346332,0.014717242609874195,1,0,1,1,1,1,1,1,0.9699999999999999,1.0,1.0,1.0,0.8,skip,attack_already_active,1785296093.3974905,1785296093397490546,1384761614188937,95.3,53.2734375,-1.0,0,0
2026-07-28T23:34:53.399,10.42.0.1,10.42.0.47,20,3,UPLOAD,0.46310032566942627,UPLOAD,0.46310032566942627,0,43,1.0135898298567176,55,249672.0,253065.0,26,29,0.4966254721653668,0.5033745278346332,0.026759167779183808,0,0,1,1,1,1,1,1,0.8200000000000001,0.8000000000000002,1.0,0.6000000000000001,0.8,skip,attack_already_active,1785296093.3990686,1785296093399068654,1384761615767175,95.3,53.2734375,-1.0,0,0
2026-07-28T23:34:53.400,10.42.0.1,10.42.0.1,20,3,UPLOAD,0.95,UPLOAD,0.95,1,14480,1.0715859207277083,56,249672.0,267545.0,26,30,0.48272195229468484,0.5172780477053152,0.023587978784597802,1,0,1,1,1,1,1,1,0.9699999999999999,1.0,1.0,1.0,0.8,skip,attack_already_active,1785296093.4001844,1785296093400184301,1384761616882841,95.3,53.2734375,-1.0,0,0
2026-07-28T23:34:53.401,10.42.0.1,10.42.0.1,20,3,UPLOAD,0.95,UPLOAD,0.95,1,14480,1.1295820115986992,57,249672.0,282025.0,26,31,0.4695757169967105,0.5304242830032895,0.020623891651075567,1,0,1,1,1,1,1,1,0.9699999999999999,1.0,1.0,1.0,0.8,skip,attack_already_active,1785296093.4012787,1785296093401278669,1384761617977074,95.3,53.2734375,-1.0,0,0
2026-07-28T23:34:53.404,10.42.0.1,10.42.0.1,20,3,UPLOAD,0.95,UPLOAD,0.95,1,20272,1.2107765388180862,58,249672.0,302297.0,26,32,0.45232975040264944,0.5476702495973506,0.018318512313074745,1,0,1,1,1,1,1,1,0.9699999999999999,1.0,1.0,1.0,0.8,skip,attack_already_active,1785296093.4044077,1785296093404407734,1384761621106053,95.3,53.2734375,-1.0,0,0
2026-07-28T23:34:53.405,10.42.0.1,10.42.0.1,20,3,UPLOAD,0.95,UPLOAD,0.95,1,7240,1.2397745842535817,59,249672.0,309537.0,26,33,0.44647350096296734,0.5535264990370327,0.01604758104284862,1,0,1,1,1,1,1,1,0.9699999999999999,1.0,1.0,1.0,0.8,skip,attack_already_active,1785296093.4054928,1785296093405492752,1384761622190996,95.3,53.2734375,-1.0,0,0
2026-07-28T23:34:53.407,10.42.0.1,10.42.0.1,20,3,UPLOAD,0.95,UPLOAD,0.95,1,8576,1.2741236502280027,60,249672.0,318113.0,26,34,0.43972982731139426,0.5602701726886057,0.014195789644234154,1,0,1,1,1,1,1,1,0.9699999999999999,1.0,1.0,1.0,0.8,skip,attack_already_active,1785296093.4074876,1785296093407487804,1384761624186513,95.3,53.2734375,-1.0,0,0
2026-07-28T23:34:54.046,10.42.0.47,10.42.0.1|10.42.0.47,20,3,UPLOAD,0.95,UPLOAD,0.95,1,7240,0.11991321199927268,20,60377.0,7240.0,19,1,0.8929263350932458,0.10707366490675421,0.15170276367249,1,0,0,1,1,1,1,1,0.9699999999999999,1.0,1.0,1.0,0.8,trigger,training_upload_trigger_confirmed,1785296094.0465398,1785296094046539747,1384762263238575,26.1,53.2734375,10.666368,1785296094057207600,1384762273904943
2026-07-28T23:34:54.047,10.42.0.47,10.42.0.1|10.42.0.47,20,3,UPLOAD,0.95,UPLOAD,0.95,1,2896,0.16787849679235672,21,60377.0,10136.0,19,2,0.8562534568093827,0.14374654319061733,0.1318222680140206,1,0,1,1,1,1,1,1,0.9699999999999999,1.0,1.0,1.0,0.8,skip,attack_already_active,1785296094.047375,1785296094047374794,1384762264072811,26.1,53.2734375,-1.0,0,0
2026-07-28T23:34:54.048,10.42.0.47,10.42.0.1|10.42.0.47,20,3,UPLOAD,0.9827856166486795,UPLOAD,0.9827856166486795,1,4344,0.23982642398198278,22,60377.0,14480.0,19,3,0.8065645163444969,0.19343548365550317,0.11458686801783922,1,0,1,1,1,1,1,1,0.9699999999999999,1.0,1.0,1.0,0.8,skip,attack_already_active,1785296094.0484025,1785296094048402321,1384762265100736,26.1,53.2734375,-1.0,0,0
2026-07-28T23:34:54.049,10.42.0.47,10.42.0.1|10.42.0.47,20,3,UPLOAD,0.9842283506312849,UPLOAD,0.9842283506312849,1,10136,0.40770492075777687,23,60377.0,24616.0,19,4,0.7103761486240043,0.28962385137599567,0.09962406748716852,1,0,1,1,1,1,1,1,0.9699999999999999,1.0,1.0,1.0,0.8,skip,attack_already_active,1785296094.0494409,1785296094049440717,1384762266139015,26.1,53.2734375,-1.0,0,0
2026-07-28T23:34:54.050,10.42.0.47,10.42.0.1|10.42.0.47,20,3,UPLOAD,0.9842590008488418,UPLOAD,0.9842590008488418,1,1448,0.4316875631543189,24,60377.0,26064.0,19,5,0.6984764174407978,0.30152358255920225,0.08661931544350102,1,0,1,1,1,1,1,1,0.9699999999999999,1.0,1.0,1.0,0.8,skip,attack_already_active,1785296094.0503755,1785296094050375376,1384762267073646,26.1,53.2734375,-1.0,0,0
2026-07-28T23:34:54.051,10.42.0.47,10.42.0.1|10.42.0.47,20,3,UPLOAD,0.9842595632245429,UPLOAD,0.9842595632245429,1,8688,0.575583417533571,25,60377.0,34752.0,19,6,0.6346855322772236,0.3653144677227764,0.07529555209374575,1,0,1,1,1,1,1,1,0.9699999999999999,1.0,1.0,1.0,0.8,skip,attack_already_active,1785296094.0510619,1785296094051061690,1384762267759971,26.1,53.2734375,-1.0,0,0
2026-07-28T23:34:54.052,10.42.0.47,10.42.0.1|10.42.0.47,20,3,UPLOAD,0.9842595702371604,UPLOAD,0.9842595702371604,1,5792,0.6715139871197391,26,60377.0,40544.0,19,7,0.5982600251682009,0.40173997483179913,0.06549761976688526,1,0,1,1,1,1,1,1,0.9699999999999999,1.0,1.0,1.0,0.8,skip,attack_already_active,1785296094.0520036,1785296094052003470,1384762268701984,26.1,53.2734375,-1.0,0,0
2026-07-28T23:34:54.052,10.42.0.47,10.42.0.1|10.42.0.47,20,3,UPLOAD,0.984259570181381,UPLOAD,0.984259570181381,1,2896,0.7194792719128231,27,60377.0,43440.0,19,8,0.5815714189390948,0.41842858106090525,0.056982887562247675,1,0,1,1,1,1,1,1,0.9699999999999999,1.0,1.0,1.0,0.8,skip,attack_already_active,1785296094.0528853,1785296094052885340,1384762269584212,26.1,53.2734375,-1.0,0,0
2026-07-28T23:34:54.053,10.42.0.47,10.42.0.1|10.42.0.47,20,3,UPLOAD,0.9842595701726963,UPLOAD,0.9842595701726963,1,1448,0.7434619143093651,28,60377.0,44888.0,19,9,0.5735714624994063,0.42642853750059373,0.049577078580913245,1,0,1,1,1,1,1,1,0.9699999999999999,1.0,1.0,1.0,0.8,skip,attack_already_active,1785296094.0536675,1785296094053667599,1384762270365886,26.1,53.2734375,-1.0,0,0
2026-07-28T23:34:54.054,10.42.0.47,10.42.0.1|10.42.0.47,20,3,UPLOAD,0.9842595701722561,UPLOAD,0.9842595701722561,1,10136,0.9113404110851593,29,60377.0,55024.0,19,10,0.5231930399216644,0.47680696007833556,0.043190302346287235,1,0,1,1,1,1,1,1,0.9699999999999999,1.0,1.0,1.0,0.8,skip,attack_already_active,1785296094.0547771,1785296094054777102,1384762271475901,26.1,53.2734375,-1.0,0,0
2026-07-28T23:34:54.055,10.42.0.47,10.42.0.1|10.42.0.47,20,3,UPLOAD,0.9842595701722385,UPLOAD,0.9842595701722385,1,7240,1.0312536230678693,30,60377.0,62264.0,19,11,0.4923068141975359,0.5076931858024641,0.037630656698221895,1,0,1,1,1,1,1,1,0.9699999999999999,1.0,1.0,1.0,0.8,skip,attack_already_active,1785296094.0557768,1785296094055776830,1384762272475350,26.1,53.2734375,-1.0,0,0
2026-07-28T23:34:54.056,10.42.0.47,10.42.0.1|10.42.0.47,20,3,UPLOAD,0.9842595701722379,UPLOAD,0.9842595701722379,1,2896,1.0792189078609533,31,60377.0,65160.0,19,12,0.4809498394895529,0.5190501605104472,0.03275930033552555,1,0,1,1,1,1,1,1,0.9699999999999999,1.0,1.0,1.0,0.8,skip,attack_already_active,1785296094.05644,1785296094056440010,1384762273138202,26.1,53.2734375,-1.0,0,0
2026-07-28T23:34:54.057,10.42.0.47,10.42.0.1|10.42.0.47,20,3,UPLOAD,0.9842595701722379,UPLOAD,0.9842595701722379,1,10136,1.2470974046367473,32,60377.0,75296.0,19,13,0.44501853721816426,0.5549814627818357,0.02862100648394969,1,0,1,1,1,1,1,1,0.9699999999999999,1.0,1.0,1.0,0.8,skip,attack_already_active,1785296094.057795,1785296094057795120,1384762274493754,26.1,53.2734375,-1.0,0,0
2026-07-28T23:34:54.059,10.42.0.47,10.42.0.1|10.42.0.47,20,3,UPLOAD,0.9842595701722379,UPLOAD,0.9842595701722379,1,2896,1.3603103634181675,31,57481.0,78192.0,17,14,0.42367309634193984,0.5763269036580602,0.025061085297006066,1,0,1,1,1,1,1,1,0.9699999999999999,1.0,1.0,1.0,0.8,skip,attack_already_active,1785296094.0594008,1785296094059400644,1384762276099400,26.1,53.2734375,-1.0,0,0
2026-07-28T23:34:54.060,10.42.0.47,10.42.0.1|10.42.0.47,20,3,UPLOAD,0.9842595701722379,UPLOAD,0.9842595701722379,1,1336,1.419306480102452,31,56033.0,79528.0,16,15,0.4133415952965824,0.5866584047034177,0.021911425890341684,1,0,1,1,1,1,1,1,0.9699999999999999,1.0,1.0,1.0,0.8,skip,attack_already_active,1785296094.06056,1785296094060559987,1384762277259219,26.1,53.2734375,-1.0,0,0
2026-07-28T23:34:54.062,10.42.0.1,10.42.0.1|10.42.0.47,20,3,UPLOAD,0.965078194917319,UPLOAD,0.965078194917319,1,7240,100.0,24,0.0,245825.0,0,24,0.0,1.0,0.09304470013673487,1,0,1,1,1,1,1,1,0.9699999999999999,1.0,1.0,1.0,0.8,skip,attack_already_active,1785296094.0621293,1785296094062129153,1384762278827630,26.1,53.2734375,-1.0,0,0
2026-07-28T23:34:54.063,10.42.0.1,10.42.0.1|10.42.0.47,20,3,UPLOAD,0.9822100021810253,UPLOAD,0.9822100021810253,1,7240,100.0,25,0.0,253065.0,0,25,0.0,1.0,0.08092651382167225,1,0,1,1,1,1,1,1,0.9699999999999999,1.0,1.0,1.0,0.8,skip,attack_already_active,1785296094.0632124,1785296094063212378,1384762279910984,26.1,53.2734375,-1.0,0,0
2026-07-28T23:34:54.126,10.42.0.1,10.42.0.1|10.42.0.47,20,3,UPLOAD,0.9831578441637162,UPLOAD,0.9831578441637162,1,13032,100.0,26,0.0,266097.0,0,26,0.0,1.0,0.07862454235736098,1,0,1,1,1,1,1,1,0.9699999999999999,1.0,1.0,1.0,0.8,skip,attack_already_active,1785296094.12667,1785296094126669727,1384762343368703,26.1,53.2734375,-1.0,0,0
2026-07-28T23:34:54.127,10.42.0.1,10.42.0.1|10.42.0.47,20,3,UPLOAD,0.9835494416258812,UPLOAD,0.9835494416258812,1,13032,100.0,27,0.0,279129.0,0,27,0.0,1.0,0.06842111096749394,1,0,1,1,1,1,1,1,0.9699999999999999,1.0,1.0,1.0,0.8,skip,attack_already_active,1785296094.1278634,1785296094127863177,1384762344561730,26.1,53.2734375,-1.0,0,0
2026-07-28T23:34:54.129,10.42.0.1,10.42.0.1|10.42.0.47,20,3,UPLOAD,0.983881206300604,UPLOAD,0.983881206300604,1,8688,100.0,28,0.0,287817.0,0,28,0.0,1.0,0.05968491659452495,1,0,1,1,1,1,1,1,0.9699999999999999,1.0,1.0,1.0,0.8,skip,attack_already_active,1785296094.129988,1785296094129987722,1384762346686444,26.1,53.2734375,-1.0,0,0
2026-07-28T23:34:54.131,10.42.0.1,10.42.0.1|10.42.0.47,20,3,UPLOAD,0.9841785853455638,UPLOAD,0.9841785853455638,1,5792,100.0,29,0.0,293609.0,0,29,0.0,1.0,0.05196609112261954,1,0,1,1,1,1,1,1,0.9699999999999999,1.0,1.0,1.0,0.8,skip,attack_already_active,1785296094.1310968,1785296094131096758,1384762347795120,26.1,53.2734375,-1.0,0,0
2026-07-28T23:34:54.132,10.42.0.1,10.42.0.1|10.42.0.47,20,3,UPLOAD,0.9845108935326325,UPLOAD,0.9845108935326325,1,8688,100.0,30,0.0,302297.0,0,30,0.0,1.0,0.045330135148467024,1,0,1,1,1,1,1,1,0.9699999999999999,1.0,1.0,1.0,0.8,skip,attack_already_active,1785296094.1327045,1785296094132704494,1384762349403264,26.1,53.2734375,-1.0,0,0
2026-07-28T23:34:54.134,10.42.0.1,10.42.0.1|10.42.0.47,20,3,UPLOAD,0.984735293449323,UPLOAD,0.984735293449323,1,5792,100.0,31,0.0,308089.0,0,31,0.0,1.0,0.039633914274492206,1,0,1,1,1,1,1,1,0.9699999999999999,1.0,1.0,1.0,0.8,skip,attack_already_active,1785296094.1348076,1785296094134807634,1384762351506124,26.1,53.2734375,-1.0,0,0
2026-07-28T23:34:54.135,10.42.0.1,10.42.0.1|10.42.0.47,20,3,UPLOAD,0.9849559770453383,UPLOAD,0.9849559770453383,1,7240,100.0,32,0.0,315329.0,0,32,0.0,1.0,0.034550607058384634,1,0,1,1,1,1,1,1,0.9699999999999999,1.0,1.0,1.0,0.8,skip,attack_already_active,1785296094.1358657,1785296094135865687,1384762352564037,26.1,53.2734375,-1.0,0,0
2026-07-28T23:34:54.137,10.42.0.1,10.42.0.1|10.42.0.47,20,3,UPLOAD,0.9851165992025687,UPLOAD,0.9851165992025687,1,2784,100.0,33,0.0,318113.0,0,33,0.0,1.0,0.03020042475832664,1,0,1,1,1,1,1,1,0.9699999999999999,1.0,1.0,1.0,0.8,skip,attack_already_active,1785296094.137404,1785296094137404024,1384762354102358,26.1,53.2734375,-1.0,0,0
2026-07-28T23:34:54.142,10.42.0.1,10.42.0.1|10.42.0.47,20,3,UPLOAD,0.9846292806092213,UPLOAD,0.9846292806092213,0,43,100.0,33,0.0,318113.0,0,33,0.0,1.0,0.12416399331138972,1,0,1,1,1,1,1,1,0.8374999999999999,0.8500000000000001,1.0,0.6000000000000001,0.8,skip,attack_already_active,1785296094.1423326,1785296094142332712,1384762359031192,26.1,53.2734375,-1.0,0,0
2026-07-28T23:34:54.940,10.42.0.210,10.42.0.1|10.42.0.210|10.42.0.47,20,3,UPLOAD,0.95,UPLOAD,0.95,1,1448,100.0,1,0.0,1448.0,0,1,0.0,1.0,0.6762737422193068,1,0,0,1,1,1,1,1,0.9525,0.95,1.0,1.0,0.8,trigger,training_upload_trigger_confirmed,1785296094.9400363,1785296094940036334,1384763156734926,28.2,53.27734375,7.862394,1785296094947900057,1384763164597320
2026-07-28T23:34:54.940,10.42.0.210,10.42.0.1|10.42.0.210|10.42.0.47,20,3,UPLOAD,0.9841010226033655,UPLOAD,0.9841010226033655,1,1448,100.0,2,0.0,2896.0,0,2,0.0,1.0,0.5872662994725539,1,0,1,1,1,1,1,1,0.9699999999999999,1.0,1.0,1.0,0.8,skip,attack_already_active,1785296094.9408572,1785296094940856996,1384763157555335,28.2,53.27734375,-1.0,0,0
2026-07-28T23:34:54.941,10.42.0.210,10.42.0.1|10.42.0.210|10.42.0.47,20,3,UPLOAD,0.9854688349332961,UPLOAD,0.9854688349332961,1,1448,100.0,3,0.0,4344.0,0,3,0.0,1.0,0.5100243351604894,1,0,1,1,1,1,1,1,0.9699999999999999,1.0,1.0,1.0,0.8,skip,attack_already_active,1785296094.9419556,1785296094941955551,1384763158654450,28.2,53.27734375,-1.0,0,0
2026-07-28T23:34:54.942,10.42.0.210,10.42.0.1|10.42.0.210|10.42.0.47,20,3,UPLOAD,0.9855076450773014,UPLOAD,0.9855076450773014,1,1448,100.0,4,0.0,5792.0,0,4,0.0,1.0,0.44293098022126337,1,0,1,1,1,1,1,1,0.9699999999999999,1.0,1.0,1.0,0.8,skip,attack_already_active,1785296094.942827,1785296094942827059,1384763159525361,28.2,53.27734375,-1.0,0,0
2026-07-28T23:34:54.943,10.42.0.210,10.42.0.1|10.42.0.210|10.42.0.47,20,3,UPLOAD,0.9855086980780915,UPLOAD,0.9855086980780915,1,1448,100.0,5,0.0,7240.0,0,5,0.0,1.0,0.3846960332682527,1,0,1,1,1,1,1,1,0.9699999999999999,1.0,1.0,1.0,0.8,skip,attack_already_active,1785296094.943829,1785296094943829002,1384763160527109,28.2,53.27734375,-1.0,0,0
2026-07-28T23:34:54.944,10.42.0.210,10.42.0.1|10.42.0.210|10.42.0.47,20,3,UPLOAD,0.9855087254685951,UPLOAD,0.9855087254685951,1,1448,100.0,6,0.0,8688.0,0,6,0.0,1.0,0.3340965419348385,1,0,1,1,1,1,1,1,0.9699999999999999,1.0,1.0,1.0,0.8,skip,attack_already_active,1785296094.9445395,1785296094944539698,1384763161237721,28.2,53.27734375,-1.0,0,0
2026-07-28T23:34:54.946,10.42.0.210,10.42.0.1|10.42.0.210|10.42.0.47,20,3,UPLOAD,0.9855087261493067,UPLOAD,0.9855087261493067,1,1448,100.0,7,0.0,10136.0,0,7,0.0,1.0,0.2902716853827262,1,0,1,1,1,1,1,1,0.9699999999999999,1.0,1.0,1.0,0.8,skip,attack_already_active,1785296094.9460614,1785296094946061419,1384763162760703,28.2,53.27734375,-1.0,0,0
2026-07-28T23:34:54.947,10.42.0.210,10.42.0.1|10.42.0.210|10.42.0.47,20,3,UPLOAD,0.9855087261653082,UPLOAD,0.9855087261653082,1,1448,100.0,8,0.0,11584.0,0,8,0.0,1.0,0.2521561949033766,1,0,1,1,1,1,1,1,0.9699999999999999,1.0,1.0,1.0,0.8,skip,attack_already_active,1785296094.9470851,1785296094947085024,1384763163784854,28.2,53.27734375,-1.0,0,0
2026-07-28T23:34:54.948,10.42.0.210,10.42.0.1|10.42.0.210|10.42.0.47,20,3,UPLOAD,0.985508726165656,UPLOAD,0.985508726165656,1,1448,100.0,9,0.0,13032.0,0,9,0.0,1.0,0.21912769593685896,1,0,1,1,1,1,1,1,0.9699999999999999,1.0,1.0,1.0,0.8,skip,attack_already_active,1785296094.9485972,1785296094948597131,1384763165295640,28.2,53.27734375,-1.0,0,0
2026-07-28T23:34:54.949,10.42.0.210,10.42.0.1|10.42.0.210|10.42.0.47,20,3,UPLOAD,0.9855087261656625,UPLOAD,0.9855087261656625,1,1448,100.0,10,0.0,14480.0,0,10,0.0,1.0,0.19035508962544356,1,0,1,1,1,1,1,1,0.9699999999999999,1.0,1.0,1.0,0.8,skip,attack_already_active,1785296094.9493775,1785296094949377523,1384763166076015,28.2,53.27734375,-1.0,0,0
2026-07-28T23:34:54.950,10.42.0.210,10.42.0.1|10.42.0.210|10.42.0.47,20,3,UPLOAD,0.9855087261656628,UPLOAD,0.9855087261656628,1,1448,100.0,11,0.0,15928.0,0,11,0.0,1.0,0.1654351166455625,1,0,1,1,1,1,1,1,0.9699999999999999,1.0,1.0,1.0,0.8,skip,attack_already_active,1785296094.9506218,1785296094950622012,1384763167320391,28.2,53.27734375,-1.0,0,0
2026-07-28T23:34:54.951,10.42.0.210,10.42.0.1|10.42.0.210|10.42.0.47,20,3,UPLOAD,0.95,UPLOAD,0.95,1,1448,100.0,12,0.0,17376.0,0,12,0.0,1.0,0.14373238622377407,1,0,1,1,1,1,1,1,0.9699999999999999,1.0,1.0,1.0,0.8,skip,attack_already_active,1785296094.951361,1785296094951361089,1384763168059423,28.2,53.27734375,-1.0,0,0
2026-07-28T23:34:54.952,10.42.0.210,10.42.0.1|10.42.0.210|10.42.0.47,20,3,UPLOAD,0.95,UPLOAD,0.95,1,1448,100.0,13,0.0,18824.0,0,13,0.0,1.0,0.12492134748342795,1,0,1,1,1,1,1,1,0.9699999999999999,1.0,1.0,1.0,0.8,skip,attack_already_active,1785296094.9523416,1785296094952341594,1384763169040244,28.2,53.27734375,-1.0,0,0
2026-07-28T23:34:54.953,10.42.0.210,10.42.0.1|10.42.0.210|10.42.0.47,20,3,UPLOAD,0.95,UPLOAD,0.95,1,1448,100.0,14,0.0,20272.0,0,14,0.0,1.0,0.10855151665494608,1,0,1,1,1,1,1,1,0.9699999999999999,1.0,1.0,1.0,0.8,skip,attack_already_active,1785296094.9530368,1785296094953036827,1384763169735162,28.2,53.27734375,-1.0,0,0
2026-07-28T23:34:54.954,10.42.0.210,10.42.0.1|10.42.0.210|10.42.0.47,20,3,UPLOAD,0.95,UPLOAD,0.95,1,1448,100.0,15,0.0,21720.0,0,15,0.0,1.0,0.0944308019741846,1,0,1,1,1,1,1,1,0.9699999999999999,1.0,1.0,1.0,0.8,skip,attack_already_active,1785296094.95443,1785296094954430305,1384763171129091,28.2,53.27734375,-1.0,0,0
2026-07-28T23:34:54.955,10.42.0.210,10.42.0.1|10.42.0.210|10.42.0.47,20,3,UPLOAD,0.95,UPLOAD,0.95,1,1448,100.0,16,0.0,23168.0,0,16,0.0,1.0,0.08219301771139823,1,0,1,1,1,1,1,1,0.9699999999999999,1.0,1.0,1.0,0.8,skip,attack_already_active,1785296094.9559917,1785296094955991699,1384763172690426,28.2,53.27734375,-1.0,0,0
2026-07-28T23:34:54.957,10.42.0.210,10.42.0.1|10.42.0.210|10.42.0.47,20,3,UPLOAD,0.95,UPLOAD,0.95,1,1448,100.0,17,0.0,24616.0,0,17,0.0,1.0,0.07156927475564996,1,0,1,1,1,1,1,1,0.9699999999999999,1.0,1.0,1.0,0.8,skip,attack_already_active,1785296094.957564,1785296094957564263,1384763174263210,28.2,53.27734375,-1.0,0,0
2026-07-28T23:34:54.958,10.42.0.210,10.42.0.1|10.42.0.210|10.42.0.47,20,3,UPLOAD,0.95,UPLOAD,0.95,1,1448,100.0,18,0.0,26064.0,0,18,0.0,1.0,0.06230063713817345,1,0,1,1,1,1,1,1,0.9699999999999999,1.0,1.0,1.0,0.8,skip,attack_already_active,1785296094.9587963,1785296094958796228,1384763175495454,28.2,53.27734375,-1.0,0,0
2026-07-28T23:34:54.960,10.42.0.210,10.42.0.1|10.42.0.210|10.42.0.47,20,3,UPLOAD,0.95,UPLOAD,0.95,1,1448,100.0,19,0.0,27512.0,0,19,0.0,1.0,0.054300558376502994,1,0,1,1,1,1,1,1,0.9699999999999999,1.0,1.0,1.0,0.8,skip,attack_already_active,1785296094.9603865,1785296094960386591,1384763177085194,28.2,53.27734375,-1.0,0,0
2026-07-28T23:34:54.961,10.42.0.210,10.42.0.1|10.42.0.210|10.42.0.47,20,3,UPLOAD,0.95,UPLOAD,0.95,1,1448,100.0,20,0.0,28960.0,0,20,0.0,1.0,0.04724280809189653,1,0,1,1,1,1,1,1,0.9699999999999999,1.0,1.0,1.0,0.8,skip,attack_already_active,1785296094.9611278,1785296094961127738,1384763177826028,28.2,53.27734375,-1.0,0,0
2026-07-28T23:34:54.962,10.42.0.210,10.42.0.1|10.42.0.210|10.42.0.47,20,3,UPLOAD,0.95,UPLOAD,0.95,1,1448,100.0,21,0.0,30408.0,0,21,0.0,1.0,0.04115037093372771,1,0,1,1,1,1,1,1,0.9699999999999999,1.0,1.0,1.0,0.8,skip,attack_already_active,1785296094.9621367,1785296094962136912,1384763178835138,28.2,53.27734375,-1.0,0,0
2026-07-28T23:34:54.962,10.42.0.210,10.42.0.1|10.42.0.210|10.42.0.47,20,3,UPLOAD,0.95,UPLOAD,0.95,1,1448,100.0,22,0.0,31856.0,0,22,0.0,1.0,0.03581866202034063,1,0,1,1,1,1,1,1,0.9699999999999999,1.0,1.0,1.0,0.8,skip,attack_already_active,1785296094.9628263,1785296094962826240,1384763179524793,28.2,53.27734375,-1.0,0,0
2026-07-28T23:34:54.963,10.42.0.210,10.42.0.1|10.42.0.210|10.42.0.47,20,3,UPLOAD,0.95,UPLOAD,0.95,1,1448,100.0,23,0.0,33304.0,0,23,0.0,1.0,0.031228085466680842,1,0,1,1,1,1,1,1,0.9699999999999999,1.0,1.0,1.0,0.8,skip,attack_already_active,1785296094.9638083,1785296094963808155,1384763180506293,28.2,53.27734375,-1.0,0,0
2026-07-28T23:34:54.964,10.42.0.210,10.42.0.1|10.42.0.210|10.42.0.47,20,3,UPLOAD,0.95,UPLOAD,0.95,1,1448,100.0,24,0.0,34752.0,0,24,0.0,1.0,0.027203314935203587,1,0,1,1,1,1,1,1,0.9699999999999999,1.0,1.0,1.0,0.8,skip,attack_already_active,1785296094.9644935,1785296094964493453,1384763181191610,28.2,53.27734375,-1.0,0,0
2026-07-28T23:34:54.965,10.42.0.210,10.42.0.1|10.42.0.210|10.42.0.47,20,3,UPLOAD,0.95,UPLOAD,0.95,1,1448,100.0,25,0.0,36200.0,0,25,0.0,1.0,0.023797849292942118,1,0,1,1,1,1,1,1,0.9699999999999999,1.0,1.0,1.0,0.8,skip,attack_already_active,1785296094.9658537,1785296094965853727,1384763182552367,28.2,53.27734375,-1.0,0,0
2026-07-28T23:34:54.967,10.42.0.210,10.42.0.1|10.42.0.210|10.42.0.47,20,3,UPLOAD,0.95,UPLOAD,0.95,1,1448,100.0,26,0.0,37648.0,0,26,0.0,1.0,0.020924896082636788,1,0,1,1,1,1,1,1,0.9699999999999999,1.0,1.0,1.0,0.8,skip,attack_already_active,1785296094.9678495,1785296094967849572,1384763184550627,28.2,53.27734375,-1.0,0,0
2026-07-28T23:34:54.969,10.42.0.210,10.42.0.1|10.42.0.210|10.42.0.47,20,3,UPLOAD,0.95,UPLOAD,0.95,1,1448,100.0,27,0.0,39096.0,0,27,0.0,1.0,0.01837783763881071,1,0,1,1,1,1,1,1,0.9699999999999999,1.0,1.0,1.0,0.8,skip,attack_already_active,1785296094.9694455,1785296094969445295,1384763186143906,28.2,53.27734375,-1.0,0,0
2026-07-28T23:34:54.970,10.42.0.210,10.42.0.1|10.42.0.210|10.42.0.47,20,3,UPLOAD,0.95,UPLOAD,0.95,1,1448,100.0,28,0.0,40544.0,0,28,0.0,1.0,0.016122400576654844,1,0,1,1,1,1,1,1,0.9699999999999999,1.0,1.0,1.0,0.8,skip,attack_already_active,1785296094.9707074,1785296094970707571,1384763187406371,28.2,53.27734375,-1.0,0,0
2026-07-28T23:34:54.972,10.42.0.210,10.42.0.1|10.42.0.210|10.42.0.47,20,3,UPLOAD,0.95,UPLOAD,0.95,1,1448,100.0,29,0.0,41992.0,0,29,0.0,1.0,0.014170361779125592,1,0,1,1,1,1,1,1,0.9699999999999999,1.0,1.0,1.0,0.8,skip,attack_already_active,1785296094.9720163,1785296094972016261,1384763188714582,28.2,53.27734375,-1.0,0,0
2026-07-28T23:34:54.972,10.42.0.210,10.42.0.1|10.42.0.210|10.42.0.47,20,3,UPLOAD,0.95,UPLOAD,0.95,1,1448,100.0,30,0.0,43440.0,0,30,0.0,1.0,0.01239462042456563,1,0,1,1,1,1,1,1,0.9699999999999999,1.0,1.0,1.0,0.8,skip,attack_already_active,1785296094.972711,1785296094972711167,1384763189409415,28.2,53.27734375,-1.0,0,0
2026-07-28T23:34:54.973,10.42.0.210,10.42.0.1|10.42.0.210|10.42.0.47,20,3,UPLOAD,0.95,UPLOAD,0.95,1,1448,100.0,31,0.0,44888.0,0,31,0.0,1.0,0.010886775906364344,1,0,1,1,1,1,1,1,0.9699999999999999,1.0,1.0,1.0,0.8,skip,attack_already_active,1785296094.973663,1785296094973662891,1384763190361134,28.2,53.27734375,-1.0,0,0
2026-07-28T23:34:54.974,10.42.0.210,10.42.0.1|10.42.0.210|10.42.0.47,20,3,UPLOAD,0.95,UPLOAD,0.95,1,1448,100.0,32,0.0,46336.0,0,32,0.0,1.0,0.009536375645209106,1,0,1,1,1,1,1,1,0.9699999999999999,1.0,1.0,1.0,0.8,skip,attack_already_active,1785296094.974302,1785296094974301880,1384763191008488,28.2,53.27734375,-1.0,0,0
2026-07-28T23:34:54.975,10.42.0.210,10.42.0.1|10.42.0.210|10.42.0.47,20,3,UPLOAD,0.95,UPLOAD,0.95,1,1448,100.0,33,0.0,47784.0,0,33,0.0,1.0,0.008406714271071297,1,0,1,1,1,1,1,1,0.9699999999999999,1.0,1.0,1.0,0.8,skip,attack_already_active,1785296094.9752657,1785296094975265834,1384763191964002,28.2,53.27734375,-1.0,0,0
2026-07-28T23:34:54.975,10.42.0.210,10.42.0.1|10.42.0.210|10.42.0.47,20,3,UPLOAD,0.95,UPLOAD,0.95,1,1448,100.0,34,0.0,49232.0,0,34,0.0,1.0,0.007385353455661577,1,0,1,1,1,1,1,1,0.9699999999999999,1.0,1.0,1.0,0.8,skip,attack_already_active,1785296094.9759216,1785296094975921790,1384763192619817,28.2,53.27734375,-1.0,0,0
2026-07-28T23:34:54.976,10.42.0.210,10.42.0.1|10.42.0.210|10.42.0.47,20,3,UPLOAD,0.95,UPLOAD,0.95,1,1448,100.0,35,0.0,50680.0,0,35,0.0,1.0,0.006497670812176225,1,0,1,1,1,1,1,1,0.9699999999999999,1.0,1.0,1.0,0.8,skip,attack_already_active,1785296094.9765706,1785296094976570512,1384763193268602,28.2,53.27734375,-1.0,0,0
2026-07-28T23:34:54.977,10.42.0.210,10.42.0.1|10.42.0.210|10.42.0.47,20,3,UPLOAD,0.95,UPLOAD,0.95,1,1448,100.0,36,0.0,52128.0,0,36,0.0,1.0,0.005725925300594972,1,0,1,1,1,1,1,1,0.9699999999999999,1.0,1.0,1.0,0.8,skip,attack_already_active,1785296094.9772117,1785296094977211750,1384763193909961,28.2,53.27734375,-1.0,0,0
2026-07-28T23:34:54.977,10.42.0.210,10.42.0.1|10.42.0.210|10.42.0.47,20,3,UPLOAD,0.95,UPLOAD,0.95,1,1448,100.0,37,0.0,53576.0,0,37,0.0,1.0,0.0050583895423703526,1,0,1,1,1,1,1,1,0.9699999999999999,1.0,1.0,1.0,0.8,skip,attack_already_active,1785296094.977872,1785296094977871919,1384763194569936,28.2,53.27734375,-1.0,0,0
2026-07-28T23:34:54.978,10.42.0.210,10.42.0.1|10.42.0.210|10.42.0.47,20,3,UPLOAD,0.95,UPLOAD,0.95,1,1448,100.0,38,0.0,55024.0,0,38,0.0,1.0,0.004487332091598859,1,0,1,1,1,1,1,1,0.9699999999999999,1.0,1.0,1.0,0.8,skip,attack_already_active,1785296094.9785967,1785296094978596520,1384763195294696,28.2,53.27734375,-1.0,0,0
2026-07-28T23:34:54.979,10.42.0.210,10.42.0.1|10.42.0.210|10.42.0.47,20,3,UPLOAD,0.95,UPLOAD,0.95,1,1448,100.0,39,0.0,56472.0,0,39,0.0,1.0,0.003984864926948606,1,0,1,1,1,1,1,1,0.9699999999999999,1.0,1.0,1.0,0.8,skip,attack_already_active,1785296094.979271,1785296094979271007,1384763195969185,28.2,53.27734375,-1.0,0,0
2026-07-28T23:34:54.979,10.42.0.210,10.42.0.1|10.42.0.210|10.42.0.47,20,3,UPLOAD,0.95,UPLOAD,0.95,1,1448,100.0,40,0.0,57920.0,0,40,0.0,1.0,0.0035475419116285933,1,0,1,1,1,1,1,1,0.9699999999999999,1.0,1.0,1.0,0.8,skip,attack_already_active,1785296094.979937,1785296094979937101,1384763196635312,28.2,53.27734375,-1.0,0,0
2026-07-28T23:34:54.982,10.42.0.1,10.42.0.1|10.42.0.210|10.42.0.47,20,3,UPLOAD,0.9780767416933649,UPLOAD,0.9780767416933649,1,7240,100.0,11,0.0,86768.0,0,11,0.0,1.0,0.21238775224257087,1,0,1,1,1,1,1,1,0.9699999999999999,1.0,1.0,1.0,0.8,skip,attack_already_active,1785296094.9821599,1785296094982159928,1384763198858482,28.2,53.27734375,-1.0,0,0
2026-07-28T23:34:54.982,10.42.0.1,10.42.0.1|10.42.0.210|10.42.0.47,20,3,UPLOAD,0.9775949803980438,UPLOAD,0.9775949803980438,1,7240,100.0,12,0.0,94008.0,0,12,0.0,1.0,0.18449066860352117,1,0,1,1,1,1,1,1,0.9699999999999999,1.0,1.0,1.0,0.8,skip,attack_already_active,1785296094.9828444,1785296094982844362,1384763199543185,55.5,53.28515625,-1.0,0,0
2026-07-28T23:34:54.985,10.42.0.1,10.42.0.1|10.42.0.210|10.42.0.47,20,3,UPLOAD,0.9776599102057494,UPLOAD,0.9776599102057494,1,1448,100.0,13,0.0,95456.0,0,13,0.0,1.0,0.1604921441115301,1,0,1,1,1,1,1,1,0.9699999999999999,1.0,1.0,1.0,0.8,skip,attack_already_active,1785296094.9852169,1785296094985216744,1384763201915900,55.5,53.28515625,-1.0,0,0
2026-07-28T23:34:55.048,10.42.0.1,10.42.0.1|10.42.0.210|10.42.0.47,20,3,UPLOAD,0.9779384599671549,UPLOAD,0.9779384599671549,1,14480,100.0,14,0.0,109936.0,0,14,0.0,1.0,0.1476505048066877,1,0,1,1,1,1,1,1,0.9699999999999999,1.0,1.0,1.0,0.8,skip,attack_already_active,1785296095.0482574,1785296095048257167,1384763264956259,55.5,53.28515625,-1.0,0,0
2026-07-28T23:34:55.049,10.42.0.1,10.42.0.1|10.42.0.210|10.42.0.47,20,3,UPLOAD,0.9781185811520436,UPLOAD,0.9781185811520436,1,14480,100.0,15,0.0,124416.0,0,15,0.0,1.0,0.12834939166857592,1,0,1,1,1,1,1,1,0.9699999999999999,1.0,1.0,1.0,0.8,skip,attack_already_active,1785296095.049437,1785296095049436898,1384763266135590,55.5,53.28515625,-1.0,0,0
2026-07-28T23:34:55.050,10.42.0.1,10.42.0.1|10.42.0.210|10.42.0.47,20,3,UPLOAD,0.9769475653049048,UPLOAD,0.9769475653049048,0,43,100.0,15,0.0,124416.0,0,15,0.0,1.0,0.2311109356922466,1,0,1,1,1,1,1,1,0.8374999999999999,0.8500000000000001,1.0,0.6000000000000001,0.8,skip,attack_already_active,1785296095.050511,1785296095050510954,1384763267209400,55.5,53.28515625,-1.0,0,0
2026-07-28T23:34:55.053,10.42.0.1,10.42.0.1|10.42.0.210|10.42.0.47,20,3,UPLOAD,0.9780663366710516,UPLOAD,0.9780663366710516,1,15928,100.0,16,0.0,140344.0,0,16,0.0,1.0,0.2012266107841441,1,0,1,1,1,1,1,1,0.9699999999999999,1.0,1.0,1.0,0.8,skip,attack_already_active,1785296095.053764,1785296095053764087,1384763270462604,55.5,53.28515625,-1.0,0,0
2026-07-28T23:34:55.055,10.42.0.1,10.42.0.1|10.42.0.210|10.42.0.47,20,3,UPLOAD,0.9782152903231729,UPLOAD,0.9782152903231729,1,13032,100.0,17,0.0,153376.0,0,17,0.0,1.0,0.1749311344427481,1,0,1,1,1,1,1,1,0.9699999999999999,1.0,1.0,1.0,0.8,skip,attack_already_active,1785296095.0554416,1785296095055441649,1384763272140178,55.5,53.28515625,-1.0,0,0
2026-07-28T23:34:55.057,10.42.0.1,10.42.0.1|10.42.0.210|10.42.0.47,20,3,UPLOAD,0.9781886644535086,UPLOAD,0.9781886644535086,1,5681,100.0,18,0.0,159057.0,0,18,0.0,1.0,0.15215951263584857,1,0,1,1,1,1,1,1,0.9699999999999999,1.0,1.0,1.0,0.8,skip,attack_already_active,1785296095.0575652,1785296095057565264,1384763274263862,55.5,53.28515625,-1.0,0,0
2026-07-28T23:34:55.346,10.42.0.1,,21,1,DOWNLOAD,0.9714499661425717,DOWNLOAD,0.9714499661425717,-1,1448,54.923342504196576,9,1448.0,79529.0,1,8,0.017881620707114364,0.9821183792928856,0.17108492436311465,0,0,0,0,1,0,0,0,0.44,0.8500000000000001,0.0,0.6000000000000001,0.15,skip,training_upload_trigger_not_confirmed,1785296095.34629,1785296095346290221,1384763562988955,55.5,53.28515625,-1.0,0,0
2026-07-28T23:34:55.350,10.42.0.1,,21,1,DOWNLOAD,0.95,DOWNLOAD,0.95,-1,5792,10.984668506908193,10,7240.0,79529.0,2,8,0.08343993822678607,0.9165600617732139,0.14904932537465063,0,0,0,0,1,0,0,0,0.44,0.8500000000000001,0.0,0.6000000000000001,0.15,skip,training_upload_trigger_not_confirmed,1785296095.350153,1785296095350152877,1384763566851866,55.5,53.28515625,-1.0,0,0
2026-07-28T23:34:55.350,10.42.0.1,,21,1,DOWNLOAD,0.95,DOWNLOAD,0.95,-1,7240,5.492334253833402,11,14480.0,79529.0,3,8,0.15402780584837622,0.8459721941516238,0.1295109449427532,0,0,0,0,1,0,0,0,0.44,0.8500000000000001,0.0,0.6000000000000001,0.15,skip,training_upload_trigger_not_confirmed,1785296095.350931,1785296095350930898,1384763567629148,55.5,53.28515625,-1.0,0,0
2026-07-28T23:34:55.352,10.42.0.1,,21,1,DOWNLOAD,0.95,DOWNLOAD,0.95,-1,7240,3.6615561693065577,12,21720.0,79529.0,4,8,0.21452063724086165,0.7854793627591383,0.11263579009389782,0,0,0,0,1,0,0,0,0.4,0.8500000000000001,0.0,0.4,0.15,skip,training_upload_trigger_not_confirmed,1785296095.352381,1785296095352381035,1384763569079304,55.5,53.28515625,-1.0,0,0
2026-07-28T23:34:55.353,10.42.0.1,,21,1,DOWNLOAD,0.95,DOWNLOAD,0.95,-1,7240,2.7461671270115273,13,28960.0,79529.0,5,8,0.266939505387643,0.733060494612357,0.09788774105500712,0,0,0,0,1,0,0,0,0.4,0.8500000000000001,0.0,0.4,0.15,skip,training_upload_trigger_not_confirmed,1785296095.353098,1785296095353098109,1384763569796408,55.5,53.28515625,-1.0,0,0
2026-07-28T23:34:55.355,10.42.0.1,,21,1,DOWNLOAD,0.95,DOWNLOAD,0.95,-1,7240,2.1969337016243937,14,36200.0,79529.0,6,8,0.31279973040465225,0.6872002695953477,0.0852503750159621,0,0,0,0,1,0,0,0,0.4,0.8500000000000001,0.0,0.4,0.15,skip,training_upload_trigger_not_confirmed,1785296095.3550842,1785296095355084374,1384763571783430,55.5,53.28515625,-1.0,0,0
2026-07-28T23:34:55.356,10.42.0.1,,21,1,DOWNLOAD,0.95,DOWNLOAD,0.95,-1,7240,1.8307780846954238,15,43440.0,79529.0,7,8,0.35325976465613285,0.6467402353438672,0.07417615294087165,0,0,0,0,1,0,0,0,0.32,0.8500000000000001,0.0,0.0,0.15,skip,training_upload_trigger_not_confirmed,1785296095.3562953,1785296095356295497,1384763572994356,55.5,53.28515625,-1.0,0,0
2026-07-28T23:34:55.359,10.42.0.1,,21,1,DOWNLOAD,0.95,DOWNLOAD,0.95,-1,7240,1.569238358315524,16,50680.0,79529.0,8,8,0.3892204071915152,0.6107795928084848,0.06476685801410068,0,0,0,0,1,0,0,0,0.32,0.8500000000000001,0.0,0.0,0.15,skip,training_upload_trigger_not_confirmed,1785296095.359067,1785296095359066834,1384763575766059,55.5,53.28515625,-1.0,0,0
2026-07-28T23:34:55.360,10.42.0.1,,21,1,DOWNLOAD,0.95,DOWNLOAD,0.95,-1,7240,1.37308356352947,17,57920.0,79529.0,9,8,0.42139266200554387,0.5786073379944561,0.056402742376950595,0,0,0,0,1,0,0,0,0.32,0.8500000000000001,0.0,0.0,0.15,skip,training_upload_trigger_not_confirmed,1785296095.3603609,1785296095360360882,1384763577060171,55.5,53.28515625,-1.0,0,0
2026-07-28T23:34:55.361,10.42.0.1,,21,1,DOWNLOAD,0.95,DOWNLOAD,0.95,-1,10136,1.1685817561982987,18,68056.0,79529.0,10,8,0.46113087373378053,0.5388691262662194,0.04913967260542587,0,0,0,0,1,0,0,0,0.30250000000000005,0.8000000000000002,0.0,0.0,0.15,skip,training_upload_trigger_not_confirmed,1785296095.3616462,1785296095361646104,1384763578345374,55.5,53.28515625,-1.0,0,0
2026-07-28T23:34:55.362,10.42.0.1,,21,1,DOWNLOAD,0.95,DOWNLOAD,0.95,-1,10136,1.0170989359523084,19,78192.0,79529.0,11,8,0.495761502907032,0.504238497092968,0.0428116977576838,0,0,0,0,1,0,0,0,0.30250000000000005,0.8000000000000002,0.0,0.0,0.15,skip,training_upload_trigger_not_confirmed,1785296095.3627646,1785296095362764538,1384763579463007,55.5,53.28515625,-1.0,0,0
2026-07-28T23:34:55.363,10.42.0.1,,21,1,DOWNLOAD,0.95,DOWNLOAD,0.95,-1,14480,0.8581772272114752,20,92672.0,79529.0,12,8,0.538161799292687,0.46183820070731296,0.037315797637552314,0,0,0,0,1,0,0,0,0.30250000000000005,0.8000000000000002,0.0,0.0,0.15,skip,training_upload_trigger_not_confirmed,1785296095.3638694,1785296095363869443,1384763580567947,55.5,53.28515625,-1.0,0,0
2026-07-28T23:34:55.365,10.42.0.1,,21,1,DOWNLOAD,0.95,DOWNLOAD,0.95,-1,10136,0.7735682048111667,21,102808.0,79529.0,13,8,0.5638350965519889,0.4361649034480111,0.03255190837170008,0,0,0,0,1,0,0,0,0.28500000000000003,0.7500000000000001,0.0,0.0,0.15,skip,training_upload_trigger_not_confirmed,1785296095.3650334,1785296095365033414,1384763581731995,55.5,53.28515625,-1.0,0,0
2026-07-28T23:34:55.366,10.42.0.1,,21,1,DOWNLOAD,0.95,DOWNLOAD,0.95,-1,4344,0.7422073316434391,22,107152.0,79529.0,14,8,0.5739844976189329,0.42601550238106717,0.028411568140682596,0,0,0,0,1,0,0,0,0.28500000000000003,0.7500000000000001,0.0,0.0,0.15,skip,training_upload_trigger_not_confirmed,1785296095.3661654,1785296095366165481,1384763582865033,55.5,53.28515625,-1.0,0,0
2026-07-28T23:34:55.367,10.42.0.1,,21,1,DOWNLOAD,0.95,DOWNLOAD,0.95,-1,4344,0.7132901628783697,23,111496.0,79529.0,15,8,0.5836722942023296,0.4163277057976705,0.024857850275190198,0,0,0,0,1,0,0,0,0.28500000000000003,0.7500000000000001,0.0,0.0,0.15,skip,training_upload_trigger_not_confirmed,1785296095.3676088,1785296095367608877,1384763584308091,55.5,53.28515625,-1.0,0,0
2026-07-28T23:34:55.368,10.42.0.1,,21,1,DOWNLOAD,0.95,DOWNLOAD,0.95,-1,14480,0.6313027878355297,24,125976.0,79529.0,16,8,0.6130069827984721,0.38699301720152796,0.021752691515192785,0,0,0,0,1,0,0,0,0.28500000000000003,0.7500000000000001,0.0,0.0,0.15,skip,training_upload_trigger_not_confirmed,1785296095.3689024,1785296095368902327,1384763585600966,55.5,53.28515625,-1.0,0,0
2026-07-28T23:34:55.369,10.42.0.1,,21,1,DOWNLOAD,0.95,DOWNLOAD,0.95,-1,5792,0.6035532147440686,25,131768.0,79529.0,17,8,0.6236151010189449,0.3763848989810551,0.01902557867701942,0,0,0,0,1,0,0,0,0.28500000000000003,0.7500000000000001,0.0,0.0,0.15,skip,training_upload_trigger_not_confirmed,1785296095.3699598,1785296095369959917,1384763586658563,55.5,53.28515625,-1.0,0,0
2026-07-28T23:34:55.371,10.42.0.1,,21,1,DOWNLOAD,0.95,DOWNLOAD,0.95,-1,4344,0.584290878103442,26,136112.0,79529.0,18,8,0.6311972213076363,0.3688027786923637,0.016725848532106215,0,0,0,0,1,0,0,0,0.28500000000000003,0.7500000000000001,0.0,0.0,0.15,skip,training_upload_trigger_not_confirmed,1785296095.3715334,1785296095371533201,1384763588232688,55.5,53.28515625,-1.0,0,0
2026-07-28T23:34:55.373,10.42.0.1,,21,1,DOWNLOAD,0.95,DOWNLOAD,0.95,-1,20272,0.508549467979406,27,156384.0,79529.0,19,8,0.6628884376867744,0.33711156231322564,0.014835732203015517,0,0,0,0,1,0,0,0,0.28500000000000003,0.7500000000000001,0.0,0.0,0.15,skip,training_upload_trigger_not_confirmed,1785296095.3739157,1785296095373915552,1384763590615376,55.5,53.28515625,-1.0,0,0
2026-07-28T23:34:55.375,10.42.0.1,,21,1,DOWNLOAD,0.95,DOWNLOAD,0.95,-1,18824,0.45391192183317014,28,175208.0,79529.0,20,8,0.6877995736779502,0.3122004263220498,0.013030277267871308,0,0,0,0,1,0,0,0,0.28500000000000003,0.7500000000000001,0.0,0.0,0.15,skip,training_upload_trigger_not_confirmed,1785296095.3750503,1785296095375050300,1384763591749637,55.5,53.28515625,-1.0,0,0
2026-07-28T23:34:55.376,10.42.0.1,,21,1,DOWNLOAD,0.95,DOWNLOAD,0.95,-1,9680,0.4301468997477924,29,184888.0,79529.0,21,8,0.6992288695507475,0.3007711304492525,0.011456514536366822,0,0,0,0,1,0,0,0,0.28500000000000003,0.7500000000000001,0.0,0.0,0.15,skip,training_upload_trigger_not_confirmed,1785296095.3761377,1785296095376137618,1384763592836472,55.5,53.28515625,-1.0,0,0
2026-07-28T23:34:55.377,10.42.0.59,,7,1,DOWNLOAD,0.95,DOWNLOAD,0.95,-1,7300,1.3698630135109776e-10,1,7300.0,0.0,1,0,1.0,0.0,0.9386357161270683,0,0,0,0,0,0,0,0,0.0225,0.0,0.0,0.0,0.15,skip,already_attacked_this_round,1785296095.3770237,1785296095377023670,1384763593723053,55.5,53.28515625,-1.0,0,0
2026-07-28T23:34:55.377,10.42.0.59,,7,1,DOWNLOAD,0.95,DOWNLOAD,0.95,-1,7300,6.84931506802402e-11,2,14600.0,0.0,2,0,1.0,0.0,0.8150672881067554,0,0,0,0,0,0,0,0,0.0225,0.0,0.0,0.0,0.15,skip,already_attacked_this_round,1785296095.3779328,1785296095377932866,1384763594631820,55.5,53.28515625,-1.0,0,0
2026-07-28T23:34:55.378,10.42.0.1,,21,1,DOWNLOAD,0.95,DOWNLOAD,0.95,-1,16920,0.39408249425496467,30,201808.0,79529.0,22,8,0.7173176652910922,0.2826823347089078,0.010300347922257858,0,0,0,0,1,0,0,0,0.28500000000000003,0.7500000000000001,0.0,0.0,0.15,skip,training_upload_trigger_not_confirmed,1785296095.3788204,1785296095378820390,1384763595519663,55.5,53.28515625,-1.0,0,0
2026-07-28T23:34:55.379,10.42.0.210,,21,1,DOWNLOAD,0.9836189092182085,DOWNLOAD,0.9836189092182085,-1,7240,7.9999999990331485,41,7240.0,57920.0,1,40,0.1111111111111111,0.8888888888888888,0.04624375900793231,0,0,0,0,0,0,0,0,0.057499999999999996,0.1,0.0,0.0,0.15,skip,training_upload_trigger_not_confirmed,1785296095.3796697,1785296095379669698,1384763596368275,55.5,53.28515625,-1.0,0,0
2026-07-28T23:34:55.380,10.42.0.210,,21,1,DOWNLOAD,0.95,DOWNLOAD,0.95,-1,7240,3.9999999997928177,42,14480.0,57920.0,2,40,0.2,0.8,0.04025774277436261,0,0,0,0,0,0,0,0,0.057499999999999996,0.1,0.0,0.0,0.15,skip,training_upload_trigger_not_confirmed,1785296095.3804872,1785296095380487042,1384763597185444,55.5,53.28515625,-1.0,0,0
2026-07-28T23:34:55.381,10.42.0.1,,21,1,DOWNLOAD,0.95,DOWNLOAD,0.95,-1,15472,0.36602080265387504,31,217280.0,79529.0,23,8,0.7320532733171837,0.2679467266828162,0.009256100250720713,0,0,0,0,1,0,0,0,0.28500000000000003,0.7500000000000001,0.0,0.0,0.15,skip,training_upload_trigger_not_confirmed,1785296095.3811963,1785296095381196249,1384763597894472,55.5,53.28515625,-1.0,0,0
2026-07-28T23:34:55.382,10.42.0.18,,19,1,DOWNLOAD,0.95,DOWNLOAD,0.95,-1,7300,1.3698630135109776e-10,1,7300.0,0.0,1,0,1.0,0.0,0.7153602444485629,0,0,0,0,0,0,0,0,0.0225,0.0,0.0,0.0,0.15,skip,training_upload_trigger_not_confirmed,1785296095.3821588,1785296095382158936,1384763598857323,55.5,53.28515625,-1.0,0,0
2026-07-28T23:34:55.383,10.42.0.18,,19,1,DOWNLOAD,0.95,DOWNLOAD,0.95,-1,7300,6.84931506802402e-11,2,14600.0,0.0,2,0,1.0,0.0,0.6212081993727728,0,0,0,0,0,0,0,0,0.0225,0.0,0.0,0.0,0.15,skip,training_upload_trigger_not_confirmed,1785296095.3830252,1785296095383025042,1384763599723847,55.5,53.28515625,-1.0,0,0
2026-07-28T23:34:55.384,10.42.0.1,,21,1,DOWNLOAD,0.95,DOWNLOAD,0.95,-1,16920,0.3395772843751512,32,234200.0,79529.0,24,8,0.7465041484848388,0.2534958515151612,0.008437489544854813,0,0,0,0,1,0,0,0,0.28500000000000003,0.7500000000000001,0.0,0.0,0.15,skip,training_upload_trigger_not_confirmed,1785296095.3842402,1785296095384240050,1384763600939196,55.5,53.28515625,-1.0,0,0
2026-07-28T23:34:55.386,10.42.0.145,,12,1,DOWNLOAD,0.95,DOWNLOAD,0.95,-1,7300,1.3698630135109776e-10,1,7300.0,0.0,1,0,1.0,0.0,1.192012324690284,0,0,0,0,0,0,0,0,0.0225,0.0,0.0,0.0,0.15,skip,already_attacked_this_round,1785296095.3862262,1785296095386226159,1384763602925655,55.5,53.28515625,-1.0,0,0
2026-07-28T23:34:55.387,10.42.0.47,,21,1,DOWNLOAD,0.9842595701722379,DOWNLOAD,0.9842595701722379,-1,1448,6.906077343296907e-10,1,1448.0,0.0,1,0,1.0,0.0,0.17738896507148544,0,0,0,0,0,0,0,0,0.0225,0.0,0.0,0.0,0.15,skip,training_upload_trigger_not_confirmed,1785296095.387631,1785296095387630855,1384763604330323,55.5,53.28515625,-1.0,0,0
2026-07-28T23:34:55.389,10.42.0.210,,21,1,DOWNLOAD,0.9557926560077417,DOWNLOAD,0.9557926560077417,-1,10136,2.3529411764156265,43,24616.0,57920.0,3,40,0.2982456140350877,0.7017543859649122,0.036122441528550056,0,0,0,0,0,0,0,0,0.057499999999999996,0.1,0.0,0.0,0.15,skip,training_upload_trigger_not_confirmed,1785296095.3893633,1785296095389363102,1384763606063084,55.5,53.28515625,-1.0,0,0
2026-07-28T23:34:55.390,10.42.0.210,,21,1,DOWNLOAD,0.9846998846180315,DOWNLOAD,0.9846998846180315,-1,4344,1.9999999999654696,44,28960.0,57920.0,4,40,0.3333333333333333,0.6666666666666666,0.03150000313678607,0,0,0,0,0,0,0,0,0.057499999999999996,0.1,0.0,0.0,0.15,skip,training_upload_trigger_not_confirmed,1785296095.3904073,1785296095390407376,1384763607106399,55.5,53.28515625,-1.0,0,0
2026-07-28T23:34:55.391,10.42.0.210,,21,1,DOWNLOAD,0.9854895428954357,DOWNLOAD,0.9854895428954357,0,43,1.9999999999654696,44,28960.0,57920.0,4,40,0.3333333333333333,0.6666666666666666,0.07115575826499197,0,0,0,0,0,0,0,0,0.057499999999999996,0.1,0.0,0.0,0.15,skip,training_upload_trigger_not_confirmed,1785296095.3915854,1785296095391585259,1384763608284514,55.5,53.28515625,-1.0,0,0
2026-07-28T23:34:55.393,10.42.0.210,,21,1,DOWNLOAD,0.9855083405864443,DOWNLOAD,0.9855083405864443,-1,14480,1.3333333333256598,45,43440.0,57920.0,5,40,0.42857142857142855,0.5714285714285714,0.06224149142537616,0,0,0,0,0,0,0,0,0.057499999999999996,0.1,0.0,0.0,0.15,skip,training_upload_trigger_not_confirmed,1785296095.3939152,1785296095393915049,1384763610613840,55.5,53.28515625,-1.0,0,0
2026-07-28T23:34:55.395,10.42.0.59,,7,1,DOWNLOAD,0.9383485230146961,DOWNLOAD,0.9383485230146961,0,43,6.84931506802402e-11,2,14600.0,0.0,2,0,1.0,0.0,0.9795206822241487,0,0,0,0,0,0,0,0,0.0225,0.0,0.0,0.0,0.15,skip,already_attacked_this_round,1785296095.395075,1785296095395075127,1384763611774305,55.5,53.28515625,-1.0,0,0
2026-07-28T23:34:55.395,10.42.0.59,,7,1,DOWNLOAD,0.95,DOWNLOAD,0.95,-1,14600,3.424657534129292e-11,3,29200.0,0.0,3,0,1.0,0.0,0.8528243618798084,0,0,0,0,0,0,0,0,0.0225,0.0,0.0,0.0,0.15,skip,already_attacked_this_round,1785296095.3959901,1785296095395990118,1384763612688538,55.5,53.28515625,-1.0,0,0
2026-07-28T23:34:55.396,10.42.0.59,,7,1,DOWNLOAD,0.95,DOWNLOAD,0.95,-1,14600,2.2831050227789245e-11,4,43800.0,0.0,4,0,1.0,0.0,0.7405471224685622,0,0,0,0,0,0,0,0,0.0225,0.0,0.0,0.0,0.15,skip,already_attacked_this_round,1785296095.3967736,1785296095396773749,1384763613471921,55.5,53.28515625,-1.0,0,0
2026-07-28T23:34:55.399,10.42.0.145,,12,1,DOWNLOAD,0.9429353834466232,DOWNLOAD,0.9429353834466232,0,43,1.3698630135109776e-10,1,7300.0,0.0,1,0,1.0,0.0,1.3078965833668783,0,0,0,0,0,0,0,0,0.0225,0.0,0.0,0.0,0.15,skip,already_attacked_this_round,1785296095.3991437,1785296095399143592,1384763615843169,55.5,53.28515625,-1.0,0,0
2026-07-28T23:34:55.400,10.42.0.145,,12,1,DOWNLOAD,0.95,DOWNLOAD,0.95,-1,14600,4.566210045453598e-11,2,21900.0,0.0,2,0,1.0,0.0,1.1374123881940306,0,0,0,0,0,0,0,0,0.0225,0.0,0.0,0.0,0.15,skip,already_attacked_this_round,1785296095.4003654,1785296095400365331,1384763617064390,55.5,53.28515625,-1.0,0,0
2026-07-28T23:34:55.401,10.42.0.145,,12,1,DOWNLOAD,0.95,DOWNLOAD,0.95,-1,14600,2.739726027322199e-11,3,36500.0,0.0,3,0,1.0,0.0,0.9876505525620656,0,0,0,0,0,0,0,0,0.0225,0.0,0.0,0.0,0.15,skip,already_attacked_this_round,1785296095.4012766,1785296095401276627,1384763617975527,55.5,53.28515625,-1.0,0,0
2026-07-28T23:34:55.403,10.42.0.18,,19,1,DOWNLOAD,0.95,DOWNLOAD,0.95,-1,10220,4.029008863657171e-11,3,24820.0,0.0,3,0,1.0,0.0,0.5420295469298094,0,0,0,0,0,0,0,0,0.0225,0.0,0.0,0.0,0.15,skip,training_upload_trigger_not_confirmed,1785296095.4033685,1785296095403368549,1384763620066865,55.5,53.28515625,-1.0,0,0
2026-07-28T23:34:55.404,10.42.0.18,,19,1,DOWNLOAD,0.9465840493829782,DOWNLOAD,0.9465840493829782,0,43,4.029008863657171e-11,3,24820.0,0.0,3,0,1.0,0.0,0.7282974271734997,0,0,0,0,0,0,0,0,0.0225,0.0,0.0,0.0,0.15,skip,training_upload_trigger_not_confirmed,1785296095.404061,1785296095404061241,1384763620759907,55.5,53.28515625,-1.0,0,0
2026-07-28T23:34:55.405,10.42.0.18,,19,1,DOWNLOAD,0.95,DOWNLOAD,0.95,-1,4380,3.424657534129292e-11,4,29200.0,0.0,4,0,1.0,0.0,0.6326564298151853,0,0,0,0,0,0,0,0,0.0225,0.0,0.0,0.0,0.15,skip,training_upload_trigger_not_confirmed,1785296095.4058728,1785296095405872927,1384763622571435,55.5,53.28515625,-1.0,0,0
2026-07-28T23:34:55.407,10.42.0.210,,21,1,DOWNLOAD,0.9855087208476458,DOWNLOAD,0.9855087208476458,-1,18824,0.9302325581406554,46,62264.0,57920.0,6,40,0.5180722891566265,0.4819277108433735,0.05576974983356097,0,0,0,0,0,0,0,0,0.039999999999999994,0.05,0.0,0.0,0.15,skip,training_upload_trigger_not_confirmed,1785296095.4070444,1785296095407044402,1384763623742884,55.5,53.28515625,-1.0,0,0
2026-07-28T23:34:55.407,10.42.0.210,,21,1,DOWNLOAD,0.9855087261970161,DOWNLOAD,0.9855087261970161,-1,1448,0.9090909090923359,47,63712.0,57920.0,7,40,0.5238095238095238,0.47619047619047616,0.04854164656154499,0,0,0,0,0,0,0,0,0.039999999999999994,0.05,0.0,0.0,0.15,skip,training_upload_trigger_not_confirmed,1785296095.407962,1785296095407962109,1384763624660535,55.5,53.28515625,-1.0,0,0
2026-07-28T23:34:55.409,10.42.0.210,,21,1,DOWNLOAD,0.9855087261721334,DOWNLOAD,0.9855087261721334,-1,8688,0.8000000000027625,48,72400.0,57920.0,8,40,0.5555555555555556,0.4444444444444444,0.042299639463863586,0,0,0,0,0,0,0,0,0.039999999999999994,0.05,0.0,0.0,0.15,skip,training_upload_trigger_not_confirmed,1785296095.4091349,1785296095409134914,1384763625833293,55.5,53.28515625,-1.0,0,0
2026-07-28T23:34:55.410,10.42.0.18,,19,1,DOWNLOAD,0.95,DOWNLOAD,0.95,-1,14600,2.2831050227789245e-11,5,43800.0,0.0,5,0,1.0,0.0,0.5498754376601668,0,0,0,0,0,0,0,0,0.0225,0.0,0.0,0.0,0.15,skip,training_upload_trigger_not_confirmed,1785296095.4103272,1785296095410327415,1384763627025917,55.5,53.28515625,-1.0,0,0
2026-07-28T23:34:55.412,10.42.0.18,,19,1,DOWNLOAD,0.951309983217433,DOWNLOAD,0.951309983217433,-1,14600,1.7123287670939668e-11,6,58400.0,0.0,6,0,1.0,0.0,0.4777354411686185,0,0,0,0,0,0,0,0,0.0225,0.0,0.0,0.0,0.15,skip,training_upload_trigger_not_confirmed,1785296095.4127522,1785296095412752119,1384763629450322,55.5,53.28515625,-1.0,0,0
2026-07-28T23:34:55.415,10.42.0.59,,7,1,DOWNLOAD,0.9572732344675959,DOWNLOAD,0.9572732344675959,-1,23360,1.4889815366067752e-11,5,67160.0,0.0,5,0,1.0,0.0,0.6453869085286625,0,0,0,0,0,0,0,0,0.0225,0.0,0.0,0.0,0.15,skip,already_attacked_this_round,1785296095.4151762,1785296095415176117,1384763631874876,55.5,53.28515625,-1.0,0,0
2026-07-28T23:34:55.416,10.42.0.59,,7,1,DOWNLOAD,0.9647788555418493,DOWNLOAD,0.9647788555418493,-1,12024,1.2628813901638856e-11,6,79184.0,0.0,6,0,1.0,0.0,0.5604555312055305,0,0,0,0,0,0,0,0,0.0225,0.0,0.0,0.0,0.15,skip,already_attacked_this_round,1785296095.4160423,1785296095416042135,1384763632741164,76.9,53.28515625,-1.0,0,0
2026-07-28T23:34:55.417,10.42.0.145,,12,1,DOWNLOAD,0.9607305996918688,DOWNLOAD,0.9607305996918688,-1,29200,1.5220700151975332e-11,4,65700.0,0.0,4,0,1.0,0.0,0.8596613982098009,0,0,0,0,0,0,0,0,0.0225,0.0,0.0,0.0,0.15,skip,already_attacked_this_round,1785296095.4176528,1785296095417652766,1384763634351246,76.9,53.28515625,-1.0,0,0
2026-07-28T23:34:55.423,10.42.0.18,,19,1,DOWNLOAD,0.9561764218642882,DOWNLOAD,0.9561764218642882,-1,5840,1.556662515542393e-11,7,64240.0,0.0,7,0,1.0,0.0,0.4161440235979449,0,0,0,0,0,0,0,0,0.0225,0.0,0.0,0.0,0.15,skip,training_upload_trigger_not_confirmed,1785296095.4230874,1785296095423087467,1384763639786172,76.9,53.28515625,-1.0,0,0
2026-07-28T23:34:55.423,10.42.0.18,,19,1,DOWNLOAD,0.9620392017799149,DOWNLOAD,0.9620392017799149,-1,14961,1.2626103205608186e-11,8,79201.0,0.0,8,0,1.0,0.0,0.36142672364154316,0,0,0,0,0,0,0,0,0.0225,0.0,0.0,0.0,0.15,skip,training_upload_trigger_not_confirmed,1785296095.423997,1785296095423996820,1384763640695440,76.9,53.28515625,-1.0,0,0
2026-07-28T23:34:55.428,10.42.0.47,,21,1,DOWNLOAD,0.9829981496648164,DOWNLOAD,0.9829981496648164,0,43,6.906077343296907e-10,1,1448.0,0.0,1,0,1.0,0.0,0.317605114941825,0,0,0,0,0,0,0,0,0.0225,0.0,0.0,0.0,0.15,skip,training_upload_trigger_not_confirmed,1785296095.4288654,1785296095428865536,1384763645563998,76.9,53.28515625,-1.0,0,0
2026-07-28T23:34:55.430,10.42.0.47,,21,1,DOWNLOAD,0.9842257140988042,DOWNLOAD,0.9842257140988042,-1,5792,1.381215469422484e-10,2,7240.0,0.0,2,0,1.0,0.0,0.28136585406566295,0,0,0,0,0,0,0,0,0.0225,0.0,0.0,0.0,0.15,skip,training_upload_trigger_not_confirmed,1785296095.4302263,1785296095430226341,1384763646924643,76.9,53.28515625,-1.0,0,0
2026-07-28T23:34:55.431,10.42.0.47,,21,1,DOWNLOAD,0.9842586901286671,DOWNLOAD,0.9842586901286671,-1,5792,7.673419275040407e-11,3,13032.0,0.0,3,0,1.0,0.0,0.2444263125058335,0,0,0,0,0,0,0,0,0.0225,0.0,0.0,0.0,0.15,skip,training_upload_trigger_not_confirmed,1785296095.4312682,1785296095431268135,1384763647966510,76.9,53.28515625,-1.0,0,0
2026-07-28T23:34:55.432,10.42.0.47,,21,1,DOWNLOAD,0.9842595481342594,DOWNLOAD,0.9842595481342594,-1,4344,5.7550644563907074e-11,4,17376.0,0.0,4,0,1.0,0.0,0.21242310660962552,0,0,0,0,0,0,0,0,0.0225,0.0,0.0,0.0,0.15,skip,training_upload_trigger_not_confirmed,1785296095.432831,1785296095432830883,1384763649529588,76.9,53.28515625,-1.0,0,0
2026-07-28T23:34:55.435,10.42.0.47,,21,1,DOWNLOAD,0.9842595696464124,DOWNLOAD,0.9842595696464124,-1,5792,4.316298342355132e-11,5,23168.0,0.0,5,0,1.0,0.0,0.18484813739386555,0,0,0,0,0,0,0,0,0.0225,0.0,0.0,0.0,0.15,skip,training_upload_trigger_not_confirmed,1785296095.4359953,1785296095435995511,1384763652693953,76.9,53.28515625,-1.0,0,0
2026-07-28T23:34:55.436,10.42.0.47,,21,1,DOWNLOAD,0.9842595701605352,DOWNLOAD,0.9842595701605352,-1,5792,3.453038673913914e-11,6,28960.0,0.0,6,0,1.0,0.0,0.16059216760253844,0,0,0,0,0,0,0,0,0.0225,0.0,0.0,0.0,0.15,skip,training_upload_trigger_not_confirmed,1785296095.4367716,1785296095436771589,1384763653469888,76.9,53.28515625,-1.0,0,0
2026-07-28T23:34:55.437,10.42.0.47,,21,1,DOWNLOAD,0.9842595701720059,DOWNLOAD,0.9842595701720059,-1,4344,3.002642325156058e-11,7,33304.0,0.0,7,0,1.0,0.0,0.13956632055560358,0,0,0,0,0,0,0,0,0.0225,0.0,0.0,0.0,0.15,skip,training_upload_trigger_not_confirmed,1785296095.4378045,1785296095437804663,1384763654503445,76.9,53.28515625,-1.0,0,0
2026-07-28T23:34:55.442,10.42.0.47,,21,1,DOWNLOAD,0.9842595701722343,DOWNLOAD,0.9842595701722343,-1,2896,2.762430939150209e-11,8,36200.0,0.0,8,0,1.0,0.0,0.12177508528502522,0,0,0,0,0,0,0,0,0.0225,0.0,0.0,0.0,0.15,skip,training_upload_trigger_not_confirmed,1785296095.442358,1785296095442358070,1384763659056860,76.9,53.28515625,-1.0,0,0
2026-07-28T23:34:55.443,10.42.0.47,,21,1,DOWNLOAD,0.9842595701722379,DOWNLOAD,0.9842595701722379,-1,2896,2.557806425144316e-11,9,39096.0,0.0,9,0,1.0,0.0,0.10585937467826995,0,0,0,0,0,0,0,0,0.0225,0.0,0.0,0.0,0.15,skip,training_upload_trigger_not_confirmed,1785296095.4433532,1785296095443353193,1384763660052279,76.9,53.28515625,-1.0,0,0
2026-07-28T23:34:55.444,10.42.0.47,,21,1,DOWNLOAD,0.9842595701722379,DOWNLOAD,0.9842595701722379,-1,5792,2.22776688642337e-11,10,44888.0,0.0,10,0,1.0,0.0,0.09202335459239497,0,0,0,0,0,0,0,0,0.0225,0.0,0.0,0.0,0.15,skip,training_upload_trigger_not_confirmed,1785296095.4442148,1785296095444214692,1384763660913366,76.9,53.28515625,-1.0,0,0
2026-07-28T23:34:55.445,10.42.0.47,,21,1,DOWNLOAD,0.9842595701722379,DOWNLOAD,0.9842595701722379,-1,4344,2.0311992199782418e-11,11,49232.0,0.0,11,0,1.0,0.0,0.08002125064721789,0,0,0,0,0,0,0,0,0.0225,0.0,0.0,0.0,0.15,skip,training_upload_trigger_not_confirmed,1785296095.4451575,1785296095445157591,1384763661856049,76.9,53.28515625,-1.0,0,0
2026-07-28T23:34:55.446,10.42.0.47,,21,1,DOWNLOAD,0.9842595701722379,DOWNLOAD,0.9842595701722379,-1,2896,1.918354818870504e-11,12,52128.0,0.0,12,0,1.0,0.0,0.06968928345440897,0,0,0,0,0,0,0,0,0.0225,0.0,0.0,0.0,0.15,skip,training_upload_trigger_not_confirmed,1785296095.4467723,1785296095446772319,1384763663470530,76.9,53.28515625,-1.0,0,0
2026-07-28T23:34:55.447,10.42.0.47,,21,1,DOWNLOAD,0.9842595701722379,DOWNLOAD,0.9842595701722379,-1,2896,1.8173887757738915e-11,13,55024.0,0.0,13,0,1.0,0.0,0.060606928097949216,0,0,0,0,0,0,0,0,0.0225,0.0,0.0,0.0,0.15,skip,training_upload_trigger_not_confirmed,1785296095.4475381,1785296095447538254,1384763664236490,76.9,53.28515625,-1.0,0,0
2026-07-28T23:34:55.448,10.42.0.47,,21,1,DOWNLOAD,0.9842595701722379,DOWNLOAD,0.9842595701722379,-1,5792,1.6443041304649383e-11,14,60816.0,0.0,14,0,1.0,0.0,0.05271501754516009,0,0,0,0,0,0,0,0,0.0225,0.0,0.0,0.0,0.15,skip,training_upload_trigger_not_confirmed,1785296095.4482555,1785296095448255371,1384763664953572,76.9,53.28515625,-1.0,0,0
2026-07-28T23:34:55.449,10.42.0.47,,21,1,DOWNLOAD,0.9842595701722379,DOWNLOAD,0.9842595701722379,-1,4344,1.5346838551022915e-11,15,65160.0,0.0,15,0,1.0,0.0,0.045920490469567275,0,0,0,0,0,0,0,0,0.0225,0.0,0.0,0.0,0.15,skip,training_upload_trigger_not_confirmed,1785296095.4494088,1785296095449408761,1384763666107312,76.9,53.28515625,-1.0,0,0
2026-07-28T23:34:55.451,10.42.0.47,,21,1,DOWNLOAD,0.9842595701722379,DOWNLOAD,0.9842595701722379,-1,1009,1.5112817180022174e-11,16,66169.0,0.0,16,0,1.0,0.0,0.04018238601823901,0,0,0,0,0,0,0,0,0.0225,0.0,0.0,0.0,0.15,skip,training_upload_trigger_not_confirmed,1785296095.4517844,1785296095451784429,1384763668482908,76.9,53.28515625,-1.0,0,0
2026-07-28T23:34:55.716,10.42.0.59,,7,2,TRAINING,0.95,TRAINING,0.95,1,64240,0.811275005053909,7,79184.0,64240.0,6,1,0.5520972780008925,0.4479027219991075,0.5290006980942349,0,0,0,0,1,0,0,0,0.4525,1.0,0.0,0.4,0.15,skip,already_attacked_this_round,1785296095.7168286,1785296095716828615,1384763933528243,76.9,53.28515625,-1.0,0,0
2026-07-28T23:34:55.719,10.42.0.59,,7,3,UPLOAD,0.95,UPLOAD,0.95,1,5068,0.8752778339074146,8,79184.0,69308.0,6,2,0.5332543167308677,0.46674568326913235,0.45958597974248044,0,0,0,1,1,1,1,1,0.85,1.0,1.0,0.4,0.8,skip,already_attacked_this_round,1785296095.7190602,1785296095719060180,1384763935758799,76.9,53.28515625,-1.0,0,0
2026-07-28T23:34:55.720,10.42.0.1,,21,2,TRAINING,0.95,TRAINING,0.95,1,7240,0.3704910333075555,33,234200.0,86769.0,24,9,0.7296654817131872,0.27033451828681276,0.04507723533729199,0,0,0,0,1,0,0,0,0.4525,1.0,0.0,0.4,0.15,skip,training_upload_trigger_not_confirmed,1785296095.7207143,1785296095720714238,1384763937413333,76.9,53.28515625,-1.0,0,0
2026-07-28T23:34:55.722,10.42.0.1,10.42.0.1,21,3,UPLOAD,0.95,UPLOAD,0.95,1,7240,0.4014047822399598,34,234200.0,94009.0,24,10,0.7135697071073615,0.28643029289263855,0.03931773144563988,1,0,0,0,1,0,0,0,0.85,1.0,1.0,0.4,0.8,trigger,training_upload_trigger_confirmed,1785296095.7220843,1785296095722084287,1384763938783918,76.9,53.28515625,144.116067,1785296095866202643,1384764082899985
2026-07-28T23:34:55.726,10.42.0.145,10.42.0.1,12,2,TRAINING,0.95,TRAINING,0.95,1,64240,0.9777777777781161,5,65700.0,64240.0,4,1,0.5056179775280899,0.4943820224719101,0.789505934275314,0,0,0,0,1,0,0,0,0.4525,1.0,0.0,0.4,0.15,skip,already_attacked_this_round,1785296095.7264147,1785296095726414545,1384763943114751,76.9,53.28515625,-1.0,0,0
2026-07-28T23:34:55.728,10.42.0.1,10.42.0.1,21,3,UPLOAD,0.95,UPLOAD,0.95,1,7240,0.4323185311723641,35,234200.0,101249.0,24,11,0.6981687231143929,0.30183127688560707,0.03498678390534836,1,0,1,1,1,1,1,1,0.85,1.0,1.0,0.4,0.8,skip,attack_already_active,1785296095.7285357,1785296095728535466,1384763945234353,76.9,53.28515625,-1.0,0,0
2026-07-28T23:34:55.729,10.42.0.1,10.42.0.1,21,3,UPLOAD,0.95,UPLOAD,0.95,1,7240,0.4632322801047684,36,234200.0,108489.0,24,12,0.6834184931526837,0.3165815068473164,0.0305329723524989,1,0,1,1,1,1,1,1,0.85,1.0,1.0,0.4,0.8,skip,attack_already_active,1785296095.7297237,1785296095729723756,1384763946422306,76.9,53.28515625,-1.0,0,0
2026-07-28T23:34:55.742,10.42.0.1,10.42.0.1,21,3,UPLOAD,0.95,UPLOAD,0.95,1,1448,0.4694150298912492,37,234200.0,109937.0,24,13,0.680542923312518,0.319457076687482,0.028249312019370455,1,0,1,1,1,1,1,1,0.9699999999999999,1.0,1.0,1.0,0.8,skip,attack_already_active,1785296095.7429266,1785296095742926571,1384763959625537,76.9,53.28515625,-1.0,0,0
2026-07-28T23:34:55.751,10.42.0.1,10.42.0.1,21,3,UPLOAD,0.95,UPLOAD,0.95,1,1448,0.4755977796777301,38,234200.0,111385.0,24,14,0.6776914507284749,0.3223085492715251,0.025704332562635178,1,0,1,1,1,1,1,1,0.9699999999999999,1.0,1.0,1.0,0.8,skip,attack_already_active,1785296095.7518628,1785296095751862706,1384763968561305,76.9,53.28515625,-1.0,0,0
2026-07-28T23:34:55.764,10.42.0.1,10.42.0.1,21,3,UPLOAD,0.95,UPLOAD,0.95,1,14480,0.5374252775425387,39,234200.0,125865.0,24,15,0.6504381153402857,0.3495618846597142,0.024032583707053076,1,0,1,1,1,1,1,1,0.9699999999999999,1.0,1.0,1.0,0.8,skip,attack_already_active,1785296095.7648807,1785296095764880733,1384763981579510,76.9,53.28515625,-1.0,0,0
2026-07-28T23:34:55.766,10.42.0.1,10.42.0.1,21,3,UPLOAD,0.95,UPLOAD,0.95,1,14480,0.5992527754073473,40,234200.0,140345.0,24,16,0.6252920209854623,0.3747079790145376,0.021021093619507186,1,0,1,1,1,1,1,1,0.9699999999999999,1.0,1.0,1.0,0.8,skip,attack_already_active,1785296095.7660599,1785296095766059764,1384763982758955,76.9,53.28515625,-1.0,0,0
2026-07-28T23:34:55.766,10.42.0.1,10.42.0.1,21,3,UPLOAD,0.95,UPLOAD,0.95,1,1448,0.6054355251938283,41,234200.0,141793.0,24,17,0.6228839366690337,0.37711606333096626,0.018367703283681338,1,0,1,1,1,1,1,1,0.9699999999999999,1.0,1.0,1.0,0.8,skip,attack_already_active,1785296095.7669451,1785296095766945115,1384763983644018,76.9,53.28515625,-1.0,0,0
2026-07-28T23:34:55.767,10.42.0.1,10.42.0.1,21,3,UPLOAD,0.8667750972881842,UPLOAD,0.8667750972881842,0,43,0.6054355251938283,41,234200.0,141793.0,24,17,0.6228839366690337,0.37711606333096626,0.059254893553611326,1,0,1,1,1,1,1,1,0.8025,0.7500000000000001,1.0,0.6000000000000001,0.8,skip,attack_already_active,1785296095.7678218,1785296095767821802,1384763984520045,76.9,53.28515625,-1.0,0,0
2026-07-28T23:34:55.768,10.42.0.1,10.42.0.1,21,3,UPLOAD,0.8547842678633675,UPLOAD,0.8547842678633675,0,43,0.6054355251938283,41,234200.0,141793.0,24,17,0.6228839366690337,0.37711606333096626,0.05157507751482379,1,0,1,1,1,1,1,1,0.8025,0.7500000000000001,1.0,0.6000000000000001,0.8,skip,attack_already_active,1785296095.7687967,1785296095768796628,1384763985494821,76.9,53.28515625,-1.0,0,0
2026-07-28T23:34:55.770,10.42.0.1,10.42.0.1,21,3,UPLOAD,0.95,UPLOAD,0.95,1,14480,0.6672630230586368,42,234200.0,156273.0,24,18,0.5997853884903693,0.4002146115096306,0.04528672549782178,1,0,1,1,1,1,1,1,0.9699999999999999,1.0,1.0,1.0,0.8,skip,attack_already_active,1785296095.7707996,1785296095770799596,1384763987498243,76.9,53.28515625,-1.0,0,0
2026-07-28T23:34:55.771,10.42.0.1,10.42.0.1,21,3,UPLOAD,0.95,UPLOAD,0.95,1,14480,0.7290905209234454,43,234200.0,170753.0,24,19,0.5783387207898201,0.42166127921017993,0.03943338810031533,1,0,1,1,1,1,1,1,0.9699999999999999,1.0,1.0,1.0,0.8,skip,attack_already_active,1785296095.771667,1785296095771666839,1384763988365565,76.9,53.28515625,-1.0,0,0
2026-07-28T23:34:55.773,10.42.0.1,10.42.0.1,21,3,UPLOAD,0.95,UPLOAD,0.95,1,14480,0.790918018788254,44,234200.0,185233.0,24,20,0.5583728509678543,0.4416271490321458,0.03444747720524536,1,0,1,1,1,1,1,1,0.9699999999999999,1.0,1.0,1.0,0.8,skip,attack_already_active,1785296095.7732637,1785296095773263643,1384763989962487,76.9,53.28515625,-1.0,0,0
2026-07-28T23:34:55.776,10.42.0.1,10.42.0.1,21,3,UPLOAD,0.95,UPLOAD,0.95,1,13032,0.8465627668665817,45,234200.0,198265.0,24,21,0.5415467147630444,0.4584532852369556,0.030274884040806166,1,0,1,1,1,1,1,1,0.9699999999999999,1.0,1.0,1.0,0.8,skip,attack_already_active,1785296095.7760465,1785296095776046638,1384763992745374,76.9,53.28515625,-1.0,0,0
2026-07-28T23:34:55.777,10.42.0.1,10.42.0.1,21,3,UPLOAD,0.95,UPLOAD,0.95,1,5680,0.8708155422721143,46,234200.0,203945.0,24,22,0.5345262413128073,0.4654737586871926,0.026480152829743406,1,0,1,1,1,1,1,1,0.9699999999999999,1.0,1.0,1.0,0.8,skip,attack_already_active,1785296095.7775242,1785296095777524113,1384763994222994,76.9,53.28515625,-1.0,0,0
2026-07-28T23:34:55.778,10.42.0.1,10.42.0.1,21,3,UPLOAD,0.95,UPLOAD,0.95,1,1448,0.8769982920585953,47,234200.0,205393.0,24,23,0.5327655353929658,0.4672344646070342,0.02311487522703197,1,0,1,1,1,1,1,1,0.9699999999999999,1.0,1.0,1.0,0.8,skip,attack_already_active,1785296095.7784662,1785296095778466331,1384763995164732,76.9,53.28515625,-1.0,0,0
2026-07-28T23:34:55.779,10.42.0.1,10.42.0.1,21,3,UPLOAD,0.95,UPLOAD,0.95,1,14480,0.9388257899234038,48,234200.0,219873.0,24,24,0.5157760976759244,0.48422390232407564,0.02022968807629806,1,0,1,1,1,1,1,1,0.9699999999999999,1.0,1.0,1.0,0.8,skip,attack_already_active,1785296095.7796862,1785296095779686161,1384763996384446,76.9,53.28515625,-1.0,0,0
2026-07-28T23:34:55.781,10.42.0.1,10.42.0.1,21,3,UPLOAD,0.95,UPLOAD,0.95,1,14480,1.0006532877882124,49,234200.0,234353.0,24,25,0.4998367313836428,0.5001632686163572,0.01775372468271268,1,0,1,1,1,1,1,1,0.9699999999999999,1.0,1.0,1.0,0.8,skip,attack_already_active,1785296095.7811265,1785296095781126412,1384763997824697,76.9,53.28515625,-1.0,0,0
2026-07-28T23:34:55.782,10.42.0.1,10.42.0.1,21,3,UPLOAD,0.95,UPLOAD,0.95,1,4233,1.0187275832620892,50,234200.0,238586.0,24,26,0.4953615377781914,0.5046384622218086,0.01559554733001975,1,0,1,1,1,1,1,1,0.9699999999999999,1.0,1.0,1.0,0.8,skip,attack_already_active,1785296095.7825024,1785296095782502434,1384763999201817,76.9,53.28515625,-1.0,0,0
2026-07-28T23:34:55.886,10.42.0.18,10.42.0.1,19,2,TRAINING,0.95,TRAINING,0.95,1,16060,0.20277521749469357,9,79201.0,16060.0,8,1,0.8314105457637438,0.16858945423625618,0.3773428338790434,0,0,0,0,1,1,0,0,0.5725,1.0,0.0,1.0,0.15,skip,training_upload_trigger_not_confirmed,1785296095.8862708,1785296095886270763,1384764102970208,76.9,53.28515625,-1.0,0,0
2026-07-28T23:34:55.887,10.42.0.18,10.42.0.1,19,3,UPLOAD,0.95,UPLOAD,0.95,1,63468,1.0041287357482338,10,79201.0,79528.0,8,2,0.49896994248058013,0.5010300575194199,0.32782789140387536,0,0,0,1,1,1,1,1,0.9699999999999999,1.0,1.0,1.0,0.8,trigger,training_upload_trigger_confirmed,1785296095.8878584,1785296095887858520,1384764104557501,76.9,53.28515625,130.440892,1785296096018301118,1384764234998393
2026-07-28T23:34:55.890,10.42.0.1,,21,3,UPLOAD,0.3760709991159542,UPLOAD,0.3760709991159542,0,43,1.0187275832620892,50,234200.0,238586.0,24,26,0.4953615377781914,0.5046384622218086,0.029636256543691303,0,0,1,1,1,1,1,1,0.8200000000000001,0.8000000000000002,1.0,0.6000000000000001,0.8,skip,attack_already_active,1785296095.8909433,1785296095890943202,1384764107643844,76.9,53.28515625,-1.0,0,0
2026-07-28T23:34:55.892,10.42.0.1,10.42.0.1,21,3,UPLOAD,0.95,UPLOAD,0.95,1,10136,1.0620068317674551,51,234200.0,248722.0,24,27,0.484964445604052,0.515035554395948,0.03464129795774375,1,0,1,1,1,1,1,1,0.9699999999999999,1.0,1.0,1.0,0.8,skip,attack_already_active,1785296095.8923018,1785296095892301737,1384764109013294,76.9,53.28515625,-1.0,0,0
2026-07-28T23:34:55.893,10.42.0.1,10.42.0.1,21,3,UPLOAD,0.95,UPLOAD,0.95,1,4344,1.0805550811268978,52,234200.0,253066.0,24,28,0.48064096407301143,0.5193590359269885,0.030246553566687453,1,0,1,1,1,1,1,1,0.9699999999999999,1.0,1.0,1.0,0.8,skip,attack_already_active,1785296095.8935926,1785296095893592490,1384764110292131,76.9,53.28515625,-1.0,0,0
2026-07-28T23:34:55.894,10.42.0.1,10.42.0.1,21,3,UPLOAD,0.95,UPLOAD,0.95,1,14480,1.1423825789917064,53,234200.0,267546.0,24,29,0.46677003902372916,0.5332299609762708,0.02644012960533158,1,0,1,1,1,1,1,1,0.9699999999999999,1.0,1.0,1.0,0.8,skip,attack_already_active,1785296095.8949533,1785296095894953200,1384764111652225,76.9,53.28515625,-1.0,0,0
2026-07-28T23:34:55.898,10.42.0.1,10.42.0.1,21,3,UPLOAD,0.95,UPLOAD,0.95,1,18824,1.2227583262159574,54,234200.0,286370.0,24,30,0.4498914651247671,0.5501085348752329,0.02338707483708781,1,0,1,1,1,1,1,1,0.9699999999999999,1.0,1.0,1.0,0.8,skip,attack_already_active,1785296095.8982246,1785296095898224717,1384764114923361,76.9,53.28515625,-1.0,0,0
2026-07-28T23:34:55.899,10.42.0.1,10.42.0.1,21,3,UPLOAD,0.95,UPLOAD,0.95,1,1448,1.2289410760024384,55,234200.0,287818.0,24,31,0.4486435333647499,0.5513564666352502,0.020500672209550652,1,0,1,1,1,1,1,1,0.9699999999999999,1.0,1.0,1.0,0.8,skip,attack_already_active,1785296095.8997076,1785296095899707530,1384764116407089,76.9,53.28515625,-1.0,0,0
2026-07-28T23:34:55.901,10.42.0.1,10.42.0.1,21,3,UPLOAD,0.95,UPLOAD,0.95,1,7240,1.2598548249348427,56,234200.0,295058.0,24,32,0.44250630127461466,0.5574936987253853,0.018048944580668306,1,0,1,1,1,1,1,1,0.9699999999999999,1.0,1.0,1.0,0.8,skip,attack_already_active,1785296095.9016027,1785296095901602923,1384764118301747,76.9,53.28515625,-1.0,0,0
2026-07-28T23:34:55.903,10.42.0.1,10.42.0.1,21,3,UPLOAD,0.95,UPLOAD,0.95,1,8576,1.296473099913337,57,234200.0,303634.0,24,33,0.4354503434145108,0.5645496565854892,0.015969680338784993,1,0,1,1,1,1,1,1,0.9699999999999999,1.0,1.0,1.0,0.8,skip,attack_already_active,1785296095.9038727,1785296095903872829,1384764120571671,76.9,53.28515625,-1.0,0,0
2026-07-28T23:34:56.382,10.42.0.47,10.42.0.1|10.42.0.47,21,3,UPLOAD,0.95,UPLOAD,0.95,1,7240,0.10941679639847336,17,66169.0,7240.0,16,1,0.9013744908662426,0.09862550913375744,0.16054454438932486,1,0,0,1,1,1,1,1,0.9699999999999999,1.0,1.0,1.0,0.8,trigger,training_upload_trigger_confirmed,1785296096.382443,1785296096382442975,1384764599141591,64.6,53.29296875,7.139127,1785296096389583348,1384764606280718
2026-07-28T23:34:56.383,10.42.0.47,10.42.0.1|10.42.0.47,21,3,UPLOAD,0.95,UPLOAD,0.95,1,1448,0.13130015567514547,18,66169.0,8688.0,16,2,0.8839387098066981,0.1160612901933019,0.1395333299161215,1,0,1,1,1,1,1,1,0.9699999999999999,1.0,1.0,1.0,0.8,skip,attack_already_active,1785296096.3835392,1785296096383539106,1384764600237698,64.6,53.29296875,-1.0,0,0
2026-07-28T23:34:56.384,10.42.0.47,10.42.0.1|10.42.0.47,21,3,UPLOAD,0.9827856166486795,UPLOAD,0.9827856166486795,1,5792,0.21883359278183392,19,66169.0,14480.0,16,3,0.8204565462683976,0.17954345373160238,0.1213374491939343,1,0,1,1,1,1,1,1,0.9699999999999999,1.0,1.0,1.0,0.8,skip,attack_already_active,1785296096.384989,1785296096384988950,1384764601688229,64.6,53.29296875,-1.0,0,0
2026-07-28T23:34:56.386,10.42.0.47,10.42.0.1|10.42.0.47,21,3,UPLOAD,0.9842283506312849,UPLOAD,0.9842283506312849,1,8688,0.35013374844186657,20,66169.0,23168.0,16,4,0.7406673606680323,0.2593326393319677,0.10554792937799665,1,0,1,1,1,1,1,1,0.9699999999999999,1.0,1.0,1.0,0.8,skip,attack_already_active,1785296096.3865042,1785296096386504277,1384764603203138,64.6,53.29296875,-1.0,0,0
2026-07-28T23:34:56.387,10.42.0.47,10.42.0.1|10.42.0.47,21,3,UPLOAD,0.9842590008488418,UPLOAD,0.9842590008488418,1,2896,0.402713184292537,20,64721.0,26064.0,15,5,0.712904114115768,0.28709588588423196,0.0918266866604607,1,0,1,1,1,1,1,1,0.9699999999999999,1.0,1.0,1.0,0.8,skip,attack_already_active,1785296096.3879254,1785296096387925417,1384764604624577,64.6,53.29296875,-1.0,0,0
2026-07-28T23:34:56.388,10.42.0.47,10.42.0.1|10.42.0.47,21,3,UPLOAD,0.9842364972563549,UPLOAD,0.9842364972563549,1,7240,0.5145779577028387,21,64721.0,33304.0,15,6,0.6602499362407549,0.3397500637592451,0.0798655475012331,1,0,1,1,1,1,1,1,0.9699999999999999,1.0,1.0,1.0,0.8,skip,attack_already_active,1785296096.3889823,1785296096388982176,1384764605680875,64.6,53.29296875,-1.0,0,0
2026-07-28T23:34:56.390,10.42.0.47,10.42.0.1|10.42.0.47,21,3,UPLOAD,0.9836255532061275,UPLOAD,0.9836255532061275,1,7240,0.6264427311131404,22,64721.0,40544.0,15,7,0.6148387403220443,0.3851612596779556,0.0695828135859666,1,0,1,1,1,1,1,1,0.9699999999999999,1.0,1.0,1.0,0.8,skip,attack_already_active,1785296096.390815,1785296096390814927,1384764607515243,64.6,53.29296875,-1.0,0,0
2026-07-28T23:34:56.391,10.42.0.47,10.42.0.1|10.42.0.47,21,3,UPLOAD,0.9805412221729354,UPLOAD,0.9805412221729354,1,2896,0.671188640477261,23,64721.0,43440.0,15,8,0.5983764943001636,0.40162350569983635,0.060567646618747174,1,0,1,1,1,1,1,1,0.9699999999999999,1.0,1.0,1.0,0.8,skip,attack_already_active,1785296096.3919842,1785296096391984173,1384764608683182,64.6,53.29296875,-1.0,0,0
2026-07-28T23:34:56.393,10.42.0.47,10.42.0.1|10.42.0.47,21,3,UPLOAD,0.9637492368312323,UPLOAD,0.9637492368312323,1,10136,0.8277993232516834,24,64721.0,53576.0,15,9,0.547106012832109,0.452893987167891,0.05277161463142173,1,0,1,1,1,1,1,1,0.9699999999999999,1.0,1.0,1.0,0.8,skip,attack_already_active,1785296096.39339,1785296096393389731,1384764610088226,64.6,53.29296875,-1.0,0,0
2026-07-28T23:34:56.394,10.42.0.47,10.42.0.1|10.42.0.47,21,3,UPLOAD,0.95,UPLOAD,0.95,1,7240,0.939664096661985,25,64721.0,60816.0,15,10,0.5155531835235827,0.4844468164764173,0.04600139257875977,1,0,1,1,1,1,1,1,0.9699999999999999,1.0,1.0,1.0,0.8,skip,attack_already_active,1785296096.3947842,1785296096394784287,1384764611483196,64.6,53.29296875,-1.0,0,0
2026-07-28T23:34:56.395,10.42.0.47,10.42.0.1|10.42.0.47,21,3,UPLOAD,0.95,UPLOAD,0.95,1,2896,0.9844100060261057,26,64721.0,63712.0,15,11,0.5039281181627775,0.4960718818372225,0.0400654105220537,1,0,1,1,1,1,1,1,0.9699999999999999,1.0,1.0,1.0,0.8,skip,attack_already_active,1785296096.395739,1785296096395739120,1384764612437597,64.6,53.29296875,-1.0,0,0
2026-07-28T23:34:56.397,10.42.0.47,10.42.0.1|10.42.0.47,21,3,UPLOAD,0.95,UPLOAD,0.95,1,10136,1.141020688800528,27,64721.0,73848.0,15,12,0.46706694859600634,0.5329330514039937,0.034968567824280344,1,0,1,1,1,1,1,1,0.9699999999999999,1.0,1.0,1.0,0.8,skip,attack_already_active,1785296096.397126,1785296096397125980,1384764613824590,64.6,53.29296875,-1.0,0,0
2026-07-28T23:34:56.398,10.42.0.47,10.42.0.1|10.42.0.47,21,3,UPLOAD,0.95,UPLOAD,0.95,1,2896,1.1857665981646486,28,64721.0,76744.0,15,13,0.45750539002580143,0.5424946099741985,0.030535001815391608,1,0,1,1,1,1,1,1,0.9699999999999999,1.0,1.0,1.0,0.8,skip,attack_already_active,1785296096.3984494,1785296096398449394,1384764615147805,64.6,53.29296875,-1.0,0,0
2026-07-28T23:34:56.399,10.42.0.47,10.42.0.1|10.42.0.47,21,3,UPLOAD,0.95,UPLOAD,0.95,1,2784,1.2287820027467315,29,64721.0,79528.0,15,14,0.4486755540766314,0.5513244459233686,0.026631094446601934,1,0,1,1,1,1,1,1,0.9699999999999999,1.0,1.0,1.0,0.8,skip,attack_already_active,1785296096.3993587,1785296096399358788,1384764616057040,64.6,53.29296875,-1.0,0,0
2026-07-28T23:34:56.400,10.42.0.1,10.42.0.1|10.42.0.47,21,3,UPLOAD,0.9715446465063455,UPLOAD,0.9715446465063455,1,7240,100.0,26,0.0,231345.0,0,26,0.0,1.0,0.07360094427246501,1,0,1,1,1,1,1,1,0.9699999999999999,1.0,1.0,1.0,0.8,skip,attack_already_active,1785296096.4006643,1785296096400664246,1384764617362580,64.6,53.29296875,-1.0,0,0
2026-07-28T23:34:56.401,10.42.0.1,10.42.0.1|10.42.0.47,21,3,UPLOAD,0.9848162937286276,UPLOAD,0.9848162937286276,1,7240,100.0,27,0.0,238585.0,0,27,0.0,1.0,0.06402201379607647,1,0,1,1,1,1,1,1,0.9699999999999999,1.0,1.0,1.0,0.8,skip,attack_already_active,1785296096.4015734,1785296096401573378,1384764618272154,64.6,53.29296875,-1.0,0,0
2026-07-28T23:34:56.481,10.42.0.1,10.42.0.1|10.42.0.47,21,3,UPLOAD,0.985439835756909,UPLOAD,0.985439835756909,1,13032,100.0,28,0.0,251617.0,0,28,0.0,1.0,0.06610346001336784,1,0,1,1,1,1,1,1,0.9699999999999999,1.0,1.0,1.0,0.8,skip,attack_already_active,1785296096.481391,1785296096481390860,1384764698089603,64.6,53.29296875,-1.0,0,0
2026-07-28T23:34:56.482,10.42.0.1,10.42.0.1|10.42.0.47,21,3,UPLOAD,0.985506456744931,UPLOAD,0.985506456744931,1,13032,100.0,29,0.0,264649.0,0,29,0.0,1.0,0.05753635241100719,1,0,1,1,1,1,1,1,0.9699999999999999,1.0,1.0,1.0,0.8,skip,attack_already_active,1785296096.482481,1785296096482480986,1384764699179268,64.6,53.29296875,-1.0,0,0
2026-07-28T23:34:56.483,10.42.0.1,10.42.0.1|10.42.0.47,21,3,UPLOAD,0.985324610237513,UPLOAD,0.985324610237513,0,43,100.0,29,0.0,264649.0,0,29,0.0,1.0,0.12803111904498543,1,0,1,1,1,1,1,1,0.8374999999999999,0.8500000000000001,1.0,0.6000000000000001,0.8,skip,attack_already_active,1785296096.483445,1785296096483445027,1384764700143615,64.6,53.29296875,-1.0,0,0
2026-07-28T23:34:56.487,10.42.0.1,10.42.0.1|10.42.0.47,21,3,UPLOAD,0.9855021969716004,UPLOAD,0.9855021969716004,1,8688,100.0,30,0.0,273337.0,0,30,0.0,1.0,0.11177969042175925,1,0,1,1,1,1,1,1,0.9699999999999999,1.0,1.0,1.0,0.8,skip,attack_already_active,1785296096.4871845,1785296096487184670,1384764703883245,64.6,53.29296875,-1.0,0,0
2026-07-28T23:34:56.488,10.42.0.1,10.42.0.1|10.42.0.47,21,3,UPLOAD,0.9855085308322084,UPLOAD,0.9855085308322084,1,7240,100.0,31,0.0,280577.0,0,31,0.0,1.0,0.0971843850815204,1,0,1,1,1,1,1,1,0.9699999999999999,1.0,1.0,1.0,0.8,skip,attack_already_active,1785296096.4882045,1785296096488204650,1384764704903104,64.6,53.29296875,-1.0,0,0
2026-07-28T23:34:56.490,10.42.0.1,10.42.0.1|10.42.0.47,21,3,UPLOAD,0.9855087209826147,UPLOAD,0.9855087209826147,1,8688,100.0,32,0.0,289265.0,0,32,0.0,1.0,0.08462616246767617,1,0,1,1,1,1,1,1,0.9699999999999999,1.0,1.0,1.0,0.8,skip,attack_already_active,1785296096.490088,1785296096490087870,1384764706786367,64.6,53.29296875,-1.0,0,0
2026-07-28T23:34:56.491,10.42.0.1,10.42.0.1|10.42.0.47,21,3,UPLOAD,0.9855003172719805,UPLOAD,0.9855003172719805,1,5792,100.0,33,0.0,295057.0,0,33,0.0,1.0,0.07360827624721823,1,0,1,1,1,1,1,1,0.9699999999999999,1.0,1.0,1.0,0.8,skip,attack_already_active,1785296096.4911025,1785296096491102453,1384764707800879,64.6,53.29296875,-1.0,0,0
2026-07-28T23:34:56.492,10.42.0.1,10.42.0.1|10.42.0.47,21,3,UPLOAD,0.9855077982169875,UPLOAD,0.9855077982169875,1,8576,100.0,34,0.0,303633.0,0,34,0.0,1.0,0.06409913177233759,1,0,1,1,1,1,1,1,0.9699999999999999,1.0,1.0,1.0,0.8,skip,attack_already_active,1785296096.4925485,1785296096492548369,1384764709246862,64.6,53.29296875,-1.0,0,0
2026-07-28T23:34:57.149,10.42.0.210,10.42.0.1|10.42.0.210|10.42.0.47,21,3,UPLOAD,0.95,UPLOAD,0.95,1,1448,100.0,1,0.0,1448.0,0,1,0.0,1.0,0.2684013409203283,1,0,0,1,1,1,1,1,0.9525,0.95,1.0,1.0,0.8,trigger,training_upload_trigger_confirmed,1785296097.1497083,1785296097149708384,1384765366407177,27.5,53.296875,8.116641,1785296097157826556,1384765374523818
2026-07-28T23:34:57.150,10.42.0.210,10.42.0.1|10.42.0.210|10.42.0.47,21,3,UPLOAD,0.9841010226033655,UPLOAD,0.9841010226033655,1,1448,100.0,2,0.0,2896.0,0,2,0.0,1.0,0.23317370995125525,1,0,1,1,1,1,1,1,0.9699999999999999,1.0,1.0,1.0,0.8,skip,attack_already_active,1785296097.1507769,1785296097150776785,1384765367475490,27.5,53.296875,-1.0,0,0
2026-07-28T23:34:57.152,10.42.0.210,10.42.0.1|10.42.0.210|10.42.0.47,21,3,UPLOAD,0.9854688349332961,UPLOAD,0.9854688349332961,1,1448,100.0,3,0.0,4344.0,0,3,0.0,1.0,0.2026426592528887,1,0,1,1,1,1,1,1,0.9699999999999999,1.0,1.0,1.0,0.8,skip,attack_already_active,1785296097.1522589,1785296097152258872,1384765368958009,27.5,53.296875,-1.0,0,0
2026-07-28T23:34:57.153,10.42.0.210,10.42.0.1|10.42.0.210|10.42.0.47,21,3,UPLOAD,0.9855076450773014,UPLOAD,0.9855076450773014,1,1448,100.0,4,0.0,5792.0,0,4,0.0,1.0,0.17608866926134067,1,0,1,1,1,1,1,1,0.9699999999999999,1.0,1.0,1.0,0.8,skip,attack_already_active,1785296097.1533906,1785296097153390678,1384765370090092,27.5,53.296875,-1.0,0,0
2026-07-28T23:34:57.155,10.42.0.210,10.42.0.1|10.42.0.210|10.42.0.47,21,3,UPLOAD,0.9855086980780915,UPLOAD,0.9855086980780915,1,1448,100.0,5,0.0,7240.0,0,5,0.0,1.0,0.15311182680195767,1,0,1,1,1,1,1,1,0.9699999999999999,1.0,1.0,1.0,0.8,skip,attack_already_active,1785296097.1551144,1785296097155114526,1384765371814394,27.5,53.296875,-1.0,0,0
2026-07-28T23:34:57.156,10.42.0.210,10.42.0.1|10.42.0.210|10.42.0.47,21,3,UPLOAD,0.9855087254685951,UPLOAD,0.9855087254685951,1,1448,100.0,6,0.0,8688.0,0,6,0.0,1.0,0.1331127603388339,1,0,1,1,1,1,1,1,0.9699999999999999,1.0,1.0,1.0,0.8,skip,attack_already_active,1785296097.1564589,1785296097156458854,1384765373157626,27.5,53.296875,-1.0,0,0
2026-07-28T23:34:57.158,10.42.0.210,10.42.0.1|10.42.0.210|10.42.0.47,21,3,UPLOAD,0.9855087261493067,UPLOAD,0.9855087261493067,1,1448,100.0,7,0.0,10136.0,0,7,0.0,1.0,0.11579150525279112,1,0,1,1,1,1,1,1,0.9699999999999999,1.0,1.0,1.0,0.8,skip,attack_already_active,1785296097.1581254,1785296097158125194,1384765374823652,27.5,53.296875,-1.0,0,0
2026-07-28T23:34:57.159,10.42.0.210,10.42.0.1|10.42.0.210|10.42.0.47,21,3,UPLOAD,0.9855087261653082,UPLOAD,0.9855087261653082,1,1448,100.0,8,0.0,11584.0,0,8,0.0,1.0,0.1006699328729213,1,0,1,1,1,1,1,1,0.9699999999999999,1.0,1.0,1.0,0.8,skip,attack_already_active,1785296097.1591635,1785296097159163300,1384765375861876,27.5,53.296875,-1.0,0,0
2026-07-28T23:34:57.160,10.42.0.210,10.42.0.1|10.42.0.210|10.42.0.47,21,3,UPLOAD,0.985508726165656,UPLOAD,0.985508726165656,1,1448,100.0,9,0.0,13032.0,0,9,0.0,1.0,0.08758702427120066,1,0,1,1,1,1,1,1,0.9699999999999999,1.0,1.0,1.0,0.8,skip,attack_already_active,1785296097.1605508,1785296097160550856,1384765377249177,27.5,53.296875,-1.0,0,0
2026-07-28T23:34:57.161,10.42.0.210,10.42.0.1|10.42.0.210|10.42.0.47,21,3,UPLOAD,0.9855087261656625,UPLOAD,0.9855087261656625,1,1448,100.0,10,0.0,14480.0,0,10,0.0,1.0,0.07616473994026043,1,0,1,1,1,1,1,1,0.9699999999999999,1.0,1.0,1.0,0.8,skip,attack_already_active,1785296097.1614573,1785296097161457355,1384765378155689,27.5,53.296875,-1.0,0,0
2026-07-28T23:34:57.163,10.42.0.210,10.42.0.1|10.42.0.210|10.42.0.47,21,3,UPLOAD,0.9855087261656628,UPLOAD,0.9855087261656628,1,1448,100.0,11,0.0,15928.0,0,11,0.0,1.0,0.06642707771432799,1,0,1,1,1,1,1,1,0.9699999999999999,1.0,1.0,1.0,0.8,skip,attack_already_active,1785296097.1637256,1785296097163725489,1384765380423934,27.5,53.296875,-1.0,0,0
2026-07-28T23:34:57.164,10.42.0.210,10.42.0.1|10.42.0.210|10.42.0.47,21,3,UPLOAD,0.95,UPLOAD,0.95,1,1448,100.0,12,0.0,17376.0,0,12,0.0,1.0,0.05779668427591516,1,0,1,1,1,1,1,1,0.9699999999999999,1.0,1.0,1.0,0.8,skip,attack_already_active,1785296097.164659,1785296097164658863,1384765381357403,27.5,53.296875,-1.0,0,0
2026-07-28T23:34:57.166,10.42.0.210,10.42.0.1|10.42.0.210|10.42.0.47,21,3,UPLOAD,0.95,UPLOAD,0.95,1,1448,100.0,13,0.0,18824.0,0,13,0.0,1.0,0.05036057907739949,1,0,1,1,1,1,1,1,0.9699999999999999,1.0,1.0,1.0,0.8,skip,attack_already_active,1785296097.1660252,1785296097166025211,1384765382723433,27.5,53.296875,-1.0,0,0
2026-07-28T23:34:57.166,10.42.0.210,10.42.0.1|10.42.0.210|10.42.0.47,21,3,UPLOAD,0.95,UPLOAD,0.95,1,1448,100.0,14,0.0,20272.0,0,14,0.0,1.0,0.043850356040378846,1,0,1,1,1,1,1,1,0.9699999999999999,1.0,1.0,1.0,0.8,skip,attack_already_active,1785296097.1669815,1785296097166981484,1384765383679764,27.5,53.296875,-1.0,0,0
2026-07-28T23:34:57.168,10.42.0.210,10.42.0.1|10.42.0.210|10.42.0.47,21,3,UPLOAD,0.95,UPLOAD,0.95,1,1448,100.0,15,0.0,21720.0,0,15,0.0,1.0,0.038282432958836855,1,0,1,1,1,1,1,1,0.9699999999999999,1.0,1.0,1.0,0.8,skip,attack_already_active,1785296097.1685784,1785296097168578332,1384765385277079,27.5,53.296875,-1.0,0,0
2026-07-28T23:34:57.169,10.42.0.210,10.42.0.1|10.42.0.210|10.42.0.47,21,3,UPLOAD,0.95,UPLOAD,0.95,1,1448,100.0,16,0.0,23168.0,0,16,0.0,1.0,0.03337347779486449,1,0,1,1,1,1,1,1,0.9699999999999999,1.0,1.0,1.0,0.8,skip,attack_already_active,1785296097.169608,1785296097169608232,1384765386306976,27.5,53.296875,-1.0,0,0
2026-07-28T23:34:57.171,10.42.0.210,10.42.0.1|10.42.0.210|10.42.0.47,21,3,UPLOAD,0.95,UPLOAD,0.95,1,1448,100.0,17,0.0,24616.0,0,17,0.0,1.0,0.02916556132822261,1,0,1,1,1,1,1,1,0.9699999999999999,1.0,1.0,1.0,0.8,skip,attack_already_active,1785296097.1710489,1785296097171048895,1384765387747373,27.5,53.296875,-1.0,0,0
2026-07-28T23:34:57.172,10.42.0.210,10.42.0.1|10.42.0.210|10.42.0.47,21,3,UPLOAD,0.95,UPLOAD,0.95,1,1448,100.0,18,0.0,26064.0,0,18,0.0,1.0,0.02545150507916728,1,0,1,1,1,1,1,1,0.9699999999999999,1.0,1.0,1.0,0.8,skip,attack_already_active,1785296097.1720295,1785296097172029344,1384765388727714,27.5,53.296875,-1.0,0,0
2026-07-28T23:34:57.173,10.42.0.210,10.42.0.1|10.42.0.210|10.42.0.47,21,3,UPLOAD,0.95,UPLOAD,0.95,1,1448,100.0,19,0.0,27512.0,0,19,0.0,1.0,0.02228351233872159,1,0,1,1,1,1,1,1,0.9699999999999999,1.0,1.0,1.0,0.8,skip,attack_already_active,1785296097.17344,1785296097173440041,1384765390138440,27.5,53.296875,-1.0,0,0
2026-07-28T23:34:57.174,10.42.0.210,10.42.0.1|10.42.0.210|10.42.0.47,21,3,UPLOAD,0.95,UPLOAD,0.95,1,1448,100.0,20,0.0,28960.0,0,20,0.0,1.0,0.01947938193514404,1,0,1,1,1,1,1,1,0.9699999999999999,1.0,1.0,1.0,0.8,skip,attack_already_active,1785296097.1744437,1785296097174443724,1384765391142801,27.5,53.296875,-1.0,0,0
2026-07-28T23:34:57.175,10.42.0.210,10.42.0.1|10.42.0.210|10.42.0.47,21,3,UPLOAD,0.95,UPLOAD,0.95,1,1448,100.0,21,0.0,30408.0,0,21,0.0,1.0,0.017112846008558315,1,0,1,1,1,1,1,1,0.9699999999999999,1.0,1.0,1.0,0.8,skip,attack_already_active,1785296097.175964,1785296097175964054,1384765392663342,27.5,53.296875,-1.0,0,0
2026-07-28T23:34:57.177,10.42.0.210,10.42.0.1|10.42.0.210|10.42.0.47,21,3,UPLOAD,0.95,UPLOAD,0.95,1,1448,100.0,22,0.0,31856.0,0,22,0.0,1.0,0.015078800381983044,1,0,1,1,1,1,1,1,0.9699999999999999,1.0,1.0,1.0,0.8,skip,attack_already_active,1785296097.1776412,1785296097177641168,1384765394339773,27.5,53.296875,-1.0,0,0
2026-07-28T23:34:57.179,10.42.0.210,10.42.0.1|10.42.0.210|10.42.0.47,21,3,UPLOAD,0.95,UPLOAD,0.95,1,1448,100.0,23,0.0,33304.0,0,23,0.0,1.0,0.01328639935278686,1,0,1,1,1,1,1,1,0.9699999999999999,1.0,1.0,1.0,0.8,skip,attack_already_active,1785296097.179118,1785296097179117713,1384765395816598,27.5,53.296875,-1.0,0,0
2026-07-28T23:34:57.180,10.42.0.210,10.42.0.1|10.42.0.210|10.42.0.47,21,3,UPLOAD,0.95,UPLOAD,0.95,1,1448,100.0,24,0.0,34752.0,0,24,0.0,1.0,0.011677692405296671,1,0,1,1,1,1,1,1,0.9699999999999999,1.0,1.0,1.0,0.8,skip,attack_already_active,1785296097.1801963,1785296097180196288,1384765396894764,27.5,53.296875,-1.0,0,0
2026-07-28T23:34:57.181,10.42.0.210,10.42.0.1|10.42.0.210|10.42.0.47,21,3,UPLOAD,0.95,UPLOAD,0.95,1,1448,100.0,25,0.0,36200.0,0,25,0.0,1.0,0.010333973252723292,1,0,1,1,1,1,1,1,0.9699999999999999,1.0,1.0,1.0,0.8,skip,attack_already_active,1785296097.1816769,1785296097181676697,1384765398374978,27.5,53.296875,-1.0,0,0
2026-07-28T23:34:57.182,10.42.0.210,10.42.0.1|10.42.0.210|10.42.0.47,21,3,UPLOAD,0.95,UPLOAD,0.95,1,1448,100.0,26,0.0,37648.0,0,26,0.0,1.0,0.009107283170322876,1,0,1,1,1,1,1,1,0.9699999999999999,1.0,1.0,1.0,0.8,skip,attack_already_active,1785296097.1827018,1785296097182701907,1384765399400146,27.5,53.296875,-1.0,0,0
2026-07-28T23:34:57.184,10.42.0.210,10.42.0.1|10.42.0.210|10.42.0.47,21,3,UPLOAD,0.95,UPLOAD,0.95,1,1448,100.0,27,0.0,39096.0,0,27,0.0,1.0,0.00809835114405358,1,0,1,1,1,1,1,1,0.9699999999999999,1.0,1.0,1.0,0.8,skip,attack_already_active,1785296097.1841526,1785296097184152457,1384765400850906,27.5,53.296875,-1.0,0,0
2026-07-28T23:34:57.185,10.42.0.210,10.42.0.1|10.42.0.210|10.42.0.47,21,3,UPLOAD,0.95,UPLOAD,0.95,1,1448,100.0,28,0.0,40544.0,0,28,0.0,1.0,0.007177192261033231,1,0,1,1,1,1,1,1,0.9699999999999999,1.0,1.0,1.0,0.8,skip,attack_already_active,1785296097.1852605,1785296097185260453,1384765401959017,27.5,53.296875,-1.0,0,0
2026-07-28T23:34:57.186,10.42.0.210,10.42.0.1|10.42.0.210|10.42.0.47,21,3,UPLOAD,0.95,UPLOAD,0.95,1,1448,100.0,29,0.0,41992.0,0,29,0.0,1.0,0.006425424512392229,1,0,1,1,1,1,1,1,0.9699999999999999,1.0,1.0,1.0,0.8,skip,attack_already_active,1785296097.1867328,1785296097186732743,1384765403431058,27.5,53.296875,-1.0,0,0
2026-07-28T23:34:57.187,10.42.0.210,10.42.0.1|10.42.0.210|10.42.0.47,21,3,UPLOAD,0.95,UPLOAD,0.95,1,1448,100.0,30,0.0,43440.0,0,30,0.0,1.0,0.005709162994182599,1,0,1,1,1,1,1,1,0.9699999999999999,1.0,1.0,1.0,0.8,skip,attack_already_active,1785296097.1877227,1785296097187722796,1384765404420973,27.5,53.296875,-1.0,0,0
2026-07-28T23:34:57.189,10.42.0.210,10.42.0.1|10.42.0.210|10.42.0.47,21,3,UPLOAD,0.95,UPLOAD,0.95,1,1448,100.0,31,0.0,44888.0,0,31,0.0,1.0,0.005138151359774938,1,0,1,1,1,1,1,1,0.9699999999999999,1.0,1.0,1.0,0.8,skip,attack_already_active,1785296097.1890986,1785296097189098520,1384765405796882,27.5,53.296875,-1.0,0,0
2026-07-28T23:34:57.190,10.42.0.210,10.42.0.1|10.42.0.210|10.42.0.47,21,3,UPLOAD,0.95,UPLOAD,0.95,1,1448,100.0,32,0.0,46336.0,0,32,0.0,1.0,0.004645620480768723,1,0,1,1,1,1,1,1,0.9699999999999999,1.0,1.0,1.0,0.8,skip,attack_already_active,1785296097.190499,1785296097190499000,1384765407197411,27.5,53.296875,-1.0,0,0
2026-07-28T23:34:57.191,10.42.0.210,10.42.0.1|10.42.0.210|10.42.0.47,21,3,UPLOAD,0.95,UPLOAD,0.95,1,1448,100.0,33,0.0,47784.0,0,33,0.0,1.0,0.004217364247072827,1,0,1,1,1,1,1,1,0.9699999999999999,1.0,1.0,1.0,0.8,skip,attack_already_active,1785296097.1918948,1785296097191894866,1384765408593181,27.5,53.296875,-1.0,0,0
2026-07-28T23:34:57.192,10.42.0.210,10.42.0.1|10.42.0.210|10.42.0.47,21,3,UPLOAD,0.95,UPLOAD,0.95,1,1448,100.0,34,0.0,49232.0,0,34,0.0,1.0,0.0037853767737936485,1,0,1,1,1,1,1,1,0.9699999999999999,1.0,1.0,1.0,0.8,skip,attack_already_active,1785296097.192834,1785296097192833902,1384765409532268,27.5,53.296875,-1.0,0,0
2026-07-28T23:34:57.194,10.42.0.210,10.42.0.1|10.42.0.210|10.42.0.47,21,3,UPLOAD,0.95,UPLOAD,0.95,1,1448,100.0,35,0.0,50680.0,0,35,0.0,1.0,0.0034671170270799594,1,0,1,1,1,1,1,1,0.9699999999999999,1.0,1.0,1.0,0.8,skip,attack_already_active,1785296097.194204,1785296097194204090,1384765410902746,27.5,53.296875,-1.0,0,0
2026-07-28T23:34:57.195,10.42.0.210,10.42.0.1|10.42.0.210|10.42.0.47,21,3,UPLOAD,0.95,UPLOAD,0.95,1,1448,100.0,36,0.0,52128.0,0,36,0.0,1.0,0.0031332075456344437,1,0,1,1,1,1,1,1,0.9699999999999999,1.0,1.0,1.0,0.8,skip,attack_already_active,1785296097.1951373,1785296097195137313,1384765411835509,43.7,53.296875,-1.0,0,0
2026-07-28T23:34:57.196,10.42.0.210,10.42.0.1|10.42.0.210|10.42.0.47,21,3,UPLOAD,0.95,UPLOAD,0.95,1,1448,100.0,37,0.0,53576.0,0,37,0.0,1.0,0.0028438014884353095,1,0,1,1,1,1,1,1,0.9699999999999999,1.0,1.0,1.0,0.8,skip,attack_already_active,1785296097.1960742,1785296097196074266,1384765412772590,43.7,53.296875,-1.0,0,0
2026-07-28T23:34:57.196,10.42.0.210,10.42.0.1|10.42.0.210|10.42.0.47,21,3,UPLOAD,0.95,UPLOAD,0.95,1,1448,100.0,38,0.0,55024.0,0,38,0.0,1.0,0.0025907409642357175,1,0,1,1,1,1,1,1,0.9699999999999999,1.0,1.0,1.0,0.8,skip,attack_already_active,1785296097.1969976,1785296097196997725,1384765413695964,43.7,53.296875,-1.0,0,0
2026-07-28T23:34:57.200,10.42.0.1,10.42.0.1|10.42.0.210|10.42.0.47,21,3,UPLOAD,0.9819731155135304,UPLOAD,0.9819731155135304,1,7240,100.0,10,0.0,86768.0,0,10,0.0,1.0,0.14818955306796888,1,0,1,1,1,1,1,1,0.9699999999999999,1.0,1.0,1.0,0.8,skip,attack_already_active,1785296097.2004852,1785296097200485058,1384765417184244,43.7,53.296875,-1.0,0,0
2026-07-28T23:34:57.201,10.42.0.1,10.42.0.1|10.42.0.210|10.42.0.47,21,3,UPLOAD,0.9819970750641985,UPLOAD,0.9819970750641985,1,7240,100.0,11,0.0,94008.0,0,11,0.0,1.0,0.1288141082960068,1,0,1,1,1,1,1,1,0.9699999999999999,1.0,1.0,1.0,0.8,skip,attack_already_active,1785296097.20164,1785296097201640061,1384765418338805,43.7,53.296875,-1.0,0,0
2026-07-28T23:34:57.218,10.42.0.1,10.42.0.1|10.42.0.210|10.42.0.47,21,3,UPLOAD,0.9823163350383186,UPLOAD,0.9823163350383186,1,1448,100.0,12,0.0,95456.0,0,12,0.0,1.0,0.11401369307793578,1,0,1,1,1,1,1,1,0.9699999999999999,1.0,1.0,1.0,0.8,skip,attack_already_active,1785296097.2181377,1785296097218137962,1384765434836989,43.7,53.296875,-1.0,0,0
2026-07-28T23:34:57.302,10.42.0.1,10.42.0.1|10.42.0.210|10.42.0.47,21,3,UPLOAD,0.9826173907496273,UPLOAD,0.9826173907496273,1,14480,100.0,13,0.0,109936.0,0,13,0.0,1.0,0.11006133967988571,1,0,1,1,1,1,1,1,0.9699999999999999,1.0,1.0,1.0,0.8,skip,attack_already_active,1785296097.302158,1785296097302158159,1384765518856751,43.7,53.296875,-1.0,0,0
2026-07-28T23:34:57.303,10.42.0.1,10.42.0.1|10.42.0.210|10.42.0.47,21,3,UPLOAD,0.9828025961393092,UPLOAD,0.9828025961393092,1,14480,100.0,14,0.0,124416.0,0,14,0.0,1.0,0.09574817229074287,1,0,1,1,1,1,1,1,0.9699999999999999,1.0,1.0,1.0,0.8,skip,attack_already_active,1785296097.3036008,1785296097303600811,1384765520299205,43.7,53.296875,-1.0,0,0
2026-07-28T23:34:57.304,10.42.0.1,10.42.0.1|10.42.0.210|10.42.0.47,21,3,UPLOAD,0.9819028459773196,UPLOAD,0.9819028459773196,0,43,100.0,14,0.0,124416.0,0,14,0.0,1.0,0.19134921434066982,1,0,1,1,1,1,1,1,0.8374999999999999,0.8500000000000001,1.0,0.6000000000000001,0.8,skip,attack_already_active,1785296097.304683,1785296097304682909,1384765521381292,43.7,53.296875,-1.0,0,0
2026-07-28T23:34:57.307,10.42.0.1,10.42.0.1|10.42.0.210|10.42.0.47,21,3,UPLOAD,0.9825089052816228,UPLOAD,0.9825089052816228,1,15928,100.0,15,0.0,140344.0,0,15,0.0,1.0,0.1666682447854545,1,0,1,1,1,1,1,1,0.9699999999999999,1.0,1.0,1.0,0.8,skip,attack_already_active,1785296097.307653,1785296097307652857,1384765524351172,43.7,53.296875,-1.0,0,0
2026-07-28T23:34:57.309,10.42.0.1,10.42.0.1|10.42.0.210|10.42.0.47,21,3,UPLOAD,0.9822965593366909,UPLOAD,0.9822965593366909,1,13032,100.0,16,0.0,153376.0,0,16,0.0,1.0,0.14490245588738104,1,0,1,1,1,1,1,1,0.9699999999999999,1.0,1.0,1.0,0.8,skip,attack_already_active,1785296097.3091466,1785296097309146635,1384765525845103,43.7,53.296875,-1.0,0,0
2026-07-28T23:34:57.313,10.42.0.1,10.42.0.1|10.42.0.210|10.42.0.47,21,3,UPLOAD,0.981999624369034,UPLOAD,0.981999624369034,1,5698,100.0,17,0.0,159074.0,0,17,0.0,1.0,0.1263175718710417,1,0,1,1,1,1,1,1,0.9699999999999999,1.0,1.0,1.0,0.8,skip,attack_already_active,1785296097.3130136,1785296097313013523,1384765529711840,43.7,53.296875,-1.0,0,0
2026-07-28T23:34:57.594,10.42.0.1,,22,1,DOWNLOAD,0.9774047380001685,DOWNLOAD,0.9774047380001685,-1,1448,54.935082835680184,9,1448.0,79546.0,1,8,0.017877867496357756,0.9821221325036422,0.14787875182047008,0,0,0,0,1,0,0,0,0.44,0.8500000000000001,0.0,0.6000000000000001,0.15,skip,training_upload_trigger_not_confirmed,1785296097.5946224,1785296097594622373,1384765811321200,43.7,53.296875,-1.0,0,0
2026-07-28T23:34:57.598,10.42.0.1,,22,1,DOWNLOAD,0.95,DOWNLOAD,0.95,-1,5792,10.987016573206212,10,7240.0,79546.0,2,8,0.08342359366718134,0.9165764063328187,0.12888096386821218,0,0,0,0,1,0,0,0,0.44,0.8500000000000001,0.0,0.6000000000000001,0.15,skip,training_upload_trigger_not_confirmed,1785296097.5983322,1785296097598332155,1384765815030856,43.7,53.296875,-1.0,0,0
2026-07-28T23:34:57.599,10.42.0.1,,22,1,DOWNLOAD,0.95,DOWNLOAD,0.95,-1,7240,5.493508286982492,11,14480.0,79546.0,3,8,0.15399995745857528,0.8460000425414247,0.11204352043231877,0,0,0,0,1,0,0,0,0.44,0.8500000000000001,0.0,0.6000000000000001,0.15,skip,training_upload_trigger_not_confirmed,1785296097.5994384,1785296097599438268,1384765816137126,43.7,53.296875,-1.0,0,0
2026-07-28T23:34:57.600,10.42.0.1,,22,1,DOWNLOAD,0.95,DOWNLOAD,0.95,-1,7240,3.662338858072636,12,21720.0,79546.0,4,8,0.21448462465190685,0.7855153753480931,0.09741508274163195,0,0,0,0,1,0,0,0,0.4,0.8500000000000001,0.0,0.4,0.15,skip,training_upload_trigger_not_confirmed,1785296097.6004708,1785296097600470749,1384765817168941,43.7,53.296875,-1.0,0,0
2026-07-28T23:34:57.601,10.42.0.1,,22,1,DOWNLOAD,0.95,DOWNLOAD,0.95,-1,7240,2.7467541435860925,13,28960.0,79546.0,5,8,0.2668976830774335,0.7331023169225664,0.08470930427725155,0,0,0,0,1,0,0,0,0.4,0.8500000000000001,0.0,0.4,0.15,skip,training_upload_trigger_not_confirmed,1785296097.6014652,1785296097601465262,1384765818163728,43.7,53.296875,-1.0,0,0
2026-07-28T23:34:57.603,10.42.0.1,,22,1,DOWNLOAD,0.95,DOWNLOAD,0.95,-1,7240,2.1974033148840495,14,36200.0,79546.0,6,8,0.312753788467852,0.6872462115321479,0.07379532440176967,0,0,0,0,1,0,0,0,0.4,0.8500000000000001,0.0,0.4,0.15,skip,training_upload_trigger_not_confirmed,1785296097.6033514,1785296097603351170,1384765820049573,43.7,53.296875,-1.0,0,0
2026-07-28T23:34:57.604,10.42.0.1,,22,1,DOWNLOAD,0.95,DOWNLOAD,0.95,-1,7240,1.831169429078472,15,43440.0,79546.0,7,8,0.3532109345779194,0.6467890654220806,0.06420585997827204,0,0,0,0,1,0,0,0,0.32,0.8500000000000001,0.0,0.0,0.15,skip,training_upload_trigger_not_confirmed,1785296097.604375,1785296097604374797,1384765821073173,43.7,53.296875,-1.0,0,0
2026-07-28T23:34:57.605,10.42.0.1,,22,1,DOWNLOAD,0.95,DOWNLOAD,0.95,-1,7240,1.5695737963581378,16,50680.0,79546.0,8,8,0.3891695974690154,0.6108304025309846,0.055874763998227675,0,0,0,0,1,0,0,0,0.32,0.8500000000000001,0.0,0.0,0.15,skip,training_upload_trigger_not_confirmed,1785296097.6053584,1785296097605358435,1384765822057193,43.7,53.296875,-1.0,0,0
2026-07-28T23:34:57.606,10.42.0.1,,22,1,DOWNLOAD,0.95,DOWNLOAD,0.95,-1,7240,1.373377071816758,17,57920.0,79546.0,9,8,0.42134054966318946,0.5786594503368105,0.048635587278829266,0,0,0,0,1,0,0,0,0.32,0.8500000000000001,0.0,0.0,0.15,skip,training_upload_trigger_not_confirmed,1785296097.606297,1785296097606297100,1384765822995418,43.7,53.296875,-1.0,0,0
2026-07-28T23:34:57.607,10.42.0.1,,22,1,DOWNLOAD,0.95,DOWNLOAD,0.95,-1,4344,1.2775600668078253,18,62264.0,79546.0,10,8,0.43906635639235597,0.5609336436076441,0.04235320821691552,0,0,0,0,1,0,0,0,0.32,0.8500000000000001,0.0,0.0,0.15,skip,training_upload_trigger_not_confirmed,1785296097.6072574,1785296097607257392,1384765823955811,43.7,53.296875,-1.0,0,0
2026-07-28T23:34:57.608,10.42.0.1,,22,1,DOWNLOAD,0.95,DOWNLOAD,0.95,-1,10136,1.0987016574572002,19,72400.0,79546.0,11,8,0.4764850670632988,0.5235149329367011,0.0369012939695813,0,0,0,0,1,0,0,0,0.30250000000000005,0.8000000000000002,0.0,0.0,0.15,skip,training_upload_trigger_not_confirmed,1785296097.6082375,1785296097608237591,1384765824935956,43.7,53.296875,-1.0,0,0
2026-07-28T23:34:57.609,10.42.0.1,,22,1,DOWNLOAD,0.95,DOWNLOAD,0.95,-1,4344,1.0365109976019427,20,76744.0,79546.0,12,8,0.4910358948109284,0.5089641051890716,0.03216761432117532,0,0,0,0,1,0,0,0,0.30250000000000005,0.8000000000000002,0.0,0.0,0.15,skip,training_upload_trigger_not_confirmed,1785296097.6092162,1785296097609216337,1384765825914620,43.7,53.296875,-1.0,0,0
2026-07-28T23:34:57.610,10.42.0.1,,22,1,DOWNLOAD,0.95,DOWNLOAD,0.95,-1,14480,0.8719854424288347,21,91224.0,79546.0,13,8,0.534192188323476,0.46580781167652396,0.028055984832360048,0,0,0,0,1,0,0,0,0.30250000000000005,0.8000000000000002,0.0,0.0,0.15,skip,training_upload_trigger_not_confirmed,1785296097.6101818,1785296097610181885,1384765826880250,43.7,53.296875,-1.0,0,0
2026-07-28T23:34:57.611,10.42.0.1,,22,1,DOWNLOAD,0.95,DOWNLOAD,0.95,-1,14480,0.7525353818232751,22,105704.0,79546.0,14,8,0.5706018893387315,0.42939811066126854,0.024486665814990514,0,0,0,0,1,0,0,0,0.28500000000000003,0.7500000000000001,0.0,0.0,0.15,skip,training_upload_trigger_not_confirmed,1785296097.6111512,1785296097611151073,1384765827849427,43.7,53.296875,-1.0,0,0
2026-07-28T23:34:57.612,10.42.0.1,,22,1,DOWNLOAD,0.95,DOWNLOAD,0.95,-1,14480,0.6618684683513457,23,120184.0,79546.0,15,8,0.6017323386571872,0.3982676613428128,0.021391493430343085,0,0,0,0,1,0,0,0,0.28500000000000003,0.7500000000000001,0.0,0.0,0.15,skip,training_upload_trigger_not_confirmed,1785296097.6121495,1785296097612149509,1384765828847840,43.7,53.296875,-1.0,0,0
2026-07-28T23:34:57.613,10.42.0.1,,22,1,DOWNLOAD,0.95,DOWNLOAD,0.95,-1,14480,0.5906998158409767,24,134664.0,79546.0,16,8,0.6286541244573083,0.3713458755426918,0.018704625587231093,0,0,0,0,1,0,0,0,0.28500000000000003,0.7500000000000001,0.0,0.0,0.15,skip,training_upload_trigger_not_confirmed,1785296097.613151,1785296097613151076,1384765829849577,43.7,53.296875,-1.0,0,0
2026-07-28T23:34:57.615,10.42.0.1,,22,1,DOWNLOAD,0.95,DOWNLOAD,0.95,-1,14480,0.5333503191577713,25,149144.0,79546.0,17,8,0.6521666885303249,0.3478333114696751,0.016588913124774077,0,0,0,0,1,0,0,0,0.28500000000000003,0.7500000000000001,0.0,0.0,0.15,skip,training_upload_trigger_not_confirmed,1785296097.6158001,1785296097615800183,1384765832500916,43.7,53.296875,-1.0,0,0
2026-07-28T23:34:57.617,10.42.0.1,,22,1,DOWNLOAD,0.95,DOWNLOAD,0.95,-1,18824,0.47357830063182516,26,167968.0,79546.0,18,8,0.6786201992614559,0.3213798007385441,0.014625636437128378,0,0,0,0,1,0,0,0,0.28500000000000003,0.7500000000000001,0.0,0.0,0.15,skip,training_upload_trigger_not_confirmed,1785296097.6174903,1785296097617490288,1384765834189145,43.7,53.296875,-1.0,0,0
2026-07-28T23:34:57.618,10.42.0.1,,22,1,DOWNLOAD,0.95,DOWNLOAD,0.95,-1,18824,0.4258533556071681,27,186792.0,79546.0,19,8,0.7013343946413956,0.2986656053586045,0.012853584741581523,0,0,0,0,1,0,0,0,0.28500000000000003,0.7500000000000001,0.0,0.0,0.15,skip,training_upload_trigger_not_confirmed,1785296097.6186683,1785296097618668243,1384765835366655,43.7,53.296875,-1.0,0,0
2026-07-28T23:34:57.619,10.42.0.1,,22,1,DOWNLOAD,0.95,DOWNLOAD,0.95,-1,18824,0.3868667807982507,28,205616.0,79546.0,20,8,0.721049789242606,0.27895021075739407,0.011300749262746842,0,0,0,0,1,0,0,0,0.28500000000000003,0.7500000000000001,0.0,0.0,0.15,skip,training_upload_trigger_not_confirmed,1785296097.6197379,1785296097619737966,1384765836436406,43.7,53.296875,-1.0,0,0
2026-07-28T23:34:57.620,10.42.0.145,,12,2,TRAINING,0.95,TRAINING,0.95,-1,7300,1.3698630135109776e-10,1,7300.0,0.0,1,0,1.0,0.0,0.9223912969948705,0,0,0,0,0,0,0,0,0.0225,0.0,0.0,0.0,0.15,skip,already_attacked_this_round,1785296097.620763,1785296097620763122,1384765837461707,43.7,53.296875,-1.0,0,0
2026-07-28T23:34:57.621,10.42.0.145,,12,2,TRAINING,0.95,TRAINING,0.95,-1,7300,6.84931506802402e-11,2,14600.0,0.0,2,0,1.0,0.0,0.8009766954362237,0,0,0,0,0,0,0,0,0.0225,0.0,0.0,0.0,0.15,skip,already_attacked_this_round,1785296097.6217725,1785296097621772623,1384765838470993,43.7,53.296875,-1.0,0,0
2026-07-28T23:34:57.622,10.42.0.1,,22,1,DOWNLOAD,0.95,DOWNLOAD,0.95,-1,6784,0.3745103578183874,29,212400.0,79546.0,21,8,0.7275318038267351,0.2724681961732649,0.010211229397828474,0,0,0,0,1,0,0,0,0.28500000000000003,0.7500000000000001,0.0,0.0,0.15,skip,training_upload_trigger_not_confirmed,1785296097.6227705,1785296097622770382,1384765839468736,43.7,53.296875,-1.0,0,0
2026-07-28T23:34:57.623,10.42.0.210,,22,1,DOWNLOAD,0.9833263223174236,DOWNLOAD,0.9833263223174236,-1,7240,7.599999999088397,39,7240.0,55024.0,1,38,0.11627906976744186,0.8837209302325582,0.04411144515148871,0,0,0,0,0,0,0,0,0.057499999999999996,0.1,0.0,0.0,0.15,skip,training_upload_trigger_not_confirmed,1785296097.6238127,1785296097623812532,1384765840511143,43.7,53.296875,-1.0,0,0
2026-07-28T23:34:57.624,10.42.0.210,,22,1,DOWNLOAD,0.95,DOWNLOAD,0.95,-1,7240,3.7999999998066296,40,14480.0,55024.0,2,38,0.20833333333333334,0.7916666666666666,0.0384071674631989,0,0,0,0,0,0,0,0,0.057499999999999996,0.1,0.0,0.0,0.15,skip,training_upload_trigger_not_confirmed,1785296097.624636,1785296097624635976,1384765841334209,43.7,53.296875,-1.0,0,0
2026-07-28T23:34:57.625,10.42.0.1,,22,1,DOWNLOAD,0.95,DOWNLOAD,0.95,-1,21720,0.3397659320035034,30,234120.0,79546.0,22,8,0.7463990359171858,0.2536009640828142,0.009211807880642681,0,0,0,0,1,0,0,0,0.28500000000000003,0.7500000000000001,0.0,0.0,0.15,skip,training_upload_trigger_not_confirmed,1785296097.6253974,1785296097625397582,1384765842095827,43.7,53.296875,-1.0,0,0
2026-07-28T23:34:57.626,10.42.0.1,,22,1,DOWNLOAD,0.95,DOWNLOAD,0.95,-1,14024,0.320563866144978,31,248144.0,79546.0,23,8,0.7572522811193506,0.2427477188806494,0.0081388341956195,0,0,0,0,1,0,0,0,0.28500000000000003,0.7500000000000001,0.0,0.0,0.15,skip,training_upload_trigger_not_confirmed,1785296097.6264668,1785296097626466856,1384765843165207,43.7,53.296875,-1.0,0,0
2026-07-28T23:34:57.627,10.42.0.1,,22,1,DOWNLOAD,0.95,DOWNLOAD,0.95,-1,16920,0.30010110765965914,32,265064.0,79546.0,24,8,0.7691709468674733,0.23082905313252663,0.0071559463004938475,0,0,0,0,1,0,0,0,0.28500000000000003,0.7500000000000001,0.0,0.0,0.15,skip,training_upload_trigger_not_confirmed,1785296097.6271467,1785296097627146749,1384765843844807,43.7,53.296875,-1.0,0,0
2026-07-28T23:34:57.627,10.42.0.1,,22,1,DOWNLOAD,0.95,DOWNLOAD,0.95,-1,14024,0.2850212119500479,33,279088.0,79546.0,25,8,0.7781972707551431,0.22180272924485686,0.00632186826933478,0,0,0,0,1,0,0,0,0.28500000000000003,0.7500000000000001,0.0,0.0,0.15,skip,training_upload_trigger_not_confirmed,1785296097.627973,1785296097627973103,1384765844671310,43.7,53.296875,-1.0,0,0
2026-07-28T23:34:57.631,10.42.0.210,,22,1,DOWNLOAD,0.9557926560077417,DOWNLOAD,0.9557926560077417,-1,10136,2.2352941175968764,41,24616.0,55024.0,3,38,0.3090909090909091,0.6909090909090909,0.03420663961188523,0,0,0,0,0,0,0,0,0.057499999999999996,0.1,0.0,0.0,0.15,skip,training_upload_trigger_not_confirmed,1785296097.6311665,1785296097631166530,1384765847864905,43.7,53.296875,-1.0,0,0
2026-07-28T23:34:57.631,10.42.0.210,,22,1,DOWNLOAD,0.9846998846180315,DOWNLOAD,0.9846998846180315,0,43,2.2352941175968764,41,24616.0,55024.0,3,38,0.3090909090909091,0.6909090909090909,0.07197921655990758,0,0,0,0,0,0,0,0,0.057499999999999996,0.1,0.0,0.0,0.15,skip,training_upload_trigger_not_confirmed,1785296097.63193,1785296097631930099,1384765848628206,43.7,53.296875,-1.0,0,0
2026-07-28T23:34:57.633,10.42.0.210,,22,1,DOWNLOAD,0.9854895428954357,DOWNLOAD,0.9854895428954357,-1,14480,1.4074074073969867,42,39096.0,55024.0,4,38,0.4153846153846154,0.5846153846153846,0.06283790078279526,0,0,0,0,0,0,0,0,0.057499999999999996,0.1,0.0,0.0,0.15,skip,training_upload_trigger_not_confirmed,1785296097.6337748,1785296097633774765,1384765850473145,43.7,53.296875,-1.0,0,0
2026-07-28T23:34:57.634,10.42.0.210,,22,1,DOWNLOAD,0.9855083405864443,DOWNLOAD,0.9855083405864443,-1,4344,1.266666666660528,43,43440.0,55024.0,5,38,0.4411764705882353,0.5588235294117647,0.05465982794250189,0,0,0,0,0,0,0,0,0.057499999999999996,0.1,0.0,0.0,0.15,skip,training_upload_trigger_not_confirmed,1785296097.6345515,1785296097634551496,1384765851249883,43.7,53.296875,-1.0,0,0
2026-07-28T23:34:57.635,10.42.0.145,,12,2,TRAINING,0.8950992793460012,TRAINING,0.8950992793460012,0,43,6.84931506802402e-11,2,14600.0,0.0,2,0,1.0,0.0,0.9341714619313393,0,0,0,0,0,0,0,0,0.0225,0.0,0.0,0.0,0.15,skip,already_attacked_this_round,1785296097.6355124,1785296097635512296,1384765852210854,43.7,53.296875,-1.0,0,0
2026-07-28T23:34:57.636,10.42.0.145,,12,2,TRAINING,0.95,TRAINING,0.95,-1,14600,3.424657534129292e-11,3,29200.0,0.0,3,0,1.0,0.0,0.812979654524417,0,0,0,0,0,0,0,0,0.0225,0.0,0.0,0.0,0.15,skip,already_attacked_this_round,1785296097.6362529,1785296097636252950,1384765852951130,43.7,53.296875,-1.0,0,0
2026-07-28T23:34:57.636,10.42.0.145,,12,2,TRAINING,0.9511227576973563,TRAINING,0.9511227576973563,-1,14600,2.2831050227789245e-11,4,43800.0,0.0,4,0,1.0,0.0,0.705939075149534,0,0,0,0,0,0,0,0,0.0225,0.0,0.0,0.0,0.15,skip,already_attacked_this_round,1785296097.6369312,1785296097636930948,1384765853629089,43.7,53.296875,-1.0,0,0
2026-07-28T23:34:57.638,10.42.0.47,,21,3,UPLOAD,0.6609900508587928,UPLOAD,0.6609900508587928,0,43,1.0,0,0.0,0.0,0,0,0.0,0.0,0.17355026894637582,0,0,1,0,0,0,0,0,0.4375,0.05,1.0,0.0,0.8,skip,attack_already_active,1785296097.638789,1785296097638788839,1384765855487331,43.7,53.296875,-1.0,0,0
2026-07-28T23:34:57.639,10.42.0.47,,22,1,DOWNLOAD,0.9664492818498212,DOWNLOAD,0.9664492818498212,-1,8688,1.1510128912119e-10,1,8688.0,0.0,1,0,1.0,0.0,0.3014500955297215,0,0,0,0,0,0,0,0,0.0225,0.0,0.0,0.0,0.15,skip,training_upload_trigger_not_confirmed,1785296097.639856,1785296097639856039,1384765856556917,43.7,53.296875,-1.0,0,0
2026-07-28T23:34:57.642,10.42.0.47,,22,1,DOWNLOAD,0.9827184205806244,DOWNLOAD,0.9827184205806244,-1,8688,5.7550644563907074e-11,2,17376.0,0.0,2,0,1.0,0.0,0.2620851742079817,0,0,0,0,0,0,0,0,0.0225,0.0,0.0,0.0,0.15,skip,training_upload_trigger_not_confirmed,1785296097.6425767,1785296097642576514,1384765859276064,43.7,53.296875,-1.0,0,0
2026-07-28T23:34:57.645,10.42.0.59,,7,3,UPLOAD,0.9841010226033655,UPLOAD,0.9841010226033655,0,43,1.0,0,0.0,0.0,0,0,0.0,0.0,0.6396360382533247,0,0,0,0,0,0,0,0,0.4375,0.05,1.0,0.0,0.8,skip,already_attacked_this_round,1785296097.6452289,1785296097645228911,1384765861927699,43.7,53.296875,-1.0,0,0
2026-07-28T23:34:57.646,10.42.0.59,,7,1,DOWNLOAD,0.95,DOWNLOAD,0.95,-1,14600,6.84931506802402e-11,1,14600.0,0.0,1,0,1.0,0.0,0.7961911086910098,0,0,0,0,0,0,0,0,0.0225,0.0,0.0,0.0,0.15,skip,already_attacked_this_round,1785296097.6460872,1785296097646087251,1384765862785964,43.7,53.296875,-1.0,0,0
2026-07-28T23:34:57.646,10.42.0.59,,7,1,DOWNLOAD,0.95,DOWNLOAD,0.95,-1,14600,3.424657534129292e-11,2,29200.0,0.0,2,0,1.0,0.0,0.6913753980176841,0,0,0,0,0,0,0,0,0.0225,0.0,0.0,0.0,0.15,skip,already_attacked_this_round,1785296097.6468608,1785296097646860899,1384765863559208,43.7,53.296875,-1.0,0,0
2026-07-28T23:34:57.649,10.42.0.18,,19,3,UPLOAD,0.9841010226033655,UPLOAD,0.9841010226033655,0,43,1.0,0,0.0,0.0,0,0,0.0,0.0,0.5090393121070387,0,0,1,0,0,0,0,0,0.4375,0.05,1.0,0.0,0.8,skip,attack_already_active,1785296097.6492486,1785296097649248422,1384765865947139,43.7,53.296875,-1.0,0,0
2026-07-28T23:34:57.650,10.42.0.18,,19,1,DOWNLOAD,0.95,DOWNLOAD,0.95,-1,10220,9.784735811175661e-11,1,10220.0,0.0,1,0,1.0,0.0,0.6666555196376669,0,0,0,0,0,0,0,0,0.0225,0.0,0.0,0.0,0.15,skip,already_attacked_this_round,1785296097.6502602,1785296097650260119,1384765866958229,43.7,53.296875,-1.0,0,0
2026-07-28T23:34:57.651,10.42.0.18,,19,1,DOWNLOAD,0.95,DOWNLOAD,0.95,-1,14600,4.029008863657171e-11,2,24820.0,0.0,2,0,1.0,0.0,0.5789327926771759,0,0,0,0,0,0,0,0,0.0225,0.0,0.0,0.0,0.15,skip,already_attacked_this_round,1785296097.6512122,1785296097651212260,1384765867910591,43.7,53.296875,-1.0,0,0
2026-07-28T23:34:57.652,10.42.0.210,,22,1,DOWNLOAD,0.9855087208476458,DOWNLOAD,0.9855087208476458,-1,18824,0.8837209302344257,44,62264.0,55024.0,6,38,0.5308641975308642,0.4691358024691358,0.049882613401591974,0,0,0,0,0,0,0,0,0.039999999999999994,0.05,0.0,0.0,0.15,skip,training_upload_trigger_not_confirmed,1785296097.6529584,1785296097652958498,1384765869656669,43.7,53.296875,-1.0,0,0
2026-07-28T23:34:57.653,10.42.0.210,,22,1,DOWNLOAD,0.9855087261970161,DOWNLOAD,0.9855087261970161,-1,1448,0.8636363636385039,45,63712.0,55024.0,7,38,0.5365853658536586,0.4634146341463415,0.043396479195366135,0,0,0,0,0,0,0,0,0.039999999999999994,0.05,0.0,0.0,0.15,skip,training_upload_trigger_not_confirmed,1785296097.6536195,1785296097653619469,1384765870317620,43.7,53.296875,-1.0,0,0
2026-07-28T23:34:57.654,10.42.0.210,,22,1,DOWNLOAD,0.9855087261721334,DOWNLOAD,0.9855087261721334,-1,15472,0.6948878561364052,46,79184.0,55024.0,8,38,0.5900095374344302,0.40999046256556987,0.03783250521166774,0,0,0,0,0,0,0,0,0.0225,0.0,0.0,0.0,0.15,skip,training_upload_trigger_not_confirmed,1785296097.6547925,1785296097654792457,1384765871490622,43.7,53.296875,-1.0,0,0
2026-07-28T23:34:57.656,10.42.0.145,,12,2,TRAINING,0.9648762203886692,TRAINING,0.9648762203886692,-1,29200,1.369863013679865e-11,5,73000.0,0.0,5,0,1.0,0.0,0.6154329109385913,0,0,0,0,0,0,0,0,0.0225,0.0,0.0,0.0,0.15,skip,already_attacked_this_round,1785296097.656044,1785296097656043911,1384765872742408,43.7,53.296875,-1.0,0,0
2026-07-28T23:34:57.656,10.42.0.47,,22,1,DOWNLOAD,0.9841408557111064,DOWNLOAD,0.9841408557111064,-1,1448,5.3123671905380167e-11,3,18824.0,0.0,3,0,1.0,0.0,0.22942312379515492,0,0,0,0,0,0,0,0,0.0225,0.0,0.0,0.0,0.15,skip,training_upload_trigger_not_confirmed,1785296097.6567986,1785296097656798755,1384765873496840,43.7,53.296875,-1.0,0,0
2026-07-28T23:34:57.657,10.42.0.47,,22,1,DOWNLOAD,0.9841978421194352,DOWNLOAD,0.9841978421194352,-1,8688,3.634777551481725e-11,4,27512.0,0.0,4,0,1.0,0.0,0.19932651712764635,0,0,0,0,0,0,0,0,0.0225,0.0,0.0,0.0,0.15,skip,training_upload_trigger_not_confirmed,1785296097.657827,1785296097657826767,1384765874524973,65.5,53.30078125,-1.0,0,0
2026-07-28T23:34:57.659,10.42.0.47,,22,1,DOWNLOAD,0.9842054712089287,DOWNLOAD,0.9842054712089287,-1,8688,2.762430939150209e-11,5,36200.0,0.0,5,0,1.0,0.0,0.1732226425103893,0,0,0,0,0,0,0,0,0.0225,0.0,0.0,0.0,0.15,skip,training_upload_trigger_not_confirmed,1785296097.6590583,1785296097659058360,1384765875756596,65.5,53.30078125,-1.0,0,0
2026-07-28T23:34:57.659,10.42.0.18,,19,1,DOWNLOAD,0.9503367674819292,DOWNLOAD,0.9503367674819292,-1,4380,3.424657534129292e-11,3,29200.0,0.0,3,0,1.0,0.0,0.5037655213770998,0,0,0,0,0,0,0,0,0.0225,0.0,0.0,0.0,0.15,skip,already_attacked_this_round,1785296097.6597214,1785296097659721372,1384765876419461,65.5,53.30078125,-1.0,0,0
2026-07-28T23:34:57.660,10.42.0.18,,19,1,DOWNLOAD,0.9532935883565719,DOWNLOAD,0.9532935883565719,-1,14600,2.2831050227789245e-11,4,43800.0,0.0,4,0,1.0,0.0,0.4375046155824149,0,0,0,0,0,0,0,0,0.0225,0.0,0.0,0.0,0.15,skip,already_attacked_this_round,1785296097.6606512,1785296097660651319,1384765877349433,65.5,53.30078125,-1.0,0,0
2026-07-28T23:34:57.662,10.42.0.59,,7,1,DOWNLOAD,0.95,DOWNLOAD,0.95,-1,23360,1.9025875189896766e-11,3,52560.0,0.0,3,0,1.0,0.0,0.6022667930121739,0,0,0,0,0,0,0,0,0.0225,0.0,0.0,0.0,0.15,skip,already_attacked_this_round,1785296097.6620157,1785296097662015625,1384765878713771,65.5,53.30078125,-1.0,0,0
2026-07-28T23:34:57.663,10.42.0.59,,7,1,DOWNLOAD,0.95,DOWNLOAD,0.95,-1,12024,1.5483711135645304e-11,4,64584.0,0.0,4,0,1.0,0.0,0.5230725894330672,0,0,0,0,0,0,0,0,0.0225,0.0,0.0,0.0,0.15,skip,already_attacked_this_round,1785296097.6632996,1785296097663299645,1384765879998414,65.5,53.30078125,-1.0,0,0
2026-07-28T23:34:57.666,10.42.0.47,,22,1,DOWNLOAD,0.9842123615144022,DOWNLOAD,0.9842123615144022,-1,8688,2.22776688642337e-11,6,44888.0,0.0,6,0,1.0,0.0,0.15134575710586234,0,0,0,0,0,0,0,0,0.0225,0.0,0.0,0.0,0.15,skip,training_upload_trigger_not_confirmed,1785296097.6662633,1785296097666263408,1384765882961996,65.5,53.30078125,-1.0,0,0
2026-07-28T23:34:57.667,10.42.0.47,,22,1,DOWNLOAD,0.9842220559461581,DOWNLOAD,0.9842220559461581,-1,8688,1.8665073913344312e-11,7,53576.0,0.0,7,0,1.0,0.0,0.13150218936898553,0,0,0,0,0,0,0,0,0.0225,0.0,0.0,0.0,0.15,skip,training_upload_trigger_not_confirmed,1785296097.6670218,1785296097667021884,1384765883720146,65.5,53.30078125,-1.0,0,0
2026-07-28T23:34:57.672,10.42.0.18,,19,1,DOWNLOAD,0.9535551264324009,DOWNLOAD,0.9535551264324009,-1,361,2.2644414754587883e-11,5,44161.0,0.0,5,0,1.0,0.0,0.38136677996316876,0,0,0,0,0,0,0,0,0.0225,0.0,0.0,0.0,0.15,skip,already_attacked_this_round,1785296097.6721413,1785296097672141440,1384765888839612,65.5,53.30078125,-1.0,0,0
2026-07-28T23:34:57.675,10.42.0.47,,22,1,DOWNLOAD,0.9842316683360584,DOWNLOAD,0.9842316683360584,-1,1448,1.8173887757738915e-11,8,55024.0,0.0,8,0,1.0,0.0,0.11531658903642614,0,0,0,0,0,0,0,0,0.0225,0.0,0.0,0.0,0.15,skip,training_upload_trigger_not_confirmed,1785296097.675696,1785296097675695771,1384765892394384,65.5,53.30078125,-1.0,0,0
2026-07-28T23:34:57.676,10.42.0.47,,22,1,DOWNLOAD,0.9842226799984617,DOWNLOAD,0.9842226799984617,-1,8688,1.569563033626796e-11,9,63712.0,0.0,9,0,1.0,0.0,0.10026890878206608,0,0,0,0,0,0,0,0,0.0225,0.0,0.0,0.0,0.15,skip,training_upload_trigger_not_confirmed,1785296097.6768198,1785296097676819586,1384765893517802,65.5,53.30078125,-1.0,0,0
2026-07-28T23:34:57.677,10.42.0.47,,22,1,DOWNLOAD,0.9842278152777918,DOWNLOAD,0.9842278152777918,-1,1009,1.5450935553909072e-11,10,64721.0,0.0,10,0,1.0,0.0,0.08718606354778378,0,0,0,0,0,0,0,0,0.0225,0.0,0.0,0.0,0.15,skip,training_upload_trigger_not_confirmed,1785296097.6778066,1785296097677806479,1384765894504803,65.5,53.30078125,-1.0,0,0
2026-07-28T23:34:57.972,10.42.0.145,,12,3,UPLOAD,0.95,UPLOAD,0.95,1,64240,0.8800000000016439,6,73000.0,64240.0,5,1,0.5319148936170213,0.46808510638297873,0.5787397831932659,0,0,0,1,1,1,1,1,0.85,1.0,1.0,0.4,0.8,skip,already_attacked_this_round,1785296097.9724913,1785296097972491329,1384766189190182,65.5,53.30078125,-1.0,0,0
2026-07-28T23:34:57.974,10.42.0.1,10.42.0.1,22,3,UPLOAD,0.95,UPLOAD,0.95,1,7240,0.3109628504295743,34,279088.0,86786.0,25,9,0.7627981217577636,0.2372018782422364,0.04352962826721278,1,0,0,0,1,0,0,0,0.85,1.0,1.0,0.4,0.8,trigger,training_upload_trigger_confirmed,1785296097.9742405,1785296097974240565,1384766190939648,65.5,53.30078125,13.989691,1785296097988232041,1384766204929339
2026-07-28T23:34:57.975,10.42.0.1,10.42.0.1,22,3,UPLOAD,0.95,UPLOAD,0.95,1,7240,0.3369044889091007,35,279088.0,94026.0,25,10,0.7479965908542697,0.2520034091457303,0.03795973310349801,1,0,1,0,1,0,0,0,0.85,1.0,1.0,0.4,0.8,skip,attack_already_active,1785296097.9755018,1785296097975501739,1384766192200318,65.5,53.30078125,-1.0,0,0
2026-07-28T23:34:57.995,10.42.0.59,10.42.0.1,7,3,UPLOAD,0.95,UPLOAD,0.95,1,32120,0.49733680169241085,5,64584.0,32120.0,4,1,0.6678524156187955,0.3321475843812045,0.5003636110297228,0,0,0,1,1,1,1,1,0.85,1.0,1.0,0.4,0.8,skip,already_attacked_this_round,1785296097.9959693,1785296097995969194,1384766212667765,65.5,53.30078125,-1.0,0,0
2026-07-28T23:34:57.999,10.42.0.59,10.42.0.1,7,3,UPLOAD,0.9841010226033655,UPLOAD,0.9841010226033655,1,47408,1.2313885792110832,6,64584.0,79528.0,4,2,0.44815143777062283,0.5518485622293772,0.43492328732100727,0,0,0,1,1,1,1,1,0.9299999999999999,1.0,1.0,0.8,0.8,skip,already_attacked_this_round,1785296097.9997244,1785296097999724406,1384766216423415,65.5,53.30078125,-1.0,0,0
2026-07-28T23:34:58.001,10.42.0.1,10.42.0.1,22,3,UPLOAD,0.95,UPLOAD,0.95,1,7240,0.36284612738862704,36,279088.0,101266.0,25,11,0.7337585512443671,0.26624144875563294,0.03642333466985043,1,0,1,1,1,1,1,1,0.9699999999999999,1.0,1.0,1.0,0.8,skip,attack_already_active,1785296098.0018022,1785296098001802151,1384766218501149,65.5,53.30078125,-1.0,0,0
2026-07-28T23:34:58.002,10.42.0.1,10.42.0.1,22,3,UPLOAD,0.95,UPLOAD,0.95,1,7240,0.38878776586815345,37,279088.0,108506.0,25,12,0.7200524259921465,0.2799475740078536,0.031774818596285365,1,0,1,1,1,1,1,1,0.9699999999999999,1.0,1.0,1.0,0.8,skip,attack_already_active,1785296098.0029492,1785296098002949113,1384766219647628,65.5,53.30078125,-1.0,0,0
2026-07-28T23:34:58.019,10.42.0.1,10.42.0.1,22,3,UPLOAD,0.95,UPLOAD,0.95,1,14480,0.4406710428272062,38,279088.0,122986.0,25,13,0.6941209827046763,0.30587901729532374,0.02978844050676932,1,0,1,1,1,1,1,1,0.9699999999999999,1.0,1.0,1.0,0.8,skip,attack_already_active,1785296098.01965,1785296098019649990,1384766236348567,65.5,53.30078125,-1.0,0,0
2026-07-28T23:34:58.020,10.42.0.1,10.42.0.1,22,3,UPLOAD,0.95,UPLOAD,0.95,1,14480,0.49255431978625897,39,279088.0,137466.0,25,14,0.6699923659357491,0.330007634064251,0.025965568407991878,1,0,1,1,1,1,1,1,0.9699999999999999,1.0,1.0,1.0,0.8,skip,attack_already_active,1785296098.0204277,1785296098020427791,1384766237126064,65.5,53.30078125,-1.0,0,0
2026-07-28T23:34:58.021,10.42.0.1,10.42.0.1,22,3,UPLOAD,0.9185051974013088,UPLOAD,0.9185051974013088,0,43,0.49255431978625897,39,279088.0,137466.0,25,14,0.6699923659357491,0.330007634064251,0.06661550152007975,1,0,1,1,1,1,1,1,0.8025,0.7500000000000001,1.0,0.6000000000000001,0.8,skip,attack_already_active,1785296098.0210917,1785296098021091621,1384766237789751,65.5,53.30078125,-1.0,0,0
2026-07-28T23:34:58.022,10.42.0.1,10.42.0.1,22,3,UPLOAD,0.9122854980824222,UPLOAD,0.9122854980824222,0,43,0.49255431978625897,39,279088.0,137466.0,25,14,0.6699923659357491,0.330007634064251,0.05796046713964671,1,0,1,1,1,1,1,1,0.8025,0.7500000000000001,1.0,0.6000000000000001,0.8,skip,attack_already_active,1785296098.0220265,1785296098022026428,1384766238724630,65.5,53.30078125,-1.0,0,0
2026-07-28T23:34:58.023,10.42.0.1,10.42.0.1,22,3,UPLOAD,0.95,UPLOAD,0.95,1,14480,0.5444375967453118,40,279088.0,151946.0,25,15,0.6474848851830715,0.3525151148169286,0.050696782490209286,1,0,1,1,1,1,1,1,0.9699999999999999,1.0,1.0,1.0,0.8,skip,attack_already_active,1785296098.023266,1785296098023266003,1384766239964252,65.5,53.30078125,-1.0,0,0
2026-07-28T23:34:58.023,10.42.0.1,10.42.0.1,22,3,UPLOAD,0.95,UPLOAD,0.95,1,14480,0.5963208737043645,41,279088.0,166426.0,25,16,0.6264404710065228,0.3735595289934772,0.0441087968091462,1,0,1,1,1,1,1,1,0.9699999999999999,1.0,1.0,1.0,0.8,skip,attack_already_active,1785296098.0239685,1785296098023968524,1384766240666767,65.5,53.30078125,-1.0,0,0
2026-07-28T23:34:58.026,10.42.0.1,10.42.0.1,22,3,UPLOAD,0.95,UPLOAD,0.95,1,14480,0.6482041506634173,42,279088.0,180906.0,25,17,0.606720957229877,0.3932790427701231,0.03868297565197521,1,0,1,1,1,1,1,1,0.9699999999999999,1.0,1.0,1.0,0.8,skip,attack_already_active,1785296098.0269022,1785296098026902192,1384766243600497,65.5,53.30078125,-1.0,0,0
2026-07-28T23:34:58.027,10.42.0.1,10.42.0.1,22,3,UPLOAD,0.95,UPLOAD,0.95,1,14480,0.70008742762247,43,279088.0,195386.0,25,18,0.5882050439012464,0.41179495609875355,0.03371728058470491,1,0,1,1,1,1,1,1,0.9699999999999999,1.0,1.0,1.0,0.8,skip,attack_already_active,1785296098.027902,1785296098027901911,1384766244600222,65.5,53.30078125,-1.0,0,0
2026-07-28T23:34:58.029,10.42.0.1,10.42.0.1,22,3,UPLOAD,0.95,UPLOAD,0.95,1,7129,0.7256313420866335,44,279088.0,202515.0,25,19,0.5794980512995144,0.4205019487004857,0.02943556403224367,1,0,1,1,1,1,1,1,0.9699999999999999,1.0,1.0,1.0,0.8,skip,attack_already_active,1785296098.0291264,1785296098029126340,1384766245824558,65.5,53.30078125,-1.0,0,0
2026-07-28T23:34:58.030,10.42.0.1,10.42.0.1,22,3,UPLOAD,0.95,UPLOAD,0.95,1,14480,0.7775146190456863,45,279088.0,216995.0,25,20,0.5625832773951133,0.4374167226048867,0.025681781212722212,1,0,1,1,1,1,1,1,0.9699999999999999,1.0,1.0,1.0,0.8,skip,attack_already_active,1785296098.0300756,1785296098030075726,1384766246774007,65.5,53.30078125,-1.0,0,0
2026-07-28T23:34:58.031,10.42.0.1,10.42.0.1,22,3,UPLOAD,0.95,UPLOAD,0.95,1,13032,0.8242095683088337,46,279088.0,230027.0,25,21,0.5481826306433714,0.45181736935662864,0.022422871052558403,1,0,1,1,1,1,1,1,0.9699999999999999,1.0,1.0,1.0,0.8,skip,attack_already_active,1785296098.0310264,1785296098031026494,1384766247724657,65.5,53.30078125,-1.0,0,0
2026-07-28T23:34:58.031,10.42.0.1,10.42.0.1,22,3,UPLOAD,0.95,UPLOAD,0.95,1,8576,0.854938227369665,47,279088.0,238603.0,25,22,0.5391015103604273,0.46089848963957264,0.01959472158180425,1,0,1,1,1,1,1,1,0.9699999999999999,1.0,1.0,1.0,0.8,skip,attack_already_active,1785296098.0319872,1785296098031987096,1384766248685591,65.5,53.30078125,-1.0,0,0
2026-07-28T23:34:58.063,10.42.0.18,10.42.0.1,19,3,UPLOAD,0.95,UPLOAD,0.95,1,8760,0.19836507327283429,6,44161.0,8760.0,5,1,0.834470248105667,0.16552975189433305,0.3856982072817066,0,0,0,1,1,1,1,1,0.9699999999999999,1.0,1.0,1.0,0.8,skip,already_attacked_this_round,1785296098.0634854,1785296098063485540,1384766280184227,65.5,53.30078125,-1.0,0,0
2026-07-28T23:34:58.065,10.42.0.18,10.42.0.1,19,3,UPLOAD,0.9841010226033655,UPLOAD,0.9841010226033655,1,64240,1.65304227710756,7,44161.0,73000.0,5,2,0.3769257688138544,0.6230742311861456,0.33514256147957233,0,0,0,1,1,1,1,1,0.9699999999999999,1.0,1.0,1.0,0.8,skip,already_attacked_this_round,1785296098.0655308,1785296098065530882,1384766282229764,65.5,53.30078125,-1.0,0,0
2026-07-28T23:34:58.066,10.42.0.1,10.42.0.1,22,3,UPLOAD,0.95,UPLOAD,0.95,1,7240,0.8808798658491914,48,279088.0,245843.0,25,23,0.5316660665877991,0.46833393341220086,0.021585891847428304,1,0,1,1,1,1,1,1,0.9699999999999999,1.0,1.0,1.0,0.8,skip,attack_already_active,1785296098.0666924,1785296098066692453,1384766283391713,65.5,53.30078125,-1.0,0,0
2026-07-28T23:34:58.067,10.42.0.1,10.42.0.1,22,3,UPLOAD,0.95,UPLOAD,0.95,1,7240,0.9068215043287178,49,279088.0,253083.0,25,24,0.5244329360299603,0.4755670639700397,0.018889650094164233,1,0,1,1,1,1,1,1,0.9699999999999999,1.0,1.0,1.0,0.8,skip,attack_already_active,1785296098.0678172,1785296098067817122,1384766284515661,65.5,53.30078125,-1.0,0,0
2026-07-28T23:34:58.070,10.42.0.1,10.42.0.1,22,3,UPLOAD,0.7632804949385783,UPLOAD,0.7632804949385783,0,43,0.9068215043287178,49,279088.0,253083.0,25,24,0.5244329360299603,0.4755670639700397,0.022803013647283075,1,0,1,1,1,1,1,1,0.8200000000000001,0.8000000000000002,1.0,0.6000000000000001,0.8,skip,attack_already_active,1785296098.0706136,1785296098070613399,1384766287311660,65.5,53.30078125,-1.0,0,0
2026-07-28T23:34:58.071,10.42.0.1,10.42.0.1,22,3,UPLOAD,0.95,UPLOAD,0.95,1,14480,0.9587047812877705,50,279088.0,267563.0,25,25,0.5105414606394207,0.48945853936057926,0.02025958718956542,1,0,1,1,1,1,1,1,0.9699999999999999,1.0,1.0,1.0,0.8,skip,attack_already_active,1785296098.0713189,1785296098071318821,1384766288017038,65.5,53.30078125,-1.0,0,0
2026-07-28T23:34:58.072,10.42.0.1,10.42.0.1,22,3,UPLOAD,0.95,UPLOAD,0.95,1,14480,1.0105880582468232,51,279088.0,282043.0,25,26,0.497366925013945,0.5026330749860549,0.017682729507962947,1,0,1,1,1,1,1,1,0.9699999999999999,1.0,1.0,1.0,0.8,skip,attack_already_active,1785296098.0720234,1785296098072023253,1384766288721418,65.5,53.30078125,-1.0,0,0
2026-07-28T23:34:58.075,10.42.0.1,10.42.0.1,22,3,UPLOAD,0.95,UPLOAD,0.95,1,14480,1.062471335205876,52,279088.0,296523.0,25,27,0.484855223406085,0.515144776593915,0.015479712350931554,1,0,1,1,1,1,1,1,0.9699999999999999,1.0,1.0,1.0,0.8,skip,attack_already_active,1785296098.0759165,1785296098075916626,1384766292614766,65.5,53.30078125,-1.0,0,0
2026-07-28T23:34:58.076,10.42.0.1,10.42.0.1,22,3,UPLOAD,0.95,UPLOAD,0.95,1,13032,1.1091662844690235,53,279088.0,309555.0,25,28,0.47412098674408765,0.5258790132559124,0.01356652534727374,1,0,1,1,1,1,1,1,0.9699999999999999,1.0,1.0,1.0,0.8,skip,attack_already_active,1785296098.0768776,1785296098076877681,1384766293575777,65.5,53.30078125,-1.0,0,0
2026-07-28T23:34:58.078,10.42.0.1,10.42.0.1,22,3,UPLOAD,0.95,UPLOAD,0.95,1,8576,1.1398949435298547,54,279088.0,318131.0,25,29,0.4673126608497051,0.532687339150295,0.011939409842334858,1,0,1,1,1,1,1,1,0.9699999999999999,1.0,1.0,1.0,0.8,skip,attack_already_active,1785296098.0780964,1785296098078096483,1384766294794542,65.5,53.30078125,-1.0,0,0
2026-07-28T23:34:59.416,10.42.0.210,10.42.0.1|10.42.0.210,22,3,UPLOAD,0.95,UPLOAD,0.95,1,1448,100.0,1,0.0,1448.0,0,1,0.0,1.0,0.2679898428418669,1,0,0,1,1,1,1,1,0.9525,0.95,1.0,1.0,0.8,trigger,training_upload_trigger_confirmed,1785296099.416363,1785296099416362931,1384767633062289,7.4,53.3046875,7.391571,1785296099423756565,1384767640453860
2026-07-28T23:34:59.417,10.42.0.210,10.42.0.1|10.42.0.210,22,3,UPLOAD,0.9841010226033655,UPLOAD,0.9841010226033655,1,1448,100.0,2,0.0,2896.0,0,2,0.0,1.0,0.23282300306714673,1,0,1,1,1,1,1,1,0.9699999999999999,1.0,1.0,1.0,0.8,skip,attack_already_active,1785296099.4174814,1785296099417481395,1384767634180425,7.4,53.3046875,-1.0,0,0
2026-07-28T23:34:59.419,10.42.0.210,10.42.0.1|10.42.0.210,22,3,UPLOAD,0.9854688349332961,UPLOAD,0.9854688349332961,1,1448,100.0,3,0.0,4344.0,0,3,0.0,1.0,0.2023561687990964,1,0,1,1,1,1,1,1,0.9699999999999999,1.0,1.0,1.0,0.8,skip,attack_already_active,1785296099.4191,1785296099419100156,1384767635799392,7.4,53.3046875,-1.0,0,0
2026-07-28T23:34:59.420,10.42.0.210,10.42.0.1|10.42.0.210,22,3,UPLOAD,0.9855076450773014,UPLOAD,0.9855076450773014,1,1448,100.0,4,0.0,5792.0,0,4,0.0,1.0,0.1758274896121919,1,0,1,1,1,1,1,1,0.9699999999999999,1.0,1.0,1.0,0.8,skip,attack_already_active,1785296099.4201374,1785296099420137580,1384767636836211,7.4,53.3046875,-1.0,0,0
2026-07-28T23:34:59.421,10.42.0.210,10.42.0.1|10.42.0.210,22,3,UPLOAD,0.9855086980780915,UPLOAD,0.9855086980780915,1,1448,100.0,5,0.0,7240.0,0,5,0.0,1.0,0.15287774368911844,1,0,1,1,1,1,1,1,0.9699999999999999,1.0,1.0,1.0,0.8,skip,attack_already_active,1785296099.4218056,1785296099421805566,1384767638504139,7.4,53.3046875,-1.0,0,0
2026-07-28T23:34:59.422,10.42.0.210,10.42.0.1|10.42.0.210,22,3,UPLOAD,0.9855087254685951,UPLOAD,0.9855087254685951,1,1448,100.0,6,0.0,8688.0,0,6,0.0,1.0,0.13287600095096314,1,0,1,1,1,1,1,1,0.9699999999999999,1.0,1.0,1.0,0.8,skip,attack_already_active,1785296099.4228957,1785296099422895545,1384767639595595,14.0,53.3046875,-1.0,0,0
2026-07-28T23:34:59.424,10.42.0.210,10.42.0.1|10.42.0.210,22,3,UPLOAD,0.9855087261493067,UPLOAD,0.9855087261493067,1,1448,100.0,7,0.0,10136.0,0,7,0.0,1.0,0.11561133003262855,1,0,1,1,1,1,1,1,0.9699999999999999,1.0,1.0,1.0,0.8,skip,attack_already_active,1785296099.4247549,1785296099424754960,1384767641453660,14.0,53.3046875,-1.0,0,0
2026-07-28T23:34:59.425,10.42.0.210,10.42.0.1|10.42.0.210,22,3,UPLOAD,0.9855087261653082,UPLOAD,0.9855087261653082,1,1448,100.0,8,0.0,11584.0,0,8,0.0,1.0,0.10051199210756703,1,0,1,1,1,1,1,1,0.9699999999999999,1.0,1.0,1.0,0.8,skip,attack_already_active,1785296099.4257815,1785296099425781622,1384767642479949,14.0,53.3046875,-1.0,0,0
2026-07-28T23:34:59.427,10.42.0.210,10.42.0.1|10.42.0.210,22,3,UPLOAD,0.985508726165656,UPLOAD,0.985508726165656,1,1448,100.0,9,0.0,13032.0,0,9,0.0,1.0,0.08745149835786299,1,0,1,1,1,1,1,1,0.9699999999999999,1.0,1.0,1.0,0.8,skip,attack_already_active,1785296099.427181,1785296099427180969,1384767643879309,14.0,53.3046875,-1.0,0,0
2026-07-28T23:34:59.428,10.42.0.210,10.42.0.1|10.42.0.210,22,3,UPLOAD,0.9855087261656625,UPLOAD,0.9855087261656625,1,1448,100.0,10,0.0,14480.0,0,10,0.0,1.0,0.07605436173789336,1,0,1,1,1,1,1,1,0.9699999999999999,1.0,1.0,1.0,0.8,skip,attack_already_active,1785296099.4281428,1785296099428142820,1384767644841106,14.0,53.3046875,-1.0,0,0
2026-07-28T23:34:59.429,10.42.0.210,10.42.0.1|10.42.0.210,22,3,UPLOAD,0.9855087261656628,UPLOAD,0.9855087261656628,1,1448,100.0,11,0.0,15928.0,0,11,0.0,1.0,0.06622018374345151,1,0,1,1,1,1,1,1,0.9699999999999999,1.0,1.0,1.0,0.8,skip,attack_already_active,1785296099.4295683,1785296099429568147,1384767646266458,14.0,53.3046875,-1.0,0,0
2026-07-28T23:34:59.430,10.42.0.210,10.42.0.1|10.42.0.210,22,3,UPLOAD,0.95,UPLOAD,0.95,1,1448,100.0,12,0.0,17376.0,0,12,0.0,1.0,0.057624436756324685,1,0,1,1,1,1,1,1,0.9699999999999999,1.0,1.0,1.0,0.8,skip,attack_already_active,1785296099.4305577,1785296099430557598,1384767647256560,14.0,53.3046875,-1.0,0,0
2026-07-28T23:34:59.431,10.42.0.210,10.42.0.1|10.42.0.210,22,3,UPLOAD,0.95,UPLOAD,0.95,1,1448,100.0,13,0.0,18824.0,0,13,0.0,1.0,0.050219889113017106,1,0,1,1,1,1,1,1,0.9699999999999999,1.0,1.0,1.0,0.8,skip,attack_already_active,1785296099.431991,1785296099431991031,1384767648689553,14.0,53.3046875,-1.0,0,0
2026-07-28T23:34:59.432,10.42.0.210,10.42.0.1|10.42.0.210,22,3,UPLOAD,0.95,UPLOAD,0.95,1,1448,100.0,14,0.0,20272.0,0,14,0.0,1.0,0.04373169276177542,1,0,1,1,1,1,1,1,0.9699999999999999,1.0,1.0,1.0,0.8,skip,attack_already_active,1785296099.4329739,1785296099432973859,1384767649672391,14.0,53.3046875,-1.0,0,0
2026-07-28T23:34:59.434,10.42.0.210,10.42.0.1|10.42.0.210,22,3,UPLOAD,0.95,UPLOAD,0.95,1,1448,100.0,15,0.0,21720.0,0,15,0.0,1.0,0.038157791243388174,1,0,1,1,1,1,1,1,0.9699999999999999,1.0,1.0,1.0,0.8,skip,attack_already_active,1785296099.4344068,1785296099434406716,1384767651105205,14.0,53.3046875,-1.0,0,0
2026-07-28T23:34:59.435,10.42.0.210,10.42.0.1|10.42.0.210,22,3,UPLOAD,0.95,UPLOAD,0.95,1,1448,100.0,16,0.0,23168.0,0,16,0.0,1.0,0.03326111356768529,1,0,1,1,1,1,1,1,0.9699999999999999,1.0,1.0,1.0,0.8,skip,attack_already_active,1785296099.435405,1785296099435405052,1384767652103361,14.0,53.3046875,-1.0,0,0
2026-07-28T23:34:59.436,10.42.0.210,10.42.0.1|10.42.0.210,22,3,UPLOAD,0.95,UPLOAD,0.95,1,1448,100.0,17,0.0,24616.0,0,17,0.0,1.0,0.029067186982868806,1,0,1,1,1,1,1,1,0.9699999999999999,1.0,1.0,1.0,0.8,skip,attack_already_active,1785296099.4368396,1785296099436839676,1384767653538477,14.0,53.3046875,-1.0,0,0
2026-07-28T23:34:59.437,10.42.0.210,10.42.0.1|10.42.0.210,22,3,UPLOAD,0.95,UPLOAD,0.95,1,1448,100.0,18,0.0,26064.0,0,18,0.0,1.0,0.025369769806263195,1,0,1,1,1,1,1,1,0.9699999999999999,1.0,1.0,1.0,0.8,skip,attack_already_active,1785296099.437848,1785296099437848071,1384767654546327,14.0,53.3046875,-1.0,0,0
2026-07-28T23:34:59.439,10.42.0.210,10.42.0.1|10.42.0.210,22,3,UPLOAD,0.95,UPLOAD,0.95,1,1448,100.0,19,0.0,27512.0,0,19,0.0,1.0,0.022268596475178242,1,0,1,1,1,1,1,1,0.9699999999999999,1.0,1.0,1.0,0.8,skip,attack_already_active,1785296099.439684,1785296099439683769,1384767656382545,14.0,53.3046875,-1.0,0,0
2026-07-28T23:34:59.440,10.42.0.210,10.42.0.1|10.42.0.210,22,3,UPLOAD,0.95,UPLOAD,0.95,1,1448,100.0,20,0.0,28960.0,0,20,0.0,1.0,0.019471898243395798,1,0,1,1,1,1,1,1,0.9699999999999999,1.0,1.0,1.0,0.8,skip,attack_already_active,1785296099.4407291,1785296099440729193,1384767657427740,14.0,53.3046875,-1.0,0,0
2026-07-28T23:34:59.442,10.42.0.210,10.42.0.1|10.42.0.210,22,3,UPLOAD,0.95,UPLOAD,0.95,1,1448,100.0,21,0.0,30408.0,0,21,0.0,1.0,0.01711256913767359,1,0,1,1,1,1,1,1,0.9699999999999999,1.0,1.0,1.0,0.8,skip,attack_already_active,1785296099.4422967,1785296099442296904,1384767658996317,14.0,53.3046875,-1.0,0,0
2026-07-28T23:34:59.443,10.42.0.210,10.42.0.1|10.42.0.210,22,3,UPLOAD,0.95,UPLOAD,0.95,1,1448,100.0,22,0.0,31856.0,0,22,0.0,1.0,0.01501098099266854,1,0,1,1,1,1,1,1,0.9699999999999999,1.0,1.0,1.0,0.8,skip,attack_already_active,1785296099.443461,1785296099443460946,1384767660159755,14.0,53.3046875,-1.0,0,0
2026-07-28T23:34:59.444,10.42.0.210,10.42.0.1|10.42.0.210,22,3,UPLOAD,0.95,UPLOAD,0.95,1,1448,100.0,23,0.0,33304.0,0,23,0.0,1.0,0.013231286925265996,1,0,1,1,1,1,1,1,0.9699999999999999,1.0,1.0,1.0,0.8,skip,attack_already_active,1785296099.4449663,1785296099444966308,1384767661665078,14.0,53.3046875,-1.0,0,0
2026-07-28T23:34:59.446,10.42.0.210,10.42.0.1|10.42.0.210,22,3,UPLOAD,0.95,UPLOAD,0.95,1,1448,100.0,24,0.0,34752.0,0,24,0.0,1.0,0.011624972678986382,1,0,1,1,1,1,1,1,0.9699999999999999,1.0,1.0,1.0,0.8,skip,attack_already_active,1785296099.4460077,1785296099446007775,1384767662706982,14.0,53.3046875,-1.0,0,0
2026-07-28T23:34:59.447,10.42.0.210,10.42.0.1|10.42.0.210,22,3,UPLOAD,0.95,UPLOAD,0.95,1,1448,100.0,25,0.0,36200.0,0,25,0.0,1.0,0.010294578389109037,1,0,1,1,1,1,1,1,0.9699999999999999,1.0,1.0,1.0,0.8,skip,attack_already_active,1785296099.4475367,1785296099447536527,1384767664235275,14.0,53.3046875,-1.0,0,0
2026-07-28T23:34:59.448,10.42.0.210,10.42.0.1|10.42.0.210,22,3,UPLOAD,0.95,UPLOAD,0.95,1,1448,100.0,26,0.0,37648.0,0,26,0.0,1.0,0.00907461900053325,1,0,1,1,1,1,1,1,0.9699999999999999,1.0,1.0,1.0,0.8,skip,attack_already_active,1785296099.4485734,1785296099448573426,1384767665271780,14.0,53.3046875,-1.0,0,0
2026-07-28T23:34:59.450,10.42.0.210,10.42.0.1|10.42.0.210,22,3,UPLOAD,0.95,UPLOAD,0.95,1,1448,100.0,27,0.0,39096.0,0,27,0.0,1.0,0.008069048753438062,1,0,1,1,1,1,1,1,0.9699999999999999,1.0,1.0,1.0,0.8,skip,attack_already_active,1785296099.450017,1785296099450016980,1384767666715739,14.0,53.3046875,-1.0,0,0
2026-07-28T23:34:59.451,10.42.0.210,10.42.0.1|10.42.0.210,22,3,UPLOAD,0.95,UPLOAD,0.95,1,1448,100.0,28,0.0,40544.0,0,28,0.0,1.0,0.007141194903554253,1,0,1,1,1,1,1,1,0.9699999999999999,1.0,1.0,1.0,0.8,skip,attack_already_active,1785296099.4510448,1785296099451044912,1384767667743443,14.0,53.3046875,-1.0,0,0
2026-07-28T23:34:59.452,10.42.0.210,10.42.0.1|10.42.0.210,22,3,UPLOAD,0.95,UPLOAD,0.95,1,1448,100.0,29,0.0,41992.0,0,29,0.0,1.0,0.006392222803712968,1,0,1,1,1,1,1,1,0.9699999999999999,1.0,1.0,1.0,0.8,skip,attack_already_active,1785296099.4525023,1785296099452502254,1384767669200629,14.0,53.3046875,-1.0,0,0
2026-07-28T23:34:59.453,10.42.0.210,10.42.0.1|10.42.0.210,22,3,UPLOAD,0.95,UPLOAD,0.95,1,1448,100.0,30,0.0,43440.0,0,30,0.0,1.0,0.00568212721947917,1,0,1,1,1,1,1,1,0.9699999999999999,1.0,1.0,1.0,0.8,skip,attack_already_active,1785296099.4535058,1785296099453505831,1384767670204364,14.0,53.3046875,-1.0,0,0
2026-07-28T23:34:59.454,10.42.0.210,10.42.0.1|10.42.0.210,22,3,UPLOAD,0.95,UPLOAD,0.95,1,1448,100.0,31,0.0,44888.0,0,31,0.0,1.0,0.005124511881665305,1,0,1,1,1,1,1,1,0.9699999999999999,1.0,1.0,1.0,0.8,skip,attack_already_active,1785296099.4549563,1785296099454956221,1384767671654537,14.0,53.3046875,-1.0,0,0
2026-07-28T23:34:59.455,10.42.0.210,10.42.0.1|10.42.0.210,22,3,UPLOAD,0.95,UPLOAD,0.95,1,1448,100.0,32,0.0,46336.0,0,32,0.0,1.0,0.004580996968536395,1,0,1,1,1,1,1,1,0.9699999999999999,1.0,1.0,1.0,0.8,skip,attack_already_active,1785296099.4559562,1785296099455956350,1384767672654887,14.0,53.3046875,-1.0,0,0
2026-07-28T23:34:59.456,10.42.0.210,10.42.0.1|10.42.0.210,22,3,UPLOAD,0.95,UPLOAD,0.95,1,1448,100.0,33,0.0,47784.0,0,33,0.0,1.0,0.004110831405851735,1,0,1,1,1,1,1,1,0.9699999999999999,1.0,1.0,1.0,0.8,skip,attack_already_active,1785296099.4569693,1785296099456969106,1384767673667466,14.0,53.3046875,-1.0,0,0
2026-07-28T23:34:59.457,10.42.0.210,10.42.0.1|10.42.0.210,22,3,UPLOAD,0.95,UPLOAD,0.95,1,1448,100.0,34,0.0,49232.0,0,34,0.0,1.0,0.003703061505174601,1,0,1,1,1,1,1,1,0.9699999999999999,1.0,1.0,1.0,0.8,skip,attack_already_active,1785296099.4579856,1785296099457985541,1384767674684057,14.0,53.3046875,-1.0,0,0
2026-07-28T23:34:59.459,10.42.0.210,10.42.0.1|10.42.0.210,22,3,UPLOAD,0.95,UPLOAD,0.95,1,1448,100.0,35,0.0,50680.0,0,35,0.0,1.0,0.0033523555195974415,1,0,1,1,1,1,1,1,0.9699999999999999,1.0,1.0,1.0,0.8,skip,attack_already_active,1785296099.4590273,1785296099459027159,1384767675725492,14.0,53.3046875,-1.0,0,0
2026-07-28T23:34:59.460,10.42.0.210,10.42.0.1|10.42.0.210,22,3,UPLOAD,0.95,UPLOAD,0.95,1,1448,100.0,36,0.0,52128.0,0,36,0.0,1.0,0.0031034411539387755,1,0,1,1,1,1,1,1,0.9699999999999999,1.0,1.0,1.0,0.8,skip,attack_already_active,1785296099.4604907,1785296099460490730,1384767677189094,14.0,53.3046875,-1.0,0,0
2026-07-28T23:34:59.461,10.42.0.210,10.42.0.1|10.42.0.210,22,3,UPLOAD,0.95,UPLOAD,0.95,1,1448,100.0,37,0.0,53576.0,0,37,0.0,1.0,0.0028271000343416284,1,0,1,1,1,1,1,1,0.9699999999999999,1.0,1.0,1.0,0.8,skip,attack_already_active,1785296099.461497,1785296099461497181,1384767678195728,14.0,53.3046875,-1.0,0,0
2026-07-28T23:34:59.462,10.42.0.210,10.42.0.1|10.42.0.210,22,3,UPLOAD,0.95,UPLOAD,0.95,1,1448,100.0,38,0.0,55024.0,0,38,0.0,1.0,0.0025880218909870353,1,0,1,1,1,1,1,1,0.9699999999999999,1.0,1.0,1.0,0.8,skip,attack_already_active,1785296099.4625099,1785296099462509709,1384767679208192,14.0,53.3046875,-1.0,0,0
2026-07-28T23:34:59.463,10.42.0.210,10.42.0.1|10.42.0.210,22,3,UPLOAD,0.95,UPLOAD,0.95,1,1448,100.0,39,0.0,56472.0,0,39,0.0,1.0,0.0023966595634825763,1,0,1,1,1,1,1,1,0.9699999999999999,1.0,1.0,1.0,0.8,skip,attack_already_active,1785296099.4636457,1785296099463645670,1384767680345817,14.0,53.3046875,-1.0,0,0
2026-07-28T23:34:59.464,10.42.0.210,10.42.0.1|10.42.0.210,22,3,UPLOAD,0.95,UPLOAD,0.95,1,1448,100.0,40,0.0,57920.0,0,40,0.0,1.0,0.002247070917839546,1,0,1,1,1,1,1,1,0.9699999999999999,1.0,1.0,1.0,0.8,skip,attack_already_active,1785296099.4649072,1785296099464907196,1384767681606437,14.0,53.3046875,-1.0,0,0
2026-07-28T23:34:59.465,10.42.0.210,10.42.0.1|10.42.0.210,22,3,UPLOAD,0.9533243839647935,UPLOAD,0.9533243839647935,1,1337,100.0,41,0.0,59257.0,0,41,0.0,1.0,0.002093788212713182,1,0,1,1,1,1,1,1,0.9699999999999999,1.0,1.0,1.0,0.8,skip,attack_already_active,1785296099.465991,1785296099465990875,1384767682689382,14.0,53.3046875,-1.0,0,0
2026-07-28T23:34:59.472,10.42.0.1,10.42.0.1|10.42.0.210,22,3,UPLOAD,0.9531372057455535,UPLOAD,0.9531372057455535,1,7240,100.0,1,0.0,7240.0,0,1,0.0,1.0,0.18890398257796412,1,0,1,1,1,1,1,1,0.9699999999999999,1.0,1.0,1.0,0.8,skip,attack_already_active,1785296099.4723406,1785296099472340401,1384767689039262,14.0,53.3046875,-1.0,0,0
2026-07-28T23:34:59.473,10.42.0.1,10.42.0.1|10.42.0.210,22,3,UPLOAD,0.9734631566102532,UPLOAD,0.9734631566102532,1,7240,100.0,2,0.0,14480.0,0,2,0.0,1.0,0.1641519166870638,1,0,1,1,1,1,1,1,0.9699999999999999,1.0,1.0,1.0,0.8,skip,attack_already_active,1785296099.473408,1785296099473407985,1384767690106358,14.0,53.3046875,-1.0,0,0
2026-07-28T23:34:59.503,10.42.0.1,10.42.0.1|10.42.0.210,22,3,UPLOAD,0.9750622658999397,UPLOAD,0.9750622658999397,1,1448,100.0,3,0.0,15928.0,0,3,0.0,1.0,0.14642667496146133,1,0,1,1,1,1,1,1,0.9699999999999999,1.0,1.0,1.0,0.8,skip,attack_already_active,1785296099.503048,1785296099503047873,1384767719746675,14.0,53.3046875,-1.0,0,0
2026-07-28T23:34:59.555,10.42.0.1,10.42.0.1|10.42.0.210,22,3,UPLOAD,0.9759585458266253,UPLOAD,0.9759585458266253,1,14480,100.0,4,0.0,30408.0,0,4,0.0,1.0,0.13406377063929992,1,0,1,1,1,1,1,1,0.9699999999999999,1.0,1.0,1.0,0.8,skip,attack_already_active,1785296099.555656,1785296099555655892,1384767772354822,14.0,53.3046875,-1.0,0,0
2026-07-28T23:34:59.556,10.42.0.1,10.42.0.1|10.42.0.210,22,3,UPLOAD,0.9767924112144856,UPLOAD,0.9767924112144856,1,14480,100.0,5,0.0,44888.0,0,5,0.0,1.0,0.11654389969150512,1,0,1,1,1,1,1,1,0.9699999999999999,1.0,1.0,1.0,0.8,skip,attack_already_active,1785296099.5567663,1785296099556766291,1384767773464819,14.0,53.3046875,-1.0,0,0
2026-07-28T23:34:59.557,10.42.0.1,10.42.0.1|10.42.0.210,22,3,UPLOAD,0.9756806517183044,UPLOAD,0.9756806517183044,0,43,100.0,5,0.0,44888.0,0,5,0.0,1.0,0.2971579261424079,1,0,1,1,1,1,1,1,0.8374999999999999,0.8500000000000001,1.0,0.6000000000000001,0.8,skip,attack_already_active,1785296099.5577874,1785296099557787300,1384767774485818,14.0,53.3046875,-1.0,0,0
2026-07-28T23:34:59.560,10.42.0.1,10.42.0.1|10.42.0.210,22,3,UPLOAD,0.9775059526508587,UPLOAD,0.9775059526508587,1,15928,100.0,6,0.0,60816.0,0,6,0.0,1.0,0.25853281309715614,1,0,1,1,1,1,1,1,0.9699999999999999,1.0,1.0,1.0,0.8,skip,attack_already_active,1785296099.560809,1785296099560808992,1384767777507527,14.0,53.3046875,-1.0,0,0
2026-07-28T23:34:59.562,10.42.0.1,10.42.0.1|10.42.0.210,22,3,UPLOAD,0.9781347373729851,UPLOAD,0.9781347373729851,1,11584,100.0,7,0.0,72400.0,0,7,0.0,1.0,0.2246683428504726,1,0,1,1,1,1,1,1,0.9699999999999999,1.0,1.0,1.0,0.8,skip,attack_already_active,1785296099.5623536,1785296099562353701,1384767779052302,14.0,53.3046875,-1.0,0,0
2026-07-28T23:34:59.563,10.42.0.1,10.42.0.1|10.42.0.210,22,3,UPLOAD,0.9786625223150787,UPLOAD,0.9786625223150787,1,7129,100.0,8,0.0,79529.0,0,8,0.0,1.0,0.19526477430723801,1,0,1,1,1,1,1,1,0.9699999999999999,1.0,1.0,1.0,0.8,skip,attack_already_active,1785296099.5638864,1785296099563886223,1384767780584612,14.0,53.3046875,-1.0,0,0
2026-07-28T23:35:00.847,10.42.0.47,10.42.0.1|10.42.0.210|10.42.0.47,22,3,UPLOAD,0.95,UPLOAD,0.95,1,7240,100.0,1,0.0,7240.0,0,1,0.0,1.0,0.49850370592394516,1,0,0,1,1,1,1,1,0.9699999999999999,1.0,1.0,1.0,0.8,trigger,training_upload_trigger_confirmed,1785296100.8473508,1785296100847350909,1384769064049917,11.6,53.30859375,6.549298,1785296100853901950,1384769070599215
2026-07-28T23:35:00.848,10.42.0.47,10.42.0.1|10.42.0.210|10.42.0.47,22,3,UPLOAD,0.9502140467376113,UPLOAD,0.9502140467376113,1,7240,100.0,2,0.0,14480.0,0,2,0.0,1.0,0.4329538925250861,1,0,1,1,1,1,1,1,0.9699999999999999,1.0,1.0,1.0,0.8,skip,attack_already_active,1785296100.8484151,1785296100848415338,1384769065114422,11.6,53.30859375,-1.0,0,0
2026-07-28T23:35:00.856,10.42.0.47,10.42.0.1|10.42.0.210|10.42.0.47,22,3,UPLOAD,0.9514386637439571,UPLOAD,0.9514386637439571,1,10136,100.0,3,0.0,24616.0,0,3,0.0,1.0,0.3769361695800208,1,0,1,1,1,1,1,1,0.9699999999999999,1.0,1.0,1.0,0.8,skip,attack_already_active,1785296100.856266,1785296100856265941,1384769072964997,11.6,53.30859375,-1.0,0,0
2026-07-28T23:35:00.857,10.42.0.47,10.42.0.1|10.42.0.210|10.42.0.47,22,3,UPLOAD,0.952909947569866,UPLOAD,0.952909947569866,1,4344,100.0,4,0.0,28960.0,0,4,0.0,1.0,0.32747792540751075,1,0,1,1,1,1,1,1,0.9699999999999999,1.0,1.0,1.0,0.8,skip,attack_already_active,1785296100.8578773,1785296100857877287,1384769074575723,11.6,53.30859375,-1.0,0,0
2026-07-28T23:35:00.858,10.42.0.47,10.42.0.1|10.42.0.210|10.42.0.47,22,3,UPLOAD,0.9550680629538234,UPLOAD,0.9550680629538234,1,7240,100.0,5,0.0,36200.0,0,5,0.0,1.0,0.28445174804290946,1,0,1,1,1,1,1,1,0.9699999999999999,1.0,1.0,1.0,0.8,skip,attack_already_active,1785296100.8588414,1785296100858841422,1384769075539780,11.6,53.30859375,-1.0,0,0
2026-07-28T23:35:00.862,10.42.0.47,10.42.0.1|10.42.0.210|10.42.0.47,22,3,UPLOAD,0.9567979052911609,UPLOAD,0.9567979052911609,1,7240,100.0,6,0.0,43440.0,0,6,0.0,1.0,0.24743032695089817,1,0,1,1,1,1,1,1,0.9699999999999999,1.0,1.0,1.0,0.8,skip,attack_already_active,1785296100.8623478,1785296100862347838,1384769079046382,11.6,53.30859375,-1.0,0,0
2026-07-28T23:35:00.863,10.42.0.47,10.42.0.1|10.42.0.210|10.42.0.47,22,3,UPLOAD,0.9587193646786776,UPLOAD,0.9587193646786776,1,13032,100.0,7,0.0,56472.0,0,7,0.0,1.0,0.21495046288426017,1,0,1,1,1,1,1,1,0.9699999999999999,1.0,1.0,1.0,0.8,skip,attack_already_active,1785296100.8632975,1785296100863297447,1384769079995822,11.6,53.30859375,-1.0,0,0
2026-07-28T23:35:00.867,10.42.0.47,10.42.0.1|10.42.0.210|10.42.0.47,22,3,UPLOAD,0.9601923236927904,UPLOAD,0.9601923236927904,1,5792,100.0,8,0.0,62264.0,0,8,0.0,1.0,0.18716739996233703,1,0,1,1,1,1,1,1,0.9699999999999999,1.0,1.0,1.0,0.8,skip,attack_already_active,1785296100.86741,1785296100867409864,1384769084108362,11.6,53.30859375,-1.0,0,0
2026-07-28T23:35:00.868,10.42.0.47,10.42.0.1|10.42.0.210|10.42.0.47,22,3,UPLOAD,0.9613211715776646,UPLOAD,0.9613211715776646,1,1448,100.0,9,0.0,63712.0,0,9,0.0,1.0,0.16261963426997916,1,0,1,1,1,1,1,1,0.9699999999999999,1.0,1.0,1.0,0.8,skip,attack_already_active,1785296100.8682911,1785296100868291082,1384769084989429,11.6,53.30859375,-1.0,0,0
2026-07-28T23:35:00.869,10.42.0.47,10.42.0.1|10.42.0.210|10.42.0.47,22,3,UPLOAD,0.9636990700757458,UPLOAD,0.9636990700757458,1,11584,100.0,10,0.0,75296.0,0,10,0.0,1.0,0.14131122431396878,1,0,1,1,1,1,1,1,0.9699999999999999,1.0,1.0,1.0,0.8,skip,attack_already_active,1785296100.8692071,1785296100869207044,1384769085905543,11.6,53.30859375,-1.0,0,0
2026-07-28T23:35:00.870,10.42.0.47,10.42.0.1|10.42.0.210|10.42.0.47,22,3,UPLOAD,0.9653943271473506,UPLOAD,0.9653943271473506,1,4232,100.0,11,0.0,79528.0,0,11,0.0,1.0,0.12286167791579135,1,0,1,1,1,1,1,1,0.9699999999999999,1.0,1.0,1.0,0.8,skip,attack_already_active,1785296100.8705099,1785296100870509788,1384769087208555,11.6,53.30859375,-1.0,0,0
2026-07-28T23:35:00.871,10.42.0.1,10.42.0.1|10.42.0.210|10.42.0.47,22,3,UPLOAD,0.9746682223335553,UPLOAD,0.9746682223335553,1,7240,100.0,1,0.0,7240.0,0,1,0.0,1.0,0.3412543709381739,1,0,1,1,1,1,1,1,0.9699999999999999,1.0,1.0,1.0,0.8,skip,attack_already_active,1785296100.8718996,1785296100871899706,1384769088598646,11.6,53.30859375,-1.0,0,0
2026-07-28T23:35:00.872,10.42.0.1,10.42.0.1|10.42.0.210|10.42.0.47,22,3,UPLOAD,0.9743894501424178,UPLOAD,0.9743894501424178,1,7240,100.0,2,0.0,14480.0,0,2,0.0,1.0,0.2964140664812529,1,0,1,1,1,1,1,1,0.9699999999999999,1.0,1.0,1.0,0.8,skip,attack_already_active,1785296100.8728733,1785296100872873335,1384769089572099,11.6,53.30859375,-1.0,0,0
2026-07-28T23:35:00.988,10.42.0.1,10.42.0.1|10.42.0.210|10.42.0.47,22,3,UPLOAD,0.974553988425436,UPLOAD,0.974553988425436,1,13032,100.0,3,0.0,27512.0,0,3,0.0,1.0,0.27259425230899453,1,0,1,1,1,1,1,1,0.9699999999999999,1.0,1.0,1.0,0.8,skip,attack_already_active,1785296100.9885254,1785296100988525436,1384769205224157,11.6,53.30859375,-1.0,0,0
2026-07-28T23:35:00.989,10.42.0.1,10.42.0.1|10.42.0.210|10.42.0.47,22,3,UPLOAD,0.9750905859565048,UPLOAD,0.9750905859565048,1,13032,100.0,4,0.0,40544.0,0,4,0.0,1.0,0.23679553493737499,1,0,1,1,1,1,1,1,0.9699999999999999,1.0,1.0,1.0,0.8,skip,attack_already_active,1785296100.989453,1785296100989453137,1384769206151427,11.6,53.30859375,-1.0,0,0
2026-07-28T23:35:00.990,10.42.0.1,10.42.0.1|10.42.0.210|10.42.0.47,22,3,UPLOAD,0.973149117795076,UPLOAD,0.973149117795076,0,43,100.0,4,0.0,40544.0,0,4,0.0,1.0,0.3943575524508007,1,0,1,1,1,1,1,1,0.8374999999999999,0.8500000000000001,1.0,0.6000000000000001,0.8,skip,attack_already_active,1785296100.9902775,1785296100990277683,1384769206976140,11.6,53.30859375,-1.0,0,0
2026-07-28T23:35:00.992,10.42.0.1,10.42.0.1|10.42.0.210|10.42.0.47,22,3,UPLOAD,0.9738061162375504,UPLOAD,0.9738061162375504,1,8688,100.0,5,0.0,49232.0,0,5,0.0,1.0,0.3428239770209625,1,0,1,1,1,1,1,1,0.9699999999999999,1.0,1.0,1.0,0.8,skip,attack_already_active,1785296100.9927366,1785296100992736521,1384769209434961,11.6,53.30859375,-1.0,0,0
2026-07-28T23:35:00.994,10.42.0.1,10.42.0.1|10.42.0.210|10.42.0.47,22,3,UPLOAD,0.9735309451384937,UPLOAD,0.9735309451384937,1,15928,100.0,6,0.0,65160.0,0,6,0.0,1.0,0.2978200061760087,1,0,1,1,1,1,1,1,0.9699999999999999,1.0,1.0,1.0,0.8,skip,attack_already_active,1785296100.9940379,1785296100994037822,1384769210736047,11.6,53.30859375,-1.0,0,0
2026-07-28T23:35:00.995,10.42.0.1,10.42.0.1|10.42.0.210|10.42.0.47,22,3,UPLOAD,0.9728706124651761,UPLOAD,0.9728706124651761,1,14368,100.0,7,0.0,79528.0,0,7,0.0,1.0,0.2588001649935154,1,0,1,1,1,1,1,1,0.9699999999999999,1.0,1.0,1.0,0.8,skip,attack_already_active,1785296100.995747,1785296100995746971,1384769212445577,11.6,53.30859375,-1.0,0,0
2026-07-28T23:35:01.026,10.42.0.1,10.42.0.1|10.42.0.210|10.42.0.47,22,3,UPLOAD,0.9734973155212119,UPLOAD,0.9734973155212119,1,1336,100.0,8,0.0,80864.0,0,8,0.0,1.0,0.2286836006408017,1,0,1,1,1,1,1,1,0.9699999999999999,1.0,1.0,1.0,0.8,skip,attack_already_active,1785296101.026001,1785296101026000945,1384769242699817,11.6,53.30859375,-1.0,0,0
2026-07-28T23:35:01.321,10.42.0.1,10.42.0.47,23,1,DOWNLOAD,0.9705464759117501,DOWNLOAD,0.9705464759117501,-1,1448,55.84530382952671,9,1448.0,80864.0,1,8,0.01759160268247643,0.9824083973175236,0.2421648878409184,0,0,0,0,1,0,0,0,0.44,0.8500000000000001,0.0,0.6000000000000001,0.15,skip,training_upload_trigger_not_confirmed,1785296101.321267,1785296101321266890,1384769537965764,27.0,53.30859375,-1.0,0,0
2026-07-28T23:35:01.322,10.42.0.1,10.42.0.47,23,1,DOWNLOAD,0.95,DOWNLOAD,0.95,-1,5792,11.169060772076095,10,7240.0,80864.0,2,8,0.08217561064196859,0.9178243893580315,0.210363102640163,0,0,0,0,1,0,0,0,0.44,0.8500000000000001,0.0,0.6000000000000001,0.15,skip,training_upload_trigger_not_confirmed,1785296101.3220968,1785296101322096823,1384769538795125,27.0,53.30859375,-1.0,0,0
2026-07-28T23:35:01.322,10.42.0.1,10.42.0.47,23,1,DOWNLOAD,0.95,DOWNLOAD,0.95,-1,7240,5.58453038642372,11,14480.0,80864.0,3,8,0.15187111931532135,0.8481288806846786,0.18273957088549778,0,0,0,0,1,0,0,0,0.44,0.8500000000000001,0.0,0.6000000000000001,0.15,skip,training_upload_trigger_not_confirmed,1785296101.3228326,1785296101322832742,1384769539531078,27.0,53.30859375,-1.0,0,0
2026-07-28T23:35:01.323,10.42.0.1,10.42.0.47,23,1,DOWNLOAD,0.95,DOWNLOAD,0.95,-1,7240,3.723020257701518,12,21720.0,80864.0,4,8,0.2117289245886298,0.7882710754113702,0.15879667532259914,0,0,0,0,1,0,0,0,0.44,0.8500000000000001,0.0,0.6000000000000001,0.15,skip,training_upload_trigger_not_confirmed,1785296101.3238761,1785296101323876042,1384769540574352,27.0,53.30859375,-1.0,0,0
2026-07-28T23:35:01.324,10.42.0.1,10.42.0.47,23,1,DOWNLOAD,0.95,DOWNLOAD,0.95,-1,7240,2.792265193308278,13,28960.0,80864.0,5,8,0.2636946386946387,0.7363053613053613,0.13796693118326991,0,0,0,0,1,0,0,0,0.4,0.8500000000000001,0.0,0.4,0.15,skip,training_upload_trigger_not_confirmed,1785296101.3246017,1785296101324601656,1384769541299746,27.0,53.30859375,-1.0,0,0
2026-07-28T23:35:01.325,10.42.0.1,10.42.0.47,23,1,DOWNLOAD,0.95,DOWNLOAD,0.95,-1,7240,2.2338121546620493,14,36200.0,80864.0,6,8,0.3092325565502631,0.690767443449737,0.11991060542114726,0,0,0,0,1,0,0,0,0.4,0.8500000000000001,0.0,0.4,0.15,skip,training_upload_trigger_not_confirmed,1785296101.325544,1785296101325544098,1384769542242722,27.0,53.30859375,-1.0,0,0
2026-07-28T23:35:01.326,10.42.0.1,10.42.0.47,23,1,DOWNLOAD,0.95,DOWNLOAD,0.95,-1,7240,1.8615101288936116,15,43440.0,80864.0,7,8,0.34946582571759555,0.6505341742824045,0.10420235058290003,0,0,0,0,1,0,0,0,0.4,0.8500000000000001,0.0,0.4,0.15,skip,training_upload_trigger_not_confirmed,1785296101.3262491,1785296101326249127,1384769542947314,27.0,53.30859375,-1.0,0,0
2026-07-28T23:35:01.327,10.42.0.1,10.42.0.47,23,1,DOWNLOAD,0.95,DOWNLOAD,0.95,-1,7240,1.5955801104854856,16,50680.0,80864.0,8,8,0.38527032779906345,0.6147296722009365,0.09060573367963946,0,0,0,0,1,0,0,0,0.32,0.8500000000000001,0.0,0.0,0.15,skip,training_upload_trigger_not_confirmed,1785296101.3272705,1785296101327270462,1384769543969015,27.0,53.30859375,-1.0,0,0
2026-07-28T23:35:01.328,10.42.0.1,10.42.0.47,23,1,DOWNLOAD,0.95,DOWNLOAD,0.95,-1,7240,1.3961325966782434,17,57920.0,80864.0,9,8,0.4173391745446161,0.5826608254553839,0.07877620385801348,0,0,0,0,1,0,0,0,0.32,0.8500000000000001,0.0,0.0,0.15,skip,training_upload_trigger_not_confirmed,1785296101.3281052,1785296101328105205,1384769544803945,27.0,53.30859375,-1.0,0,0
2026-07-28T23:35:01.329,10.42.0.1,10.42.0.47,23,1,DOWNLOAD,0.95,DOWNLOAD,0.95,-1,7240,1.2410067526052637,18,65160.0,80864.0,10,8,0.44622801731222267,0.5537719826877774,0.06853849240032979,0,0,0,0,1,0,0,0,0.32,0.8500000000000001,0.0,0.0,0.15,skip,training_upload_trigger_not_confirmed,1785296101.3291903,1785296101329190064,1384769545888392,27.0,53.30859375,-1.0,0,0
2026-07-28T23:35:01.329,10.42.0.1,10.42.0.47,23,1,DOWNLOAD,0.95,DOWNLOAD,0.95,-1,7240,1.1169060773464516,19,72400.0,80864.0,11,8,0.47238751435431675,0.5276124856456833,0.059602786544130794,0,0,0,0,1,0,0,0,0.30250000000000005,0.8000000000000002,0.0,0.0,0.15,skip,training_upload_trigger_not_confirmed,1785296101.3299181,1785296101329918289,1384769546616531,27.0,53.30859375,-1.0,0,0
2026-07-28T23:35:01.330,10.42.0.1,10.42.0.47,23,1,DOWNLOAD,0.95,DOWNLOAD,0.95,-1,14480,0.9307550644575189,20,86880.0,80864.0,12,8,0.5179320869896986,0.4820679130103014,0.05187376542079035,0,0,0,0,1,0,0,0,0.30250000000000005,0.8000000000000002,0.0,0.0,0.15,skip,training_upload_trigger_not_confirmed,1785296101.3308675,1785296101330867528,1384769547565574,27.0,53.30859375,-1.0,0,0
2026-07-28T23:35:01.331,10.42.0.1,10.42.0.47,23,1,DOWNLOAD,0.95,DOWNLOAD,0.95,-1,8688,0.846140967689539,21,95568.0,80864.0,13,8,0.5416704452706992,0.4583295547293008,0.04513291408047222,0,0,0,0,1,0,0,0,0.30250000000000005,0.8000000000000002,0.0,0.0,0.15,skip,training_upload_trigger_not_confirmed,1785296101.3315868,1785296101331586724,1384769548284949,27.0,53.30859375,-1.0,0,0
2026-07-28T23:35:01.332,10.42.0.1,10.42.0.47,23,1,DOWNLOAD,0.95,DOWNLOAD,0.95,-1,5792,0.7977900552506137,22,101360.0,80864.0,14,8,0.5562384757221881,0.4437615242778119,0.039273674338599185,0,0,0,0,1,0,0,0,0.28500000000000003,0.7500000000000001,0.0,0.0,0.15,skip,training_upload_trigger_not_confirmed,1785296101.3322556,1785296101332255527,1384769548953702,27.0,53.30859375,-1.0,0,0
2026-07-28T23:35:01.332,10.42.0.1,10.42.0.47,23,1,DOWNLOAD,0.95,DOWNLOAD,0.95,-1,14480,0.6980662983451479,23,115840.0,80864.0,15,8,0.5889051569871482,0.4110948430128518,0.034187381073214014,0,0,0,0,1,0,0,0,0.28500000000000003,0.7500000000000001,0.0,0.0,0.15,skip,training_upload_trigger_not_confirmed,1785296101.3329308,1785296101332930697,1384769549628897,27.0,53.30859375,-1.0,0,0
2026-07-28T23:35:01.334,10.42.0.1,10.42.0.47,23,1,DOWNLOAD,0.95,DOWNLOAD,0.95,-1,14480,0.6205033763073933,24,130320.0,80864.0,16,8,0.6170922039548451,0.38290779604515496,0.029838816151471513,0,0,0,0,1,0,0,0,0.28500000000000003,0.7500000000000001,0.0,0.0,0.15,skip,training_upload_trigger_not_confirmed,1785296101.3341181,1785296101334118106,1384769550816393,27.0,53.30859375,-1.0,0,0
2026-07-28T23:35:01.334,10.42.0.1,10.42.0.47,23,1,DOWNLOAD,0.95,DOWNLOAD,0.95,-1,14480,0.5584530386770824,25,144800.0,80864.0,17,8,0.6416619398752127,0.3583380601247873,0.025997461438306564,0,0,0,0,1,0,0,0,0.28500000000000003,0.7500000000000001,0.0,0.0,0.15,skip,training_upload_trigger_not_confirmed,1785296101.334806,1785296101334805921,1384769551504066,27.0,53.30859375,-1.0,0,0
2026-07-28T23:35:01.335,10.42.0.1,10.42.0.47,23,1,DOWNLOAD,0.95,DOWNLOAD,0.95,-1,14480,0.5076845806158482,26,159280.0,80864.0,18,8,0.6632687054434007,0.3367312945565994,0.022664027163382148,0,0,0,0,1,0,0,0,0.28500000000000003,0.7500000000000001,0.0,0.0,0.15,skip,training_upload_trigger_not_confirmed,1785296101.335507,1785296101335506932,1384769552205075,27.0,53.30859375,-1.0,0,0
2026-07-28T23:35:01.336,10.42.0.1,10.42.0.47,23,1,DOWNLOAD,0.95,DOWNLOAD,0.95,-1,14480,0.4653775322314377,27,173760.0,80864.0,19,8,0.6824179967324369,0.31758200326756314,0.019804068056747705,0,0,0,0,1,0,0,0,0.28500000000000003,0.7500000000000001,0.0,0.0,0.15,skip,training_upload_trigger_not_confirmed,1785296101.3364675,1785296101336467515,1384769553165699,27.0,53.30859375,-1.0,0,0
2026-07-28T23:35:01.337,10.42.0.1,10.42.0.47,23,1,DOWNLOAD,0.95,DOWNLOAD,0.95,-1,14480,0.4295792605215173,28,188240.0,80864.0,20,8,0.6995065104940841,0.3004934895059159,0.01735981054941442,0,0,0,0,1,0,0,0,0.28500000000000003,0.7500000000000001,0.0,0.0,0.15,skip,training_upload_trigger_not_confirmed,1785296101.3377228,1785296101337722777,1384769554421429,27.0,53.30859375,-1.0,0,0
2026-07-28T23:35:01.338,10.42.0.1,10.42.0.47,23,1,DOWNLOAD,0.95,DOWNLOAD,0.95,-1,14480,0.3988950276272745,29,202720.0,80864.0,21,8,0.7148499210110585,0.28515007898894157,0.015200351226018724,0,0,0,0,1,0,0,0,0.28500000000000003,0.7500000000000001,0.0,0.0,0.15,skip,training_upload_trigger_not_confirmed,1785296101.338695,1785296101338695286,1384769555393576,27.0,53.30859375,-1.0,0,0
2026-07-28T23:35:01.339,10.42.0.1,10.42.0.47,23,1,DOWNLOAD,0.95,DOWNLOAD,0.95,-1,26064,0.35345129030284694,30,228784.0,80864.0,22,8,0.738851857593138,0.26114814240686196,0.013327495644136541,0,0,0,0,1,0,0,0,0.28500000000000003,0.7500000000000001,0.0,0.0,0.15,skip,training_upload_trigger_not_confirmed,1785296101.3396828,1785296101339682841,1384769556381072,27.0,53.30859375,-1.0,0,0
2026-07-28T23:35:01.341,10.42.0.1,10.42.0.47,23,1,DOWNLOAD,0.95,DOWNLOAD,0.95,-1,21720,0.32280522466977446,31,250504.0,80864.0,23,8,0.7559691943700055,0.24403080562999444,0.01175475007796524,0,0,0,0,1,0,0,0,0.28500000000000003,0.7500000000000001,0.0,0.0,0.15,skip,training_upload_trigger_not_confirmed,1785296101.3410752,1785296101341075191,1384769557774487,27.0,53.30859375,-1.0,0,0
2026-07-28T23:35:01.342,10.42.0.1,10.42.0.47,23,1,DOWNLOAD,0.95,DOWNLOAD,0.95,-1,9680,0.31079543707794943,32,260184.0,80864.0,24,8,0.7628955454950623,0.23710445450493772,0.010331224134780145,0,0,0,0,1,0,0,0,0.28500000000000003,0.7500000000000001,0.0,0.0,0.15,skip,training_upload_trigger_not_confirmed,1785296101.3420272,1785296101342027143,1384769558725967,27.0,53.30859375,-1.0,0,0
2026-07-28T23:35:01.343,10.42.0.210,10.42.0.47,23,1,DOWNLOAD,0.9843623744363491,DOWNLOAD,0.9843623744363491,-1,7240,1.381215469422484e-10,1,7240.0,0.0,1,0,1.0,0.0,0.23688005328523223,0,0,0,0,0,0,0,0,0.0225,0.0,0.0,0.0,0.15,skip,training_upload_trigger_not_confirmed,1785296101.3431044,1785296101343104154,1384769559802724,27.0,53.30859375,-1.0,0,0
2026-07-28T23:35:01.343,10.42.0.210,10.42.0.47,23,1,DOWNLOAD,0.95,DOWNLOAD,0.95,-1,7240,6.90607734758936e-11,2,14480.0,0.0,2,0,1.0,0.0,0.2057617303482592,0,0,0,0,0,0,0,0,0.0225,0.0,0.0,0.0,0.15,skip,training_upload_trigger_not_confirmed,1785296101.343836,1785296101343836174,1384769560534466,27.0,53.30859375,-1.0,0,0
2026-07-28T23:35:01.344,10.42.0.1,10.42.0.47,23,1,DOWNLOAD,0.95,DOWNLOAD,0.95,-1,14024,0.2949002217320614,33,274208.0,80864.0,25,8,0.7722602739726028,0.22773972602739725,0.009296448701313699,0,0,0,0,1,0,0,0,0.28500000000000003,0.7500000000000001,0.0,0.0,0.15,skip,training_upload_trigger_not_confirmed,1785296101.3445058,1785296101344505810,1384769561204304,27.0,53.30859375,-1.0,0,0
2026-07-28T23:35:01.345,10.42.0.59,10.42.0.47,8,1,DOWNLOAD,0.95,DOWNLOAD,0.95,-1,7300,1.3698630135109776e-10,1,7300.0,0.0,1,0,1.0,0.0,0.8093644524026231,0,0,0,0,0,0,0,0,0.0225,0.0,0.0,0.0,0.15,skip,training_upload_trigger_not_confirmed,1785296101.3458354,1785296101345835592,1384769562534214,27.0,53.30859375,-1.0,0,0
2026-07-28T23:35:01.347,10.42.0.59,10.42.0.47,8,1,DOWNLOAD,0.95,DOWNLOAD,0.95,-1,7300,6.84931506802402e-11,2,14600.0,0.0,2,0,1.0,0.0,0.7028680632922141,0,0,0,0,0,0,0,0,0.0225,0.0,0.0,0.0,0.15,skip,training_upload_trigger_not_confirmed,1785296101.3470283,1785296101347028113,1384769563728170,27.0,53.30859375,-1.0,0,0
2026-07-28T23:35:01.348,10.42.0.1,10.42.0.47,23,1,DOWNLOAD,0.95,DOWNLOAD,0.95,-1,21720,0.27325565678383507,34,295928.0,80864.0,26,8,0.7853882248030744,0.21461177519692562,0.00858091141135969,0,0,0,0,1,0,0,0,0.23249999999999998,0.6,0.0,0.0,0.15,skip,training_upload_trigger_not_confirmed,1785296101.3483722,1785296101348372116,1384769565070752,27.0,53.30859375,-1.0,0,0
2026-07-28T23:35:01.349,10.42.0.1,10.42.0.47,23,1,DOWNLOAD,0.95,DOWNLOAD,0.95,-1,5792,0.26801007556917666,35,301720.0,80864.0,27,8,0.788637266587207,0.21136273341279302,0.007653186134579595,0,0,0,0,1,0,0,0,0.23249999999999998,0.6,0.0,0.0,0.15,skip,training_upload_trigger_not_confirmed,1785296101.349913,1785296101349912908,1384769566611797,27.0,53.30859375,-1.0,0,0
2026-07-28T23:35:01.350,10.42.0.1,10.42.0.47,23,1,DOWNLOAD,0.95,DOWNLOAD,0.95,-1,8232,0.2608920090876623,36,309952.0,80864.0,28,8,0.7930893310406943,0.20691066895930565,0.006769104824339292,0,0,0,0,1,0,0,0,0.23249999999999998,0.6,0.0,0.0,0.15,skip,training_upload_trigger_not_confirmed,1785296101.350857,1785296101350856934,1384769567555392,27.0,53.30859375,-1.0,0,0
2026-07-28T23:35:01.351,10.42.0.145,10.42.0.47,12,1,DOWNLOAD,0.95,DOWNLOAD,0.95,-1,7300,1.3698630135109776e-10,1,7300.0,0.0,1,0,1.0,0.0,0.9336140432112354,0,0,0,0,0,0,0,0,0.0225,0.0,0.0,0.0,0.15,skip,already_attacked_this_round,1785296101.3519578,1785296101351957841,1384769568656127,27.0,53.30859375,-1.0,0,0
2026-07-28T23:35:01.352,10.42.0.145,10.42.0.47,12,1,DOWNLOAD,0.95,DOWNLOAD,0.95,-1,7300,6.84931506802402e-11,2,14600.0,0.0,2,0,1.0,0.0,0.8107114591619223,0,0,0,0,0,0,0,0,0.0225,0.0,0.0,0.0,0.15,skip,already_attacked_this_round,1785296101.3528981,1785296101352898055,1384769569596910,27.0,53.30859375,-1.0,0,0
2026-07-28T23:35:01.353,10.42.0.1,10.42.0.47,23,1,DOWNLOAD,0.95,DOWNLOAD,0.95,-1,21720,0.24380713476192198,37,331672.0,80864.0,29,8,0.8039831675296216,0.19601683247037835,0.006265209782275319,0,0,0,0,1,0,0,0,0.23249999999999998,0.6,0.0,0.0,0.15,skip,training_upload_trigger_not_confirmed,1785296101.3538022,1785296101353802287,1384769570500732,27.0,53.30859375,-1.0,0,0
2026-07-28T23:35:01.354,10.42.0.1,10.42.0.47,23,1,DOWNLOAD,0.95,DOWNLOAD,0.95,-1,21720,0.2288223842100873,38,353392.0,80864.0,30,8,0.8137872591282561,0.18621274087174386,0.005545146412101904,0,0,0,0,1,0,0,0,0.23249999999999998,0.6,0.0,0.0,0.15,skip,training_upload_trigger_not_confirmed,1785296101.354603,1785296101354603041,1384769571301467,27.0,53.30859375,-1.0,0,0
2026-07-28T23:35:01.355,10.42.0.210,10.42.0.47,23,1,DOWNLOAD,0.9557926560077417,DOWNLOAD,0.9557926560077417,-1,10136,4.062398439873968e-11,3,24616.0,0.0,3,0,1.0,0.0,0.18020385258636556,0,0,0,0,0,0,0,0,0.0225,0.0,0.0,0.0,0.15,skip,training_upload_trigger_not_confirmed,1785296101.3556461,1785296101355646184,1384769572344656,27.0,53.30859375,-1.0,0,0
2026-07-28T23:35:01.356,10.42.0.59,10.42.0.47,8,1,DOWNLOAD,0.9446762707414748,DOWNLOAD,0.9446762707414748,0,43,6.84931506802402e-11,2,14600.0,0.0,2,0,1.0,0.0,1.0427816094388678,0,0,0,0,0,0,0,0,0.0225,0.0,0.0,0.0,0.15,skip,training_upload_trigger_not_confirmed,1785296101.3566456,1785296101356645547,1384769573343836,27.0,53.30859375,-1.0,0,0
2026-07-28T23:35:01.357,10.42.0.59,10.42.0.47,8,1,DOWNLOAD,0.95,DOWNLOAD,0.95,-1,14600,3.424657534129292e-11,3,29200.0,0.0,3,0,1.0,0.0,0.9067303393396243,0,0,0,0,0,0,0,0,0.0225,0.0,0.0,0.0,0.15,skip,training_upload_trigger_not_confirmed,1785296101.3573544,1785296101357354425,1384769574052793,27.0,53.30859375,-1.0,0,0
2026-07-28T23:35:01.358,10.42.0.59,10.42.0.47,8,1,DOWNLOAD,0.9511191477868502,DOWNLOAD,0.9511191477868502,-1,14600,2.2831050227789245e-11,4,43800.0,0.0,4,0,1.0,0.0,0.7873373841488263,0,0,0,0,0,0,0,0,0.0225,0.0,0.0,0.0,0.15,skip,training_upload_trigger_not_confirmed,1785296101.3580446,1785296101358044693,1384769574742986,27.0,53.30859375,-1.0,0,0
2026-07-28T23:35:01.360,10.42.0.210,10.42.0.47,23,1,DOWNLOAD,0.9846998846180315,DOWNLOAD,0.9846998846180315,-1,14480,2.557806425144316e-11,4,39096.0,0.0,4,0,1.0,0.0,0.15704710326325594,0,0,0,0,0,0,0,0,0.0225,0.0,0.0,0.0,0.15,skip,training_upload_trigger_not_confirmed,1785296101.3601198,1785296101360119870,1384769576818161,27.0,53.30859375,-1.0,0,0
2026-07-28T23:35:01.361,10.42.0.210,10.42.0.47,23,1,DOWNLOAD,0.9854895428954357,DOWNLOAD,0.9854895428954357,-1,5792,2.22776688642337e-11,5,44888.0,0.0,5,0,1.0,0.0,0.13657106458056423,0,0,0,0,0,0,0,0,0.0225,0.0,0.0,0.0,0.15,skip,training_upload_trigger_not_confirmed,1785296101.36178,1785296101361779895,1384769578478861,27.0,53.30859375,-1.0,0,0
2026-07-28T23:35:01.362,10.42.0.210,10.42.0.47,23,1,DOWNLOAD,0.9855083405864443,DOWNLOAD,0.9855083405864443,-1,14480,1.6844091092560906e-11,6,59368.0,0.0,6,0,1.0,0.0,0.1187275196466296,0,0,0,0,0,0,0,0,0.0225,0.0,0.0,0.0,0.15,skip,training_upload_trigger_not_confirmed,1785296101.3629413,1785296101362941129,1384769579639677,27.0,53.30859375,-1.0,0,0
2026-07-28T23:35:01.363,10.42.0.210,10.42.0.47,23,1,DOWNLOAD,0.9855087208476458,DOWNLOAD,0.9855087208476458,-1,992,1.6567263087863365e-11,7,60360.0,0.0,7,0,1.0,0.0,0.10321384022771173,0,0,0,0,0,0,0,0,0.0225,0.0,0.0,0.0,0.15,skip,training_upload_trigger_not_confirmed,1785296101.3639398,1785296101363939739,1384769580637941,27.0,53.30859375,-1.0,0,0
2026-07-28T23:35:01.365,10.42.0.145,10.42.0.47,12,1,DOWNLOAD,0.945648643737216,DOWNLOAD,0.945648643737216,0,43,6.84931506802402e-11,2,14600.0,0.0,2,0,1.0,0.0,1.136661254685869,0,0,0,0,0,0,0,0,0.0225,0.0,0.0,0.0,0.15,skip,already_attacked_this_round,1785296101.365142,1785296101365141962,1384769581840065,27.0,53.30859375,-1.0,0,0
2026-07-28T23:35:01.365,10.42.0.145,10.42.0.47,12,1,DOWNLOAD,0.95,DOWNLOAD,0.95,-1,14600,3.424657534129292e-11,3,29200.0,0.0,3,0,1.0,0.0,0.9885844794145398,0,0,0,0,0,0,0,0,0.0225,0.0,0.0,0.0,0.15,skip,already_attacked_this_round,1785296101.3658457,1785296101365845793,1384769582543927,27.0,53.30859375,-1.0,0,0
2026-07-28T23:35:01.366,10.42.0.145,10.42.0.47,12,1,DOWNLOAD,0.9509993925313481,DOWNLOAD,0.9509993925313481,-1,14600,2.2831050227789245e-11,4,43800.0,0.0,4,0,1.0,0.0,0.858410296611845,0,0,0,0,0,0,0,0,0.0225,0.0,0.0,0.0,0.15,skip,already_attacked_this_round,1785296101.3665743,1785296101366574372,1384769583272607,27.0,53.30859375,-1.0,0,0
2026-07-28T23:35:01.370,10.42.0.18,10.42.0.47,19,3,UPLOAD,0.9854688349332961,UPLOAD,0.9854688349332961,0,43,1.0,0,0.0,0.0,0,0,0.0,0.0,0.7197195935576173,0,0,0,0,0,0,0,0,0.4375,0.05,1.0,0.0,0.8,skip,already_attacked_this_round,1785296101.3703742,1785296101370374081,1384769587072209,27.0,53.30859375,-1.0,0,0
2026-07-28T23:35:01.371,10.42.0.18,10.42.0.47,20,1,DOWNLOAD,0.95,DOWNLOAD,0.95,-1,10220,9.784735811175661e-11,1,10220.0,0.0,1,0,1.0,0.0,1.0538672011255052,0,0,0,0,0,0,0,0,0.0225,0.0,0.0,0.0,0.15,skip,training_upload_trigger_not_confirmed,1785296101.3713298,1785296101371329719,1384769588027893,27.0,53.30859375,-1.0,0,0
2026-07-28T23:35:01.372,10.42.0.18,10.42.0.47,20,1,DOWNLOAD,0.9548773848028995,DOWNLOAD,0.9548773848028995,-1,14600,4.029008863657171e-11,2,24820.0,0.0,2,0,1.0,0.0,0.9151217769949876,0,0,0,0,0,0,0,0,0.0225,0.0,0.0,0.0,0.15,skip,training_upload_trigger_not_confirmed,1785296101.3722963,1785296101372296365,1384769588994532,27.0,53.30859375,-1.0,0,0
2026-07-28T23:35:01.374,10.42.0.59,10.42.0.47,8,1,DOWNLOAD,0.9616318661717028,DOWNLOAD,0.9616318661717028,-1,21900,1.5220700151975332e-11,5,65700.0,0.0,5,0,1.0,0.0,0.6856907929317458,0,0,0,0,0,0,0,0,0.0225,0.0,0.0,0.0,0.15,skip,training_upload_trigger_not_confirmed,1785296101.3740141,1785296101374014300,1384769590712462,27.0,53.30859375,-1.0,0,0
2026-07-28T23:35:01.374,10.42.0.59,10.42.0.47,8,1,DOWNLOAD,0.9666342877991841,DOWNLOAD,0.9666342877991841,-1,13484,1.2628813901638856e-11,6,79184.0,0.0,6,0,1.0,0.0,0.5954301076770244,0,0,0,0,0,0,0,0,0.0225,0.0,0.0,0.0,0.15,skip,training_upload_trigger_not_confirmed,1785296101.3747416,1785296101374741474,1384769591439778,27.0,53.30859375,-1.0,0,0
2026-07-28T23:35:01.378,10.42.0.145,10.42.0.47,12,1,DOWNLOAD,0.9648600138668277,DOWNLOAD,0.9648600138668277,-1,29200,1.369863013679865e-11,5,73000.0,0.0,5,0,1.0,0.0,0.7468604941644506,0,0,0,0,0,0,0,0,0.0225,0.0,0.0,0.0,0.15,skip,already_attacked_this_round,1785296101.378464,1785296101378464038,1384769595162756,27.0,53.30859375,-1.0,0,0
2026-07-28T23:35:01.379,10.42.0.145,10.42.0.47,12,1,DOWNLOAD,0.9739313403514344,DOWNLOAD,0.9739313403514344,-1,6184,1.2628813901638856e-11,6,79184.0,0.0,6,0,1.0,0.0,0.6485583372701952,0,0,0,0,0,0,0,0,0.0225,0.0,0.0,0.0,0.15,skip,already_attacked_this_round,1785296101.3793366,1785296101379336612,1384769596035113,27.0,53.30859375,-1.0,0,0
2026-07-28T23:35:01.384,10.42.0.18,10.42.0.47,20,1,DOWNLOAD,0.950317042579874,DOWNLOAD,0.950317042579874,-1,17520,2.361832782183235e-11,3,42340.0,0.0,3,0,1.0,0.0,0.7961399748293752,0,0,0,0,0,0,0,0,0.0225,0.0,0.0,0.0,0.15,skip,training_upload_trigger_not_confirmed,1785296101.3844981,1785296101384498192,1384769601196300,27.0,53.30859375,-1.0,0,0
2026-07-28T23:35:01.385,10.42.0.18,10.42.0.47,20,1,DOWNLOAD,0.9507620106483983,DOWNLOAD,0.9507620106483983,-1,7300,2.014504431869168e-11,4,49640.0,0.0,4,0,1.0,0.0,0.6913539684725605,0,0,0,0,0,0,0,0,0.0225,0.0,0.0,0.0,0.15,skip,training_upload_trigger_not_confirmed,1785296101.385446,1785296101385446122,1384769602144537,27.0,53.30859375,-1.0,0,0
2026-07-28T23:35:01.386,10.42.0.47,10.42.0.47,23,1,DOWNLOAD,0.961487609278604,DOWNLOAD,0.961487609278604,-1,1448,54.92265189646225,12,1448.0,79528.0,1,11,0.017881841533293814,0.9821181584667061,0.1529606863569169,0,0,0,0,0,0,0,0,0.057499999999999996,0.1,0.0,0.0,0.15,skip,training_upload_trigger_not_confirmed,1785296101.3860676,1785296101386067763,1384769602765777,27.0,53.30859375,-1.0,0,0
2026-07-28T23:35:01.386,10.42.0.47,10.42.0.47,23,1,DOWNLOAD,0.9,DOWNLOAD,0.9,0,43,54.92265189646225,12,1448.0,79528.0,1,11,0.017881841533293814,0.9821181584667061,0.17908100404444427,0,0,0,0,0,0,0,0,0.057499999999999996,0.1,0.0,0.0,0.15,skip,training_upload_trigger_not_confirmed,1785296101.3869438,1785296101386943660,1384769603642048,27.0,53.30859375,-1.0,0,0
2026-07-28T23:35:01.387,10.42.0.47,10.42.0.47,23,1,DOWNLOAD,0.95,DOWNLOAD,0.95,-1,8688,7.846093132710527,13,10136.0,79528.0,2,11,0.11304425410421128,0.8869557458957887,0.155733317117346,0,0,0,0,0,0,0,0,0.057499999999999996,0.1,0.0,0.0,0.15,skip,training_upload_trigger_not_confirmed,1785296101.3879695,1785296101387969619,1384769604667915,27.0,53.30859375,-1.0,0,0
2026-07-28T23:35:01.388,10.42.0.47,10.42.0.47,23,1,DOWNLOAD,0.95,DOWNLOAD,0.95,-1,11584,3.661510128790906,14,21720.0,79528.0,3,11,0.21452275600505688,0.7854772439949431,0.13533605520885664,0,0,0,0,0,0,0,0,0.057499999999999996,0.1,0.0,0.0,0.15,skip,training_upload_trigger_not_confirmed,1785296101.3889136,1785296101388913711,1384769605611907,27.0,53.30859375,-1.0,0,0
2026-07-28T23:35:01.390,10.42.0.18,10.42.0.47,20,1,DOWNLOAD,0.9520749156318399,DOWNLOAD,0.9520749156318399,-1,14944,1.5483711135645304e-11,5,64584.0,0.0,5,0,1.0,0.0,0.6009085459181165,0,0,0,0,0,0,0,0,0.0225,0.0,0.0,0.0,0.15,skip,training_upload_trigger_not_confirmed,1785296101.3904347,1785296101390434747,1384769607132806,27.0,53.30859375,-1.0,0,0
2026-07-28T23:35:01.395,10.42.0.47,10.42.0.47,23,1,DOWNLOAD,0.95,DOWNLOAD,0.95,-1,1448,3.4326657457513523,15,23168.0,79528.0,4,11,0.22559788112487342,0.7744021188751266,0.11832714724054215,0,0,0,0,0,0,0,0,0.057499999999999996,0.1,0.0,0.0,0.15,skip,training_upload_trigger_not_confirmed,1785296101.3951738,1785296101395173837,1384769611873125,27.0,53.30859375,-1.0,0,0
2026-07-28T23:35:01.401,10.42.0.47,10.42.0.47,23,1,DOWNLOAD,0.95,DOWNLOAD,0.95,-1,10136,2.387941388380136,16,33304.0,79528.0,5,11,0.29516449234259784,0.7048355076574021,0.10357057520297268,0,0,0,0,0,0,0,0,0.057499999999999996,0.1,0.0,0.0,0.15,skip,training_upload_trigger_not_confirmed,1785296101.4015174,1785296101401517264,1384769618215444,27.0,53.30859375,-1.0,0,0
2026-07-28T23:35:01.402,10.42.0.47,10.42.0.47,23,1,DOWNLOAD,0.95,DOWNLOAD,0.95,-1,7240,1.961523283322772,17,40544.0,79528.0,6,11,0.33766406822573125,0.6623359317742687,0.09001482798210296,0,0,0,0,0,0,0,0,0.057499999999999996,0.1,0.0,0.0,0.15,skip,training_upload_trigger_not_confirmed,1785296101.4022171,1785296101402217282,1384769618915354,27.0,53.30859375,-1.0,0,0
2026-07-28T23:35:01.402,10.42.0.47,10.42.0.47,23,1,DOWNLOAD,0.95,DOWNLOAD,0.95,-1,4344,1.7716984494570551,18,44888.0,79528.0,7,11,0.36078960905349794,0.639210390946502,0.07824296300419806,0,0,0,0,0,0,0,0,0.057499999999999996,0.1,0.0,0.0,0.15,skip,training_upload_trigger_not_confirmed,1785296101.4028986,1785296101402898385,1384769619596582,27.0,53.30859375,-1.0,0,0
2026-07-28T23:35:01.404,10.42.0.47,10.42.0.47,23,1,DOWNLOAD,0.95,DOWNLOAD,0.95,-1,8688,1.4843959981991115,19,53576.0,79528.0,8,11,0.402512321192451,0.5974876788075489,0.06809232742942319,0,0,0,0,0,0,0,0,0.057499999999999996,0.1,0.0,0.0,0.15,skip,training_upload_trigger_not_confirmed,1785296101.4041111,1785296101404111132,1384769620809293,27.0,53.30859375,-1.0,0,0
2026-07-28T23:35:01.404,10.42.0.47,10.42.0.47,23,1,DOWNLOAD,0.95,DOWNLOAD,0.95,-1,2896,1.408273126497941,20,56472.0,79528.0,9,11,0.41523529411764704,0.584764705882353,0.05920872280167406,0,0,0,0,0,0,0,0,0.057499999999999996,0.1,0.0,0.0,0.15,skip,training_upload_trigger_not_confirmed,1785296101.4047883,1785296101404788286,1384769621486375,27.0,53.30859375,-1.0,0,0
2026-07-28T23:35:01.405,10.42.0.47,10.42.0.47,23,1,DOWNLOAD,0.95,DOWNLOAD,0.95,-1,7240,1.2482420893984139,21,63712.0,79528.0,10,11,0.44479195755375595,0.5552080424462441,0.05155779998084559,0,0,0,0,0,0,0,0,0.057499999999999996,0.1,0.0,0.0,0.15,skip,training_upload_trigger_not_confirmed,1785296101.4059362,1785296101405936168,1384769622634278,27.0,53.30859375,-1.0,0,0
2026-07-28T23:35:01.406,10.42.0.47,10.42.0.47,23,1,DOWNLOAD,0.95,DOWNLOAD,0.95,-1,1009,1.2287820027467315,22,64721.0,79528.0,11,11,0.4486755540766314,0.5513244459233686,0.04484542089373674,0,0,0,0,0,0,0,0,0.057499999999999996,0.1,0.0,0.0,0.15,skip,training_upload_trigger_not_confirmed,1785296101.4065557,1785296101406555559,1384769623253610,27.0,53.30859375,-1.0,0,0
2026-07-28T23:35:01.700,10.42.0.145,10.42.0.47,12,2,TRAINING,0.95,TRAINING,0.95,1,64240,0.811275005053909,7,79184.0,64240.0,6,1,0.5520972780008925,0.4479027219991075,0.6072622937308714,0,0,0,0,1,0,0,0,0.4525,1.0,0.0,0.4,0.15,skip,already_attacked_this_round,1785296101.7003162,1785296101700316207,1384769917015215,27.0,53.30859375,-1.0,0,0
2026-07-28T23:35:01.702,10.42.0.145,10.42.0.47,12,3,UPLOAD,0.95,UPLOAD,0.95,1,6529,0.893728531017709,8,79184.0,70769.0,6,2,0.5280587917547498,0.47194120824525015,0.5274698495055875,0,0,0,1,1,1,1,1,0.85,1.0,1.0,0.4,0.8,skip,already_attacked_this_round,1785296101.7020557,1785296101702055674,1384769918754404,27.0,53.30859375,-1.0,0,0
2026-07-28T23:35:01.704,10.42.0.1,10.42.0.47,23,2,TRAINING,0.95,TRAINING,0.95,1,7240,0.249309548605375,39,353392.0,88104.0,30,9,0.8004421331110587,0.19955786688894123,0.04536925398107887,0,0,0,0,1,0,0,0,0.4525,1.0,0.0,0.4,0.15,skip,training_upload_trigger_not_confirmed,1785296101.7040887,1785296101704088449,1384769920787365,27.0,53.30859375,-1.0,0,0
2026-07-28T23:35:01.705,10.42.0.1,10.42.0.1,23,3,UPLOAD,0.95,UPLOAD,0.95,1,7240,0.2697967130006627,40,353392.0,95344.0,30,10,0.7875276331740712,0.21247236682592882,0.03954550715284531,1,0,0,1,1,1,1,1,0.9699999999999999,1.0,1.0,1.0,0.8,trigger,training_upload_trigger_confirmed,1785296101.7052631,1785296101705263221,1384769921962083,27.0,53.30859375,21.762021,1785296101727026851,1384769943724104
2026-07-28T23:35:01.706,10.42.0.1,10.42.0.1,23,3,UPLOAD,0.95,UPLOAD,0.95,1,10136,0.2984787431540655,41,353392.0,105480.0,30,11,0.7701319758015307,0.2298680241984693,0.034550257053505805,1,0,1,1,1,1,1,1,0.9699999999999999,1.0,1.0,1.0,0.8,skip,attack_already_active,1785296101.706901,1785296101706900901,1384769923599550,27.0,53.30859375,-1.0,0,0
2026-07-28T23:35:01.708,10.42.0.1,10.42.0.1,23,3,UPLOAD,0.95,UPLOAD,0.95,1,4344,0.3107710417912381,42,353392.0,109824.0,30,12,0.7629097440502919,0.23709025594970812,0.030143506573293215,1,0,1,1,1,1,1,1,0.9699999999999999,1.0,1.0,1.0,0.8,skip,attack_already_active,1785296101.7080097,1785296101708009826,1384769924708548,27.0,53.30859375,-1.0,0,0
2026-07-28T23:35:01.709,10.42.0.1,10.42.0.1,23,3,UPLOAD,0.9449480570971097,UPLOAD,0.9449480570971097,0,43,0.3107710417912381,42,353392.0,109824.0,30,12,0.7629097440502919,0.23709025594970812,0.06696435422707057,1,0,1,1,1,1,1,1,0.8025,0.7500000000000001,1.0,0.6000000000000001,0.8,skip,attack_already_active,1785296101.709586,1785296101709585896,1384769926284884,27.0,53.30859375,-1.0,0,0
2026-07-28T23:35:01.710,10.42.0.1,10.42.0.1,23,3,UPLOAD,0.95,UPLOAD,0.95,1,14480,0.35174537058181354,43,353392.0,124304.0,30,13,0.7397842979635584,0.26021570203644157,0.058515695178781815,1,0,1,1,1,1,1,1,0.9699999999999999,1.0,1.0,1.0,0.8,skip,attack_already_active,1785296101.7108595,1785296101710859590,1384769927558952,27.0,53.30859375,-1.0,0,0
2026-07-28T23:35:01.714,10.42.0.1,10.42.0.1,23,3,UPLOAD,0.95,UPLOAD,0.95,1,14480,0.392719699372389,44,353392.0,138784.0,30,14,0.7180195702350378,0.2819804297649621,0.05125082309980035,1,0,1,1,1,1,1,1,0.9699999999999999,1.0,1.0,1.0,0.8,skip,attack_already_active,1785296101.7142441,1785296101714244126,1384769930944110,27.0,53.30859375,-1.0,0,0
2026-07-28T23:35:01.716,10.42.0.1,10.42.0.1,23,3,UPLOAD,0.95,UPLOAD,0.95,1,14480,0.4336940281629644,45,353392.0,153264.0,30,15,0.697498894713573,0.3025011052864271,0.044752037469275106,1,0,1,1,1,1,1,1,0.9699999999999999,1.0,1.0,1.0,0.8,skip,attack_already_active,1785296101.7161775,1785296101716177387,1384769932876364,27.0,53.30859375,-1.0,0,0
2026-07-28T23:35:01.717,10.42.0.1,10.42.0.1,23,3,UPLOAD,0.95,UPLOAD,0.95,1,7129,0.4538670937671089,46,353392.0,160393.0,30,16,0.6878207810660101,0.3121792189339899,0.03906846896206731,1,0,1,1,1,1,1,1,0.9699999999999999,1.0,1.0,1.0,0.8,skip,attack_already_active,1785296101.7177985,1785296101717798371,1384769934497242,27.0,53.30859375,-1.0,0,0
2026-07-28T23:35:01.719,10.42.0.59,10.42.0.1,8,2,TRAINING,0.95,TRAINING,0.95,1,64240,0.811275005053909,7,79184.0,64240.0,6,1,0.5520972780008925,0.4479027219991075,0.5647848400435851,0,0,0,0,1,0,0,0,0.5325,1.0,0.0,0.8,0.15,skip,training_upload_trigger_not_confirmed,1785296101.7195172,1785296101719517211,1384769936216100,27.0,53.30859375,-1.0,0,0
2026-07-28T23:35:01.720,10.42.0.1,10.42.0.1,23,3,UPLOAD,0.9179106813675417,UPLOAD,0.9179106813675417,0,43,0.4538670937671089,46,353392.0,160393.0,30,16,0.6878207810660101,0.3121792189339899,0.03537546854894964,1,0,1,1,1,1,1,1,0.8025,0.7500000000000001,1.0,0.6000000000000001,0.8,skip,attack_already_active,1785296101.7206292,1785296101720629290,1384769937327757,27.0,53.30859375,-1.0,0,0
2026-07-28T23:35:01.722,10.42.0.1,10.42.0.1,23,3,UPLOAD,0.95,UPLOAD,0.95,1,14480,0.49484142255768426,47,353392.0,174873.0,30,17,0.6689672796797063,0.3310327203202938,0.03135898012270231,1,0,1,1,1,1,1,1,0.9699999999999999,1.0,1.0,1.0,0.8,skip,attack_already_active,1785296101.722694,1785296101722694003,1384769939392671,27.0,53.30859375,-1.0,0,0
2026-07-28T23:35:01.725,10.42.0.1,10.42.0.1,23,3,UPLOAD,0.95,UPLOAD,0.95,1,13032,0.5317183184692021,48,353392.0,187905.0,30,18,0.6528615528997944,0.34713844710020564,0.02756610164662956,1,0,1,1,1,1,1,1,0.9699999999999999,1.0,1.0,1.0,0.8,skip,attack_already_active,1785296101.7252698,1785296101725269842,1384769941968310,27.0,53.30859375,-1.0,0,0
2026-07-28T23:35:01.727,10.42.0.1,10.42.0.1,23,3,UPLOAD,0.95,UPLOAD,0.95,1,8576,0.5559859872335651,49,353392.0,196481.0,30,19,0.6426793095860317,0.3573206904139683,0.024199039547725124,1,0,1,1,1,1,1,1,0.9699999999999999,1.0,1.0,1.0,0.8,skip,attack_already_active,1785296101.7272842,1785296101727284341,1384769943982759,27.0,53.30859375,-1.0,0,0
2026-07-28T23:35:01.777,10.42.0.18,10.42.0.1,20,2,TRAINING,0.95,TRAINING,0.95,1,20440,0.3164870556280737,6,64584.0,20440.0,5,1,0.7595972901768913,0.24040270982310877,0.5753774085446188,0,0,0,0,1,1,0,0,0.5725,1.0,0.0,1.0,0.15,skip,training_upload_trigger_not_confirmed,1785296101.777534,1785296101777533981,1384769994232708,27.0,53.30859375,-1.0,0,0
2026-07-28T23:35:01.779,10.42.0.18,10.42.0.1,20,3,UPLOAD,0.95,UPLOAD,0.95,1,59088,1.2313885792110832,7,64584.0,79528.0,5,2,0.44815143777062283,0.5518485622293772,0.4998212944442856,0,0,0,1,1,1,1,1,0.9699999999999999,1.0,1.0,1.0,0.8,trigger,training_upload_trigger_confirmed,1785296101.779537,1785296101779536776,1384769996235040,27.0,53.30859375,30.763996,1785296101810301744,1384770026999036
2026-07-28T23:35:01.780,10.42.0.1,10.42.0.1,23,3,UPLOAD,0.95,UPLOAD,0.95,1,7240,0.5764731516288527,50,353392.0,203721.0,30,20,0.634327326772127,0.365672673227873,0.024353106844442293,1,0,1,1,1,1,1,1,0.9699999999999999,1.0,1.0,1.0,0.8,skip,attack_already_active,1785296101.780334,1785296101780334052,1384769997032393,27.0,53.30859375,-1.0,0,0
2026-07-28T23:35:01.781,10.42.0.1,10.42.0.1,23,3,UPLOAD,0.95,UPLOAD,0.95,1,7240,0.5969603160241405,51,353392.0,210961.0,30,21,0.6261896366281388,0.37381036337186124,0.02125030588445768,1,0,1,1,1,1,1,1,0.9699999999999999,1.0,1.0,1.0,0.8,skip,attack_already_active,1785296101.7811408,1785296101781140637,1384769997839069,27.0,53.30859375,-1.0,0,0
2026-07-28T23:35:01.784,10.42.0.1,10.42.0.1,23,3,UPLOAD,0.8656818003638295,UPLOAD,0.8656818003638295,0,43,0.5969603160241405,51,353392.0,210961.0,30,21,0.6261896366281388,0.37381036337186124,0.02682853494573044,1,0,1,1,1,1,1,1,0.8025,0.7500000000000001,1.0,0.6000000000000001,0.8,skip,attack_already_active,1785296101.7842112,1785296101784211290,1384770000909931,27.0,53.30859375,-1.0,0,0
2026-07-28T23:35:01.785,10.42.0.1,10.42.0.1,23,3,UPLOAD,0.95,UPLOAD,0.95,1,10136,0.6256423461775432,52,353392.0,221097.0,30,22,0.6151414561462447,0.38485854385375523,0.02381151319903126,1,0,1,1,1,1,1,1,0.9699999999999999,1.0,1.0,1.0,0.8,skip,attack_already_active,1785296101.785074,1785296101785074023,1384770001772634,92.0,53.3125,-1.0,0,0
2026-07-28T23:35:01.785,10.42.0.1,10.42.0.1,23,3,UPLOAD,0.95,UPLOAD,0.95,1,4344,0.6379346448147158,53,353392.0,225441.0,30,23,0.6105249700690872,0.3894750299309127,0.020763931868421775,1,0,1,1,1,1,1,1,0.9699999999999999,1.0,1.0,1.0,0.8,skip,attack_already_active,1785296101.7857583,1785296101785758314,1384770002456595,92.0,53.3125,-1.0,0,0
2026-07-28T23:35:01.789,10.42.0.1,10.42.0.1,23,3,UPLOAD,0.95,UPLOAD,0.95,1,17376,0.6871038393634064,54,353392.0,242817.0,30,24,0.5927317433987075,0.4072682566012925,0.018158064072756518,1,0,1,1,1,1,1,1,0.9699999999999999,1.0,1.0,1.0,0.8,skip,attack_already_active,1785296101.7891612,1785296101789161241,1384770005859401,92.0,53.3125,-1.0,0,0
2026-07-28T23:35:01.789,10.42.0.1,10.42.0.1,23,3,UPLOAD,0.95,UPLOAD,0.95,1,11584,0.7198833023958667,55,353392.0,254401.0,30,25,0.5814347977025073,0.4185652022974927,0.015860835386934828,1,0,1,1,1,1,1,1,0.9699999999999999,1.0,1.0,1.0,0.8,skip,attack_already_active,1785296101.7898862,1785296101789886158,1384770006584447,92.0,53.3125,-1.0,0,0
2026-07-28T23:35:01.790,10.42.0.1,10.42.0.1,23,3,UPLOAD,0.95,UPLOAD,0.95,1,5792,0.7362730339120969,56,353392.0,260193.0,30,26,0.5759462829110881,0.4240537170889119,0.013900222253528282,1,0,1,1,1,1,1,1,0.9699999999999999,1.0,1.0,1.0,0.8,skip,attack_already_active,1785296101.7908685,1785296101790868439,1384770007566571,92.0,53.3125,-1.0,0,0
2026-07-28T23:35:01.792,10.42.0.1,10.42.0.1,23,3,UPLOAD,0.95,UPLOAD,0.95,1,8688,0.7608576311864421,57,353392.0,268881.0,30,27,0.5679050834601533,0.43209491653984666,0.012259294798377438,1,0,1,1,1,1,1,1,0.9699999999999999,1.0,1.0,1.0,0.8,skip,attack_already_active,1785296101.7923162,1785296101792316165,1384770009014420,92.0,53.3125,-1.0,0,0
2026-07-28T23:35:01.793,10.42.0.1,10.42.0.1,23,3,UPLOAD,0.95,UPLOAD,0.95,1,7128,0.7810278670717474,58,353392.0,276009.0,30,28,0.5614735280051986,0.4385264719948014,0.010865483071370873,1,0,1,1,1,1,1,1,0.9699999999999999,1.0,1.0,1.0,0.8,skip,attack_already_active,1785296101.7939982,1785296101793998443,1384770010697453,92.0,53.3125,-1.0,0,0
2026-07-28T23:35:01.810,10.42.0.1,10.42.0.1,23,3,UPLOAD,0.95,UPLOAD,0.95,1,1336,0.7848083714408226,59,353392.0,277345.0,30,29,0.5602842389141591,0.4397157610858409,0.01166725283163433,1,0,1,1,1,1,1,1,0.9699999999999999,1.0,1.0,1.0,0.8,skip,attack_already_active,1785296101.8109481,1785296101810948022,1384770027646677,92.0,53.3125,-1.0,0,0
2026-07-28T23:35:03.294,10.42.0.210,10.42.0.1|10.42.0.210,23,3,UPLOAD,0.95,UPLOAD,0.95,1,1448,100.0,1,0.0,1448.0,0,1,0.0,1.0,0.5809479015013065,1,0,0,1,1,1,1,1,0.9525,0.95,1.0,1.0,0.8,trigger,training_upload_trigger_confirmed,1785296103.2940025,1785296103294002538,1384771510701373,5.6,53.3125,6.729239,1785296103300733362,1384771517430612
2026-07-28T23:35:03.295,10.42.0.210,10.42.0.1|10.42.0.210,23,3,UPLOAD,0.9841010226033655,UPLOAD,0.9841010226033655,1,1448,100.0,2,0.0,2896.0,0,2,0.0,1.0,0.504528926976119,1,0,1,1,1,1,1,1,0.9699999999999999,1.0,1.0,1.0,0.8,skip,attack_already_active,1785296103.295028,1785296103295027989,1384771511726680,5.6,53.3125,-1.0,0,0
2026-07-28T23:35:03.297,10.42.0.210,10.42.0.1|10.42.0.210,23,3,UPLOAD,0.9854688349332961,UPLOAD,0.9854688349332961,1,1448,100.0,3,0.0,4344.0,0,3,0.0,1.0,0.4383156200749091,1,0,1,1,1,1,1,1,0.9699999999999999,1.0,1.0,1.0,0.8,skip,attack_already_active,1785296103.2970824,1785296103297082418,1384771513781094,5.6,53.3125,-1.0,0,0
2026-07-28T23:35:03.298,10.42.0.210,10.42.0.1|10.42.0.210,23,3,UPLOAD,0.9855076450773014,UPLOAD,0.9855076450773014,1,1448,100.0,4,0.0,5792.0,0,4,0.0,1.0,0.38068863983107637,1,0,1,1,1,1,1,1,0.9699999999999999,1.0,1.0,1.0,0.8,skip,attack_already_active,1785296103.2980828,1785296103298082932,1384771514781295,5.6,53.3125,-1.0,0,0
2026-07-28T23:35:03.299,10.42.0.210,10.42.0.1|10.42.0.210,23,3,UPLOAD,0.9855086980780915,UPLOAD,0.9855086980780915,1,1448,100.0,5,0.0,7240.0,0,5,0.0,1.0,0.33069874900384744,1,0,1,1,1,1,1,1,0.9699999999999999,1.0,1.0,1.0,0.8,skip,attack_already_active,1785296103.299412,1785296103299411976,1384771516110777,5.6,53.3125,-1.0,0,0
2026-07-28T23:35:03.300,10.42.0.210,10.42.0.1|10.42.0.210,23,3,UPLOAD,0.9855087254685951,UPLOAD,0.9855087254685951,1,1448,100.0,6,0.0,8688.0,0,6,0.0,1.0,0.28722207281104395,1,0,1,1,1,1,1,1,0.9699999999999999,1.0,1.0,1.0,0.8,skip,attack_already_active,1785296103.3001783,1785296103300178194,1384771516876381,5.6,53.3125,-1.0,0,0
2026-07-28T23:35:03.301,10.42.0.210,10.42.0.1|10.42.0.210,23,3,UPLOAD,0.9855087261493067,UPLOAD,0.9855087261493067,1,1448,100.0,7,0.0,10136.0,0,7,0.0,1.0,0.2495269483050041,1,0,1,1,1,1,1,1,0.9699999999999999,1.0,1.0,1.0,0.8,skip,attack_already_active,1785296103.3013425,1785296103301342550,1384771518041943,5.6,53.3125,-1.0,0,0
2026-07-28T23:35:03.302,10.42.0.210,10.42.0.1|10.42.0.210,23,3,UPLOAD,0.9855087261653082,UPLOAD,0.9855087261653082,1,1448,100.0,8,0.0,11584.0,0,8,0.0,1.0,0.2167504131276151,1,0,1,1,1,1,1,1,0.9699999999999999,1.0,1.0,1.0,0.8,skip,attack_already_active,1785296103.3021374,1785296103302137364,1384771518835797,5.6,53.3125,-1.0,0,0
2026-07-28T23:35:03.303,10.42.0.210,10.42.0.1|10.42.0.210,23,3,UPLOAD,0.985508726165656,UPLOAD,0.985508726165656,1,1448,100.0,9,0.0,13032.0,0,9,0.0,1.0,0.18831532629134873,1,0,1,1,1,1,1,1,0.9699999999999999,1.0,1.0,1.0,0.8,skip,attack_already_active,1785296103.3031018,1785296103303101814,1384771519799981,5.6,53.3125,-1.0,0,0
2026-07-28T23:35:03.303,10.42.0.210,10.42.0.1|10.42.0.210,23,3,UPLOAD,0.9855087261656625,UPLOAD,0.9855087261656625,1,1448,100.0,10,0.0,14480.0,0,10,0.0,1.0,0.16358028878285277,1,0,1,1,1,1,1,1,0.9699999999999999,1.0,1.0,1.0,0.8,skip,attack_already_active,1785296103.3037097,1785296103303709737,1384771520407833,5.6,53.3125,-1.0,0,0
2026-07-28T23:35:03.304,10.42.0.210,10.42.0.1|10.42.0.210,23,3,UPLOAD,0.95,UPLOAD,0.95,1,1448,100.0,11,0.0,15928.0,0,11,0.0,1.0,0.14213344469815303,1,0,1,1,1,1,1,1,0.9699999999999999,1.0,1.0,1.0,0.8,skip,attack_already_active,1785296103.3045359,1785296103304535682,1384771521233735,5.6,53.3125,-1.0,0,0
2026-07-28T23:35:03.305,10.42.0.210,10.42.0.1|10.42.0.210,23,3,UPLOAD,0.95,UPLOAD,0.95,1,1448,100.0,12,0.0,17376.0,0,12,0.0,1.0,0.12347931889945137,1,0,1,1,1,1,1,1,0.9699999999999999,1.0,1.0,1.0,0.8,skip,attack_already_active,1785296103.3051083,1785296103305108154,1384771521806161,5.6,53.3125,-1.0,0,0
2026-07-28T23:35:03.305,10.42.0.210,10.42.0.1|10.42.0.210,23,3,UPLOAD,0.95,UPLOAD,0.95,1,1448,100.0,13,0.0,18824.0,0,13,0.0,1.0,0.10731565920714717,1,0,1,1,1,1,1,1,0.9699999999999999,1.0,1.0,1.0,0.8,skip,attack_already_active,1785296103.305926,1785296103305926115,1384771522624070,5.6,53.3125,-1.0,0,0
2026-07-28T23:35:03.306,10.42.0.210,10.42.0.1|10.42.0.210,23,3,UPLOAD,0.95,UPLOAD,0.95,1,1448,100.0,14,0.0,20272.0,0,14,0.0,1.0,0.09326068754940944,1,0,1,1,1,1,1,1,0.9699999999999999,1.0,1.0,1.0,0.8,skip,attack_already_active,1785296103.3065825,1785296103306582579,1384771523280764,5.6,53.3125,-1.0,0,0
2026-07-28T23:35:03.307,10.42.0.210,10.42.0.1|10.42.0.210,23,3,UPLOAD,0.95,UPLOAD,0.95,1,1448,100.0,15,0.0,21720.0,0,15,0.0,1.0,0.08109104201123817,1,0,1,1,1,1,1,1,0.9699999999999999,1.0,1.0,1.0,0.8,skip,attack_already_active,1785296103.307491,1785296103307491018,1384771524189146,5.6,53.3125,-1.0,0,0
2026-07-28T23:35:03.308,10.42.0.210,10.42.0.1|10.42.0.210,23,3,UPLOAD,0.95,UPLOAD,0.95,1,1448,100.0,16,0.0,23168.0,0,16,0.0,1.0,0.07048260003153715,1,0,1,1,1,1,1,1,0.9699999999999999,1.0,1.0,1.0,0.8,skip,attack_already_active,1785296103.3080776,1785296103308077668,1384771524775695,5.6,53.3125,-1.0,0,0
2026-07-28T23:35:03.308,10.42.0.210,10.42.0.1|10.42.0.210,23,3,UPLOAD,0.95,UPLOAD,0.95,1,1448,100.0,17,0.0,24616.0,0,17,0.0,1.0,0.061304628369323245,1,0,1,1,1,1,1,1,0.9699999999999999,1.0,1.0,1.0,0.8,skip,attack_already_active,1785296103.308911,1785296103308911187,1384771525609227,23.6,53.3125,-1.0,0,0
2026-07-28T23:35:03.309,10.42.0.210,10.42.0.1|10.42.0.210,23,3,UPLOAD,0.95,UPLOAD,0.95,1,1448,100.0,18,0.0,26064.0,0,18,0.0,1.0,0.05330268226449338,1,0,1,1,1,1,1,1,0.9699999999999999,1.0,1.0,1.0,0.8,skip,attack_already_active,1785296103.3094912,1785296103309491305,1384771526189269,23.6,53.3125,-1.0,0,0
2026-07-28T23:35:03.310,10.42.0.210,10.42.0.1|10.42.0.210,23,3,UPLOAD,0.95,UPLOAD,0.95,1,1448,100.0,19,0.0,27512.0,0,19,0.0,1.0,0.046392418072602394,1,0,1,1,1,1,1,1,0.9699999999999999,1.0,1.0,1.0,0.8,skip,attack_already_active,1785296103.3103538,1785296103310353768,1384771527051806,23.6,53.3125,-1.0,0,0
2026-07-28T23:35:03.310,10.42.0.210,10.42.0.1|10.42.0.210,23,3,UPLOAD,0.95,UPLOAD,0.95,1,1448,100.0,20,0.0,28960.0,0,20,0.0,1.0,0.04035470370354971,1,0,1,1,1,1,1,1,0.9699999999999999,1.0,1.0,1.0,0.8,skip,attack_already_active,1785296103.3109276,1785296103310927543,1384771527625972,23.6,53.3125,-1.0,0,0
2026-07-28T23:35:03.311,10.42.0.210,10.42.0.1|10.42.0.210,23,3,UPLOAD,0.95,UPLOAD,0.95,1,1448,100.0,21,0.0,30408.0,0,21,0.0,1.0,0.03515649615997952,1,0,1,1,1,1,1,1,0.9699999999999999,1.0,1.0,1.0,0.8,skip,attack_already_active,1785296103.3118346,1785296103311834745,1384771528532923,23.6,53.3125,-1.0,0,0
2026-07-28T23:35:03.312,10.42.0.210,10.42.0.1|10.42.0.210,23,3,UPLOAD,0.95,UPLOAD,0.95,1,1448,100.0,22,0.0,31856.0,0,22,0.0,1.0,0.03064764668405469,1,0,1,1,1,1,1,1,0.9699999999999999,1.0,1.0,1.0,0.8,skip,attack_already_active,1785296103.3127747,1785296103312774601,1384771529473064,23.6,53.3125,-1.0,0,0
2026-07-28T23:35:03.313,10.42.0.210,10.42.0.1|10.42.0.210,23,3,UPLOAD,0.95,UPLOAD,0.95,1,1448,100.0,23,0.0,33304.0,0,23,0.0,1.0,0.026731094821248004,1,0,1,1,1,1,1,1,0.9699999999999999,1.0,1.0,1.0,0.8,skip,attack_already_active,1785296103.3137007,1785296103313700582,1384771530398702,23.6,53.3125,-1.0,0,0
2026-07-28T23:35:03.314,10.42.0.210,10.42.0.1|10.42.0.210,23,3,UPLOAD,0.95,UPLOAD,0.95,1,1448,100.0,24,0.0,34752.0,0,24,0.0,1.0,0.023289958860956465,1,0,1,1,1,1,1,1,0.9699999999999999,1.0,1.0,1.0,0.8,skip,attack_already_active,1785296103.314318,1785296103314317783,1384771531016321,23.6,53.3125,-1.0,0,0
2026-07-28T23:35:03.315,10.42.0.210,10.42.0.1|10.42.0.210,23,3,UPLOAD,0.95,UPLOAD,0.95,1,1448,100.0,25,0.0,36200.0,0,25,0.0,1.0,0.020335862051699478,1,0,1,1,1,1,1,1,0.9699999999999999,1.0,1.0,1.0,0.8,skip,attack_already_active,1785296103.31519,1785296103315190117,1384771531888354,23.6,53.3125,-1.0,0,0
2026-07-28T23:35:03.315,10.42.0.210,10.42.0.1|10.42.0.210,23,3,UPLOAD,0.95,UPLOAD,0.95,1,1448,100.0,26,0.0,37648.0,0,26,0.0,1.0,0.017736417715494973,1,0,1,1,1,1,1,1,0.9699999999999999,1.0,1.0,1.0,0.8,skip,attack_already_active,1785296103.3157995,1785296103315799478,1384771532497547,23.6,53.3125,-1.0,0,0
2026-07-28T23:35:03.316,10.42.0.210,10.42.0.1|10.42.0.210,23,3,UPLOAD,0.95,UPLOAD,0.95,1,1448,100.0,27,0.0,39096.0,0,27,0.0,1.0,0.015518031608290798,1,0,1,1,1,1,1,1,0.9699999999999999,1.0,1.0,1.0,0.8,skip,attack_already_active,1785296103.3167012,1785296103316701166,1384771533399326,23.6,53.3125,-1.0,0,0
2026-07-28T23:35:03.317,10.42.0.210,10.42.0.1|10.42.0.210,23,3,UPLOAD,0.95,UPLOAD,0.95,1,1448,100.0,28,0.0,40544.0,0,28,0.0,1.0,0.013571613623845787,1,0,1,1,1,1,1,1,0.9699999999999999,1.0,1.0,1.0,0.8,skip,attack_already_active,1785296103.3174484,1785296103317448471,1384771534146683,23.6,53.3125,-1.0,0,0
2026-07-28T23:35:03.318,10.42.0.210,10.42.0.1|10.42.0.210,23,3,UPLOAD,0.95,UPLOAD,0.95,1,1448,100.0,29,0.0,41992.0,0,29,0.0,1.0,0.011947346371904921,1,0,1,1,1,1,1,1,0.9699999999999999,1.0,1.0,1.0,0.8,skip,attack_already_active,1785296103.3186939,1785296103318693927,1384771535392295,23.6,53.3125,-1.0,0,0
2026-07-28T23:35:03.319,10.42.0.210,10.42.0.1|10.42.0.210,23,3,UPLOAD,0.95,UPLOAD,0.95,1,1448,100.0,30,0.0,43440.0,0,30,0.0,1.0,0.010528539101778037,1,0,1,1,1,1,1,1,0.9699999999999999,1.0,1.0,1.0,0.8,skip,attack_already_active,1785296103.3198743,1785296103319874184,1384771536573928,23.6,53.3125,-1.0,0,0
2026-07-28T23:35:03.321,10.42.0.210,10.42.0.1|10.42.0.210,23,3,UPLOAD,0.95,UPLOAD,0.95,1,1448,100.0,31,0.0,44888.0,0,31,0.0,1.0,0.009363299466997698,1,0,1,1,1,1,1,1,0.9699999999999999,1.0,1.0,1.0,0.8,skip,attack_already_active,1785296103.3215601,1785296103321560048,1384771538258642,23.6,53.3125,-1.0,0,0
2026-07-28T23:35:03.322,10.42.0.210,10.42.0.1|10.42.0.210,23,3,UPLOAD,0.95,UPLOAD,0.95,1,1448,100.0,32,0.0,46336.0,0,32,0.0,1.0,0.008263922474926707,1,0,1,1,1,1,1,1,0.9699999999999999,1.0,1.0,1.0,0.8,skip,attack_already_active,1785296103.3225806,1785296103322580518,1384771539279059,23.6,53.3125,-1.0,0,0
2026-07-28T23:35:03.323,10.42.0.210,10.42.0.1|10.42.0.210,23,3,UPLOAD,0.95,UPLOAD,0.95,1,1448,100.0,33,0.0,47784.0,0,33,0.0,1.0,0.007329145480434361,1,0,1,1,1,1,1,1,0.9699999999999999,1.0,1.0,1.0,0.8,skip,attack_already_active,1785296103.3237507,1785296103323750596,1384771540448893,23.6,53.3125,-1.0,0,0
2026-07-28T23:35:03.324,10.42.0.210,10.42.0.1|10.42.0.210,23,3,UPLOAD,0.95,UPLOAD,0.95,1,1448,100.0,34,0.0,49232.0,0,34,0.0,1.0,0.006455247361793071,1,0,1,1,1,1,1,1,0.9699999999999999,1.0,1.0,1.0,0.8,skip,attack_already_active,1785296103.324448,1785296103324447909,1384771541146074,23.6,53.3125,-1.0,0,0
2026-07-28T23:35:03.325,10.42.0.210,10.42.0.1|10.42.0.210,23,3,UPLOAD,0.95,UPLOAD,0.95,1,1448,100.0,35,0.0,50680.0,0,35,0.0,1.0,0.005728583952234213,1,0,1,1,1,1,1,1,0.9699999999999999,1.0,1.0,1.0,0.8,skip,attack_already_active,1785296103.325389,1785296103325388811,1384771542087138,23.6,53.3125,-1.0,0,0
2026-07-28T23:35:03.326,10.42.0.210,10.42.0.1|10.42.0.210,23,3,UPLOAD,0.95,UPLOAD,0.95,1,1448,100.0,36,0.0,52128.0,0,36,0.0,1.0,0.005059441152337733,1,0,1,1,1,1,1,1,0.9699999999999999,1.0,1.0,1.0,0.8,skip,attack_already_active,1785296103.3260396,1785296103326039556,1384771542737660,23.6,53.3125,-1.0,0,0
2026-07-28T23:35:03.327,10.42.0.210,10.42.0.1|10.42.0.210,23,3,UPLOAD,0.95,UPLOAD,0.95,1,1448,100.0,37,0.0,53576.0,0,37,0.0,1.0,0.004558054770359275,1,0,1,1,1,1,1,1,0.9699999999999999,1.0,1.0,1.0,0.8,skip,attack_already_active,1785296103.327294,1785296103327294218,1384771543993802,23.6,53.3125,-1.0,0,0
2026-07-28T23:35:03.328,10.42.0.210,10.42.0.1|10.42.0.210,23,3,UPLOAD,0.95,UPLOAD,0.95,1,1448,100.0,38,0.0,55024.0,0,38,0.0,1.0,0.004064553136581268,1,0,1,1,1,1,1,1,0.9699999999999999,1.0,1.0,1.0,0.8,skip,attack_already_active,1785296103.328107,1785296103328106884,1384771544805177,23.6,53.3125,-1.0,0,0
2026-07-28T23:35:03.329,10.42.0.210,10.42.0.1|10.42.0.210,23,3,UPLOAD,0.95,UPLOAD,0.95,1,1448,100.0,39,0.0,56472.0,0,39,0.0,1.0,0.0036493405956796636,1,0,1,1,1,1,1,1,0.9699999999999999,1.0,1.0,1.0,0.8,skip,attack_already_active,1785296103.3290207,1785296103329020724,1384771545718846,23.6,53.3125,-1.0,0,0
2026-07-28T23:35:03.329,10.42.0.210,10.42.0.1|10.42.0.210,23,3,UPLOAD,0.95,UPLOAD,0.95,1,1448,100.0,40,0.0,57920.0,0,40,0.0,1.0,0.00324928785744207,1,0,1,1,1,1,1,1,0.9699999999999999,1.0,1.0,1.0,0.8,skip,attack_already_active,1785296103.3296342,1785296103329634221,1384771546332377,23.6,53.3125,-1.0,0,0
2026-07-28T23:35:03.330,10.42.0.210,10.42.0.1|10.42.0.210,23,3,UPLOAD,0.95,UPLOAD,0.95,1,1448,100.0,41,0.0,59368.0,0,41,0.0,1.0,0.002943862776740755,1,0,1,1,1,1,1,1,0.9699999999999999,1.0,1.0,1.0,0.8,skip,attack_already_active,1785296103.3305657,1785296103330565627,1384771547264144,23.6,53.3125,-1.0,0,0
2026-07-28T23:35:03.331,10.42.0.210,10.42.0.1|10.42.0.210,23,3,UPLOAD,0.95,UPLOAD,0.95,1,1448,100.0,42,0.0,60816.0,0,42,0.0,1.0,0.0026375908578571204,1,0,1,1,1,1,1,1,0.9699999999999999,1.0,1.0,1.0,0.8,skip,attack_already_active,1785296103.3311853,1785296103331185300,1384771547883360,23.6,53.3125,-1.0,0,0
2026-07-28T23:35:03.332,10.42.0.210,10.42.0.1|10.42.0.210,23,3,UPLOAD,0.95,UPLOAD,0.95,1,1448,100.0,43,0.0,62264.0,0,43,0.0,1.0,0.002408907474097013,1,0,1,1,1,1,1,1,0.9699999999999999,1.0,1.0,1.0,0.8,skip,attack_already_active,1785296103.3320875,1785296103332087437,1384771548785841,23.6,53.3125,-1.0,0,0
2026-07-28T23:35:03.332,10.42.0.210,10.42.0.1|10.42.0.210,23,3,UPLOAD,0.95,UPLOAD,0.95,1,1448,100.0,44,0.0,63712.0,0,44,0.0,1.0,0.0021781872205835977,1,0,1,1,1,1,1,1,0.9699999999999999,1.0,1.0,1.0,0.8,skip,attack_already_active,1785296103.3327456,1785296103332745574,1384771549443795,23.6,53.3125,-1.0,0,0
2026-07-28T23:35:03.333,10.42.0.210,10.42.0.1|10.42.0.210,23,3,UPLOAD,0.95,UPLOAD,0.95,1,1448,100.0,45,0.0,65160.0,0,45,0.0,1.0,0.002049407611541868,1,0,1,1,1,1,1,1,0.9699999999999999,1.0,1.0,1.0,0.8,skip,attack_already_active,1785296103.3339465,1785296103333946371,1384771550644653,23.6,53.3125,-1.0,0,0
2026-07-28T23:35:03.334,10.42.0.210,10.42.0.1|10.42.0.210,23,3,UPLOAD,0.95,UPLOAD,0.95,1,1448,100.0,46,0.0,66608.0,0,46,0.0,1.0,0.0018683223201217984,1,0,1,1,1,1,1,1,0.9699999999999999,1.0,1.0,1.0,0.8,skip,attack_already_active,1785296103.3346217,1785296103334621789,1384771551320024,23.6,53.3125,-1.0,0,0
2026-07-28T23:35:03.335,10.42.0.210,10.42.0.1|10.42.0.210,23,3,UPLOAD,0.95,UPLOAD,0.95,1,1448,100.0,47,0.0,68056.0,0,47,0.0,1.0,0.001739532267641081,1,0,1,1,1,1,1,1,0.9699999999999999,1.0,1.0,1.0,0.8,skip,attack_already_active,1785296103.3355126,1785296103335512631,1384771552210740,23.6,53.3125,-1.0,0,0
2026-07-28T23:35:03.336,10.42.0.210,10.42.0.1|10.42.0.210,23,3,UPLOAD,0.95,UPLOAD,0.95,1,1448,100.0,48,0.0,69504.0,0,48,0.0,1.0,0.0015895726332363547,1,0,1,1,1,1,1,1,0.9699999999999999,1.0,1.0,1.0,0.8,skip,attack_already_active,1785296103.3361142,1785296103336114292,1384771552812316,23.6,53.3125,-1.0,0,0
2026-07-28T23:35:03.336,10.42.0.210,10.42.0.1|10.42.0.210,23,3,UPLOAD,0.95,UPLOAD,0.95,1,1448,100.0,49,0.0,70952.0,0,49,0.0,1.0,0.001493618904950006,1,0,1,1,1,1,1,1,0.9699999999999999,1.0,1.0,1.0,0.8,skip,attack_already_active,1785296103.3369756,1785296103336975545,1384771553673949,23.6,53.3125,-1.0,0,0
2026-07-28T23:35:03.337,10.42.0.210,10.42.0.1|10.42.0.210,23,3,UPLOAD,0.95,UPLOAD,0.95,1,1448,100.0,50,0.0,72400.0,0,50,0.0,1.0,0.0013828505493094657,1,0,1,1,1,1,1,1,0.9699999999999999,1.0,1.0,1.0,0.8,skip,attack_already_active,1785296103.3376286,1785296103337628576,1384771554327010,23.6,53.3125,-1.0,0,0
2026-07-28T23:35:03.338,10.42.0.210,10.42.0.1|10.42.0.210,23,3,UPLOAD,0.95,UPLOAD,0.95,1,1448,100.0,51,0.0,73848.0,0,51,0.0,1.0,0.0013157083878997538,1,0,1,1,1,1,1,1,0.9699999999999999,1.0,1.0,1.0,0.8,skip,attack_already_active,1785296103.338502,1785296103338501950,1384771555200442,23.6,53.3125,-1.0,0,0
2026-07-28T23:35:03.339,10.42.0.210,10.42.0.1|10.42.0.210,23,3,UPLOAD,0.95,UPLOAD,0.95,1,1448,100.0,52,0.0,75296.0,0,52,0.0,1.0,0.0012199956285453113,1,0,1,1,1,1,1,1,0.9699999999999999,1.0,1.0,1.0,0.8,skip,attack_already_active,1785296103.3390913,1785296103339091086,1384771555789070,23.6,53.3125,-1.0,0,0
2026-07-28T23:35:03.339,10.42.0.210,10.42.0.1|10.42.0.210,23,3,UPLOAD,0.95,UPLOAD,0.95,1,1448,100.0,53,0.0,76744.0,0,53,0.0,1.0,0.0011753189472202654,1,0,1,1,1,1,1,1,0.9699999999999999,1.0,1.0,1.0,0.8,skip,attack_already_active,1785296103.3399723,1785296103339972393,1384771556670543,23.6,53.3125,-1.0,0,0
2026-07-28T23:35:03.340,10.42.0.210,10.42.0.1|10.42.0.210,23,3,UPLOAD,0.950161352002828,UPLOAD,0.950161352002828,1,1448,100.0,54,0.0,78192.0,0,54,0.0,1.0,0.001133764773462322,1,0,1,1,1,1,1,1,0.9699999999999999,1.0,1.0,1.0,0.8,skip,attack_already_active,1785296103.3408322,1785296103340832143,1384771557530852,23.6,53.3125,-1.0,0,0
2026-07-28T23:35:03.342,10.42.0.210,10.42.0.1|10.42.0.210,23,3,UPLOAD,0.9628680902355347,UPLOAD,0.9628680902355347,1,1337,100.0,55,0.0,79529.0,0,55,0.0,1.0,0.001176952684979767,1,0,1,1,1,1,1,1,0.9699999999999999,1.0,1.0,1.0,0.8,skip,attack_already_active,1785296103.3422937,1785296103342293726,1384771558992173,23.6,53.3125,-1.0,0,0
2026-07-28T23:35:03.354,10.42.0.1,10.42.0.1|10.42.0.210,23,3,UPLOAD,0.95,UPLOAD,0.95,1,7240,100.0,1,0.0,7240.0,0,1,0.0,1.0,0.20948673444162583,1,0,1,1,1,1,1,1,0.9699999999999999,1.0,1.0,1.0,0.8,skip,attack_already_active,1785296103.3548424,1785296103354842300,1384771571541414,23.6,53.3125,-1.0,0,0
2026-07-28T23:35:03.355,10.42.0.1,10.42.0.1|10.42.0.210,23,3,UPLOAD,0.9692701356663038,UPLOAD,0.9692701356663038,1,7240,100.0,2,0.0,14480.0,0,2,0.0,1.0,0.18201899426969106,1,0,1,1,1,1,1,1,0.9699999999999999,1.0,1.0,1.0,0.8,skip,attack_already_active,1785296103.355884,1785296103355884037,1384771572582476,23.6,53.3125,-1.0,0,0
2026-07-28T23:35:03.385,10.42.0.1,10.42.0.1|10.42.0.210,23,3,UPLOAD,0.9773683561765792,UPLOAD,0.9773683561765792,1,1448,100.0,3,0.0,15928.0,0,3,0.0,1.0,0.16187108911679407,1,0,1,1,1,1,1,1,0.9699999999999999,1.0,1.0,1.0,0.8,skip,attack_already_active,1785296103.3850062,1785296103385006027,1384771601704654,23.6,53.3125,-1.0,0,0
2026-07-28T23:35:03.452,10.42.0.1,10.42.0.1|10.42.0.210,23,3,UPLOAD,0.9793839307784146,UPLOAD,0.9793839307784146,1,14480,100.0,4,0.0,30408.0,0,4,0.0,1.0,0.14938808933260952,1,0,1,1,1,1,1,1,0.9699999999999999,1.0,1.0,1.0,0.8,skip,attack_already_active,1785296103.4521472,1785296103452147280,1384771668846148,23.6,53.3125,-1.0,0,0
2026-07-28T23:35:03.453,10.42.0.1,10.42.0.1|10.42.0.210,23,3,UPLOAD,0.9798614812332648,UPLOAD,0.9798614812332648,1,14480,100.0,5,0.0,44888.0,0,5,0.0,1.0,0.12986416474301649,1,0,1,1,1,1,1,1,0.9699999999999999,1.0,1.0,1.0,0.8,skip,attack_already_active,1785296103.4533737,1785296103453373605,1384771670072032,23.6,53.3125,-1.0,0,0
2026-07-28T23:35:03.454,10.42.0.1,10.42.0.1|10.42.0.210,23,3,UPLOAD,0.9787059944005928,UPLOAD,0.9787059944005928,0,43,100.0,5,0.0,44888.0,0,5,0.0,1.0,0.3328577668806372,1,0,1,1,1,1,1,1,0.8374999999999999,0.8500000000000001,1.0,0.6000000000000001,0.8,skip,attack_already_active,1785296103.4545376,1785296103454537690,1384771671236202,23.6,53.3125,-1.0,0,0
2026-07-28T23:35:03.457,10.42.0.1,10.42.0.1|10.42.0.210,23,3,UPLOAD,0.9803347370177657,UPLOAD,0.9803347370177657,1,15928,100.0,6,0.0,60816.0,0,6,0.0,1.0,0.28956712687609276,1,0,1,1,1,1,1,1,0.9699999999999999,1.0,1.0,1.0,0.8,skip,attack_already_active,1785296103.4577107,1785296103457710890,1384771674409423,23.6,53.3125,-1.0,0,0
2026-07-28T23:35:03.460,10.42.0.1,10.42.0.1|10.42.0.210,23,3,UPLOAD,0.9810985869458984,UPLOAD,0.9810985869458984,1,13032,100.0,7,0.0,73848.0,0,7,0.0,1.0,0.2517536882297269,1,0,1,1,1,1,1,1,0.9699999999999999,1.0,1.0,1.0,0.8,skip,attack_already_active,1785296103.4603221,1785296103460321965,1384771677020791,23.6,53.3125,-1.0,0,0
2026-07-28T23:35:03.461,10.42.0.1,10.42.0.1|10.42.0.210,23,3,UPLOAD,0.981764500410639,UPLOAD,0.981764500410639,1,5681,100.0,8,0.0,79529.0,0,8,0.0,1.0,0.21879500630149273,1,0,1,1,1,1,1,1,0.9699999999999999,1.0,1.0,1.0,0.8,skip,attack_already_active,1785296103.4619615,1785296103461961586,1384771678660043,23.6,53.3125,-1.0,0,0
2026-07-28T23:35:03.783,10.42.0.47,10.42.0.1|10.42.0.210|10.42.0.47,23,3,UPLOAD,0.95,UPLOAD,0.95,1,7240,100.0,1,0.0,7240.0,0,1,0.0,1.0,0.35471948762573546,1,0,0,1,1,1,1,1,0.9699999999999999,1.0,1.0,1.0,0.8,trigger,training_upload_trigger_confirmed,1785296103.7833378,1785296103783337717,1384772000036724,23.6,53.3125,9.253259,1785296103792592627,1384772009289983
2026-07-28T23:35:03.784,10.42.0.47,10.42.0.1|10.42.0.210|10.42.0.47,23,3,UPLOAD,0.951282641662846,UPLOAD,0.951282641662846,1,7240,100.0,2,0.0,14480.0,0,2,0.0,1.0,0.3081271938170547,1,0,1,1,1,1,1,1,0.9699999999999999,1.0,1.0,1.0,0.8,skip,attack_already_active,1785296103.7844813,1785296103784481298,1384772001179898,23.6,53.3125,-1.0,0,0
2026-07-28T23:35:03.786,10.42.0.47,10.42.0.1|10.42.0.210|10.42.0.47,23,3,UPLOAD,0.952332291646588,UPLOAD,0.952332291646588,1,10136,100.0,3,0.0,24616.0,0,3,0.0,1.0,0.26773800666997866,1,0,1,1,1,1,1,1,0.9699999999999999,1.0,1.0,1.0,0.8,skip,attack_already_active,1785296103.786106,1785296103786106233,1384772002805333,23.6,53.3125,-1.0,0,0
2026-07-28T23:35:03.789,10.42.0.47,10.42.0.1|10.42.0.210|10.42.0.47,23,3,UPLOAD,0.9535646247132935,UPLOAD,0.9535646247132935,1,4344,100.0,4,0.0,28960.0,0,4,0.0,1.0,0.23288553893344183,1,0,1,1,1,1,1,1,0.9699999999999999,1.0,1.0,1.0,0.8,skip,attack_already_active,1785296103.7893584,1785296103789358323,1384772006057524,23.6,53.3125,-1.0,0,0
2026-07-28T23:35:03.790,10.42.0.47,10.42.0.1|10.42.0.210|10.42.0.47,23,3,UPLOAD,0.9562162251353502,UPLOAD,0.9562162251353502,1,14480,100.0,5,0.0,43440.0,0,5,0.0,1.0,0.20234998538273063,1,0,1,1,1,1,1,1,0.9699999999999999,1.0,1.0,1.0,0.8,skip,attack_already_active,1785296103.790518,1785296103790517943,1384772007216316,23.6,53.3125,-1.0,0,0
2026-07-28T23:35:03.792,10.42.0.47,10.42.0.1|10.42.0.210|10.42.0.47,23,3,UPLOAD,0.9576035098702326,UPLOAD,0.9576035098702326,1,2896,100.0,6,0.0,46336.0,0,6,0.0,1.0,0.17593792584944823,1,0,1,1,1,1,1,1,0.9699999999999999,1.0,1.0,1.0,0.8,skip,attack_already_active,1785296103.7924342,1785296103792434080,1384772009132746,23.6,53.3125,-1.0,0,0
2026-07-28T23:35:03.794,10.42.0.47,10.42.0.1|10.42.0.210|10.42.0.47,23,3,UPLOAD,0.9587853090987951,UPLOAD,0.9587853090987951,1,11584,100.0,7,0.0,57920.0,0,7,0.0,1.0,0.15299995509946474,1,0,1,1,1,1,1,1,0.9699999999999999,1.0,1.0,1.0,0.8,skip,attack_already_active,1785296103.7943022,1785296103794302244,1384772011010135,23.6,53.3125,-1.0,0,0
2026-07-28T23:35:03.796,10.42.0.47,10.42.0.1|10.42.0.210|10.42.0.47,23,3,UPLOAD,0.9610296667165368,UPLOAD,0.9610296667165368,1,4344,100.0,8,0.0,62264.0,0,8,0.0,1.0,0.13306244251810853,1,0,1,1,1,1,1,1,0.9699999999999999,1.0,1.0,1.0,0.8,skip,attack_already_active,1785296103.796002,1785296103796001848,1384772012700477,23.6,53.3125,-1.0,0,0
2026-07-28T23:35:03.797,10.42.0.47,10.42.0.1|10.42.0.210|10.42.0.47,23,3,UPLOAD,0.9621873658029678,UPLOAD,0.9621873658029678,1,1448,100.0,9,0.0,63712.0,0,9,0.0,1.0,0.1157059699506576,1,0,1,1,1,1,1,1,0.9699999999999999,1.0,1.0,1.0,0.8,skip,attack_already_active,1785296103.797351,1785296103797350988,1384772014049429,23.6,53.3125,-1.0,0,0
2026-07-28T23:35:03.798,10.42.0.47,10.42.0.1|10.42.0.210|10.42.0.47,23,3,UPLOAD,0.9642493604166193,UPLOAD,0.9642493604166193,1,7240,100.0,10,0.0,70952.0,0,10,0.0,1.0,0.10062077150759555,1,0,1,1,1,1,1,1,0.9699999999999999,1.0,1.0,1.0,0.8,skip,attack_already_active,1785296103.7985795,1785296103798579406,1384772015278039,23.6,53.3125,-1.0,0,0
2026-07-28T23:35:03.799,10.42.0.47,10.42.0.1|10.42.0.210|10.42.0.47,23,3,UPLOAD,0.9661161092980397,UPLOAD,0.9661161092980397,1,8576,100.0,11,0.0,79528.0,0,11,0.0,1.0,0.08750934204416183,1,0,1,1,1,1,1,1,0.9699999999999999,1.0,1.0,1.0,0.8,skip,attack_already_active,1785296103.7997012,1785296103799701281,1384772016399709,23.6,53.3125,-1.0,0,0
2026-07-28T23:35:03.801,10.42.0.1,10.42.0.1|10.42.0.210|10.42.0.47,23,3,UPLOAD,0.9825705943662106,UPLOAD,0.9825705943662106,1,7240,100.0,9,0.0,86769.0,0,9,0.0,1.0,0.23149339407621866,1,0,1,1,1,1,1,1,0.9699999999999999,1.0,1.0,1.0,0.8,skip,attack_already_active,1785296103.8012593,1785296103801259371,1384772017957737,23.6,53.3125,-1.0,0,0
2026-07-28T23:35:03.802,10.42.0.1,10.42.0.1|10.42.0.210|10.42.0.47,23,3,UPLOAD,0.9833398052347164,UPLOAD,0.9833398052347164,1,7240,100.0,10,0.0,94009.0,0,10,0.0,1.0,0.2011239472246946,1,0,1,1,1,1,1,1,0.9699999999999999,1.0,1.0,1.0,0.8,skip,attack_already_active,1785296103.8022873,1785296103802287344,1384772018985845,23.6,53.3125,-1.0,0,0
2026-07-28T23:35:03.803,10.42.0.1,10.42.0.1|10.42.0.210|10.42.0.47,23,3,UPLOAD,0.9841123468831603,UPLOAD,0.9841123468831603,1,14480,100.0,11,0.0,108489.0,0,11,0.0,1.0,0.17482588215124284,1,0,1,1,1,1,1,1,0.9699999999999999,1.0,1.0,1.0,0.8,skip,attack_already_active,1785296103.8038425,1785296103803842437,1384772020541322,23.6,53.3125,-1.0,0,0
2026-07-28T23:35:03.804,10.42.0.1,10.42.0.1|10.42.0.210|10.42.0.47,23,3,UPLOAD,0.9846486689932302,UPLOAD,0.9846486689932302,1,14480,100.0,12,0.0,122969.0,0,12,0.0,1.0,0.15193237497110743,1,0,1,1,1,1,1,1,0.9699999999999999,1.0,1.0,1.0,0.8,skip,attack_already_active,1785296103.804936,1785296103804935888,1384772021634282,23.6,53.3125,-1.0,0,0
2026-07-28T23:35:03.806,10.42.0.1,10.42.0.1|10.42.0.210|10.42.0.47,23,3,UPLOAD,0.9836038774062704,UPLOAD,0.9836038774062704,0,43,100.0,12,0.0,122969.0,0,12,0.0,1.0,0.17822545897843775,1,0,1,1,1,1,1,1,0.8374999999999999,0.8500000000000001,1.0,0.6000000000000001,0.8,skip,attack_already_active,1785296103.806001,1785296103806001010,1384772022699545,23.6,53.3125,-1.0,0,0
2026-07-28T23:35:03.811,10.42.0.1,10.42.0.1|10.42.0.210|10.42.0.47,23,3,UPLOAD,0.9846241758171645,UPLOAD,0.9846241758171645,1,8688,100.0,13,0.0,131657.0,0,13,0.0,1.0,0.15553965720900098,1,0,1,1,1,1,1,1,0.9699999999999999,1.0,1.0,1.0,0.8,skip,attack_already_active,1785296103.811005,1785296103811005192,1384772027705328,23.6,53.3125,-1.0,0,0
2026-07-28T23:35:03.812,10.42.0.1,10.42.0.1|10.42.0.210|10.42.0.47,23,3,UPLOAD,0.9847806533199865,UPLOAD,0.9847806533199865,1,8688,100.0,14,0.0,140345.0,0,14,0.0,1.0,0.13520335365131553,1,0,1,1,1,1,1,1,0.9699999999999999,1.0,1.0,1.0,0.8,skip,attack_already_active,1785296103.8122182,1785296103812218164,1384772028916602,23.6,53.3125,-1.0,0,0
2026-07-28T23:35:03.813,10.42.0.1,10.42.0.1|10.42.0.210|10.42.0.47,23,3,UPLOAD,0.9847134517796041,UPLOAD,0.9847134517796041,1,8688,100.0,15,0.0,149033.0,0,15,0.0,1.0,0.11752954465967981,1,0,1,1,1,1,1,1,0.9699999999999999,1.0,1.0,1.0,0.8,skip,attack_already_active,1785296103.8133,1785296103813299843,1384772029998363,81.8,53.31640625,-1.0,0,0
2026-07-28T23:35:03.814,10.42.0.1,10.42.0.1|10.42.0.210|10.42.0.47,23,3,UPLOAD,0.9850008493478931,UPLOAD,0.9850008493478931,1,7240,100.0,16,0.0,156273.0,0,16,0.0,1.0,0.10219861040372333,1,0,1,1,1,1,1,1,0.9699999999999999,1.0,1.0,1.0,0.8,skip,attack_already_active,1785296103.8144872,1785296103814487334,1384772031186069,81.8,53.31640625,-1.0,0,0
2026-07-28T23:35:03.816,10.42.0.1,10.42.0.1|10.42.0.210|10.42.0.47,23,3,UPLOAD,0.9851467293776484,UPLOAD,0.9851467293776484,1,2784,100.0,17,0.0,159057.0,0,17,0.0,1.0,0.08897763019284152,1,0,1,1,1,1,1,1,0.9699999999999999,1.0,1.0,1.0,0.8,skip,attack_already_active,1785296103.8163555,1785296103816355491,1384772033054922,81.8,53.31640625,-1.0,0,0
2026-07-28T23:35:04.087,10.42.0.1,10.42.0.210,24,1,DOWNLOAD,0.9839470821477995,DOWNLOAD,0.9839470821477995,-1,1448,100.0,18,1448.0,159057.0,1,17,0.009021525809164823,0.9909784741908352,0.11431173760566143,0,0,0,0,1,0,0,0,0.44,0.8500000000000001,0.0,0.6000000000000001,0.15,skip,training_upload_trigger_not_confirmed,1785296104.087232,1785296104087232050,1384772303931304,81.8,53.31640625,-1.0,0,0
2026-07-28T23:35:04.091,10.42.0.1,10.42.0.210,24,1,DOWNLOAD,0.95,DOWNLOAD,0.95,-1,5792,21.969198892131327,19,7240.0,159057.0,2,17,0.04353656409917196,0.956463435900828,0.09976465258179074,0,0,0,0,1,0,0,0,0.44,0.8500000000000001,0.0,0.6000000000000001,0.15,skip,training_upload_trigger_not_confirmed,1785296104.09115,1785296104091150128,1384772307849236,81.8,53.31640625,-1.0,0,0
2026-07-28T23:35:04.092,10.42.0.1,10.42.0.210,24,1,DOWNLOAD,0.95,DOWNLOAD,0.95,-1,7240,10.984599446824268,20,14480.0,159057.0,3,17,0.08344041904608239,0.9165595809539177,0.08679063762312472,0,0,0,0,1,0,0,0,0.44,0.8500000000000001,0.0,0.6000000000000001,0.15,skip,training_upload_trigger_not_confirmed,1785296104.0924585,1785296104092458530,1384772309157689,81.8,53.31640625,-1.0,0,0
2026-07-28T23:35:04.093,10.42.0.1,10.42.0.210,24,1,DOWNLOAD,0.9562612094530234,DOWNLOAD,0.9562612094530234,-1,7240,7.323066298051424,21,21720.0,159057.0,4,17,0.12014802768051246,0.8798519723194875,0.07552827731250207,0,0,0,0,1,0,0,0,0.44,0.8500000000000001,0.0,0.6000000000000001,0.15,skip,training_upload_trigger_not_confirmed,1785296104.0937822,1785296104093782282,1384772310480999,81.8,53.31640625,-1.0,0,0
2026-07-28T23:35:04.095,10.42.0.1,10.42.0.210,24,1,DOWNLOAD,0.9617827735905747,DOWNLOAD,0.9617827735905747,-1,7240,5.492299723601786,22,28960.0,159057.0,5,17,0.15402862507113718,0.8459713749288628,0.06574718097576111,0,0,0,0,1,0,0,0,0.4,0.8500000000000001,0.0,0.4,0.15,skip,training_upload_trigger_not_confirmed,1785296104.0950844,1785296104095084566,1384772311783095,81.8,53.31640625,-1.0,0,0
2026-07-28T23:35:04.097,10.42.0.1,10.42.0.210,24,1,DOWNLOAD,0.95,DOWNLOAD,0.95,-1,7240,4.393839778911772,23,36200.0,159057.0,6,17,0.1853966823212484,0.8146033176787516,0.05733861674900066,0,0,0,0,1,0,0,0,0.4,0.8500000000000001,0.0,0.4,0.15,skip,training_upload_trigger_not_confirmed,1785296104.0970213,1785296104097021354,1384772313719890,81.8,53.31640625,-1.0,0,0
2026-07-28T23:35:04.098,10.42.0.1,10.42.0.210,24,1,DOWNLOAD,0.95,DOWNLOAD,0.95,-1,7240,3.6615331491100016,24,43440.0,159057.0,7,17,0.21452169661772766,0.7854783033822723,0.04994882954123323,0,0,0,0,1,0,0,0,0.4,0.8500000000000001,0.0,0.4,0.15,skip,training_upload_trigger_not_confirmed,1785296104.098281,1785296104098280967,1384772314979442,81.8,53.31640625,-1.0,0,0
2026-07-28T23:35:04.100,10.42.0.1,10.42.0.210,24,1,DOWNLOAD,0.95,DOWNLOAD,0.95,-1,7240,3.138456984961751,25,50680.0,159057.0,8,17,0.24163595359903117,0.7583640464009689,0.04364423400701236,0,0,0,0,1,0,0,0,0.4,0.8500000000000001,0.0,0.4,0.15,skip,training_upload_trigger_not_confirmed,1785296104.100386,1785296104100385689,1384772317084306,81.8,53.31640625,-1.0,0,0
2026-07-28T23:35:04.101,10.42.0.1,10.42.0.210,24,1,DOWNLOAD,0.95,DOWNLOAD,0.95,-1,7240,2.7461498618483056,26,57920.0,159057.0,9,17,0.2669407356540094,0.7330592643459906,0.03804739234224845,0,0,0,0,1,0,0,0,0.32,0.8500000000000001,0.0,0.0,0.15,skip,training_upload_trigger_not_confirmed,1785296104.1015573,1785296104101557133,1384772318258180,81.8,53.31640625,-1.0,0,0
2026-07-28T23:35:04.103,10.42.0.1,10.42.0.210,24,1,DOWNLOAD,0.95,DOWNLOAD,0.95,-1,14480,2.1969198894862307,27,72400.0,159057.0,10,17,0.3128010818424157,0.6871989181575844,0.0332740611619141,0,0,0,0,1,0,0,0,0.32,0.8500000000000001,0.0,0.0,0.15,skip,training_upload_trigger_not_confirmed,1785296104.1033812,1785296104103381181,1384772320080262,81.8,53.31640625,-1.0,0,0
2026-07-28T23:35:04.104,10.42.0.1,10.42.0.210,24,1,DOWNLOAD,0.95,DOWNLOAD,0.95,-1,14480,1.8307665745760733,28,86880.0,159057.0,11,17,0.35326120103929054,0.6467387989607094,0.029033124406264134,0,0,0,0,1,0,0,0,0.32,0.8500000000000001,0.0,0.0,0.15,skip,training_upload_trigger_not_confirmed,1785296104.104472,1785296104104471772,1384772321170498,81.8,53.31640625,-1.0,0,0
2026-07-28T23:35:04.106,10.42.0.1,10.42.0.210,24,1,DOWNLOAD,0.95,DOWNLOAD,0.95,-1,14480,1.5692284924963575,29,101360.0,159057.0,12,17,0.3892219017959657,0.6107780982040343,0.025506237197906033,0,0,0,0,1,0,0,0,0.32,0.8500000000000001,0.0,0.0,0.15,skip,training_upload_trigger_not_confirmed,1785296104.1067405,1785296104106740449,1384772323439478,81.8,53.31640625,-1.0,0,0
2026-07-28T23:35:04.107,10.42.0.1,10.42.0.210,24,1,DOWNLOAD,0.95,DOWNLOAD,0.95,-1,14480,1.373074930936006,30,115840.0,159057.0,13,17,0.4213941949166415,0.5786058050833585,0.02229355110602696,0,0,0,0,1,0,0,0,0.32,0.8500000000000001,0.0,0.0,0.15,skip,training_upload_trigger_not_confirmed,1785296104.1078665,1785296104107866688,1384772324565138,81.8,53.31640625,-1.0,0,0
2026-07-28T23:35:04.108,10.42.0.1,10.42.0.210,24,1,DOWNLOAD,0.95,DOWNLOAD,0.95,-1,21720,1.1562736260529494,31,137560.0,159057.0,14,17,0.46376303448554873,0.5362369655144513,0.019502864065577254,0,0,0,0,1,0,0,0,0.30250000000000005,0.8000000000000002,0.0,0.0,0.15,skip,training_upload_trigger_not_confirmed,1785296104.1089823,1785296104108982307,1384772325680764,81.8,53.31640625,-1.0,0,0
2026-07-28T23:35:04.110,10.42.0.1,10.42.0.210,24,1,DOWNLOAD,0.95,DOWNLOAD,0.95,-1,21720,0.9985999497739917,32,159280.0,159057.0,15,17,0.5003502577457223,0.4996497422542777,0.017079509900174254,0,0,0,0,1,0,0,0,0.30250000000000005,0.8000000000000002,0.0,0.0,0.15,skip,training_upload_trigger_not_confirmed,1785296104.110095,1785296104110095114,1384772326794037,81.8,53.31640625,-1.0,0,0
2026-07-28T23:35:04.111,10.42.0.1,10.42.0.210,24,1,DOWNLOAD,0.95,DOWNLOAD,0.95,-1,14024,0.9177918570839808,33,173304.0,159057.0,16,17,0.5214330201196892,0.4785669798803109,0.014963490464626304,0,0,0,0,1,0,0,0,0.30250000000000005,0.8000000000000002,0.0,0.0,0.15,skip,training_upload_trigger_not_confirmed,1785296104.1111166,1785296104111116498,1384772327814856,81.8,53.31640625,-1.0,0,0
2026-07-28T23:35:04.112,10.42.0.1,10.42.0.210,24,1,DOWNLOAD,0.95,DOWNLOAD,0.95,-1,21720,0.8155765444262472,34,195024.0,159057.0,17,17,0.5507892261940065,0.44921077380599356,0.01315527528418648,0,0,0,0,1,0,0,0,0.30250000000000005,0.8000000000000002,0.0,0.0,0.15,skip,training_upload_trigger_not_confirmed,1785296104.112358,1785296104112358245,1384772329064665,81.8,53.31640625,-1.0,0,0
2026-07-28T23:35:04.113,10.42.0.1,10.42.0.210,24,1,DOWNLOAD,0.95,DOWNLOAD,0.95,-1,14024,0.7608635337350232,35,209048.0,159057.0,18,17,0.5679031797992421,0.43209682020075796,0.011614052276794467,0,0,0,0,1,0,0,0,0.28500000000000003,0.7500000000000001,0.0,0.0,0.15,skip,training_upload_trigger_not_confirmed,1785296104.1138175,1785296104113817217,1384772330517537,81.8,53.31640625,-1.0,0,0
2026-07-28T23:35:04.115,10.42.0.59,10.42.0.210,8,2,TRAINING,0.95,TRAINING,0.95,-1,7300,1.3698630135109776e-10,1,7300.0,0.0,1,0,1.0,0.0,0.7977393927525122,0,0,0,0,0,0,0,0,0.0225,0.0,0.0,0.0,0.15,skip,training_upload_trigger_not_confirmed,1785296104.1152287,1785296104115228690,1384772331927924,81.8,53.31640625,-1.0,0,0
2026-07-28T23:35:04.116,10.42.0.59,10.42.0.210,8,2,TRAINING,0.95,TRAINING,0.95,-1,7300,6.84931506802402e-11,2,14600.0,0.0,2,0,1.0,0.0,0.6927366860444824,0,0,0,0,0,0,0,0,0.0225,0.0,0.0,0.0,0.15,skip,training_upload_trigger_not_confirmed,1785296104.1161315,1785296104116131458,1384772332830012,81.8,53.31640625,-1.0,0,0
2026-07-28T23:35:04.116,10.42.0.1,10.42.0.210,24,1,DOWNLOAD,0.95,DOWNLOAD,0.95,-1,20272,0.693602825747019,36,229320.0,159057.0,19,17,0.5904572103909346,0.4095427896090654,0.010494683036936538,0,0,0,0,1,0,0,0,0.28500000000000003,0.7500000000000001,0.0,0.0,0.15,skip,training_upload_trigger_not_confirmed,1785296104.116937,1785296104116937021,1384772333635432,81.8,53.31640625,-1.0,0,0
2026-07-28T23:35:04.119,10.42.0.1,10.42.0.210,24,1,DOWNLOAD,0.95,DOWNLOAD,0.95,-1,15472,0.6497638811740181,37,244792.0,159057.0,20,17,0.6061473471520296,0.3938526528479704,0.009384769669842835,0,0,0,0,1,0,0,0,0.28500000000000003,0.7500000000000001,0.0,0.0,0.15,skip,training_upload_trigger_not_confirmed,1785296104.1190088,1785296104119008728,1384772335709229,81.8,53.31640625,-1.0,0,0
2026-07-28T23:35:04.120,10.42.0.145,10.42.0.210,12,1,DOWNLOAD,0.95,DOWNLOAD,0.95,-1,7300,1.3698630135109776e-10,1,7300.0,0.0,1,0,1.0,0.0,0.7699512010072841,0,0,0,0,0,0,0,0,0.0225,0.0,0.0,0.0,0.15,skip,already_attacked_this_round,1785296104.1209397,1785296104120939722,1384772337638457,81.8,53.31640625,-1.0,0,0
2026-07-28T23:35:04.122,10.42.0.145,10.42.0.210,12,1,DOWNLOAD,0.95,DOWNLOAD,0.95,-1,7300,6.84931506802402e-11,2,14600.0,0.0,2,0,1.0,0.0,0.6686601908833277,0,0,0,0,0,0,0,0,0.0225,0.0,0.0,0.0,0.15,skip,already_attacked_this_round,1785296104.1222215,1785296104122221562,1384772338920447,81.8,53.31640625,-1.0,0,0
2026-07-28T23:35:04.123,10.42.0.1,10.42.0.210,24,1,DOWNLOAD,0.95,DOWNLOAD,0.95,-1,21720,0.5968098997433631,38,266512.0,159057.0,21,17,0.626248622432555,0.373751377567445,0.008700855803355336,0,0,0,0,1,0,0,0,0.28500000000000003,0.7500000000000001,0.0,0.0,0.15,skip,training_upload_trigger_not_confirmed,1785296104.1232035,1785296104123203462,1384772339901937,81.8,53.31640625,-1.0,0,0
2026-07-28T23:35:04.124,10.42.0.1,10.42.0.210,24,1,DOWNLOAD,0.95,DOWNLOAD,0.95,-1,14024,0.5669753614524804,39,280536.0,159057.0,22,17,0.6381721273996629,0.3618278726003371,0.007670801173681481,0,0,0,0,1,0,0,0,0.28500000000000003,0.7500000000000001,0.0,0.0,0.15,skip,training_upload_trigger_not_confirmed,1785296104.1240876,1785296104124087474,1384772340785650,81.8,53.31640625,-1.0,0,0
2026-07-28T23:35:04.125,10.42.0.47,10.42.0.210,23,3,UPLOAD,0.9644385436455122,UPLOAD,0.9644385436455122,0,43,100.0,11,0.0,79528.0,0,11,0.0,1.0,0.11595036966995956,0,0,1,1,1,1,1,1,0.8374999999999999,0.8500000000000001,1.0,0.6000000000000001,0.8,skip,attack_already_active,1785296104.1250544,1785296104125054554,1384772341752663,81.8,53.31640625,-1.0,0,0
2026-07-28T23:35:04.125,10.42.0.47,10.42.0.210,24,1,DOWNLOAD,0.95,DOWNLOAD,0.95,-1,10136,7.846093132710527,12,10136.0,79528.0,1,11,0.11304425410421128,0.8869557458957887,0.14096838991348118,0,0,0,0,1,0,0,0,0.44,0.8500000000000001,0.0,0.6000000000000001,0.15,skip,training_upload_trigger_not_confirmed,1785296104.1259975,1785296104125997651,1384772342698710,81.8,53.31640625,-1.0,0,0
2026-07-28T23:35:04.128,10.42.0.18,10.42.0.210,20,1,DOWNLOAD,0.95,DOWNLOAD,0.95,-1,10220,9.784735811175661e-11,1,10220.0,0.0,1,0,1.0,0.0,0.7354416160430414,0,0,0,0,0,0,0,0,0.0225,0.0,0.0,0.0,0.15,skip,already_attacked_this_round,1785296104.1282072,1785296104128207022,1384772344906351,81.8,53.31640625,-1.0,0,0
2026-07-28T23:35:04.129,10.42.0.18,10.42.0.210,20,1,DOWNLOAD,0.9547355189163609,DOWNLOAD,0.9547355189163609,0,43,9.784735811175661e-11,1,10220.0,0.0,1,0,1.0,0.0,0.9400883455435743,0,0,0,0,0,0,0,0,0.0225,0.0,0.0,0.0,0.15,skip,already_attacked_this_round,1785296104.1296525,1785296104129652403,1384772346351124,81.8,53.31640625,-1.0,0,0
2026-07-28T23:35:04.132,10.42.0.18,10.42.0.210,20,1,DOWNLOAD,0.9575651547114807,DOWNLOAD,0.9575651547114807,-1,14600,4.029008863657171e-11,2,24820.0,0.0,2,0,1.0,0.0,0.8167249238365136,0,0,0,0,0,0,0,0,0.0225,0.0,0.0,0.0,0.15,skip,already_attacked_this_round,1785296104.1321247,1785296104132124635,1384772348824084,81.8,53.31640625,-1.0,0,0
2026-07-28T23:35:04.134,10.42.0.210,10.42.0.210,24,1,DOWNLOAD,0.9847025080258276,DOWNLOAD,0.9847025080258276,-1,10136,7.846191790958346,56,10136.0,79529.0,1,55,0.11304299336418892,0.8869570066358111,0.09036384707749222,0,0,0,0,0,0,0,0,0.057499999999999996,0.1,0.0,0.0,0.15,skip,training_upload_trigger_not_confirmed,1785296104.1341367,1785296104134136502,1384772350835043,81.8,53.31640625,-1.0,0,0
2026-07-28T23:35:04.135,10.42.0.210,10.42.0.210,24,1,DOWNLOAD,0.95,DOWNLOAD,0.95,-1,14480,3.230784855287992,57,24616.0,79529.0,2,55,0.2363627634547986,0.7636372365452014,0.07860040537184453,0,0,0,0,0,0,0,0,0.057499999999999996,0.1,0.0,0.0,0.15,skip,training_upload_trigger_not_confirmed,1785296104.135231,1785296104135231082,1384772351929729,81.8,53.31640625,-1.0,0,0
2026-07-28T23:35:04.136,10.42.0.210,10.42.0.210,24,1,DOWNLOAD,0.9557926560077417,DOWNLOAD,0.9557926560077417,-1,4344,2.7461671270115273,58,28960.0,79529.0,3,55,0.266939505387643,0.733060494612357,0.0683531854854148,0,0,0,0,0,0,0,0,0.057499999999999996,0.1,0.0,0.0,0.15,skip,training_upload_trigger_not_confirmed,1785296104.136068,1785296104136068163,1384772352766490,81.8,53.31640625,-1.0,0,0
2026-07-28T23:35:04.136,10.42.0.210,10.42.0.210,24,1,DOWNLOAD,0.9846998846180315,DOWNLOAD,0.9846998846180315,0,43,2.7461671270115273,58,28960.0,79529.0,3,55,0.266939505387643,0.733060494612357,0.14806841474814614,0,0,0,0,0,0,0,0,0.057499999999999996,0.1,0.0,0.0,0.15,skip,training_upload_trigger_not_confirmed,1785296104.1368508,1785296104136850818,1384772353549114,81.8,53.31640625,-1.0,0,0
2026-07-28T23:35:04.138,10.42.0.59,10.42.0.210,8,2,TRAINING,0.8943122806537251,TRAINING,0.8943122806537251,0,43,6.84931506802402e-11,2,14600.0,0.0,2,0,1.0,0.0,0.9113150094969488,0,0,0,0,0,0,0,0,0.0225,0.0,0.0,0.0,0.15,skip,training_upload_trigger_not_confirmed,1785296104.1389813,1785296104138981450,1384772355680366,81.8,53.31640625,-1.0,0,0
2026-07-28T23:35:04.139,10.42.0.59,10.42.0.210,8,2,TRAINING,0.95,TRAINING,0.95,-1,14600,3.424657534129292e-11,3,29200.0,0.0,3,0,1.0,0.0,0.7943491018748365,0,0,0,0,0,0,0,0,0.0225,0.0,0.0,0.0,0.15,skip,training_upload_trigger_not_confirmed,1785296104.1398246,1785296104139824709,1384772356523888,81.8,53.31640625,-1.0,0,0
2026-07-28T23:35:04.140,10.42.0.59,10.42.0.210,8,2,TRAINING,0.95,TRAINING,0.95,-1,14600,2.2831050227789245e-11,4,43800.0,0.0,4,0,1.0,0.0,0.6897889704211937,0,0,0,0,0,0,0,0,0.0225,0.0,0.0,0.0,0.15,skip,training_upload_trigger_not_confirmed,1785296104.1406958,1785296104140695749,1384772357394449,81.8,53.31640625,-1.0,0,0
2026-07-28T23:35:04.142,10.42.0.47,10.42.0.210,24,1,DOWNLOAD,0.95,DOWNLOAD,0.95,-1,1448,6.865331491206376,13,11584.0,79528.0,2,11,0.12714022302221442,0.8728597769777856,0.12457134607134886,0,0,0,0,1,0,0,0,0.4,0.8500000000000001,0.0,0.4,0.15,skip,training_upload_trigger_not_confirmed,1785296104.1425333,1785296104142533264,1384772359231677,81.8,53.31640625,-1.0,0,0
2026-07-28T23:35:04.144,10.42.0.145,10.42.0.210,12,1,DOWNLOAD,0.9350927892702179,DOWNLOAD,0.9350927892702179,0,43,6.84931506802402e-11,2,14600.0,0.0,2,0,1.0,0.0,0.8955436043267271,0,0,0,0,0,0,0,0,0.0225,0.0,0.0,0.0,0.15,skip,already_attacked_this_round,1785296104.1446867,1785296104144686649,1384772361385146,81.8,53.31640625,-1.0,0,0
2026-07-28T23:35:04.145,10.42.0.145,10.42.0.210,12,1,DOWNLOAD,0.95,DOWNLOAD,0.95,-1,14600,3.424657534129292e-11,3,29200.0,0.0,3,0,1.0,0.0,0.7806019900095481,0,0,0,0,0,0,0,0,0.0225,0.0,0.0,0.0,0.15,skip,already_attacked_this_round,1785296104.145505,1785296104145505103,1384772362203735,81.8,53.31640625,-1.0,0,0
2026-07-28T23:35:04.146,10.42.0.145,10.42.0.210,12,1,DOWNLOAD,0.95,DOWNLOAD,0.95,-1,14600,2.2831050227789245e-11,4,43800.0,0.0,4,0,1.0,0.0,0.6778513347830124,0,0,0,0,0,0,0,0,0.0225,0.0,0.0,0.0,0.15,skip,already_attacked_this_round,1785296104.1463606,1785296104146360519,1384772363059434,81.8,53.31640625,-1.0,0,0
2026-07-28T23:35:04.149,10.42.0.47,10.42.0.210,24,1,DOWNLOAD,0.95,DOWNLOAD,0.95,-1,10136,3.661510128790906,14,21720.0,79528.0,3,11,0.21452275600505688,0.7854772439949431,0.10906307722821129,0,0,0,0,1,0,0,0,0.32,0.8500000000000001,0.0,0.0,0.15,skip,training_upload_trigger_not_confirmed,1785296104.1494167,1785296104149416619,1384772366115650,81.8,53.31640625,-1.0,0,0
2026-07-28T23:35:04.150,10.42.0.18,10.42.0.210,20,1,DOWNLOAD,0.9506643657583426,DOWNLOAD,0.9506643657583426,-1,17520,2.361832782183235e-11,3,42340.0,0.0,3,0,1.0,0.0,0.7115318872297466,0,0,0,0,0,0,0,0,0.0225,0.0,0.0,0.0,0.15,skip,already_attacked_this_round,1785296104.1505687,1785296104150568647,1384772367267313,81.8,53.31640625,-1.0,0,0
2026-07-28T23:35:04.151,10.42.0.18,10.42.0.210,20,1,DOWNLOAD,0.9518935516096099,DOWNLOAD,0.9518935516096099,-1,5840,2.075550020712421e-11,4,48180.0,0.0,4,0,1.0,0.0,0.6179114037619431,0,0,0,0,0,0,0,0,0.0225,0.0,0.0,0.0,0.15,skip,already_attacked_this_round,1785296104.1516407,1785296104151640638,1384772368339345,81.8,53.31640625,-1.0,0,0
2026-07-28T23:35:04.152,10.42.0.18,10.42.0.210,20,1,DOWNLOAD,0.9539025502328373,DOWNLOAD,0.9539025502328373,-1,14944,1.5841835117929127e-11,5,63124.0,0.0,5,0,1.0,0.0,0.5366390200641253,0,0,0,0,0,0,0,0,0.0225,0.0,0.0,0.0,0.15,skip,already_attacked_this_round,1785296104.1527984,1785296104152798530,1384772369497151,81.8,53.31640625,-1.0,0,0
2026-07-28T23:35:04.154,10.42.0.145,10.42.0.210,12,1,DOWNLOAD,0.9651932353534955,DOWNLOAD,0.9651932353534955,-1,29200,1.369863013679865e-11,5,73000.0,0.0,5,0,1.0,0.0,0.589662100563603,0,0,0,0,0,0,0,0,0.0225,0.0,0.0,0.0,0.15,skip,already_attacked_this_round,1785296104.1549683,1785296104154968413,1384772371667766,81.8,53.31640625,-1.0,0,0
2026-07-28T23:35:04.159,10.42.0.47,10.42.0.210,24,1,DOWNLOAD,0.95,DOWNLOAD,0.95,-1,5792,2.8906658911787337,15,27512.0,79528.0,4,11,0.2570254110612855,0.7429745889387145,0.09602410914951132,0,0,0,0,0,0,0,0,0.057499999999999996,0.1,0.0,0.0,0.15,skip,training_upload_trigger_not_confirmed,1785296104.1595306,1785296104159530847,1384772376232233,81.8,53.31640625,-1.0,0,0
2026-07-28T23:35:04.161,10.42.0.47,10.42.0.210,24,1,DOWNLOAD,0.95,DOWNLOAD,0.95,-1,8688,2.196906077315002,16,36200.0,79528.0,5,11,0.31280243329185675,0.6871975667081432,0.0836764637764909,0,0,0,0,0,0,0,0,0.057499999999999996,0.1,0.0,0.0,0.15,skip,training_upload_trigger_not_confirmed,1785296104.161852,1785296104161851928,1384772378550925,81.8,53.31640625,-1.0,0,0
2026-07-28T23:35:04.165,10.42.0.210,10.42.0.210,24,1,DOWNLOAD,0.9854895428954357,DOWNLOAD,0.9854895428954357,-1,992,2.655215010628498,59,29952.0,79529.0,4,55,0.2735817173756177,0.7264182826243823,0.13242502405626433,0,0,0,0,0,0,0,0,0.057499999999999996,0.1,0.0,0.0,0.15,skip,training_upload_trigger_not_confirmed,1785296104.1654232,1785296104165423149,1384772382123038,65.8,53.31640625,-1.0,0,0
2026-07-28T23:35:04.466,10.42.0.145,,12,3,UPLOAD,0.95,UPLOAD,0.95,1,64240,0.8800000000016439,6,73000.0,64240.0,5,1,0.5319148936170213,0.46808510638297873,0.5543172733017224,0,0,0,1,1,1,1,1,0.85,1.0,1.0,0.4,0.8,skip,already_attacked_this_round,1785296104.4661267,1785296104466126579,1384772682826623,65.8,53.31640625,-1.0,0,0
2026-07-28T23:35:04.467,10.42.0.1,10.42.0.1,24,3,UPLOAD,0.95,UPLOAD,0.95,1,7240,0.30929363789563796,32,280536.0,86768.0,22,10,0.7637706096312591,0.23622939036874088,0.04396004487325388,1,0,0,0,1,0,0,0,0.85,1.0,1.0,0.4,0.8,trigger,training_upload_trigger_confirmed,1785296104.4679284,1785296104467928279,1384772684628421,65.8,53.31640625,16.39365,1785296104484324800,1384772701022071
2026-07-28T23:35:04.469,10.42.0.1,10.42.0.1,24,3,UPLOAD,0.95,UPLOAD,0.95,1,7240,0.3351013773657031,33,280536.0,94008.0,22,11,0.7490067922593874,0.25099320774061257,0.03835401024037537,1,0,1,1,1,1,1,1,0.85,1.0,1.0,0.4,0.8,skip,attack_already_active,1785296104.4693458,1785296104469345665,1384772686045678,65.8,53.31640625,-1.0,0,0
2026-07-28T23:35:04.471,10.42.0.1,10.42.0.1,24,3,UPLOAD,0.95,UPLOAD,0.95,1,10136,0.3712322126237943,34,280536.0,104144.0,22,12,0.729271082458147,0.27072891754185296,0.033528021831566605,1,0,1,1,1,1,1,1,0.85,1.0,1.0,0.4,0.8,skip,attack_already_active,1785296104.4710767,1785296104471076702,1384772687776942,65.8,53.31640625,-1.0,0,0
2026-07-28T23:35:04.472,10.42.0.1,10.42.0.1,24,3,UPLOAD,0.95,UPLOAD,0.95,1,4344,0.38671685630583336,35,280536.0,108488.0,22,13,0.7211277453319075,0.27887225466809246,0.029280732830209842,1,0,1,1,1,1,1,1,0.85,1.0,1.0,0.4,0.8,skip,attack_already_active,1785296104.4723732,1785296104472373212,1384772689072705,65.8,53.31640625,-1.0,0,0
2026-07-28T23:35:04.473,10.42.0.1,10.42.0.1,24,3,UPLOAD,0.9152570939740311,UPLOAD,0.9152570939740311,0,43,0.38671685630583336,35,280536.0,108488.0,22,13,0.7211277453319075,0.27887225466809246,0.06335612412172986,1,0,1,1,1,1,1,1,0.7625000000000001,0.7500000000000001,1.0,0.4,0.8,skip,attack_already_active,1785296104.4738908,1785296104473890838,1384772690594218,65.8,53.31640625,-1.0,0,0
2026-07-28T23:35:04.477,10.42.0.59,10.42.0.1,8,3,UPLOAD,0.95,UPLOAD,0.95,1,64240,1.4666666666560122,5,43800.0,64240.0,4,1,0.40540540540540543,0.5945945945945946,0.6434412531623326,0,0,0,1,1,1,1,1,0.9299999999999999,1.0,1.0,0.8,0.8,trigger,training_upload_trigger_confirmed,1785296104.4770503,1785296104477050401,1384772693750309,65.8,53.31640625,35.631971,1785296104512685008,1384772729382280
2026-07-28T23:35:04.480,10.42.0.1,10.42.0.1,24,3,UPLOAD,0.9082327196199839,UPLOAD,0.9082327196199839,0,43,0.38671685630583336,35,280536.0,108488.0,22,13,0.7211277453319075,0.27887225466809246,0.055813388594377046,1,0,1,1,1,1,1,1,0.8025,0.7500000000000001,1.0,0.6000000000000001,0.8,skip,attack_already_active,1785296104.4800072,1785296104480007266,1384772696706164,65.8,53.31640625,-1.0,0,0
2026-07-28T23:35:04.480,10.42.0.1,10.42.0.1,24,3,UPLOAD,0.95,UPLOAD,0.95,1,14480,0.43833233524596366,36,280536.0,122968.0,22,14,0.6952496133867322,0.30475038661326775,0.049566263692767454,1,0,1,1,1,1,1,1,0.9699999999999999,1.0,1.0,1.0,0.8,skip,attack_already_active,1785296104.480779,1785296104480778931,1384772697477286,65.8,53.31640625,-1.0,0,0
2026-07-28T23:35:04.481,10.42.0.1,10.42.0.1,24,3,UPLOAD,0.95,UPLOAD,0.95,1,14480,0.48994781418609396,37,280536.0,137448.0,22,15,0.6711644464859899,0.3288355535140101,0.04312973350673884,1,0,1,1,1,1,1,1,0.9699999999999999,1.0,1.0,1.0,0.8,skip,attack_already_active,1785296104.4815001,1785296104481500218,1384772698198354,65.8,53.31640625,-1.0,0,0
2026-07-28T23:35:04.482,10.42.0.1,10.42.0.1,24,3,UPLOAD,0.95,UPLOAD,0.95,1,14480,0.5415632931262242,38,280536.0,151928.0,22,16,0.6486921454733804,0.35130785452661956,0.03754159358918063,1,0,1,1,1,1,1,1,0.9699999999999999,1.0,1.0,1.0,0.8,skip,attack_already_active,1785296104.482223,1785296104482223097,1384772698921574,65.8,53.31640625,-1.0,0,0
2026-07-28T23:35:04.482,10.42.0.1,10.42.0.1,24,3,UPLOAD,0.95,UPLOAD,0.95,1,10136,0.5776941283843154,39,280536.0,162064.0,22,17,0.6338364211477632,0.36616357885223677,0.03268960791839805,1,0,1,1,1,1,1,1,0.9699999999999999,1.0,1.0,1.0,0.8,skip,attack_already_active,1785296104.4829443,1785296104482944170,1384772699642695,65.8,53.31640625,-1.0,0,0
2026-07-28T23:35:04.483,10.42.0.1,10.42.0.1,24,3,UPLOAD,0.95,UPLOAD,0.95,1,4344,0.5931787720663545,40,280536.0,166408.0,22,18,0.6276759504546431,0.3723240495453569,0.02848440460760779,1,0,1,1,1,1,1,1,0.9699999999999999,1.0,1.0,1.0,0.8,skip,attack_already_active,1785296104.4837217,1785296104483721634,1384772700420302,65.8,53.31640625,-1.0,0,0
2026-07-28T23:35:04.485,10.42.0.1,10.42.0.1,24,3,UPLOAD,0.95,UPLOAD,0.95,1,14480,0.6447942510064848,41,280536.0,180888.0,22,19,0.6079787787371268,0.3920212212628732,0.024903055120933708,1,0,1,1,1,1,1,1,0.9699999999999999,1.0,1.0,1.0,0.8,skip,attack_already_active,1785296104.4850283,1785296104485028424,1384772701726838,65.8,53.31640625,-1.0,0,0
2026-07-28T23:35:04.486,10.42.0.1,10.42.0.1,24,3,UPLOAD,0.95,UPLOAD,0.95,1,7129,0.6702063193327409,42,280536.0,188017.0,22,20,0.5987284255996653,0.4012715744003347,0.021862566015061542,1,0,1,1,1,1,1,1,0.9699999999999999,1.0,1.0,1.0,0.8,skip,attack_already_active,1785296104.486858,1785296104486857960,1384772703556290,65.8,53.31640625,-1.0,0,0
2026-07-28T23:35:04.489,10.42.0.1,10.42.0.1,24,3,UPLOAD,0.95,UPLOAD,0.95,1,14480,0.7218217982728712,43,280536.0,202497.0,22,21,0.5807801951419468,0.41921980485805316,0.019296189817974742,1,0,1,1,1,1,1,1,0.9699999999999999,1.0,1.0,1.0,0.8,skip,attack_already_active,1785296104.489245,1785296104489244936,1384772705943650,65.8,53.31640625,-1.0,0,0
2026-07-28T23:35:04.490,10.42.0.1,10.42.0.1,24,3,UPLOAD,0.95,UPLOAD,0.95,1,5792,0.7424679898489233,44,280536.0,208289.0,22,22,0.5738986344806424,0.4261013655193576,0.016950746439598884,1,0,1,1,1,1,1,1,0.9699999999999999,1.0,1.0,1.0,0.8,skip,attack_already_active,1785296104.4907422,1785296104490742168,1384772707441445,65.8,53.31640625,-1.0,0,0
2026-07-28T23:35:04.492,10.42.0.1,10.42.0.1,24,3,UPLOAD,0.95,UPLOAD,0.95,1,8688,0.7734372772130014,45,280536.0,216977.0,22,23,0.5638767228193032,0.43612327718069677,0.014986758494109744,1,0,1,1,1,1,1,1,0.9699999999999999,1.0,1.0,1.0,0.8,skip,attack_already_active,1785296104.4927888,1785296104492788694,1384772709488014,65.8,53.31640625,-1.0,0,0
2026-07-28T23:35:04.494,10.42.0.1,10.42.0.1,24,3,UPLOAD,0.95,UPLOAD,0.95,1,7128,0.7988457809343583,46,280536.0,224105.0,22,24,0.5559120245877762,0.4440879754122237,0.013246072262623119,1,0,1,1,1,1,1,1,0.9699999999999999,1.0,1.0,1.0,0.8,skip,attack_already_active,1785296104.494566,1785296104494565998,1384772711264879,65.8,53.31640625,-1.0,0,0
2026-07-28T23:35:04.515,10.42.0.1,10.42.0.1,24,3,UPLOAD,0.95,UPLOAD,0.95,1,1336,0.8036080930796632,47,280536.0,225441.0,22,25,0.5544441743399403,0.44555582566005963,0.014310557681910157,1,0,1,1,1,1,1,1,0.9699999999999999,1.0,1.0,1.0,0.8,skip,attack_already_active,1785296104.5158901,1785296104515890249,1384772732589590,65.8,53.31640625,-1.0,0,0
2026-07-28T23:35:04.561,10.42.0.18,10.42.0.1,20,3,UPLOAD,0.95,UPLOAD,0.95,1,2920,0.046258158560194884,6,63124.0,2920.0,5,1,0.9557870510568712,0.04421294894312882,0.522803792020487,0,0,0,1,1,1,1,1,0.9699999999999999,1.0,1.0,1.0,0.8,skip,already_attacked_this_round,1785296104.5612998,1785296104561299695,1384772777998226,65.8,53.31640625,-1.0,0,0
2026-07-28T23:35:04.564,10.42.0.18,10.42.0.1,20,3,UPLOAD,0.9841010226033655,UPLOAD,0.9841010226033655,1,45260,0.7632596159976671,7,63124.0,48180.0,5,2,0.5671314597858118,0.4328685402141882,0.45435590607178716,0,0,0,1,1,1,1,1,0.9699999999999999,1.0,1.0,1.0,0.8,skip,already_attacked_this_round,1785296104.5646715,1785296104564671362,1384772781370936,65.8,53.31640625,-1.0,0,0
2026-07-28T23:35:04.566,10.42.0.18,10.42.0.1,20,3,UPLOAD,0.9854688349332961,UPLOAD,0.9854688349332961,1,31348,1.2598694632745093,8,63124.0,79528.0,5,3,0.44250343493256317,0.5574965650674368,0.394758206620323,0,0,0,1,1,1,1,1,0.9699999999999999,1.0,1.0,1.0,0.8,skip,already_attacked_this_round,1785296104.566757,1785296104566756785,1384772783458107,65.8,53.31640625,-1.0,0,0
2026-07-28T23:35:04.568,10.42.0.1,10.42.0.1,24,3,UPLOAD,0.95,UPLOAD,0.95,1,7240,0.8294158325497283,48,280536.0,232681.0,22,26,0.5466225787532369,0.45337742124676306,0.016745355033838435,1,0,1,1,1,1,1,1,0.9699999999999999,1.0,1.0,1.0,0.8,skip,attack_already_active,1785296104.5684385,1785296104568438480,1384772785138189,65.8,53.31640625,-1.0,0,0
2026-07-28T23:35:04.569,10.42.0.1,10.42.0.1,24,3,UPLOAD,0.95,UPLOAD,0.95,1,7240,0.8552235720197935,49,280536.0,239921.0,22,27,0.5390185932747567,0.4609814067252434,0.014644024750470748,1,0,1,1,1,1,1,1,0.9699999999999999,1.0,1.0,1.0,0.8,skip,attack_already_active,1785296104.5692375,1785296104569237443,1384772785935735,65.8,53.31640625,-1.0,0,0
2026-07-28T23:35:04.570,10.42.0.1,10.42.0.1,24,3,UPLOAD,0.6588559281402854,UPLOAD,0.6588559281402854,0,43,0.8552235720197935,49,280536.0,239921.0,22,27,0.5390185932747567,0.4609814067252434,0.024634925545496157,1,0,1,1,1,1,1,1,0.8200000000000001,0.8000000000000002,1.0,0.6000000000000001,0.8,skip,attack_already_active,1785296104.5704694,1785296104570469291,1384772787167656,65.8,53.31640625,-1.0,0,0
2026-07-28T23:35:04.571,10.42.0.1,10.42.0.1,24,3,UPLOAD,0.95,UPLOAD,0.95,1,10136,0.8913544072778846,50,280536.0,250057.0,22,28,0.5287216378655579,0.471278362134442,0.021659772766931255,1,0,1,1,1,1,1,1,0.9699999999999999,1.0,1.0,1.0,0.8,skip,attack_already_active,1785296104.5712948,1785296104571294781,1384772787993307,65.8,53.31640625,-1.0,0,0
2026-07-28T23:35:04.572,10.42.0.1,10.42.0.1,24,3,UPLOAD,0.95,UPLOAD,0.95,1,4344,0.9068390509599237,51,280536.0,254401.0,22,29,0.5244281102260641,0.475571889773936,0.01892734187523036,1,0,1,1,1,1,1,1,0.9699999999999999,1.0,1.0,1.0,0.8,skip,attack_already_active,1785296104.572219,1785296104572218830,1384772788917559,65.8,53.31640625,-1.0,0,0
2026-07-28T23:35:04.574,10.42.0.1,10.42.0.1,24,3,UPLOAD,0.95,UPLOAD,0.95,1,14480,0.958454529900054,52,280536.0,268881.0,22,30,0.5106066976449583,0.4893933023550418,0.016730787839872786,1,0,1,1,1,1,1,1,0.9699999999999999,1.0,1.0,1.0,0.8,skip,attack_already_active,1785296104.5744772,1785296104574477215,1384772791175771,65.8,53.31640625,-1.0,0,0
2026-07-28T23:35:04.575,10.42.0.1,10.42.0.1,24,3,UPLOAD,0.95,UPLOAD,0.95,1,18824,1.0255546525222234,53,280536.0,287705.0,22,31,0.4936919370478371,0.5063080629521629,0.014714884806871553,1,0,1,1,1,1,1,1,0.9699999999999999,1.0,1.0,1.0,0.8,skip,attack_already_active,1785296104.5759099,1785296104575909787,1384772792608324,65.8,53.31640625,-1.0,0,0
2026-07-28T23:35:04.576,10.42.0.1,10.42.0.1,24,3,UPLOAD,0.95,UPLOAD,0.95,1,1448,1.0307162004162365,54,280536.0,289153.0,22,32,0.4924371016466879,0.507562898353312,0.0128844489121021,1,0,1,1,1,1,1,1,0.9699999999999999,1.0,1.0,1.0,0.8,skip,attack_already_active,1785296104.576734,1785296104576734068,1384772793433165,65.8,53.31640625,-1.0,0,0
2026-07-28T23:35:04.577,10.42.0.1,10.42.0.1,24,3,UPLOAD,0.95,UPLOAD,0.95,1,8688,1.0616854877803146,55,280536.0,297841.0,22,33,0.4850400344412036,0.5149599655587964,0.011304705814461889,1,0,1,1,1,1,1,1,0.9699999999999999,1.0,1.0,1.0,0.8,skip,attack_already_active,1785296104.5776303,1785296104577630277,1384772794328766,65.8,53.31640625,-1.0,0,0
2026-07-28T23:35:04.578,10.42.0.1,10.42.0.1,24,3,UPLOAD,0.95,UPLOAD,0.95,1,7128,1.0870939915016715,56,280536.0,304969.0,22,34,0.4791351055926081,0.5208648944073919,0.009952768450340432,1,0,1,1,1,1,1,1,0.9699999999999999,1.0,1.0,1.0,0.8,skip,attack_already_active,1785296104.5786755,1785296104578675343,1384772795373545,65.8,53.31640625,-1.0,0,0
2026-07-28T23:35:05.963,10.42.0.210,10.42.0.1|10.42.0.210,24,3,UPLOAD,0.95,UPLOAD,0.95,1,1448,100.0,1,0.0,1448.0,0,1,0.0,1.0,0.35573697061264575,1,0,0,1,1,1,1,1,0.9525,0.95,1.0,1.0,0.8,trigger,training_upload_trigger_confirmed,1785296105.9639285,1785296105963928570,1384774180628021,9.9,53.31640625,11.08545,1785296105975015960,1384774191713471
2026-07-28T23:35:05.965,10.42.0.210,10.42.0.1|10.42.0.210,24,3,UPLOAD,0.9841010226033655,UPLOAD,0.9841010226033655,1,1448,100.0,2,0.0,2896.0,0,2,0.0,1.0,0.30902960610023866,1,0,1,1,1,1,1,1,0.9699999999999999,1.0,1.0,1.0,0.8,skip,attack_already_active,1785296105.9652162,1785296105965216217,1384774181915430,9.9,53.31640625,-1.0,0,0
2026-07-28T23:35:05.967,10.42.0.210,10.42.0.1|10.42.0.210,24,3,UPLOAD,0.9854688349332961,UPLOAD,0.9854688349332961,1,1448,100.0,3,0.0,4344.0,0,3,0.0,1.0,0.268598288378974,1,0,1,1,1,1,1,1,0.9699999999999999,1.0,1.0,1.0,0.8,skip,attack_already_active,1785296105.9674237,1785296105967423630,1384774184122975,9.9,53.31640625,-1.0,0,0
2026-07-28T23:35:05.968,10.42.0.210,10.42.0.1|10.42.0.210,24,3,UPLOAD,0.9855076450773014,UPLOAD,0.9855076450773014,1,1448,100.0,4,0.0,5792.0,0,4,0.0,1.0,0.23335375299786257,1,0,1,1,1,1,1,1,0.9699999999999999,1.0,1.0,1.0,0.8,skip,attack_already_active,1785296105.968561,1785296105968561023,1384774185259471,9.9,53.31640625,-1.0,0,0
2026-07-28T23:35:05.970,10.42.0.210,10.42.0.1|10.42.0.210,24,3,UPLOAD,0.9855086980780915,UPLOAD,0.9855086980780915,1,1448,100.0,5,0.0,7240.0,0,5,0.0,1.0,0.20280673734062818,1,0,1,1,1,1,1,1,0.9699999999999999,1.0,1.0,1.0,0.8,skip,attack_already_active,1785296105.9701018,1785296105970101710,1384774186801201,9.9,53.31640625,-1.0,0,0
2026-07-28T23:35:05.971,10.42.0.210,10.42.0.1|10.42.0.210,24,3,UPLOAD,0.9855087254685951,UPLOAD,0.9855087254685951,1,1448,100.0,6,0.0,8688.0,0,6,0.0,1.0,0.17626185234324337,1,0,1,1,1,1,1,1,0.9699999999999999,1.0,1.0,1.0,0.8,skip,attack_already_active,1785296105.9714668,1785296105971466720,1384774188166076,9.9,53.31640625,-1.0,0,0
2026-07-28T23:35:05.972,10.42.0.210,10.42.0.1|10.42.0.210,24,3,UPLOAD,0.9855087261493067,UPLOAD,0.9855087261493067,1,1448,100.0,7,0.0,10136.0,0,7,0.0,1.0,0.15322401653508325,1,0,1,1,1,1,1,1,0.9699999999999999,1.0,1.0,1.0,0.8,skip,attack_already_active,1785296105.9729009,1785296105972900810,1384774189600270,9.9,53.31640625,-1.0,0,0
2026-07-28T23:35:05.974,10.42.0.210,10.42.0.1|10.42.0.210,24,3,UPLOAD,0.9855087261653082,UPLOAD,0.9855087261653082,1,1448,100.0,8,0.0,11584.0,0,8,0.0,1.0,0.1331933893942936,1,0,1,1,1,1,1,1,0.9699999999999999,1.0,1.0,1.0,0.8,skip,attack_already_active,1785296105.974118,1785296105974117997,1384774190818454,9.9,53.31640625,-1.0,0,0
2026-07-28T23:35:05.975,10.42.0.210,10.42.0.1|10.42.0.210,24,3,UPLOAD,0.985508726165656,UPLOAD,0.985508726165656,1,1448,100.0,9,0.0,13032.0,0,9,0.0,1.0,0.11581790199282382,1,0,1,1,1,1,1,1,0.9699999999999999,1.0,1.0,1.0,0.8,skip,attack_already_active,1785296105.9754536,1785296105975453584,1384774192152623,9.9,53.31640625,-1.0,0,0
2026-07-28T23:35:05.976,10.42.0.210,10.42.0.1|10.42.0.210,24,3,UPLOAD,0.95,UPLOAD,0.95,1,1448,100.0,10,0.0,14480.0,0,10,0.0,1.0,0.10064811270274554,1,0,1,1,1,1,1,1,0.9699999999999999,1.0,1.0,1.0,0.8,skip,attack_already_active,1785296105.9761522,1785296105976151991,1384774192850107,9.9,53.31640625,-1.0,0,0
2026-07-28T23:35:05.977,10.42.0.210,10.42.0.1|10.42.0.210,24,3,UPLOAD,0.95,UPLOAD,0.95,1,1448,100.0,11,0.0,15928.0,0,11,0.0,1.0,0.08750885748952346,1,0,1,1,1,1,1,1,0.9699999999999999,1.0,1.0,1.0,0.8,skip,attack_already_active,1785296105.9770901,1785296105977089924,1384774193788153,9.9,53.31640625,-1.0,0,0
2026-07-28T23:35:05.978,10.42.0.210,10.42.0.1|10.42.0.210,24,3,UPLOAD,0.95,UPLOAD,0.95,1,1448,100.0,12,0.0,17376.0,0,12,0.0,1.0,0.0761117025960356,1,0,1,1,1,1,1,1,0.9699999999999999,1.0,1.0,1.0,0.8,skip,attack_already_active,1785296105.9781091,1785296105978109173,1384774194808944,9.9,53.31640625,-1.0,0,0
2026-07-28T23:35:05.979,10.42.0.210,10.42.0.1|10.42.0.210,24,3,UPLOAD,0.95,UPLOAD,0.95,1,1448,100.0,13,0.0,18824.0,0,13,0.0,1.0,0.06621847528811312,1,0,1,1,1,1,1,1,0.9699999999999999,1.0,1.0,1.0,0.8,skip,attack_already_active,1785296105.9791439,1785296105979143986,1384774195842137,9.9,53.31640625,-1.0,0,0
2026-07-28T23:35:05.979,10.42.0.210,10.42.0.1|10.42.0.210,24,3,UPLOAD,0.95,UPLOAD,0.95,1,1448,100.0,14,0.0,20272.0,0,14,0.0,1.0,0.05760080410724576,1,0,1,1,1,1,1,1,0.9699999999999999,1.0,1.0,1.0,0.8,skip,attack_already_active,1785296105.9799652,1785296105979965081,1384774196663421,9.9,53.31640625,-1.0,0,0
2026-07-28T23:35:05.980,10.42.0.210,10.42.0.1|10.42.0.210,24,3,UPLOAD,0.95,UPLOAD,0.95,1,1448,100.0,15,0.0,21720.0,0,15,0.0,1.0,0.05013150888343857,1,0,1,1,1,1,1,1,0.9699999999999999,1.0,1.0,1.0,0.8,skip,attack_already_active,1785296105.9808836,1785296105980883702,1384774197581849,9.9,53.31640625,-1.0,0,0
2026-07-28T23:35:05.981,10.42.0.210,10.42.0.1|10.42.0.210,24,3,UPLOAD,0.95,UPLOAD,0.95,1,1448,100.0,16,0.0,23168.0,0,16,0.0,1.0,0.04361367621916513,1,0,1,1,1,1,1,1,0.9699999999999999,1.0,1.0,1.0,0.8,skip,attack_already_active,1785296105.981553,1785296105981553144,1384774198251181,9.9,53.31640625,-1.0,0,0
2026-07-28T23:35:05.982,10.42.0.210,10.42.0.1|10.42.0.210,24,3,UPLOAD,0.95,UPLOAD,0.95,1,1448,100.0,17,0.0,24616.0,0,17,0.0,1.0,0.03799060625587149,1,0,1,1,1,1,1,1,0.9699999999999999,1.0,1.0,1.0,0.8,skip,attack_already_active,1785296105.9824948,1785296105982494615,1384774199192869,9.9,53.31640625,-1.0,0,0
2026-07-28T23:35:05.983,10.42.0.210,10.42.0.1|10.42.0.210,24,3,UPLOAD,0.95,UPLOAD,0.95,1,1448,100.0,18,0.0,26064.0,0,18,0.0,1.0,0.03307027827482664,1,0,1,1,1,1,1,1,0.9699999999999999,1.0,1.0,1.0,0.8,skip,attack_already_active,1785296105.9831464,1785296105983146417,1384774199844489,9.9,53.31640625,-1.0,0,0
2026-07-28T23:35:05.984,10.42.0.210,10.42.0.1|10.42.0.210,24,3,UPLOAD,0.95,UPLOAD,0.95,1,1448,100.0,19,0.0,27512.0,0,19,0.0,1.0,0.028833605731592892,1,0,1,1,1,1,1,1,0.9699999999999999,1.0,1.0,1.0,0.8,skip,attack_already_active,1785296105.9840658,1785296105984065916,1384774200764547,9.9,53.31640625,-1.0,0,0
2026-07-28T23:35:05.985,10.42.0.210,10.42.0.1|10.42.0.210,24,3,UPLOAD,0.95,UPLOAD,0.95,1,1448,100.0,20,0.0,28960.0,0,20,0.0,1.0,0.025162287395532983,1,0,1,1,1,1,1,1,0.9699999999999999,1.0,1.0,1.0,0.8,skip,attack_already_active,1785296105.9850388,1785296105985038887,1384774201737298,9.9,53.31640625,-1.0,0,0
2026-07-28T23:35:05.986,10.42.0.210,10.42.0.1|10.42.0.210,24,3,UPLOAD,0.95,UPLOAD,0.95,1,1448,100.0,21,0.0,30408.0,0,21,0.0,1.0,0.021975791859850602,1,0,1,1,1,1,1,1,0.9699999999999999,1.0,1.0,1.0,0.8,skip,attack_already_active,1785296105.9860196,1785296105986019497,1384774202717700,9.9,53.31640625,-1.0,0,0
2026-07-28T23:35:05.986,10.42.0.210,10.42.0.1|10.42.0.210,24,3,UPLOAD,0.95,UPLOAD,0.95,1,1448,100.0,22,0.0,31856.0,0,22,0.0,1.0,0.019166844315466208,1,0,1,1,1,1,1,1,0.9699999999999999,1.0,1.0,1.0,0.8,skip,attack_already_active,1785296105.986679,1785296105986679014,1384774203377008,9.9,53.31640625,-1.0,0,0
2026-07-28T23:35:05.987,10.42.0.210,10.42.0.1|10.42.0.210,24,3,UPLOAD,0.95,UPLOAD,0.95,1,1448,100.0,23,0.0,33304.0,0,23,0.0,1.0,0.01676634225167807,1,0,1,1,1,1,1,1,0.9699999999999999,1.0,1.0,1.0,0.8,skip,attack_already_active,1785296105.9876292,1785296105987629049,1384774204327345,9.9,53.31640625,-1.0,0,0
2026-07-28T23:35:05.988,10.42.0.210,10.42.0.1|10.42.0.210,24,3,UPLOAD,0.95,UPLOAD,0.95,1,1448,100.0,24,0.0,34752.0,0,24,0.0,1.0,0.014640851083851691,1,0,1,1,1,1,1,1,0.9699999999999999,1.0,1.0,1.0,0.8,skip,attack_already_active,1785296105.9882658,1785296105988265771,1384774204963982,9.9,53.31640625,-1.0,0,0
2026-07-28T23:35:05.989,10.42.0.210,10.42.0.1|10.42.0.210,24,3,UPLOAD,0.95,UPLOAD,0.95,1,1448,100.0,25,0.0,36200.0,0,25,0.0,1.0,0.012828747916085131,1,0,1,1,1,1,1,1,0.9699999999999999,1.0,1.0,1.0,0.8,skip,attack_already_active,1785296105.989155,1785296105989155186,1384774205853295,9.9,53.31640625,-1.0,0,0
2026-07-28T23:35:05.989,10.42.0.210,10.42.0.1|10.42.0.210,24,3,UPLOAD,0.95,UPLOAD,0.95,1,1448,100.0,26,0.0,37648.0,0,26,0.0,1.0,0.011234823812703009,1,0,1,1,1,1,1,1,0.9699999999999999,1.0,1.0,1.0,0.8,skip,attack_already_active,1785296105.989888,1785296105989887956,1384774206586264,9.9,53.31640625,-1.0,0,0
2026-07-28T23:35:05.990,10.42.0.210,10.42.0.1|10.42.0.210,24,3,UPLOAD,0.95,UPLOAD,0.95,1,1448,100.0,27,0.0,39096.0,0,27,0.0,1.0,0.009873464545646294,1,0,1,1,1,1,1,1,0.9699999999999999,1.0,1.0,1.0,0.8,skip,attack_already_active,1785296105.9907918,1785296105990791606,1384774207489928,9.9,53.31640625,-1.0,0,0
2026-07-28T23:35:05.991,10.42.0.210,10.42.0.1|10.42.0.210,24,3,UPLOAD,0.95,UPLOAD,0.95,1,1448,100.0,28,0.0,40544.0,0,28,0.0,1.0,0.008659169084258131,1,0,1,1,1,1,1,1,0.9699999999999999,1.0,1.0,1.0,0.8,skip,attack_already_active,1785296105.9914503,1785296105991450422,1384774208148461,9.9,53.31640625,-1.0,0,0
2026-07-28T23:35:05.992,10.42.0.210,10.42.0.1|10.42.0.210,24,3,UPLOAD,0.95,UPLOAD,0.95,1,1448,100.0,29,0.0,41992.0,0,29,0.0,1.0,0.007642524905214578,1,0,1,1,1,1,1,1,0.9699999999999999,1.0,1.0,1.0,0.8,skip,attack_already_active,1785296105.9923944,1785296105992394448,1384774209092926,9.9,53.31640625,-1.0,0,0
2026-07-28T23:35:05.993,10.42.0.210,10.42.0.1|10.42.0.210,24,3,UPLOAD,0.95,UPLOAD,0.95,1,1448,100.0,30,0.0,43440.0,0,30,0.0,1.0,0.006736002604268333,1,0,1,1,1,1,1,1,0.9699999999999999,1.0,1.0,1.0,0.8,skip,attack_already_active,1785296105.9931576,1785296105993157678,1384774209855931,9.9,53.31640625,-1.0,0,0
2026-07-28T23:35:05.994,10.42.0.210,10.42.0.1|10.42.0.210,24,3,UPLOAD,0.95,UPLOAD,0.95,1,1448,100.0,31,0.0,44888.0,0,31,0.0,1.0,0.005983181852928487,1,0,1,1,1,1,1,1,0.9699999999999999,1.0,1.0,1.0,0.8,skip,attack_already_active,1785296105.9941807,1785296105994180486,1384774210878511,9.9,53.31640625,-1.0,0,0
2026-07-28T23:35:05.995,10.42.0.210,10.42.0.1|10.42.0.210,24,3,UPLOAD,0.95,UPLOAD,0.95,1,1448,100.0,32,0.0,46336.0,0,32,0.0,1.0,0.0053176878481400605,1,0,1,1,1,1,1,1,0.9699999999999999,1.0,1.0,1.0,0.8,skip,attack_already_active,1785296105.9951136,1785296105995113695,1384774211812073,9.9,53.31640625,-1.0,0,0
2026-07-28T23:35:05.996,10.42.0.210,10.42.0.1|10.42.0.210,24,3,UPLOAD,0.95,UPLOAD,0.95,1,1448,100.0,33,0.0,47784.0,0,33,0.0,1.0,0.004754529508744299,1,0,1,1,1,1,1,1,0.9699999999999999,1.0,1.0,1.0,0.8,skip,attack_already_active,1785296105.9961576,1785296105996157780,1384774212856317,9.9,53.31640625,-1.0,0,0
2026-07-28T23:35:05.997,10.42.0.210,10.42.0.1|10.42.0.210,24,3,UPLOAD,0.95,UPLOAD,0.95,1,1448,100.0,34,0.0,49232.0,0,34,0.0,1.0,0.004246510649028319,1,0,1,1,1,1,1,1,0.9699999999999999,1.0,1.0,1.0,0.8,skip,attack_already_active,1785296105.997057,1785296105997057128,1384774213756486,9.9,53.31640625,-1.0,0,0
2026-07-28T23:35:05.998,10.42.0.210,10.42.0.1|10.42.0.210,24,3,UPLOAD,0.95,UPLOAD,0.95,1,1448,100.0,35,0.0,50680.0,0,35,0.0,1.0,0.003872731950294527,1,0,1,1,1,1,1,1,0.9699999999999999,1.0,1.0,1.0,0.8,skip,attack_already_active,1785296105.998467,1785296105998466956,1384774215165285,9.9,53.31640625,-1.0,0,0
2026-07-28T23:35:05.999,10.42.0.210,10.42.0.1|10.42.0.210,24,3,UPLOAD,0.95,UPLOAD,0.95,1,1448,100.0,36,0.0,52128.0,0,36,0.0,1.0,0.003450216615888286,1,0,1,1,1,1,1,1,0.9699999999999999,1.0,1.0,1.0,0.8,skip,attack_already_active,1785296105.9991333,1785296105999133481,1384774215831627,9.9,53.31640625,-1.0,0,0
2026-07-28T23:35:06.000,10.42.0.210,10.42.0.1|10.42.0.210,24,3,UPLOAD,0.95,UPLOAD,0.95,1,1448,100.0,37,0.0,53576.0,0,37,0.0,1.0,0.0031231211294649335,1,0,1,1,1,1,1,1,0.9699999999999999,1.0,1.0,1.0,0.8,skip,attack_already_active,1785296106.0001013,1785296106000101480,1384774216800258,9.9,53.31640625,-1.0,0,0
2026-07-28T23:35:06.000,10.42.0.210,10.42.0.1|10.42.0.210,24,3,UPLOAD,0.95,UPLOAD,0.95,1,1448,100.0,38,0.0,55024.0,0,38,0.0,1.0,0.0028032811304905974,1,0,1,1,1,1,1,1,0.9699999999999999,1.0,1.0,1.0,0.8,skip,attack_already_active,1785296106.0007973,1785296106000797266,1384774217495405,9.9,53.31640625,-1.0,0,0
2026-07-28T23:35:06.001,10.42.0.210,10.42.0.1|10.42.0.210,24,3,UPLOAD,0.95,UPLOAD,0.95,1,1448,100.0,39,0.0,56472.0,0,39,0.0,1.0,0.0025627861757045976,1,0,1,1,1,1,1,1,0.9699999999999999,1.0,1.0,1.0,0.8,skip,attack_already_active,1785296106.0017755,1785296106001775524,1384774218473862,9.9,53.31640625,-1.0,0,0
2026-07-28T23:35:06.002,10.42.0.210,10.42.0.1|10.42.0.210,24,3,UPLOAD,0.95,UPLOAD,0.95,1,1448,100.0,40,0.0,57920.0,0,40,0.0,1.0,0.0023256123299376075,1,0,1,1,1,1,1,1,0.9699999999999999,1.0,1.0,1.0,0.8,skip,attack_already_active,1785296106.0025384,1785296106002538616,1384774219237326,9.9,53.31640625,-1.0,0,0
2026-07-28T23:35:06.003,10.42.0.210,10.42.0.1|10.42.0.210,24,3,UPLOAD,0.95,UPLOAD,0.95,1,1448,100.0,41,0.0,59368.0,0,41,0.0,1.0,0.002162545386623179,1,0,1,1,1,1,1,1,0.9699999999999999,1.0,1.0,1.0,0.8,skip,attack_already_active,1785296106.0036266,1785296106003626540,1384774220325035,9.9,53.31640625,-1.0,0,0
2026-07-28T23:35:06.004,10.42.0.210,10.42.0.1|10.42.0.210,24,3,UPLOAD,0.95,UPLOAD,0.95,1,1448,100.0,42,0.0,60816.0,0,42,0.0,1.0,0.0019742487079864595,1,0,1,1,1,1,1,1,0.9699999999999999,1.0,1.0,1.0,0.8,skip,attack_already_active,1785296106.0043602,1785296106004360282,1384774221058518,9.9,53.31640625,-1.0,0,0
2026-07-28T23:35:06.005,10.42.0.210,10.42.0.1|10.42.0.210,24,3,UPLOAD,0.95,UPLOAD,0.95,1,1448,100.0,43,0.0,62264.0,0,43,0.0,1.0,0.0018921674190035811,1,0,1,1,1,1,1,1,0.9699999999999999,1.0,1.0,1.0,0.8,skip,attack_already_active,1785296106.0057116,1785296106005711632,1384774222411306,9.9,53.31640625,-1.0,0,0
2026-07-28T23:35:06.006,10.42.0.210,10.42.0.1|10.42.0.210,24,3,UPLOAD,0.95,UPLOAD,0.95,1,1448,100.0,44,0.0,63712.0,0,44,0.0,1.0,0.0017495218300554523,1,0,1,1,1,1,1,1,0.9699999999999999,1.0,1.0,1.0,0.8,skip,attack_already_active,1785296106.0065212,1785296106006521305,1384774223220037,9.9,53.31640625,-1.0,0,0
2026-07-28T23:35:06.008,10.42.0.210,10.42.0.1|10.42.0.210,24,3,UPLOAD,0.95,UPLOAD,0.95,1,1448,100.0,45,0.0,65160.0,0,45,0.0,1.0,0.0017581293902844475,1,0,1,1,1,1,1,1,0.9699999999999999,1.0,1.0,1.0,0.8,skip,attack_already_active,1785296106.008336,1785296106008336247,1384774225039893,9.9,53.31640625,-1.0,0,0
2026-07-28T23:35:06.009,10.42.0.210,10.42.0.1|10.42.0.210,24,3,UPLOAD,0.95,UPLOAD,0.95,1,1448,100.0,46,0.0,66608.0,0,46,0.0,1.0,0.0016856137856571466,1,0,1,1,1,1,1,1,0.9699999999999999,1.0,1.0,1.0,0.8,skip,attack_already_active,1785296106.009544,1785296106009544020,1384774226243578,9.9,53.31640625,-1.0,0,0
2026-07-28T23:35:06.010,10.42.0.210,10.42.0.1|10.42.0.210,24,3,UPLOAD,0.95,UPLOAD,0.95,1,1448,100.0,47,0.0,68056.0,0,47,0.0,1.0,0.0016088301943999314,1,0,1,1,1,1,1,1,0.9699999999999999,1.0,1.0,1.0,0.8,skip,attack_already_active,1785296106.0106468,1785296106010646709,1384774227345482,9.9,53.31640625,-1.0,0,0
2026-07-28T23:35:06.011,10.42.0.210,10.42.0.1|10.42.0.210,24,3,UPLOAD,0.95,UPLOAD,0.95,1,1448,100.0,48,0.0,69504.0,0,48,0.0,1.0,0.0015403425061588467,1,0,1,1,1,1,1,1,0.9699999999999999,1.0,1.0,1.0,0.8,skip,attack_already_active,1785296106.011736,1785296106011735920,1384774228434907,9.9,53.31640625,-1.0,0,0
2026-07-28T23:35:06.012,10.42.0.210,10.42.0.1|10.42.0.210,24,3,UPLOAD,0.95,UPLOAD,0.95,1,1448,100.0,49,0.0,70952.0,0,49,0.0,1.0,0.0014941065064121135,1,0,1,1,1,1,1,1,0.9699999999999999,1.0,1.0,1.0,0.8,skip,attack_already_active,1785296106.0129254,1785296106012925469,1384774229624744,9.9,53.31640625,-1.0,0,0
2026-07-28T23:35:06.013,10.42.0.210,10.42.0.1|10.42.0.210,24,3,UPLOAD,0.95,UPLOAD,0.95,1,1448,100.0,50,0.0,72400.0,0,50,0.0,1.0,0.001399799492674888,1,0,1,1,1,1,1,1,0.9699999999999999,1.0,1.0,1.0,0.8,skip,attack_already_active,1785296106.0137038,1785296106013703834,1384774230401961,9.9,53.31640625,-1.0,0,0
2026-07-28T23:35:06.014,10.42.0.210,10.42.0.1|10.42.0.210,24,3,UPLOAD,0.95,UPLOAD,0.95,1,1448,100.0,51,0.0,73848.0,0,51,0.0,1.0,0.0013540812569091659,1,0,1,1,1,1,1,1,0.9699999999999999,1.0,1.0,1.0,0.8,skip,attack_already_active,1785296106.0147567,1785296106014756494,1384774231454790,9.9,53.31640625,-1.0,0,0
2026-07-28T23:35:06.015,10.42.0.210,10.42.0.1|10.42.0.210,24,3,UPLOAD,0.95,UPLOAD,0.95,1,1448,100.0,52,0.0,75296.0,0,52,0.0,1.0,0.001268140984445166,1,0,1,1,1,1,1,1,0.9699999999999999,1.0,1.0,1.0,0.8,skip,attack_already_active,1785296106.0154586,1785296106015458648,1384774232157042,9.9,53.31640625,-1.0,0,0
2026-07-28T23:35:06.016,10.42.0.210,10.42.0.1|10.42.0.210,24,3,UPLOAD,0.95,UPLOAD,0.95,1,1448,100.0,53,0.0,76744.0,0,53,0.0,1.0,0.0012412486002984597,1,0,1,1,1,1,1,1,0.9699999999999999,1.0,1.0,1.0,0.8,skip,attack_already_active,1785296106.0165226,1785296106016522696,1384774233221861,9.9,53.31640625,-1.0,0,0
2026-07-28T23:35:06.017,10.42.0.210,10.42.0.1|10.42.0.210,24,3,UPLOAD,0.95,UPLOAD,0.95,1,1448,100.0,54,0.0,78192.0,0,54,0.0,1.0,0.0011784081714030987,1,0,1,1,1,1,1,1,0.9699999999999999,1.0,1.0,1.0,0.8,skip,attack_already_active,1785296106.017287,1785296106017286979,1384774233985554,9.9,53.31640625,-1.0,0,0
2026-07-28T23:35:06.018,10.42.0.210,10.42.0.1|10.42.0.210,24,3,UPLOAD,0.9618953622956186,UPLOAD,0.9618953622956186,1,1337,100.0,55,0.0,79529.0,0,55,0.0,1.0,0.001155894337886209,1,0,1,1,1,1,1,1,0.9699999999999999,1.0,1.0,1.0,0.8,skip,attack_already_active,1785296106.0182946,1785296106018294613,1384774234993145,9.9,53.31640625,-1.0,0,0
2026-07-28T23:35:06.025,10.42.0.1,10.42.0.1|10.42.0.210,24,3,UPLOAD,0.9614644438811367,UPLOAD,0.9614644438811367,1,7240,100.0,1,0.0,7240.0,0,1,0.0,1.0,0.19421837364224404,1,0,1,1,1,1,1,1,0.9699999999999999,1.0,1.0,1.0,0.8,skip,attack_already_active,1785296106.0254946,1785296106025494432,1384774242193633,9.9,53.31640625,-1.0,0,0
2026-07-28T23:35:06.026,10.42.0.1,10.42.0.1|10.42.0.210,24,3,UPLOAD,0.9704491705407083,UPLOAD,0.9704491705407083,1,7240,100.0,2,0.0,14480.0,0,2,0.0,1.0,0.16871592722623213,1,0,1,1,1,1,1,1,0.9699999999999999,1.0,1.0,1.0,0.8,skip,attack_already_active,1785296106.026182,1785296106026181870,1384774242879911,9.9,53.31640625,-1.0,0,0
2026-07-28T23:35:06.108,10.42.0.1,10.42.0.1|10.42.0.210,24,3,UPLOAD,0.9720586046596493,UPLOAD,0.9720586046596493,1,14480,100.0,3,0.0,28960.0,0,3,0.0,1.0,0.15729781255496422,1,0,1,1,1,1,1,1,0.9699999999999999,1.0,1.0,1.0,0.8,skip,attack_already_active,1785296106.108249,1785296106108248862,1384774324948034,9.9,53.31640625,-1.0,0,0
2026-07-28T23:35:06.109,10.42.0.1,10.42.0.1|10.42.0.210,24,3,UPLOAD,0.9731930305005689,UPLOAD,0.9731930305005689,1,14480,100.0,4,0.0,43440.0,0,4,0.0,1.0,0.13673017460281614,1,0,1,1,1,1,1,1,0.9699999999999999,1.0,1.0,1.0,0.8,skip,attack_already_active,1785296106.1094646,1785296106109464599,1384774326163289,9.9,53.31640625,-1.0,0,0
2026-07-28T23:35:06.110,10.42.0.1,10.42.0.1|10.42.0.210,24,3,UPLOAD,0.9728252306285592,UPLOAD,0.9728252306285592,0,43,100.0,4,0.0,43440.0,0,4,0.0,1.0,0.3216557674047469,1,0,1,1,1,1,1,1,0.8374999999999999,0.8500000000000001,1.0,0.6000000000000001,0.8,skip,attack_already_active,1785296106.1105487,1785296106110548655,1384774327247398,9.9,53.31640625,-1.0,0,0
2026-07-28T23:35:06.114,10.42.0.1,10.42.0.1|10.42.0.210,24,3,UPLOAD,0.975401149679858,UPLOAD,0.975401149679858,1,14480,100.0,5,0.0,57920.0,0,5,0.0,1.0,0.27988769996831653,1,0,1,1,1,1,1,1,0.9699999999999999,1.0,1.0,1.0,0.8,skip,attack_already_active,1785296106.114154,1785296106114154044,1384774330854234,9.9,53.31640625,-1.0,0,0
2026-07-28T23:35:06.116,10.42.0.1,10.42.0.1|10.42.0.210,24,3,UPLOAD,0.9762890242806986,UPLOAD,0.9762890242806986,1,14480,100.0,6,0.0,72400.0,0,6,0.0,1.0,0.24328824723189824,1,0,1,1,1,1,1,1,0.9699999999999999,1.0,1.0,1.0,0.8,skip,attack_already_active,1785296106.1162987,1785296106116298651,1384774332998300,9.9,53.31640625,-1.0,0,0
2026-07-28T23:35:06.118,10.42.0.1,10.42.0.1|10.42.0.210,24,3,UPLOAD,0.9774263378967603,UPLOAD,0.9774263378967603,1,7129,100.0,7,0.0,79529.0,0,7,0.0,1.0,0.21156319260757828,1,0,1,1,1,1,1,1,0.9699999999999999,1.0,1.0,1.0,0.8,skip,attack_already_active,1785296106.1188343,1785296106118834296,1384774335532933,9.9,53.31640625,-1.0,0,0
2026-07-28T23:35:06.957,10.42.0.47,10.42.0.1|10.42.0.210|10.42.0.47,24,3,UPLOAD,0.95,UPLOAD,0.95,1,7240,100.0,1,0.0,7240.0,0,1,0.0,1.0,0.44586647480507685,1,0,0,1,1,1,1,1,0.9699999999999999,1.0,1.0,1.0,0.8,trigger,training_upload_trigger_confirmed,1785296106.9572906,1785296106957290863,1384775173989747,63.5,53.31640625,9.56587,1785296106966858303,1384775183555617
2026-07-28T23:35:06.958,10.42.0.47,10.42.0.1|10.42.0.210|10.42.0.47,24,3,UPLOAD,0.95,UPLOAD,0.95,1,7240,100.0,2,0.0,14480.0,0,2,0.0,1.0,0.3872145752477912,1,0,1,1,1,1,1,1,0.9699999999999999,1.0,1.0,1.0,0.8,skip,attack_already_active,1785296106.958064,1785296106958064186,1384775174762471,63.5,53.31640625,-1.0,0,0
2026-07-28T23:35:06.959,10.42.0.47,10.42.0.1|10.42.0.210|10.42.0.47,24,3,UPLOAD,0.95,UPLOAD,0.95,1,10136,100.0,3,0.0,24616.0,0,3,0.0,1.0,0.33632395285655253,1,0,1,1,1,1,1,1,0.9699999999999999,1.0,1.0,1.0,0.8,skip,attack_already_active,1785296106.9590838,1785296106959083744,1384775175782164,63.5,53.31640625,-1.0,0,0
2026-07-28T23:35:06.965,10.42.0.47,10.42.0.1|10.42.0.210|10.42.0.47,24,3,UPLOAD,0.95,UPLOAD,0.95,1,4344,100.0,4,0.0,28960.0,0,4,0.0,1.0,0.29284963878646875,1,0,1,1,1,1,1,1,0.9699999999999999,1.0,1.0,1.0,0.8,skip,attack_already_active,1785296106.9654932,1785296106965493207,1384775182192701,63.5,53.31640625,-1.0,0,0
2026-07-28T23:35:06.966,10.42.0.47,10.42.0.1|10.42.0.210|10.42.0.47,24,3,UPLOAD,0.9506734044278816,UPLOAD,0.9506734044278816,1,5792,100.0,5,0.0,34752.0,0,5,0.0,1.0,0.2543622997830946,1,0,1,1,1,1,1,1,0.9699999999999999,1.0,1.0,1.0,0.8,skip,attack_already_active,1785296106.966273,1785296106966272918,1384775182971155,63.5,53.31640625,-1.0,0,0
2026-07-28T23:35:06.967,10.42.0.47,10.42.0.1|10.42.0.210|10.42.0.47,24,3,UPLOAD,0.953334020688931,UPLOAD,0.953334020688931,1,8688,100.0,6,0.0,43440.0,0,6,0.0,1.0,0.22101443977473395,1,0,1,1,1,1,1,1,0.9699999999999999,1.0,1.0,1.0,0.8,skip,attack_already_active,1785296106.9675677,1785296106967567743,1384775184266056,63.5,53.31640625,-1.0,0,0
2026-07-28T23:35:06.968,10.42.0.47,10.42.0.1|10.42.0.210|10.42.0.47,24,3,UPLOAD,0.9560151147825793,UPLOAD,0.9560151147825793,1,1448,100.0,7,0.0,44888.0,0,7,0.0,1.0,0.19197171923892298,1,0,1,1,1,1,1,1,0.9699999999999999,1.0,1.0,1.0,0.8,skip,attack_already_active,1785296106.968185,1785296106968184935,1384775184883278,63.5,53.31640625,-1.0,0,0
2026-07-28T23:35:06.971,10.42.0.47,10.42.0.1|10.42.0.210|10.42.0.47,24,3,UPLOAD,0.958722928549824,UPLOAD,0.958722928549824,1,17376,100.0,8,0.0,62264.0,0,8,0.0,1.0,0.16712263553181075,1,0,1,1,1,1,1,1,0.9699999999999999,1.0,1.0,1.0,0.8,skip,attack_already_active,1785296106.9715838,1785296106971583672,1384775188282194,63.5,53.31640625,-1.0,0,0
2026-07-28T23:35:06.972,10.42.0.47,10.42.0.1|10.42.0.210|10.42.0.47,24,3,UPLOAD,0.9618815709654368,UPLOAD,0.9618815709654368,1,1448,100.0,9,0.0,63712.0,0,9,0.0,1.0,0.14518757386354753,1,0,1,1,1,1,1,1,0.9699999999999999,1.0,1.0,1.0,0.8,skip,attack_already_active,1785296106.9722474,1785296106972247172,1384775188945362,63.5,53.31640625,-1.0,0,0
2026-07-28T23:35:06.972,10.42.0.47,10.42.0.1|10.42.0.210|10.42.0.47,24,3,UPLOAD,0.9636397711057517,UPLOAD,0.9636397711057517,1,2896,100.0,10,0.0,66608.0,0,10,0.0,1.0,0.1261376209050871,1,0,1,1,1,1,1,1,0.9699999999999999,1.0,1.0,1.0,0.8,skip,attack_already_active,1785296106.97287,1785296106972870225,1384775189568236,63.5,53.31640625,-1.0,0,0
2026-07-28T23:35:06.974,10.42.0.47,10.42.0.1|10.42.0.210|10.42.0.47,24,3,UPLOAD,0.9656233113572065,UPLOAD,0.9656233113572065,1,4344,100.0,11,0.0,70952.0,0,11,0.0,1.0,0.10966702100273537,1,0,1,1,1,1,1,1,0.9699999999999999,1.0,1.0,1.0,0.8,skip,attack_already_active,1785296106.974017,1785296106974016975,1384775190715031,63.5,53.31640625,-1.0,0,0
2026-07-28T23:35:06.974,10.42.0.47,10.42.0.1|10.42.0.210|10.42.0.47,24,3,UPLOAD,0.9675005823024468,UPLOAD,0.9675005823024468,1,7240,100.0,12,0.0,78192.0,0,12,0.0,1.0,0.09529830412573694,1,0,1,1,1,1,1,1,0.9699999999999999,1.0,1.0,1.0,0.8,skip,attack_already_active,1785296106.9746437,1785296106974643828,1384775191341942,63.5,53.31640625,-1.0,0,0
2026-07-28T23:35:06.976,10.42.0.47,10.42.0.1|10.42.0.210|10.42.0.47,24,3,UPLOAD,0.9691388243778237,UPLOAD,0.9691388243778237,1,1336,100.0,13,0.0,79528.0,0,13,0.0,1.0,0.08302587996112112,1,0,1,1,1,1,1,1,0.9699999999999999,1.0,1.0,1.0,0.8,skip,attack_already_active,1785296106.97681,1785296106976810045,1384775193509109,63.5,53.31640625,-1.0,0,0
2026-07-28T23:35:06.977,10.42.0.1,10.42.0.1|10.42.0.210|10.42.0.47,24,3,UPLOAD,0.9777815077079883,UPLOAD,0.9777815077079883,1,7240,100.0,8,0.0,86769.0,0,8,0.0,1.0,0.29354769696229677,1,0,1,1,1,1,1,1,0.9699999999999999,1.0,1.0,1.0,0.8,skip,attack_already_active,1785296106.9778533,1785296106977853202,1384775194551655,63.5,53.31640625,-1.0,0,0
2026-07-28T23:35:06.978,10.42.0.1,10.42.0.1|10.42.0.210|10.42.0.47,24,3,UPLOAD,0.9782923251985695,UPLOAD,0.9782923251985695,1,7240,100.0,9,0.0,94009.0,0,9,0.0,1.0,0.2549980612337417,1,0,1,1,1,1,1,1,0.9699999999999999,1.0,1.0,1.0,0.8,skip,attack_already_active,1785296106.9788585,1785296106978858414,1384775195556817,63.5,53.31640625,-1.0,0,0
2026-07-28T23:35:07.031,10.42.0.1,10.42.0.1|10.42.0.210|10.42.0.47,24,3,UPLOAD,0.9778491516435786,UPLOAD,0.9778491516435786,1,14480,100.0,8,0.0,94009.0,0,8,0.0,1.0,0.22827700966499495,1,0,1,1,1,1,1,1,0.9699999999999999,1.0,1.0,1.0,0.8,skip,attack_already_active,1785296107.0310779,1785296107031077970,1384775247776385,63.5,53.31640625,-1.0,0,0
2026-07-28T23:35:07.031,10.42.0.1,10.42.0.1|10.42.0.210|10.42.0.47,24,3,UPLOAD,0.9782161307592697,UPLOAD,0.9782161307592697,1,14480,100.0,9,0.0,108489.0,0,9,0.0,1.0,0.19828923790035566,1,0,1,1,1,1,1,1,0.9699999999999999,1.0,1.0,1.0,0.8,skip,attack_already_active,1785296107.031786,1785296107031786036,1384775248484214,33.9,53.31640625,-1.0,0,0
2026-07-28T23:35:07.032,10.42.0.1,10.42.0.1|10.42.0.210|10.42.0.47,24,3,UPLOAD,0.9769606356826095,UPLOAD,0.9769606356826095,0,43,100.0,9,0.0,108489.0,0,9,0.0,1.0,0.29363804778906366,1,0,1,1,1,1,1,1,0.8374999999999999,0.8500000000000001,1.0,0.6000000000000001,0.8,skip,attack_already_active,1785296107.0324137,1785296107032413591,1384775249112001,33.9,53.31640625,-1.0,0,0
2026-07-28T23:35:07.034,10.42.0.1,10.42.0.1|10.42.0.210|10.42.0.47,24,3,UPLOAD,0.9782055574119022,UPLOAD,0.9782055574119022,1,8688,100.0,10,0.0,117177.0,0,10,0.0,1.0,0.25526717882419914,1,0,1,1,1,1,1,1,0.9699999999999999,1.0,1.0,1.0,0.8,skip,attack_already_active,1785296107.034238,1785296107034238101,1384775250936562,33.9,53.31640625,-1.0,0,0
2026-07-28T23:35:07.035,10.42.0.1,10.42.0.1|10.42.0.210|10.42.0.47,24,3,UPLOAD,0.9786134557271138,UPLOAD,0.9786134557271138,1,8688,100.0,11,0.0,125865.0,0,11,0.0,1.0,0.2217661479807409,1,0,1,1,1,1,1,1,0.9699999999999999,1.0,1.0,1.0,0.8,skip,attack_already_active,1785296107.0352752,1785296107035275308,1384775251973608,33.9,53.31640625,-1.0,0,0
2026-07-28T23:35:07.036,10.42.0.1,10.42.0.1|10.42.0.210|10.42.0.47,24,3,UPLOAD,0.9791423155275316,UPLOAD,0.9791423155275316,1,8688,100.0,12,0.0,134553.0,0,12,0.0,1.0,0.19266863872698886,1,0,1,1,1,1,1,1,0.9699999999999999,1.0,1.0,1.0,0.8,skip,attack_already_active,1785296107.0362284,1785296107036228240,1384775252926400,33.9,53.31640625,-1.0,0,0
2026-07-28T23:35:07.037,10.42.0.1,10.42.0.1|10.42.0.210|10.42.0.47,24,3,UPLOAD,0.9800750432999419,UPLOAD,0.9800750432999419,1,8688,100.0,13,0.0,143241.0,0,13,0.0,1.0,0.16740380458914791,1,0,1,1,1,1,1,1,0.9699999999999999,1.0,1.0,1.0,0.8,skip,attack_already_active,1785296107.0371692,1785296107037169254,1384775253867376,33.9,53.31640625,-1.0,0,0
2026-07-28T23:35:07.038,10.42.0.1,10.42.0.1|10.42.0.210|10.42.0.47,24,3,UPLOAD,0.9805975230852894,UPLOAD,0.9805975230852894,1,1336,100.0,14,0.0,144577.0,0,14,0.0,1.0,0.14550410931282606,1,0,1,1,1,1,1,1,0.9699999999999999,1.0,1.0,1.0,0.8,skip,attack_already_active,1785296107.0383823,1785296107038382224,1384775255080715,33.9,53.31640625,-1.0,0,0
2026-07-28T23:35:07.318,10.42.0.1,,25,1,DOWNLOAD,0.9758705134204679,DOWNLOAD,0.9758705134204679,-1,1448,54.92265189646225,10,1448.0,79528.0,1,9,0.017881841533293814,0.9821181584667061,0.1640072947430424,0,0,0,0,1,0,0,0,0.44,0.8500000000000001,0.0,0.6000000000000001,0.15,skip,training_upload_trigger_not_confirmed,1785296107.3183334,1785296107318333463,1384775535032188,33.9,53.31640625,-1.0,0,0
2026-07-28T23:35:07.320,10.42.0.1,,25,1,DOWNLOAD,0.95,DOWNLOAD,0.95,-1,5792,10.984530385361252,11,7240.0,79528.0,2,9,0.08344089987092015,0.9165591001290798,0.14264062829740262,0,0,0,0,1,0,0,0,0.44,0.8500000000000001,0.0,0.6000000000000001,0.15,skip,training_upload_trigger_not_confirmed,1785296107.320195,1785296107320195171,1384775536894591,33.9,53.31640625,-1.0,0,0
2026-07-28T23:35:07.321,10.42.0.1,,25,1,DOWNLOAD,0.95,DOWNLOAD,0.95,-1,7240,5.492265193059926,12,14480.0,79528.0,3,9,0.15402944430261253,0.8459705556973874,0.12400612955872334,0,0,0,0,1,0,0,0,0.44,0.8500000000000001,0.0,0.6000000000000001,0.15,skip,training_upload_trigger_not_confirmed,1785296107.3214235,1785296107321423594,1384775538122047,33.9,53.31640625,-1.0,0,0
2026-07-28T23:35:07.322,10.42.0.1,,25,1,DOWNLOAD,0.95,DOWNLOAD,0.95,-1,7240,3.661510128790906,13,21720.0,79528.0,4,9,0.21452275600505688,0.7854772439949431,0.10786340634875287,0,0,0,0,1,0,0,0,0.44,0.8500000000000001,0.0,0.6000000000000001,0.15,skip,training_upload_trigger_not_confirmed,1785296107.322927,1785296107322927200,1384775539625594,33.9,53.31640625,-1.0,0,0
2026-07-28T23:35:07.324,10.42.0.1,,25,1,DOWNLOAD,0.95,DOWNLOAD,0.95,-1,7240,2.746132596624788,14,28960.0,79528.0,5,9,0.26694196593171593,0.7330580340682841,0.09379689134190781,0,0,0,0,1,0,0,0,0.4,0.8500000000000001,0.0,0.4,0.15,skip,training_upload_trigger_not_confirmed,1785296107.3240435,1785296107324043489,1384775540742427,33.9,53.31640625,-1.0,0,0
2026-07-28T23:35:07.325,10.42.0.1,,25,1,DOWNLOAD,0.95,DOWNLOAD,0.95,-1,7240,2.196906077315002,15,36200.0,79528.0,6,9,0.31280243329185675,0.6871975667081432,0.08164191771387147,0,0,0,0,1,0,0,0,0.4,0.8500000000000001,0.0,0.4,0.15,skip,training_upload_trigger_not_confirmed,1785296107.3255997,1785296107325599807,1384775542298397,33.9,53.31640625,-1.0,0,0
2026-07-28T23:35:07.326,10.42.0.1,,25,1,DOWNLOAD,0.95,DOWNLOAD,0.95,-1,7240,1.8307550644375976,16,43440.0,79528.0,7,9,0.3532626374341292,0.6467373625658708,0.07102453619883023,0,0,0,0,1,0,0,0,0.4,0.8500000000000001,0.0,0.4,0.15,skip,training_upload_trigger_not_confirmed,1785296107.3266692,1785296107326669305,1384775543367748,33.9,53.31640625,-1.0,0,0
2026-07-28T23:35:07.328,10.42.0.1,,25,1,DOWNLOAD,0.95,DOWNLOAD,0.95,-1,14480,1.3730662983361002,17,57920.0,79528.0,8,9,0.4213957278388918,0.5786042721611082,0.0618632458044895,0,0,0,0,1,0,0,0,0.32,0.8500000000000001,0.0,0.0,0.15,skip,training_upload_trigger_not_confirmed,1785296107.3281713,1785296107328171364,1384775544869815,33.9,53.31640625,-1.0,0,0
2026-07-28T23:35:07.329,10.42.0.1,,25,1,DOWNLOAD,0.95,DOWNLOAD,0.95,-1,14480,1.0984530386726734,18,72400.0,79528.0,9,9,0.4765415196672108,0.5234584803327892,0.05391574583892829,0,0,0,0,1,0,0,0,0.30250000000000005,0.8000000000000002,0.0,0.0,0.15,skip,training_upload_trigger_not_confirmed,1785296107.3297231,1785296107329723219,1384775546421871,33.9,53.31640625,-1.0,0,0
2026-07-28T23:35:07.331,10.42.0.1,,25,1,DOWNLOAD,0.95,DOWNLOAD,0.95,-1,14480,0.9153775322293349,19,86880.0,79528.0,10,9,0.5220902841209557,0.4779097158790443,0.04701257021624684,0,0,0,0,1,0,0,0,0.30250000000000005,0.8000000000000002,0.0,0.0,0.15,skip,training_upload_trigger_not_confirmed,1785296107.3312526,1785296107331252564,1384775547951434,33.9,53.31640625,-1.0,0,0
2026-07-28T23:35:07.332,10.42.0.1,,25,1,DOWNLOAD,0.95,DOWNLOAD,0.95,-1,14480,0.7846093133407201,20,101360.0,79528.0,11,9,0.5603467338905842,0.4396532661094158,0.040963353699296726,0,0,0,0,1,0,0,0,0.28500000000000003,0.7500000000000001,0.0,0.0,0.15,skip,training_upload_trigger_not_confirmed,1785296107.3323593,1785296107332359454,1384775549058072,33.9,53.31640625,-1.0,0,0
2026-07-28T23:35:07.333,10.42.0.1,,25,1,DOWNLOAD,0.95,DOWNLOAD,0.95,-1,5792,0.7421979991064824,21,107152.0,79528.0,12,9,0.5739875723162631,0.42601242768373687,0.0357064626007624,0,0,0,0,1,0,0,0,0.28500000000000003,0.7500000000000001,0.0,0.0,0.15,skip,training_upload_trigger_not_confirmed,1785296107.3334296,1785296107333429574,1384775550128064,33.9,53.31640625,-1.0,0,0
2026-07-28T23:35:07.334,10.42.0.1,,25,1,DOWNLOAD,0.95,DOWNLOAD,0.95,-1,21720,0.6171084486962481,22,128872.0,79528.0,13,9,0.6183877159309021,0.38161228406909786,0.031147856428456584,0,0,0,0,1,0,0,0,0.28500000000000003,0.7500000000000001,0.0,0.0,0.15,skip,training_upload_trigger_not_confirmed,1785296107.334542,1785296107334542012,1384775551240710,33.9,53.31640625,-1.0,0,0
2026-07-28T23:35:07.335,10.42.0.1,,25,1,DOWNLOAD,0.95,DOWNLOAD,0.95,-1,14024,0.5565446198665004,23,142896.0,79528.0,14,9,0.6424486566197892,0.3575513433802108,0.027190523677587126,0,0,0,0,1,0,0,0,0.28500000000000003,0.7500000000000001,0.0,0.0,0.15,skip,training_upload_trigger_not_confirmed,1785296107.3356588,1785296107335658804,1384775552357406,33.9,53.31640625,-1.0,0,0
2026-07-28T23:35:07.336,10.42.0.1,,25,1,DOWNLOAD,0.95,DOWNLOAD,0.95,-1,21720,0.48311221266776544,24,164616.0,79528.0,15,9,0.6742578150599646,0.3257421849400354,0.023752624211474515,0,0,0,0,1,0,0,0,0.28500000000000003,0.7500000000000001,0.0,0.0,0.15,skip,training_upload_trigger_not_confirmed,1785296107.33676,1785296107336760118,1384775553458514,33.9,53.31640625,-1.0,0,0
2026-07-28T23:35:07.337,10.42.0.1,,25,1,DOWNLOAD,0.95,DOWNLOAD,0.95,-1,14024,0.4451858486372302,25,178640.0,79528.0,16,9,0.6919525270366583,0.3080474729633417,0.02076266248923314,0,0,0,0,1,0,0,0,0.28500000000000003,0.7500000000000001,0.0,0.0,0.15,skip,training_upload_trigger_not_confirmed,1785296107.3378227,1785296107337822706,1384775554521475,33.9,53.31640625,-1.0,0,0
2026-07-28T23:35:07.338,10.42.0.1,,25,1,DOWNLOAD,0.95,DOWNLOAD,0.95,-1,14480,0.4118061309061111,26,193120.0,79528.0,17,9,0.7083125495143922,0.2916874504856078,0.01817386457044244,0,0,0,0,1,0,0,0,0.28500000000000003,0.7500000000000001,0.0,0.0,0.15,skip,training_upload_trigger_not_confirmed,1785296107.3389397,1785296107338939544,1384775555638387,33.9,53.31640625,-1.0,0,0
2026-07-28T23:35:07.340,10.42.0.1,,25,1,DOWNLOAD,0.95,DOWNLOAD,0.95,-1,14480,0.3830828516407365,27,207600.0,79528.0,18,9,0.7230224847454794,0.27697751525452063,0.01594298105737862,0,0,0,0,1,0,0,0,0.28500000000000003,0.7500000000000001,0.0,0.0,0.15,skip,training_upload_trigger_not_confirmed,1785296107.340184,1785296107340183994,1384775556883709,33.9,53.31640625,-1.0,0,0
2026-07-28T23:35:07.342,10.42.0.1,,25,1,DOWNLOAD,0.95,DOWNLOAD,0.95,-1,14480,0.3581051873227751,28,222080.0,79528.0,19,9,0.7363199915121614,0.2636800084878385,0.014097715828032698,0,0,0,0,1,0,0,0,0.28500000000000003,0.7500000000000001,0.0,0.0,0.15,skip,training_upload_trigger_not_confirmed,1785296107.3421237,1785296107342123753,1384775558823146,33.9,53.31640625,-1.0,0,0
2026-07-28T23:35:07.343,10.42.0.1,,25,1,DOWNLOAD,0.95,DOWNLOAD,0.95,-1,11584,0.34035195837039356,29,233664.0,79528.0,20,9,0.7460726966206034,0.2539273033793967,0.012470821051065577,0,0,0,0,1,0,0,0,0.28500000000000003,0.7500000000000001,0.0,0.0,0.15,skip,training_upload_trigger_not_confirmed,1785296107.3438754,1785296107343875381,1384775560574161,33.9,53.31640625,-1.0,0,0
2026-07-28T23:35:07.346,10.42.0.1,,25,1,DOWNLOAD,0.95,DOWNLOAD,0.95,-1,10136,0.32620180476076205,30,243800.0,79528.0,21,9,0.7540330562153602,0.24596694378463974,0.011139115231808012,0,0,0,0,1,0,0,0,0.28500000000000003,0.7500000000000001,0.0,0.0,0.15,skip,training_upload_trigger_not_confirmed,1785296107.3462403,1785296107346240270,1384775562939829,33.9,53.31640625,-1.0,0,0
2026-07-28T23:35:07.347,10.42.0.1,,25,1,DOWNLOAD,0.95,DOWNLOAD,0.95,-1,14024,0.3084584833091238,31,257824.0,79528.0,22,9,0.764258104294624,0.235741895705376,0.009888547542189015,0,0,0,0,1,0,0,0,0.28500000000000003,0.7500000000000001,0.0,0.0,0.15,skip,training_upload_trigger_not_confirmed,1785296107.3478892,1785296107347889049,1384775564587613,33.9,53.31640625,-1.0,0,0
2026-07-28T23:35:07.349,10.42.0.47,,24,3,UPLOAD,0.9674075381049156,UPLOAD,0.9674075381049156,0,43,100.0,13,0.0,79528.0,0,13,0.0,1.0,0.10705645877615827,0,0,1,0,0,0,0,0,0.45499999999999996,0.1,1.0,0.0,0.8,skip,attack_already_active,1785296107.349449,1785296107349448929,1384775566147549,33.9,53.31640625,-1.0,0,0
2026-07-28T23:35:07.351,10.42.0.47,,25,1,DOWNLOAD,0.9544127582889886,DOWNLOAD,0.9544127582889886,-1,5792,13.73066298122744,14,5792.0,79528.0,1,13,0.06788560712611345,0.9321143928738865,0.12850274385483088,0,0,0,0,0,0,0,0,0.057499999999999996,0.1,0.0,0.0,0.15,skip,training_upload_trigger_not_confirmed,1785296107.3514886,1785296107351488611,1384775568187347,33.9,53.31640625,-1.0,0,0
2026-07-28T23:35:07.353,10.42.0.47,,25,1,DOWNLOAD,0.95,DOWNLOAD,0.95,-1,5792,6.865331491206376,15,11584.0,79528.0,2,13,0.12714022302221442,0.8728597769777856,0.11177159737473914,0,0,0,0,0,0,0,0,0.057499999999999996,0.1,0.0,0.0,0.15,skip,training_upload_trigger_not_confirmed,1785296107.3530233,1785296107353023175,1384775569721770,33.9,53.31640625,-1.0,0,0
2026-07-28T23:35:07.355,10.42.0.47,,25,1,DOWNLOAD,0.95,DOWNLOAD,0.95,-1,10136,3.661510128790906,16,21720.0,79528.0,3,13,0.21452275600505688,0.7854772439949431,0.09738948932730429,0,0,0,0,0,0,0,0,0.057499999999999996,0.1,0.0,0.0,0.15,skip,training_upload_trigger_not_confirmed,1785296107.355653,1785296107355653189,1384775572352030,33.9,53.31640625,-1.0,0,0
2026-07-28T23:35:07.356,10.42.0.1,,25,1,DOWNLOAD,0.95,DOWNLOAD,0.95,-1,21720,0.28449188678961274,32,279544.0,79528.0,23,9,0.7785179574013011,0.22148204259869886,0.009778882481699702,0,0,0,0,1,0,0,0,0.28500000000000003,0.7500000000000001,0.0,0.0,0.15,skip,training_upload_trigger_not_confirmed,1785296107.3569455,1785296107356945308,1384775573645067,33.9,53.31640625,-1.0,0,0
2026-07-28T23:35:07.359,10.42.0.145,,12,3,UPLOAD,0.9841010226033655,UPLOAD,0.9841010226033655,0,43,1.0,0,0.0,0.0,0,0,0.0,0.0,0.8553017375845475,0,0,0,0,0,0,0,0,0.4375,0.05,1.0,0.0,0.8,skip,already_attacked_this_round,1785296107.3592622,1785296107359262178,1384775575960951,33.9,53.31640625,-1.0,0,0
2026-07-28T23:35:07.360,10.42.0.145,,12,1,DOWNLOAD,0.95,DOWNLOAD,0.95,-1,14600,6.84931506802402e-11,1,14600.0,0.0,1,0,1.0,0.0,1.116960897958569,0,0,0,0,0,0,0,0,0.0225,0.0,0.0,0.0,0.15,skip,already_attacked_this_round,1785296107.3604352,1785296107360435322,1384775577133988,33.9,53.31640625,-1.0,0,0
2026-07-28T23:35:07.361,10.42.0.145,,12,1,DOWNLOAD,0.95,DOWNLOAD,0.95,-1,14600,3.424657534129292e-11,2,29200.0,0.0,2,0,1.0,0.0,0.9699220081469294,0,0,0,0,0,0,0,0,0.0225,0.0,0.0,0.0,0.15,skip,already_attacked_this_round,1785296107.3615587,1785296107361558830,1384775578257757,33.9,53.31640625,-1.0,0,0
2026-07-28T23:35:07.364,10.42.0.1,,25,1,DOWNLOAD,0.95,DOWNLOAD,0.95,-1,14024,0.27090146065214565,33,293568.0,79528.0,24,9,0.7868430645195874,0.21315693548041253,0.009487654808534902,0,0,0,0,1,0,0,0,0.28500000000000003,0.7500000000000001,0.0,0.0,0.15,skip,training_upload_trigger_not_confirmed,1785296107.3645144,1785296107364514428,1384775581213453,33.9,53.31640625,-1.0,0,0
2026-07-28T23:35:07.366,10.42.0.18,,21,1,DOWNLOAD,0.95,DOWNLOAD,0.95,-1,17520,5.70776255675184e-11,1,17520.0,0.0,1,0,1.0,0.0,0.7051598483702897,0,0,0,0,0,0,0,0,0.0225,0.0,0.0,0.0,0.15,skip,training_upload_trigger_not_confirmed,1785296107.3660712,1785296107366071324,1384775582769756,33.9,53.31640625,-1.0,0,0
2026-07-28T23:35:07.367,10.42.0.18,,21,1,DOWNLOAD,0.9561675874219517,DOWNLOAD,0.9561675874219517,-1,7300,4.029008863657171e-11,2,24820.0,0.0,2,0,1.0,0.0,0.612445767669225,0,0,0,0,0,0,0,0,0.0225,0.0,0.0,0.0,0.15,skip,training_upload_trigger_not_confirmed,1785296107.3676496,1785296107367649652,1384775584348140,33.9,53.31640625,-1.0,0,0
2026-07-28T23:35:07.369,10.42.0.59,,8,3,UPLOAD,0.9841010226033655,UPLOAD,0.9841010226033655,0,43,1.0,0,0.0,0.0,0,0,0.0,0.0,0.932127813481856,0,0,1,0,0,0,0,0,0.4375,0.05,1.0,0.0,0.8,skip,attack_already_active,1785296107.3691428,1785296107369142866,1384775585841542,33.9,53.31640625,-1.0,0,0
2026-07-28T23:35:07.370,10.42.0.59,,8,1,DOWNLOAD,0.95,DOWNLOAD,0.95,-1,14600,6.84931506802402e-11,1,14600.0,0.0,1,0,1.0,0.0,1.1830356629028302,0,0,0,0,0,0,0,0,0.0225,0.0,0.0,0.0,0.15,skip,already_attacked_this_round,1785296107.3702006,1785296107370200590,1384775586899215,33.9,53.31640625,-1.0,0,0
2026-07-28T23:35:07.371,10.42.0.59,,8,1,DOWNLOAD,0.95,DOWNLOAD,0.95,-1,14600,3.424657534129292e-11,2,29200.0,0.0,2,0,1.0,0.0,1.02728050646584,0,0,0,0,0,0,0,0,0.0225,0.0,0.0,0.0,0.15,skip,already_attacked_this_round,1785296107.3712535,1785296107371253518,1384775587951999,33.9,53.31640625,-1.0,0,0
2026-07-28T23:35:07.374,10.42.0.18,,21,1,DOWNLOAD,0.9531336139248949,DOWNLOAD,0.9531336139248949,-1,14944,2.514837541431575e-11,3,39764.0,0.0,3,0,1.0,0.0,0.5326514991729941,0,0,0,0,0,0,0,0,0.0225,0.0,0.0,0.0,0.15,skip,training_upload_trigger_not_confirmed,1785296107.3745587,1785296107374558774,1384775591257976,33.9,53.31640625,-1.0,0,0
2026-07-28T23:35:07.376,10.42.0.145,,12,1,DOWNLOAD,0.95,DOWNLOAD,0.95,-1,29200,1.7123287670939668e-11,3,58400.0,0.0,3,0,1.0,0.0,0.844087932953345,0,0,0,0,0,0,0,0,0.0225,0.0,0.0,0.0,0.15,skip,already_attacked_this_round,1785296107.3765607,1785296107376560655,1384775593259595,33.9,53.31640625,-1.0,0,0
2026-07-28T23:35:07.378,10.42.0.210,,25,1,DOWNLOAD,0.9846682189204958,DOWNLOAD,0.9846682189204958,-1,14480,6.90607734758936e-11,1,14480.0,0.0,1,0,1.0,0.0,0.16783832153105177,0,0,0,0,0,0,0,0,0.0225,0.0,0.0,0.0,0.15,skip,training_upload_trigger_not_confirmed,1785296107.3781943,1785296107378194394,1384775594892888,33.9,53.31640625,-1.0,0,0
2026-07-28T23:35:07.387,10.42.0.47,,25,1,DOWNLOAD,0.95,DOWNLOAD,0.95,-1,2896,3.2307442313035932,17,24616.0,79528.0,4,13,0.23636503303118758,0.7636349669688124,0.08873390639274771,0,0,0,0,0,0,0,0,0.057499999999999996,0.1,0.0,0.0,0.15,skip,training_upload_trigger_not_confirmed,1785296107.3873577,1785296107387357592,1384775604056249,33.9,53.31640625,-1.0,0,0
2026-07-28T23:35:07.388,10.42.0.47,,25,1,DOWNLOAD,0.95,DOWNLOAD,0.95,-1,10136,2.2884438305338266,18,34752.0,79528.0,5,13,0.304095204760238,0.695904795239762,0.07718132206978622,0,0,0,0,0,0,0,0,0.057499999999999996,0.1,0.0,0.0,0.15,skip,training_upload_trigger_not_confirmed,1785296107.3884223,1785296107388422252,1384775605120734,33.9,53.31640625,-1.0,0,0
2026-07-28T23:35:07.393,10.42.0.59,,8,1,DOWNLOAD,0.95,DOWNLOAD,0.95,-1,23360,1.9025875189896766e-11,3,52560.0,0.0,3,0,1.0,0.0,0.8948617990508544,0,0,0,0,0,0,0,0,0.0225,0.0,0.0,0.0,0.15,skip,already_attacked_this_round,1785296107.393645,1785296107393645160,1384775610344441,33.9,53.31640625,-1.0,0,0
2026-07-28T23:35:07.394,10.42.0.59,,8,1,DOWNLOAD,0.9584686259654638,DOWNLOAD,0.9584686259654638,-1,12024,1.5483711135645304e-11,4,64584.0,0.0,4,0,1.0,0.0,0.7771004248723181,0,0,0,0,0,0,0,0,0.0225,0.0,0.0,0.0,0.15,skip,already_attacked_this_round,1785296107.3948483,1785296107394848321,1384775611546935,33.9,53.31640625,-1.0,0,0
2026-07-28T23:35:07.396,10.42.0.210,,25,1,DOWNLOAD,0.95,DOWNLOAD,0.95,-1,14480,3.453038673913914e-11,2,28960.0,0.0,2,0,1.0,0.0,0.1481493960129715,0,0,0,0,0,0,0,0,0.0225,0.0,0.0,0.0,0.15,skip,training_upload_trigger_not_confirmed,1785296107.3966188,1785296107396618719,1384775613319338,33.9,53.31640625,-1.0,0,0
2026-07-28T23:35:07.398,10.42.0.210,,25,1,DOWNLOAD,0.9557926560077417,DOWNLOAD,0.9557926560077417,-1,14480,2.3020257826357728e-11,3,43440.0,0.0,3,0,1.0,0.0,0.12891330130963052,0,0,0,0,0,0,0,0,0.0225,0.0,0.0,0.0,0.15,skip,training_upload_trigger_not_confirmed,1785296107.3987908,1785296107398790962,1384775615489924,33.9,53.31640625,-1.0,0,0
2026-07-28T23:35:07.400,10.42.0.210,,25,1,DOWNLOAD,0.9846998846180315,DOWNLOAD,0.9846998846180315,-1,6784,1.9910799617316207e-11,4,50224.0,0.0,4,0,1.0,0.0,0.11218897233586796,0,0,0,0,0,0,0,0,0.0225,0.0,0.0,0.0,0.15,skip,training_upload_trigger_not_confirmed,1785296107.4007878,1785296107400787821,1384775617486331,33.9,53.31640625,-1.0,0,0
2026-07-28T23:35:07.409,10.42.0.47,,25,1,DOWNLOAD,0.95,DOWNLOAD,0.95,-1,2896,2.1124096897282083,19,37648.0,79528.0,6,13,0.321294463029972,0.678705536970028,0.06980462532338558,0,0,0,0,0,0,0,0,0.057499999999999996,0.1,0.0,0.0,0.15,skip,training_upload_trigger_not_confirmed,1785296107.4096239,1785296107409623927,1384775626322493,33.9,53.31640625,-1.0,0,0
2026-07-28T23:35:07.421,10.42.0.47,,25,1,DOWNLOAD,0.95,DOWNLOAD,0.95,-1,2896,1.961523283322772,20,40544.0,79528.0,7,13,0.33766406822573125,0.6623359317742687,0.06218067641085717,0,0,0,0,0,0,0,0,0.057499999999999996,0.1,0.0,0.0,0.15,skip,training_upload_trigger_not_confirmed,1785296107.4215724,1785296107421572359,1384775638271094,33.9,53.31640625,-1.0,0,0
2026-07-28T23:35:07.422,10.42.0.47,,25,1,DOWNLOAD,0.95,DOWNLOAD,0.95,-1,10136,1.5692186266659585,21,50680.0,79528.0,8,13,0.3892233964118948,0.6107766035881051,0.05413030302899633,0,0,0,0,0,0,0,0,0.057499999999999996,0.1,0.0,0.0,0.15,skip,training_upload_trigger_not_confirmed,1785296107.422661,1785296107422661067,1384775639359627,33.9,53.31640625,-1.0,0,0
2026-07-28T23:35:07.423,10.42.0.47,,25,1,DOWNLOAD,0.95,DOWNLOAD,0.95,-1,3905,1.456957039471339,22,54585.0,79528.0,9,13,0.40700752350629693,0.5929924764937031,0.04713623920571999,0,0,0,0,0,0,0,0,0.057499999999999996,0.1,0.0,0.0,0.15,skip,training_upload_trigger_not_confirmed,1785296107.4237154,1785296107423715428,1384775640414024,33.9,53.31640625,-1.0,0,0
2026-07-28T23:35:07.698,10.42.0.145,,12,3,UPLOAD,0.95,UPLOAD,0.95,1,64240,1.0999999999982877,4,58400.0,64240.0,3,1,0.47619047619047616,0.5238095238095238,0.7776079639875267,0,0,0,1,1,1,1,1,0.85,1.0,1.0,0.4,0.8,skip,already_attacked_this_round,1785296107.698852,1785296107698852085,1384775915551348,58.1,53.3203125,-1.0,0,0
2026-07-28T23:35:07.700,10.42.0.1,10.42.0.1,25,3,UPLOAD,0.95,UPLOAD,0.95,1,7240,0.295563549163071,34,293568.0,86768.0,24,10,0.7718648773715873,0.22813512262841276,0.047427810619032076,1,0,0,0,1,0,0,0,0.85,1.0,1.0,0.4,0.8,trigger,training_upload_trigger_confirmed,1785296107.700123,1785296107700123136,1384775916821642,58.1,53.3203125,12.171975,1785296107712296334,1384775928993617
2026-07-28T23:35:07.701,10.42.0.1,10.42.0.1,25,3,UPLOAD,0.95,UPLOAD,0.95,1,7240,0.32022563767399637,35,293568.0,94008.0,24,11,0.7574462815034987,0.24255371849650134,0.04134819314935209,1,0,1,1,1,1,1,1,0.85,1.0,1.0,0.4,0.8,skip,attack_already_active,1785296107.7014143,1785296107701414519,1384775918113925,58.1,53.3203125,-1.0,0,0
2026-07-28T23:35:07.703,10.42.0.59,10.42.0.1,8,3,UPLOAD,0.95,UPLOAD,0.95,1,64240,0.994673603369338,5,64584.0,64240.0,4,1,0.5013351549400733,0.4986648450599267,0.7187119331974515,0,0,0,1,1,1,1,1,0.85,1.0,1.0,0.4,0.8,skip,already_attacked_this_round,1785296107.703149,1785296107703149006,1384775919848115,58.1,53.3203125,-1.0,0,0
2026-07-28T23:35:07.704,10.42.0.59,10.42.0.1,8,3,UPLOAD,0.9841010226033655,UPLOAD,0.9841010226033655,1,15288,1.2313885792110832,6,64584.0,79528.0,4,2,0.44815143777062283,0.5518485622293772,0.6241646875725368,0,0,0,1,1,1,1,1,0.85,1.0,1.0,0.4,0.8,skip,already_attacked_this_round,1785296107.704368,1785296107704368199,1384775921067288,58.1,53.3203125,-1.0,0,0
2026-07-28T23:35:07.706,10.42.0.1,10.42.0.1,25,3,UPLOAD,0.95,UPLOAD,0.95,1,7240,0.34488772618492175,36,293568.0,101248.0,24,12,0.7435564921381099,0.2564435078618901,0.0365205549032772,1,0,1,1,1,1,1,1,0.85,1.0,1.0,0.4,0.8,skip,attack_already_active,1785296107.706127,1785296107706126784,1384775922827001,58.1,53.3203125,-1.0,0,0
2026-07-28T23:35:07.707,10.42.0.1,10.42.0.1,25,3,UPLOAD,0.95,UPLOAD,0.95,1,7240,0.3695498146958471,37,293568.0,108488.0,24,13,0.7301669419185387,0.2698330580814613,0.031887252078693216,1,0,1,1,1,1,1,1,0.9299999999999999,1.0,1.0,0.8,0.8,skip,attack_already_active,1785296107.7074866,1785296107707486768,1384775924185979,58.1,53.3203125,-1.0,0,0
2026-07-28T23:35:07.728,10.42.0.1,10.42.0.1,25,3,UPLOAD,0.95,UPLOAD,0.95,1,1448,0.3744822323980322,38,293568.0,109936.0,24,14,0.7275466909869542,0.2724533090130457,0.03039806882456033,1,0,1,1,1,1,1,1,0.9699999999999999,1.0,1.0,1.0,0.8,skip,attack_already_active,1785296107.728073,1785296107728072841,1384775944772418,58.1,53.3203125,-1.0,0,0
2026-07-28T23:35:07.729,10.42.0.1,10.42.0.1,25,3,UPLOAD,0.95,UPLOAD,0.95,1,1448,0.37941465010021724,39,293568.0,111384.0,24,15,0.7249451786878445,0.27505482131215553,0.02655678713430181,1,0,1,1,1,1,1,1,0.9699999999999999,1.0,1.0,1.0,0.8,skip,attack_already_active,1785296107.7293205,1785296107729320484,1384775946019806,58.1,53.3203125,-1.0,0,0
2026-07-28T23:35:07.747,10.42.0.1,10.42.0.1,25,3,UPLOAD,0.95,UPLOAD,0.95,1,14480,0.42873882712206796,40,293568.0,125864.0,24,16,0.6999179843216541,0.30008201567834597,0.02541381166011049,1,0,1,1,1,1,1,1,0.9699999999999999,1.0,1.0,1.0,0.8,skip,attack_already_active,1785296107.7472036,1785296107747203630,1384775963902560,58.1,53.3203125,-1.0,0,0
2026-07-28T23:35:07.748,10.42.0.1,10.42.0.1,25,3,UPLOAD,0.95,UPLOAD,0.95,1,14480,0.4780630041439188,41,293568.0,140344.0,24,17,0.6765611460388281,0.32343885396117183,0.022217106409651664,1,0,1,1,1,1,1,1,0.9699999999999999,1.0,1.0,1.0,0.8,skip,attack_already_active,1785296107.7483585,1785296107748358465,1384775965057309,58.1,53.3203125,-1.0,0,0
2026-07-28T23:35:07.749,10.42.0.1,10.42.0.1,25,3,UPLOAD,0.8738044553279306,UPLOAD,0.8738044553279306,0,43,0.4780630041439188,41,293568.0,140344.0,24,17,0.6765611460388281,0.32343885396117183,0.06355543390402674,1,0,1,1,1,1,1,1,0.8025,0.7500000000000001,1.0,0.6000000000000001,0.8,skip,attack_already_active,1785296107.749425,1785296107749424779,1384775966123271,58.1,53.3203125,-1.0,0,0
2026-07-28T23:35:07.750,10.42.0.1,10.42.0.1,25,3,UPLOAD,0.8697726889618932,UPLOAD,0.8697726889618932,0,43,0.4780630041439188,41,293568.0,140344.0,24,17,0.6765611460388281,0.32343885396117183,0.05537702954519458,1,0,1,1,1,1,1,1,0.8025,0.7500000000000001,1.0,0.6000000000000001,0.8,skip,attack_already_active,1785296107.7509167,1785296107750916706,1384775967615229,58.1,53.3203125,-1.0,0,0
2026-07-28T23:35:07.752,10.42.0.1,10.42.0.1,25,3,UPLOAD,0.95,UPLOAD,0.95,1,14480,0.5273871811657694,42,293568.0,154824.0,24,18,0.6547128405502328,0.3452871594497672,0.048618403616049376,1,0,1,1,1,1,1,1,0.9699999999999999,1.0,1.0,1.0,0.8,skip,attack_already_active,1785296107.7524462,1785296107752446324,1384775969144986,58.1,53.3203125,-1.0,0,0
2026-07-28T23:35:07.753,10.42.0.1,10.42.0.1,25,3,UPLOAD,0.95,UPLOAD,0.95,1,14480,0.5767113581876202,43,293568.0,169304.0,24,19,0.6342314938039026,0.3657685061960974,0.042353400730824775,1,0,1,1,1,1,1,1,0.9699999999999999,1.0,1.0,1.0,0.8,skip,attack_already_active,1785296107.7535212,1785296107753521140,1384775970219626,58.1,53.3203125,-1.0,0,0
2026-07-28T23:35:07.757,10.42.0.1,10.42.0.1,25,3,UPLOAD,0.95,UPLOAD,0.95,1,1448,0.5816437758898053,44,293568.0,170752.0,24,20,0.6322536181943488,0.3677463818056513,0.0373021910930105,1,0,1,1,1,1,1,1,0.9699999999999999,1.0,1.0,1.0,0.8,skip,attack_already_active,1785296107.7575424,1785296107757542391,1384775974240862,58.1,53.3203125,-1.0,0,0
2026-07-28T23:35:07.759,10.42.0.1,10.42.0.1,25,3,UPLOAD,0.95,UPLOAD,0.95,1,14480,0.630967952911656,45,293568.0,185232.0,24,21,0.6131328320802005,0.3868671679197995,0.032588917588759536,1,0,1,1,1,1,1,1,0.9699999999999999,1.0,1.0,1.0,0.8,skip,attack_already_active,1785296107.7590768,1785296107759076866,1384775975775507,58.1,53.3203125,-1.0,0,0
2026-07-28T23:35:07.761,10.42.0.1,10.42.0.1,25,3,UPLOAD,0.95,UPLOAD,0.95,1,14480,0.6802921299335067,46,293568.0,199712.0,24,22,0.5951346091469348,0.4048653908530652,0.02864065668003813,1,0,1,1,1,1,1,1,0.9699999999999999,1.0,1.0,1.0,0.8,skip,attack_already_active,1785296107.7617035,1785296107761703326,1384775978402732,58.1,53.3203125,-1.0,0,0
2026-07-28T23:35:07.762,10.42.0.1,10.42.0.1,25,3,UPLOAD,0.95,UPLOAD,0.95,1,4233,0.6947112764344386,47,293568.0,203945.0,24,23,0.5900710132197551,0.4099289867802449,0.025029103410149862,1,0,1,1,1,1,1,1,0.9699999999999999,1.0,1.0,1.0,0.8,skip,attack_already_active,1785296107.762937,1785296107762937214,1384775979637766,58.1,53.3203125,-1.0,0,0
2026-07-28T23:35:07.764,10.42.0.1,10.42.0.1,25,3,UPLOAD,0.95,UPLOAD,0.95,1,1448,0.6996436941366238,48,293568.0,205393.0,24,24,0.5883586091898966,0.41164139081010337,0.021899744150221202,1,0,1,1,1,1,1,1,0.9699999999999999,1.0,1.0,1.0,0.8,skip,attack_already_active,1785296107.7642183,1785296107764218437,1384775980917485,58.1,53.3203125,-1.0,0,0
2026-07-28T23:35:07.765,10.42.0.1,10.42.0.1,25,3,UPLOAD,0.95,UPLOAD,0.95,1,14480,0.7489678711584745,49,293568.0,219873.0,24,25,0.5717657919799938,0.42823420802000617,0.019224853969772797,1,0,1,1,1,1,1,1,0.9699999999999999,1.0,1.0,1.0,0.8,skip,attack_already_active,1785296107.765819,1785296107765819064,1384775982517563,58.1,53.3203125,-1.0,0,0
2026-07-28T23:35:07.767,10.42.0.1,10.42.0.1,25,3,UPLOAD,0.95,UPLOAD,0.95,1,13032,0.7933596304781402,50,293568.0,232905.0,24,26,0.5576126411041022,0.4423873588958978,0.01689647670041215,1,0,1,1,1,1,1,1,0.9699999999999999,1.0,1.0,1.0,0.8,skip,attack_already_active,1785296107.7673745,1785296107767374565,1384775984073178,58.1,53.3203125,-1.0,0,0
2026-07-28T23:35:07.768,10.42.0.1,10.42.0.1,25,3,UPLOAD,0.95,UPLOAD,0.95,1,5680,0.8127077883154407,51,293568.0,238585.0,24,27,0.5516608945171784,0.4483391054828217,0.01486932779713196,1,0,1,1,1,1,1,1,0.9699999999999999,1.0,1.0,1.0,0.8,skip,attack_already_active,1785296107.7688875,1785296107768887502,1384775985585982,58.1,53.3203125,-1.0,0,0
2026-07-28T23:35:07.787,10.42.0.18,10.42.0.1,21,3,UPLOAD,0.95,UPLOAD,0.95,1,29200,0.7343325621231683,4,39764.0,29200.0,3,1,0.5765906849950699,0.4234093150049301,0.8802566736623288,0,0,0,1,1,1,1,1,0.9699999999999999,1.0,1.0,1.0,0.8,trigger,training_upload_trigger_confirmed,1785296107.7870882,1785296107787088178,1384776003786898,58.1,53.3203125,54.967163,1785296107842056799,1384776058754061
2026-07-28T23:35:07.788,10.42.0.18,10.42.0.1,21,3,UPLOAD,0.9841010226033655,UPLOAD,0.9841010226033655,1,50328,1.9999999999748515,5,39764.0,79528.0,3,2,0.3333333333333333,0.6666666666666666,0.7644951269918979,0,0,1,1,1,1,1,1,0.9699999999999999,1.0,1.0,1.0,0.8,skip,attack_already_active,1785296107.7888625,1785296107788862440,1384776005560976,58.1,53.3203125,-1.0,0,0
2026-07-28T23:35:07.791,10.42.0.1,10.42.0.1,25,3,UPLOAD,0.95,UPLOAD,0.95,1,7240,0.8373698768263661,52,293568.0,245825.0,24,28,0.5442562287608479,0.45574377123915216,0.015894402273515636,1,0,1,1,1,1,1,1,0.9699999999999999,1.0,1.0,1.0,0.8,skip,attack_already_active,1785296107.7915359,1785296107791535829,1384776008234539,58.1,53.3203125,-1.0,0,0
2026-07-28T23:35:07.792,10.42.0.1,10.42.0.1,25,3,UPLOAD,0.95,UPLOAD,0.95,1,7240,0.8620319653372914,53,293568.0,253065.0,24,29,0.5370477084259457,0.46295229157405426,0.013946362739012168,1,0,1,1,1,1,1,1,0.9699999999999999,1.0,1.0,1.0,0.8,skip,attack_already_active,1785296107.7926471,1785296107792647140,1384776009345676,58.1,53.3203125,-1.0,0,0
2026-07-28T23:35:07.794,10.42.0.1,10.42.0.1,25,3,UPLOAD,0.6306456870460162,UPLOAD,0.6306456870460162,0,43,0.8620319653372914,53,293568.0,253065.0,24,29,0.5370477084259457,0.46295229157405426,0.01787111983953919,1,0,1,1,1,1,1,1,0.8200000000000001,0.8000000000000002,1.0,0.6000000000000001,0.8,skip,attack_already_active,1785296107.794647,1785296107794647138,1384776011346013,58.1,53.3203125,-1.0,0,0
2026-07-28T23:35:07.795,10.42.0.1,10.42.0.1,25,3,UPLOAD,0.95,UPLOAD,0.95,1,14480,0.9113561423591422,54,293568.0,267545.0,24,30,0.523188733820104,0.47681126617989605,0.01593410927390522,1,0,1,1,1,1,1,1,0.9699999999999999,1.0,1.0,1.0,0.8,skip,attack_already_active,1785296107.7958188,1785296107795818794,1384776012517417,58.1,53.3203125,-1.0,0,0
2026-07-28T23:35:07.796,10.42.0.1,10.42.0.1,25,3,UPLOAD,0.95,UPLOAD,0.95,1,14480,0.9606803193809929,55,293568.0,282025.0,24,31,0.5100270503637119,0.4899729496362881,0.013981811312448182,1,0,1,1,1,1,1,1,0.9699999999999999,1.0,1.0,1.0,0.8,skip,attack_already_active,1785296107.7969375,1785296107796937360,1384776013635964,58.1,53.3203125,-1.0,0,0
2026-07-28T23:35:07.801,10.42.0.1,10.42.0.1,25,3,UPLOAD,0.95,UPLOAD,0.95,1,14480,1.0100044964028436,56,293568.0,296505.0,24,32,0.49751132486997374,0.5024886751300263,0.012793194763851993,1,0,1,1,1,1,1,1,0.9699999999999999,1.0,1.0,1.0,0.8,skip,attack_already_active,1785296107.8018992,1785296107801899312,1384776018597870,58.1,53.3203125,-1.0,0,0
2026-07-28T23:35:07.803,10.42.0.1,10.42.0.1,25,3,UPLOAD,0.95,UPLOAD,0.95,1,14480,1.0593286734246943,57,293568.0,310985.0,24,33,0.4855951421959696,0.5144048578040304,0.011313319911704214,1,0,1,1,1,1,1,1,0.9699999999999999,1.0,1.0,1.0,0.8,skip,attack_already_active,1785296107.803462,1785296107803462130,1384776020160938,58.1,53.3203125,-1.0,0,0
2026-07-28T23:35:07.807,10.42.0.1,10.42.0.1,25,3,UPLOAD,0.95,UPLOAD,0.95,1,7128,1.08360924896418,58,293568.0,318113.0,24,34,0.47993643745677894,0.5200635625432211,0.01029333556952588,1,0,1,1,1,1,1,1,0.9699999999999999,1.0,1.0,1.0,0.8,skip,attack_already_active,1785296107.807035,1785296107807034866,1384776023733914,58.1,53.3203125,-1.0,0,0
2026-07-28T23:35:09.277,10.42.0.210,10.42.0.1|10.42.0.210,25,3,UPLOAD,0.95,UPLOAD,0.95,1,1448,100.0,1,0.0,1448.0,0,1,0.0,1.0,0.5133001808214999,1,0,0,1,1,1,1,1,0.9525,0.95,1.0,1.0,0.8,trigger,training_upload_trigger_confirmed,1785296109.2775471,1785296109277546992,1384777494245510,12.4,53.3203125,9.972844,1785296109287520763,1384777504218354
2026-07-28T23:35:09.278,10.42.0.210,10.42.0.1|10.42.0.210,25,3,UPLOAD,0.9841010226033655,UPLOAD,0.9841010226033655,1,1448,100.0,2,0.0,2896.0,0,2,0.0,1.0,0.44575916156232454,1,0,1,1,1,1,1,1,0.9699999999999999,1.0,1.0,1.0,0.8,skip,attack_already_active,1785296109.2782972,1785296109278297145,1384777494995222,12.4,53.3203125,-1.0,0,0
2026-07-28T23:35:09.279,10.42.0.210,10.42.0.1|10.42.0.210,25,3,UPLOAD,0.9854688349332961,UPLOAD,0.9854688349332961,1,1448,100.0,3,0.0,4344.0,0,3,0.0,1.0,0.38715951255578956,1,0,1,1,1,1,1,1,0.9699999999999999,1.0,1.0,1.0,0.8,skip,attack_already_active,1785296109.2793598,1785296109279359618,1384777496059387,12.4,53.3203125,-1.0,0,0
2026-07-28T23:35:09.280,10.42.0.210,10.42.0.1|10.42.0.210,25,3,UPLOAD,0.9855076450773014,UPLOAD,0.9855076450773014,1,1448,100.0,4,0.0,5792.0,0,4,0.0,1.0,0.33625261432781345,1,0,1,1,1,1,1,1,0.9699999999999999,1.0,1.0,1.0,0.8,skip,attack_already_active,1785296109.280201,1785296109280200933,1384777496899441,12.4,53.3203125,-1.0,0,0
2026-07-28T23:35:09.281,10.42.0.210,10.42.0.1|10.42.0.210,25,3,UPLOAD,0.9855086980780915,UPLOAD,0.9855086980780915,1,1448,100.0,5,0.0,7240.0,0,5,0.0,1.0,0.29214477351078727,1,0,1,1,1,1,1,1,0.9699999999999999,1.0,1.0,1.0,0.8,skip,attack_already_active,1785296109.2817314,1785296109281731327,1384777498430184,12.4,53.3203125,-1.0,0,0
2026-07-28T23:35:09.282,10.42.0.210,10.42.0.1|10.42.0.210,25,3,UPLOAD,0.9855087254685951,UPLOAD,0.9855087254685951,1,1448,100.0,6,0.0,8688.0,0,6,0.0,1.0,0.25378971527662203,1,0,1,1,1,1,1,1,0.9699999999999999,1.0,1.0,1.0,0.8,skip,attack_already_active,1785296109.2828102,1785296109282810123,1384777499510909,12.4,53.3203125,-1.0,0,0
2026-07-28T23:35:09.284,10.42.0.210,10.42.0.1|10.42.0.210,25,3,UPLOAD,0.9855087261493067,UPLOAD,0.9855087261493067,1,1448,100.0,7,0.0,10136.0,0,7,0.0,1.0,0.22052795781370366,1,0,1,1,1,1,1,1,0.9699999999999999,1.0,1.0,1.0,0.8,skip,attack_already_active,1785296109.2841856,1785296109284185678,1384777500884565,12.4,53.3203125,-1.0,0,0
2026-07-28T23:35:09.284,10.42.0.210,10.42.0.1|10.42.0.210,25,3,UPLOAD,0.9855087261653082,UPLOAD,0.9855087261653082,1,1448,100.0,8,0.0,11584.0,0,8,0.0,1.0,0.19156985879537364,1,0,1,1,1,1,1,1,0.9699999999999999,1.0,1.0,1.0,0.8,skip,attack_already_active,1785296109.2849586,1785296109284958647,1384777501656885,12.4,53.3203125,-1.0,0,0
2026-07-28T23:35:09.286,10.42.0.210,10.42.0.1|10.42.0.210,25,3,UPLOAD,0.985508726165656,UPLOAD,0.985508726165656,1,1448,100.0,9,0.0,13032.0,0,9,0.0,1.0,0.16647017432741915,1,0,1,1,1,1,1,1,0.9699999999999999,1.0,1.0,1.0,0.8,skip,attack_already_active,1785296109.286054,1785296109286053908,1384777502752394,12.4,53.3203125,-1.0,0,0
2026-07-28T23:35:09.287,10.42.0.210,10.42.0.1|10.42.0.210,25,3,UPLOAD,0.9855087261656625,UPLOAD,0.9855087261656625,1,1448,100.0,10,0.0,14480.0,0,10,0.0,1.0,0.14467186103805119,1,0,1,1,1,1,1,1,0.9699999999999999,1.0,1.0,1.0,0.8,skip,attack_already_active,1785296109.2871027,1785296109287102842,1384777503801136,12.4,53.3203125,-1.0,0,0
2026-07-28T23:35:09.288,10.42.0.210,10.42.0.1|10.42.0.210,25,3,UPLOAD,0.9855087261656628,UPLOAD,0.9855087261656628,1,1448,100.0,11,0.0,15928.0,0,11,0.0,1.0,0.1257586701479438,1,0,1,1,1,1,1,1,0.9699999999999999,1.0,1.0,1.0,0.8,skip,attack_already_active,1785296109.2882476,1785296109288247551,1384777504946304,12.4,53.3203125,-1.0,0,0
2026-07-28T23:35:09.289,10.42.0.210,10.42.0.1|10.42.0.210,25,3,UPLOAD,0.95,UPLOAD,0.95,1,1448,100.0,12,0.0,17376.0,0,12,0.0,1.0,0.10931547994599677,1,0,1,1,1,1,1,1,0.9699999999999999,1.0,1.0,1.0,0.8,skip,attack_already_active,1785296109.2892234,1785296109289223418,1384777505922256,12.4,53.3203125,-1.0,0,0
2026-07-28T23:35:09.290,10.42.0.210,10.42.0.1|10.42.0.210,25,3,UPLOAD,0.95,UPLOAD,0.95,1,1448,100.0,13,0.0,18824.0,0,13,0.0,1.0,0.09512114486005026,1,0,1,1,1,1,1,1,0.9699999999999999,1.0,1.0,1.0,0.8,skip,attack_already_active,1785296109.290822,1785296109290822212,1384777507521149,12.4,53.3203125,-1.0,0,0
2026-07-28T23:35:09.291,10.42.0.210,10.42.0.1|10.42.0.210,25,3,UPLOAD,0.95,UPLOAD,0.95,1,1448,100.0,14,0.0,20272.0,0,14,0.0,1.0,0.08272848787260251,1,0,1,1,1,1,1,1,0.9699999999999999,1.0,1.0,1.0,0.8,skip,attack_already_active,1785296109.2918987,1785296109291898505,1384777508596883,12.4,53.3203125,-1.0,0,0
2026-07-28T23:35:09.293,10.42.0.210,10.42.0.1|10.42.0.210,25,3,UPLOAD,0.95,UPLOAD,0.95,1,1448,100.0,15,0.0,21720.0,0,15,0.0,1.0,0.07201376225776332,1,0,1,1,1,1,1,1,0.9699999999999999,1.0,1.0,1.0,0.8,skip,attack_already_active,1785296109.2933161,1785296109293316142,1384777510014835,12.4,53.3203125,-1.0,0,0
2026-07-28T23:35:09.294,10.42.0.210,10.42.0.1|10.42.0.210,25,3,UPLOAD,0.95,UPLOAD,0.95,1,1448,100.0,16,0.0,23168.0,0,16,0.0,1.0,0.06262874436965034,1,0,1,1,1,1,1,1,0.9699999999999999,1.0,1.0,1.0,0.8,skip,attack_already_active,1785296109.2941096,1785296109294109661,1384777510807908,12.4,53.3203125,-1.0,0,0
2026-07-28T23:35:09.295,10.42.0.210,10.42.0.1|10.42.0.210,25,3,UPLOAD,0.95,UPLOAD,0.95,1,1448,100.0,17,0.0,24616.0,0,17,0.0,1.0,0.05451511712800303,1,0,1,1,1,1,1,1,0.9699999999999999,1.0,1.0,1.0,0.8,skip,attack_already_active,1785296109.2951663,1785296109295166096,1384777511864789,12.4,53.3203125,-1.0,0,0
2026-07-28T23:35:09.295,10.42.0.210,10.42.0.1|10.42.0.210,25,3,UPLOAD,0.95,UPLOAD,0.95,1,1448,100.0,18,0.0,26064.0,0,18,0.0,1.0,0.04742428660320756,1,0,1,1,1,1,1,1,0.9699999999999999,1.0,1.0,1.0,0.8,skip,attack_already_active,1785296109.295871,1785296109295871039,1384777512569260,12.4,53.3203125,-1.0,0,0
2026-07-28T23:35:09.296,10.42.0.210,10.42.0.1|10.42.0.210,25,3,UPLOAD,0.95,UPLOAD,0.95,1,1448,100.0,19,0.0,27512.0,0,19,0.0,1.0,0.041307369695945395,1,0,1,1,1,1,1,1,0.9699999999999999,1.0,1.0,1.0,0.8,skip,attack_already_active,1785296109.2968757,1785296109296875678,1384777513574010,12.4,53.3203125,-1.0,0,0
2026-07-28T23:35:09.297,10.42.0.210,10.42.0.1|10.42.0.210,25,3,UPLOAD,0.95,UPLOAD,0.95,1,1448,100.0,20,0.0,28960.0,0,20,0.0,1.0,0.03595955930638186,1,0,1,1,1,1,1,1,0.9699999999999999,1.0,1.0,1.0,0.8,skip,attack_already_active,1785296109.2976,1785296109297599872,1384777514299001,12.4,53.3203125,-1.0,0,0
2026-07-28T23:35:09.298,10.42.0.210,10.42.0.1|10.42.0.210,25,3,UPLOAD,0.95,UPLOAD,0.95,1,1448,100.0,21,0.0,30408.0,0,21,0.0,1.0,0.031358239040621315,1,0,1,1,1,1,1,1,0.9699999999999999,1.0,1.0,1.0,0.8,skip,attack_already_active,1785296109.2986414,1785296109298641490,1384777515340752,12.4,53.3203125,-1.0,0,0
2026-07-28T23:35:09.299,10.42.0.210,10.42.0.1|10.42.0.210,25,3,UPLOAD,0.95,UPLOAD,0.95,1,1448,100.0,22,0.0,31856.0,0,22,0.0,1.0,0.027320621786057847,1,0,1,1,1,1,1,1,0.9699999999999999,1.0,1.0,1.0,0.8,skip,attack_already_active,1785296109.2993593,1785296109299359156,1384777516057472,12.4,53.3203125,-1.0,0,0
2026-07-28T23:35:09.300,10.42.0.210,10.42.0.1|10.42.0.210,25,3,UPLOAD,0.95,UPLOAD,0.95,1,1448,100.0,23,0.0,33304.0,0,23,0.0,1.0,0.02390393945585729,1,0,1,1,1,1,1,1,0.9699999999999999,1.0,1.0,1.0,0.8,skip,attack_already_active,1785296109.3007517,1785296109300751671,1384777517450549,12.4,53.3203125,-1.0,0,0
2026-07-28T23:35:09.302,10.42.0.210,10.42.0.1|10.42.0.210,25,3,UPLOAD,0.95,UPLOAD,0.95,1,1448,100.0,24,0.0,34752.0,0,24,0.0,1.0,0.02093956217852109,1,0,1,1,1,1,1,1,0.9699999999999999,1.0,1.0,1.0,0.8,skip,attack_already_active,1785296109.3021598,1785296109302159929,1384777518859476,12.4,53.3203125,-1.0,0,0
2026-07-28T23:35:09.303,10.42.0.210,10.42.0.1|10.42.0.210,25,3,UPLOAD,0.95,UPLOAD,0.95,1,1448,100.0,25,0.0,36200.0,0,25,0.0,1.0,0.018410803975857638,1,0,1,1,1,1,1,1,0.9699999999999999,1.0,1.0,1.0,0.8,skip,attack_already_active,1785296109.3039093,1785296109303909411,1384777520608122,12.4,53.3203125,-1.0,0,0
2026-07-28T23:35:09.305,10.42.0.210,10.42.0.1|10.42.0.210,25,3,UPLOAD,0.95,UPLOAD,0.95,1,1448,100.0,26,0.0,37648.0,0,26,0.0,1.0,0.01614348259656309,1,0,1,1,1,1,1,1,0.9699999999999999,1.0,1.0,1.0,0.8,skip,attack_already_active,1785296109.305114,1785296109305114047,1384777521813059,12.4,53.3203125,-1.0,0,0
2026-07-28T23:35:09.306,10.42.0.210,10.42.0.1|10.42.0.210,25,3,UPLOAD,0.95,UPLOAD,0.95,1,1448,100.0,27,0.0,39096.0,0,27,0.0,1.0,0.014193378349300989,1,0,1,1,1,1,1,1,0.9699999999999999,1.0,1.0,1.0,0.8,skip,attack_already_active,1785296109.3064587,1785296109306458649,1384777523157158,12.4,53.3203125,-1.0,0,0
2026-07-28T23:35:09.307,10.42.0.210,10.42.0.1|10.42.0.210,25,3,UPLOAD,0.95,UPLOAD,0.95,1,1448,100.0,28,0.0,40544.0,0,28,0.0,1.0,0.012434051419549565,1,0,1,1,1,1,1,1,0.9699999999999999,1.0,1.0,1.0,0.8,skip,attack_already_active,1785296109.307301,1785296109307301120,1384777523999595,12.4,53.3203125,-1.0,0,0
2026-07-28T23:35:09.308,10.42.0.210,10.42.0.1|10.42.0.210,25,3,UPLOAD,0.95,UPLOAD,0.95,1,1448,100.0,29,0.0,41992.0,0,29,0.0,1.0,0.010945579373549681,1,0,1,1,1,1,1,1,0.9699999999999999,1.0,1.0,1.0,0.8,skip,attack_already_active,1785296109.3084395,1785296109308439631,1384777525138052,12.4,53.3203125,-1.0,0,0
2026-07-28T23:35:09.309,10.42.0.210,10.42.0.1|10.42.0.210,25,3,UPLOAD,0.95,UPLOAD,0.95,1,1448,100.0,30,0.0,43440.0,0,30,0.0,1.0,0.0096070662427496,1,0,1,1,1,1,1,1,0.9699999999999999,1.0,1.0,1.0,0.8,skip,attack_already_active,1785296109.3092275,1785296109309227575,1384777525925733,12.4,53.3203125,-1.0,0,0
2026-07-28T23:35:09.310,10.42.0.210,10.42.0.1|10.42.0.210,25,3,UPLOAD,0.95,UPLOAD,0.95,1,1448,100.0,31,0.0,44888.0,0,31,0.0,1.0,0.008476446702780928,1,0,1,1,1,1,1,1,0.9699999999999999,1.0,1.0,1.0,0.8,skip,attack_already_active,1785296109.3102546,1785296109310254667,1384777526953065,12.4,53.3203125,-1.0,0,0
2026-07-28T23:35:09.310,10.42.0.210,10.42.0.1|10.42.0.210,25,3,UPLOAD,0.95,UPLOAD,0.95,1,1448,100.0,32,0.0,46336.0,0,32,0.0,1.0,0.0074518662547313425,1,0,1,1,1,1,1,1,0.9699999999999999,1.0,1.0,1.0,0.8,skip,attack_already_active,1785296109.3109558,1785296109310955835,1384777527653962,12.4,53.3203125,-1.0,0,0
2026-07-28T23:35:09.312,10.42.0.210,10.42.0.1|10.42.0.210,25,3,UPLOAD,0.95,UPLOAD,0.95,1,1448,100.0,33,0.0,47784.0,0,33,0.0,1.0,0.006668584691240929,1,0,1,1,1,1,1,1,0.9699999999999999,1.0,1.0,1.0,0.8,skip,attack_already_active,1785296109.3124635,1785296109312463553,1384777529162583,12.4,53.3203125,-1.0,0,0
2026-07-28T23:35:09.313,10.42.0.210,10.42.0.1|10.42.0.210,25,3,UPLOAD,0.95,UPLOAD,0.95,1,1448,100.0,34,0.0,49232.0,0,34,0.0,1.0,0.005938628678893575,1,0,1,1,1,1,1,1,0.9699999999999999,1.0,1.0,1.0,0.8,skip,attack_already_active,1785296109.3135927,1785296109313592509,1384777530290883,12.4,53.3203125,-1.0,0,0
2026-07-28T23:35:09.314,10.42.0.210,10.42.0.1|10.42.0.210,25,3,UPLOAD,0.95,UPLOAD,0.95,1,1448,100.0,35,0.0,50680.0,0,35,0.0,1.0,0.0053009978820735375,1,0,1,1,1,1,1,1,0.9699999999999999,1.0,1.0,1.0,0.8,skip,attack_already_active,1785296109.3146925,1785296109314692609,1384777531391141,12.4,53.3203125,-1.0,0,0
2026-07-28T23:35:09.315,10.42.0.210,10.42.0.1|10.42.0.210,25,3,UPLOAD,0.95,UPLOAD,0.95,1,1448,100.0,36,0.0,52128.0,0,36,0.0,1.0,0.004744468718997313,1,0,1,1,1,1,1,1,0.9699999999999999,1.0,1.0,1.0,0.8,skip,attack_already_active,1785296109.3157701,1785296109315770225,1384777532469079,12.4,53.3203125,-1.0,0,0
2026-07-28T23:35:09.316,10.42.0.210,10.42.0.1|10.42.0.210,25,3,UPLOAD,0.95,UPLOAD,0.95,1,1448,100.0,37,0.0,53576.0,0,37,0.0,1.0,0.004268501911520599,1,0,1,1,1,1,1,1,0.9699999999999999,1.0,1.0,1.0,0.8,skip,attack_already_active,1785296109.3169026,1785296109316902551,1384777533601425,12.4,53.3203125,-1.0,0,0
2026-07-28T23:35:09.318,10.42.0.210,10.42.0.1|10.42.0.210,25,3,UPLOAD,0.95,UPLOAD,0.95,1,1448,100.0,38,0.0,55024.0,0,38,0.0,1.0,0.0038663771657496578,1,0,1,1,1,1,1,1,0.9699999999999999,1.0,1.0,1.0,0.8,skip,attack_already_active,1785296109.3181195,1785296109318119452,1384777534818301,12.4,53.3203125,-1.0,0,0
2026-07-28T23:35:09.324,10.42.0.1,10.42.0.1|10.42.0.210,25,3,UPLOAD,0.9651880345011036,UPLOAD,0.9651880345011036,1,7240,100.0,1,0.0,7240.0,0,1,0.0,1.0,0.20410553708847115,1,0,1,1,1,1,1,1,0.9699999999999999,1.0,1.0,1.0,0.8,skip,attack_already_active,1785296109.3249593,1785296109324959195,1384777541657720,12.4,53.3203125,-1.0,0,0
2026-07-28T23:35:09.325,10.42.0.1,10.42.0.1|10.42.0.210,25,3,UPLOAD,0.9736297144152896,UPLOAD,0.9736297144152896,1,7240,100.0,2,0.0,14480.0,0,2,0.0,1.0,0.17734529904762733,1,0,1,1,1,1,1,1,0.9699999999999999,1.0,1.0,1.0,0.8,skip,attack_already_active,1785296109.3259888,1785296109325988891,1384777542687258,12.4,53.3203125,-1.0,0,0
2026-07-28T23:35:09.388,10.42.0.1,10.42.0.1|10.42.0.210,25,3,UPLOAD,0.9750198356704868,UPLOAD,0.9750198356704868,1,14480,100.0,3,0.0,28960.0,0,3,0.0,1.0,0.16218959711826691,1,0,1,1,1,1,1,1,0.9699999999999999,1.0,1.0,1.0,0.8,skip,attack_already_active,1785296109.3883216,1785296109388321567,1384777605020060,12.4,53.3203125,-1.0,0,0
2026-07-28T23:35:09.389,10.42.0.1,10.42.0.1|10.42.0.210,25,3,UPLOAD,0.9760361535698308,UPLOAD,0.9760361535698308,1,14480,100.0,4,0.0,43440.0,0,4,0.0,1.0,0.1409134122787896,1,0,1,1,1,1,1,1,0.9699999999999999,1.0,1.0,1.0,0.8,skip,attack_already_active,1785296109.3890522,1785296109389052238,1384777605750582,12.4,53.3203125,-1.0,0,0
2026-07-28T23:35:09.389,10.42.0.1,10.42.0.1|10.42.0.210,25,3,UPLOAD,0.9749774706055286,UPLOAD,0.9749774706055286,0,43,100.0,4,0.0,43440.0,0,4,0.0,1.0,0.3325355856607397,1,0,1,1,1,1,1,1,0.8374999999999999,0.8500000000000001,1.0,0.6000000000000001,0.8,skip,attack_already_active,1785296109.389728,1785296109389728031,1384777606426170,12.4,53.3203125,-1.0,0,0
2026-07-28T23:35:09.391,10.42.0.1,10.42.0.1|10.42.0.210,25,3,UPLOAD,0.976943698542252,UPLOAD,0.976943698542252,1,14480,100.0,5,0.0,57920.0,0,5,0.0,1.0,0.28904900506484243,1,0,1,1,1,1,1,1,0.9699999999999999,1.0,1.0,1.0,0.8,skip,attack_already_active,1785296109.39158,1785296109391580239,1384777608278805,12.4,53.3203125,-1.0,0,0
2026-07-28T23:35:09.392,10.42.0.1,10.42.0.1|10.42.0.210,25,3,UPLOAD,0.9783803334666995,UPLOAD,0.9783803334666995,1,14480,100.0,6,0.0,72400.0,0,6,0.0,1.0,0.2511023299178735,1,0,1,1,1,1,1,1,0.9699999999999999,1.0,1.0,1.0,0.8,skip,attack_already_active,1785296109.3926623,1785296109392662386,1384777609360691,12.4,53.3203125,-1.0,0,0
2026-07-28T23:35:09.393,10.42.0.1,10.42.0.1|10.42.0.210,25,3,UPLOAD,0.979211436736179,UPLOAD,0.979211436736179,1,7129,100.0,7,0.0,79529.0,0,7,0.0,1.0,0.2181837679494314,1,0,1,1,1,1,1,1,0.9699999999999999,1.0,1.0,1.0,0.8,skip,attack_already_active,1785296109.3939548,1785296109393954752,1384777610652928,12.4,53.3203125,-1.0,0,0
2026-07-28T23:35:09.733,10.42.0.47,10.42.0.1|10.42.0.210|10.42.0.47,25,3,UPLOAD,0.95,UPLOAD,0.95,1,7240,100.0,1,0.0,7240.0,0,1,0.0,1.0,0.3550792810626715,1,0,0,1,1,1,1,1,0.9699999999999999,1.0,1.0,1.0,0.8,trigger,training_upload_trigger_confirmed,1785296109.7334797,1785296109733479574,1384777950178952,12.4,53.3203125,6.500197,1785296109739981871,1384777956679149
2026-07-28T23:35:09.734,10.42.0.47,10.42.0.1|10.42.0.210|10.42.0.47,25,3,UPLOAD,0.95,UPLOAD,0.95,1,2896,100.0,2,0.0,10136.0,0,2,0.0,1.0,0.3084574836294831,1,0,1,1,1,1,1,1,0.9699999999999999,1.0,1.0,1.0,0.8,skip,attack_already_active,1785296109.734759,1785296109734759245,1384777951458407,12.4,53.3203125,-1.0,0,0
2026-07-28T23:35:09.737,10.42.0.47,10.42.0.1|10.42.0.210|10.42.0.47,25,3,UPLOAD,0.95,UPLOAD,0.95,1,4344,100.0,3,0.0,14480.0,0,3,0.0,1.0,0.2682079052181342,1,0,1,1,1,1,1,1,0.9699999999999999,1.0,1.0,1.0,0.8,skip,attack_already_active,1785296109.7377737,1785296109737773612,1384777954472686,12.4,53.3203125,-1.0,0,0
2026-07-28T23:35:09.738,10.42.0.47,10.42.0.1|10.42.0.210|10.42.0.47,25,3,UPLOAD,0.95,UPLOAD,0.95,1,11584,100.0,4,0.0,26064.0,0,4,0.0,1.0,0.23302430045011235,1,0,1,1,1,1,1,1,0.9699999999999999,1.0,1.0,1.0,0.8,skip,attack_already_active,1785296109.738983,1785296109738982887,1384777955682313,12.4,53.3203125,-1.0,0,0
2026-07-28T23:35:09.741,10.42.0.47,10.42.0.1|10.42.0.210|10.42.0.47,25,3,UPLOAD,0.9506574190983116,UPLOAD,0.9506574190983116,1,8688,100.0,5,0.0,34752.0,0,5,0.0,1.0,0.20259255000779097,1,0,1,1,1,1,1,1,0.9699999999999999,1.0,1.0,1.0,0.8,skip,attack_already_active,1785296109.741069,1785296109741069145,1384777957781321,12.4,53.3203125,-1.0,0,0
2026-07-28T23:35:09.744,10.42.0.47,10.42.0.1|10.42.0.210|10.42.0.47,25,3,UPLOAD,0.9532609810353413,UPLOAD,0.9532609810353413,1,8688,100.0,6,0.0,43440.0,0,6,0.0,1.0,0.17637328731333393,1,0,1,1,1,1,1,1,0.9699999999999999,1.0,1.0,1.0,0.8,skip,attack_already_active,1785296109.744691,1785296109744691047,1384777961390001,12.4,53.3203125,-1.0,0,0
2026-07-28T23:35:09.745,10.42.0.47,10.42.0.1|10.42.0.210|10.42.0.47,25,3,UPLOAD,0.9563411524300284,UPLOAD,0.9563411524300284,1,14480,100.0,7,0.0,57920.0,0,7,0.0,1.0,0.15329582174078726,1,0,1,1,1,1,1,1,0.9699999999999999,1.0,1.0,1.0,0.8,skip,attack_already_active,1785296109.7459357,1785296109745935562,1384777962634762,12.4,53.3203125,-1.0,0,0
2026-07-28T23:35:09.747,10.42.0.47,10.42.0.1|10.42.0.210|10.42.0.47,25,3,UPLOAD,0.9584722061097862,UPLOAD,0.9584722061097862,1,5792,100.0,8,0.0,63712.0,0,8,0.0,1.0,0.13334106238721308,1,0,1,1,1,1,1,1,0.9699999999999999,1.0,1.0,1.0,0.8,skip,attack_already_active,1785296109.7478004,1785296109747800233,1384777964499191,65.0,53.3203125,-1.0,0,0
2026-07-28T23:35:09.748,10.42.0.47,10.42.0.1|10.42.0.210|10.42.0.47,25,3,UPLOAD,0.9621887267894209,UPLOAD,0.9621887267894209,1,15816,100.0,9,0.0,79528.0,0,9,0.0,1.0,0.11592654236450392,1,0,1,1,1,1,1,1,0.9699999999999999,1.0,1.0,1.0,0.8,skip,attack_already_active,1785296109.7489874,1785296109748987291,1384777965686143,65.0,53.3203125,-1.0,0,0
2026-07-28T23:35:09.750,10.42.0.1,10.42.0.1|10.42.0.210|10.42.0.47,25,3,UPLOAD,0.9796151749852885,UPLOAD,0.9796151749852885,1,7240,100.0,8,0.0,86769.0,0,8,0.0,1.0,0.2359490955095837,1,0,1,1,1,1,1,1,0.9699999999999999,1.0,1.0,1.0,0.8,skip,attack_already_active,1785296109.7506416,1785296109750641730,1384777967341018,65.0,53.3203125,-1.0,0,0
2026-07-28T23:35:09.751,10.42.0.1,10.42.0.1|10.42.0.210|10.42.0.47,25,3,UPLOAD,0.9799312213900179,UPLOAD,0.9799312213900179,1,7240,100.0,9,0.0,94009.0,0,9,0.0,1.0,0.20501364493372556,1,0,1,1,1,1,1,1,0.9699999999999999,1.0,1.0,1.0,0.8,skip,attack_already_active,1785296109.75183,1785296109751829937,1384777968528815,65.0,53.3203125,-1.0,0,0
2026-07-28T23:35:09.753,10.42.0.1,10.42.0.1|10.42.0.210|10.42.0.47,25,3,UPLOAD,0.980291580102137,UPLOAD,0.980291580102137,1,14480,100.0,10,0.0,108489.0,0,10,0.0,1.0,0.1782168092853489,1,0,1,1,1,1,1,1,0.9699999999999999,1.0,1.0,1.0,0.8,skip,attack_already_active,1785296109.75349,1785296109753490016,1384777970188849,65.0,53.3203125,-1.0,0,0
2026-07-28T23:35:09.754,10.42.0.1,10.42.0.1|10.42.0.210|10.42.0.47,25,3,UPLOAD,0.980730855168386,UPLOAD,0.980730855168386,1,14480,100.0,11,0.0,122969.0,0,11,0.0,1.0,0.15489277015637495,1,0,1,1,1,1,1,1,0.9699999999999999,1.0,1.0,1.0,0.8,skip,attack_already_active,1785296109.754707,1785296109754707161,1384777971407199,65.0,53.3203125,-1.0,0,0
2026-07-28T23:35:09.756,10.42.0.1,10.42.0.1|10.42.0.210|10.42.0.47,25,3,UPLOAD,0.9798254395612918,UPLOAD,0.9798254395612918,0,43,100.0,11,0.0,122969.0,0,11,0.0,1.0,0.18278010921674703,1,0,1,1,1,1,1,1,0.8374999999999999,0.8500000000000001,1.0,0.6000000000000001,0.8,skip,attack_already_active,1785296109.7562501,1785296109756250054,1384777972949691,65.0,53.3203125,-1.0,0,0
2026-07-28T23:35:09.760,10.42.0.1,10.42.0.1|10.42.0.210|10.42.0.47,25,3,UPLOAD,0.9811096528509452,UPLOAD,0.9811096528509452,1,17376,100.0,12,0.0,140345.0,0,12,0.0,1.0,0.15946512249611763,1,0,1,1,1,1,1,1,0.9699999999999999,1.0,1.0,1.0,0.8,skip,attack_already_active,1785296109.7605562,1785296109760556196,1384777977255201,65.0,53.3203125,-1.0,0,0
2026-07-28T23:35:09.762,10.42.0.1,10.42.0.1|10.42.0.210|10.42.0.47,25,3,UPLOAD,0.981548528208766,UPLOAD,0.981548528208766,1,4344,100.0,13,0.0,144689.0,0,13,0.0,1.0,0.13864842695888868,1,0,1,1,1,1,1,1,0.9699999999999999,1.0,1.0,1.0,0.8,skip,attack_already_active,1785296109.7620492,1785296109762049188,1384777978748564,65.0,53.3203125,-1.0,0,0
2026-07-28T23:35:09.763,10.42.0.1,10.42.0.1|10.42.0.210|10.42.0.47,25,3,UPLOAD,0.9817357135372886,UPLOAD,0.9817357135372886,1,7240,100.0,14,0.0,151929.0,0,14,0.0,1.0,0.12060053991794797,1,0,1,1,1,1,1,1,0.9699999999999999,1.0,1.0,1.0,0.8,skip,attack_already_active,1785296109.7637372,1785296109763737045,1384777980435941,65.0,53.3203125,-1.0,0,0
2026-07-28T23:35:09.765,10.42.0.1,10.42.0.1|10.42.0.210|10.42.0.47,25,3,UPLOAD,0.9822457795489878,UPLOAD,0.9822457795489878,1,7128,100.0,15,0.0,159057.0,0,15,0.0,1.0,0.10492452585579858,1,0,1,1,1,1,1,1,0.9699999999999999,1.0,1.0,1.0,0.8,skip,attack_already_active,1785296109.7653768,1785296109765376877,1384777982075534,65.0,53.3203125,-1.0,0,0
2026-07-28T23:35:10.052,10.42.0.1,10.42.0.210,26,1,DOWNLOAD,0.9813258874658645,DOWNLOAD,0.9813258874658645,-1,1448,100.0,16,1448.0,159057.0,1,15,0.009021525809164823,0.9909784741908352,0.1301280896027107,0,0,0,0,1,0,0,0,0.44,0.8500000000000001,0.0,0.6000000000000001,0.15,skip,training_upload_trigger_not_confirmed,1785296110.0524375,1785296110052437567,1384778269136302,65.0,53.3203125,-1.0,0,0
2026-07-28T23:35:10.056,10.42.0.1,10.42.0.210,26,1,DOWNLOAD,0.95,DOWNLOAD,0.95,-1,5792,21.969198892131327,17,7240.0,159057.0,2,15,0.04353656409917196,0.956463435900828,0.11348977568039079,0,0,0,0,1,0,0,0,0.44,0.8500000000000001,0.0,0.6000000000000001,0.15,skip,training_upload_trigger_not_confirmed,1785296110.056302,1785296110056302031,1384778273195785,65.0,53.3203125,-1.0,0,0
2026-07-28T23:35:10.057,10.42.0.1,10.42.0.210,26,1,DOWNLOAD,0.95,DOWNLOAD,0.95,-1,7240,10.984599446824268,18,14480.0,159057.0,3,15,0.08344041904608239,0.9165595809539177,0.09866959602583844,0,0,0,0,1,0,0,0,0.44,0.8500000000000001,0.0,0.6000000000000001,0.15,skip,training_upload_trigger_not_confirmed,1785296110.0573256,1785296110057325551,1384778274023862,65.0,53.3203125,-1.0,0,0
2026-07-28T23:35:10.058,10.42.0.1,10.42.0.210,26,1,DOWNLOAD,0.95,DOWNLOAD,0.95,-1,7240,7.323066298051424,19,21720.0,159057.0,4,15,0.12014802768051246,0.8798519723194875,0.08576916081202085,0,0,0,0,1,0,0,0,0.44,0.8500000000000001,0.0,0.6000000000000001,0.15,skip,training_upload_trigger_not_confirmed,1785296110.0580974,1785296110058097362,1384778274796031,65.0,53.3203125,-1.0,0,0
2026-07-28T23:35:10.059,10.42.0.1,10.42.0.210,26,1,DOWNLOAD,0.95,DOWNLOAD,0.95,-1,7240,5.492299723601786,20,28960.0,159057.0,5,15,0.15402862507113718,0.8459713749288628,0.07461963275080438,0,0,0,0,1,0,0,0,0.4,0.8500000000000001,0.0,0.4,0.15,skip,training_upload_trigger_not_confirmed,1785296110.0592558,1785296110059255744,1384778275954941,65.0,53.3203125,-1.0,0,0
2026-07-28T23:35:10.061,10.42.0.1,10.42.0.210,26,1,DOWNLOAD,0.95,DOWNLOAD,0.95,-1,7240,4.393839778911772,21,36200.0,159057.0,6,15,0.1853966823212484,0.8146033176787516,0.06502333817291257,0,0,0,0,1,0,0,0,0.4,0.8500000000000001,0.0,0.4,0.15,skip,training_upload_trigger_not_confirmed,1785296110.0610518,1785296110061051987,1384778277750309,65.0,53.3203125,-1.0,0,0
2026-07-28T23:35:10.062,10.42.0.1,10.42.0.210,26,1,DOWNLOAD,0.95,DOWNLOAD,0.95,-1,7240,3.6615331491100016,22,43440.0,159057.0,7,15,0.21452169661772766,0.7854783033822723,0.05658561904988038,0,0,0,0,1,0,0,0,0.4,0.8500000000000001,0.0,0.4,0.15,skip,training_upload_trigger_not_confirmed,1785296110.0620437,1785296110062043685,1384778278741958,65.0,53.3203125,-1.0,0,0
2026-07-28T23:35:10.062,10.42.0.1,10.42.0.210,26,1,DOWNLOAD,0.95,DOWNLOAD,0.95,-1,7240,3.138456984961751,23,50680.0,159057.0,8,15,0.24163595359903117,0.7583640464009689,0.049223143098507054,0,0,0,0,1,0,0,0,0.4,0.8500000000000001,0.0,0.4,0.15,skip,training_upload_trigger_not_confirmed,1785296110.0627575,1785296110062757424,1384778279455613,65.0,53.3203125,-1.0,0,0
2026-07-28T23:35:10.063,10.42.0.1,10.42.0.210,26,1,DOWNLOAD,0.95,DOWNLOAD,0.95,-1,7240,2.7461498618483056,24,57920.0,159057.0,9,15,0.2669407356540094,0.7330592643459906,0.04286277366590323,0,0,0,0,1,0,0,0,0.32,0.8500000000000001,0.0,0.0,0.15,skip,training_upload_trigger_not_confirmed,1785296110.0637136,1785296110063713448,1384778280411643,65.0,53.3203125,-1.0,0,0
2026-07-28T23:35:10.064,10.42.0.1,10.42.0.210,26,1,DOWNLOAD,0.95,DOWNLOAD,0.95,-1,10136,2.3371488186003124,25,68056.0,159057.0,10,15,0.2996569989388542,0.7003430010611458,0.03730362299568154,0,0,0,0,1,0,0,0,0.32,0.8500000000000001,0.0,0.0,0.15,skip,training_upload_trigger_not_confirmed,1785296110.0643895,1785296110064389456,1384778281087681,65.0,53.3203125,-1.0,0,0
2026-07-28T23:35:10.065,10.42.0.1,10.42.0.210,26,1,DOWNLOAD,0.95,DOWNLOAD,0.95,-1,10136,2.034185082859702,26,78192.0,159057.0,11,15,0.32957778536474336,0.6704222146352566,0.03247806322883156,0,0,0,0,1,0,0,0,0.32,0.8500000000000001,0.0,0.0,0.15,skip,training_upload_trigger_not_confirmed,1785296110.0650733,1785296110065073181,1384778281771395,65.0,53.3203125,-1.0,0,0
2026-07-28T23:35:10.065,10.42.0.1,10.42.0.210,26,1,DOWNLOAD,0.95,DOWNLOAD,0.95,-1,14480,1.7163436636663034,27,92672.0,159057.0,12,15,0.36814193040928933,0.6318580695907107,0.02828901738649315,0,0,0,0,1,0,0,0,0.32,0.8500000000000001,0.0,0.0,0.15,skip,training_upload_trigger_not_confirmed,1785296110.0657618,1785296110065761695,1384778282459787,65.0,53.3203125,-1.0,0,0
2026-07-28T23:35:10.066,10.42.0.1,10.42.0.210,26,1,DOWNLOAD,0.95,DOWNLOAD,0.95,-1,4344,1.6394924548462164,28,97016.0,159057.0,13,15,0.37886071549909595,0.621139284500904,0.02465515400039833,0,0,0,0,1,0,0,0,0.32,0.8500000000000001,0.0,0.0,0.15,skip,training_upload_trigger_not_confirmed,1785296110.0664744,1785296110066474520,1384778283172868,65.0,53.3203125,-1.0,0,0
2026-07-28T23:35:10.067,10.42.0.1,10.42.0.210,26,1,DOWNLOAD,0.95,DOWNLOAD,0.95,-1,4344,1.5692284924963575,29,101360.0,159057.0,14,15,0.3892219017959657,0.6107780982040343,0.021495396991929646,0,0,0,0,1,0,0,0,0.32,0.8500000000000001,0.0,0.0,0.15,skip,training_upload_trigger_not_confirmed,1785296110.067151,1785296110067151169,1384778283849389,65.0,53.3203125,-1.0,0,0
2026-07-28T23:35:10.067,10.42.0.1,10.42.0.210,26,1,DOWNLOAD,0.95,DOWNLOAD,0.95,-1,14480,1.373074930936006,30,115840.0,159057.0,15,15,0.4213941949166415,0.5786058050833585,0.018753271984014157,0,0,0,0,1,0,0,0,0.32,0.8500000000000001,0.0,0.0,0.15,skip,training_upload_trigger_not_confirmed,1785296110.0678372,1785296110067837071,1384778284535402,65.0,53.3203125,-1.0,0,0
2026-07-28T23:35:10.068,10.42.0.1,10.42.0.210,26,1,DOWNLOAD,0.95,DOWNLOAD,0.95,-1,4344,1.323445716565238,31,120184.0,159057.0,16,15,0.43039524998119905,0.569604750018801,0.01636853043968298,0,0,0,0,1,0,0,0,0.32,0.8500000000000001,0.0,0.0,0.15,skip,training_upload_trigger_not_confirmed,1785296110.0684934,1785296110068493367,1384778285191546,65.0,53.3203125,-1.0,0,0
2026-07-28T23:35:10.069,10.42.0.1,10.42.0.210,26,1,DOWNLOAD,0.95,DOWNLOAD,0.95,-1,14480,1.1811397255377745,32,134664.0,159057.0,17,15,0.45847590059954857,0.5415240994004514,0.014298633877702308,0,0,0,0,1,0,0,0,0.30250000000000005,0.8000000000000002,0.0,0.0,0.15,skip,training_upload_trigger_not_confirmed,1785296110.069154,1785296110069154101,1384778285852634,65.0,53.3203125,-1.0,0,0
2026-07-28T23:35:10.070,10.42.0.1,10.42.0.210,26,1,DOWNLOAD,0.95,DOWNLOAD,0.95,-1,14480,1.0664659657775943,33,149144.0,159057.0,18,15,0.4839179626282848,0.5160820373717152,0.01258048038438991,0,0,0,0,1,0,0,0,0.30250000000000005,0.8000000000000002,0.0,0.0,0.15,skip,training_upload_trigger_not_confirmed,1785296110.070414,1785296110070414174,1384778287112477,65.0,53.3203125,-1.0,0,0
2026-07-28T23:35:10.071,10.42.0.1,10.42.0.210,26,1,DOWNLOAD,0.95,DOWNLOAD,0.95,-1,14480,0.9720884466828088,34,163624.0,159057.0,19,15,0.5070766484546657,0.49292335154533423,0.011067623107312224,0,0,0,0,1,0,0,0,0.30250000000000005,0.8000000000000002,0.0,0.0,0.15,skip,training_upload_trigger_not_confirmed,1785296110.071514,1785296110071513836,1384778288213056,65.0,53.3203125,-1.0,0,0
2026-07-28T23:35:10.072,10.42.0.1,10.42.0.210,26,1,DOWNLOAD,0.95,DOWNLOAD,0.95,-1,18824,0.8717936069462433,35,182448.0,159057.0,20,15,0.534246936355251,0.465753063644749,0.00973168971240319,0,0,0,0,1,0,0,0,0.30250000000000005,0.8000000000000002,0.0,0.0,0.15,skip,training_upload_trigger_not_confirmed,1785296110.0724435,1785296110072443410,1384778289141825,65.0,53.3203125,-1.0,0,0
2026-07-28T23:35:10.073,10.42.0.1,10.42.0.210,26,1,DOWNLOAD,0.95,DOWNLOAD,0.95,-1,5792,0.8449691882711168,36,188240.0,159057.0,21,15,0.542014471763361,0.45798552823663896,0.00854333399260504,0,0,0,0,1,0,0,0,0.30250000000000005,0.8000000000000002,0.0,0.0,0.15,skip,training_upload_trigger_not_confirmed,1785296110.073157,1785296110073157165,1384778289855316,65.0,53.3203125,-1.0,0,0
2026-07-28T23:35:10.073,10.42.0.1,10.42.0.210,26,1,DOWNLOAD,0.95,DOWNLOAD,0.95,-1,18824,0.7681538075195681,37,207064.0,159057.0,22,15,0.5655616585773555,0.4344383414226444,0.007505289720191932,0,0,0,0,1,0,0,0,0.28500000000000003,0.7500000000000001,0.0,0.0,0.15,skip,training_upload_trigger_not_confirmed,1785296110.073823,1785296110073822883,1384778290520961,65.0,53.3203125,-1.0,0,0
2026-07-28T23:35:10.076,10.42.0.1,10.42.0.210,26,1,DOWNLOAD,0.95,DOWNLOAD,0.95,-1,18824,0.7041409902265542,38,225888.0,159057.0,23,15,0.5868059073374119,0.41319409266258816,0.006810288947124998,0,0,0,0,1,0,0,0,0.28500000000000003,0.7500000000000001,0.0,0.0,0.15,skip,training_upload_trigger_not_confirmed,1785296110.076054,1785296110076053893,1384778292752706,65.0,53.3203125,-1.0,0,0
2026-07-28T23:35:10.076,10.42.0.1,10.42.0.210,26,1,DOWNLOAD,0.95,DOWNLOAD,0.95,-1,1448,0.6996560157665321,39,227336.0,159057.0,24,15,0.5883543438933935,0.4116456561066065,0.006023519109058802,0,0,0,0,1,0,0,0,0.28500000000000003,0.7500000000000001,0.0,0.0,0.15,skip,training_upload_trigger_not_confirmed,1785296110.0768938,1785296110076893807,1384778293592483,65.0,53.3203125,-1.0,0,0
2026-07-28T23:35:10.078,10.42.0.1,10.42.0.210,26,1,DOWNLOAD,0.95,DOWNLOAD,0.95,-1,18824,0.6461529086787206,40,246160.0,159057.0,25,15,0.6074769814691882,0.3925230185308119,0.005461005742881806,0,0,0,0,1,0,0,0,0.28500000000000003,0.7500000000000001,0.0,0.0,0.15,skip,training_upload_trigger_not_confirmed,1785296110.0786486,1785296110078648588,1384778295348151,65.0,53.3203125,-1.0,0,0
2026-07-28T23:35:10.079,10.42.0.1,10.42.0.210,26,1,DOWNLOAD,0.95,DOWNLOAD,0.95,-1,16920,0.6045955602873476,41,263080.0,159057.0,26,15,0.6232100005448468,0.3767899994551532,0.0049143692658133896,0,0,0,0,1,0,0,0,0.28500000000000003,0.7500000000000001,0.0,0.0,0.15,skip,training_upload_trigger_not_confirmed,1785296110.0799613,1785296110079961354,1384778296659594,65.0,53.3203125,-1.0,0,0
2026-07-28T23:35:10.080,10.42.0.47,10.42.0.210,26,1,DOWNLOAD,0.95,DOWNLOAD,0.95,-1,7240,10.984530385361252,10,7240.0,79528.0,1,9,0.08344089987092015,0.9165591001290798,0.13770843441460678,0,0,0,0,1,0,0,0,0.44,0.8500000000000001,0.0,0.6000000000000001,0.15,skip,training_upload_trigger_not_confirmed,1785296110.0807292,1785296110080729366,1384778297427761,65.0,53.3203125,-1.0,0,0
2026-07-28T23:35:10.081,10.42.0.47,10.42.0.210,26,1,DOWNLOAD,0.95,DOWNLOAD,0.95,-1,7240,5.492265193059926,11,14480.0,79528.0,2,9,0.15402944430261253,0.8459705556973874,0.11966160345623884,0,0,0,0,1,0,0,0,0.44,0.8500000000000001,0.0,0.6000000000000001,0.15,skip,training_upload_trigger_not_confirmed,1785296110.0814853,1785296110081485341,1384778298184155,65.0,53.3203125,-1.0,0,0
2026-07-28T23:35:10.082,10.42.0.1,10.42.0.210,26,1,DOWNLOAD,0.95,DOWNLOAD,0.95,-1,15472,0.5710136706985733,42,278552.0,159057.0,27,15,0.6365316983882873,0.36346830161171273,0.00456421016478857,0,0,0,0,1,0,0,0,0.28500000000000003,0.7500000000000001,0.0,0.0,0.15,skip,training_upload_trigger_not_confirmed,1785296110.0822184,1785296110082218567,1384778298916755,65.0,53.3203125,-1.0,0,0
2026-07-28T23:35:10.083,10.42.0.1,10.42.0.210,26,1,DOWNLOAD,0.95,DOWNLOAD,0.95,-1,14480,0.542797373667235,43,293032.0,159057.0,28,15,0.6481732579204538,0.3518267420795463,0.004068075193246074,0,0,0,0,1,0,0,0,0.28500000000000003,0.7500000000000001,0.0,0.0,0.15,skip,training_upload_trigger_not_confirmed,1785296110.0830176,1785296110083017359,1384778299715919,65.0,53.3203125,-1.0,0,0
2026-07-28T23:35:10.084,10.42.0.210,10.42.0.210,26,1,DOWNLOAD,0.9831629880634367,DOWNLOAD,0.9831629880634367,-1,7240,7.599999999088397,39,7240.0,55024.0,1,38,0.11627906976744186,0.8837209302325582,0.09474672836228025,0,0,0,0,0,0,0,0,0.057499999999999996,0.1,0.0,0.0,0.15,skip,training_upload_trigger_not_confirmed,1785296110.0841591,1785296110084159280,1384778300857888,65.0,53.3203125,-1.0,0,0
2026-07-28T23:35:10.084,10.42.0.210,10.42.0.210,26,1,DOWNLOAD,0.95,DOWNLOAD,0.95,-1,7240,3.7999999998066296,40,14480.0,55024.0,2,38,0.20833333333333334,0.7916666666666666,0.0823708928164649,0,0,0,0,0,0,0,0,0.057499999999999996,0.1,0.0,0.0,0.15,skip,training_upload_trigger_not_confirmed,1785296110.084989,1785296110084989241,1384778301687459,65.0,53.3203125,-1.0,0,0
2026-07-28T23:35:10.085,10.42.0.1,10.42.0.210,26,1,DOWNLOAD,0.95,DOWNLOAD,0.95,-1,21720,0.5053407126896562,44,314752.0,159057.0,29,15,0.6643014379211877,0.3356985620788123,0.0039021675139994955,0,0,0,0,1,0,0,0,0.28500000000000003,0.7500000000000001,0.0,0.0,0.15,skip,training_upload_trigger_not_confirmed,1785296110.0858266,1785296110085826474,1384778302525012,65.0,53.3203125,-1.0,0,0
2026-07-28T23:35:10.086,10.42.0.1,10.42.0.210,26,1,DOWNLOAD,0.95,DOWNLOAD,0.95,-1,14024,0.4837853127981246,45,328776.0,159057.0,30,15,0.6739519466702745,0.32604805332972553,0.003519475040742354,0,0,0,0,1,0,0,0,0.28500000000000003,0.7500000000000001,0.0,0.0,0.15,skip,training_upload_trigger_not_confirmed,1785296110.0868247,1785296110086824645,1384778303523109,65.0,53.3203125,-1.0,0,0
2026-07-28T23:35:10.088,10.42.0.59,10.42.0.210,9,1,DOWNLOAD,0.95,DOWNLOAD,0.95,-1,7300,1.3698630135109776e-10,1,7300.0,0.0,1,0,1.0,0.0,0.842778663818102,0,0,0,0,0,0,0,0,0.0225,0.0,0.0,0.0,0.15,skip,training_upload_trigger_not_confirmed,1785296110.0881548,1785296110088154911,1384778304853943,65.0,53.3203125,-1.0,0,0
2026-07-28T23:35:10.088,10.42.0.59,10.42.0.210,9,1,DOWNLOAD,0.95,DOWNLOAD,0.95,-1,7300,6.84931506802402e-11,2,14600.0,0.0,2,0,1.0,0.0,0.7318255051073538,0,0,0,0,0,0,0,0,0.0225,0.0,0.0,0.0,0.15,skip,training_upload_trigger_not_confirmed,1785296110.0889406,1785296110088940596,1384778305638737,65.0,53.3203125,-1.0,0,0
2026-07-28T23:35:10.089,10.42.0.1,10.42.0.210,26,1,DOWNLOAD,0.95,DOWNLOAD,0.95,-1,15472,0.4620419000271257,46,344248.0,159057.0,31,15,0.683974925740853,0.31602507425914705,0.0034284036711791643,0,0,0,0,1,0,0,0,0.28500000000000003,0.7500000000000001,0.0,0.0,0.15,skip,training_upload_trigger_not_confirmed,1785296110.089653,1785296110089652943,1384778306351400,65.0,53.3203125,-1.0,0,0
2026-07-28T23:35:10.091,10.42.0.47,10.42.0.210,26,1,DOWNLOAD,0.95,DOWNLOAD,0.95,-1,10136,3.2307442313035932,12,24616.0,79528.0,3,9,0.23636503303118758,0.7636349669688124,0.10516082893956816,0,0,0,0,1,0,0,0,0.4,0.8500000000000001,0.0,0.4,0.15,skip,training_upload_trigger_not_confirmed,1785296110.0911045,1785296110091104458,1384778307803968,65.0,53.3203125,-1.0,0,0
2026-07-28T23:35:10.092,10.42.0.210,10.42.0.210,26,1,DOWNLOAD,0.9557926560077417,DOWNLOAD,0.9557926560077417,-1,10136,2.2352941175968764,41,24616.0,55024.0,3,38,0.3090909090909091,0.6909090909090909,0.07255168677359108,0,0,0,0,0,0,0,0,0.057499999999999996,0.1,0.0,0.0,0.15,skip,training_upload_trigger_not_confirmed,1785296110.0928447,1785296110092844891,1384778309544107,65.0,53.3203125,-1.0,0,0
2026-07-28T23:35:10.093,10.42.0.210,10.42.0.210,26,1,DOWNLOAD,0.9846998846180315,DOWNLOAD,0.9846998846180315,0,43,2.2352941175968764,41,24616.0,55024.0,3,38,0.3090909090909091,0.6909090909090909,0.1550713412714957,0,0,0,0,0,0,0,0,0.057499999999999996,0.1,0.0,0.0,0.15,skip,training_upload_trigger_not_confirmed,1785296110.0936234,1785296110093623355,1384778310321608,65.0,53.3203125,-1.0,0,0
2026-07-28T23:35:10.094,10.42.0.210,10.42.0.210,26,1,DOWNLOAD,0.9854895428954357,DOWNLOAD,0.9854895428954357,-1,14480,1.4074074073969867,42,39096.0,55024.0,4,38,0.4153846153846154,0.5846153846153846,0.1348643288006433,0,0,0,0,0,0,0,0,0.057499999999999996,0.1,0.0,0.0,0.15,skip,training_upload_trigger_not_confirmed,1785296110.0945706,1785296110094570757,1384778311269234,65.0,53.3203125,-1.0,0,0
2026-07-28T23:35:10.095,10.42.0.210,10.42.0.210,26,1,DOWNLOAD,0.9855083405864443,DOWNLOAD,0.9855083405864443,-1,4344,1.266666666660528,43,43440.0,55024.0,5,38,0.4411764705882353,0.5588235294117647,0.11723971874596258,0,0,0,0,0,0,0,0,0.057499999999999996,0.1,0.0,0.0,0.15,skip,training_upload_trigger_not_confirmed,1785296110.0956867,1785296110095686657,1384778312385010,65.0,53.3203125,-1.0,0,0
2026-07-28T23:35:10.097,10.42.0.47,10.42.0.210,26,1,DOWNLOAD,0.9,DOWNLOAD,0.9,0,43,3.2307442313035932,12,24616.0,79528.0,3,9,0.23636503303118758,0.7636349669688124,0.1298397481720107,0,0,0,0,1,0,0,0,0.32,0.8500000000000001,0.0,0.0,0.15,skip,training_upload_trigger_not_confirmed,1785296110.0970225,1785296110097022590,1384778313720694,65.0,53.3203125,-1.0,0,0
2026-07-28T23:35:10.098,10.42.0.145,10.42.0.210,12,1,DOWNLOAD,0.95,DOWNLOAD,0.95,-1,14600,6.84931506802402e-11,1,14600.0,0.0,1,0,1.0,0.0,0.9766957634059158,0,0,0,0,0,0,0,0,0.0225,0.0,0.0,0.0,0.15,skip,already_attacked_this_round,1785296110.0989196,1785296110098919617,1384778315618074,63.5,53.3203125,-1.0,0,0
2026-07-28T23:35:10.099,10.42.0.145,10.42.0.210,12,1,DOWNLOAD,0.95,DOWNLOAD,0.95,-1,14600,3.424657534129292e-11,2,29200.0,0.0,2,0,1.0,0.0,0.8480814550812776,0,0,0,0,0,0,0,0,0.0225,0.0,0.0,0.0,0.15,skip,already_attacked_this_round,1785296110.099597,1785296110099596965,1384778316295100,63.5,53.3203125,-1.0,0,0
2026-07-28T23:35:10.100,10.42.0.145,10.42.0.210,12,1,DOWNLOAD,0.9495199355219133,DOWNLOAD,0.9495199355219133,0,43,3.424657534129292e-11,2,29200.0,0.0,2,0,1.0,0.0,1.0376261239098343,0,0,0,0,0,0,0,0,0.0225,0.0,0.0,0.0,0.15,skip,already_attacked_this_round,1785296110.1006725,1785296110100672550,1384778317370738,63.5,53.3203125,-1.0,0,0
2026-07-28T23:35:10.102,10.42.0.47,10.42.0.210,26,1,DOWNLOAD,0.95,DOWNLOAD,0.95,-1,4344,2.746132596624788,13,28960.0,79528.0,4,9,0.26694196593171593,0.7330580340682841,0.11421111015979092,0,0,0,0,0,0,0,0,0.057499999999999996,0.1,0.0,0.0,0.15,skip,training_upload_trigger_not_confirmed,1785296110.1023428,1785296110102342839,1384778319041186,63.5,53.3203125,-1.0,0,0
2026-07-28T23:35:10.103,10.42.0.47,10.42.0.210,26,1,DOWNLOAD,0.95,DOWNLOAD,0.95,-1,8688,2.1124096897282083,14,37648.0,79528.0,5,9,0.321294463029972,0.678705536970028,0.09933546306422632,0,0,0,0,0,0,0,0,0.057499999999999996,0.1,0.0,0.0,0.15,skip,training_upload_trigger_not_confirmed,1785296110.1036668,1785296110103666585,1384778320365335,63.5,53.3203125,-1.0,0,0
2026-07-28T23:35:10.105,10.42.0.18,10.42.0.210,22,1,DOWNLOAD,0.95,DOWNLOAD,0.95,-1,10220,9.784735811175661e-11,1,10220.0,0.0,1,0,1.0,0.0,0.9620358424216738,0,0,0,0,0,0,0,0,0.0225,0.0,0.0,0.0,0.15,skip,training_upload_trigger_not_confirmed,1785296110.1052744,1785296110105274363,1384778321973147,63.5,53.3203125,-1.0,0,0
2026-07-28T23:35:10.106,10.42.0.210,10.42.0.210,26,1,DOWNLOAD,0.9855087208476458,DOWNLOAD,0.9855087208476458,-1,18824,0.8837209302344257,44,62264.0,55024.0,6,38,0.5308641975308642,0.4691358024691358,0.10320219878859928,0,0,0,0,0,0,0,0,0.039999999999999994,0.05,0.0,0.0,0.15,skip,training_upload_trigger_not_confirmed,1785296110.1063995,1785296110106399481,1384778323097674,63.5,53.3203125,-1.0,0,0
2026-07-28T23:35:10.107,10.42.0.210,10.42.0.210,26,1,DOWNLOAD,0.9855087261970161,DOWNLOAD,0.9855087261970161,-1,1448,0.8636363636385039,45,63712.0,55024.0,7,38,0.5365853658536586,0.4634146341463415,0.08969298345522443,0,0,0,0,0,0,0,0,0.039999999999999994,0.05,0.0,0.0,0.15,skip,training_upload_trigger_not_confirmed,1785296110.107084,1785296110107084070,1384778323782187,63.5,53.3203125,-1.0,0,0
2026-07-28T23:35:10.108,10.42.0.210,10.42.0.210,26,1,DOWNLOAD,0.9855087261721334,DOWNLOAD,0.9855087261721334,-1,14480,0.7037037037074931,46,78192.0,55024.0,8,38,0.5869565217391305,0.41304347826086957,0.07804398953928485,0,0,0,0,0,0,0,0,0.0225,0.0,0.0,0.0,0.15,skip,training_upload_trigger_not_confirmed,1785296110.108376,1785296110108376179,1384778325074404,63.5,53.3203125,-1.0,0,0
2026-07-28T23:35:10.109,10.42.0.210,10.42.0.210,26,1,DOWNLOAD,0.9855087261660103,DOWNLOAD,0.9855087261660103,-1,992,0.6948878561364052,47,79184.0,55024.0,9,38,0.5900095374344302,0.40999046256556987,0.06789758135002459,0,0,0,0,0,0,0,0,0.0225,0.0,0.0,0.0,0.15,skip,training_upload_trigger_not_confirmed,1785296110.1094217,1785296110109421883,1384778326119988,63.5,53.3203125,-1.0,0,0
2026-07-28T23:35:10.110,10.42.0.145,10.42.0.210,12,1,DOWNLOAD,0.9520025366156764,DOWNLOAD,0.9520025366156764,-1,29200,1.7123287670939668e-11,3,58400.0,0.0,3,0,1.0,0.0,0.9023539656816337,0,0,0,0,0,0,0,0,0.0225,0.0,0.0,0.0,0.15,skip,already_attacked_this_round,1785296110.11068,1785296110110679970,1384778327378171,63.5,53.3203125,-1.0,0,0
2026-07-28T23:35:10.111,10.42.0.145,10.42.0.210,12,1,DOWNLOAD,0.9624545650472863,DOWNLOAD,0.9624545650472863,-1,6184,1.5483711135645304e-11,4,64584.0,0.0,4,0,1.0,0.0,0.7835392442614322,0,0,0,0,0,0,0,0,0.0225,0.0,0.0,0.0,0.15,skip,already_attacked_this_round,1785296110.111382,1785296110111382004,1384778328080167,63.5,53.3203125,-1.0,0,0
2026-07-28T23:35:10.112,10.42.0.18,10.42.0.210,22,1,DOWNLOAD,0.9563787536927866,DOWNLOAD,0.9563787536927866,0,43,9.784735811175661e-11,1,10220.0,0.0,1,0,1.0,0.0,1.1342912718503828,0,0,0,0,0,0,0,0,0.0225,0.0,0.0,0.0,0.15,skip,training_upload_trigger_not_confirmed,1785296110.1120284,1785296110112028459,1384778328726600,63.5,53.3203125,-1.0,0,0
2026-07-28T23:35:10.113,10.42.0.18,10.42.0.210,22,1,DOWNLOAD,0.9592683383243769,DOWNLOAD,0.9592683383243769,-1,14600,4.029008863657171e-11,2,24820.0,0.0,2,0,1.0,0.0,0.9858740387928204,0,0,0,0,0,0,0,0,0.0225,0.0,0.0,0.0,0.15,skip,training_upload_trigger_not_confirmed,1785296110.1132684,1785296110113268520,1384778329966830,63.5,53.3203125,-1.0,0,0
2026-07-28T23:35:10.114,10.42.0.59,10.42.0.210,9,1,DOWNLOAD,0.9460484985130929,DOWNLOAD,0.9460484985130929,0,43,6.84931506802402e-11,2,14600.0,0.0,2,0,1.0,0.0,0.9388382244670328,0,0,0,0,0,0,0,0,0.0225,0.0,0.0,0.0,0.15,skip,training_upload_trigger_not_confirmed,1785296110.1148708,1785296110114870890,1384778331568975,63.5,53.3203125,-1.0,0,0
2026-07-28T23:35:10.115,10.42.0.59,10.42.0.210,9,1,DOWNLOAD,0.95,DOWNLOAD,0.95,-1,14600,3.424657534129292e-11,3,29200.0,0.0,3,0,1.0,0.0,0.8186308266423421,0,0,0,0,0,0,0,0,0.0225,0.0,0.0,0.0,0.15,skip,training_upload_trigger_not_confirmed,1785296110.1155581,1785296110115558060,1384778332256147,63.5,53.3203125,-1.0,0,0
2026-07-28T23:35:10.117,10.42.0.18,10.42.0.210,22,1,DOWNLOAD,0.9595014664474734,DOWNLOAD,0.9595014664474734,-1,17520,2.361832782183235e-11,3,42340.0,0.0,3,0,1.0,0.0,0.8565706044351149,0,0,0,0,0,0,0,0,0.0225,0.0,0.0,0.0,0.15,skip,training_upload_trigger_not_confirmed,1785296110.1178944,1785296110117894413,1384778334593207,63.5,53.3203125,-1.0,0,0
2026-07-28T23:35:10.121,10.42.0.47,10.42.0.210,26,1,DOWNLOAD,0.95,DOWNLOAD,0.95,-1,4344,1.893884549416701,15,41992.0,79528.0,6,9,0.34555628703094143,0.6544437129690586,0.08863900035371626,0,0,0,0,0,0,0,0,0.057499999999999996,0.1,0.0,0.0,0.15,skip,training_upload_trigger_not_confirmed,1785296110.1218297,1785296110121829665,1384778338529408,63.5,53.3203125,-1.0,0,0
2026-07-28T23:35:10.123,10.42.0.47,10.42.0.210,26,1,DOWNLOAD,0.95,DOWNLOAD,0.95,-1,8688,1.5692186266659585,16,50680.0,79528.0,7,9,0.3892233964118948,0.6107766035881051,0.0771273864619717,0,0,0,0,0,0,0,0,0.057499999999999996,0.1,0.0,0.0,0.15,skip,training_upload_trigger_not_confirmed,1785296110.1231103,1785296110123110514,1384778339809059,63.5,53.3203125,-1.0,0,0
2026-07-28T23:35:10.124,10.42.0.47,10.42.0.210,26,1,DOWNLOAD,0.95,DOWNLOAD,0.95,-1,14480,1.220503376301097,17,65160.0,79528.0,8,9,0.4503483357292934,0.5496516642707067,0.06712095923757729,0,0,0,0,0,0,0,0,0.057499999999999996,0.1,0.0,0.0,0.15,skip,training_upload_trigger_not_confirmed,1785296110.1243017,1785296110124301492,1384778341000054,63.5,53.3203125,-1.0,0,0
2026-07-28T23:35:10.126,10.42.0.59,10.42.0.210,9,1,DOWNLOAD,0.9521925503070982,DOWNLOAD,0.9521925503070982,-1,23360,1.9025875189896766e-11,4,52560.0,0.0,4,0,1.0,0.0,0.7121717303798405,0,0,0,0,0,0,0,0,0.0225,0.0,0.0,0.0,0.15,skip,training_upload_trigger_not_confirmed,1785296110.1263003,1785296110126300491,1384778342999206,63.5,53.3203125,-1.0,0,0
2026-07-28T23:35:10.127,10.42.0.59,10.42.0.210,9,1,DOWNLOAD,0.9658993185476158,DOWNLOAD,0.9658993185476158,-1,12024,1.5483711135645304e-11,5,64584.0,0.0,5,0,1.0,0.0,0.6185055125882434,0,0,0,0,0,0,0,0,0.0225,0.0,0.0,0.0,0.15,skip,training_upload_trigger_not_confirmed,1785296110.127665,1785296110127665095,1384778344363744,63.5,53.3203125,-1.0,0,0
2026-07-28T23:35:10.129,10.42.0.18,10.42.0.210,22,1,DOWNLOAD,0.9618050424354456,DOWNLOAD,0.9618050424354456,-1,21900,1.556662515542393e-11,4,64240.0,0.0,4,0,1.0,0.0,0.7452064236402904,0,0,0,0,0,0,0,0,0.0225,0.0,0.0,0.0,0.15,skip,training_upload_trigger_not_confirmed,1785296110.129353,1785296110129352943,1384778346051885,63.5,53.3203125,-1.0,0,0
2026-07-28T23:35:10.141,10.42.0.18,10.42.0.210,22,1,DOWNLOAD,0.9551692319018834,DOWNLOAD,0.9551692319018834,-1,344,1.5483711135645304e-11,5,64584.0,0.0,5,0,1.0,0.0,0.6486239237966978,0,0,0,0,0,0,0,0,0.0225,0.0,0.0,0.0,0.15,skip,training_upload_trigger_not_confirmed,1785296110.1416216,1785296110141621481,1384778358320055,63.5,53.3203125,-1.0,0,0
2026-07-28T23:35:10.144,10.42.0.47,10.42.0.210,26,1,DOWNLOAD,0.95,DOWNLOAD,0.95,-1,5792,1.120870447624861,18,70952.0,79528.0,9,9,0.4715045188729399,0.5284954811270601,0.060998046843795534,0,0,0,0,0,0,0,0,0.039999999999999994,0.05,0.0,0.0,0.15,skip,training_upload_trigger_not_confirmed,1785296110.1449575,1785296110144957492,1384778361656004,63.5,53.3203125,-1.0,0,0
2026-07-28T23:35:10.150,10.42.0.47,10.42.0.210,26,1,DOWNLOAD,0.95,DOWNLOAD,0.95,-1,8249,1.0041287357482338,19,79201.0,79528.0,10,9,0.49896994248058013,0.5010300575194199,0.053755835015579255,0,0,0,0,0,0,0,0,0.039999999999999994,0.05,0.0,0.0,0.15,skip,training_upload_trigger_not_confirmed,1785296110.1509964,1785296110150996576,1384778367695295,63.5,53.3203125,-1.0,0,0
2026-07-28T23:35:10.426,10.42.0.145,,12,2,TRAINING,0.95,TRAINING,0.95,1,64240,0.994673603369338,5,64584.0,64240.0,4,1,0.5013351549400733,0.4986648450599267,0.7232857993819295,0,0,0,0,1,0,0,0,0.4525,1.0,0.0,0.4,0.15,skip,already_attacked_this_round,1785296110.426965,1785296110426964895,1384778643664438,63.5,53.3203125,-1.0,0,0
2026-07-28T23:35:10.428,10.42.0.1,,26,2,TRAINING,0.95,TRAINING,0.95,1,7240,0.2520508470659174,40,344248.0,86768.0,31,9,0.7986896078103829,0.2013103921896171,0.04197288546268251,0,0,0,0,1,0,0,0,0.4525,1.0,0.0,0.4,0.15,skip,training_upload_trigger_not_confirmed,1785296110.4289024,1785296110428902382,1384778645601595,63.5,53.3203125,-1.0,0,0
2026-07-28T23:35:10.430,10.42.0.1,10.42.0.1,26,3,UPLOAD,0.95,UPLOAD,0.95,1,7240,0.27308219655808286,41,344248.0,94008.0,31,10,0.7854952356613486,0.21450476433865137,0.036612056440274876,1,0,0,0,1,0,0,0,0.85,1.0,1.0,0.4,0.8,trigger,training_upload_trigger_confirmed,1785296110.4301934,1785296110430193411,1384778646892197,63.5,53.3203125,27.193462,1785296110457388316,1384778674085659
2026-07-28T23:35:10.433,10.42.0.59,10.42.0.1,9,2,TRAINING,0.95,TRAINING,0.95,1,64240,0.994673603369338,6,64584.0,64240.0,5,1,0.5013351549400733,0.4986648450599267,0.5789403738143353,0,0,0,0,1,0,0,0,0.4525,1.0,0.0,0.4,0.15,skip,training_upload_trigger_not_confirmed,1785296110.4331274,1785296110433127397,1384778649826394,63.5,53.3203125,-1.0,0,0
2026-07-28T23:35:10.434,10.42.0.1,10.42.0.1,26,3,UPLOAD,0.95,UPLOAD,0.95,1,14480,0.31514489554241376,42,344248.0,108488.0,31,11,0.7603724908114221,0.2396275091885779,0.032402016674450675,1,0,1,1,1,1,1,1,0.85,1.0,1.0,0.4,0.8,skip,attack_already_active,1785296110.4348567,1785296110434856678,1384778651555626,63.5,53.3203125,-1.0,0,0
2026-07-28T23:35:10.436,10.42.0.1,10.42.0.1,26,3,UPLOAD,0.95,UPLOAD,0.95,1,14480,0.3572075945267446,43,344248.0,122968.0,31,12,0.7368069586657991,0.2631930413342009,0.028288371605649756,1,0,1,1,1,1,1,1,0.85,1.0,1.0,0.4,0.8,skip,attack_already_active,1785296110.4360414,1785296110436041391,1384778652740279,63.5,53.3203125,-1.0,0,0
2026-07-28T23:35:10.437,10.42.0.1,10.42.0.1,26,3,UPLOAD,0.9485625281480351,UPLOAD,0.9485625281480351,0,43,0.3572075945267446,43,344248.0,122968.0,31,12,0.7368069586657991,0.2631930413342009,0.0627426346226573,1,0,1,1,1,1,1,1,0.7625000000000001,0.7500000000000001,1.0,0.4,0.8,skip,attack_already_active,1785296110.4377759,1785296110437775874,1384778654475121,63.5,53.3203125,-1.0,0,0
2026-07-28T23:35:10.440,10.42.0.59,10.42.0.1,9,3,UPLOAD,0.95,UPLOAD,0.95,1,2148,1.027932614888704,7,64584.0,66388.0,5,2,0.493113031793055,0.506886968206945,0.5036575867934681,0,0,0,1,1,1,1,1,0.85,1.0,1.0,0.4,0.8,trigger,training_upload_trigger_confirmed,1785296110.4407675,1785296110440767556,1384778657466624,63.5,53.3203125,55.485986,1785296110496255243,1384778712952610
2026-07-28T23:35:10.442,10.42.0.1,10.42.0.1,26,3,UPLOAD,0.95,UPLOAD,0.95,1,7240,0.37823894401891006,44,344248.0,130208.0,31,13,0.725563592830526,0.2744364071694741,0.05532406605529199,1,0,1,1,1,1,1,1,0.9699999999999999,1.0,1.0,1.0,0.8,skip,attack_already_active,1785296110.4424865,1785296110442486621,1384778659185810,63.5,53.3203125,-1.0,0,0
2026-07-28T23:35:10.443,10.42.0.1,10.42.0.1,26,3,UPLOAD,0.95,UPLOAD,0.95,1,7240,0.39927029351107557,45,344248.0,137448.0,31,14,0.7146582076662459,0.28534179233375406,0.04821429148901919,1,0,1,1,1,1,1,1,0.9699999999999999,1.0,1.0,1.0,0.8,skip,attack_already_active,1785296110.4438565,1785296110443856316,1384778660555340,63.5,53.3203125,-1.0,0,0
2026-07-28T23:35:10.445,10.42.0.1,10.42.0.1,26,3,UPLOAD,0.95,UPLOAD,0.95,1,14480,0.4413329924954064,46,344248.0,151928.0,31,15,0.6938021992196317,0.30619780078036823,0.042094970495561816,1,0,1,1,1,1,1,1,0.9699999999999999,1.0,1.0,1.0,0.8,skip,attack_already_active,1785296110.445633,1785296110445633085,1384778662332504,63.5,53.3203125,-1.0,0,0
2026-07-28T23:35:10.447,10.42.0.1,10.42.0.1,26,3,UPLOAD,0.95,UPLOAD,0.95,1,14480,0.4833956914797373,47,344248.0,166408.0,31,16,0.6741289635292643,0.3258710364707357,0.03678503585359254,1,0,1,1,1,1,1,1,0.9699999999999999,1.0,1.0,1.0,0.8,skip,attack_already_active,1785296110.4474323,1785296110447432148,1384778664131388,63.5,53.3203125,-1.0,0,0
2026-07-28T23:35:10.449,10.42.0.1,10.42.0.1,26,3,UPLOAD,0.95,UPLOAD,0.95,1,7129,0.5041045990114565,48,344248.0,173537.0,31,17,0.6648473787382794,0.3351526212617206,0.032176480154890864,1,0,1,1,1,1,1,1,0.9699999999999999,1.0,1.0,1.0,0.8,skip,attack_already_active,1785296110.4492443,1785296110449244194,1384778665943518,63.5,53.3203125,-1.0,0,0
2026-07-28T23:35:10.451,10.42.0.1,10.42.0.1,26,3,UPLOAD,0.90563645117321,UPLOAD,0.90563645117321,0,43,0.5041045990114565,48,344248.0,173537.0,31,17,0.6648473787382794,0.3351526212617206,0.02979095267951281,1,0,1,1,1,1,1,1,0.8025,0.7500000000000001,1.0,0.6000000000000001,0.8,skip,attack_already_active,1785296110.4518492,1785296110451849101,1384778668547931,63.5,53.3203125,-1.0,0,0
2026-07-28T23:35:10.452,10.42.0.1,10.42.0.1,26,3,UPLOAD,0.95,UPLOAD,0.95,1,10136,0.5335484883004882,49,344248.0,183673.0,31,18,0.6520824138460111,0.34791758615398893,0.026358111749513295,1,0,1,1,1,1,1,1,0.9699999999999999,1.0,1.0,1.0,0.8,skip,attack_already_active,1785296110.4529843,1785296110452984260,1384778669682909,63.5,53.3203125,-1.0,0,0
2026-07-28T23:35:10.454,10.42.0.1,10.42.0.1,26,3,UPLOAD,0.95,UPLOAD,0.95,1,4344,0.5461672979957874,50,344248.0,188017.0,31,19,0.6467605422111167,0.3532394577888834,0.02306798091074662,1,0,1,1,1,1,1,1,0.9699999999999999,1.0,1.0,1.0,0.8,skip,attack_already_active,1785296110.4543746,1785296110454374718,1384778671074679,63.5,53.3203125,-1.0,0,0
2026-07-28T23:35:10.458,10.42.0.1,10.42.0.1,26,3,UPLOAD,0.95,UPLOAD,0.95,1,14480,0.5882299969801184,51,344248.0,202497.0,31,20,0.629631729599722,0.37036827040027803,0.020550368524592473,1,0,1,1,1,1,1,1,0.9699999999999999,1.0,1.0,1.0,0.8,skip,attack_already_active,1785296110.458337,1785296110458337015,1384778675035480,63.5,53.3203125,-1.0,0,0
2026-07-28T23:35:10.462,10.42.0.1,10.42.0.1,26,3,UPLOAD,0.95,UPLOAD,0.95,1,14480,0.6302926959644493,52,344248.0,216977.0,31,21,0.6133867878301928,0.3866132121698071,0.018402748248356426,1,0,1,1,1,1,1,1,0.9699999999999999,1.0,1.0,1.0,0.8,skip,attack_already_active,1785296110.4625897,1785296110462589757,1384778679289052,63.5,53.3203125,-1.0,0,0
2026-07-28T23:35:10.464,10.42.0.1,10.42.0.1,26,3,UPLOAD,0.95,UPLOAD,0.95,1,14480,0.67235539494878,53,344248.0,231457.0,31,22,0.5979590241529951,0.402040975847005,0.01621418384029607,1,0,1,1,1,1,1,1,0.9699999999999999,1.0,1.0,1.0,0.8,skip,attack_already_active,1785296110.464384,1785296110464383930,1384778681083164,63.5,53.3203125,-1.0,0,0
2026-07-28T23:35:10.466,10.42.0.1,10.42.0.1,26,3,UPLOAD,0.95,UPLOAD,0.95,1,7128,0.6930613975979728,54,344248.0,238585.0,31,23,0.5906460341126875,0.4093539658873125,0.014324541200854682,1,0,1,1,1,1,1,1,0.9699999999999999,1.0,1.0,1.0,0.8,skip,attack_already_active,1785296110.4662583,1785296110466258152,1384778682956931,63.5,53.3203125,-1.0,0,0
2026-07-28T23:35:10.551,10.42.0.18,10.42.0.1,22,2,TRAINING,0.95,TRAINING,0.95,1,24820,0.38430571040220013,6,64584.0,24820.0,5,1,0.7223837859603597,0.27761621403964026,0.6210276587961436,0,0,0,0,1,1,0,0,0.5725,1.0,0.0,1.0,0.15,skip,training_upload_trigger_not_confirmed,1785296110.5512319,1785296110551231624,1384778767930234,63.5,53.3203125,-1.0,0,0
2026-07-28T23:35:10.552,10.42.0.18,10.42.0.1,22,3,UPLOAD,0.95,UPLOAD,0.95,1,54708,1.2313885792110832,7,64584.0,79528.0,5,2,0.44815143777062283,0.5518485622293772,0.5394245897372855,0,0,0,1,1,1,1,1,0.9699999999999999,1.0,1.0,1.0,0.8,trigger,training_upload_trigger_confirmed,1785296110.5529964,1785296110552996308,1384778769695640,63.5,53.3203125,53.079953,1785296110606078323,1384778822775593
2026-07-28T23:35:10.554,10.42.0.1,10.42.0.1,26,3,UPLOAD,0.95,UPLOAD,0.95,1,7240,0.7140927470901383,55,344248.0,245825.0,31,24,0.5833990031741836,0.41660099682581647,0.020040402787896643,1,0,1,1,1,1,1,1,0.9699999999999999,1.0,1.0,1.0,0.8,skip,attack_already_active,1785296110.5543928,1785296110554392830,1384778771092442,63.5,53.3203125,-1.0,0,0
2026-07-28T23:35:10.555,10.42.0.1,10.42.0.1,26,3,UPLOAD,0.95,UPLOAD,0.95,1,7240,0.7351240965823037,56,344248.0,253065.0,31,25,0.5763276540105439,0.42367234598945613,0.01755906449288582,1,0,1,1,1,1,1,1,0.9699999999999999,1.0,1.0,1.0,0.8,skip,attack_already_active,1785296110.555603,1785296110555602968,1384778772301314,63.5,53.3203125,-1.0,0,0
2026-07-28T23:35:10.556,10.42.0.1,10.42.0.1,26,3,UPLOAD,0.8256884513357495,UPLOAD,0.8256884513357495,0,43,0.7351240965823037,56,344248.0,253065.0,31,25,0.5763276540105439,0.42367234598945613,0.029060814295160484,1,0,1,1,1,1,1,1,0.8025,0.7500000000000001,1.0,0.6000000000000001,0.8,skip,attack_already_active,1785296110.556692,1785296110556692082,1384778773390413,63.5,53.3203125,-1.0,0,0
2026-07-28T23:35:10.557,10.42.0.1,10.42.0.1,26,3,UPLOAD,0.95,UPLOAD,0.95,1,14480,0.7771867955666346,57,344248.0,267545.0,31,26,0.562687052646892,0.437312947353108,0.02549823243515988,1,0,1,1,1,1,1,1,0.9699999999999999,1.0,1.0,1.0,0.8,skip,attack_already_active,1785296110.5576284,1785296110557628487,1384778774326963,63.5,53.3203125,-1.0,0,0
2026-07-28T23:35:10.558,10.42.0.1,10.42.0.1,26,3,UPLOAD,0.95,UPLOAD,0.95,1,14480,0.8192494945509654,58,344248.0,282025.0,31,27,0.5496772174435111,0.45032278255648894,0.02229919957676514,1,0,1,1,1,1,1,1,0.9699999999999999,1.0,1.0,1.0,0.8,skip,attack_already_active,1785296110.55885,1785296110558849932,1384778775548654,63.5,53.3203125,-1.0,0,0
2026-07-28T23:35:10.561,10.42.0.1,10.42.0.1,26,3,UPLOAD,0.95,UPLOAD,0.95,1,14480,0.8613121935352963,59,344248.0,296505.0,31,28,0.5372553854605441,0.4627446145394559,0.019678993486860027,1,0,1,1,1,1,1,1,0.9699999999999999,1.0,1.0,1.0,0.8,skip,attack_already_active,1785296110.5612652,1785296110561265164,1384778777963760,63.5,53.3203125,-1.0,0,0
2026-07-28T23:35:10.563,10.42.0.1,10.42.0.1,26,3,UPLOAD,0.95,UPLOAD,0.95,1,14480,0.9033748925196272,60,344248.0,310985.0,31,29,0.5253825738325145,0.4746174261674855,0.01733670458199387,1,0,1,1,1,1,1,1,0.9699999999999999,1.0,1.0,1.0,0.8,skip,attack_already_active,1785296110.5631692,1785296110563169221,1384778779868180,63.5,53.3203125,-1.0,0,0
2026-07-28T23:35:10.564,10.42.0.1,10.42.0.1,26,3,UPLOAD,0.95,UPLOAD,0.95,1,7128,0.92408089516882,61,344248.0,318113.0,31,30,0.5197286675996926,0.4802713324003074,0.015188929842623645,1,0,1,1,1,1,1,1,0.9699999999999999,1.0,1.0,1.0,0.8,skip,attack_already_active,1785296110.564207,1785296110564207058,1384778780905754,63.5,53.3203125,-1.0,0,0
2026-07-28T23:35:11.930,10.42.0.210,10.42.0.1|10.42.0.210,26,3,UPLOAD,0.95,UPLOAD,0.95,1,1448,100.0,1,0.0,1448.0,0,1,0.0,1.0,0.3009940536311584,1,0,0,1,1,1,1,1,0.9525,0.95,1.0,1.0,0.8,trigger,training_upload_trigger_confirmed,1785296111.9304256,1785296111930425497,1384780147124349,7.6,53.3203125,9.237095,1785296111939663981,1384780156361444
2026-07-28T23:35:11.931,10.42.0.210,10.42.0.1|10.42.0.210,26,3,UPLOAD,0.9841010226033655,UPLOAD,0.9841010226033655,1,1448,100.0,2,0.0,2896.0,0,2,0.0,1.0,0.2614515537399655,1,0,1,1,1,1,1,1,0.9699999999999999,1.0,1.0,1.0,0.8,skip,attack_already_active,1785296111.9313426,1785296111931342576,1384780148041616,7.6,53.3203125,-1.0,0,0
2026-07-28T23:35:11.933,10.42.0.210,10.42.0.1|10.42.0.210,26,3,UPLOAD,0.9854688349332961,UPLOAD,0.9854688349332961,1,1448,100.0,3,0.0,4344.0,0,3,0.0,1.0,0.22724173984755977,1,0,1,1,1,1,1,1,0.9699999999999999,1.0,1.0,1.0,0.8,skip,attack_already_active,1785296111.9331853,1785296111933185158,1384780149884200,7.6,53.3203125,-1.0,0,0
2026-07-28T23:35:11.934,10.42.0.210,10.42.0.1|10.42.0.210,26,3,UPLOAD,0.9855076450773014,UPLOAD,0.9855076450773014,1,1448,100.0,4,0.0,5792.0,0,4,0.0,1.0,0.19742944214280628,1,0,1,1,1,1,1,1,0.9699999999999999,1.0,1.0,1.0,0.8,skip,attack_already_active,1785296111.9341898,1785296111934189926,1384780150888132,7.6,53.3203125,-1.0,0,0
2026-07-28T23:35:11.935,10.42.0.210,10.42.0.1|10.42.0.210,26,3,UPLOAD,0.9855086980780915,UPLOAD,0.9855086980780915,1,1448,100.0,5,0.0,7240.0,0,5,0.0,1.0,0.1716086990170255,1,0,1,1,1,1,1,1,0.9699999999999999,1.0,1.0,1.0,0.8,skip,attack_already_active,1785296111.9356728,1785296111935672939,1384780152372618,7.6,53.3203125,-1.0,0,0
2026-07-28T23:35:11.936,10.42.0.210,10.42.0.1|10.42.0.210,26,3,UPLOAD,0.9855087254685951,UPLOAD,0.9855087254685951,1,1448,100.0,6,0.0,8688.0,0,6,0.0,1.0,0.14908182894893693,1,0,1,1,1,1,1,1,0.9699999999999999,1.0,1.0,1.0,0.8,skip,attack_already_active,1785296111.9363313,1785296111936331217,1384780153029488,7.6,53.3203125,-1.0,0,0
2026-07-28T23:35:11.937,10.42.0.210,10.42.0.1|10.42.0.210,26,3,UPLOAD,0.9855087261493067,UPLOAD,0.9855087261493067,1,1448,100.0,7,0.0,10136.0,0,7,0.0,1.0,0.1295588013018106,1,0,1,1,1,1,1,1,0.9699999999999999,1.0,1.0,1.0,0.8,skip,attack_already_active,1785296111.9372582,1785296111937258260,1384780153957203,7.6,53.3203125,-1.0,0,0
2026-07-28T23:35:11.938,10.42.0.210,10.42.0.1|10.42.0.210,26,3,UPLOAD,0.9855087261653082,UPLOAD,0.9855087261653082,1,1448,100.0,8,0.0,11584.0,0,8,0.0,1.0,0.11259618885166318,1,0,1,1,1,1,1,1,0.9699999999999999,1.0,1.0,1.0,0.8,skip,attack_already_active,1785296111.9380925,1785296111938092654,1384780154791570,7.6,53.3203125,-1.0,0,0
2026-07-28T23:35:11.939,10.42.0.210,10.42.0.1|10.42.0.210,26,3,UPLOAD,0.985508726165656,UPLOAD,0.985508726165656,1,1448,100.0,9,0.0,13032.0,0,9,0.0,1.0,0.09788361328022191,1,0,1,1,1,1,1,1,0.9699999999999999,1.0,1.0,1.0,0.8,skip,attack_already_active,1785296111.939039,1785296111939039080,1384780155737125,7.6,53.3203125,-1.0,0,0
2026-07-28T23:35:11.939,10.42.0.210,10.42.0.1|10.42.0.210,26,3,UPLOAD,0.9855087261656625,UPLOAD,0.9855087261656625,1,1448,100.0,10,0.0,14480.0,0,10,0.0,1.0,0.08506507246287309,1,0,1,1,1,1,1,1,0.9699999999999999,1.0,1.0,1.0,0.8,skip,attack_already_active,1785296111.9396462,1785296111939646104,1384780156344063,7.6,53.3203125,-1.0,0,0
2026-07-28T23:35:11.940,10.42.0.210,10.42.0.1|10.42.0.210,26,3,UPLOAD,0.95,UPLOAD,0.95,1,1448,100.0,11,0.0,15928.0,0,11,0.0,1.0,0.07396958751501971,1,0,1,1,1,1,1,1,0.9699999999999999,1.0,1.0,1.0,0.8,skip,attack_already_active,1785296111.9405107,1785296111940510603,1384780157208611,7.6,53.3203125,-1.0,0,0
2026-07-28T23:35:11.941,10.42.0.210,10.42.0.1|10.42.0.210,26,3,UPLOAD,0.95,UPLOAD,0.95,1,1448,100.0,12,0.0,17376.0,0,12,0.0,1.0,0.06429646108787337,1,0,1,1,1,1,1,1,0.9699999999999999,1.0,1.0,1.0,0.8,skip,attack_already_active,1785296111.9410737,1785296111941073749,1384780157771744,7.6,53.3203125,-1.0,0,0
2026-07-28T23:35:11.941,10.42.0.210,10.42.0.1|10.42.0.210,26,3,UPLOAD,0.95,UPLOAD,0.95,1,1448,100.0,13,0.0,18824.0,0,13,0.0,1.0,0.055943058425808365,1,0,1,1,1,1,1,1,0.9699999999999999,1.0,1.0,1.0,0.8,skip,attack_already_active,1785296111.9419785,1785296111941978462,1384780158676640,7.6,53.3203125,-1.0,0,0
2026-07-28T23:35:11.942,10.42.0.210,10.42.0.1|10.42.0.210,26,3,UPLOAD,0.95,UPLOAD,0.95,1,1448,100.0,14,0.0,20272.0,0,14,0.0,1.0,0.048681843989626127,1,0,1,1,1,1,1,1,0.9699999999999999,1.0,1.0,1.0,0.8,skip,attack_already_active,1785296111.9428182,1785296111942817982,1384780159516313,7.6,53.3203125,-1.0,0,0
2026-07-28T23:35:11.943,10.42.0.210,10.42.0.1|10.42.0.210,26,3,UPLOAD,0.95,UPLOAD,0.95,1,1448,100.0,15,0.0,21720.0,0,15,0.0,1.0,0.042421456702778776,1,0,1,1,1,1,1,1,0.9699999999999999,1.0,1.0,1.0,0.8,skip,attack_already_active,1785296111.9439917,1785296111943991542,1384780160689766,7.6,53.3203125,-1.0,0,0
2026-07-28T23:35:11.944,10.42.0.210,10.42.0.1|10.42.0.210,26,3,UPLOAD,0.95,UPLOAD,0.95,1,1448,100.0,16,0.0,23168.0,0,16,0.0,1.0,0.03694826481216479,1,0,1,1,1,1,1,1,0.9699999999999999,1.0,1.0,1.0,0.8,skip,attack_already_active,1785296111.9448786,1785296111944878470,1384780161576893,7.6,53.3203125,-1.0,0,0
2026-07-28T23:35:11.946,10.42.0.210,10.42.0.1|10.42.0.210,26,3,UPLOAD,0.95,UPLOAD,0.95,1,1448,100.0,17,0.0,24616.0,0,17,0.0,1.0,0.032245782409045,1,0,1,1,1,1,1,1,0.9699999999999999,1.0,1.0,1.0,0.8,skip,attack_already_active,1785296111.946141,1785296111946140995,1384780162839445,7.6,53.3203125,-1.0,0,0
2026-07-28T23:35:11.946,10.42.0.210,10.42.0.1|10.42.0.210,26,3,UPLOAD,0.95,UPLOAD,0.95,1,1448,100.0,18,0.0,26064.0,0,18,0.0,1.0,0.028108866223246494,1,0,1,1,1,1,1,1,0.9699999999999999,1.0,1.0,1.0,0.8,skip,attack_already_active,1785296111.9469929,1785296111946992996,1384780163691223,7.6,53.3203125,-1.0,0,0
2026-07-28T23:35:11.948,10.42.0.210,10.42.0.1|10.42.0.210,26,3,UPLOAD,0.95,UPLOAD,0.95,1,1448,100.0,19,0.0,27512.0,0,19,0.0,1.0,0.024573861359519947,1,0,1,1,1,1,1,1,0.9699999999999999,1.0,1.0,1.0,0.8,skip,attack_already_active,1785296111.9482756,1785296111948275492,1384780164973783,7.6,53.3203125,-1.0,0,0
2026-07-28T23:35:11.949,10.42.0.210,10.42.0.1|10.42.0.210,26,3,UPLOAD,0.95,UPLOAD,0.95,1,1448,100.0,20,0.0,28960.0,0,20,0.0,1.0,0.02145171000987768,1,0,1,1,1,1,1,1,0.9699999999999999,1.0,1.0,1.0,0.8,skip,attack_already_active,1785296111.9491563,1785296111949156343,1384780165854589,7.6,53.3203125,-1.0,0,0
2026-07-28T23:35:11.950,10.42.0.210,10.42.0.1|10.42.0.210,26,3,UPLOAD,0.95,UPLOAD,0.95,1,1448,100.0,21,0.0,30408.0,0,21,0.0,1.0,0.018788575980448394,1,0,1,1,1,1,1,1,0.9699999999999999,1.0,1.0,1.0,0.8,skip,attack_already_active,1785296111.9503982,1785296111950398100,1384780167096271,7.6,53.3203125,-1.0,0,0
2026-07-28T23:35:11.951,10.42.0.210,10.42.0.1|10.42.0.210,26,3,UPLOAD,0.95,UPLOAD,0.95,1,1448,100.0,22,0.0,31856.0,0,22,0.0,1.0,0.016427080994410873,1,0,1,1,1,1,1,1,0.9699999999999999,1.0,1.0,1.0,0.8,skip,attack_already_active,1785296111.951266,1785296111951266092,1384780167964924,7.6,53.3203125,-1.0,0,0
2026-07-28T23:35:11.952,10.42.0.210,10.42.0.1|10.42.0.210,26,3,UPLOAD,0.95,UPLOAD,0.95,1,1448,100.0,23,0.0,33304.0,0,23,0.0,1.0,0.014428766687767854,1,0,1,1,1,1,1,1,0.9699999999999999,1.0,1.0,1.0,0.8,skip,attack_already_active,1785296111.9525285,1785296111952528417,1384780169226909,7.6,53.3203125,-1.0,0,0
2026-07-28T23:35:11.953,10.42.0.210,10.42.0.1|10.42.0.210,26,3,UPLOAD,0.95,UPLOAD,0.95,1,1448,100.0,24,0.0,34752.0,0,24,0.0,1.0,0.012637636147715913,1,0,1,1,1,1,1,1,0.9699999999999999,1.0,1.0,1.0,0.8,skip,attack_already_active,1785296111.9533648,1785296111953364804,1384780170063344,7.6,53.3203125,-1.0,0,0
2026-07-28T23:35:11.954,10.42.0.210,10.42.0.1|10.42.0.210,26,3,UPLOAD,0.95,UPLOAD,0.95,1,1448,100.0,25,0.0,36200.0,0,25,0.0,1.0,0.011151869265022232,1,0,1,1,1,1,1,1,0.9699999999999999,1.0,1.0,1.0,0.8,skip,attack_already_active,1785296111.9547274,1785296111954727510,1384780171425826,7.6,53.3203125,-1.0,0,0
2026-07-28T23:35:11.955,10.42.0.210,10.42.0.1|10.42.0.210,26,3,UPLOAD,0.95,UPLOAD,0.95,1,1448,100.0,26,0.0,37648.0,0,26,0.0,1.0,0.009799681910449495,1,0,1,1,1,1,1,1,0.9699999999999999,1.0,1.0,1.0,0.8,skip,attack_already_active,1785296111.955618,1785296111955617851,1384780172316589,7.6,53.3203125,-1.0,0,0
2026-07-28T23:35:11.957,10.42.0.210,10.42.0.1|10.42.0.210,26,3,UPLOAD,0.95,UPLOAD,0.95,1,1448,100.0,27,0.0,39096.0,0,27,0.0,1.0,0.008705415894553542,1,0,1,1,1,1,1,1,0.9699999999999999,1.0,1.0,1.0,0.8,skip,attack_already_active,1785296111.9571135,1785296111957113612,1384780173812327,7.6,53.3203125,-1.0,0,0
2026-07-28T23:35:11.958,10.42.0.210,10.42.0.1|10.42.0.210,26,3,UPLOAD,0.95,UPLOAD,0.95,1,1448,100.0,28,0.0,40544.0,0,28,0.0,1.0,0.007771369117235779,1,0,1,1,1,1,1,1,0.9699999999999999,1.0,1.0,1.0,0.8,skip,attack_already_active,1785296111.9587307,1785296111958730761,1384780175430580,7.6,53.3203125,-1.0,0,0
2026-07-28T23:35:11.960,10.42.0.210,10.42.0.1|10.42.0.210,26,3,UPLOAD,0.95,UPLOAD,0.95,1,1448,100.0,29,0.0,41992.0,0,29,0.0,1.0,0.006978565162192508,1,0,1,1,1,1,1,1,0.9699999999999999,1.0,1.0,1.0,0.8,skip,attack_already_active,1785296111.9604857,1785296111960485677,1384780177189069,7.6,53.3203125,-1.0,0,0
2026-07-28T23:35:11.961,10.42.0.210,10.42.0.1|10.42.0.210,26,3,UPLOAD,0.95,UPLOAD,0.95,1,1448,100.0,30,0.0,43440.0,0,30,0.0,1.0,0.006214265056644297,1,0,1,1,1,1,1,1,0.9699999999999999,1.0,1.0,1.0,0.8,skip,attack_already_active,1785296111.9616642,1785296111961664185,1384780178362617,7.6,53.3203125,-1.0,0,0
2026-07-28T23:35:11.962,10.42.0.210,10.42.0.1|10.42.0.210,26,3,UPLOAD,0.95,UPLOAD,0.95,1,1448,100.0,31,0.0,44888.0,0,31,0.0,1.0,0.005568650990980024,1,0,1,1,1,1,1,1,0.9699999999999999,1.0,1.0,1.0,0.8,skip,attack_already_active,1785296111.962979,1785296111962979035,1384780179677394,7.6,53.3203125,-1.0,0,0
2026-07-28T23:35:11.963,10.42.0.210,10.42.0.1|10.42.0.210,26,3,UPLOAD,0.95,UPLOAD,0.95,1,1448,100.0,32,0.0,46336.0,0,32,0.0,1.0,0.004949707277547092,1,0,1,1,1,1,1,1,0.9699999999999999,1.0,1.0,1.0,0.8,skip,attack_already_active,1785296111.9638507,1785296111963850804,1384780180549058,7.6,53.3203125,-1.0,0,0
2026-07-28T23:35:11.965,10.42.0.210,10.42.0.1|10.42.0.210,26,3,UPLOAD,0.95,UPLOAD,0.95,1,1448,100.0,33,0.0,47784.0,0,33,0.0,1.0,0.00446535725211921,1,0,1,1,1,1,1,1,0.9699999999999999,1.0,1.0,1.0,0.8,skip,attack_already_active,1785296111.9651248,1785296111965124776,1384780181823069,7.6,53.3203125,-1.0,0,0
2026-07-28T23:35:11.965,10.42.0.210,10.42.0.1|10.42.0.210,26,3,UPLOAD,0.95,UPLOAD,0.95,1,1448,100.0,34,0.0,49232.0,0,34,0.0,1.0,0.003991893737486154,1,0,1,1,1,1,1,1,0.9699999999999999,1.0,1.0,1.0,0.8,skip,attack_already_active,1785296111.9659972,1785296111965997365,1384780182695586,7.6,53.3203125,-1.0,0,0
2026-07-28T23:35:11.966,10.42.0.210,10.42.0.1|10.42.0.210,26,3,UPLOAD,0.95,UPLOAD,0.95,1,1448,100.0,35,0.0,50680.0,0,35,0.0,1.0,0.003582862762288831,1,0,1,1,1,1,1,1,0.9699999999999999,1.0,1.0,1.0,0.8,skip,attack_already_active,1785296111.966885,1785296111966885052,1384780183583257,7.6,53.3203125,-1.0,0,0
2026-07-28T23:35:11.967,10.42.0.210,10.42.0.1|10.42.0.210,26,3,UPLOAD,0.95,UPLOAD,0.95,1,1448,100.0,36,0.0,52128.0,0,36,0.0,1.0,0.0032203485183874047,1,0,1,1,1,1,1,1,0.9699999999999999,1.0,1.0,1.0,0.8,skip,attack_already_active,1785296111.967717,1785296111967716802,1384780184415122,7.6,53.3203125,-1.0,0,0
2026-07-28T23:35:11.968,10.42.0.210,10.42.0.1|10.42.0.210,26,3,UPLOAD,0.95,UPLOAD,0.95,1,1448,100.0,37,0.0,53576.0,0,37,0.0,1.0,0.0029185169813458105,1,0,1,1,1,1,1,1,0.9699999999999999,1.0,1.0,1.0,0.8,skip,attack_already_active,1785296111.9686468,1785296111968646714,1384780185345148,7.6,53.3203125,-1.0,0,0
2026-07-28T23:35:11.969,10.42.0.210,10.42.0.1|10.42.0.210,26,3,UPLOAD,0.95,UPLOAD,0.95,1,1448,100.0,38,0.0,55024.0,0,38,0.0,1.0,0.002682158634718352,1,0,1,1,1,1,1,1,0.9699999999999999,1.0,1.0,1.0,0.8,skip,attack_already_active,1785296111.9697716,1785296111969771480,1384780186470872,7.6,53.3203125,-1.0,0,0
2026-07-28T23:35:11.970,10.42.0.210,10.42.0.1|10.42.0.210,26,3,UPLOAD,0.95,UPLOAD,0.95,1,1337,100.0,39,0.0,56361.0,0,39,0.0,1.0,0.0024618973099699527,1,0,1,1,1,1,1,1,0.9699999999999999,1.0,1.0,1.0,0.8,skip,attack_already_active,1785296111.9707823,1785296111970782210,1384780187481081,7.6,53.3203125,-1.0,0,0
2026-07-28T23:35:11.972,10.42.0.1,10.42.0.1|10.42.0.210,26,3,UPLOAD,0.95,UPLOAD,0.95,1,7240,100.0,1,0.0,7240.0,0,1,0.0,1.0,0.1916607044642097,1,0,1,1,1,1,1,1,0.9699999999999999,1.0,1.0,1.0,0.8,skip,attack_already_active,1785296111.9726586,1785296111972658606,1384780189356670,7.6,53.3203125,-1.0,0,0
2026-07-28T23:35:11.973,10.42.0.1,10.42.0.1|10.42.0.210,26,3,UPLOAD,0.9534023823221771,UPLOAD,0.9534023823221771,1,7240,100.0,2,0.0,14480.0,0,2,0.0,1.0,0.16647801393058204,1,0,1,1,1,1,1,1,0.9699999999999999,1.0,1.0,1.0,0.8,skip,attack_already_active,1785296111.9732149,1785296111973214943,1384780189913119,7.6,53.3203125,-1.0,0,0
2026-07-28T23:35:12.002,10.42.0.1,10.42.0.1|10.42.0.210,26,3,UPLOAD,0.9732020062041571,UPLOAD,0.9732020062041571,1,1448,100.0,3,0.0,15928.0,0,3,0.0,1.0,0.14843773783885034,1,0,1,1,1,1,1,1,0.9699999999999999,1.0,1.0,1.0,0.8,skip,attack_already_active,1785296112.0027902,1785296112002790078,1384780219488788,7.6,53.3203125,-1.0,0,0
2026-07-28T23:35:12.046,10.42.0.1,10.42.0.1|10.42.0.210,26,3,UPLOAD,0.9759826224738256,UPLOAD,0.9759826224738256,1,14480,100.0,4,0.0,30408.0,0,4,0.0,1.0,0.13469296672056166,1,0,1,1,1,1,1,1,0.9699999999999999,1.0,1.0,1.0,0.8,skip,attack_already_active,1785296112.0469227,1785296112046922681,1384780263621015,7.6,53.3203125,-1.0,0,0
2026-07-28T23:35:12.047,10.42.0.1,10.42.0.1|10.42.0.210,26,3,UPLOAD,0.9768542997658105,UPLOAD,0.9768542997658105,1,14480,100.0,5,0.0,44888.0,0,5,0.0,1.0,0.11702562086868643,1,0,1,1,1,1,1,1,0.9699999999999999,1.0,1.0,1.0,0.8,skip,attack_already_active,1785296112.047543,1785296112047543141,1384780264241183,7.6,53.3203125,-1.0,0,0
2026-07-28T23:35:12.048,10.42.0.1,10.42.0.1|10.42.0.210,26,3,UPLOAD,0.9758111966306012,UPLOAD,0.9758111966306012,0,43,100.0,5,0.0,44888.0,0,5,0.0,1.0,0.29813169267719386,1,0,1,1,1,1,1,1,0.8374999999999999,0.8500000000000001,1.0,0.6000000000000001,0.8,skip,attack_already_active,1785296112.0480814,1785296112048081330,1384780264779267,7.6,53.3203125,-1.0,0,0
2026-07-28T23:35:12.049,10.42.0.1,10.42.0.1|10.42.0.210,26,3,UPLOAD,0.9776039071980694,UPLOAD,0.9776039071980694,1,15928,100.0,6,0.0,60816.0,0,6,0.0,1.0,0.2591335827173174,1,0,1,1,1,1,1,1,0.9699999999999999,1.0,1.0,1.0,0.8,skip,attack_already_active,1785296112.0497289,1785296112049728795,1384780266427195,7.6,53.3203125,-1.0,0,0
2026-07-28T23:35:12.050,10.42.0.1,10.42.0.1|10.42.0.210,26,3,UPLOAD,0.978258073838497,UPLOAD,0.978258073838497,1,14480,100.0,7,0.0,75296.0,0,7,0.0,1.0,0.2251280539343013,1,0,1,1,1,1,1,1,0.9699999999999999,1.0,1.0,1.0,0.8,skip,attack_already_active,1785296112.050804,1785296112050804017,1384780267502023,7.6,53.3203125,-1.0,0,0
2026-07-28T23:35:12.051,10.42.0.1,10.42.0.1|10.42.0.210,26,3,UPLOAD,0.978652827751133,UPLOAD,0.978652827751133,1,4233,100.0,8,0.0,79529.0,0,8,0.0,1.0,0.1955701574420746,1,0,1,1,1,1,1,1,0.9699999999999999,1.0,1.0,1.0,0.8,skip,attack_already_active,1785296112.0516253,1785296112051625245,1384780268323374,7.6,53.3203125,-1.0,0,0
2026-07-28T23:35:12.715,10.42.0.47,10.42.0.1|10.42.0.210|10.42.0.47,26,3,UPLOAD,0.95,UPLOAD,0.95,1,7240,100.0,1,0.0,7240.0,0,1,0.0,1.0,0.39177738948945784,1,0,0,1,1,1,1,1,0.9699999999999999,1.0,1.0,1.0,0.8,trigger,training_upload_trigger_confirmed,1785296112.7159305,1785296112715930395,1384780932628895,40.3,53.3203125,5.591178,1785296112721522819,1384780938220073
2026-07-28T23:35:12.716,10.42.0.47,10.42.0.1|10.42.0.210|10.42.0.47,26,3,UPLOAD,0.95,UPLOAD,0.95,1,1448,100.0,2,0.0,8688.0,0,2,0.0,1.0,0.3402519822224691,1,0,1,1,1,1,1,1,0.9699999999999999,1.0,1.0,1.0,0.8,skip,attack_already_active,1785296112.7166958,1785296112716695763,1384780933394411,40.3,53.3203125,-1.0,0,0
2026-07-28T23:35:12.717,10.42.0.47,10.42.0.1|10.42.0.210|10.42.0.47,26,3,UPLOAD,0.95,UPLOAD,0.95,1,5792,100.0,3,0.0,14480.0,0,3,0.0,1.0,0.2955481340360226,1,0,1,1,1,1,1,1,0.9699999999999999,1.0,1.0,1.0,0.8,skip,attack_already_active,1785296112.7177026,1785296112717702660,1384780934401221,40.3,53.3203125,-1.0,0,0
2026-07-28T23:35:12.719,10.42.0.47,10.42.0.1|10.42.0.210|10.42.0.47,26,3,UPLOAD,0.95,UPLOAD,0.95,1,10136,100.0,4,0.0,24616.0,0,4,0.0,1.0,0.25682801319022697,1,0,1,1,1,1,1,1,0.9699999999999999,1.0,1.0,1.0,0.8,skip,attack_already_active,1785296112.7194145,1785296112719414551,1384780936113118,40.3,53.3203125,-1.0,0,0
2026-07-28T23:35:12.721,10.42.0.47,10.42.0.1|10.42.0.210|10.42.0.47,26,3,UPLOAD,0.95,UPLOAD,0.95,1,1448,100.0,5,0.0,26064.0,0,5,0.0,1.0,0.22325379174727022,1,0,1,1,1,1,1,1,0.9699999999999999,1.0,1.0,1.0,0.8,skip,attack_already_active,1785296112.721457,1785296112721456945,1384780938155509,40.3,53.3203125,-1.0,0,0
2026-07-28T23:35:12.722,10.42.0.47,10.42.0.1|10.42.0.210|10.42.0.47,26,3,UPLOAD,0.9515375926832501,UPLOAD,0.9515375926832501,1,14480,100.0,6,0.0,40544.0,0,6,0.0,1.0,0.19395129504417974,1,0,1,1,1,1,1,1,0.9699999999999999,1.0,1.0,1.0,0.8,skip,attack_already_active,1785296112.7223423,1785296112722342038,1384780939041543,40.3,53.3203125,-1.0,0,0
2026-07-28T23:35:12.723,10.42.0.47,10.42.0.1|10.42.0.210|10.42.0.47,26,3,UPLOAD,0.95,UPLOAD,0.95,1,2896,100.0,7,0.0,43440.0,0,7,0.0,1.0,0.16851159589992443,1,0,1,1,1,1,1,1,0.9699999999999999,1.0,1.0,1.0,0.8,skip,attack_already_active,1785296112.7232387,1785296112723238589,1384780939937848,40.3,53.3203125,-1.0,0,0
2026-07-28T23:35:12.724,10.42.0.47,10.42.0.1|10.42.0.210|10.42.0.47,26,3,UPLOAD,0.9506540226695831,UPLOAD,0.9506540226695831,1,8688,100.0,8,0.0,52128.0,0,8,0.0,1.0,0.14644898798950962,1,0,1,1,1,1,1,1,0.9699999999999999,1.0,1.0,1.0,0.8,skip,attack_already_active,1785296112.7243233,1785296112724323450,1384780941021838,40.3,53.3203125,-1.0,0,0
2026-07-28T23:35:12.725,10.42.0.47,10.42.0.1|10.42.0.210|10.42.0.47,26,3,UPLOAD,0.95,UPLOAD,0.95,1,8688,100.0,9,0.0,60816.0,0,9,0.0,1.0,0.12727277589128755,1,0,1,1,1,1,1,1,0.9699999999999999,1.0,1.0,1.0,0.8,skip,attack_already_active,1785296112.7252493,1785296112725249279,1384780941947518,40.3,53.3203125,-1.0,0,0
2026-07-28T23:35:12.726,10.42.0.47,10.42.0.1|10.42.0.210|10.42.0.47,26,3,UPLOAD,0.95,UPLOAD,0.95,1,1448,100.0,10,0.0,62264.0,0,10,0.0,1.0,0.11067756844151778,1,0,1,1,1,1,1,1,0.9699999999999999,1.0,1.0,1.0,0.8,skip,attack_already_active,1785296112.7265856,1785296112726585597,1384780943284528,40.3,53.3203125,-1.0,0,0
2026-07-28T23:35:12.727,10.42.0.47,10.42.0.1|10.42.0.210|10.42.0.47,26,3,UPLOAD,0.9532309802481459,UPLOAD,0.9532309802481459,1,1448,100.0,11,0.0,63712.0,0,11,0.0,1.0,0.09622520116360682,1,0,1,1,1,1,1,1,0.9699999999999999,1.0,1.0,1.0,0.8,skip,attack_already_active,1785296112.7275882,1785296112727588151,1384780944286690,40.3,53.3203125,-1.0,0,0
2026-07-28T23:35:12.728,10.42.0.47,10.42.0.1|10.42.0.210|10.42.0.47,26,3,UPLOAD,0.9517499746753203,UPLOAD,0.9517499746753203,1,5792,100.0,12,0.0,69504.0,0,12,0.0,1.0,0.0836839159950853,1,0,1,1,1,1,1,1,0.9699999999999999,1.0,1.0,1.0,0.8,skip,attack_already_active,1785296112.728641,1785296112728641067,1384780945339533,40.3,53.3203125,-1.0,0,0
2026-07-28T23:35:12.730,10.42.0.47,10.42.0.1|10.42.0.210|10.42.0.47,26,3,UPLOAD,0.9569316712692606,UPLOAD,0.9569316712692606,1,10024,100.0,13,0.0,79528.0,0,13,0.0,1.0,0.07285064103763803,1,0,1,1,1,1,1,1,0.9699999999999999,1.0,1.0,1.0,0.8,skip,attack_already_active,1785296112.7301142,1785296112730114373,1384780946813242,40.3,53.3203125,-1.0,0,0
2026-07-28T23:35:12.731,10.42.0.1,10.42.0.1|10.42.0.210|10.42.0.47,26,3,UPLOAD,0.9789557579231515,UPLOAD,0.9789557579231515,1,7240,100.0,9,0.0,86769.0,0,9,0.0,1.0,0.25871154498567617,1,0,1,1,1,1,1,1,0.9699999999999999,1.0,1.0,1.0,0.8,skip,attack_already_active,1785296112.7311573,1785296112731157372,1384780947855605,40.3,53.3203125,-1.0,0,0
2026-07-28T23:35:12.732,10.42.0.1,10.42.0.1|10.42.0.210|10.42.0.47,26,3,UPLOAD,0.9792104296443364,UPLOAD,0.9792104296443364,1,7240,100.0,10,0.0,94009.0,0,10,0.0,1.0,0.22474070595780302,1,0,1,1,1,1,1,1,0.9699999999999999,1.0,1.0,1.0,0.8,skip,attack_already_active,1785296112.7320735,1785296112732073369,1384780948771560,40.3,53.3203125,-1.0,0,0
2026-07-28T23:35:12.763,10.42.0.1,10.42.0.1|10.42.0.210|10.42.0.47,26,3,UPLOAD,0.979521435192073,UPLOAD,0.979521435192073,1,14480,100.0,11,0.0,108489.0,0,11,0.0,1.0,0.19925293337439987,1,0,1,1,1,1,1,1,0.9699999999999999,1.0,1.0,1.0,0.8,skip,attack_already_active,1785296112.7633946,1785296112763394643,1384780980093160,40.3,53.3203125,-1.0,0,0
2026-07-28T23:35:12.764,10.42.0.1,10.42.0.1|10.42.0.210|10.42.0.47,26,3,UPLOAD,0.9800953441079016,UPLOAD,0.9800953441079016,1,14480,100.0,12,0.0,122969.0,0,12,0.0,1.0,0.17308775170869922,1,0,1,1,1,1,1,1,0.9699999999999999,1.0,1.0,1.0,0.8,skip,attack_already_active,1785296112.7640872,1785296112764087364,1384780980785438,40.3,53.3203125,-1.0,0,0
2026-07-28T23:35:12.764,10.42.0.1,10.42.0.1|10.42.0.210|10.42.0.47,26,3,UPLOAD,0.9790764987052466,UPLOAD,0.9790764987052466,0,43,100.0,12,0.0,122969.0,0,12,0.0,1.0,0.24471041547460398,1,0,1,1,1,1,1,1,0.8374999999999999,0.8500000000000001,1.0,0.6000000000000001,0.8,skip,attack_already_active,1785296112.7646937,1785296112764693770,1384780981391932,40.3,53.3203125,-1.0,0,0
2026-07-28T23:35:12.766,10.42.0.1,10.42.0.1|10.42.0.210|10.42.0.47,26,3,UPLOAD,0.9802146404762383,UPLOAD,0.9802146404762383,1,11584,100.0,13,0.0,134553.0,0,13,0.0,1.0,0.21279534773460126,1,0,1,1,1,1,1,1,0.9699999999999999,1.0,1.0,1.0,0.8,skip,attack_already_active,1785296112.766603,1785296112766603058,1384780983301124,40.3,53.3203125,-1.0,0,0
2026-07-28T23:35:12.767,10.42.0.1,10.42.0.1|10.42.0.210|10.42.0.47,26,3,UPLOAD,0.9805844794457166,UPLOAD,0.9805844794457166,1,10136,100.0,14,0.0,144689.0,0,14,0.0,1.0,0.18487094410066163,1,0,1,1,1,1,1,1,0.9699999999999999,1.0,1.0,1.0,0.8,skip,attack_already_active,1785296112.7674878,1785296112767487730,1384780984185960,40.3,53.3203125,-1.0,0,0
2026-07-28T23:35:12.768,10.42.0.1,10.42.0.1|10.42.0.210|10.42.0.47,26,3,UPLOAD,0.9810141340555344,UPLOAD,0.9810141340555344,1,7240,100.0,15,0.0,151929.0,0,15,0.0,1.0,0.16063000260210591,1,0,1,1,1,1,1,1,0.9699999999999999,1.0,1.0,1.0,0.8,skip,attack_already_active,1785296112.768401,1785296112768400972,1384780985099243,40.3,53.3203125,-1.0,0,0
2026-07-28T23:35:12.769,10.42.0.1,10.42.0.1|10.42.0.210|10.42.0.47,26,3,UPLOAD,0.9816946842129988,UPLOAD,0.9816946842129988,1,7128,100.0,16,0.0,159057.0,0,16,0.0,1.0,0.13960548478200513,1,0,1,1,1,1,1,1,0.9699999999999999,1.0,1.0,1.0,0.8,skip,attack_already_active,1785296112.7694817,1785296112769481774,1384780986180393,40.3,53.3203125,-1.0,0,0
2026-07-28T23:35:13.239,10.42.0.1,,27,1,DOWNLOAD,0.9760273645585622,DOWNLOAD,0.9760273645585622,-1,1448,54.92265189646225,9,1448.0,79528.0,1,8,0.017881841533293814,0.9821181584667061,0.18373329051229442,0,0,0,0,0,0,0,0,0.057499999999999996,0.1,0.0,0.0,0.15,skip,training_upload_trigger_not_confirmed,1785296113.239173,1785296113239172801,1384781455871492,24.7,53.3203125,-1.0,0,0
2026-07-28T23:35:13.243,10.42.0.1,,27,1,DOWNLOAD,0.95,DOWNLOAD,0.95,-1,5792,10.984530385361252,10,7240.0,79528.0,2,8,0.08344089987092015,0.9165591001290798,0.16003840573663305,0,0,0,0,0,0,0,0,0.057499999999999996,0.1,0.0,0.0,0.15,skip,training_upload_trigger_not_confirmed,1785296113.2430923,1785296113243092119,1384781459791204,24.7,53.3203125,-1.0,0,0
2026-07-28T23:35:13.244,10.42.0.1,,27,1,DOWNLOAD,0.95,DOWNLOAD,0.95,-1,7240,5.492265193059926,11,14480.0,79528.0,3,8,0.15402944430261253,0.8459705556973874,0.13909464143507966,0,0,0,0,0,0,0,0,0.057499999999999996,0.1,0.0,0.0,0.15,skip,training_upload_trigger_not_confirmed,1785296113.2441943,1785296113244194336,1384781460892678,24.7,53.3203125,-1.0,0,0
2026-07-28T23:35:13.245,10.42.0.1,,27,1,DOWNLOAD,0.95,DOWNLOAD,0.95,-1,7240,3.661510128790906,12,21720.0,79528.0,4,8,0.21452275600505688,0.7854772439949431,0.12089740953657296,0,0,0,0,0,0,0,0,0.057499999999999996,0.1,0.0,0.0,0.15,skip,training_upload_trigger_not_confirmed,1785296113.2451952,1785296113245195249,1384781461893899,24.7,53.3203125,-1.0,0,0
2026-07-28T23:35:13.246,10.42.0.1,,27,1,DOWNLOAD,0.95,DOWNLOAD,0.95,-1,7240,2.746132596624788,13,28960.0,79528.0,5,8,0.26694196593171593,0.7330580340682841,0.10513027970606521,0,0,0,0,0,0,0,0,0.057499999999999996,0.1,0.0,0.0,0.15,skip,training_upload_trigger_not_confirmed,1785296113.2464402,1785296113246440238,1384781463138898,24.7,53.3203125,-1.0,0,0
2026-07-28T23:35:13.248,10.42.0.1,,27,1,DOWNLOAD,0.95,DOWNLOAD,0.95,-1,7240,2.196906077315002,14,36200.0,79528.0,6,8,0.31280243329185675,0.6871975667081432,0.09152147229108917,0,0,0,0,0,0,0,0,0.057499999999999996,0.1,0.0,0.0,0.15,skip,training_upload_trigger_not_confirmed,1785296113.248297,1785296113248296872,1384781464995226,24.7,53.3203125,-1.0,0,0
2026-07-28T23:35:13.249,10.42.0.1,,27,1,DOWNLOAD,0.95,DOWNLOAD,0.95,-1,7240,1.8307550644375976,15,43440.0,79528.0,7,8,0.3532626374341292,0.6467373625658708,0.07958861395023996,0,0,0,0,0,0,0,0,0.057499999999999996,0.1,0.0,0.0,0.15,skip,training_upload_trigger_not_confirmed,1785296113.2492633,1785296113249263325,1384781465961768,24.7,53.3203125,-1.0,0,0
2026-07-28T23:35:13.250,10.42.0.1,,27,1,DOWNLOAD,0.95,DOWNLOAD,0.95,-1,7240,1.5692186266659585,16,50680.0,79528.0,8,8,0.3892233964118948,0.6107766035881051,0.06922807600844713,0,0,0,0,0,0,0,0,0.057499999999999996,0.1,0.0,0.0,0.15,skip,training_upload_trigger_not_confirmed,1785296113.2502286,1785296113250228836,1384781466927267,24.7,53.3203125,-1.0,0,0
2026-07-28T23:35:13.251,10.42.0.1,,27,1,DOWNLOAD,0.95,DOWNLOAD,0.95,-1,7240,1.3730662983361002,17,57920.0,79528.0,9,8,0.4213957278388918,0.5786042721611082,0.060227011633671335,0,0,0,0,0,0,0,0,0.057499999999999996,0.1,0.0,0.0,0.15,skip,training_upload_trigger_not_confirmed,1785296113.2511501,1785296113251150031,1384781467848248,24.7,53.3203125,-1.0,0,0
2026-07-28T23:35:13.252,10.42.0.1,,27,1,DOWNLOAD,0.95,DOWNLOAD,0.95,-1,10136,1.1685670624167073,18,68056.0,79528.0,10,8,0.46113399826539464,0.5388660017346054,0.05241029835643424,0,0,0,0,0,0,0,0,0.039999999999999994,0.05,0.0,0.0,0.15,skip,training_upload_trigger_not_confirmed,1785296113.2520583,1785296113252058299,1384781468756546,24.7,53.3203125,-1.0,0,0
2026-07-28T23:35:13.253,10.42.0.1,,27,1,DOWNLOAD,0.95,DOWNLOAD,0.95,-1,14480,0.9635552970829268,19,82536.0,79528.0,11,8,0.5092802843321157,0.4907197156678843,0.04563280222360005,0,0,0,0,0,0,0,0,0.039999999999999994,0.05,0.0,0.0,0.15,skip,training_upload_trigger_not_confirmed,1785296113.253036,1785296113253035965,1384781469734732,24.7,53.3203125,-1.0,0,0
2026-07-28T23:35:13.253,10.42.0.1,,27,1,DOWNLOAD,0.95,DOWNLOAD,0.95,-1,14480,0.8197410736391962,20,97016.0,79528.0,12,8,0.5495287293819104,0.45047127061808956,0.039744731198031555,0,0,0,0,0,0,0,0,0.039999999999999994,0.05,0.0,0.0,0.15,skip,training_upload_trigger_not_confirmed,1785296113.253986,1785296113253985886,1384781470684126,24.7,53.3203125,-1.0,0,0
2026-07-28T23:35:13.254,10.42.0.1,,27,1,DOWNLOAD,0.95,DOWNLOAD,0.95,-1,4344,0.7846093133407201,21,101360.0,79528.0,13,8,0.5603467338905842,0.4396532661094158,0.0346258342629763,0,0,0,0,0,0,0,0,0.0225,0.0,0.0,0.0,0.15,skip,training_upload_trigger_not_confirmed,1785296113.2548847,1785296113254884660,1384781471583305,24.7,53.3203125,-1.0,0,0
2026-07-28T23:35:13.255,10.42.0.1,,27,1,DOWNLOAD,0.95,DOWNLOAD,0.95,-1,14480,0.6865331491739768,22,115840.0,79528.0,14,8,0.5929323123541215,0.40706768764587853,0.030186849641671662,0,0,0,0,0,0,0,0,0.0225,0.0,0.0,0.0,0.15,skip,training_upload_trigger_not_confirmed,1785296113.2558243,1785296113255824416,1384781472522897,24.7,53.3203125,-1.0,0,0
2026-07-28T23:35:13.256,10.42.0.1,,27,1,DOWNLOAD,0.95,DOWNLOAD,0.95,-1,1448,0.6780574312830122,23,117288.0,79528.0,15,8,0.5959271603934639,0.40407283960653606,0.026336799880960163,0,0,0,0,0,0,0,0,0.0225,0.0,0.0,0.0,0.15,skip,training_upload_trigger_not_confirmed,1785296113.2567942,1785296113256794055,1384781473492316,24.7,53.3203125,-1.0,0,0
2026-07-28T23:35:13.257,10.42.0.1,,27,1,DOWNLOAD,0.95,DOWNLOAD,0.95,-1,13032,0.6102516881552313,24,130320.0,79528.0,16,8,0.6210209294346384,0.3789790705653616,0.02298855890550877,0,0,0,0,0,0,0,0,0.0225,0.0,0.0,0.0,0.15,skip,training_upload_trigger_not_confirmed,1785296113.2577221,1785296113257722197,1384781474420482,24.7,53.3203125,-1.0,0,0
2026-07-28T23:35:13.259,10.42.0.1,,27,1,DOWNLOAD,0.95,DOWNLOAD,0.95,-1,14480,0.5492265193401296,25,144800.0,79528.0,17,8,0.6454833993081559,0.3545166006918441,0.020136197023972034,0,0,0,0,0,0,0,0,0.0225,0.0,0.0,0.0,0.15,skip,training_upload_trigger_not_confirmed,1785296113.259065,1785296113259064880,1384781475763955,24.7,53.3203125,-1.0,0,0
2026-07-28T23:35:13.260,10.42.0.1,,27,1,DOWNLOAD,0.95,DOWNLOAD,0.95,-1,18824,0.48604116755802296,26,163624.0,79528.0,18,8,0.672928867539646,0.327071132460354,0.01766469899374076,0,0,0,0,0,0,0,0,0.0225,0.0,0.0,0.0,0.15,skip,training_upload_trigger_not_confirmed,1785296113.2604456,1785296113260445748,1384781477143910,24.7,53.3203125,-1.0,0,0
2026-07-28T23:35:13.262,10.42.0.1,,27,1,DOWNLOAD,0.95,DOWNLOAD,0.95,-1,18824,0.435894062968978,27,182448.0,79528.0,19,8,0.6964302073472379,0.30356979265276207,0.015580019722766202,0,0,0,0,0,0,0,0,0.0225,0.0,0.0,0.0,0.15,skip,training_upload_trigger_not_confirmed,1785296113.2622902,1785296113262290085,1384781478989027,24.7,53.3203125,-1.0,0,0
2026-07-28T23:35:13.263,10.42.0.1,,27,1,DOWNLOAD,0.95,DOWNLOAD,0.95,-1,18824,0.3951269923317941,28,201272.0,79528.0,20,8,0.7167806267806268,0.28321937321937324,0.013675607005596538,0,0,0,0,0,0,0,0,0.0225,0.0,0.0,0.0,0.15,skip,training_upload_trigger_not_confirmed,1785296113.2634182,1785296113263418139,1384781480116549,24.7,53.3203125,-1.0,0,0
2026-07-28T23:35:13.264,10.42.0.1,,27,1,DOWNLOAD,0.95,DOWNLOAD,0.95,-1,4344,0.38677923897271227,29,205616.0,79528.0,21,8,0.7210953062312375,0.2789046937687624,0.012008826250381492,0,0,0,0,0,0,0,0,0.0225,0.0,0.0,0.0,0.15,skip,training_upload_trigger_not_confirmed,1785296113.264445,1785296113264445219,1384781481143701,24.7,53.3203125,-1.0,0,0
2026-07-28T23:35:13.266,10.42.0.1,,27,1,DOWNLOAD,0.95,DOWNLOAD,0.95,-1,12576,0.36448632397446057,30,218192.0,79528.0,22,8,0.7328765282816069,0.2671234717183931,0.010687825832435209,0,0,0,0,0,0,0,0,0.0225,0.0,0.0,0.0,0.15,skip,training_upload_trigger_not_confirmed,1785296113.2664292,1785296113266429106,1384781483127545,24.7,53.3203125,-1.0,0,0
2026-07-28T23:35:13.267,10.42.0.1,,27,1,DOWNLOAD,0.95,DOWNLOAD,0.95,-1,15472,0.34035195837039356,31,233664.0,79528.0,23,8,0.7460726966206034,0.2539273033793967,0.009376837453863515,0,0,0,0,0,0,0,0,0.0225,0.0,0.0,0.0,0.15,skip,training_upload_trigger_not_confirmed,1785296113.2671683,1785296113267168253,1384781483866351,24.7,53.3203125,-1.0,0,0
2026-07-28T23:35:13.268,10.42.0.1,,27,1,DOWNLOAD,0.95,DOWNLOAD,0.95,-1,16920,0.31737062222920304,32,250584.0,79528.0,24,8,0.7590878247382706,0.24091217526172934,0.008257642866320575,0,0,0,0,0,0,0,0,0.0225,0.0,0.0,0.0,0.15,skip,training_upload_trigger_not_confirmed,1785296113.2680519,1785296113268051948,1384781484750515,24.7,53.3203125,-1.0,0,0
2026-07-28T23:35:13.269,10.42.0.1,,27,1,DOWNLOAD,0.95,DOWNLOAD,0.95,-1,14024,0.30055024791653856,33,264608.0,79528.0,25,8,0.7689053165027779,0.23109468349722204,0.007302863573608934,0,0,0,0,0,0,0,0,0.0225,0.0,0.0,0.0,0.15,skip,training_upload_trigger_not_confirmed,1785296113.269064,1785296113269063850,1384781485762874,24.7,53.3203125,-1.0,0,0
2026-07-28T23:35:13.269,10.42.0.18,,22,1,DOWNLOAD,0.95,DOWNLOAD,0.95,-1,7300,1.3698630135109776e-10,1,7300.0,0.0,1,0,1.0,0.0,0.8180520109907403,0,0,0,0,0,0,0,0,0.0225,0.0,0.0,0.0,0.15,skip,already_attacked_this_round,1785296113.269996,1785296113269996029,1384781486694135,24.7,53.3203125,-1.0,0,0
2026-07-28T23:35:13.270,10.42.0.18,,22,1,DOWNLOAD,0.9523364062027632,DOWNLOAD,0.9523364062027632,-1,7300,6.84931506802402e-11,2,14600.0,0.0,2,0,1.0,0.0,0.7103427731971534,0,0,0,0,0,0,0,0,0.0225,0.0,0.0,0.0,0.15,skip,already_attacked_this_round,1785296113.2706723,1785296113270672499,1384781487371113,24.7,53.3203125,-1.0,0,0
2026-07-28T23:35:13.271,10.42.0.1,,27,1,DOWNLOAD,0.95,DOWNLOAD,0.95,-1,21720,0.2777513900167718,34,286328.0,79528.0,26,8,0.7826248578675763,0.21737514213242368,0.006652665285365775,0,0,0,0,0,0,0,0,0.0225,0.0,0.0,0.0,0.15,skip,training_upload_trigger_not_confirmed,1785296113.2714326,1785296113271432731,1384781488130926,24.7,53.3203125,-1.0,0,0
2026-07-28T23:35:13.272,10.42.0.1,,27,1,DOWNLOAD,0.95,DOWNLOAD,0.95,-1,14024,0.2647826550205599,35,300352.0,79528.0,27,8,0.7906496788459514,0.20935032115404864,0.005908752711168221,0,0,0,0,0,0,0,0,0.0225,0.0,0.0,0.0,0.15,skip,training_upload_trigger_not_confirmed,1785296113.27244,1785296113272439977,1384781489138148,24.7,53.3203125,-1.0,0,0
2026-07-28T23:35:13.273,10.42.0.47,,27,1,DOWNLOAD,0.9544415029457245,DOWNLOAD,0.9544415029457245,-1,7240,10.984530385361252,14,7240.0,79528.0,1,13,0.08344089987092015,0.9165591001290798,0.12435062506009595,0,0,0,0,0,0,0,0,0.057499999999999996,0.1,0.0,0.0,0.15,skip,training_upload_trigger_not_confirmed,1785296113.2734354,1785296113273435454,1384781490133855,24.7,53.3203125,-1.0,0,0
2026-07-28T23:35:13.274,10.42.0.47,,27,1,DOWNLOAD,0.95,DOWNLOAD,0.95,-1,7240,5.492265193059926,15,14480.0,79528.0,2,13,0.15402944430261253,0.8459705556973874,0.10804996871930467,0,0,0,0,0,0,0,0,0.057499999999999996,0.1,0.0,0.0,0.15,skip,training_upload_trigger_not_confirmed,1785296113.2740848,1785296113274084850,1384781490782990,24.7,53.3203125,-1.0,0,0
2026-07-28T23:35:13.275,10.42.0.210,,27,1,DOWNLOAD,0.9841559396430286,DOWNLOAD,0.9841559396430286,-1,10136,9.865824781978509e-11,1,10136.0,0.0,1,0,1.0,0.0,0.1637147624476405,0,0,0,0,0,0,0,0,0.0225,0.0,0.0,0.0,0.15,skip,training_upload_trigger_not_confirmed,1785296113.2750115,1785296113275011522,1384781491709717,24.7,53.3203125,-1.0,0,0
2026-07-28T23:35:13.275,10.42.0.210,,27,1,DOWNLOAD,0.43935248518011855,DOWNLOAD,0.43935248518011855,0,43,9.865824781978509e-11,1,10136.0,0.0,1,0,1.0,0.0,0.30329919356182333,0,0,0,0,0,0,0,0,0.0225,0.0,0.0,0.0,0.15,skip,training_upload_trigger_not_confirmed,1785296113.2756634,1785296113275663311,1384781492361472,24.7,53.3203125,-1.0,0,0
2026-07-28T23:35:13.276,10.42.0.210,,27,1,DOWNLOAD,0.9557926560077417,DOWNLOAD,0.9557926560077417,-1,14480,4.062398439873968e-11,2,24616.0,0.0,2,0,1.0,0.0,0.2635022291094324,0,0,0,0,0,0,0,0,0.0225,0.0,0.0,0.0,0.15,skip,training_upload_trigger_not_confirmed,1785296113.2763026,1785296113276302624,1384781493009182,24.7,53.3203125,-1.0,0,0
2026-07-28T23:35:13.276,10.42.0.210,,27,1,DOWNLOAD,0.9846998846180315,DOWNLOAD,0.9846998846180315,-1,4344,3.453038673913914e-11,3,28960.0,0.0,3,0,1.0,0.0,0.22886528965639807,0,0,0,0,0,0,0,0,0.0225,0.0,0.0,0.0,0.15,skip,training_upload_trigger_not_confirmed,1785296113.2769547,1785296113276954678,1384781493652829,24.7,53.3203125,-1.0,0,0
2026-07-28T23:35:13.278,10.42.0.59,,9,3,UPLOAD,0.9841010226033655,UPLOAD,0.9841010226033655,0,43,1.0,0,0.0,0.0,0,0,0.0,0.0,0.8039655109783715,0,0,1,0,0,0,0,0,0.4375,0.05,1.0,0.0,0.8,skip,attack_already_active,1785296113.2784677,1785296113278467691,1384781495165851,24.7,53.3203125,-1.0,0,0
2026-07-28T23:35:13.279,10.42.0.59,,9,1,DOWNLOAD,0.95,DOWNLOAD,0.95,-1,14600,6.84931506802402e-11,1,14600.0,0.0,1,0,1.0,0.0,1.0649425268419523,0,0,0,0,0,0,0,0,0.0225,0.0,0.0,0.0,0.15,skip,already_attacked_this_round,1785296113.279112,1785296113279112065,1384781495810116,24.7,53.3203125,-1.0,0,0
2026-07-28T23:35:13.279,10.42.0.59,,9,1,DOWNLOAD,0.95,DOWNLOAD,0.95,-1,14600,3.424657534129292e-11,2,29200.0,0.0,2,0,1.0,0.0,0.9246970975797417,0,0,0,0,0,0,0,0,0.0225,0.0,0.0,0.0,0.15,skip,already_attacked_this_round,1785296113.2797709,1785296113279770798,1384781496469058,24.7,53.3203125,-1.0,0,0
2026-07-28T23:35:13.281,10.42.0.47,,27,1,DOWNLOAD,0.9,DOWNLOAD,0.9,0,43,5.492265193059926,15,14480.0,79528.0,2,13,0.15402944430261253,0.8459705556973874,0.15581630925275994,0,0,0,0,0,0,0,0,0.057499999999999996,0.1,0.0,0.0,0.15,skip,training_upload_trigger_not_confirmed,1785296113.2817864,1785296113281786317,1384781498484510,24.7,53.3203125,-1.0,0,0
2026-07-28T23:35:13.283,10.42.0.47,,27,1,DOWNLOAD,0.95,DOWNLOAD,0.95,-1,5792,3.9230465665487837,16,20272.0,79528.0,3,13,0.20312625250501,0.79687374749499,0.13656889279276482,0,0,0,0,0,0,0,0,0.057499999999999996,0.1,0.0,0.0,0.15,skip,training_upload_trigger_not_confirmed,1785296113.2838378,1785296113283837726,1384781500536165,24.7,53.3203125,-1.0,0,0
2026-07-28T23:35:13.285,10.42.0.47,,27,1,DOWNLOAD,0.95,DOWNLOAD,0.95,-1,5792,3.051258440682502,17,26064.0,79528.0,4,13,0.24683688158193803,0.7531631184180619,0.11873474511468074,0,0,0,0,0,0,0,0,0.057499999999999996,0.1,0.0,0.0,0.15,skip,training_upload_trigger_not_confirmed,1785296113.2850683,1785296113285068235,1384781501767213,24.7,53.3203125,-1.0,0,0
2026-07-28T23:35:13.285,10.42.0.47,,27,1,DOWNLOAD,0.95,DOWNLOAD,0.95,-1,5792,2.496484178757644,18,31856.0,79528.0,5,13,0.28600158011922716,0.7139984198807728,0.10319736730686291,0,0,0,0,0,0,0,0,0.057499999999999996,0.1,0.0,0.0,0.15,skip,training_upload_trigger_not_confirmed,1785296113.2858942,1785296113285894030,1384781502592412,24.7,53.3203125,-1.0,0,0
2026-07-28T23:35:13.287,10.42.0.47,,27,1,DOWNLOAD,0.95,DOWNLOAD,0.95,-1,8688,1.961523283322772,19,40544.0,79528.0,6,13,0.33766406822573125,0.6623359317742687,0.08981100264289099,0,0,0,0,0,0,0,0,0.057499999999999996,0.1,0.0,0.0,0.15,skip,training_upload_trigger_not_confirmed,1785296113.287506,1785296113287506160,1384781504204342,24.7,53.3203125,-1.0,0,0
2026-07-28T23:35:13.288,10.42.0.18,,22,1,DOWNLOAD,0.9501835115689125,DOWNLOAD,0.9501835115689125,0,43,6.84931506802402e-11,2,14600.0,0.0,2,0,1.0,0.0,0.9687249006085248,0,0,0,0,0,0,0,0,0.0225,0.0,0.0,0.0,0.15,skip,already_attacked_this_round,1785296113.2883794,1785296113288379307,1384781505077424,24.7,53.3203125,-1.0,0,0
2026-07-28T23:35:13.289,10.42.0.18,,22,1,DOWNLOAD,0.95,DOWNLOAD,0.95,-1,10220,4.029008863657171e-11,3,24820.0,0.0,3,0,1.0,0.0,0.8435215638105369,0,0,0,0,0,0,0,0,0.0225,0.0,0.0,0.0,0.15,skip,already_attacked_this_round,1785296113.2892637,1785296113289263527,1384781505961583,24.7,53.3203125,-1.0,0,0
2026-07-28T23:35:13.290,10.42.0.18,,22,1,DOWNLOAD,0.95,DOWNLOAD,0.95,-1,14600,2.536783358636814e-11,4,39420.0,0.0,4,0,1.0,0.0,0.73248625000621,0,0,0,0,0,0,0,0,0.0225,0.0,0.0,0.0,0.15,skip,already_attacked_this_round,1785296113.290169,1785296113290169182,1384781506867308,24.7,53.3203125,-1.0,0,0
2026-07-28T23:35:13.291,10.42.0.210,,27,1,DOWNLOAD,0.9854895428954357,DOWNLOAD,0.9854895428954357,-1,14480,2.3020257826357728e-11,4,43440.0,0.0,4,0,1.0,0.0,0.20065249799405696,0,0,0,0,0,0,0,0,0.0225,0.0,0.0,0.0,0.15,skip,training_upload_trigger_not_confirmed,1785296113.2917209,1785296113291720845,1384781508418877,24.7,53.3203125,-1.0,0,0
2026-07-28T23:35:13.292,10.42.0.210,,27,1,DOWNLOAD,0.9855083405864443,DOWNLOAD,0.9855083405864443,-1,5792,2.0311992199782418e-11,5,49232.0,0.0,5,0,1.0,0.0,0.17433078816773698,0,0,0,0,0,0,0,0,0.0225,0.0,0.0,0.0,0.15,skip,training_upload_trigger_not_confirmed,1785296113.2926252,1785296113292625068,1384781509323048,24.7,53.3203125,-1.0,0,0
2026-07-28T23:35:13.293,10.42.0.210,,27,1,DOWNLOAD,0.9855087208476458,DOWNLOAD,0.9855087208476458,-1,14480,1.569563033626796e-11,6,63712.0,0.0,6,0,1.0,0.0,0.15147936705033124,0,0,0,0,0,0,0,0,0.0225,0.0,0.0,0.0,0.15,skip,training_upload_trigger_not_confirmed,1785296113.2935429,1785296113293542825,1384781510241016,24.7,53.3203125,-1.0,0,0
2026-07-28T23:35:13.294,10.42.0.210,,27,1,DOWNLOAD,0.9855087261970161,DOWNLOAD,0.9855087261970161,-1,992,1.5454995054162724e-11,7,64704.0,0.0,7,0,1.0,0.0,0.13163619515095992,0,0,0,0,0,0,0,0,0.0225,0.0,0.0,0.0,0.15,skip,training_upload_trigger_not_confirmed,1785296113.294438,1785296113294437795,1384781511135791,24.7,53.3203125,-1.0,0,0
2026-07-28T23:35:13.295,10.42.0.59,,9,1,DOWNLOAD,0.95,DOWNLOAD,0.95,-1,23360,1.9025875189896766e-11,3,52560.0,0.0,3,0,1.0,0.0,0.8049301786615924,0,0,0,0,0,0,0,0,0.0225,0.0,0.0,0.0,0.15,skip,already_attacked_this_round,1785296113.29559,1785296113295589889,1384781512288004,24.7,53.3203125,-1.0,0,0
2026-07-28T23:35:13.296,10.42.0.59,,9,1,DOWNLOAD,0.9510886842324621,DOWNLOAD,0.9510886842324621,-1,12024,1.5483711135645304e-11,4,64584.0,0.0,4,0,1.0,0.0,0.6989456334877917,0,0,0,0,0,0,0,0,0.0225,0.0,0.0,0.0,0.15,skip,already_attacked_this_round,1785296113.2962327,1785296113296232734,1384781512930918,24.7,53.3203125,-1.0,0,0
2026-07-28T23:35:13.301,10.42.0.47,,27,1,DOWNLOAD,0.95,DOWNLOAD,0.95,-1,7240,1.6643227858558445,20,47784.0,79528.0,7,13,0.37532989820284024,0.6246701017971598,0.07983791118611971,0,0,0,0,0,0,0,0,0.057499999999999996,0.1,0.0,0.0,0.15,skip,training_upload_trigger_not_confirmed,1785296113.301634,1785296113301634116,1384781518332400,24.7,53.3203125,-1.0,0,0
2026-07-28T23:35:13.302,10.42.0.47,,27,1,DOWNLOAD,0.95,DOWNLOAD,0.95,-1,14480,1.2772709751979108,21,62264.0,79528.0,8,13,0.4391220943353645,0.5608779056646355,0.06941235073232978,0,0,0,0,0,0,0,0,0.057499999999999996,0.1,0.0,0.0,0.15,skip,training_upload_trigger_not_confirmed,1785296113.3023553,1785296113302355151,1384781519053319,24.7,53.3203125,-1.0,0,0
2026-07-28T23:35:13.303,10.42.0.18,,22,1,DOWNLOAD,0.95,DOWNLOAD,0.95,-1,4380,2.2831050227789245e-11,5,43800.0,0.0,5,0,1.0,0.0,0.6376919161905927,0,0,0,0,0,0,0,0,0.0225,0.0,0.0,0.0,0.15,skip,already_attacked_this_round,1785296113.3032873,1785296113303287409,1384781519985407,24.7,53.3203125,-1.0,0,0
2026-07-28T23:35:13.304,10.42.0.18,,22,1,DOWNLOAD,0.951091339198143,DOWNLOAD,0.951091339198143,-1,14600,1.7123287670939668e-11,6,58400.0,0.0,6,0,1.0,0.0,0.5538278892789085,0,0,0,0,0,0,0,0,0.0225,0.0,0.0,0.0,0.15,skip,already_attacked_this_round,1785296113.3045583,1785296113304558235,1384781521256278,24.7,53.3203125,-1.0,0,0
2026-07-28T23:35:13.305,10.42.0.18,,22,1,DOWNLOAD,0.9572311232558085,DOWNLOAD,0.9572311232558085,-1,18980,1.2923235978121954e-11,7,77380.0,0.0,7,0,1.0,0.0,0.48097456566506624,0,0,0,0,0,0,0,0,0.0225,0.0,0.0,0.0,0.15,skip,already_attacked_this_round,1785296113.3055224,1785296113305522461,1384781522220697,24.7,53.3203125,-1.0,0,0
2026-07-28T23:35:13.307,10.42.0.145,,12,2,TRAINING,0.95,TRAINING,0.95,-1,29200,3.424657534129292e-11,1,29200.0,0.0,1,0,1.0,0.0,0.9992095010647455,0,0,0,0,0,0,0,0,0.0225,0.0,0.0,0.0,0.15,skip,already_attacked_this_round,1785296113.3077543,1785296113307754268,1384781524452382,24.7,53.3203125,-1.0,0,0
2026-07-28T23:35:13.308,10.42.0.145,,12,2,TRAINING,0.95,TRAINING,0.95,-1,6184,2.8261361066350288e-11,2,35384.0,0.0,2,0,1.0,0.0,0.8676321327650405,0,0,0,0,0,0,0,0,0.0225,0.0,0.0,0.0,0.15,skip,already_attacked_this_round,1785296113.3084595,1785296113308459557,1384781525157737,24.7,53.3203125,-1.0,0,0
2026-07-28T23:35:13.313,10.42.0.47,,27,1,DOWNLOAD,0.95,DOWNLOAD,0.95,-1,8688,1.120870447624861,22,70952.0,79528.0,9,13,0.4715045188729399,0.5284954811270601,0.061799156617118524,0,0,0,0,0,0,0,0,0.039999999999999994,0.05,0.0,0.0,0.15,skip,training_upload_trigger_not_confirmed,1785296113.3139932,1785296113313993179,1384781530691315,24.7,53.3203125,-1.0,0,0
2026-07-28T23:35:13.316,10.42.0.18,,22,1,DOWNLOAD,0.9597910720621629,DOWNLOAD,0.9597910720621629,-1,1821,1.2626103205608186e-11,8,79201.0,0.0,8,0,1.0,0.0,0.41902150545887756,0,0,0,0,0,0,0,0,0.0225,0.0,0.0,0.0,0.15,skip,already_attacked_this_round,1785296113.3163524,1785296113316352280,1384781533050837,24.7,53.3203125,-1.0,0,0
2026-07-28T23:35:13.319,10.42.0.47,,27,1,DOWNLOAD,0.95,DOWNLOAD,0.95,-1,7240,1.0170861469201826,23,78192.0,79528.0,10,13,0.4957646462084707,0.5042353537915293,0.054367337210774795,0,0,0,0,0,0,0,0,0.039999999999999994,0.05,0.0,0.0,0.15,skip,training_upload_trigger_not_confirmed,1785296113.3193944,1785296113319394268,1384781536092822,24.7,53.3203125,-1.0,0,0
2026-07-28T23:35:13.320,10.42.0.47,,27,1,DOWNLOAD,0.95,DOWNLOAD,0.95,-1,1009,1.0041287357482338,24,79201.0,79528.0,11,13,0.49896994248058013,0.5010300575194199,0.047297456927705234,0,0,0,0,0,0,0,0,0.039999999999999994,0.05,0.0,0.0,0.15,skip,training_upload_trigger_not_confirmed,1785296113.3201103,1785296113320110317,1384781536808591,24.7,53.3203125,-1.0,0,0
2026-07-28T23:35:13.593,10.42.0.59,,9,2,TRAINING,0.95,TRAINING,0.95,1,64240,0.994673603369338,5,64584.0,64240.0,4,1,0.5013351549400733,0.4986648450599267,0.6483940740718499,0,0,0,0,1,0,0,0,0.4525,1.0,0.0,0.4,0.15,skip,already_attacked_this_round,1785296113.5937915,1785296113593791485,1384781810490208,24.7,53.3203125,-1.0,0,0
2026-07-28T23:35:13.595,10.42.0.1,,27,2,TRAINING,0.95,TRAINING,0.95,1,7240,0.2888877050950588,36,300352.0,86768.0,27,9,0.7758627815664394,0.22413721843356066,0.0424999048025593,0,0,0,0,1,0,0,0,0.4525,1.0,0.0,0.4,0.15,skip,training_upload_trigger_not_confirmed,1785296113.595357,1785296113595356950,1384781812055635,24.7,53.3203125,-1.0,0,0
2026-07-28T23:35:13.596,10.42.0.1,10.42.0.1,27,3,UPLOAD,0.95,UPLOAD,0.95,1,7240,0.3129927551695577,37,300352.0,94008.0,27,10,0.7616188254386854,0.23838117456131452,0.037048923966217506,1,0,0,0,1,0,0,0,0.85,1.0,1.0,0.4,0.8,trigger,training_upload_trigger_confirmed,1785296113.5964909,1785296113596490767,1384781813189308,24.7,53.3203125,21.954723,1785296113618446739,1384781835144031
2026-07-28T23:35:13.600,10.42.0.1,10.42.0.1,27,3,UPLOAD,0.95,UPLOAD,0.95,1,14480,0.3612028553185555,38,300352.0,108488.0,27,11,0.7346443596516975,0.2653556403483025,0.03267499945646277,1,0,1,0,1,0,0,0,0.85,1.0,1.0,0.4,0.8,skip,attack_already_active,1785296113.6003473,1785296113600347325,1384781817046018,24.7,53.3203125,-1.0,0,0
2026-07-28T23:35:13.601,10.42.0.1,10.42.0.1,27,3,UPLOAD,0.95,UPLOAD,0.95,1,14480,0.40941295546755335,39,300352.0,122968.0,27,12,0.7095152603231598,0.29048473967684024,0.028520449681961248,1,0,1,0,1,0,0,0,0.85,1.0,1.0,0.4,0.8,skip,attack_already_active,1785296113.6014946,1785296113601494593,1384781818193411,24.7,53.3203125,-1.0,0,0
2026-07-28T23:35:13.602,10.42.0.1,10.42.0.1,27,3,UPLOAD,0.9099528637563659,UPLOAD,0.9099528637563659,0,43,0.40941295546755335,39,300352.0,122968.0,27,12,0.7095152603231598,0.29048473967684024,0.06169726514108168,1,0,1,0,1,0,0,0,0.6825,0.7500000000000001,1.0,0.0,0.8,skip,attack_already_active,1785296113.6026142,1785296113602614306,1384781819313788,24.7,53.3203125,-1.0,0,0
2026-07-28T23:35:13.606,10.42.0.1,10.42.0.1,27,3,UPLOAD,0.95,UPLOAD,0.95,1,14480,0.4576230556165512,40,300352.0,137448.0,27,13,0.6860484239378711,0.3139515760621288,0.05420431874600569,1,0,1,0,1,0,0,0,0.85,1.0,1.0,0.4,0.8,skip,attack_already_active,1785296113.60633,1785296113606329951,1384781823028652,24.7,53.3203125,-1.0,0,0
2026-07-28T23:35:13.608,10.42.0.1,10.42.0.1,27,3,UPLOAD,0.95,UPLOAD,0.95,1,14480,0.505833155765549,41,300352.0,151928.0,27,14,0.664084195631025,0.33591580436897495,0.04740374122947488,1,0,1,1,1,1,1,1,0.85,1.0,1.0,0.4,0.8,skip,attack_already_active,1785296113.6089265,1785296113608926574,1384781825625341,24.7,53.3203125,-1.0,0,0
2026-07-28T23:35:13.610,10.42.0.1,10.42.0.1,27,3,UPLOAD,0.95,UPLOAD,0.95,1,7128,0.5295653100377905,42,300352.0,159056.0,27,15,0.6537805175356111,0.34621948246438894,0.041304674904058494,1,0,1,1,1,1,1,1,0.85,1.0,1.0,0.4,0.8,skip,attack_already_active,1785296113.6100461,1785296113610046081,1384781826744751,24.7,53.3203125,-1.0,0,0
2026-07-28T23:35:13.623,10.42.0.145,10.42.0.1,12,3,UPLOAD,0.95,UPLOAD,0.95,1,64240,1.815509834930604,3,35384.0,64240.0,2,1,0.35517545972857945,0.6448245402714206,1.166002072924975,0,0,0,1,1,1,1,1,0.9299999999999999,1.0,1.0,0.8,0.8,skip,already_attacked_this_round,1785296113.6236145,1785296113623614453,1384781840313598,24.7,53.3203125,-1.0,0,0
2026-07-28T23:35:13.625,10.42.0.145,10.42.0.1,12,3,UPLOAD,0.9841010226033655,UPLOAD,0.9841010226033655,1,6529,2.0000282613328046,4,35384.0,70769.0,2,2,0.333330193211685,0.666669806788315,1.0125691413559206,0,0,0,1,1,1,1,1,0.9299999999999999,1.0,1.0,0.8,0.8,skip,already_attacked_this_round,1785296113.6252565,1785296113625256433,1384781841956032,24.7,53.3203125,-1.0,0,0
2026-07-28T23:35:13.626,10.42.0.1,10.42.0.1,27,3,UPLOAD,0.95,UPLOAD,0.95,1,7240,0.5536703601122893,43,300352.0,166296.0,27,16,0.6436371740583909,0.3563628259416091,0.0380902466982255,1,0,1,1,1,1,1,1,0.9699999999999999,1.0,1.0,1.0,0.8,skip,attack_already_active,1785296113.6269574,1785296113626957218,1384781843655719,24.7,53.3203125,-1.0,0,0
2026-07-28T23:35:13.628,10.42.0.1,10.42.0.1,27,3,UPLOAD,0.95,UPLOAD,0.95,1,7240,0.5777754101867882,44,300352.0,173536.0,27,17,0.6338037679789317,0.36619623202106827,0.033224713246060945,1,0,1,1,1,1,1,1,0.9699999999999999,1.0,1.0,1.0,0.8,skip,attack_already_active,1785296113.6281245,1785296113628124292,1384781844822766,24.7,53.3203125,-1.0,0,0
2026-07-28T23:35:13.630,10.42.0.1,10.42.0.1,27,3,UPLOAD,0.8470863421250836,UPLOAD,0.8470863421250836,0,43,0.5777754101867882,44,300352.0,173536.0,27,17,0.6338037679789317,0.36619623202106827,0.032490595164445246,1,0,1,1,1,1,1,1,0.8025,0.7500000000000001,1.0,0.6000000000000001,0.8,skip,attack_already_active,1785296113.6302679,1785296113630267873,1384781846966428,24.7,53.3203125,-1.0,0,0
2026-07-28T23:35:13.631,10.42.0.1,10.42.0.1,27,3,UPLOAD,0.95,UPLOAD,0.95,1,10136,0.6115224802910867,45,300352.0,183672.0,27,18,0.6205312133282647,0.3794687866717353,0.028636599083364953,1,0,1,1,1,1,1,1,0.9699999999999999,1.0,1.0,1.0,0.8,skip,attack_already_active,1785296113.6313682,1785296113631368181,1384781848066512,24.7,53.3203125,-1.0,0,0
2026-07-28T23:35:13.632,10.42.0.1,10.42.0.1,27,3,UPLOAD,0.95,UPLOAD,0.95,1,4344,0.6259855103357861,46,300352.0,188016.0,27,19,0.6150116305736658,0.38498836942633424,0.02500223731228647,1,0,1,1,1,1,1,1,0.9699999999999999,1.0,1.0,1.0,0.8,skip,attack_already_active,1785296113.6324246,1785296113632424776,1384781849123135,24.7,53.3203125,-1.0,0,0
2026-07-28T23:35:13.635,10.42.0.1,10.42.0.1,27,3,UPLOAD,0.95,UPLOAD,0.95,1,17376,0.6838376305145835,47,300352.0,205392.0,27,20,0.5938814894492075,0.4061185105507925,0.02213668073579103,1,0,1,1,1,1,1,1,0.9699999999999999,1.0,1.0,1.0,0.8,skip,attack_already_active,1785296113.635681,1785296113635681014,1384781852380398,24.7,53.3203125,-1.0,0,0
2026-07-28T23:35:13.636,10.42.0.1,10.42.0.1,27,3,UPLOAD,0.95,UPLOAD,0.95,1,11584,0.7224057106337817,48,300352.0,216976.0,27,21,0.5805833049825256,0.4194166950174744,0.019380363227029723,1,0,1,1,1,1,1,1,0.9699999999999999,1.0,1.0,1.0,0.8,skip,attack_already_active,1785296113.6369007,1785296113636900674,1384781853599540,24.7,53.3203125,-1.0,0,0
2026-07-28T23:35:13.639,10.42.0.1,10.42.0.1,27,3,UPLOAD,0.95,UPLOAD,0.95,1,5792,0.7416897506933808,49,300352.0,222768.0,27,22,0.574155069582505,0.42584493041749505,0.017106173161689935,1,0,1,1,1,1,1,1,0.9699999999999999,1.0,1.0,1.0,0.8,skip,attack_already_active,1785296113.6390228,1785296113639022834,1384781855721357,24.7,53.3203125,-1.0,0,0
2026-07-28T23:35:13.640,10.42.0.1,10.42.0.1,27,3,UPLOAD,0.95,UPLOAD,0.95,1,8688,0.7706158107827795,50,300352.0,231456.0,27,23,0.5647752572356941,0.4352247427643059,0.015000275376038437,1,0,1,1,1,1,1,1,0.9699999999999999,1.0,1.0,1.0,0.8,skip,attack_already_active,1785296113.640148,1785296113640147952,1384781856846409,24.7,53.3203125,-1.0,0,0
2026-07-28T23:35:13.642,10.42.0.1,10.42.0.1,27,3,UPLOAD,0.95,UPLOAD,0.95,1,7129,0.7943512944818268,51,300352.0,238585.0,27,24,0.5573044715801662,0.44269552841983384,0.013292555699276872,1,0,1,1,1,1,1,1,0.9699999999999999,1.0,1.0,1.0,0.8,skip,attack_already_active,1785296113.6421888,1785296113642188903,1384781858887361,24.7,53.3203125,-1.0,0,0
2026-07-28T23:35:13.725,10.42.0.18,10.42.0.1,22,2,TRAINING,0.95,TRAINING,0.95,1,40880,0.5161550990578888,9,79201.0,40880.0,8,1,0.6595631282217836,0.34043687177821635,0.4214533575128671,0,0,0,0,1,1,0,0,0.5725,1.0,0.0,1.0,0.15,skip,already_attacked_this_round,1785296113.7258556,1785296113725855596,1384781942554347,24.7,53.3203125,-1.0,0,0
2026-07-28T23:35:13.727,10.42.0.18,10.42.0.1,22,3,UPLOAD,0.95,UPLOAD,0.95,1,23360,0.811100869940896,10,79201.0,64240.0,8,2,0.5521503614726613,0.4478496385273388,0.36619482984248924,0,0,0,1,1,1,1,1,0.9699999999999999,1.0,1.0,1.0,0.8,skip,already_attacked_this_round,1785296113.7279673,1785296113727967105,1384781944665806,89.6,53.3203125,-1.0,0,0
2026-07-28T23:35:13.729,10.42.0.18,10.42.0.1,22,3,UPLOAD,0.9841010226033655,UPLOAD,0.9841010226033655,1,15288,1.0041287357482338,11,79201.0,79528.0,8,3,0.49896994248058013,0.5010300575194199,0.3181691425354369,0,0,0,1,1,1,1,1,0.9699999999999999,1.0,1.0,1.0,0.8,skip,already_attacked_this_round,1785296113.7297084,1785296113729708645,1384781946407489,89.6,53.3203125,-1.0,0,0
2026-07-28T23:35:13.731,10.42.0.1,10.42.0.1,27,3,UPLOAD,0.95,UPLOAD,0.95,1,7240,0.7943512944818268,51,300352.0,238585.0,27,24,0.5573044715801662,0.44269552841983384,0.01892303905216028,1,0,1,1,1,1,1,1,0.9699999999999999,1.0,1.0,1.0,0.8,skip,attack_already_active,1785296113.7314596,1785296113731459649,1384781948158162,89.6,53.3203125,-1.0,0,0
2026-07-28T23:35:13.732,10.42.0.1,10.42.0.1,27,3,UPLOAD,0.95,UPLOAD,0.95,1,7240,0.7943512944818268,51,300352.0,238585.0,27,24,0.5573044715801662,0.44269552841983384,0.016554507210023845,1,0,1,1,1,1,1,1,0.9699999999999999,1.0,1.0,1.0,0.8,skip,attack_already_active,1785296113.7324085,1785296113732408668,1384781949107155,89.6,53.3203125,-1.0,0,0
2026-07-28T23:35:13.733,10.42.0.1,10.42.0.1,27,3,UPLOAD,0.7011241227134332,UPLOAD,0.7011241227134332,0,43,0.7943512944818268,51,300352.0,238585.0,27,24,0.5573044715801662,0.44269552841983384,0.02797788354797313,1,0,1,1,1,1,1,1,0.8025,0.7500000000000001,1.0,0.6000000000000001,0.8,skip,attack_already_active,1785296113.7335112,1785296113733511064,1384781950209392,89.6,53.3203125,-1.0,0,0
2026-07-28T23:35:13.734,10.42.0.1,10.42.0.1,27,3,UPLOAD,0.95,UPLOAD,0.95,1,10136,0.8280983645861253,52,300352.0,248721.0,27,25,0.5470165169294429,0.4529834830705571,0.024534755375525328,1,0,1,1,1,1,1,1,0.9699999999999999,1.0,1.0,1.0,0.8,skip,attack_already_active,1785296113.7342575,1785296113734257524,1384781950955811,89.6,53.3203125,-1.0,0,0
2026-07-28T23:35:13.734,10.42.0.1,10.42.0.1,27,3,UPLOAD,0.95,UPLOAD,0.95,1,4344,0.8425613946308246,53,300352.0,253065.0,27,26,0.5427227569807216,0.4572772430192784,0.021398466862441706,1,0,1,1,1,1,1,1,0.9699999999999999,1.0,1.0,1.0,0.8,skip,attack_already_active,1785296113.7349918,1785296113734991989,1384781951690236,89.6,53.3203125,-1.0,0,0
2026-07-28T23:35:13.737,10.42.0.1,10.42.0.1,27,3,UPLOAD,0.95,UPLOAD,0.95,1,14480,0.8907714947798224,54,300352.0,267545.0,27,27,0.5288846392919843,0.47111536070801574,0.018847974493655856,1,0,1,1,1,1,1,1,0.9699999999999999,1.0,1.0,1.0,0.8,skip,attack_already_active,1785296113.7370353,1785296113737035388,1384781953733505,89.6,53.3203125,-1.0,0,0
2026-07-28T23:35:13.738,10.42.0.1,10.42.0.1,27,3,UPLOAD,0.95,UPLOAD,0.95,1,14480,0.9389815949288203,55,300352.0,282025.0,27,28,0.5157346529825182,0.4842653470174818,0.016503220770712826,1,0,1,1,1,1,1,1,0.9699999999999999,1.0,1.0,1.0,0.8,skip,attack_already_active,1785296113.7380896,1785296113738089506,1384781954787757,89.6,53.3203125,-1.0,0,0
2026-07-28T23:35:13.739,10.42.0.1,10.42.0.1,27,3,UPLOAD,0.95,UPLOAD,0.95,1,5792,0.9582656349884193,56,300352.0,287817.0,27,29,0.5106559509256693,0.48934404907433066,0.01446929935546331,1,0,1,1,1,1,1,1,0.9699999999999999,1.0,1.0,1.0,0.8,skip,attack_already_active,1785296113.739158,1785296113739157967,1384781955856207,89.6,53.3203125,-1.0,0,0
2026-07-28T23:35:13.740,10.42.0.1,10.42.0.1,27,3,UPLOAD,0.95,UPLOAD,0.95,1,8688,0.987191695077818,57,300352.0,296505.0,27,30,0.5032227149886824,0.4967772850113176,0.012700757785808722,1,0,1,1,1,1,1,1,0.9699999999999999,1.0,1.0,1.0,0.8,skip,attack_already_active,1785296113.7402062,1785296113740206322,1384781956904495,89.6,53.3203125,-1.0,0,0
2026-07-28T23:35:13.741,10.42.0.1,10.42.0.1,27,3,UPLOAD,0.95,UPLOAD,0.95,1,7128,1.0109238493500594,58,300352.0,303633.0,27,31,0.4972838729438645,0.5027161270561356,0.011162782860976913,1,0,1,1,1,1,1,1,0.9699999999999999,1.0,1.0,1.0,0.8,skip,attack_already_active,1785296113.7412357,1785296113741235684,1384781957933832,89.6,53.3203125,-1.0,0,0
2026-07-28T23:35:13.757,10.42.0.1,10.42.0.1,27,3,UPLOAD,0.95,UPLOAD,0.95,1,1336,1.0153719635627019,59,300352.0,304969.0,27,32,0.49618632097680404,0.503813679023196,0.011888774733318496,1,0,1,1,1,1,1,1,0.9699999999999999,1.0,1.0,1.0,0.8,skip,attack_already_active,1785296113.7579079,1785296113757907897,1384781974606968,89.6,53.3203125,-1.0,0,0
2026-07-28T23:35:14.850,10.42.0.210,10.42.0.1|10.42.0.210,27,3,UPLOAD,0.95,UPLOAD,0.95,1,1448,100.0,1,0.0,1448.0,0,1,0.0,1.0,0.32184387399028647,1,0,0,1,1,1,1,1,0.9525,0.95,1.0,1.0,0.8,trigger,training_upload_trigger_confirmed,1785296114.850733,1785296114850733056,1384783067431680,7.5,53.3203125,10.067029,1785296114860801416,1384783077498709
2026-07-28T23:35:14.851,10.42.0.210,10.42.0.1|10.42.0.210,27,3,UPLOAD,0.9841010226033655,UPLOAD,0.9841010226033655,1,1448,100.0,2,0.0,2896.0,0,2,0.0,1.0,0.27956398510854985,1,0,1,1,1,1,1,1,0.9699999999999999,1.0,1.0,1.0,0.8,skip,attack_already_active,1785296114.8517265,1785296114851726529,1384783068425929,7.5,53.3203125,-1.0,0,0
2026-07-28T23:35:14.853,10.42.0.210,10.42.0.1|10.42.0.210,27,3,UPLOAD,0.9854688349332961,UPLOAD,0.9854688349332961,1,1448,100.0,3,0.0,4344.0,0,3,0.0,1.0,0.24295623057064425,1,0,1,1,1,1,1,1,0.9699999999999999,1.0,1.0,1.0,0.8,skip,attack_already_active,1785296114.8534844,1785296114853484203,1384783070183113,7.5,53.3203125,-1.0,0,0
2026-07-28T23:35:14.854,10.42.0.210,10.42.0.1|10.42.0.210,27,3,UPLOAD,0.9855076450773014,UPLOAD,0.9855076450773014,1,1448,100.0,4,0.0,5792.0,0,4,0.0,1.0,0.21107853658794432,1,0,1,1,1,1,1,1,0.9699999999999999,1.0,1.0,1.0,0.8,skip,attack_already_active,1785296114.8545296,1785296114854529526,1384783071228365,7.5,53.3203125,-1.0,0,0
2026-07-28T23:35:14.856,10.42.0.210,10.42.0.1|10.42.0.210,27,3,UPLOAD,0.9855086980780915,UPLOAD,0.9855086980780915,1,1448,100.0,5,0.0,7240.0,0,5,0.0,1.0,0.18346255296275626,1,0,1,1,1,1,1,1,0.9699999999999999,1.0,1.0,1.0,0.8,skip,attack_already_active,1785296114.856038,1785296114856038090,1384783072737398,7.5,53.3203125,-1.0,0,0
2026-07-28T23:35:14.857,10.42.0.210,10.42.0.1|10.42.0.210,27,3,UPLOAD,0.9855087254685951,UPLOAD,0.9855087254685951,1,1448,100.0,6,0.0,8688.0,0,6,0.0,1.0,0.15944879820389507,1,0,1,1,1,1,1,1,0.9699999999999999,1.0,1.0,1.0,0.8,skip,attack_already_active,1785296114.857267,1785296114857266888,1384783073966151,7.5,53.3203125,-1.0,0,0
2026-07-28T23:35:14.858,10.42.0.210,10.42.0.1|10.42.0.210,27,3,UPLOAD,0.9855087261493067,UPLOAD,0.9855087261493067,1,1448,100.0,7,0.0,10136.0,0,7,0.0,1.0,0.13863689286005734,1,0,1,1,1,1,1,1,0.9699999999999999,1.0,1.0,1.0,0.8,skip,attack_already_active,1785296114.85878,1785296114858779841,1384783075478376,7.5,53.3203125,-1.0,0,0
2026-07-28T23:35:14.859,10.42.0.210,10.42.0.1|10.42.0.210,27,3,UPLOAD,0.9855087261653082,UPLOAD,0.9855087261653082,1,1448,100.0,8,0.0,11584.0,0,8,0.0,1.0,0.12047340134742027,1,0,1,1,1,1,1,1,0.9699999999999999,1.0,1.0,1.0,0.8,skip,attack_already_active,1785296114.859579,1785296114859579178,1384783076277493,7.5,53.3203125,-1.0,0,0
2026-07-28T23:35:14.860,10.42.0.210,10.42.0.1|10.42.0.210,27,3,UPLOAD,0.985508726165656,UPLOAD,0.985508726165656,1,1448,100.0,9,0.0,13032.0,0,9,0.0,1.0,0.10471712371965228,1,0,1,1,1,1,1,1,0.9699999999999999,1.0,1.0,1.0,0.8,skip,attack_already_active,1785296114.8604825,1785296114860482531,1384783077180718,7.5,53.3203125,-1.0,0,0
2026-07-28T23:35:14.861,10.42.0.210,10.42.0.1|10.42.0.210,27,3,UPLOAD,0.9855087261656625,UPLOAD,0.9855087261656625,1,1448,100.0,10,0.0,14480.0,0,10,0.0,1.0,0.09099744092707934,1,0,1,1,1,1,1,1,0.9699999999999999,1.0,1.0,1.0,0.8,skip,attack_already_active,1785296114.8610847,1785296114861084633,1384783077783132,7.5,53.3203125,-1.0,0,0
2026-07-28T23:35:14.861,10.42.0.210,10.42.0.1|10.42.0.210,27,3,UPLOAD,0.95,UPLOAD,0.95,1,1448,100.0,11,0.0,15928.0,0,11,0.0,1.0,0.07912383428658817,1,0,1,1,1,1,1,1,0.9699999999999999,1.0,1.0,1.0,0.8,skip,attack_already_active,1785296114.8619766,1785296114861976521,1384783078674565,7.5,53.3203125,-1.0,0,0
2026-07-28T23:35:14.862,10.42.0.210,10.42.0.1|10.42.0.210,27,3,UPLOAD,0.95,UPLOAD,0.95,1,1448,100.0,12,0.0,17376.0,0,12,0.0,1.0,0.06877553116676442,1,0,1,1,1,1,1,1,0.9699999999999999,1.0,1.0,1.0,0.8,skip,attack_already_active,1785296114.86257,1785296114862569980,1384783079268095,7.5,53.3203125,-1.0,0,0
2026-07-28T23:35:14.863,10.42.0.210,10.42.0.1|10.42.0.210,27,3,UPLOAD,0.95,UPLOAD,0.95,1,1448,100.0,13,0.0,18824.0,0,13,0.0,1.0,0.059822947442132304,1,0,1,1,1,1,1,1,0.9699999999999999,1.0,1.0,1.0,0.8,skip,attack_already_active,1785296114.863407,1785296114863406722,1384783080104774,7.5,53.3203125,-1.0,0,0
2026-07-28T23:35:14.864,10.42.0.210,10.42.0.1|10.42.0.210,27,3,UPLOAD,0.95,UPLOAD,0.95,1,1448,100.0,14,0.0,20272.0,0,14,0.0,1.0,0.05205467263440499,1,0,1,1,1,1,1,1,0.9699999999999999,1.0,1.0,1.0,0.8,skip,attack_already_active,1785296114.8642786,1785296114864278461,1384783080976963,7.5,53.3203125,-1.0,0,0
2026-07-28T23:35:14.865,10.42.0.210,10.42.0.1|10.42.0.210,27,3,UPLOAD,0.95,UPLOAD,0.95,1,1448,100.0,15,0.0,21720.0,0,15,0.0,1.0,0.04531216308412975,1,0,1,1,1,1,1,1,0.9699999999999999,1.0,1.0,1.0,0.8,skip,attack_already_active,1785296114.8651662,1785296114865166105,1384783081864271,7.5,53.3203125,-1.0,0,0
2026-07-28T23:35:14.865,10.42.0.210,10.42.0.1|10.42.0.210,27,3,UPLOAD,0.95,UPLOAD,0.95,1,1448,100.0,16,0.0,23168.0,0,16,0.0,1.0,0.03941824394649225,1,0,1,1,1,1,1,1,0.9699999999999999,1.0,1.0,1.0,0.8,skip,attack_already_active,1785296114.865751,1785296114865751015,1384783082449048,7.5,53.3203125,-1.0,0,0
2026-07-28T23:35:14.866,10.42.0.210,10.42.0.1|10.42.0.210,27,3,UPLOAD,0.95,UPLOAD,0.95,1,1448,100.0,17,0.0,24616.0,0,17,0.0,1.0,0.034332724528720174,1,0,1,1,1,1,1,1,0.9699999999999999,1.0,1.0,1.0,0.8,skip,attack_already_active,1785296114.8665767,1785296114866576665,1384783083274682,7.5,53.3203125,-1.0,0,0
2026-07-28T23:35:14.867,10.42.0.210,10.42.0.1|10.42.0.210,27,3,UPLOAD,0.95,UPLOAD,0.95,1,1448,100.0,18,0.0,26064.0,0,18,0.0,1.0,0.02988369860792941,1,0,1,1,1,1,1,1,0.9699999999999999,1.0,1.0,1.0,0.8,skip,attack_already_active,1785296114.867147,1785296114867147000,1384783083844981,7.5,53.3203125,-1.0,0,0
2026-07-28T23:35:14.867,10.42.0.210,10.42.0.1|10.42.0.210,27,3,UPLOAD,0.95,UPLOAD,0.95,1,1448,100.0,19,0.0,27512.0,0,19,0.0,1.0,0.02605427466246143,1,0,1,1,1,1,1,1,0.9699999999999999,1.0,1.0,1.0,0.8,skip,attack_already_active,1785296114.8679702,1785296114867970396,1384783084668355,7.5,53.3203125,-1.0,0,0
2026-07-28T23:35:14.868,10.42.0.210,10.42.0.1|10.42.0.210,27,3,UPLOAD,0.95,UPLOAD,0.95,1,1448,100.0,20,0.0,28960.0,0,20,0.0,1.0,0.022705153892403636,1,0,1,1,1,1,1,1,0.9699999999999999,1.0,1.0,1.0,0.8,skip,attack_already_active,1785296114.868609,1785296114868608920,1384783085307025,7.5,53.3203125,-1.0,0,0
2026-07-28T23:35:14.869,10.42.0.210,10.42.0.1|10.42.0.210,27,3,UPLOAD,0.95,UPLOAD,0.95,1,1448,100.0,21,0.0,30408.0,0,21,0.0,1.0,0.019838015953929245,1,0,1,1,1,1,1,1,0.9699999999999999,1.0,1.0,1.0,0.8,skip,attack_already_active,1785296114.8695562,1785296114869556306,1384783086254458,7.5,53.3203125,-1.0,0,0
2026-07-28T23:35:14.870,10.42.0.210,10.42.0.1|10.42.0.210,27,3,UPLOAD,0.95,UPLOAD,0.95,1,1448,100.0,22,0.0,31856.0,0,22,0.0,1.0,0.017305777314358502,1,0,1,1,1,1,1,1,0.9699999999999999,1.0,1.0,1.0,0.8,skip,attack_already_active,1785296114.8701777,1785296114870177807,1384783086875765,7.5,53.3203125,-1.0,0,0
2026-07-28T23:35:14.871,10.42.0.210,10.42.0.1|10.42.0.210,27,3,UPLOAD,0.95,UPLOAD,0.95,1,1448,100.0,23,0.0,33304.0,0,23,0.0,1.0,0.015144201452215775,1,0,1,1,1,1,1,1,0.9699999999999999,1.0,1.0,1.0,0.8,skip,attack_already_active,1785296114.87108,1785296114871079993,1384783087778088,7.5,53.3203125,-1.0,0,0
2026-07-28T23:35:14.871,10.42.0.210,10.42.0.1|10.42.0.210,27,3,UPLOAD,0.95,UPLOAD,0.95,1,1448,100.0,24,0.0,34752.0,0,24,0.0,1.0,0.013224801161024308,1,0,1,1,1,1,1,1,0.9699999999999999,1.0,1.0,1.0,0.8,skip,attack_already_active,1785296114.8716583,1785296114871658326,1384783088356393,7.5,53.3203125,-1.0,0,0
2026-07-28T23:35:14.872,10.42.0.210,10.42.0.1|10.42.0.210,27,3,UPLOAD,0.95,UPLOAD,0.95,1,1448,100.0,25,0.0,36200.0,0,25,0.0,1.0,0.011592353956179165,1,0,1,1,1,1,1,1,0.9699999999999999,1.0,1.0,1.0,0.8,skip,attack_already_active,1785296114.872495,1785296114872494876,1384783089192819,7.5,53.3203125,-1.0,0,0
2026-07-28T23:35:14.873,10.42.0.210,10.42.0.1|10.42.0.210,27,3,UPLOAD,0.95,UPLOAD,0.95,1,1448,100.0,26,0.0,37648.0,0,26,0.0,1.0,0.010140933647029194,1,0,1,1,1,1,1,1,0.9699999999999999,1.0,1.0,1.0,0.8,skip,attack_already_active,1785296114.8730729,1785296114873072874,1384783089770839,7.5,53.3203125,-1.0,0,0
2026-07-28T23:35:14.873,10.42.0.210,10.42.0.1|10.42.0.210,27,3,UPLOAD,0.95,UPLOAD,0.95,1,1448,100.0,27,0.0,39096.0,0,27,0.0,1.0,0.00891395033868533,1,0,1,1,1,1,1,1,0.9699999999999999,1.0,1.0,1.0,0.8,skip,attack_already_active,1785296114.8739026,1785296114873902515,1384783090601000,7.5,53.3203125,-1.0,0,0
2026-07-28T23:35:14.874,10.42.0.210,10.42.0.1|10.42.0.210,27,3,UPLOAD,0.95,UPLOAD,0.95,1,1448,100.0,28,0.0,40544.0,0,28,0.0,1.0,0.007821098972637561,1,0,1,1,1,1,1,1,0.9699999999999999,1.0,1.0,1.0,0.8,skip,attack_already_active,1785296114.8745232,1785296114874523011,1384783091221090,7.5,53.3203125,-1.0,0,0
2026-07-28T23:35:14.875,10.42.0.210,10.42.0.1|10.42.0.210,27,3,UPLOAD,0.95,UPLOAD,0.95,1,1448,100.0,29,0.0,41992.0,0,29,0.0,1.0,0.006913257328315824,1,0,1,1,1,1,1,1,0.9699999999999999,1.0,1.0,1.0,0.8,skip,attack_already_active,1785296114.875455,1785296114875454990,1384783092153316,7.5,53.3203125,-1.0,0,0
2026-07-28T23:35:14.876,10.42.0.210,10.42.0.1|10.42.0.210,27,3,UPLOAD,0.95,UPLOAD,0.95,1,1448,100.0,30,0.0,43440.0,0,30,0.0,1.0,0.006095796359038732,1,0,1,1,1,1,1,1,0.9699999999999999,1.0,1.0,1.0,0.8,skip,attack_already_active,1785296114.8761647,1785296114876164686,1384783092862876,7.5,53.3203125,-1.0,0,0
2026-07-28T23:35:14.877,10.42.0.210,10.42.0.1|10.42.0.210,27,3,UPLOAD,0.95,UPLOAD,0.95,1,1448,100.0,31,0.0,44888.0,0,31,0.0,1.0,0.005480968086687114,1,0,1,1,1,1,1,1,0.9699999999999999,1.0,1.0,1.0,0.8,skip,attack_already_active,1785296114.8775947,1785296114877594550,1384783094293044,7.5,53.3203125,-1.0,0,0
2026-07-28T23:35:14.878,10.42.0.210,10.42.0.1|10.42.0.210,27,3,UPLOAD,0.95,UPLOAD,0.95,1,1448,100.0,32,0.0,46336.0,0,32,0.0,1.0,0.004903016921657888,1,0,1,1,1,1,1,1,0.9699999999999999,1.0,1.0,1.0,0.8,skip,attack_already_active,1785296114.8786898,1785296114878689752,1384783095388352,7.5,53.3203125,-1.0,0,0
2026-07-28T23:35:14.879,10.42.0.210,10.42.0.1|10.42.0.210,27,3,UPLOAD,0.95,UPLOAD,0.95,1,1448,100.0,33,0.0,47784.0,0,33,0.0,1.0,0.004404618052399451,1,0,1,1,1,1,1,1,0.9699999999999999,1.0,1.0,1.0,0.8,skip,attack_already_active,1785296114.8798106,1785296114879810618,1384783096509164,7.5,53.3203125,-1.0,0,0
2026-07-28T23:35:14.880,10.42.0.210,10.42.0.1|10.42.0.210,27,3,UPLOAD,0.95,UPLOAD,0.95,1,1448,100.0,34,0.0,49232.0,0,34,0.0,1.0,0.003965737602986276,1,0,1,1,1,1,1,1,0.9699999999999999,1.0,1.0,1.0,0.8,skip,attack_already_active,1785296114.8808846,1785296114880884860,1384783097583250,7.5,53.3203125,-1.0,0,0
2026-07-28T23:35:14.881,10.42.0.210,10.42.0.1|10.42.0.210,27,3,UPLOAD,0.95,UPLOAD,0.95,1,1448,100.0,35,0.0,50680.0,0,35,0.0,1.0,0.003577590040811871,1,0,1,1,1,1,1,1,0.9699999999999999,1.0,1.0,1.0,0.8,skip,attack_already_active,1785296114.8819048,1785296114881904889,1384783098603246,7.5,53.3203125,-1.0,0,0
2026-07-28T23:35:14.882,10.42.0.210,10.42.0.1|10.42.0.210,27,3,UPLOAD,0.95,UPLOAD,0.95,1,1448,100.0,36,0.0,52128.0,0,36,0.0,1.0,0.0032406846698990223,1,0,1,1,1,1,1,1,0.9699999999999999,1.0,1.0,1.0,0.8,skip,attack_already_active,1785296114.8829257,1785296114882925835,1384783099624256,7.5,53.3203125,-1.0,0,0
2026-07-28T23:35:14.884,10.42.0.210,10.42.0.1|10.42.0.210,27,3,UPLOAD,0.95,UPLOAD,0.95,1,1448,100.0,37,0.0,53576.0,0,37,0.0,1.0,0.0029577571571610065,1,0,1,1,1,1,1,1,0.9699999999999999,1.0,1.0,1.0,0.8,skip,attack_already_active,1785296114.8840194,1785296114884019452,1384783100719428,7.5,53.3203125,-1.0,0,0
2026-07-28T23:35:14.885,10.42.0.210,10.42.0.1|10.42.0.210,27,3,UPLOAD,0.95,UPLOAD,0.95,1,1337,100.0,38,0.0,54913.0,0,38,0.0,1.0,0.0027418017872410704,1,0,1,1,1,1,1,1,0.9699999999999999,1.0,1.0,1.0,0.8,skip,attack_already_active,1785296114.8853383,1785296114885338398,1384783102037942,7.5,53.3203125,-1.0,0,0
2026-07-28T23:35:14.888,10.42.0.1,10.42.0.1|10.42.0.210,27,3,UPLOAD,0.9563472104842288,UPLOAD,0.9563472104842288,1,7240,100.0,1,0.0,7240.0,0,1,0.0,1.0,0.15555814914384478,1,0,1,1,1,1,1,1,0.9699999999999999,1.0,1.0,1.0,0.8,skip,attack_already_active,1785296114.8888621,1785296114888862295,1384783105560614,7.5,53.3203125,-1.0,0,0
2026-07-28T23:35:14.889,10.42.0.1,10.42.0.1|10.42.0.210,27,3,UPLOAD,0.9786666892520274,UPLOAD,0.9786666892520274,1,7240,100.0,2,0.0,14480.0,0,2,0.0,1.0,0.1351913215927089,1,0,1,1,1,1,1,1,0.9699999999999999,1.0,1.0,1.0,0.8,skip,attack_already_active,1785296114.889862,1785296114889862226,1384783106560535,7.5,53.3203125,-1.0,0,0
2026-07-28T23:35:14.917,10.42.0.1,10.42.0.1|10.42.0.210,27,3,UPLOAD,0.9800509951476537,UPLOAD,0.9800509951476537,1,1448,100.0,3,0.0,15928.0,0,3,0.0,1.0,0.1210605394812692,1,0,1,1,1,1,1,1,0.9699999999999999,1.0,1.0,1.0,0.8,skip,attack_already_active,1785296114.9178188,1785296114917818940,1384783134517456,7.5,53.3203125,-1.0,0,0
2026-07-28T23:35:14.919,10.42.0.1,10.42.0.1|10.42.0.210,27,3,UPLOAD,0.9806042208273371,UPLOAD,0.9806042208273371,1,14480,100.0,4,0.0,30408.0,0,4,0.0,1.0,0.10526691790937973,1,0,1,1,1,1,1,1,0.9699999999999999,1.0,1.0,1.0,0.8,skip,attack_already_active,1785296114.919026,1785296114919025916,1384783135724232,7.5,53.3203125,-1.0,0,0
2026-07-28T23:35:14.919,10.42.0.1,10.42.0.1|10.42.0.210,27,3,UPLOAD,0.9810903079817368,UPLOAD,0.9810903079817368,1,14480,100.0,5,0.0,44888.0,0,5,0.0,1.0,0.09148898698120077,1,0,1,1,1,1,1,1,0.9699999999999999,1.0,1.0,1.0,0.8,skip,attack_already_active,1785296114.919736,1785296114919735858,1384783136434154,7.5,53.3203125,-1.0,0,0
2026-07-28T23:35:14.920,10.42.0.1,10.42.0.1|10.42.0.210,27,3,UPLOAD,0.9804765692812887,UPLOAD,0.9804765692812887,0,43,100.0,5,0.0,44888.0,0,5,0.0,1.0,0.23583460733179523,1,0,1,1,1,1,1,1,0.8374999999999999,0.8500000000000001,1.0,0.6000000000000001,0.8,skip,attack_already_active,1785296114.9203992,1785296114920399012,1384783137097135,7.5,53.3203125,-1.0,0,0
2026-07-28T23:35:14.921,10.42.0.1,10.42.0.1|10.42.0.210,27,3,UPLOAD,0.9817363461075536,UPLOAD,0.9817363461075536,1,1448,100.0,6,0.0,46336.0,0,6,0.0,1.0,0.205052763051167,1,0,1,1,1,1,1,1,0.9699999999999999,1.0,1.0,1.0,0.8,skip,attack_already_active,1785296114.9219756,1785296114921975518,1384783138674053,7.5,53.3203125,-1.0,0,0
2026-07-28T23:35:14.923,10.42.0.1,10.42.0.1|10.42.0.210,27,3,UPLOAD,0.982229727378392,UPLOAD,0.982229727378392,1,14480,100.0,7,0.0,60816.0,0,7,0.0,1.0,0.1782015414399613,1,0,1,1,1,1,1,1,0.9699999999999999,1.0,1.0,1.0,0.8,skip,attack_already_active,1785296114.923262,1785296114923261900,1384783139960081,7.5,53.3203125,-1.0,0,0
2026-07-28T23:35:14.923,10.42.0.1,10.42.0.1|10.42.0.210,27,3,UPLOAD,0.9821358004476314,UPLOAD,0.9821358004476314,1,14480,100.0,8,0.0,75296.0,0,8,0.0,1.0,0.15481614516279507,1,0,1,1,1,1,1,1,0.9699999999999999,1.0,1.0,1.0,0.8,skip,attack_already_active,1785296114.923998,1785296114923998263,1384783140696425,7.5,53.3203125,-1.0,0,0
2026-07-28T23:35:14.925,10.42.0.1,10.42.0.1|10.42.0.210,27,3,UPLOAD,0.9821167100727021,UPLOAD,0.9821167100727021,1,4233,100.0,9,0.0,79529.0,0,9,0.0,1.0,0.13456990388374931,1,0,1,1,1,1,1,1,0.9699999999999999,1.0,1.0,1.0,0.8,skip,attack_already_active,1785296114.9251711,1785296114925171112,1384783141869240,7.5,53.3203125,-1.0,0,0
2026-07-28T23:35:17.035,10.42.0.47,10.42.0.1|10.42.0.210|10.42.0.47,27,3,UPLOAD,0.95,UPLOAD,0.95,1,7240,100.0,1,0.0,7240.0,0,1,0.0,1.0,0.5357559795452271,1,0,0,1,1,1,1,1,0.9699999999999999,1.0,1.0,1.0,0.8,trigger,training_upload_trigger_confirmed,1785296117.0358605,1785296117035860579,1384785252559189,9.9,53.3203125,6.254548,1785296117042116439,1384785258813737
2026-07-28T23:35:17.036,10.42.0.47,10.42.0.1|10.42.0.210|10.42.0.47,27,3,UPLOAD,0.95,UPLOAD,0.95,1,7240,100.0,2,0.0,14480.0,0,2,0.0,1.0,0.4652606662127182,1,0,1,1,1,1,1,1,0.9699999999999999,1.0,1.0,1.0,0.8,skip,attack_already_active,1785296117.036647,1785296117036647248,1384785253345460,9.9,53.3203125,-1.0,0,0
2026-07-28T23:35:17.045,10.42.0.47,10.42.0.1|10.42.0.210|10.42.0.47,27,3,UPLOAD,0.95,UPLOAD,0.95,1,10136,100.0,3,0.0,24616.0,0,3,0.0,1.0,0.4051805551301895,1,0,1,1,1,1,1,1,0.9699999999999999,1.0,1.0,1.0,0.8,skip,attack_already_active,1785296117.0459764,1785296117045976397,1384785262674877,9.9,53.3203125,-1.0,0,0
2026-07-28T23:35:17.048,10.42.0.47,10.42.0.1|10.42.0.210|10.42.0.47,27,3,UPLOAD,0.95,UPLOAD,0.95,1,4344,100.0,4,0.0,28960.0,0,4,0.0,1.0,0.3520670899515513,1,0,1,1,1,1,1,1,0.9699999999999999,1.0,1.0,1.0,0.8,skip,attack_already_active,1785296117.0480936,1785296117048093472,1384785264791685,9.9,53.3203125,-1.0,0,0
2026-07-28T23:35:17.048,10.42.0.47,10.42.0.1|10.42.0.210|10.42.0.47,27,3,UPLOAD,0.95,UPLOAD,0.95,1,5792,100.0,5,0.0,34752.0,0,5,0.0,1.0,0.3057648725621931,1,0,1,1,1,1,1,1,0.9699999999999999,1.0,1.0,1.0,0.8,skip,attack_already_active,1785296117.048786,1785296117048785804,1384785265483920,9.9,53.3203125,-1.0,0,0
2026-07-28T23:35:17.052,10.42.0.47,10.42.0.1|10.42.0.210|10.42.0.47,27,3,UPLOAD,0.95,UPLOAD,0.95,1,8688,100.0,6,0.0,43440.0,0,6,0.0,1.0,0.2659932052368366,1,0,1,1,1,1,1,1,0.9699999999999999,1.0,1.0,1.0,0.8,skip,attack_already_active,1785296117.0527346,1785296117052734655,1384785269432915,9.9,53.3203125,-1.0,0,0
2026-07-28T23:35:17.053,10.42.0.47,10.42.0.1|10.42.0.210|10.42.0.47,27,3,UPLOAD,0.95,UPLOAD,0.95,1,11584,100.0,7,0.0,55024.0,0,7,0.0,1.0,0.23102940109704193,1,0,1,1,1,1,1,1,0.9699999999999999,1.0,1.0,1.0,0.8,skip,attack_already_active,1785296117.0533972,1785296117053397125,1384785270095163,9.9,53.3203125,-1.0,0,0
2026-07-28T23:35:17.057,10.42.0.47,10.42.0.1|10.42.0.210|10.42.0.47,27,3,UPLOAD,0.95,UPLOAD,0.95,1,7240,100.0,8,0.0,62264.0,0,8,0.0,1.0,0.20111482055340904,1,0,1,1,1,1,1,1,0.9699999999999999,1.0,1.0,1.0,0.8,skip,attack_already_active,1785296117.057413,1785296117057413056,1384785274112397,9.9,53.3203125,-1.0,0,0
2026-07-28T23:35:17.058,10.42.0.47,10.42.0.1|10.42.0.210|10.42.0.47,27,3,UPLOAD,0.95,UPLOAD,0.95,1,10136,100.0,9,0.0,72400.0,0,9,0.0,1.0,0.17474434698280505,1,0,1,1,1,1,1,1,0.9699999999999999,1.0,1.0,1.0,0.8,skip,attack_already_active,1785296117.0584097,1785296117058409818,1384785275108219,9.9,53.3203125,-1.0,0,0
2026-07-28T23:35:17.059,10.42.0.47,10.42.0.1|10.42.0.210|10.42.0.47,27,3,UPLOAD,0.95,UPLOAD,0.95,1,7128,100.0,10,0.0,79528.0,0,10,0.0,1.0,0.15184807453908564,1,0,1,1,1,1,1,1,0.9699999999999999,1.0,1.0,1.0,0.8,skip,attack_already_active,1785296117.0594006,1785296117059400418,1384785276099345,9.9,53.3203125,-1.0,0,0
2026-07-28T23:35:17.061,10.42.0.1,10.42.0.1|10.42.0.210|10.42.0.47,27,3,UPLOAD,0.9786316255603935,UPLOAD,0.9786316255603935,1,7240,100.0,1,0.0,7240.0,0,1,0.0,1.0,0.39794773914777926,1,0,1,1,1,1,1,1,0.9699999999999999,1.0,1.0,1.0,0.8,skip,attack_already_active,1785296117.061396,1785296117061395982,1384785278094731,9.9,53.3203125,-1.0,0,0
2026-07-28T23:35:17.062,10.42.0.1,10.42.0.1|10.42.0.210|10.42.0.47,27,3,UPLOAD,0.9786352844948357,UPLOAD,0.9786352844948357,1,7240,100.0,2,0.0,14480.0,0,2,0.0,1.0,0.34562381504379874,1,0,1,1,1,1,1,1,0.9699999999999999,1.0,1.0,1.0,0.8,skip,attack_already_active,1785296117.0622718,1785296117062271841,1384785278970030,9.9,53.3203125,-1.0,0,0
2026-07-28T23:35:17.165,10.42.0.1,10.42.0.1|10.42.0.210|10.42.0.47,27,3,UPLOAD,0.9792182473174783,UPLOAD,0.9792182473174783,1,14480,100.0,3,0.0,28960.0,0,3,0.0,1.0,0.3137474072856928,1,0,1,1,1,1,1,1,0.9699999999999999,1.0,1.0,1.0,0.8,skip,attack_already_active,1785296117.1659944,1785296117165994543,1384785382693131,9.9,53.3203125,-1.0,0,0
2026-07-28T23:35:17.166,10.42.0.1,10.42.0.1|10.42.0.210|10.42.0.47,27,3,UPLOAD,0.979301654274307,UPLOAD,0.979301654274307,1,14480,100.0,4,0.0,43440.0,0,4,0.0,1.0,0.2724944629664022,1,0,1,1,1,1,1,1,0.9699999999999999,1.0,1.0,1.0,0.8,skip,attack_already_active,1785296117.1666846,1785296117166684561,1384785383382647,9.9,53.3203125,-1.0,0,0
2026-07-28T23:35:17.167,10.42.0.1,10.42.0.1|10.42.0.210|10.42.0.47,27,3,UPLOAD,0.9774907806907168,UPLOAD,0.9774907806907168,0,43,100.0,4,0.0,43440.0,0,4,0.0,1.0,0.5326691750810046,1,0,1,1,1,1,1,1,0.8374999999999999,0.8500000000000001,1.0,0.6000000000000001,0.8,skip,attack_already_active,1785296117.1672876,1785296117167287585,1384785383985648,9.9,53.3203125,-1.0,0,0
2026-07-28T23:35:17.169,10.42.0.1,10.42.0.1|10.42.0.210|10.42.0.47,27,3,UPLOAD,0.9773748892865697,UPLOAD,0.9773748892865697,1,13032,100.0,5,0.0,56472.0,0,5,0.0,1.0,0.4628718324040647,1,0,1,1,1,1,1,1,0.9699999999999999,1.0,1.0,1.0,0.8,skip,attack_already_active,1785296117.169681,1785296117169681211,1384785386379487,9.9,53.3203125,-1.0,0,0
2026-07-28T23:35:17.170,10.42.0.1,10.42.0.1|10.42.0.210|10.42.0.47,27,3,UPLOAD,0.9765067601830734,UPLOAD,0.9765067601830734,1,10136,100.0,6,0.0,66608.0,0,6,0.0,1.0,0.40199979642049233,1,0,1,1,1,1,1,1,0.9699999999999999,1.0,1.0,1.0,0.8,skip,attack_already_active,1785296117.1706119,1785296117170612006,1384785387310087,9.9,53.3203125,-1.0,0,0
2026-07-28T23:35:17.171,10.42.0.1,10.42.0.1|10.42.0.210|10.42.0.47,27,3,UPLOAD,0.9762462178350398,UPLOAD,0.9762462178350398,1,12920,100.0,7,0.0,79528.0,0,7,0.0,1.0,0.34914722417629535,1,0,1,1,1,1,1,1,0.9699999999999999,1.0,1.0,1.0,0.8,skip,attack_already_active,1785296117.171528,1785296117171528307,1384785388226424,9.9,53.3203125,-1.0,0,0
2026-07-28T23:35:17.198,10.42.0.1,10.42.0.1|10.42.0.210|10.42.0.47,27,3,UPLOAD,0.9759638901440859,UPLOAD,0.9759638901440859,1,1336,100.0,8,0.0,80864.0,0,8,0.0,1.0,0.30674431854620887,1,0,1,1,1,1,1,1,0.9699999999999999,1.0,1.0,1.0,0.8,skip,attack_already_active,1785296117.1988914,1785296117198891598,1384785415590090,9.9,53.3203125,-1.0,0,0
2026-07-28T23:35:17.509,10.42.0.1,10.42.0.47,28,1,DOWNLOAD,0.9730501183179384,DOWNLOAD,0.9730501183179384,-1,1448,55.84530382952671,9,1448.0,80864.0,1,8,0.01759160268247643,0.9824083973175236,0.3113858454693867,0,0,0,0,1,0,0,0,0.44,0.8500000000000001,0.0,0.6000000000000001,0.15,skip,training_upload_trigger_not_confirmed,1785296117.5092552,1785296117509255117,1384785725953597,23.5,53.3203125,-1.0,0,0
2026-07-28T23:35:17.513,10.42.0.1,10.42.0.47,28,1,DOWNLOAD,0.95,DOWNLOAD,0.95,-1,5792,11.169060772076095,10,7240.0,80864.0,2,8,0.08217561064196859,0.9178243893580315,0.27085406142148033,0,0,0,0,1,0,0,0,0.44,0.8500000000000001,0.0,0.6000000000000001,0.15,skip,training_upload_trigger_not_confirmed,1785296117.5130565,1785296117513056562,1384785729755255,23.5,53.3203125,-1.0,0,0
2026-07-28T23:35:17.514,10.42.0.1,10.42.0.47,28,1,DOWNLOAD,0.95,DOWNLOAD,0.95,-1,7240,5.58453038642372,11,14480.0,80864.0,3,8,0.15187111931532135,0.8481288806846786,0.23529826054918915,0,0,0,0,1,0,0,0,0.44,0.8500000000000001,0.0,0.6000000000000001,0.15,skip,training_upload_trigger_not_confirmed,1785296117.5140874,1785296117514087346,1384785730787581,23.5,53.3203125,-1.0,0,0
2026-07-28T23:35:17.515,10.42.0.1,10.42.0.47,28,1,DOWNLOAD,0.95,DOWNLOAD,0.95,-1,7240,3.723020257701518,12,21720.0,80864.0,4,8,0.2117289245886298,0.7882710754113702,0.2044208946032068,0,0,0,0,1,0,0,0,0.44,0.8500000000000001,0.0,0.6000000000000001,0.15,skip,training_upload_trigger_not_confirmed,1785296117.515066,1785296117515065742,1384785731774099,23.5,53.3203125,-1.0,0,0
2026-07-28T23:35:17.516,10.42.0.1,10.42.0.47,28,1,DOWNLOAD,0.95,DOWNLOAD,0.95,-1,7240,2.792265193308278,13,28960.0,80864.0,5,8,0.2636946386946387,0.7363053613053613,0.17760741319022155,0,0,0,0,1,0,0,0,0.4,0.8500000000000001,0.0,0.4,0.15,skip,training_upload_trigger_not_confirmed,1785296117.5160067,1785296117516006572,1384785732705249,23.5,53.3203125,-1.0,0,0
2026-07-28T23:35:17.518,10.42.0.1,10.42.0.47,28,1,DOWNLOAD,0.95,DOWNLOAD,0.95,-1,7240,2.2338121546620493,14,36200.0,80864.0,6,8,0.3092325565502631,0.690767443449737,0.15448752462047163,0,0,0,0,1,0,0,0,0.32,0.8500000000000001,0.0,0.0,0.15,skip,training_upload_trigger_not_confirmed,1785296117.5181637,1785296117518163702,1384785734862493,23.5,53.3203125,-1.0,0,0
2026-07-28T23:35:17.518,10.42.0.1,10.42.0.47,28,1,DOWNLOAD,0.95,DOWNLOAD,0.95,-1,7240,1.8615101288936116,15,43440.0,80864.0,7,8,0.34946582571759555,0.6505341742824045,0.13422021271900395,0,0,0,0,1,0,0,0,0.32,0.8500000000000001,0.0,0.0,0.15,skip,training_upload_trigger_not_confirmed,1785296117.5188482,1785296117518848173,1384785735546784,23.5,53.3203125,-1.0,0,0
2026-07-28T23:35:17.519,10.42.0.1,10.42.0.47,28,1,DOWNLOAD,0.95,DOWNLOAD,0.95,-1,7240,1.5955801104854856,16,50680.0,80864.0,8,8,0.38527032779906345,0.6147296722009365,0.11661406416269482,0,0,0,0,1,0,0,0,0.32,0.8500000000000001,0.0,0.0,0.15,skip,training_upload_trigger_not_confirmed,1785296117.5194602,1785296117519459992,1384785736158145,23.5,53.3203125,-1.0,0,0
2026-07-28T23:35:17.520,10.42.0.1,10.42.0.47,28,1,DOWNLOAD,0.95,DOWNLOAD,0.95,-1,7240,1.3961325966782434,17,57920.0,80864.0,9,8,0.4173391745446161,0.5826608254553839,0.10132459480925622,0,0,0,0,1,0,0,0,0.32,0.8500000000000001,0.0,0.0,0.15,skip,training_upload_trigger_not_confirmed,1785296117.5200467,1785296117520046605,1384785736744614,23.5,53.3203125,-1.0,0,0
2026-07-28T23:35:17.520,10.42.0.1,10.42.0.47,28,1,DOWNLOAD,0.95,DOWNLOAD,0.95,-1,10136,1.1881979546228372,18,68056.0,80864.0,10,8,0.4569970453934999,0.5430029546065002,0.08805381434311223,0,0,0,0,1,0,0,0,0.30250000000000005,0.8000000000000002,0.0,0.0,0.15,skip,training_upload_trigger_not_confirmed,1785296117.520663,1785296117520663158,1384785737361296,23.5,53.3203125,-1.0,0,0
2026-07-28T23:35:17.521,10.42.0.1,10.42.0.47,28,1,DOWNLOAD,0.95,DOWNLOAD,0.95,-1,4344,1.1169060773464516,19,72400.0,80864.0,11,8,0.47238751435431675,0.5276124856456833,0.07653084139884263,0,0,0,0,1,0,0,0,0.30250000000000005,0.8000000000000002,0.0,0.0,0.15,skip,training_upload_trigger_not_confirmed,1785296117.5212722,1785296117521272077,1384785737970138,23.5,53.3203125,-1.0,0,0
2026-07-28T23:35:17.521,10.42.0.1,10.42.0.47,28,1,DOWNLOAD,0.95,DOWNLOAD,0.95,-1,10136,0.9797421731125843,20,82536.0,80864.0,12,8,0.5051162790697674,0.4948837209302326,0.06652702469523483,0,0,0,0,1,0,0,0,0.24999999999999997,0.65,0.0,0.0,0.15,skip,training_upload_trigger_not_confirmed,1785296117.5218868,1785296117521886711,1384785738584635,23.5,53.3203125,-1.0,0,0
2026-07-28T23:35:17.522,10.42.0.1,10.42.0.47,28,1,DOWNLOAD,0.95,DOWNLOAD,0.95,-1,14480,0.8335119980226611,21,97016.0,80864.0,13,8,0.545401394198336,0.45459860580166406,0.057851163625410804,0,0,0,0,1,0,0,0,0.24999999999999997,0.65,0.0,0.0,0.15,skip,training_upload_trigger_not_confirmed,1785296117.5225751,1785296117522575123,1384785739273120,23.5,53.3203125,-1.0,0,0
2026-07-28T23:35:17.523,10.42.0.1,10.42.0.47,28,1,DOWNLOAD,0.95,DOWNLOAD,0.95,-1,14480,0.7252636865921175,22,111496.0,80864.0,14,8,0.5796215429403202,0.42037845705967974,0.05030991973189486,0,0,0,0,1,0,0,0,0.23249999999999998,0.6,0.0,0.0,0.15,skip,training_upload_trigger_not_confirmed,1785296117.523198,1785296117523197872,1384785739895826,23.5,53.3203125,-1.0,0,0
2026-07-28T23:35:17.523,10.42.0.1,10.42.0.47,28,1,DOWNLOAD,0.95,DOWNLOAD,0.95,-1,4344,0.6980662983451479,23,115840.0,80864.0,15,8,0.5889051569871482,0.4110948430128518,0.04375974876050768,0,0,0,0,1,0,0,0,0.23249999999999998,0.6,0.0,0.0,0.15,skip,training_upload_trigger_not_confirmed,1785296117.5238004,1785296117523800424,1384785740498422,23.5,53.3203125,-1.0,0,0
2026-07-28T23:35:17.524,10.42.0.1,10.42.0.47,28,1,DOWNLOAD,0.95,DOWNLOAD,0.95,-1,4344,0.672834986356979,24,120184.0,80864.0,16,8,0.5977875930126139,0.4022124069873861,0.03807039819570371,0,0,0,0,1,0,0,0,0.23249999999999998,0.6,0.0,0.0,0.15,skip,training_upload_trigger_not_confirmed,1785296117.5243852,1785296117524385265,1384785741083207,23.5,53.3203125,-1.0,0,0
2026-07-28T23:35:17.525,10.42.0.1,10.42.0.47,28,1,DOWNLOAD,0.95,DOWNLOAD,0.95,-1,13032,0.6070141724747251,25,133216.0,80864.0,17,8,0.6222720478325859,0.37772795216741406,0.033138456062317585,0,0,0,0,1,0,0,0,0.23249999999999998,0.6,0.0,0.0,0.15,skip,training_upload_trigger_not_confirmed,1785296117.5250285,1785296117525028387,1384785741726367,23.5,53.3203125,-1.0,0,0
2026-07-28T23:35:17.525,10.42.0.1,10.42.0.47,28,1,DOWNLOAD,0.95,DOWNLOAD,0.95,-1,1448,0.6004871383621421,26,134664.0,80864.0,18,8,0.6248097694963067,0.37519023050369327,0.02888607608628952,0,0,0,0,1,0,0,0,0.23249999999999998,0.6,0.0,0.0,0.15,skip,training_upload_trigger_not_confirmed,1785296117.5258968,1785296117525896712,1384785742594631,23.5,53.3203125,-1.0,0,0
2026-07-28T23:35:17.526,10.42.0.1,10.42.0.47,28,1,DOWNLOAD,0.95,DOWNLOAD,0.95,-1,14480,0.5421874161914513,27,149144.0,80864.0,19,8,0.6484296198393099,0.3515703801606901,0.02520199984553287,0,0,0,0,1,0,0,0,0.23249999999999998,0.6,0.0,0.0,0.15,skip,training_upload_trigger_not_confirmed,1785296117.5268254,1785296117526825537,1384785743523597,23.5,53.3203125,-1.0,0,0
2026-07-28T23:35:17.527,10.42.0.1,10.42.0.47,28,1,DOWNLOAD,0.95,DOWNLOAD,0.95,-1,4344,0.5268424893182082,28,153488.0,80864.0,20,8,0.6549464054072507,0.34505359459274937,0.021997452890350537,0,0,0,0,1,0,0,0,0.23249999999999998,0.6,0.0,0.0,0.15,skip,training_upload_trigger_not_confirmed,1785296117.527709,1785296117527708836,1384785744406929,23.5,53.3203125,-1.0,0,0
2026-07-28T23:35:17.528,10.42.0.1,10.42.0.47,28,1,DOWNLOAD,0.95,DOWNLOAD,0.95,-1,14480,0.48142503334277104,29,167968.0,80864.0,21,8,0.675025720164609,0.32497427983539096,0.01918018433337845,0,0,0,0,1,0,0,0,0.23249999999999998,0.6,0.0,0.0,0.15,skip,training_upload_trigger_not_confirmed,1785296117.528327,1785296117528326829,1384785745024815,23.5,53.3203125,-1.0,0,0
2026-07-28T23:35:17.528,10.42.0.1,10.42.0.47,28,1,DOWNLOAD,0.95,DOWNLOAD,0.95,-1,18824,0.43290933230848794,30,186792.0,80864.0,22,8,0.6978808620019726,0.3021191379980273,0.016736013475348307,0,0,0,0,1,0,0,0,0.23249999999999998,0.6,0.0,0.0,0.15,skip,training_upload_trigger_not_confirmed,1785296117.528959,1785296117528958937,1384785745657157,23.5,53.3203125,-1.0,0,0
2026-07-28T23:35:17.529,10.42.0.1,10.42.0.47,28,1,DOWNLOAD,0.95,DOWNLOAD,0.95,-1,10136,0.4106272343221348,31,196928.0,80864.0,23,8,0.7089045040893907,0.2910954959106094,0.01461627824488193,0,0,0,0,1,0,0,0,0.23249999999999998,0.6,0.0,0.0,0.15,skip,training_upload_trigger_not_confirmed,1785296117.529609,1785296117529608974,1384785746306996,23.5,53.3203125,-1.0,0,0
2026-07-28T23:35:17.530,10.42.0.1,10.42.0.47,28,1,DOWNLOAD,0.95,DOWNLOAD,0.95,-1,18824,0.37480069709956426,32,215752.0,80864.0,24,8,0.7273781589664752,0.2726218410335248,0.012772256987995403,0,0,0,0,1,0,0,0,0.23249999999999998,0.6,0.0,0.0,0.15,skip,training_upload_trigger_not_confirmed,1785296117.5302315,1785296117530231577,1384785746929577,23.5,53.3203125,-1.0,0,0
2026-07-28T23:35:17.531,10.42.0.1,10.42.0.47,28,1,DOWNLOAD,0.95,DOWNLOAD,0.95,-1,18824,0.34472409794972747,33,234576.0,80864.0,25,8,0.743646969312706,0.2563530306872939,0.011213518582915426,0,0,0,0,1,0,0,0,0.23249999999999998,0.6,0.0,0.0,0.15,skip,training_upload_trigger_not_confirmed,1785296117.531175,1785296117531174890,1384785747872961,23.5,53.3203125,-1.0,0,0
2026-07-28T23:35:17.533,10.42.0.1,10.42.0.47,28,1,DOWNLOAD,0.95,DOWNLOAD,0.95,-1,18824,0.31911602210213447,34,253400.0,80864.0,26,8,0.7580834310604792,0.24191656893952085,0.009985537854768349,0,0,0,0,1,0,0,0,0.23249999999999998,0.6,0.0,0.0,0.15,skip,training_upload_trigger_not_confirmed,1785296117.5330696,1785296117533069513,1384785749768059,23.5,53.3203125,-1.0,0,0
2026-07-28T23:35:17.533,10.42.0.1,10.42.0.47,28,1,DOWNLOAD,0.95,DOWNLOAD,0.95,-1,2896,0.3155101913439323,35,256296.0,80864.0,27,8,0.7601613477280816,0.2398386522719184,0.008758578963873245,0,0,0,0,1,0,0,0,0.23249999999999998,0.6,0.0,0.0,0.15,skip,training_upload_trigger_not_confirmed,1785296117.533744,1785296117533744085,1384785750442244,23.5,53.3203125,-1.0,0,0
2026-07-28T23:35:17.534,10.42.0.1,10.42.0.47,28,1,DOWNLOAD,0.95,DOWNLOAD,0.95,-1,3888,0.31079543707794943,36,260184.0,80864.0,28,8,0.7628955454950623,0.23710445450493772,0.007766410408756969,0,0,0,0,1,0,0,0,0.23249999999999998,0.6,0.0,0.0,0.15,skip,training_upload_trigger_not_confirmed,1785296117.5349734,1785296117534973398,1384785751671608,23.5,53.3203125,-1.0,0,0
2026-07-28T23:35:17.535,10.42.0.1,10.42.0.47,28,1,DOWNLOAD,0.95,DOWNLOAD,0.95,-1,16920,0.29181823431169585,37,277104.0,80864.0,29,8,0.774102713091673,0.225897286908327,0.00687648868211843,0,0,0,0,1,0,0,0,0.23249999999999998,0.6,0.0,0.0,0.15,skip,training_upload_trigger_not_confirmed,1785296117.5359864,1785296117535986361,1384785752684693,23.5,53.3203125,-1.0,0,0
2026-07-28T23:35:17.537,10.42.0.18,10.42.0.47,23,1,DOWNLOAD,0.95,DOWNLOAD,0.95,-1,7300,1.3698630135109776e-10,1,7300.0,0.0,1,0,1.0,0.0,0.7707318981880218,0,0,0,0,0,0,0,0,0.0225,0.0,0.0,0.0,0.15,skip,training_upload_trigger_not_confirmed,1785296117.5377636,1785296117537763659,1384785754462020,23.5,53.3203125,-1.0,0,0
2026-07-28T23:35:17.538,10.42.0.210,10.42.0.47,28,1,DOWNLOAD,0.9842311666861744,DOWNLOAD,0.9842311666861744,-1,7240,1.381215469422484e-10,1,7240.0,0.0,1,0,1.0,0.0,0.3472703365540579,0,0,0,0,0,0,0,0,0.0225,0.0,0.0,0.0,0.15,skip,training_upload_trigger_not_confirmed,1785296117.5385654,1785296117538565312,1384785755263818,23.5,53.3203125,-1.0,0,0
2026-07-28T23:35:17.539,10.42.0.18,10.42.0.47,23,1,DOWNLOAD,0.95,DOWNLOAD,0.95,-1,7300,6.84931506802402e-11,2,14600.0,0.0,2,0,1.0,0.0,0.669363303180486,0,0,0,0,0,0,0,0,0.0225,0.0,0.0,0.0,0.15,skip,training_upload_trigger_not_confirmed,1785296117.5392373,1785296117539237351,1384785755935509,23.5,53.3203125,-1.0,0,0
2026-07-28T23:35:17.539,10.42.0.210,10.42.0.47,28,1,DOWNLOAD,0.95,DOWNLOAD,0.95,-1,7240,6.90607734758936e-11,2,14480.0,0.0,2,0,1.0,0.0,0.30169232485164055,0,0,0,0,0,0,0,0,0.0225,0.0,0.0,0.0,0.15,skip,training_upload_trigger_not_confirmed,1785296117.5399568,1785296117539956631,1384785756655272,23.5,53.3203125,-1.0,0,0
2026-07-28T23:35:17.540,10.42.0.1,10.42.0.47,28,1,DOWNLOAD,0.95,DOWNLOAD,0.95,-1,16920,0.27502516801596116,38,294024.0,80864.0,30,8,0.784298243742131,0.21570175625786903,0.0065925348447168335,0,0,0,0,1,0,0,0,0.23249999999999998,0.6,0.0,0.0,0.15,skip,training_upload_trigger_not_confirmed,1785296117.540708,1785296117540708010,1384785757406191,23.5,53.3203125,-1.0,0,0
2026-07-28T23:35:17.541,10.42.0.47,10.42.0.47,28,1,DOWNLOAD,0.95,DOWNLOAD,0.95,-1,7240,10.984530385361252,11,7240.0,79528.0,1,10,0.08344089987092015,0.9165591001290798,0.17532733291460165,0,0,0,0,0,0,0,0,0.057499999999999996,0.1,0.0,0.0,0.15,skip,training_upload_trigger_not_confirmed,1785296117.5413847,1785296117541384781,1384785758082774,23.5,53.3203125,-1.0,0,0
2026-07-28T23:35:17.542,10.42.0.47,10.42.0.47,28,1,DOWNLOAD,0.95,DOWNLOAD,0.95,-1,7240,5.492265193059926,12,14480.0,79528.0,2,10,0.15402944430261253,0.8459705556973874,0.1523048809457995,0,0,0,0,0,0,0,0,0.057499999999999996,0.1,0.0,0.0,0.15,skip,training_upload_trigger_not_confirmed,1785296117.542001,1785296117542000914,1384785758698938,23.5,53.3203125,-1.0,0,0
2026-07-28T23:35:17.542,10.42.0.1,10.42.0.47,28,1,DOWNLOAD,0.95,DOWNLOAD,0.95,-1,16920,0.2600596892068666,39,310944.0,80864.0,31,8,0.7936131983012088,0.20638680169879126,0.005977974493817172,0,0,0,0,1,0,0,0,0.23249999999999998,0.6,0.0,0.0,0.15,skip,training_upload_trigger_not_confirmed,1785296117.5426369,1785296117542636901,1384785759335181,23.5,53.3203125,-1.0,0,0
2026-07-28T23:35:17.543,10.42.0.1,10.42.0.47,28,1,DOWNLOAD,0.95,DOWNLOAD,0.95,-1,21720,0.2430801048528152,40,332664.0,80864.0,32,8,0.8044533864695982,0.1955466135304018,0.005329252436593846,0,0,0,0,1,0,0,0,0.23249999999999998,0.6,0.0,0.0,0.15,skip,training_upload_trigger_not_confirmed,1785296117.5436919,1785296117543691817,1384785760389970,23.5,53.3203125,-1.0,0,0
2026-07-28T23:35:17.545,10.42.0.18,10.42.0.47,23,1,DOWNLOAD,0.9477595150059652,DOWNLOAD,0.9477595150059652,0,43,6.84931506802402e-11,2,14600.0,0.0,2,0,1.0,0.0,1.0765041068389456,0,0,0,0,0,0,0,0,0.0225,0.0,0.0,0.0,0.15,skip,training_upload_trigger_not_confirmed,1785296117.5450377,1785296117545037937,1384785761736243,23.5,53.3203125,-1.0,0,0
2026-07-28T23:35:17.545,10.42.0.18,10.42.0.47,23,1,DOWNLOAD,0.95,DOWNLOAD,0.95,-1,10220,4.029008863657171e-11,3,24820.0,0.0,3,0,1.0,0.0,0.9354971875307414,0,0,0,0,0,0,0,0,0.0225,0.0,0.0,0.0,0.15,skip,training_upload_trigger_not_confirmed,1785296117.5456789,1785296117545678901,1384785762376858,23.5,53.3203125,-1.0,0,0
2026-07-28T23:35:17.547,10.42.0.210,10.42.0.47,28,1,DOWNLOAD,0.9557926560077417,DOWNLOAD,0.9557926560077417,-1,10136,4.062398439873968e-11,3,24616.0,0.0,3,0,1.0,0.0,0.26291745577311715,0,0,0,0,0,0,0,0,0.0225,0.0,0.0,0.0,0.15,skip,training_upload_trigger_not_confirmed,1785296117.5473974,1785296117547397309,1384785764095304,23.5,53.3203125,-1.0,0,0
2026-07-28T23:35:17.547,10.42.0.210,10.42.0.47,28,1,DOWNLOAD,0.9846998846180315,DOWNLOAD,0.9846998846180315,-1,4344,3.453038673913914e-11,4,28960.0,0.0,4,0,1.0,0.0,0.2283501285726953,0,0,0,0,0,0,0,0,0.0225,0.0,0.0,0.0,0.15,skip,training_upload_trigger_not_confirmed,1785296117.547993,1785296117547992947,1384785764690944,23.5,53.3203125,-1.0,0,0
2026-07-28T23:35:17.548,10.42.0.210,10.42.0.47,28,1,DOWNLOAD,0.9854895428954357,DOWNLOAD,0.9854895428954357,-1,14480,2.3020257826357728e-11,5,43440.0,0.0,5,0,1.0,0.0,0.19837926937479608,0,0,0,0,0,0,0,0,0.0225,0.0,0.0,0.0,0.15,skip,training_upload_trigger_not_confirmed,1785296117.5489025,1785296117548902525,1384785765600561,23.5,53.3203125,-1.0,0,0
2026-07-28T23:35:17.549,10.42.0.210,10.42.0.47,28,1,DOWNLOAD,0.9855083405864443,DOWNLOAD,0.9855083405864443,0,43,2.3020257826357728e-11,5,43440.0,0.0,5,0,1.0,0.0,0.5179668474566793,0,0,0,0,0,0,0,0,0.0225,0.0,0.0,0.0,0.15,skip,training_upload_trigger_not_confirmed,1785296117.5497174,1785296117549717606,1384785766416101,23.5,53.3203125,-1.0,0,0
2026-07-28T23:35:17.552,10.42.0.18,10.42.0.47,23,1,DOWNLOAD,0.95,DOWNLOAD,0.95,-1,14600,2.536783358636814e-11,4,39420.0,0.0,4,0,1.0,0.0,0.8131682087880714,0,0,0,0,0,0,0,0,0.0225,0.0,0.0,0.0,0.15,skip,training_upload_trigger_not_confirmed,1785296117.5528553,1785296117552855231,1384785769554429,23.5,53.3203125,-1.0,0,0
2026-07-28T23:35:17.554,10.42.0.210,10.42.0.47,28,1,DOWNLOAD,0.9855087208476458,DOWNLOAD,0.9855087208476458,-1,14480,1.7265193369867658e-11,6,57920.0,0.0,6,0,1.0,0.0,0.45046552674495616,0,0,0,0,0,0,0,0,0.0225,0.0,0.0,0.0,0.15,skip,training_upload_trigger_not_confirmed,1785296117.5546205,1785296117554620484,1384785771319468,23.5,53.3203125,-1.0,0,0
2026-07-28T23:35:17.556,10.42.0.210,10.42.0.47,28,1,DOWNLOAD,0.9855087261970161,DOWNLOAD,0.9855087261970161,-1,5792,1.569563033626796e-11,7,63712.0,0.0,7,0,1.0,0.0,0.3913403284211695,0,0,0,0,0,0,0,0,0.0225,0.0,0.0,0.0,0.15,skip,training_upload_trigger_not_confirmed,1785296117.5564013,1785296117556401095,1384785773100648,23.5,53.3203125,-1.0,0,0
2026-07-28T23:35:17.558,10.42.0.210,10.42.0.47,28,1,DOWNLOAD,0.9855087261721334,DOWNLOAD,0.9855087261721334,-1,8688,1.3812154695941821e-11,8,72400.0,0.0,8,0,1.0,0.0,0.3399892305884641,0,0,0,0,0,0,0,0,0.0225,0.0,0.0,0.0,0.15,skip,training_upload_trigger_not_confirmed,1785296117.5580523,1785296117558052264,1384785774750763,23.5,53.3203125,-1.0,0,0
2026-07-28T23:35:17.559,10.42.0.210,10.42.0.47,28,1,DOWNLOAD,0.9855087261660103,DOWNLOAD,0.9855087261660103,-1,6784,1.2628813901638856e-11,9,79184.0,0.0,9,0,1.0,0.0,0.29538733402210227,0,0,0,0,0,0,0,0,0.0225,0.0,0.0,0.0,0.15,skip,training_upload_trigger_not_confirmed,1785296117.55957,1785296117559570235,1384785776268659,23.5,53.3203125,-1.0,0,0
2026-07-28T23:35:17.561,10.42.0.59,10.42.0.47,9,2,TRAINING,0.9293977297375461,TRAINING,0.9293977297375461,0,43,1.0,0,0.0,0.0,0,0,0.0,0.0,1.0772439591972722,0,0,0,0,0,0,0,0,0.039999999999999994,0.05,0.0,0.0,0.15,skip,already_attacked_this_round,1785296117.5619586,1785296117561958560,1384785778657165,23.5,53.3203125,-1.0,0,0
2026-07-28T23:35:17.563,10.42.0.59,10.42.0.47,9,2,TRAINING,0.95,TRAINING,0.95,-1,14600,6.84931506802402e-11,1,14600.0,0.0,1,0,1.0,0.0,1.4498701940697092,0,0,0,0,0,0,0,0,0.0225,0.0,0.0,0.0,0.15,skip,already_attacked_this_round,1785296117.563037,1785296117563036816,1384785779735174,23.5,53.3203125,-1.0,0,0
2026-07-28T23:35:17.564,10.42.0.59,10.42.0.47,9,2,TRAINING,0.95,TRAINING,0.95,-1,14600,3.424657534129292e-11,2,29200.0,0.0,2,0,1.0,0.0,1.2589497916159333,0,0,0,0,0,0,0,0,0.0225,0.0,0.0,0.0,0.15,skip,already_attacked_this_round,1785296117.564065,1785296117564064918,1384785780763235,23.5,53.3203125,-1.0,0,0
2026-07-28T23:35:17.569,10.42.0.18,10.42.0.47,23,1,DOWNLOAD,0.95,DOWNLOAD,0.95,-1,17520,1.756234632916118e-11,5,56940.0,0.0,5,0,1.0,0.0,0.7082685782875383,0,0,0,0,0,0,0,0,0.0225,0.0,0.0,0.0,0.15,skip,training_upload_trigger_not_confirmed,1785296117.5699692,1785296117569969143,1384785786668396,23.5,53.3203125,-1.0,0,0
2026-07-28T23:35:17.571,10.42.0.18,10.42.0.47,23,1,DOWNLOAD,0.9505816666771678,DOWNLOAD,0.9505816666771678,-1,1460,1.7123287670939668e-11,6,58400.0,0.0,6,0,1.0,0.0,0.6150862527498211,0,0,0,0,0,0,0,0,0.0225,0.0,0.0,0.0,0.15,skip,training_upload_trigger_not_confirmed,1785296117.5711029,1785296117571102903,1384785787801761,23.5,53.3203125,-1.0,0,0
2026-07-28T23:35:17.573,10.42.0.18,10.42.0.47,23,1,DOWNLOAD,0.9553191867701702,DOWNLOAD,0.9553191867701702,-1,20440,1.2683916793344953e-11,7,78840.0,0.0,7,0,1.0,0.0,0.5342931283507532,0,0,0,0,0,0,0,0,0.0225,0.0,0.0,0.0,0.15,skip,training_upload_trigger_not_confirmed,1785296117.5730724,1785296117573072272,1384785789770776,23.5,53.3203125,-1.0,0,0
2026-07-28T23:35:17.575,10.42.0.145,10.42.0.47,12,3,UPLOAD,0.9854688349332961,UPLOAD,0.9854688349332961,0,43,1.0,0,0.0,0.0,0,0,0.0,0.0,1.3932428336713887,0,0,0,0,0,0,0,0,0.4375,0.05,1.0,0.0,0.8,skip,already_attacked_this_round,1785296117.5758052,1785296117575805234,1384785792503517,23.5,53.3203125,-1.0,0,0
2026-07-28T23:35:17.576,10.42.0.145,10.42.0.47,13,1,DOWNLOAD,0.95,DOWNLOAD,0.95,-1,14600,6.84931506802402e-11,1,14600.0,0.0,1,0,1.0,0.0,1.723988737920359,0,0,0,0,0,0,0,0,0.0225,0.0,0.0,0.0,0.15,skip,training_upload_trigger_not_confirmed,1785296117.5765197,1785296117576519601,1384785793217821,23.5,53.3203125,-1.0,0,0
2026-07-28T23:35:17.577,10.42.0.145,10.42.0.47,13,1,DOWNLOAD,0.95,DOWNLOAD,0.95,-1,14600,3.424657534129292e-11,2,29200.0,0.0,2,0,1.0,0.0,1.4968954879757044,0,0,0,0,0,0,0,0,0.0225,0.0,0.0,0.0,0.15,skip,training_upload_trigger_not_confirmed,1785296117.5771606,1785296117577160598,1384785793858809,23.5,53.3203125,-1.0,0,0
2026-07-28T23:35:17.582,10.42.0.18,10.42.0.47,23,1,DOWNLOAD,0.959892999076871,DOWNLOAD,0.959892999076871,-1,361,1.2626103205608186e-11,8,79201.0,0.0,8,0,1.0,0.0,0.4650887795269958,0,0,0,0,0,0,0,0,0.0225,0.0,0.0,0.0,0.15,skip,training_upload_trigger_not_confirmed,1785296117.582193,1785296117582193011,1384785798891108,23.5,53.3203125,-1.0,0,0
2026-07-28T23:35:17.583,10.42.0.47,10.42.0.47,28,1,DOWNLOAD,0.95,DOWNLOAD,0.95,-1,1448,4.992968357358553,13,15928.0,79528.0,3,10,0.16686221924237346,0.8331377807576266,0.13764916077129677,0,0,0,0,0,0,0,0,0.057499999999999996,0.1,0.0,0.0,0.15,skip,training_upload_trigger_not_confirmed,1785296117.5830877,1785296117583087577,1384785799785804,23.5,53.3203125,-1.0,0,0
2026-07-28T23:35:17.584,10.42.0.47,10.42.0.47,28,1,DOWNLOAD,0.9,DOWNLOAD,0.9,0,43,4.992968357358553,13,15928.0,79528.0,3,10,0.16686221924237346,0.8331377807576266,0.1684982553497854,0,0,0,0,0,0,0,0,0.057499999999999996,0.1,0.0,0.0,0.15,skip,training_upload_trigger_not_confirmed,1785296117.5840487,1785296117584048512,1384785800746722,23.5,53.3203125,-1.0,0,0
2026-07-28T23:35:17.584,10.42.0.47,10.42.0.47,28,1,DOWNLOAD,0.95,DOWNLOAD,0.95,-1,10136,3.051258440682502,14,26064.0,79528.0,4,10,0.24683688158193803,0.7531631184180619,0.14654435049067963,0,0,0,0,0,0,0,0,0.057499999999999996,0.1,0.0,0.0,0.15,skip,training_upload_trigger_not_confirmed,1785296117.5849838,1785296117584983880,1384785801682274,23.5,53.3203125,-1.0,0,0
2026-07-28T23:35:17.586,10.42.0.47,10.42.0.47,28,1,DOWNLOAD,0.95,DOWNLOAD,0.95,-1,13032,2.0341722938143496,15,39096.0,79528.0,5,10,0.3295791745346642,0.6704208254653359,0.12739742013502842,0,0,0,0,0,0,0,0,0.057499999999999996,0.1,0.0,0.0,0.15,skip,training_upload_trigger_not_confirmed,1785296117.5862274,1785296117586227496,1384785802926082,23.5,53.3203125,-1.0,0,0
2026-07-28T23:35:17.588,10.42.0.59,10.42.0.47,9,2,TRAINING,0.95,TRAINING,0.95,-1,23360,1.9025875189896766e-11,3,52560.0,0.0,3,0,1.0,0.0,1.0962998509996311,0,0,0,0,0,0,0,0,0.0225,0.0,0.0,0.0,0.15,skip,already_attacked_this_round,1785296117.5887094,1785296117588709494,1384785805407808,23.5,53.3203125,-1.0,0,0
2026-07-28T23:35:17.589,10.42.0.59,10.42.0.47,9,2,TRAINING,0.95,TRAINING,0.95,-1,12024,1.5483711135645304e-11,4,64584.0,0.0,4,0,1.0,0.0,0.9519258771793644,0,0,0,0,0,0,0,0,0.0225,0.0,0.0,0.0,0.15,skip,already_attacked_this_round,1785296117.589395,1785296117589394962,1384785806093248,23.5,53.3203125,-1.0,0,0
2026-07-28T23:35:17.591,10.42.0.145,10.42.0.47,13,1,DOWNLOAD,0.95,DOWNLOAD,0.95,-1,29200,1.7123287670939668e-11,3,58400.0,0.0,3,0,1.0,0.0,1.3014904794757156,0,0,0,0,0,0,0,0,0.0225,0.0,0.0,0.0,0.15,skip,training_upload_trigger_not_confirmed,1785296117.5911815,1785296117591181452,1384785807879738,23.5,53.3203125,-1.0,0,0
2026-07-28T23:35:17.591,10.42.0.47,10.42.0.47,28,1,DOWNLOAD,0.95,DOWNLOAD,0.95,-1,2896,1.893884549416701,16,41992.0,79528.0,6,10,0.34555628703094143,0.6544437129690586,0.11134530168624829,0,0,0,0,0,0,0,0,0.057499999999999996,0.1,0.0,0.0,0.15,skip,training_upload_trigger_not_confirmed,1785296117.5918097,1785296117591809701,1384785808507666,23.5,53.3203125,-1.0,0,0
2026-07-28T23:35:17.594,10.42.0.47,10.42.0.47,28,1,DOWNLOAD,0.95,DOWNLOAD,0.95,-1,10136,1.525629220370518,17,52128.0,79528.0,7,10,0.39594093698730026,0.6040590630126997,0.09701804899248312,0,0,0,0,0,0,0,0,0.057499999999999996,0.1,0.0,0.0,0.15,skip,training_upload_trigger_not_confirmed,1785296117.5944295,1785296117594429327,1384785811127586,23.5,53.3203125,-1.0,0,0
2026-07-28T23:35:17.595,10.42.0.47,10.42.0.47,28,1,DOWNLOAD,0.95,DOWNLOAD,0.95,-1,4344,1.408273126497941,18,56472.0,79528.0,8,10,0.41523529411764704,0.584764705882353,0.0843200708680459,0,0,0,0,0,0,0,0,0.057499999999999996,0.1,0.0,0.0,0.15,skip,training_upload_trigger_not_confirmed,1785296117.595086,1785296117595085999,1384785811784131,23.5,53.3203125,-1.0,0,0
2026-07-28T23:35:17.595,10.42.0.47,10.42.0.47,28,1,DOWNLOAD,0.95,DOWNLOAD,0.95,-1,15928,1.0984530386726734,19,72400.0,79528.0,9,10,0.4765415196672108,0.5234584803327892,0.07329460804607403,0,0,0,0,0,0,0,0,0.039999999999999994,0.05,0.0,0.0,0.15,skip,training_upload_trigger_not_confirmed,1785296117.595737,1785296117595737006,1384785812435059,23.5,53.3203125,-1.0,0,0
2026-07-28T23:35:17.599,10.42.0.47,10.42.0.47,28,1,DOWNLOAD,0.95,DOWNLOAD,0.95,-1,2896,1.0562048448781316,20,75296.0,79528.0,10,10,0.4863328682891541,0.5136671317108459,0.06407766562243214,0,0,0,0,0,0,0,0,0.039999999999999994,0.05,0.0,0.0,0.15,skip,training_upload_trigger_not_confirmed,1785296117.5990868,1785296117599086943,1384785815785175,23.5,53.3203125,-1.0,0,0
2026-07-28T23:35:17.600,10.42.0.47,10.42.0.47,28,1,DOWNLOAD,0.95,DOWNLOAD,0.95,-1,3905,1.0041287357482338,21,79201.0,79528.0,11,10,0.49896994248058013,0.5010300575194199,0.05576380797782786,0,0,0,0,0,0,0,0,0.039999999999999994,0.05,0.0,0.0,0.15,skip,training_upload_trigger_not_confirmed,1785296117.6000729,1785296117600073044,1384785816771270,23.5,53.3203125,-1.0,0,0
2026-07-28T23:35:17.891,10.42.0.145,10.42.0.47,13,2,TRAINING,0.95,TRAINING,0.95,1,64240,1.0999999999982877,4,58400.0,64240.0,3,1,0.47619047619047616,0.5238095238095238,1.1716058437123333,0,0,0,0,1,0,0,0,0.4525,1.0,0.0,0.4,0.15,skip,training_upload_trigger_not_confirmed,1785296117.891637,1785296117891637086,1384786108337243,23.5,53.3203125,-1.0,0,0
2026-07-28T23:35:17.893,10.42.0.1,10.42.0.47,28,2,TRAINING,0.95,TRAINING,0.95,1,7240,0.2648438063653871,41,332664.0,88104.0,32,9,0.7906114533424595,0.2093885466575405,0.04425942347691404,0,0,0,0,1,0,0,0,0.4525,1.0,0.0,0.4,0.15,skip,training_upload_trigger_not_confirmed,1785296117.8934891,1785296117893489191,1384786110188211,23.5,53.3203125,-1.0,0,0
2026-07-28T23:35:17.894,10.42.0.1,10.42.0.1,28,3,UPLOAD,0.95,UPLOAD,0.95,1,7240,0.2866075078779591,42,332664.0,95344.0,32,10,0.7772378086390909,0.22276219136090913,0.03858487721708242,1,0,0,1,1,1,1,1,0.9699999999999999,1.0,1.0,1.0,0.8,trigger,training_upload_trigger_confirmed,1785296117.894686,1785296117894685895,1384786111384572,23.5,53.3203125,19.278472,1785296117913965782,1384786130663044
2026-07-28T23:35:17.897,10.42.0.1,10.42.0.1,28,3,UPLOAD,0.95,UPLOAD,0.95,1,14480,0.330134910903103,43,332664.0,109824.0,32,11,0.7518034387373217,0.2481965612626783,0.033853005332160305,1,0,1,1,1,1,1,1,0.9699999999999999,1.0,1.0,1.0,0.8,skip,attack_already_active,1785296117.897362,1785296117897362030,1384786114060823,23.5,53.3203125,-1.0,0,0
2026-07-28T23:35:17.898,10.42.0.1,10.42.0.1,28,3,UPLOAD,0.95,UPLOAD,0.95,1,14480,0.3736623139282469,44,332664.0,124304.0,32,12,0.7279809527144132,0.27201904728558673,0.02954674321710044,1,0,1,1,1,1,1,1,0.9699999999999999,1.0,1.0,1.0,0.8,skip,attack_already_active,1785296117.898536,1785296117898535874,1384786115234329,23.5,53.3203125,-1.0,0,0
2026-07-28T23:35:17.899,10.42.0.1,10.42.0.1,28,3,UPLOAD,0.9294635183892147,UPLOAD,0.9294635183892147,0,43,0.3736623139282469,44,332664.0,124304.0,32,12,0.7279809527144132,0.27201904728558673,0.0655848245343436,1,0,1,1,1,1,1,1,0.8025,0.7500000000000001,1.0,0.6000000000000001,0.8,skip,attack_already_active,1785296117.8996544,1785296117899654461,1384786116353615,23.5,53.3203125,-1.0,0,0
2026-07-28T23:35:17.902,10.42.0.1,10.42.0.1,28,3,UPLOAD,0.95,UPLOAD,0.95,1,14480,0.41718971695339085,45,332664.0,138784.0,32,13,0.7056218289185657,0.2943781710814342,0.05751808163634759,1,0,1,1,1,1,1,1,0.9699999999999999,1.0,1.0,1.0,0.8,skip,attack_already_active,1785296117.9029045,1785296117902904652,1384786119603245,23.5,53.3203125,-1.0,0,0
2026-07-28T23:35:17.905,10.42.0.1,10.42.0.1,28,3,UPLOAD,0.95,UPLOAD,0.95,1,14480,0.46071711997853476,46,332664.0,153264.0,32,14,0.6845952486788166,0.3154047513211834,0.05021979060848537,1,0,1,1,1,1,1,1,0.9699999999999999,1.0,1.0,1.0,0.8,skip,attack_already_active,1785296117.9050379,1785296117905037854,1384786121736483,23.5,53.3203125,-1.0,0,0
2026-07-28T23:35:17.906,10.42.0.1,10.42.0.1,28,3,UPLOAD,0.95,UPLOAD,0.95,1,7129,0.4821471514817289,47,332664.0,160393.0,32,15,0.6746968403247495,0.32530315967525053,0.04374854126021393,1,0,1,1,1,1,1,1,0.9699999999999999,1.0,1.0,1.0,0.8,skip,attack_already_active,1785296117.9061491,1785296117906149113,1384786122847526,23.5,53.3203125,-1.0,0,0
2026-07-28T23:35:17.908,10.42.0.59,10.42.0.1,9,3,UPLOAD,0.95,UPLOAD,0.95,1,64240,0.994673603369338,5,64584.0,64240.0,4,1,0.5013351549400733,0.4986648450599267,0.8721596085321738,0,0,0,1,1,1,1,1,0.85,1.0,1.0,0.4,0.8,skip,already_attacked_this_round,1785296117.9085603,1785296117908560418,1384786125259537,23.5,53.3203125,-1.0,0,0
2026-07-28T23:35:17.909,10.42.0.59,10.42.0.1,9,3,UPLOAD,0.9841010226033655,UPLOAD,0.9841010226033655,1,2148,1.027932614888704,6,64584.0,66388.0,4,2,0.493113031793055,0.506886968206945,0.7573908088089626,0,0,0,1,1,1,1,1,0.85,1.0,1.0,0.4,0.8,skip,already_attacked_this_round,1785296117.9097712,1785296117909771233,1384786126469808,23.5,53.3203125,-1.0,0,0
2026-07-28T23:35:17.911,10.42.0.1,10.42.0.1,28,3,UPLOAD,0.95,UPLOAD,0.95,1,7240,0.5039108529943008,48,332664.0,167633.0,32,16,0.6649330297803105,0.3350669702196895,0.03868970837460698,1,0,1,1,1,1,1,1,0.9699999999999999,1.0,1.0,1.0,0.8,skip,attack_already_active,1785296117.9115076,1785296117911507653,1384786128206701,23.5,53.3203125,-1.0,0,0
2026-07-28T23:35:17.913,10.42.0.1,10.42.0.1,28,3,UPLOAD,0.95,UPLOAD,0.95,1,7240,0.5256745545068728,49,332664.0,174873.0,32,17,0.6554477801618405,0.3445522198381596,0.03385121517891316,1,0,1,1,1,1,1,1,0.9699999999999999,1.0,1.0,1.0,0.8,skip,attack_already_active,1785296117.9134793,1785296117913479419,1384786130179315,23.5,53.3203125,-1.0,0,0
2026-07-28T23:35:17.917,10.42.0.1,10.42.0.1,28,3,UPLOAD,0.95,UPLOAD,0.95,1,14480,0.5692019575320167,50,332664.0,189353.0,32,18,0.6372666024286565,0.3627333975713435,0.0298958394725979,1,0,1,1,1,1,1,1,0.9699999999999999,1.0,1.0,1.0,0.8,skip,attack_already_active,1785296117.9173143,1785296117917314203,1384786134013097,23.5,53.3203125,-1.0,0,0
2026-07-28T23:35:17.918,10.42.0.1,10.42.0.1,28,3,UPLOAD,0.95,UPLOAD,0.95,1,14480,0.6127293605571607,51,332664.0,203833.0,32,19,0.6200668410074986,0.37993315899250135,0.02611275874807477,1,0,1,1,1,1,1,1,0.9699999999999999,1.0,1.0,1.0,0.8,skip,attack_already_active,1785296117.9185014,1785296117918501392,1384786135200025,23.5,53.3203125,-1.0,0,0
2026-07-28T23:35:17.919,10.42.0.1,10.42.0.1,28,3,UPLOAD,0.8505778818867049,UPLOAD,0.8505778818867049,0,43,0.6127293605571607,51,332664.0,203833.0,32,19,0.6200668410074986,0.37993315899250135,0.025301092871426466,1,0,1,1,1,1,1,1,0.8025,0.7500000000000001,1.0,0.6000000000000001,0.8,skip,attack_already_active,1785296117.9196076,1785296117919607617,1384786136306069,23.5,53.3203125,-1.0,0,0
2026-07-28T23:35:17.922,10.42.0.1,10.42.0.1,28,3,UPLOAD,0.95,UPLOAD,0.95,1,14480,0.6562567635823046,52,332664.0,218313.0,32,20,0.6037711193026206,0.3962288806973794,0.02253464302131889,1,0,1,1,1,1,1,1,0.9699999999999999,1.0,1.0,1.0,0.8,skip,attack_already_active,1785296117.9228086,1785296117922808645,1384786139507177,23.5,53.3203125,-1.0,0,0
2026-07-28T23:35:17.924,10.42.0.1,10.42.0.1,28,3,UPLOAD,0.95,UPLOAD,0.95,1,14480,0.6997841666074485,53,332664.0,232793.0,32,21,0.5883099864357502,0.4116900135642498,0.019778508525481738,1,0,1,1,1,1,1,1,0.9699999999999999,1.0,1.0,1.0,0.8,skip,attack_already_active,1785296117.9244277,1785296117924427678,1384786141126251,23.5,53.3203125,-1.0,0,0
2026-07-28T23:35:17.925,10.42.0.1,10.42.0.1,28,3,UPLOAD,0.95,UPLOAD,0.95,1,7128,0.721211192074522,54,332664.0,239921.0,32,22,0.5809862291188208,0.4190137708811792,0.01734958917229697,1,0,1,1,1,1,1,1,0.9699999999999999,1.0,1.0,1.0,0.8,skip,attack_already_active,1785296117.9257739,1785296117925773840,1384786142472463,23.5,53.3203125,-1.0,0,0
2026-07-28T23:35:17.936,10.42.0.1,10.42.0.1,28,3,UPLOAD,0.95,UPLOAD,0.95,1,1336,0.7252272563315381,55,332664.0,241257.0,32,23,0.5796337823498356,0.4203662176501644,0.016522446956375614,1,0,1,1,1,1,1,1,0.9699999999999999,1.0,1.0,1.0,0.8,skip,attack_already_active,1785296117.9368465,1785296117936846526,1384786153544969,95.6,53.3203125,-1.0,0,0
2026-07-28T23:35:17.991,10.42.0.18,10.42.0.1,23,2,TRAINING,0.95,TRAINING,0.95,1,10220,0.12903877477394177,9,79201.0,10220.0,8,1,0.8857091734603728,0.11429082653962716,0.462636653622658,0,0,0,0,1,1,0,0,0.5725,1.0,0.0,1.0,0.15,skip,training_upload_trigger_not_confirmed,1785296117.991518,1785296117991517897,1384786208216777,95.6,53.3203125,-1.0,0,0
2026-07-28T23:35:17.993,10.42.0.18,10.42.0.1,23,3,UPLOAD,0.95,UPLOAD,0.95,1,64240,0.9401396447022116,10,79201.0,74460.0,8,2,0.5154268161732646,0.4845731838267355,0.4019123555597391,0,0,0,1,1,1,1,1,0.9699999999999999,1.0,1.0,1.0,0.8,trigger,training_upload_trigger_confirmed,1785296117.9933348,1785296117993334734,1384786210033638,95.6,53.3203125,37.956368,1785296118031292734,1384786247990006
2026-07-28T23:35:17.995,10.42.0.18,10.42.0.1,23,3,UPLOAD,0.9841010226033655,UPLOAD,0.9841010226033655,1,5068,1.0041287357482338,11,79201.0,79528.0,8,3,0.49896994248058013,0.5010300575194199,0.3491777796336951,0,0,1,1,1,1,1,1,0.9699999999999999,1.0,1.0,1.0,0.8,skip,attack_already_active,1785296117.995059,1785296117995058826,1384786211757948,95.6,53.3203125,-1.0,0,0
2026-07-28T23:35:17.996,10.42.0.1,10.42.0.1,28,3,UPLOAD,0.95,UPLOAD,0.95,1,7240,0.74699095784411,56,332664.0,248497.0,32,24,0.572412808154711,0.427587191845289,0.017642066553357583,1,0,1,1,1,1,1,1,0.9699999999999999,1.0,1.0,1.0,0.8,skip,attack_already_active,1785296117.996825,1785296117996825106,1384786213523831,95.6,53.3203125,-1.0,0,0
2026-07-28T23:35:17.998,10.42.0.1,10.42.0.1,28,3,UPLOAD,0.95,UPLOAD,0.95,1,7240,0.768754659356682,57,332664.0,255737.0,32,25,0.5653695354018773,0.4346304645981227,0.015473029061315535,1,0,1,1,1,1,1,1,0.9699999999999999,1.0,1.0,1.0,0.8,skip,attack_already_active,1785296117.9980068,1785296117998006688,1384786214705452,95.6,53.3203125,-1.0,0,0
2026-07-28T23:35:17.999,10.42.0.1,10.42.0.1,28,3,UPLOAD,0.7538586787849892,UPLOAD,0.7538586787849892,0,43,0.768754659356682,57,332664.0,255737.0,32,25,0.5653695354018773,0.4346304645981227,0.02392890010322277,1,0,1,1,1,1,1,1,0.8025,0.7500000000000001,1.0,0.6000000000000001,0.8,skip,attack_already_active,1785296117.99925,1785296117999249873,1384786215948367,95.6,53.3203125,-1.0,0,0
2026-07-28T23:35:17.999,10.42.0.1,10.42.0.1,28,3,UPLOAD,0.95,UPLOAD,0.95,1,14480,0.8122820623818259,58,332664.0,270217.0,32,26,0.5517904860163116,0.4482095139836883,0.02103748387770734,1,0,1,1,1,1,1,1,0.9699999999999999,1.0,1.0,1.0,0.8,skip,attack_already_active,1785296117.9999936,1785296117999993623,1384786216691939,95.6,53.3203125,-1.0,0,0
2026-07-28T23:35:18.000,10.42.0.1,10.42.0.1,28,3,UPLOAD,0.95,UPLOAD,0.95,1,14480,0.8558094654069698,59,332664.0,284697.0,32,27,0.5388484209400982,0.46115157905990173,0.018360067157113177,1,0,1,1,1,1,1,1,0.9699999999999999,1.0,1.0,1.0,0.8,skip,attack_already_active,1785296118.0007129,1785296118000712836,1384786217410940,95.6,53.3203125,-1.0,0,0
2026-07-28T23:35:18.003,10.42.0.1,10.42.0.1,28,3,UPLOAD,0.95,UPLOAD,0.95,1,14480,0.8993368684321137,60,332664.0,299177.0,32,28,0.5264995465631385,0.4735004534368615,0.016290606970754705,1,0,1,1,1,1,1,1,0.9699999999999999,1.0,1.0,1.0,0.8,skip,attack_already_active,1785296118.0033684,1785296118003368566,1384786220067111,95.6,53.3203125,-1.0,0,0
2026-07-28T23:35:18.004,10.42.0.1,10.42.0.1,28,3,UPLOAD,0.95,UPLOAD,0.95,1,14480,0.9428642714572576,61,332664.0,313657.0,32,29,0.5147039938358803,0.48529600616411966,0.014300191444485407,1,0,1,1,1,1,1,1,0.9699999999999999,1.0,1.0,1.0,0.8,skip,attack_already_active,1785296118.0045543,1785296118004554304,1384786221252705,95.6,53.3203125,-1.0,0,0
2026-07-28T23:35:18.005,10.42.0.1,10.42.0.1,28,3,UPLOAD,0.95,UPLOAD,0.95,1,7128,0.9642912969243311,62,332664.0,320785.0,32,30,0.5090894622227595,0.4909105377772405,0.012550069629729656,1,0,1,1,1,1,1,1,0.9699999999999999,1.0,1.0,1.0,0.8,skip,attack_already_active,1785296118.0055733,1785296118005573372,1384786222271689,95.6,53.3203125,-1.0,0,0
2026-07-28T23:35:19.466,10.42.0.210,10.42.0.1|10.42.0.210,28,3,UPLOAD,0.95,UPLOAD,0.95,1,1448,100.0,1,0.0,1448.0,0,1,0.0,1.0,0.5090050248975639,1,0,0,1,1,1,1,1,0.9525,0.95,1.0,1.0,0.8,trigger,training_upload_trigger_confirmed,1785296119.4661903,1785296119466190364,1384787682888977,5.6,53.3203125,10.083706,1785296119476275408,1384787692972683
2026-07-28T23:35:19.467,10.42.0.210,10.42.0.1|10.42.0.210,28,3,UPLOAD,0.9841010226033655,UPLOAD,0.9841010226033655,1,1448,100.0,2,0.0,2896.0,0,2,0.0,1.0,0.4420675414191493,1,0,1,1,1,1,1,1,0.9699999999999999,1.0,1.0,1.0,0.8,skip,attack_already_active,1785296119.4672253,1785296119467225416,1384787683924004,5.6,53.3203125,-1.0,0,0
2026-07-28T23:35:19.469,10.42.0.210,10.42.0.1|10.42.0.210,28,3,UPLOAD,0.9854688349332961,UPLOAD,0.9854688349332961,1,1448,100.0,3,0.0,4344.0,0,3,0.0,1.0,0.3840518107239016,1,0,1,1,1,1,1,1,0.9699999999999999,1.0,1.0,1.0,0.8,skip,attack_already_active,1785296119.4690275,1785296119469027693,1384787685726358,5.6,53.3203125,-1.0,0,0
2026-07-28T23:35:19.470,10.42.0.210,10.42.0.1|10.42.0.210,28,3,UPLOAD,0.9855076450773014,UPLOAD,0.9855076450773014,1,1448,100.0,4,0.0,5792.0,0,4,0.0,1.0,0.333592286319313,1,0,1,1,1,1,1,1,0.9699999999999999,1.0,1.0,1.0,0.8,skip,attack_already_active,1785296119.470156,1785296119470156134,1384787686854735,5.6,53.3203125,-1.0,0,0
2026-07-28T23:35:19.471,10.42.0.210,10.42.0.1|10.42.0.210,28,3,UPLOAD,0.9855086980780915,UPLOAD,0.9855086980780915,1,1448,100.0,5,0.0,7240.0,0,5,0.0,1.0,0.2898606454774016,1,0,1,1,1,1,1,1,0.9699999999999999,1.0,1.0,1.0,0.8,skip,attack_already_active,1785296119.471881,1785296119471880980,1384787688579792,5.6,53.3203125,-1.0,0,0
2026-07-28T23:35:19.473,10.42.0.210,10.42.0.1|10.42.0.210,28,3,UPLOAD,0.9855087254685951,UPLOAD,0.9855087254685951,1,1448,100.0,6,0.0,8688.0,0,6,0.0,1.0,0.2518254903254079,1,0,1,1,1,1,1,1,0.9699999999999999,1.0,1.0,1.0,0.8,skip,attack_already_active,1785296119.4731033,1785296119473103318,1384787689803693,5.6,53.3203125,-1.0,0,0
2026-07-28T23:35:19.474,10.42.0.210,10.42.0.1|10.42.0.210,28,3,UPLOAD,0.9855087261493067,UPLOAD,0.9855087261493067,1,1448,100.0,7,0.0,10136.0,0,7,0.0,1.0,0.21887695122268233,1,0,1,1,1,1,1,1,0.9699999999999999,1.0,1.0,1.0,0.8,skip,attack_already_active,1785296119.4748914,1785296119474891543,1384787691590627,5.6,53.3203125,-1.0,0,0
2026-07-28T23:35:19.475,10.42.0.210,10.42.0.1|10.42.0.210,28,3,UPLOAD,0.9855087261653082,UPLOAD,0.9855087261653082,1,1448,100.0,8,0.0,11584.0,0,8,0.0,1.0,0.19016914973668678,1,0,1,1,1,1,1,1,0.9699999999999999,1.0,1.0,1.0,0.8,skip,attack_already_active,1785296119.4759128,1785296119475912675,1384787692611028,5.6,53.3203125,-1.0,0,0
2026-07-28T23:35:19.477,10.42.0.210,10.42.0.1|10.42.0.210,28,3,UPLOAD,0.985508726165656,UPLOAD,0.985508726165656,1,1448,100.0,9,0.0,13032.0,0,9,0.0,1.0,0.16526676704091883,1,0,1,1,1,1,1,1,0.9699999999999999,1.0,1.0,1.0,0.8,skip,attack_already_active,1785296119.4771047,1785296119477104522,1384787693802986,5.6,53.3203125,-1.0,0,0
2026-07-28T23:35:19.478,10.42.0.210,10.42.0.1|10.42.0.210,28,3,UPLOAD,0.9855087261656625,UPLOAD,0.9855087261656625,1,1448,100.0,10,0.0,14480.0,0,10,0.0,1.0,0.14362370185441387,1,0,1,1,1,1,1,1,0.9699999999999999,1.0,1.0,1.0,0.8,skip,attack_already_active,1785296119.4781282,1785296119478128019,1384787694826344,5.6,53.3203125,-1.0,0,0
2026-07-28T23:35:19.479,10.42.0.210,10.42.0.1|10.42.0.210,28,3,UPLOAD,0.9855087261656628,UPLOAD,0.9855087261656628,1,1448,100.0,11,0.0,15928.0,0,11,0.0,1.0,0.12482412594827917,1,0,1,1,1,1,1,1,0.9699999999999999,1.0,1.0,1.0,0.8,skip,attack_already_active,1785296119.479087,1785296119479087060,1384787695785219,5.6,53.3203125,-1.0,0,0
2026-07-28T23:35:19.479,10.42.0.210,10.42.0.1|10.42.0.210,28,3,UPLOAD,0.95,UPLOAD,0.95,1,1448,100.0,12,0.0,17376.0,0,12,0.0,1.0,0.10846273940600243,1,0,1,1,1,1,1,1,0.9699999999999999,1.0,1.0,1.0,0.8,skip,attack_already_active,1785296119.4797492,1785296119479749034,1384787696447265,5.6,53.3203125,-1.0,0,0
2026-07-28T23:35:19.480,10.42.0.210,10.42.0.1|10.42.0.210,28,3,UPLOAD,0.95,UPLOAD,0.95,1,1448,100.0,13,0.0,18824.0,0,13,0.0,1.0,0.09429274196825553,1,0,1,1,1,1,1,1,0.9699999999999999,1.0,1.0,1.0,0.8,skip,attack_already_active,1785296119.4806798,1785296119480679748,1384787697377979,5.6,53.3203125,-1.0,0,0
2026-07-28T23:35:19.481,10.42.0.210,10.42.0.1|10.42.0.210,28,3,UPLOAD,0.95,UPLOAD,0.95,1,1448,100.0,14,0.0,20272.0,0,14,0.0,1.0,0.08195725139975124,1,0,1,1,1,1,1,1,0.9699999999999999,1.0,1.0,1.0,0.8,skip,attack_already_active,1785296119.4813619,1785296119481361995,1384787698060242,5.6,53.3203125,-1.0,0,0
2026-07-28T23:35:19.482,10.42.0.210,10.42.0.1|10.42.0.210,28,3,UPLOAD,0.95,UPLOAD,0.95,1,1448,100.0,15,0.0,21720.0,0,15,0.0,1.0,0.07127544502915013,1,0,1,1,1,1,1,1,0.9699999999999999,1.0,1.0,1.0,0.8,skip,attack_already_active,1785296119.4822578,1785296119482257867,1384787698956062,5.6,53.3203125,-1.0,0,0
2026-07-28T23:35:19.482,10.42.0.210,10.42.0.1|10.42.0.210,28,3,UPLOAD,0.95,UPLOAD,0.95,1,1448,100.0,16,0.0,23168.0,0,16,0.0,1.0,0.06196632319665783,1,0,1,1,1,1,1,1,0.9699999999999999,1.0,1.0,1.0,0.8,skip,attack_already_active,1785296119.482889,1785296119482888926,1384787699586979,5.6,53.3203125,-1.0,0,0
2026-07-28T23:35:19.483,10.42.0.210,10.42.0.1|10.42.0.210,28,3,UPLOAD,0.95,UPLOAD,0.95,1,1448,100.0,17,0.0,24616.0,0,17,0.0,1.0,0.05393005822900643,1,0,1,1,1,1,1,1,0.9699999999999999,1.0,1.0,1.0,0.8,skip,attack_already_active,1785296119.4838703,1785296119483870294,1384787700568459,5.6,53.3203125,-1.0,0,0
2026-07-28T23:35:19.484,10.42.0.210,10.42.0.1|10.42.0.210,28,3,UPLOAD,0.95,UPLOAD,0.95,1,1448,100.0,18,0.0,26064.0,0,18,0.0,1.0,0.04692405223031179,1,0,1,1,1,1,1,1,0.9699999999999999,1.0,1.0,1.0,0.8,skip,attack_already_active,1785296119.4846337,1785296119484633627,1384787701331767,5.6,53.3203125,-1.0,0,0
2026-07-28T23:35:19.485,10.42.0.210,10.42.0.1|10.42.0.210,28,3,UPLOAD,0.95,UPLOAD,0.95,1,1448,100.0,19,0.0,27512.0,0,19,0.0,1.0,0.04087248792713827,1,0,1,1,1,1,1,1,0.9699999999999999,1.0,1.0,1.0,0.8,skip,attack_already_active,1785296119.485634,1785296119485634075,1384787702332255,5.6,53.3203125,-1.0,0,0
2026-07-28T23:35:19.486,10.42.0.210,10.42.0.1|10.42.0.210,28,3,UPLOAD,0.95,UPLOAD,0.95,1,1448,100.0,20,0.0,28960.0,0,20,0.0,1.0,0.035582329443942406,1,0,1,1,1,1,1,1,0.9699999999999999,1.0,1.0,1.0,0.8,skip,attack_already_active,1785296119.486361,1785296119486360985,1384787703059187,30.0,53.3203125,-1.0,0,0
2026-07-28T23:35:19.487,10.42.0.210,10.42.0.1|10.42.0.210,28,3,UPLOAD,0.95,UPLOAD,0.95,1,1448,100.0,21,0.0,30408.0,0,21,0.0,1.0,0.03102226714036249,1,0,1,1,1,1,1,1,0.9699999999999999,1.0,1.0,1.0,0.8,skip,attack_already_active,1785296119.4873383,1785296119487338360,1384787704036661,30.0,53.3203125,-1.0,0,0
2026-07-28T23:35:19.488,10.42.0.210,10.42.0.1|10.42.0.210,28,3,UPLOAD,0.95,UPLOAD,0.95,1,1448,100.0,22,0.0,31856.0,0,22,0.0,1.0,0.027024146947278435,1,0,1,1,1,1,1,1,0.9699999999999999,1.0,1.0,1.0,0.8,skip,attack_already_active,1785296119.48802,1785296119488019910,1384787704718146,30.0,53.3203125,-1.0,0,0
2026-07-28T23:35:19.488,10.42.0.210,10.42.0.1|10.42.0.210,28,3,UPLOAD,0.95,UPLOAD,0.95,1,1448,100.0,23,0.0,33304.0,0,23,0.0,1.0,0.023587184808705256,1,0,1,1,1,1,1,1,0.9699999999999999,1.0,1.0,1.0,0.8,skip,attack_already_active,1785296119.488962,1785296119488961946,1384787705660393,30.0,53.3203125,-1.0,0,0
2026-07-28T23:35:19.489,10.42.0.210,10.42.0.1|10.42.0.210,28,3,UPLOAD,0.95,UPLOAD,0.95,1,1448,100.0,24,0.0,34752.0,0,24,0.0,1.0,0.020574725126809957,1,0,1,1,1,1,1,1,0.9699999999999999,1.0,1.0,1.0,0.8,skip,attack_already_active,1785296119.4896884,1785296119489688336,1384787706386646,30.0,53.3203125,-1.0,0,0
2026-07-28T23:35:19.490,10.42.0.210,10.42.0.1|10.42.0.210,28,3,UPLOAD,0.95,UPLOAD,0.95,1,1448,100.0,25,0.0,36200.0,0,25,0.0,1.0,0.017994952395831203,1,0,1,1,1,1,1,1,0.9699999999999999,1.0,1.0,1.0,0.8,skip,attack_already_active,1785296119.490686,1785296119490685967,1384787707384422,30.0,53.3203125,-1.0,0,0
2026-07-28T23:35:19.491,10.42.0.210,10.42.0.1|10.42.0.210,28,3,UPLOAD,0.95,UPLOAD,0.95,1,1448,100.0,26,0.0,37648.0,0,26,0.0,1.0,0.01571503913953524,1,0,1,1,1,1,1,1,0.9699999999999999,1.0,1.0,1.0,0.8,skip,attack_already_active,1785296119.4913793,1785296119491379209,1384787708077361,30.0,53.3203125,-1.0,0,0
2026-07-28T23:35:19.492,10.42.0.210,10.42.0.1|10.42.0.210,28,3,UPLOAD,0.95,UPLOAD,0.95,1,1448,100.0,27,0.0,39096.0,0,27,0.0,1.0,0.013784005998112362,1,0,1,1,1,1,1,1,0.9699999999999999,1.0,1.0,1.0,0.8,skip,attack_already_active,1785296119.4924402,1785296119492440266,1384787709139790,30.0,53.3203125,-1.0,0,0
2026-07-28T23:35:19.493,10.42.0.210,10.42.0.1|10.42.0.210,28,3,UPLOAD,0.95,UPLOAD,0.95,1,1448,100.0,28,0.0,40544.0,0,28,0.0,1.0,0.012084404709091418,1,0,1,1,1,1,1,1,0.9699999999999999,1.0,1.0,1.0,0.8,skip,attack_already_active,1785296119.4933264,1785296119493326318,1384787710024932,30.0,53.3203125,-1.0,0,0
2026-07-28T23:35:19.494,10.42.0.210,10.42.0.1|10.42.0.210,28,3,UPLOAD,0.95,UPLOAD,0.95,1,1448,100.0,29,0.0,41992.0,0,29,0.0,1.0,0.010626801111526144,1,0,1,1,1,1,1,1,0.9699999999999999,1.0,1.0,1.0,0.8,skip,attack_already_active,1785296119.4943495,1785296119494349564,1384787711047872,30.0,53.3203125,-1.0,0,0
2026-07-28T23:35:19.495,10.42.0.210,10.42.0.1|10.42.0.210,28,3,UPLOAD,0.95,UPLOAD,0.95,1,1448,100.0,30,0.0,43440.0,0,30,0.0,1.0,0.009319550038154555,1,0,1,1,1,1,1,1,0.9699999999999999,1.0,1.0,1.0,0.8,skip,attack_already_active,1785296119.495056,1785296119495055793,1384787711754010,30.0,53.3203125,-1.0,0,0
2026-07-28T23:35:19.496,10.42.0.210,10.42.0.1|10.42.0.210,28,3,UPLOAD,0.95,UPLOAD,0.95,1,1448,100.0,31,0.0,44888.0,0,31,0.0,1.0,0.008223958802487687,1,0,1,1,1,1,1,1,0.9699999999999999,1.0,1.0,1.0,0.8,skip,attack_already_active,1785296119.4960613,1785296119496061405,1384787712759861,30.0,53.3203125,-1.0,0,0
2026-07-28T23:35:19.497,10.42.0.210,10.42.0.1|10.42.0.210,28,3,UPLOAD,0.95,UPLOAD,0.95,1,1448,100.0,32,0.0,46336.0,0,32,0.0,1.0,0.007283734638472717,1,0,1,1,1,1,1,1,0.9699999999999999,1.0,1.0,1.0,0.8,skip,attack_already_active,1785296119.4971502,1785296119497150081,1384787713848884,30.0,53.3203125,-1.0,0,0
2026-07-28T23:35:19.497,10.42.0.210,10.42.0.1|10.42.0.210,28,3,UPLOAD,0.95,UPLOAD,0.95,1,1448,100.0,33,0.0,47784.0,0,33,0.0,1.0,0.006428921599239571,1,0,1,1,1,1,1,1,0.9699999999999999,1.0,1.0,1.0,0.8,skip,attack_already_active,1785296119.497947,1785296119497946869,1384787714645235,30.0,53.3203125,-1.0,0,0
2026-07-28T23:35:19.498,10.42.0.210,10.42.0.1|10.42.0.210,28,3,UPLOAD,0.95,UPLOAD,0.95,1,1448,100.0,34,0.0,49232.0,0,34,0.0,1.0,0.005679902083173045,1,0,1,1,1,1,1,1,0.9699999999999999,1.0,1.0,1.0,0.8,skip,attack_already_active,1785296119.4986918,1785296119498691870,1384787715390146,30.0,53.3203125,-1.0,0,0
2026-07-28T23:35:19.499,10.42.0.210,10.42.0.1|10.42.0.210,28,3,UPLOAD,0.95,UPLOAD,0.95,1,1448,100.0,35,0.0,50680.0,0,35,0.0,1.0,0.005029992643208648,1,0,1,1,1,1,1,1,0.9699999999999999,1.0,1.0,1.0,0.8,skip,attack_already_active,1785296119.4994397,1785296119499439514,1384787716137830,30.0,53.3203125,-1.0,0,0
2026-07-28T23:35:19.500,10.42.0.210,10.42.0.1|10.42.0.210,28,3,UPLOAD,0.9502001902477938,UPLOAD,0.9502001902477938,1,1337,100.0,36,0.0,52017.0,0,36,0.0,1.0,0.004463556868224488,1,0,1,1,1,1,1,1,0.9699999999999999,1.0,1.0,1.0,0.8,skip,attack_already_active,1785296119.5001712,1785296119500171276,1384787716869589,30.0,53.3203125,-1.0,0,0
2026-07-28T23:35:19.509,10.42.0.1,10.42.0.1|10.42.0.210,28,3,UPLOAD,0.95,UPLOAD,0.95,1,7240,100.0,1,0.0,7240.0,0,1,0.0,1.0,0.20399988298542165,1,0,1,1,1,1,1,1,0.9699999999999999,1.0,1.0,1.0,0.8,skip,attack_already_active,1785296119.5096037,1785296119509603862,1384787726302975,30.0,53.3203125,-1.0,0,0
2026-07-28T23:35:19.510,10.42.0.1,10.42.0.1|10.42.0.210,28,3,UPLOAD,0.9775035611634536,UPLOAD,0.9775035611634536,1,7240,100.0,2,0.0,14480.0,0,2,0.0,1.0,0.1772655375183759,1,0,1,1,1,1,1,1,0.9699999999999999,1.0,1.0,1.0,0.8,skip,attack_already_active,1785296119.510724,1785296119510724093,1384787727422681,30.0,53.3203125,-1.0,0,0
2026-07-28T23:35:19.535,10.42.0.1,10.42.0.1|10.42.0.210,28,3,UPLOAD,0.9820884127791581,UPLOAD,0.9820884127791581,1,1448,100.0,3,0.0,15928.0,0,3,0.0,1.0,0.15722606800196248,1,0,1,1,1,1,1,1,0.9699999999999999,1.0,1.0,1.0,0.8,skip,attack_already_active,1785296119.5359156,1785296119535915485,1384787752614099,30.0,53.3203125,-1.0,0,0
2026-07-28T23:35:19.626,10.42.0.1,10.42.0.1|10.42.0.210,28,3,UPLOAD,0.9828042026395468,UPLOAD,0.9828042026395468,1,14480,100.0,4,0.0,30408.0,0,4,0.0,1.0,0.1483948675884418,1,0,1,1,1,1,1,1,0.9699999999999999,1.0,1.0,1.0,0.8,skip,attack_already_active,1785296119.6261241,1785296119626123948,1384787842822724,30.0,53.3203125,-1.0,0,0
2026-07-28T23:35:19.626,10.42.0.1,10.42.0.1|10.42.0.210,28,3,UPLOAD,0.9837953392235025,UPLOAD,0.9837953392235025,1,14480,100.0,5,0.0,44888.0,0,5,0.0,1.0,0.1289444559451545,1,0,1,1,1,1,1,1,0.9699999999999999,1.0,1.0,1.0,0.8,skip,attack_already_active,1785296119.6269152,1785296119626915317,1384787843613568,30.0,53.3203125,-1.0,0,0
2026-07-28T23:35:19.627,10.42.0.1,10.42.0.1|10.42.0.210,28,3,UPLOAD,0.9837626468883888,UPLOAD,0.9837626468883888,0,43,100.0,5,0.0,44888.0,0,5,0.0,1.0,0.3265291471080257,1,0,1,1,1,1,1,1,0.8374999999999999,0.8500000000000001,1.0,0.6000000000000001,0.8,skip,attack_already_active,1785296119.62761,1785296119627609934,1384787844308138,30.0,53.3203125,-1.0,0,0
2026-07-28T23:35:19.629,10.42.0.1,10.42.0.1|10.42.0.210,28,3,UPLOAD,0.9847260499014845,UPLOAD,0.9847260499014845,1,1448,100.0,6,0.0,46336.0,0,6,0.0,1.0,0.2838111584176237,1,0,1,1,1,1,1,1,0.9699999999999999,1.0,1.0,1.0,0.8,skip,attack_already_active,1785296119.6292694,1785296119629269330,1384787845967465,30.0,53.3203125,-1.0,0,0
2026-07-28T23:35:19.630,10.42.0.1,10.42.0.1|10.42.0.210,28,3,UPLOAD,0.9851061984162606,UPLOAD,0.9851061984162606,1,14480,100.0,7,0.0,60816.0,0,7,0.0,1.0,0.24657964321058132,1,0,1,1,1,1,1,1,0.9699999999999999,1.0,1.0,1.0,0.8,skip,attack_already_active,1785296119.6305408,1785296119630540698,1384787847238946,30.0,53.3203125,-1.0,0,0
2026-07-28T23:35:19.631,10.42.0.1,10.42.0.1|10.42.0.210,28,3,UPLOAD,0.9852745289566365,UPLOAD,0.9852745289566365,1,14480,100.0,8,0.0,75296.0,0,8,0.0,1.0,0.21419481784941546,1,0,1,1,1,1,1,1,0.9699999999999999,1.0,1.0,1.0,0.8,skip,attack_already_active,1785296119.631361,1785296119631361027,1384787848059542,30.0,53.3203125,-1.0,0,0
2026-07-28T23:35:19.633,10.42.0.1,10.42.0.1|10.42.0.210,28,3,UPLOAD,0.9851062193789533,UPLOAD,0.9851062193789533,1,4250,100.0,9,0.0,79546.0,0,9,0.0,1.0,0.18628025407330795,1,0,1,1,1,1,1,1,0.9699999999999999,1.0,1.0,1.0,0.8,skip,attack_already_active,1785296119.63372,1785296119633719817,1384787850418017,30.0,53.3203125,-1.0,0,0
2026-07-28T23:35:20.178,10.42.0.47,10.42.0.1|10.42.0.210|10.42.0.47,28,3,UPLOAD,0.95,UPLOAD,0.95,1,7240,100.0,1,0.0,7240.0,0,1,0.0,1.0,0.39029186262625987,1,0,0,1,1,1,1,1,0.9699999999999999,1.0,1.0,1.0,0.8,trigger,training_upload_trigger_confirmed,1785296120.1784534,1785296120178453432,1384788395152278,32.5,53.3203125,8.778319,1785296120187233137,1384788403930597
2026-07-28T23:35:20.179,10.42.0.47,10.42.0.1|10.42.0.210|10.42.0.47,28,3,UPLOAD,0.95,UPLOAD,0.95,1,1448,100.0,2,0.0,8688.0,0,2,0.0,1.0,0.3389938786940018,1,0,1,1,1,1,1,1,0.9699999999999999,1.0,1.0,1.0,0.8,skip,attack_already_active,1785296120.179459,1785296120179459034,1384788396157550,32.5,53.3203125,-1.0,0,0
2026-07-28T23:35:20.181,10.42.0.47,10.42.0.1|10.42.0.210|10.42.0.47,28,3,UPLOAD,0.95,UPLOAD,0.95,1,5792,100.0,3,0.0,14480.0,0,3,0.0,1.0,0.2945752028618176,1,0,1,1,1,1,1,1,0.9699999999999999,1.0,1.0,1.0,0.8,skip,attack_already_active,1785296120.181372,1785296120181371900,1384788398071014,32.5,53.3203125,-1.0,0,0
2026-07-28T23:35:20.182,10.42.0.47,10.42.0.1|10.42.0.210|10.42.0.47,28,3,UPLOAD,0.95,UPLOAD,0.95,1,8688,100.0,4,0.0,23168.0,0,4,0.0,1.0,0.2559568359851539,1,0,1,1,1,1,1,1,0.9699999999999999,1.0,1.0,1.0,0.8,skip,attack_already_active,1785296120.182883,1785296120182882994,1384788399582067,32.5,53.3203125,-1.0,0,0
2026-07-28T23:35:20.184,10.42.0.47,10.42.0.1|10.42.0.210|10.42.0.47,28,3,UPLOAD,0.95,UPLOAD,0.95,1,2896,100.0,5,0.0,26064.0,0,5,0.0,1.0,0.22239213347473974,1,0,1,1,1,1,1,1,0.9699999999999999,1.0,1.0,1.0,0.8,skip,attack_already_active,1785296120.1841266,1785296120184126823,1384788400825167,32.5,53.3203125,-1.0,0,0
2026-07-28T23:35:20.184,10.42.0.47,10.42.0.1|10.42.0.210|10.42.0.47,28,3,UPLOAD,0.95,UPLOAD,0.95,1,7240,100.0,6,0.0,33304.0,0,6,0.0,1.0,0.1931878810192442,1,0,1,1,1,1,1,1,0.9699999999999999,1.0,1.0,1.0,0.8,skip,attack_already_active,1785296120.1848958,1785296120184895744,1384788401594049,32.5,53.3203125,-1.0,0,0
2026-07-28T23:35:20.186,10.42.0.47,10.42.0.1|10.42.0.210|10.42.0.47,28,3,UPLOAD,0.95,UPLOAD,0.95,1,7240,100.0,7,0.0,40544.0,0,7,0.0,1.0,0.1678948069631487,1,0,1,1,1,1,1,1,0.9699999999999999,1.0,1.0,1.0,0.8,skip,attack_already_active,1785296120.1861415,1785296120186141529,1384788402840777,32.5,53.3203125,-1.0,0,0
2026-07-28T23:35:20.187,10.42.0.47,10.42.0.1|10.42.0.210|10.42.0.47,28,3,UPLOAD,0.95,UPLOAD,0.95,1,2896,100.0,8,0.0,43440.0,0,8,0.0,1.0,0.14589820719116903,1,0,1,1,1,1,1,1,0.9699999999999999,1.0,1.0,1.0,0.8,skip,attack_already_active,1785296120.1871102,1785296120187110224,1384788403808831,32.5,53.3203125,-1.0,0,0
2026-07-28T23:35:20.188,10.42.0.47,10.42.0.1|10.42.0.210|10.42.0.47,28,3,UPLOAD,0.95,UPLOAD,0.95,1,10136,100.0,9,0.0,53576.0,0,9,0.0,1.0,0.12685121965940988,1,0,1,1,1,1,1,1,0.9699999999999999,1.0,1.0,1.0,0.8,skip,attack_already_active,1785296120.188466,1785296120188466124,1384788405164609,32.5,53.3203125,-1.0,0,0
2026-07-28T23:35:20.189,10.42.0.47,10.42.0.1|10.42.0.210|10.42.0.47,28,3,UPLOAD,0.95,UPLOAD,0.95,1,7240,100.0,10,0.0,60816.0,0,10,0.0,1.0,0.11033302069809965,1,0,1,1,1,1,1,1,0.9699999999999999,1.0,1.0,1.0,0.8,skip,attack_already_active,1785296120.1899652,1785296120189965400,1384788406664007,32.5,53.3203125,-1.0,0,0
2026-07-28T23:35:20.190,10.42.0.47,10.42.0.1|10.42.0.210|10.42.0.47,28,3,UPLOAD,0.9521595407856692,UPLOAD,0.9521595407856692,1,2896,100.0,11,0.0,63712.0,0,11,0.0,1.0,0.09592567900627025,1,0,1,1,1,1,1,1,0.9699999999999999,1.0,1.0,1.0,0.8,skip,attack_already_active,1785296120.190965,1785296120190964918,1384788407663278,32.5,53.3203125,-1.0,0,0
2026-07-28T23:35:20.192,10.42.0.47,10.42.0.1|10.42.0.210|10.42.0.47,28,3,UPLOAD,0.9573824386899028,UPLOAD,0.9573824386899028,1,10136,100.0,12,0.0,73848.0,0,12,0.0,1.0,0.0834711151032636,1,0,1,1,1,1,1,1,0.9699999999999999,1.0,1.0,1.0,0.8,skip,attack_already_active,1785296120.1923764,1785296120192376443,1384788409074677,32.5,53.3203125,-1.0,0,0
2026-07-28T23:35:20.193,10.42.0.47,10.42.0.1|10.42.0.210|10.42.0.47,28,3,UPLOAD,0.9599387712037305,UPLOAD,0.9599387712037305,1,4344,100.0,13,0.0,78192.0,0,13,0.0,1.0,0.0725908255067269,1,0,1,1,1,1,1,1,0.9699999999999999,1.0,1.0,1.0,0.8,skip,attack_already_active,1785296120.19328,1785296120193280107,1384788409978255,32.5,53.3203125,-1.0,0,0
2026-07-28T23:35:20.193,10.42.0.47,10.42.0.1|10.42.0.210|10.42.0.47,28,3,UPLOAD,0.9619898006740878,UPLOAD,0.9619898006740878,1,1336,100.0,14,0.0,79528.0,0,14,0.0,1.0,0.0631063279742437,1,0,1,1,1,1,1,1,0.9699999999999999,1.0,1.0,1.0,0.8,skip,attack_already_active,1785296120.1938956,1785296120193895765,1384788410593834,32.5,53.3203125,-1.0,0,0
2026-07-28T23:35:20.194,10.42.0.1,10.42.0.1|10.42.0.210|10.42.0.47,28,3,UPLOAD,0.9849938652592346,UPLOAD,0.9849938652592346,1,7240,100.0,10,0.0,86786.0,0,10,0.0,1.0,0.23566627264149054,1,0,1,1,1,1,1,1,0.9699999999999999,1.0,1.0,1.0,0.8,skip,attack_already_active,1785296120.194777,1785296120194776980,1384788411475156,32.5,53.3203125,-1.0,0,0
2026-07-28T23:35:20.195,10.42.0.1,10.42.0.1|10.42.0.210|10.42.0.47,28,3,UPLOAD,0.9849607024883102,UPLOAD,0.9849607024883102,1,7240,100.0,11,0.0,94026.0,0,11,0.0,1.0,0.20469174641852358,1,0,1,1,1,1,1,1,0.9699999999999999,1.0,1.0,1.0,0.8,skip,attack_already_active,1785296120.1953862,1785296120195386062,1384788412084150,32.5,53.3203125,-1.0,0,0
2026-07-28T23:35:20.212,10.42.0.1,10.42.0.1|10.42.0.210|10.42.0.47,28,3,UPLOAD,0.9850639851242382,UPLOAD,0.9850639851242382,1,1448,100.0,12,0.0,95474.0,0,12,0.0,1.0,0.18003611079999718,1,0,1,1,1,1,1,1,0.9699999999999999,1.0,1.0,1.0,0.8,skip,attack_already_active,1785296120.212973,1785296120212973004,1384788429672595,32.5,53.3203125,-1.0,0,0
2026-07-28T23:35:20.239,10.42.0.1,10.42.0.1|10.42.0.210|10.42.0.47,28,3,UPLOAD,0.9852637018200784,UPLOAD,0.9852637018200784,1,14480,100.0,13,0.0,109954.0,0,13,0.0,1.0,0.1597724578661828,1,0,1,1,1,1,1,1,0.9699999999999999,1.0,1.0,1.0,0.8,skip,attack_already_active,1785296120.239234,1785296120239233937,1384788455932765,32.5,53.3203125,-1.0,0,0
2026-07-28T23:35:20.239,10.42.0.1,10.42.0.1|10.42.0.210|10.42.0.47,28,3,UPLOAD,0.9853716911298649,UPLOAD,0.9853716911298649,1,14480,100.0,14,0.0,124434.0,0,14,0.0,1.0,0.13881812052068515,1,0,1,1,1,1,1,1,0.9699999999999999,1.0,1.0,1.0,0.8,skip,attack_already_active,1785296120.2399898,1785296120239989877,1384788456688259,32.5,53.3203125,-1.0,0,0
2026-07-28T23:35:20.240,10.42.0.1,10.42.0.1|10.42.0.210|10.42.0.47,28,3,UPLOAD,0.9851706710494312,UPLOAD,0.9851706710494312,0,43,100.0,14,0.0,124434.0,0,14,0.0,1.0,0.20131505054686247,1,0,1,1,1,1,1,1,0.8374999999999999,0.8500000000000001,1.0,0.6000000000000001,0.8,skip,attack_already_active,1785296120.2407,1785296120240699888,1384788457398514,32.5,53.3203125,-1.0,0,0
2026-07-28T23:35:20.242,10.42.0.1,10.42.0.1|10.42.0.210|10.42.0.47,28,3,UPLOAD,0.9852061756430204,UPLOAD,0.9852061756430204,1,1448,100.0,15,0.0,125882.0,0,15,0.0,1.0,0.17515203209086053,1,0,1,1,1,1,1,1,0.9699999999999999,1.0,1.0,1.0,0.8,skip,attack_already_active,1785296120.242761,1785296120242761030,1384788459459374,32.5,53.3203125,-1.0,0,0
2026-07-28T23:35:20.243,10.42.0.1,10.42.0.1|10.42.0.210|10.42.0.47,28,3,UPLOAD,0.9853222693066346,UPLOAD,0.9853222693066346,1,13032,100.0,16,0.0,138914.0,0,16,0.0,1.0,0.1521940571182655,1,0,1,1,1,1,1,1,0.9699999999999999,1.0,1.0,1.0,0.8,skip,attack_already_active,1785296120.2436912,1785296120243691326,1384788460389604,32.5,53.3203125,-1.0,0,0
2026-07-28T23:35:20.245,10.42.0.1,10.42.0.1|10.42.0.210|10.42.0.47,28,3,UPLOAD,0.9853900574083777,UPLOAD,0.9853900574083777,1,8688,100.0,17,0.0,147602.0,0,17,0.0,1.0,0.13235268772116354,1,0,1,1,1,1,1,1,0.9699999999999999,1.0,1.0,1.0,0.8,skip,attack_already_active,1785296120.2453146,1785296120245314596,1384788462013215,32.5,53.3203125,-1.0,0,0
2026-07-28T23:35:20.246,10.42.0.1,10.42.0.1|10.42.0.210|10.42.0.47,28,3,UPLOAD,0.9854104430185672,UPLOAD,0.9854104430185672,1,8688,100.0,18,0.0,156290.0,0,18,0.0,1.0,0.11500460133988584,1,0,1,1,1,1,1,1,0.9699999999999999,1.0,1.0,1.0,0.8,skip,attack_already_active,1785296120.2460175,1785296120246017455,1384788462715586,32.5,53.3203125,-1.0,0,0
2026-07-28T23:35:20.246,10.42.0.1,10.42.0.1|10.42.0.210|10.42.0.47,28,3,UPLOAD,0.9854193086656147,UPLOAD,0.9854193086656147,1,2784,100.0,19,0.0,159074.0,0,19,0.0,1.0,0.0999375230289244,1,0,1,1,1,1,1,1,0.9699999999999999,1.0,1.0,1.0,0.8,skip,attack_already_active,1785296120.2466822,1785296120246682110,1384788463380548,32.5,53.3203125,-1.0,0,0
2026-07-28T23:35:20.530,10.42.0.1,,29,1,DOWNLOAD,0.9849846076769887,DOWNLOAD,0.9849846076769887,-1,1448,99.85773473835792,18,1448.0,144594.0,1,17,0.009914955971569822,0.9900850440284302,0.12492967872759449,0,0,0,0,1,0,0,0,0.44,0.8500000000000001,0.0,0.6000000000000001,0.15,skip,training_upload_trigger_not_confirmed,1785296120.530296,1785296120530296143,1384788746994938,32.5,53.3203125,-1.0,0,0
2026-07-28T23:35:20.534,10.42.0.1,,29,1,DOWNLOAD,0.95,DOWNLOAD,0.95,-1,5792,19.971546958705588,19,7240.0,144594.0,2,17,0.04768365451743351,0.9523163454825665,0.10896692597491793,0,0,0,0,1,0,0,0,0.44,0.8500000000000001,0.0,0.6000000000000001,0.15,skip,training_upload_trigger_not_confirmed,1785296120.5340889,1785296120534088925,1384788750787709,32.5,53.3203125,-1.0,0,0
2026-07-28T23:35:20.534,10.42.0.1,,29,1,DOWNLOAD,0.95,DOWNLOAD,0.95,-1,7240,9.98577348004242,20,14480.0,144594.0,3,17,0.09102681770748206,0.908973182292518,0.09470604681918962,0,0,0,0,1,0,0,0,0.44,0.8500000000000001,0.0,0.6000000000000001,0.15,skip,training_upload_trigger_not_confirmed,1785296120.534834,1785296120534833794,1384788751531996,32.5,53.3203125,-1.0,0,0
2026-07-28T23:35:20.536,10.42.0.1,,29,1,DOWNLOAD,0.9589677993515399,DOWNLOAD,0.9589677993515399,-1,7240,6.590515653517932,20,21720.0,143146.0,4,16,0.13174335520968544,0.8682566447903146,0.08239517102471904,0,0,0,0,1,0,0,0,0.44,0.8500000000000001,0.0,0.6000000000000001,0.15,skip,training_upload_trigger_not_confirmed,1785296120.5361161,1785296120536116112,1384788752815131,32.5,53.3203125,-1.0,0,0
2026-07-28T23:35:20.536,10.42.0.1,,29,1,DOWNLOAD,0.9588867564118856,DOWNLOAD,0.9588867564118856,-1,7240,4.942886740195343,21,28960.0,143146.0,5,16,0.16826839273471,0.8317316072652899,0.07164726956057622,0,0,0,0,1,0,0,0,0.4,0.8500000000000001,0.0,0.4,0.15,skip,training_upload_trigger_not_confirmed,1785296120.5369484,1785296120536948425,1384788753646720,32.5,53.3203125,-1.0,0,0
2026-07-28T23:35:20.538,10.42.0.1,,29,1,DOWNLOAD,0.95,DOWNLOAD,0.95,-1,7240,3.954309392183583,22,36200.0,143146.0,6,16,0.20184447938621436,0.7981555206137857,0.06242474859860267,0,0,0,0,1,0,0,0,0.4,0.8500000000000001,0.0,0.4,0.15,skip,training_upload_trigger_not_confirmed,1785296120.5386086,1785296120538608564,1384788755306665,32.5,53.3203125,-1.0,0,0
2026-07-28T23:35:20.539,10.42.0.1,,29,1,DOWNLOAD,0.95,DOWNLOAD,0.95,-1,7240,3.295257826834824,23,43440.0,143146.0,7,16,0.23281489500819996,0.7671851049918,0.0542844674026563,0,0,0,0,1,0,0,0,0.4,0.8500000000000001,0.0,0.4,0.15,skip,training_upload_trigger_not_confirmed,1785296120.539259,1785296120539258768,1384788755956829,32.5,53.3203125,-1.0,0,0
2026-07-28T23:35:20.539,10.42.0.1,,29,1,DOWNLOAD,0.95,DOWNLOAD,0.95,-1,7240,2.824506708724852,24,50680.0,143146.0,8,16,0.2614716291931939,0.7385283708068061,0.04721444829100329,0,0,0,0,1,0,0,0,0.4,0.8500000000000001,0.0,0.4,0.15,skip,training_upload_trigger_not_confirmed,1785296120.539891,1785296120539890911,1384788756589024,32.5,53.3203125,-1.0,0,0
2026-07-28T23:35:20.540,10.42.0.1,,29,1,DOWNLOAD,0.95,DOWNLOAD,0.95,-1,7240,2.4714433701403413,25,57920.0,143146.0,9,16,0.2880646155988581,0.7119353844011419,0.0410767369592202,0,0,0,0,1,0,0,0,0.32,0.8500000000000001,0.0,0.0,0.15,skip,training_upload_trigger_not_confirmed,1785296120.540528,1785296120540528064,1384788757226121,32.5,53.3203125,-1.0,0,0
2026-07-28T23:35:20.541,10.42.0.1,,29,1,DOWNLOAD,0.95,DOWNLOAD,0.95,-1,10136,2.1033560596993164,26,68056.0,143146.0,10,16,0.3222317970473764,0.6777682029526235,0.035740687509428805,0,0,0,0,1,0,0,0,0.32,0.8500000000000001,0.0,0.0,0.15,skip,training_upload_trigger_not_confirmed,1785296120.541111,1785296120541111076,1384788757809084,32.5,53.3203125,-1.0,0,0
2026-07-28T23:35:20.541,10.42.0.1,,29,1,DOWNLOAD,0.95,DOWNLOAD,0.95,-1,4344,1.9771546961191004,27,72400.0,143146.0,11,16,0.3358911786811168,0.6641088213188832,0.03111190883139886,0,0,0,0,1,0,0,0,0.32,0.8500000000000001,0.0,0.0,0.15,skip,training_upload_trigger_not_confirmed,1785296120.5417252,1785296120541725273,1384788758423260,32.5,53.3203125,-1.0,0,0
2026-07-28T23:35:20.542,10.42.0.1,,29,1,DOWNLOAD,0.95,DOWNLOAD,0.95,-1,10136,1.7343462246688193,28,82536.0,143146.0,12,16,0.3657181343660549,0.6342818656339451,0.02709456162643726,0,0,0,0,1,0,0,0,0.32,0.8500000000000001,0.0,0.0,0.15,skip,training_upload_trigger_not_confirmed,1785296120.5423505,1785296120542350704,1384788759048908,32.5,53.3203125,-1.0,0,0
2026-07-28T23:35:20.543,10.42.0.1,,29,1,DOWNLOAD,0.95,DOWNLOAD,0.95,-1,14480,1.4754885791985295,29,97016.0,143146.0,13,16,0.40396065988790897,0.596039340112091,0.023612536119369063,0,0,0,0,1,0,0,0,0.32,0.8500000000000001,0.0,0.0,0.15,skip,training_upload_trigger_not_confirmed,1785296120.543021,1785296120543020984,1384788759718977,32.5,53.3203125,-1.0,0,0
2026-07-28T23:35:20.543,10.42.0.1,,29,1,DOWNLOAD,0.95,DOWNLOAD,0.95,-1,4344,1.4122533543763591,30,101360.0,143146.0,14,16,0.41455015418844526,0.5854498458115547,0.020579801759390073,0,0,0,0,1,0,0,0,0.32,0.8500000000000001,0.0,0.0,0.15,skip,training_upload_trigger_not_confirmed,1785296120.543619,1785296120543618769,1384788760316785,32.5,53.3203125,-1.0,0,0
2026-07-28T23:35:20.544,10.42.0.1,,29,1,DOWNLOAD,0.95,DOWNLOAD,0.95,-1,14480,1.2357216850808381,31,115840.0,143146.0,15,16,0.4472828647108338,0.5527171352891662,0.017951982495581668,0,0,0,0,1,0,0,0,0.32,0.8500000000000001,0.0,0.0,0.15,skip,training_upload_trigger_not_confirmed,1785296120.544257,1785296120544256912,1384788760954934,32.5,53.3203125,-1.0,0,0
2026-07-28T23:35:20.544,10.42.0.1,,29,1,DOWNLOAD,0.95,DOWNLOAD,0.95,-1,14480,1.0984192756284652,32,130320.0,143146.0,16,16,0.47654918710187005,0.5234508128981299,0.0156658871844979,0,0,0,0,1,0,0,0,0.30250000000000005,0.8000000000000002,0.0,0.0,0.15,skip,training_upload_trigger_not_confirmed,1785296120.5448604,1785296120544860381,1384788761558339,32.5,53.3203125,-1.0,0,0
2026-07-28T23:35:20.545,10.42.0.1,,29,1,DOWNLOAD,0.95,DOWNLOAD,0.95,-1,14480,0.9885773480663772,33,144800.0,143146.0,17,16,0.5028720662902072,0.4971279337097928,0.013714908913805762,0,0,0,0,1,0,0,0,0.30250000000000005,0.8000000000000002,0.0,0.0,0.15,skip,training_upload_trigger_not_confirmed,1785296120.5457208,1785296120545720739,1384788762418689,32.5,53.3203125,-1.0,0,0
2026-07-28T23:35:20.546,10.42.0.1,,29,1,DOWNLOAD,0.95,DOWNLOAD,0.95,-1,14480,0.8987066800609071,34,159280.0,143146.0,18,16,0.5266742938768492,0.4733257061231508,0.01198768582036177,0,0,0,0,1,0,0,0,0.30250000000000005,0.8000000000000002,0.0,0.0,0.15,skip,training_upload_trigger_not_confirmed,1785296120.5463283,1785296120546328319,1384788763026477,47.6,53.3203125,-1.0,0,0
2026-07-28T23:35:20.547,10.42.0.1,,29,1,DOWNLOAD,0.95,DOWNLOAD,0.95,-1,14480,0.8238144567229293,35,173760.0,143146.0,19,16,0.5483013890554297,0.4516986109445703,0.01052526493076047,0,0,0,0,1,0,0,0,0.30250000000000005,0.8000000000000002,0.0,0.0,0.15,skip,training_upload_trigger_not_confirmed,1785296120.547218,1785296120547218292,1384788763916378,47.6,53.3203125,-1.0,0,0
2026-07-28T23:35:20.548,10.42.0.1,,29,1,DOWNLOAD,0.95,DOWNLOAD,0.95,-1,18824,0.7432912391489257,36,192584.0,143146.0,20,16,0.5736276174306735,0.4263723825693265,0.009259983641937277,0,0,0,0,1,0,0,0,0.28500000000000003,0.7500000000000001,0.0,0.0,0.15,skip,training_upload_trigger_not_confirmed,1785296120.5481415,1785296120548141541,1384788764839624,47.6,53.3203125,-1.0,0,0
2026-07-28T23:35:20.549,10.42.0.1,,29,1,DOWNLOAD,0.95,DOWNLOAD,0.95,-1,10136,0.7061266771916628,37,202720.0,143146.0,21,16,0.5861229493503264,0.41387705064967356,0.008160240258514435,0,0,0,0,1,0,0,0,0.28500000000000003,0.7500000000000001,0.0,0.0,0.15,skip,training_upload_trigger_not_confirmed,1785296120.5490558,1785296120549055849,1384788765753965,47.6,53.3203125,-1.0,0,0
2026-07-28T23:35:20.550,10.42.0.1,,29,1,DOWNLOAD,0.95,DOWNLOAD,0.95,-1,18824,0.6461289856658445,38,221544.0,143146.0,22,16,0.6074858098659135,0.3925141901340865,0.007216536763734802,0,0,0,0,1,0,0,0,0.28500000000000003,0.7500000000000001,0.0,0.0,0.15,skip,training_upload_trigger_not_confirmed,1785296120.5500546,1785296120550054714,1384788766752784,47.6,53.3203125,-1.0,0,0
2026-07-28T23:35:20.551,10.42.0.1,,29,1,DOWNLOAD,0.95,DOWNLOAD,0.95,-1,10136,0.6178608425430859,39,231680.0,143146.0,23,16,0.618100131794486,0.381899868205514,0.00645003349974109,0,0,0,0,1,0,0,0,0.28500000000000003,0.7500000000000001,0.0,0.0,0.15,skip,training_upload_trigger_not_confirmed,1785296120.5514543,1785296120551454336,1384788768153009,47.6,53.3203125,-1.0,0,0
2026-07-28T23:35:20.552,10.42.0.1,,29,1,DOWNLOAD,0.95,DOWNLOAD,0.95,-1,18824,0.5714319931036174,40,250504.0,143146.0,24,16,0.6363622507303442,0.3636377492696558,0.005763863093284583,0,0,0,0,1,0,0,0,0.28500000000000003,0.7500000000000001,0.0,0.0,0.15,skip,training_upload_trigger_not_confirmed,1785296120.5526972,1785296120552697120,1384788769395690,47.6,53.3203125,-1.0,0,0
2026-07-28T23:35:20.553,10.42.0.1,,29,1,DOWNLOAD,0.95,DOWNLOAD,0.95,-1,6784,0.5563648518409084,41,257288.0,143146.0,25,16,0.6425228626939771,0.357477137306023,0.005152403686831541,0,0,0,0,1,0,0,0,0.28500000000000003,0.7500000000000001,0.0,0.0,0.15,skip,training_upload_trigger_not_confirmed,1785296120.5538208,1785296120553821003,1384788770519201,47.6,53.3203125,-1.0,0,0
2026-07-28T23:35:20.555,10.42.0.18,,24,1,DOWNLOAD,0.95,DOWNLOAD,0.95,-1,7300,1.3698630135109776e-10,1,7300.0,0.0,1,0,1.0,0.0,0.6342204607636925,0,0,0,0,0,0,0,0,0.0225,0.0,0.0,0.0,0.15,skip,training_upload_trigger_not_confirmed,1785296120.5550451,1785296120555045219,1384788771743623,47.6,53.3203125,-1.0,0,0
2026-07-28T23:35:20.555,10.42.0.18,,24,1,DOWNLOAD,0.95,DOWNLOAD,0.95,-1,7300,6.84931506802402e-11,2,14600.0,0.0,2,0,1.0,0.0,0.5507430366257768,0,0,0,0,0,0,0,0,0.0225,0.0,0.0,0.0,0.15,skip,training_upload_trigger_not_confirmed,1785296120.5557785,1785296120555778441,1384788772476684,47.6,53.3203125,-1.0,0,0
2026-07-28T23:35:20.556,10.42.0.1,,29,1,DOWNLOAD,0.95,DOWNLOAD,0.95,-1,16920,0.5220343680726965,42,274208.0,143146.0,26,16,0.657015387416917,0.34298461258308294,0.0048382682244777694,0,0,0,0,1,0,0,0,0.28500000000000003,0.7500000000000001,0.0,0.0,0.15,skip,training_upload_trigger_not_confirmed,1785296120.5565894,1785296120556589268,1384788773287479,47.6,53.3203125,-1.0,0,0
2026-07-28T23:35:20.557,10.42.0.59,,10,1,DOWNLOAD,0.95,DOWNLOAD,0.95,-1,7300,1.3698630135109776e-10,1,7300.0,0.0,1,0,1.0,0.0,0.9985633897345375,0,0,0,0,0,0,0,0,0.0225,0.0,0.0,0.0,0.15,skip,training_upload_trigger_not_confirmed,1785296120.557701,1785296120557701036,1384788774399379,47.6,53.3203125,-1.0,0,0
2026-07-28T23:35:20.558,10.42.0.59,,10,1,DOWNLOAD,0.95,DOWNLOAD,0.95,-1,7300,6.84931506802402e-11,2,14600.0,0.0,2,0,1.0,0.0,0.8670738328980852,0,0,0,0,0,0,0,0,0.0225,0.0,0.0,0.0,0.15,skip,training_upload_trigger_not_confirmed,1785296120.5584266,1785296120558426730,1384788775124942,47.6,53.3203125,-1.0,0,0
2026-07-28T23:35:20.559,10.42.0.1,,29,1,DOWNLOAD,0.95,DOWNLOAD,0.95,-1,6784,0.5094308734785709,43,280992.0,143146.0,27,16,0.6625013556908365,0.33749864430916354,0.004533764721895097,0,0,0,0,1,0,0,0,0.28500000000000003,0.7500000000000001,0.0,0.0,0.15,skip,training_upload_trigger_not_confirmed,1785296120.5591168,1785296120559116682,1384788775814841,47.6,53.3203125,-1.0,0,0
2026-07-28T23:35:20.560,10.42.0.47,,29,1,DOWNLOAD,0.9532432892742129,DOWNLOAD,0.9532432892742129,-1,7240,10.984530385361252,15,7240.0,79528.0,1,14,0.08344089987092015,0.9165591001290798,0.09106301300668772,0,0,0,0,0,0,0,0,0.057499999999999996,0.1,0.0,0.0,0.15,skip,training_upload_trigger_not_confirmed,1785296120.5601187,1785296120560118840,1384788776817057,47.6,53.3203125,-1.0,0,0
2026-07-28T23:35:20.560,10.42.0.47,,29,1,DOWNLOAD,0.95,DOWNLOAD,0.95,-1,7240,5.492265193059926,16,14480.0,79528.0,2,14,0.15402944430261253,0.8459705556973874,0.07916009293733935,0,0,0,0,0,0,0,0,0.057499999999999996,0.1,0.0,0.0,0.15,skip,training_upload_trigger_not_confirmed,1785296120.5608537,1785296120560853749,1384788777552015,47.6,53.3203125,-1.0,0,0
2026-07-28T23:35:20.561,10.42.0.1,,29,1,DOWNLOAD,0.95,DOWNLOAD,0.95,-1,21720,0.47287851159031397,44,302712.0,143146.0,28,16,0.678942622987588,0.32105737701241205,0.004282613766367105,0,0,0,0,1,0,0,0,0.28500000000000003,0.7500000000000001,0.0,0.0,0.15,skip,training_upload_trigger_not_confirmed,1785296120.5617447,1785296120561744552,1384788778443000,47.6,53.3203125,-1.0,0,0
2026-07-28T23:35:20.564,10.42.0.1,,29,1,DOWNLOAD,0.95,DOWNLOAD,0.95,-1,14024,0.45194104869843676,45,316736.0,143146.0,29,16,0.6887331967765644,0.3112668032234356,0.004018091639287826,0,0,0,0,1,0,0,0,0.28500000000000003,0.7500000000000001,0.0,0.0,0.15,skip,training_upload_trigger_not_confirmed,1785296120.56402,1785296120564020046,1384788780719685,47.6,53.3203125,-1.0,0,0
2026-07-28T23:35:20.564,10.42.0.1,,29,1,DOWNLOAD,0.95,DOWNLOAD,0.95,-1,21720,0.42293828444635956,46,338456.0,143146.0,30,16,0.702771167893821,0.29722883210617895,0.00360256095378105,0,0,0,0,1,0,0,0,0.28500000000000003,0.7500000000000001,0.0,0.0,0.15,skip,training_upload_trigger_not_confirmed,1785296120.5648847,1785296120564884671,1384788781582936,47.6,53.3203125,-1.0,0,0
2026-07-28T23:35:20.565,10.42.0.145,,13,2,TRAINING,0.95,TRAINING,0.95,-1,7300,1.3698630135109776e-10,1,7300.0,0.0,1,0,1.0,0.0,1.3611394963989352,0,0,0,0,0,0,0,0,0.0225,0.0,0.0,0.0,0.15,skip,training_upload_trigger_not_confirmed,1785296120.565537,1785296120565536900,1384788782235176,47.6,53.3203125,-1.0,0,0
2026-07-28T23:35:20.566,10.42.0.145,,13,2,TRAINING,0.95,TRAINING,0.95,-1,7300,6.84931506802402e-11,2,14600.0,0.0,2,0,1.0,0.0,1.1818601983309258,0,0,0,0,0,0,0,0,0.0225,0.0,0.0,0.0,0.15,skip,training_upload_trigger_not_confirmed,1785296120.5661755,1785296120566175403,1384788782873453,47.6,53.3203125,-1.0,0,0
2026-07-28T23:35:20.569,10.42.0.59,,10,1,DOWNLOAD,0.9434111675253661,DOWNLOAD,0.9434111675253661,0,43,6.84931506802402e-11,2,14600.0,0.0,2,0,1.0,0.0,1.0951638619818802,0,0,0,0,0,0,0,0,0.0225,0.0,0.0,0.0,0.15,skip,training_upload_trigger_not_confirmed,1785296120.569039,1785296120569039057,1384788785737683,47.6,53.3203125,-1.0,0,0
2026-07-28T23:35:20.569,10.42.0.59,,10,1,DOWNLOAD,0.95,DOWNLOAD,0.95,-1,14600,3.424657534129292e-11,3,29200.0,0.0,3,0,1.0,0.0,0.9523441324438416,0,0,0,0,0,0,0,0,0.0225,0.0,0.0,0.0,0.15,skip,training_upload_trigger_not_confirmed,1785296120.569771,1785296120569770970,1384788786469179,47.6,53.3203125,-1.0,0,0
2026-07-28T23:35:20.570,10.42.0.59,,10,1,DOWNLOAD,0.95,DOWNLOAD,0.95,-1,14600,2.2831050227789245e-11,4,43800.0,0.0,4,0,1.0,0.0,0.8269406324022385,0,0,0,0,0,0,0,0,0.0225,0.0,0.0,0.0,0.15,skip,training_upload_trigger_not_confirmed,1785296120.5704627,1785296120570462622,1384788787161378,47.6,53.3203125,-1.0,0,0
2026-07-28T23:35:20.572,10.42.0.210,,29,1,DOWNLOAD,0.9842506072030919,DOWNLOAD,0.9842506072030919,-1,10136,9.865824781978509e-11,1,10136.0,0.0,1,0,1.0,0.0,0.12826440974855374,0,0,0,0,0,0,0,0,0.0225,0.0,0.0,0.0,0.15,skip,training_upload_trigger_not_confirmed,1785296120.5725408,1785296120572540671,1384788789239785,47.6,53.3203125,-1.0,0,0
2026-07-28T23:35:20.573,10.42.0.210,,29,1,DOWNLOAD,0.95,DOWNLOAD,0.95,-1,4344,6.90607734758936e-11,2,14480.0,0.0,2,0,1.0,0.0,0.11147506696115836,0,0,0,0,0,0,0,0,0.0225,0.0,0.0,0.0,0.15,skip,training_upload_trigger_not_confirmed,1785296120.5733955,1785296120573395406,1384788790094070,47.6,53.3203125,-1.0,0,0
2026-07-28T23:35:20.574,10.42.0.210,,29,1,DOWNLOAD,0.9557926560077417,DOWNLOAD,0.9557926560077417,0,43,6.90607734758936e-11,2,14480.0,0.0,2,0,1.0,0.0,0.22084295484392066,0,0,0,0,0,0,0,0,0.0225,0.0,0.0,0.0,0.15,skip,training_upload_trigger_not_confirmed,1785296120.5744824,1785296120574482551,1384788791183353,47.6,53.3203125,-1.0,0,0
2026-07-28T23:35:20.575,10.42.0.210,,29,1,DOWNLOAD,0.9846998846180315,DOWNLOAD,0.9846998846180315,-1,14480,3.453038673913914e-11,3,28960.0,0.0,3,0,1.0,0.0,0.19201218480543733,0,0,0,0,0,0,0,0,0.0225,0.0,0.0,0.0,0.15,skip,training_upload_trigger_not_confirmed,1785296120.5754497,1785296120575449511,1384788792147680,47.6,53.3203125,-1.0,0,0
2026-07-28T23:35:20.577,10.42.0.145,,13,2,TRAINING,0.892543181414247,TRAINING,0.892543181414247,0,43,6.84931506802402e-11,2,14600.0,0.0,2,0,1.0,0.0,1.3714979723030138,0,0,0,0,0,0,0,0,0.0225,0.0,0.0,0.0,0.15,skip,training_upload_trigger_not_confirmed,1785296120.577339,1785296120577338832,1384788794037530,47.6,53.3203125,-1.0,0,0
2026-07-28T23:35:20.578,10.42.0.145,,13,2,TRAINING,0.95,TRAINING,0.95,-1,14600,3.424657534129292e-11,3,29200.0,0.0,3,0,1.0,0.0,1.192342628863766,0,0,0,0,0,0,0,0,0.0225,0.0,0.0,0.0,0.15,skip,training_upload_trigger_not_confirmed,1785296120.578113,1785296120578112948,1384788794811621,47.6,53.3203125,-1.0,0,0
2026-07-28T23:35:20.578,10.42.0.145,,13,2,TRAINING,0.9549817432149862,TRAINING,0.9549817432149862,-1,14600,2.2831050227789245e-11,4,43800.0,0.0,4,0,1.0,0.0,1.035325518759548,0,0,0,0,0,0,0,0,0.0225,0.0,0.0,0.0,0.15,skip,training_upload_trigger_not_confirmed,1785296120.5788963,1785296120578896509,1384788795595141,47.6,53.3203125,-1.0,0,0
2026-07-28T23:35:20.581,10.42.0.18,,24,1,DOWNLOAD,0.9473400044994581,DOWNLOAD,0.9473400044994581,0,43,6.84931506802402e-11,2,14600.0,0.0,2,0,1.0,0.0,0.8126522103332836,0,0,0,0,0,0,0,0,0.0225,0.0,0.0,0.0,0.15,skip,training_upload_trigger_not_confirmed,1785296120.5818,1785296120581799855,1384788798498434,47.6,53.3203125,-1.0,0,0
2026-07-28T23:35:20.582,10.42.0.18,,24,1,DOWNLOAD,0.95,DOWNLOAD,0.95,-1,10220,4.029008863657171e-11,3,24820.0,0.0,3,0,1.0,0.0,0.7091279509172705,0,0,0,0,0,0,0,0,0.0225,0.0,0.0,0.0,0.15,skip,training_upload_trigger_not_confirmed,1785296120.5828137,1785296120582813746,1384788799511968,47.6,53.3203125,-1.0,0,0
2026-07-28T23:35:20.583,10.42.0.18,,24,1,DOWNLOAD,0.95,DOWNLOAD,0.95,-1,14600,2.536783358636814e-11,4,39420.0,0.0,4,0,1.0,0.0,0.6158177414613495,0,0,0,0,0,0,0,0,0.0225,0.0,0.0,0.0,0.15,skip,training_upload_trigger_not_confirmed,1785296120.5838363,1785296120583836457,1384788800534719,47.6,53.3203125,-1.0,0,0
2026-07-28T23:35:20.585,10.42.0.210,,29,1,DOWNLOAD,0.9854895428954357,DOWNLOAD,0.9854895428954357,-1,18824,2.092750711491446e-11,4,47784.0,0.0,4,0,1.0,0.0,0.16803899771147793,0,0,0,0,0,0,0,0,0.0225,0.0,0.0,0.0,0.15,skip,training_upload_trigger_not_confirmed,1785296120.585536,1785296120585536117,1384788802234649,47.6,53.3203125,-1.0,0,0
2026-07-28T23:35:20.586,10.42.0.210,,29,1,DOWNLOAD,0.9855083405864443,DOWNLOAD,0.9855083405864443,-1,1448,2.0311992199782418e-11,5,49232.0,0.0,5,0,1.0,0.0,0.14598387408836744,0,0,0,0,0,0,0,0,0.0225,0.0,0.0,0.0,0.15,skip,training_upload_trigger_not_confirmed,1785296120.5862048,1785296120586204787,1384788802903053,47.6,53.3203125,-1.0,0,0
2026-07-28T23:35:20.587,10.42.0.210,,29,1,DOWNLOAD,0.9855087208476458,DOWNLOAD,0.9855087208476458,-1,8688,1.7265193369867658e-11,6,57920.0,0.0,6,0,1.0,0.0,0.12686998890428725,0,0,0,0,0,0,0,0,0.0225,0.0,0.0,0.0,0.15,skip,training_upload_trigger_not_confirmed,1785296120.5871387,1785296120587138463,1384788803836533,47.6,53.3203125,-1.0,0,0
2026-07-28T23:35:20.588,10.42.0.210,,29,1,DOWNLOAD,0.9855087261970161,DOWNLOAD,0.9855087261970161,-1,6784,1.5454995054162724e-11,7,64704.0,0.0,7,0,1.0,0.0,0.11027290932042777,0,0,0,0,0,0,0,0,0.0225,0.0,0.0,0.0,0.15,skip,training_upload_trigger_not_confirmed,1785296120.588058,1785296120588057993,1384788804756102,47.6,53.3203125,-1.0,0,0
2026-07-28T23:35:20.589,10.42.0.145,,13,2,TRAINING,0.9679311758313487,TRAINING,0.9679311758313487,-1,29200,1.369863013679865e-11,5,73000.0,0.0,5,0,1.0,0.0,0.9002700292260435,0,0,0,0,0,0,0,0,0.0225,0.0,0.0,0.0,0.15,skip,training_upload_trigger_not_confirmed,1785296120.589323,1785296120589322944,1384788806021145,47.6,53.3203125,-1.0,0,0
2026-07-28T23:35:20.590,10.42.0.145,,13,2,TRAINING,0.9784377116553814,TRAINING,0.9784377116553814,-1,6184,1.2628813901638856e-11,6,79184.0,0.0,6,0,1.0,0.0,0.7817419817382028,0,0,0,0,0,0,0,0,0.0225,0.0,0.0,0.0,0.15,skip,training_upload_trigger_not_confirmed,1785296120.5901165,1785296120590116639,1384788806816885,47.6,53.3203125,-1.0,0,0
2026-07-28T23:35:20.591,10.42.0.59,,10,1,DOWNLOAD,0.9646184779581499,DOWNLOAD,0.9646184779581499,-1,23360,1.4889815366067752e-11,5,67160.0,0.0,5,0,1.0,0.0,0.7207437196880775,0,0,0,0,0,0,0,0,0.0225,0.0,0.0,0.0,0.15,skip,training_upload_trigger_not_confirmed,1785296120.5915043,1785296120591504397,1384788808202852,47.6,53.3203125,-1.0,0,0
2026-07-28T23:35:20.592,10.42.0.18,,24,1,DOWNLOAD,0.9501618639068202,DOWNLOAD,0.9501618639068202,-1,17520,1.756234632916118e-11,5,56940.0,0.0,5,0,1.0,0.0,0.5358116851087745,0,0,0,0,0,0,0,0,0.0225,0.0,0.0,0.0,0.15,skip,training_upload_trigger_not_confirmed,1785296120.5925102,1785296120592510161,1384788809208390,47.6,53.3203125,-1.0,0,0
2026-07-28T23:35:20.593,10.42.0.18,,24,1,DOWNLOAD,0.9543108015530851,DOWNLOAD,0.9543108015530851,-1,7300,1.556662515542393e-11,6,64240.0,0.0,6,0,1.0,0.0,0.4653304893451604,0,0,0,0,0,0,0,0,0.0225,0.0,0.0,0.0,0.15,skip,training_upload_trigger_not_confirmed,1785296120.5934596,1785296120593459807,1384788810157894,47.6,53.3203125,-1.0,0,0
2026-07-28T23:35:20.595,10.42.0.18,,24,1,DOWNLOAD,0.9584892993454858,DOWNLOAD,0.9584892993454858,-1,14944,1.2628813901638856e-11,7,79184.0,0.0,7,0,1.0,0.0,0.404338804449637,0,0,0,0,0,0,0,0,0.0225,0.0,0.0,0.0,0.15,skip,training_upload_trigger_not_confirmed,1785296120.595941,1785296120595941144,1384788812639568,47.6,53.3203125,-1.0,0,0
2026-07-28T23:35:20.604,10.42.0.47,,29,1,DOWNLOAD,0.9,DOWNLOAD,0.9,0,43,5.492265193059926,16,14480.0,79528.0,2,14,0.15402944430261253,0.8459705556973874,0.11068167654729935,0,0,0,0,0,0,0,0,0.057499999999999996,0.1,0.0,0.0,0.15,skip,training_upload_trigger_not_confirmed,1785296120.6042106,1785296120604210779,1384788820909019,47.6,53.3203125,-1.0,0,0
2026-07-28T23:35:20.605,10.42.0.47,,29,1,DOWNLOAD,0.95,DOWNLOAD,0.95,-1,10136,3.2307442313035932,17,24616.0,79528.0,3,14,0.23636503303118758,0.7636349669688124,0.10195991350378193,0,0,0,0,0,0,0,0,0.057499999999999996,0.1,0.0,0.0,0.15,skip,training_upload_trigger_not_confirmed,1785296120.6053483,1785296120605348420,1384788822046473,47.6,53.3203125,-1.0,0,0
2026-07-28T23:35:20.606,10.42.0.47,,29,1,DOWNLOAD,0.95,DOWNLOAD,0.95,-1,13032,2.1124096897282083,18,37648.0,79528.0,4,14,0.321294463029972,0.678705536970028,0.08864798494173781,0,0,0,0,0,0,0,0,0.057499999999999996,0.1,0.0,0.0,0.15,skip,training_upload_trigger_not_confirmed,1785296120.6062877,1785296120606287625,1384788822985921,47.6,53.3203125,-1.0,0,0
2026-07-28T23:35:20.610,10.42.0.47,,29,1,DOWNLOAD,0.95,DOWNLOAD,0.95,-1,4344,1.893884549416701,19,41992.0,79528.0,5,14,0.34555628703094143,0.6544437129690586,0.07751788345417326,0,0,0,0,0,0,0,0,0.057499999999999996,0.1,0.0,0.0,0.15,skip,training_upload_trigger_not_confirmed,1785296120.6104724,1785296120610472522,1384788827171110,47.6,53.3203125,-1.0,0,0
2026-07-28T23:35:20.611,10.42.0.47,,29,1,DOWNLOAD,0.95,DOWNLOAD,0.95,-1,13032,1.4453329456156343,20,55024.0,79528.0,6,14,0.40894226767346453,0.5910577323265355,0.06743049768083637,0,0,0,0,0,0,0,0,0.057499999999999996,0.1,0.0,0.0,0.15,skip,training_upload_trigger_not_confirmed,1785296120.61144,1785296120611439898,1384788828138032,47.6,53.3203125,-1.0,0,0
2026-07-28T23:35:20.615,10.42.0.47,,29,1,DOWNLOAD,0.95,DOWNLOAD,0.95,-1,15928,1.120870447624861,21,70952.0,79528.0,7,14,0.4715045188729399,0.5284954811270601,0.059088622023089815,0,0,0,0,0,0,0,0,0.039999999999999994,0.05,0.0,0.0,0.15,skip,training_upload_trigger_not_confirmed,1785296120.6155663,1785296120615566319,1384788832264609,47.6,53.3203125,-1.0,0,0
2026-07-28T23:35:20.616,10.42.0.47,,29,1,DOWNLOAD,0.95,DOWNLOAD,0.95,-1,8249,1.0041287357482338,22,79201.0,79528.0,8,14,0.49896994248058013,0.5010300575194199,0.05139065903785825,0,0,0,0,0,0,0,0,0.039999999999999994,0.05,0.0,0.0,0.15,skip,training_upload_trigger_not_confirmed,1785296120.6162372,1785296120616237088,1384788832935262,47.6,53.3203125,-1.0,0,0
2026-07-28T23:35:20.897,10.42.0.59,,10,2,TRAINING,0.95,TRAINING,0.95,1,58400,0.8695652173932465,6,67160.0,58400.0,5,1,0.5348837209302325,0.46511627906976744,0.6690279289351353,0,0,0,0,1,0,0,0,0.4525,1.0,0.0,0.4,0.15,skip,training_upload_trigger_not_confirmed,1785296120.897326,1785296120897325958,1384789114024982,47.6,53.3203125,-1.0,0,0
2026-07-28T23:35:20.901,10.42.0.145,,13,3,UPLOAD,0.95,UPLOAD,0.95,1,64240,0.811275005053909,7,79184.0,64240.0,6,1,0.5520972780008925,0.4479027219991075,0.7214834555645719,0,0,0,1,1,1,1,1,0.85,1.0,1.0,0.4,0.8,trigger,training_upload_trigger_confirmed,1785296120.9017956,1785296120901795507,1384789118494903,47.6,53.3203125,14.146558,1785296120915944136,1384789132641461
2026-07-28T23:35:20.903,10.42.0.145,,13,3,UPLOAD,0.9841010226033655,UPLOAD,0.9841010226033655,1,15289,1.0043569407960653,8,79184.0,79529.0,6,2,0.49891313250962427,0.5010868674903757,0.6265859487732435,0,0,1,1,1,1,1,1,0.85,1.0,1.0,0.4,0.8,skip,attack_already_active,1785296120.9031281,1785296120903127956,1384789119827229,47.6,53.3203125,-1.0,0,0
2026-07-28T23:35:20.904,10.42.0.1,,29,2,TRAINING,0.95,TRAINING,0.95,1,7240,0.25636419505266156,41,338456.0,86768.0,30,11,0.7959475476454763,0.20405245235452374,0.0404267009829299,0,0,0,0,1,0,0,0,0.4525,1.0,0.0,0.4,0.15,skip,training_upload_trigger_not_confirmed,1785296120.90485,1785296120904849964,1384789121548711,47.6,53.3203125,-1.0,0,0
2026-07-28T23:35:20.905,10.42.0.1,10.42.0.1,29,3,UPLOAD,0.95,UPLOAD,0.95,1,7240,0.27775545418229325,42,338456.0,94008.0,30,12,0.7826223685670946,0.2173776314329054,0.0352444856137011,1,0,0,0,1,0,0,0,0.85,1.0,1.0,0.4,0.8,trigger,training_upload_trigger_confirmed,1785296120.9059503,1785296120905950188,1384789122648570,47.6,53.3203125,40.33317,1785296120946284448,1384789162981740
2026-07-28T23:35:20.907,10.42.0.59,10.42.0.1,10,3,UPLOAD,0.95,UPLOAD,0.95,1,21128,1.184157236447526,7,67160.0,79528.0,5,2,0.45784249563699825,0.5421575043630017,0.5821577591402011,0,0,0,1,1,1,1,1,0.85,1.0,1.0,0.4,0.8,trigger,training_upload_trigger_confirmed,1785296120.9071202,1785296120907120252,1384789123818756,47.6,53.3203125,45.984603,1785296120953106084,1384789169803359
2026-07-28T23:35:20.908,10.42.0.1,10.42.0.1,29,3,UPLOAD,0.95,UPLOAD,0.95,1,7240,0.2991467133119249,43,338456.0,101248.0,30,13,0.7697360042210214,0.23026399577897858,0.030978711480185467,1,0,1,1,1,1,1,1,0.85,1.0,1.0,0.4,0.8,skip,attack_already_active,1785296120.908823,1785296120908823069,1384789125522236,47.6,53.3203125,-1.0,0,0
2026-07-28T23:35:20.910,10.42.0.1,10.42.0.1,29,3,UPLOAD,0.95,UPLOAD,0.95,1,7240,0.3205379724415565,44,338456.0,108488.0,30,14,0.7572671296627765,0.24273287033722346,0.02707068674920731,1,0,1,1,1,1,1,1,0.85,1.0,1.0,0.4,0.8,skip,attack_already_active,1785296120.9101448,1785296120910144759,1384789126844280,47.6,53.3203125,-1.0,0,0
2026-07-28T23:35:20.911,10.42.0.1,10.42.0.1,29,3,UPLOAD,0.95,UPLOAD,0.95,1,14480,0.3633204907008198,45,338456.0,122968.0,30,15,0.7335032421373834,0.2664967578626166,0.023745815836256647,1,0,1,1,1,1,1,1,0.85,1.0,1.0,0.4,0.8,skip,attack_already_active,1785296120.911984,1785296120911983956,1384789128682726,47.6,53.3203125,-1.0,0,0
2026-07-28T23:35:20.913,10.42.0.1,10.42.0.1,29,3,UPLOAD,0.95,UPLOAD,0.95,1,14480,0.40610300896008317,46,338456.0,137448.0,30,16,0.7111854491662184,0.2888145508337816,0.020783204803558702,1,0,1,1,1,1,1,1,0.9299999999999999,1.0,1.0,0.8,0.8,skip,attack_already_active,1785296120.9132473,1785296120913247332,1384789129946648,47.6,53.3203125,-1.0,0,0
2026-07-28T23:35:20.914,10.42.0.1,10.42.0.1,29,3,UPLOAD,0.9219975308930175,UPLOAD,0.9219975308930175,0,43,0.40610300896008317,46,338456.0,137448.0,30,16,0.7111854491662184,0.2888145508337816,0.05652124741902244,1,0,1,1,1,1,1,1,0.7625000000000001,0.7500000000000001,1.0,0.4,0.8,skip,attack_already_active,1785296120.9147718,1785296120914771679,1384789131471885,47.6,53.3203125,-1.0,0,0
2026-07-28T23:35:20.916,10.42.0.1,10.42.0.1,29,3,UPLOAD,0.9154852916174563,UPLOAD,0.9154852916174563,0,43,0.40610300896008317,46,338456.0,137448.0,30,16,0.7111854491662184,0.2888145508337816,0.0493129682848185,1,0,1,1,1,1,1,1,0.8025,0.7500000000000001,1.0,0.6000000000000001,0.8,skip,attack_already_active,1785296120.9165914,1785296120916591367,1384789133290639,47.6,53.3203125,-1.0,0,0
2026-07-28T23:35:20.919,10.42.0.1,10.42.0.1,29,3,UPLOAD,0.95,UPLOAD,0.95,1,14480,0.44888552721934644,47,338456.0,151928.0,30,17,0.6901856504290516,0.3098143495709485,0.043582275743003364,1,0,1,1,1,1,1,1,0.9699999999999999,1.0,1.0,1.0,0.8,skip,attack_already_active,1785296120.9190717,1785296120919071741,1384789135771538,47.6,53.3203125,-1.0,0,0
2026-07-28T23:35:20.920,10.42.0.1,10.42.0.1,29,3,UPLOAD,0.95,UPLOAD,0.95,1,14480,0.4916680454786097,48,338456.0,166408.0,30,18,0.6703904417823414,0.32960955821765864,0.0380652618711191,1,0,1,1,1,1,1,1,0.9699999999999999,1.0,1.0,1.0,0.8,skip,attack_already_active,1785296120.9207869,1785296120920786947,1384789137489761,47.6,53.3203125,-1.0,0,0
2026-07-28T23:35:20.925,10.42.0.1,10.42.0.1,29,3,UPLOAD,0.95,UPLOAD,0.95,1,14480,0.534450563737873,49,338456.0,180888.0,30,19,0.65169906651468,0.34830093348531993,0.033618297053197826,1,0,1,1,1,1,1,1,0.9699999999999999,1.0,1.0,1.0,0.8,skip,attack_already_active,1785296120.9251053,1785296120925105462,1384789141804336,47.6,53.3203125,-1.0,0,0
2026-07-28T23:35:20.928,10.42.0.1,10.42.0.1,29,3,UPLOAD,0.95,UPLOAD,0.95,1,14480,0.5772330819971363,50,338456.0,195368.0,30,20,0.6340217000359669,0.3659782999640331,0.029652111515962632,1,0,1,1,1,1,1,1,0.9699999999999999,1.0,1.0,1.0,0.8,skip,attack_already_active,1785296120.9286253,1785296120928625298,1384789145327607,47.6,53.3203125,-1.0,0,0
2026-07-28T23:35:20.930,10.42.0.1,10.42.0.1,29,3,UPLOAD,0.95,UPLOAD,0.95,1,7129,0.5982963812146976,51,338456.0,202497.0,30,21,0.6256661854172174,0.3743338145827826,0.02602738335456357,1,0,1,1,1,1,1,1,0.9699999999999999,1.0,1.0,1.0,0.8,skip,attack_already_active,1785296120.9307704,1785296120930770317,1384789147469580,47.6,53.3203125,-1.0,0,0
2026-07-28T23:35:20.934,10.42.0.1,10.42.0.1,29,3,UPLOAD,0.95,UPLOAD,0.95,1,14480,0.6410788994739609,52,338456.0,216977.0,30,22,0.609355223762362,0.39064477623763805,0.023054731679032065,1,0,1,1,1,1,1,1,0.9699999999999999,1.0,1.0,1.0,0.8,skip,attack_already_active,1785296120.9342391,1785296120934239252,1384789150938427,47.6,53.3203125,-1.0,0,0
2026-07-28T23:35:20.935,10.42.0.1,10.42.0.1,29,3,UPLOAD,0.95,UPLOAD,0.95,1,14480,0.6838614177332243,53,338456.0,231457.0,30,23,0.5938730999292875,0.40612690007071256,0.020184193253451426,1,0,1,1,1,1,1,1,0.9699999999999999,1.0,1.0,1.0,0.8,skip,attack_already_active,1785296120.9355102,1785296120935510165,1384789152208880,47.6,53.3203125,-1.0,0,0
2026-07-28T23:35:20.937,10.42.0.1,10.42.0.1,29,3,UPLOAD,0.95,UPLOAD,0.95,1,7128,0.7049217623569831,54,338456.0,238585.0,30,24,0.586537178467388,0.41346282153261205,0.0178166773235101,1,0,1,1,1,1,1,1,0.9699999999999999,1.0,1.0,1.0,0.8,skip,attack_already_active,1785296120.937728,1785296120937727894,1384789154426716,47.6,53.3203125,-1.0,0,0
2026-07-28T23:35:21.029,10.42.0.18,10.42.0.1,24,2,TRAINING,0.95,TRAINING,0.95,1,10220,0.12906647808737795,8,79184.0,10220.0,7,1,0.8856874412777952,0.11431255872220482,0.4100756094199884,0,0,0,0,1,1,0,0,0.5725,1.0,0.0,1.0,0.15,skip,training_upload_trigger_not_confirmed,1785296121.0296738,1785296121029673618,1384789246372654,47.6,53.3203125,-1.0,0,0
2026-07-28T23:35:21.031,10.42.0.18,10.42.0.1,24,3,UPLOAD,0.95,UPLOAD,0.95,1,56940,0.8481511416466944,9,79184.0,67160.0,7,2,0.5410812879243426,0.4589187120756574,0.3563369569110032,0,0,0,1,1,1,1,1,0.9699999999999999,1.0,1.0,1.0,0.8,trigger,training_upload_trigger_confirmed,1785296121.0319417,1785296121031941703,1384789248640422,47.6,53.3203125,20.46696,1785296121052410101,1384789269107382
2026-07-28T23:35:21.033,10.42.0.18,10.42.0.1,24,3,UPLOAD,0.9841010226033655,UPLOAD,0.9841010226033655,1,12368,1.0043443119821638,10,79184.0,79528.0,7,3,0.4989162760219769,0.501083723978023,0.3096078350093073,0,0,1,1,1,1,1,1,0.9699999999999999,1.0,1.0,1.0,0.8,skip,attack_already_active,1785296121.0336642,1785296121033664362,1384789250363059,47.6,53.3203125,-1.0,0,0
2026-07-28T23:35:21.035,10.42.0.1,10.42.0.1,29,3,UPLOAD,0.95,UPLOAD,0.95,1,7240,0.7263130214866148,55,338456.0,245825.0,30,25,0.5792692214876062,0.4207307785123939,0.023343183219535133,1,0,1,1,1,1,1,1,0.9699999999999999,1.0,1.0,1.0,0.8,skip,attack_already_active,1785296121.0353703,1785296121035370191,1384789252068867,47.6,53.3203125,-1.0,0,0
2026-07-28T23:35:21.036,10.42.0.1,10.42.0.1,29,3,UPLOAD,0.95,UPLOAD,0.95,1,7240,0.7477042806162464,56,338456.0,253065.0,30,26,0.5721791787611936,0.4278208212388064,0.020425680263174838,1,0,1,1,1,1,1,1,0.9699999999999999,1.0,1.0,1.0,0.8,skip,attack_already_active,1785296121.0365734,1785296121036573332,1384789253272102,47.6,53.3203125,-1.0,0,0
2026-07-28T23:35:21.038,10.42.0.1,10.42.0.1,29,3,UPLOAD,0.7720422072537325,UPLOAD,0.7720422072537325,0,43,0.7477042806162464,56,338456.0,253065.0,30,26,0.5721791787611936,0.4278208212388064,0.03383034112014903,1,0,1,1,1,1,1,1,0.8025,0.7500000000000001,1.0,0.6000000000000001,0.8,skip,attack_already_active,1785296121.0387414,1785296121038741373,1384789255439940,47.6,53.3203125,-1.0,0,0
2026-07-28T23:35:21.039,10.42.0.1,10.42.0.1,29,3,UPLOAD,0.95,UPLOAD,0.95,1,10136,0.7776520433977308,57,338456.0,263201.0,30,27,0.56253978595778,0.4374602140422201,0.029811393778159726,1,0,1,1,1,1,1,1,0.9699999999999999,1.0,1.0,1.0,0.8,skip,attack_already_active,1785296121.039905,1785296121039904935,1384789256603553,47.6,53.3203125,-1.0,0,0
2026-07-28T23:35:21.041,10.42.0.1,10.42.0.1,29,3,UPLOAD,0.95,UPLOAD,0.95,1,4344,0.7904867988755098,58,338456.0,267545.0,30,28,0.5585073291958265,0.4414926708041736,0.026033345848730207,1,0,1,1,1,1,1,1,0.9699999999999999,1.0,1.0,1.0,0.8,skip,attack_already_active,1785296121.041046,1785296121041046108,1384789257744580,47.6,53.3203125,-1.0,0,0
2026-07-28T23:35:21.042,10.42.0.1,10.42.0.1,29,3,UPLOAD,0.95,UPLOAD,0.95,1,14480,0.833269317134773,59,338456.0,282025.0,30,29,0.5454735922614875,0.45452640773851255,0.022754593382409344,1,0,1,1,1,1,1,1,0.9699999999999999,1.0,1.0,1.0,0.8,skip,attack_already_active,1785296121.0421977,1785296121042197861,1384789258896409,47.6,53.3203125,-1.0,0,0
2026-07-28T23:35:21.045,10.42.0.1,10.42.0.1,29,3,UPLOAD,0.95,UPLOAD,0.95,1,14480,0.8760518353940363,60,338456.0,296505.0,30,30,0.5330343123435928,0.4669656876564072,0.02024576037785994,1,0,1,1,1,1,1,1,0.9699999999999999,1.0,1.0,1.0,0.8,skip,attack_already_active,1785296121.0459135,1785296121045913380,1384789262613207,47.6,53.3203125,-1.0,0,0
2026-07-28T23:35:21.047,10.42.0.1,10.42.0.1,29,3,UPLOAD,0.95,UPLOAD,0.95,1,5792,0.8931648426977417,61,338456.0,302297.0,30,31,0.5282160208379828,0.4717839791620172,0.017831864980203685,1,0,1,1,1,1,1,1,0.9699999999999999,1.0,1.0,1.0,0.8,skip,attack_already_active,1785296121.0478408,1785296121047840724,1384789264539573,47.6,53.3203125,-1.0,0,0
2026-07-28T23:35:21.049,10.42.0.1,10.42.0.1,29,3,UPLOAD,0.95,UPLOAD,0.95,1,8688,0.9188343536532996,62,338456.0,310985.0,30,32,0.5211497272269536,0.47885027277304637,0.015738321424958297,1,0,1,1,1,1,1,1,0.9699999999999999,1.0,1.0,1.0,0.8,skip,attack_already_active,1785296121.0497854,1785296121049785229,1384789266484038,47.6,53.3203125,-1.0,0,0
2026-07-28T23:35:21.052,10.42.0.1,10.42.0.1,29,3,UPLOAD,0.95,UPLOAD,0.95,1,7128,0.9398946982770585,63,338456.0,318113.0,30,33,0.5154918980335654,0.4845081019664346,0.013977676188711536,1,0,1,1,1,1,1,1,0.9699999999999999,1.0,1.0,1.0,0.8,skip,attack_already_active,1785296121.0521626,1785296121052162513,1384789268862054,47.6,53.3203125,-1.0,0,0
2026-07-28T23:35:21.062,10.42.0.1,10.42.0.1,29,3,UPLOAD,0.95,UPLOAD,0.95,1,1336,0.9438420355971121,64,338456.0,319449.0,30,34,0.5144450946565233,0.4855549053434766,0.013463792281722344,1,0,1,1,1,1,1,1,0.9699999999999999,1.0,1.0,1.0,0.8,skip,attack_already_active,1785296121.0622406,1785296121062240491,1384789278939633,47.6,53.3203125,-1.0,0,0
2026-07-28T23:35:22.699,10.42.0.210,10.42.0.1|10.42.0.210,29,3,UPLOAD,0.95,UPLOAD,0.95,1,1448,100.0,1,0.0,1448.0,0,1,0.0,1.0,0.37576589453468534,1,0,0,1,1,1,1,1,0.9525,0.95,1.0,1.0,0.8,trigger,training_upload_trigger_confirmed,1785296122.6995082,1785296122699508205,1384790916206664,7.4,53.3203125,9.318536,1785296122708827863,1384790925525200
2026-07-28T23:35:22.700,10.42.0.210,10.42.0.1|10.42.0.210,29,3,UPLOAD,0.9841010226033655,UPLOAD,0.9841010226033655,1,1448,100.0,2,0.0,2896.0,0,2,0.0,1.0,0.3263515873741579,1,0,1,1,1,1,1,1,0.9699999999999999,1.0,1.0,1.0,0.8,skip,attack_already_active,1785296122.7002826,1785296122700282748,1384790916980907,7.4,53.3203125,-1.0,0,0
2026-07-28T23:35:22.701,10.42.0.210,10.42.0.1|10.42.0.210,29,3,UPLOAD,0.9854688349332961,UPLOAD,0.9854688349332961,1,1448,100.0,3,0.0,4344.0,0,3,0.0,1.0,0.2834781682180392,1,0,1,1,1,1,1,1,0.9699999999999999,1.0,1.0,1.0,0.8,skip,attack_already_active,1785296122.7012796,1785296122701279725,1384790917978270,7.4,53.3203125,-1.0,0,0
2026-07-28T23:35:22.702,10.42.0.210,10.42.0.1|10.42.0.210,29,3,UPLOAD,0.9855076450773014,UPLOAD,0.9855076450773014,1,1448,100.0,4,0.0,5792.0,0,4,0.0,1.0,0.24623036814037497,1,0,1,1,1,1,1,1,0.9699999999999999,1.0,1.0,1.0,0.8,skip,attack_already_active,1785296122.7020946,1785296122702094498,1384790918792785,7.4,53.3203125,-1.0,0,0
2026-07-28T23:35:22.703,10.42.0.210,10.42.0.1|10.42.0.210,29,3,UPLOAD,0.9855086980780915,UPLOAD,0.9855086980780915,1,1448,100.0,5,0.0,7240.0,0,5,0.0,1.0,0.21391019888264115,1,0,1,1,1,1,1,1,0.9699999999999999,1.0,1.0,1.0,0.8,skip,attack_already_active,1785296122.703056,1785296122703056056,1384790919754255,7.4,53.3203125,-1.0,0,0
2026-07-28T23:35:22.703,10.42.0.210,10.42.0.1|10.42.0.210,29,3,UPLOAD,0.9855087254685951,UPLOAD,0.9855087254685951,1,1448,100.0,6,0.0,8688.0,0,6,0.0,1.0,0.18581372092812157,1,0,1,1,1,1,1,1,0.9699999999999999,1.0,1.0,1.0,0.8,skip,attack_already_active,1785296122.70375,1785296122703749772,1384790920448025,7.4,53.3203125,-1.0,0,0
2026-07-28T23:35:22.704,10.42.0.210,10.42.0.1|10.42.0.210,29,3,UPLOAD,0.9855087261493067,UPLOAD,0.9855087261493067,1,1448,100.0,7,0.0,10136.0,0,7,0.0,1.0,0.16145671405916073,1,0,1,1,1,1,1,1,0.9699999999999999,1.0,1.0,1.0,0.8,skip,attack_already_active,1785296122.704725,1785296122704724916,1384790921424169,7.4,53.3203125,-1.0,0,0
2026-07-28T23:35:22.705,10.42.0.210,10.42.0.1|10.42.0.210,29,3,UPLOAD,0.9855087261653082,UPLOAD,0.9855087261653082,1,1448,100.0,8,0.0,11584.0,0,8,0.0,1.0,0.14029256189643277,1,0,1,1,1,1,1,1,0.9699999999999999,1.0,1.0,1.0,0.8,skip,attack_already_active,1785296122.7055728,1785296122705572883,1384790922271229,7.4,53.3203125,-1.0,0,0
2026-07-28T23:35:22.706,10.42.0.210,10.42.0.1|10.42.0.210,29,3,UPLOAD,0.985508726165656,UPLOAD,0.985508726165656,1,1448,100.0,9,0.0,13032.0,0,9,0.0,1.0,0.12193973672415744,1,0,1,1,1,1,1,1,0.9699999999999999,1.0,1.0,1.0,0.8,skip,attack_already_active,1785296122.706591,1785296122706591049,1384790923289784,7.4,53.3203125,-1.0,0,0
2026-07-28T23:35:22.707,10.42.0.210,10.42.0.1|10.42.0.210,29,3,UPLOAD,0.9855087261656625,UPLOAD,0.9855087261656625,1,1448,100.0,10,0.0,14480.0,0,10,0.0,1.0,0.10598574083118523,1,0,1,1,1,1,1,1,0.9699999999999999,1.0,1.0,1.0,0.8,skip,attack_already_active,1785296122.7074602,1785296122707460054,1384790924161010,7.4,53.3203125,-1.0,0,0
2026-07-28T23:35:22.709,10.42.0.210,10.42.0.1|10.42.0.210,29,3,UPLOAD,0.9855087261656628,UPLOAD,0.9855087261656628,1,1448,100.0,11,0.0,15928.0,0,11,0.0,1.0,0.09222282865759744,1,0,1,1,1,1,1,1,0.9699999999999999,1.0,1.0,1.0,0.8,skip,attack_already_active,1785296122.709003,1785296122709003093,1384790925701867,19.8,53.3203125,-1.0,0,0
2026-07-28T23:35:22.709,10.42.0.210,10.42.0.1|10.42.0.210,29,3,UPLOAD,0.95,UPLOAD,0.95,1,1448,100.0,12,0.0,17376.0,0,12,0.0,1.0,0.08017825912041215,1,0,1,1,1,1,1,1,0.9699999999999999,1.0,1.0,1.0,0.8,skip,attack_already_active,1785296122.709823,1785296122709823036,1384790926521216,19.8,53.3203125,-1.0,0,0
2026-07-28T23:35:22.710,10.42.0.210,10.42.0.1|10.42.0.210,29,3,UPLOAD,0.95,UPLOAD,0.95,1,1448,100.0,13,0.0,18824.0,0,13,0.0,1.0,0.06974291140785487,1,0,1,1,1,1,1,1,0.9699999999999999,1.0,1.0,1.0,0.8,skip,attack_already_active,1785296122.7108102,1785296122710809988,1384790927508267,19.8,53.3203125,-1.0,0,0
2026-07-28T23:35:22.711,10.42.0.210,10.42.0.1|10.42.0.210,29,3,UPLOAD,0.95,UPLOAD,0.95,1,1448,100.0,14,0.0,20272.0,0,14,0.0,1.0,0.0606543689458027,1,0,1,1,1,1,1,1,0.9699999999999999,1.0,1.0,1.0,0.8,skip,attack_already_active,1785296122.7115827,1785296122711582592,1384790928280865,19.8,53.3203125,-1.0,0,0
2026-07-28T23:35:22.712,10.42.0.210,10.42.0.1|10.42.0.210,29,3,UPLOAD,0.95,UPLOAD,0.95,1,1448,100.0,15,0.0,21720.0,0,15,0.0,1.0,0.05278837840165769,1,0,1,1,1,1,1,1,0.9699999999999999,1.0,1.0,1.0,0.8,skip,attack_already_active,1785296122.7125442,1785296122712544362,1384790929242598,19.8,53.3203125,-1.0,0,0
2026-07-28T23:35:22.713,10.42.0.210,10.42.0.1|10.42.0.210,29,3,UPLOAD,0.95,UPLOAD,0.95,1,1448,100.0,16,0.0,23168.0,0,16,0.0,1.0,0.04591990407079564,1,0,1,1,1,1,1,1,0.9699999999999999,1.0,1.0,1.0,0.8,skip,attack_already_active,1785296122.7132096,1785296122713209569,1384790929907629,19.8,53.3203125,-1.0,0,0
2026-07-28T23:35:22.714,10.42.0.210,10.42.0.1|10.42.0.210,29,3,UPLOAD,0.95,UPLOAD,0.95,1,1448,100.0,17,0.0,24616.0,0,17,0.0,1.0,0.03999444019656756,1,0,1,1,1,1,1,1,0.9699999999999999,1.0,1.0,1.0,0.8,skip,attack_already_active,1785296122.7141628,1785296122714163026,1384790930861275,19.8,53.3203125,-1.0,0,0
2026-07-28T23:35:22.714,10.42.0.210,10.42.0.1|10.42.0.210,29,3,UPLOAD,0.95,UPLOAD,0.95,1,1448,100.0,18,0.0,26064.0,0,18,0.0,1.0,0.03482102276353093,1,0,1,1,1,1,1,1,0.9699999999999999,1.0,1.0,1.0,0.8,skip,attack_already_active,1785296122.7148976,1785296122714897693,1384790931596118,19.8,53.3203125,-1.0,0,0
2026-07-28T23:35:22.715,10.42.0.210,10.42.0.1|10.42.0.210,29,3,UPLOAD,0.95,UPLOAD,0.95,1,1448,100.0,19,0.0,27512.0,0,19,0.0,1.0,0.03036269503001913,1,0,1,1,1,1,1,1,0.9699999999999999,1.0,1.0,1.0,0.8,skip,attack_already_active,1785296122.7158856,1785296122715885542,1384790932583871,19.8,53.3203125,-1.0,0,0
2026-07-28T23:35:22.716,10.42.0.210,10.42.0.1|10.42.0.210,29,3,UPLOAD,0.95,UPLOAD,0.95,1,1448,100.0,20,0.0,28960.0,0,20,0.0,1.0,0.02645136393147623,1,0,1,1,1,1,1,1,0.9699999999999999,1.0,1.0,1.0,0.8,skip,attack_already_active,1785296122.7165663,1785296122716566370,1384790933264503,19.8,53.3203125,-1.0,0,0
2026-07-28T23:35:22.717,10.42.0.210,10.42.0.1|10.42.0.210,29,3,UPLOAD,0.95,UPLOAD,0.95,1,1448,100.0,21,0.0,30408.0,0,21,0.0,1.0,0.02309402707811348,1,0,1,1,1,1,1,1,0.9699999999999999,1.0,1.0,1.0,0.8,skip,attack_already_active,1785296122.7175398,1785296122717539850,1384790934238038,19.8,53.3203125,-1.0,0,0
2026-07-28T23:35:22.718,10.42.0.210,10.42.0.1|10.42.0.210,29,3,UPLOAD,0.95,UPLOAD,0.95,1,1448,100.0,22,0.0,31856.0,0,22,0.0,1.0,0.020143945343221753,1,0,1,1,1,1,1,1,0.9699999999999999,1.0,1.0,1.0,0.8,skip,attack_already_active,1785296122.7182465,1785296122718246325,1384790934944433,19.8,53.3203125,-1.0,0,0
2026-07-28T23:35:22.719,10.42.0.210,10.42.0.1|10.42.0.210,29,3,UPLOAD,0.95,UPLOAD,0.95,1,1448,100.0,23,0.0,33304.0,0,23,0.0,1.0,0.017613838038545857,1,0,1,1,1,1,1,1,0.9699999999999999,1.0,1.0,1.0,0.8,skip,attack_already_active,1785296122.7191901,1785296122719190079,1384790935888156,19.8,53.3203125,-1.0,0,0
2026-07-28T23:35:22.719,10.42.0.210,10.42.0.1|10.42.0.210,29,3,UPLOAD,0.95,UPLOAD,0.95,1,1448,100.0,24,0.0,34752.0,0,24,0.0,1.0,0.015385182701121628,1,0,1,1,1,1,1,1,0.9699999999999999,1.0,1.0,1.0,0.8,skip,attack_already_active,1785296122.7198913,1785296122719891324,1384790936589500,19.8,53.3203125,-1.0,0,0
2026-07-28T23:35:22.720,10.42.0.210,10.42.0.1|10.42.0.210,29,3,UPLOAD,0.95,UPLOAD,0.95,1,1448,100.0,25,0.0,36200.0,0,25,0.0,1.0,0.01348530056385567,1,0,1,1,1,1,1,1,0.9699999999999999,1.0,1.0,1.0,0.8,skip,attack_already_active,1785296122.7208588,1785296122720858776,1384790937557243,19.8,53.3203125,-1.0,0,0
2026-07-28T23:35:22.721,10.42.0.210,10.42.0.1|10.42.0.210,29,3,UPLOAD,0.95,UPLOAD,0.95,1,1448,100.0,26,0.0,37648.0,0,26,0.0,1.0,0.01180228335059047,1,0,1,1,1,1,1,1,0.9699999999999999,1.0,1.0,1.0,0.8,skip,attack_already_active,1785296122.7215722,1785296122721571974,1384790938270180,19.8,53.3203125,-1.0,0,0
2026-07-28T23:35:22.722,10.42.0.210,10.42.0.1|10.42.0.210,29,3,UPLOAD,0.95,UPLOAD,0.95,1,1448,100.0,27,0.0,39096.0,0,27,0.0,1.0,0.010368974977715108,1,0,1,1,1,1,1,1,0.9699999999999999,1.0,1.0,1.0,0.8,skip,attack_already_active,1785296122.7224975,1785296122722497530,1384790939195657,19.8,53.3203125,-1.0,0,0
2026-07-28T23:35:22.723,10.42.0.210,10.42.0.1|10.42.0.210,29,3,UPLOAD,0.95,UPLOAD,0.95,1,1448,100.0,28,0.0,40544.0,0,28,0.0,1.0,0.009089980824512968,1,0,1,1,1,1,1,1,0.9699999999999999,1.0,1.0,1.0,0.8,skip,attack_already_active,1785296122.7231605,1785296122723160549,1384790939858683,19.8,53.3203125,-1.0,0,0
2026-07-28T23:35:22.724,10.42.0.210,10.42.0.1|10.42.0.210,29,3,UPLOAD,0.95,UPLOAD,0.95,1,1448,100.0,29,0.0,41992.0,0,29,0.0,1.0,0.00802288157105353,1,0,1,1,1,1,1,1,0.9699999999999999,1.0,1.0,1.0,0.8,skip,attack_already_active,1785296122.7241526,1785296122724152523,1384790940850796,19.8,53.3203125,-1.0,0,0
2026-07-28T23:35:22.724,10.42.0.210,10.42.0.1|10.42.0.210,29,3,UPLOAD,0.95,UPLOAD,0.95,1,1448,100.0,30,0.0,43440.0,0,30,0.0,1.0,0.007074375100253583,1,0,1,1,1,1,1,1,0.9699999999999999,1.0,1.0,1.0,0.8,skip,attack_already_active,1785296122.7249775,1785296122724977437,1384790941676037,19.8,53.3203125,-1.0,0,0
2026-07-28T23:35:22.726,10.42.0.210,10.42.0.1|10.42.0.210,29,3,UPLOAD,0.95,UPLOAD,0.95,1,1448,100.0,31,0.0,44888.0,0,31,0.0,1.0,0.0063532157208709035,1,0,1,1,1,1,1,1,0.9699999999999999,1.0,1.0,1.0,0.8,skip,attack_already_active,1785296122.7265792,1785296122726579142,1384790943278133,19.8,53.3203125,-1.0,0,0
2026-07-28T23:35:22.727,10.42.0.210,10.42.0.1|10.42.0.210,29,3,UPLOAD,0.95,UPLOAD,0.95,1,1448,100.0,32,0.0,46336.0,0,32,0.0,1.0,0.005666828005889198,1,0,1,1,1,1,1,1,0.9699999999999999,1.0,1.0,1.0,0.8,skip,attack_already_active,1785296122.7277236,1785296122727723570,1384790944422172,19.8,53.3203125,-1.0,0,0
2026-07-28T23:35:22.729,10.42.0.210,10.42.0.1|10.42.0.210,29,3,UPLOAD,0.95,UPLOAD,0.95,1,1448,100.0,33,0.0,47784.0,0,33,0.0,1.0,0.005134351980284124,1,0,1,1,1,1,1,1,0.9699999999999999,1.0,1.0,1.0,0.8,skip,attack_already_active,1785296122.7293496,1785296122729349557,1384790946048342,19.8,53.3203125,-1.0,0,0
2026-07-28T23:35:22.730,10.42.0.210,10.42.0.1|10.42.0.210,29,3,UPLOAD,0.95,UPLOAD,0.95,1,1448,100.0,34,0.0,49232.0,0,34,0.0,1.0,0.004658501765521286,1,0,1,1,1,1,1,1,0.9699999999999999,1.0,1.0,1.0,0.8,skip,attack_already_active,1785296122.7308729,1785296122730872952,1384790947571591,19.8,53.3203125,-1.0,0,0
2026-07-28T23:35:22.732,10.42.0.210,10.42.0.1|10.42.0.210,29,3,UPLOAD,0.95,UPLOAD,0.95,1,1448,100.0,35,0.0,50680.0,0,35,0.0,1.0,0.004259997006461628,1,0,1,1,1,1,1,1,0.9699999999999999,1.0,1.0,1.0,0.8,skip,attack_already_active,1785296122.7325072,1785296122732507098,1384790949205656,19.8,53.3203125,-1.0,0,0
2026-07-28T23:35:22.733,10.42.0.210,10.42.0.1|10.42.0.210,29,3,UPLOAD,0.95,UPLOAD,0.95,1,1448,100.0,36,0.0,52128.0,0,36,0.0,1.0,0.0038467401722089446,1,0,1,1,1,1,1,1,0.9699999999999999,1.0,1.0,1.0,0.8,skip,attack_already_active,1785296122.7336311,1785296122733631281,1384790950330215,19.8,53.3203125,-1.0,0,0
2026-07-28T23:35:22.735,10.42.0.210,10.42.0.1|10.42.0.210,29,3,UPLOAD,0.95,UPLOAD,0.95,1,1448,100.0,37,0.0,53576.0,0,37,0.0,1.0,0.003527526064591594,1,0,1,1,1,1,1,1,0.9699999999999999,1.0,1.0,1.0,0.8,skip,attack_already_active,1785296122.7350554,1785296122735055453,1384790951754047,19.8,53.3203125,-1.0,0,0
2026-07-28T23:35:22.736,10.42.0.210,10.42.0.1|10.42.0.210,29,3,UPLOAD,0.95,UPLOAD,0.95,1,1448,100.0,38,0.0,55024.0,0,38,0.0,1.0,0.0032004538481564164,1,0,1,1,1,1,1,1,0.9699999999999999,1.0,1.0,1.0,0.8,skip,attack_already_active,1785296122.736101,1785296122736100976,1384790952799443,19.8,53.3203125,-1.0,0,0
2026-07-28T23:35:22.737,10.42.0.210,10.42.0.1|10.42.0.210,29,3,UPLOAD,0.95,UPLOAD,0.95,1,1448,100.0,39,0.0,56472.0,0,39,0.0,1.0,0.0029180836908592805,1,0,1,1,1,1,1,1,0.9699999999999999,1.0,1.0,1.0,0.8,skip,attack_already_active,1785296122.7371585,1785296122737158529,1384790953857000,19.8,53.3203125,-1.0,0,0
2026-07-28T23:35:22.738,10.42.0.210,10.42.0.1|10.42.0.210,29,3,UPLOAD,0.95,UPLOAD,0.95,1,1448,100.0,40,0.0,57920.0,0,40,0.0,1.0,0.002669184030729826,1,0,1,1,1,1,1,1,0.9699999999999999,1.0,1.0,1.0,0.8,skip,attack_already_active,1785296122.7381878,1785296122738187804,1384790954886064,19.8,53.3203125,-1.0,0,0
2026-07-28T23:35:22.739,10.42.0.210,10.42.0.1|10.42.0.210,29,3,UPLOAD,0.95,UPLOAD,0.95,1,1448,100.0,41,0.0,59368.0,0,41,0.0,1.0,0.0024524860589447456,1,0,1,1,1,1,1,1,0.9699999999999999,1.0,1.0,1.0,0.8,skip,attack_already_active,1785296122.7392125,1785296122739212463,1384790955910815,19.8,53.3203125,-1.0,0,0
2026-07-28T23:35:22.740,10.42.0.210,10.42.0.1|10.42.0.210,29,3,UPLOAD,0.95,UPLOAD,0.95,1,1448,100.0,42,0.0,60816.0,0,42,0.0,1.0,0.0022638406675732263,1,0,1,1,1,1,1,1,0.9699999999999999,1.0,1.0,1.0,0.8,skip,attack_already_active,1785296122.7402334,1785296122740233427,1384790956931754,19.8,53.3203125,-1.0,0,0
2026-07-28T23:35:22.744,10.42.0.1,10.42.0.1|10.42.0.210,29,3,UPLOAD,0.95,UPLOAD,0.95,1,7240,100.0,1,0.0,7240.0,0,1,0.0,1.0,0.22969472766205304,1,0,1,1,1,1,1,1,0.9699999999999999,1.0,1.0,1.0,0.8,skip,attack_already_active,1785296122.7446275,1785296122744627531,1384790961327384,19.8,53.3203125,-1.0,0,0
2026-07-28T23:35:22.745,10.42.0.1,10.42.0.1|10.42.0.210,29,3,UPLOAD,0.9776968671721782,UPLOAD,0.9776968671721782,1,7240,100.0,2,0.0,14480.0,0,2,0.0,1.0,0.19957788219266037,1,0,1,1,1,1,1,1,0.9699999999999999,1.0,1.0,1.0,0.8,skip,attack_already_active,1785296122.7457738,1785296122745773809,1384790962472309,19.8,53.3203125,-1.0,0,0
2026-07-28T23:35:22.801,10.42.0.1,10.42.0.1|10.42.0.210,29,3,UPLOAD,0.9823707627099846,UPLOAD,0.9823707627099846,1,14480,100.0,3,0.0,28960.0,0,3,0.0,1.0,0.18057585698612844,1,0,1,1,1,1,1,1,0.9699999999999999,1.0,1.0,1.0,0.8,skip,attack_already_active,1785296122.8011506,1785296122801150437,1384791017849052,19.8,53.3203125,-1.0,0,0
2026-07-28T23:35:22.802,10.42.0.1,10.42.0.1|10.42.0.210,29,3,UPLOAD,0.9826800379192709,UPLOAD,0.9826800379192709,1,14480,100.0,4,0.0,43440.0,0,4,0.0,1.0,0.15692810584956113,1,0,1,1,1,1,1,1,0.9699999999999999,1.0,1.0,1.0,0.8,skip,attack_already_active,1785296122.8022702,1785296122802270241,1384791018968713,19.8,53.3203125,-1.0,0,0
2026-07-28T23:35:22.803,10.42.0.1,10.42.0.1|10.42.0.210,29,3,UPLOAD,0.981835893552564,UPLOAD,0.981835893552564,0,43,100.0,4,0.0,43440.0,0,4,0.0,1.0,0.36877724682109014,1,0,1,1,1,1,1,1,0.8374999999999999,0.8500000000000001,1.0,0.6000000000000001,0.8,skip,attack_already_active,1785296122.803334,1785296122803333993,1384791020032402,19.8,53.3203125,-1.0,0,0
2026-07-28T23:35:22.806,10.42.0.1,10.42.0.1|10.42.0.210,29,3,UPLOAD,0.9828247084041809,UPLOAD,0.9828247084041809,1,14480,100.0,5,0.0,57920.0,0,5,0.0,1.0,0.32072411817036894,1,0,1,1,1,1,1,1,0.9699999999999999,1.0,1.0,1.0,0.8,skip,attack_already_active,1785296122.8063855,1785296122806385443,1384791023083777,19.8,53.3203125,-1.0,0,0
2026-07-28T23:35:22.807,10.42.0.1,10.42.0.1|10.42.0.210,29,3,UPLOAD,0.9831178125687055,UPLOAD,0.9831178125687055,1,14480,100.0,6,0.0,72400.0,0,6,0.0,1.0,0.2786646416568278,1,0,1,1,1,1,1,1,0.9699999999999999,1.0,1.0,1.0,0.8,skip,attack_already_active,1785296122.807932,1785296122807931849,1384791024630543,19.8,53.3203125,-1.0,0,0
2026-07-28T23:35:22.809,10.42.0.1,10.42.0.1|10.42.0.210,29,3,UPLOAD,0.9834070080930116,UPLOAD,0.9834070080930116,1,7129,100.0,7,0.0,79529.0,0,7,0.0,1.0,0.24219918065810936,1,0,1,1,1,1,1,1,0.9699999999999999,1.0,1.0,1.0,0.8,skip,attack_already_active,1785296122.8098702,1785296122809870461,1384791026568951,19.8,53.3203125,-1.0,0,0
2026-07-28T23:35:23.246,10.42.0.47,10.42.0.1|10.42.0.210|10.42.0.47,29,3,UPLOAD,0.95,UPLOAD,0.95,1,7240,100.0,1,0.0,7240.0,0,1,0.0,1.0,0.39280666086782756,1,0,0,1,1,1,1,1,0.9699999999999999,1.0,1.0,1.0,0.8,trigger,training_upload_trigger_confirmed,1785296123.246513,1785296123246512783,1384791463211467,19.8,53.3203125,5.885458,1785296123252399634,1384791469096925
2026-07-28T23:35:23.247,10.42.0.47,10.42.0.1|10.42.0.210|10.42.0.47,29,3,UPLOAD,0.9500152899031565,UPLOAD,0.9500152899031565,1,2896,100.0,2,0.0,10136.0,0,2,0.0,1.0,0.34118030681141354,1,0,1,1,1,1,1,1,0.9699999999999999,1.0,1.0,1.0,0.8,skip,attack_already_active,1785296123.2475414,1785296123247541399,1384791464239771,19.8,53.3203125,-1.0,0,0
2026-07-28T23:35:23.249,10.42.0.47,10.42.0.1|10.42.0.210|10.42.0.47,29,3,UPLOAD,0.9511468647429315,UPLOAD,0.9511468647429315,1,4344,100.0,3,0.0,14480.0,0,3,0.0,1.0,0.29647068800217025,1,0,1,1,1,1,1,1,0.9699999999999999,1.0,1.0,1.0,0.8,skip,attack_already_active,1785296123.2494328,1785296123249432864,1384791466131593,19.8,53.3203125,-1.0,0,0
2026-07-28T23:35:23.250,10.42.0.47,10.42.0.1|10.42.0.210|10.42.0.47,29,3,UPLOAD,0.95,UPLOAD,0.95,1,8688,100.0,4,0.0,23168.0,0,4,0.0,1.0,0.2576084510645846,1,0,1,1,1,1,1,1,0.9699999999999999,1.0,1.0,1.0,0.8,skip,attack_already_active,1785296123.2509887,1785296123250988712,1384791467687353,19.8,53.3203125,-1.0,0,0
2026-07-28T23:35:23.252,10.42.0.47,10.42.0.1|10.42.0.210|10.42.0.47,29,3,UPLOAD,0.95,UPLOAD,0.95,1,2896,100.0,5,0.0,26064.0,0,5,0.0,1.0,0.223833271040244,1,0,1,1,1,1,1,1,0.9699999999999999,1.0,1.0,1.0,0.8,skip,attack_already_active,1785296123.2522867,1785296123252286707,1384791468985134,53.6,53.3203125,-1.0,0,0
2026-07-28T23:35:23.253,10.42.0.47,10.42.0.1|10.42.0.210|10.42.0.47,29,3,UPLOAD,0.95,UPLOAD,0.95,1,7240,100.0,6,0.0,33304.0,0,6,0.0,1.0,0.19444508276911027,1,0,1,1,1,1,1,1,0.9699999999999999,1.0,1.0,1.0,0.8,skip,attack_already_active,1785296123.253101,1785296123253101126,1384791469799398,53.6,53.3203125,-1.0,0,0
2026-07-28T23:35:23.255,10.42.0.47,10.42.0.1|10.42.0.210|10.42.0.47,29,3,UPLOAD,0.95,UPLOAD,0.95,1,7240,100.0,7,0.0,40544.0,0,7,0.0,1.0,0.1690751588407794,1,0,1,1,1,1,1,1,0.9699999999999999,1.0,1.0,1.0,0.8,skip,attack_already_active,1785296123.2550209,1785296123255020850,1384791471720636,53.6,53.3203125,-1.0,0,0
2026-07-28T23:35:23.256,10.42.0.47,10.42.0.1|10.42.0.210|10.42.0.47,29,3,UPLOAD,0.95,UPLOAD,0.95,1,2896,100.0,8,0.0,43440.0,0,8,0.0,1.0,0.147007123425413,1,0,1,1,1,1,1,1,0.9699999999999999,1.0,1.0,1.0,0.8,skip,attack_already_active,1785296123.2566278,1785296123256627664,1384791473326858,53.6,53.3203125,-1.0,0,0
2026-07-28T23:35:23.258,10.42.0.47,10.42.0.1|10.42.0.210|10.42.0.47,29,3,UPLOAD,0.95,UPLOAD,0.95,1,10136,100.0,9,0.0,53576.0,0,9,0.0,1.0,0.1279442030897491,1,0,1,1,1,1,1,1,0.9699999999999999,1.0,1.0,1.0,0.8,skip,attack_already_active,1785296123.2589717,1785296123258971532,1384791475670916,53.6,53.3203125,-1.0,0,0
2026-07-28T23:35:23.260,10.42.0.47,10.42.0.1|10.42.0.210|10.42.0.47,29,3,UPLOAD,0.95,UPLOAD,0.95,1,7240,100.0,10,0.0,60816.0,0,10,0.0,1.0,0.11125200454005618,1,0,1,1,1,1,1,1,0.9699999999999999,1.0,1.0,1.0,0.8,skip,attack_already_active,1785296123.2602434,1785296123260243493,1384791476942016,53.6,53.3203125,-1.0,0,0
2026-07-28T23:35:23.261,10.42.0.47,10.42.0.1|10.42.0.210|10.42.0.47,29,3,UPLOAD,0.9502489024917985,UPLOAD,0.9502489024917985,1,2896,100.0,11,0.0,63712.0,0,11,0.0,1.0,0.09670308004261874,1,0,1,1,1,1,1,1,0.9699999999999999,1.0,1.0,1.0,0.8,skip,attack_already_active,1785296123.2610877,1785296123261087865,1384791477787500,53.6,53.3203125,-1.0,0,0
2026-07-28T23:35:23.262,10.42.0.47,10.42.0.1|10.42.0.210|10.42.0.47,29,3,UPLOAD,0.9535497236253168,UPLOAD,0.9535497236253168,1,10136,100.0,12,0.0,73848.0,0,12,0.0,1.0,0.08417161694356146,1,0,1,1,1,1,1,1,0.9699999999999999,1.0,1.0,1.0,0.8,skip,attack_already_active,1785296123.262693,1785296123262692968,1384791479392206,53.6,53.3203125,-1.0,0,0
2026-07-28T23:35:23.263,10.42.0.47,10.42.0.1|10.42.0.210|10.42.0.47,29,3,UPLOAD,0.9576239649484305,UPLOAD,0.9576239649484305,1,4344,100.0,13,0.0,78192.0,0,13,0.0,1.0,0.07321444507260538,1,0,1,1,1,1,1,1,0.9699999999999999,1.0,1.0,1.0,0.8,skip,attack_already_active,1785296123.2637136,1785296123263713624,1384791480411838,53.6,53.3203125,-1.0,0,0
2026-07-28T23:35:23.264,10.42.0.47,10.42.0.1|10.42.0.210|10.42.0.47,29,3,UPLOAD,0.9624661106154611,UPLOAD,0.9624661106154611,1,1336,100.0,14,0.0,79528.0,0,14,0.0,1.0,0.06365455657913081,1,0,1,1,1,1,1,1,0.9699999999999999,1.0,1.0,1.0,0.8,skip,attack_already_active,1785296123.2643807,1785296123264380752,1384791481078917,53.6,53.3203125,-1.0,0,0
2026-07-28T23:35:23.265,10.42.0.1,10.42.0.1|10.42.0.210|10.42.0.47,29,3,UPLOAD,0.9834180129095115,UPLOAD,0.9834180129095115,1,7240,100.0,8,0.0,86769.0,0,8,0.0,1.0,0.26725314586468774,1,0,1,1,1,1,1,1,0.9699999999999999,1.0,1.0,1.0,0.8,skip,attack_already_active,1785296123.265359,1785296123265358853,1384791482057133,53.6,53.3203125,-1.0,0,0
2026-07-28T23:35:23.266,10.42.0.1,10.42.0.1|10.42.0.210|10.42.0.47,29,3,UPLOAD,0.9832309839600989,UPLOAD,0.9832309839600989,1,7240,100.0,9,0.0,94009.0,0,9,0.0,1.0,0.23212513593188747,1,0,1,1,1,1,1,1,0.9699999999999999,1.0,1.0,1.0,0.8,skip,attack_already_active,1785296123.2660353,1785296123266035135,1384791482733216,53.6,53.3203125,-1.0,0,0
2026-07-28T23:35:23.280,10.42.0.1,10.42.0.1|10.42.0.210|10.42.0.47,29,3,UPLOAD,0.983167535037029,UPLOAD,0.983167535037029,1,1448,100.0,10,0.0,95457.0,0,10,0.0,1.0,0.20349537816839025,1,0,1,1,1,1,1,1,0.9699999999999999,1.0,1.0,1.0,0.8,skip,attack_already_active,1785296123.2808971,1785296123280897084,1384791497595954,53.6,53.3203125,-1.0,0,0
2026-07-28T23:35:23.312,10.42.0.1,10.42.0.1|10.42.0.210|10.42.0.47,29,3,UPLOAD,0.9833451775879193,UPLOAD,0.9833451775879193,1,14480,100.0,11,0.0,109937.0,0,11,0.0,1.0,0.18086714192356718,1,0,1,1,1,1,1,1,0.9699999999999999,1.0,1.0,1.0,0.8,skip,attack_already_active,1785296123.312673,1785296123312672963,1384791529371497,53.6,53.3203125,-1.0,0,0
2026-07-28T23:35:23.313,10.42.0.1,10.42.0.1|10.42.0.210|10.42.0.47,29,3,UPLOAD,0.983661771585792,UPLOAD,0.983661771585792,1,14480,100.0,12,0.0,124417.0,0,12,0.0,1.0,0.15713347221942683,1,0,1,1,1,1,1,1,0.9699999999999999,1.0,1.0,1.0,0.8,skip,attack_already_active,1785296123.313432,1785296123313432132,1384791530130456,53.6,53.3203125,-1.0,0,0
2026-07-28T23:35:23.314,10.42.0.1,10.42.0.1|10.42.0.210|10.42.0.47,29,3,UPLOAD,0.9822868873409104,UPLOAD,0.9822868873409104,0,43,100.0,12,0.0,124417.0,0,12,0.0,1.0,0.2037353195536113,1,0,1,1,1,1,1,1,0.8374999999999999,0.8500000000000001,1.0,0.6000000000000001,0.8,skip,attack_already_active,1785296123.314116,1785296123314116205,1384791530814563,53.6,53.3203125,-1.0,0,0
2026-07-28T23:35:23.315,10.42.0.1,10.42.0.1|10.42.0.210|10.42.0.47,29,3,UPLOAD,0.9822446772016432,UPLOAD,0.9822446772016432,1,1448,100.0,13,0.0,125865.0,0,13,0.0,1.0,0.17719418089956837,1,0,1,1,1,1,1,1,0.9699999999999999,1.0,1.0,1.0,0.8,skip,attack_already_active,1785296123.315754,1785296123315754081,1384791532452191,53.6,53.3203125,-1.0,0,0
2026-07-28T23:35:23.316,10.42.0.1,10.42.0.1|10.42.0.210|10.42.0.47,29,3,UPLOAD,0.9817270050757172,UPLOAD,0.9817270050757172,1,11584,100.0,14,0.0,137449.0,0,14,0.0,1.0,0.15397065302794263,1,0,1,1,1,1,1,1,0.9699999999999999,1.0,1.0,1.0,0.8,skip,attack_already_active,1785296123.3167112,1785296123316711207,1384791533409292,53.6,53.3203125,-1.0,0,0
2026-07-28T23:35:23.317,10.42.0.1,10.42.0.1|10.42.0.210|10.42.0.47,29,3,UPLOAD,0.9815535872559,UPLOAD,0.9815535872559,1,10136,100.0,15,0.0,147585.0,0,15,0.0,1.0,0.13380707903015782,1,0,1,1,1,1,1,1,0.9699999999999999,1.0,1.0,1.0,0.8,skip,attack_already_active,1785296123.317666,1785296123317666117,1384791534364370,53.6,53.3203125,-1.0,0,0
2026-07-28T23:35:23.318,10.42.0.1,10.42.0.1|10.42.0.210|10.42.0.47,29,3,UPLOAD,0.9812048664282514,UPLOAD,0.9812048664282514,1,11472,100.0,16,0.0,159057.0,0,16,0.0,1.0,0.1163008634596062,1,0,1,1,1,1,1,1,0.9699999999999999,1.0,1.0,1.0,0.8,skip,attack_already_active,1785296123.3186233,1785296123318623164,1384791535321321,53.6,53.3203125,-1.0,0,0
2026-07-28T23:35:23.665,10.42.0.1,10.42.0.210,30,1,DOWNLOAD,0.9794595792413326,DOWNLOAD,0.9794595792413326,-1,1448,100.0,17,1448.0,159057.0,1,16,0.009021525809164823,0.9909784741908352,0.14728232770502722,0,0,0,0,1,0,0,0,0.44,0.8500000000000001,0.0,0.6000000000000001,0.15,skip,training_upload_trigger_not_confirmed,1785296123.6655266,1785296123665526616,1384791882225930,53.6,53.3203125,-1.0,0,0
2026-07-28T23:35:23.669,10.42.0.1,10.42.0.210,30,1,DOWNLOAD,0.95,DOWNLOAD,0.95,-1,5792,21.969198892131327,18,7240.0,159057.0,2,16,0.04353656409917196,0.956463435900828,0.12838122969316138,0,0,0,0,0,0,0,0,0.057499999999999996,0.1,0.0,0.0,0.15,skip,training_upload_trigger_not_confirmed,1785296123.6693738,1785296123669373604,1384791886072801,53.6,53.3203125,-1.0,0,0
2026-07-28T23:35:23.670,10.42.0.1,10.42.0.210,30,1,DOWNLOAD,0.95,DOWNLOAD,0.95,-1,7240,10.984599446824268,19,14480.0,159057.0,3,16,0.08344041904608239,0.9165595809539177,0.1116207916686919,0,0,0,0,0,0,0,0,0.057499999999999996,0.1,0.0,0.0,0.15,skip,training_upload_trigger_not_confirmed,1785296123.6705647,1785296123670564715,1384791887263788,53.6,53.3203125,-1.0,0,0
2026-07-28T23:35:23.671,10.42.0.1,10.42.0.210,30,1,DOWNLOAD,0.95,DOWNLOAD,0.95,-1,7240,7.323066298051424,20,21720.0,159057.0,4,16,0.12014802768051246,0.8798519723194875,0.09708164412411455,0,0,0,0,0,0,0,0,0.057499999999999996,0.1,0.0,0.0,0.15,skip,training_upload_trigger_not_confirmed,1785296123.6718519,1785296123671851688,1384791888550586,53.6,53.3203125,-1.0,0,0
2026-07-28T23:35:23.673,10.42.0.1,10.42.0.210,30,1,DOWNLOAD,0.95,DOWNLOAD,0.95,-1,7240,5.492299723601786,21,28960.0,159057.0,5,16,0.15402862507113718,0.8459713749288628,0.08446356890831377,0,0,0,0,0,0,0,0,0.057499999999999996,0.1,0.0,0.0,0.15,skip,training_upload_trigger_not_confirmed,1785296123.6731784,1785296123673178372,1384791889879603,53.6,53.3203125,-1.0,0,0
2026-07-28T23:35:23.675,10.42.0.1,10.42.0.210,30,1,DOWNLOAD,0.95,DOWNLOAD,0.95,-1,7240,4.393839778911772,22,36200.0,159057.0,6,16,0.1853966823212484,0.8146033176787516,0.07363817655513663,0,0,0,0,0,0,0,0,0.057499999999999996,0.1,0.0,0.0,0.15,skip,training_upload_trigger_not_confirmed,1785296123.675491,1785296123675491112,1384791892190260,53.6,53.3203125,-1.0,0,0
2026-07-28T23:35:23.676,10.42.0.1,10.42.0.210,30,1,DOWNLOAD,0.95,DOWNLOAD,0.95,-1,7240,3.6615331491100016,23,43440.0,159057.0,7,16,0.21452169661772766,0.7854783033822723,0.06408418642200697,0,0,0,0,0,0,0,0,0.057499999999999996,0.1,0.0,0.0,0.15,skip,training_upload_trigger_not_confirmed,1785296123.6766267,1785296123676626619,1384791893325440,53.6,53.3203125,-1.0,0,0
2026-07-28T23:35:23.677,10.42.0.1,10.42.0.210,30,1,DOWNLOAD,0.95,DOWNLOAD,0.95,-1,7240,3.138456984961751,24,50680.0,159057.0,8,16,0.24163595359903117,0.7583640464009689,0.05578580659293995,0,0,0,0,0,0,0,0,0.057499999999999996,0.1,0.0,0.0,0.15,skip,training_upload_trigger_not_confirmed,1785296123.6777368,1785296123677736802,1384791894435565,53.6,53.3203125,-1.0,0,0
2026-07-28T23:35:23.678,10.42.0.1,10.42.0.210,30,1,DOWNLOAD,0.95,DOWNLOAD,0.95,-1,7240,2.7461498618483056,25,57920.0,159057.0,9,16,0.2669407356540094,0.7330592643459906,0.04858678500922528,0,0,0,0,0,0,0,0,0.057499999999999996,0.1,0.0,0.0,0.15,skip,training_upload_trigger_not_confirmed,1785296123.6788912,1785296123678891364,1384791895590450,53.6,53.3203125,-1.0,0,0
2026-07-28T23:35:23.680,10.42.0.1,10.42.0.210,30,1,DOWNLOAD,0.95,DOWNLOAD,0.95,-1,4344,2.5545580110247568,26,62264.0,159057.0,10,16,0.2813289294734797,0.7186710705265204,0.04233766736975933,0,0,0,0,0,0,0,0,0.057499999999999996,0.1,0.0,0.0,0.15,skip,training_upload_trigger_not_confirmed,1785296123.6800551,1785296123680054925,1384791896754238,53.6,53.3203125,-1.0,0,0
2026-07-28T23:35:23.681,10.42.0.1,10.42.0.210,30,1,DOWNLOAD,0.95,DOWNLOAD,0.95,-1,14480,2.0725659334791966,27,76744.0,159057.0,11,16,0.32546087590807504,0.674539124091925,0.036920098180398916,0,0,0,0,0,0,0,0,0.057499999999999996,0.1,0.0,0.0,0.15,skip,training_upload_trigger_not_confirmed,1785296123.6812804,1785296123681280225,1384791897979066,53.6,53.3203125,-1.0,0,0
2026-07-28T23:35:23.682,10.42.0.1,10.42.0.210,30,1,DOWNLOAD,0.95,DOWNLOAD,0.95,-1,14480,1.7435872138829303,28,91224.0,159057.0,12,16,0.3644863173792657,0.6355136826207343,0.03220832058283099,0,0,0,0,0,0,0,0,0.057499999999999996,0.1,0.0,0.0,0.15,skip,training_upload_trigger_not_confirmed,1785296123.682444,1785296123682444092,1384791899143251,53.6,53.3203125,-1.0,0,0
2026-07-28T23:35:23.683,10.42.0.1,10.42.0.210,30,1,DOWNLOAD,0.95,DOWNLOAD,0.95,-1,14480,1.504739650339583,29,105704.0,159057.0,13,16,0.3992430909386201,0.6007569090613799,0.028120325383535927,0,0,0,0,0,0,0,0,0.057499999999999996,0.1,0.0,0.0,0.15,skip,training_upload_trigger_not_confirmed,1785296123.6836298,1785296123683629768,1384791900328594,53.6,53.3203125,-1.0,0,0
2026-07-28T23:35:23.684,10.42.0.1,10.42.0.210,30,1,DOWNLOAD,0.95,DOWNLOAD,0.95,-1,14480,1.323445716565238,30,120184.0,159057.0,14,16,0.43039524998119905,0.569604750018801,0.02456480291867532,0,0,0,0,0,0,0,0,0.057499999999999996,0.1,0.0,0.0,0.15,skip,training_upload_trigger_not_confirmed,1785296123.6847682,1785296123684768169,1384791901466690,53.6,53.3203125,-1.0,0,0
2026-07-28T23:35:23.685,10.42.0.1,10.42.0.210,30,1,DOWNLOAD,0.95,DOWNLOAD,0.95,-1,18824,1.1442291091149845,31,139008.0,159057.0,15,16,0.46636807407780184,0.5336319259221982,0.02142713114004677,0,0,0,0,0,0,0,0,0.039999999999999994,0.05,0.0,0.0,0.15,skip,training_upload_trigger_not_confirmed,1785296123.685522,1785296123685522209,1384791902220570,48.0,53.328125,-1.0,0,0
2026-07-28T23:35:23.686,10.42.0.1,10.42.0.210,30,1,DOWNLOAD,0.95,DOWNLOAD,0.95,-1,18824,1.007761417203053,32,157832.0,159057.0,16,16,0.4980671465402712,0.5019328534597288,0.018734436127331805,0,0,0,0,0,0,0,0,0.039999999999999994,0.05,0.0,0.0,0.15,skip,training_upload_trigger_not_confirmed,1785296123.686515,1785296123686515312,1384791903214251,48.0,53.328125,-1.0,0,0
2026-07-28T23:35:23.687,10.42.0.1,10.42.0.210,30,1,DOWNLOAD,0.95,DOWNLOAD,0.95,-1,16920,0.9101870078745297,33,174752.0,159057.0,17,16,0.5235089527244622,0.4764910472755378,0.016456859716734284,0,0,0,0,0,0,0,0,0.039999999999999994,0.05,0.0,0.0,0.15,skip,training_upload_trigger_not_confirmed,1785296123.6879656,1785296123687965624,1384791904664277,48.0,53.328125,-1.0,0,0
2026-07-28T23:35:23.689,10.42.0.47,10.42.0.210,30,1,DOWNLOAD,0.95,DOWNLOAD,0.95,-1,7240,10.984530385361252,15,7240.0,79528.0,1,14,0.08344089987092015,0.9165591001290798,0.09881010393484776,0,0,0,0,0,0,0,0,0.057499999999999996,0.1,0.0,0.0,0.15,skip,training_upload_trigger_not_confirmed,1785296123.6894052,1785296123689405143,1384791906103565,48.0,53.328125,-1.0,0,0
2026-07-28T23:35:23.690,10.42.0.47,10.42.0.210,30,1,DOWNLOAD,0.95,DOWNLOAD,0.95,-1,7240,5.492265193059926,16,14480.0,79528.0,2,14,0.15402944430261253,0.8459705556973874,0.08589482921130841,0,0,0,0,0,0,0,0,0.057499999999999996,0.1,0.0,0.0,0.15,skip,training_upload_trigger_not_confirmed,1785296123.6902049,1785296123690204970,1384791906903662,48.0,53.328125,-1.0,0,0
2026-07-28T23:35:23.691,10.42.0.1,10.42.0.210,30,1,DOWNLOAD,0.95,DOWNLOAD,0.95,-1,6784,0.8761733209948651,34,181536.0,159057.0,18,16,0.5329997974121605,0.4670002025878394,0.014713689888133614,0,0,0,0,0,0,0,0,0.039999999999999994,0.05,0.0,0.0,0.15,skip,training_upload_trigger_not_confirmed,1785296123.691194,1785296123691194203,1384791907894027,48.0,53.328125,-1.0,0,0
2026-07-28T23:35:23.692,10.42.0.145,10.42.0.210,14,1,DOWNLOAD,0.95,DOWNLOAD,0.95,-1,7300,1.3698630135109776e-10,1,7300.0,0.0,1,0,1.0,0.0,0.9029289660801101,0,0,0,0,0,0,0,0,0.0225,0.0,0.0,0.0,0.15,skip,training_upload_trigger_not_confirmed,1785296123.6929219,1785296123692921875,1384791909622370,48.0,53.328125,-1.0,0,0
2026-07-28T23:35:23.694,10.42.0.145,10.42.0.210,14,1,DOWNLOAD,0.95,DOWNLOAD,0.95,-1,7300,6.84931506802402e-11,2,14600.0,0.0,2,0,1.0,0.0,0.7841125567094835,0,0,0,0,0,0,0,0,0.0225,0.0,0.0,0.0,0.15,skip,training_upload_trigger_not_confirmed,1785296123.694186,1785296123694186096,1384791910886196,48.0,53.328125,-1.0,0,0
2026-07-28T23:35:23.695,10.42.0.1,10.42.0.210,30,1,DOWNLOAD,0.95,DOWNLOAD,0.95,-1,21720,0.7825451647194546,35,203256.0,159057.0,19,16,0.5609956032491243,0.4390043967508756,0.013378016866135439,0,0,0,0,0,0,0,0,0.0225,0.0,0.0,0.0,0.15,skip,training_upload_trigger_not_confirmed,1785296123.6957717,1785296123695771648,1384791912471314,48.0,53.328125,-1.0,0,0
2026-07-28T23:35:23.698,10.42.0.1,10.42.0.210,30,1,DOWNLOAD,0.95,DOWNLOAD,0.95,-1,14024,0.7320370029467413,36,217280.0,159057.0,20,16,0.5773548707674239,0.42264512923257613,0.01193163550991031,0,0,0,0,0,0,0,0,0.0225,0.0,0.0,0.0,0.15,skip,training_upload_trigger_not_confirmed,1785296123.6981735,1785296123698173549,1384791914873499,48.0,53.328125,-1.0,0,0
2026-07-28T23:35:23.699,10.42.0.1,,30,1,DOWNLOAD,0.95,DOWNLOAD,0.95,-1,21720,0.6655104602524455,37,239000.0,159057.0,21,16,0.6004165232617439,0.39958347673825606,0.010551342808944791,0,0,0,0,0,0,0,0,0.0225,0.0,0.0,0.0,0.15,skip,training_upload_trigger_not_confirmed,1785296123.6996305,1785296123699630600,1384791916330469,48.0,53.328125,-1.0,0,0
2026-07-28T23:35:23.701,10.42.0.1,,30,1,DOWNLOAD,0.95,DOWNLOAD,0.95,-1,14024,0.628624162136285,38,253024.0,159057.0,22,16,0.6140152057483844,0.3859847942516156,0.009342255501672907,0,0,0,0,0,0,0,0,0.0225,0.0,0.0,0.0,0.15,skip,training_upload_trigger_not_confirmed,1785296123.7010064,1785296123701006329,1384791917705875,48.0,53.328125,-1.0,0,0
2026-07-28T23:35:23.702,10.42.0.47,,30,1,DOWNLOAD,0.9,DOWNLOAD,0.9,0,43,5.492265193059926,16,14480.0,79528.0,2,14,0.15402944430261253,0.8459705556973874,0.11956186453106374,0,0,0,0,0,0,0,0,0.057499999999999996,0.1,0.0,0.0,0.15,skip,training_upload_trigger_not_confirmed,1785296123.702295,1785296123702295005,1384791918994778,48.0,53.328125,-1.0,0,0
2026-07-28T23:35:23.705,10.42.0.145,,14,1,DOWNLOAD,0.9352678105820751,DOWNLOAD,0.9352678105820751,0,43,6.84931506802402e-11,2,14600.0,0.0,2,0,1.0,0.0,1.0412592576940412,0,0,0,0,0,0,0,0,0.0225,0.0,0.0,0.0,0.15,skip,training_upload_trigger_not_confirmed,1785296123.7059495,1785296123705949377,1384791922649349,48.0,53.328125,-1.0,0,0
2026-07-28T23:35:23.707,10.42.0.145,,14,1,DOWNLOAD,0.95,DOWNLOAD,0.95,-1,14600,3.424657534129292e-11,3,29200.0,0.0,3,0,1.0,0.0,0.9057687646964594,0,0,0,0,0,0,0,0,0.0225,0.0,0.0,0.0,0.15,skip,training_upload_trigger_not_confirmed,1785296123.7072453,1785296123707245368,1384791923944885,48.0,53.328125,-1.0,0,0
2026-07-28T23:35:23.708,10.42.0.145,,14,1,DOWNLOAD,0.9546456158154323,DOWNLOAD,0.9546456158154323,-1,14600,2.2831050227789245e-11,4,43800.0,0.0,4,0,1.0,0.0,0.7865860595770655,0,0,0,0,0,0,0,0,0.0225,0.0,0.0,0.0,0.15,skip,training_upload_trigger_not_confirmed,1785296123.7085695,1785296123708569552,1384791925269905,48.0,53.328125,-1.0,0,0
2026-07-28T23:35:23.711,10.42.0.210,,30,1,DOWNLOAD,0.9838584170019102,DOWNLOAD,0.9838584170019102,-1,10136,4.142857142547074,30,10136.0,41992.0,1,29,0.19444444444444445,0.8055555555555556,0.12143731568246988,0,0,0,0,0,0,0,0,0.057499999999999996,0.1,0.0,0.0,0.15,skip,training_upload_trigger_not_confirmed,1785296123.7114668,1785296123711466762,1384791928166545,48.0,53.328125,-1.0,0,0
2026-07-28T23:35:23.714,10.42.0.210,,30,1,DOWNLOAD,0.9,DOWNLOAD,0.9,0,43,3.7142857140179277,27,10136.0,37648.0,1,26,0.21212121212121213,0.7878787878787878,0.22418633506290536,0,0,0,0,0,0,0,0,0.057499999999999996,0.1,0.0,0.0,0.15,skip,training_upload_trigger_not_confirmed,1785296123.7140808,1785296123714080756,1384791930780101,48.0,53.328125,-1.0,0,0
2026-07-28T23:35:23.715,10.42.0.210,,30,1,DOWNLOAD,0.9557926560077417,DOWNLOAD,0.9557926560077417,-1,14480,1.4117647058656253,26,24616.0,34752.0,2,24,0.4146341463414634,0.5853658536585366,0.19515254045056513,0,0,0,0,0,0,0,0,0.057499999999999996,0.1,0.0,0.0,0.15,skip,training_upload_trigger_not_confirmed,1785296123.7153237,1785296123715323523,1384791932022779,48.0,53.328125,-1.0,0,0
2026-07-28T23:35:23.716,10.42.0.210,,30,1,DOWNLOAD,0.9846998846180315,DOWNLOAD,0.9846998846180315,-1,4344,1.1499999999948205,26,28960.0,33304.0,3,23,0.46511627906976744,0.5348837209302325,0.16959391393545745,0,0,0,0,0,0,0,0,0.039999999999999994,0.05,0.0,0.0,0.15,skip,training_upload_trigger_not_confirmed,1785296123.7165189,1785296123716518862,1384791933217726,48.0,53.328125,-1.0,0,0
2026-07-28T23:35:23.720,10.42.0.47,,30,1,DOWNLOAD,0.95,DOWNLOAD,0.95,-1,2896,4.576887660935952,17,17376.0,79528.0,3,14,0.17931148353009163,0.8206885164699084,0.10780793096814197,0,0,0,0,0,0,0,0,0.057499999999999996,0.1,0.0,0.0,0.15,skip,training_upload_trigger_not_confirmed,1785296123.7205694,1785296123720569434,1384791937268429,48.0,53.328125,-1.0,0,0
2026-07-28T23:35:23.722,10.42.0.18,,24,3,UPLOAD,0.9854688349332961,UPLOAD,0.9854688349332961,0,43,1.0,0,0.0,0.0,0,0,0.0,0.0,0.615863894324796,0,0,1,0,0,0,0,0,0.4375,0.05,1.0,0.0,0.8,skip,attack_already_active,1785296123.7226312,1785296123722631190,1384791939329861,48.0,53.328125,-1.0,0,0
2026-07-28T23:35:23.723,10.42.0.18,,25,1,DOWNLOAD,0.95,DOWNLOAD,0.95,-1,10220,9.784735811175661e-11,1,10220.0,0.0,1,0,1.0,0.0,0.8821003651061682,0,0,0,0,0,0,0,0,0.0225,0.0,0.0,0.0,0.15,skip,training_upload_trigger_not_confirmed,1785296123.723776,1785296123723775932,1384791940474964,48.0,53.328125,-1.0,0,0
2026-07-28T23:35:23.724,10.42.0.18,,25,1,DOWNLOAD,0.95,DOWNLOAD,0.95,-1,14600,4.029008863657171e-11,2,24820.0,0.0,2,0,1.0,0.0,0.7660171347662019,0,0,0,0,0,0,0,0,0.0225,0.0,0.0,0.0,0.15,skip,training_upload_trigger_not_confirmed,1785296123.724953,1785296123724952790,1384791941652056,48.0,53.328125,-1.0,0,0
2026-07-28T23:35:23.728,10.42.0.210,,30,1,DOWNLOAD,0.9854895428954357,DOWNLOAD,0.9854895428954357,-1,18824,0.30303030304488887,14,47784.0,14480.0,4,10,0.7674418604651163,0.23255813953488372,0.14882867299297287,0,0,0,0,0,0,0,0,0.0225,0.0,0.0,0.0,0.15,skip,training_upload_trigger_not_confirmed,1785296123.7285311,1785296123728531256,1384791945230372,48.0,53.328125,-1.0,0,0
2026-07-28T23:35:23.729,10.42.0.210,,30,1,DOWNLOAD,0.9855083405864443,DOWNLOAD,0.9855083405864443,-1,1448,0.26470588236787645,14,49232.0,13032.0,5,9,0.7906976744186046,0.20930232558139536,0.1293664008814282,0,0,0,0,0,0,0,0,0.0225,0.0,0.0,0.0,0.15,skip,training_upload_trigger_not_confirmed,1785296123.729666,1785296123729666054,1384791946366138,48.0,53.328125,-1.0,0,0
2026-07-28T23:35:23.731,10.42.0.210,,30,1,DOWNLOAD,0.9855087208476458,DOWNLOAD,0.9855087208476458,-1,14480,0.1818181818310237,14,63712.0,11584.0,6,8,0.8461538461538461,0.15384615384615385,0.11253866323536432,0,0,0,0,0,0,0,0,0.0225,0.0,0.0,0.0,0.15,skip,training_upload_trigger_not_confirmed,1785296123.7313313,1785296123731331340,1384791948030550,48.0,53.328125,-1.0,0,0
2026-07-28T23:35:23.733,10.42.0.210,,30,1,DOWNLOAD,0.9855087261970161,DOWNLOAD,0.9855087261970161,-1,992,0.1566518298844484,14,64704.0,10136.0,7,7,0.864564404061999,0.13543559593800106,0.09797655477781568,0,0,0,0,0,0,0,0,0.0225,0.0,0.0,0.0,0.15,skip,training_upload_trigger_not_confirmed,1785296123.7333622,1785296123733362139,1384791950061292,48.0,53.328125,-1.0,0,0
2026-07-28T23:35:23.735,10.42.0.59,,10,3,UPLOAD,0.9841010226033655,UPLOAD,0.9841010226033655,0,43,1.0,0,0.0,0.0,0,0,0.0,0.0,0.8693231982322498,0,0,1,0,0,0,0,0,0.4375,0.05,1.0,0.0,0.8,skip,attack_already_active,1785296123.7355182,1785296123735518285,1384791952217354,48.0,53.328125,-1.0,0,0
2026-07-28T23:35:23.736,10.42.0.59,,10,1,DOWNLOAD,0.95,DOWNLOAD,0.95,-1,14600,6.84931506802402e-11,1,14600.0,0.0,1,0,1.0,0.0,1.118947632500651,0,0,0,0,0,0,0,0,0.0225,0.0,0.0,0.0,0.15,skip,already_attacked_this_round,1785296123.736725,1785296123736724980,1384791953423679,48.0,53.328125,-1.0,0,0
2026-07-28T23:35:23.737,10.42.0.59,,10,1,DOWNLOAD,0.95,DOWNLOAD,0.95,-1,14600,3.424657534129292e-11,2,29200.0,0.0,2,0,1.0,0.0,0.9716474130623308,0,0,0,0,0,0,0,0,0.0225,0.0,0.0,0.0,0.15,skip,already_attacked_this_round,1785296123.737852,1785296123737852120,1384791954550637,48.0,53.328125,-1.0,0,0
2026-07-28T23:35:23.740,10.42.0.18,,25,1,DOWNLOAD,0.9512306170865766,DOWNLOAD,0.9512306170865766,-1,4380,3.424657534129292e-11,3,29200.0,0.0,3,0,1.0,0.0,0.6671275094741649,0,0,0,0,0,0,0,0,0.0225,0.0,0.0,0.0,0.15,skip,training_upload_trigger_not_confirmed,1785296123.740524,1785296123740524096,1384791957222730,48.0,53.328125,-1.0,0,0
2026-07-28T23:35:23.742,10.42.0.18,,25,1,DOWNLOAD,0.953106203020154,DOWNLOAD,0.953106203020154,-1,14600,2.2831050227789245e-11,4,43800.0,0.0,4,0,1.0,0.0,0.5794999250516001,0,0,0,0,0,0,0,0,0.0225,0.0,0.0,0.0,0.15,skip,training_upload_trigger_not_confirmed,1785296123.74267,1785296123742670112,1384791959368958,48.0,53.328125,-1.0,0,0
2026-07-28T23:35:23.746,10.42.0.59,,10,1,DOWNLOAD,0.95,DOWNLOAD,0.95,-1,23360,1.9025875189896766e-11,3,52560.0,0.0,3,0,1.0,0.0,0.8447792354597894,0,0,0,0,0,0,0,0,0.0225,0.0,0.0,0.0,0.15,skip,already_attacked_this_round,1785296123.746732,1785296123746731936,1384791963430791,48.0,53.328125,-1.0,0,0
2026-07-28T23:35:23.747,10.42.0.47,,30,1,DOWNLOAD,0.95,DOWNLOAD,0.95,-1,1448,4.224819379344197,18,18824.0,79528.0,4,14,0.19139417602082318,0.8086058239791768,0.09720150742906843,0,0,0,0,0,0,0,0,0.057499999999999996,0.1,0.0,0.0,0.15,skip,training_upload_trigger_not_confirmed,1785296123.747888,1785296123747888052,1384791964586760,48.0,53.328125,-1.0,0,0
2026-07-28T23:35:23.757,10.42.0.47,,30,1,DOWNLOAD,0.95,DOWNLOAD,0.95,-1,14480,2.387941388380136,19,33304.0,79528.0,5,14,0.29516449234259784,0.7048355076574021,0.08565188599777976,0,0,0,0,0,0,0,0,0.057499999999999996,0.1,0.0,0.0,0.15,skip,training_upload_trigger_not_confirmed,1785296123.7574427,1785296123757442780,1384791974141576,48.0,53.328125,-1.0,0,0
2026-07-28T23:35:23.758,10.42.0.47,,30,1,DOWNLOAD,0.95,DOWNLOAD,0.95,-1,14480,1.6643227858558445,20,47784.0,79528.0,6,14,0.37532989820284024,0.6246701017971598,0.07448190158143161,0,0,0,0,0,0,0,0,0.057499999999999996,0.1,0.0,0.0,0.15,skip,training_upload_trigger_not_confirmed,1785296123.7583287,1785296123758328519,1384791975027523,48.0,53.328125,-1.0,0,0
2026-07-28T23:35:23.762,10.42.0.47,,30,1,DOWNLOAD,0.95,DOWNLOAD,0.95,-1,2896,1.5692186266659585,21,50680.0,79528.0,7,14,0.3892233964118948,0.6107766035881051,0.06516496139732658,0,0,0,0,0,0,0,0,0.057499999999999996,0.1,0.0,0.0,0.15,skip,training_upload_trigger_not_confirmed,1785296123.762107,1785296123762106972,1384791978805080,48.0,53.328125,-1.0,0,0
2026-07-28T23:35:23.765,10.42.0.47,,30,1,DOWNLOAD,0.96301697372219,DOWNLOAD,0.96301697372219,-1,5792,1.408273126497941,22,56472.0,79528.0,8,14,0.41523529411764704,0.584764705882353,0.05702093255129784,0,0,0,0,0,0,0,0,0.057499999999999996,0.1,0.0,0.0,0.15,skip,training_upload_trigger_not_confirmed,1785296123.765469,1785296123765469144,1384791982167955,48.0,53.328125,-1.0,0,0
2026-07-28T23:35:23.766,10.42.0.47,,30,1,DOWNLOAD,0.9792041932526785,DOWNLOAD,0.9792041932526785,-1,5792,1.2772709751979108,23,62264.0,79528.0,9,14,0.4391220943353645,0.5608779056646355,0.04960524050209171,0,0,0,0,0,0,0,0,0.057499999999999996,0.1,0.0,0.0,0.15,skip,training_upload_trigger_not_confirmed,1785296123.7662144,1785296123766214395,1384791982912658,48.0,53.328125,-1.0,0,0
2026-07-28T23:35:23.766,10.42.0.47,,30,1,DOWNLOAD,0.9828592215205413,DOWNLOAD,0.9828592215205413,-1,2896,1.220503376301097,24,65160.0,79528.0,10,14,0.4503483357292934,0.5496516642707067,0.043159584147554865,0,0,0,0,0,0,0,0,0.057499999999999996,0.1,0.0,0.0,0.15,skip,training_upload_trigger_not_confirmed,1785296123.7669053,1785296123766905382,1384791983603857,48.0,53.328125,-1.0,0,0
2026-07-28T23:35:23.767,10.42.0.47,,30,1,DOWNLOAD,0.9837911965607214,DOWNLOAD,0.9837911965607214,-1,7240,1.0984530386726734,25,72400.0,79528.0,11,14,0.4765415196672108,0.5234584803327892,0.03756367774490371,0,0,0,0,0,0,0,0,0.039999999999999994,0.05,0.0,0.0,0.15,skip,training_upload_trigger_not_confirmed,1785296123.767599,1785296123767599063,1384791984297163,48.0,53.328125,-1.0,0,0
2026-07-28T23:35:23.768,10.42.0.47,,30,1,DOWNLOAD,0.9841049220214586,DOWNLOAD,0.9841049220214586,-1,6801,1.0041287357482338,26,79201.0,79528.0,12,14,0.49896994248058013,0.5010300575194199,0.03270322105198709,0,0,0,0,0,0,0,0,0.039999999999999994,0.05,0.0,0.0,0.15,skip,training_upload_trigger_not_confirmed,1785296123.7682781,1785296123768278025,1384791984976071,48.0,53.328125,-1.0,0,0
2026-07-28T23:35:24.040,10.42.0.145,,14,2,TRAINING,0.95,TRAINING,0.95,1,64240,1.4666666666560122,5,43800.0,64240.0,4,1,0.40540540540540543,0.5945945945945946,0.727048579213763,0,0,0,0,1,0,0,0,0.4525,1.0,0.0,0.4,0.15,skip,training_upload_trigger_not_confirmed,1785296124.0407221,1785296124040722270,1384792257422207,48.0,53.328125,-1.0,0,0
2026-07-28T23:35:24.042,10.42.0.145,,14,3,UPLOAD,0.95,UPLOAD,0.95,1,6529,1.615730593593248,6,43800.0,70769.0,4,2,0.38230236800530687,0.6176976319946932,0.6315124863343615,0,0,0,1,1,1,1,1,0.9299999999999999,1.0,1.0,0.8,0.8,trigger,training_upload_trigger_confirmed,1785296124.0427737,1785296124042773837,1384792259473468,48.0,53.328125,12.837372,1785296124055613441,1384792272310840
2026-07-28T23:35:24.044,10.42.0.1,,30,2,TRAINING,0.95,TRAINING,0.95,1,7240,0.34292399140262214,32,253024.0,86768.0,22,10,0.744643782078448,0.255356217921552,0.04836351352450019,0,0,0,0,1,0,0,0,0.4525,1.0,0.0,0.4,0.15,skip,training_upload_trigger_not_confirmed,1785296124.044889,1785296124044889005,1384792261588759,48.0,53.328125,-1.0,0,0
2026-07-28T23:35:24.046,10.42.0.1,10.42.0.1,30,3,UPLOAD,0.95,UPLOAD,0.95,1,7240,0.37153787783225484,33,253024.0,94008.0,22,11,0.7291085548306785,0.27089144516932157,0.04219282863764121,1,0,0,0,1,0,0,0,0.85,1.0,1.0,0.4,0.8,trigger,training_upload_trigger_confirmed,1785296124.0464249,1785296124046424711,1384792263125383,48.0,53.328125,23.368766,1785296124069796879,1384792286494149
2026-07-28T23:35:24.048,10.42.0.1,10.42.0.1,30,3,UPLOAD,0.95,UPLOAD,0.95,1,14480,0.4287656506915203,34,253024.0,108488.0,22,12,0.6999048440992277,0.3000951559007723,0.03690685149691164,1,0,1,1,1,1,1,1,0.85,1.0,1.0,0.4,0.8,skip,attack_already_active,1785296124.0485039,1785296124048503684,1384792265203314,48.0,53.328125,-1.0,0,0
2026-07-28T23:35:24.049,10.42.0.1,10.42.0.1,30,3,UPLOAD,0.95,UPLOAD,0.95,1,14480,0.4859934235507857,35,253024.0,122968.0,22,13,0.6729504883082619,0.3270495116917381,0.03222676033399796,1,0,1,1,1,1,1,1,0.9699999999999999,1.0,1.0,1.0,0.8,skip,attack_already_active,1785296124.0498948,1785296124049894937,1384792266594346,48.0,53.328125,-1.0,0,0
2026-07-28T23:35:24.051,10.42.0.1,10.42.0.1,30,3,UPLOAD,0.8961032573730117,UPLOAD,0.8961032573730117,0,43,0.4859934235507857,35,253024.0,122968.0,22,13,0.6729504883082619,0.3270495116917381,0.06629581990514466,1,0,1,1,1,1,1,1,0.8025,0.7500000000000001,1.0,0.6000000000000001,0.8,skip,attack_already_active,1785296124.0511463,1785296124051146226,1384792267845102,48.0,53.328125,-1.0,0,0
2026-07-28T23:35:24.055,10.42.0.1,10.42.0.1,30,3,UPLOAD,0.95,UPLOAD,0.95,1,14480,0.5432211964100512,36,253024.0,137448.0,22,14,0.6479952467782581,0.3520047532217419,0.058323576684695996,1,0,1,1,1,1,1,1,0.9699999999999999,1.0,1.0,1.0,0.8,skip,attack_already_active,1785296124.0556915,1785296124055691618,1384792272390500,48.0,53.328125,-1.0,0,0
2026-07-28T23:35:24.056,10.42.0.1,10.42.0.1,30,3,UPLOAD,0.95,UPLOAD,0.95,1,14480,0.6004489692693166,37,253024.0,151928.0,22,15,0.6248246705782414,0.37517532942175863,0.05080292871025052,1,0,1,1,1,1,1,1,0.9699999999999999,1.0,1.0,1.0,0.8,skip,attack_already_active,1785296124.056943,1785296124056942904,1384792273641694,48.0,53.328125,-1.0,0,0
2026-07-28T23:35:24.059,10.42.0.1,10.42.0.1,30,3,UPLOAD,0.95,UPLOAD,0.95,1,7129,0.628624162136285,38,253024.0,159057.0,22,16,0.6140152057483844,0.3859847942516156,0.044431874157262644,1,0,1,1,1,1,1,1,0.9699999999999999,1.0,1.0,1.0,0.8,skip,attack_already_active,1785296124.0593977,1785296124059397703,1384792276096891,48.0,53.328125,-1.0,0,0
2026-07-28T23:35:24.063,10.42.0.59,10.42.0.1,10,2,TRAINING,0.95,TRAINING,0.95,1,64240,1.2222222222179941,4,52560.0,64240.0,3,1,0.45,0.55,0.7766559583769794,0,0,0,0,1,0,0,0,0.4525,1.0,0.0,0.4,0.15,skip,already_attacked_this_round,1785296124.0633287,1785296124063328886,1384792280027897,48.0,53.328125,-1.0,0,0
2026-07-28T23:35:24.065,10.42.0.1,10.42.0.1,30,3,UPLOAD,0.95,UPLOAD,0.95,1,14480,0.6858519349955504,39,253024.0,173537.0,22,17,0.5931719027290352,0.40682809727096475,0.03932682282898825,1,0,1,1,1,1,1,1,0.9699999999999999,1.0,1.0,1.0,0.8,skip,attack_already_active,1785296124.0650887,1785296124065088765,1384792281787507,48.0,53.328125,-1.0,0,0
2026-07-28T23:35:24.066,10.42.0.1,10.42.0.1,30,3,UPLOAD,0.95,UPLOAD,0.95,1,14480,0.7430797078548158,40,253024.0,188017.0,22,18,0.5736972299627472,0.42630277003725275,0.03437955440403939,1,0,1,1,1,1,1,1,0.9699999999999999,1.0,1.0,1.0,0.8,skip,attack_already_active,1785296124.0668721,1785296124066872068,1384792283570600,48.0,53.328125,-1.0,0,0
2026-07-28T23:35:24.068,10.42.0.1,10.42.0.1,30,3,UPLOAD,0.95,UPLOAD,0.95,1,14480,0.8003074807140812,41,253024.0,202497.0,22,19,0.555460670309382,0.444539329690618,0.030079842617793916,1,0,1,1,1,1,1,1,0.9699999999999999,1.0,1.0,1.0,0.8,skip,attack_already_active,1785296124.0686224,1785296124068622216,1384792285321026,48.0,53.328125,-1.0,0,0
2026-07-28T23:35:24.070,10.42.0.1,10.42.0.1,30,3,UPLOAD,0.95,UPLOAD,0.95,1,7128,0.8284787213867915,42,253024.0,209625.0,22,20,0.5469027275537178,0.4530972724462822,0.02637119728629497,1,0,1,1,1,1,1,1,0.9699999999999999,1.0,1.0,1.0,0.8,skip,attack_already_active,1785296124.0705583,1785296124070558260,1384792287257745,48.0,53.328125,-1.0,0,0
2026-07-28T23:35:24.147,10.42.0.18,10.42.0.1,25,2,TRAINING,0.95,TRAINING,0.95,1,58400,1.333333333325723,5,43800.0,58400.0,4,1,0.42857142857142855,0.5714285714285714,0.5591039205107797,0,0,0,0,1,1,0,0,0.5725,1.0,0.0,1.0,0.15,skip,training_upload_trigger_not_confirmed,1785296124.1473515,1785296124147351523,1384792364050882,48.0,53.328125,-1.0,0,0
2026-07-28T23:35:24.148,10.42.0.18,10.42.0.1,25,3,UPLOAD,0.95,UPLOAD,0.95,1,21128,1.815707762538454,6,43800.0,79528.0,4,2,0.35515049299429163,0.6448495070057083,0.4855942455262844,0,0,0,1,1,1,1,1,0.9699999999999999,1.0,1.0,1.0,0.8,trigger,training_upload_trigger_confirmed,1785296124.1486108,1785296124148610766,1384792365309563,48.0,53.328125,11.334682,1785296124159946943,1384792376644245
2026-07-28T23:35:24.150,10.42.0.1,10.42.0.1,30,3,UPLOAD,0.95,UPLOAD,0.95,1,7240,0.8570926078164242,43,253024.0,216865.0,22,21,0.5384761081872528,0.4615238918127473,0.026438404989187585,1,0,1,1,1,1,1,1,0.9699999999999999,1.0,1.0,1.0,0.8,skip,attack_already_active,1785296124.1503196,1785296124150319663,1384792367018534,48.0,53.328125,-1.0,0,0
2026-07-28T23:35:24.151,10.42.0.1,10.42.0.1,30,3,UPLOAD,0.95,UPLOAD,0.95,1,7240,0.8857064942460569,44,253024.0,224105.0,22,22,0.5303052214390658,0.4696947785609343,0.02311026608996989,1,0,1,1,1,1,1,1,0.9699999999999999,1.0,1.0,1.0,0.8,skip,attack_already_active,1785296124.1515017,1785296124151501505,1384792368200372,48.0,53.328125,-1.0,0,0
2026-07-28T23:35:24.153,10.42.0.1,10.42.0.1,30,3,UPLOAD,0.6851680678714495,UPLOAD,0.6851680678714495,0,43,0.8857064942460569,44,253024.0,224105.0,22,22,0.5303052214390658,0.4696947785609343,0.03350532168526706,1,0,1,1,1,1,1,1,0.8200000000000001,0.8000000000000002,1.0,0.6000000000000001,0.8,skip,attack_already_active,1785296124.1531417,1785296124153141735,1384792369840572,48.0,53.328125,-1.0,0,0
2026-07-28T23:35:24.154,10.42.0.1,10.42.0.1,30,3,UPLOAD,0.95,UPLOAD,0.95,1,14480,0.9429342671053222,45,253024.0,238585.0,22,23,0.5146854512427559,0.48531454875724406,0.029463541070089656,1,0,1,1,1,1,1,1,0.9699999999999999,1.0,1.0,1.0,0.8,skip,attack_already_active,1785296124.154335,1785296124154334966,1384792371033441,48.0,53.328125,-1.0,0,0
2026-07-28T23:35:24.155,10.42.0.1,10.42.0.1,30,3,UPLOAD,0.95,UPLOAD,0.95,1,14480,1.0001620399645876,46,253024.0,253065.0,22,24,0.49995949329070577,0.5000405067092942,0.02573478716945951,1,0,1,1,1,1,1,1,0.9699999999999999,1.0,1.0,1.0,0.8,skip,attack_already_active,1785296124.155502,1785296124155501965,1384792372200808,48.0,53.328125,-1.0,0,0
2026-07-28T23:35:24.159,10.42.0.1,10.42.0.1,30,3,UPLOAD,0.95,UPLOAD,0.95,1,21720,1.0860036992534858,47,253024.0,274785.0,22,25,0.4793855352978066,0.5206144647021934,0.022836885139604312,1,0,1,1,1,1,1,1,0.9699999999999999,1.0,1.0,1.0,0.8,skip,attack_already_active,1785296124.1592455,1785296124159245480,1384792375944399,48.0,53.328125,-1.0,0,0
2026-07-28T23:35:24.160,10.42.0.1,10.42.0.1,30,3,UPLOAD,0.95,UPLOAD,0.95,1,7240,1.1146175856831184,48,253024.0,282025.0,22,26,0.4728987438533667,0.5271012561466333,0.019983051848058882,1,0,1,1,1,1,1,1,0.9699999999999999,1.0,1.0,1.0,0.8,skip,attack_already_active,1785296124.1604254,1785296124160425481,1384792377124005,48.0,53.328125,-1.0,0,0
2026-07-28T23:35:24.161,10.42.0.1,10.42.0.1,30,3,UPLOAD,0.95,UPLOAD,0.95,1,7128,1.1427888263558288,49,253024.0,289153.0,22,27,0.46668154495672076,0.5333184550432792,0.017498871756266677,1,0,1,1,1,1,1,1,0.9699999999999999,1.0,1.0,1.0,0.8,skip,attack_already_active,1785296124.1615567,1785296124161556807,1384792378255521,48.0,53.328125,-1.0,0,0
2026-07-28T23:35:24.813,10.42.0.47,10.42.0.1|10.42.0.47,30,3,UPLOAD,0.95,UPLOAD,0.95,1,7240,100.0,1,0.0,7240.0,0,1,0.0,1.0,0.1748331038189154,1,0,0,1,1,1,1,1,0.9699999999999999,1.0,1.0,1.0,0.8,trigger,training_upload_trigger_confirmed,1785296124.8135827,1785296124813582575,1384793030282083,69.1,53.33203125,8.033211,1785296124821617997,1384793038315294
2026-07-28T23:35:24.814,10.42.0.47,10.42.0.1|10.42.0.47,30,3,UPLOAD,0.95,UPLOAD,0.95,1,1448,100.0,2,0.0,8688.0,0,2,0.0,1.0,0.15196271079827206,1,0,1,1,1,1,1,1,0.9699999999999999,1.0,1.0,1.0,0.8,skip,attack_already_active,1785296124.8148587,1785296124814858792,1384793031557749,69.1,53.33203125,-1.0,0,0
2026-07-28T23:35:24.816,10.42.0.47,10.42.0.1|10.42.0.47,30,3,UPLOAD,0.95,UPLOAD,0.95,1,5792,100.0,3,0.0,14480.0,0,3,0.0,1.0,0.13217780919688485,1,0,1,1,1,1,1,1,0.9699999999999999,1.0,1.0,1.0,0.8,skip,attack_already_active,1785296124.8166792,1785296124816679240,1384793033378430,69.1,53.33203125,-1.0,0,0
2026-07-28T23:35:24.818,10.42.0.47,10.42.0.1|10.42.0.47,30,3,UPLOAD,0.95,UPLOAD,0.95,1,8688,100.0,4,0.0,23168.0,0,4,0.0,1.0,0.1149799138883228,1,0,1,1,1,1,1,1,0.9699999999999999,1.0,1.0,1.0,0.8,skip,attack_already_active,1785296124.818347,1785296124818346917,1384793035046141,69.1,53.33203125,-1.0,0,0
2026-07-28T23:35:24.820,10.42.0.47,10.42.0.1|10.42.0.47,30,3,UPLOAD,0.95,UPLOAD,0.95,1,2896,100.0,5,0.0,26064.0,0,5,0.0,1.0,0.10011738055785332,1,0,1,1,1,1,1,1,0.9699999999999999,1.0,1.0,1.0,0.8,skip,attack_already_active,1785296124.8205392,1785296124820539254,1384793037238349,69.1,53.33203125,-1.0,0,0
2026-07-28T23:35:24.821,10.42.0.47,10.42.0.1|10.42.0.47,30,3,UPLOAD,0.95,UPLOAD,0.95,1,5792,100.0,6,0.0,31856.0,0,6,0.0,1.0,0.08707831732588352,1,0,1,1,1,1,1,1,0.9699999999999999,1.0,1.0,1.0,0.8,skip,attack_already_active,1785296124.8217068,1785296124821706728,1384793038405437,69.1,53.33203125,-1.0,0,0
2026-07-28T23:35:24.822,10.42.0.47,10.42.0.1|10.42.0.47,30,3,UPLOAD,0.95,UPLOAD,0.95,1,1448,100.0,7,0.0,33304.0,0,7,0.0,1.0,0.07575357395707452,1,0,1,1,1,1,1,1,0.9699999999999999,1.0,1.0,1.0,0.8,skip,attack_already_active,1785296124.8228447,1785296124822844722,1384793039543302,69.1,53.33203125,-1.0,0,0
2026-07-28T23:35:24.824,10.42.0.47,10.42.0.1|10.42.0.47,30,3,UPLOAD,0.95,UPLOAD,0.95,1,10136,100.0,8,0.0,43440.0,0,8,0.0,1.0,0.06598796761323086,1,0,1,1,1,1,1,1,0.9699999999999999,1.0,1.0,1.0,0.8,skip,attack_already_active,1785296124.8244898,1785296124824489759,1384793041188806,69.1,53.33203125,-1.0,0,0
2026-07-28T23:35:24.826,10.42.0.47,10.42.0.1|10.42.0.47,30,3,UPLOAD,0.95,UPLOAD,0.95,1,10136,100.0,9,0.0,53576.0,0,9,0.0,1.0,0.05754569455388525,1,0,1,1,1,1,1,1,0.9699999999999999,1.0,1.0,1.0,0.8,skip,attack_already_active,1785296124.8264117,1785296124826411898,1384793043113548,69.1,53.33203125,-1.0,0,0
2026-07-28T23:35:24.828,10.42.0.47,10.42.0.1|10.42.0.47,30,3,UPLOAD,0.95,UPLOAD,0.95,1,7240,100.0,10,0.0,60816.0,0,10,0.0,1.0,0.050226485233597226,1,0,1,1,1,1,1,1,0.9699999999999999,1.0,1.0,1.0,0.8,skip,attack_already_active,1785296124.828414,1785296124828413877,1384793045113921,20.0,53.33203125,-1.0,0,0
2026-07-28T23:35:24.829,10.42.0.47,10.42.0.1|10.42.0.47,30,3,UPLOAD,0.95,UPLOAD,0.95,1,2896,100.0,11,0.0,63712.0,0,11,0.0,1.0,0.043811502103706886,1,0,1,1,1,1,1,1,0.9699999999999999,1.0,1.0,1.0,0.8,skip,attack_already_active,1785296124.829959,1785296124829959023,1384793046658105,20.0,53.33203125,-1.0,0,0
2026-07-28T23:35:24.832,10.42.0.47,10.42.0.1|10.42.0.47,30,3,UPLOAD,0.95,UPLOAD,0.95,1,4344,100.0,12,0.0,68056.0,0,12,0.0,1.0,0.03836111072823143,1,0,1,1,1,1,1,1,0.9699999999999999,1.0,1.0,1.0,0.8,skip,attack_already_active,1785296124.832409,1785296124832408896,1384793049109279,20.0,53.33203125,-1.0,0,0
2026-07-28T23:35:24.834,10.42.0.47,10.42.0.1|10.42.0.47,30,3,UPLOAD,0.95,UPLOAD,0.95,1,10136,100.0,13,0.0,78192.0,0,13,0.0,1.0,0.03356651524498419,1,0,1,1,1,1,1,1,0.9699999999999999,1.0,1.0,1.0,0.8,skip,attack_already_active,1785296124.8343852,1785296124834385161,1384793051084484,20.0,53.33203125,-1.0,0,0
2026-07-28T23:35:24.836,10.42.0.47,10.42.0.1|10.42.0.47,30,3,UPLOAD,0.95,UPLOAD,0.95,1,1336,100.0,14,0.0,79528.0,0,14,0.0,1.0,0.029397975635458512,1,0,1,1,1,1,1,1,0.9699999999999999,1.0,1.0,1.0,0.8,skip,attack_already_active,1785296124.8363178,1785296124836317690,1384793053016654,20.0,53.33203125,-1.0,0,0
2026-07-28T23:35:24.837,10.42.0.1,10.42.0.1|10.42.0.47,30,3,UPLOAD,0.9639619403238474,UPLOAD,0.9639619403238474,1,7240,100.0,19,0.0,216865.0,0,19,0.0,1.0,0.09834030624952057,1,0,1,1,1,1,1,1,0.9699999999999999,1.0,1.0,1.0,0.8,skip,attack_already_active,1785296124.8374665,1785296124837466470,1384793054165181,20.0,53.33203125,-1.0,0,0
2026-07-28T23:35:24.838,10.42.0.1,10.42.0.1|10.42.0.47,30,3,UPLOAD,0.9818140480267938,UPLOAD,0.9818140480267938,1,7240,100.0,20,0.0,224105.0,0,20,0.0,1.0,0.0855315202728077,1,0,1,1,1,1,1,1,0.9699999999999999,1.0,1.0,1.0,0.8,skip,attack_already_active,1785296124.8386045,1785296124838604507,1384793055303038,20.0,53.33203125,-1.0,0,0
2026-07-28T23:35:24.855,10.42.0.1,10.42.0.1|10.42.0.47,30,3,UPLOAD,0.9829312253429118,UPLOAD,0.9829312253429118,1,1448,100.0,21,0.0,225553.0,0,21,0.0,1.0,0.07643775542992474,1,0,1,1,1,1,1,1,0.9699999999999999,1.0,1.0,1.0,0.8,skip,attack_already_active,1785296124.855126,1785296124855125997,1384793071825434,20.0,53.33203125,-1.0,0,0
2026-07-28T23:35:24.949,10.42.0.1,10.42.0.1|10.42.0.47,30,3,UPLOAD,0.9835424962315589,UPLOAD,0.9835424962315589,1,14480,100.0,22,0.0,240033.0,0,22,0.0,1.0,0.07874778283985877,1,0,1,1,1,1,1,1,0.9699999999999999,1.0,1.0,1.0,0.8,skip,attack_already_active,1785296124.9490938,1785296124949093862,1384793165793036,20.0,53.33203125,-1.0,0,0
2026-07-28T23:35:24.950,10.42.0.1,10.42.0.1|10.42.0.47,30,3,UPLOAD,0.9840933486950485,UPLOAD,0.9840933486950485,1,14480,100.0,23,0.0,254513.0,0,23,0.0,1.0,0.06852402722826813,1,0,1,1,1,1,1,1,0.9699999999999999,1.0,1.0,1.0,0.8,skip,attack_already_active,1785296124.9502563,1785296124950256365,1384793166954835,20.0,53.33203125,-1.0,0,0
2026-07-28T23:35:24.951,10.42.0.1,10.42.0.1|10.42.0.47,30,3,UPLOAD,0.9846062252790448,UPLOAD,0.9846062252790448,1,14480,100.0,24,0.0,268993.0,0,24,0.0,1.0,0.05970421013571527,1,0,1,1,1,1,1,1,0.9699999999999999,1.0,1.0,1.0,0.8,skip,attack_already_active,1785296124.9518492,1785296124951849314,1384793168548071,20.0,53.33203125,-1.0,0,0
2026-07-28T23:35:24.953,10.42.0.1,10.42.0.1|10.42.0.47,30,3,UPLOAD,0.9850748488268462,UPLOAD,0.9850748488268462,1,18824,100.0,25,0.0,287817.0,0,25,0.0,1.0,0.05211111984508291,1,0,1,1,1,1,1,1,0.9699999999999999,1.0,1.0,1.0,0.8,skip,attack_already_active,1785296124.9539316,1785296124953931485,1384793170630112,20.0,53.33203125,-1.0,0,0
2026-07-28T23:35:24.955,10.42.0.1,10.42.0.1|10.42.0.47,30,3,UPLOAD,0.9854730997980489,UPLOAD,0.9854730997980489,1,1336,100.0,26,0.0,289153.0,0,26,0.0,1.0,0.04544895243722494,1,0,1,1,1,1,1,1,0.9699999999999999,1.0,1.0,1.0,0.8,skip,attack_already_active,1785296124.9554853,1785296124955485463,1384793172184115,20.0,53.33203125,-1.0,0,0
2026-07-28T23:35:25.565,10.42.0.1,10.42.0.1|10.42.0.47,30,3,UPLOAD,0.9734861814937962,UPLOAD,0.9734861814937962,0,43,100.0,8,0.0,79528.0,0,8,0.0,1.0,0.225519984950101,1,0,1,0,0,0,0,0,0.45499999999999996,0.1,1.0,0.0,0.8,skip,attack_already_active,1785296125.5651,1785296125565100024,1384793781799071,18.8,53.33203125,-1.0,0,0
2026-07-28T23:35:25.623,10.42.0.210,10.42.0.1|10.42.0.210|10.42.0.47,30,3,UPLOAD,0.95,UPLOAD,0.95,1,1448,100.0,1,0.0,1448.0,0,1,0.0,1.0,0.33664719963349526,1,0,0,1,1,1,1,1,0.9525,0.95,1.0,1.0,0.8,trigger,training_upload_trigger_confirmed,1785296125.623263,1785296125623262970,1384793839961788,18.8,53.33203125,10.79271,1785296125634057229,1384793850754498
2026-07-28T23:35:25.624,10.42.0.210,10.42.0.1|10.42.0.210|10.42.0.47,30,3,UPLOAD,0.9841010226033655,UPLOAD,0.9841010226033655,1,1448,100.0,2,0.0,2896.0,0,2,0.0,1.0,0.2924301513134093,1,0,1,1,1,1,1,1,0.9699999999999999,1.0,1.0,1.0,0.8,skip,attack_already_active,1785296125.6243591,1785296125624359097,1384793841064269,18.8,53.33203125,-1.0,0,0
2026-07-28T23:35:25.626,10.42.0.210,10.42.0.1|10.42.0.210|10.42.0.47,30,3,UPLOAD,0.9854688349332961,UPLOAD,0.9854688349332961,1,1448,100.0,3,0.0,4344.0,0,3,0.0,1.0,0.25412407415021754,1,0,1,1,1,1,1,1,0.9699999999999999,1.0,1.0,1.0,0.8,skip,attack_already_active,1785296125.626095,1785296125626095163,1384793842794060,18.8,53.33203125,-1.0,0,0
2026-07-28T23:35:25.627,10.42.0.210,10.42.0.1|10.42.0.210|10.42.0.47,30,3,UPLOAD,0.9855076450773014,UPLOAD,0.9855076450773014,1,1448,100.0,4,0.0,5792.0,0,4,0.0,1.0,0.220774869182243,1,0,1,1,1,1,1,1,0.9699999999999999,1.0,1.0,1.0,0.8,skip,attack_already_active,1785296125.6271412,1785296125627141233,1384793843839784,18.8,53.33203125,-1.0,0,0
2026-07-28T23:35:25.628,10.42.0.210,10.42.0.1|10.42.0.210|10.42.0.47,30,3,UPLOAD,0.9855086980780915,UPLOAD,0.9855086980780915,1,1448,100.0,5,0.0,7240.0,0,5,0.0,1.0,0.1918797426935811,1,0,1,1,1,1,1,1,0.9699999999999999,1.0,1.0,1.0,0.8,skip,attack_already_active,1785296125.628639,1785296125628638971,1384793845337320,18.8,53.33203125,-1.0,0,0
2026-07-28T23:35:25.629,10.42.0.210,10.42.0.1|10.42.0.210|10.42.0.47,30,3,UPLOAD,0.9855087254685951,UPLOAD,0.9855087254685951,1,1448,100.0,6,0.0,8688.0,0,6,0.0,1.0,0.16675967622008273,1,0,1,1,1,1,1,1,0.9699999999999999,1.0,1.0,1.0,0.8,skip,attack_already_active,1785296125.6298895,1785296125629889465,1384793846588012,18.8,53.33203125,-1.0,0,0
2026-07-28T23:35:25.631,10.42.0.210,10.42.0.1|10.42.0.210|10.42.0.47,30,3,UPLOAD,0.9855087261493067,UPLOAD,0.9855087261493067,1,1448,100.0,7,0.0,10136.0,0,7,0.0,1.0,0.14501394765948628,1,0,1,1,1,1,1,1,0.9699999999999999,1.0,1.0,1.0,0.8,skip,attack_already_active,1785296125.6316268,1785296125631626828,1384793848326054,18.8,53.33203125,-1.0,0,0
2026-07-28T23:35:25.632,10.42.0.210,10.42.0.1|10.42.0.210|10.42.0.47,30,3,UPLOAD,0.9855087261653082,UPLOAD,0.9855087261653082,1,1448,100.0,8,0.0,11584.0,0,8,0.0,1.0,0.1260555213991519,1,0,1,1,1,1,1,1,0.9699999999999999,1.0,1.0,1.0,0.8,skip,attack_already_active,1785296125.6327705,1785296125632770680,1384793849469216,18.8,53.33203125,-1.0,0,0
2026-07-28T23:35:25.634,10.42.0.210,10.42.0.1|10.42.0.210|10.42.0.47,30,3,UPLOAD,0.985508726165656,UPLOAD,0.985508726165656,1,1448,100.0,9,0.0,13032.0,0,9,0.0,1.0,0.10966049154518112,1,0,1,1,1,1,1,1,0.9699999999999999,1.0,1.0,1.0,0.8,skip,attack_already_active,1785296125.6344087,1785296125634408750,1384793851107416,18.8,53.33203125,-1.0,0,0
2026-07-28T23:35:25.635,10.42.0.210,10.42.0.1|10.42.0.210|10.42.0.47,30,3,UPLOAD,0.9855087261656625,UPLOAD,0.9855087261656625,1,1448,100.0,10,0.0,14480.0,0,10,0.0,1.0,0.09537538873054463,1,0,1,1,1,1,1,1,0.9699999999999999,1.0,1.0,1.0,0.8,skip,attack_already_active,1785296125.6356635,1785296125635663551,1384793852363011,18.8,53.33203125,-1.0,0,0
2026-07-28T23:35:25.637,10.42.0.210,10.42.0.1|10.42.0.210|10.42.0.47,30,3,UPLOAD,0.95,UPLOAD,0.95,1,1448,100.0,11,0.0,15928.0,0,11,0.0,1.0,0.08301259795252774,1,0,1,1,1,1,1,1,0.9699999999999999,1.0,1.0,1.0,0.8,skip,attack_already_active,1785296125.637221,1785296125637221070,1384793853919613,18.8,53.33203125,-1.0,0,0
2026-07-28T23:35:25.638,10.42.0.210,10.42.0.1|10.42.0.210|10.42.0.47,30,3,UPLOAD,0.95,UPLOAD,0.95,1,1448,100.0,12,0.0,17376.0,0,12,0.0,1.0,0.07220334831874349,1,0,1,1,1,1,1,1,0.9699999999999999,1.0,1.0,1.0,0.8,skip,attack_already_active,1785296125.6382053,1785296125638205296,1384793854903577,18.8,53.33203125,-1.0,0,0
2026-07-28T23:35:25.640,10.42.0.210,10.42.0.1|10.42.0.210|10.42.0.47,30,3,UPLOAD,0.95,UPLOAD,0.95,1,1448,100.0,13,0.0,18824.0,0,13,0.0,1.0,0.06293667437926104,1,0,1,1,1,1,1,1,0.9699999999999999,1.0,1.0,1.0,0.8,skip,attack_already_active,1785296125.6400864,1785296125640086439,1384793856784909,18.8,53.33203125,-1.0,0,0
2026-07-28T23:35:25.641,10.42.0.210,10.42.0.1|10.42.0.210|10.42.0.47,30,3,UPLOAD,0.95,UPLOAD,0.95,1,1448,100.0,14,0.0,20272.0,0,14,0.0,1.0,0.05478520314507361,1,0,1,1,1,1,1,1,0.9699999999999999,1.0,1.0,1.0,0.8,skip,attack_already_active,1785296125.6411638,1785296125641163845,1384793857862330,18.8,53.33203125,-1.0,0,0
2026-07-28T23:35:25.642,10.42.0.210,10.42.0.1|10.42.0.210|10.42.0.47,30,3,UPLOAD,0.95,UPLOAD,0.95,1,1448,100.0,15,0.0,21720.0,0,15,0.0,1.0,0.047784577775218946,1,0,1,1,1,1,1,1,0.9699999999999999,1.0,1.0,1.0,0.8,skip,attack_already_active,1785296125.6428232,1785296125642823150,1384793859521743,18.8,53.33203125,-1.0,0,0
2026-07-28T23:35:25.643,10.42.0.210,10.42.0.1|10.42.0.210|10.42.0.47,30,3,UPLOAD,0.95,UPLOAD,0.95,1,1448,100.0,16,0.0,23168.0,0,16,0.0,1.0,0.04161946108807909,1,0,1,1,1,1,1,1,0.9699999999999999,1.0,1.0,1.0,0.8,skip,attack_already_active,1785296125.6438224,1785296125643822323,1384793860521024,18.8,53.33203125,-1.0,0,0
2026-07-28T23:35:25.645,10.42.0.210,10.42.0.1|10.42.0.210|10.42.0.47,30,3,UPLOAD,0.95,UPLOAD,0.95,1,1448,100.0,17,0.0,24616.0,0,17,0.0,1.0,0.036356791879695344,1,0,1,1,1,1,1,1,0.9699999999999999,1.0,1.0,1.0,0.8,skip,attack_already_active,1785296125.645505,1785296125645504993,1384793862203627,18.8,53.33203125,-1.0,0,0
2026-07-28T23:35:25.646,10.42.0.210,10.42.0.1|10.42.0.210|10.42.0.47,30,3,UPLOAD,0.95,UPLOAD,0.95,1,1448,100.0,18,0.0,26064.0,0,18,0.0,1.0,0.0317037548522335,1,0,1,1,1,1,1,1,0.9699999999999999,1.0,1.0,1.0,0.8,skip,attack_already_active,1785296125.6465511,1785296125646551106,1384793863249464,18.8,53.33203125,-1.0,0,0
2026-07-28T23:35:25.648,10.42.0.210,10.42.0.1|10.42.0.210|10.42.0.47,30,3,UPLOAD,0.95,UPLOAD,0.95,1,1448,100.0,19,0.0,27512.0,0,19,0.0,1.0,0.027729657513806124,1,0,1,1,1,1,1,1,0.9699999999999999,1.0,1.0,1.0,0.8,skip,attack_already_active,1785296125.6480966,1785296125648096416,1384793864795295,18.8,53.33203125,-1.0,0,0
2026-07-28T23:35:25.649,10.42.0.210,10.42.0.1|10.42.0.210|10.42.0.47,30,3,UPLOAD,0.95,UPLOAD,0.95,1,1448,100.0,20,0.0,28960.0,0,20,0.0,1.0,0.02422621203210213,1,0,1,1,1,1,1,1,0.9699999999999999,1.0,1.0,1.0,0.8,skip,attack_already_active,1785296125.6492395,1785296125649239622,1384793865938807,18.8,53.33203125,-1.0,0,0
2026-07-28T23:35:25.650,10.42.0.210,10.42.0.1|10.42.0.210|10.42.0.47,30,3,UPLOAD,0.95,UPLOAD,0.95,1,1448,100.0,21,0.0,30408.0,0,21,0.0,1.0,0.02124651216133767,1,0,1,1,1,1,1,1,0.9699999999999999,1.0,1.0,1.0,0.8,skip,attack_already_active,1785296125.6508536,1785296125650853641,1384793867552108,18.8,53.33203125,-1.0,0,0
2026-07-28T23:35:25.652,10.42.0.210,10.42.0.1|10.42.0.210|10.42.0.47,30,3,UPLOAD,0.95,UPLOAD,0.95,1,1448,100.0,22,0.0,31856.0,0,22,0.0,1.0,0.018608878512797196,1,0,1,1,1,1,1,1,0.9699999999999999,1.0,1.0,1.0,0.8,skip,attack_already_active,1785296125.6520839,1785296125652084085,1384793868785694,18.8,53.33203125,-1.0,0,0
2026-07-28T23:35:25.654,10.42.0.210,10.42.0.1|10.42.0.210|10.42.0.47,30,3,UPLOAD,0.95,UPLOAD,0.95,1,1448,100.0,23,0.0,33304.0,0,23,0.0,1.0,0.016421835559349222,1,0,1,1,1,1,1,1,0.9699999999999999,1.0,1.0,1.0,0.8,skip,attack_already_active,1785296125.654096,1785296125654095992,1384793870794710,18.8,53.33203125,-1.0,0,0
2026-07-28T23:35:25.655,10.42.0.210,10.42.0.1|10.42.0.210|10.42.0.47,30,3,UPLOAD,0.95,UPLOAD,0.95,1,1448,100.0,24,0.0,34752.0,0,24,0.0,1.0,0.014398827141983973,1,0,1,1,1,1,1,1,0.9699999999999999,1.0,1.0,1.0,0.8,skip,attack_already_active,1785296125.6551657,1785296125655165652,1384793871864798,18.8,53.33203125,-1.0,0,0
2026-07-28T23:35:25.656,10.42.0.210,10.42.0.1|10.42.0.210|10.42.0.47,30,3,UPLOAD,0.95,UPLOAD,0.95,1,1448,100.0,25,0.0,36200.0,0,25,0.0,1.0,0.012724304958727612,1,0,1,1,1,1,1,1,0.9699999999999999,1.0,1.0,1.0,0.8,skip,attack_already_active,1785296125.656857,1785296125656857047,1384793873556478,18.8,53.33203125,-1.0,0,0
2026-07-28T23:35:25.657,10.42.0.210,10.42.0.1|10.42.0.210|10.42.0.47,30,3,UPLOAD,0.95,UPLOAD,0.95,1,1448,100.0,26,0.0,37648.0,0,26,0.0,1.0,0.01119029605105526,1,0,1,1,1,1,1,1,0.9699999999999999,1.0,1.0,1.0,0.8,skip,attack_already_active,1785296125.6579401,1785296125657940253,1384793874638984,18.8,53.33203125,-1.0,0,0
2026-07-28T23:35:25.659,10.42.0.210,10.42.0.1|10.42.0.210|10.42.0.47,30,3,UPLOAD,0.95,UPLOAD,0.95,1,1448,100.0,27,0.0,39096.0,0,27,0.0,1.0,0.009964527187704483,1,0,1,1,1,1,1,1,0.9699999999999999,1.0,1.0,1.0,0.8,skip,attack_already_active,1785296125.6598284,1785296125659828514,1384793876528543,18.8,53.33203125,-1.0,0,0
2026-07-28T23:35:25.661,10.42.0.210,10.42.0.1|10.42.0.210|10.42.0.47,30,3,UPLOAD,0.95,UPLOAD,0.95,1,1448,100.0,28,0.0,40544.0,0,28,0.0,1.0,0.008813288358599472,1,0,1,1,1,1,1,1,0.9699999999999999,1.0,1.0,1.0,0.8,skip,attack_already_active,1785296125.6610565,1785296125661056630,1384793877755140,18.8,53.33203125,-1.0,0,0
2026-07-28T23:35:25.662,10.42.0.210,10.42.0.1|10.42.0.210|10.42.0.47,30,3,UPLOAD,0.95,UPLOAD,0.95,1,1448,100.0,29,0.0,41992.0,0,29,0.0,1.0,0.007881143912701281,1,0,1,1,1,1,1,1,0.9699999999999999,1.0,1.0,1.0,0.8,skip,attack_already_active,1785296125.662796,1785296125662796139,1384793879495000,18.8,53.33203125,-1.0,0,0
2026-07-28T23:35:25.663,10.42.0.210,10.42.0.1|10.42.0.210|10.42.0.47,30,3,UPLOAD,0.95,UPLOAD,0.95,1,1448,100.0,30,0.0,43440.0,0,30,0.0,1.0,0.006987727707724116,1,0,1,1,1,1,1,1,0.9699999999999999,1.0,1.0,1.0,0.8,skip,attack_already_active,1785296125.6638973,1785296125663897406,1384793880595933,18.8,53.33203125,-1.0,0,0
2026-07-28T23:35:25.665,10.42.0.210,10.42.0.1|10.42.0.210|10.42.0.47,30,3,UPLOAD,0.95,UPLOAD,0.95,1,1448,100.0,31,0.0,44888.0,0,31,0.0,1.0,0.0062784889221696,1,0,1,1,1,1,1,1,0.9699999999999999,1.0,1.0,1.0,0.8,skip,attack_already_active,1785296125.6655028,1785296125665502613,1384793882201393,18.8,53.33203125,-1.0,0,0
2026-07-28T23:35:25.666,10.42.0.210,10.42.0.1|10.42.0.210|10.42.0.47,30,3,UPLOAD,0.95,UPLOAD,0.95,1,1448,100.0,32,0.0,46336.0,0,32,0.0,1.0,0.0056002831648656135,1,0,1,1,1,1,1,1,0.9699999999999999,1.0,1.0,1.0,0.8,skip,attack_already_active,1785296125.6666346,1785296125666634576,1384793883333384,18.8,53.33203125,-1.0,0,0
2026-07-28T23:35:25.667,10.42.0.210,10.42.0.1|10.42.0.210|10.42.0.47,30,3,UPLOAD,0.95,UPLOAD,0.95,1,1448,100.0,33,0.0,47784.0,0,33,0.0,1.0,0.005017291262538534,1,0,1,1,1,1,1,1,0.9699999999999999,1.0,1.0,1.0,0.8,skip,attack_already_active,1785296125.6678107,1785296125667810497,1384793884509058,18.8,53.33203125,-1.0,0,0
2026-07-28T23:35:25.668,10.42.0.210,10.42.0.1|10.42.0.210|10.42.0.47,30,3,UPLOAD,0.95,UPLOAD,0.95,1,1448,100.0,34,0.0,49232.0,0,34,0.0,1.0,0.004454916933847423,1,0,1,1,1,1,1,1,0.9699999999999999,1.0,1.0,1.0,0.8,skip,attack_already_active,1785296125.6685603,1785296125668560484,1384793885258928,18.8,53.33203125,-1.0,0,0
2026-07-28T23:35:25.669,10.42.0.210,10.42.0.1|10.42.0.210|10.42.0.47,30,3,UPLOAD,0.95,UPLOAD,0.95,1,1448,100.0,35,0.0,50680.0,0,35,0.0,1.0,0.004015817542299312,1,0,1,1,1,1,1,1,0.9699999999999999,1.0,1.0,1.0,0.8,skip,attack_already_active,1785296125.669683,1785296125669683050,1384793886381611,18.8,53.33203125,-1.0,0,0
2026-07-28T23:35:25.670,10.42.0.210,10.42.0.1|10.42.0.210|10.42.0.47,30,3,UPLOAD,0.95,UPLOAD,0.95,1,1448,100.0,36,0.0,52128.0,0,36,0.0,1.0,0.003638664512426728,1,0,1,1,1,1,1,1,0.9699999999999999,1.0,1.0,1.0,0.8,skip,attack_already_active,1785296125.6708367,1785296125670836853,1384793887535411,18.8,53.33203125,-1.0,0,0
2026-07-28T23:35:25.671,10.42.0.210,10.42.0.1|10.42.0.210|10.42.0.47,30,3,UPLOAD,0.95,UPLOAD,0.95,1,1448,100.0,37,0.0,53576.0,0,37,0.0,1.0,0.0032529940292935332,1,0,1,1,1,1,1,1,0.9699999999999999,1.0,1.0,1.0,0.8,skip,attack_already_active,1785296125.6715486,1785296125671548743,1384793888246894,18.8,53.33203125,-1.0,0,0
2026-07-28T23:35:25.672,10.42.0.210,10.42.0.1|10.42.0.210|10.42.0.47,30,3,UPLOAD,0.95,UPLOAD,0.95,1,1448,100.0,38,0.0,55024.0,0,38,0.0,1.0,0.002909662349167511,1,0,1,1,1,1,1,1,0.9699999999999999,1.0,1.0,1.0,0.8,skip,attack_already_active,1785296125.6721961,1785296125672196144,1384793888894360,18.8,53.33203125,-1.0,0,0
2026-07-28T23:35:25.672,10.42.0.210,10.42.0.1|10.42.0.210|10.42.0.47,30,3,UPLOAD,0.9572239882417137,UPLOAD,0.9572239882417137,1,1337,100.0,39,0.0,56361.0,0,39,0.0,1.0,0.0026213752730704235,1,0,1,1,1,1,1,1,0.9699999999999999,1.0,1.0,1.0,0.8,skip,attack_already_active,1785296125.672918,1785296125672917974,1384793889616334,18.8,53.33203125,-1.0,0,0
2026-07-28T23:35:25.673,10.42.0.1,10.42.0.1|10.42.0.210|10.42.0.47,30,3,UPLOAD,0.974576410852159,UPLOAD,0.974576410852159,1,7240,100.0,9,0.0,86768.0,0,9,0.0,1.0,0.20930173506555172,1,0,1,1,1,1,1,1,0.9699999999999999,1.0,1.0,1.0,0.8,skip,attack_already_active,1785296125.6739216,1785296125673921578,1384793890619824,18.8,53.33203125,-1.0,0,0
2026-07-28T23:35:25.674,10.42.0.1,10.42.0.1|10.42.0.210|10.42.0.47,30,3,UPLOAD,0.9754885195131255,UPLOAD,0.9754885195131255,1,7240,100.0,10,0.0,94008.0,0,10,0.0,1.0,0.18182818088829775,1,0,1,1,1,1,1,1,0.9699999999999999,1.0,1.0,1.0,0.8,skip,attack_already_active,1785296125.674734,1785296125674734062,1384793891433775,18.8,53.33203125,-1.0,0,0
2026-07-28T23:35:25.676,10.42.0.1,10.42.0.1|10.42.0.210|10.42.0.47,30,3,UPLOAD,0.9741975271494628,UPLOAD,0.9741975271494628,0,43,100.0,10,0.0,94008.0,0,10,0.0,1.0,0.17248859094058666,1,0,1,1,1,1,1,1,0.8374999999999999,0.8500000000000001,1.0,0.6000000000000001,0.8,skip,attack_already_active,1785296125.6760526,1785296125676052462,1384793892751154,18.8,53.33203125,-1.0,0,0
2026-07-28T23:35:25.676,10.42.0.1,10.42.0.1|10.42.0.210|10.42.0.47,30,3,UPLOAD,0.975795004834831,UPLOAD,0.975795004834831,1,14480,100.0,11,0.0,108488.0,0,11,0.0,1.0,0.15003628919016457,1,0,1,1,1,1,1,1,0.9699999999999999,1.0,1.0,1.0,0.8,skip,attack_already_active,1785296125.6768384,1785296125676838505,1384793893536637,18.8,53.33203125,-1.0,0,0
2026-07-28T23:35:25.677,10.42.0.1,10.42.0.1|10.42.0.210|10.42.0.47,30,3,UPLOAD,0.9764416199966343,UPLOAD,0.9764416199966343,1,14480,100.0,12,0.0,122968.0,0,12,0.0,1.0,0.13036879465021353,1,0,1,1,1,1,1,1,0.9699999999999999,1.0,1.0,1.0,0.8,skip,attack_already_active,1785296125.6776235,1785296125677623524,1384793894321727,18.8,53.33203125,-1.0,0,0
2026-07-28T23:35:25.680,10.42.0.1,10.42.0.1|10.42.0.210|10.42.0.47,30,3,UPLOAD,0.9772022506449909,UPLOAD,0.9772022506449909,1,21720,100.0,13,0.0,144688.0,0,13,0.0,1.0,0.11358669579122088,1,0,1,1,1,1,1,1,0.9699999999999999,1.0,1.0,1.0,0.8,skip,attack_already_active,1785296125.6806376,1785296125680637729,1384793897336734,18.8,53.33203125,-1.0,0,0
2026-07-28T23:35:25.681,10.42.0.1,10.42.0.1|10.42.0.210|10.42.0.47,30,3,UPLOAD,0.9777518249602722,UPLOAD,0.9777518249602722,1,7240,100.0,14,0.0,151928.0,0,14,0.0,1.0,0.09874541890792238,1,0,1,1,1,1,1,1,0.9699999999999999,1.0,1.0,1.0,0.8,skip,attack_already_active,1785296125.681598,1785296125681597905,1384793898296375,18.8,53.33203125,-1.0,0,0
2026-07-28T23:35:25.682,10.42.0.1,10.42.0.1|10.42.0.210|10.42.0.47,30,3,UPLOAD,0.9783425604677531,UPLOAD,0.9783425604677531,1,7129,100.0,15,0.0,159057.0,0,15,0.0,1.0,0.08586443035436499,1,0,1,1,1,1,1,1,0.9699999999999999,1.0,1.0,1.0,0.8,skip,attack_already_active,1785296125.682593,1785296125682593078,1384793899291790,18.8,53.33203125,-1.0,0,0
2026-07-28T23:35:26.014,10.42.0.1,,31,1,DOWNLOAD,0.9695639243642901,DOWNLOAD,0.9695639243642901,-1,1448,54.923342504196576,8,1448.0,79529.0,1,7,0.017881620707114364,0.9821183792928856,0.1191149484759933,0,0,0,0,1,0,0,0,0.44,0.8500000000000001,0.0,0.6000000000000001,0.15,skip,training_upload_trigger_not_confirmed,1785296126.014246,1785296126014245830,1384794230944983,63.3,53.33203125,-1.0,0,0
2026-07-28T23:35:26.018,10.42.0.1,,31,1,DOWNLOAD,0.95,DOWNLOAD,0.95,-1,5792,10.984668506908193,9,7240.0,79529.0,2,7,0.08343993822678607,0.9165600617732139,0.10395085155438627,0,0,0,0,1,0,0,0,0.44,0.8500000000000001,0.0,0.6000000000000001,0.15,skip,training_upload_trigger_not_confirmed,1785296126.0182848,1785296126018284794,1384794234984112,63.3,53.33203125,-1.0,0,0
2026-07-28T23:35:26.019,10.42.0.1,,31,1,DOWNLOAD,0.95,DOWNLOAD,0.95,-1,7240,5.492334253833402,10,14480.0,79529.0,3,7,0.15402780584837622,0.8459721941516238,0.09042919247003187,0,0,0,0,1,0,0,0,0.44,0.8500000000000001,0.0,0.6000000000000001,0.15,skip,training_upload_trigger_not_confirmed,1785296126.0196235,1785296126019623469,1384794236322397,63.3,53.33203125,-1.0,0,0
2026-07-28T23:35:26.020,10.42.0.1,,31,1,DOWNLOAD,0.95,DOWNLOAD,0.95,-1,7240,3.6615561693065577,11,21720.0,79529.0,4,7,0.21452063724086165,0.7854793627591383,0.07866555979506608,0,0,0,0,1,0,0,0,0.44,0.8500000000000001,0.0,0.6000000000000001,0.15,skip,training_upload_trigger_not_confirmed,1785296126.0207818,1785296126020781912,1384794237480404,63.3,53.33203125,-1.0,0,0
2026-07-28T23:35:26.021,10.42.0.1,,31,1,DOWNLOAD,0.95,DOWNLOAD,0.95,-1,7240,2.7461671270115273,12,28960.0,79529.0,5,7,0.266939505387643,0.733060494612357,0.06844343375941331,0,0,0,0,1,0,0,0,0.4,0.8500000000000001,0.0,0.4,0.15,skip,training_upload_trigger_not_confirmed,1785296126.0218744,1785296126021874319,1384794238572684,63.3,53.33203125,-1.0,0,0
2026-07-28T23:35:26.024,10.42.0.1,,31,1,DOWNLOAD,0.95,DOWNLOAD,0.95,-1,7240,2.1969337016243937,13,36200.0,79529.0,6,7,0.31279973040465225,0.6872002695953477,0.059742124460255966,0,0,0,0,1,0,0,0,0.4,0.8500000000000001,0.0,0.4,0.15,skip,training_upload_trigger_not_confirmed,1785296126.024286,1785296126024285842,1384794240985418,63.3,53.33203125,-1.0,0,0
2026-07-28T23:35:26.025,10.42.0.1,,31,1,DOWNLOAD,0.95,DOWNLOAD,0.95,-1,7240,1.8307780846954238,14,43440.0,79529.0,7,7,0.35325976465613285,0.6467402353438672,0.05204959707992756,0,0,0,0,1,0,0,0,0.32,0.8500000000000001,0.0,0.0,0.15,skip,training_upload_trigger_not_confirmed,1785296126.0256517,1785296126025651727,1384794242350775,63.3,53.33203125,-1.0,0,0
2026-07-28T23:35:26.026,10.42.0.1,,31,1,DOWNLOAD,0.95,DOWNLOAD,0.95,-1,7240,1.569238358315524,15,50680.0,79529.0,8,7,0.3892204071915152,0.6107795928084848,0.04534910176394641,0,0,0,0,1,0,0,0,0.32,0.8500000000000001,0.0,0.0,0.15,skip,training_upload_trigger_not_confirmed,1785296126.026853,1785296126026853056,1384794243551699,63.3,53.33203125,-1.0,0,0
2026-07-28T23:35:26.027,10.42.0.1,,31,1,DOWNLOAD,0.95,DOWNLOAD,0.95,-1,7240,1.37308356352947,16,57920.0,79529.0,9,7,0.42139266200554387,0.5786073379944561,0.03951239599506011,0,0,0,0,1,0,0,0,0.32,0.8500000000000001,0.0,0.0,0.15,skip,training_upload_trigger_not_confirmed,1785296126.027909,1785296126027909181,1384794244607741,63.3,53.33203125,-1.0,0,0
2026-07-28T23:35:26.029,10.42.0.1,,31,1,DOWNLOAD,0.95,DOWNLOAD,0.95,-1,10136,1.1685817561982987,17,68056.0,79529.0,10,7,0.46113087373378053,0.5388691262662194,0.0345132463032852,0,0,0,0,1,0,0,0,0.30250000000000005,0.8000000000000002,0.0,0.0,0.15,skip,training_upload_trigger_not_confirmed,1785296126.0294843,1785296126029484403,1384794246182810,63.3,53.33203125,-1.0,0,0
2026-07-28T23:35:26.030,10.42.0.1,,31,1,DOWNLOAD,0.95,DOWNLOAD,0.95,-1,14480,0.9635674130080987,18,82536.0,79529.0,11,7,0.5092771418875143,0.4907228581124857,0.030110304700647614,0,0,0,0,1,0,0,0,0.30250000000000005,0.8000000000000002,0.0,0.0,0.15,skip,training_upload_trigger_not_confirmed,1785296126.0305848,1785296126030584872,1384794247283367,63.3,53.33203125,-1.0,0,0
2026-07-28T23:35:26.031,10.42.0.1,,31,1,DOWNLOAD,0.95,DOWNLOAD,0.95,-1,4344,0.9153890423582483,19,86880.0,79529.0,12,7,0.5220871467288428,0.47791285327115723,0.026295789768982197,0,0,0,0,1,0,0,0,0.30250000000000005,0.8000000000000002,0.0,0.0,0.15,skip,training_upload_trigger_not_confirmed,1785296126.0317478,1785296126031747828,1384794248446529,63.3,53.33203125,-1.0,0,0
2026-07-28T23:35:26.032,10.42.0.1,,31,1,DOWNLOAD,0.95,DOWNLOAD,0.95,-1,14480,0.784619179165503,20,101360.0,79529.0,13,7,0.5603436361525577,0.43965636384744233,0.022987197934206737,0,0,0,0,0,0,0,0,0.0225,0.0,0.0,0.0,0.15,skip,training_upload_trigger_not_confirmed,1785296126.0329356,1785296126032935660,1384794249634297,63.3,53.33203125,-1.0,0,0
2026-07-28T23:35:26.034,10.42.0.1,,31,1,DOWNLOAD,0.95,DOWNLOAD,0.95,-1,14480,0.6865417817706617,21,115840.0,79529.0,14,7,0.5929292774186283,0.40707072258137167,0.02011296032185,0,0,0,0,0,0,0,0,0.0225,0.0,0.0,0.0,0.15,skip,training_upload_trigger_not_confirmed,1785296126.034111,1785296126034111075,1384794250809848,63.3,53.33203125,-1.0,0,0
2026-07-28T23:35:26.035,10.42.0.1,,31,1,DOWNLOAD,0.95,DOWNLOAD,0.95,-1,4344,0.6617270185743382,22,120184.0,79529.0,15,7,0.6017835594077501,0.39821644059224987,0.017631077613568066,0,0,0,0,0,0,0,0,0.0225,0.0,0.0,0.0,0.15,skip,training_upload_trigger_not_confirmed,1785296126.0353897,1785296126035389705,1384794252088490,63.3,53.33203125,-1.0,0,0
2026-07-28T23:35:26.036,10.42.0.1,,31,1,DOWNLOAD,0.95,DOWNLOAD,0.95,-1,18824,0.5721181514763746,23,139008.0,79529.0,16,7,0.636084507428948,0.36391549257105205,0.015472253660598565,0,0,0,0,0,0,0,0,0.0225,0.0,0.0,0.0,0.15,skip,training_upload_trigger_not_confirmed,1785296126.036638,1785296126036637838,1384794253336456,63.3,53.33203125,-1.0,0,0
2026-07-28T23:35:26.037,10.42.0.1,,31,1,DOWNLOAD,0.95,DOWNLOAD,0.95,-1,18824,0.5038838765300833,24,157832.0,79529.0,17,7,0.6649449572591959,0.3350550427408041,0.013584429487626747,0,0,0,0,0,0,0,0,0.0225,0.0,0.0,0.0,0.15,skip,training_upload_trigger_not_confirmed,1785296126.037784,1785296126037783973,1384794254482507,63.3,53.33203125,-1.0,0,0
2026-07-28T23:35:26.039,10.42.0.1,,31,1,DOWNLOAD,0.95,DOWNLOAD,0.95,-1,4344,0.49038698698025357,25,162176.0,79529.0,18,7,0.6709666742516704,0.32903332574832955,0.012002206566445486,0,0,0,0,0,0,0,0,0.0225,0.0,0.0,0.0,0.15,skip,training_upload_trigger_not_confirmed,1785296126.0393615,1785296126039361564,1384794256060023,63.3,53.33203125,-1.0,0,0
2026-07-28T23:35:26.040,10.42.0.1,,31,1,DOWNLOAD,0.95,DOWNLOAD,0.95,-1,11584,0.45769452118175813,26,173760.0,79529.0,19,7,0.6860147894302555,0.31398521056974443,0.010570012296929837,0,0,0,0,0,0,0,0,0.0225,0.0,0.0,0.0,0.15,skip,training_upload_trigger_not_confirmed,1785296126.0404952,1785296126040495191,1384794257193738,63.3,53.33203125,-1.0,0,0
2026-07-28T23:35:26.041,10.42.0.1,,31,1,DOWNLOAD,0.95,DOWNLOAD,0.95,-1,18824,0.41295746272061556,27,192584.0,79529.0,20,7,0.7077353893419278,0.2922646106580722,0.009350044942724655,0,0,0,0,0,0,0,0,0.0225,0.0,0.0,0.0,0.15,skip,training_upload_trigger_not_confirmed,1785296126.0418072,1785296126041807173,1384794258506261,63.3,53.33203125,-1.0,0,0
2026-07-28T23:35:26.043,10.42.0.1,,31,1,DOWNLOAD,0.95,DOWNLOAD,0.95,-1,15472,0.3822480486052685,28,208056.0,79529.0,21,7,0.7234591512074691,0.2765408487925309,0.008360082268026925,0,0,0,0,0,0,0,0,0.0225,0.0,0.0,0.0,0.15,skip,training_upload_trigger_not_confirmed,1785296126.0436447,1785296126043644555,1384794260343215,63.3,53.33203125,-1.0,0,0
2026-07-28T23:35:26.044,10.42.0.1,,31,1,DOWNLOAD,0.95,DOWNLOAD,0.95,-1,21720,0.34611534712351977,29,229776.0,79529.0,22,7,0.7428783886455117,0.2571216113544883,0.0074336835805589065,0,0,0,0,0,0,0,0,0.0225,0.0,0.0,0.0,0.15,skip,training_upload_trigger_not_confirmed,1785296126.0449746,1785296126044974665,1384794261674090,63.3,53.33203125,-1.0,0,0
2026-07-28T23:35:26.047,10.42.0.1,,31,1,DOWNLOAD,0.95,DOWNLOAD,0.95,-1,14024,0.3262059064834856,30,243800.0,79529.0,23,7,0.7540307241231068,0.24596927587689318,0.006726849033453939,0,0,0,0,0,0,0,0,0.0225,0.0,0.0,0.0,0.15,skip,training_upload_trigger_not_confirmed,1785296126.0470443,1785296126047044355,1384794263743803,63.3,53.33203125,-1.0,0,0
2026-07-28T23:35:26.048,10.42.0.1,,31,1,DOWNLOAD,0.95,DOWNLOAD,0.95,-1,15472,0.3067396402260686,31,259272.0,79529.0,24,7,0.7652633847007535,0.23473661529924647,0.006009762301335277,0,0,0,0,0,0,0,0,0.0225,0.0,0.0,0.0,0.15,skip,training_upload_trigger_not_confirmed,1785296126.0483294,1785296126048329356,1384794265028327,63.3,53.33203125,-1.0,0,0
2026-07-28T23:35:26.049,10.42.0.210,,31,1,DOWNLOAD,0.984501371591981,DOWNLOAD,0.984501371591981,-1,7240,7.784668507350184,40,7240.0,56361.0,1,39,0.11383468813383438,0.8861653118661657,0.05115545133300378,0,0,0,0,0,0,0,0,0.057499999999999996,0.1,0.0,0.0,0.15,skip,training_upload_trigger_not_confirmed,1785296126.0496025,1785296126049602631,1384794266301360,63.3,53.33203125,-1.0,0,0
2026-07-28T23:35:26.050,10.42.0.210,,31,1,DOWNLOAD,0.95,DOWNLOAD,0.95,-1,7240,3.8923342539438996,41,14480.0,56361.0,2,39,0.20440140596547196,0.795598594034528,0.04457598618096642,0,0,0,0,0,0,0,0,0.057499999999999996,0.1,0.0,0.0,0.15,skip,training_upload_trigger_not_confirmed,1785296126.0508282,1785296126050828168,1384794267526830,63.3,53.33203125,-1.0,0,0
2026-07-28T23:35:26.052,10.42.0.1,,31,1,DOWNLOAD,0.95,DOWNLOAD,0.95,-1,15472,0.28946583001161275,32,274744.0,79529.0,25,7,0.7755149277534557,0.22448507224654432,0.005708570129288494,0,0,0,0,0,0,0,0,0.0225,0.0,0.0,0.0,0.15,skip,training_upload_trigger_not_confirmed,1785296126.0520535,1785296126052053407,1384794268752411,63.3,53.33203125,-1.0,0,0
2026-07-28T23:35:26.053,10.42.0.145,,14,1,DOWNLOAD,0.95,DOWNLOAD,0.95,-1,7300,1.3698630135109776e-10,1,7300.0,0.0,1,0,1.0,0.0,0.8065079108211112,0,0,0,0,0,0,0,0,0.0225,0.0,0.0,0.0,0.15,skip,already_attacked_this_round,1785296126.0532846,1785296126053284507,1384794269983425,63.3,53.33203125,-1.0,0,0
2026-07-28T23:35:26.054,10.42.0.145,,14,1,DOWNLOAD,0.95,DOWNLOAD,0.95,-1,7300,6.84931506802402e-11,2,14600.0,0.0,2,0,1.0,0.0,0.7003984343990333,0,0,0,0,0,0,0,0,0.0225,0.0,0.0,0.0,0.15,skip,already_attacked_this_round,1785296126.054557,1785296126054557210,1384794271256709,63.3,53.33203125,-1.0,0,0
2026-07-28T23:35:26.056,10.42.0.18,,25,3,UPLOAD,0.9841010226033655,UPLOAD,0.9841010226033655,0,43,1.0,0,0.0,0.0,0,0,0.0,0.0,0.6654953671654794,0,0,1,0,0,0,0,0,0.4375,0.05,1.0,0.0,0.8,skip,attack_already_active,1785296126.0562384,1785296126056238446,1384794272936875,63.3,53.33203125,-1.0,0,0
2026-07-28T23:35:26.057,10.42.0.18,,25,1,DOWNLOAD,0.95,DOWNLOAD,0.95,-1,10220,9.784735811175661e-11,1,10220.0,0.0,1,0,1.0,0.0,0.8220589553004838,0,0,0,0,0,0,0,0,0.0225,0.0,0.0,0.0,0.15,skip,already_attacked_this_round,1785296126.0579288,1785296126057928629,1384794274629098,63.3,53.33203125,-1.0,0,0
2026-07-28T23:35:26.059,10.42.0.18,,25,1,DOWNLOAD,0.9538940800902057,DOWNLOAD,0.9538940800902057,-1,14600,4.029008863657171e-11,2,24820.0,0.0,2,0,1.0,0.0,0.7140042086996927,0,0,0,0,0,0,0,0,0.0225,0.0,0.0,0.0,0.15,skip,already_attacked_this_round,1785296126.0599902,1785296126059990210,1384794276689511,63.3,53.33203125,-1.0,0,0
2026-07-28T23:35:26.062,10.42.0.59,,10,2,TRAINING,0.9293977297375461,TRAINING,0.9293977297375461,0,43,1.0,0,0.0,0.0,0,0,0.0,0.0,0.9300485388619965,0,0,0,0,0,0,0,0,0.039999999999999994,0.05,0.0,0.0,0.15,skip,already_attacked_this_round,1785296126.0628474,1785296126062847489,1384794279546535,63.3,53.33203125,-1.0,0,0
2026-07-28T23:35:26.064,10.42.0.59,,10,2,TRAINING,0.95,TRAINING,0.95,-1,14600,6.84931506802402e-11,1,14600.0,0.0,1,0,1.0,0.0,1.0635457127816133,0,0,0,0,0,0,0,0,0.0225,0.0,0.0,0.0,0.15,skip,already_attacked_this_round,1785296126.0640702,1785296126064070021,1384794280769018,63.3,53.33203125,-1.0,0,0
2026-07-28T23:35:26.065,10.42.0.59,,10,2,TRAINING,0.95,TRAINING,0.95,-1,14600,3.424657534129292e-11,2,29200.0,0.0,2,0,1.0,0.0,0.9235535606621861,0,0,0,0,0,0,0,0,0.0225,0.0,0.0,0.0,0.15,skip,already_attacked_this_round,1785296126.0652542,1785296126065254055,1384794281952795,63.3,53.33203125,-1.0,0,0
2026-07-28T23:35:26.068,10.42.0.210,,31,1,DOWNLOAD,0.9557926560077417,DOWNLOAD,0.9557926560077417,-1,10136,2.289608384737991,42,24616.0,56361.0,3,39,0.30398755202094424,0.6960124479790558,0.04105995411109569,0,0,0,0,0,0,0,0,0.057499999999999996,0.1,0.0,0.0,0.15,skip,training_upload_trigger_not_confirmed,1785296126.068722,1785296126068721992,1384794285421046,63.3,53.33203125,-1.0,0,0
2026-07-28T23:35:26.070,10.42.0.210,,31,1,DOWNLOAD,0.9846998846180315,DOWNLOAD,0.9846998846180315,-1,4344,1.9461671270391516,43,28960.0,56361.0,4,39,0.3394240573832937,0.6605759426167063,0.035817729588575986,0,0,0,0,0,0,0,0,0.057499999999999996,0.1,0.0,0.0,0.15,skip,training_upload_trigger_not_confirmed,1785296126.0700002,1785296126070000153,1384794286699266,63.3,53.33203125,-1.0,0,0
2026-07-28T23:35:26.071,10.42.0.210,,31,1,DOWNLOAD,0.9854895428954357,DOWNLOAD,0.9854895428954357,0,43,1.9461671270391516,43,28960.0,56361.0,4,39,0.3394240573832937,0.6605759426167063,0.08208994799133228,0,0,0,0,0,0,0,0,0.057499999999999996,0.1,0.0,0.0,0.15,skip,training_upload_trigger_not_confirmed,1785296126.07109,1785296126071089951,1384794287788291,63.3,53.33203125,-1.0,0,0
2026-07-28T23:35:26.074,10.42.0.210,,31,1,DOWNLOAD,0.9855083405864443,DOWNLOAD,0.9855083405864443,-1,14480,1.2974447513743683,44,43440.0,56361.0,5,39,0.43526617969759823,0.5647338203024018,0.0718276413495819,0,0,0,0,0,0,0,0,0.057499999999999996,0.1,0.0,0.0,0.15,skip,training_upload_trigger_not_confirmed,1785296126.0742123,1785296126074212250,1384794290911159,63.3,53.33203125,-1.0,0,0
2026-07-28T23:35:26.076,10.42.0.145,,14,1,DOWNLOAD,0.95,DOWNLOAD,0.95,-1,14600,3.424657534129292e-11,3,29200.0,0.0,3,0,1.0,0.0,0.6109369055881303,0,0,0,0,0,0,0,0,0.0225,0.0,0.0,0.0,0.15,skip,already_attacked_this_round,1785296126.0760567,1785296126076056913,1384794292755723,63.3,53.33203125,-1.0,0,0
2026-07-28T23:35:26.077,10.42.0.145,,14,1,DOWNLOAD,0.954052793220954,DOWNLOAD,0.954052793220954,-1,14600,2.2831050227789245e-11,4,43800.0,0.0,4,0,1.0,0.0,0.5305918140624085,0,0,0,0,0,0,0,0,0.0225,0.0,0.0,0.0,0.15,skip,already_attacked_this_round,1785296126.077277,1785296126077276861,1384794293975358,63.3,53.33203125,-1.0,0,0
2026-07-28T23:35:26.078,10.42.0.47,,30,3,UPLOAD,0.926307613411038,UPLOAD,0.926307613411038,0,43,1.0,0,0.0,0.0,0,0,0.0,0.0,0.09256241251517097,0,0,1,0,0,0,0,0,0.4375,0.05,1.0,0.0,0.8,skip,attack_already_active,1785296126.0788434,1785296126078843505,1384794295541847,63.3,53.33203125,-1.0,0,0
2026-07-28T23:35:26.082,10.42.0.47,,31,1,DOWNLOAD,0.9828945062702542,DOWNLOAD,0.9828945062702542,-1,5792,1.7265193367184875e-10,1,5792.0,0.0,1,0,1.0,0.0,0.14802762322090582,0,0,0,0,0,0,0,0,0.0225,0.0,0.0,0.0,0.15,skip,training_upload_trigger_not_confirmed,1785296126.0820653,1785296126082065318,1384794298764317,63.3,53.33203125,-1.0,0,0
2026-07-28T23:35:26.083,10.42.0.47,,31,1,DOWNLOAD,0.9829981496648164,DOWNLOAD,0.9829981496648164,-1,8688,6.90607734758936e-11,2,14480.0,0.0,2,0,1.0,0.0,0.12875554771300557,0,0,0,0,0,0,0,0,0.0225,0.0,0.0,0.0,0.15,skip,training_upload_trigger_not_confirmed,1785296126.0838425,1785296126083842466,1384794300541438,63.3,53.33203125,-1.0,0,0
2026-07-28T23:35:26.085,10.42.0.210,,31,1,DOWNLOAD,0.9855087208476458,DOWNLOAD,0.9855087208476458,-1,14480,0.9730835635363764,45,57920.0,56361.0,6,39,0.5068209063623874,0.49317909363761253,0.06387506104867258,0,0,0,0,0,0,0,0,0.039999999999999994,0.05,0.0,0.0,0.15,skip,training_upload_trigger_not_confirmed,1785296126.08569,1785296126085690236,1384794302389484,63.3,53.33203125,-1.0,0,0
2026-07-28T23:35:26.087,10.42.0.210,,31,1,DOWNLOAD,0.9855087261970161,DOWNLOAD,0.9855087261970161,-1,14480,0.7784668508317892,46,72400.0,56361.0,7,39,0.5622820574552854,0.43771794254471463,0.055749198864736144,0,0,0,0,0,0,0,0,0.0225,0.0,0.0,0.0,0.15,skip,training_upload_trigger_not_confirmed,1785296126.0879002,1785296126087900172,1384794304598634,63.3,53.33203125,-1.0,0,0
2026-07-28T23:35:26.089,10.42.0.210,,31,1,DOWNLOAD,0.9855087261721334,DOWNLOAD,0.9855087261721334,-1,6784,0.7117725803228965,47,79184.0,56361.0,8,39,0.5841897524807259,0.41581024751927403,0.048671685771659326,0,0,0,0,0,0,0,0,0.0225,0.0,0.0,0.0,0.15,skip,training_upload_trigger_not_confirmed,1785296126.08994,1785296126089939906,1384794306638317,63.3,53.33203125,-1.0,0,0
2026-07-28T23:35:26.116,10.42.0.47,,31,1,DOWNLOAD,0.9842257140988042,DOWNLOAD,0.9842257140988042,-1,5792,4.932912391232591e-11,3,20272.0,0.0,3,0,1.0,0.0,0.11610219127741621,0,0,0,0,0,0,0,0,0.0225,0.0,0.0,0.0,0.15,skip,training_upload_trigger_not_confirmed,1785296126.1165752,1785296126116575213,1384794333274068,63.3,53.33203125,-1.0,0,0
2026-07-28T23:35:26.118,10.42.0.47,,31,1,DOWNLOAD,0.9842586901286671,DOWNLOAD,0.9842586901286671,-1,2896,4.316298342355132e-11,4,23168.0,0.0,4,0,1.0,0.0,0.10109824244137836,0,0,0,0,0,0,0,0,0.0225,0.0,0.0,0.0,0.15,skip,training_upload_trigger_not_confirmed,1785296126.1188166,1785296126118816388,1384794335515635,63.3,53.33203125,-1.0,0,0
2026-07-28T23:35:26.120,10.42.0.47,,31,1,DOWNLOAD,0.9842595481342594,DOWNLOAD,0.9842595481342594,-1,18824,2.381405982035116e-11,5,41992.0,0.0,5,0,1.0,0.0,0.08794199096869137,0,0,0,0,0,0,0,0,0.0225,0.0,0.0,0.0,0.15,skip,training_upload_trigger_not_confirmed,1785296126.1200757,1785296126120075789,1384794336774417,63.3,53.33203125,-1.0,0,0
2026-07-28T23:35:26.121,10.42.0.47,,31,1,DOWNLOAD,0.9842595696464124,DOWNLOAD,0.9842595696464124,-1,10136,1.918354818870504e-11,6,52128.0,0.0,6,0,1.0,0.0,0.0765874163927396,0,0,0,0,0,0,0,0,0.0225,0.0,0.0,0.0,0.15,skip,training_upload_trigger_not_confirmed,1785296126.121851,1785296126121850761,1384794338549181,63.3,53.33203125,-1.0,0,0
2026-07-28T23:35:26.124,10.42.0.47,,31,1,DOWNLOAD,0.9842595701605352,DOWNLOAD,0.9842595701605352,-1,1009,1.8819278468509337e-11,7,53137.0,0.0,7,0,1.0,0.0,0.06682195492548254,0,0,0,0,0,0,0,0,0.0225,0.0,0.0,0.0,0.15,skip,training_upload_trigger_not_confirmed,1785296126.124331,1785296126124331094,1384794341031308,63.3,53.33203125,-1.0,0,0
2026-07-28T23:35:26.391,10.42.0.145,,14,3,UPLOAD,0.95,UPLOAD,0.95,1,64240,1.4666666666560122,5,43800.0,64240.0,4,1,0.40540540540540543,0.5945945945945946,0.763189462472545,0,0,0,1,1,1,1,1,0.85,1.0,1.0,0.4,0.8,skip,already_attacked_this_round,1785296126.391431,1785296126391431294,1384794608130887,63.3,53.33203125,-1.0,0,0
2026-07-28T23:35:26.393,10.42.0.145,,14,3,UPLOAD,0.9841010226033655,UPLOAD,0.9841010226033655,1,6529,1.615730593593248,6,43800.0,70769.0,4,2,0.38230236800530687,0.6176976319946932,0.6628670151966984,0,0,0,1,1,1,1,1,0.9299999999999999,1.0,1.0,0.8,0.8,skip,already_attacked_this_round,1785296126.3933012,1785296126393301285,1384794610035153,63.3,53.33203125,-1.0,0,0
2026-07-28T23:35:26.395,10.42.0.1,10.42.0.1,31,3,UPLOAD,0.95,UPLOAD,0.95,1,7240,0.3158176338725656,33,274744.0,86769.0,25,8,0.7599837350247433,0.24001626497525677,0.043857357810266714,1,0,0,0,1,0,0,0,0.85,1.0,1.0,0.4,0.8,trigger,training_upload_trigger_confirmed,1785296126.3951564,1785296126395156463,1384794611855302,63.3,53.33203125,21.619347,1785296126416777358,1384794633474649
2026-07-28T23:35:26.396,10.42.0.1,10.42.0.1,31,3,UPLOAD,0.95,UPLOAD,0.95,1,7240,0.34216943773351854,34,274744.0,94009.0,25,9,0.7450624130515549,0.25493758694844515,0.038227939169672716,1,0,1,0,1,0,0,0,0.85,1.0,1.0,0.4,0.8,skip,attack_already_active,1785296126.3962936,1785296126396293693,1384794612992231,63.3,53.33203125,-1.0,0,0
2026-07-28T23:35:26.397,10.42.0.59,10.42.0.1,10,3,UPLOAD,0.95,UPLOAD,0.95,1,64240,2.199999999958904,3,29200.0,64240.0,2,1,0.3125,0.6875,0.8459864252660119,0,0,0,1,1,1,1,1,0.9299999999999999,1.0,1.0,0.8,0.8,skip,already_attacked_this_round,1785296126.3977654,1785296126397765421,1384794614464290,63.3,53.33203125,-1.0,0,0
2026-07-28T23:35:26.402,10.42.0.1,10.42.0.1,31,3,UPLOAD,0.95,UPLOAD,0.95,1,14480,0.3948730454554244,35,274744.0,108489.0,25,10,0.716911121954529,0.28308887804547106,0.03394951914844761,1,0,1,1,1,1,1,1,0.9699999999999999,1.0,1.0,1.0,0.8,skip,attack_already_active,1785296126.4020538,1785296126402053972,1384794618752709,63.3,53.33203125,-1.0,0,0
2026-07-28T23:35:26.403,10.42.0.1,10.42.0.1,31,3,UPLOAD,0.95,UPLOAD,0.95,1,14480,0.4475766531773302,36,274744.0,122969.0,25,11,0.6908097044853952,0.30919029551460475,0.02961882025587522,1,0,1,1,1,1,1,1,0.9699999999999999,1.0,1.0,1.0,0.8,skip,attack_already_active,1785296126.4031389,1785296126403138733,1384794619837126,63.3,53.33203125,-1.0,0,0
2026-07-28T23:35:26.404,10.42.0.1,10.42.0.1,31,3,UPLOAD,0.925384543202659,UPLOAD,0.925384543202659,0,43,0.4475766531773302,36,274744.0,122969.0,25,11,0.6908097044853952,0.30919029551460475,0.06408259315306294,1,0,1,1,1,1,1,1,0.8025,0.7500000000000001,1.0,0.6000000000000001,0.8,skip,attack_already_active,1785296126.404163,1785296126404162854,1384794620861497,63.3,53.33203125,-1.0,0,0
2026-07-28T23:35:26.405,10.42.0.1,10.42.0.1,31,3,UPLOAD,0.9219780744587585,UPLOAD,0.9219780744587585,0,43,0.4475766531773302,36,274744.0,122969.0,25,11,0.6908097044853952,0.30919029551460475,0.05583334029503173,1,0,1,1,1,1,1,1,0.8025,0.7500000000000001,1.0,0.6000000000000001,0.8,skip,attack_already_active,1785296126.4056442,1785296126405644363,1384794622343042,63.3,53.33203125,-1.0,0,0
2026-07-28T23:35:26.407,10.42.0.1,10.42.0.1,31,3,UPLOAD,0.95,UPLOAD,0.95,1,14480,0.500280260899236,37,274744.0,137449.0,25,12,0.6665421295364065,0.3334578704635935,0.04901741183256959,1,0,1,1,1,1,1,1,0.9699999999999999,1.0,1.0,1.0,0.8,skip,attack_already_active,1785296126.407248,1785296126407248236,1384794623948096,63.3,53.33203125,-1.0,0,0
2026-07-28T23:35:26.408,10.42.0.1,10.42.0.1,31,3,UPLOAD,0.95,UPLOAD,0.95,1,14480,0.5529838686211419,38,274744.0,151929.0,25,13,0.6439216917873876,0.3560783082126125,0.04274569937472205,1,0,1,1,1,1,1,1,0.9699999999999999,1.0,1.0,1.0,0.8,skip,attack_already_active,1785296126.4086711,1785296126408671204,1384794625371072,63.3,53.33203125,-1.0,0,0
2026-07-28T23:35:26.413,10.42.0.1,10.42.0.1,31,3,UPLOAD,0.95,UPLOAD,0.95,1,14480,0.6056874763430478,39,274744.0,166409.0,25,14,0.6227861988924478,0.37721380110755226,0.03773497368254645,1,0,1,1,1,1,1,1,0.9699999999999999,1.0,1.0,1.0,0.8,skip,attack_already_active,1785296126.4133918,1785296126413391803,1384794630090371,63.3,53.33203125,-1.0,0,0
2026-07-28T23:35:26.414,10.42.0.1,10.42.0.1,31,3,UPLOAD,0.95,UPLOAD,0.95,1,14480,0.6583910840649536,40,274744.0,180889.0,25,15,0.6029940763728703,0.3970059236271297,0.03296903751240269,1,0,1,1,1,1,1,1,0.9699999999999999,1.0,1.0,1.0,0.8,skip,attack_already_active,1785296126.4149594,1785296126414959403,1384794631657817,63.3,53.33203125,-1.0,0,0
2026-07-28T23:35:26.417,10.42.0.1,10.42.0.1,31,3,UPLOAD,0.95,UPLOAD,0.95,1,7129,0.6843388754633974,41,274744.0,188018.0,25,16,0.5937047553602067,0.4062952446397932,0.028953406887782022,1,0,1,1,1,1,1,1,0.9699999999999999,1.0,1.0,1.0,0.8,skip,attack_already_active,1785296126.417455,1785296126417454885,1384794634153421,63.3,53.33203125,-1.0,0,0
2026-07-28T23:35:26.419,10.42.0.1,10.42.0.1,31,3,UPLOAD,0.95,UPLOAD,0.95,1,14480,0.7370424831853033,42,274744.0,202498.0,25,17,0.575691158783175,0.424308841216825,0.025396433026834593,1,0,1,1,1,1,1,1,0.9699999999999999,1.0,1.0,1.0,0.8,skip,attack_already_active,1785296126.4194155,1785296126419415478,1384794636114071,63.3,53.33203125,-1.0,0,0
2026-07-28T23:35:26.420,10.42.0.1,10.42.0.1,31,3,UPLOAD,0.95,UPLOAD,0.95,1,14480,0.789746090907209,43,274744.0,216978.0,25,18,0.5587384741784992,0.44126152582150074,0.022186340513220465,1,0,1,1,1,1,1,1,0.9699999999999999,1.0,1.0,1.0,0.8,skip,attack_already_active,1785296126.4204514,1785296126420451203,1384794637149490,63.3,53.33203125,-1.0,0,0
2026-07-28T23:35:26.421,10.42.0.1,10.42.0.1,31,3,UPLOAD,0.95,UPLOAD,0.95,1,7128,0.8156902425537385,44,274744.0,224106.0,25,19,0.5507547358925529,0.44924526410744714,0.019442329602634402,1,0,1,1,1,1,1,1,0.9699999999999999,1.0,1.0,1.0,0.8,skip,attack_already_active,1785296126.4218142,1785296126421814370,1384794638512719,63.3,53.33203125,-1.0,0,0
2026-07-28T23:35:26.489,10.42.0.18,10.42.0.1,25,3,UPLOAD,0.95,UPLOAD,0.95,1,32120,1.2941176470469735,3,24820.0,32120.0,2,1,0.4358974358974359,0.5641025641025641,0.6770380948184418,0,0,0,1,1,1,1,1,0.9699999999999999,1.0,1.0,1.0,0.8,skip,already_attacked_this_round,1785296126.489717,1785296126489716998,1384794706415629,63.3,53.33203125,-1.0,0,0
2026-07-28T23:35:26.491,10.42.0.18,10.42.0.1,25,3,UPLOAD,0.9841010226033655,UPLOAD,0.9841010226033655,1,47408,3.204190169129565,4,24820.0,79528.0,2,2,0.23785793690343848,0.7621420630965615,0.5880506987132811,0,0,0,1,1,1,1,1,0.9699999999999999,1.0,1.0,1.0,0.8,skip,already_attacked_this_round,1785296126.4914544,1785296126491454573,1384794708153141,63.3,53.33203125,-1.0,0,0
2026-07-28T23:35:26.493,10.42.0.1,10.42.0.1,31,3,UPLOAD,0.7778508390531615,UPLOAD,0.7778508390531615,0,43,0.8156902425537385,44,274744.0,224106.0,25,19,0.5507547358925529,0.44924526410744714,0.028506680191923976,1,0,1,1,1,1,1,1,0.8200000000000001,0.8000000000000002,1.0,0.6000000000000001,0.8,skip,attack_already_active,1785296126.4938734,1785296126493873448,1384794710572036,63.3,53.33203125,-1.0,0,0
2026-07-28T23:35:26.495,10.42.0.1,10.42.0.1,31,3,UPLOAD,0.95,UPLOAD,0.95,1,14480,0.8683938502756443,45,274744.0,238586.0,25,20,0.5352190598640251,0.46478094013597493,0.02946511185294139,1,0,1,1,1,1,1,1,0.9699999999999999,1.0,1.0,1.0,0.8,skip,attack_already_active,1785296126.4950056,1785296126495005777,1384794711704226,86.0,53.33203125,-1.0,0,0
2026-07-28T23:35:26.496,10.42.0.1,10.42.0.1,31,3,UPLOAD,0.95,UPLOAD,0.95,1,14480,0.92109745799755,46,274744.0,253066.0,25,21,0.5205357988670165,0.47946420113298344,0.025779444252894232,1,0,1,1,1,1,1,1,0.9699999999999999,1.0,1.0,1.0,0.8,skip,attack_already_active,1785296126.4965012,1785296126496501157,1384794713199677,86.0,53.33203125,-1.0,0,0
2026-07-28T23:35:26.499,10.42.0.1,10.42.0.1,31,3,UPLOAD,0.95,UPLOAD,0.95,1,14480,0.9738010657194559,47,274744.0,267546.0,25,22,0.506636670416198,0.493363329583802,0.022796956768158273,1,0,1,1,1,1,1,1,0.9699999999999999,1.0,1.0,1.0,0.8,skip,attack_already_active,1785296126.4996474,1785296126499647596,1384794716345936,86.0,53.33203125,-1.0,0,0
2026-07-28T23:35:26.501,10.42.0.1,10.42.0.1,31,3,UPLOAD,0.95,UPLOAD,0.95,1,14480,1.0265046734413616,48,274744.0,282026.0,25,23,0.49346049535714925,0.5065395046428507,0.020002391667437627,1,0,1,1,1,1,1,1,0.9699999999999999,1.0,1.0,1.0,0.8,skip,attack_already_active,1785296126.5012372,1785296126501237214,1384794717935820,86.0,53.33203125,-1.0,0,0
2026-07-28T23:35:26.502,10.42.0.1,10.42.0.1,31,3,UPLOAD,0.95,UPLOAD,0.95,1,7128,1.0524488250878912,49,274744.0,289154.0,25,24,0.4872228665467868,0.5127771334532132,0.017575293461316494,1,0,1,1,1,1,1,1,0.9699999999999999,1.0,1.0,1.0,0.8,skip,attack_already_active,1785296126.502821,1785296126502820741,1384794719519073,86.0,53.33203125,-1.0,0,0
2026-07-28T23:35:27.661,10.42.0.210,10.42.0.1|10.42.0.210,31,3,UPLOAD,0.95,UPLOAD,0.95,1,1448,100.0,1,0.0,1448.0,0,1,0.0,1.0,0.2517818448596247,1,0,0,1,1,1,1,1,0.9525,0.95,1.0,1.0,0.8,trigger,training_upload_trigger_confirmed,1785296127.6611085,1785296127661108388,1384795877807311,7.4,53.33203125,6.743203,1785296127667853254,1384795884550514
2026-07-28T23:35:27.662,10.42.0.210,10.42.0.1|10.42.0.210,31,3,UPLOAD,0.9841010226033655,UPLOAD,0.9841010226033655,1,1448,100.0,2,0.0,2896.0,0,2,0.0,1.0,0.21875089966156946,1,0,1,1,1,1,1,1,0.9699999999999999,1.0,1.0,1.0,0.8,skip,attack_already_active,1785296127.6622276,1785296127662227662,1384795878926055,7.4,53.33203125,-1.0,0,0
2026-07-28T23:35:27.663,10.42.0.210,10.42.0.1|10.42.0.210,31,3,UPLOAD,0.9854688349332961,UPLOAD,0.9854688349332961,1,1448,100.0,3,0.0,4344.0,0,3,0.0,1.0,0.19014145684022912,1,0,1,1,1,1,1,1,0.9699999999999999,1.0,1.0,1.0,0.8,skip,attack_already_active,1785296127.6638694,1785296127663869550,1384795880568210,7.4,53.33203125,-1.0,0,0
2026-07-28T23:35:27.664,10.42.0.210,10.42.0.1|10.42.0.210,31,3,UPLOAD,0.9855076450773014,UPLOAD,0.9855076450773014,1,1448,100.0,4,0.0,5792.0,0,4,0.0,1.0,0.165221610813539,1,0,1,1,1,1,1,1,0.9699999999999999,1.0,1.0,1.0,0.8,skip,attack_already_active,1785296127.664901,1785296127664901198,1384795881599470,7.4,53.33203125,-1.0,0,0
2026-07-28T23:35:27.666,10.42.0.210,10.42.0.1|10.42.0.210,31,3,UPLOAD,0.9855086980780915,UPLOAD,0.9855086980780915,1,1448,100.0,5,0.0,7240.0,0,5,0.0,1.0,0.14363149661739832,1,0,1,1,1,1,1,1,0.9699999999999999,1.0,1.0,1.0,0.8,skip,attack_already_active,1785296127.6662812,1785296127666281282,1384795882980140,7.4,53.33203125,-1.0,0,0
2026-07-28T23:35:27.667,10.42.0.210,10.42.0.1|10.42.0.210,31,3,UPLOAD,0.9855087254685951,UPLOAD,0.9855087254685951,1,1448,100.0,6,0.0,8688.0,0,6,0.0,1.0,0.1248329356968167,1,0,1,1,1,1,1,1,0.9699999999999999,1.0,1.0,1.0,0.8,skip,attack_already_active,1785296127.6672556,1785296127667255532,1384795883953876,7.4,53.33203125,-1.0,0,0
2026-07-28T23:35:27.668,10.42.0.210,10.42.0.1|10.42.0.210,31,3,UPLOAD,0.9855087261493067,UPLOAD,0.9855087261493067,1,1448,100.0,7,0.0,10136.0,0,7,0.0,1.0,0.10856633724344382,1,0,1,1,1,1,1,1,0.9699999999999999,1.0,1.0,1.0,0.8,skip,attack_already_active,1785296127.6686459,1785296127668645865,1384795885344037,7.4,53.33203125,-1.0,0,0
2026-07-28T23:35:27.669,10.42.0.210,10.42.0.1|10.42.0.210,31,3,UPLOAD,0.9855087261653082,UPLOAD,0.9855087261653082,1,1448,100.0,8,0.0,11584.0,0,8,0.0,1.0,0.0943835051102224,1,0,1,1,1,1,1,1,0.9699999999999999,1.0,1.0,1.0,0.8,skip,attack_already_active,1785296127.6695826,1785296127669582708,1384795886280862,7.4,53.33203125,-1.0,0,0
2026-07-28T23:35:27.670,10.42.0.210,10.42.0.1|10.42.0.210,31,3,UPLOAD,0.985508726165656,UPLOAD,0.985508726165656,1,1448,100.0,9,0.0,13032.0,0,9,0.0,1.0,0.08212606536171314,1,0,1,1,1,1,1,1,0.9699999999999999,1.0,1.0,1.0,0.8,skip,attack_already_active,1785296127.6709478,1785296127670947931,1384795887646248,7.4,53.33203125,-1.0,0,0
2026-07-28T23:35:27.671,10.42.0.210,10.42.0.1|10.42.0.210,31,3,UPLOAD,0.9855087261656625,UPLOAD,0.9855087261656625,1,1448,100.0,10,0.0,14480.0,0,10,0.0,1.0,0.07142609789355991,1,0,1,1,1,1,1,1,0.9699999999999999,1.0,1.0,1.0,0.8,skip,attack_already_active,1785296127.6718748,1785296127671874862,1384795888572997,7.4,53.33203125,-1.0,0,0
2026-07-28T23:35:27.673,10.42.0.210,10.42.0.1|10.42.0.210,31,3,UPLOAD,0.9855087261656628,UPLOAD,0.9855087261656628,1,1448,100.0,11,0.0,15928.0,0,11,0.0,1.0,0.06228223566153597,1,0,1,1,1,1,1,1,0.9699999999999999,1.0,1.0,1.0,0.8,skip,attack_already_active,1785296127.6739106,1785296127673910451,1384795890609818,7.4,53.33203125,-1.0,0,0
2026-07-28T23:35:27.675,10.42.0.210,10.42.0.1|10.42.0.210,31,3,UPLOAD,0.95,UPLOAD,0.95,1,1448,100.0,12,0.0,17376.0,0,12,0.0,1.0,0.05423943482360047,1,0,1,1,1,1,1,1,0.9699999999999999,1.0,1.0,1.0,0.8,skip,attack_already_active,1785296127.6751583,1785296127675158225,1384795891857772,7.4,53.33203125,-1.0,0,0
2026-07-28T23:35:27.676,10.42.0.210,10.42.0.1|10.42.0.210,31,3,UPLOAD,0.95,UPLOAD,0.95,1,1448,100.0,13,0.0,18824.0,0,13,0.0,1.0,0.04731248716335919,1,0,1,1,1,1,1,1,0.9699999999999999,1.0,1.0,1.0,0.8,skip,attack_already_active,1785296127.676831,1785296127676830855,1384795893529719,7.4,53.33203125,-1.0,0,0
2026-07-28T23:35:27.677,10.42.0.210,10.42.0.1|10.42.0.210,31,3,UPLOAD,0.95,UPLOAD,0.95,1,1448,100.0,14,0.0,20272.0,0,14,0.0,1.0,0.04121199911190074,1,0,1,1,1,1,1,1,0.9699999999999999,1.0,1.0,1.0,0.8,skip,attack_already_active,1785296127.6778486,1785296127677848553,1384795894547069,7.4,53.33203125,-1.0,0,0
2026-07-28T23:35:27.679,10.42.0.210,10.42.0.1|10.42.0.210,31,3,UPLOAD,0.95,UPLOAD,0.95,1,1448,100.0,15,0.0,21720.0,0,15,0.0,1.0,0.036007829863665394,1,0,1,1,1,1,1,1,0.9699999999999999,1.0,1.0,1.0,0.8,skip,attack_already_active,1785296127.6795676,1785296127679567503,1384795896266662,7.4,53.33203125,-1.0,0,0
2026-07-28T23:35:27.680,10.42.0.210,10.42.0.1|10.42.0.210,31,3,UPLOAD,0.95,UPLOAD,0.95,1,1448,100.0,16,0.0,23168.0,0,16,0.0,1.0,0.031400714285529714,1,0,1,1,1,1,1,1,0.9699999999999999,1.0,1.0,1.0,0.8,skip,attack_already_active,1785296127.6806133,1785296127680613379,1384795897311761,7.4,53.33203125,-1.0,0,0
2026-07-28T23:35:27.682,10.42.0.210,10.42.0.1|10.42.0.210,31,3,UPLOAD,0.95,UPLOAD,0.95,1,1448,100.0,17,0.0,24616.0,0,17,0.0,1.0,0.02744942742932326,1,0,1,1,1,1,1,1,0.9699999999999999,1.0,1.0,1.0,0.8,skip,attack_already_active,1785296127.6820288,1785296127682028729,1384795898727191,7.4,53.33203125,-1.0,0,0
2026-07-28T23:35:27.683,10.42.0.210,10.42.0.1|10.42.0.210,31,3,UPLOAD,0.95,UPLOAD,0.95,1,1448,100.0,18,0.0,26064.0,0,18,0.0,1.0,0.023960665541160275,1,0,1,1,1,1,1,1,0.9699999999999999,1.0,1.0,1.0,0.8,skip,attack_already_active,1785296127.683003,1785296127683002806,1384795899701172,7.4,53.33203125,-1.0,0,0
2026-07-28T23:35:27.684,10.42.0.210,10.42.0.1|10.42.0.210,31,3,UPLOAD,0.95,UPLOAD,0.95,1,1448,100.0,19,0.0,27512.0,0,19,0.0,1.0,0.020990572593037046,1,0,1,1,1,1,1,1,0.9699999999999999,1.0,1.0,1.0,0.8,skip,attack_already_active,1785296127.6844244,1785296127684424552,1384795901122867,7.4,53.33203125,-1.0,0,0
2026-07-28T23:35:27.685,10.42.0.210,10.42.0.1|10.42.0.210,31,3,UPLOAD,0.95,UPLOAD,0.95,1,1448,100.0,20,0.0,28960.0,0,20,0.0,1.0,0.01835009529655684,1,0,1,1,1,1,1,1,0.9699999999999999,1.0,1.0,1.0,0.8,skip,attack_already_active,1785296127.6853771,1785296127685377115,1384795902075540,7.4,53.33203125,-1.0,0,0
2026-07-28T23:35:27.686,10.42.0.210,10.42.0.1|10.42.0.210,31,3,UPLOAD,0.95,UPLOAD,0.95,1,1448,100.0,21,0.0,30408.0,0,21,0.0,1.0,0.016123605039510606,1,0,1,1,1,1,1,1,0.9699999999999999,1.0,1.0,1.0,0.8,skip,attack_already_active,1785296127.686831,1785296127686831116,1384795903529563,7.4,53.33203125,-1.0,0,0
2026-07-28T23:35:27.687,10.42.0.210,10.42.0.1|10.42.0.210,31,3,UPLOAD,0.95,UPLOAD,0.95,1,1448,100.0,22,0.0,31856.0,0,22,0.0,1.0,0.014129276681689085,1,0,1,1,1,1,1,1,0.9699999999999999,1.0,1.0,1.0,0.8,skip,attack_already_active,1785296127.6878202,1785296127687820413,1384795904518637,7.4,53.33203125,-1.0,0,0
2026-07-28T23:35:27.689,10.42.0.210,10.42.0.1|10.42.0.210,31,3,UPLOAD,0.95,UPLOAD,0.95,1,1448,100.0,23,0.0,33304.0,0,23,0.0,1.0,0.01245656340938179,1,0,1,1,1,1,1,1,0.9699999999999999,1.0,1.0,1.0,0.8,skip,attack_already_active,1785296127.6892557,1785296127689255622,1384795905954179,7.4,53.33203125,-1.0,0,0
2026-07-28T23:35:27.690,10.42.0.210,10.42.0.1|10.42.0.210,31,3,UPLOAD,0.95,UPLOAD,0.95,1,1448,100.0,24,0.0,34752.0,0,24,0.0,1.0,0.010976372316296864,1,0,1,1,1,1,1,1,0.9699999999999999,1.0,1.0,1.0,0.8,skip,attack_already_active,1785296127.6904795,1785296127690479636,1384795907178768,7.4,53.33203125,-1.0,0,0
2026-07-28T23:35:27.692,10.42.0.210,10.42.0.1|10.42.0.210,31,3,UPLOAD,0.95,UPLOAD,0.95,1,1448,100.0,25,0.0,36200.0,0,25,0.0,1.0,0.009750611658450582,1,0,1,1,1,1,1,1,0.9699999999999999,1.0,1.0,1.0,0.8,skip,attack_already_active,1785296127.692154,1785296127692153731,1384795908852183,7.4,53.33203125,-1.0,0,0
2026-07-28T23:35:27.693,10.42.0.210,10.42.0.1|10.42.0.210,31,3,UPLOAD,0.95,UPLOAD,0.95,1,1448,100.0,26,0.0,37648.0,0,26,0.0,1.0,0.008605694867377719,1,0,1,1,1,1,1,1,0.9699999999999999,1.0,1.0,1.0,0.8,skip,attack_already_active,1785296127.693216,1785296127693215886,1384795909914638,7.4,53.33203125,-1.0,0,0
2026-07-28T23:35:27.694,10.42.0.210,10.42.0.1|10.42.0.210,31,3,UPLOAD,0.95,UPLOAD,0.95,1,1448,100.0,27,0.0,39096.0,0,27,0.0,1.0,0.0076906638445041085,1,0,1,1,1,1,1,1,0.9699999999999999,1.0,1.0,1.0,0.8,skip,attack_already_active,1785296127.6948779,1785296127694878011,1384795911576571,7.4,53.33203125,-1.0,0,0
2026-07-28T23:35:27.695,10.42.0.210,10.42.0.1|10.42.0.210,31,3,UPLOAD,0.95,UPLOAD,0.95,1,1448,100.0,28,0.0,40544.0,0,28,0.0,1.0,0.0068070791532656915,1,0,1,1,1,1,1,1,0.9699999999999999,1.0,1.0,1.0,0.8,skip,attack_already_active,1785296127.6958632,1785296127695863203,1384795912561418,7.4,53.33203125,-1.0,0,0
2026-07-28T23:35:27.697,10.42.0.210,10.42.0.1|10.42.0.210,31,3,UPLOAD,0.95,UPLOAD,0.95,1,1448,100.0,29,0.0,41992.0,0,29,0.0,1.0,0.0060866147430168075,1,0,1,1,1,1,1,1,0.9699999999999999,1.0,1.0,1.0,0.8,skip,attack_already_active,1785296127.697203,1785296127697202907,1384795913901118,7.4,53.33203125,-1.0,0,0
2026-07-28T23:35:27.698,10.42.0.210,10.42.0.1|10.42.0.210,31,3,UPLOAD,0.95,UPLOAD,0.95,1,1448,100.0,30,0.0,43440.0,0,30,0.0,1.0,0.005406297059780641,1,0,1,1,1,1,1,1,0.9699999999999999,1.0,1.0,1.0,0.8,skip,attack_already_active,1785296127.6981268,1785296127698126829,1384795914825189,7.4,53.33203125,-1.0,0,0
2026-07-28T23:35:27.699,10.42.0.210,10.42.0.1|10.42.0.210,31,3,UPLOAD,0.95,UPLOAD,0.95,1,1448,100.0,31,0.0,44888.0,0,31,0.0,1.0,0.004874567073360448,1,0,1,1,1,1,1,1,0.9699999999999999,1.0,1.0,1.0,0.8,skip,attack_already_active,1785296127.699498,1785296127699497858,1384795916196102,7.4,53.33203125,-1.0,0,0
2026-07-28T23:35:27.700,10.42.0.210,10.42.0.1|10.42.0.210,31,3,UPLOAD,0.95,UPLOAD,0.95,1,1448,100.0,32,0.0,46336.0,0,32,0.0,1.0,0.0043521441140050784,1,0,1,1,1,1,1,1,0.9699999999999999,1.0,1.0,1.0,0.8,skip,attack_already_active,1785296127.700408,1785296127700407995,1384795917106193,7.4,53.33203125,-1.0,0,0
2026-07-28T23:35:27.701,10.42.0.210,10.42.0.1|10.42.0.210,31,3,UPLOAD,0.95,UPLOAD,0.95,1,1448,100.0,33,0.0,47784.0,0,33,0.0,1.0,0.003957470940620319,1,0,1,1,1,1,1,1,0.9699999999999999,1.0,1.0,1.0,0.8,skip,attack_already_active,1785296127.701765,1785296127701765044,1384795918463275,7.4,53.33203125,-1.0,0,0
2026-07-28T23:35:27.703,10.42.0.210,10.42.0.1|10.42.0.210,31,3,UPLOAD,0.95,UPLOAD,0.95,1,1448,100.0,34,0.0,49232.0,0,34,0.0,1.0,0.0036086163711258343,1,0,1,1,1,1,1,1,0.9699999999999999,1.0,1.0,1.0,0.8,skip,attack_already_active,1785296127.7030752,1785296127703075058,1384795919773904,7.4,53.33203125,-1.0,0,0
2026-07-28T23:35:27.704,10.42.0.210,10.42.0.1|10.42.0.210,31,3,UPLOAD,0.95,UPLOAD,0.95,1,1448,100.0,35,0.0,50680.0,0,35,0.0,1.0,0.0032563750636009844,1,0,1,1,1,1,1,1,0.9699999999999999,1.0,1.0,1.0,0.8,skip,attack_already_active,1785296127.7040107,1785296127704010872,1384795920709023,7.4,53.33203125,-1.0,0,0
2026-07-28T23:35:27.704,10.42.0.210,10.42.0.1|10.42.0.210,31,3,UPLOAD,0.95,UPLOAD,0.95,1,1448,100.0,36,0.0,52128.0,0,36,0.0,1.0,0.002955168537056963,1,0,1,1,1,1,1,1,0.9699999999999999,1.0,1.0,1.0,0.8,skip,attack_already_active,1785296127.7049813,1785296127704981308,1384795921679987,7.4,53.33203125,-1.0,0,0
2026-07-28T23:35:27.705,10.42.0.210,10.42.0.1|10.42.0.210,31,3,UPLOAD,0.95,UPLOAD,0.95,1,1448,100.0,37,0.0,53576.0,0,37,0.0,1.0,0.002687589766592863,1,0,1,1,1,1,1,1,0.9699999999999999,1.0,1.0,1.0,0.8,skip,attack_already_active,1785296127.705906,1785296127705905994,1384795922604143,7.4,53.33203125,-1.0,0,0
2026-07-28T23:35:27.708,10.42.0.1,10.42.0.1|10.42.0.210,31,3,UPLOAD,0.95,UPLOAD,0.95,1,7240,100.0,1,0.0,7240.0,0,1,0.0,1.0,0.16713689124716116,1,0,1,1,1,1,1,1,0.9699999999999999,1.0,1.0,1.0,0.8,skip,attack_already_active,1785296127.708639,1785296127708638957,1384795925337376,7.4,53.33203125,-1.0,0,0
2026-07-28T23:35:27.709,10.42.0.1,10.42.0.1|10.42.0.210,31,3,UPLOAD,0.95,UPLOAD,0.95,1,7240,100.0,2,0.0,14480.0,0,2,0.0,1.0,0.14523809186225523,1,0,1,1,1,1,1,1,0.9699999999999999,1.0,1.0,1.0,0.8,skip,attack_already_active,1785296127.7095919,1785296127709591891,1384795926290181,7.4,53.33203125,-1.0,0,0
2026-07-28T23:35:27.724,10.42.0.1,10.42.0.1|10.42.0.210,31,3,UPLOAD,0.9588839786118982,UPLOAD,0.9588839786118982,1,1448,100.0,3,0.0,15928.0,0,3,0.0,1.0,0.12800488971904353,1,0,1,1,1,1,1,1,0.9699999999999999,1.0,1.0,1.0,0.8,skip,attack_already_active,1785296127.724052,1785296127724051855,1384795940750850,7.4,53.33203125,-1.0,0,0
2026-07-28T23:35:27.816,10.42.0.1,10.42.0.1|10.42.0.210,31,3,UPLOAD,0.9614137388943756,UPLOAD,0.9614137388943756,1,14480,100.0,4,0.0,30408.0,0,4,0.0,1.0,0.12328738454210542,1,0,1,1,1,1,1,1,0.9699999999999999,1.0,1.0,1.0,0.8,skip,attack_already_active,1785296127.816257,1785296127816256927,1384796032955562,7.4,53.33203125,-1.0,0,0
2026-07-28T23:35:27.817,10.42.0.1,10.42.0.1|10.42.0.210,31,3,UPLOAD,0.9630307277280646,UPLOAD,0.9630307277280646,1,14480,100.0,5,0.0,44888.0,0,5,0.0,1.0,0.10714562380976866,1,0,1,1,1,1,1,1,0.9699999999999999,1.0,1.0,1.0,0.8,skip,attack_already_active,1785296127.817049,1785296127817049092,1384796033747305,7.4,53.33203125,-1.0,0,0
2026-07-28T23:35:27.818,10.42.0.1,10.42.0.1|10.42.0.210,31,3,UPLOAD,0.9645324228812728,UPLOAD,0.9645324228812728,1,15928,100.0,6,0.0,60816.0,0,6,0.0,1.0,0.09317589343941597,1,0,1,1,1,1,1,1,0.9699999999999999,1.0,1.0,1.0,0.8,skip,attack_already_active,1785296127.8181822,1785296127818182029,1384796034880226,7.4,53.33203125,-1.0,0,0
2026-07-28T23:35:27.819,10.42.0.1,10.42.0.1|10.42.0.210,31,3,UPLOAD,0.9661456809552301,UPLOAD,0.9661456809552301,1,14480,100.0,7,0.0,75296.0,0,7,0.0,1.0,0.08107051714396663,1,0,1,1,1,1,1,1,0.9699999999999999,1.0,1.0,1.0,0.8,skip,attack_already_active,1785296127.8194938,1785296127819493877,1384796036192124,7.4,53.33203125,-1.0,0,0
2026-07-28T23:35:27.820,10.42.0.1,10.42.0.1|10.42.0.210,31,3,UPLOAD,0.9672737908116418,UPLOAD,0.9672737908116418,1,4233,100.0,8,0.0,79529.0,0,8,0.0,1.0,0.0705555135046375,1,0,1,1,1,1,1,1,0.9699999999999999,1.0,1.0,1.0,0.8,skip,attack_already_active,1785296127.8207688,1785296127820768726,1384796037466870,7.4,53.33203125,-1.0,0,0
2026-07-28T23:35:27.939,10.42.0.1,10.42.0.1|10.42.0.210,31,3,UPLOAD,0.9655381397842998,UPLOAD,0.9655381397842998,0,43,100.0,8,0.0,79529.0,0,8,0.0,1.0,0.25181699996642626,1,0,1,1,1,1,1,1,0.8374999999999999,0.8500000000000001,1.0,0.6000000000000001,0.8,skip,attack_already_active,1785296127.9399722,1785296127939972109,1384796156671480,7.4,53.33203125,-1.0,0,0
2026-07-28T23:35:34.448,10.42.0.47,10.42.0.1|10.42.0.210|10.42.0.47,31,3,UPLOAD,0.95,UPLOAD,0.95,1,7240,100.0,1,0.0,7240.0,0,1,0.0,1.0,1.160947609183382,1,0,0,1,1,1,1,1,0.9699999999999999,1.0,1.0,1.0,0.8,trigger,training_upload_trigger_confirmed,1785296134.4486823,1785296134448682254,1384802665380963,13.4,53.33203125,7.385393,1785296134456068989,1384802672766356
2026-07-28T23:35:34.450,10.42.0.47,10.42.0.1|10.42.0.210|10.42.0.47,31,3,UPLOAD,0.95,UPLOAD,0.95,1,7240,100.0,2,0.0,14480.0,0,2,0.0,1.0,1.008171615819215,1,0,1,1,1,1,1,1,0.9699999999999999,1.0,1.0,1.0,0.8,skip,attack_already_active,1785296134.4502552,1785296134450255085,1384802666954717,13.4,53.33203125,-1.0,0,0
2026-07-28T23:35:34.471,10.42.0.47,10.42.0.1|10.42.0.210|10.42.0.47,31,3,UPLOAD,0.95,UPLOAD,0.95,1,5792,100.0,3,0.0,20272.0,0,3,0.0,1.0,0.8780737333687597,1,0,1,1,1,1,1,1,0.9699999999999999,1.0,1.0,1.0,0.8,skip,attack_already_active,1785296134.47115,1785296134471149795,1384802687848564,13.4,53.33203125,-1.0,0,0
2026-07-28T23:35:34.473,10.42.0.47,10.42.0.1|10.42.0.210|10.42.0.47,31,3,UPLOAD,0.95,UPLOAD,0.95,1,4344,100.0,4,0.0,24616.0,0,4,0.0,1.0,0.7626159910814565,1,0,1,1,1,1,1,1,0.9699999999999999,1.0,1.0,1.0,0.8,skip,attack_already_active,1785296134.4730468,1785296134473046836,1384802689745326,13.4,53.33203125,-1.0,0,0
2026-07-28T23:35:34.474,10.42.0.47,10.42.0.1|10.42.0.210|10.42.0.47,31,3,UPLOAD,0.95,UPLOAD,0.95,1,4344,100.0,5,0.0,28960.0,0,5,0.0,1.0,0.66226364420777,1,0,1,1,1,1,1,1,0.9699999999999999,1.0,1.0,1.0,0.8,skip,attack_already_active,1785296134.4741166,1785296134474116527,1384802690815181,13.4,53.33203125,-1.0,0,0
2026-07-28T23:35:34.477,10.42.0.47,10.42.0.1|10.42.0.210|10.42.0.47,31,3,UPLOAD,0.95,UPLOAD,0.95,1,8688,100.0,6,0.0,37648.0,0,6,0.0,1.0,0.575486610484242,1,0,1,1,1,1,1,1,0.9699999999999999,1.0,1.0,1.0,0.8,skip,attack_already_active,1785296134.4778533,1785296134477853189,1384802694552003,13.4,53.33203125,-1.0,0,0
2026-07-28T23:35:34.480,10.42.0.47,10.42.0.1|10.42.0.210|10.42.0.47,31,3,UPLOAD,0.95,UPLOAD,0.95,1,1448,100.0,7,0.0,39096.0,0,7,0.0,1.0,0.4999469583232655,1,0,1,1,1,1,1,1,0.9699999999999999,1.0,1.0,1.0,0.8,skip,attack_already_active,1785296134.4800904,1785296134480090484,1384802696789162,13.4,53.33203125,-1.0,0,0
2026-07-28T23:35:34.480,10.42.0.47,10.42.0.1|10.42.0.210|10.42.0.47,31,3,UPLOAD,0.95,UPLOAD,0.95,1,4344,100.0,8,0.0,43440.0,0,8,0.0,1.0,0.43417570071195744,1,0,1,1,1,1,1,1,0.9699999999999999,1.0,1.0,1.0,0.8,skip,attack_already_active,1785296134.4809175,1785296134480917611,1384802697616039,13.4,53.33203125,-1.0,0,0
2026-07-28T23:35:34.481,10.42.0.47,10.42.0.1|10.42.0.210|10.42.0.47,31,3,UPLOAD,0.95,UPLOAD,0.95,1,2896,100.0,9,0.0,46336.0,0,9,0.0,1.0,0.377058314544039,1,0,1,1,1,1,1,1,0.9699999999999999,1.0,1.0,1.0,0.8,skip,attack_already_active,1785296134.481645,1785296134481644971,1384802698343227,13.4,53.33203125,-1.0,0,0
2026-07-28T23:35:34.482,10.42.0.47,10.42.0.1|10.42.0.210|10.42.0.47,31,3,UPLOAD,0.95,UPLOAD,0.95,1,8688,100.0,10,0.0,55024.0,0,10,0.0,1.0,0.3275035146133766,1,0,1,1,1,1,1,1,0.9699999999999999,1.0,1.0,1.0,0.8,skip,attack_already_active,1785296134.4826458,1785296134482645873,1384802699344149,13.4,53.33203125,-1.0,0,0
2026-07-28T23:35:34.483,10.42.0.47,10.42.0.1|10.42.0.210|10.42.0.47,31,3,UPLOAD,0.95,UPLOAD,0.95,1,8688,100.0,11,0.0,63712.0,0,11,0.0,1.0,0.28449733985108366,1,0,1,1,1,1,1,1,0.9699999999999999,1.0,1.0,1.0,0.8,skip,attack_already_active,1785296134.4837873,1785296134483787303,1384802700485709,13.4,53.33203125,-1.0,0,0
2026-07-28T23:35:34.484,10.42.0.47,10.42.0.1|10.42.0.210|10.42.0.47,31,3,UPLOAD,0.95,UPLOAD,0.95,1,8688,100.0,12,0.0,72400.0,0,12,0.0,1.0,0.24716604104063533,1,0,1,1,1,1,1,1,0.9699999999999999,1.0,1.0,1.0,0.8,skip,attack_already_active,1785296134.4849877,1785296134484987543,1384802701686382,13.4,53.33203125,-1.0,0,0
2026-07-28T23:35:34.486,10.42.0.47,10.42.0.1|10.42.0.210|10.42.0.47,31,3,UPLOAD,0.95,UPLOAD,0.95,1,7128,100.0,13,0.0,79528.0,0,13,0.0,1.0,0.21475603360142562,1,0,1,1,1,1,1,1,0.9699999999999999,1.0,1.0,1.0,0.8,skip,attack_already_active,1785296134.4862032,1785296134486203093,1384802702901363,13.4,53.33203125,-1.0,0,0
2026-07-28T23:35:34.487,10.42.0.1,10.42.0.1|10.42.0.210|10.42.0.47,31,3,UPLOAD,0.9580357872935,UPLOAD,0.9580357872935,1,7240,100.0,1,0.0,7240.0,0,1,0.0,1.0,1.0809888381712756,1,0,0,1,1,1,1,1,0.9699999999999999,1.0,1.0,1.0,0.8,skip,already_attacked_this_round,1785296134.4873393,1785296134487339376,1384802704037902,13.4,53.33203125,-1.0,0,0
2026-07-28T23:35:34.507,10.42.0.1,10.42.0.1|10.42.0.210|10.42.0.47,31,3,UPLOAD,0.9553582217687904,UPLOAD,0.9553582217687904,1,1448,100.0,2,0.0,8688.0,0,2,0.0,1.0,0.9412471848400739,1,0,0,1,1,1,1,1,0.9699999999999999,1.0,1.0,1.0,0.8,skip,already_attacked_this_round,1785296134.5078673,1785296134507867344,1384802724566026,13.4,53.33203125,-1.0,0,0
2026-07-28T23:35:34.581,10.42.0.1,10.42.0.1|10.42.0.210|10.42.0.47,31,3,UPLOAD,0.9503366767913388,UPLOAD,0.9503366767913388,1,10136,100.0,3,0.0,18824.0,0,3,0.0,1.0,0.8268983332418647,1,0,0,1,1,1,1,1,0.9699999999999999,1.0,1.0,1.0,0.8,skip,already_attacked_this_round,1785296134.5813527,1785296134581352605,1384802798051351,13.4,53.33203125,-1.0,0,0
2026-07-28T23:35:34.582,10.42.0.1,10.42.0.1|10.42.0.210|10.42.0.47,31,3,UPLOAD,0.9161581761757321,UPLOAD,0.9161581761757321,0,43,100.0,3,0.0,18824.0,0,3,0.0,1.0,1.593194241825859,1,0,0,1,1,1,1,1,0.8374999999999999,0.8500000000000001,1.0,0.6000000000000001,0.8,skip,already_attacked_this_round,1785296134.5820782,1785296134582078325,1384802798776401,13.4,53.33203125,-1.0,0,0
2026-07-28T23:35:34.642,10.42.0.1,10.42.0.1|10.42.0.210|10.42.0.47,31,3,UPLOAD,0.95,UPLOAD,0.95,1,2896,100.0,4,0.0,21720.0,0,4,0.0,1.0,1.3913717650559834,1,0,0,1,1,1,1,1,0.9699999999999999,1.0,1.0,1.0,0.8,skip,already_attacked_this_round,1785296134.642972,1785296134642971885,1384802859670032,13.4,53.33203125,-1.0,0,0
2026-07-28T23:35:34.687,10.42.0.1,10.42.0.1|10.42.0.210|10.42.0.47,31,3,UPLOAD,0.95,UPLOAD,0.95,1,1448,100.0,5,0.0,23168.0,0,5,0.0,1.0,1.2138459920846576,1,0,0,1,1,1,1,1,0.9699999999999999,1.0,1.0,1.0,0.8,skip,already_attacked_this_round,1785296134.6871498,1785296134687149816,1384802903848552,13.4,53.33203125,-1.0,0,0
2026-07-28T23:35:34.687,10.42.0.1,10.42.0.1|10.42.0.210|10.42.0.47,31,3,UPLOAD,0.95,UPLOAD,0.95,1,1448,100.0,6,0.0,24616.0,0,6,0.0,1.0,1.0539911720247694,1,0,0,1,1,1,1,1,0.9699999999999999,1.0,1.0,1.0,0.8,skip,already_attacked_this_round,1785296134.6879017,1785296134687901711,1384802904599976,13.4,53.33203125,-1.0,0,0
2026-07-28T23:35:34.688,10.42.0.1,10.42.0.1|10.42.0.210|10.42.0.47,31,3,UPLOAD,0.9807026715236465,UPLOAD,0.9807026715236465,1,1448,100.0,7,0.0,26064.0,0,7,0.0,1.0,0.9152028953403771,1,0,0,1,1,1,1,1,0.9699999999999999,1.0,1.0,1.0,0.8,skip,already_attacked_this_round,1785296134.688667,1785296134688667045,1384802905365356,13.4,53.33203125,-1.0,0,0
2026-07-28T23:35:34.690,10.42.0.1,10.42.0.1|10.42.0.210|10.42.0.47,31,3,UPLOAD,0.9893283623925735,UPLOAD,0.9893283623925735,1,2896,100.0,8,0.0,28960.0,0,8,0.0,1.0,0.7948651072853433,1,0,0,1,1,1,1,1,0.9699999999999999,1.0,1.0,1.0,0.8,skip,already_attacked_this_round,1785296134.6906598,1785296134690659939,1384802907358378,13.4,53.33203125,-1.0,0,0
2026-07-28T23:35:34.691,10.42.0.1,10.42.0.1|10.42.0.210|10.42.0.47,31,3,UPLOAD,0.9929569200238201,UPLOAD,0.9929569200238201,1,7240,100.0,9,0.0,36200.0,0,9,0.0,1.0,0.6902228102086332,1,0,0,1,1,1,1,1,0.9699999999999999,1.0,1.0,1.0,0.8,skip,already_attacked_this_round,1785296134.6914234,1785296134691423591,1384802908121866,13.4,53.33203125,-1.0,0,0
2026-07-28T23:35:34.696,10.42.0.1,10.42.0.1|10.42.0.210|10.42.0.47,31,3,UPLOAD,0.9938444366584684,UPLOAD,0.9938444366584684,1,5792,100.0,10,0.0,41992.0,0,10,0.0,1.0,0.599952710448159,1,0,0,1,1,1,1,1,0.9699999999999999,1.0,1.0,1.0,0.8,skip,already_attacked_this_round,1785296134.6966114,1785296134696611419,1384802913309989,13.4,53.33203125,-1.0,0,0
2026-07-28T23:35:34.703,10.42.0.1,10.42.0.1|10.42.0.210|10.42.0.47,31,3,UPLOAD,0.9938683673228838,UPLOAD,0.9938683673228838,1,7240,100.0,11,0.0,49232.0,0,11,0.0,1.0,0.5217925493653839,1,0,0,1,1,1,1,1,0.9699999999999999,1.0,1.0,1.0,0.8,skip,already_attacked_this_round,1785296134.7034283,1785296134703428324,1384802920126740,13.4,53.33203125,-1.0,0,0
2026-07-28T23:35:34.709,10.42.0.1,10.42.0.1|10.42.0.210|10.42.0.47,31,3,UPLOAD,0.9938104857448273,UPLOAD,0.9938104857448273,1,5792,100.0,12,0.0,55024.0,0,12,0.0,1.0,0.45386617661811446,1,0,0,1,1,1,1,1,0.9699999999999999,1.0,1.0,1.0,0.8,skip,already_attacked_this_round,1785296134.7097464,1785296134709746476,1384802926444893,13.4,53.33203125,-1.0,0,0
2026-07-28T23:35:34.715,10.42.0.1,10.42.0.1|10.42.0.210|10.42.0.47,31,3,UPLOAD,0.9912235200863188,UPLOAD,0.9912235200863188,1,7240,100.0,13,0.0,62264.0,0,13,0.0,1.0,0.39480336212244393,1,0,0,1,1,1,1,1,0.9699999999999999,1.0,1.0,1.0,0.8,skip,already_attacked_this_round,1785296134.7154012,1785296134715401204,1384802932099665,13.4,53.33203125,-1.0,0,0
2026-07-28T23:35:34.720,10.42.0.1,10.42.0.1|10.42.0.210|10.42.0.47,31,3,UPLOAD,0.9879762949507587,UPLOAD,0.9879762949507587,1,5792,100.0,14,0.0,68056.0,0,14,0.0,1.0,0.3433995452496058,1,0,0,1,1,1,1,1,0.9699999999999999,1.0,1.0,1.0,0.8,skip,already_attacked_this_round,1785296134.7201152,1785296134720115243,1384802936813734,13.4,53.33203125,-1.0,0,0
2026-07-28T23:35:34.723,10.42.0.1,10.42.0.1|10.42.0.210|10.42.0.47,31,3,UPLOAD,0.9723840278584576,UPLOAD,0.9723840278584576,1,5792,100.0,15,0.0,73848.0,0,15,0.0,1.0,0.2986321132267217,1,0,0,1,1,1,1,1,0.9699999999999999,1.0,1.0,1.0,0.8,skip,already_attacked_this_round,1785296134.723787,1785296134723787091,1384802940485677,13.4,53.33203125,-1.0,0,0
2026-07-28T23:35:34.727,10.42.0.1,10.42.0.1|10.42.0.210|10.42.0.47,31,3,UPLOAD,0.95,UPLOAD,0.95,1,5697,100.0,16,0.0,79545.0,0,16,0.0,1.0,0.25971638254544255,1,0,0,1,1,1,1,1,0.9699999999999999,1.0,1.0,1.0,0.8,skip,already_attacked_this_round,1785296134.7270985,1785296134727098347,1384802943796765,13.4,53.33203125,-1.0,0,0
2026-07-28T23:35:35.025,10.42.0.1,10.42.0.1,32,1,DOWNLOAD,0.95,DOWNLOAD,0.95,-1,1448,54.93439222794585,17,1448.0,79545.0,1,16,0.017878088229847024,0.982121911770153,0.2839572485634653,0,0,0,0,1,0,0,0,0.44,0.8500000000000001,0.0,0.6000000000000001,0.15,skip,training_upload_trigger_not_confirmed,1785296135.0257518,1785296135025751762,1384803242450570,33.4,53.33203125,-1.0,0,0
2026-07-28T23:35:35.029,10.42.0.1,10.42.0.1,32,1,DOWNLOAD,0.95,DOWNLOAD,0.95,-1,5792,10.986878451659269,18,7240.0,79545.0,2,16,0.08342455493460851,0.9165754450653915,0.24704689081830603,0,0,0,0,1,0,0,0,0.44,0.8500000000000001,0.0,0.6000000000000001,0.15,skip,training_upload_trigger_not_confirmed,1785296135.0296066,1785296135029606645,1384803246305123,33.4,53.33203125,-1.0,0,0
2026-07-28T23:35:35.030,10.42.0.1,10.42.0.1,32,1,DOWNLOAD,0.95,DOWNLOAD,0.95,-1,7240,5.493439226209016,19,14480.0,79545.0,3,16,0.1540015953203935,0.8459984046796065,0.21459056622765116,0,0,0,0,1,0,0,0,0.44,0.8500000000000001,0.0,0.6000000000000001,0.15,skip,training_upload_trigger_not_confirmed,1785296135.0303514,1785296135030351284,1384803247049842,33.4,53.33203125,-1.0,0,0
2026-07-28T23:35:35.031,10.42.0.1,10.42.0.1,32,1,DOWNLOAD,0.95,DOWNLOAD,0.95,-1,7240,3.662292817556984,20,21720.0,79545.0,4,16,0.2144867427047845,0.7855132572952155,0.18641275886028916,0,0,0,0,1,0,0,0,0.4,0.8500000000000001,0.0,0.4,0.15,skip,training_upload_trigger_not_confirmed,1785296135.0311084,1785296135031108326,1384803247806757,33.4,53.33203125,-1.0,0,0
2026-07-28T23:35:35.031,10.42.0.1,10.42.0.1,32,1,DOWNLOAD,0.95,DOWNLOAD,0.95,-1,7240,2.746719613199353,21,28960.0,79545.0,5,16,0.2669001428505599,0.7330998571494401,0.16194674755613236,0,0,0,0,1,0,0,0,0.4,0.8500000000000001,0.0,0.4,0.15,skip,training_upload_trigger_not_confirmed,1785296135.0318553,1785296135031855328,1384803248553906,33.4,53.33203125,-1.0,0,0
2026-07-28T23:35:35.033,10.42.0.1,10.42.0.1,32,1,DOWNLOAD,0.95,DOWNLOAD,0.95,-1,7240,2.197375690574658,22,36200.0,79545.0,6,16,0.31275649056114735,0.6872435094388526,0.14084475961046838,0,0,0,0,1,0,0,0,0.4,0.8500000000000001,0.0,0.4,0.15,skip,training_upload_trigger_not_confirmed,1785296135.033665,1785296135033664963,1384803250364180,33.4,53.33203125,-1.0,0,0
2026-07-28T23:35:35.034,10.42.0.1,10.42.0.1,32,1,DOWNLOAD,0.95,DOWNLOAD,0.95,-1,7240,1.8311464088206457,23,43440.0,79545.0,7,16,0.3532138065617758,0.6467861934382242,0.1223744932189106,0,0,0,0,1,0,0,0,0.32,0.8500000000000001,0.0,0.0,0.15,skip,training_upload_trigger_not_confirmed,1785296135.034344,1785296135034344040,1384803251042274,33.4,53.33203125,-1.0,0,0
2026-07-28T23:35:35.035,10.42.0.1,10.42.0.1,32,1,DOWNLOAD,0.95,DOWNLOAD,0.95,-1,7240,1.5695540647085722,24,50680.0,79545.0,8,16,0.38917258590900367,0.6108274140909964,0.10635500755709007,0,0,0,0,1,0,0,0,0.32,0.8500000000000001,0.0,0.0,0.15,skip,training_upload_trigger_not_confirmed,1785296135.035151,1785296135035151017,1384803251849137,33.4,53.33203125,-1.0,0,0
2026-07-28T23:35:35.035,10.42.0.1,10.42.0.1,32,1,DOWNLOAD,0.95,DOWNLOAD,0.95,-1,7240,1.373359806623388,25,57920.0,79545.0,9,16,0.421343614738297,0.5786563852617029,0.09241710576330063,0,0,0,0,1,0,0,0,0.32,0.8500000000000001,0.0,0.0,0.15,skip,training_upload_trigger_not_confirmed,1785296135.0357351,1785296135035735052,1384803252433100,33.4,53.33203125,-1.0,0,0
2026-07-28T23:35:35.036,10.42.0.1,10.42.0.1,32,1,DOWNLOAD,0.95,DOWNLOAD,0.95,-1,8688,1.1942259188056357,26,66608.0,79545.0,10,16,0.45574158587233926,0.5442584141276607,0.08032604283844294,0,0,0,0,1,0,0,0,0.30250000000000005,0.8000000000000002,0.0,0.0,0.15,skip,training_upload_trigger_not_confirmed,1785296135.0363965,1785296135036396601,1384803253094845,33.4,53.33203125,-1.0,0,0
2026-07-28T23:35:35.037,10.42.0.1,10.42.0.1,32,1,DOWNLOAD,0.95,DOWNLOAD,0.95,-1,10136,1.0364979672673238,27,76744.0,79545.0,11,16,0.49103903665645054,0.5089609633435495,0.06982890165721775,0,0,0,0,1,0,0,0,0.30250000000000005,0.8000000000000002,0.0,0.0,0.15,skip,training_upload_trigger_not_confirmed,1785296135.0370626,1785296135037062635,1384803253760753,33.4,53.33203125,-1.0,0,0
2026-07-28T23:35:35.037,10.42.0.1,10.42.0.1,32,1,DOWNLOAD,0.95,DOWNLOAD,0.95,-1,10136,0.9155732044208612,28,86880.0,79545.0,12,16,0.5220369535826949,0.4779630464173051,0.06071598962086665,0,0,0,0,1,0,0,0,0.30250000000000005,0.8000000000000002,0.0,0.0,0.15,skip,training_upload_trigger_not_confirmed,1785296135.0377362,1785296135037736066,1384803254434326,33.4,53.33203125,-1.0,0,0
2026-07-28T23:35:35.038,10.42.0.1,10.42.0.1,32,1,DOWNLOAD,0.95,DOWNLOAD,0.95,-1,14480,0.7847770323620287,29,101360.0,79545.0,13,16,0.5602940770017413,0.4397059229982588,0.05279710913370422,0,0,0,0,1,0,0,0,0.28500000000000003,0.7500000000000001,0.0,0.0,0.15,skip,training_upload_trigger_not_confirmed,1785296135.038358,1785296135038358122,1384803255056485,33.4,53.33203125,-1.0,0,0
2026-07-28T23:35:35.038,10.42.0.1,10.42.0.1,32,1,DOWNLOAD,0.95,DOWNLOAD,0.95,-1,14480,0.6866799033176219,30,115840.0,79545.0,14,16,0.5928807226757428,0.40711927732425723,0.04592076097420003,0,0,0,0,1,0,0,0,0.28500000000000003,0.7500000000000001,0.0,0.0,0.15,skip,training_upload_trigger_not_confirmed,1785296135.0389724,1785296135038972408,1384803255670653,33.4,53.33203125,-1.0,0,0
2026-07-28T23:35:35.039,10.42.0.1,10.42.0.1,32,1,DOWNLOAD,0.95,DOWNLOAD,0.95,-1,4344,0.6618601477762276,31,120184.0,79545.0,15,16,0.6017353514011485,0.39826464859885147,0.039977307634944836,0,0,0,0,1,0,0,0,0.28500000000000003,0.7500000000000001,0.0,0.0,0.15,skip,training_upload_trigger_not_confirmed,1785296135.03979,1785296135039789890,1384803256487879,33.4,53.33203125,-1.0,0,0
2026-07-28T23:35:35.040,10.42.0.1,10.42.0.1,32,1,DOWNLOAD,0.95,DOWNLOAD,0.95,-1,14480,0.5906923899513552,32,134664.0,79545.0,16,16,0.6286570592272034,0.37134294077279667,0.034785789308031605,0,0,0,0,1,0,0,0,0.28500000000000003,0.7500000000000001,0.0,0.0,0.15,skip,training_upload_trigger_not_confirmed,1785296135.0403702,1785296135040370227,1384803257068198,33.4,53.33203125,-1.0,0,0
2026-07-28T23:35:35.040,10.42.0.1,10.42.0.1,32,1,DOWNLOAD,0.95,DOWNLOAD,0.95,-1,10136,0.5493439226550458,33,144800.0,79545.0,17,16,0.645434487062337,0.354565512937663,0.030284161367464618,0,0,0,0,1,0,0,0,0.28500000000000003,0.7500000000000001,0.0,0.0,0.15,skip,training_upload_trigger_not_confirmed,1785296135.0409944,1785296135040994419,1384803257692572,33.4,53.33203125,-1.0,0,0
2026-07-28T23:35:35.041,10.42.0.1,10.42.0.1,32,1,DOWNLOAD,0.95,DOWNLOAD,0.95,-1,14480,0.49940356605035524,34,159280.0,79545.0,18,16,0.6669318538678949,0.3330681461321051,0.02638434144740636,0,0,0,0,1,0,0,0,0.28500000000000003,0.7500000000000001,0.0,0.0,0.15,skip,training_upload_trigger_not_confirmed,1785296135.041684,1785296135041684003,1384803258382408,33.4,53.33203125,-1.0,0,0
2026-07-28T23:35:35.042,10.42.0.1,10.42.0.1,32,1,DOWNLOAD,0.95,DOWNLOAD,0.95,-1,4344,0.48614506429688703,35,163624.0,79545.0,19,16,0.672881822929732,0.327118177070268,0.022993862690847515,0,0,0,0,1,0,0,0,0.28500000000000003,0.7500000000000001,0.0,0.0,0.15,skip,training_upload_trigger_not_confirmed,1785296135.0423388,1785296135042338750,1384803259036917,33.4,53.33203125,-1.0,0,0
2026-07-28T23:35:35.042,10.42.0.1,10.42.0.1,32,1,DOWNLOAD,0.95,DOWNLOAD,0.95,-1,18824,0.4359872402030387,36,182448.0,79545.0,20,16,0.6963850179203261,0.3036149820796739,0.020042465188375283,0,0,0,0,1,0,0,0,0.28500000000000003,0.7500000000000001,0.0,0.0,0.15,skip,training_upload_trigger_not_confirmed,1785296135.0429354,1785296135042935329,1384803259633299,33.4,53.33203125,-1.0,0,0
2026-07-28T23:35:35.044,10.42.0.1,10.42.0.1,32,1,DOWNLOAD,0.95,DOWNLOAD,0.95,-1,14480,0.4039293548941545,37,196928.0,79545.0,21,16,0.7122865523939047,0.28771344760609535,0.01754734560454458,0,0,0,0,1,0,0,0,0.28500000000000003,0.7500000000000001,0.0,0.0,0.15,skip,training_upload_trigger_not_confirmed,1785296135.044043,1785296135044042930,1384803260740999,33.4,53.33203125,-1.0,0,0
2026-07-28T23:35:35.045,10.42.0.1,10.42.0.1,32,1,DOWNLOAD,0.95,DOWNLOAD,0.95,-1,18824,0.3686871964136198,38,215752.0,79545.0,22,16,0.7306271313287978,0.2693728686712022,0.01540954615173671,0,0,0,0,1,0,0,0,0.28500000000000003,0.7500000000000001,0.0,0.0,0.15,skip,training_upload_trigger_not_confirmed,1785296135.0453672,1785296135045367240,1384803262065677,33.4,53.33203125,-1.0,0,0
2026-07-28T23:35:35.046,10.42.0.1,10.42.0.1,32,1,DOWNLOAD,0.95,DOWNLOAD,0.95,-1,4344,0.3614104754318051,39,220096.0,79545.0,23,16,0.7345323236806712,0.26546767631932877,0.013498881920640058,0,0,0,0,1,0,0,0,0.28500000000000003,0.7500000000000001,0.0,0.0,0.15,skip,training_upload_trigger_not_confirmed,1785296135.0462773,1785296135046277303,1384803262975494,33.4,53.33203125,-1.0,0,0
2026-07-28T23:35:35.047,10.42.0.1,10.42.0.1,32,1,DOWNLOAD,0.95,DOWNLOAD,0.95,-1,1448,0.35904831546167326,40,221544.0,79545.0,24,16,0.7358090132817872,0.2641909867182129,0.01183773239495166,0,0,0,0,1,0,0,0,0.28500000000000003,0.7500000000000001,0.0,0.0,0.15,skip,training_upload_trigger_not_confirmed,1785296135.0471702,1785296135047170148,1384803263868357,33.4,53.33203125,-1.0,0,0
2026-07-28T23:35:35.047,10.42.0.1,10.42.0.1,32,1,DOWNLOAD,0.95,DOWNLOAD,0.95,-1,18824,0.33093007388949053,41,240368.0,79545.0,25,16,0.7513542744433643,0.24864572555663572,0.010358690094622047,0,0,0,0,1,0,0,0,0.28500000000000003,0.7500000000000001,0.0,0.0,0.15,skip,training_upload_trigger_not_confirmed,1785296135.0477839,1785296135047783867,1384803264481900,33.4,53.33203125,-1.0,0,0
2026-07-28T23:35:35.048,10.42.0.1,10.42.0.1,32,1,DOWNLOAD,0.95,DOWNLOAD,0.95,-1,18824,0.3068960461769387,42,259192.0,79545.0,26,16,0.7651717999509944,0.23482820004900556,0.009106813561346398,0,0,0,0,1,0,0,0,0.28500000000000003,0.7500000000000001,0.0,0.0,0.15,skip,training_upload_trigger_not_confirmed,1785296135.0486424,1785296135048642226,1384803265340393,33.4,53.33203125,-1.0,0,0
2026-07-28T23:35:35.049,10.42.0.1,10.42.0.1,32,1,DOWNLOAD,0.95,DOWNLOAD,0.95,-1,1448,0.3051910681426289,43,260640.0,79545.0,27,16,0.766171347943031,0.233828652056969,0.008032406550911643,0,0,0,0,1,0,0,0,0.28500000000000003,0.7500000000000001,0.0,0.0,0.15,skip,training_upload_trigger_not_confirmed,1785296135.0495958,1785296135049595817,1384803266293863,33.4,53.33203125,-1.0,0,0
2026-07-28T23:35:35.050,10.42.0.1,10.42.0.1,32,1,DOWNLOAD,0.95,DOWNLOAD,0.95,-1,15472,0.2880896158106562,44,276112.0,79545.0,28,16,0.7763434994953002,0.22365650050469976,0.007088520000011788,0,0,0,0,1,0,0,0,0.28500000000000003,0.7500000000000001,0.0,0.0,0.15,skip,training_upload_trigger_not_confirmed,1785296135.0504653,1785296135050465307,1384803267163561,33.4,53.33203125,-1.0,0,0
2026-07-28T23:35:35.051,10.42.0.1,10.42.0.1,32,1,DOWNLOAD,0.95,DOWNLOAD,0.95,-1,1448,0.2865866839627951,45,277560.0,79545.0,29,16,0.7772503885411853,0.22274961145881464,0.006241177709245866,0,0,0,0,1,0,0,0,0.28500000000000003,0.7500000000000001,0.0,0.0,0.15,skip,training_upload_trigger_not_confirmed,1785296135.0511236,1785296135051123636,1384803267821728,33.4,53.33203125,-1.0,0,0
2026-07-28T23:35:35.052,10.42.0.210,10.42.0.1,32,1,DOWNLOAD,0.9835682526500468,DOWNLOAD,0.9835682526500468,-1,7240,1.381215469422484e-10,1,7240.0,0.0,1,0,1.0,0.0,0.9393897639368995,0,0,0,0,0,0,0,0,0.0225,0.0,0.0,0.0,0.15,skip,training_upload_trigger_not_confirmed,1785296135.0522256,1785296135052225484,1384803268923805,33.4,53.33203125,-1.0,0,0
2026-07-28T23:35:35.052,10.42.0.210,10.42.0.1,32,1,DOWNLOAD,0.95,DOWNLOAD,0.95,-1,7240,6.90607734758936e-11,2,14480.0,0.0,2,0,1.0,0.0,0.8156823228052137,0,0,0,0,0,0,0,0,0.0225,0.0,0.0,0.0,0.15,skip,training_upload_trigger_not_confirmed,1785296135.0528338,1785296135052833695,1384803269531767,33.4,53.33203125,-1.0,0,0
2026-07-28T23:35:35.053,10.42.0.1,10.42.0.1,32,1,DOWNLOAD,0.95,DOWNLOAD,0.95,-1,21264,0.2661934784379226,46,298824.0,79545.0,30,16,0.789768717838935,0.210231282161065,0.00572598138466724,0,0,0,0,1,0,0,0,0.28500000000000003,0.7500000000000001,0.0,0.0,0.15,skip,training_upload_trigger_not_confirmed,1785296135.053455,1785296135053454987,1384803270153238,33.4,53.33203125,-1.0,0,0
2026-07-28T23:35:35.054,10.42.0.59,10.42.0.1,10,1,DOWNLOAD,0.95,DOWNLOAD,0.95,-1,7300,1.3698630135109776e-10,1,7300.0,0.0,1,0,1.0,0.0,1.867408644841273,0,0,0,0,0,0,0,0,0.0225,0.0,0.0,0.0,0.15,skip,already_attacked_this_round,1785296135.0543706,1785296135054370639,1384803271069148,33.4,53.33203125,-1.0,0,0
2026-07-28T23:35:35.054,10.42.0.59,10.42.0.1,10,1,DOWNLOAD,0.95,DOWNLOAD,0.95,-1,7300,6.84931506802402e-11,2,14600.0,0.0,2,0,1.0,0.0,1.6214116944787542,0,0,0,0,0,0,0,0,0.0225,0.0,0.0,0.0,0.15,skip,already_attacked_this_round,1785296135.0549765,1785296135054976464,1384803271674587,33.4,53.33203125,-1.0,0,0
2026-07-28T23:35:35.056,10.42.0.1,10.42.0.1,32,1,DOWNLOAD,0.95,DOWNLOAD,0.95,-1,15472,0.2530894443478342,47,314296.0,79545.0,31,16,0.7980276304396952,0.2019723695603048,0.005313391099260543,0,0,0,0,1,0,0,0,0.28500000000000003,0.7500000000000001,0.0,0.0,0.15,skip,training_upload_trigger_not_confirmed,1785296135.05605,1785296135056050068,1384803272748775,33.4,53.33203125,-1.0,0,0
2026-07-28T23:35:35.057,10.42.0.1,10.42.0.1,32,1,DOWNLOAD,0.95,DOWNLOAD,0.95,-1,8688,0.2462815495527757,48,322984.0,79545.0,32,16,0.8023869087693061,0.19761309123069393,0.004775210344877018,0,0,0,0,1,0,0,0,0.28500000000000003,0.7500000000000001,0.0,0.0,0.15,skip,training_upload_trigger_not_confirmed,1785296135.0572793,1785296135057279117,1384803273977682,33.4,53.33203125,-1.0,0,0
2026-07-28T23:35:35.058,10.42.0.1,10.42.0.1,32,1,DOWNLOAD,0.95,DOWNLOAD,0.95,-1,27056,0.22724545766418908,49,350040.0,79545.0,33,16,0.8148329201438598,0.18516707985614023,0.004247783596230551,0,0,0,0,1,0,0,0,0.28500000000000003,0.7500000000000001,0.0,0.0,0.15,skip,training_upload_trigger_not_confirmed,1785296135.058052,1785296135058052034,1384803274750515,33.4,53.33203125,-1.0,0,0
2026-07-28T23:35:35.059,10.42.0.1,10.42.0.1,32,1,DOWNLOAD,0.95,DOWNLOAD,0.95,-1,15472,0.21762623388775845,50,365512.0,79545.0,34,16,0.8212700845060296,0.17872991549397044,0.0038208986990422066,0,0,0,0,1,0,0,0,0.28500000000000003,0.7500000000000001,0.0,0.0,0.15,skip,training_upload_trigger_not_confirmed,1785296135.0590603,1785296135059060295,1384803275758736,33.4,53.33203125,-1.0,0,0
2026-07-28T23:35:35.070,10.42.0.59,10.42.0.1,10,1,DOWNLOAD,0.95,DOWNLOAD,0.95,-1,5840,4.892367905827183e-11,3,20440.0,0.0,3,0,1.0,0.0,1.4097835523081392,0,0,0,0,0,0,0,0,0.0225,0.0,0.0,0.0,0.15,skip,already_attacked_this_round,1785296135.0704007,1785296135070400821,1384803287100055,33.4,53.33203125,-1.0,0,0
2026-07-28T23:35:35.076,10.42.0.210,10.42.0.1,32,1,DOWNLOAD,0.9557926560077417,DOWNLOAD,0.9557926560077417,-1,1448,6.278252134211561e-11,3,15928.0,0.0,3,0,1.0,0.0,0.7113654250580858,0,0,0,0,0,0,0,0,0.0225,0.0,0.0,0.0,0.15,skip,training_upload_trigger_not_confirmed,1785296135.076884,1785296135076883880,1384803293583013,33.4,53.33203125,-1.0,0,0
2026-07-28T23:35:35.083,10.42.0.59,10.42.0.1,10,1,DOWNLOAD,0.9340670669387566,DOWNLOAD,0.9340670669387566,0,43,4.892367905827183e-11,3,20440.0,0.0,3,0,1.0,0.0,2.360569422424965,0,0,0,0,0,0,0,0,0.0225,0.0,0.0,0.0,0.15,skip,already_attacked_this_round,1785296135.0832264,1785296135083226431,1384803299924976,33.4,53.33203125,-1.0,0,0
2026-07-28T23:35:35.084,10.42.0.59,10.42.0.1,10,1,DOWNLOAD,0.95,DOWNLOAD,0.95,-1,5840,3.805175037906957e-11,4,26280.0,0.0,4,0,1.0,0.0,2.0513674667670054,0,0,0,0,0,0,0,0,0.0225,0.0,0.0,0.0,0.15,skip,already_attacked_this_round,1785296135.084522,1785296135084522026,1384803301220498,33.4,53.33203125,-1.0,0,0
2026-07-28T23:35:35.085,10.42.0.59,10.42.0.1,10,1,DOWNLOAD,0.9573849780434878,DOWNLOAD,0.9573849780434878,-1,8760,2.8538812784573662e-11,5,35040.0,0.0,5,0,1.0,0.0,1.7812213050826629,0,0,0,0,0,0,0,0,0.0225,0.0,0.0,0.0,0.15,skip,already_attacked_this_round,1785296135.085825,1785296135085825149,1384803302523659,33.4,53.33203125,-1.0,0,0
2026-07-28T23:35:35.087,10.42.0.47,10.42.0.1,31,3,UPLOAD,0.7203294034991639,UPLOAD,0.7203294034991639,0,43,100.0,13,0.0,79528.0,0,13,0.0,1.0,0.24516347174393052,0,0,1,0,0,0,0,0,0.45499999999999996,0.1,1.0,0.0,0.8,skip,attack_already_active,1785296135.087778,1785296135087777936,1384803304476262,33.4,53.33203125,-1.0,0,0
2026-07-28T23:35:35.088,10.42.0.47,10.42.0.1,32,1,DOWNLOAD,0.95,DOWNLOAD,0.95,-1,14480,5.492265193059926,14,14480.0,79528.0,1,13,0.15402944430261253,0.8459705556973874,0.2718838472582891,0,0,0,0,0,0,0,0,0.057499999999999996,0.1,0.0,0.0,0.15,skip,training_upload_trigger_not_confirmed,1785296135.088456,1785296135088455939,1384803305154166,33.4,53.33203125,-1.0,0,0
2026-07-28T23:35:35.089,10.42.0.47,10.42.0.1,32,1,DOWNLOAD,0.9829981496648164,DOWNLOAD,0.9829981496648164,-1,14480,2.746132596624788,15,28960.0,79528.0,2,13,0.26694196593171593,0.7330580340682841,0.23614189042892153,0,0,0,0,0,0,0,0,0.057499999999999996,0.1,0.0,0.0,0.15,skip,training_upload_trigger_not_confirmed,1785296135.089104,1785296135089103765,1384803305801878,33.4,53.33203125,-1.0,0,0
2026-07-28T23:35:35.091,10.42.0.18,10.42.0.1,26,1,DOWNLOAD,0.95,DOWNLOAD,0.95,-1,10220,9.784735811175661e-11,1,10220.0,0.0,1,0,1.0,0.0,1.6355276509857846,0,0,0,0,0,0,0,0,0.0225,0.0,0.0,0.0,0.15,skip,training_upload_trigger_not_confirmed,1785296135.0910132,1785296135091013140,1384803307711286,33.4,53.33203125,-1.0,0,0
2026-07-28T23:35:35.091,10.42.0.1,10.42.0.1,32,1,DOWNLOAD,0.95,DOWNLOAD,0.95,-1,992,0.21703719468486826,51,366504.0,79545.0,35,16,0.8216675746386608,0.17833242536133923,0.007624173016773881,0,0,0,0,0,0,0,0,0.0225,0.0,0.0,0.0,0.15,skip,training_upload_trigger_not_confirmed,1785296135.0917432,1785296135091743190,1384803308441311,33.4,53.33203125,-1.0,0,0
2026-07-28T23:35:35.092,10.42.0.18,10.42.0.1,26,1,DOWNLOAD,0.9442185769609985,DOWNLOAD,0.9442185769609985,0,43,9.784735811175661e-11,1,10220.0,0.0,1,0,1.0,0.0,2.5450501031157335,0,0,0,0,0,0,0,0,0.0225,0.0,0.0,0.0,0.15,skip,training_upload_trigger_not_confirmed,1785296135.0926914,1785296135092691499,1384803309390256,33.4,53.33203125,-1.0,0,0
2026-07-28T23:35:35.094,10.42.0.18,10.42.0.1,26,1,DOWNLOAD,0.95,DOWNLOAD,0.95,-1,14600,4.029008863657171e-11,2,24820.0,0.0,2,0,1.0,0.0,2.210154552198137,0,0,0,0,0,0,0,0,0.0225,0.0,0.0,0.0,0.15,skip,training_upload_trigger_not_confirmed,1785296135.0946336,1785296135094633545,1384803311331882,33.4,53.33203125,-1.0,0,0
2026-07-28T23:35:35.095,10.42.0.145,10.42.0.1,14,3,UPLOAD,0.9854688349332961,UPLOAD,0.9854688349332961,0,43,1.0,0,0.0,0.0,0,0,0.0,0.0,1.7147288935805347,0,0,0,0,0,0,0,0,0.4375,0.05,1.0,0.0,0.8,skip,already_attacked_this_round,1785296135.095755,1785296135095755085,1384803312453596,33.4,53.33203125,-1.0,0,0
2026-07-28T23:35:35.096,10.42.0.145,10.42.0.1,15,1,DOWNLOAD,0.95,DOWNLOAD,0.95,-1,14600,6.84931506802402e-11,1,14600.0,0.0,1,0,1.0,0.0,2.6282127731824922,0,0,0,0,0,0,0,0,0.0225,0.0,0.0,0.0,0.15,skip,training_upload_trigger_not_confirmed,1785296135.0964823,1785296135096482307,1384803313180430,33.4,53.33203125,-1.0,0,0
2026-07-28T23:35:35.097,10.42.0.145,10.42.0.1,15,1,DOWNLOAD,0.95,DOWNLOAD,0.95,-1,14600,3.424657534129292e-11,2,29200.0,0.0,2,0,1.0,0.0,2.281965378646504,0,0,0,0,0,0,0,0,0.0225,0.0,0.0,0.0,0.15,skip,training_upload_trigger_not_confirmed,1785296135.0971193,1785296135097119319,1384803313817489,33.4,53.33203125,-1.0,0,0
2026-07-28T23:35:35.100,10.42.0.18,10.42.0.1,26,1,DOWNLOAD,0.95,DOWNLOAD,0.95,-1,4380,3.424657534129292e-11,3,29200.0,0.0,3,0,1.0,0.0,1.919674484072827,0,0,0,0,0,0,0,0,0.0225,0.0,0.0,0.0,0.15,skip,training_upload_trigger_not_confirmed,1785296135.1004152,1785296135100415209,1384803317113142,33.4,53.33203125,-1.0,0,0
2026-07-28T23:35:35.102,10.42.0.59,10.42.0.1,10,1,DOWNLOAD,0.9637783834510245,DOWNLOAD,0.9637783834510245,-1,11680,2.1404109588582958e-11,6,46720.0,0.0,6,0,1.0,0.0,1.5486730131313955,0,0,0,0,0,0,0,0,0.0225,0.0,0.0,0.0,0.15,skip,already_attacked_this_round,1785296135.1023016,1785296135102301703,1384803319009664,33.4,53.33203125,-1.0,0,0
2026-07-28T23:35:35.106,10.42.0.18,10.42.0.1,26,1,DOWNLOAD,0.95,DOWNLOAD,0.95,-1,24820,1.8511662346936104e-11,4,54020.0,0.0,4,0,1.0,0.0,1.667454867333297,0,0,0,0,0,0,0,0,0.0225,0.0,0.0,0.0,0.15,skip,training_upload_trigger_not_confirmed,1785296135.1060648,1785296135106064806,1384803322763690,33.4,53.33203125,-1.0,0,0
2026-07-28T23:35:35.109,10.42.0.59,10.42.0.1,10,1,DOWNLOAD,0.9690753127380798,DOWNLOAD,0.9690753127380798,-1,17520,1.556662515542393e-11,7,64240.0,0.0,7,0,1.0,0.0,1.3455620918557072,0,0,0,0,0,0,0,0,0.0225,0.0,0.0,0.0,0.15,skip,already_attacked_this_round,1785296135.109622,1785296135109621907,1384803326320485,33.4,53.33203125,-1.0,0,0
2026-07-28T23:35:35.128,10.42.0.18,10.42.0.1,26,1,DOWNLOAD,0.95,DOWNLOAD,0.95,-1,10564,1.5483711135645304e-11,5,64584.0,0.0,5,0,1.0,0.0,1.4506591757743146,0,0,0,0,0,0,0,0,0.0225,0.0,0.0,0.0,0.15,skip,training_upload_trigger_not_confirmed,1785296135.128317,1785296135128317093,1384803345015766,33.4,53.33203125,-1.0,0,0
2026-07-28T23:35:35.129,10.42.0.47,10.42.0.1,32,1,DOWNLOAD,0.9842257140988042,DOWNLOAD,0.9842257140988042,-1,21720,1.5692186266659585,16,50680.0,79528.0,3,13,0.3892233964118948,0.6107766035881051,0.2103373971567748,0,0,0,0,0,0,0,0,0.057499999999999996,0.1,0.0,0.0,0.15,skip,training_upload_trigger_not_confirmed,1785296135.1294227,1785296135129422615,1384803346121122,33.4,53.33203125,-1.0,0,0
2026-07-28T23:35:35.130,10.42.0.47,10.42.0.1,32,1,DOWNLOAD,0.9842586901286671,DOWNLOAD,0.9842586901286671,-1,14041,1.2287820027467315,17,64721.0,79528.0,4,13,0.4486755540766314,0.5513244459233686,0.1827157132719291,0,0,0,0,0,0,0,0,0.057499999999999996,0.1,0.0,0.0,0.15,skip,training_upload_trigger_not_confirmed,1785296135.1301467,1785296135130146847,1384803346845274,33.4,53.33203125,-1.0,0,0
2026-07-28T23:35:35.143,10.42.0.59,10.42.0.1,10,1,DOWNLOAD,0.9760892922315396,DOWNLOAD,0.9760892922315396,-1,14961,1.2626103205608186e-11,8,79201.0,0.0,8,0,1.0,0.0,1.172737055752578,0,0,0,0,0,0,0,0,0.0225,0.0,0.0,0.0,0.15,skip,already_attacked_this_round,1785296135.1436627,1785296135143662602,1384803360361295,33.4,53.33203125,-1.0,0,0
2026-07-28T23:35:35.177,10.42.0.210,10.42.0.1,32,1,DOWNLOAD,0.9846998846180315,DOWNLOAD,0.9846998846180315,-1,10136,3.8367096376674066e-11,4,26064.0,0.0,4,0,1.0,0.0,0.6309122969525305,0,0,0,0,0,0,0,0,0.0225,0.0,0.0,0.0,0.15,skip,training_upload_trigger_not_confirmed,1785296135.177713,1785296135177712780,1384803394411707,33.4,53.33203125,-1.0,0,0
2026-07-28T23:35:35.178,10.42.0.210,10.42.0.1,32,1,DOWNLOAD,0.9854895428954357,DOWNLOAD,0.9854895428954357,0,43,3.8367096376674066e-11,4,26064.0,0.0,4,0,1.0,0.0,1.5013746885302555,0,0,0,0,0,0,0,0,0.0225,0.0,0.0,0.0,0.15,skip,training_upload_trigger_not_confirmed,1785296135.178789,1785296135178788881,1384803395487671,33.4,53.33203125,-1.0,0,0
2026-07-28T23:35:35.179,10.42.0.210,10.42.0.1,32,1,DOWNLOAD,0.9855083405864443,DOWNLOAD,0.9855083405864443,-1,14480,2.4664561956771294e-11,5,40544.0,0.0,5,0,1.0,0.0,1.3038193378722802,0,0,0,0,0,0,0,0,0.0225,0.0,0.0,0.0,0.15,skip,training_upload_trigger_not_confirmed,1785296135.1798947,1785296135179894818,1384803396593505,33.4,53.33203125,-1.0,0,0
2026-07-28T23:35:35.187,10.42.0.145,10.42.0.1,15,1,DOWNLOAD,0.95,DOWNLOAD,0.95,-1,20440,2.014504431869168e-11,3,49640.0,0.0,3,0,1.0,0.0,1.9931992146781095,0,0,0,0,0,0,0,0,0.0225,0.0,0.0,0.0,0.15,skip,training_upload_trigger_not_confirmed,1785296135.1877182,1785296135187718063,1384803404417070,33.4,53.33203125,-1.0,0,0
2026-07-28T23:35:35.194,10.42.0.210,10.42.0.1,32,1,DOWNLOAD,0.9855087208476458,DOWNLOAD,0.9855087208476458,-1,14480,1.8173887757738915e-11,6,55024.0,0.0,6,0,1.0,0.0,1.1338865260078426,0,0,0,0,0,0,0,0,0.0225,0.0,0.0,0.0,0.15,skip,training_upload_trigger_not_confirmed,1785296135.194141,1785296135194140891,1384803410839807,33.4,53.33203125,-1.0,0,0
2026-07-28T23:35:35.209,10.42.0.210,10.42.0.1,32,1,DOWNLOAD,0.9855087261970161,DOWNLOAD,0.9855087261970161,-1,23168,1.2789032125885141e-11,7,78192.0,0.0,7,0,1.0,0.0,0.9865077860895258,0,0,0,0,0,0,0,0,0.0225,0.0,0.0,0.0,0.15,skip,training_upload_trigger_not_confirmed,1785296135.209611,1785296135209611006,1384803426310325,33.4,53.33203125,-1.0,0,0
2026-07-28T23:35:35.215,10.42.0.145,10.42.0.1,15,1,DOWNLOAD,0.95,DOWNLOAD,0.95,-1,5840,1.8024513337814986e-11,4,55480.0,0.0,4,0,1.0,0.0,1.7342445359014564,0,0,0,0,0,0,0,0,0.0225,0.0,0.0,0.0,0.15,skip,training_upload_trigger_not_confirmed,1785296135.215782,1785296135215782003,1384803432481245,33.4,53.33203125,-1.0,0,0
2026-07-28T23:35:35.222,10.42.0.145,10.42.0.1,15,1,DOWNLOAD,0.9622138903919563,DOWNLOAD,0.9622138903919563,-1,9121,1.5479636537894463e-11,5,64601.0,0.0,5,0,1.0,0.0,1.5065436425029715,0,0,0,0,0,0,0,0,0.0225,0.0,0.0,0.0,0.15,skip,training_upload_trigger_not_confirmed,1785296135.2220674,1785296135222067410,1384803438766111,33.4,53.33203125,-1.0,0,0
2026-07-28T23:35:35.243,10.42.0.210,10.42.0.1,32,1,DOWNLOAD,0.9855087261721334,DOWNLOAD,0.9855087261721334,-1,992,1.2628813901638856e-11,8,79184.0,0.0,8,0,1.0,0.0,0.8609808546440434,0,0,0,0,0,0,0,0,0.0225,0.0,0.0,0.0,0.15,skip,training_upload_trigger_not_confirmed,1785296135.2435296,1785296135243529580,1384803460228847,33.4,53.33203125,-1.0,0,0
2026-07-28T23:35:35.494,10.42.0.59,,10,3,UPLOAD,0.95,UPLOAD,0.95,1,64240,0.811100869940896,9,79201.0,64240.0,8,1,0.5521503614726613,0.4478496385273388,1.0724535627393248,0,0,0,1,1,1,1,1,0.9699999999999999,1.0,1.0,1.0,0.8,skip,already_attacked_this_round,1785296135.4949398,1785296135494940028,1384803711638626,33.4,53.33203125,-1.0,0,0
2026-07-28T23:35:35.496,10.42.0.1,10.42.0.1,32,3,UPLOAD,0.95,UPLOAD,0.95,1,7240,0.21703719468486826,51,366504.0,79545.0,35,16,0.8216675746386608,0.17833242536133923,0.04296170493762161,1,0,0,1,1,1,1,1,0.9699999999999999,1.0,1.0,1.0,0.8,trigger,training_upload_trigger_confirmed,1785296135.4963303,1785296135496330313,1384803713029584,33.4,53.33203125,14.469982,1785296135510802223,1384803727499566
2026-07-28T23:35:35.497,10.42.0.1,10.42.0.1,32,3,UPLOAD,0.95,UPLOAD,0.95,1,7240,0.23679141291981315,52,366504.0,86785.0,35,17,0.808543776707575,0.19145622329242493,0.03745332655677307,1,0,1,1,1,1,1,1,0.9699999999999999,1.0,1.0,1.0,0.8,skip,attack_already_active,1785296135.4974904,1785296135497490485,1384803714189330,33.4,53.33203125,-1.0,0,0
2026-07-28T23:35:35.502,10.42.0.1,10.42.0.1,32,3,UPLOAD,0.95,UPLOAD,0.95,1,14480,0.276299849389703,53,366504.0,101265.0,35,18,0.7835149400665713,0.21648505993342868,0.03315181345439394,1,0,1,1,1,1,1,1,0.9699999999999999,1.0,1.0,1.0,0.8,skip,attack_already_active,1785296135.5023007,1785296135502300624,1384803718999267,33.4,53.33203125,-1.0,0,0
2026-07-28T23:35:35.503,10.42.0.1,10.42.0.1,32,3,UPLOAD,0.9562450350076319,UPLOAD,0.9562450350076319,1,14480,0.31580828585959275,54,366504.0,115745.0,35,19,0.7599891342439279,0.24001086575607208,0.028912973628664795,1,0,1,1,1,1,1,1,0.9699999999999999,1.0,1.0,1.0,0.8,skip,attack_already_active,1785296135.5032852,1785296135503285291,1384803719983743,33.4,53.33203125,-1.0,0,0
2026-07-28T23:35:35.504,10.42.0.1,10.42.0.1,32,3,UPLOAD,0.9548497970990047,UPLOAD,0.9548497970990047,0,43,0.31580828585959275,54,366504.0,115745.0,35,19,0.7599891342439279,0.24001086575607208,0.0573583363149382,1,0,1,1,1,1,1,1,0.8025,0.7500000000000001,1.0,0.6000000000000001,0.8,skip,attack_already_active,1785296135.5042226,1785296135504222621,1384803720920832,73.9,53.33203125,-1.0,0,0
2026-07-28T23:35:35.507,10.42.0.1,10.42.0.1,32,3,UPLOAD,0.9524699180827825,UPLOAD,0.9524699180827825,1,14480,0.3553167223294825,55,366504.0,130225.0,35,20,0.7378349160206068,0.2621650839793932,0.05037839927042331,1,0,1,1,1,1,1,1,0.9699999999999999,1.0,1.0,1.0,0.8,skip,attack_already_active,1785296135.5076747,1785296135507674614,1384803724372901,73.9,53.33203125,-1.0,0,0
2026-07-28T23:35:35.509,10.42.0.1,10.42.0.1,32,3,UPLOAD,0.95,UPLOAD,0.95,1,14480,0.3908743151523834,55,366504.0,143257.0,35,20,0.7189722242384176,0.2810277757615824,0.04392049440493501,1,0,1,1,1,1,1,1,0.9699999999999999,1.0,1.0,1.0,0.8,skip,attack_already_active,1785296135.5090458,1785296135509045659,1384803725743872,73.9,53.33203125,-1.0,0,0
2026-07-28T23:35:35.510,10.42.0.1,10.42.0.1,32,3,UPLOAD,0.95,UPLOAD,0.95,1,7128,0.4103229432709866,56,366504.0,150385.0,35,21,0.7090574572103489,0.29094254278965115,0.038307858540924083,1,0,1,1,1,1,1,1,0.9699999999999999,1.0,1.0,1.0,0.8,skip,attack_already_active,1785296135.5103736,1785296135510373505,1384803727071869,73.9,53.33203125,-1.0,0,0
2026-07-28T23:35:35.560,10.42.0.18,10.42.0.1,26,3,UPLOAD,0.95,UPLOAD,0.95,1,1460,0.022606218273525856,6,64584.0,1460.0,5,1,0.9778935255284356,0.02210647447156441,1.3211990260172388,0,0,0,1,1,1,1,1,0.9174999999999999,0.85,1.0,1.0,0.8,trigger,training_upload_trigger_confirmed,1785296135.5609133,1785296135560913454,1384803777611523,73.9,53.33203125,4.790976,1785296135565705255,1384803782402499
2026-07-28T23:35:35.563,10.42.0.18,10.42.0.1,26,3,UPLOAD,0.9841010226033655,UPLOAD,0.9841010226033655,1,16060,0.2712746191119894,7,64584.0,17520.0,5,2,0.7866121017246419,0.2133878982753581,1.1474365583809059,0,0,1,1,1,1,1,1,0.9699999999999999,1.0,1.0,1.0,0.8,skip,attack_already_active,1785296135.563477,1785296135563476988,1384803780175174,73.9,53.33203125,-1.0,0,0
2026-07-28T23:35:35.564,10.42.0.18,10.42.0.1,26,3,UPLOAD,0.9854688349332961,UPLOAD,0.9854688349332961,1,35040,0.8138238573050008,8,64584.0,52560.0,5,3,0.551321450522434,0.4486785494775661,0.9963580658250281,0,0,1,1,1,1,1,1,0.9699999999999999,1.0,1.0,1.0,0.8,skip,attack_already_active,1785296135.5644207,1785296135564420641,1384803781118850,73.9,53.33203125,-1.0,0,0
2026-07-28T23:35:35.565,10.42.0.18,10.42.0.1,26,3,UPLOAD,0.9855076450773014,UPLOAD,0.9855076450773014,1,26968,1.2313885792110832,9,64584.0,79528.0,5,4,0.44815143777062283,0.5518485622293772,0.8652149746575588,0,0,1,1,1,1,1,1,0.9699999999999999,1.0,1.0,1.0,0.8,skip,attack_already_active,1785296135.56557,1785296135565570060,1384803782268503,73.9,53.33203125,-1.0,0,0
2026-07-28T23:35:35.566,10.42.0.1,10.42.0.1,32,3,UPLOAD,0.95,UPLOAD,0.95,1,7240,0.4300771615059315,57,366504.0,157625.0,35,22,0.6992629677045155,0.3007370322954845,0.03443748229449915,1,0,1,1,1,1,1,1,0.9699999999999999,1.0,1.0,1.0,0.8,skip,attack_already_active,1785296135.5669048,1785296135566904950,1384803783603332,73.9,53.33203125,-1.0,0,0
2026-07-28T23:35:35.567,10.42.0.1,10.42.0.1,32,3,UPLOAD,0.95,UPLOAD,0.95,1,7240,0.44983137974087645,58,366504.0,164865.0,35,23,0.6897353816274566,0.3102646183725434,0.03001929621613958,1,0,1,1,1,1,1,1,0.9699999999999999,1.0,1.0,1.0,0.8,skip,attack_already_active,1785296135.5678139,1785296135567813978,1384803784512378,73.9,53.33203125,-1.0,0,0
2026-07-28T23:35:35.569,10.42.0.1,10.42.0.1,32,3,UPLOAD,0.9274531362470998,UPLOAD,0.9274531362470998,0,43,0.44983137974087645,58,366504.0,164865.0,35,23,0.6897353816274566,0.3102646183725434,0.03464636695252588,1,0,1,1,1,1,1,1,0.8025,0.7500000000000001,1.0,0.6000000000000001,0.8,skip,attack_already_active,1785296135.5693555,1785296135569355621,1384803786053999,73.9,53.33203125,-1.0,0,0
2026-07-28T23:35:35.570,10.42.0.1,10.42.0.1,32,3,UPLOAD,0.95,UPLOAD,0.95,1,10136,0.4774872852697993,59,366504.0,175001.0,35,24,0.6768247753945024,0.32317522460549764,0.03038011186427441,1,0,1,1,1,1,1,1,0.9699999999999999,1.0,1.0,1.0,0.8,skip,attack_already_active,1785296135.5700848,1785296135570084855,1384803786782966,73.9,53.33203125,-1.0,0,0
2026-07-28T23:35:35.570,10.42.0.1,10.42.0.1,32,3,UPLOAD,0.95,UPLOAD,0.95,1,4344,0.4893398162107662,60,366504.0,179345.0,35,25,0.6714384381028453,0.3285615618971547,0.026468904817733546,1,0,1,1,1,1,1,1,0.9699999999999999,1.0,1.0,1.0,0.8,skip,attack_already_active,1785296135.5707839,1785296135570783695,1384803787481798,73.9,53.33203125,-1.0,0,0
2026-07-28T23:35:35.572,10.42.0.1,10.42.0.1,32,3,UPLOAD,0.95,UPLOAD,0.95,1,14480,0.528848252680656,61,366504.0,193825.0,35,26,0.6540871523694115,0.34591284763058844,0.02322484143824609,1,0,1,1,1,1,1,1,0.9699999999999999,1.0,1.0,1.0,0.8,skip,attack_already_active,1785296135.5726345,1785296135572634406,1384803789332557,73.9,53.33203125,-1.0,0,0
2026-07-28T23:35:35.575,10.42.0.145,10.42.0.1,15,3,UPLOAD,0.95,UPLOAD,0.95,1,64240,0.9944118512098201,6,64601.0,64240.0,5,1,0.5014009515604505,0.4985990484395495,1.3712530540290149,0,0,0,1,1,1,1,1,0.9699999999999999,1.0,1.0,1.0,0.8,trigger,training_upload_trigger_confirmed,1785296135.575616,1785296135575616013,1384803792314996,73.9,53.33203125,53.618511,1785296135629236223,1384803845933507
2026-07-28T23:35:35.576,10.42.0.145,10.42.0.1,15,3,UPLOAD,0.9841010226033655,UPLOAD,0.9841010226033655,1,15289,1.2310800142376885,7,64601.0,79529.0,5,2,0.4482134184416846,0.5517865815583154,1.1906913780822888,0,0,1,1,1,1,1,1,0.9699999999999999,1.0,1.0,1.0,0.8,skip,attack_already_active,1785296135.5766363,1785296135576636449,1384803793334755,73.9,53.33203125,-1.0,0,0
2026-07-28T23:35:35.578,10.42.0.1,10.42.0.1,32,3,UPLOAD,0.95,UPLOAD,0.95,1,7240,0.5486024709156009,62,366504.0,201065.0,35,27,0.6457435131235145,0.3542564868764855,0.020948674888480838,1,0,1,1,1,1,1,1,0.9699999999999999,1.0,1.0,1.0,0.8,skip,attack_already_active,1785296135.578586,1785296135578586040,1384803795284467,73.9,53.33203125,-1.0,0,0
2026-07-28T23:35:35.579,10.42.0.1,10.42.0.1,32,3,UPLOAD,0.95,UPLOAD,0.95,1,7240,0.5683566891505458,63,366504.0,208305.0,35,28,0.6376100582976258,0.3623899417023742,0.018309351609818128,1,0,1,1,1,1,1,1,0.9699999999999999,1.0,1.0,1.0,0.8,skip,attack_already_active,1785296135.5795057,1785296135579505537,1384803796204037,73.9,53.33203125,-1.0,0,0
2026-07-28T23:35:35.580,10.42.0.1,10.42.0.1,32,3,UPLOAD,0.95,UPLOAD,0.95,1,14480,0.6078651256204356,64,366504.0,222785.0,35,29,0.6219427140163825,0.37805728598361754,0.01607277292949612,1,0,1,1,1,1,1,1,0.9699999999999999,1.0,1.0,1.0,0.8,skip,attack_already_active,1785296135.5808423,1785296135580842232,1384803797540425,73.9,53.33203125,-1.0,0,0
2026-07-28T23:35:35.581,10.42.0.1,10.42.0.1,32,3,UPLOAD,0.95,UPLOAD,0.95,1,5792,0.5960125946794687,64,366504.0,218441.0,35,29,0.6265614715913462,0.3734385284086538,0.014031953149603047,1,0,1,1,1,1,1,1,0.9699999999999999,1.0,1.0,1.0,0.8,skip,attack_already_active,1785296135.5814278,1785296135581427749,1384803798125830,73.9,53.33203125,-1.0,0,0
2026-07-28T23:35:35.582,10.42.0.1,10.42.0.1,32,3,UPLOAD,0.95,UPLOAD,0.95,1,8688,0.6197176565614025,65,366504.0,227129.0,35,30,0.6173915533671477,0.38260844663285226,0.01228940523992049,1,0,1,1,1,1,1,1,0.9699999999999999,1.0,1.0,1.0,0.8,skip,attack_already_active,1785296135.582236,1785296135582236282,1384803798934517,73.9,53.33203125,-1.0,0,0
2026-07-28T23:35:35.583,10.42.0.1,10.42.0.1,32,3,UPLOAD,0.95,UPLOAD,0.95,1,7128,0.6391662846800058,66,366504.0,234257.0,35,31,0.6100662326615742,0.3899337673384258,0.010825586179129995,1,0,1,1,1,1,1,1,0.9699999999999999,1.0,1.0,1.0,0.8,skip,attack_already_active,1785296135.583417,1785296135583416734,1384803800115348,73.9,53.33203125,-1.0,0,0
2026-07-28T23:35:35.584,10.42.0.1,10.42.0.1,32,3,UPLOAD,0.8845923247266217,UPLOAD,0.8845923247266217,0,43,0.6391662846800058,66,366504.0,234257.0,35,31,0.6100662326615742,0.3899337673384258,0.01143389775999027,1,0,1,1,1,1,1,1,0.8025,0.7500000000000001,1.0,0.6000000000000001,0.8,skip,attack_already_active,1785296135.5847974,1785296135584797488,1384803801495898,73.9,53.33203125,-1.0,0,0
2026-07-28T23:35:35.585,10.42.0.1,10.42.0.1,32,3,UPLOAD,0.95,UPLOAD,0.95,1,10136,0.6668221902089286,67,366504.0,244393.0,35,32,0.599944016749141,0.400055983250859,0.010200125619243858,1,0,1,1,1,1,1,1,0.9699999999999999,1.0,1.0,1.0,0.8,skip,attack_already_active,1785296135.585488,1785296135585488178,1384803802186430,73.9,53.33203125,-1.0,0,0
2026-07-28T23:35:35.586,10.42.0.1,10.42.0.1,32,3,UPLOAD,0.95,UPLOAD,0.95,1,4344,0.6786747211498956,68,366504.0,248737.0,35,33,0.5957080233599517,0.40429197664004835,0.00893207120717972,1,0,1,1,1,1,1,1,0.9699999999999999,1.0,1.0,1.0,0.8,skip,attack_already_active,1785296135.5860653,1785296135586065465,1384803802763415,73.9,53.33203125,-1.0,0,0
2026-07-28T23:35:35.588,10.42.0.1,10.42.0.1,32,3,UPLOAD,0.95,UPLOAD,0.95,1,14480,0.7181831576197854,69,366504.0,263217.0,35,34,0.5820101282949116,0.41798987170508844,0.008027441834241202,1,0,1,1,1,1,1,1,0.9699999999999999,1.0,1.0,1.0,0.8,skip,attack_already_active,1785296135.5881324,1785296135588132446,1384803804830599,73.9,53.33203125,-1.0,0,0
2026-07-28T23:35:35.593,10.42.0.1,10.42.0.1,32,3,UPLOAD,0.95,UPLOAD,0.95,1,14480,0.7576915940896751,70,366504.0,277697.0,35,35,0.5689280209127275,0.43107197908727246,0.007733765938534111,1,0,1,1,1,1,1,1,0.9699999999999999,1.0,1.0,1.0,0.8,skip,attack_already_active,1785296135.5939312,1785296135593931217,1384803810629743,73.9,53.33203125,-1.0,0,0
2026-07-28T23:35:35.594,10.42.0.1,10.42.0.1,32,3,UPLOAD,0.95,UPLOAD,0.95,1,14480,0.797200030559565,71,366504.0,292177.0,35,36,0.5564210900268871,0.44357890997311294,0.006806140746705207,1,0,1,1,1,1,1,1,0.9699999999999999,1.0,1.0,1.0,0.8,skip,attack_already_active,1785296135.5946255,1785296135594625621,1384803811323716,73.9,53.33203125,-1.0,0,0
2026-07-28T23:35:35.596,10.42.0.1,10.42.0.1,32,3,UPLOAD,0.95,UPLOAD,0.95,1,7129,0.8166513871613498,72,366504.0,299306.0,35,37,0.5504633453988375,0.4495366546011625,0.006145147617244001,1,0,1,1,1,1,1,1,0.9699999999999999,1.0,1.0,1.0,0.8,skip,attack_already_active,1785296135.5964155,1785296135596415439,1384803813113667,73.9,53.33203125,-1.0,0,0
2026-07-28T23:35:37.356,10.42.0.210,10.42.0.1|10.42.0.210,32,3,UPLOAD,0.95,UPLOAD,0.95,1,1448,100.0,1,0.0,1448.0,0,1,0.0,1.0,1.0344462133718848,1,0,0,1,1,1,1,1,0.9525,0.95,1.0,1.0,0.8,trigger,training_upload_trigger_confirmed,1785296137.3561504,1785296137356150201,1384805572848779,9.9,53.3359375,9.902817,1785296137366054318,1384805582751596
2026-07-28T23:35:37.356,10.42.0.210,10.42.0.1|10.42.0.210,32,3,UPLOAD,0.9841010226033655,UPLOAD,0.9841010226033655,1,1448,100.0,2,0.0,2896.0,0,2,0.0,1.0,0.8982290647840261,1,0,1,1,1,1,1,1,0.9699999999999999,1.0,1.0,1.0,0.8,skip,attack_already_active,1785296137.3568823,1785296137356882333,1384805573580401,9.9,53.3359375,-1.0,0,0
2026-07-28T23:35:37.357,10.42.0.210,10.42.0.1|10.42.0.210,32,3,UPLOAD,0.9854688349332961,UPLOAD,0.9854688349332961,1,1448,100.0,3,0.0,4344.0,0,3,0.0,1.0,0.7800088277260984,1,0,1,1,1,1,1,1,0.9699999999999999,1.0,1.0,1.0,0.8,skip,attack_already_active,1785296137.3579707,1785296137357970605,1384805574669336,9.9,53.3359375,-1.0,0,0
2026-07-28T23:35:37.358,10.42.0.210,10.42.0.1|10.42.0.210,32,3,UPLOAD,0.9855076450773014,UPLOAD,0.9855076450773014,1,1448,100.0,4,0.0,5792.0,0,4,0.0,1.0,0.6773264710551434,1,0,1,1,1,1,1,1,0.9699999999999999,1.0,1.0,1.0,0.8,skip,attack_already_active,1785296137.3587515,1785296137358751605,1384805575449813,9.9,53.3359375,-1.0,0,0
2026-07-28T23:35:37.359,10.42.0.210,10.42.0.1|10.42.0.210,32,3,UPLOAD,0.9855086980780915,UPLOAD,0.9855086980780915,1,1448,100.0,5,0.0,7240.0,0,5,0.0,1.0,0.5881883798180446,1,0,1,1,1,1,1,1,0.9699999999999999,1.0,1.0,1.0,0.8,skip,attack_already_active,1785296137.3596337,1785296137359633603,1384805576331767,9.9,53.3359375,-1.0,0,0
2026-07-28T23:35:37.366,10.42.0.210,10.42.0.1|10.42.0.210,32,3,UPLOAD,0.9855087254685951,UPLOAD,0.9855087254685951,1,1448,100.0,6,0.0,8688.0,0,6,0.0,1.0,0.5115563392476407,1,0,1,1,1,1,1,1,0.9699999999999999,1.0,1.0,1.0,0.8,skip,attack_already_active,1785296137.3662827,1785296137366282828,1384805582981142,9.9,53.3359375,-1.0,0,0
2026-07-28T23:35:37.367,10.42.0.210,10.42.0.1|10.42.0.210,32,3,UPLOAD,0.9855087261493067,UPLOAD,0.9855087261493067,1,1448,100.0,7,0.0,10136.0,0,7,0.0,1.0,0.4442671060226374,1,0,1,1,1,1,1,1,0.9699999999999999,1.0,1.0,1.0,0.8,skip,attack_already_active,1785296137.3671997,1785296137367199655,1384805583897722,9.9,53.3359375,-1.0,0,0
2026-07-28T23:35:37.367,10.42.0.210,10.42.0.1|10.42.0.210,32,3,UPLOAD,0.9855087261653082,UPLOAD,0.9855087261653082,1,1448,100.0,8,0.0,11584.0,0,8,0.0,1.0,0.3858048498894111,1,0,1,1,1,1,1,1,0.9699999999999999,1.0,1.0,1.0,0.8,skip,attack_already_active,1785296137.3678129,1785296137367812879,1384805584510995,9.9,53.3359375,-1.0,0,0
2026-07-28T23:35:37.369,10.42.0.210,10.42.0.1|10.42.0.210,32,3,UPLOAD,0.985508726165656,UPLOAD,0.985508726165656,1,1448,100.0,9,0.0,13032.0,0,9,0.0,1.0,0.3352382616449759,1,0,1,1,1,1,1,1,0.9699999999999999,1.0,1.0,1.0,0.8,skip,attack_already_active,1785296137.3698819,1785296137369881817,1384805586580252,9.9,53.3359375,-1.0,0,0
2026-07-28T23:35:37.370,10.42.0.210,10.42.0.1|10.42.0.210,32,3,UPLOAD,0.9855087261656625,UPLOAD,0.9855087261656625,1,1448,100.0,10,0.0,14480.0,0,10,0.0,1.0,0.2911469936599327,1,0,1,1,1,1,1,1,0.9699999999999999,1.0,1.0,1.0,0.8,skip,attack_already_active,1785296137.3705237,1785296137370523643,1384805587221720,9.9,53.3359375,-1.0,0,0
2026-07-28T23:35:37.377,10.42.0.210,10.42.0.1|10.42.0.210,32,3,UPLOAD,0.95,UPLOAD,0.95,1,1448,100.0,11,0.0,15928.0,0,11,0.0,1.0,0.2537128443960002,1,0,1,1,1,1,1,1,0.9699999999999999,1.0,1.0,1.0,0.8,skip,attack_already_active,1785296137.3775933,1785296137377593400,1384805594292306,9.9,53.3359375,-1.0,0,0
2026-07-28T23:35:37.378,10.42.0.210,10.42.0.1|10.42.0.210,32,3,UPLOAD,0.95,UPLOAD,0.95,1,1448,100.0,12,0.0,17376.0,0,12,0.0,1.0,0.2203672468650449,1,0,1,1,1,1,1,1,0.9699999999999999,1.0,1.0,1.0,0.8,skip,attack_already_active,1785296137.3782556,1785296137378255498,1384805594953518,9.9,53.3359375,-1.0,0,0
2026-07-28T23:35:37.379,10.42.0.210,10.42.0.1|10.42.0.210,32,3,UPLOAD,0.95,UPLOAD,0.95,1,1448,100.0,13,0.0,18824.0,0,13,0.0,1.0,0.19153101847516343,1,0,1,1,1,1,1,1,0.9699999999999999,1.0,1.0,1.0,0.8,skip,attack_already_active,1785296137.3797927,1785296137379792593,1384805596491265,9.9,53.3359375,-1.0,0,0
2026-07-28T23:35:37.380,10.42.0.210,10.42.0.1|10.42.0.210,32,3,UPLOAD,0.95,UPLOAD,0.95,1,1448,100.0,14,0.0,20272.0,0,14,0.0,1.0,0.16639576653108698,1,0,1,1,1,1,1,1,0.9699999999999999,1.0,1.0,1.0,0.8,skip,attack_already_active,1785296137.3805792,1785296137380579348,1384805597278403,9.9,53.3359375,-1.0,0,0
2026-07-28T23:35:37.381,10.42.0.210,10.42.0.1|10.42.0.210,32,3,UPLOAD,0.95,UPLOAD,0.95,1,1448,100.0,15,0.0,21720.0,0,15,0.0,1.0,0.14460439929872781,1,0,1,1,1,1,1,1,0.9699999999999999,1.0,1.0,1.0,0.8,skip,attack_already_active,1785296137.3816063,1785296137381606350,1384805598304568,9.9,53.3359375,-1.0,0,0
2026-07-28T23:35:37.384,10.42.0.210,10.42.0.1|10.42.0.210,32,3,UPLOAD,0.95,UPLOAD,0.95,1,1448,100.0,16,0.0,23168.0,0,16,0.0,1.0,0.12597459268031155,1,0,1,1,1,1,1,1,0.9699999999999999,1.0,1.0,1.0,0.8,skip,attack_already_active,1785296137.3848343,1785296137384834264,1384805601532671,9.9,53.3359375,-1.0,0,0
2026-07-28T23:35:37.385,10.42.0.210,10.42.0.1|10.42.0.210,32,3,UPLOAD,0.95,UPLOAD,0.95,1,1448,100.0,17,0.0,24616.0,0,17,0.0,1.0,0.10951903515194691,1,0,1,1,1,1,1,1,0.9699999999999999,1.0,1.0,1.0,0.8,skip,attack_already_active,1785296137.3859322,1785296137385932340,1384805602630934,9.9,53.3359375,-1.0,0,0
2026-07-28T23:35:37.386,10.42.0.210,10.42.0.1|10.42.0.210,32,3,UPLOAD,0.95,UPLOAD,0.95,1,1448,100.0,18,0.0,26064.0,0,18,0.0,1.0,0.09518574769500057,1,0,1,1,1,1,1,1,0.9699999999999999,1.0,1.0,1.0,0.8,skip,attack_already_active,1785296137.38668,1785296137386679888,1384805603378080,9.9,53.3359375,-1.0,0,0
2026-07-28T23:35:37.387,10.42.0.210,10.42.0.1|10.42.0.210,32,3,UPLOAD,0.95,UPLOAD,0.95,1,1448,100.0,19,0.0,27512.0,0,19,0.0,1.0,0.08276465901995421,1,0,1,1,1,1,1,1,0.9699999999999999,1.0,1.0,1.0,0.8,skip,attack_already_active,1785296137.3876054,1785296137387605584,1384805604304062,9.9,53.3359375,-1.0,0,0
2026-07-28T23:35:37.388,10.42.0.210,10.42.0.1|10.42.0.210,32,3,UPLOAD,0.95,UPLOAD,0.95,1,1448,100.0,20,0.0,28960.0,0,20,0.0,1.0,0.0719434371659335,1,0,1,1,1,1,1,1,0.9699999999999999,1.0,1.0,1.0,0.8,skip,attack_already_active,1785296137.3882508,1785296137388250856,1384805604949058,9.9,53.3359375,-1.0,0,0
2026-07-28T23:35:37.393,10.42.0.210,10.42.0.1|10.42.0.210,32,3,UPLOAD,0.95,UPLOAD,0.95,1,1448,100.0,21,0.0,30408.0,0,21,0.0,1.0,0.06315868057600826,1,0,1,1,1,1,1,1,0.9699999999999999,1.0,1.0,1.0,0.8,skip,attack_already_active,1785296137.3935292,1785296137393529084,1384805610227987,9.9,53.3359375,-1.0,0,0
2026-07-28T23:35:37.394,10.42.0.210,10.42.0.1|10.42.0.210,32,3,UPLOAD,0.95,UPLOAD,0.95,1,1448,100.0,22,0.0,31856.0,0,22,0.0,1.0,0.05497000597032954,1,0,1,1,1,1,1,1,0.9699999999999999,1.0,1.0,1.0,0.8,skip,attack_already_active,1785296137.3945463,1785296137394546219,1384805611244385,9.9,53.3359375,-1.0,0,0
2026-07-28T23:35:37.395,10.42.0.210,10.42.0.1|10.42.0.210,32,3,UPLOAD,0.95,UPLOAD,0.95,1,1448,100.0,23,0.0,33304.0,0,23,0.0,1.0,0.047849959006993875,1,0,1,1,1,1,1,1,0.9699999999999999,1.0,1.0,1.0,0.8,skip,attack_already_active,1785296137.3954842,1785296137395484114,1384805612182310,9.9,53.3359375,-1.0,0,0
2026-07-28T23:35:37.396,10.42.0.210,10.42.0.1|10.42.0.210,32,3,UPLOAD,0.95,UPLOAD,0.95,1,1448,100.0,24,0.0,34752.0,0,24,0.0,1.0,0.041649836058215636,1,0,1,1,1,1,1,1,0.9699999999999999,1.0,1.0,1.0,0.8,skip,attack_already_active,1785296137.3962831,1785296137396283242,1384805612981356,9.9,53.3359375,-1.0,0,0
2026-07-28T23:35:37.397,10.42.0.210,10.42.0.1|10.42.0.210,32,3,UPLOAD,0.95,UPLOAD,0.95,1,1448,100.0,25,0.0,36200.0,0,25,0.0,1.0,0.03628511024417229,1,0,1,1,1,1,1,1,0.9699999999999999,1.0,1.0,1.0,0.8,skip,attack_already_active,1785296137.3972216,1785296137397221582,1384805613919985,9.9,53.3359375,-1.0,0,0
2026-07-28T23:35:37.403,10.42.0.210,10.42.0.1|10.42.0.210,32,3,UPLOAD,0.95,UPLOAD,0.95,1,1448,100.0,26,0.0,37648.0,0,26,0.0,1.0,0.032377159358056094,1,0,1,1,1,1,1,1,0.9699999999999999,1.0,1.0,1.0,0.8,skip,attack_already_active,1785296137.4038503,1785296137403850313,1384805620548720,9.9,53.3359375,-1.0,0,0
2026-07-28T23:35:37.404,10.42.0.210,10.42.0.1|10.42.0.210,32,3,UPLOAD,0.95,UPLOAD,0.95,1,1448,100.0,27,0.0,39096.0,0,27,0.0,1.0,0.028243038232821246,1,0,1,1,1,1,1,1,0.9699999999999999,1.0,1.0,1.0,0.8,skip,attack_already_active,1785296137.4048548,1785296137404854788,1384805621552955,9.9,53.3359375,-1.0,0,0
2026-07-28T23:35:37.405,10.42.0.210,10.42.0.1|10.42.0.210,32,3,UPLOAD,0.95,UPLOAD,0.95,1,1448,100.0,28,0.0,40544.0,0,28,0.0,1.0,0.024607693529690396,1,0,1,1,1,1,1,1,0.9699999999999999,1.0,1.0,1.0,0.8,skip,attack_already_active,1785296137.4055102,1785296137405510136,1384805622208475,9.9,53.3359375,-1.0,0,0
2026-07-28T23:35:37.406,10.42.0.210,10.42.0.1|10.42.0.210,32,3,UPLOAD,0.95,UPLOAD,0.95,1,1448,100.0,29,0.0,41992.0,0,29,0.0,1.0,0.02148629926574328,1,0,1,1,1,1,1,1,0.9699999999999999,1.0,1.0,1.0,0.8,skip,attack_already_active,1785296137.4064305,1785296137406430453,1384805623128676,9.9,53.3359375,-1.0,0,0
2026-07-28T23:35:37.407,10.42.0.210,10.42.0.1|10.42.0.210,32,3,UPLOAD,0.95,UPLOAD,0.95,1,1448,100.0,30,0.0,43440.0,0,30,0.0,1.0,0.018743645144374613,1,0,1,1,1,1,1,1,0.9699999999999999,1.0,1.0,1.0,0.8,skip,attack_already_active,1785296137.4071035,1785296137407103453,1384805623801537,9.9,53.3359375,-1.0,0,0
2026-07-28T23:35:37.413,10.42.0.210,10.42.0.1|10.42.0.210,32,3,UPLOAD,0.95,UPLOAD,0.95,1,1448,100.0,31,0.0,44888.0,0,31,0.0,1.0,0.017063483915048923,1,0,1,1,1,1,1,1,0.9699999999999999,1.0,1.0,1.0,0.8,skip,attack_already_active,1785296137.413097,1785296137413096891,1384805629795400,9.9,53.3359375,-1.0,0,0
2026-07-28T23:35:37.413,10.42.0.210,10.42.0.1|10.42.0.210,32,3,UPLOAD,0.95,UPLOAD,0.95,1,1448,100.0,32,0.0,46336.0,0,32,0.0,1.0,0.0149176561338617,1,0,1,1,1,1,1,1,0.9699999999999999,1.0,1.0,1.0,0.8,skip,attack_already_active,1785296137.4138763,1785296137413876329,1384805630574757,9.9,53.3359375,-1.0,0,0
2026-07-28T23:35:37.415,10.42.0.210,10.42.0.1|10.42.0.210,32,3,UPLOAD,0.95,UPLOAD,0.95,1,1448,100.0,33,0.0,47784.0,0,33,0.0,1.0,0.013139703626332077,1,0,1,1,1,1,1,1,0.9699999999999999,1.0,1.0,1.0,0.8,skip,attack_already_active,1785296137.4153016,1785296137415301602,1384805632017822,9.9,53.3359375,-1.0,0,0
2026-07-28T23:35:37.416,10.42.0.210,10.42.0.1|10.42.0.210,32,3,UPLOAD,0.95,UPLOAD,0.95,1,1448,100.0,34,0.0,49232.0,0,34,0.0,1.0,0.011534681524426996,1,0,1,1,1,1,1,1,0.9699999999999999,1.0,1.0,1.0,0.8,skip,attack_already_active,1785296137.4162612,1785296137416261057,1384805632959678,9.9,53.3359375,-1.0,0,0
2026-07-28T23:35:37.419,10.42.0.210,10.42.0.1|10.42.0.210,32,3,UPLOAD,0.95,UPLOAD,0.95,1,1448,100.0,35,0.0,50680.0,0,35,0.0,1.0,0.01046692822420892,1,0,1,1,1,1,1,1,0.9699999999999999,1.0,1.0,1.0,0.8,skip,attack_already_active,1785296137.419693,1785296137419692993,1384805636391470,9.9,53.3359375,-1.0,0,0
2026-07-28T23:35:37.423,10.42.0.210,10.42.0.1|10.42.0.210,32,3,UPLOAD,0.95,UPLOAD,0.95,1,1448,100.0,36,0.0,52128.0,0,36,0.0,1.0,0.009603120938404592,1,0,1,1,1,1,1,1,0.9699999999999999,1.0,1.0,1.0,0.8,skip,attack_already_active,1785296137.4236047,1785296137423604760,1384805640303731,9.9,53.3359375,-1.0,0,0
2026-07-28T23:35:37.424,10.42.0.210,10.42.0.1|10.42.0.210,32,3,UPLOAD,0.95,UPLOAD,0.95,1,1448,100.0,37,0.0,53576.0,0,37,0.0,1.0,0.0084859967087252,1,0,1,1,1,1,1,1,0.9699999999999999,1.0,1.0,1.0,0.8,skip,attack_already_active,1785296137.4247303,1785296137424730449,1384805641428667,9.9,53.3359375,-1.0,0,0
2026-07-28T23:35:37.425,10.42.0.210,10.42.0.1|10.42.0.210,32,3,UPLOAD,0.95,UPLOAD,0.95,1,1448,100.0,38,0.0,55024.0,0,38,0.0,1.0,0.00746813785404438,1,0,1,1,1,1,1,1,0.9699999999999999,1.0,1.0,1.0,0.8,skip,attack_already_active,1785296137.425492,1785296137425491893,1384805642190183,9.9,53.3359375,-1.0,0,0
2026-07-28T23:35:37.426,10.42.0.210,10.42.0.1|10.42.0.210,32,3,UPLOAD,0.95,UPLOAD,0.95,1,1448,100.0,39,0.0,56472.0,0,39,0.0,1.0,0.0066199085634593815,1,0,1,1,1,1,1,1,0.9699999999999999,1.0,1.0,1.0,0.8,skip,attack_already_active,1785296137.4265232,1785296137426523063,1384805643221313,9.9,53.3359375,-1.0,0,0
2026-07-28T23:35:37.427,10.42.0.210,10.42.0.1|10.42.0.210,32,3,UPLOAD,0.95,UPLOAD,0.95,1,1448,100.0,40,0.0,57920.0,0,40,0.0,1.0,0.005844622229781081,1,0,1,1,1,1,1,1,0.9699999999999999,1.0,1.0,1.0,0.8,skip,attack_already_active,1785296137.4272597,1785296137427259699,1384805643958065,9.9,53.3359375,-1.0,0,0
2026-07-28T23:35:37.428,10.42.0.210,10.42.0.1|10.42.0.210,32,3,UPLOAD,0.95,UPLOAD,0.95,1,1448,100.0,41,0.0,59368.0,0,41,0.0,1.0,0.005209294071258576,1,0,1,1,1,1,1,1,0.9699999999999999,1.0,1.0,1.0,0.8,skip,attack_already_active,1785296137.428283,1785296137428282780,1384805644981171,9.9,53.3359375,-1.0,0,0
2026-07-28T23:35:37.429,10.42.0.210,10.42.0.1|10.42.0.210,32,3,UPLOAD,0.95,UPLOAD,0.95,1,1448,100.0,42,0.0,60816.0,0,42,0.0,1.0,0.004621335917108166,1,0,1,1,1,1,1,1,0.9699999999999999,1.0,1.0,1.0,0.8,skip,attack_already_active,1785296137.4290304,1785296137429030306,1384805645728630,55.9,53.3359375,-1.0,0,0
2026-07-28T23:35:37.430,10.42.0.210,10.42.0.1|10.42.0.210,32,3,UPLOAD,0.95,UPLOAD,0.95,1,1448,100.0,43,0.0,62264.0,0,43,0.0,1.0,0.004151792614928339,1,0,1,1,1,1,1,1,0.9699999999999999,1.0,1.0,1.0,0.8,skip,attack_already_active,1785296137.4300885,1785296137430088500,1384805646786766,55.9,53.3359375,-1.0,0,0
2026-07-28T23:35:37.430,10.42.0.210,10.42.0.1|10.42.0.210,32,3,UPLOAD,0.95,UPLOAD,0.95,1,1448,100.0,44,0.0,63712.0,0,44,0.0,1.0,0.0037085899602648897,1,0,1,1,1,1,1,1,0.9699999999999999,1.0,1.0,1.0,0.8,skip,attack_already_active,1785296137.430877,1785296137430876973,1384805647575179,55.9,53.3359375,-1.0,0,0
2026-07-28T23:35:37.431,10.42.0.210,10.42.0.1|10.42.0.210,32,3,UPLOAD,0.95,UPLOAD,0.95,1,1448,100.0,45,0.0,65160.0,0,45,0.0,1.0,0.0033548619892974467,1,0,1,1,1,1,1,1,0.9699999999999999,1.0,1.0,1.0,0.8,skip,attack_already_active,1785296137.4319012,1785296137431901081,1384805648599303,55.9,53.3359375,-1.0,0,0
2026-07-28T23:35:37.432,10.42.0.210,10.42.0.1|10.42.0.210,32,3,UPLOAD,0.95,UPLOAD,0.95,1,1448,100.0,46,0.0,66608.0,0,46,0.0,1.0,0.003026665203639104,1,0,1,1,1,1,1,1,0.9699999999999999,1.0,1.0,1.0,0.8,skip,attack_already_active,1785296137.4327655,1785296137432765343,1384805649464399,55.9,53.3359375,-1.0,0,0
2026-07-28T23:35:37.433,10.42.0.210,10.42.0.1|10.42.0.210,32,3,UPLOAD,0.95,UPLOAD,0.95,1,1448,100.0,47,0.0,68056.0,0,47,0.0,1.0,0.002768452651918958,1,0,1,1,1,1,1,1,0.9699999999999999,1.0,1.0,1.0,0.8,skip,attack_already_active,1785296137.4338326,1785296137433832657,1384805650531009,55.9,53.3359375,-1.0,0,0
2026-07-28T23:35:37.434,10.42.0.210,10.42.0.1|10.42.0.210,32,3,UPLOAD,0.95,UPLOAD,0.95,1,1448,100.0,48,0.0,69504.0,0,48,0.0,1.0,0.002499496010741488,1,0,1,1,1,1,1,1,0.9699999999999999,1.0,1.0,1.0,0.8,skip,attack_already_active,1785296137.43456,1785296137434559877,1384805651258251,55.9,53.3359375,-1.0,0,0
2026-07-28T23:35:37.435,10.42.0.210,10.42.0.1|10.42.0.210,32,3,UPLOAD,0.95,UPLOAD,0.95,1,1448,100.0,49,0.0,70952.0,0,49,0.0,1.0,0.0023125731133099934,1,0,1,1,1,1,1,1,0.9699999999999999,1.0,1.0,1.0,0.8,skip,attack_already_active,1785296137.435641,1785296137435641068,1384805652339478,55.9,53.3359375,-1.0,0,0
2026-07-28T23:35:37.436,10.42.0.210,10.42.0.1|10.42.0.210,32,3,UPLOAD,0.95,UPLOAD,0.95,1,1448,100.0,50,0.0,72400.0,0,50,0.0,1.0,0.0021014591149695217,1,0,1,1,1,1,1,1,0.9699999999999999,1.0,1.0,1.0,0.8,skip,attack_already_active,1785296137.4363515,1785296137436351588,1384805653049908,55.9,53.3359375,-1.0,0,0
2026-07-28T23:35:37.437,10.42.0.210,10.42.0.1|10.42.0.210,32,3,UPLOAD,0.9507756074371935,UPLOAD,0.9507756074371935,1,1448,100.0,51,0.0,73848.0,0,51,0.0,1.0,0.0019460004403206227,1,0,1,1,1,1,1,1,0.9699999999999999,1.0,1.0,1.0,0.8,skip,attack_already_active,1785296137.4372733,1785296137437273359,1384805653971528,55.9,53.3359375,-1.0,0,0
2026-07-28T23:35:37.437,10.42.0.210,10.42.0.1|10.42.0.210,32,3,UPLOAD,0.9520335091900118,UPLOAD,0.9520335091900118,1,1448,100.0,52,0.0,75296.0,0,52,0.0,1.0,0.0017842595556101148,1,0,1,1,1,1,1,1,0.9699999999999999,1.0,1.0,1.0,0.8,skip,attack_already_active,1785296137.4379919,1785296137437992051,1384805654690408,55.9,53.3359375,-1.0,0,0
2026-07-28T23:35:37.439,10.42.0.210,10.42.0.1|10.42.0.210,32,3,UPLOAD,0.9538736840810911,UPLOAD,0.9538736840810911,1,1448,100.0,53,0.0,76744.0,0,53,0.0,1.0,0.0017159665278405807,1,0,1,1,1,1,1,1,0.9699999999999999,1.0,1.0,1.0,0.8,skip,attack_already_active,1785296137.4392579,1785296137439257876,1384805655956205,55.9,53.3359375,-1.0,0,0
2026-07-28T23:35:37.439,10.42.0.210,10.42.0.1|10.42.0.210,32,3,UPLOAD,0.9534441424094382,UPLOAD,0.9534441424094382,1,1448,100.0,54,0.0,78192.0,0,54,0.0,1.0,0.0015777206462408457,1,0,1,1,1,1,1,1,0.9699999999999999,1.0,1.0,1.0,0.8,skip,attack_already_active,1785296137.4399247,1785296137439924819,1384805656623048,55.9,53.3359375,-1.0,0,0
2026-07-28T23:35:37.440,10.42.0.210,10.42.0.1|10.42.0.210,32,3,UPLOAD,0.9646970755444159,UPLOAD,0.9646970755444159,1,1337,100.0,55,0.0,79529.0,0,55,0.0,1.0,0.0014979378361936494,1,0,1,1,1,1,1,1,0.9699999999999999,1.0,1.0,1.0,0.8,skip,attack_already_active,1785296137.440897,1785296137440897115,1384805657595455,55.9,53.3359375,-1.0,0,0
2026-07-28T23:35:37.455,10.42.0.1,10.42.0.1|10.42.0.210,32,3,UPLOAD,0.95,UPLOAD,0.95,1,7240,100.0,1,0.0,7240.0,0,1,0.0,1.0,0.24452219102955822,1,0,1,1,1,1,1,1,0.9699999999999999,1.0,1.0,1.0,0.8,skip,attack_already_active,1785296137.455126,1785296137455125929,1384805671824892,55.9,53.3359375,-1.0,0,0
2026-07-28T23:35:37.455,10.42.0.1,10.42.0.1|10.42.0.210,32,3,UPLOAD,0.95,UPLOAD,0.95,1,7240,100.0,2,0.0,14480.0,0,2,0.0,1.0,0.21239532141180784,1,0,1,1,1,1,1,1,0.9699999999999999,1.0,1.0,1.0,0.8,skip,attack_already_active,1785296137.4558463,1785296137455846510,1384805672544562,55.9,53.3359375,-1.0,0,0
2026-07-28T23:35:37.544,10.42.0.1,10.42.0.1|10.42.0.210,32,3,UPLOAD,0.9599021224110388,UPLOAD,0.9599021224110388,1,14480,100.0,3,0.0,28960.0,0,3,0.0,1.0,0.19608366197504595,1,0,1,1,1,1,1,1,0.9699999999999999,1.0,1.0,1.0,0.8,skip,attack_already_active,1785296137.544457,1785296137544456934,1384805761155849,55.9,53.3359375,-1.0,0,0
2026-07-28T23:35:37.545,10.42.0.1,10.42.0.1|10.42.0.210,32,3,UPLOAD,0.9668019765918698,UPLOAD,0.9668019765918698,1,14480,100.0,4,0.0,43440.0,0,4,0.0,1.0,0.17040356269745593,1,0,1,1,1,1,1,1,0.9699999999999999,1.0,1.0,1.0,0.8,skip,attack_already_active,1785296137.5456614,1785296137545661342,1384805762359783,55.9,53.3359375,-1.0,0,0
2026-07-28T23:35:37.546,10.42.0.1,10.42.0.1|10.42.0.210,32,3,UPLOAD,0.9656423186896904,UPLOAD,0.9656423186896904,0,43,100.0,4,0.0,43440.0,0,4,0.0,1.0,0.40648820671086167,1,0,1,1,1,1,1,1,0.8374999999999999,0.8500000000000001,1.0,0.6000000000000001,0.8,skip,attack_already_active,1785296137.546782,1785296137546782040,1384805763480503,55.9,53.3359375,-1.0,0,0
2026-07-28T23:35:37.550,10.42.0.1,10.42.0.1|10.42.0.210,32,3,UPLOAD,0.9684246433001168,UPLOAD,0.9684246433001168,1,14480,100.0,5,0.0,57920.0,0,5,0.0,1.0,0.35356419874056255,1,0,1,1,1,1,1,1,0.9699999999999999,1.0,1.0,1.0,0.8,skip,attack_already_active,1785296137.550524,1785296137550523861,1384805767222770,55.9,53.3359375,-1.0,0,0
2026-07-28T23:35:37.551,10.42.0.1,10.42.0.1|10.42.0.210,32,3,UPLOAD,0.9695945371163008,UPLOAD,0.9695945371163008,1,14480,100.0,6,0.0,72400.0,0,6,0.0,1.0,0.30712323140405495,1,0,1,1,1,1,1,1,0.9699999999999999,1.0,1.0,1.0,0.8,skip,attack_already_active,1785296137.5516605,1785296137551660423,1384805768358816,55.9,53.3359375,-1.0,0,0
2026-07-28T23:35:37.555,10.42.0.1,10.42.0.1|10.42.0.210,32,3,UPLOAD,0.9704810444242677,UPLOAD,0.9704810444242677,1,7146,100.0,7,0.0,79546.0,0,7,0.0,1.0,0.26720442439024195,1,0,1,1,1,1,1,1,0.9699999999999999,1.0,1.0,1.0,0.8,skip,attack_already_active,1785296137.555851,1785296137555851041,1384805772549638,55.9,53.3359375,-1.0,0,0
2026-07-28T23:35:40.582,10.42.0.47,10.42.0.1|10.42.0.210|10.42.0.47,32,3,UPLOAD,0.95,UPLOAD,0.95,1,7240,100.0,1,0.0,7240.0,0,1,0.0,1.0,0.8826838747735763,1,0,0,1,1,1,1,1,0.9699999999999999,1.0,1.0,1.0,0.8,trigger,training_upload_trigger_confirmed,1785296140.5823586,1785296140582358598,1384808799057137,9.0,53.33984375,10.216952,1785296140592576759,1384808809274089
2026-07-28T23:35:40.583,10.42.0.47,10.42.0.1|10.42.0.210|10.42.0.47,32,3,UPLOAD,0.95,UPLOAD,0.95,1,7240,100.0,2,0.0,14480.0,0,2,0.0,1.0,0.766505939045082,1,0,1,1,1,1,1,1,0.9699999999999999,1.0,1.0,1.0,0.8,skip,attack_already_active,1785296140.5834002,1785296140583400157,1384808800099630,9.0,53.33984375,-1.0,0,0
2026-07-28T23:35:40.585,10.42.0.47,10.42.0.1|10.42.0.210|10.42.0.47,32,3,UPLOAD,0.95,UPLOAD,0.95,1,10136,100.0,3,0.0,24616.0,0,3,0.0,1.0,0.6658012569185711,1,0,1,1,1,1,1,1,0.9699999999999999,1.0,1.0,1.0,0.8,skip,attack_already_active,1785296140.5856862,1785296140585686301,1384808802385289,9.0,53.33984375,-1.0,0,0
2026-07-28T23:35:40.587,10.42.0.47,10.42.0.1|10.42.0.210|10.42.0.47,32,3,UPLOAD,0.95,UPLOAD,0.95,1,10136,100.0,4,0.0,34752.0,0,4,0.0,1.0,0.578296442789933,1,0,1,1,1,1,1,1,0.9699999999999999,1.0,1.0,1.0,0.8,skip,attack_already_active,1785296140.5874376,1785296140587437449,1384808804136845,9.0,53.33984375,-1.0,0,0
2026-07-28T23:35:40.589,10.42.0.47,10.42.0.1|10.42.0.210|10.42.0.47,32,3,UPLOAD,0.95,UPLOAD,0.95,1,4344,100.0,5,0.0,39096.0,0,5,0.0,1.0,0.5023059092116802,1,0,1,1,1,1,1,1,0.9699999999999999,1.0,1.0,1.0,0.8,skip,attack_already_active,1785296140.589063,1785296140589062999,1384808805762032,9.0,53.33984375,-1.0,0,0
2026-07-28T23:35:40.590,10.42.0.47,10.42.0.1|10.42.0.210|10.42.0.47,32,3,UPLOAD,0.95,UPLOAD,0.95,1,4344,100.0,6,0.0,43440.0,0,6,0.0,1.0,0.4362698601281958,1,0,1,1,1,1,1,1,0.9699999999999999,1.0,1.0,1.0,0.8,skip,attack_already_active,1785296140.5902395,1785296140590239426,1384808806938332,9.0,53.33984375,-1.0,0,0
2026-07-28T23:35:40.592,10.42.0.47,10.42.0.1|10.42.0.210|10.42.0.47,32,3,UPLOAD,0.95,UPLOAD,0.95,1,10136,100.0,7,0.0,53576.0,0,7,0.0,1.0,0.3790548114237839,1,0,1,1,1,1,1,1,0.9699999999999999,1.0,1.0,1.0,0.8,skip,attack_already_active,1785296140.5923202,1785296140592320292,1384808809018948,9.0,53.33984375,-1.0,0,0
2026-07-28T23:35:40.593,10.42.0.47,10.42.0.1|10.42.0.210|10.42.0.47,32,3,UPLOAD,0.95,UPLOAD,0.95,1,8688,100.0,8,0.0,62264.0,0,8,0.0,1.0,0.3292739025532123,1,0,1,1,1,1,1,1,0.9699999999999999,1.0,1.0,1.0,0.8,skip,attack_already_active,1785296140.5936015,1785296140593601431,1384808810299791,9.0,53.33984375,-1.0,0,0
2026-07-28T23:35:40.594,10.42.0.47,10.42.0.1|10.42.0.210|10.42.0.47,32,3,UPLOAD,0.95,UPLOAD,0.95,1,1448,100.0,9,0.0,63712.0,0,9,0.0,1.0,0.28601627655622885,1,0,1,1,1,1,1,1,0.9699999999999999,1.0,1.0,1.0,0.8,skip,attack_already_active,1785296140.5946052,1785296140594605212,1384808811303548,9.0,53.33984375,-1.0,0,0
2026-07-28T23:35:40.595,10.42.0.47,10.42.0.1|10.42.0.210|10.42.0.47,32,3,UPLOAD,0.95,UPLOAD,0.95,1,10136,100.0,10,0.0,73848.0,0,10,0.0,1.0,0.24849707348616604,1,0,1,1,1,1,1,1,0.9699999999999999,1.0,1.0,1.0,0.8,skip,attack_already_active,1785296140.5958986,1785296140595898584,1384808812597281,9.0,53.33984375,-1.0,0,0
2026-07-28T23:35:40.597,10.42.0.47,10.42.0.1|10.42.0.210|10.42.0.47,32,3,UPLOAD,0.95,UPLOAD,0.95,1,5680,100.0,11,0.0,79528.0,0,11,0.0,1.0,0.21593815489050489,1,0,1,1,1,1,1,1,0.9699999999999999,1.0,1.0,1.0,0.8,skip,attack_already_active,1785296140.597315,1785296140597315141,1384808814014603,9.0,53.33984375,-1.0,0,0
2026-07-28T23:35:40.598,10.42.0.1,10.42.0.1|10.42.0.210|10.42.0.47,32,3,UPLOAD,0.9652823987372415,UPLOAD,0.9652823987372415,1,7240,100.0,1,0.0,7240.0,0,1,0.0,1.0,0.6329595951160087,1,0,0,1,1,1,1,1,0.9699999999999999,1.0,1.0,1.0,0.8,skip,already_attacked_this_round,1785296140.5986702,1785296140598670285,1384808815369379,9.0,53.33984375,-1.0,0,0
2026-07-28T23:35:40.599,10.42.0.1,10.42.0.1|10.42.0.210|10.42.0.47,32,3,UPLOAD,0.9643019181871277,UPLOAD,0.9643019181871277,1,7240,100.0,2,0.0,14480.0,0,2,0.0,1.0,0.5496686165721492,1,0,0,1,1,1,1,1,0.9699999999999999,1.0,1.0,1.0,0.8,skip,already_attacked_this_round,1785296140.5995576,1785296140599557733,1384808816256516,9.0,53.33984375,-1.0,0,0
2026-07-28T23:35:40.622,10.42.0.1,10.42.0.1|10.42.0.210|10.42.0.47,32,3,UPLOAD,0.963354692812844,UPLOAD,0.963354692812844,1,8688,100.0,3,0.0,23168.0,0,3,0.0,1.0,0.4803180673852954,1,0,0,1,1,1,1,1,0.9699999999999999,1.0,1.0,1.0,0.8,skip,already_attacked_this_round,1785296140.622944,1785296140622944059,1384808839643566,9.0,53.33984375,-1.0,0,0
2026-07-28T23:35:40.624,10.42.0.1,10.42.0.1|10.42.0.210|10.42.0.47,32,3,UPLOAD,0.9621043165261077,UPLOAD,0.9621043165261077,1,8688,100.0,4,0.0,31856.0,0,4,0.0,1.0,0.41718576939207186,1,0,0,1,1,1,1,1,0.9699999999999999,1.0,1.0,1.0,0.8,skip,already_attacked_this_round,1785296140.6241686,1785296140624168639,1384808840867177,9.0,53.33984375,-1.0,0,0
2026-07-28T23:35:40.625,10.42.0.1,10.42.0.1|10.42.0.210|10.42.0.47,32,3,UPLOAD,0.9560579130443415,UPLOAD,0.9560579130443415,0,43,100.0,4,0.0,31856.0,0,4,0.0,1.0,0.7678690519208797,1,0,0,1,1,1,1,1,0.8374999999999999,0.8500000000000001,1.0,0.6000000000000001,0.8,skip,already_attacked_this_round,1785296140.6252062,1785296140625206291,1384808841904624,9.0,53.33984375,-1.0,0,0
2026-07-28T23:35:40.628,10.42.0.1,10.42.0.1|10.42.0.210|10.42.0.47,32,3,UPLOAD,0.9508645910277137,UPLOAD,0.9508645910277137,1,8688,100.0,5,0.0,40544.0,0,5,0.0,1.0,0.6672596178658706,1,0,0,1,1,1,1,1,0.9699999999999999,1.0,1.0,1.0,0.8,skip,already_attacked_this_round,1785296140.6285405,1785296140628540425,1384808845238949,9.0,53.33984375,-1.0,0,0
2026-07-28T23:35:40.630,10.42.0.1,10.42.0.1|10.42.0.210|10.42.0.47,32,3,UPLOAD,0.95,UPLOAD,0.95,1,8688,100.0,6,0.0,49232.0,0,6,0.0,1.0,0.5795412022756434,1,0,0,1,1,1,1,1,0.9699999999999999,1.0,1.0,1.0,0.8,skip,already_attacked_this_round,1785296140.6301293,1785296140630129436,1384808846828164,9.0,53.33984375,-1.0,0,0
2026-07-28T23:35:40.632,10.42.0.1,10.42.0.1|10.42.0.210|10.42.0.47,32,3,UPLOAD,0.95,UPLOAD,0.95,1,8688,100.0,7,0.0,57920.0,0,7,0.0,1.0,0.5034576761033134,1,0,0,1,1,1,1,1,0.9699999999999999,1.0,1.0,1.0,0.8,skip,already_attacked_this_round,1785296140.6322937,1785296140632293756,1384808848992741,9.0,53.33984375,-1.0,0,0
2026-07-28T23:35:40.633,10.42.0.1,10.42.0.1|10.42.0.210|10.42.0.47,32,3,UPLOAD,0.95,UPLOAD,0.95,1,1448,100.0,8,0.0,59368.0,0,8,0.0,1.0,0.43725552717790267,1,0,0,1,1,1,1,1,0.9699999999999999,1.0,1.0,1.0,0.8,skip,already_attacked_this_round,1785296140.6333616,1785296140633361587,1384808850059903,9.0,53.33984375,-1.0,0,0
2026-07-28T23:35:40.634,10.42.0.1,10.42.0.1|10.42.0.210|10.42.0.47,32,3,UPLOAD,0.95,UPLOAD,0.95,1,7240,100.0,9,0.0,66608.0,0,9,0.0,1.0,0.37977747685203184,1,0,0,1,1,1,1,1,0.9699999999999999,1.0,1.0,1.0,0.8,skip,already_attacked_this_round,1785296140.634432,1785296140634431874,1384808851131060,31.9,53.33984375,-1.0,0,0
2026-07-28T23:35:40.636,10.42.0.1,10.42.0.1|10.42.0.210|10.42.0.47,32,3,UPLOAD,0.95,UPLOAD,0.95,1,8688,100.0,10,0.0,75296.0,0,10,0.0,1.0,0.3299465488845788,1,0,0,1,1,1,1,1,0.9699999999999999,1.0,1.0,1.0,0.8,skip,already_attacked_this_round,1785296140.6360564,1785296140636056361,1384808852755348,31.9,53.33984375,-1.0,0,0
2026-07-28T23:35:40.637,10.42.0.1,10.42.0.1|10.42.0.210|10.42.0.47,32,3,UPLOAD,0.95,UPLOAD,0.95,1,2896,100.0,11,0.0,78192.0,0,11,0.0,1.0,0.286693909369796,1,0,0,1,1,1,1,1,0.9699999999999999,1.0,1.0,1.0,0.8,skip,already_attacked_this_round,1785296140.6377707,1785296140637770846,1384808854469610,31.9,53.33984375,-1.0,0,0
2026-07-28T23:35:40.639,10.42.0.1,10.42.0.1|10.42.0.210|10.42.0.47,32,3,UPLOAD,0.95,UPLOAD,0.95,1,1336,100.0,12,0.0,79528.0,0,12,0.0,1.0,0.2491235210008855,1,0,0,1,1,1,1,1,0.9699999999999999,1.0,1.0,1.0,0.8,skip,already_attacked_this_round,1785296140.6393533,1785296140639353435,1384808856052183,31.9,53.33984375,-1.0,0,0
2026-07-28T23:35:40.947,10.42.0.1,10.42.0.1,33,1,DOWNLOAD,0.95,DOWNLOAD,0.95,-1,1448,54.92265189646225,13,1448.0,79528.0,1,12,0.017881841533293814,0.9821181584667061,0.25874434619908093,0,0,0,0,1,0,0,0,0.44,0.8500000000000001,0.0,0.6000000000000001,0.15,skip,training_upload_trigger_not_confirmed,1785296140.9473395,1785296140947339397,1384809164038043,31.9,53.33984375,-1.0,0,0
2026-07-28T23:35:40.951,10.42.0.1,10.42.0.1,33,1,DOWNLOAD,0.95,DOWNLOAD,0.95,-1,5792,10.984530385361252,14,7240.0,79528.0,2,12,0.08344089987092015,0.9165591001290798,0.2251925353734332,0,0,0,0,1,0,0,0,0.44,0.8500000000000001,0.0,0.6000000000000001,0.15,skip,training_upload_trigger_not_confirmed,1785296140.9514685,1785296140951468441,1384809168167835,31.9,53.33984375,-1.0,0,0
2026-07-28T23:35:40.952,10.42.0.1,10.42.0.1,33,1,DOWNLOAD,0.95,DOWNLOAD,0.95,-1,7240,5.492265193059926,15,14480.0,79528.0,3,12,0.15402944430261253,0.8459705556973874,0.1956860550112489,0,0,0,0,1,0,0,0,0.44,0.8500000000000001,0.0,0.6000000000000001,0.15,skip,training_upload_trigger_not_confirmed,1785296140.9527445,1785296140952744478,1384809169443722,31.9,53.33984375,-1.0,0,0
2026-07-28T23:35:40.953,10.42.0.1,10.42.0.1,33,1,DOWNLOAD,0.95,DOWNLOAD,0.95,-1,7240,3.661510128790906,16,21720.0,79528.0,4,12,0.21452275600505688,0.7854772439949431,0.17005530268438326,0,0,0,0,1,0,0,0,0.4,0.8500000000000001,0.0,0.4,0.15,skip,training_upload_trigger_not_confirmed,1785296140.9539258,1785296140953925825,1384809170624594,31.9,53.33984375,-1.0,0,0
2026-07-28T23:35:40.955,10.42.0.1,10.42.0.1,33,1,DOWNLOAD,0.95,DOWNLOAD,0.95,-1,7240,2.746132596624788,17,28960.0,79528.0,5,12,0.26694196593171593,0.7330580340682841,0.1477957142162127,0,0,0,0,1,0,0,0,0.4,0.8500000000000001,0.0,0.4,0.15,skip,training_upload_trigger_not_confirmed,1785296140.9550593,1785296140955059110,1384809171758036,31.9,53.33984375,-1.0,0,0
2026-07-28T23:35:40.957,10.42.0.1,10.42.0.1,33,1,DOWNLOAD,0.95,DOWNLOAD,0.95,-1,7240,2.196906077315002,18,36200.0,79528.0,6,12,0.31280243329185675,0.6871975667081432,0.12860525180182952,0,0,0,0,1,0,0,0,0.4,0.8500000000000001,0.0,0.4,0.15,skip,training_upload_trigger_not_confirmed,1785296140.957224,1785296140957223916,1384809173923094,31.9,53.33984375,-1.0,0,0
2026-07-28T23:35:40.958,10.42.0.1,10.42.0.1,33,1,DOWNLOAD,0.95,DOWNLOAD,0.95,-1,7240,1.8307550644375976,19,43440.0,79528.0,7,12,0.3532626374341292,0.6467373625658708,0.11181516771306718,0,0,0,0,1,0,0,0,0.32,0.8500000000000001,0.0,0.0,0.15,skip,training_upload_trigger_not_confirmed,1785296140.9584138,1785296140958413838,1384809175112415,31.9,53.33984375,-1.0,0,0
2026-07-28T23:35:40.960,10.42.0.1,10.42.0.1,33,1,DOWNLOAD,0.95,DOWNLOAD,0.95,-1,7240,1.5692186266659585,20,50680.0,79528.0,8,12,0.3892233964118948,0.6107766035881051,0.09738176285910947,0,0,0,0,1,0,0,0,0.32,0.8500000000000001,0.0,0.0,0.15,skip,training_upload_trigger_not_confirmed,1785296140.960698,1785296140960697813,1384809177397026,31.9,53.33984375,-1.0,0,0
2026-07-28T23:35:40.961,10.42.0.1,10.42.0.1,33,1,DOWNLOAD,0.95,DOWNLOAD,0.95,-1,7240,1.3730662983361002,21,57920.0,79528.0,9,12,0.4213957278388918,0.5786042721611082,0.08469520415586855,0,0,0,0,1,0,0,0,0.32,0.8500000000000001,0.0,0.0,0.15,skip,training_upload_trigger_not_confirmed,1785296140.9618049,1785296140961804914,1384809178503786,31.9,53.33984375,-1.0,0,0
2026-07-28T23:35:40.963,10.42.0.1,10.42.0.1,33,1,DOWNLOAD,0.95,DOWNLOAD,0.95,-1,4344,1.2772709751979108,22,62264.0,79528.0,10,12,0.4391220943353645,0.5608779056646355,0.07372430020829908,0,0,0,0,1,0,0,0,0.32,0.8500000000000001,0.0,0.0,0.15,skip,training_upload_trigger_not_confirmed,1785296140.963245,1785296140963244909,1384809179944560,31.9,53.33984375,-1.0,0,0
2026-07-28T23:35:40.964,10.42.0.1,10.42.0.1,33,1,DOWNLOAD,0.95,DOWNLOAD,0.95,-1,4344,1.1939706942079935,23,66608.0,79528.0,11,12,0.4557946022882794,0.5442053977117206,0.06417705764593136,0,0,0,0,1,0,0,0,0.30250000000000005,0.8000000000000002,0.0,0.0,0.15,skip,training_upload_trigger_not_confirmed,1785296140.9645178,1785296140964517894,1384809181216815,31.9,53.33984375,-1.0,0,0
2026-07-28T23:35:40.965,10.42.0.1,10.42.0.1,33,1,DOWNLOAD,0.95,DOWNLOAD,0.95,-1,4344,1.120870447624861,24,70952.0,79528.0,12,12,0.4715045188729399,0.5284954811270601,0.05586697385785342,0,0,0,0,1,0,0,0,0.30250000000000005,0.8000000000000002,0.0,0.0,0.15,skip,training_upload_trigger_not_confirmed,1785296140.965632,1785296140965632013,1384809182330498,31.9,53.33984375,-1.0,0,0
2026-07-28T23:35:40.966,10.42.0.1,10.42.0.1,33,1,DOWNLOAD,0.95,DOWNLOAD,0.95,-1,14480,0.9308924056567692,25,85432.0,79528.0,13,12,0.5178952473326867,0.4821047526673133,0.04865003048015149,0,0,0,0,1,0,0,0,0.30250000000000005,0.8000000000000002,0.0,0.0,0.15,skip,training_upload_trigger_not_confirmed,1785296140.9667315,1785296140966731456,1384809183430194,31.9,53.33984375,-1.0,0,0
2026-07-28T23:35:40.967,10.42.0.1,10.42.0.1,33,1,DOWNLOAD,0.95,DOWNLOAD,0.95,-1,14480,0.7959804628093123,26,99912.0,79528.0,14,12,0.5567989300044583,0.4432010699955417,0.0423937411491706,0,0,0,0,1,0,0,0,0.28500000000000003,0.7500000000000001,0.0,0.0,0.15,skip,training_upload_trigger_not_confirmed,1785296140.9679043,1785296140967904211,1384809184603003,31.9,53.33984375,-1.0,0,0
2026-07-28T23:35:40.969,10.42.0.1,10.42.0.1,33,1,DOWNLOAD,0.95,DOWNLOAD,0.95,-1,14480,0.6952234422014194,27,114392.0,79528.0,15,12,0.5898927392739274,0.4101072607260726,0.03696633230374975,0,0,0,0,1,0,0,0,0.28500000000000003,0.7500000000000001,0.0,0.0,0.15,skip,training_upload_trigger_not_confirmed,1785296140.969111,1785296140969111097,1384809185809967,31.9,53.33984375,-1.0,0,0
2026-07-28T23:35:40.970,10.42.0.1,10.42.0.1,33,1,DOWNLOAD,0.95,DOWNLOAD,0.95,-1,10136,0.638635487604084,28,124528.0,79528.0,16,12,0.6102638491394519,0.3897361508605481,0.03228553485743744,0,0,0,0,1,0,0,0,0.28500000000000003,0.7500000000000001,0.0,0.0,0.15,skip,training_upload_trigger_not_confirmed,1785296140.970556,1785296140970555827,1384809187255192,31.9,53.33984375,-1.0,0,0
2026-07-28T23:35:40.971,10.42.0.1,10.42.0.1,33,1,DOWNLOAD,0.95,DOWNLOAD,0.95,-1,18824,0.5547742619596882,29,143352.0,79528.0,17,12,0.6431801866475233,0.35681981335247664,0.028186296593748543,0,0,0,0,1,0,0,0,0.28500000000000003,0.7500000000000001,0.0,0.0,0.15,skip,training_upload_trigger_not_confirmed,1785296140.9717336,1785296140971733427,1384809188432398,31.9,53.33984375,-1.0,0,0
2026-07-28T23:35:40.973,10.42.0.1,10.42.0.1,33,1,DOWNLOAD,0.95,DOWNLOAD,0.95,-1,10136,0.5181382257927776,30,153488.0,79528.0,18,12,0.6587015483915267,0.3412984516084732,0.024639517510000555,0,0,0,0,1,0,0,0,0.28500000000000003,0.7500000000000001,0.0,0.0,0.15,skip,training_upload_trigger_not_confirmed,1785296140.9730043,1785296140973004220,1384809189703703,31.9,53.33984375,-1.0,0,0
2026-07-28T23:35:40.974,10.42.0.1,10.42.0.1,33,1,DOWNLOAD,0.95,DOWNLOAD,0.95,-1,18824,0.4615348902022985,31,172312.0,79528.0,19,12,0.6842121982210928,0.31578780177890725,0.02157390563034723,0,0,0,0,1,0,0,0,0.28500000000000003,0.7500000000000001,0.0,0.0,0.15,skip,training_upload_trigger_not_confirmed,1785296140.9743798,1785296140974379739,1384809191078973,31.9,53.33984375,-1.0,0,0
2026-07-28T23:35:40.975,10.42.0.1,10.42.0.1,33,1,DOWNLOAD,0.95,DOWNLOAD,0.95,-1,6784,0.4440523518144232,32,179096.0,79528.0,20,12,0.6924956693887652,0.30750433061123483,0.018892595784156127,0,0,0,0,1,0,0,0,0.28500000000000003,0.7500000000000001,0.0,0.0,0.15,skip,training_upload_trigger_not_confirmed,1785296140.975606,1785296140975605935,1384809192304722,31.9,53.33984375,-1.0,0,0
2026-07-28T23:35:40.977,10.42.0.18,10.42.0.1,27,1,DOWNLOAD,0.95,DOWNLOAD,0.95,-1,7300,1.3698630135109776e-10,1,7300.0,0.0,1,0,1.0,0.0,1.4567865605228643,0,0,0,0,0,0,0,0,0.0225,0.0,0.0,0.0,0.15,skip,training_upload_trigger_not_confirmed,1785296140.9772193,1785296140977219450,1384809193918000,31.9,53.33984375,-1.0,0,0
2026-07-28T23:35:40.978,10.42.0.18,10.42.0.1,27,1,DOWNLOAD,0.95,DOWNLOAD,0.95,-1,7300,6.84931506802402e-11,2,14600.0,0.0,2,0,1.0,0.0,1.2649651881576782,0,0,0,0,0,0,0,0,0.0225,0.0,0.0,0.0,0.15,skip,training_upload_trigger_not_confirmed,1785296140.9783266,1785296140978326545,1384809195025280,31.9,53.33984375,-1.0,0,0
2026-07-28T23:35:40.979,10.42.0.1,10.42.0.1,33,1,DOWNLOAD,0.95,DOWNLOAD,0.95,-1,6784,0.42784592210335776,33,185880.0,79528.0,21,12,0.7003556788039547,0.29964432119604534,0.01692764311860759,0,0,0,0,1,0,0,0,0.28500000000000003,0.7500000000000001,0.0,0.0,0.15,skip,training_upload_trigger_not_confirmed,1785296140.979587,1785296140979587046,1384809196287836,31.9,53.33984375,-1.0,0,0
2026-07-28T23:35:40.981,10.42.0.47,10.42.0.1,33,1,DOWNLOAD,0.95,DOWNLOAD,0.95,-1,7240,10.984530385361252,12,7240.0,79528.0,1,11,0.08344089987092015,0.9165591001290798,0.228731533524573,0,0,0,0,0,0,0,0,0.057499999999999996,0.1,0.0,0.0,0.15,skip,training_upload_trigger_not_confirmed,1785296140.9812677,1785296140981267757,1384809197967195,31.9,53.33984375,-1.0,0,0
2026-07-28T23:35:40.982,10.42.0.47,10.42.0.1,33,1,DOWNLOAD,0.9829981496648164,DOWNLOAD,0.9829981496648164,-1,7240,5.492265193059926,13,14480.0,79528.0,2,11,0.15402944430261253,0.8459705556973874,0.19875851505609238,0,0,0,0,0,0,0,0,0.057499999999999996,0.1,0.0,0.0,0.15,skip,training_upload_trigger_not_confirmed,1785296140.9825423,1785296140982542361,1384809199241049,31.9,53.33984375,-1.0,0,0
2026-07-28T23:35:40.983,10.42.0.1,10.42.0.1,33,1,DOWNLOAD,0.95,DOWNLOAD,0.95,-1,21720,0.3830828516407365,34,207600.0,79528.0,22,12,0.7230224847454794,0.27697751525452063,0.015251310566876088,0,0,0,0,1,0,0,0,0.28500000000000003,0.7500000000000001,0.0,0.0,0.15,skip,training_upload_trigger_not_confirmed,1785296140.9837935,1785296140983793284,1384809200492096,31.9,53.33984375,-1.0,0,0
2026-07-28T23:35:40.985,10.42.0.1,10.42.0.1,33,1,DOWNLOAD,0.95,DOWNLOAD,0.95,-1,14024,0.3588420026740838,35,221624.0,79528.0,23,12,0.7359207310593986,0.2640792689406014,0.013485251205980306,0,0,0,0,1,0,0,0,0.28500000000000003,0.7500000000000001,0.0,0.0,0.15,skip,training_upload_trigger_not_confirmed,1785296140.9856427,1785296140985642846,1384809202341899,31.9,53.33984375,-1.0,0,0
2026-07-28T23:35:40.986,10.42.0.1,10.42.0.1,33,1,DOWNLOAD,0.95,DOWNLOAD,0.95,-1,6784,0.3481839515281943,36,228408.0,79528.0,24,12,0.7417385430738855,0.2582614569261145,0.011874500704526367,0,0,0,0,1,0,0,0,0.28500000000000003,0.7500000000000001,0.0,0.0,0.15,skip,training_upload_trigger_not_confirmed,1785296140.9869044,1785296140986904272,1384809203603605,31.9,53.33984375,-1.0,0,0
2026-07-28T23:35:40.988,10.42.0.18,10.42.0.1,27,1,DOWNLOAD,0.8410264757979019,DOWNLOAD,0.8410264757979019,0,43,6.84931506802402e-11,2,14600.0,0.0,2,0,1.0,0.0,1.8052340712194328,0,0,0,0,0,0,0,0,0.0225,0.0,0.0,0.0,0.15,skip,training_upload_trigger_not_confirmed,1785296140.9886239,1785296140988623756,1384809205323037,31.9,53.33984375,-1.0,0,0
2026-07-28T23:35:40.990,10.42.0.18,10.42.0.1,27,1,DOWNLOAD,0.95,DOWNLOAD,0.95,-1,10220,4.029008863657171e-11,3,24820.0,0.0,3,0,1.0,0.0,1.5689322120638098,0,0,0,0,0,0,0,0,0.0225,0.0,0.0,0.0,0.15,skip,training_upload_trigger_not_confirmed,1785296140.9903312,1785296140990331252,1384809207030600,31.9,53.33984375,-1.0,0,0
2026-07-28T23:35:40.992,10.42.0.18,10.42.0.1,27,1,DOWNLOAD,0.95,DOWNLOAD,0.95,-1,14600,2.536783358636814e-11,4,39420.0,0.0,4,0,1.0,0.0,1.3624174190655103,0,0,0,0,0,0,0,0,0.0225,0.0,0.0,0.0,0.15,skip,training_upload_trigger_not_confirmed,1785296140.9920797,1785296140992079556,1384809208778456,31.9,53.33984375,-1.0,0,0
2026-07-28T23:35:40.993,10.42.0.47,10.42.0.1,33,1,DOWNLOAD,0.9842257140988042,DOWNLOAD,0.9842257140988042,0,43,5.492265193059926,13,14480.0,79528.0,2,11,0.15402944430261253,0.8459705556973874,0.21473965690249483,0,0,0,0,0,0,0,0,0.057499999999999996,0.1,0.0,0.0,0.15,skip,training_upload_trigger_not_confirmed,1785296140.9936998,1785296140993699746,1384809210398302,31.9,53.33984375,-1.0,0,0
2026-07-28T23:35:40.994,10.42.0.47,10.42.0.1,33,1,DOWNLOAD,0.9842586901286671,DOWNLOAD,0.9842586901286671,-1,10136,3.2307442313035932,14,24616.0,79528.0,3,11,0.23636503303118758,0.7636349669688124,0.1880628093005877,0,0,0,0,0,0,0,0,0.057499999999999996,0.1,0.0,0.0,0.15,skip,training_upload_trigger_not_confirmed,1785296140.9948387,1785296140994838726,1384809211537443,31.9,53.33984375,-1.0,0,0
2026-07-28T23:35:41.000,10.42.0.47,10.42.0.1,33,1,DOWNLOAD,0.9842595481342594,DOWNLOAD,0.9842595481342594,-1,14480,2.0341722938143496,15,39096.0,79528.0,4,11,0.3295791745346642,0.6704208254653359,0.16401223722574368,0,0,0,0,0,0,0,0,0.057499999999999996,0.1,0.0,0.0,0.15,skip,training_upload_trigger_not_confirmed,1785296141.0003884,1785296141000388264,1384809217087062,31.9,53.33984375,-1.0,0,0
2026-07-28T23:35:41.002,10.42.0.59,10.42.0.1,10,3,UPLOAD,0.9841010226033655,UPLOAD,0.9841010226033655,0,43,1.0,0,0.0,0.0,0,0,0.0,0.0,1.6486950312138324,0,0,0,0,0,0,0,0,0.4375,0.05,1.0,0.0,0.8,skip,already_attacked_this_round,1785296141.002619,1785296141002619016,1384809219317829,31.9,53.33984375,-1.0,0,0
2026-07-28T23:35:41.003,10.42.0.59,10.42.0.1,10,1,DOWNLOAD,0.95,DOWNLOAD,0.95,-1,8760,1.1415525112852108e-10,1,8760.0,0.0,1,0,1.0,0.0,2.149263477054029,0,0,0,0,0,0,0,0,0.0225,0.0,0.0,0.0,0.15,skip,already_attacked_this_round,1785296141.0038254,1785296141003825495,1384809220524327,31.9,53.33984375,-1.0,0,0
2026-07-28T23:35:41.010,10.42.0.145,10.42.0.1,15,3,UPLOAD,0.9854688349332961,UPLOAD,0.9854688349332961,0,43,1.0,0,0.0,0.0,0,0,0.0,0.0,1.7416111624936135,0,0,0,0,0,0,0,0,0.4375,0.05,1.0,0.0,0.8,skip,already_attacked_this_round,1785296141.0103307,1785296141010330580,1384809227029059,31.9,53.33984375,-1.0,0,0
2026-07-28T23:35:41.011,10.42.0.145,10.42.0.1,16,1,DOWNLOAD,0.95,DOWNLOAD,0.95,-1,14600,6.84931506802402e-11,1,14600.0,0.0,1,0,1.0,0.0,2.22024462953262,0,0,0,0,0,0,0,0,0.0225,0.0,0.0,0.0,0.15,skip,training_upload_trigger_not_confirmed,1785296141.011403,1785296141011402920,1384809228101225,31.9,53.33984375,-1.0,0,0
2026-07-28T23:35:41.012,10.42.0.145,10.42.0.1,16,1,DOWNLOAD,0.95,DOWNLOAD,0.95,-1,14600,3.424657534129292e-11,2,29200.0,0.0,2,0,1.0,0.0,1.9278171220506681,0,0,0,0,0,0,0,0,0.0225,0.0,0.0,0.0,0.15,skip,training_upload_trigger_not_confirmed,1785296141.0124962,1785296141012496031,1384809229195942,31.9,53.33984375,-1.0,0,0
2026-07-28T23:35:41.015,10.42.0.47,10.42.0.1,33,1,DOWNLOAD,0.9842595696464124,DOWNLOAD,0.9842595696464124,-1,4344,1.8307550644375976,16,43440.0,79528.0,5,11,0.3532626374341292,0.6467373625658708,0.1443817092879648,0,0,0,0,0,0,0,0,0.057499999999999996,0.1,0.0,0.0,0.15,skip,training_upload_trigger_not_confirmed,1785296141.01543,1785296141015429902,1384809232128273,31.9,53.33984375,-1.0,0,0
2026-07-28T23:35:41.018,10.42.0.47,10.42.0.1,33,1,DOWNLOAD,0.9842595701605352,DOWNLOAD,0.9842595701605352,-1,11584,1.4453329456156343,17,55024.0,79528.0,6,11,0.40894226767346453,0.5910577323265355,0.12569720576411386,0,0,0,0,0,0,0,0,0.057499999999999996,0.1,0.0,0.0,0.15,skip,training_upload_trigger_not_confirmed,1785296141.0180202,1785296141018020143,1384809234719033,31.9,53.33984375,-1.0,0,0
2026-07-28T23:35:41.019,10.42.0.47,10.42.0.1,33,1,DOWNLOAD,0.9842595701720059,DOWNLOAD,0.9842595701720059,-1,4344,1.3395768764260279,18,59368.0,79528.0,7,11,0.4274277157009561,0.5725722842990439,0.10929324972297108,0,0,0,0,0,0,0,0,0.057499999999999996,0.1,0.0,0.0,0.15,skip,training_upload_trigger_not_confirmed,1785296141.0192323,1785296141019232323,1384809235931247,59.9,53.33984375,-1.0,0,0
2026-07-28T23:35:41.021,10.42.0.47,10.42.0.1,33,1,DOWNLOAD,0.9842595701722343,DOWNLOAD,0.9842595701722343,-1,11584,1.120870447624861,19,70952.0,79528.0,8,11,0.4715045188729399,0.5284954811270601,0.09519213785500251,0,0,0,0,0,0,0,0,0.039999999999999994,0.05,0.0,0.0,0.15,skip,training_upload_trigger_not_confirmed,1785296141.021516,1785296141021515976,1384809238215325,59.9,53.33984375,-1.0,0,0
2026-07-28T23:35:41.022,10.42.0.18,10.42.0.1,27,1,DOWNLOAD,0.95,DOWNLOAD,0.95,-1,4380,2.2831050227789245e-11,5,43800.0,0.0,5,0,1.0,0.0,1.1869256241964279,0,0,0,0,0,0,0,0,0.0225,0.0,0.0,0.0,0.15,skip,training_upload_trigger_not_confirmed,1785296141.0227385,1785296141022738515,1384809239437679,59.9,53.33984375,-1.0,0,0
2026-07-28T23:35:41.023,10.42.0.59,10.42.0.1,10,1,DOWNLOAD,0.95,DOWNLOAD,0.95,-1,5840,6.84931506802402e-11,2,14600.0,0.0,2,0,1.0,0.0,1.868692598246203,0,0,0,0,0,0,0,0,0.0225,0.0,0.0,0.0,0.15,skip,already_attacked_this_round,1785296141.023914,1785296141023913982,1384809240612517,59.9,53.33984375,-1.0,0,0
2026-07-28T23:35:41.025,10.42.0.59,10.42.0.1,10,1,DOWNLOAD,0.95,DOWNLOAD,0.95,-1,8760,4.2808219176249646e-11,3,23360.0,0.0,3,0,1.0,0.0,1.6226539791636574,0,0,0,0,0,0,0,0,0.0225,0.0,0.0,0.0,0.15,skip,already_attacked_this_round,1785296141.0254877,1785296141025487562,1384809242185934,59.9,53.33984375,-1.0,0,0
2026-07-28T23:35:41.028,10.42.0.18,10.42.0.1,27,1,DOWNLOAD,0.95,DOWNLOAD,0.95,-1,24820,1.4573010783815608e-11,6,68620.0,0.0,6,0,1.0,0.0,1.03128713091554,0,0,0,0,0,0,0,0,0.0225,0.0,0.0,0.0,0.15,skip,training_upload_trigger_not_confirmed,1785296141.0285666,1785296141028566512,1384809245265150,59.9,53.33984375,-1.0,0,0
2026-07-28T23:35:41.033,10.42.0.47,10.42.0.1,33,1,DOWNLOAD,0.9842595701722379,DOWNLOAD,0.9842595701722379,-1,5792,1.0362764515788039,20,76744.0,79528.0,9,11,0.4910924541824511,0.5089075458175489,0.0841725892466508,0,0,0,0,0,0,0,0,0.039999999999999994,0.05,0.0,0.0,0.15,skip,training_upload_trigger_not_confirmed,1785296141.033084,1785296141033083998,1384809249782114,59.9,53.33984375,-1.0,0,0
2026-07-28T23:35:41.036,10.42.0.145,10.42.0.1,16,1,DOWNLOAD,0.95,DOWNLOAD,0.95,-1,29200,1.7123287670939668e-11,3,58400.0,0.0,3,0,1.0,0.0,1.677005552039836,0,0,0,0,0,0,0,0,0.0225,0.0,0.0,0.0,0.15,skip,training_upload_trigger_not_confirmed,1785296141.0369737,1785296141036973769,1384809253672404,59.9,53.33984375,-1.0,0,0
2026-07-28T23:35:41.038,10.42.0.59,10.42.0.1,10,1,DOWNLOAD,0.95,DOWNLOAD,0.95,-1,17520,2.4461839529734297e-11,4,40880.0,0.0,4,0,1.0,0.0,1.410564926212574,0,0,0,0,0,0,0,0,0.0225,0.0,0.0,0.0,0.15,skip,already_attacked_this_round,1785296141.0386565,1785296141038656394,1384809255355520,59.9,53.33984375,-1.0,0,0
2026-07-28T23:35:41.043,10.42.0.59,10.42.0.1,10,1,DOWNLOAD,0.95,DOWNLOAD,0.95,-1,9121,1.9999600007599855e-11,5,50001.0,0.0,5,0,1.0,0.0,1.2252942742509303,0,0,0,0,0,0,0,0,0.0225,0.0,0.0,0.0,0.15,skip,already_attacked_this_round,1785296141.0432537,1785296141043253683,1384809259951870,59.9,53.33984375,-1.0,0,0
2026-07-28T23:35:41.114,10.42.0.210,10.42.0.1,32,3,UPLOAD,0.9255656879146539,UPLOAD,0.9255656879146539,0,43,1.0,0,0.0,0.0,0,0,0.0,0.0,0.4705952836581596,0,0,1,0,0,0,0,0,0.4375,0.05,1.0,0.0,0.8,skip,attack_already_active,1785296141.1145904,1785296141114590382,1384809331289524,59.9,53.33984375,-1.0,0,0
2026-07-28T23:35:41.115,10.42.0.210,10.42.0.1,33,1,DOWNLOAD,0.9828887983741026,DOWNLOAD,0.9828887983741026,-1,2896,3.4530386728408016e-10,1,2896.0,0.0,1,0,1.0,0.0,0.8786670658201557,0,0,0,0,0,0,0,0,0.0225,0.0,0.0,0.0,0.15,skip,training_upload_trigger_not_confirmed,1785296141.1157236,1785296141115723524,1384809332422133,59.9,53.33984375,-1.0,0,0
2026-07-28T23:35:41.119,10.42.0.210,10.42.0.1,33,1,DOWNLOAD,0.95,DOWNLOAD,0.95,-1,10136,7.673419275040407e-11,2,13032.0,0.0,2,0,1.0,0.0,0.7633227841020775,0,0,0,0,0,0,0,0,0.0225,0.0,0.0,0.0,0.15,skip,training_upload_trigger_not_confirmed,1785296141.1190748,1785296141119074814,1384809335773492,59.9,53.33984375,-1.0,0,0
2026-07-28T23:35:41.121,10.42.0.210,10.42.0.1,33,1,DOWNLOAD,0.9557926560077417,DOWNLOAD,0.9557926560077417,-1,13032,3.8367096376674066e-11,3,26064.0,0.0,3,0,1.0,0.0,0.6630159767173833,0,0,0,0,0,0,0,0,0.0225,0.0,0.0,0.0,0.15,skip,training_upload_trigger_not_confirmed,1785296141.121197,1785296141121197051,1384809337896446,59.9,53.33984375,-1.0,0,0
2026-07-28T23:35:41.123,10.42.0.210,10.42.0.1,33,1,DOWNLOAD,0.9846998846180315,DOWNLOAD,0.9846998846180315,-1,5792,3.1391260672043216e-11,4,31856.0,0.0,4,0,1.0,0.0,0.5759130962297502,0,0,0,0,0,0,0,0,0.0225,0.0,0.0,0.0,0.15,skip,training_upload_trigger_not_confirmed,1785296141.1232133,1785296141123213205,1384809339912383,59.9,53.33984375,-1.0,0,0
2026-07-28T23:35:41.125,10.42.0.210,10.42.0.1,33,1,DOWNLOAD,0.9854895428954357,DOWNLOAD,0.9854895428954357,-1,11584,2.3020257826357728e-11,5,43440.0,0.0,5,0,1.0,0.0,0.5003119659993034,0,0,0,0,0,0,0,0,0.0225,0.0,0.0,0.0,0.15,skip,training_upload_trigger_not_confirmed,1785296141.1254103,1785296141125410232,1384809342109342,59.9,53.33984375,-1.0,0,0
2026-07-28T23:35:41.127,10.42.0.210,10.42.0.1,33,1,DOWNLOAD,0.9855083405864443,DOWNLOAD,0.9855083405864443,-1,17376,1.6443041304649383e-11,6,60816.0,0.0,6,0,1.0,0.0,0.4347238423600331,0,0,0,0,0,0,0,0,0.0225,0.0,0.0,0.0,0.15,skip,training_upload_trigger_not_confirmed,1785296141.1279922,1785296141127991976,1384809344691135,59.9,53.33984375,-1.0,0,0
2026-07-28T23:35:41.131,10.42.0.210,10.42.0.1,33,1,DOWNLOAD,0.9855087208476458,DOWNLOAD,0.9855087208476458,-1,3888,1.5454995054162724e-11,7,64704.0,0.0,7,0,1.0,0.0,0.37793539494029976,0,0,0,0,0,0,0,0,0.0225,0.0,0.0,0.0,0.15,skip,training_upload_trigger_not_confirmed,1785296141.1317642,1785296141131764346,1384809348463210,59.9,53.33984375,-1.0,0,0
2026-07-28T23:35:41.350,10.42.0.145,10.42.0.1,16,2,TRAINING,0.95,TRAINING,0.95,1,64240,1.0999999999982877,4,58400.0,64240.0,3,1,0.47619047619047616,0.5238095238095238,1.5008577204277433,0,0,0,0,1,0,0,0,0.4525,1.0,0.0,0.4,0.15,skip,training_upload_trigger_not_confirmed,1785296141.350599,1785296141350599144,1384809567298180,59.9,53.33984375,-1.0,0,0
2026-07-28T23:35:41.352,10.42.0.1,10.42.0.1,33,2,TRAINING,0.95,TRAINING,0.95,1,7240,0.3798816153576937,37,228408.0,86768.0,24,13,0.7246998502424042,0.27530014975759576,0.03592294081722812,0,0,0,0,1,1,0,0,0.5725,1.0,0.0,1.0,0.15,skip,training_upload_trigger_not_confirmed,1785296141.3524628,1785296141352462878,1384809569162128,59.9,53.33984375,-1.0,0,0
2026-07-28T23:35:41.353,10.42.0.1,10.42.0.1,33,3,UPLOAD,0.95,UPLOAD,0.95,1,7240,0.4115792791871931,38,228408.0,94008.0,24,14,0.7084263808247729,0.29157361917522706,0.03135585269621076,1,0,0,1,1,1,1,1,0.9699999999999999,1.0,1.0,1.0,0.8,trigger,training_upload_trigger_confirmed,1785296141.3537273,1785296141353727246,1384809570426516,59.9,53.33984375,22.851562,1785296141376580799,1384809593278078
2026-07-28T23:35:41.355,10.42.0.59,10.42.0.1,10,2,TRAINING,0.95,TRAINING,0.95,1,64240,1.2847743045082143,6,50001.0,64240.0,5,1,0.4376799922969862,0.5623200077030138,1.1103007408530639,0,0,0,0,1,0,0,0,0.5325,1.0,0.0,0.8,0.15,skip,already_attacked_this_round,1785296141.3552592,1785296141355259090,1384809571958871,59.9,53.33984375,-1.0,0,0
2026-07-28T23:35:41.358,10.42.0.59,10.42.0.1,10,3,UPLOAD,0.95,UPLOAD,0.95,1,3608,1.3569328613356344,7,50001.0,67848.0,5,2,0.4242802229972253,0.5757197770027748,0.9643594749122786,0,0,0,1,1,1,1,1,0.9299999999999999,1.0,1.0,0.8,0.8,skip,already_attacked_this_round,1785296141.358052,1785296141358052074,1384809574750823,59.9,53.33984375,-1.0,0,0
2026-07-28T23:35:41.361,10.42.0.1,10.42.0.1,33,3,UPLOAD,0.95,UPLOAD,0.95,1,7240,0.44327694301669257,39,228408.0,101248.0,24,15,0.6928677166500837,0.30713228334991627,0.028292586083275294,1,0,1,1,1,1,1,1,0.9699999999999999,1.0,1.0,1.0,0.8,skip,attack_already_active,1785296141.361837,1785296141361836690,1384809578535598,59.9,53.33984375,-1.0,0,0
2026-07-28T23:35:41.363,10.42.0.1,10.42.0.1,33,3,UPLOAD,0.95,UPLOAD,0.95,1,7240,0.47497460684619197,40,228408.0,108488.0,24,16,0.677977773556231,0.322022226443769,0.02473858693453502,1,0,1,1,1,1,1,1,0.9699999999999999,1.0,1.0,1.0,0.8,skip,attack_already_active,1785296141.3631592,1785296141363159171,1384809579857760,59.9,53.33984375,-1.0,0,0
2026-07-28T23:35:41.367,10.42.0.1,10.42.0.1,33,3,UPLOAD,0.95,UPLOAD,0.95,1,14480,0.5383699345051908,41,228408.0,122968.0,24,17,0.6500387049770047,0.34996129502299533,0.022045255646039645,1,0,1,1,1,1,1,1,0.9699999999999999,1.0,1.0,1.0,0.8,skip,attack_already_active,1785296141.3674588,1785296141367458828,1384809584157803,59.9,53.33984375,-1.0,0,0
2026-07-28T23:35:41.368,10.42.0.1,10.42.0.1,33,3,UPLOAD,0.95,UPLOAD,0.95,1,14480,0.6017652621641897,42,228408.0,137448.0,24,18,0.6243112044082918,0.3756887955917082,0.01930098562991418,1,0,1,1,1,1,1,1,0.9699999999999999,1.0,1.0,1.0,0.8,skip,attack_already_active,1785296141.3686786,1785296141368678652,1384809585377022,59.9,53.33984375,-1.0,0,0
2026-07-28T23:35:41.370,10.42.0.1,10.42.0.1,33,3,UPLOAD,0.8581079173497541,UPLOAD,0.8581079173497541,0,43,0.6017652621641897,42,228408.0,137448.0,24,18,0.6243112044082918,0.3756887955917082,0.04446534530060264,1,0,1,1,1,1,1,1,0.8025,0.7500000000000001,1.0,0.6000000000000001,0.8,skip,attack_already_active,1785296141.3701346,1785296141370134496,1384809586833233,59.9,53.33984375,-1.0,0,0
2026-07-28T23:35:41.371,10.42.0.1,10.42.0.1,33,3,UPLOAD,0.8476492177689051,UPLOAD,0.8476492177689051,0,43,0.6017652621641897,42,228408.0,137448.0,24,18,0.6243112044082918,0.3756887955917082,0.03883479298020817,1,0,1,1,1,1,1,1,0.8025,0.7500000000000001,1.0,0.6000000000000001,0.8,skip,attack_already_active,1785296141.3718712,1785296141371871283,1384809588570096,59.9,53.33984375,-1.0,0,0
2026-07-28T23:35:41.373,10.42.0.1,10.42.0.1,33,3,UPLOAD,0.95,UPLOAD,0.95,1,10136,0.6461419915254889,43,228408.0,147584.0,24,19,0.6074810102342603,0.3925189897657397,0.03436339643911616,1,0,1,1,1,1,1,1,0.9699999999999999,1.0,1.0,1.0,0.8,skip,attack_already_active,1785296141.3735812,1785296141373581091,1384809590279684,59.9,53.33984375,-1.0,0,0
2026-07-28T23:35:41.374,10.42.0.1,10.42.0.1,33,3,UPLOAD,0.95,UPLOAD,0.95,1,4344,0.6651605898231885,44,228408.0,151928.0,24,20,0.6005426780530899,0.3994573219469101,0.029993962079672604,1,0,1,1,1,1,1,1,0.9699999999999999,1.0,1.0,1.0,0.8,skip,attack_already_active,1785296141.3747861,1785296141374785957,1384809591484215,59.9,53.33984375,-1.0,0,0
2026-07-28T23:35:41.378,10.42.0.1,10.42.0.1,33,3,UPLOAD,0.95,UPLOAD,0.95,1,14480,0.7285559174821873,45,228408.0,166408.0,24,21,0.5785175879396985,0.4214824120603015,0.026568771836171318,1,0,1,1,1,1,1,1,0.9699999999999999,1.0,1.0,1.0,0.8,skip,attack_already_active,1785296141.3787873,1785296141378787371,1384809595486311,59.9,53.33984375,-1.0,0,0
2026-07-28T23:35:41.381,10.42.0.1,10.42.0.1,33,3,UPLOAD,0.95,UPLOAD,0.95,1,14480,0.7919512451411862,46,228408.0,180888.0,24,22,0.5580508971502287,0.4419491028497713,0.023381138255146414,1,0,1,1,1,1,1,1,0.9699999999999999,1.0,1.0,1.0,0.8,skip,attack_already_active,1785296141.381166,1785296141381165980,1384809597866029,59.9,53.33984375,-1.0,0,0
2026-07-28T23:35:41.382,10.42.0.1,10.42.0.1,33,3,UPLOAD,0.95,UPLOAD,0.95,1,14480,0.855346572800185,47,228408.0,195368.0,24,23,0.5389828588688363,0.46101714113116365,0.02047990342918073,1,0,1,1,1,1,1,1,0.9699999999999999,1.0,1.0,1.0,0.8,skip,attack_already_active,1785296141.3825305,1785296141382530573,1384809599230041,59.9,53.33984375,-1.0,0,0
2026-07-28T23:35:41.384,10.42.0.1,10.42.0.1,33,3,UPLOAD,0.95,UPLOAD,0.95,1,7129,0.8865582641593702,48,228408.0,202497.0,24,24,0.5300657917638458,0.4699342082361541,0.01803125818759671,1,0,1,1,1,1,1,1,0.9699999999999999,1.0,1.0,1.0,0.8,skip,attack_already_active,1785296141.3844283,1785296141384428250,1384809601126914,59.9,53.33984375,-1.0,0,0
2026-07-28T23:35:41.386,10.42.0.1,10.42.0.1,33,3,UPLOAD,0.95,UPLOAD,0.95,1,14480,0.9499535918183691,49,228408.0,216977.0,24,25,0.5128327177610382,0.4871672822389618,0.015932175236229983,1,0,1,1,1,1,1,1,0.9699999999999999,1.0,1.0,1.0,0.8,skip,attack_already_active,1785296141.3865302,1785296141386530109,1384809603228861,59.9,53.33984375,-1.0,0,0
2026-07-28T23:35:41.389,10.42.0.1,10.42.0.1,33,3,UPLOAD,0.95,UPLOAD,0.95,1,14480,1.013348919477368,50,228408.0,231457.0,24,26,0.4966848966544529,0.5033151033455471,0.014163515971718938,1,0,1,1,1,1,1,1,0.9699999999999999,1.0,1.0,1.0,0.8,skip,attack_already_active,1785296141.3890405,1785296141389040418,1384809605739168,59.9,53.33984375,-1.0,0,0
2026-07-28T23:35:41.391,10.42.0.1,10.42.0.1,33,3,UPLOAD,0.95,UPLOAD,0.95,1,7128,1.04455623270619,51,228408.0,238585.0,24,27,0.4891036910617504,0.5108963089382496,0.012610641227369455,1,0,1,1,1,1,1,1,0.9699999999999999,1.0,1.0,1.0,0.8,skip,attack_already_active,1785296141.3914196,1785296141391419772,1384809608118337,59.9,53.33984375,-1.0,0,0
2026-07-28T23:35:41.460,10.42.0.18,10.42.0.1,27,2,TRAINING,0.95,TRAINING,0.95,1,49640,0.7234042553231799,7,68620.0,49640.0,6,1,0.5802469135802469,0.41975308641975306,0.9575649817607785,0,0,0,0,1,1,0,0,0.5725,1.0,0.0,1.0,0.15,skip,training_upload_trigger_not_confirmed,1785296141.460454,1785296141460453861,1384809677153187,59.9,53.33984375,-1.0,0,0
2026-07-28T23:35:41.461,10.42.0.18,10.42.0.1,27,3,UPLOAD,0.95,UPLOAD,0.95,1,29888,1.1589624016298608,8,68620.0,79528.0,6,2,0.46318546318546316,0.5368145368145368,0.8315005575254824,0,0,0,1,1,1,1,1,0.9699999999999999,1.0,1.0,1.0,0.8,trigger,training_upload_trigger_confirmed,1785296141.461351,1785296141461350852,1384809678049228,59.9,53.33984375,39.506167,1785296141500858103,1384809717555395
2026-07-28T23:35:41.462,10.42.0.1,10.42.0.1,33,3,UPLOAD,0.95,UPLOAD,0.95,1,7240,1.0762538965356894,52,228408.0,245825.0,24,28,0.48163666383402254,0.5183633361659775,0.01640471486506259,1,0,1,1,1,1,1,1,0.9699999999999999,1.0,1.0,1.0,0.8,skip,attack_already_active,1785296141.4624162,1785296141462416075,1384809679114293,59.9,53.33984375,-1.0,0,0
2026-07-28T23:35:41.463,10.42.0.1,10.42.0.1,33,3,UPLOAD,0.95,UPLOAD,0.95,1,7240,1.1079515603651888,53,228408.0,253065.0,24,29,0.4743942027901876,0.5256057972098124,0.014338250082349395,1,0,1,1,1,1,1,1,0.9699999999999999,1.0,1.0,1.0,0.8,skip,attack_already_active,1785296141.463139,1785296141463139085,1384809679837328,59.9,53.33984375,-1.0,0,0
2026-07-28T23:35:41.464,10.42.0.1,10.42.0.1,33,3,UPLOAD,0.7581565702803409,UPLOAD,0.7581565702803409,0,43,1.1079515603651888,53,228408.0,253065.0,24,29,0.4743942027901876,0.5256057972098124,0.024685189862017676,1,0,1,1,1,1,1,1,0.8200000000000001,0.8000000000000002,1.0,0.6000000000000001,0.8,skip,attack_already_active,1785296141.4647295,1785296141464729566,1384809681427909,59.9,53.33984375,-1.0,0,0
2026-07-28T23:35:41.465,10.42.0.1,10.42.0.1,33,3,UPLOAD,0.95,UPLOAD,0.95,1,10136,1.152328289726488,54,228408.0,263201.0,24,30,0.4646131376764868,0.5353868623235132,0.021743879246158112,1,0,1,1,1,1,1,1,0.9699999999999999,1.0,1.0,1.0,0.8,skip,attack_already_active,1785296141.4655035,1785296141465503598,1384809682201865,59.9,53.33984375,-1.0,0,0
2026-07-28T23:35:41.466,10.42.0.1,10.42.0.1,33,3,UPLOAD,0.95,UPLOAD,0.95,1,4344,1.1713468880241877,55,228408.0,267545.0,24,31,0.4605436402239728,0.5394563597760271,0.018977681846112943,1,0,1,1,1,1,1,1,0.9699999999999999,1.0,1.0,1.0,0.8,skip,attack_already_active,1785296141.4662554,1785296141466255436,1384809682953679,59.9,53.33984375,-1.0,0,0
2026-07-28T23:35:41.468,10.42.0.1,10.42.0.1,33,3,UPLOAD,0.95,UPLOAD,0.95,1,14480,1.2347422156831864,56,228408.0,282025.0,24,32,0.44747890516483063,0.5525210948351693,0.01680924202249441,1,0,1,1,1,1,1,1,0.9699999999999999,1.0,1.0,1.0,0.8,skip,attack_already_active,1785296141.4687774,1785296141468777466,1384809685476164,59.9,53.33984375,-1.0,0,0
2026-07-28T23:35:41.469,10.42.0.1,10.42.0.1,33,3,UPLOAD,0.95,UPLOAD,0.95,1,14480,1.2981375433421853,57,228408.0,296505.0,24,33,0.43513496522280837,0.5648650347771916,0.014734586392092734,1,0,1,1,1,1,1,1,0.9699999999999999,1.0,1.0,1.0,0.8,skip,attack_already_active,1785296141.4698427,1785296141469842795,1384809686540975,59.9,53.33984375,-1.0,0,0
2026-07-28T23:35:41.470,10.42.0.1,10.42.0.1,33,3,UPLOAD,0.95,UPLOAD,0.95,1,5792,1.3234956744057849,58,228408.0,302297.0,24,34,0.4303859959864708,0.5696140040135291,0.0129336315801205,1,0,1,1,1,1,1,1,0.9699999999999999,1.0,1.0,1.0,0.8,skip,attack_already_active,1785296141.4709103,1785296141470910091,1384809687608264,59.9,53.33984375,-1.0,0,0
2026-07-28T23:35:41.471,10.42.0.1,10.42.0.1,33,3,UPLOAD,0.95,UPLOAD,0.95,1,8688,1.361532871001184,59,228408.0,310985.0,24,35,0.4234537711835341,0.5765462288164659,0.011363901640373961,1,0,1,1,1,1,1,1,0.9699999999999999,1.0,1.0,1.0,0.8,skip,attack_already_active,1785296141.4719317,1785296141471931745,1384809688630123,59.9,53.33984375,-1.0,0,0
2026-07-28T23:35:41.473,10.42.0.1,10.42.0.1,33,3,UPLOAD,0.95,UPLOAD,0.95,1,7128,1.3927401842300062,60,228408.0,318113.0,24,36,0.4179308754832843,0.5820691245167158,0.010038723007509716,1,0,1,1,1,1,1,1,0.9699999999999999,1.0,1.0,1.0,0.8,skip,attack_already_active,1785296141.4732392,1785296141473239250,1384809689937643,59.9,53.33984375,-1.0,0,0
2026-07-28T23:35:41.475,10.42.0.47,10.42.0.1,33,2,TRAINING,0.9842595701722379,TRAINING,0.9842595701722379,1,7240,1.130616074219084,21,76744.0,86768.0,9,12,0.46934781545085374,0.5306521845491462,0.13656672445155688,0,0,0,0,1,1,0,0,0.5725,1.0,0.0,1.0,0.15,skip,training_upload_trigger_not_confirmed,1785296141.475477,1785296141475476971,1384809692175340,59.9,53.33984375,-1.0,0,0
2026-07-28T23:35:41.476,10.42.0.47,10.42.0.1|10.42.0.47,33,3,UPLOAD,0.95,UPLOAD,0.95,1,1448,1.1494839987471401,22,76744.0,88216.0,9,13,0.4652279340446169,0.5347720659553831,0.11866540917246653,1,0,0,1,1,1,1,1,0.9699999999999999,1.0,1.0,1.0,0.8,trigger,training_upload_trigger_confirmed,1785296141.4761956,1785296141476195599,1384809692893778,59.9,53.33984375,100.283375,1785296141576479865,1384809793177153
2026-07-28T23:35:41.477,10.42.0.47,10.42.0.1|10.42.0.47,33,3,UPLOAD,0.95,UPLOAD,0.95,1,5792,1.2249556968593642,23,76744.0,94008.0,9,14,0.44944715142428787,0.5505528485757122,0.10316091968769917,1,0,1,1,1,1,1,1,0.9699999999999999,1.0,1.0,1.0,0.8,skip,attack_already_active,1785296141.4772017,1785296141477201740,1384809693899926,59.9,53.33984375,-1.0,0,0
2026-07-28T23:35:41.478,10.42.0.47,10.42.0.1|10.42.0.47,33,3,UPLOAD,0.9827856166486795,UPLOAD,0.9827856166486795,1,8688,1.3381632440277005,24,76744.0,102696.0,9,15,0.42768613464110566,0.5723138653588944,0.08970053142802115,1,0,1,1,1,1,1,1,0.9699999999999999,1.0,1.0,1.0,0.8,skip,attack_already_active,1785296141.4782155,1785296141478215428,1384809694913585,59.9,53.33984375,-1.0,0,0
2026-07-28T23:35:41.479,10.42.0.47,10.42.0.1|10.42.0.47,33,3,UPLOAD,0.9842283506312849,UPLOAD,0.9842283506312849,1,2896,1.3758990930838124,25,76744.0,105592.0,9,16,0.4208932958932959,0.5791067041067041,0.07801730318643225,1,0,1,1,1,1,1,1,0.9699999999999999,1.0,1.0,1.0,0.8,skip,attack_already_active,1785296141.4792552,1785296141479255299,1384809695953524,59.9,53.33984375,-1.0,0,0
2026-07-28T23:35:41.479,10.42.0.47,10.42.0.1|10.42.0.47,33,3,UPLOAD,0.9842590008488418,UPLOAD,0.9842590008488418,1,5792,1.4513707911960365,26,76744.0,111384.0,9,17,0.407935022963089,0.5920649770369111,0.06783212364689571,1,0,1,1,1,1,1,1,0.9699999999999999,1.0,1.0,1.0,0.8,skip,attack_already_active,1785296141.47998,1785296141479980038,1384809696678261,59.9,53.33984375,-1.0,0,0
2026-07-28T23:35:41.480,10.42.0.47,10.42.0.1|10.42.0.47,33,3,UPLOAD,0.9842595632245429,UPLOAD,0.9842595632245429,1,8688,1.5645783383643728,27,76744.0,120072.0,9,18,0.3899276481586863,0.6100723518413137,0.05902785990299469,1,0,1,1,1,1,1,1,0.9699999999999999,1.0,1.0,1.0,0.8,skip,attack_already_active,1785296141.480999,1785296141480998904,1384809697697192,59.9,53.33984375,-1.0,0,0
2026-07-28T23:35:41.482,10.42.0.47,10.42.0.1|10.42.0.47,33,3,UPLOAD,0.9842595702371604,UPLOAD,0.9842595702371604,1,2896,1.602314187420485,28,76744.0,122968.0,9,19,0.3842733536292261,0.6157266463707739,0.0513833020747878,1,0,1,1,1,1,1,1,0.9699999999999999,1.0,1.0,1.0,0.8,skip,attack_already_active,1785296141.4820144,1785296141482014472,1384809698712715,59.9,53.33984375,-1.0,0,0
2026-07-28T23:35:41.482,10.42.0.47,10.42.0.1|10.42.0.47,33,3,UPLOAD,0.984259570181381,UPLOAD,0.984259570181381,1,5792,1.677785885532709,29,76744.0,128760.0,9,20,0.37344285269386485,0.6265571473061352,0.044705793164602915,1,0,1,1,1,1,1,1,0.9699999999999999,1.0,1.0,1.0,0.8,skip,attack_already_active,1785296141.482724,1785296141482723805,1384809699421983,59.9,53.33984375,-1.0,0,0
2026-07-28T23:35:41.483,10.42.0.47,10.42.0.1|10.42.0.47,33,3,UPLOAD,0.9842595701726963,UPLOAD,0.9842595701726963,1,8688,1.7909934327010453,30,76744.0,137448.0,9,21,0.3582953611712856,0.6417046388287144,0.03894770121826598,1,0,1,1,1,1,1,1,0.9699999999999999,1.0,1.0,1.0,0.8,skip,attack_already_active,1785296141.4837332,1785296141483733142,1384809700431354,59.9,53.33984375,-1.0,0,0
2026-07-28T23:35:41.484,10.42.0.47,10.42.0.1|10.42.0.47,33,3,UPLOAD,0.9842595701722561,UPLOAD,0.9842595701722561,1,2896,1.8287292817571574,31,76744.0,140344.0,9,22,0.353515625,0.646484375,0.03394903854650145,1,0,1,1,1,1,1,1,0.9699999999999999,1.0,1.0,1.0,0.8,skip,attack_already_active,1785296141.4847474,1785296141484747608,1384809701445890,59.9,53.33984375,-1.0,0,0
2026-07-28T23:35:41.485,10.42.0.47,10.42.0.1|10.42.0.47,33,3,UPLOAD,0.9842595701722385,UPLOAD,0.9842595701722385,1,5792,1.9042009798693815,32,76744.0,146136.0,9,23,0.34432878679109835,0.6556712132089016,0.02957209361710178,1,0,1,1,1,1,1,1,0.9699999999999999,1.0,1.0,1.0,0.8,skip,attack_already_active,1785296141.485481,1785296141485480912,1384809702179063,59.9,53.33984375,-1.0,0,0
2026-07-28T23:35:41.486,10.42.0.47,10.42.0.1|10.42.0.47,33,3,UPLOAD,0.9830712896461697,UPLOAD,0.9830712896461697,1,8688,2.0174085270377176,33,76744.0,154824.0,9,24,0.33141021211911836,0.6685897878808816,0.02586170944312818,1,0,1,1,1,1,1,1,0.9699999999999999,1.0,1.0,1.0,0.8,skip,attack_already_active,1785296141.486896,1785296141486896168,1384809703594573,59.9,53.33984375,-1.0,0,0
2026-07-28T23:35:41.487,10.42.0.47,10.42.0.1|10.42.0.47,33,3,UPLOAD,0.982412634273154,UPLOAD,0.982412634273154,1,2896,2.0551443760938297,34,76744.0,157720.0,9,25,0.3273167735771803,0.6726832264228197,0.022594609571898173,1,0,1,1,1,1,1,1,0.9699999999999999,1.0,1.0,1.0,0.8,skip,attack_already_active,1785296141.4879646,1785296141487964750,1384809704663009,59.9,53.33984375,-1.0,0,0
2026-07-28T23:35:41.488,10.42.0.47,10.42.0.1|10.42.0.47,33,3,UPLOAD,0.982032502675599,UPLOAD,0.982032502675599,1,1336,2.0725529031445777,35,76744.0,159056.0,9,26,0.32546225614927904,0.674537743850721,0.01971109233314983,1,0,1,1,1,1,1,1,0.9699999999999999,1.0,1.0,1.0,0.8,skip,attack_already_active,1785296141.488677,1785296141488677115,1384809705375382,59.9,53.33984375,-1.0,0,0
2026-07-28T23:35:41.489,10.42.0.1,10.42.0.1|10.42.0.47,33,3,UPLOAD,0.95,UPLOAD,0.95,1,7240,1.4244378480595057,61,228408.0,325353.0,24,37,0.41246675009616063,0.5875332499038394,0.010882896409952863,1,0,1,1,1,1,1,1,0.9699999999999999,1.0,1.0,1.0,0.8,skip,attack_already_active,1785296141.489684,1785296141489684167,1384809706382415,59.9,53.33984375,-1.0,0,0
2026-07-28T23:35:41.490,10.42.0.1,10.42.0.1|10.42.0.47,33,3,UPLOAD,0.95,UPLOAD,0.95,1,7240,1.4561355118890051,62,228408.0,332593.0,24,38,0.40714365928046475,0.5928563407195353,0.009542118437043369,1,0,1,1,1,1,1,1,0.9699999999999999,1.0,1.0,1.0,0.8,skip,attack_already_active,1785296141.4903922,1785296141490392410,1384809707090535,59.9,53.33984375,-1.0,0,0
2026-07-28T23:35:41.491,10.42.0.1,10.42.0.1|10.42.0.47,33,3,UPLOAD,0.95,UPLOAD,0.95,1,8688,1.4941727084844043,63,228408.0,341281.0,24,39,0.4009345449885815,0.5990654550114185,0.008421879573603946,1,0,1,1,1,1,1,1,0.9699999999999999,1.0,1.0,1.0,0.8,skip,attack_already_active,1785296141.4914331,1785296141491433325,1384809708131804,59.9,53.33984375,-1.0,0,0
2026-07-28T23:35:41.492,10.42.0.1,10.42.0.1|10.42.0.47,33,3,UPLOAD,0.95,UPLOAD,0.95,1,2896,1.5068517740162042,64,228408.0,344177.0,24,40,0.39890671254049614,0.6010932874595039,0.007404238340162039,1,0,1,1,1,1,1,1,0.9699999999999999,1.0,1.0,1.0,0.8,skip,attack_already_active,1785296141.4921324,1785296141492132456,1384809708830607,59.9,53.33984375,-1.0,0,0
2026-07-28T23:35:41.493,10.42.0.1,10.42.0.1|10.42.0.47,33,3,UPLOAD,0.95,UPLOAD,0.95,1,7240,1.5385494378457034,65,228408.0,351417.0,24,41,0.39392575346009573,0.6060742465399043,0.00655952824694348,1,0,1,1,1,1,1,1,0.9699999999999999,1.0,1.0,1.0,0.8,skip,attack_already_active,1785296141.4931264,1785296141493126370,1384809709824476,59.9,53.33984375,-1.0,0,0
2026-07-28T23:35:41.494,10.42.0.1,10.42.0.1|10.42.0.47,33,3,UPLOAD,0.95,UPLOAD,0.95,1,7240,1.5702471016752029,66,228408.0,358657.0,24,42,0.3890676500898538,0.6109323499101462,0.005840581419078993,1,0,1,1,1,1,1,1,0.9699999999999999,1.0,1.0,1.0,0.8,skip,attack_already_active,1785296141.49423,1785296141494229989,1384809710928138,59.9,53.33984375,-1.0,0,0
2026-07-28T23:35:41.495,10.42.0.1,10.42.0.1|10.42.0.47,33,3,UPLOAD,0.95,UPLOAD,0.95,1,5792,1.5956052327388024,67,228408.0,364449.0,24,43,0.38526659885942144,0.6147334011405786,0.005207230940394296,1,0,1,1,1,1,1,1,0.9699999999999999,1.0,1.0,1.0,0.8,skip,attack_already_active,1785296141.4952643,1785296141495264378,1384809711962632,59.9,53.33984375,-1.0,0,0
2026-07-28T23:35:41.496,10.42.0.1,10.42.0.1|10.42.0.47,33,3,UPLOAD,0.95,UPLOAD,0.95,1,10136,1.6399819621001017,68,228408.0,374585.0,24,44,0.3787904668876753,0.6212095331123247,0.004703115155300691,1,0,1,1,1,1,1,1,0.9699999999999999,1.0,1.0,1.0,0.8,skip,attack_already_active,1785296141.496646,1785296141496645916,1384809713344262,59.9,53.33984375,-1.0,0,0
2026-07-28T23:35:41.497,10.42.0.1,10.42.0.1|10.42.0.47,33,3,UPLOAD,0.95,UPLOAD,0.95,1,4344,1.6590005603978013,69,228408.0,378929.0,24,45,0.37608115428501804,0.623918845714982,0.00417824544852693,1,0,1,1,1,1,1,1,0.9699999999999999,1.0,1.0,1.0,0.8,skip,attack_already_active,1785296141.497366,1785296141497365947,1384809714064167,59.9,53.33984375,-1.0,0,0
2026-07-28T23:35:41.498,10.42.0.1,10.42.0.1|10.42.0.47,33,3,UPLOAD,0.95,UPLOAD,0.95,1,7240,1.6906982242273008,70,228408.0,386169.0,24,46,0.37165074514666185,0.6283492548533381,0.003721471974171227,1,0,1,1,1,1,1,1,0.9699999999999999,1.0,1.0,1.0,0.8,skip,attack_already_active,1785296141.4980779,1785296141498078037,1384809714776262,59.9,53.33984375,-1.0,0,0
2026-07-28T23:35:41.499,10.42.0.1,10.42.0.1|10.42.0.47,33,3,UPLOAD,0.95,UPLOAD,0.95,1,10136,1.7350749535885999,71,228408.0,396305.0,24,47,0.3656206930222358,0.6343793069777642,0.003362841899540122,1,0,1,1,1,1,1,1,0.9699999999999999,1.0,1.0,1.0,0.8,skip,attack_already_active,1785296141.4990778,1785296141499078004,1384809715776249,93.7,53.33984375,-1.0,0,0
2026-07-28T23:35:41.500,10.42.0.1,10.42.0.1|10.42.0.47,33,3,UPLOAD,0.95,UPLOAD,0.95,1,1336,1.7409241357538223,72,228408.0,397641.0,24,48,0.36484045178572283,0.6351595482142771,0.0030488938789927445,1,0,1,1,1,1,1,1,0.9699999999999999,1.0,1.0,1.0,0.8,skip,attack_already_active,1785296141.5000582,1785296141500058036,1384809716756211,93.7,53.33984375,-1.0,0,0
2026-07-28T23:35:42.716,10.42.0.210,10.42.0.1|10.42.0.210|10.42.0.47,33,3,UPLOAD,0.95,UPLOAD,0.95,1,1448,100.0,1,0.0,1448.0,0,1,0.0,1.0,0.5392187980898644,1,0,0,1,1,1,1,1,0.9525,0.95,1.0,1.0,0.8,trigger,training_upload_trigger_confirmed,1785296142.716461,1785296142716460990,1384810933159847,9.1,53.33984375,8.443545,1785296142724906095,1384810941603392
2026-07-28T23:35:42.717,10.42.0.210,10.42.0.1|10.42.0.210|10.42.0.47,33,3,UPLOAD,0.9841010226033655,UPLOAD,0.9841010226033655,1,1448,100.0,2,0.0,2896.0,0,2,0.0,1.0,0.46829871683466473,1,0,1,1,1,1,1,1,0.9699999999999999,1.0,1.0,1.0,0.8,skip,attack_already_active,1785296142.7174869,1785296142717486826,1384810934185362,9.1,53.33984375,-1.0,0,0
2026-07-28T23:35:42.718,10.42.0.210,10.42.0.1|10.42.0.210|10.42.0.47,33,3,UPLOAD,0.9854688349332961,UPLOAD,0.9854688349332961,1,1448,100.0,3,0.0,4344.0,0,3,0.0,1.0,0.40677894653613234,1,0,1,1,1,1,1,1,0.9699999999999999,1.0,1.0,1.0,0.8,skip,attack_already_active,1785296142.718929,1785296142718929272,1384810935628420,9.1,53.33984375,-1.0,0,0
2026-07-28T23:35:42.719,10.42.0.210,10.42.0.1|10.42.0.210|10.42.0.47,33,3,UPLOAD,0.9855076450773014,UPLOAD,0.9855076450773014,1,1448,100.0,4,0.0,5792.0,0,4,0.0,1.0,0.3533070977630486,1,0,1,1,1,1,1,1,0.9699999999999999,1.0,1.0,1.0,0.8,skip,attack_already_active,1785296142.719925,1785296142719924984,1384810936623238,9.1,53.33984375,-1.0,0,0
2026-07-28T23:35:42.721,10.42.0.210,10.42.0.1|10.42.0.210|10.42.0.47,33,3,UPLOAD,0.9855086980780915,UPLOAD,0.9855086980780915,1,1448,100.0,5,0.0,7240.0,0,5,0.0,1.0,0.30692508092160264,1,0,1,1,1,1,1,1,0.9699999999999999,1.0,1.0,1.0,0.8,skip,attack_already_active,1785296142.7212517,1785296142721251730,1384810937950141,9.1,53.33984375,-1.0,0,0
2026-07-28T23:35:42.722,10.42.0.210,10.42.0.1|10.42.0.210|10.42.0.47,33,3,UPLOAD,0.9855087254685951,UPLOAD,0.9855087254685951,1,1448,100.0,6,0.0,8688.0,0,6,0.0,1.0,0.266607777818393,1,0,1,1,1,1,1,1,0.9699999999999999,1.0,1.0,1.0,0.8,skip,attack_already_active,1785296142.72222,1785296142722220065,1384810938918504,9.1,53.33984375,-1.0,0,0
2026-07-28T23:35:42.723,10.42.0.210,10.42.0.1|10.42.0.210|10.42.0.47,33,3,UPLOAD,0.9855087261493067,UPLOAD,0.9855087261493067,1,1448,100.0,7,0.0,10136.0,0,7,0.0,1.0,0.23168039583190964,1,0,1,1,1,1,1,1,0.9699999999999999,1.0,1.0,1.0,0.8,skip,attack_already_active,1785296142.7237735,1785296142723773347,1384810940473465,9.1,53.33984375,-1.0,0,0
2026-07-28T23:35:42.725,10.42.0.210,10.42.0.1|10.42.0.210|10.42.0.47,33,3,UPLOAD,0.9855087261653082,UPLOAD,0.9855087261653082,1,1448,100.0,8,0.0,11584.0,0,8,0.0,1.0,0.2013153995113381,1,0,1,1,1,1,1,1,0.9699999999999999,1.0,1.0,1.0,0.8,skip,attack_already_active,1785296142.7250223,1785296142725022189,1384810941720771,9.1,53.33984375,-1.0,0,0
2026-07-28T23:35:42.726,10.42.0.210,10.42.0.1|10.42.0.210|10.42.0.47,33,3,UPLOAD,0.985508726165656,UPLOAD,0.985508726165656,1,1448,100.0,9,0.0,13032.0,0,9,0.0,1.0,0.1749811726309154,1,0,1,1,1,1,1,1,0.9699999999999999,1.0,1.0,1.0,0.8,skip,attack_already_active,1785296142.7264946,1785296142726494539,1384810943192990,9.1,53.33984375,-1.0,0,0
2026-07-28T23:35:42.727,10.42.0.210,10.42.0.1|10.42.0.210|10.42.0.47,33,3,UPLOAD,0.9855087261656625,UPLOAD,0.9855087261656625,1,1448,100.0,10,0.0,14480.0,0,10,0.0,1.0,0.1520784495887298,1,0,1,1,1,1,1,1,0.9699999999999999,1.0,1.0,1.0,0.8,skip,attack_already_active,1785296142.7276733,1785296142727673321,1384810944371805,18.0,53.33984375,-1.0,0,0
2026-07-28T23:35:42.729,10.42.0.210,10.42.0.1|10.42.0.210|10.42.0.47,33,3,UPLOAD,0.9855087261656628,UPLOAD,0.9855087261656628,1,1448,100.0,11,0.0,15928.0,0,11,0.0,1.0,0.13223625997931746,1,0,1,1,1,1,1,1,0.9699999999999999,1.0,1.0,1.0,0.8,skip,attack_already_active,1785296142.7291749,1785296142729174763,1384810945873134,18.0,53.33984375,-1.0,0,0
2026-07-28T23:35:42.730,10.42.0.210,10.42.0.1|10.42.0.210|10.42.0.47,33,3,UPLOAD,0.95,UPLOAD,0.95,1,1448,100.0,12,0.0,17376.0,0,12,0.0,1.0,0.11494329033359217,1,0,1,1,1,1,1,1,0.9699999999999999,1.0,1.0,1.0,0.8,skip,attack_already_active,1785296142.7301795,1785296142730179460,1384810946878114,18.0,53.33984375,-1.0,0,0
2026-07-28T23:35:42.731,10.42.0.210,10.42.0.1|10.42.0.210|10.42.0.47,33,3,UPLOAD,0.95,UPLOAD,0.95,1,1448,100.0,13,0.0,18824.0,0,13,0.0,1.0,0.0999917704525044,1,0,1,1,1,1,1,1,0.9699999999999999,1.0,1.0,1.0,0.8,skip,attack_already_active,1785296142.73166,1785296142731659847,1384810948358343,18.0,53.33984375,-1.0,0,0
2026-07-28T23:35:42.732,10.42.0.210,10.42.0.1|10.42.0.210|10.42.0.47,33,3,UPLOAD,0.95,UPLOAD,0.95,1,1448,100.0,14,0.0,20272.0,0,14,0.0,1.0,0.0869449108771934,1,0,1,1,1,1,1,1,0.9699999999999999,1.0,1.0,1.0,0.8,skip,attack_already_active,1785296142.7326427,1785296142732642638,1384810949340766,18.0,53.33984375,-1.0,0,0
2026-07-28T23:35:42.733,10.42.0.210,10.42.0.1|10.42.0.210|10.42.0.47,33,3,UPLOAD,0.95,UPLOAD,0.95,1,1448,100.0,15,0.0,21720.0,0,15,0.0,1.0,0.07566655690292992,1,0,1,1,1,1,1,1,0.9699999999999999,1.0,1.0,1.0,0.8,skip,attack_already_active,1785296142.7339993,1785296142733999360,1384810950697825,18.0,53.33984375,-1.0,0,0
2026-07-28T23:35:42.734,10.42.0.210,10.42.0.1|10.42.0.210|10.42.0.47,33,3,UPLOAD,0.95,UPLOAD,0.95,1,1448,100.0,16,0.0,23168.0,0,16,0.0,1.0,0.06582042679901697,1,0,1,1,1,1,1,1,0.9699999999999999,1.0,1.0,1.0,0.8,skip,attack_already_active,1785296142.7349463,1785296142734946333,1384810951644488,18.0,53.33984375,-1.0,0,0
2026-07-28T23:35:42.736,10.42.0.210,10.42.0.1|10.42.0.210|10.42.0.47,33,3,UPLOAD,0.95,UPLOAD,0.95,1,1448,100.0,17,0.0,24616.0,0,17,0.0,1.0,0.05732149913254947,1,0,1,1,1,1,1,1,0.9699999999999999,1.0,1.0,1.0,0.8,skip,attack_already_active,1785296142.7362707,1785296142736270594,1384810952969003,18.0,53.33984375,-1.0,0,0
2026-07-28T23:35:42.737,10.42.0.210,10.42.0.1|10.42.0.210|10.42.0.47,33,3,UPLOAD,0.95,UPLOAD,0.95,1,1448,100.0,18,0.0,26064.0,0,18,0.0,1.0,0.04988517624065617,1,0,1,1,1,1,1,1,0.9699999999999999,1.0,1.0,1.0,0.8,skip,attack_already_active,1785296142.73716,1785296142737159821,1384810953858410,18.0,53.33984375,-1.0,0,0
2026-07-28T23:35:42.738,10.42.0.210,10.42.0.1|10.42.0.210|10.42.0.47,33,3,UPLOAD,0.95,UPLOAD,0.95,1,1448,100.0,19,0.0,27512.0,0,19,0.0,1.0,0.043479227323041,1,0,1,1,1,1,1,1,0.9699999999999999,1.0,1.0,1.0,0.8,skip,attack_already_active,1785296142.7384322,1785296142738432162,1384810955130531,18.0,53.33984375,-1.0,0,0
2026-07-28T23:35:42.739,10.42.0.210,10.42.0.1|10.42.0.210|10.42.0.47,33,3,UPLOAD,0.95,UPLOAD,0.95,1,1448,100.0,20,0.0,28960.0,0,20,0.0,1.0,0.03785923374518284,1,0,1,1,1,1,1,1,0.9699999999999999,1.0,1.0,1.0,0.8,skip,attack_already_active,1785296142.7392628,1785296142739262614,1384810955960855,18.0,53.33984375,-1.0,0,0
2026-07-28T23:35:42.740,10.42.0.210,10.42.0.1|10.42.0.210|10.42.0.47,33,3,UPLOAD,0.95,UPLOAD,0.95,1,1448,100.0,21,0.0,30408.0,0,21,0.0,1.0,0.03303152501036692,1,0,1,1,1,1,1,1,0.9699999999999999,1.0,1.0,1.0,0.8,skip,attack_already_active,1785296142.740486,1785296142740485987,1384810957184730,18.0,53.33984375,-1.0,0,0
2026-07-28T23:35:42.741,10.42.0.210,10.42.0.1|10.42.0.210|10.42.0.47,33,3,UPLOAD,0.95,UPLOAD,0.95,1,1448,100.0,22,0.0,31856.0,0,22,0.0,1.0,0.02879851395381707,1,0,1,1,1,1,1,1,0.9699999999999999,1.0,1.0,1.0,0.8,skip,attack_already_active,1785296142.7413943,1785296142741394277,1384810958093164,18.0,53.33984375,-1.0,0,0
2026-07-28T23:35:42.742,10.42.0.210,10.42.0.1|10.42.0.210|10.42.0.47,33,3,UPLOAD,0.95,UPLOAD,0.95,1,1448,100.0,23,0.0,33304.0,0,23,0.0,1.0,0.02517768934128327,1,0,1,1,1,1,1,1,0.9699999999999999,1.0,1.0,1.0,0.8,skip,attack_already_active,1785296142.7427154,1785296142742715455,1384810959414112,18.0,53.33984375,-1.0,0,0
2026-07-28T23:35:42.744,10.42.0.210,10.42.0.1|10.42.0.210|10.42.0.47,33,3,UPLOAD,0.95,UPLOAD,0.95,1,1448,100.0,24,0.0,34752.0,0,24,0.0,1.0,0.02207735309326117,1,0,1,1,1,1,1,1,0.9699999999999999,1.0,1.0,1.0,0.8,skip,attack_already_active,1785296142.7443655,1785296142744365691,1384810961064458,18.0,53.33984375,-1.0,0,0
2026-07-28T23:35:42.745,10.42.0.210,10.42.0.1|10.42.0.210|10.42.0.47,33,3,UPLOAD,0.95,UPLOAD,0.95,1,1448,100.0,25,0.0,36200.0,0,25,0.0,1.0,0.019350123088128758,1,0,1,1,1,1,1,1,0.9699999999999999,1.0,1.0,1.0,0.8,skip,attack_already_active,1785296142.7457466,1785296142745746570,1384810962445044,18.0,53.33984375,-1.0,0,0
2026-07-28T23:35:42.746,10.42.0.210,10.42.0.1|10.42.0.210|10.42.0.47,33,3,UPLOAD,0.95,UPLOAD,0.95,1,1448,100.0,26,0.0,37648.0,0,26,0.0,1.0,0.01692942816411586,1,0,1,1,1,1,1,1,0.9699999999999999,1.0,1.0,1.0,0.8,skip,attack_already_active,1785296142.7467268,1785296142746726622,1384810963425335,18.0,53.33984375,-1.0,0,0
2026-07-28T23:35:42.748,10.42.0.210,10.42.0.1|10.42.0.210|10.42.0.47,33,3,UPLOAD,0.95,UPLOAD,0.95,1,1448,100.0,27,0.0,39096.0,0,27,0.0,1.0,0.014884647504489226,1,0,1,1,1,1,1,1,0.9699999999999999,1.0,1.0,1.0,0.8,skip,attack_already_active,1785296142.748139,1785296142748138961,1384810964837406,18.0,53.33984375,-1.0,0,0
2026-07-28T23:35:42.749,10.42.0.210,10.42.0.1|10.42.0.210|10.42.0.47,33,3,UPLOAD,0.95,UPLOAD,0.95,1,1448,100.0,28,0.0,40544.0,0,28,0.0,1.0,0.01305097446672187,1,0,1,1,1,1,1,1,0.9699999999999999,1.0,1.0,1.0,0.8,skip,attack_already_active,1785296142.7491083,1785296142749108317,1384810965806840,18.0,53.33984375,-1.0,0,0
2026-07-28T23:35:42.750,10.42.0.210,10.42.0.1|10.42.0.210|10.42.0.47,33,3,UPLOAD,0.95,UPLOAD,0.95,1,1448,100.0,29,0.0,41992.0,0,29,0.0,1.0,0.011532009781661731,1,0,1,1,1,1,1,1,0.9699999999999999,1.0,1.0,1.0,0.8,skip,attack_already_active,1785296142.7506323,1785296142750632075,1384810967331035,18.0,53.33984375,-1.0,0,0
2026-07-28T23:35:42.751,10.42.0.210,10.42.0.1|10.42.0.210|10.42.0.47,33,3,UPLOAD,0.95,UPLOAD,0.95,1,1448,100.0,30,0.0,43440.0,0,30,0.0,1.0,0.01013965753663301,1,0,1,1,1,1,1,1,0.9699999999999999,1.0,1.0,1.0,0.8,skip,attack_already_active,1785296142.7515981,1785296142751598049,1384810968296537,18.0,53.33984375,-1.0,0,0
2026-07-28T23:35:42.753,10.42.0.210,10.42.0.1|10.42.0.210|10.42.0.47,33,3,UPLOAD,0.95,UPLOAD,0.95,1,1448,100.0,31,0.0,44888.0,0,31,0.0,1.0,0.009001565355125916,1,0,1,1,1,1,1,1,0.9699999999999999,1.0,1.0,1.0,0.8,skip,attack_already_active,1785296142.753101,1785296142753101152,1384810969799427,18.0,53.33984375,-1.0,0,0
2026-07-28T23:35:42.753,10.42.0.210,10.42.0.1|10.42.0.210|10.42.0.47,33,3,UPLOAD,0.95,UPLOAD,0.95,1,1448,100.0,32,0.0,46336.0,0,32,0.0,1.0,0.00792999983511153,1,0,1,1,1,1,1,1,0.9699999999999999,1.0,1.0,1.0,0.8,skip,attack_already_active,1785296142.7539709,1785296142753970902,1384810970669212,18.0,53.33984375,-1.0,0,0
2026-07-28T23:35:42.755,10.42.0.210,10.42.0.1|10.42.0.210|10.42.0.47,33,3,UPLOAD,0.95,UPLOAD,0.95,1,1448,100.0,33,0.0,47784.0,0,33,0.0,1.0,0.007055311069681396,1,0,1,1,1,1,1,1,0.9699999999999999,1.0,1.0,1.0,0.8,skip,attack_already_active,1785296142.755263,1785296142755262954,1384810971961328,18.0,53.33984375,-1.0,0,0
2026-07-28T23:35:42.756,10.42.0.210,10.42.0.1|10.42.0.210|10.42.0.47,33,3,UPLOAD,0.95,UPLOAD,0.95,1,1448,100.0,34,0.0,49232.0,0,34,0.0,1.0,0.006240809106407604,1,0,1,1,1,1,1,1,0.9699999999999999,1.0,1.0,1.0,0.8,skip,attack_already_active,1785296142.7561374,1785296142756137535,1384810972835643,18.0,53.33984375,-1.0,0,0
2026-07-28T23:35:42.756,10.42.0.210,10.42.0.1|10.42.0.210|10.42.0.47,33,3,UPLOAD,0.95,UPLOAD,0.95,1,1448,100.0,35,0.0,50680.0,0,35,0.0,1.0,0.005529993278803873,1,0,1,1,1,1,1,1,0.9699999999999999,1.0,1.0,1.0,0.8,skip,attack_already_active,1785296142.756984,1785296142756984066,1384810973682376,18.0,53.33984375,-1.0,0,0
2026-07-28T23:35:42.757,10.42.0.210,10.42.0.1|10.42.0.210|10.42.0.47,33,3,UPLOAD,0.95,UPLOAD,0.95,1,1448,100.0,36,0.0,52128.0,0,36,0.0,1.0,0.004912530654472324,1,0,1,1,1,1,1,1,0.9699999999999999,1.0,1.0,1.0,0.8,skip,attack_already_active,1785296142.7578282,1785296142757828397,1384810974526514,18.0,53.33984375,-1.0,0,0
2026-07-28T23:35:42.758,10.42.0.210,10.42.0.1|10.42.0.210|10.42.0.47,33,3,UPLOAD,0.951827924901979,UPLOAD,0.951827924901979,1,1337,100.0,37,0.0,53465.0,0,37,0.0,1.0,0.004376276752050197,1,0,1,1,1,1,1,1,0.9699999999999999,1.0,1.0,1.0,0.8,skip,attack_already_active,1785296142.7586713,1785296142758671363,1384810975369735,18.0,53.33984375,-1.0,0,0
2026-07-28T23:35:42.761,10.42.0.1,10.42.0.1|10.42.0.210|10.42.0.47,33,3,UPLOAD,0.9709211680148835,UPLOAD,0.9709211680148835,1,7240,100.0,1,0.0,7240.0,0,1,0.0,1.0,0.16760342083774013,1,0,1,1,1,1,1,1,0.9699999999999999,1.0,1.0,1.0,0.8,skip,attack_already_active,1785296142.761269,1785296142761269112,1384810977969748,18.0,53.33984375,-1.0,0,0
2026-07-28T23:35:42.762,10.42.0.1,10.42.0.1|10.42.0.210|10.42.0.47,33,3,UPLOAD,0.97233427620443,UPLOAD,0.97233427620443,1,7240,100.0,2,0.0,14480.0,0,2,0.0,1.0,0.14567867793556308,1,0,1,1,1,1,1,1,0.9699999999999999,1.0,1.0,1.0,0.8,skip,attack_already_active,1785296142.7624917,1785296142762491697,1384810979190680,18.0,53.33984375,-1.0,0,0
2026-07-28T23:35:42.871,10.42.0.1,10.42.0.1|10.42.0.210|10.42.0.47,33,3,UPLOAD,0.972405176563734,UPLOAD,0.972405176563734,1,14480,100.0,3,0.0,28960.0,0,3,0.0,1.0,0.1408266041254748,1,0,1,1,1,1,1,1,0.9699999999999999,1.0,1.0,1.0,0.8,skip,attack_already_active,1785296142.8713493,1785296142871349126,1384811088047926,18.0,53.33984375,-1.0,0,0
2026-07-28T23:35:42.872,10.42.0.1,10.42.0.1|10.42.0.210|10.42.0.47,33,3,UPLOAD,0.9728273314397471,UPLOAD,0.9728273314397471,1,14480,100.0,4,0.0,43440.0,0,4,0.0,1.0,0.12241795211614284,1,0,1,1,1,1,1,1,0.9699999999999999,1.0,1.0,1.0,0.8,skip,attack_already_active,1785296142.8724778,1785296142872477571,1384811089175929,18.0,53.33984375,-1.0,0,0
2026-07-28T23:35:42.873,10.42.0.1,10.42.0.1|10.42.0.210|10.42.0.47,33,3,UPLOAD,0.9705949080260644,UPLOAD,0.9705949080260644,0,43,100.0,4,0.0,43440.0,0,4,0.0,1.0,0.29192035169762076,1,0,1,1,1,1,1,1,0.8374999999999999,0.8500000000000001,1.0,0.6000000000000001,0.8,skip,attack_already_active,1785296142.8734543,1785296142873454226,1384811090152746,18.0,53.33984375,-1.0,0,0
2026-07-28T23:35:42.876,10.42.0.1,10.42.0.1|10.42.0.210|10.42.0.47,33,3,UPLOAD,0.9724652358639914,UPLOAD,0.9724652358639914,1,14480,100.0,5,0.0,57920.0,0,5,0.0,1.0,0.2539797620958764,1,0,1,1,1,1,1,1,0.9699999999999999,1.0,1.0,1.0,0.8,skip,attack_already_active,1785296142.8764775,1785296142876477327,1384811093175772,18.0,53.33984375,-1.0,0,0
2026-07-28T23:35:42.878,10.42.0.1,10.42.0.1|10.42.0.210|10.42.0.47,33,3,UPLOAD,0.9726708733460617,UPLOAD,0.9726708733460617,1,14480,100.0,6,0.0,72400.0,0,6,0.0,1.0,0.22077587204827534,1,0,1,1,1,1,1,1,0.9699999999999999,1.0,1.0,1.0,0.8,skip,attack_already_active,1785296142.878482,1785296142878482052,1384811095180632,18.0,53.33984375,-1.0,0,0
2026-07-28T23:35:42.880,10.42.0.1,10.42.0.1|10.42.0.210|10.42.0.47,33,3,UPLOAD,0.9724746086219469,UPLOAD,0.9724746086219469,1,7129,100.0,7,0.0,79529.0,0,7,0.0,1.0,0.191957083557714,1,0,1,1,1,1,1,1,0.9699999999999999,1.0,1.0,1.0,0.8,skip,attack_already_active,1785296142.8805602,1785296142880560091,1384811097258630,18.0,53.33984375,-1.0,0,0
2026-07-28T23:35:43.060,10.42.0.1,10.42.0.1|10.42.0.210|10.42.0.47,33,3,UPLOAD,0.9698800486563246,UPLOAD,0.9698800486563246,0,43,100.0,7,0.0,79529.0,0,7,0.0,1.0,0.19130459388269483,1,0,1,1,1,1,1,1,0.8374999999999999,0.8500000000000001,1.0,0.6000000000000001,0.8,skip,attack_already_active,1785296143.0604599,1785296143060459769,1384811277158631,18.0,53.33984375,-1.0,0,0
2026-07-28T23:35:43.168,10.42.0.1,10.42.0.210,34,1,DOWNLOAD,0.9671191755531306,DOWNLOAD,0.9671191755531306,-1,1448,54.923342504196576,8,1448.0,79529.0,1,7,0.017881620707114364,0.9821183792928856,0.18035938347302513,0,0,0,0,1,0,0,0,0.44,0.8500000000000001,0.0,0.6000000000000001,0.15,skip,training_upload_trigger_not_confirmed,1785296143.1687043,1785296143168704354,1384811385403763,18.0,53.33984375,-1.0,0,0
2026-07-28T23:35:43.169,10.42.0.1,10.42.0.210,34,1,DOWNLOAD,0.95,DOWNLOAD,0.95,-1,5792,10.984668506908193,9,7240.0,79529.0,2,7,0.08343993822678607,0.9165600617732139,0.15674053502843294,0,0,0,0,1,0,0,0,0.44,0.8500000000000001,0.0,0.6000000000000001,0.15,skip,training_upload_trigger_not_confirmed,1785296143.1698267,1785296143169826870,1384811386525265,18.0,53.33984375,-1.0,0,0
2026-07-28T23:35:43.170,10.42.0.1,10.42.0.210,34,1,DOWNLOAD,0.95,DOWNLOAD,0.95,-1,7240,5.492334253833402,10,14480.0,79529.0,3,7,0.15402780584837622,0.8459721941516238,0.1362173965257478,0,0,0,0,1,0,0,0,0.44,0.8500000000000001,0.0,0.6000000000000001,0.15,skip,training_upload_trigger_not_confirmed,1785296143.1708229,1785296143170823000,1384811387521447,18.0,53.33984375,-1.0,0,0
2026-07-28T23:35:43.172,10.42.0.1,10.42.0.210,34,1,DOWNLOAD,0.95,DOWNLOAD,0.95,-1,7240,3.6615561693065577,11,21720.0,79529.0,4,7,0.21452063724086165,0.7854793627591383,0.1184893545490349,0,0,0,0,1,0,0,0,0.4,0.8500000000000001,0.0,0.4,0.15,skip,training_upload_trigger_not_confirmed,1785296143.172507,1785296143172507033,1384811389205402,18.0,53.33984375,-1.0,0,0
2026-07-28T23:35:43.173,10.42.0.1,10.42.0.210,34,1,DOWNLOAD,0.95,DOWNLOAD,0.95,-1,7240,2.7461671270115273,12,28960.0,79529.0,5,7,0.266939505387643,0.733060494612357,0.1030097611127548,0,0,0,0,1,0,0,0,0.4,0.8500000000000001,0.0,0.4,0.15,skip,training_upload_trigger_not_confirmed,1785296143.173526,1785296143173525930,1384811390224246,18.0,53.33984375,-1.0,0,0
2026-07-28T23:35:43.174,10.42.0.1,10.42.0.210,34,1,DOWNLOAD,0.95,DOWNLOAD,0.95,-1,7240,2.1969337016243937,13,36200.0,79529.0,6,7,0.31279973040465225,0.6872002695953477,0.08962285850013814,0,0,0,0,1,0,0,0,0.4,0.8500000000000001,0.0,0.4,0.15,skip,training_upload_trigger_not_confirmed,1785296143.1749463,1785296143174946332,1384811391644969,18.0,53.33984375,-1.0,0,0
2026-07-28T23:35:43.175,10.42.0.1,10.42.0.210,34,1,DOWNLOAD,0.95,DOWNLOAD,0.95,-1,7240,1.8307780846954238,14,43440.0,79529.0,7,7,0.35325976465613285,0.6467402353438672,0.07794845178068775,0,0,0,0,1,0,0,0,0.32,0.8500000000000001,0.0,0.0,0.15,skip,training_upload_trigger_not_confirmed,1785296143.1759753,1785296143175975329,1384811392673766,18.0,53.33984375,-1.0,0,0
2026-07-28T23:35:43.177,10.42.0.1,10.42.0.210,34,1,DOWNLOAD,0.95,DOWNLOAD,0.95,-1,7240,1.569238358315524,15,50680.0,79529.0,8,7,0.3892204071915152,0.6107795928084848,0.0679258823311975,0,0,0,0,1,0,0,0,0.32,0.8500000000000001,0.0,0.0,0.15,skip,training_upload_trigger_not_confirmed,1785296143.1778653,1785296143177865291,1384811394563575,18.0,53.33984375,-1.0,0,0
2026-07-28T23:35:43.179,10.42.0.1,10.42.0.210,34,1,DOWNLOAD,0.95,DOWNLOAD,0.95,-1,7240,1.37308356352947,16,57920.0,79529.0,9,7,0.42139266200554387,0.5786073379944561,0.059189346747102786,0,0,0,0,1,0,0,0,0.32,0.8500000000000001,0.0,0.0,0.15,skip,training_upload_trigger_not_confirmed,1785296143.179492,1785296143179492074,1384811396190510,18.0,53.33984375,-1.0,0,0
2026-07-28T23:35:43.180,10.42.0.1,10.42.0.210,34,1,DOWNLOAD,0.95,DOWNLOAD,0.95,-1,11584,1.1442363029445177,17,69504.0,79529.0,10,7,0.4663665094307972,0.5336334905692028,0.05158838617532243,0,0,0,0,1,0,0,0,0.30250000000000005,0.8000000000000002,0.0,0.0,0.15,skip,training_upload_trigger_not_confirmed,1785296143.1809998,1785296143180999618,1384811397698028,18.0,53.33984375,-1.0,0,0
2026-07-28T23:35:43.182,10.42.0.1,10.42.0.210,34,1,DOWNLOAD,0.95,DOWNLOAD,0.95,-1,2896,1.0984668508273692,18,72400.0,79529.0,11,7,0.47653838306050855,0.5234616169394914,0.04492868516299057,0,0,0,0,1,0,0,0,0.30250000000000005,0.8000000000000002,0.0,0.0,0.15,skip,training_upload_trigger_not_confirmed,1785296143.1820495,1785296143182049492,1384811398747938,18.0,53.33984375,-1.0,0,0
2026-07-28T23:35:43.183,10.42.0.1,10.42.0.210,34,1,DOWNLOAD,0.95,DOWNLOAD,0.95,-1,14480,0.9153890423582483,19,86880.0,79529.0,12,7,0.5220871467288428,0.47791285327115723,0.039148007917996906,0,0,0,0,1,0,0,0,0.30250000000000005,0.8000000000000002,0.0,0.0,0.15,skip,training_upload_trigger_not_confirmed,1785296143.1831102,1785296143183110028,1384811399808404,18.0,53.33984375,-1.0,0,0
2026-07-28T23:35:43.184,10.42.0.1,10.42.0.210,34,1,DOWNLOAD,0.95,DOWNLOAD,0.95,-1,7240,0.8449745006391312,20,94120.0,79529.0,13,7,0.542012911102281,0.45798708889771894,0.034181606375446975,0,0,0,0,1,0,0,0,0.30250000000000005,0.8000000000000002,0.0,0.0,0.15,skip,training_upload_trigger_not_confirmed,1785296143.1845696,1785296143184569526,1384811401267980,18.0,53.33984375,-1.0,0,0
2026-07-28T23:35:43.185,10.42.0.1,10.42.0.210,34,1,DOWNLOAD,0.95,DOWNLOAD,0.95,-1,4344,0.807696213846607,21,98464.0,79529.0,14,7,0.5531902940003258,0.4468097059996741,0.029813098291054014,0,0,0,0,1,0,0,0,0.30250000000000005,0.8000000000000002,0.0,0.0,0.15,skip,training_upload_trigger_not_confirmed,1785296143.1855998,1785296143185599812,1384811402298098,18.0,53.33984375,-1.0,0,0
2026-07-28T23:35:43.186,10.42.0.1,10.42.0.210,34,1,DOWNLOAD,0.95,DOWNLOAD,0.95,-1,14480,0.7041454172005228,22,112944.0,79529.0,15,7,0.5868043829524141,0.4131956170475859,0.026019871029096853,0,0,0,0,1,0,0,0,0.28500000000000003,0.7500000000000001,0.0,0.0,0.15,skip,training_upload_trigger_not_confirmed,1785296143.1866271,1785296143186627047,1384811403325390,18.0,53.33984375,-1.0,0,0
2026-07-28T23:35:43.187,10.42.0.1,10.42.0.210,34,1,DOWNLOAD,0.95,DOWNLOAD,0.95,-1,8688,0.6538493159723275,23,121632.0,79529.0,16,7,0.6046500067110424,0.3953499932889576,0.02272036786566067,0,0,0,0,1,0,0,0,0.28500000000000003,0.7500000000000001,0.0,0.0,0.15,skip,training_upload_trigger_not_confirmed,1785296143.187608,1785296143187607941,1384811404306204,18.0,53.33984375,-1.0,0,0
2026-07-28T23:35:43.188,10.42.0.1,10.42.0.210,34,1,DOWNLOAD,0.95,DOWNLOAD,0.95,-1,15472,0.5800633096074508,24,137104.0,79529.0,17,7,0.6328860330605217,0.3671139669394783,0.019858419717230923,0,0,0,0,1,0,0,0,0.28500000000000003,0.7500000000000001,0.0,0.0,0.15,skip,training_upload_trigger_not_confirmed,1785296143.1886098,1785296143188609831,1384811405308288,18.0,53.33984375,-1.0,0,0
2026-07-28T23:35:43.189,10.42.0.1,10.42.0.210,34,1,DOWNLOAD,0.95,DOWNLOAD,0.95,-1,14480,0.5246529976809909,25,151584.0,79529.0,18,7,0.6558869470778363,0.3441130529221636,0.017380012432006577,0,0,0,0,1,0,0,0,0.28500000000000003,0.7500000000000001,0.0,0.0,0.15,skip,training_upload_trigger_not_confirmed,1785296143.1896603,1785296143189660369,1384811406358752,18.0,53.33984375,-1.0,0,0
2026-07-28T23:35:43.190,10.42.0.1,10.42.0.210,34,1,DOWNLOAD,0.95,DOWNLOAD,0.95,-1,21720,0.4588988136485084,26,173304.0,79529.0,19,7,0.6854484976249144,0.31455150237508556,0.015228227367713544,0,0,0,0,1,0,0,0,0.28500000000000003,0.7500000000000001,0.0,0.0,0.15,skip,training_upload_trigger_not_confirmed,1785296143.190711,1785296143190711165,1384811407409569,18.0,53.33984375,-1.0,0,0
2026-07-28T23:35:43.191,10.42.0.1,10.42.0.210,34,1,DOWNLOAD,0.95,DOWNLOAD,0.95,-1,14024,0.4245441151380223,27,187328.0,79529.0,20,7,0.7019789625155045,0.29802103748449543,0.013360840909216246,0,0,0,0,1,0,0,0,0.28500000000000003,0.7500000000000001,0.0,0.0,0.15,skip,training_upload_trigger_not_confirmed,1785296143.1917682,1785296143191767997,1384811408466842,18.0,53.33984375,-1.0,0,0
2026-07-28T23:35:43.192,10.42.0.1,10.42.0.210,34,1,DOWNLOAD,0.95,DOWNLOAD,0.95,-1,17376,0.3885073081161652,28,204704.0,79529.0,21,7,0.7201978658354238,0.2798021341645762,0.011756807924194156,0,0,0,0,1,0,0,0,0.28500000000000003,0.7500000000000001,0.0,0.0,0.15,skip,training_upload_trigger_not_confirmed,1785296143.1929564,1785296143192956526,1384811409655055,61.8,53.34375,-1.0,0,0
2026-07-28T23:35:43.193,10.42.0.1,10.42.0.210,34,1,DOWNLOAD,0.95,DOWNLOAD,0.95,-1,2896,0.3830876685964205,29,207600.0,79529.0,22,7,0.7230199666352057,0.2769800333647942,0.010344541025166342,0,0,0,0,1,0,0,0,0.28500000000000003,0.7500000000000001,0.0,0.0,0.15,skip,training_upload_trigger_not_confirmed,1785296143.193996,1785296143193996061,1384811410694365,61.8,53.34375,-1.0,0,0
2026-07-28T23:35:43.195,10.42.0.1,10.42.0.210,34,1,DOWNLOAD,0.95,DOWNLOAD,0.95,-1,15472,0.3565171783130266,30,223072.0,79529.0,23,7,0.7371819656907942,0.26281803430920586,0.00918410021807273,0,0,0,0,1,0,0,0,0.28500000000000003,0.7500000000000001,0.0,0.0,0.15,skip,training_upload_trigger_not_confirmed,1785296143.1955342,1785296143195534294,1384811412233807,61.8,53.34375,-1.0,0,0
2026-07-28T23:35:43.197,10.42.0.47,10.42.0.210,34,1,DOWNLOAD,0.9841892791589925,DOWNLOAD,0.9841892791589925,-1,7240,1.381215469422484e-10,1,7240.0,0.0,1,0,1.0,0.0,0.029542932016426042,0,0,0,0,0,0,0,0,0.0225,0.0,0.0,0.0,0.15,skip,training_upload_trigger_not_confirmed,1785296143.1970594,1785296143197059437,1384811413757838,61.8,53.34375,-1.0,0,0
2026-07-28T23:35:43.198,10.42.0.47,10.42.0.210,34,1,DOWNLOAD,0.9829981496648164,DOWNLOAD,0.9829981496648164,-1,7240,6.90607734758936e-11,2,14480.0,0.0,2,0,1.0,0.0,0.02578637396616705,0,0,0,0,0,0,0,0,0.0225,0.0,0.0,0.0,0.15,skip,training_upload_trigger_not_confirmed,1785296143.1980948,1785296143198094946,1384811414793480,61.8,53.34375,-1.0,0,0
2026-07-28T23:35:43.199,10.42.0.1,10.42.0.210,34,1,DOWNLOAD,0.95,DOWNLOAD,0.95,-1,17376,0.3307534269391687,31,240448.0,79529.0,24,7,0.7514540107570231,0.24854598924297683,0.008452295700504403,0,0,0,0,1,0,0,0,0.28500000000000003,0.7500000000000001,0.0,0.0,0.15,skip,training_upload_trigger_not_confirmed,1785296143.1991649,1785296143199164982,1384811415863248,61.8,53.34375,-1.0,0,0
2026-07-28T23:35:43.200,10.42.0.1,10.42.0.210,34,1,DOWNLOAD,0.95,DOWNLOAD,0.95,-1,4344,0.3248839831394617,32,244792.0,79529.0,25,7,0.7547830698597994,0.2452169301402006,0.007527255154048971,0,0,0,0,1,0,0,0,0.28500000000000003,0.7500000000000001,0.0,0.0,0.15,skip,training_upload_trigger_not_confirmed,1785296143.2005973,1785296143200597260,1384811417295458,61.8,53.34375,-1.0,0,0
2026-07-28T23:35:43.202,10.42.0.1,10.42.0.210,34,1,DOWNLOAD,0.95,DOWNLOAD,0.95,-1,14024,0.3072800754230523,33,258816.0,79529.0,26,7,0.7649470215312772,0.23505297846872275,0.00673469902551231,0,0,0,0,1,0,0,0,0.28500000000000003,0.7500000000000001,0.0,0.0,0.15,skip,training_upload_trigger_not_confirmed,1785296143.20211,1785296143202109993,1384811418808346,61.8,53.34375,-1.0,0,0
2026-07-28T23:35:43.203,10.42.0.145,10.42.0.210,16,2,TRAINING,0.95,TRAINING,0.95,-1,7300,1.3698630135109776e-10,1,7300.0,0.0,1,0,1.0,0.0,1.5382060515740055,0,0,0,0,0,0,0,0,0.0225,0.0,0.0,0.0,0.15,skip,training_upload_trigger_not_confirmed,1785296143.203579,1785296143203578828,1384811420277230,61.8,53.34375,-1.0,0,0
2026-07-28T23:35:43.204,10.42.0.145,10.42.0.210,16,2,TRAINING,0.95,TRAINING,0.95,-1,7300,6.84931506802402e-11,2,14600.0,0.0,2,0,1.0,0.0,1.3356395204410527,0,0,0,0,0,0,0,0,0.0225,0.0,0.0,0.0,0.15,skip,training_upload_trigger_not_confirmed,1785296143.2045636,1785296143204563657,1384811421261816,61.8,53.34375,-1.0,0,0
2026-07-28T23:35:43.206,10.42.0.210,10.42.0.210,34,1,DOWNLOAD,0.9843089673985125,DOWNLOAD,0.9843089673985125,-1,10136,5.274763219783468,38,10136.0,53465.0,1,37,0.15936856338736813,0.8406314366126318,0.047427858055561586,0,0,0,0,0,0,0,0,0.057499999999999996,0.1,0.0,0.0,0.15,skip,training_upload_trigger_not_confirmed,1785296143.206005,1785296143206005104,1384811422703378,61.8,53.34375,-1.0,0,0
2026-07-28T23:35:43.207,10.42.0.1,10.42.0.210,34,1,DOWNLOAD,0.95,DOWNLOAD,0.95,-1,21720,0.283489463030472,34,280536.0,79529.0,27,7,0.7791259911404885,0.22087400885951147,0.006496228556603057,0,0,0,0,1,0,0,0,0.28500000000000003,0.7500000000000001,0.0,0.0,0.15,skip,training_upload_trigger_not_confirmed,1785296143.207035,1785296143207035177,1384811423733353,61.8,53.34375,-1.0,0,0
2026-07-28T23:35:43.209,10.42.0.47,10.42.0.210,34,1,DOWNLOAD,0.9842257140988042,DOWNLOAD,0.9842257140988042,-1,10136,4.062398439873968e-11,3,24616.0,0.0,3,0,1.0,0.0,0.02387324125067871,0,0,0,0,0,0,0,0,0.0225,0.0,0.0,0.0,0.15,skip,training_upload_trigger_not_confirmed,1785296143.209363,1785296143209363050,1384811426061631,61.8,53.34375,-1.0,0,0
2026-07-28T23:35:43.210,10.42.0.47,10.42.0.210,34,1,DOWNLOAD,0.9842586901286671,DOWNLOAD,0.9842586901286671,-1,14480,2.557806425144316e-11,4,39096.0,0.0,4,0,1.0,0.0,0.02087344885612024,0,0,0,0,0,0,0,0,0.0225,0.0,0.0,0.0,0.15,skip,training_upload_trigger_not_confirmed,1785296143.2104716,1785296143210471792,1384811427171443,61.8,53.34375,-1.0,0,0
2026-07-28T23:35:43.212,10.42.0.59,10.42.0.210,10,1,DOWNLOAD,0.95,DOWNLOAD,0.95,-1,14600,6.84931506802402e-11,1,14600.0,0.0,1,0,1.0,0.0,1.075108240164256,0,0,0,0,0,0,0,0,0.0225,0.0,0.0,0.0,0.15,skip,already_attacked_this_round,1785296143.212357,1785296143212357141,1384811429056241,61.8,53.34375,-1.0,0,0
2026-07-28T23:35:43.213,10.42.0.59,10.42.0.210,10,1,DOWNLOAD,0.95,DOWNLOAD,0.95,-1,14600,3.424657534129292e-11,2,29200.0,0.0,2,0,1.0,0.0,0.9335946099473704,0,0,0,0,0,0,0,0,0.0225,0.0,0.0,0.0,0.15,skip,already_attacked_this_round,1785296143.2135575,1785296143213557604,1384811430256142,61.8,53.34375,-1.0,0,0
2026-07-28T23:35:43.215,10.42.0.210,10.42.0.210,34,1,DOWNLOAD,0.95,DOWNLOAD,0.95,-1,14480,2.171961325919241,39,24616.0,53465.0,2,37,0.3152623557587633,0.6847376442412366,0.04238237215963939,0,0,0,0,0,0,0,0,0.057499999999999996,0.1,0.0,0.0,0.15,skip,training_upload_trigger_not_confirmed,1785296143.2151442,1785296143215144183,1384811431842705,61.8,53.34375,-1.0,0,0
2026-07-28T23:35:43.216,10.42.0.210,10.42.0.210,34,1,DOWNLOAD,0.9557926560077417,DOWNLOAD,0.9557926560077417,-1,5792,1.7582544067101338,40,30408.0,53465.0,3,37,0.36254813825664994,0.6374518617433501,0.037032491762271344,0,0,0,0,0,0,0,0,0.057499999999999996,0.1,0.0,0.0,0.15,skip,training_upload_trigger_not_confirmed,1785296143.2169278,1785296143216927642,1384811433626163,61.8,53.34375,-1.0,0,0
2026-07-28T23:35:43.218,10.42.0.210,10.42.0.210,34,1,DOWNLOAD,0.9846998846180315,DOWNLOAD,0.9846998846180315,-1,8688,1.3675312052289867,41,39096.0,53465.0,4,37,0.422380916368665,0.577619083631335,0.03234853708270208,0,0,0,0,0,0,0,0,0.057499999999999996,0.1,0.0,0.0,0.15,skip,training_upload_trigger_not_confirmed,1785296143.218415,1785296143218415104,1384811435113720,61.8,53.34375,-1.0,0,0
2026-07-28T23:35:43.220,10.42.0.210,10.42.0.210,34,1,DOWNLOAD,0.9854895428954357,DOWNLOAD,0.9854895428954357,-1,6784,1.165322580641558,42,45880.0,53465.0,5,37,0.4618249534450652,0.5381750465549349,0.02832717488630327,0,0,0,0,0,0,0,0,0.039999999999999994,0.05,0.0,0.0,0.15,skip,training_upload_trigger_not_confirmed,1785296143.2202466,1785296143220246639,1384811436944914,61.8,53.34375,-1.0,0,0
2026-07-28T23:35:43.221,10.42.0.145,10.42.0.210,16,2,TRAINING,0.95,TRAINING,0.95,-1,14600,3.424657534129292e-11,3,29200.0,0.0,3,0,1.0,0.0,1.1618936781969298,0,0,0,0,0,0,0,0,0.0225,0.0,0.0,0.0,0.15,skip,training_upload_trigger_not_confirmed,1785296143.221694,1785296143221693913,1384811438392340,61.8,53.34375,-1.0,0,0
2026-07-28T23:35:43.222,10.42.0.145,10.42.0.210,16,2,TRAINING,0.95,TRAINING,0.95,-1,14600,2.2831050227789245e-11,4,43800.0,0.0,4,0,1.0,0.0,1.0089168296981617,0,0,0,0,0,0,0,0,0.0225,0.0,0.0,0.0,0.15,skip,training_upload_trigger_not_confirmed,1785296143.2226887,1785296143222688818,1384811439387178,61.8,53.34375,-1.0,0,0
2026-07-28T23:35:43.223,10.42.0.47,10.42.0.210,34,1,DOWNLOAD,0.9842595481342594,DOWNLOAD,0.9842595481342594,-1,4344,2.3020257826357728e-11,5,43440.0,0.0,5,0,1.0,0.0,0.01985914834252788,0,0,0,0,0,0,0,0,0.0225,0.0,0.0,0.0,0.15,skip,training_upload_trigger_not_confirmed,1785296143.2236478,1785296143223647720,1384811440345984,61.8,53.34375,-1.0,0,0
2026-07-28T23:35:43.226,10.42.0.47,10.42.0.210,34,1,DOWNLOAD,0.9842595696464124,DOWNLOAD,0.9842595696464124,-1,5792,2.0311992199782418e-11,6,49232.0,0.0,6,0,1.0,0.0,0.01760081875421635,0,0,0,0,0,0,0,0,0.0225,0.0,0.0,0.0,0.15,skip,training_upload_trigger_not_confirmed,1785296143.2263691,1785296143226369087,1384811443067475,61.8,53.34375,-1.0,0,0
2026-07-28T23:35:43.227,10.42.0.47,10.42.0.210,34,1,DOWNLOAD,0.9842595701605352,DOWNLOAD,0.9842595701605352,-1,7240,1.770789063575386e-11,7,56472.0,0.0,7,0,1.0,0.0,0.015426628977692158,0,0,0,0,0,0,0,0,0.0225,0.0,0.0,0.0,0.15,skip,training_upload_trigger_not_confirmed,1785296143.2274706,1785296143227470480,1384811444170286,61.8,53.34375,-1.0,0,0
2026-07-28T23:35:43.228,10.42.0.47,10.42.0.210,34,1,DOWNLOAD,0.9842595701720059,DOWNLOAD,0.9842595701720059,-1,4344,1.6443041304649383e-11,8,60816.0,0.0,8,0,1.0,0.0,0.013566652122793019,0,0,0,0,0,0,0,0,0.0225,0.0,0.0,0.0,0.15,skip,training_upload_trigger_not_confirmed,1785296143.2287824,1785296143228782248,1384811445481010,61.8,53.34375,-1.0,0,0
2026-07-28T23:35:43.229,10.42.0.47,10.42.0.210,34,1,DOWNLOAD,0.9842595701722343,DOWNLOAD,0.9842595701722343,-1,11584,1.3812154695941821e-11,9,72400.0,0.0,9,0,1.0,0.0,0.011918910044141138,0,0,0,0,0,0,0,0,0.0225,0.0,0.0,0.0,0.15,skip,training_upload_trigger_not_confirmed,1785296143.2298448,1785296143229844636,1384811446542984,61.8,53.34375,-1.0,0,0
2026-07-28T23:35:43.231,10.42.0.59,10.42.0.210,10,1,DOWNLOAD,0.95,DOWNLOAD,0.95,-1,23360,1.9025875189896766e-11,3,52560.0,0.0,3,0,1.0,0.0,0.8129753702010538,0,0,0,0,0,0,0,0,0.0225,0.0,0.0,0.0,0.15,skip,already_attacked_this_round,1785296143.231806,1785296143231806033,1384811448504411,61.8,53.34375,-1.0,0,0
2026-07-28T23:35:43.232,10.42.0.59,10.42.0.210,10,1,DOWNLOAD,0.95,DOWNLOAD,0.95,-1,12024,1.5483711135645304e-11,4,64584.0,0.0,4,0,1.0,0.0,0.7059988501209403,0,0,0,0,0,0,0,0,0.0225,0.0,0.0,0.0,0.15,skip,already_attacked_this_round,1785296143.2329662,1785296143232966178,1384811449664422,61.8,53.34375,-1.0,0,0
2026-07-28T23:35:43.235,10.42.0.47,10.42.0.210,34,1,DOWNLOAD,0.9842595701722379,DOWNLOAD,0.9842595701722379,-1,6784,1.2628813901638856e-11,10,79184.0,0.0,10,0,1.0,0.0,0.01107030714943146,0,0,0,0,0,0,0,0,0.0225,0.0,0.0,0.0,0.15,skip,training_upload_trigger_not_confirmed,1785296143.235324,1785296143235323776,1384811452022212,61.8,53.34375,-1.0,0,0
2026-07-28T23:35:43.237,10.42.0.145,10.42.0.210,16,2,TRAINING,0.9673414634790001,TRAINING,0.9673414634790001,-1,29200,1.369863013679865e-11,5,73000.0,0.0,5,0,1.0,0.0,0.8779383889576178,0,0,0,0,0,0,0,0,0.0225,0.0,0.0,0.0,0.15,skip,training_upload_trigger_not_confirmed,1785296143.2376463,1785296143237646438,1384811454345387,61.8,53.34375,-1.0,0,0
2026-07-28T23:35:43.238,10.42.0.145,10.42.0.210,16,2,TRAINING,0.9758481595196593,TRAINING,0.9758481595196593,-1,6184,1.2628813901638856e-11,6,79184.0,0.0,6,0,1.0,0.0,0.7623437819287475,0,0,0,0,0,0,0,0,0.0225,0.0,0.0,0.0,0.15,skip,training_upload_trigger_not_confirmed,1785296143.2383692,1785296143238369385,1384811455067580,61.8,53.34375,-1.0,0,0
2026-07-28T23:35:43.239,10.42.0.18,10.42.0.210,27,1,DOWNLOAD,0.95,DOWNLOAD,0.95,-1,10220,9.784735811175661e-11,1,10220.0,0.0,1,0,1.0,0.0,0.9501435207642643,0,0,0,0,0,0,0,0,0.0225,0.0,0.0,0.0,0.15,skip,already_attacked_this_round,1785296143.2398446,1785296143239844687,1384811456542874,61.8,53.34375,-1.0,0,0
2026-07-28T23:35:43.240,10.42.0.18,10.42.0.210,27,1,DOWNLOAD,0.95,DOWNLOAD,0.95,-1,14600,4.029008863657171e-11,2,24820.0,0.0,2,0,1.0,0.0,0.8250319216241234,0,0,0,0,0,0,0,0,0.0225,0.0,0.0,0.0,0.15,skip,already_attacked_this_round,1785296143.2405508,1785296143240550676,1384811457249396,61.8,53.34375,-1.0,0,0
2026-07-28T23:35:43.245,10.42.0.18,10.42.0.210,27,1,DOWNLOAD,0.95,DOWNLOAD,0.95,-1,17520,2.361832782183235e-11,3,42340.0,0.0,3,0,1.0,0.0,0.7170229023967334,0,0,0,0,0,0,0,0,0.0225,0.0,0.0,0.0,0.15,skip,already_attacked_this_round,1785296143.245932,1785296143245931998,1384811462630478,61.8,53.34375,-1.0,0,0
2026-07-28T23:35:43.247,10.42.0.18,10.42.0.210,27,1,DOWNLOAD,0.95,DOWNLOAD,0.95,-1,1460,2.2831050227789245e-11,4,43800.0,0.0,4,0,1.0,0.0,0.6227724359999125,0,0,0,0,0,0,0,0,0.0225,0.0,0.0,0.0,0.15,skip,already_attacked_this_round,1785296143.2477143,1785296143247714410,1384811464412729,61.8,53.34375,-1.0,0,0
2026-07-28T23:35:43.250,10.42.0.18,10.42.0.210,27,1,DOWNLOAD,0.95,DOWNLOAD,0.95,-1,5840,2.014504431869168e-11,5,49640.0,0.0,5,0,1.0,0.0,0.541064460011202,0,0,0,0,0,0,0,0,0.0225,0.0,0.0,0.0,0.15,skip,already_attacked_this_round,1785296143.2504275,1785296143250427440,1384811467125841,61.8,53.34375,-1.0,0,0
2026-07-28T23:35:43.251,10.42.0.18,10.42.0.210,27,1,DOWNLOAD,0.95,DOWNLOAD,0.95,-1,14944,1.5483711135645304e-11,6,64584.0,0.0,6,0,1.0,0.0,0.4698654459601659,0,0,0,0,0,0,0,0,0.0225,0.0,0.0,0.0,0.15,skip,already_attacked_this_round,1785296143.2511823,1785296143251182427,1384811467880623,61.8,53.34375,-1.0,0,0
2026-07-28T23:35:43.333,10.42.0.145,10.42.0.210,16,2,TRAINING,0.9758577067562788,TRAINING,0.9758577067562788,0,43,1.2628813901638856e-11,6,79184.0,0.0,6,0,1.0,0.0,0.9139410298722311,0,0,0,0,0,0,0,0,0.0225,0.0,0.0,0.0,0.15,skip,training_upload_trigger_not_confirmed,1785296143.333055,1785296143333055097,1384811549754031,61.8,53.34375,-1.0,0,0
2026-07-28T23:35:43.502,10.42.0.47,10.42.0.210,34,1,DOWNLOAD,0.9842595701722379,DOWNLOAD,0.9842595701722379,0,43,1.2628813901638856e-11,10,79184.0,0.0,10,0,1.0,0.0,0.06208936812079567,0,0,0,0,0,0,0,0,0.0225,0.0,0.0,0.0,0.15,skip,training_upload_trigger_not_confirmed,1785296143.5023944,1785296143502394379,1384811719093303,61.8,53.34375,-1.0,0,0
2026-07-28T23:35:43.505,10.42.0.18,10.42.0.210,27,1,DOWNLOAD,0.9332166997078245,DOWNLOAD,0.9332166997078245,0,43,1.5483711135645304e-11,6,64584.0,0.0,6,0,1.0,0.0,0.6710133108335561,0,0,0,0,0,0,0,0,0.0225,0.0,0.0,0.0,0.15,skip,already_attacked_this_round,1785296143.5050766,1785296143505076673,1384811721775035,61.8,53.34375,-1.0,0,0
2026-07-28T23:35:43.553,10.42.0.145,10.42.0.210,16,3,UPLOAD,0.95,UPLOAD,0.95,1,64240,0.811275005053909,7,79184.0,64240.0,6,1,0.5520972780008925,0.4479027219991075,0.8226009379153612,0,0,0,1,1,1,1,1,0.85,1.0,1.0,0.4,0.8,trigger,training_upload_trigger_confirmed,1785296143.5538414,1785296143553841303,1384811770540342,61.8,53.34375,7.566247,1785296143561409236,1384811778106589
2026-07-28T23:35:43.555,10.42.0.1,10.42.0.210,34,2,TRAINING,0.95,TRAINING,0.95,1,7240,0.30929720250053716,35,280536.0,86769.0,27,8,0.7637685302405358,0.2362314697594642,0.011721202142495791,0,0,0,0,1,0,0,0,0.4525,1.0,0.0,0.4,0.15,skip,training_upload_trigger_not_confirmed,1785296143.5558844,1785296143555884351,1384811772582843,61.8,53.34375,-1.0,0,0
2026-07-28T23:35:43.556,10.42.0.1,10.42.0.1,34,3,UPLOAD,0.95,UPLOAD,0.95,1,7240,0.3351049419706023,36,280536.0,94009.0,27,9,0.7490047924815443,0.2509952075184557,0.010315135215554334,1,0,0,1,1,1,1,1,0.85,1.0,1.0,0.4,0.8,trigger,training_upload_trigger_confirmed,1785296143.5569353,1785296143556935413,1384811773633983,61.8,53.34375,23.821865,1785296143580758536,1384811797455848
2026-07-28T23:35:43.558,10.42.0.59,10.42.0.1,10,2,TRAINING,0.95,TRAINING,0.95,1,32120,0.49733680169241085,5,64584.0,32120.0,4,1,0.6678524156187955,0.3321475843812045,0.8963062612048152,0,0,0,0,1,0,0,0,0.4525,1.0,0.0,0.4,0.15,skip,already_attacked_this_round,1785296143.5586624,1785296143558662371,1384811775360973,61.8,53.34375,-1.0,0,0
2026-07-28T23:35:43.561,10.42.0.59,10.42.0.1,10,3,UPLOAD,0.95,UPLOAD,0.95,1,47434,1.23179115570061,6,64584.0,79554.0,4,2,0.44807059900928276,0.5519294009907172,0.7785486409946447,0,0,0,1,1,1,1,1,0.85,1.0,1.0,0.4,0.8,skip,already_attacked_this_round,1785296143.5613387,1785296143561338526,1384811778037083,61.8,53.34375,-1.0,0,0
2026-07-28T23:35:43.562,10.42.0.1,10.42.0.1,34,3,UPLOAD,0.95,UPLOAD,0.95,1,10136,0.3712357772286935,37,280536.0,104145.0,27,10,0.729269186676753,0.27073081332324705,0.00931515407174684,1,0,1,1,1,1,1,1,0.9699999999999999,1.0,1.0,1.0,0.8,skip,attack_already_active,1785296143.5628915,1785296143562891575,1384811779589870,61.8,53.34375,-1.0,0,0
2026-07-28T23:35:43.563,10.42.0.1,10.42.0.1,34,3,UPLOAD,0.95,UPLOAD,0.95,1,4344,0.38672042091073255,38,280536.0,108489.0,27,11,0.7211258916522074,0.2788741083477926,0.008222969685563075,1,0,1,1,1,1,1,1,0.9699999999999999,1.0,1.0,1.0,0.8,skip,attack_already_active,1785296143.5639184,1785296143563918396,1384811780616822,61.8,53.34375,-1.0,0,0
2026-07-28T23:35:43.565,10.42.0.1,10.42.0.1,34,3,UPLOAD,0.95,UPLOAD,0.95,1,2896,0.3970435166987586,39,280536.0,111385.0,27,12,0.7157973162958862,0.28420268370411383,0.007400942757796536,1,0,1,1,1,1,1,1,0.9699999999999999,1.0,1.0,1.0,0.8,skip,attack_already_active,1785296143.5659032,1785296143565903000,1384811782601588,61.8,53.34375,-1.0,0,0
2026-07-28T23:35:43.567,10.42.0.1,10.42.0.1,34,3,UPLOAD,0.95,UPLOAD,0.95,1,14480,0.4486589956388889,40,280536.0,125865.0,27,13,0.6902935770335211,0.30970642296647893,0.006579256107471269,1,0,1,1,1,1,1,1,0.9699999999999999,1.0,1.0,1.0,0.8,skip,attack_already_active,1785296143.5670686,1785296143567068716,1384811783767981,61.8,53.34375,-1.0,0,0
2026-07-28T23:35:43.569,10.42.0.1,10.42.0.1,34,3,UPLOAD,0.95,UPLOAD,0.95,1,11584,0.48995137879099315,41,280536.0,137449.0,27,14,0.671162840771798,0.32883715922820195,0.006070814429027387,1,0,1,1,1,1,1,1,0.9699999999999999,1.0,1.0,1.0,0.8,skip,attack_already_active,1785296143.5697894,1785296143569789417,1384811786488307,61.8,53.34375,-1.0,0,0
2026-07-28T23:35:43.570,10.42.0.1,10.42.0.1,34,3,UPLOAD,0.95,UPLOAD,0.95,1,2896,0.5002744745790192,42,280536.0,140345.0,27,15,0.666544700283453,0.33345529971654697,0.005420194790109217,1,0,1,1,1,1,1,1,0.9699999999999999,1.0,1.0,1.0,0.8,skip,attack_already_active,1785296143.5709229,1785296143570922706,1384811787621325,61.8,53.34375,-1.0,0,0
2026-07-28T23:35:43.572,10.42.0.1,10.42.0.1,34,3,UPLOAD,0.95,UPLOAD,0.95,1,11584,0.5415668577311235,43,280536.0,151929.0,27,16,0.6486906454857618,0.35130935451423817,0.004853362324632423,1,0,1,1,1,1,1,1,0.9699999999999999,1.0,1.0,1.0,0.8,skip,attack_already_active,1785296143.5720415,1785296143572041593,1384811788741051,61.8,53.34375,-1.0,0,0
2026-07-28T23:35:43.573,10.42.0.1,10.42.0.1,34,3,UPLOAD,0.95,UPLOAD,0.95,1,14480,0.5931823366712536,44,280536.0,166409.0,27,17,0.6276745460850888,0.37232545391491123,0.004439453435394779,1,0,1,1,1,1,1,1,0.9699999999999999,1.0,1.0,1.0,0.8,skip,attack_already_active,1785296143.5737538,1785296143573753770,1384811790453331,61.8,53.34375,-1.0,0,0
2026-07-28T23:35:43.575,10.42.0.1,10.42.0.1,34,3,UPLOAD,0.95,UPLOAD,0.95,1,5792,0.6138285282473058,45,280536.0,172201.0,27,18,0.6196445176780339,0.3803554823219662,0.004082066471504324,1,0,1,1,1,1,1,1,0.9699999999999999,1.0,1.0,1.0,0.8,skip,attack_already_active,1785296143.5754812,1785296143575481200,1384811792179718,61.8,53.34375,-1.0,0,0
2026-07-28T23:35:43.576,10.42.0.1,10.42.0.1,34,3,UPLOAD,0.95,UPLOAD,0.95,1,8688,0.6447978156113839,46,280536.0,180889.0,27,19,0.6079774611258602,0.3920225388741399,0.0037413304452518577,1,0,1,1,1,1,1,1,0.9699999999999999,1.0,1.0,1.0,0.8,skip,attack_already_active,1785296143.5769775,1785296143576977343,1384811793675561,61.8,53.34375,-1.0,0,0
2026-07-28T23:35:43.579,10.42.0.1,10.42.0.1,34,3,UPLOAD,0.95,UPLOAD,0.95,1,7129,0.67020988393764,47,280536.0,188018.0,27,20,0.5987271477780576,0.4012728522219424,0.0035585034092074815,1,0,1,1,1,1,1,1,0.9699999999999999,1.0,1.0,1.0,0.8,skip,attack_already_active,1785296143.5793314,1785296143579331304,1384811796029738,61.8,53.34375,-1.0,0,0
2026-07-28T23:35:43.581,10.42.0.1,10.42.0.1,34,3,UPLOAD,0.95,UPLOAD,0.95,1,5792,0.6908560755136922,48,280536.0,193810.0,27,21,0.5914163922537558,0.4085836077462443,0.0033397923363239932,1,0,1,1,1,1,1,1,0.9699999999999999,1.0,1.0,1.0,0.8,skip,attack_already_active,1785296143.5812302,1785296143581229967,1384811797928610,61.8,53.34375,-1.0,0,0
2026-07-28T23:35:43.582,10.42.0.1,10.42.0.1,34,3,UPLOAD,0.95,UPLOAD,0.95,1,21720,0.7682792939238876,49,280536.0,215530.0,27,22,0.5655215233456838,0.43447847665431616,0.0031041893631448504,1,0,1,1,1,1,1,1,0.9699999999999999,1.0,1.0,1.0,0.8,skip,attack_already_active,1785296143.582782,1785296143582782023,1384811799480583,61.8,53.34375,-1.0,0,0
2026-07-28T23:35:43.584,10.42.0.1,10.42.0.1,34,3,UPLOAD,0.95,UPLOAD,0.95,1,7240,0.7940870333939527,50,280536.0,222770.0,27,23,0.5573865600648512,0.4426134399351488,0.002885966242100727,1,0,1,1,1,1,1,1,0.9699999999999999,1.0,1.0,1.0,0.8,skip,attack_already_active,1785296143.5842302,1785296143584230210,1384811800928483,61.8,53.34375,-1.0,0,0
2026-07-28T23:35:43.585,10.42.0.1,10.42.0.1,34,3,UPLOAD,0.95,UPLOAD,0.95,1,2797,0.8040572332969599,51,280536.0,225567.0,27,24,0.5543061392641419,0.4456938607358581,0.0027027514357497897,1,0,1,1,1,1,1,1,0.9699999999999999,1.0,1.0,1.0,0.8,skip,attack_already_active,1785296143.5857258,1785296143585725580,1384811802424018,61.8,53.34375,-1.0,0,0
2026-07-28T23:35:43.666,10.42.0.59,10.42.0.1,10,3,UPLOAD,0.9841010226033655,UPLOAD,0.9841010226033655,0,39,1.23179115570061,6,64584.0,79554.0,4,2,0.44807059900928276,0.5519294009907172,0.6817807341627415,0,0,0,1,1,1,1,1,0.8374999999999999,0.8500000000000001,1.0,0.6000000000000001,0.8,skip,already_attacked_this_round,1785296143.6667886,1785296143666788541,1384811883487166,61.8,53.34375,-1.0,0,0
2026-07-28T23:35:43.673,10.42.0.18,10.42.0.1,27,2,TRAINING,0.95,TRAINING,0.95,1,2920,0.04521243653156799,7,64584.0,2920.0,6,1,0.9567433041004978,0.043256695899502255,0.6047568954669944,0,0,0,0,1,1,0,0,0.5725,1.0,0.0,1.0,0.15,skip,already_attacked_this_round,1785296143.6732883,1785296143673288432,1384811889987211,61.8,53.34375,-1.0,0,0
2026-07-28T23:35:43.674,10.42.0.18,10.42.0.1,27,3,UPLOAD,0.95,UPLOAD,0.95,1,55480,0.9042487303371695,8,64584.0,58400.0,6,2,0.5251414818187732,0.4748585181812268,0.5252701559663415,0,0,0,1,1,1,1,1,0.9699999999999999,1.0,1.0,1.0,0.8,skip,already_attacked_this_round,1785296143.6748424,1785296143674842389,1384811891540934,61.8,53.34375,-1.0,0,0
2026-07-28T23:35:43.675,10.42.0.18,10.42.0.1,27,3,UPLOAD,0.9841010226033655,UPLOAD,0.9841010226033655,1,21128,1.2313885792110832,9,64584.0,79528.0,6,3,0.44815143777062283,0.5518485622293772,0.45619421319122794,0,0,0,1,1,1,1,1,0.9699999999999999,1.0,1.0,1.0,0.8,skip,already_attacked_this_round,1785296143.6759143,1785296143675914213,1384811892612766,61.8,53.34375,-1.0,0,0
2026-07-28T23:35:43.677,10.42.0.1,10.42.0.1,34,3,UPLOAD,0.95,UPLOAD,0.95,1,7240,0.8298649727670251,52,280536.0,232807.0,27,25,0.546488410283183,0.45351158971681704,0.009900742749321352,1,0,1,1,1,1,1,1,0.9699999999999999,1.0,1.0,1.0,0.8,skip,attack_already_active,1785296143.677374,1785296143677374010,1384811894072454,61.8,53.34375,-1.0,0,0
2026-07-28T23:35:43.678,10.42.0.1,10.42.0.1,34,3,UPLOAD,0.95,UPLOAD,0.95,1,7240,0.8556727122370902,53,280536.0,240047.0,27,26,0.5388881311913758,0.4611118688086242,0.008728188143097945,1,0,1,1,1,1,1,1,0.9699999999999999,1.0,1.0,1.0,0.8,skip,attack_already_active,1785296143.6783764,1785296143678376531,1384811895075024,61.8,53.34375,-1.0,0,0
2026-07-28T23:35:43.679,10.42.0.1,10.42.0.1,34,3,UPLOAD,0.95,UPLOAD,0.95,1,10136,0.8918035474951813,54,280536.0,250183.0,27,27,0.5285961120668377,0.47140388793316235,0.007767420366209444,1,0,1,1,1,1,1,1,0.9699999999999999,1.0,1.0,1.0,0.8,skip,attack_already_active,1785296143.6798136,1785296143679813633,1384811896512129,61.8,53.34375,-1.0,0,0
2026-07-28T23:35:43.680,10.42.0.1,10.42.0.1,34,3,UPLOAD,0.95,UPLOAD,0.95,1,4344,0.9072881911772205,55,280536.0,254527.0,27,28,0.5243046145967858,0.4756953854032142,0.006873815377542156,1,0,1,1,1,1,1,1,0.9699999999999999,1.0,1.0,1.0,0.8,skip,attack_already_active,1785296143.6807997,1785296143680799801,1384811897498140,61.8,53.34375,-1.0,0,0
2026-07-28T23:35:43.682,10.42.0.1,10.42.0.1,34,3,UPLOAD,0.95,UPLOAD,0.95,1,14480,0.9589036701173507,56,280536.0,269007.0,27,29,0.5104896250156948,0.48951037498430516,0.006148672526881288,1,0,1,1,1,1,1,1,0.9699999999999999,1.0,1.0,1.0,0.8,skip,attack_already_active,1785296143.6821706,1785296143682170598,1384811898868890,61.8,53.34375,-1.0,0,0
2026-07-28T23:35:43.683,10.42.0.1,10.42.0.1,34,3,UPLOAD,0.95,UPLOAD,0.95,1,18824,1.02600379273952,57,280536.0,287831.0,27,30,0.4935824915943396,0.5064175084056605,0.005517482698599246,1,0,1,1,1,1,1,1,0.9699999999999999,1.0,1.0,1.0,0.8,skip,attack_already_active,1785296143.6835294,1785296143683529542,1384811900228055,61.8,53.34375,-1.0,0,0
2026-07-28T23:35:43.684,10.42.0.1,10.42.0.1,34,3,UPLOAD,0.95,UPLOAD,0.95,1,1448,1.031165340633533,58,280536.0,289279.0,27,31,0.4923282117880365,0.5076717882119636,0.004915083913975941,1,0,1,1,1,1,1,1,0.9699999999999999,1.0,1.0,1.0,0.8,skip,attack_already_active,1785296143.6844754,1785296143684475411,1384811901173726,61.8,53.34375,-1.0,0,0
2026-07-28T23:35:43.685,10.42.0.1,10.42.0.1,34,3,UPLOAD,0.95,UPLOAD,0.95,1,8688,1.0621346279976112,59,280536.0,297967.0,27,32,0.48493439100575103,0.5150656089942489,0.004445758385266482,1,0,1,1,1,1,1,1,0.9699999999999999,1.0,1.0,1.0,0.8,skip,attack_already_active,1785296143.685829,1785296143685828964,1384811902527364,61.8,53.34375,-1.0,0,0
2026-07-28T23:35:43.687,10.42.0.1,10.42.0.1,34,3,UPLOAD,0.95,UPLOAD,0.95,1,7128,1.087543131718968,60,280536.0,305095.0,27,33,0.4790320184553072,0.5209679815446928,0.004040005940279722,1,0,1,1,1,1,1,1,0.9699999999999999,1.0,1.0,1.0,0.8,skip,attack_already_active,1785296143.6871955,1785296143687195592,1384811903893996,61.8,53.34375,-1.0,0,0
2026-07-28T23:35:43.827,10.42.0.210,10.42.0.1,34,2,TRAINING,0.9293977297375461,TRAINING,0.9293977297375461,0,43,2.1795989537449956e-11,5,45880.0,0.0,5,0,1.0,0.0,0.1491738021175083,0,0,0,0,0,0,0,0,0.0225,0.0,0.0,0.0,0.15,skip,training_upload_trigger_not_confirmed,1785296143.8274345,1785296143827434464,1384812044133336,75.8,53.34375,-1.0,0,0
2026-07-28T23:35:43.863,10.42.0.1,10.42.0.1,34,3,UPLOAD,0.6124416991923415,UPLOAD,0.6124416991923415,0,43,1.035927652778838,58,280536.0,290615.0,27,31,0.4911765890281204,0.5088234109718796,0.007609471285146491,1,0,1,1,1,1,1,1,0.8200000000000001,0.8000000000000002,1.0,0.6000000000000001,0.8,skip,attack_already_active,1785296143.863204,1785296143863204044,1384812079902958,75.8,53.34375,-1.0,0,0
2026-07-28T23:35:44.038,10.42.0.1,10.42.0.1,34,3,UPLOAD,0.5149524923252918,UPLOAD,0.5149524923252918,0,43,0.8040536686920607,53,280536.0,225566.0,27,26,0.5543072345100395,0.4456927654899605,0.029727333227960555,1,0,1,0,0,0,0,0,0.4375,0.05,1.0,0.0,0.8,skip,attack_already_active,1785296144.0386598,1785296144038659895,1384812255359097,75.8,53.34375,-1.0,0,0
2026-07-28T23:35:44.243,10.42.0.47,10.42.0.1|10.42.0.47,34,3,UPLOAD,0.95,UPLOAD,0.95,1,7240,100.0,1,0.0,7240.0,0,1,0.0,1.0,0.1515089659021533,1,0,0,1,1,1,1,1,0.9699999999999999,1.0,1.0,1.0,0.8,trigger,training_upload_trigger_confirmed,1785296144.2430644,1785296144243064352,1384812459763616,75.8,53.34375,6.264364,1785296144249330722,1384812466027980
2026-07-28T23:35:44.244,10.42.0.47,10.42.0.1|10.42.0.47,34,3,UPLOAD,0.95,UPLOAD,0.95,1,1448,100.0,2,0.0,8688.0,0,2,0.0,1.0,0.1317361645563329,1,0,1,1,1,1,1,1,0.9699999999999999,1.0,1.0,1.0,0.8,skip,attack_already_active,1785296144.244523,1785296144244523114,1384812461221712,75.8,53.34375,-1.0,0,0
2026-07-28T23:35:44.247,10.42.0.47,10.42.0.1|10.42.0.47,34,3,UPLOAD,0.95,UPLOAD,0.95,1,5792,100.0,3,0.0,14480.0,0,3,0.0,1.0,0.1148263484486143,1,0,1,1,1,1,1,1,0.9699999999999999,1.0,1.0,1.0,0.8,skip,attack_already_active,1785296144.2479353,1785296144247935155,1384812464634452,75.8,53.34375,-1.0,0,0
2026-07-28T23:35:44.249,10.42.0.47,10.42.0.1|10.42.0.47,34,3,UPLOAD,0.9504880823343961,UPLOAD,0.9504880823343961,1,11584,100.0,4,0.0,26064.0,0,4,0.0,1.0,0.09984110158106015,1,0,1,1,1,1,1,1,0.9699999999999999,1.0,1.0,1.0,0.8,skip,attack_already_active,1785296144.2490427,1785296144249042765,1384812465741798,75.8,53.34375,-1.0,0,0
2026-07-28T23:35:44.250,10.42.0.47,10.42.0.1|10.42.0.47,34,3,UPLOAD,0.952466357091354,UPLOAD,0.952466357091354,1,5792,100.0,5,0.0,31856.0,0,5,0.0,1.0,0.08691296713087383,1,0,1,1,1,1,1,1,0.9699999999999999,1.0,1.0,1.0,0.8,skip,attack_already_active,1785296144.2507758,1785296144250775922,1384812467474717,75.8,53.34375,-1.0,0,0
2026-07-28T23:35:44.253,10.42.0.47,10.42.0.1|10.42.0.47,34,3,UPLOAD,0.9543844249091337,UPLOAD,0.9543844249091337,1,11584,100.0,6,0.0,43440.0,0,6,0.0,1.0,0.07581623704546549,1,0,1,1,1,1,1,1,0.9699999999999999,1.0,1.0,1.0,0.8,skip,attack_already_active,1785296144.2534788,1785296144253478720,1384812470177388,75.8,53.34375,-1.0,0,0
2026-07-28T23:35:44.254,10.42.0.47,10.42.0.1|10.42.0.47,34,3,UPLOAD,0.9564846808071691,UPLOAD,0.9564846808071691,1,18824,100.0,7,0.0,62264.0,0,7,0.0,1.0,0.06596009092209941,1,0,1,1,1,1,1,1,0.9699999999999999,1.0,1.0,1.0,0.8,skip,attack_already_active,1785296144.2544994,1785296144254499215,1384812471197733,75.8,53.34375,-1.0,0,0
2026-07-28T23:35:44.256,10.42.0.47,10.42.0.1|10.42.0.47,34,3,UPLOAD,0.9580739170259437,UPLOAD,0.9580739170259437,1,4344,100.0,8,0.0,66608.0,0,8,0.0,1.0,0.05751580473474775,1,0,1,1,1,1,1,1,0.9699999999999999,1.0,1.0,1.0,0.8,skip,attack_already_active,1785296144.2563782,1785296144256378080,1384812473076736,75.8,53.34375,-1.0,0,0
2026-07-28T23:35:44.257,10.42.0.47,10.42.0.1|10.42.0.47,34,3,UPLOAD,0.9598367067774607,UPLOAD,0.9598367067774607,1,7240,100.0,9,0.0,73848.0,0,9,0.0,1.0,0.05007065426052217,1,0,1,1,1,1,1,1,0.9699999999999999,1.0,1.0,1.0,0.8,skip,attack_already_active,1785296144.2573948,1785296144257394695,1384812474093131,75.8,53.34375,-1.0,0,0
2026-07-28T23:35:44.258,10.42.0.47,10.42.0.1|10.42.0.47,34,3,UPLOAD,0.9531571450343306,UPLOAD,0.9531571450343306,1,4344,100.0,10,0.0,78192.0,0,10,0.0,1.0,0.043662381982420964,1,0,1,1,1,1,1,1,0.9699999999999999,1.0,1.0,1.0,0.8,skip,attack_already_active,1785296144.2588348,1785296144258834852,1384812475533468,75.8,53.34375,-1.0,0,0
2026-07-28T23:35:44.259,10.42.0.47,10.42.0.1|10.42.0.47,34,3,UPLOAD,0.95,UPLOAD,0.95,1,1336,100.0,11,0.0,79528.0,0,11,0.0,1.0,0.038039868523964855,1,0,1,1,1,1,1,1,0.9699999999999999,1.0,1.0,1.0,0.8,skip,attack_already_active,1785296144.2598295,1785296144259829556,1384812476527973,75.8,53.34375,-1.0,0,0
2026-07-28T23:35:44.261,10.42.0.1,10.42.0.1|10.42.0.47,34,3,UPLOAD,0.95,UPLOAD,0.95,1,7240,100.0,27,0.0,232806.0,0,27,0.0,1.0,0.04772667634975892,1,0,1,1,1,1,1,1,0.9699999999999999,1.0,1.0,1.0,0.8,skip,attack_already_active,1785296144.2612565,1785296144261256491,1384812477954864,19.9,53.34375,-1.0,0,0
2026-07-28T23:35:44.262,10.42.0.1,10.42.0.1|10.42.0.47,34,3,UPLOAD,0.9836692356805405,UPLOAD,0.9836692356805405,1,7240,100.0,28,0.0,240046.0,0,28,0.0,1.0,0.04156491681470211,1,0,1,1,1,1,1,1,0.9699999999999999,1.0,1.0,1.0,0.8,skip,attack_already_active,1785296144.2622232,1785296144262223477,1384812478921873,19.9,53.34375,-1.0,0,0
2026-07-28T23:35:44.263,10.42.0.1,10.42.0.1|10.42.0.47,34,3,UPLOAD,0.9854598990501751,UPLOAD,0.9854598990501751,1,10136,100.0,29,0.0,250182.0,0,29,0.0,1.0,0.036274341822009434,1,0,1,1,1,1,1,1,0.9699999999999999,1.0,1.0,1.0,0.8,skip,attack_already_active,1785296144.2636395,1785296144263639508,1384812480337880,19.9,53.34375,-1.0,0,0
2026-07-28T23:35:44.264,10.42.0.1,10.42.0.1|10.42.0.47,34,3,UPLOAD,0.9855075549651542,UPLOAD,0.9855075549651542,1,10136,100.0,30,0.0,260318.0,0,30,0.0,1.0,0.031622775780099206,1,0,1,1,1,1,1,1,0.9699999999999999,1.0,1.0,1.0,0.8,skip,attack_already_active,1785296144.2646143,1785296144264614373,1384812481312888,19.9,53.34375,-1.0,0,0
2026-07-28T23:35:44.265,10.42.0.1,10.42.0.1|10.42.0.47,34,3,UPLOAD,0.9855087016586567,UPLOAD,0.9855087016586567,1,1448,100.0,31,0.0,261766.0,0,31,0.0,1.0,0.02758020877970915,1,0,1,1,1,1,1,1,0.9699999999999999,1.0,1.0,1.0,0.8,skip,attack_already_active,1785296144.2655592,1785296144265559193,1384812482257448,19.9,53.34375,-1.0,0,0
2026-07-28T23:35:44.267,10.42.0.1,10.42.0.1|10.42.0.47,34,3,UPLOAD,0.9855087257751609,UPLOAD,0.9855087257751609,1,7240,100.0,32,0.0,269006.0,0,32,0.0,1.0,0.02418549396843506,1,0,1,1,1,1,1,1,0.9699999999999999,1.0,1.0,1.0,0.8,skip,attack_already_active,1785296144.2673779,1785296144267378031,1384812484076437,19.9,53.34375,-1.0,0,0
2026-07-28T23:35:44.268,10.42.0.1,10.42.0.1|10.42.0.47,34,3,UPLOAD,0.9855087261643916,UPLOAD,0.9855087261643916,1,2896,100.0,33,0.0,271902.0,0,33,0.0,1.0,0.021129631334101926,1,0,1,1,1,1,1,1,0.9699999999999999,1.0,1.0,1.0,0.8,skip,attack_already_active,1785296144.2683733,1785296144268373310,1384812485072101,19.9,53.34375,-1.0,0,0
2026-07-28T23:35:44.269,10.42.0.1,10.42.0.1|10.42.0.47,34,3,UPLOAD,0.9855087261659257,UPLOAD,0.9855087261659257,1,7240,100.0,34,0.0,279142.0,0,34,0.0,1.0,0.018548273738056762,1,0,1,1,1,1,1,1,0.9699999999999999,1.0,1.0,1.0,0.8,skip,attack_already_active,1785296144.2699137,1785296144269913558,1384812486612334,19.9,53.34375,-1.0,0,0
2026-07-28T23:35:44.271,10.42.0.1,10.42.0.1|10.42.0.47,34,3,UPLOAD,0.9855087261656789,UPLOAD,0.9855087261656789,1,2896,100.0,35,0.0,282038.0,0,35,0.0,1.0,0.016353948050543646,1,0,1,1,1,1,1,1,0.9699999999999999,1.0,1.0,1.0,0.8,skip,attack_already_active,1785296144.2718098,1785296144271809883,1384812488508717,19.9,53.34375,-1.0,0,0
2026-07-28T23:35:44.273,10.42.0.1,10.42.0.1|10.42.0.47,34,3,UPLOAD,0.9855087261656634,UPLOAD,0.9855087261656634,1,11584,100.0,36,0.0,293622.0,0,36,0.0,1.0,0.014407715816384978,1,0,1,1,1,1,1,1,0.9699999999999999,1.0,1.0,1.0,0.8,skip,attack_already_active,1785296144.2733943,1785296144273394528,1384812490093147,19.9,53.34375,-1.0,0,0
2026-07-28T23:35:44.274,10.42.0.1,10.42.0.1|10.42.0.47,34,3,UPLOAD,0.9855087261656628,UPLOAD,0.9855087261656628,1,1448,100.0,37,0.0,295070.0,0,37,0.0,1.0,0.012641634238188662,1,0,1,1,1,1,1,1,0.9699999999999999,1.0,1.0,1.0,0.8,skip,attack_already_active,1785296144.2743998,1785296144274399627,1384812491098050,19.9,53.34375,-1.0,0,0
2026-07-28T23:35:44.275,10.42.0.1,10.42.0.1|10.42.0.47,34,3,UPLOAD,0.9855087261656628,UPLOAD,0.9855087261656628,1,10024,100.0,38,0.0,305094.0,0,38,0.0,1.0,0.011162849287351605,1,0,1,1,1,1,1,1,0.9699999999999999,1.0,1.0,1.0,0.8,skip,attack_already_active,1785296144.2758193,1785296144275819216,1384812492518033,19.9,53.34375,-1.0,0,0
2026-07-28T23:35:45.087,10.42.0.210,10.42.0.1|10.42.0.210|10.42.0.47,34,3,UPLOAD,0.95,UPLOAD,0.95,1,1448,100.0,1,0.0,1448.0,0,1,0.0,1.0,0.2955547521481837,1,0,0,1,1,1,1,1,0.9525,0.95,1.0,1.0,0.8,trigger,training_upload_trigger_confirmed,1785296145.087453,1785296145087453049,1384813304152003,15.0,53.34765625,6.424031,1785296145093878754,1384813310576034
2026-07-28T23:35:45.088,10.42.0.210,10.42.0.1|10.42.0.210|10.42.0.47,34,3,UPLOAD,0.9841010226033655,UPLOAD,0.9841010226033655,1,1448,100.0,2,0.0,2896.0,0,2,0.0,1.0,0.25674836648915716,1,0,1,1,1,1,1,1,0.9699999999999999,1.0,1.0,1.0,0.8,skip,attack_already_active,1785296145.0885167,1785296145088516584,1384813305215089,15.0,53.34765625,-1.0,0,0
2026-07-28T23:35:45.090,10.42.0.210,10.42.0.1|10.42.0.210|10.42.0.47,34,3,UPLOAD,0.9854688349332961,UPLOAD,0.9854688349332961,1,1448,100.0,3,0.0,4344.0,0,3,0.0,1.0,0.2231169671925362,1,0,1,1,1,1,1,1,0.9699999999999999,1.0,1.0,1.0,0.8,skip,attack_already_active,1785296145.0900457,1785296145090045773,1384813306744773,15.0,53.34765625,-1.0,0,0
2026-07-28T23:35:45.091,10.42.0.210,10.42.0.1|10.42.0.210|10.42.0.47,34,3,UPLOAD,0.9855076450773014,UPLOAD,0.9855076450773014,1,1448,100.0,4,0.0,5792.0,0,4,0.0,1.0,0.19384902606778984,1,0,1,1,1,1,1,1,0.9699999999999999,1.0,1.0,1.0,0.8,skip,attack_already_active,1785296145.0910563,1785296145091056264,1384813307754615,15.0,53.34765625,-1.0,0,0
2026-07-28T23:35:45.092,10.42.0.210,10.42.0.1|10.42.0.210|10.42.0.47,34,3,UPLOAD,0.9855086980780915,UPLOAD,0.9855086980780915,1,1448,100.0,5,0.0,7240.0,0,5,0.0,1.0,0.16849082221125783,1,0,1,1,1,1,1,1,0.9699999999999999,1.0,1.0,1.0,0.8,skip,attack_already_active,1785296145.092469,1785296145092468911,1384813309168064,15.0,53.34765625,-1.0,0,0
2026-07-28T23:35:45.093,10.42.0.210,10.42.0.1|10.42.0.210|10.42.0.47,34,3,UPLOAD,0.9855087254685951,UPLOAD,0.9855087254685951,1,1448,100.0,6,0.0,8688.0,0,6,0.0,1.0,0.14645087042597268,1,0,1,1,1,1,1,1,0.9699999999999999,1.0,1.0,1.0,0.8,skip,attack_already_active,1785296145.0937047,1785296145093704645,1384813310403254,15.0,53.34765625,-1.0,0,0
2026-07-28T23:35:45.095,10.42.0.210,10.42.0.1|10.42.0.210|10.42.0.47,34,3,UPLOAD,0.9855087261493067,UPLOAD,0.9855087261493067,1,1448,100.0,7,0.0,10136.0,0,7,0.0,1.0,0.12738308333957535,1,0,1,1,1,1,1,1,0.9699999999999999,1.0,1.0,1.0,0.8,skip,attack_already_active,1785296145.0954554,1785296145095455599,1384813312154121,15.0,53.34765625,-1.0,0,0
2026-07-28T23:35:45.096,10.42.0.210,10.42.0.1|10.42.0.210|10.42.0.47,34,3,UPLOAD,0.9855087261653082,UPLOAD,0.9855087261653082,1,1448,100.0,8,0.0,11584.0,0,8,0.0,1.0,0.11073142926393614,1,0,1,1,1,1,1,1,0.9699999999999999,1.0,1.0,1.0,0.8,skip,attack_already_active,1785296145.0964737,1785296145096473596,1384813313172278,15.0,53.34765625,-1.0,0,0
2026-07-28T23:35:45.097,10.42.0.210,10.42.0.1|10.42.0.210|10.42.0.47,34,3,UPLOAD,0.985508726165656,UPLOAD,0.985508726165656,1,1448,100.0,9,0.0,13032.0,0,9,0.0,1.0,0.09633002401077818,1,0,1,1,1,1,1,1,0.9699999999999999,1.0,1.0,1.0,0.8,skip,attack_already_active,1785296145.0979168,1785296145097916848,1384813314615254,15.0,53.34765625,-1.0,0,0
2026-07-28T23:35:45.098,10.42.0.210,10.42.0.1|10.42.0.210|10.42.0.47,34,3,UPLOAD,0.9855087261656625,UPLOAD,0.9855087261656625,1,1448,100.0,10,0.0,14480.0,0,10,0.0,1.0,0.08376292438927876,1,0,1,1,1,1,1,1,0.9699999999999999,1.0,1.0,1.0,0.8,skip,attack_already_active,1785296145.0988786,1785296145098878771,1384813315577082,15.0,53.34765625,-1.0,0,0
2026-07-28T23:35:45.100,10.42.0.210,10.42.0.1|10.42.0.210|10.42.0.47,34,3,UPLOAD,0.95,UPLOAD,0.95,1,1448,100.0,11,0.0,15928.0,0,11,0.0,1.0,0.07290707957727374,1,0,1,1,1,1,1,1,0.9699999999999999,1.0,1.0,1.0,0.8,skip,attack_already_active,1785296145.1002595,1785296145100259592,1384813316957961,15.0,53.34765625,-1.0,0,0
2026-07-28T23:35:45.101,10.42.0.210,10.42.0.1|10.42.0.210|10.42.0.47,34,3,UPLOAD,0.95,UPLOAD,0.95,1,1448,100.0,12,0.0,17376.0,0,12,0.0,1.0,0.06342947925921169,1,0,1,1,1,1,1,1,0.9699999999999999,1.0,1.0,1.0,0.8,skip,attack_already_active,1785296145.1012437,1785296145101243609,1384813317942213,15.0,53.34765625,-1.0,0,0
2026-07-28T23:35:45.102,10.42.0.210,10.42.0.1|10.42.0.210|10.42.0.47,34,3,UPLOAD,0.95,UPLOAD,0.95,1,1448,100.0,13,0.0,18824.0,0,13,0.0,1.0,0.055259755301425593,1,0,1,1,1,1,1,1,0.9699999999999999,1.0,1.0,1.0,0.8,skip,attack_already_active,1785296145.1026754,1785296145102675542,1384813319374079,15.0,53.34765625,-1.0,0,0
2026-07-28T23:35:45.104,10.42.0.210,10.42.0.1|10.42.0.210|10.42.0.47,34,3,UPLOAD,0.95,UPLOAD,0.95,1,1448,100.0,14,0.0,20272.0,0,14,0.0,1.0,0.04815798398835672,1,0,1,1,1,1,1,1,0.9699999999999999,1.0,1.0,1.0,0.8,skip,attack_already_active,1785296145.1040418,1785296145104041673,1384813320740427,15.0,53.34765625,-1.0,0,0
2026-07-28T23:35:45.105,10.42.0.210,10.42.0.1|10.42.0.210|10.42.0.47,34,3,UPLOAD,0.95,UPLOAD,0.95,1,1448,100.0,15,0.0,21720.0,0,15,0.0,1.0,0.04200919876247752,1,0,1,1,1,1,1,1,0.9699999999999999,1.0,1.0,1.0,0.8,skip,attack_already_active,1785296145.1055384,1785296145105538204,1384813322236521,15.0,53.34765625,-1.0,0,0
2026-07-28T23:35:45.106,10.42.0.210,10.42.0.1|10.42.0.210|10.42.0.47,34,3,UPLOAD,0.95,UPLOAD,0.95,1,1448,100.0,16,0.0,23168.0,0,16,0.0,1.0,0.036608239907468004,1,0,1,1,1,1,1,1,0.9699999999999999,1.0,1.0,1.0,0.8,skip,attack_already_active,1785296145.1065612,1785296145106561179,1384813323259995,15.0,53.34765625,-1.0,0,0
2026-07-28T23:35:45.108,10.42.0.210,10.42.0.1|10.42.0.210|10.42.0.47,34,3,UPLOAD,0.95,UPLOAD,0.95,1,1448,100.0,17,0.0,24616.0,0,17,0.0,1.0,0.03197428430415488,1,0,1,1,1,1,1,1,0.9699999999999999,1.0,1.0,1.0,0.8,skip,attack_already_active,1785296145.1080036,1785296145108003571,1384813324702011,15.0,53.34765625,-1.0,0,0
2026-07-28T23:35:45.108,10.42.0.210,10.42.0.1|10.42.0.210|10.42.0.47,34,3,UPLOAD,0.95,UPLOAD,0.95,1,1448,100.0,18,0.0,26064.0,0,18,0.0,1.0,0.027892152213279273,1,0,1,1,1,1,1,1,0.9699999999999999,1.0,1.0,1.0,0.8,skip,attack_already_active,1785296145.1089997,1785296145108999592,1384813325698110,15.0,53.34765625,-1.0,0,0
2026-07-28T23:35:45.110,10.42.0.210,10.42.0.1|10.42.0.210|10.42.0.47,34,3,UPLOAD,0.95,UPLOAD,0.95,1,1448,100.0,19,0.0,27512.0,0,19,0.0,1.0,0.02440596899873356,1,0,1,1,1,1,1,1,0.9699999999999999,1.0,1.0,1.0,0.8,skip,attack_already_active,1785296145.1104362,1785296145110436106,1384813327134657,15.0,53.34765625,-1.0,0,0
2026-07-28T23:35:45.111,10.42.0.210,10.42.0.1|10.42.0.210|10.42.0.47,34,3,UPLOAD,0.95,UPLOAD,0.95,1,1448,100.0,20,0.0,28960.0,0,20,0.0,1.0,0.021320299364843275,1,0,1,1,1,1,1,1,0.9699999999999999,1.0,1.0,1.0,0.8,skip,attack_already_active,1785296145.1114259,1785296145111425783,1384813328124474,15.0,53.34765625,-1.0,0,0
2026-07-28T23:35:45.112,10.42.0.210,10.42.0.1|10.42.0.210|10.42.0.47,34,3,UPLOAD,0.95,UPLOAD,0.95,1,1448,100.0,21,0.0,30408.0,0,21,0.0,1.0,0.0187129054833657,1,0,1,1,1,1,1,1,0.9699999999999999,1.0,1.0,1.0,0.8,skip,attack_already_active,1785296145.1129594,1785296145112959365,1384813329658686,15.0,53.34765625,-1.0,0,0
2026-07-28T23:35:45.114,10.42.0.210,10.42.0.1|10.42.0.210|10.42.0.47,34,3,UPLOAD,0.95,UPLOAD,0.95,1,1448,100.0,22,0.0,31856.0,0,22,0.0,1.0,0.01640844532433622,1,0,1,1,1,1,1,1,0.9699999999999999,1.0,1.0,1.0,0.8,skip,attack_already_active,1785296145.1141844,1785296145114184452,1384813330883432,15.0,53.34765625,-1.0,0,0
2026-07-28T23:35:45.115,10.42.0.210,10.42.0.1|10.42.0.210|10.42.0.47,34,3,UPLOAD,0.95,UPLOAD,0.95,1,1448,100.0,23,0.0,33304.0,0,23,0.0,1.0,0.014442684670600356,1,0,1,1,1,1,1,1,0.9699999999999999,1.0,1.0,1.0,0.8,skip,attack_already_active,1785296145.1156752,1785296145115675059,1384813332373822,15.0,53.34765625,-1.0,0,0
2026-07-28T23:35:45.116,10.42.0.210,10.42.0.1|10.42.0.210|10.42.0.47,34,3,UPLOAD,0.95,UPLOAD,0.95,1,1448,100.0,24,0.0,34752.0,0,24,0.0,1.0,0.012684216490562063,1,0,1,1,1,1,1,1,0.9699999999999999,1.0,1.0,1.0,0.8,skip,attack_already_active,1785296145.1167734,1785296145116773299,1384813333472128,15.0,53.34765625,-1.0,0,0
2026-07-28T23:35:45.118,10.42.0.210,10.42.0.1|10.42.0.210|10.42.0.47,34,3,UPLOAD,0.95,UPLOAD,0.95,1,1448,100.0,25,0.0,36200.0,0,25,0.0,1.0,0.011221309843460099,1,0,1,1,1,1,1,1,0.9699999999999999,1.0,1.0,1.0,0.8,skip,attack_already_active,1785296145.118356,1785296145118355861,1384813335056026,15.0,53.34765625,-1.0,0,0
2026-07-28T23:35:45.119,10.42.0.210,10.42.0.1|10.42.0.210|10.42.0.47,34,3,UPLOAD,0.95,UPLOAD,0.95,1,1448,100.0,26,0.0,37648.0,0,26,0.0,1.0,0.009918911189052141,1,0,1,1,1,1,1,1,0.9699999999999999,1.0,1.0,1.0,0.8,skip,attack_already_active,1785296145.1196938,1785296145119693902,1384813336392964,15.0,53.34765625,-1.0,0,0
2026-07-28T23:35:45.121,10.42.0.210,10.42.0.1|10.42.0.210|10.42.0.47,34,3,UPLOAD,0.95,UPLOAD,0.95,1,1448,100.0,27,0.0,39096.0,0,27,0.0,1.0,0.008806577487183633,1,0,1,1,1,1,1,1,0.9699999999999999,1.0,1.0,1.0,0.8,skip,attack_already_active,1785296145.1211715,1785296145121171387,1384813337869964,15.0,53.34765625,-1.0,0,0
2026-07-28T23:35:45.122,10.42.0.210,10.42.0.1|10.42.0.210|10.42.0.47,34,3,UPLOAD,0.95,UPLOAD,0.95,1,1448,100.0,28,0.0,40544.0,0,28,0.0,1.0,0.0077769492278798365,1,0,1,1,1,1,1,1,0.9699999999999999,1.0,1.0,1.0,0.8,skip,attack_already_active,1785296145.1221645,1785296145122164531,1384813338862928,15.0,53.34765625,-1.0,0,0
2026-07-28T23:35:45.123,10.42.0.210,10.42.0.1|10.42.0.210|10.42.0.47,34,3,UPLOAD,0.95,UPLOAD,0.95,1,1448,100.0,29,0.0,41992.0,0,29,0.0,1.0,0.006940556511804359,1,0,1,1,1,1,1,1,0.9699999999999999,1.0,1.0,1.0,0.8,skip,attack_already_active,1785296145.1235943,1785296145123594244,1384813340293092,15.0,53.34765625,-1.0,0,0
2026-07-28T23:35:45.124,10.42.0.210,10.42.0.1|10.42.0.210|10.42.0.47,34,3,UPLOAD,0.95,UPLOAD,0.95,1,1448,100.0,30,0.0,43440.0,0,30,0.0,1.0,0.00615594248579256,1,0,1,1,1,1,1,1,0.9699999999999999,1.0,1.0,1.0,0.8,skip,attack_already_active,1785296145.1245806,1785296145124580506,1384813341278882,15.0,53.34765625,-1.0,0,0
2026-07-28T23:35:45.125,10.42.0.210,10.42.0.1|10.42.0.210|10.42.0.47,34,3,UPLOAD,0.95,UPLOAD,0.95,1,1448,100.0,31,0.0,44888.0,0,31,0.0,1.0,0.005525145614246116,1,0,1,1,1,1,1,1,0.9699999999999999,1.0,1.0,1.0,0.8,skip,attack_already_active,1785296145.1259496,1785296145125949703,1384813342648129,15.0,53.34765625,-1.0,0,0
2026-07-28T23:35:45.126,10.42.0.210,10.42.0.1|10.42.0.210|10.42.0.47,34,3,UPLOAD,0.95,UPLOAD,0.95,1,1448,100.0,32,0.0,46336.0,0,32,0.0,1.0,0.00492007192645874,1,0,1,1,1,1,1,1,0.9699999999999999,1.0,1.0,1.0,0.8,skip,attack_already_active,1785296145.126883,1785296145126883017,1384813343581287,15.0,53.34765625,-1.0,0,0
2026-07-28T23:35:45.127,10.42.0.210,10.42.0.1|10.42.0.210|10.42.0.47,34,3,UPLOAD,0.95,UPLOAD,0.95,1,1448,100.0,33,0.0,47784.0,0,33,0.0,1.0,0.004395328434607481,1,0,1,1,1,1,1,1,0.9699999999999999,1.0,1.0,1.0,0.8,skip,attack_already_active,1785296145.127821,1785296145127821010,1384813344519174,15.0,53.34765625,-1.0,0,0
2026-07-28T23:35:45.128,10.42.0.210,10.42.0.1|10.42.0.210|10.42.0.47,34,3,UPLOAD,0.95,UPLOAD,0.95,1,1448,100.0,34,0.0,49232.0,0,34,0.0,1.0,0.00394149211661483,1,0,1,1,1,1,1,1,0.9699999999999999,1.0,1.0,1.0,0.8,skip,attack_already_active,1785296145.1287723,1785296145128772349,1384813345470745,15.0,53.34765625,-1.0,0,0
2026-07-28T23:35:45.129,10.42.0.210,10.42.0.1|10.42.0.210|10.42.0.47,34,3,UPLOAD,0.95,UPLOAD,0.95,1,1448,100.0,35,0.0,50680.0,0,35,0.0,1.0,0.0035465801488570865,1,0,1,1,1,1,1,1,0.9699999999999999,1.0,1.0,1.0,0.8,skip,attack_already_active,1785296145.1297169,1785296145129717020,1384813346415260,15.0,53.34765625,-1.0,0,0
2026-07-28T23:35:45.130,10.42.0.210,10.42.0.1|10.42.0.210|10.42.0.47,34,3,UPLOAD,0.95,UPLOAD,0.95,1,1448,100.0,36,0.0,52128.0,0,36,0.0,1.0,0.0032015711071189832,1,0,1,1,1,1,1,1,0.9699999999999999,1.0,1.0,1.0,0.8,skip,attack_already_active,1785296145.1306453,1785296145130645288,1384813347343552,15.0,53.34765625,-1.0,0,0
2026-07-28T23:35:45.134,10.42.0.1,10.42.0.1|10.42.0.210|10.42.0.47,34,3,UPLOAD,0.9821813827900541,UPLOAD,0.9821813827900541,1,7240,100.0,13,0.0,86768.0,0,13,0.0,1.0,0.12290900709471952,1,0,1,1,1,1,1,1,0.9699999999999999,1.0,1.0,1.0,0.8,skip,attack_already_active,1785296145.1349928,1785296145134992824,1384813351691411,15.0,53.34765625,-1.0,0,0
2026-07-28T23:35:45.136,10.42.0.1,10.42.0.1|10.42.0.210|10.42.0.47,34,3,UPLOAD,0.9817346877396029,UPLOAD,0.9817346877396029,1,7240,100.0,14,0.0,94008.0,0,14,0.0,1.0,0.10684729904934065,1,0,1,1,1,1,1,1,0.9699999999999999,1.0,1.0,1.0,0.8,skip,attack_already_active,1785296145.136014,1785296145136014041,1384813352712482,15.0,53.34765625,-1.0,0,0
2026-07-28T23:35:45.147,10.42.0.1,10.42.0.1|10.42.0.210|10.42.0.47,34,3,UPLOAD,0.9818180428349177,UPLOAD,0.9818180428349177,1,1448,100.0,15,0.0,95456.0,0,15,0.0,1.0,0.09422076858760596,1,0,1,1,1,1,1,1,0.9699999999999999,1.0,1.0,1.0,0.8,skip,attack_already_active,1785296145.147042,1785296145147042011,1384813363740496,15.0,53.34765625,-1.0,0,0
2026-07-28T23:35:45.225,10.42.0.1,10.42.0.1|10.42.0.210|10.42.0.47,34,3,UPLOAD,0.981413107551292,UPLOAD,0.981413107551292,1,14480,100.0,16,0.0,109936.0,0,16,0.0,1.0,0.09210566371878912,1,0,1,1,1,1,1,1,0.9699999999999999,1.0,1.0,1.0,0.8,skip,attack_already_active,1785296145.2252119,1785296145225211837,1384813441910649,15.0,53.34765625,-1.0,0,0
2026-07-28T23:35:45.226,10.42.0.1,10.42.0.1|10.42.0.210|10.42.0.47,34,3,UPLOAD,0.9811337995188602,UPLOAD,0.9811337995188602,1,14480,100.0,17,0.0,124416.0,0,17,0.0,1.0,0.08010458934025373,1,0,1,1,1,1,1,1,0.9699999999999999,1.0,1.0,1.0,0.8,skip,attack_already_active,1785296145.2262447,1785296145226244653,1384813442943166,15.0,53.34765625,-1.0,0,0
2026-07-28T23:35:45.227,10.42.0.1,10.42.0.1|10.42.0.210|10.42.0.47,34,3,UPLOAD,0.9809248376317645,UPLOAD,0.9809248376317645,1,15928,100.0,18,0.0,140344.0,0,18,0.0,1.0,0.06973565797814893,1,0,1,1,1,1,1,1,0.9699999999999999,1.0,1.0,1.0,0.8,skip,attack_already_active,1785296145.2276623,1785296145227662463,1384813444360885,15.0,53.34765625,-1.0,0,0
2026-07-28T23:35:45.229,10.42.0.1,10.42.0.1|10.42.0.210|10.42.0.47,34,3,UPLOAD,0.981122927275944,UPLOAD,0.981122927275944,1,14480,100.0,19,0.0,154824.0,0,19,0.0,1.0,0.06072784031875144,1,0,1,1,1,1,1,1,0.9699999999999999,1.0,1.0,1.0,0.8,skip,attack_already_active,1785296145.2290401,1785296145229040104,1384813445738472,15.0,53.34765625,-1.0,0,0
2026-07-28T23:35:45.230,10.42.0.1,10.42.0.1|10.42.0.210|10.42.0.47,34,3,UPLOAD,0.9812392816184333,UPLOAD,0.9812392816184333,1,4233,100.0,20,0.0,159057.0,0,20,0.0,1.0,0.05295235847231994,1,0,1,1,1,1,1,1,0.9699999999999999,1.0,1.0,1.0,0.8,skip,attack_already_active,1785296145.230762,1785296145230762046,1384813447460475,15.0,53.34765625,-1.0,0,0
2026-07-28T23:35:45.491,10.42.0.1,10.42.0.1|10.42.0.210|10.42.0.47,34,3,UPLOAD,0.9766337532032937,UPLOAD,0.9766337532032937,0,43,100.0,8,0.0,79529.0,0,8,0.0,1.0,0.23740696016120444,1,0,1,1,1,1,1,1,0.8374999999999999,0.8500000000000001,1.0,0.6000000000000001,0.8,skip,attack_already_active,1785296145.4913871,1785296145491387176,1384813708086626,47.6,53.34765625,-1.0,0,0
2026-07-28T23:35:45.527,10.42.0.1,10.42.0.210,35,1,DOWNLOAD,0.967864559221297,DOWNLOAD,0.967864559221297,-1,7240,10.984668506908193,9,7240.0,79529.0,1,8,0.08343993822678607,0.9165600617732139,0.21085749283058958,0,0,0,0,1,0,0,0,0.44,0.8500000000000001,0.0,0.6000000000000001,0.15,skip,training_upload_trigger_not_confirmed,1785296145.5273175,1785296145527317417,1384813744016318,47.6,53.34765625,-1.0,0,0
2026-07-28T23:35:45.528,10.42.0.1,10.42.0.210,35,1,DOWNLOAD,0.95,DOWNLOAD,0.95,-1,7240,5.492334253833402,10,14480.0,79529.0,2,8,0.15402780584837622,0.8459721941516238,0.18321430558457868,0,0,0,0,1,0,0,0,0.44,0.8500000000000001,0.0,0.6000000000000001,0.15,skip,training_upload_trigger_not_confirmed,1785296145.5283985,1785296145528398662,1384813745097202,47.6,53.34765625,-1.0,0,0
2026-07-28T23:35:45.530,10.42.0.1,10.42.0.210,35,1,DOWNLOAD,0.95,DOWNLOAD,0.95,-1,10136,3.230784855287992,11,24616.0,79529.0,3,8,0.2363627634547986,0.7636372365452014,0.15931893896445576,0,0,0,0,1,0,0,0,0.4,0.8500000000000001,0.0,0.4,0.15,skip,training_upload_trigger_not_confirmed,1785296145.5302775,1785296145530277425,1384813746975667,47.6,53.34765625,-1.0,0,0
2026-07-28T23:35:45.531,10.42.0.1,10.42.0.210,35,1,DOWNLOAD,0.95,DOWNLOAD,0.95,-1,7240,2.496515570018316,12,31856.0,79529.0,4,8,0.28599901243434933,0.7140009875656507,0.13851333813923838,0,0,0,0,1,0,0,0,0.4,0.8500000000000001,0.0,0.4,0.15,skip,training_upload_trigger_not_confirmed,1785296145.5317085,1785296145531708415,1384813748406798,47.6,53.34765625,-1.0,0,0
2026-07-28T23:35:45.532,10.42.0.1,10.42.0.210,35,1,DOWNLOAD,0.95,DOWNLOAD,0.95,-1,7240,2.034197871878601,13,39096.0,79529.0,5,8,0.3295763962065332,0.6704236037934668,0.12038764895920641,0,0,0,0,1,0,0,0,0.4,0.8500000000000001,0.0,0.4,0.15,skip,training_upload_trigger_not_confirmed,1785296145.532671,1785296145532671018,1384813749369312,47.6,53.34765625,-1.0,0,0
2026-07-28T23:35:45.535,10.42.0.1,10.42.0.210,35,1,DOWNLOAD,0.95,DOWNLOAD,0.95,-1,4344,1.8307780846954238,14,43440.0,79529.0,6,8,0.35325976465613285,0.6467402353438672,0.10495181932588692,0,0,0,0,1,0,0,0,0.32,0.8500000000000001,0.0,0.0,0.15,skip,training_upload_trigger_not_confirmed,1785296145.5359204,1785296145535920416,1384813752618756,47.6,53.34765625,-1.0,0,0
2026-07-28T23:35:45.536,10.42.0.1,10.42.0.210,35,1,DOWNLOAD,0.95,DOWNLOAD,0.95,-1,7240,1.569238358315524,15,50680.0,79529.0,7,8,0.3892204071915152,0.6107795928084848,0.09124648223547593,0,0,0,0,1,0,0,0,0.32,0.8500000000000001,0.0,0.0,0.15,skip,training_upload_trigger_not_confirmed,1785296145.5368662,1785296145536866311,1384813753564538,47.6,53.34765625,-1.0,0,0
2026-07-28T23:35:45.538,10.42.0.1,10.42.0.210,35,1,DOWNLOAD,0.95,DOWNLOAD,0.95,-1,7240,1.37308356352947,16,57920.0,79529.0,8,8,0.42139266200554387,0.5786073379944561,0.07946280640951568,0,0,0,0,1,0,0,0,0.32,0.8500000000000001,0.0,0.0,0.15,skip,training_upload_trigger_not_confirmed,1785296145.5386896,1785296145538689651,1384813755388413,47.6,53.34765625,-1.0,0,0
2026-07-28T23:35:45.539,10.42.0.1,10.42.0.210,35,1,DOWNLOAD,0.95,DOWNLOAD,0.95,-1,14480,1.0984668508273692,17,72400.0,79529.0,9,8,0.47653838306050855,0.5234616169394914,0.06912575853552552,0,0,0,0,1,0,0,0,0.30250000000000005,0.8000000000000002,0.0,0.0,0.15,skip,training_upload_trigger_not_confirmed,1785296145.5397074,1785296145539707345,1384813756405704,47.6,53.34765625,-1.0,0,0
2026-07-28T23:35:45.541,10.42.0.1,10.42.0.210,35,1,DOWNLOAD,0.95,DOWNLOAD,0.95,-1,7240,0.9986062280261351,18,79640.0,79529.0,10,8,0.5003486859878494,0.4996513140121506,0.060260830839597865,0,0,0,0,1,0,0,0,0.30250000000000005,0.8000000000000002,0.0,0.0,0.15,skip,training_upload_trigger_not_confirmed,1785296145.5415597,1785296145541559839,1384813758258620,47.6,53.34765625,-1.0,0,0
2026-07-28T23:35:45.542,10.42.0.1,10.42.0.210,35,1,DOWNLOAD,0.95,DOWNLOAD,0.95,-1,7240,0.9153890423582483,19,86880.0,79529.0,11,8,0.5220871467288428,0.47791285327115723,0.052447264085014655,0,0,0,0,1,0,0,0,0.30250000000000005,0.8000000000000002,0.0,0.0,0.15,skip,training_upload_trigger_not_confirmed,1785296145.5425255,1785296145542525462,1384813759223723,47.6,53.34765625,-1.0,0,0
2026-07-28T23:35:45.543,10.42.0.1,10.42.0.210,35,1,DOWNLOAD,0.95,DOWNLOAD,0.95,-1,4344,0.8717990879607143,20,91224.0,79529.0,12,8,0.5342453719700386,0.4657546280299614,0.04571796093937306,0,0,0,0,1,0,0,0,0.30250000000000005,0.8000000000000002,0.0,0.0,0.15,skip,training_upload_trigger_not_confirmed,1785296145.543906,1785296145543906099,1384813760604497,47.6,53.34765625,-1.0,0,0
2026-07-28T23:35:45.544,10.42.0.1,10.42.0.210,35,1,DOWNLOAD,0.95,DOWNLOAD,0.95,-1,18824,0.7226755597582629,21,110048.0,79529.0,13,8,0.5804923593051899,0.41950764069481,0.039824134811071124,0,0,0,0,1,0,0,0,0.28500000000000003,0.7500000000000001,0.0,0.0,0.15,skip,training_upload_trigger_not_confirmed,1785296145.5448973,1785296145544897173,1384813761595353,47.6,53.34765625,-1.0,0,0
2026-07-28T23:35:45.546,10.42.0.1,10.42.0.210,35,1,DOWNLOAD,0.95,DOWNLOAD,0.95,-1,14480,0.6386435179265816,22,124528.0,79529.0,14,8,0.6102608584856192,0.38973914151438077,0.034786576388352766,0,0,0,0,1,0,0,0,0.28500000000000003,0.7500000000000001,0.0,0.0,0.15,skip,training_upload_trigger_not_confirmed,1785296145.5464928,1785296145546493014,1384813763191787,47.6,53.34765625,-1.0,0,0
2026-07-28T23:35:45.547,10.42.0.1,10.42.0.210,35,1,DOWNLOAD,0.95,DOWNLOAD,0.95,-1,4344,0.6171162083337178,23,128872.0,79529.0,15,8,0.6183847486336438,0.3816152513663562,0.030344223770937838,0,0,0,0,1,0,0,0,0.28500000000000003,0.7500000000000001,0.0,0.0,0.15,skip,training_upload_trigger_not_confirmed,1785296145.5475676,1785296145547567525,1384813764265900,47.6,53.34765625,-1.0,0,0
2026-07-28T23:35:45.548,10.42.0.1,10.42.0.210,35,1,DOWNLOAD,0.95,DOWNLOAD,0.95,-1,6784,0.5862549389663099,24,135656.0,79529.0,16,8,0.630415688825894,0.369584311174106,0.02647616943884147,0,0,0,0,1,0,0,0,0.28500000000000003,0.7500000000000001,0.0,0.0,0.15,skip,training_upload_trigger_not_confirmed,1785296145.5485582,1785296145548558339,1384813765256611,47.6,53.34765625,-1.0,0,0
2026-07-28T23:35:45.550,10.42.0.1,10.42.0.210,35,1,DOWNLOAD,0.95,DOWNLOAD,0.95,-1,14480,0.5297130601619217,25,150136.0,79529.0,17,8,0.6537173709533451,0.3462826290466549,0.023234133428519543,0,0,0,0,1,0,0,0,0.28500000000000003,0.7500000000000001,0.0,0.0,0.15,skip,training_upload_trigger_not_confirmed,1785296145.5504315,1785296145550431393,1384813767129870,47.6,53.34765625,-1.0,0,0
2026-07-28T23:35:45.551,10.42.0.1,10.42.0.210,35,1,DOWNLOAD,0.95,DOWNLOAD,0.95,-1,14480,0.4831182874114112,26,164616.0,79529.0,18,8,0.674255053349444,0.32574494665055603,0.02037203168142464,0,0,0,0,1,0,0,0,0.28500000000000003,0.7500000000000001,0.0,0.0,0.15,skip,training_upload_trigger_not_confirmed,1785296145.551946,1785296145551946069,1384813768644671,47.6,53.34765625,-1.0,0,0
2026-07-28T23:35:45.553,10.42.0.145,10.42.0.210,16,1,DOWNLOAD,0.95,DOWNLOAD,0.95,-1,7300,1.3698630135109776e-10,1,7300.0,0.0,1,0,1.0,0.0,0.9309168087544529,0,0,0,0,0,0,0,0,0.0225,0.0,0.0,0.0,0.15,skip,already_attacked_this_round,1785296145.5530114,1785296145553011424,1384813769709584,47.6,53.34765625,-1.0,0,0
2026-07-28T23:35:45.553,10.42.0.1,10.42.0.210,35,1,DOWNLOAD,0.95,DOWNLOAD,0.95,-1,10136,0.45509636513770885,27,174752.0,79529.0,19,8,0.6872397072529997,0.31276029274700035,0.01791724265401496,0,0,0,0,1,0,0,0,0.28500000000000003,0.7500000000000001,0.0,0.0,0.15,skip,training_upload_trigger_not_confirmed,1785296145.5536892,1785296145553689437,1384813770387534,47.6,53.34765625,-1.0,0,0
2026-07-28T23:35:45.554,10.42.0.1,10.42.0.210,35,1,DOWNLOAD,0.95,DOWNLOAD,0.95,-1,4344,0.4440579354120468,28,179096.0,79529.0,20,8,0.6924929917834702,0.3075070082165297,0.015638112895701786,0,0,0,0,1,0,0,0,0.28500000000000003,0.7500000000000001,0.0,0.0,0.15,skip,training_upload_trigger_not_confirmed,1785296145.5543108,1785296145554310907,1384813771009336,47.6,53.34765625,-1.0,0,0
2026-07-28T23:35:45.554,10.42.0.1,10.42.0.210,35,1,DOWNLOAD,0.95,DOWNLOAD,0.95,-1,18824,0.40182396928353964,29,197920.0,79529.0,21,8,0.7133563285504724,0.2866436714495277,0.013666446018913807,0,0,0,0,1,0,0,0,0.28500000000000003,0.7500000000000001,0.0,0.0,0.15,skip,training_upload_trigger_not_confirmed,1785296145.5549865,1785296145554986602,1384813771684641,47.6,53.34765625,-1.0,0,0
2026-07-28T23:35:45.555,10.42.0.1,10.42.0.210,35,1,DOWNLOAD,0.95,DOWNLOAD,0.95,-1,16920,0.370177806742831,30,214840.0,79529.0,22,8,0.7298322853289578,0.2701677146710421,0.011951232826908334,0,0,0,0,1,0,0,0,0.28500000000000003,0.7500000000000001,0.0,0.0,0.15,skip,training_upload_trigger_not_confirmed,1785296145.5556366,1785296145555636758,1384813772334896,47.6,53.34765625,-1.0,0,0
2026-07-28T23:35:45.556,10.42.0.1,10.42.0.210,35,1,DOWNLOAD,0.95,DOWNLOAD,0.95,-1,21720,0.3361895502226234,31,236560.0,79529.0,23,8,0.7483968122902094,0.2516031877097906,0.010460972747762084,0,0,0,0,1,0,0,0,0.28500000000000003,0.7500000000000001,0.0,0.0,0.15,skip,training_upload_trigger_not_confirmed,1785296145.5562787,1785296145556278696,1384813772976712,47.6,53.34765625,-1.0,0,0
2026-07-28T23:35:45.557,10.42.0.1,10.42.0.210,35,1,DOWNLOAD,0.95,DOWNLOAD,0.95,-1,14024,0.31737461290697977,32,250584.0,79529.0,24,8,0.7590855252595323,0.24091447474046765,0.009204289197127138,0,0,0,0,1,0,0,0,0.28500000000000003,0.7500000000000001,0.0,0.0,0.15,skip,training_upload_trigger_not_confirmed,1785296145.557203,1785296145557202882,1384813773900973,47.6,53.34765625,-1.0,0,0
2026-07-28T23:35:45.558,10.42.0.210,10.42.0.210,35,1,DOWNLOAD,0.9832569735622035,DOWNLOAD,0.9832569735622035,-1,7240,7.199999999143646,37,7240.0,52128.0,1,36,0.12195121951219512,0.8780487804878049,0.011378681909385416,0,0,0,0,0,0,0,0,0.057499999999999996,0.1,0.0,0.0,0.15,skip,training_upload_trigger_not_confirmed,1785296145.5581524,1785296145558152463,1384813774850623,47.6,53.34765625,-1.0,0,0
2026-07-28T23:35:45.558,10.42.0.210,10.42.0.210,35,1,DOWNLOAD,0.95,DOWNLOAD,0.95,-1,7240,3.599999999820442,38,14480.0,52128.0,2,36,0.21739130434782608,0.782608695652174,0.009966162899407133,0,0,0,0,0,0,0,0,0.057499999999999996,0.1,0.0,0.0,0.15,skip,training_upload_trigger_not_confirmed,1785296145.558812,1785296145558811961,1384813775510125,47.6,53.34765625,-1.0,0,0
2026-07-28T23:35:45.559,10.42.0.1,10.42.0.210,35,1,DOWNLOAD,0.95,DOWNLOAD,0.95,-1,18824,0.2951991032215257,33,269408.0,79529.0,25,8,0.7720820663902079,0.227917933609792,0.00833073909648021,0,0,0,0,1,0,0,0,0.28500000000000003,0.7500000000000001,0.0,0.0,0.15,skip,training_upload_trigger_not_confirmed,1785296145.5597782,1785296145559778392,1384813776476655,47.6,53.34765625,-1.0,0,0
2026-07-28T23:35:45.560,10.42.0.145,10.42.0.210,16,1,DOWNLOAD,0.95,DOWNLOAD,0.95,-1,14600,4.566210045453598e-11,2,21900.0,0.0,2,0,1.0,0.0,0.8092926655351039,0,0,0,0,0,0,0,0,0.0225,0.0,0.0,0.0,0.15,skip,already_attacked_this_round,1785296145.5609562,1785296145560956145,1384813777654354,47.6,53.34765625,-1.0,0,0
2026-07-28T23:35:45.561,10.42.0.145,10.42.0.210,16,1,DOWNLOAD,0.95,DOWNLOAD,0.95,-1,14600,2.739726027322199e-11,3,36500.0,0.0,3,0,1.0,0.0,0.7027371831561547,0,0,0,0,0,0,0,0,0.0225,0.0,0.0,0.0,0.15,skip,already_attacked_this_round,1785296145.5616288,1785296145561628840,1384813778327095,47.6,53.34765625,-1.0,0,0
2026-07-28T23:35:45.562,10.42.0.1,10.42.0.210,35,1,DOWNLOAD,0.95,DOWNLOAD,0.95,-1,16920,0.27775488251488584,34,286328.0,79529.0,26,8,0.7826227187125024,0.2173772812874976,0.007563440866491289,0,0,0,0,1,0,0,0,0.28500000000000003,0.7500000000000001,0.0,0.0,0.15,skip,training_upload_trigger_not_confirmed,1785296145.5622861,1785296145562286128,1384813778984190,47.6,53.34765625,-1.0,0,0
2026-07-28T23:35:45.563,10.42.0.18,10.42.0.210,28,1,DOWNLOAD,0.95,DOWNLOAD,0.95,-1,7300,1.3698630135109776e-10,1,7300.0,0.0,1,0,1.0,0.0,0.5898872152137127,0,0,0,0,0,0,0,0,0.0225,0.0,0.0,0.0,0.15,skip,training_upload_trigger_not_confirmed,1785296145.563575,1785296145563575064,1384813780273601,47.6,53.34765625,-1.0,0,0
2026-07-28T23:35:45.564,10.42.0.18,10.42.0.210,28,1,DOWNLOAD,0.95,DOWNLOAD,0.95,-1,7300,6.84931506802402e-11,2,14600.0,0.0,2,0,1.0,0.0,0.5122555824730496,0,0,0,0,0,0,0,0,0.0225,0.0,0.0,0.0,0.15,skip,training_upload_trigger_not_confirmed,1785296145.5643373,1785296145564337035,1384813781035334,47.6,53.34765625,-1.0,0,0
2026-07-28T23:35:45.568,10.42.0.47,10.42.0.210,35,1,DOWNLOAD,0.95,DOWNLOAD,0.95,-1,2896,3.4530386728408016e-10,1,2896.0,0.0,1,0,1.0,0.0,0.03745227450630318,0,0,0,0,0,0,0,0,0.0225,0.0,0.0,0.0,0.15,skip,training_upload_trigger_not_confirmed,1785296145.5680566,1785296145568056472,1384813784755237,47.6,53.34765625,-1.0,0,0
2026-07-28T23:35:45.568,10.42.0.47,10.42.0.210,35,1,DOWNLOAD,0.9829981496648164,DOWNLOAD,0.9829981496648164,-1,2896,1.7265193367184875e-10,2,5792.0,0.0,2,0,1.0,0.0,0.032621295549812766,0,0,0,0,0,0,0,0,0.0225,0.0,0.0,0.0,0.15,skip,training_upload_trigger_not_confirmed,1785296145.568848,1785296145568847769,1384813785546081,47.6,53.34765625,-1.0,0,0
2026-07-28T23:35:45.569,10.42.0.47,10.42.0.210,35,1,DOWNLOAD,0.9842257140988042,DOWNLOAD,0.9842257140988042,-1,2896,1.1510128912119e-10,3,8688.0,0.0,3,0,1.0,0.0,0.028447871739271845,0,0,0,0,0,0,0,0,0.0225,0.0,0.0,0.0,0.15,skip,training_upload_trigger_not_confirmed,1785296145.5697982,1785296145569798177,1384813786496229,47.6,53.34765625,-1.0,0,0
2026-07-28T23:35:45.570,10.42.0.47,10.42.0.210,35,1,DOWNLOAD,0.9842586901286671,DOWNLOAD,0.9842586901286671,-1,2896,8.632596684337655e-11,4,11584.0,0.0,4,0,1.0,0.0,0.024798699134433243,0,0,0,0,0,0,0,0,0.0225,0.0,0.0,0.0,0.15,skip,training_upload_trigger_not_confirmed,1785296145.5705535,1785296145570553580,1384813787251822,47.6,53.34765625,-1.0,0,0
2026-07-28T23:35:45.571,10.42.0.47,10.42.0.210,35,1,DOWNLOAD,0.9842595481342594,DOWNLOAD,0.9842595481342594,-1,8688,4.932912391232591e-11,5,20272.0,0.0,5,0,1.0,0.0,0.021626121533612444,0,0,0,0,0,0,0,0,0.0225,0.0,0.0,0.0,0.15,skip,training_upload_trigger_not_confirmed,1785296145.5712764,1785296145571276571,1384813787974939,47.6,53.34765625,-1.0,0,0
2026-07-28T23:35:45.573,10.42.0.59,10.42.0.210,10,1,DOWNLOAD,0.95,DOWNLOAD,0.95,-1,14600,6.84931506802402e-11,1,14600.0,0.0,1,0,1.0,0.0,0.8345488460931723,0,0,0,0,0,0,0,0,0.0225,0.0,0.0,0.0,0.15,skip,already_attacked_this_round,1785296145.5730307,1785296145573030545,1384813789729052,47.6,53.34765625,-1.0,0,0
2026-07-28T23:35:45.573,10.42.0.59,10.42.0.210,10,1,DOWNLOAD,0.95,DOWNLOAD,0.95,-1,14600,3.424657534129292e-11,2,29200.0,0.0,2,0,1.0,0.0,0.7246815496105361,0,0,0,0,0,0,0,0,0.0225,0.0,0.0,0.0,0.15,skip,already_attacked_this_round,1785296145.573827,1785296145573827126,1384813790525641,47.6,53.34765625,-1.0,0,0
2026-07-28T23:35:45.574,10.42.0.210,10.42.0.210,35,1,DOWNLOAD,0.9557926560077417,DOWNLOAD,0.9557926560077417,-1,10136,2.117647058778126,39,24616.0,52128.0,3,36,0.32075471698113206,0.6792452830188679,0.010759042209671714,0,0,0,0,0,0,0,0,0.057499999999999996,0.1,0.0,0.0,0.15,skip,training_upload_trigger_not_confirmed,1785296145.574795,1785296145574795127,1384813791493170,47.6,53.34765625,-1.0,0,0
2026-07-28T23:35:45.575,10.42.0.210,10.42.0.210,35,1,DOWNLOAD,0.9846998846180315,DOWNLOAD,0.9846998846180315,-1,4344,1.7999999999723757,40,28960.0,52128.0,4,36,0.35714285714285715,0.6428571428571429,0.009462703704252505,0,0,0,0,0,0,0,0,0.057499999999999996,0.1,0.0,0.0,0.15,skip,training_upload_trigger_not_confirmed,1785296145.5757165,1785296145575716735,1384813792414921,47.6,53.34765625,-1.0,0,0
2026-07-28T23:35:45.576,10.42.0.210,10.42.0.210,35,1,DOWNLOAD,0.9854895428954357,DOWNLOAD,0.9854895428954357,-1,14480,1.1999999999953959,41,43440.0,52128.0,5,36,0.45454545454545453,0.5454545454545454,0.008344886799748295,0,0,0,0,0,0,0,0,0.039999999999999994,0.05,0.0,0.0,0.15,skip,training_upload_trigger_not_confirmed,1785296145.5766964,1785296145576696266,1384813793394379,47.6,53.34765625,-1.0,0,0
2026-07-28T23:35:45.577,10.42.0.145,10.42.0.210,16,1,DOWNLOAD,0.9581935723125762,DOWNLOAD,0.9581935723125762,-1,29200,1.5220700151975332e-11,4,65700.0,0.0,4,0,1.0,0.0,0.6122486664083948,0,0,0,0,0,0,0,0,0.0225,0.0,0.0,0.0,0.15,skip,already_attacked_this_round,1785296145.5776737,1785296145577673732,1384813794371848,47.6,53.34765625,-1.0,0,0
2026-07-28T23:35:45.578,10.42.0.145,10.42.0.210,16,1,DOWNLOAD,0.9712723365087068,DOWNLOAD,0.9712723365087068,-1,6184,1.3911301541178688e-11,5,71884.0,0.0,5,0,1.0,0.0,0.5316594320316328,0,0,0,0,0,0,0,0,0.0225,0.0,0.0,0.0,0.15,skip,already_attacked_this_round,1785296145.578353,1785296145578352937,1384813795051084,47.6,53.34765625,-1.0,0,0
2026-07-28T23:35:45.579,10.42.0.47,10.42.0.210,35,1,DOWNLOAD,0.9842595696464124,DOWNLOAD,0.9842595696464124,-1,8688,3.453038673913914e-11,6,28960.0,0.0,6,0,1.0,0.0,0.019803199825532754,0,0,0,0,0,0,0,0,0.0225,0.0,0.0,0.0,0.15,skip,training_upload_trigger_not_confirmed,1785296145.579069,1785296145579068805,1384813795767150,47.6,53.34765625,-1.0,0,0
2026-07-28T23:35:45.580,10.42.0.18,10.42.0.210,28,1,DOWNLOAD,0.95,DOWNLOAD,0.95,-1,10220,4.029008863657171e-11,3,24820.0,0.0,3,0,1.0,0.0,0.4468285941219904,0,0,0,0,0,0,0,0,0.0225,0.0,0.0,0.0,0.15,skip,training_upload_trigger_not_confirmed,1785296145.5800855,1785296145580085620,1384813796783695,47.6,53.34765625,-1.0,0,0
2026-07-28T23:35:45.584,10.42.0.210,10.42.0.210,35,1,DOWNLOAD,0.9855083405864443,DOWNLOAD,0.9855083405864443,-1,14480,0.9000000000017265,42,57920.0,52128.0,6,36,0.5263157894736842,0.47368421052631576,0.008215572694149941,0,0,0,0,0,0,0,0,0.039999999999999994,0.05,0.0,0.0,0.15,skip,training_upload_trigger_not_confirmed,1785296145.58406,1785296145584059826,1384813800758533,47.6,53.34765625,-1.0,0,0
2026-07-28T23:35:45.585,10.42.0.210,10.42.0.210,35,1,DOWNLOAD,0.9855087208476458,DOWNLOAD,0.9855087208476458,-1,14480,0.7200000000038674,43,72400.0,52128.0,7,36,0.5813953488372093,0.4186046511627907,0.007306897144786654,0,0,0,0,0,0,0,0,0.0225,0.0,0.0,0.0,0.15,skip,training_upload_trigger_not_confirmed,1785296145.5853798,1785296145585379765,1384813802078177,47.6,53.34765625,-1.0,0,0
2026-07-28T23:35:45.586,10.42.0.210,10.42.0.210,35,1,DOWNLOAD,0.9855087261970161,DOWNLOAD,0.9855087261970161,-1,6784,0.6583148110772592,44,79184.0,52128.0,8,36,0.6030218106494456,0.3969781893505544,0.006510453055136136,0,0,0,0,0,0,0,0,0.0225,0.0,0.0,0.0,0.15,skip,training_upload_trigger_not_confirmed,1785296145.5866427,1785296145586642772,1384813803341033,47.6,53.34765625,-1.0,0,0
2026-07-28T23:35:45.587,10.42.0.18,10.42.0.210,28,1,DOWNLOAD,0.95,DOWNLOAD,0.95,-1,14600,2.536783358636814e-11,4,39420.0,0.0,4,0,1.0,0.0,0.38894477593151144,0,0,0,0,0,0,0,0,0.0225,0.0,0.0,0.0,0.15,skip,training_upload_trigger_not_confirmed,1785296145.5876498,1785296145587649729,1384813804348006,47.6,53.34765625,-1.0,0,0
2026-07-28T23:35:45.589,10.42.0.59,10.42.0.210,10,1,DOWNLOAD,0.950417056614965,DOWNLOAD,0.950417056614965,-1,24820,1.8511662346936104e-11,3,54020.0,0.0,3,0,1.0,0.0,0.6312162156726882,0,0,0,0,0,0,0,0,0.0225,0.0,0.0,0.0,0.15,skip,already_attacked_this_round,1785296145.589226,1785296145589226044,1384813805924361,47.6,53.34765625,-1.0,0,0
2026-07-28T23:35:45.589,10.42.0.59,10.42.0.210,10,1,DOWNLOAD,0.9559826455056855,DOWNLOAD,0.9559826455056855,-1,10564,1.5483711135645304e-11,4,64584.0,0.0,4,0,1.0,0.0,0.5481370306468679,0,0,0,0,0,0,0,0,0.0225,0.0,0.0,0.0,0.15,skip,already_attacked_this_round,1785296145.5899773,1785296145589977442,1384813806675703,47.6,53.34765625,-1.0,0,0
2026-07-28T23:35:45.592,10.42.0.47,10.42.0.210,35,1,DOWNLOAD,0.9842595701605352,DOWNLOAD,0.9842595701605352,-1,2896,3.1391260672043216e-11,7,31856.0,0.0,7,0,1.0,0.0,0.019008223173589096,0,0,0,0,0,0,0,0,0.0225,0.0,0.0,0.0,0.15,skip,training_upload_trigger_not_confirmed,1785296145.5928392,1785296145592839114,1384813809537527,47.6,53.34765625,-1.0,0,0
2026-07-28T23:35:45.593,10.42.0.47,10.42.0.210,35,1,DOWNLOAD,0.9842595701720059,DOWNLOAD,0.9842595701720059,-1,13032,2.22776688642337e-11,8,44888.0,0.0,8,0,1.0,0.0,0.01660355217618536,0,0,0,0,0,0,0,0,0.0225,0.0,0.0,0.0,0.15,skip,training_upload_trigger_not_confirmed,1785296145.593599,1785296145593598936,1384813810297145,47.6,53.34765625,-1.0,0,0
2026-07-28T23:35:45.594,10.42.0.47,10.42.0.210,35,1,DOWNLOAD,0.9842595701722343,DOWNLOAD,0.9842595701722343,-1,17376,1.6060644995245073e-11,9,62264.0,0.0,9,0,1.0,0.0,0.014511671149464068,0,0,0,0,0,0,0,0,0.0225,0.0,0.0,0.0,0.15,skip,training_upload_trigger_not_confirmed,1785296145.594328,1785296145594327926,1384813811026113,47.6,53.34765625,-1.0,0,0
2026-07-28T23:35:45.597,10.42.0.18,10.42.0.210,28,1,DOWNLOAD,0.95,DOWNLOAD,0.95,-1,17520,1.756234632916118e-11,5,56940.0,0.0,5,0,1.0,0.0,0.3389307959176942,0,0,0,0,0,0,0,0,0.0225,0.0,0.0,0.0,0.15,skip,training_upload_trigger_not_confirmed,1785296145.5970523,1785296145597052485,1384813813751183,47.6,53.34765625,-1.0,0,0
2026-07-28T23:35:45.599,10.42.0.18,10.42.0.210,28,1,DOWNLOAD,0.950126523228317,DOWNLOAD,0.950126523228317,-1,7300,1.556662515542393e-11,6,64240.0,0.0,6,0,1.0,0.0,0.2945467292169553,0,0,0,0,0,0,0,0,0.0225,0.0,0.0,0.0,0.15,skip,training_upload_trigger_not_confirmed,1785296145.5991647,1785296145599164681,1384813815863138,47.6,53.34765625,-1.0,0,0
2026-07-28T23:35:45.600,10.42.0.18,10.42.0.210,28,1,DOWNLOAD,0.959482623711786,DOWNLOAD,0.959482623711786,-1,14944,1.2628813901638856e-11,7,79184.0,0.0,7,0,1.0,0.0,0.25587377217636764,0,0,0,0,0,0,0,0,0.0225,0.0,0.0,0.0,0.15,skip,training_upload_trigger_not_confirmed,1785296145.600233,1785296145600232868,1384813816931098,47.6,53.34765625,-1.0,0,0
2026-07-28T23:35:45.605,10.42.0.47,10.42.0.210,35,1,DOWNLOAD,0.9842595701722379,DOWNLOAD,0.9842595701722379,-1,2453,1.545189053856866e-11,10,64717.0,0.0,10,0,1.0,0.0,0.014022929484281469,0,0,0,0,0,0,0,0,0.0225,0.0,0.0,0.0,0.15,skip,training_upload_trigger_not_confirmed,1785296145.6051307,1785296145605130762,1384813821829328,47.6,53.34765625,-1.0,0,0
2026-07-28T23:35:45.634,10.42.0.145,10.42.0.210,16,1,DOWNLOAD,0.9718989675323011,DOWNLOAD,0.9718989675323011,0,43,1.3911301541178688e-11,5,71884.0,0.0,5,0,1.0,0.0,0.688727697963772,0,0,0,0,0,0,0,0,0.0225,0.0,0.0,0.0,0.15,skip,already_attacked_this_round,1785296145.634248,1785296145634247970,1384813850946527,47.6,53.34765625,-1.0,0,0
2026-07-28T23:35:45.664,10.42.0.1,10.42.0.210,35,1,DOWNLOAD,0.9286456315200045,DOWNLOAD,0.9286456315200045,0,39,0.27775488251488584,34,286328.0,79529.0,26,8,0.7826227187125024,0.2173772812874976,0.010290812229286302,0,0,0,0,0,0,0,0,0.0225,0.0,0.0,0.0,0.15,skip,training_upload_trigger_not_confirmed,1785296145.6645727,1785296145664572710,1384813881271367,47.6,53.34765625,-1.0,0,0
2026-07-28T23:35:45.899,10.42.0.59,10.42.0.210,10,2,TRAINING,0.95,TRAINING,0.95,1,4380,0.06781865478961015,5,64584.0,4380.0,4,1,0.9364886027492605,0.06351139725073951,0.7613682216669159,0,0,0,0,1,0,0,0,0.4525,1.0,0.0,0.4,0.15,skip,already_attacked_this_round,1785296145.899459,1785296145899458765,1384814116157579,47.6,53.34765625,-1.0,0,0
2026-07-28T23:35:45.901,10.42.0.59,10.42.0.210,10,3,UPLOAD,0.95,UPLOAD,0.95,1,64240,1.0624922581434644,6,64584.0,68620.0,4,2,0.4848503047956518,0.5151496952043482,0.6613250078652964,0,0,0,1,1,1,1,1,0.85,1.0,1.0,0.4,0.8,skip,already_attacked_this_round,1785296145.9016268,1785296145901626905,1384814118325988,47.6,53.34765625,-1.0,0,0
2026-07-28T23:35:45.907,10.42.0.145,10.42.0.210,16,2,TRAINING,0.95,TRAINING,0.95,1,64240,0.8936620110192303,6,71884.0,64240.0,5,1,0.5280773412476859,0.47192265875231404,0.6339279335358777,0,0,0,0,1,0,0,0,0.4525,1.0,0.0,0.4,0.15,skip,already_attacked_this_round,1785296145.9071155,1785296145907115556,1384814123814906,47.6,53.34765625,-1.0,0,0
2026-07-28T23:35:45.909,10.42.0.1,10.42.0.210,35,2,TRAINING,0.95,TRAINING,0.95,1,2896,0.28786915705314225,35,286328.0,82425.0,26,9,0.7764763947683138,0.22352360523168624,0.010074603564678965,0,0,0,0,1,0,0,0,0.4525,1.0,0.0,0.4,0.15,skip,training_upload_trigger_not_confirmed,1785296145.9092374,1785296145909237492,1384814125937005,47.6,53.34765625,-1.0,0,0
2026-07-28T23:35:45.910,10.42.0.1,10.42.0.1,35,3,UPLOAD,0.95,UPLOAD,0.95,1,7240,0.31315484339878336,36,286328.0,89665.0,26,10,0.7615248156215674,0.23847518437843257,0.008876562308376796,1,0,0,1,1,1,1,1,0.85,1.0,1.0,0.4,0.8,trigger,training_upload_trigger_confirmed,1785296145.9102204,1785296145910220329,1384814126918930,47.6,53.34765625,21.588145,1785296145931809808,1384814148507075
2026-07-28T23:35:45.911,10.42.0.1,10.42.0.1,35,3,UPLOAD,0.95,UPLOAD,0.95,1,7240,0.3384405297444244,37,286328.0,96905.0,26,11,0.7471381639890093,0.2528618360109907,0.007811949501516715,1,0,1,1,1,1,1,1,0.85,1.0,1.0,0.4,0.8,skip,attack_already_active,1785296145.911018,1785296145911017947,1384814127716114,47.6,53.34765625,-1.0,0,0
2026-07-28T23:35:45.912,10.42.0.1,10.42.0.1,35,3,UPLOAD,0.95,UPLOAD,0.95,1,11584,0.37889762789745013,38,286328.0,108489.0,26,12,0.7252169992680153,0.2747830007319847,0.006976505537220323,1,0,1,1,1,1,1,1,0.9699999999999999,1.0,1.0,1.0,0.8,skip,attack_already_active,1785296145.91249,1785296145912489954,1384814129188410,47.6,53.34765625,-1.0,0,0
2026-07-28T23:35:45.913,10.42.0.1,10.42.0.1,35,3,UPLOAD,0.95,UPLOAD,0.95,1,2896,0.38901190243570655,39,286328.0,111385.0,26,13,0.7199362354260485,0.28006376457395155,0.006171759781491907,1,0,1,1,1,1,1,1,0.9699999999999999,1.0,1.0,1.0,0.8,skip,attack_already_active,1785296145.9133594,1785296145913359385,1384814130057691,47.6,53.34765625,-1.0,0,0
2026-07-28T23:35:45.914,10.42.0.1,10.42.0.1,35,3,UPLOAD,0.95,UPLOAD,0.95,1,11584,0.4294690005887322,40,286328.0,122969.0,26,14,0.6995604658719707,0.30043953412802926,0.005508120879710642,1,0,1,1,1,1,1,1,0.9699999999999999,1.0,1.0,1.0,0.8,skip,attack_already_active,1785296145.914495,1785296145914495000,1384814131193498,47.6,53.34765625,-1.0,0,0
2026-07-28T23:35:45.916,10.42.0.1,10.42.0.1,35,3,UPLOAD,0.95,UPLOAD,0.95,1,5792,0.44969754966524506,41,286328.0,128761.0,26,15,0.6897990551423911,0.31020094485760885,0.004991877196590632,1,0,1,1,1,1,1,1,0.9699999999999999,1.0,1.0,1.0,0.8,skip,attack_already_active,1785296145.9160855,1785296145916085406,1384814132783758,47.6,53.34765625,-1.0,0,0
2026-07-28T23:35:45.916,10.42.0.1,10.42.0.1,35,3,UPLOAD,0.95,UPLOAD,0.95,1,10136,0.48509751054914263,42,286328.0,138897.0,26,16,0.6733564583455818,0.3266435416544182,0.004427322316176143,1,0,1,1,1,1,1,1,0.9699999999999999,1.0,1.0,1.0,0.8,skip,attack_already_active,1785296145.916793,1785296145916793135,1384814133491355,47.6,53.34765625,-1.0,0,0
2026-07-28T23:35:45.917,10.42.0.1,10.42.0.1,35,3,UPLOAD,0.95,UPLOAD,0.95,1,4344,0.5002689223565272,43,286328.0,143241.0,26,17,0.6665471670441768,0.3334528329558232,0.003933422674918093,1,0,1,1,1,1,1,1,0.9699999999999999,1.0,1.0,1.0,0.8,skip,attack_already_active,1785296145.9174724,1785296145917472358,1384814134170557,47.6,53.34765625,-1.0,0,0
2026-07-28T23:35:45.918,10.42.0.1,10.42.0.1,35,3,UPLOAD,0.95,UPLOAD,0.95,1,14480,0.5508402950478094,44,286328.0,157721.0,26,18,0.6448117212289635,0.35518827877103654,0.003503726707036114,1,0,1,1,1,1,1,1,0.9699999999999999,1.0,1.0,1.0,0.8,skip,attack_already_active,1785296145.918145,1785296145918144982,1384814134843099,47.6,53.34765625,-1.0,0,0
2026-07-28T23:35:45.919,10.42.0.1,10.42.0.1,35,3,UPLOAD,0.95,UPLOAD,0.95,1,14480,0.6014116677390915,45,286328.0,172201.0,26,19,0.6244490533859364,0.3755509466140637,0.0031847231829130965,1,0,1,1,1,1,1,1,0.9699999999999999,1.0,1.0,1.0,0.8,skip,attack_already_active,1785296145.9192278,1785296145919227893,1384814135926362,47.6,53.34765625,-1.0,0,0
2026-07-28T23:35:45.920,10.42.0.1,10.42.0.1,35,3,UPLOAD,0.95,UPLOAD,0.95,1,8688,0.6317544913538607,46,286328.0,180889.0,26,20,0.6128372897390292,0.3871627102609708,0.0029056512074548723,1,0,1,1,1,1,1,1,0.9699999999999999,1.0,1.0,1.0,0.8,skip,attack_already_active,1785296145.9202948,1785296145920294572,1384814136993039,47.6,53.34765625,-1.0,0,0
2026-07-28T23:35:45.921,10.42.0.1,10.42.0.1,35,3,UPLOAD,0.95,UPLOAD,0.95,1,5792,0.6519830404303736,47,286328.0,186681.0,26,21,0.6053330909137036,0.3946669090862965,0.0026923207113607574,1,0,1,1,1,1,1,1,0.9699999999999999,1.0,1.0,1.0,0.8,skip,attack_already_active,1785296145.9215815,1785296145921581592,1384814138279924,79.8,53.34765625,-1.0,0,0
2026-07-28T23:35:45.922,10.42.0.1,10.42.0.1,35,3,UPLOAD,0.95,UPLOAD,0.95,1,2797,0.6617515576553402,48,286328.0,189478.0,26,22,0.6017746728708759,0.39822532712912406,0.002429343461080396,1,0,1,1,1,1,1,1,0.9699999999999999,1.0,1.0,1.0,0.8,skip,attack_already_active,1785296145.9222782,1785296145922278036,1384814138976527,79.8,53.34765625,-1.0,0,0
2026-07-28T23:35:45.923,10.42.0.1,10.42.0.1,35,3,UPLOAD,0.95,UPLOAD,0.95,1,18824,0.727494342154007,49,286328.0,208302.0,26,23,0.5788730970624507,0.4211269029375493,0.0023174530851063396,1,0,1,1,1,1,1,1,0.9699999999999999,1.0,1.0,1.0,0.8,skip,attack_already_active,1785296145.9238584,1785296145923858380,1384814140556792,79.8,53.34765625,-1.0,0,0
2026-07-28T23:35:45.924,10.42.0.1,10.42.0.1,35,3,UPLOAD,0.95,UPLOAD,0.95,1,1448,0.7325514794231351,50,286328.0,209750.0,26,24,0.5771834267998178,0.42281657320018223,0.0021038423996597045,1,0,1,1,1,1,1,1,0.9699999999999999,1.0,1.0,1.0,0.8,skip,attack_already_active,1785296145.9245548,1785296145924554705,1384814141252890,79.8,53.34765625,-1.0,0,0
2026-07-28T23:35:45.925,10.42.0.1,10.42.0.1,35,3,UPLOAD,0.95,UPLOAD,0.95,1,8688,0.7628943030379045,51,286328.0,218438.0,26,25,0.5672489826969328,0.43275101730306714,0.001974931615713506,1,0,1,1,1,1,1,1,0.9699999999999999,1.0,1.0,1.0,0.8,skip,attack_already_active,1785296145.9256804,1785296145925680486,1384814142379094,79.8,53.34765625,-1.0,0,0
2026-07-28T23:35:45.926,10.42.0.1,10.42.0.1,35,3,UPLOAD,0.95,UPLOAD,0.95,1,7129,0.7877923220928872,52,286328.0,225567.0,26,26,0.559349085261626,0.4406509147383741,0.0018861940832711338,1,0,1,1,1,1,1,1,0.9699999999999999,1.0,1.0,1.0,0.8,skip,attack_already_active,1785296145.926982,1785296145926981810,1384814143680108,79.8,53.34765625,-1.0,0,0
2026-07-28T23:35:45.965,10.42.0.18,10.42.0.1,28,1,DOWNLOAD,0.9586786956321546,DOWNLOAD,0.9586786956321546,0,43,1.2628813901638856e-11,7,79184.0,0.0,7,0,1.0,0.0,0.4687136570195112,0,0,0,0,0,0,0,0,0.0225,0.0,0.0,0.0,0.15,skip,training_upload_trigger_not_confirmed,1785296145.9650426,1785296145965042765,1384814181741618,79.8,53.34765625,-1.0,0,0
2026-07-28T23:35:46.029,10.42.0.18,10.42.0.1,28,2,TRAINING,0.95,TRAINING,0.95,1,4380,0.05531420490180701,8,79184.0,4380.0,7,1,0.9475850844861423,0.05241491551385764,0.41543464862541696,0,0,0,0,1,1,0,0,0.5725,1.0,0.0,1.0,0.15,skip,training_upload_trigger_not_confirmed,1785296146.0294366,1785296146029436705,1384814246135642,79.8,53.34765625,-1.0,0,0
2026-07-28T23:35:46.032,10.42.0.18,10.42.0.1,28,3,UPLOAD,0.95,UPLOAD,0.95,1,64240,0.8665892099430871,9,79184.0,68620.0,7,2,0.5357365159264973,0.46426348407350276,0.36115274263155506,0,0,0,1,1,1,1,1,0.9699999999999999,1.0,1.0,1.0,0.8,trigger,training_upload_trigger_confirmed,1785296146.0329409,1785296146032940741,1384814249639506,79.8,53.34765625,20.149423,1785296146053091672,1384814269788929
2026-07-28T23:35:46.034,10.42.0.1,10.42.0.1,35,3,UPLOAD,0.95,UPLOAD,0.95,1,7240,0.8130780084385283,53,286328.0,232807.0,26,27,0.5515482485288027,0.44845175147119726,0.00881455710650652,1,0,1,1,1,1,1,1,0.9699999999999999,1.0,1.0,1.0,0.8,skip,attack_already_active,1785296146.0346587,1785296146034658441,1384814251357237,79.8,53.34765625,-1.0,0,0
2026-07-28T23:35:46.035,10.42.0.1,10.42.0.1,35,3,UPLOAD,0.95,UPLOAD,0.95,1,7240,0.8383636947841694,54,286328.0,240047.0,26,28,0.5439620042745191,0.45603799572548087,0.007805838156750851,1,0,1,1,1,1,1,1,0.9699999999999999,1.0,1.0,1.0,0.8,skip,attack_already_active,1785296146.0358183,1785296146035818278,1384814252517289,79.8,53.34765625,-1.0,0,0
2026-07-28T23:35:46.037,10.42.0.1,10.42.0.1,35,3,UPLOAD,0.95,UPLOAD,0.95,1,10136,0.8737636556680668,55,286328.0,250183.0,26,29,0.5336852366493884,0.4663147633506116,0.0070023342359402645,1,0,1,1,1,1,1,1,0.9699999999999999,1.0,1.0,1.0,0.8,skip,attack_already_active,1785296146.0375266,1785296146037526457,1384814254225080,79.8,53.34765625,-1.0,0,0
2026-07-28T23:35:46.038,10.42.0.1,10.42.0.1,35,3,UPLOAD,0.95,UPLOAD,0.95,1,4344,0.8889350674754515,56,286328.0,254527.0,26,30,0.5293988222351647,0.4706011777648353,0.0062288383993746015,1,0,1,1,1,1,1,1,0.9699999999999999,1.0,1.0,1.0,0.8,skip,attack_already_active,1785296146.038659,1785296146038659055,1384814255357525,79.8,53.34765625,-1.0,0,0
2026-07-28T23:35:46.040,10.42.0.1,10.42.0.1,35,3,UPLOAD,0.95,UPLOAD,0.95,1,14480,0.9395064401667336,57,286328.0,269007.0,26,31,0.5155950912512267,0.4844049087487733,0.005622712179975824,1,0,1,1,1,1,1,1,0.9699999999999999,1.0,1.0,1.0,0.8,skip,attack_already_active,1785296146.0402882,1785296146040288241,1384814256986827,79.8,53.34765625,-1.0,0,0
2026-07-28T23:35:46.041,10.42.0.1,10.42.0.1,35,3,UPLOAD,0.95,UPLOAD,0.95,1,14480,0.9900778128580157,58,286328.0,283487.0,26,32,0.5024929143669437,0.49750708563305635,0.005101861727993498,1,0,1,1,1,1,1,1,0.9699999999999999,1.0,1.0,1.0,0.8,skip,attack_already_active,1785296146.0419583,1785296146041958320,1384814258656763,79.8,53.34765625,-1.0,0,0
2026-07-28T23:35:46.044,10.42.0.1,10.42.0.1,35,3,UPLOAD,0.95,UPLOAD,0.95,1,5792,1.0103063619345285,59,286328.0,289279.0,26,33,0.4974366190821168,0.5025633809178832,0.004711035826705239,1,0,1,1,1,1,1,1,0.9699999999999999,1.0,1.0,1.0,0.8,skip,attack_already_active,1785296146.0440943,1785296146044094332,1384814260792919,79.8,53.34765625,-1.0,0,0
2026-07-28T23:35:46.045,10.42.0.1,10.42.0.1,35,3,UPLOAD,0.95,UPLOAD,0.95,1,8688,1.0406491855492979,60,286328.0,297967.0,26,34,0.4900401338365038,0.5099598661634962,0.004223011860486601,1,0,1,1,1,1,1,1,0.9699999999999999,1.0,1.0,1.0,0.8,skip,attack_already_active,1785296146.045102,1785296146045101824,1384814261800417,79.8,53.34765625,-1.0,0,0
2026-07-28T23:35:46.047,10.42.0.1,10.42.0.1,35,3,UPLOAD,0.95,UPLOAD,0.95,1,7128,1.0655437121061666,61,286328.0,305095.0,26,35,0.48413402928191834,0.5158659707180816,0.003938507854186817,1,0,1,1,1,1,1,1,0.9699999999999999,1.0,1.0,1.0,0.8,skip,attack_already_active,1785296146.0471659,1785296146047165946,1384814263864706,79.8,53.34765625,-1.0,0,0
2026-07-28T23:35:46.057,10.42.0.1,10.42.0.1,35,3,UPLOAD,0.6811318252608033,UPLOAD,0.6811318252608033,0,43,1.0655437121061666,61,286328.0,305095.0,26,35,0.48413402928191834,0.5158659707180816,0.013406439293172041,1,0,1,1,1,1,1,1,0.8200000000000001,0.8000000000000002,1.0,0.6000000000000001,0.8,skip,attack_already_active,1785296146.0571034,1785296146057103307,1384814273802115,79.8,53.34765625,-1.0,0,0
2026-07-28T23:35:46.355,10.42.0.1,10.42.0.1,35,3,UPLOAD,0.5179245153674638,UPLOAD,0.5179245153674638,0,43,0.7877888295947731,53,286328.0,225566.0,26,27,0.5593501779665321,0.44064982203346786,0.03203814690958955,1,0,1,1,1,1,1,1,0.8025,0.7500000000000001,1.0,0.6000000000000001,0.8,skip,attack_already_active,1785296146.3558142,1785296146355814136,1384814572512993,79.8,53.34765625,-1.0,0,0
2026-07-28T23:35:46.445,10.42.0.210,10.42.0.1,35,2,TRAINING,0.9293977297375461,TRAINING,0.9293977297375461,0,43,1.2628813901638856e-11,8,79184.0,0.0,8,0,1.0,0.0,0.13095953325545856,0,0,0,0,0,0,0,0,0.0225,0.0,0.0,0.0,0.15,skip,training_upload_trigger_not_confirmed,1785296146.44531,1785296146445310309,1384814662008950,79.8,53.34765625,-1.0,0,0
2026-07-28T23:35:46.626,10.42.0.1,10.42.0.1,35,3,UPLOAD,0.9334093413669066,UPLOAD,0.9334093413669066,0,43,100.0,27,0.0,225566.0,0,27,0.0,1.0,0.046053525427245896,1,0,1,0,0,0,0,0,0.45499999999999996,0.1,1.0,0.0,0.8,skip,attack_already_active,1785296146.626803,1785296146626802998,1384814843501580,27.6,53.3515625,-1.0,0,0
2026-07-28T23:35:47.330,10.42.0.210,10.42.0.1|10.42.0.210,35,3,UPLOAD,0.95,UPLOAD,0.95,1,1448,100.0,1,0.0,1448.0,0,1,0.0,1.0,0.2303749983853134,1,0,0,1,1,1,1,1,0.9525,0.95,1.0,1.0,0.8,trigger,training_upload_trigger_confirmed,1785296147.3307061,1785296147330706141,1384815547404743,5.9,53.3515625,5.71997,1785296147336427452,1384815553124713
2026-07-28T23:35:47.332,10.42.0.210,10.42.0.1|10.42.0.210,35,3,UPLOAD,0.9841010226033655,UPLOAD,0.9841010226033655,1,1448,100.0,2,0.0,2896.0,0,2,0.0,1.0,0.20022220307880317,1,0,1,1,1,1,1,1,0.9699999999999999,1.0,1.0,1.0,0.8,skip,attack_already_active,1785296147.33226,1785296147332259715,1384815548959303,5.9,53.3515625,-1.0,0,0
2026-07-28T23:35:47.334,10.42.0.210,10.42.0.1|10.42.0.210,35,3,UPLOAD,0.9854688349332961,UPLOAD,0.9854688349332961,1,1448,100.0,3,0.0,4344.0,0,3,0.0,1.0,0.17406922987578471,1,0,1,1,1,1,1,1,0.9699999999999999,1.0,1.0,1.0,0.8,skip,attack_already_active,1785296147.3340144,1785296147334014507,1384815550713105,5.9,53.3515625,-1.0,0,0
2026-07-28T23:35:47.335,10.42.0.210,10.42.0.1|10.42.0.210,35,3,UPLOAD,0.9855076450773014,UPLOAD,0.9855076450773014,1,1448,100.0,4,0.0,5792.0,0,4,0.0,1.0,0.1513167127181405,1,0,1,1,1,1,1,1,0.9699999999999999,1.0,1.0,1.0,0.8,skip,attack_already_active,1785296147.335421,1785296147335421176,1384815552119555,5.9,53.3515625,-1.0,0,0
2026-07-28T23:35:47.336,10.42.0.210,10.42.0.1|10.42.0.210,35,3,UPLOAD,0.9855086980780915,UPLOAD,0.9855086980780915,1,1448,100.0,5,0.0,7240.0,0,5,0.0,1.0,0.13153050767869076,1,0,1,1,1,1,1,1,0.9699999999999999,1.0,1.0,1.0,0.8,skip,attack_already_active,1785296147.3365858,1785296147336585752,1384815553284392,5.9,53.3515625,-1.0,0,0
2026-07-28T23:35:47.337,10.42.0.210,10.42.0.1|10.42.0.210,35,3,UPLOAD,0.9855087254685951,UPLOAD,0.9855087254685951,1,1448,100.0,6,0.0,8688.0,0,6,0.0,1.0,0.11434825762710432,1,0,1,1,1,1,1,1,0.9699999999999999,1.0,1.0,1.0,0.8,skip,attack_already_active,1785296147.337725,1785296147337725014,1384815554425119,5.9,53.3515625,-1.0,0,0
2026-07-28T23:35:47.339,10.42.0.210,10.42.0.1|10.42.0.210,35,3,UPLOAD,0.9855087261493067,UPLOAD,0.9855087261493067,1,1448,100.0,7,0.0,10136.0,0,7,0.0,1.0,0.0995329874484696,1,0,1,1,1,1,1,1,0.9699999999999999,1.0,1.0,1.0,0.8,skip,attack_already_active,1785296147.3396442,1785296147339644274,1384815556343455,5.9,53.3515625,-1.0,0,0
2026-07-28T23:35:47.340,10.42.0.210,10.42.0.1|10.42.0.210,35,3,UPLOAD,0.9855087261653082,UPLOAD,0.9855087261653082,1,1448,100.0,8,0.0,11584.0,0,8,0.0,1.0,0.08657709013444756,1,0,1,1,1,1,1,1,0.9699999999999999,1.0,1.0,1.0,0.8,skip,attack_already_active,1785296147.3408585,1785296147340858307,1384815557556994,5.9,53.3515625,-1.0,0,0
2026-07-28T23:35:47.341,10.42.0.210,10.42.0.1|10.42.0.210,35,3,UPLOAD,0.985508726165656,UPLOAD,0.985508726165656,1,1448,100.0,9,0.0,13032.0,0,9,0.0,1.0,0.07529345023213342,1,0,1,1,1,1,1,1,0.9699999999999999,1.0,1.0,1.0,0.8,skip,attack_already_active,1785296147.3418071,1785296147341807219,1384815558505491,5.9,53.3515625,-1.0,0,0
2026-07-28T23:35:47.342,10.42.0.210,10.42.0.1|10.42.0.210,35,3,UPLOAD,0.9855087261656625,UPLOAD,0.9855087261656625,1,1448,100.0,10,0.0,14480.0,0,10,0.0,1.0,0.06548630679752408,1,0,1,1,1,1,1,1,0.9699999999999999,1.0,1.0,1.0,0.8,skip,attack_already_active,1785296147.3426769,1785296147342676948,1384815559375130,5.9,53.3515625,-1.0,0,0
2026-07-28T23:35:47.343,10.42.0.210,10.42.0.1|10.42.0.210,35,3,UPLOAD,0.95,UPLOAD,0.95,1,1448,100.0,11,0.0,15928.0,0,11,0.0,1.0,0.05697482473238465,1,0,1,1,1,1,1,1,0.9699999999999999,1.0,1.0,1.0,0.8,skip,attack_already_active,1785296147.343572,1785296147343572058,1384815560270441,5.9,53.3515625,-1.0,0,0
2026-07-28T23:35:47.344,10.42.0.210,10.42.0.1|10.42.0.210,35,3,UPLOAD,0.95,UPLOAD,0.95,1,1448,100.0,12,0.0,17376.0,0,12,0.0,1.0,0.0496025953196389,1,0,1,1,1,1,1,1,0.9699999999999999,1.0,1.0,1.0,0.8,skip,attack_already_active,1785296147.344601,1785296147344600791,1384815561299175,5.9,53.3515625,-1.0,0,0
2026-07-28T23:35:47.345,10.42.0.210,10.42.0.1|10.42.0.210,35,3,UPLOAD,0.95,UPLOAD,0.95,1,1448,100.0,13,0.0,18824.0,0,13,0.0,1.0,0.043204193832658645,1,0,1,1,1,1,1,1,0.9699999999999999,1.0,1.0,1.0,0.8,skip,attack_already_active,1785296147.3456478,1785296147345647881,1384815562346466,5.9,53.3515625,-1.0,0,0
2026-07-28T23:35:47.346,10.42.0.210,10.42.0.1|10.42.0.210,35,3,UPLOAD,0.95,UPLOAD,0.95,1,1448,100.0,14,0.0,20272.0,0,14,0.0,1.0,0.03768667069812871,1,0,1,1,1,1,1,1,0.9699999999999999,1.0,1.0,1.0,0.8,skip,attack_already_active,1785296147.346981,1785296147346981056,1384815563679966,5.9,53.3515625,-1.0,0,0
2026-07-28T23:35:47.348,10.42.0.210,10.42.0.1|10.42.0.210,35,3,UPLOAD,0.95,UPLOAD,0.95,1,1448,100.0,15,0.0,21720.0,0,15,0.0,1.0,0.03291915100525008,1,0,1,1,1,1,1,1,0.9699999999999999,1.0,1.0,1.0,0.8,skip,attack_already_active,1785296147.3484883,1785296147348488559,1384815565187362,5.9,53.3515625,-1.0,0,0
2026-07-28T23:35:47.349,10.42.0.210,10.42.0.1|10.42.0.210,35,3,UPLOAD,0.95,UPLOAD,0.95,1,1448,100.0,16,0.0,23168.0,0,16,0.0,1.0,0.02876950091840348,1,0,1,1,1,1,1,1,0.9699999999999999,1.0,1.0,1.0,0.8,skip,attack_already_active,1785296147.349917,1785296147349916854,1384815566615290,5.9,53.3515625,-1.0,0,0
2026-07-28T23:35:47.351,10.42.0.210,10.42.0.1|10.42.0.210,35,3,UPLOAD,0.95,UPLOAD,0.95,1,1448,100.0,17,0.0,24616.0,0,17,0.0,1.0,0.025168082554077882,1,0,1,1,1,1,1,1,0.9699999999999999,1.0,1.0,1.0,0.8,skip,attack_already_active,1785296147.3513563,1785296147351356263,1384815568054729,5.9,53.3515625,-1.0,0,0
2026-07-28T23:35:47.352,10.42.0.210,10.42.0.1|10.42.0.210,35,3,UPLOAD,0.95,UPLOAD,0.95,1,1448,100.0,18,0.0,26064.0,0,18,0.0,1.0,0.021979660917637128,1,0,1,1,1,1,1,1,0.9699999999999999,1.0,1.0,1.0,0.8,skip,attack_already_active,1785296147.3523283,1785296147352328144,1384815569026883,5.9,53.3515625,-1.0,0,0
2026-07-28T23:35:47.353,10.42.0.210,10.42.0.1|10.42.0.210,35,3,UPLOAD,0.95,UPLOAD,0.95,1,1448,100.0,19,0.0,27512.0,0,19,0.0,1.0,0.019276017608281352,1,0,1,1,1,1,1,1,0.9699999999999999,1.0,1.0,1.0,0.8,skip,attack_already_active,1785296147.3537908,1785296147353790735,1384815570489595,5.9,53.3515625,-1.0,0,0
2026-07-28T23:35:47.354,10.42.0.210,10.42.0.1|10.42.0.210,35,3,UPLOAD,0.95,UPLOAD,0.95,1,1448,100.0,20,0.0,28960.0,0,20,0.0,1.0,0.016863956865171628,1,0,1,1,1,1,1,1,0.9699999999999999,1.0,1.0,1.0,0.8,skip,attack_already_active,1785296147.3547623,1785296147354762157,1384815571460387,5.9,53.3515625,-1.0,0,0
2026-07-28T23:35:47.356,10.42.0.210,10.42.0.1|10.42.0.210,35,3,UPLOAD,0.95,UPLOAD,0.95,1,1448,100.0,21,0.0,30408.0,0,21,0.0,1.0,0.014828369165853186,1,0,1,1,1,1,1,1,0.9699999999999999,1.0,1.0,1.0,0.8,skip,attack_already_active,1785296147.3561788,1785296147356178607,1384815572877162,5.9,53.3515625,-1.0,0,0
2026-07-28T23:35:47.357,10.42.0.210,10.42.0.1|10.42.0.210,35,3,UPLOAD,0.95,UPLOAD,0.95,1,1448,100.0,22,0.0,31856.0,0,22,0.0,1.0,0.013005976526501895,1,0,1,1,1,1,1,1,0.9699999999999999,1.0,1.0,1.0,0.8,skip,attack_already_active,1785296147.3571775,1785296147357177574,1384815573875909,5.9,53.3515625,-1.0,0,0
2026-07-28T23:35:47.358,10.42.0.210,10.42.0.1|10.42.0.210,35,3,UPLOAD,0.95,UPLOAD,0.95,1,1448,100.0,23,0.0,33304.0,0,23,0.0,1.0,0.011487631866718655,1,0,1,1,1,1,1,1,0.9699999999999999,1.0,1.0,1.0,0.8,skip,attack_already_active,1785296147.3586612,1785296147358661063,1384815575359654,5.9,53.3515625,-1.0,0,0
2026-07-28T23:35:47.359,10.42.0.210,10.42.0.1|10.42.0.210,35,3,UPLOAD,0.95,UPLOAD,0.95,1,1448,100.0,24,0.0,34752.0,0,24,0.0,1.0,0.010110332819969247,1,0,1,1,1,1,1,1,0.9699999999999999,1.0,1.0,1.0,0.8,skip,attack_already_active,1785296147.3596969,1785296147359696947,1384815576395557,5.9,53.3515625,-1.0,0,0
2026-07-28T23:35:47.361,10.42.0.210,10.42.0.1|10.42.0.210,35,3,UPLOAD,0.95,UPLOAD,0.95,1,1448,100.0,25,0.0,36200.0,0,25,0.0,1.0,0.008973874246228543,1,0,1,1,1,1,1,1,0.9699999999999999,1.0,1.0,1.0,0.8,skip,attack_already_active,1785296147.361183,1785296147361183094,1384815577881550,5.9,53.3515625,-1.0,0,0
2026-07-28T23:35:47.362,10.42.0.210,10.42.0.1|10.42.0.210,35,3,UPLOAD,0.95,UPLOAD,0.95,1,1448,100.0,26,0.0,37648.0,0,26,0.0,1.0,0.00791277530088866,1,0,1,1,1,1,1,1,0.9699999999999999,1.0,1.0,1.0,0.8,skip,attack_already_active,1785296147.3621044,1785296147362104405,1384815578803113,5.9,53.3515625,-1.0,0,0
2026-07-28T23:35:47.363,10.42.0.210,10.42.0.1|10.42.0.210,35,3,UPLOAD,0.95,UPLOAD,0.95,1,1448,100.0,27,0.0,39096.0,0,27,0.0,1.0,0.007088267948761409,1,0,1,1,1,1,1,1,0.9699999999999999,1.0,1.0,1.0,0.8,skip,attack_already_active,1785296147.3637602,1785296147363760086,1384815580459342,5.9,53.3515625,-1.0,0,0
2026-07-28T23:35:47.364,10.42.0.210,10.42.0.1|10.42.0.210,35,3,UPLOAD,0.95,UPLOAD,0.95,1,1448,100.0,28,0.0,40544.0,0,28,0.0,1.0,0.006276523461097857,1,0,1,1,1,1,1,1,0.9699999999999999,1.0,1.0,1.0,0.8,skip,attack_already_active,1785296147.3646884,1785296147364688425,1384815581386681,5.9,53.3515625,-1.0,0,0
2026-07-28T23:35:47.365,10.42.0.210,10.42.0.1|10.42.0.210,35,3,UPLOAD,0.95,UPLOAD,0.95,1,1448,100.0,29,0.0,41992.0,0,29,0.0,1.0,0.005580197474640557,1,0,1,1,1,1,1,1,0.9699999999999999,1.0,1.0,1.0,0.8,skip,attack_already_active,1785296147.3656807,1785296147365680582,1384815582378794,5.9,53.3515625,-1.0,0,0
2026-07-28T23:35:47.366,10.42.0.210,10.42.0.1|10.42.0.210,35,3,UPLOAD,0.95,UPLOAD,0.95,1,1448,100.0,30,0.0,43440.0,0,30,0.0,1.0,0.0049366717979550095,1,0,1,1,1,1,1,1,0.9699999999999999,1.0,1.0,1.0,0.8,skip,attack_already_active,1785296147.3663774,1785296147366377550,1384815583075790,5.9,53.3515625,-1.0,0,0
2026-07-28T23:35:47.367,10.42.0.210,10.42.0.1|10.42.0.210,35,3,UPLOAD,0.95,UPLOAD,0.95,1,1448,100.0,31,0.0,44888.0,0,31,0.0,1.0,0.004418977606448785,1,0,1,1,1,1,1,1,0.9699999999999999,1.0,1.0,1.0,0.8,skip,attack_already_active,1785296147.3673854,1785296147367385459,1384815584083853,5.9,53.3515625,-1.0,0,0
2026-07-28T23:35:47.368,10.42.0.210,10.42.0.1|10.42.0.210,35,3,UPLOAD,0.95,UPLOAD,0.95,1,1448,100.0,32,0.0,46336.0,0,32,0.0,1.0,0.003926837351996059,1,0,1,1,1,1,1,1,0.9699999999999999,1.0,1.0,1.0,0.8,skip,attack_already_active,1785296147.3680696,1785296147368069731,1384815584768071,5.9,53.3515625,-1.0,0,0
2026-07-28T23:35:47.368,10.42.0.210,10.42.0.1|10.42.0.210,35,3,UPLOAD,0.95,UPLOAD,0.95,1,1448,100.0,33,0.0,47784.0,0,33,0.0,1.0,0.0035053922697223217,1,0,1,1,1,1,1,1,0.9699999999999999,1.0,1.0,1.0,0.8,skip,attack_already_active,1785296147.3687983,1785296147368798300,1384815585496561,5.9,53.3515625,-1.0,0,0
2026-07-28T23:35:47.369,10.42.0.210,10.42.0.1|10.42.0.210,35,3,UPLOAD,0.95,UPLOAD,0.95,1,1448,100.0,34,0.0,49232.0,0,34,0.0,1.0,0.0031356813740135094,1,0,1,1,1,1,1,1,0.9699999999999999,1.0,1.0,1.0,0.8,skip,attack_already_active,1785296147.369498,1785296147369498077,1384815586196253,5.9,53.3515625,-1.0,0,0
2026-07-28T23:35:47.370,10.42.0.210,10.42.0.1|10.42.0.210,35,3,UPLOAD,0.95,UPLOAD,0.95,1,1448,100.0,35,0.0,50680.0,0,35,0.0,1.0,0.00281384066318823,1,0,1,1,1,1,1,1,0.9699999999999999,1.0,1.0,1.0,0.8,skip,attack_already_active,1785296147.3701913,1785296147370191236,1384815586889455,5.9,53.3515625,-1.0,0,0
2026-07-28T23:35:47.371,10.42.0.210,10.42.0.1|10.42.0.210,35,3,UPLOAD,0.95,UPLOAD,0.95,1,1448,100.0,36,0.0,52128.0,0,36,0.0,1.0,0.0025704461924730654,1,0,1,1,1,1,1,1,0.9699999999999999,1.0,1.0,1.0,0.8,skip,attack_already_active,1785296147.3711581,1785296147371158037,1384815587856403,5.9,53.3515625,-1.0,0,0
2026-07-28T23:35:47.371,10.42.0.210,10.42.0.1|10.42.0.210,35,3,UPLOAD,0.95,UPLOAD,0.95,1,1448,100.0,37,0.0,53576.0,0,37,0.0,1.0,0.00232327755232499,1,0,1,1,1,1,1,1,0.9699999999999999,1.0,1.0,1.0,0.8,skip,attack_already_active,1785296147.3718529,1785296147371852726,1384815588551185,5.9,53.3515625,-1.0,0,0
2026-07-28T23:35:47.372,10.42.0.210,10.42.0.1|10.42.0.210,35,3,UPLOAD,0.95,UPLOAD,0.95,1,1448,100.0,38,0.0,55024.0,0,38,0.0,1.0,0.002105820437606847,1,0,1,1,1,1,1,1,0.9699999999999999,1.0,1.0,1.0,0.8,skip,attack_already_active,1785296147.372526,1785296147372525847,1384815589224138,5.9,53.3515625,-1.0,0,0
2026-07-28T23:35:47.373,10.42.0.210,10.42.0.1|10.42.0.210,35,3,UPLOAD,0.95,UPLOAD,0.95,1,1448,100.0,39,0.0,56472.0,0,39,0.0,1.0,0.0019155419970290878,1,0,1,1,1,1,1,1,0.9699999999999999,1.0,1.0,1.0,0.8,skip,attack_already_active,1785296147.3731878,1785296147373187802,1384815589886132,5.9,53.3515625,-1.0,0,0
2026-07-28T23:35:47.373,10.42.0.210,10.42.0.1|10.42.0.210,35,3,UPLOAD,0.9530582677814058,UPLOAD,0.9530582677814058,1,1337,100.0,40,0.0,57809.0,0,40,0.0,1.0,0.0017639097489357968,1,0,1,1,1,1,1,1,0.9699999999999999,1.0,1.0,1.0,0.8,skip,attack_already_active,1785296147.3739526,1785296147373952582,1384815590651373,45.9,53.3515625,-1.0,0,0
2026-07-28T23:35:47.375,10.42.0.1,10.42.0.1|10.42.0.210,35,3,UPLOAD,0.9839031605031382,UPLOAD,0.9839031605031382,1,7240,100.0,1,0.0,7240.0,0,1,0.0,1.0,0.1318428708829102,1,0,1,1,1,1,1,1,0.9699999999999999,1.0,1.0,1.0,0.8,skip,attack_already_active,1785296147.3754752,1785296147375475261,1384815592173754,45.9,53.3515625,-1.0,0,0
2026-07-28T23:35:47.376,10.42.0.1,10.42.0.1|10.42.0.210,35,3,UPLOAD,0.9854659097325301,UPLOAD,0.9854659097325301,1,7240,100.0,2,0.0,14480.0,0,2,0.0,1.0,0.11456334771386315,1,0,1,1,1,1,1,1,0.9699999999999999,1.0,1.0,1.0,0.8,skip,attack_already_active,1785296147.3761885,1785296147376188416,1384815592886691,45.9,53.3515625,-1.0,0,0
2026-07-28T23:35:47.478,10.42.0.1,10.42.0.1|10.42.0.210,35,3,UPLOAD,0.9855076970774388,UPLOAD,0.9855076970774388,1,14480,100.0,3,0.0,28960.0,0,3,0.0,1.0,0.11290228951457194,1,0,1,1,1,1,1,1,0.9699999999999999,1.0,1.0,1.0,0.8,skip,attack_already_active,1785296147.4781466,1785296147478146538,1384815694845073,45.9,53.3515625,-1.0,0,0
2026-07-28T23:35:47.478,10.42.0.1,10.42.0.1|10.42.0.210,35,3,UPLOAD,0.9855087046571998,UPLOAD,0.9855087046571998,1,14480,100.0,4,0.0,43440.0,0,4,0.0,1.0,0.09812936475509465,1,0,1,1,1,1,1,1,0.9699999999999999,1.0,1.0,1.0,0.8,skip,attack_already_active,1785296147.4789412,1785296147478941226,1384815695639462,45.9,53.3515625,-1.0,0,0
2026-07-28T23:35:47.480,10.42.0.1,10.42.0.1|10.42.0.210,35,3,UPLOAD,0.9855087258261401,UPLOAD,0.9855087258261401,1,14480,100.0,5,0.0,57920.0,0,5,0.0,1.0,0.08538472550797802,1,0,1,1,1,1,1,1,0.9699999999999999,1.0,1.0,1.0,0.8,skip,attack_already_active,1785296147.480355,1785296147480355114,1384815697053512,45.9,53.3515625,-1.0,0,0
2026-07-28T23:35:47.481,10.42.0.1,10.42.0.1|10.42.0.210,35,3,UPLOAD,0.9855087261647787,UPLOAD,0.9855087261647787,1,14480,100.0,6,0.0,72400.0,0,6,0.0,1.0,0.07426948769681606,1,0,1,1,1,1,1,1,0.9699999999999999,1.0,1.0,1.0,0.8,skip,attack_already_active,1785296147.4813893,1785296147481389297,1384815698087702,45.9,53.3515625,-1.0,0,0
2026-07-28T23:35:47.482,10.42.0.1,10.42.0.1|10.42.0.210,35,3,UPLOAD,0.9855087261659052,UPLOAD,0.9855087261659052,1,7129,100.0,7,0.0,79529.0,0,7,0.0,1.0,0.06461304795712486,1,0,1,1,1,1,1,1,0.9699999999999999,1.0,1.0,1.0,0.8,skip,attack_already_active,1785296147.4823787,1785296147482378810,1384815699077059,45.9,53.3515625,-1.0,0,0
2026-07-28T23:35:47.513,10.42.0.1,10.42.0.1|10.42.0.210,35,3,UPLOAD,0.9855087261656775,UPLOAD,0.9855087261656775,1,1337,100.0,8,0.0,80866.0,0,8,0.0,1.0,0.06024618246815382,1,0,1,1,1,1,1,1,0.9699999999999999,1.0,1.0,1.0,0.8,skip,attack_already_active,1785296147.5138528,1785296147513852839,1384815730551280,45.9,53.3515625,-1.0,0,0
2026-07-28T23:35:47.949,10.42.0.47,10.42.0.1|10.42.0.210|10.42.0.47,35,3,UPLOAD,0.95,UPLOAD,0.95,1,7240,100.0,1,0.0,7240.0,0,1,0.0,1.0,0.2717730975759108,1,0,0,1,1,1,1,1,0.9699999999999999,1.0,1.0,1.0,0.8,trigger,training_upload_trigger_confirmed,1785296147.949441,1785296147949441115,1384816166139847,45.9,53.3515625,5.971662,1785296147955414232,1384816172111509
2026-07-28T23:35:47.950,10.42.0.47,10.42.0.1|10.42.0.210|10.42.0.47,35,3,UPLOAD,0.95,UPLOAD,0.95,1,4344,100.0,2,0.0,11584.0,0,2,0.0,1.0,0.2360944318236028,1,0,1,1,1,1,1,1,0.9699999999999999,1.0,1.0,1.0,0.8,skip,attack_already_active,1785296147.9504585,1785296147950458510,1384816167157086,45.9,53.3515625,-1.0,0,0
2026-07-28T23:35:47.952,10.42.0.47,10.42.0.1|10.42.0.210|10.42.0.47,35,3,UPLOAD,0.95,UPLOAD,0.95,1,2896,100.0,3,0.0,14480.0,0,3,0.0,1.0,0.20522962079461118,1,0,1,1,1,1,1,1,0.9699999999999999,1.0,1.0,1.0,0.8,skip,attack_already_active,1785296147.9523284,1785296147952328512,1384816169027148,45.9,53.3515625,-1.0,0,0
2026-07-28T23:35:47.953,10.42.0.47,10.42.0.1|10.42.0.210|10.42.0.47,35,3,UPLOAD,0.950489628349046,UPLOAD,0.950489628349046,1,11584,100.0,4,0.0,26064.0,0,4,0.0,1.0,0.17838889905842475,1,0,1,1,1,1,1,1,0.9699999999999999,1.0,1.0,1.0,0.8,skip,attack_already_active,1785296147.9538713,1785296147953871238,1384816170570248,45.9,53.3515625,-1.0,0,0
2026-07-28T23:35:47.955,10.42.0.47,10.42.0.1|10.42.0.210|10.42.0.47,35,3,UPLOAD,0.9524680699272937,UPLOAD,0.9524680699272937,1,1448,100.0,5,0.0,27512.0,0,5,0.0,1.0,0.15512078943000868,1,0,1,1,1,1,1,1,0.9699999999999999,1.0,1.0,1.0,0.8,skip,attack_already_active,1785296147.955685,1785296147955684779,1384816172383307,45.9,53.3515625,-1.0,0,0
2026-07-28T23:35:47.956,10.42.0.47,10.42.0.1|10.42.0.210|10.42.0.47,35,3,UPLOAD,0.9546023376287641,UPLOAD,0.9546023376287641,1,10136,100.0,6,0.0,37648.0,0,6,0.0,1.0,0.1348348122417426,1,0,1,1,1,1,1,1,0.9699999999999999,1.0,1.0,1.0,0.8,skip,attack_already_active,1785296147.956861,1785296147956860903,1384816173560891,45.9,53.3515625,-1.0,0,0
2026-07-28T23:35:47.958,10.42.0.47,10.42.0.1|10.42.0.210|10.42.0.47,35,3,UPLOAD,0.9562902535618999,UPLOAD,0.9562902535618999,1,5792,100.0,7,0.0,43440.0,0,7,0.0,1.0,0.1173239586491223,1,0,1,1,1,1,1,1,0.9699999999999999,1.0,1.0,1.0,0.8,skip,attack_already_active,1785296147.9588108,1785296147958810848,1384816175510146,45.9,53.3515625,-1.0,0,0
2026-07-28T23:35:47.959,10.42.0.47,10.42.0.1|10.42.0.210|10.42.0.47,35,3,UPLOAD,0.959305958205779,UPLOAD,0.959305958205779,1,15928,100.0,8,0.0,59368.0,0,8,0.0,1.0,0.10201797899174771,1,0,1,1,1,1,1,1,0.9699999999999999,1.0,1.0,1.0,0.8,skip,attack_already_active,1785296147.959982,1785296147959981929,1384816176680558,45.9,53.3515625,-1.0,0,0
2026-07-28T23:35:47.961,10.42.0.47,10.42.0.1|10.42.0.210|10.42.0.47,35,3,UPLOAD,0.961553469301484,UPLOAD,0.961553469301484,1,4344,100.0,9,0.0,63712.0,0,9,0.0,1.0,0.08882133548641272,1,0,1,1,1,1,1,1,0.9699999999999999,1.0,1.0,1.0,0.8,skip,attack_already_active,1785296147.9618542,1785296147961854287,1384816178553919,45.9,53.3515625,-1.0,0,0
2026-07-28T23:35:47.962,10.42.0.47,10.42.0.1|10.42.0.210|10.42.0.47,35,3,UPLOAD,0.963108825685825,UPLOAD,0.963108825685825,1,2896,100.0,10,0.0,66608.0,0,10,0.0,1.0,0.07726784934986118,1,0,1,1,1,1,1,1,0.9699999999999999,1.0,1.0,1.0,0.8,skip,attack_already_active,1785296147.9629993,1785296147962999323,1384816179698086,45.9,53.3515625,-1.0,0,0
2026-07-28T23:35:47.964,10.42.0.47,10.42.0.1|10.42.0.210|10.42.0.47,35,3,UPLOAD,0.9649777712880303,UPLOAD,0.9649777712880303,1,12920,100.0,11,0.0,79528.0,0,11,0.0,1.0,0.06722742388459693,1,0,1,1,1,1,1,1,0.9699999999999999,1.0,1.0,1.0,0.8,skip,attack_already_active,1785296147.9640732,1785296147964073340,1384816180771940,45.9,53.3515625,-1.0,0,0
2026-07-28T23:35:47.966,10.42.0.1,10.42.0.1|10.42.0.210|10.42.0.47,35,3,UPLOAD,0.9855087261656634,UPLOAD,0.9855087261656634,1,7240,100.0,9,0.0,88106.0,0,9,0.0,1.0,0.11189935596300557,1,0,1,1,1,1,1,1,0.9699999999999999,1.0,1.0,1.0,0.8,skip,attack_already_active,1785296147.9660807,1785296147966080702,1384816182779668,45.9,53.3515625,-1.0,0,0
2026-07-28T23:35:47.967,10.42.0.1,10.42.0.1|10.42.0.210|10.42.0.47,35,3,UPLOAD,0.9855087261656628,UPLOAD,0.9855087261656628,1,7240,100.0,10,0.0,95346.0,0,10,0.0,1.0,0.0972953506929991,1,0,1,1,1,1,1,1,0.9699999999999999,1.0,1.0,1.0,0.8,skip,attack_already_active,1785296147.9671543,1785296147967154151,1384816183852662,45.9,53.3515625,-1.0,0,0
2026-07-28T23:35:47.979,10.42.0.1,10.42.0.1|10.42.0.210|10.42.0.47,35,3,UPLOAD,0.9855087261656628,UPLOAD,0.9855087261656628,1,1448,100.0,11,0.0,96794.0,0,11,0.0,1.0,0.08614358117284103,1,0,1,1,1,1,1,1,0.9699999999999999,1.0,1.0,1.0,0.8,skip,attack_already_active,1785296147.979822,1785296147979821757,1384816196520311,45.9,53.3515625,-1.0,0,0
2026-07-28T23:35:47.990,10.42.0.1,10.42.0.1|10.42.0.210|10.42.0.47,35,3,UPLOAD,0.9855087261656628,UPLOAD,0.9855087261656628,1,11584,100.0,12,0.0,108378.0,0,12,0.0,1.0,0.07624021392167073,1,0,1,1,1,1,1,1,0.9699999999999999,1.0,1.0,1.0,0.8,skip,attack_already_active,1785296147.9908116,1785296147990811595,1384816207510848,45.9,53.3515625,-1.0,0,0
2026-07-28T23:35:47.991,10.42.0.1,10.42.0.1|10.42.0.210|10.42.0.47,35,3,UPLOAD,0.9855087261656628,UPLOAD,0.9855087261656628,1,11584,100.0,13,0.0,119962.0,0,13,0.0,1.0,0.06629253962903692,1,0,1,1,1,1,1,1,0.9699999999999999,1.0,1.0,1.0,0.8,skip,attack_already_active,1785296147.9915617,1785296147991561719,1384816208259795,45.9,53.3515625,-1.0,0,0
2026-07-28T23:35:47.992,10.42.0.1,10.42.0.1|10.42.0.210|10.42.0.47,35,3,UPLOAD,0.9855087261656628,UPLOAD,0.9855087261656628,1,1448,100.0,14,0.0,121410.0,0,14,0.0,1.0,0.057636267410870065,1,0,1,1,1,1,1,1,0.9699999999999999,1.0,1.0,1.0,0.8,skip,attack_already_active,1785296147.9921641,1785296147992164188,1384816208862306,45.9,53.3515625,-1.0,0,0
2026-07-28T23:35:47.993,10.42.0.1,10.42.0.1|10.42.0.210|10.42.0.47,35,3,UPLOAD,0.9855087261656628,UPLOAD,0.9855087261656628,1,7240,100.0,15,0.0,128650.0,0,15,0.0,1.0,0.05018928664576949,1,0,1,1,1,1,1,1,0.9699999999999999,1.0,1.0,1.0,0.8,skip,attack_already_active,1785296147.9932873,1785296147993287307,1384816209985307,45.9,53.3515625,-1.0,0,0
2026-07-28T23:35:47.994,10.42.0.1,10.42.0.1|10.42.0.210|10.42.0.47,35,3,UPLOAD,0.9855087261656628,UPLOAD,0.9855087261656628,1,4344,100.0,16,0.0,132994.0,0,16,0.0,1.0,0.04367474221367589,1,0,1,1,1,1,1,1,0.9699999999999999,1.0,1.0,1.0,0.8,skip,attack_already_active,1785296147.9940395,1785296147994039660,1384816210737897,31.8,53.3515625,-1.0,0,0
2026-07-28T23:35:47.995,10.42.0.1,10.42.0.1|10.42.0.210|10.42.0.47,35,3,UPLOAD,0.9855087261656628,UPLOAD,0.9855087261656628,1,13032,100.0,17,0.0,146026.0,0,17,0.0,1.0,0.03807413168603811,1,0,1,1,1,1,1,1,0.9699999999999999,1.0,1.0,1.0,0.8,skip,attack_already_active,1785296147.9952128,1785296147995212897,1384816211911099,31.8,53.3515625,-1.0,0,0
2026-07-28T23:35:47.996,10.42.0.1,10.42.0.1|10.42.0.210|10.42.0.47,35,3,UPLOAD,0.9855087261656628,UPLOAD,0.9855087261656628,1,13032,100.0,18,0.0,159058.0,0,18,0.0,1.0,0.03324779440934409,1,0,1,1,1,1,1,1,0.9699999999999999,1.0,1.0,1.0,0.8,skip,attack_already_active,1785296147.9966612,1785296147996661163,1384816213359543,31.8,53.3515625,-1.0,0,0
2026-07-28T23:35:47.997,10.42.0.1,10.42.0.1|10.42.0.210|10.42.0.47,35,3,UPLOAD,0.9855087261656628,UPLOAD,0.9855087261656628,1,1336,100.0,19,0.0,160394.0,0,19,0.0,1.0,0.028985059285846212,1,0,1,1,1,1,1,1,0.9699999999999999,1.0,1.0,1.0,0.8,skip,attack_already_active,1785296147.9975603,1785296147997560327,1384816214258374,31.8,53.3515625,-1.0,0,0
2026-07-28T23:35:48.105,10.42.0.1,10.42.0.1|10.42.0.210|10.42.0.47,35,3,UPLOAD,0.9855087261656628,UPLOAD,0.9855087261656628,0,43,100.0,19,0.0,160394.0,0,19,0.0,1.0,0.22002853958024515,1,0,1,1,1,1,1,1,0.8374999999999999,0.8500000000000001,1.0,0.6000000000000001,0.8,skip,attack_already_active,1785296148.105564,1785296148105564256,1384816322263032,31.8,53.3515625,-1.0,0,0
2026-07-28T23:35:48.137,10.42.0.1,10.42.0.1|10.42.0.210|10.42.0.47,35,3,UPLOAD,0.9855087261656628,UPLOAD,0.9855087261656628,0,43,100.0,19,0.0,160394.0,0,19,0.0,1.0,0.19529633412678307,1,0,1,1,1,1,1,1,0.8374999999999999,0.8500000000000001,1.0,0.6000000000000001,0.8,skip,attack_already_active,1785296148.1379068,1785296148137906727,1384816354605555,31.8,53.3515625,-1.0,0,0
2026-07-28T23:35:48.296,10.42.0.1,,36,1,DOWNLOAD,0.9854927394305647,DOWNLOAD,0.9854927394305647,-1,1448,100.0,20,1448.0,160394.0,1,19,0.008946997689104189,0.9910530023108958,0.19043576082495717,0,0,0,0,1,0,0,0,0.44,0.8500000000000001,0.0,0.6000000000000001,0.15,skip,training_upload_trigger_not_confirmed,1785296148.2963176,1785296148296317792,1384816513016448,31.8,53.3515625,-1.0,0,0
2026-07-28T23:35:48.298,10.42.0.1,,36,1,DOWNLOAD,0.95,DOWNLOAD,0.95,-1,5792,22.15386740039311,21,7240.0,160394.0,2,19,0.04318932913370796,0.956810670866292,0.16559664514706265,0,0,0,0,1,0,0,0,0.44,0.8500000000000001,0.0,0.6000000000000001,0.15,skip,training_upload_trigger_not_confirmed,1785296148.2982562,1785296148298256157,1384816514955777,31.8,53.3515625,-1.0,0,0
2026-07-28T23:35:48.299,10.42.0.1,,36,1,DOWNLOAD,0.95,DOWNLOAD,0.95,-1,7240,11.076933700961538,22,14480.0,160394.0,3,19,0.082802474924803,0.917197525075197,0.14393021763658648,0,0,0,0,1,0,0,0,0.44,0.8500000000000001,0.0,0.6000000000000001,0.15,skip,training_upload_trigger_not_confirmed,1785296148.2994323,1785296148299432271,1384816516130837,31.8,53.3515625,-1.0,0,0
2026-07-28T23:35:48.301,10.42.0.1,,36,1,DOWNLOAD,0.9593188542349572,DOWNLOAD,0.9593188542349572,-1,7240,7.384622467477688,23,21720.0,160394.0,4,19,0.11926595429236632,0.8807340457076337,0.1252150724305183,0,0,0,0,1,0,0,0,0.44,0.8500000000000001,0.0,0.6000000000000001,0.15,skip,training_upload_trigger_not_confirmed,1785296148.3013384,1785296148301338486,1384816518037987,31.8,53.3515625,-1.0,0,0
2026-07-28T23:35:48.302,10.42.0.1,,36,1,DOWNLOAD,0.9655872522574772,DOWNLOAD,0.9655872522574772,-1,7240,5.538466850672014,24,28960.0,160394.0,5,19,0.15294105220908985,0.8470589477909102,0.10885812365796789,0,0,0,0,1,0,0,0,0.4,0.8500000000000001,0.0,0.4,0.15,skip,training_upload_trigger_not_confirmed,1785296148.3024251,1785296148302425041,1384816519123525,31.8,53.3515625,-1.0,0,0
2026-07-28T23:35:48.305,10.42.0.1,,36,1,DOWNLOAD,0.9538421106609363,DOWNLOAD,0.9538421106609363,-1,7240,4.43077348056821,25,36200.0,160394.0,6,19,0.18413583324007854,0.8158641667599215,0.09491661419871195,0,0,0,0,1,0,0,0,0.4,0.8500000000000001,0.0,0.4,0.15,skip,training_upload_trigger_not_confirmed,1785296148.305485,1785296148305485000,1384816522183738,31.8,53.3515625,-1.0,0,0
2026-07-28T23:35:48.306,10.42.0.1,,36,1,DOWNLOAD,0.95,DOWNLOAD,0.95,-1,7240,3.692311233823842,26,43440.0,160394.0,7,19,0.21311459324744644,0.7868854067525536,0.08254522256634138,0,0,0,0,1,0,0,0,0.4,0.8500000000000001,0.0,0.4,0.15,skip,training_upload_trigger_not_confirmed,1785296148.3065186,1785296148306518570,1384816523216978,31.8,53.3515625,-1.0,0,0
2026-07-28T23:35:48.308,10.42.0.1,,36,1,DOWNLOAD,0.95,DOWNLOAD,0.95,-1,7240,3.164838200430844,27,50680.0,160394.0,8,19,0.24010536589063552,0.7598946341093645,0.07196611586463493,0,0,0,0,1,0,0,0,0.4,0.8500000000000001,0.0,0.4,0.15,skip,training_upload_trigger_not_confirmed,1785296148.3087819,1785296148308781809,1384816525480734,31.8,53.3515625,-1.0,0,0
2026-07-28T23:35:48.310,10.42.0.1,,36,1,DOWNLOAD,0.95,DOWNLOAD,0.95,-1,7240,2.7692334253838187,28,57920.0,160394.0,9,19,0.2653059354874172,0.7346940645125828,0.0626434881768219,0,0,0,0,1,0,0,0,0.32,0.8500000000000001,0.0,0.0,0.15,skip,training_upload_trigger_not_confirmed,1785296148.3100011,1785296148310001105,1384816526699703,31.8,53.3515625,-1.0,0,0
2026-07-28T23:35:48.311,10.42.0.1,,36,1,DOWNLOAD,0.95,DOWNLOAD,0.95,-1,7240,2.4615408225681166,29,65160.0,160394.0,10,19,0.288888691843195,0.711111308156805,0.054582364573447124,0,0,0,0,1,0,0,0,0.32,0.8500000000000001,0.0,0.0,0.15,skip,training_upload_trigger_not_confirmed,1785296148.311471,1785296148311471222,1384816528170140,31.8,53.3515625,-1.0,0,0
2026-07-28T23:35:48.312,10.42.0.1,,36,1,DOWNLOAD,0.95,DOWNLOAD,0.95,-1,7240,2.2153867403147047,30,72400.0,160394.0,11,19,0.3110045791558202,0.6889954208441799,0.04751946242321648,0,0,0,0,1,0,0,0,0.32,0.8500000000000001,0.0,0.0,0.15,skip,training_upload_trigger_not_confirmed,1785296148.312455,1785296148312454798,1384816529153364,31.8,53.3515625,-1.0,0,0
2026-07-28T23:35:48.313,10.42.0.1,,36,1,DOWNLOAD,0.95,DOWNLOAD,0.95,-1,4344,2.089987490864563,31,76744.0,160394.0,12,19,0.3236259055908374,0.6763740944091626,0.04138513406318163,0,0,0,0,1,0,0,0,0.32,0.8500000000000001,0.0,0.0,0.15,skip,training_upload_trigger_not_confirmed,1785296148.3134227,1785296148313422583,1384816530121223,31.8,53.3515625,-1.0,0,0
2026-07-28T23:35:48.314,10.42.0.1,,36,1,DOWNLOAD,0.95,DOWNLOAD,0.95,-1,14480,1.7582434446992214,32,91224.0,160394.0,13,19,0.36254957912391006,0.6374504208760899,0.036060818690684296,0,0,0,0,1,0,0,0,0.32,0.8500000000000001,0.0,0.0,0.15,skip,training_upload_trigger_not_confirmed,1785296148.314403,1785296148314403152,1384816531101618,31.8,53.3515625,-1.0,0,0
2026-07-28T23:35:48.315,10.42.0.1,,36,1,DOWNLOAD,0.95,DOWNLOAD,0.95,-1,4344,1.6783232881228203,33,95568.0,160394.0,14,19,0.37336792180089234,0.6266320781991077,0.031440342789249655,0,0,0,0,1,0,0,0,0.32,0.8500000000000001,0.0,0.0,0.15,skip,training_upload_trigger_not_confirmed,1785296148.3154004,1785296148315400353,1384816532098800,31.8,53.3515625,-1.0,0,0
2026-07-28T23:35:48.316,10.42.0.1,,36,1,DOWNLOAD,0.95,DOWNLOAD,0.95,-1,8688,1.5384630141139268,34,104256.0,160394.0,15,19,0.39393916493481956,0.6060608350651804,0.027426591256522876,0,0,0,0,1,0,0,0,0.32,0.8500000000000001,0.0,0.0,0.15,skip,training_upload_trigger_not_confirmed,1785296148.3163815,1785296148316381343,1384816533079818,31.8,53.3515625,-1.0,0,0
2026-07-28T23:35:48.317,10.42.0.1,,36,1,DOWNLOAD,0.95,DOWNLOAD,0.95,-1,14480,1.350845573369906,35,118736.0,160394.0,16,19,0.4253788557303049,0.5746211442696951,0.023944074593505654,0,0,0,0,1,0,0,0,0.32,0.8500000000000001,0.0,0.0,0.15,skip,training_upload_trigger_not_confirmed,1785296148.3173802,1785296148317380120,1384816534078643,31.8,53.3515625,-1.0,0,0
2026-07-28T23:35:48.318,10.42.0.1,,36,1,DOWNLOAD,0.95,DOWNLOAD,0.95,-1,4344,1.3031686707807675,36,123080.0,160394.0,17,19,0.4341844401955735,0.5658155598044265,0.020916977373342683,0,0,0,0,1,0,0,0,0.32,0.8500000000000001,0.0,0.0,0.15,skip,training_upload_trigger_not_confirmed,1785296148.3183525,1785296148318352357,1384816535050857,31.8,53.3515625,-1.0,0,0
2026-07-28T23:35:48.319,10.42.0.1,,36,1,DOWNLOAD,0.95,DOWNLOAD,0.95,-1,18824,1.1302993573110673,37,141904.0,160394.0,18,19,0.46941759455901133,0.5305824054409887,0.018298325195744543,0,0,0,0,1,0,0,0,0.30250000000000005,0.8000000000000002,0.0,0.0,0.15,skip,training_upload_trigger_not_confirmed,1785296148.3193972,1785296148319397054,1384816536095461,31.8,53.3515625,-1.0,0,0
2026-07-28T23:35:48.321,10.42.0.1,,36,1,DOWNLOAD,0.95,DOWNLOAD,0.95,-1,18824,0.9979219551042885,38,160728.0,160394.0,19,19,0.5005200515691856,0.49947994843081445,0.016147241278586993,0,0,0,0,1,0,0,0,0.30250000000000005,0.8000000000000002,0.0,0.0,0.15,skip,training_upload_trigger_not_confirmed,1785296148.3213716,1785296148321371724,1384816538070359,31.8,53.3515625,-1.0,0,0
2026-07-28T23:35:48.322,10.42.0.1,,36,1,DOWNLOAD,0.95,DOWNLOAD,0.95,-1,16920,0.9028753490053202,39,177648.0,160394.0,20,19,0.5255204974529792,0.47447950254702076,0.014168240329622231,0,0,0,0,1,0,0,0,0.30250000000000005,0.8000000000000002,0.0,0.0,0.15,skip,training_upload_trigger_not_confirmed,1785296148.3225007,1785296148322500679,1384816539199602,31.8,53.3515625,-1.0,0,0
2026-07-28T23:35:48.323,10.42.0.47,,36,1,DOWNLOAD,0.95,DOWNLOAD,0.95,-1,7240,10.984530385361252,12,7240.0,79528.0,1,11,0.08344089987092015,0.9165591001290798,0.08259716211736223,0,0,0,0,0,0,0,0,0.057499999999999996,0.1,0.0,0.0,0.15,skip,training_upload_trigger_not_confirmed,1785296148.3237028,1785296148323702848,1384816540402912,31.8,53.3515625,-1.0,0,0
2026-07-28T23:35:48.325,10.42.0.47,,36,1,DOWNLOAD,0.95,DOWNLOAD,0.95,-1,7240,5.492265193059926,13,14480.0,79528.0,2,11,0.15402944430261253,0.8459705556973874,0.07188535267758049,0,0,0,0,0,0,0,0,0.057499999999999996,0.1,0.0,0.0,0.15,skip,training_upload_trigger_not_confirmed,1785296148.325011,1785296148325011016,1384816541711580,31.8,53.3515625,-1.0,0,0
2026-07-28T23:35:48.326,10.42.0.1,,36,1,DOWNLOAD,0.95,DOWNLOAD,0.95,-1,18824,0.8163707805701761,40,196472.0,160394.0,21,19,0.5505483851081359,0.4494516148918642,0.01279121502972416,0,0,0,0,1,0,0,0,0.30250000000000005,0.8000000000000002,0.0,0.0,0.15,skip,training_upload_trigger_not_confirmed,1785296148.326219,1785296148326218977,1384816542917653,31.8,53.3515625,-1.0,0,0
2026-07-28T23:35:48.327,10.42.0.1,,36,1,DOWNLOAD,0.95,DOWNLOAD,0.95,-1,16920,0.751640173953327,41,213392.0,160394.0,22,19,0.5708935059097987,0.42910649409020135,0.01125168791855877,0,0,0,0,1,0,0,0,0.28500000000000003,0.7500000000000001,0.0,0.0,0.15,skip,training_upload_trigger_not_confirmed,1785296148.3273273,1785296148327327358,1384816544025995,31.8,53.3515625,-1.0,0,0
2026-07-28T23:35:48.328,10.42.0.1,,36,1,DOWNLOAD,0.95,DOWNLOAD,0.95,-1,21720,0.6822025247555115,42,235112.0,160394.0,23,19,0.5944587439887132,0.4055412560112868,0.00991421432012941,0,0,0,0,1,0,0,0,0.28500000000000003,0.7500000000000001,0.0,0.0,0.15,skip,training_upload_trigger_not_confirmed,1785296148.3284292,1785296148328429265,1384816545128407,31.8,53.3515625,-1.0,0,0
2026-07-28T23:35:48.329,10.42.0.1,,36,1,DOWNLOAD,0.95,DOWNLOAD,0.95,-1,18824,0.6316315922136616,43,253936.0,160394.0,24,19,0.6128834503897859,0.3871165496102141,0.008769102762716521,0,0,0,0,1,0,0,0,0.28500000000000003,0.7500000000000001,0.0,0.0,0.15,skip,training_upload_trigger_not_confirmed,1785296148.3296535,1785296148329653554,1384816546352118,31.8,53.3515625,-1.0,0,0
2026-07-28T23:35:48.330,10.42.0.1,,36,1,DOWNLOAD,0.95,DOWNLOAD,0.95,-1,16920,0.5921744395561029,44,270856.0,160394.0,25,19,0.628071884057971,0.37192811594202896,0.0077534923675076865,0,0,0,0,1,0,0,0,0.28500000000000003,0.7500000000000001,0.0,0.0,0.15,skip,training_upload_trigger_not_confirmed,1785296148.3307154,1785296148330715300,1384816547413839,31.8,53.3515625,-1.0,0,0
2026-07-28T23:35:48.332,10.42.0.145,,16,2,TRAINING,0.95,TRAINING,0.95,-1,7300,1.3698630135109776e-10,1,7300.0,0.0,1,0,1.0,0.0,0.8054160636974016,0,0,0,0,0,0,0,0,0.0225,0.0,0.0,0.0,0.15,skip,already_attacked_this_round,1785296148.3321905,1785296148332190585,1384816548888934,31.8,53.3515625,-1.0,0,0
2026-07-28T23:35:48.333,10.42.0.145,,16,2,TRAINING,0.95,TRAINING,0.95,-1,7300,6.84931506802402e-11,2,14600.0,0.0,2,0,1.0,0.0,0.6993991286850968,0,0,0,0,0,0,0,0,0.0225,0.0,0.0,0.0,0.15,skip,already_attacked_this_round,1785296148.3330734,1785296148333073342,1384816549771885,31.8,53.3515625,-1.0,0,0
2026-07-28T23:35:48.334,10.42.0.47,,36,1,DOWNLOAD,0.95,DOWNLOAD,0.95,-1,10136,3.2307442313035932,14,24616.0,79528.0,3,11,0.23636503303118758,0.7636349669688124,0.06369657390088533,0,0,0,0,0,0,0,0,0.057499999999999996,0.1,0.0,0.0,0.15,skip,training_upload_trigger_not_confirmed,1785296148.334754,1785296148334754112,1384816551452448,31.8,53.3515625,-1.0,0,0
2026-07-28T23:35:48.335,10.42.0.47,,36,1,DOWNLOAD,0.95,DOWNLOAD,0.95,-1,14480,2.0341722938143496,15,39096.0,79528.0,4,11,0.3295791745346642,0.6704208254653359,0.05540060582687033,0,0,0,0,0,0,0,0,0.057499999999999996,0.1,0.0,0.0,0.15,skip,training_upload_trigger_not_confirmed,1785296148.3354948,1785296148335494530,1384816552192636,31.8,53.3515625,-1.0,0,0
2026-07-28T23:35:48.336,10.42.0.59,,10,1,DOWNLOAD,0.95,DOWNLOAD,0.95,-1,14600,6.84931506802402e-11,1,14600.0,0.0,1,0,1.0,0.0,0.855447087946545,0,0,0,0,0,0,0,0,0.0225,0.0,0.0,0.0,0.15,skip,already_attacked_this_round,1785296148.3364894,1785296148336489556,1384816553187803,31.8,53.3515625,-1.0,0,0
2026-07-28T23:35:48.337,10.42.0.59,,10,1,DOWNLOAD,0.95,DOWNLOAD,0.95,-1,14600,3.424657534129292e-11,2,29200.0,0.0,2,0,1.0,0.0,0.742865208597099,0,0,0,0,0,0,0,0,0.0225,0.0,0.0,0.0,0.15,skip,already_attacked_this_round,1785296148.3375838,1785296148337583917,1384816554282321,31.8,53.3515625,-1.0,0,0
2026-07-28T23:35:48.338,10.42.0.18,,28,1,DOWNLOAD,0.95,DOWNLOAD,0.95,-1,10220,9.784735811175661e-11,1,10220.0,0.0,1,0,1.0,0.0,0.5325744899890936,0,0,0,0,0,0,0,0,0.0225,0.0,0.0,0.0,0.15,skip,already_attacked_this_round,1785296148.3389146,1785296148338914683,1384816555613094,31.8,53.3515625,-1.0,0,0
2026-07-28T23:35:48.339,10.42.0.18,,28,1,DOWNLOAD,0.95,DOWNLOAD,0.95,-1,14600,4.029008863657171e-11,2,24820.0,0.0,2,0,1.0,0.0,0.46249901268494803,0,0,0,0,0,0,0,0,0.0225,0.0,0.0,0.0,0.15,skip,already_attacked_this_round,1785296148.3397057,1785296148339705545,1384816556404084,31.8,53.3515625,-1.0,0,0
2026-07-28T23:35:48.341,10.42.0.210,,36,1,DOWNLOAD,0.9843528051060835,DOWNLOAD,0.9843528051060835,-1,10136,4.560477505568224,33,10136.0,46225.0,1,32,0.17984066996682102,0.820159330033179,0.03245708099688891,0,0,0,0,0,0,0,0,0.057499999999999996,0.1,0.0,0.0,0.15,skip,training_upload_trigger_not_confirmed,1785296148.3412426,1785296148341242652,1384816557940954,31.8,53.3515625,-1.0,0,0
2026-07-28T23:35:48.342,10.42.0.210,,36,1,DOWNLOAD,0.95,DOWNLOAD,0.95,-1,14480,1.8190201494629907,33,24616.0,44777.0,2,31,0.35473318634444395,0.645266813655556,0.028336274108694375,0,0,0,0,0,0,0,0,0.057499999999999996,0.1,0.0,0.0,0.15,skip,training_upload_trigger_not_confirmed,1785296148.342428,1785296148342427884,1384816559126695,31.8,53.3515625,-1.0,0,0
2026-07-28T23:35:48.343,10.42.0.210,,36,1,DOWNLOAD,0.9557926560077417,DOWNLOAD,0.9557926560077417,-1,4344,1.4961671270546903,33,28960.0,43329.0,3,30,0.4006142013307695,0.5993857986692305,0.024723296779764446,0,0,0,0,0,0,0,0,0.057499999999999996,0.1,0.0,0.0,0.15,skip,training_upload_trigger_not_confirmed,1785296148.3433464,1785296148343346413,1384816560045068,31.8,53.3515625,-1.0,0,0
2026-07-28T23:35:48.344,10.42.0.145,,16,2,TRAINING,0.8864207100144744,TRAINING,0.8864207100144744,0,43,6.84931506802402e-11,2,14600.0,0.0,2,0,1.0,0.0,0.8636787660243874,0,0,0,0,0,0,0,0,0.0225,0.0,0.0,0.0,0.15,skip,already_attacked_this_round,1785296148.3443408,1785296148344340691,1384816561039074,31.8,53.3515625,-1.0,0,0
2026-07-28T23:35:48.345,10.42.0.145,,16,2,TRAINING,0.95,TRAINING,0.95,-1,14600,3.424657534129292e-11,3,29200.0,0.0,3,0,1.0,0.0,0.7514521819386069,0,0,0,0,0,0,0,0,0.0225,0.0,0.0,0.0,0.15,skip,already_attacked_this_round,1785296148.3450956,1785296148345095594,1384816561793897,31.8,53.3515625,-1.0,0,0
2026-07-28T23:35:48.345,10.42.0.145,,16,2,TRAINING,0.9537017356102835,TRAINING,0.9537017356102835,-1,14600,2.2831050227789245e-11,4,43800.0,0.0,4,0,1.0,0.0,0.6525373862140056,0,0,0,0,0,0,0,0,0.0225,0.0,0.0,0.0,0.15,skip,already_attacked_this_round,1785296148.3459108,1785296148345910763,1384816562608939,31.8,53.3515625,-1.0,0,0
2026-07-28T23:35:48.347,10.42.0.47,,36,1,DOWNLOAD,0.9536577144031826,DOWNLOAD,0.9536577144031826,-1,4344,1.8307550644375976,16,43440.0,79528.0,5,11,0.3532626374341292,0.6467373625658708,0.049693212411087935,0,0,0,0,0,0,0,0,0.057499999999999996,0.1,0.0,0.0,0.15,skip,training_upload_trigger_not_confirmed,1785296148.3475835,1785296148347583563,1384816564281762,31.8,53.3515625,-1.0,0,0
2026-07-28T23:35:48.348,10.42.0.47,,36,1,DOWNLOAD,0.9816133563574163,DOWNLOAD,0.9816133563574163,-1,17376,1.3076821888925991,17,60816.0,79528.0,6,11,0.43333523342643787,0.5666647665735621,0.04331014027905656,0,0,0,0,0,0,0,0,0.057499999999999996,0.1,0.0,0.0,0.15,skip,training_upload_trigger_not_confirmed,1785296148.3488374,1785296148348837289,1384816565535478,31.8,53.3515625,-1.0,0,0
2026-07-28T23:35:48.349,10.42.0.47,,36,1,DOWNLOAD,0.9840614266217426,DOWNLOAD,0.9840614266217426,-1,10136,1.120870447624861,18,70952.0,79528.0,7,11,0.4715045188729399,0.5284954811270601,0.03769408024733796,0,0,0,0,0,0,0,0,0.039999999999999994,0.05,0.0,0.0,0.15,skip,training_upload_trigger_not_confirmed,1785296148.3495288,1785296148349528916,1384816566227258,31.8,53.3515625,-1.0,0,0
2026-07-28T23:35:48.350,10.42.0.18,,28,1,DOWNLOAD,0.95,DOWNLOAD,0.95,-1,17520,2.361832782183235e-11,3,42340.0,0.0,3,0,1.0,0.0,0.40301615466493557,0,0,0,0,0,0,0,0,0.0225,0.0,0.0,0.0,0.15,skip,already_attacked_this_round,1785296148.3508058,1785296148350805884,1384816567503958,31.8,53.3515625,-1.0,0,0
2026-07-28T23:35:48.351,10.42.0.18,,28,1,DOWNLOAD,0.95,DOWNLOAD,0.95,-1,7300,2.014504431869168e-11,4,49640.0,0.0,4,0,1.0,0.0,0.35003568450944833,0,0,0,0,0,0,0,0,0.0225,0.0,0.0,0.0,0.15,skip,already_attacked_this_round,1785296148.3517678,1785296148351767872,1384816568466334,31.8,53.3515625,-1.0,0,0
2026-07-28T23:35:48.352,10.42.0.18,,28,1,DOWNLOAD,0.95,DOWNLOAD,0.95,-1,14600,1.556662515542393e-11,5,64240.0,0.0,5,0,1.0,0.0,0.30403904397593734,0,0,0,0,0,0,0,0,0.0225,0.0,0.0,0.0,0.15,skip,already_attacked_this_round,1785296148.3527477,1785296148352747678,1384816569446259,31.8,53.3515625,-1.0,0,0
2026-07-28T23:35:48.353,10.42.0.210,,36,1,DOWNLOAD,0.9846998846180315,DOWNLOAD,0.9846998846180315,-1,14480,0.7307780847207463,26,43440.0,31745.0,4,22,0.5777748221054732,0.42222517789452685,0.02283054989085965,0,0,0,0,0,0,0,0,0.0225,0.0,0.0,0.0,0.15,skip,training_upload_trigger_not_confirmed,1785296148.3537061,1785296148353706153,1384816570404281,31.8,53.3515625,-1.0,0,0
2026-07-28T23:35:48.354,10.42.0.210,,36,1,DOWNLOAD,0.9854895428954357,DOWNLOAD,0.9854895428954357,-1,20272,0.45280323958669005,25,63712.0,28849.0,5,20,0.6883244563044911,0.3116755436955089,0.019986034143386937,0,0,0,0,0,0,0,0,0.0225,0.0,0.0,0.0,0.15,skip,training_upload_trigger_not_confirmed,1785296148.3549504,1785296148354950418,1384816571648624,31.8,53.3515625,-1.0,0,0
2026-07-28T23:35:48.355,10.42.0.210,,36,1,DOWNLOAD,0.9855083405864443,DOWNLOAD,0.9855083405864443,-1,992,0.44586115233299545,26,64704.0,28849.0,6,20,0.6916293437944266,0.3083706562055733,0.017486412087520824,0,0,0,0,0,0,0,0,0.0225,0.0,0.0,0.0,0.15,skip,training_upload_trigger_not_confirmed,1785296148.3559675,1785296148355967439,1384816572665871,31.8,53.3515625,-1.0,0,0
2026-07-28T23:35:48.357,10.42.0.59,,10,1,DOWNLOAD,0.9505816601118818,DOWNLOAD,0.9505816601118818,-1,24820,1.8511662346936104e-11,3,54020.0,0.0,3,0,1.0,0.0,0.6476534461753811,0,0,0,0,0,0,0,0,0.0225,0.0,0.0,0.0,0.15,skip,already_attacked_this_round,1785296148.3579133,1785296148357913430,1384816574612260,31.8,53.3515625,-1.0,0,0
2026-07-28T23:35:48.358,10.42.0.59,,10,1,DOWNLOAD,0.9599292974109805,DOWNLOAD,0.9599292974109805,-1,10564,1.5483711135645304e-11,4,64584.0,0.0,4,0,1.0,0.0,0.5624118668421147,0,0,0,0,0,0,0,0,0.0225,0.0,0.0,0.0,0.15,skip,already_attacked_this_round,1785296148.358692,1785296148358691874,1384816575390139,31.8,53.3515625,-1.0,0,0
2026-07-28T23:35:48.359,10.42.0.145,,16,2,TRAINING,0.9704933750634512,TRAINING,0.9704933750634512,-1,29200,1.369863013679865e-11,5,73000.0,0.0,5,0,1.0,0.0,0.5683729637443496,0,0,0,0,0,0,0,0,0.0225,0.0,0.0,0.0,0.15,skip,already_attacked_this_round,1785296148.3597476,1785296148359747533,1384816576445716,57.7,53.3515625,-1.0,0,0
2026-07-28T23:35:48.360,10.42.0.145,,16,2,TRAINING,0.9797714559561987,TRAINING,0.9797714559561987,-1,6184,1.2628813901638856e-11,6,79184.0,0.0,6,0,1.0,0.0,0.4935773025868726,0,0,0,0,0,0,0,0,0.0225,0.0,0.0,0.0,0.15,skip,already_attacked_this_round,1785296148.360517,1785296148360517059,1384816577215278,57.7,53.3515625,-1.0,0,0
2026-07-28T23:35:48.361,10.42.0.47,,36,1,DOWNLOAD,0.9842535052899559,DOWNLOAD,0.9842535052899559,-1,8232,1.0043443119821638,19,79184.0,79528.0,8,11,0.4989162760219769,0.501083723978023,0.0343340927005967,0,0,0,0,0,0,0,0,0.039999999999999994,0.05,0.0,0.0,0.15,skip,training_upload_trigger_not_confirmed,1785296148.3617249,1785296148361724989,1384816578423398,57.7,53.3515625,-1.0,0,0
2026-07-28T23:35:48.365,10.42.0.18,,28,1,DOWNLOAD,0.9541023647866972,DOWNLOAD,0.9541023647866972,-1,344,1.5483711135645304e-11,6,64584.0,0.0,6,0,1.0,0.0,0.2656334291642699,0,0,0,0,0,0,0,0,0.0225,0.0,0.0,0.0,0.15,skip,already_attacked_this_round,1785296148.3653371,1785296148365337187,1384816582035566,57.7,53.3515625,-1.0,0,0
2026-07-28T23:35:48.551,10.42.0.18,,28,1,DOWNLOAD,0.9517425670647057,DOWNLOAD,0.9517425670647057,0,43,1.5483711135645304e-11,6,64584.0,0.0,6,0,1.0,0.0,0.47752953385442676,0,0,0,0,0,0,0,0,0.0225,0.0,0.0,0.0,0.15,skip,already_attacked_this_round,1785296148.5514297,1785296148551429541,1384816768128153,57.7,53.3515625,-1.0,0,0
2026-07-28T23:35:48.619,10.42.0.47,,36,2,TRAINING,0.9842594241846299,TRAINING,0.9842594241846299,0,43,1.0043443119821638,19,79184.0,79528.0,8,11,0.4989162760219769,0.501083723978023,0.09284523687918522,0,0,0,0,0,0,0,0,0.039999999999999994,0.05,0.0,0.0,0.15,skip,training_upload_trigger_not_confirmed,1785296148.6190846,1785296148619084520,1384816835783554,57.7,53.3515625,-1.0,0,0
2026-07-28T23:35:48.676,10.42.0.59,,10,3,UPLOAD,0.95,UPLOAD,0.95,1,33580,0.519943019950453,5,64584.0,33580.0,4,1,0.6579194001874414,0.34208059981255856,0.8151098866855716,0,0,0,1,1,1,1,1,0.85,1.0,1.0,0.4,0.8,skip,already_attacked_this_round,1785296148.6760194,1785296148676019366,1384816892717988,57.7,53.3515625,-1.0,0,0
2026-07-28T23:35:48.678,10.42.0.59,,10,3,UPLOAD,0.9841010226033655,UPLOAD,0.9841010226033655,1,45974,1.23179115570061,6,64584.0,79554.0,4,2,0.44807059900928276,0.5519294009907172,0.7080327737663328,0,0,0,1,1,1,1,1,0.85,1.0,1.0,0.4,0.8,skip,already_attacked_this_round,1785296148.6785507,1785296148678550686,1384816895249401,57.7,53.3515625,-1.0,0,0
2026-07-28T23:35:48.680,10.42.0.1,,36,2,TRAINING,0.9,TRAINING,0.9,0,43,0.29361727264932796,36,270856.0,79528.0,25,11,0.7730261655783369,0.22697383442166308,0.014356331554101626,0,0,0,0,0,0,0,0,0.0225,0.0,0.0,0.0,0.15,skip,training_upload_trigger_not_confirmed,1785296148.6801836,1785296148680183448,1384816896881879,57.7,53.3515625,-1.0,0,0
2026-07-28T23:35:48.681,10.42.0.1,10.42.0.1,36,3,UPLOAD,0.95,UPLOAD,0.95,1,11584,0.3363853855947943,37,270856.0,91112.0,25,12,0.748287141404765,0.25171285859523496,0.012981508249717338,1,0,0,1,1,1,1,1,0.9699999999999999,1.0,1.0,1.0,0.8,trigger,training_upload_trigger_confirmed,1785296148.681296,1785296148681296076,1384816897994788,57.7,53.3515625,34.949764,1785296148716247219,1384816932944552
2026-07-28T23:35:48.682,10.42.0.1,10.42.0.1,36,3,UPLOAD,0.95,UPLOAD,0.95,1,5792,0.3577694420675275,38,270856.0,96904.0,25,13,0.7365020665651512,0.26349793343484884,0.011377476411152672,1,0,1,1,1,1,1,1,0.9699999999999999,1.0,1.0,1.0,0.8,skip,attack_already_active,1785296148.682105,1785296148682105168,1384816898803603,57.7,53.3515625,-1.0,0,0
2026-07-28T23:35:48.684,10.42.0.1,10.42.0.1,36,3,UPLOAD,0.95,UPLOAD,0.95,1,11584,0.4005375550129938,39,270856.0,108488.0,25,14,0.7140115567927792,0.2859884432072209,0.010209858436807072,1,0,1,1,1,1,1,1,0.9699999999999999,1.0,1.0,1.0,0.8,skip,attack_already_active,1785296148.6846218,1785296148684621921,1384816901320106,57.7,53.3515625,-1.0,0,0
2026-07-28T23:35:48.685,10.42.0.1,10.42.0.1,36,3,UPLOAD,0.95,UPLOAD,0.95,1,14480,0.4539976961948267,40,270856.0,122968.0,25,15,0.6877589989436906,0.3122410010563094,0.008952428713408999,1,0,1,1,1,1,1,1,0.9699999999999999,1.0,1.0,1.0,0.8,skip,attack_already_active,1785296148.6852894,1785296148685289356,1384816901987510,57.7,53.3515625,-1.0,0,0
2026-07-28T23:35:48.686,10.42.0.1,10.42.0.1,36,3,UPLOAD,0.95,UPLOAD,0.95,1,8688,0.48607378090392656,41,270856.0,131656.0,25,16,0.6729140994554199,0.32708590054458003,0.007896197878068941,1,0,1,1,1,1,1,1,0.9699999999999999,1.0,1.0,1.0,0.8,skip,attack_already_active,1785296148.6862264,1785296148686226350,1384816902924615,57.7,53.3515625,-1.0,0,0
2026-07-28T23:35:48.687,10.42.0.145,10.42.0.1,16,3,UPLOAD,0.95,UPLOAD,0.95,1,48180,0.6084562537935889,7,79184.0,48180.0,6,1,0.6217141421437768,0.3782858578562231,0.4736922279540313,0,0,0,1,1,1,1,1,0.85,1.0,1.0,0.4,0.8,skip,already_attacked_this_round,1785296148.6870158,1785296148687015755,1384816903714237,57.7,53.3515625,-1.0,0,0
2026-07-28T23:35:48.687,10.42.0.145,10.42.0.1,16,3,UPLOAD,0.9841010226033655,UPLOAD,0.9841010226033655,1,31349,1.0043569407960653,8,79184.0,79529.0,6,2,0.49891313250962427,0.5010868674903757,0.4113864857243881,0,0,0,1,1,1,1,1,0.85,1.0,1.0,0.4,0.8,skip,already_attacked_this_round,1785296148.687887,1785296148687886912,1384816904585814,57.7,53.3515625,-1.0,0,0
2026-07-28T23:35:48.688,10.42.0.1,10.42.0.1,36,3,UPLOAD,0.95,UPLOAD,0.95,1,7240,0.512803851494843,42,270856.0,138896.0,25,17,0.661024229289912,0.33897577071008805,0.007207682061205457,1,0,1,1,1,1,1,1,0.9699999999999999,1.0,1.0,1.0,0.8,skip,attack_already_active,1785296148.6888976,1785296148688897632,1384816905596027,57.7,53.3515625,-1.0,0,0
2026-07-28T23:35:48.689,10.42.0.1,10.42.0.1,36,3,UPLOAD,0.95,UPLOAD,0.95,1,7240,0.5395339220857595,43,270856.0,146136.0,25,18,0.6495472335200675,0.35045276647993245,0.0063533398955321315,1,0,1,1,1,1,1,1,0.9699999999999999,1.0,1.0,1.0,0.8,skip,attack_already_active,1785296148.689622,1785296148689621966,1384816906320234,57.7,53.3515625,-1.0,0,0
2026-07-28T23:35:48.691,10.42.0.1,10.42.0.1,36,3,UPLOAD,0.95,UPLOAD,0.95,1,2797,0.5498604424507861,44,270856.0,148933.0,25,19,0.6452193840238787,0.3547806159761213,0.005737436646233688,1,0,1,1,1,1,1,1,0.9699999999999999,1.0,1.0,1.0,0.8,skip,attack_already_active,1785296148.6913013,1785296148691301408,1384816907999733,57.7,53.3515625,-1.0,0,0
2026-07-28T23:35:48.695,10.42.0.1,10.42.0.1,36,3,UPLOAD,0.95,UPLOAD,0.95,1,10136,0.5872825412780692,45,270856.0,159069.0,25,20,0.630007559458045,0.369992440541955,0.005564026176434974,1,0,1,1,1,1,1,1,0.9699999999999999,1.0,1.0,1.0,0.8,skip,attack_already_active,1785296148.6957228,1785296148695722747,1384816912421117,57.7,53.3515625,-1.0,0,0
2026-07-28T23:35:48.696,10.42.0.1,10.42.0.1,36,3,UPLOAD,0.95,UPLOAD,0.95,1,4344,0.6033205836326191,46,270856.0,163413.0,25,21,0.6237055834056772,0.3762944165943229,0.004934067427286184,1,0,1,1,1,1,1,1,0.9699999999999999,1.0,1.0,1.0,0.8,skip,attack_already_active,1785296148.6965063,1785296148696506464,1384816913204775,57.7,53.3515625,-1.0,0,0
2026-07-28T23:35:48.697,10.42.0.1,10.42.0.1,36,3,UPLOAD,0.95,UPLOAD,0.95,1,14480,0.656780724814452,47,270856.0,177893.0,25,22,0.6035801751090253,0.3964198248909747,0.00442783821383138,1,0,1,1,1,1,1,1,0.9699999999999999,1.0,1.0,1.0,0.8,skip,attack_already_active,1785296148.6975987,1785296148697598817,1384816914297128,57.7,53.3515625,-1.0,0,0
2026-07-28T23:35:48.699,10.42.0.1,10.42.0.1,36,3,UPLOAD,0.95,UPLOAD,0.95,1,14480,0.710240865996285,48,270856.0,192373.0,25,23,0.5847129605443528,0.4152870394556472,0.004050429447207697,1,0,1,1,1,1,1,1,0.9699999999999999,1.0,1.0,1.0,0.8,skip,attack_already_active,1785296148.6991625,1785296148699162438,1384816915861009,57.7,53.3515625,-1.0,0,0
2026-07-28T23:35:48.699,10.42.0.1,10.42.0.1,36,3,UPLOAD,0.95,UPLOAD,0.95,1,5792,0.7316249224690181,49,270856.0,198165.0,25,24,0.5774922658047295,0.4225077341952706,0.003613514936762967,1,0,1,1,1,1,1,1,0.9699999999999999,1.0,1.0,1.0,0.8,skip,attack_already_active,1785296148.6998973,1785296148699897230,1384816916595639,57.7,53.3515625,-1.0,0,0
2026-07-28T23:35:48.700,10.42.0.1,10.42.0.1,36,3,UPLOAD,0.95,UPLOAD,0.95,1,8688,0.7637010071781178,50,270856.0,206853.0,25,25,0.5669895270970402,0.43301047290295974,0.003269864862946861,1,0,1,1,1,1,1,1,0.9699999999999999,1.0,1.0,1.0,0.8,skip,attack_already_active,1785296148.700903,1785296148700902889,1384816917601179,57.7,53.3515625,-1.0,0,0
2026-07-28T23:35:48.701,10.42.0.1,10.42.0.1,36,3,UPLOAD,0.95,UPLOAD,0.95,1,7129,0.7900212659132897,51,270856.0,213982.0,25,26,0.5586525808620612,0.44134741913793885,0.0029692370363807504,1,0,1,1,1,1,1,1,0.9699999999999999,1.0,1.0,1.0,0.8,skip,attack_already_active,1785296148.7018914,1785296148701891315,1384816918589484,57.7,53.3515625,-1.0,0,0
2026-07-28T23:35:48.790,10.42.0.18,10.42.0.1,28,3,UPLOAD,0.95,UPLOAD,0.95,1,5840,0.09042487304765229,7,64584.0,5840.0,6,1,0.9170737248665227,0.08292627513347722,0.446136588230311,0,0,0,1,1,1,1,1,0.9699999999999999,1.0,1.0,1.0,0.8,skip,already_attacked_this_round,1785296148.790727,1785296148790727028,1384817007426102,57.7,53.3515625,-1.0,0,0
2026-07-28T23:35:48.793,10.42.0.18,10.42.0.1,28,3,UPLOAD,0.9841010226033655,UPLOAD,0.9841010226033655,1,30660,0.5651554564665373,8,64584.0,36500.0,6,2,0.6389141703929405,0.3610858296070595,0.3877004030553027,0,0,0,1,1,1,1,1,0.9699999999999999,1.0,1.0,1.0,0.8,skip,already_attacked_this_round,1785296148.7934074,1785296148793407509,1384817010106013,57.7,53.3515625,-1.0,0,0
2026-07-28T23:35:48.795,10.42.0.18,10.42.0.1,28,3,UPLOAD,0.9854688349332961,UPLOAD,0.9854688349332961,1,43028,1.2313885792110832,9,64584.0,79528.0,6,3,0.44815143777062283,0.5518485622293772,0.33683464101828225,0,0,0,1,1,1,1,1,0.9699999999999999,1.0,1.0,1.0,0.8,skip,already_attacked_this_round,1785296148.7951016,1785296148795101695,1384817011800304,57.7,53.3515625,-1.0,0,0
2026-07-28T23:35:48.796,10.42.0.1,10.42.0.1,36,3,UPLOAD,0.95,UPLOAD,0.95,1,7240,0.8167513365042061,52,270856.0,221222.0,25,27,0.5504330614252212,0.4495669385747788,0.010586126378238594,1,0,1,1,1,1,1,1,0.9699999999999999,1.0,1.0,1.0,0.8,skip,attack_already_active,1785296148.796772,1785296148796772038,1384817013470725,57.7,53.3515625,-1.0,0,0
2026-07-28T23:35:48.798,10.42.0.1,10.42.0.1,36,3,UPLOAD,0.95,UPLOAD,0.95,1,14480,0.870211477686039,53,270856.0,235702.0,25,28,0.5346988893670617,0.4653011106329384,0.009409653782826958,1,0,1,1,1,1,1,1,0.9699999999999999,1.0,1.0,1.0,0.8,skip,attack_already_active,1785296148.7984302,1785296148798430087,1384817015128829,57.7,53.3515625,-1.0,0,0
2026-07-28T23:35:48.799,10.42.0.1,10.42.0.1,36,3,UPLOAD,0.95,UPLOAD,0.95,1,14480,0.923671618867872,54,270856.0,250182.0,25,29,0.5198392439706893,0.48016075602931074,0.008320379895922417,1,0,1,1,1,1,1,1,0.9699999999999999,1.0,1.0,1.0,0.8,skip,attack_already_active,1785296148.7995737,1785296148799573826,1384817016272533,57.7,53.3515625,-1.0,0,0
2026-07-28T23:35:48.801,10.42.0.1,10.42.0.1,36,3,UPLOAD,0.95,UPLOAD,0.95,1,21720,1.0038618306406213,55,270856.0,271902.0,25,30,0.4990364029641203,0.5009635970358797,0.007441846489993115,1,0,1,1,1,1,1,1,0.9699999999999999,1.0,1.0,1.0,0.8,skip,attack_already_active,1785296148.801227,1785296148801227050,1384817017925595,57.7,53.3515625,-1.0,0,0
2026-07-28T23:35:48.802,10.42.0.1,10.42.0.1,36,3,UPLOAD,0.95,UPLOAD,0.95,1,7240,1.0305919012315379,56,270856.0,279142.0,25,31,0.49246724533543756,0.5075327546645624,0.0065990610312811155,1,0,1,1,1,1,1,1,0.9699999999999999,1.0,1.0,1.0,0.8,skip,attack_already_active,1785296148.8022733,1785296148802273273,1384817018971731,57.7,53.3515625,-1.0,0,0
2026-07-28T23:35:48.803,10.42.0.1,10.42.0.1,36,3,UPLOAD,0.95,UPLOAD,0.95,1,7128,1.0569084679680092,57,270856.0,286270.0,25,32,0.4861665045250087,0.5138334954749912,0.005927152063678601,1,0,1,1,1,1,1,1,0.9699999999999999,1.0,1.0,1.0,0.8,skip,attack_already_active,1785296148.8037734,1785296148803773338,1384817020471728,57.7,53.3515625,-1.0,0,0
2026-07-28T23:35:48.962,10.42.0.1,10.42.0.1,36,3,UPLOAD,0.5029169988507141,UPLOAD,0.5029169988507141,0,43,1.0569084679680092,57,270856.0,286270.0,25,32,0.4861665045250087,0.5138334954749912,0.042351346238973984,1,0,1,1,1,1,1,1,0.8200000000000001,0.8000000000000002,1.0,0.6000000000000001,0.8,skip,attack_already_active,1785296148.962524,1785296148962523813,1384817179223231,57.7,53.3515625,-1.0,0,0
2026-07-28T23:35:49.266,10.42.0.210,10.42.0.1,36,2,TRAINING,0.9293977297375461,TRAINING,0.9293977297375461,0,43,1.5454995054162724e-11,6,64704.0,0.0,6,0,1.0,0.0,0.1678939819758597,0,0,0,0,0,0,0,0,0.0225,0.0,0.0,0.0,0.15,skip,training_upload_trigger_not_confirmed,1785296149.266354,1785296149266354300,1384817483053858,47.5,53.3515625,-1.0,0,0
2026-07-28T23:35:49.350,10.42.0.1,10.42.0.1,36,3,UPLOAD,0.9547639652112485,UPLOAD,0.9547639652112485,0,43,100.0,21,0.0,206742.0,0,21,0.0,1.0,0.04057907287660898,1,0,1,0,0,0,0,0,0.45499999999999996,0.1,1.0,0.0,0.8,skip,attack_already_active,1785296149.3509383,1785296149350938327,1384817567637070,47.5,53.3515625,-1.0,0,0
2026-07-28T23:35:50.025,10.42.0.47,10.42.0.1|10.42.0.47,36,3,UPLOAD,0.95,UPLOAD,0.95,1,7240,100.0,1,0.0,7240.0,0,1,0.0,1.0,0.26596460412299106,1,0,0,1,1,1,1,1,0.9699999999999999,1.0,1.0,1.0,0.8,trigger,training_upload_trigger_confirmed,1785296150.0256848,1785296150025684852,1384818242383456,12.0,53.3515625,9.265717,1785296150034951836,1384818251649173
2026-07-28T23:35:50.026,10.42.0.47,10.42.0.1|10.42.0.47,36,3,UPLOAD,0.9507410472574306,UPLOAD,0.9507410472574306,1,1448,100.0,2,0.0,8688.0,0,2,0.0,1.0,0.2310489303638137,1,0,1,1,1,1,1,1,0.9699999999999999,1.0,1.0,1.0,0.8,skip,attack_already_active,1785296150.026684,1785296150026684278,1384818243382755,12.0,53.3515625,-1.0,0,0
2026-07-28T23:35:50.029,10.42.0.47,10.42.0.1|10.42.0.47,36,3,UPLOAD,0.9512674619320864,UPLOAD,0.9512674619320864,1,5792,100.0,3,0.0,14480.0,0,3,0.0,1.0,0.20091465014601806,1,0,1,1,1,1,1,1,0.9699999999999999,1.0,1.0,1.0,0.8,skip,attack_already_active,1785296150.0290523,1785296150029052165,1384818245750830,12.0,53.3515625,-1.0,0,0
2026-07-28T23:35:50.030,10.42.0.47,10.42.0.1|10.42.0.47,36,3,UPLOAD,0.9532004195135448,UPLOAD,0.9532004195135448,1,11584,100.0,4,0.0,26064.0,0,4,0.0,1.0,0.17468887216025902,1,0,1,1,1,1,1,1,0.9699999999999999,1.0,1.0,1.0,0.8,skip,attack_already_active,1785296150.0309467,1785296150030946744,1384818247645100,12.0,53.3515625,-1.0,0,0
2026-07-28T23:35:50.032,10.42.0.47,10.42.0.1|10.42.0.47,36,3,UPLOAD,0.9550058608483526,UPLOAD,0.9550058608483526,1,5792,100.0,5,0.0,31856.0,0,5,0.0,1.0,0.15193971767497708,1,0,1,1,1,1,1,1,0.9699999999999999,1.0,1.0,1.0,0.8,skip,attack_already_active,1785296150.0329986,1785296150032998685,1384818249697704,13.9,53.3515625,-1.0,0,0
2026-07-28T23:35:50.033,10.42.0.47,10.42.0.1|10.42.0.47,36,3,UPLOAD,0.9568702506869496,UPLOAD,0.9568702506869496,1,11584,100.0,6,0.0,43440.0,0,6,0.0,1.0,0.13204474304640113,1,0,1,1,1,1,1,1,0.9699999999999999,1.0,1.0,1.0,0.8,skip,attack_already_active,1785296150.0339608,1785296150033960822,1384818250659250,13.9,53.3515625,-1.0,0,0
2026-07-28T23:35:50.034,10.42.0.47,10.42.0.1|10.42.0.47,36,3,UPLOAD,0.958060871782068,UPLOAD,0.958060871782068,1,4344,100.0,7,0.0,47784.0,0,7,0.0,1.0,0.11474188569833452,1,0,1,1,1,1,1,1,0.9699999999999999,1.0,1.0,1.0,0.8,skip,attack_already_active,1785296150.034699,1785296150034699096,1384818251397220,13.9,53.3515625,-1.0,0,0
2026-07-28T23:35:50.038,10.42.0.47,10.42.0.1|10.42.0.47,36,3,UPLOAD,0.9602068389378143,UPLOAD,0.9602068389378143,1,15928,100.0,8,0.0,63712.0,0,8,0.0,1.0,0.10008342030256848,1,0,1,1,1,1,1,1,0.9699999999999999,1.0,1.0,1.0,0.8,skip,attack_already_active,1785296150.0382018,1785296150038201880,1384818254900451,13.9,53.3515625,-1.0,0,0
2026-07-28T23:35:50.039,10.42.0.47,10.42.0.1|10.42.0.47,36,3,UPLOAD,0.9611916589204712,UPLOAD,0.9611916589204712,1,2896,100.0,9,0.0,66608.0,0,9,0.0,1.0,0.08702404377220828,1,0,1,1,1,1,1,1,0.9699999999999999,1.0,1.0,1.0,0.8,skip,attack_already_active,1785296150.0391812,1785296150039181347,1384818255879566,13.9,53.3515625,-1.0,0,0
2026-07-28T23:35:50.039,10.42.0.47,10.42.0.1|10.42.0.47,36,3,UPLOAD,0.9631028821062384,UPLOAD,0.9631028821062384,1,12920,100.0,10,0.0,79528.0,0,10,0.0,1.0,0.07564679047452628,1,0,1,1,1,1,1,1,0.9699999999999999,1.0,1.0,1.0,0.8,skip,attack_already_active,1785296150.0398664,1785296150039866426,1384818256564546,13.9,53.3515625,-1.0,0,0
2026-07-28T23:35:50.040,10.42.0.1,10.42.0.1|10.42.0.47,36,3,UPLOAD,0.9787518249254383,UPLOAD,0.9787518249254383,1,7240,100.0,1,0.0,7240.0,0,1,0.0,1.0,0.12054313084354809,1,0,1,1,1,1,1,1,0.9699999999999999,1.0,1.0,1.0,0.8,skip,attack_already_active,1785296150.040774,1785296150040774210,1384818257472268,13.9,53.3515625,-1.0,0,0
2026-07-28T23:35:50.041,10.42.0.1,10.42.0.1|10.42.0.47,36,3,UPLOAD,0.9800135210250426,UPLOAD,0.9800135210250426,1,7240,100.0,2,0.0,14480.0,0,2,0.0,1.0,0.10474034068031612,1,0,1,1,1,1,1,1,0.9699999999999999,1.0,1.0,1.0,0.8,skip,attack_already_active,1785296150.0413942,1785296150041394057,1384818258092076,13.9,53.3515625,-1.0,0,0
2026-07-28T23:35:50.056,10.42.0.1,10.42.0.1|10.42.0.47,36,3,UPLOAD,0.9803178750842761,UPLOAD,0.9803178750842761,1,1448,100.0,3,0.0,15928.0,0,3,0.0,1.0,0.0929818194353544,1,0,1,1,1,1,1,1,0.9699999999999999,1.0,1.0,1.0,0.8,skip,attack_already_active,1785296150.0569024,1785296150056902518,1384818273601091,13.9,53.3515625,-1.0,0,0
2026-07-28T23:35:50.076,10.42.0.210,10.42.0.1|10.42.0.210|10.42.0.47,36,3,UPLOAD,0.95,UPLOAD,0.95,1,1448,100.0,1,0.0,1448.0,0,1,0.0,1.0,0.25254658280552317,1,0,0,1,1,1,1,1,0.9525,0.95,1.0,1.0,0.8,trigger,training_upload_trigger_confirmed,1785296150.0766532,1785296150076653376,1384818293352002,13.9,53.3515625,42.040631,1785296150118695357,1384818335392633
2026-07-28T23:35:50.077,10.42.0.210,10.42.0.1|10.42.0.210|10.42.0.47,36,3,UPLOAD,0.9841010226033655,UPLOAD,0.9841010226033655,1,1448,100.0,2,0.0,2896.0,0,2,0.0,1.0,0.2194140792338452,1,0,1,1,1,1,1,1,0.9699999999999999,1.0,1.0,1.0,0.8,skip,attack_already_active,1785296150.0777664,1785296150077766419,1384818294464792,13.9,53.3515625,-1.0,0,0
2026-07-28T23:35:50.078,10.42.0.210,10.42.0.1|10.42.0.210|10.42.0.47,36,3,UPLOAD,0.9854688349332961,UPLOAD,0.9854688349332961,1,1448,100.0,3,0.0,4344.0,0,3,0.0,1.0,0.19063037694000526,1,0,1,1,1,1,1,1,0.9699999999999999,1.0,1.0,1.0,0.8,skip,attack_already_active,1785296150.078749,1785296150078748810,1384818295447023,13.9,53.3515625,-1.0,0,0
2026-07-28T23:35:50.079,10.42.0.210,10.42.0.1|10.42.0.210|10.42.0.47,36,3,UPLOAD,0.9855076450773014,UPLOAD,0.9855076450773014,1,1448,100.0,4,0.0,5792.0,0,4,0.0,1.0,0.1656421451242047,1,0,1,1,1,1,1,1,0.9699999999999999,1.0,1.0,1.0,0.8,skip,attack_already_active,1785296150.0797505,1785296150079750623,1384818296448956,13.9,53.3515625,-1.0,0,0
2026-07-28T23:35:50.080,10.42.0.210,10.42.0.1|10.42.0.210|10.42.0.47,36,3,UPLOAD,0.9855086980780915,UPLOAD,0.9855086980780915,1,1448,100.0,5,0.0,7240.0,0,5,0.0,1.0,0.14394779247624687,1,0,1,1,1,1,1,1,0.9699999999999999,1.0,1.0,1.0,0.8,skip,attack_already_active,1785296150.0807602,1785296150080760251,1384818297458468,13.9,53.3515625,-1.0,0,0
2026-07-28T23:35:50.081,10.42.0.210,10.42.0.1|10.42.0.210|10.42.0.47,36,3,UPLOAD,0.9855087254685951,UPLOAD,0.9855087254685951,1,1448,100.0,6,0.0,8688.0,0,6,0.0,1.0,0.12511191886682957,1,0,1,1,1,1,1,1,0.9699999999999999,1.0,1.0,1.0,0.8,skip,attack_already_active,1785296150.0817678,1785296150081767705,1384818298466021,13.9,53.3515625,-1.0,0,0
2026-07-28T23:35:50.082,10.42.0.210,10.42.0.1|10.42.0.210|10.42.0.47,36,3,UPLOAD,0.9855087261493067,UPLOAD,0.9855087261493067,1,1448,100.0,7,0.0,10136.0,0,7,0.0,1.0,0.10875653020488109,1,0,1,1,1,1,1,1,0.9699999999999999,1.0,1.0,1.0,0.8,skip,attack_already_active,1785296150.0827632,1785296150082763379,1384818299461555,13.9,53.3515625,-1.0,0,0
2026-07-28T23:35:50.083,10.42.0.210,10.42.0.1|10.42.0.210|10.42.0.47,36,3,UPLOAD,0.9855087261653082,UPLOAD,0.9855087261653082,1,1448,100.0,8,0.0,11584.0,0,8,0.0,1.0,0.09455670978797295,1,0,1,1,1,1,1,1,0.9699999999999999,1.0,1.0,1.0,0.8,skip,attack_already_active,1785296150.0837612,1785296150083761062,1384818300459268,13.9,53.3515625,-1.0,0,0
2026-07-28T23:35:50.084,10.42.0.210,10.42.0.1|10.42.0.210|10.42.0.47,36,3,UPLOAD,0.985508726165656,UPLOAD,0.985508726165656,1,1448,100.0,9,0.0,13032.0,0,9,0.0,1.0,0.08223246161080733,1,0,1,1,1,1,1,1,0.9699999999999999,1.0,1.0,1.0,0.8,skip,attack_already_active,1785296150.0847926,1785296150084792623,1384818301490902,13.9,53.3515625,-1.0,0,0
2026-07-28T23:35:50.085,10.42.0.210,10.42.0.1|10.42.0.210|10.42.0.47,36,3,UPLOAD,0.95,UPLOAD,0.95,1,1448,100.0,10,0.0,14480.0,0,10,0.0,1.0,0.0715297841268284,1,0,1,1,1,1,1,1,0.9699999999999999,1.0,1.0,1.0,0.8,skip,attack_already_active,1785296150.0858054,1785296150085805244,1384818302503558,13.9,53.3515625,-1.0,0,0
2026-07-28T23:35:50.086,10.42.0.210,10.42.0.1|10.42.0.210|10.42.0.47,36,3,UPLOAD,0.95,UPLOAD,0.95,1,1448,100.0,11,0.0,15928.0,0,11,0.0,1.0,0.06223867156468835,1,0,1,1,1,1,1,1,0.9699999999999999,1.0,1.0,1.0,0.8,skip,attack_already_active,1785296150.0868275,1785296150086827440,1384818303525669,13.9,53.3515625,-1.0,0,0
2026-07-28T23:35:50.087,10.42.0.210,10.42.0.1|10.42.0.210|10.42.0.47,36,3,UPLOAD,0.95,UPLOAD,0.95,1,1448,100.0,12,0.0,17376.0,0,12,0.0,1.0,0.05416686362781227,1,0,1,1,1,1,1,1,0.9699999999999999,1.0,1.0,1.0,0.8,skip,attack_already_active,1785296150.0878115,1785296150087811708,1384818304509959,13.9,53.3515625,-1.0,0,0
2026-07-28T23:35:50.088,10.42.0.210,10.42.0.1|10.42.0.210|10.42.0.47,36,3,UPLOAD,0.95,UPLOAD,0.95,1,1448,100.0,13,0.0,18824.0,0,13,0.0,1.0,0.047172191993584175,1,0,1,1,1,1,1,1,0.9699999999999999,1.0,1.0,1.0,0.8,skip,attack_already_active,1785296150.0888977,1785296150088897834,1384818305596379,13.9,53.3515625,-1.0,0,0
2026-07-28T23:35:50.090,10.42.0.210,10.42.0.1|10.42.0.210|10.42.0.47,36,3,UPLOAD,0.95,UPLOAD,0.95,1,1448,100.0,14,0.0,20272.0,0,14,0.0,1.0,0.04115415725615465,1,0,1,1,1,1,1,1,0.9699999999999999,1.0,1.0,1.0,0.8,skip,attack_already_active,1785296150.0904007,1785296150090400790,1384818307099272,13.9,53.3515625,-1.0,0,0
2026-07-28T23:35:50.092,10.42.0.210,10.42.0.1|10.42.0.210|10.42.0.47,36,3,UPLOAD,0.95,UPLOAD,0.95,1,1448,100.0,15,0.0,21720.0,0,15,0.0,1.0,0.03594309521123003,1,0,1,1,1,1,1,1,0.9699999999999999,1.0,1.0,1.0,0.8,skip,attack_already_active,1785296150.0920095,1785296150092009552,1384818308708075,13.9,53.3515625,-1.0,0,0
2026-07-28T23:35:50.094,10.42.0.210,10.42.0.1|10.42.0.210|10.42.0.47,36,3,UPLOAD,0.95,UPLOAD,0.95,1,1448,100.0,16,0.0,23168.0,0,16,0.0,1.0,0.031470714031159336,1,0,1,1,1,1,1,1,0.9699999999999999,1.0,1.0,1.0,0.8,skip,attack_already_active,1785296150.094013,1785296150094012879,1384818310711630,13.9,53.3515625,-1.0,0,0
2026-07-28T23:35:50.095,10.42.0.210,10.42.0.1|10.42.0.210|10.42.0.47,36,3,UPLOAD,0.95,UPLOAD,0.95,1,1448,100.0,17,0.0,24616.0,0,17,0.0,1.0,0.02753546265087187,1,0,1,1,1,1,1,1,0.9699999999999999,1.0,1.0,1.0,0.8,skip,attack_already_active,1785296150.0956202,1785296150095620019,1384818312318725,13.9,53.3515625,-1.0,0,0
2026-07-28T23:35:50.096,10.42.0.210,10.42.0.1|10.42.0.210|10.42.0.47,36,3,UPLOAD,0.95,UPLOAD,0.95,1,1448,100.0,18,0.0,26064.0,0,18,0.0,1.0,0.02406169136668164,1,0,1,1,1,1,1,1,0.9699999999999999,1.0,1.0,1.0,0.8,skip,attack_already_active,1785296150.0967941,1785296150096794239,1384818313492642,13.9,53.3515625,-1.0,0,0
2026-07-28T23:35:50.098,10.42.0.210,10.42.0.1|10.42.0.210|10.42.0.47,36,3,UPLOAD,0.95,UPLOAD,0.95,1,1448,100.0,19,0.0,27512.0,0,19,0.0,1.0,0.021087836708476006,1,0,1,1,1,1,1,1,0.9699999999999999,1.0,1.0,1.0,0.8,skip,attack_already_active,1785296150.098288,1785296150098288229,1384818314987480,13.9,53.3515625,-1.0,0,0
2026-07-28T23:35:50.099,10.42.0.210,10.42.0.1|10.42.0.210|10.42.0.47,36,3,UPLOAD,0.95,UPLOAD,0.95,1,1448,100.0,20,0.0,28960.0,0,20,0.0,1.0,0.018465174529421678,1,0,1,1,1,1,1,1,0.9699999999999999,1.0,1.0,1.0,0.8,skip,attack_already_active,1785296150.0994732,1785296150099473166,1384818316171622,13.9,53.3515625,-1.0,0,0
2026-07-28T23:35:50.101,10.42.0.210,10.42.0.1|10.42.0.210|10.42.0.47,36,3,UPLOAD,0.95,UPLOAD,0.95,1,1448,100.0,21,0.0,30408.0,0,21,0.0,1.0,0.016234013206454005,1,0,1,1,1,1,1,1,0.9699999999999999,1.0,1.0,1.0,0.8,skip,attack_already_active,1785296150.1010067,1785296150101006947,1384818317705788,13.9,53.3515625,-1.0,0,0
2026-07-28T23:35:50.102,10.42.0.210,10.42.0.1|10.42.0.210|10.42.0.47,36,3,UPLOAD,0.95,UPLOAD,0.95,1,1448,100.0,22,0.0,31856.0,0,22,0.0,1.0,0.014243860690123386,1,0,1,1,1,1,1,1,0.9699999999999999,1.0,1.0,1.0,0.8,skip,attack_already_active,1785296150.102138,1785296150102138031,1384818318836600,13.9,53.3515625,-1.0,0,0
2026-07-28T23:35:50.103,10.42.0.210,10.42.0.1|10.42.0.210|10.42.0.47,36,3,UPLOAD,0.95,UPLOAD,0.95,1,1448,100.0,23,0.0,33304.0,0,23,0.0,1.0,0.012529154806714779,1,0,1,1,1,1,1,1,0.9699999999999999,1.0,1.0,1.0,0.8,skip,attack_already_active,1785296150.1033695,1785296150103369507,1384818320068051,13.9,53.3515625,-1.0,0,0
2026-07-28T23:35:50.104,10.42.0.210,10.42.0.1|10.42.0.210|10.42.0.47,36,3,UPLOAD,0.95,UPLOAD,0.95,1,1448,100.0,24,0.0,34752.0,0,24,0.0,1.0,0.011009834170612555,1,0,1,1,1,1,1,1,0.9699999999999999,1.0,1.0,1.0,0.8,skip,attack_already_active,1785296150.104369,1785296150104368986,1384818321067194,13.9,53.3515625,-1.0,0,0
2026-07-28T23:35:50.105,10.42.0.210,10.42.0.1|10.42.0.210|10.42.0.47,36,3,UPLOAD,0.95,UPLOAD,0.95,1,1448,100.0,25,0.0,36200.0,0,25,0.0,1.0,0.009646453972661938,1,0,1,1,1,1,1,1,0.9699999999999999,1.0,1.0,1.0,0.8,skip,attack_already_active,1785296150.1050324,1785296150105032418,1384818321730627,13.9,53.3515625,-1.0,0,0
2026-07-28T23:35:50.106,10.42.0.210,10.42.0.1|10.42.0.210|10.42.0.47,36,3,UPLOAD,0.95,UPLOAD,0.95,1,1448,100.0,26,0.0,37648.0,0,26,0.0,1.0,0.008518372835983426,1,0,1,1,1,1,1,1,0.9699999999999999,1.0,1.0,1.0,0.8,skip,attack_already_active,1785296150.1061182,1785296150106118190,1384818322817098,13.9,53.3515625,-1.0,0,0
2026-07-28T23:35:50.107,10.42.0.210,10.42.0.1|10.42.0.210|10.42.0.47,36,3,UPLOAD,0.95,UPLOAD,0.95,1,1448,100.0,27,0.0,39096.0,0,27,0.0,1.0,0.007535362398936451,1,0,1,1,1,1,1,1,0.9699999999999999,1.0,1.0,1.0,0.8,skip,attack_already_active,1785296150.1071768,1785296150107176586,1384818323874848,13.9,53.3515625,-1.0,0,0
2026-07-28T23:35:50.107,10.42.0.210,10.42.0.1|10.42.0.210|10.42.0.47,36,3,UPLOAD,0.95,UPLOAD,0.95,1,1448,100.0,28,0.0,40544.0,0,28,0.0,1.0,0.0066505329933970085,1,0,1,1,1,1,1,1,0.9699999999999999,1.0,1.0,1.0,0.8,skip,attack_already_active,1785296150.1079974,1785296150107997373,1384818324696178,13.9,53.3515625,-1.0,0,0
2026-07-28T23:35:50.109,10.42.0.210,10.42.0.1|10.42.0.210|10.42.0.47,36,3,UPLOAD,0.95,UPLOAD,0.95,1,1448,100.0,29,0.0,41992.0,0,29,0.0,1.0,0.005989717882365421,1,0,1,1,1,1,1,1,0.9699999999999999,1.0,1.0,1.0,0.8,skip,attack_already_active,1785296150.1096332,1785296150109633313,1384818326332465,13.9,53.3515625,-1.0,0,0
2026-07-28T23:35:50.110,10.42.0.210,10.42.0.1|10.42.0.210|10.42.0.47,36,3,UPLOAD,0.95,UPLOAD,0.95,1,1448,100.0,30,0.0,43440.0,0,30,0.0,1.0,0.005323268343325131,1,0,1,1,1,1,1,1,0.9699999999999999,1.0,1.0,1.0,0.8,skip,attack_already_active,1785296150.1105654,1785296150110565473,1384818327263912,13.9,53.3515625,-1.0,0,0
2026-07-28T23:35:50.111,10.42.0.210,10.42.0.1|10.42.0.210|10.42.0.47,36,3,UPLOAD,0.95,UPLOAD,0.95,1,1448,100.0,31,0.0,44888.0,0,31,0.0,1.0,0.004752871218447474,1,0,1,1,1,1,1,1,0.9699999999999999,1.0,1.0,1.0,0.8,skip,attack_already_active,1785296150.11156,1785296150111560109,1384818328258724,13.9,53.3515625,-1.0,0,0
2026-07-28T23:35:50.112,10.42.0.210,10.42.0.1|10.42.0.210|10.42.0.47,36,3,UPLOAD,0.95,UPLOAD,0.95,1,1448,100.0,32,0.0,46336.0,0,32,0.0,1.0,0.004227131497055031,1,0,1,1,1,1,1,1,0.9699999999999999,1.0,1.0,1.0,0.8,skip,attack_already_active,1785296150.1123233,1785296150112323382,1384818329021708,13.9,53.3515625,-1.0,0,0
2026-07-28T23:35:50.113,10.42.0.210,10.42.0.1|10.42.0.210|10.42.0.47,36,3,UPLOAD,0.95,UPLOAD,0.95,1,1448,100.0,33,0.0,47784.0,0,33,0.0,1.0,0.0038032507765993814,1,0,1,1,1,1,1,1,0.9699999999999999,1.0,1.0,1.0,0.8,skip,attack_already_active,1785296150.1133337,1785296150113333837,1384818330032308,13.9,53.3515625,-1.0,0,0
2026-07-28T23:35:50.114,10.42.0.210,10.42.0.1|10.42.0.210|10.42.0.47,36,3,UPLOAD,0.95,UPLOAD,0.95,1,1448,100.0,34,0.0,49232.0,0,34,0.0,1.0,0.0033927502777740836,1,0,1,1,1,1,1,1,0.9699999999999999,1.0,1.0,1.0,0.8,skip,attack_already_active,1785296150.1140218,1785296150114021824,1384818330720042,13.9,53.3515625,-1.0,0,0
2026-07-28T23:35:50.114,10.42.0.210,10.42.0.1|10.42.0.210|10.42.0.47,36,3,UPLOAD,0.95,UPLOAD,0.95,1,1448,100.0,35,0.0,50680.0,0,35,0.0,1.0,0.003033735613144879,1,0,1,1,1,1,1,1,0.9699999999999999,1.0,1.0,1.0,0.8,skip,attack_already_active,1785296150.11469,1785296150114689990,1384818331388050,13.9,53.3515625,-1.0,0,0
2026-07-28T23:35:50.115,10.42.0.210,10.42.0.1|10.42.0.210|10.42.0.47,36,3,UPLOAD,0.95,UPLOAD,0.95,1,1448,100.0,36,0.0,52128.0,0,36,0.0,1.0,0.002721652905454816,1,0,1,1,1,1,1,1,0.9699999999999999,1.0,1.0,1.0,0.8,skip,attack_already_active,1785296150.1153555,1785296150115355338,1384818332053504,13.9,53.3515625,-1.0,0,0
2026-07-28T23:35:50.116,10.42.0.210,10.42.0.1|10.42.0.210|10.42.0.47,36,3,UPLOAD,0.95,UPLOAD,0.95,1,1448,100.0,37,0.0,53576.0,0,37,0.0,1.0,0.0024500035461929755,1,0,1,1,1,1,1,1,0.9699999999999999,1.0,1.0,1.0,0.8,skip,attack_already_active,1785296150.1160157,1785296150116015556,1384818332713634,13.9,53.3515625,-1.0,0,0
2026-07-28T23:35:50.116,10.42.0.210,10.42.0.1|10.42.0.210|10.42.0.47,36,3,UPLOAD,0.95,UPLOAD,0.95,1,1448,100.0,38,0.0,55024.0,0,38,0.0,1.0,0.002213805044646638,1,0,1,1,1,1,1,1,0.9699999999999999,1.0,1.0,1.0,0.8,skip,attack_already_active,1785296150.1166732,1785296150116673271,1384818333371441,13.9,53.3515625,-1.0,0,0
2026-07-28T23:35:50.117,10.42.0.210,10.42.0.1|10.42.0.210|10.42.0.47,36,3,UPLOAD,0.95,UPLOAD,0.95,1,1448,100.0,39,0.0,56472.0,0,39,0.0,1.0,0.0020825625569539557,1,0,1,1,1,1,1,1,0.9699999999999999,1.0,1.0,1.0,0.8,skip,attack_already_active,1785296150.117891,1785296150117891092,1384818334590168,13.9,53.3515625,-1.0,0,0
2026-07-28T23:35:50.118,10.42.0.1,10.42.0.1|10.42.0.210|10.42.0.47,36,3,UPLOAD,0.9806344821105449,UPLOAD,0.9806344821105449,1,7240,100.0,4,0.0,23168.0,0,4,0.0,1.0,0.0889034841901441,1,0,1,1,1,1,1,1,0.9699999999999999,1.0,1.0,1.0,0.8,skip,attack_already_active,1785296150.1189349,1785296150118934703,1384818335633266,13.9,53.3515625,-1.0,0,0
2026-07-28T23:35:50.119,10.42.0.1,10.42.0.1|10.42.0.210|10.42.0.47,36,3,UPLOAD,0.9808305797711587,UPLOAD,0.9808305797711587,1,7240,100.0,5,0.0,30408.0,0,5,0.0,1.0,0.07728642300017326,1,0,1,1,1,1,1,1,0.9699999999999999,1.0,1.0,1.0,0.8,skip,attack_already_active,1785296150.1196797,1785296150119679840,1384818336378117,13.9,53.3515625,-1.0,0,0
2026-07-28T23:35:50.141,10.42.0.1,10.42.0.1|10.42.0.210|10.42.0.47,36,3,UPLOAD,0.9809924277059308,UPLOAD,0.9809924277059308,1,13032,100.0,6,0.0,43440.0,0,6,0.0,1.0,0.06995761198586582,1,0,1,1,1,1,1,1,0.9699999999999999,1.0,1.0,1.0,0.8,skip,attack_already_active,1785296150.1413498,1785296150141349780,1384818358048508,13.9,53.3515625,-1.0,0,0
2026-07-28T23:35:50.142,10.42.0.1,10.42.0.1|10.42.0.210|10.42.0.47,36,3,UPLOAD,0.981134957220159,UPLOAD,0.981134957220159,1,13032,100.0,7,0.0,56472.0,0,7,0.0,1.0,0.06087907537928071,1,0,1,1,1,1,1,1,0.9699999999999999,1.0,1.0,1.0,0.8,skip,attack_already_active,1785296150.142413,1785296150142412774,1384818359111396,13.9,53.3515625,-1.0,0,0
2026-07-28T23:35:50.143,10.42.0.1,10.42.0.1|10.42.0.210|10.42.0.47,36,3,UPLOAD,0.9812131197109246,UPLOAD,0.9812131197109246,1,14480,100.0,8,0.0,70952.0,0,8,0.0,1.0,0.052989600673144975,1,0,1,1,1,1,1,1,0.9699999999999999,1.0,1.0,1.0,0.8,skip,attack_already_active,1785296150.143421,1785296150143420845,1384818360119186,13.9,53.3515625,-1.0,0,0
2026-07-28T23:35:50.144,10.42.0.1,10.42.0.1|10.42.0.210|10.42.0.47,36,3,UPLOAD,0.9811629862874583,UPLOAD,0.9811629862874583,1,14480,100.0,9,0.0,85432.0,0,9,0.0,1.0,0.04610171073519336,1,0,1,1,1,1,1,1,0.9699999999999999,1.0,1.0,1.0,0.8,skip,attack_already_active,1785296150.1441402,1785296150144140195,1384818360838434,13.9,53.3515625,-1.0,0,0
2026-07-28T23:35:50.145,10.42.0.1,10.42.0.1|10.42.0.210|10.42.0.47,36,3,UPLOAD,0.9809263954031477,UPLOAD,0.9809263954031477,1,7240,100.0,10,0.0,92672.0,0,10,0.0,1.0,0.04015257214167672,1,0,1,1,1,1,1,1,0.9699999999999999,1.0,1.0,1.0,0.8,skip,attack_already_active,1785296150.1450956,1785296150145095782,1384818361793953,13.9,53.3515625,-1.0,0,0
2026-07-28T23:35:50.146,10.42.0.1,10.42.0.1|10.42.0.210|10.42.0.47,36,3,UPLOAD,0.9807938690894111,UPLOAD,0.9807938690894111,1,7240,100.0,11,0.0,99912.0,0,11,0.0,1.0,0.03498508464990688,1,0,1,1,1,1,1,1,0.9699999999999999,1.0,1.0,1.0,0.8,skip,attack_already_active,1785296150.1460335,1785296150146033445,1384818362731781,13.9,53.3515625,-1.0,0,0
2026-07-28T23:35:50.146,10.42.0.1,10.42.0.1|10.42.0.210|10.42.0.47,36,3,UPLOAD,0.9808541458405237,UPLOAD,0.9808541458405237,1,7240,100.0,12,0.0,107152.0,0,12,0.0,1.0,0.03049879141718434,1,0,1,1,1,1,1,1,0.9699999999999999,1.0,1.0,1.0,0.8,skip,attack_already_active,1785296150.1469734,1785296150146973436,1384818363671616,13.9,53.3515625,-1.0,0,0
2026-07-28T23:35:50.148,10.42.0.1,10.42.0.1|10.42.0.210|10.42.0.47,36,3,UPLOAD,0.9807302533341808,UPLOAD,0.9807302533341808,1,14480,100.0,13,0.0,121632.0,0,13,0.0,1.0,0.026683885922579954,1,0,1,1,1,1,1,1,0.9699999999999999,1.0,1.0,1.0,0.8,skip,attack_already_active,1785296150.148522,1785296150148522067,1384818365220333,13.9,53.3515625,-1.0,0,0
2026-07-28T23:35:50.149,10.42.0.1,10.42.0.1|10.42.0.210|10.42.0.47,36,3,UPLOAD,0.9804261890678868,UPLOAD,0.9804261890678868,1,14480,100.0,14,0.0,136112.0,0,14,0.0,1.0,0.023260249765730504,1,0,1,1,1,1,1,1,0.9699999999999999,1.0,1.0,1.0,0.8,skip,attack_already_active,1785296150.1492248,1785296150149224783,1384818365923229,13.9,53.3515625,-1.0,0,0
2026-07-28T23:35:50.150,10.42.0.1,10.42.0.1|10.42.0.210|10.42.0.47,36,3,UPLOAD,0.9804102473719719,UPLOAD,0.9804102473719719,1,7129,100.0,15,0.0,143241.0,0,15,0.0,1.0,0.020321315315131528,1,0,1,1,1,1,1,1,0.9699999999999999,1.0,1.0,1.0,0.8,skip,attack_already_active,1785296150.1501822,1785296150150182236,1384818366880627,13.9,53.3515625,-1.0,0,0
2026-07-28T23:35:50.151,10.42.0.1,10.42.0.1|10.42.0.210|10.42.0.47,36,3,UPLOAD,0.9805211204665402,UPLOAD,0.9805211204665402,1,5792,100.0,16,0.0,149033.0,0,16,0.0,1.0,0.017767929429073185,1,0,1,1,1,1,1,1,0.9699999999999999,1.0,1.0,1.0,0.8,skip,attack_already_active,1785296150.1511266,1785296150151126572,1384818367824847,13.9,53.3515625,-1.0,0,0
2026-07-28T23:35:50.152,10.42.0.1,10.42.0.1|10.42.0.210|10.42.0.47,36,3,UPLOAD,0.9807202812925555,UPLOAD,0.9807202812925555,1,7240,100.0,17,0.0,156273.0,0,17,0.0,1.0,0.015591386075628984,1,0,1,1,1,1,1,1,0.9699999999999999,1.0,1.0,1.0,0.8,skip,attack_already_active,1785296150.1523774,1785296150152377354,1384818369075562,13.9,53.3515625,-1.0,0,0
2026-07-28T23:35:50.153,10.42.0.1,10.42.0.1|10.42.0.210|10.42.0.47,36,3,UPLOAD,0.9798050838136794,UPLOAD,0.9798050838136794,1,2784,100.0,18,0.0,159057.0,0,18,0.0,1.0,0.013623645959539906,1,0,1,1,1,1,1,1,0.9699999999999999,1.0,1.0,1.0,0.8,skip,attack_already_active,1785296150.153036,1785296150153035920,1384818369734054,13.9,53.3515625,-1.0,0,0
2026-07-28T23:35:50.456,10.42.0.1,10.42.0.47,37,1,DOWNLOAD,0.9776634619343505,DOWNLOAD,0.9776634619343505,-1,1448,100.0,19,1448.0,159057.0,1,18,0.009021525809164823,0.9909784741908352,0.1575062326797002,0,0,0,0,1,0,0,0,0.44,0.8500000000000001,0.0,0.6000000000000001,0.15,skip,training_upload_trigger_not_confirmed,1785296150.4564471,1785296150456447357,1384818673146402,13.9,53.3515625,-1.0,0,0
2026-07-28T23:35:50.460,10.42.0.1,10.42.0.47,37,1,DOWNLOAD,0.95,DOWNLOAD,0.95,-1,5792,21.969198892131327,20,7240.0,159057.0,2,18,0.04353656409917196,0.956463435900828,0.13731701272125255,0,0,0,0,1,0,0,0,0.44,0.8500000000000001,0.0,0.6000000000000001,0.15,skip,training_upload_trigger_not_confirmed,1785296150.460743,1785296150460742909,1384818677442658,13.9,53.3515625,-1.0,0,0
2026-07-28T23:35:50.462,10.42.0.1,10.42.0.47,37,1,DOWNLOAD,0.95,DOWNLOAD,0.95,-1,7240,10.984599446824268,21,14480.0,159057.0,3,18,0.08344041904608239,0.9165595809539177,0.11939477537586039,0,0,0,0,1,0,0,0,0.44,0.8500000000000001,0.0,0.6000000000000001,0.15,skip,training_upload_trigger_not_confirmed,1785296150.462053,1785296150462053123,1384818678751712,13.9,53.3515625,-1.0,0,0
2026-07-28T23:35:50.463,10.42.0.1,10.42.0.47,37,1,DOWNLOAD,0.95,DOWNLOAD,0.95,-1,7240,7.323066298051424,22,21720.0,159057.0,4,18,0.12014802768051246,0.8798519723194875,0.1039165451379609,0,0,0,0,1,0,0,0,0.44,0.8500000000000001,0.0,0.6000000000000001,0.15,skip,training_upload_trigger_not_confirmed,1785296150.4639878,1785296150463987703,1384818680686641,13.9,53.3515625,-1.0,0,0
2026-07-28T23:35:50.464,10.42.0.1,10.42.0.47,37,1,DOWNLOAD,0.95,DOWNLOAD,0.95,-1,7240,5.492299723601786,23,28960.0,159057.0,5,18,0.15402862507113718,0.8459713749288628,0.09034012197560852,0,0,0,0,1,0,0,0,0.44,0.8500000000000001,0.0,0.6000000000000001,0.15,skip,training_upload_trigger_not_confirmed,1785296150.4648767,1785296150464876649,1384818681575452,13.9,53.3515625,-1.0,0,0
2026-07-28T23:35:50.467,10.42.0.1,10.42.0.47,37,1,DOWNLOAD,0.95,DOWNLOAD,0.95,-1,7240,4.393839778911772,24,36200.0,159057.0,6,18,0.1853966823212484,0.8146033176787516,0.07882159557113057,0,0,0,0,1,0,0,0,0.44,0.8500000000000001,0.0,0.6000000000000001,0.15,skip,training_upload_trigger_not_confirmed,1785296150.4678059,1785296150467805938,1384818684505564,13.9,53.3515625,-1.0,0,0
2026-07-28T23:35:50.468,10.42.0.1,10.42.0.47,37,1,DOWNLOAD,0.95,DOWNLOAD,0.95,-1,7240,3.6615331491100016,25,43440.0,159057.0,7,18,0.21452169661772766,0.7854783033822723,0.06855148054252934,0,0,0,0,1,0,0,0,0.44,0.8500000000000001,0.0,0.6000000000000001,0.15,skip,training_upload_trigger_not_confirmed,1785296150.4686904,1785296150468690431,1384818685388679,13.9,53.3515625,-1.0,0,0
2026-07-28T23:35:50.470,10.42.0.1,10.42.0.47,37,1,DOWNLOAD,0.95,DOWNLOAD,0.95,-1,7240,3.138456984961751,26,50680.0,159057.0,8,18,0.24163595359903117,0.7583640464009689,0.05972072553085808,0,0,0,0,1,0,0,0,0.4,0.8500000000000001,0.0,0.4,0.15,skip,training_upload_trigger_not_confirmed,1785296150.4702277,1785296150470227595,1384818686926033,13.9,53.3515625,-1.0,0,0
2026-07-28T23:35:50.471,10.42.0.1,10.42.0.47,37,1,DOWNLOAD,0.95,DOWNLOAD,0.95,-1,7240,2.7461498618483056,27,57920.0,159057.0,9,18,0.2669407356540094,0.7330592643459906,0.0519625907081367,0,0,0,0,1,0,0,0,0.4,0.8500000000000001,0.0,0.4,0.15,skip,training_upload_trigger_not_confirmed,1785296150.471074,1785296150471074131,1384818687773039,13.9,53.3515625,-1.0,0,0
2026-07-28T23:35:50.471,10.42.0.1,10.42.0.47,37,1,DOWNLOAD,0.95,DOWNLOAD,0.95,-1,10136,2.3371488186003124,28,68056.0,159057.0,10,18,0.2996569989388542,0.7003430010611458,0.04522194168829387,0,0,0,0,1,0,0,0,0.4,0.8500000000000001,0.0,0.4,0.15,skip,training_upload_trigger_not_confirmed,1785296150.4718838,1785296150471883714,1384818688582401,13.9,53.3515625,-1.0,0,0
2026-07-28T23:35:50.472,10.42.0.1,10.42.0.47,37,1,DOWNLOAD,0.95,DOWNLOAD,0.95,-1,10136,2.034185082859702,29,78192.0,159057.0,11,18,0.32957778536474336,0.6704222146352566,0.03936997795706688,0,0,0,0,1,0,0,0,0.4,0.8500000000000001,0.0,0.4,0.15,skip,training_upload_trigger_not_confirmed,1785296150.4726968,1785296150472696736,1384818689395133,13.9,53.3515625,-1.0,0,0
2026-07-28T23:35:50.473,10.42.0.1,10.42.0.47,37,1,DOWNLOAD,0.95,DOWNLOAD,0.95,-1,14480,1.7163436636663034,30,92672.0,159057.0,12,18,0.36814193040928933,0.6318580695907107,0.03428717433654505,0,0,0,0,1,0,0,0,0.32,0.8500000000000001,0.0,0.0,0.15,skip,training_upload_trigger_not_confirmed,1785296150.4734948,1785296150473494721,1384818690193533,13.9,53.3515625,-1.0,0,0
2026-07-28T23:35:50.474,10.42.0.1,10.42.0.47,37,1,DOWNLOAD,0.95,DOWNLOAD,0.95,-1,4344,1.6394924548462164,31,97016.0,159057.0,13,18,0.37886071549909595,0.621139284500904,0.029870981297426442,0,0,0,0,1,0,0,0,0.32,0.8500000000000001,0.0,0.0,0.15,skip,training_upload_trigger_not_confirmed,1785296150.4742687,1785296150474268743,1384818690967160,13.9,53.3515625,-1.0,0,0
2026-07-28T23:35:50.475,10.42.0.1,10.42.0.47,37,1,DOWNLOAD,0.95,DOWNLOAD,0.95,-1,4344,1.5692284924963575,32,101360.0,159057.0,14,18,0.3892219017959657,0.6107780982040343,0.02604219639190126,0,0,0,0,1,0,0,0,0.32,0.8500000000000001,0.0,0.0,0.15,skip,training_upload_trigger_not_confirmed,1785296150.475084,1785296150475083916,1384818691782615,13.9,53.3515625,-1.0,0,0
2026-07-28T23:35:50.476,10.42.0.1,10.42.0.47,37,1,DOWNLOAD,0.95,DOWNLOAD,0.95,-1,10136,1.4265713568161498,33,111496.0,159057.0,15,18,0.4121040979031835,0.5878959020968165,0.022737552091928324,0,0,0,0,1,0,0,0,0.32,0.8500000000000001,0.0,0.0,0.15,skip,training_upload_trigger_not_confirmed,1785296150.4760482,1785296150476048224,1384818692748171,13.9,53.3515625,-1.0,0,0
2026-07-28T23:35:50.477,10.42.0.1,10.42.0.47,37,1,DOWNLOAD,0.95,DOWNLOAD,0.95,-1,14480,1.2625976376431813,34,125976.0,159057.0,16,18,0.4419698771721169,0.5580301228278831,0.019966743674037748,0,0,0,0,1,0,0,0,0.32,0.8500000000000001,0.0,0.0,0.15,skip,training_upload_trigger_not_confirmed,1785296150.477759,1785296150477758955,1384818694457607,13.9,53.3515625,-1.0,0,0
2026-07-28T23:35:50.478,10.42.0.1,10.42.0.47,37,1,DOWNLOAD,0.95,DOWNLOAD,0.95,-1,4344,1.220511049722065,35,130320.0,159057.0,17,18,0.4503467794607035,0.5496532205392964,0.017442361818003526,0,0,0,0,1,0,0,0,0.32,0.8500000000000001,0.0,0.0,0.15,skip,training_upload_trigger_not_confirmed,1785296150.4785688,1785296150478568654,1384818695266970,13.9,53.3515625,-1.0,0,0
2026-07-28T23:35:50.479,10.42.0.1,10.42.0.47,37,1,DOWNLOAD,0.95,DOWNLOAD,0.95,-1,5792,1.1685744093087416,36,136112.0,159057.0,18,18,0.4611324359942948,0.5388675640057052,0.015288738445258384,0,0,0,0,1,0,0,0,0.30250000000000005,0.8000000000000002,0.0,0.0,0.15,skip,training_upload_trigger_not_confirmed,1785296150.479668,1785296150479667878,1384818696366327,13.9,53.3515625,-1.0,0,0
2026-07-28T23:35:50.480,10.42.0.1,10.42.0.47,37,1,DOWNLOAD,0.95,DOWNLOAD,0.95,-1,20272,1.0170925414363547,37,156384.0,159057.0,19,18,0.49576307455276897,0.504236925447231,0.013376494048251478,0,0,0,0,1,0,0,0,0.30250000000000005,0.8000000000000002,0.0,0.0,0.15,skip,training_upload_trigger_not_confirmed,1785296150.4804451,1785296150480445143,1384818697143505,13.9,53.3515625,-1.0,0,0
2026-07-28T23:35:50.481,10.42.0.1,10.42.0.47,37,1,DOWNLOAD,0.95,DOWNLOAD,0.95,-1,18824,0.9078181361586924,38,175208.0,159057.0,20,18,0.5241589756630218,0.47584102433697817,0.01171438100943718,0,0,0,0,1,0,0,0,0.30250000000000005,0.8000000000000002,0.0,0.0,0.15,skip,training_upload_trigger_not_confirmed,1785296150.4812083,1785296150481208226,1384818697906543,91.3,53.3515625,-1.0,0,0
2026-07-28T23:35:50.482,10.42.0.1,10.42.0.47,37,1,DOWNLOAD,0.95,DOWNLOAD,0.95,-1,10136,0.8581718318377818,39,185344.0,159057.0,21,18,0.5381633618950004,0.4618366381049997,0.010334189831561159,0,0,0,0,1,0,0,0,0.30250000000000005,0.8000000000000002,0.0,0.0,0.15,skip,training_upload_trigger_not_confirmed,1785296150.4824488,1785296150482448878,1384818699147502,91.3,53.3515625,-1.0,0,0
2026-07-28T23:35:50.483,10.42.0.1,10.42.0.47,37,1,DOWNLOAD,0.95,DOWNLOAD,0.95,-1,18824,0.7790496062077356,40,204168.0,159057.0,22,18,0.5620978732190791,0.43790212678092094,0.009078567126518052,0,0,0,0,1,0,0,0,0.28500000000000003,0.7500000000000001,0.0,0.0,0.15,skip,training_upload_trigger_not_confirmed,1785296150.4832544,1785296150483254632,1384818699952912,91.3,53.3515625,-1.0,0,0
2026-07-28T23:35:50.484,10.42.0.1,10.42.0.47,37,1,DOWNLOAD,0.95,DOWNLOAD,0.95,-1,9680,0.7437853054517986,41,213848.0,159057.0,23,18,0.5734650916453252,0.4265349083546748,0.008034807056767884,0,0,0,0,1,0,0,0,0.28500000000000003,0.7500000000000001,0.0,0.0,0.15,skip,training_upload_trigger_not_confirmed,1785296150.4844122,1785296150484412124,1384818701110522,91.3,53.3515625,-1.0,0,0
2026-07-28T23:35:50.485,10.42.0.18,10.42.0.47,29,1,DOWNLOAD,0.95,DOWNLOAD,0.95,-1,7300,1.3698630135109776e-10,1,7300.0,0.0,1,0,1.0,0.0,0.4365982499226786,0,0,0,0,0,0,0,0,0.0225,0.0,0.0,0.0,0.15,skip,training_upload_trigger_not_confirmed,1785296150.4857185,1785296150485718586,1384818702417070,91.3,53.3515625,-1.0,0,0
2026-07-28T23:35:50.486,10.42.0.18,10.42.0.47,29,1,DOWNLOAD,0.95,DOWNLOAD,0.95,-1,7300,6.84931506802402e-11,2,14600.0,0.0,2,0,1.0,0.0,0.3791805155258533,0,0,0,0,0,0,0,0,0.0225,0.0,0.0,0.0,0.15,skip,training_upload_trigger_not_confirmed,1785296150.4865894,1785296150486589410,1384818703287743,91.3,53.3515625,-1.0,0,0
2026-07-28T23:35:50.487,10.42.0.1,10.42.0.47,37,1,DOWNLOAD,0.95,DOWNLOAD,0.95,-1,6810,0.7208304253654033,42,220658.0,159057.0,24,18,0.5811147834560131,0.4188852165439869,0.007372984505196457,0,0,0,0,1,0,0,0,0.28500000000000003,0.7500000000000001,0.0,0.0,0.15,skip,training_upload_trigger_not_confirmed,1785296150.4874246,1785296150487424498,1384818704122813,91.3,53.3515625,-1.0,0,0
2026-07-28T23:35:50.488,10.42.0.210,10.42.0.47,37,1,DOWNLOAD,0.9834438706422488,DOWNLOAD,0.9834438706422488,-1,7240,7.799999999060773,40,7240.0,56472.0,1,39,0.11363636363636363,0.8863636363636364,0.15543782825970898,0,0,0,0,0,0,0,0,0.057499999999999996,0.1,0.0,0.0,0.15,skip,training_upload_trigger_not_confirmed,1785296150.4885507,1785296150488550763,1384818705249100,91.3,53.3515625,-1.0,0,0
2026-07-28T23:35:50.489,10.42.0.210,10.42.0.47,37,1,DOWNLOAD,0.95,DOWNLOAD,0.95,-1,7240,3.8999999997997237,41,14480.0,56472.0,2,39,0.20408163265306123,0.7959183673469388,0.1350570721565977,0,0,0,0,0,0,0,0,0.057499999999999996,0.1,0.0,0.0,0.15,skip,training_upload_trigger_not_confirmed,1785296150.4893246,1785296150489324556,1384818706022985,91.3,53.3515625,-1.0,0,0
2026-07-28T23:35:50.490,10.42.0.1,10.42.0.47,37,1,DOWNLOAD,0.95,DOWNLOAD,0.95,-1,16946,0.6694205484770062,43,237604.0,159057.0,25,18,0.5990102379613826,0.40098976203861736,0.006772673768832853,0,0,0,0,1,0,0,0,0.28500000000000003,0.7500000000000001,0.0,0.0,0.15,skip,training_upload_trigger_not_confirmed,1785296150.490242,1785296150490241982,1384818706941204,91.3,53.3515625,-1.0,0,0
2026-07-28T23:35:50.491,10.42.0.47,10.42.0.47,37,1,DOWNLOAD,0.95,DOWNLOAD,0.95,-1,7240,10.984530385361252,11,7240.0,79528.0,1,10,0.08344089987092015,0.9165591001290798,0.06904931928118167,0,0,0,0,0,0,0,0,0.057499999999999996,0.1,0.0,0.0,0.15,skip,training_upload_trigger_not_confirmed,1785296150.4919055,1785296150491905595,1384818708604012,91.3,53.3515625,-1.0,0,0
2026-07-28T23:35:50.492,10.42.0.47,10.42.0.47,37,1,DOWNLOAD,0.95,DOWNLOAD,0.95,-1,7240,5.492265193059926,12,14480.0,79528.0,2,10,0.15402944430261253,0.8459705556973874,0.060046487989005665,0,0,0,0,0,0,0,0,0.057499999999999996,0.1,0.0,0.0,0.15,skip,training_upload_trigger_not_confirmed,1785296150.4926348,1785296150492634758,1384818709332930,91.3,53.3515625,-1.0,0,0
2026-07-28T23:35:50.493,10.42.0.1,10.42.0.47,37,1,DOWNLOAD,0.95,DOWNLOAD,0.95,-1,5792,0.6534906078996635,44,243396.0,159057.0,26,18,0.6047811794172239,0.39521882058277613,0.006287347424859889,0,0,0,0,1,0,0,0,0.28500000000000003,0.7500000000000001,0.0,0.0,0.15,skip,training_upload_trigger_not_confirmed,1785296150.4933317,1785296150493331740,1384818710030070,91.3,53.3515625,-1.0,0,0
2026-07-28T23:35:50.494,10.42.0.1,10.42.0.47,37,1,DOWNLOAD,0.95,DOWNLOAD,0.95,-1,11128,0.6249194574986056,45,254524.0,159057.0,27,18,0.615415118199337,0.38458488180066297,0.005661729654104685,0,0,0,0,1,0,0,0,0.28500000000000003,0.7500000000000001,0.0,0.0,0.15,skip,training_upload_trigger_not_confirmed,1785296150.4948714,1785296150494871387,1384818711570038,91.3,53.3515625,-1.0,0,0
2026-07-28T23:35:50.495,10.42.0.1,10.42.0.47,37,1,DOWNLOAD,0.95,DOWNLOAD,0.95,-1,16920,0.5859661661352398,46,271444.0,159057.0,28,18,0.6305304749582463,0.3694695250417537,0.005057413913541373,0,0,0,0,1,0,0,0,0.28500000000000003,0.7500000000000001,0.0,0.0,0.15,skip,training_upload_trigger_not_confirmed,1785296150.4959471,1785296150495947064,1384818712646566,91.3,53.3515625,-1.0,0,0
2026-07-28T23:35:50.497,10.42.0.145,10.42.0.47,17,1,DOWNLOAD,0.95,DOWNLOAD,0.95,-1,7300,1.3698630135109776e-10,1,7300.0,0.0,1,0,1.0,0.0,0.5536286001634143,0,0,0,0,0,0,0,0,0.0225,0.0,0.0,0.0,0.15,skip,training_upload_trigger_not_confirmed,1785296150.4971905,1785296150497190396,1384818713888917,91.3,53.3515625,-1.0,0,0
2026-07-28T23:35:50.497,10.42.0.145,10.42.0.47,17,1,DOWNLOAD,0.95,DOWNLOAD,0.95,-1,7300,6.84931506802402e-11,2,14600.0,0.0,2,0,1.0,0.0,0.48077693787880066,0,0,0,0,0,0,0,0,0.0225,0.0,0.0,0.0,0.15,skip,training_upload_trigger_not_confirmed,1785296150.497968,1785296150497967823,1384818714666110,91.3,53.3515625,-1.0,0,0
2026-07-28T23:35:50.499,10.42.0.210,10.42.0.47,37,1,DOWNLOAD,0.9557926560077417,DOWNLOAD,0.9557926560077417,-1,10136,2.294117647006251,42,24616.0,56472.0,3,39,0.30357142857142855,0.6964285714285714,0.11853878397113629,0,0,0,0,0,0,0,0,0.057499999999999996,0.1,0.0,0.0,0.15,skip,training_upload_trigger_not_confirmed,1785296150.499029,1785296150499029041,1384818715727523,91.3,53.3515625,-1.0,0,0
2026-07-28T23:35:50.499,10.42.0.210,10.42.0.47,37,1,DOWNLOAD,0.9846998846180315,DOWNLOAD,0.9846998846180315,-1,4344,1.9499999999671962,43,28960.0,56472.0,4,39,0.3389830508474576,0.6610169491525424,0.10301902887621177,0,0,0,0,0,0,0,0,0.057499999999999996,0.1,0.0,0.0,0.15,skip,training_upload_trigger_not_confirmed,1785296150.4997926,1785296150499792610,1384818716490896,91.3,53.3515625,-1.0,0,0
2026-07-28T23:35:50.500,10.42.0.210,10.42.0.47,37,1,DOWNLOAD,0.9854895428954357,DOWNLOAD,0.9854895428954357,-1,14480,1.299999999993094,44,43440.0,56472.0,5,39,0.43478260869565216,0.5652173913043478,0.0895778408825491,0,0,0,0,0,0,0,0,0.057499999999999996,0.1,0.0,0.0,0.15,skip,training_upload_trigger_not_confirmed,1785296150.5008101,1785296150500810240,1384818717508373,91.3,53.3515625,-1.0,0,0
2026-07-28T23:35:50.502,10.42.0.18,10.42.0.47,29,1,DOWNLOAD,0.95,DOWNLOAD,0.95,-1,10220,4.029008863657171e-11,3,24820.0,0.0,3,0,1.0,0.0,0.33125970249302905,0,0,0,0,0,0,0,0,0.0225,0.0,0.0,0.0,0.15,skip,training_upload_trigger_not_confirmed,1785296150.5021122,1785296150502112257,1384818718811139,91.3,53.3515625,-1.0,0,0
2026-07-28T23:35:50.503,10.42.0.18,10.42.0.47,29,1,DOWNLOAD,0.95,DOWNLOAD,0.95,-1,14600,2.536783358636814e-11,4,39420.0,0.0,4,0,1.0,0.0,0.2877506408628628,0,0,0,0,0,0,0,0,0.0225,0.0,0.0,0.0,0.15,skip,training_upload_trigger_not_confirmed,1785296150.5031936,1785296150503193582,1384818719892031,91.3,53.3515625,-1.0,0,0
2026-07-28T23:35:50.504,10.42.0.210,10.42.0.47,37,1,DOWNLOAD,0.9855083405864443,DOWNLOAD,0.9855083405864443,-1,18824,0.9069767441875405,45,62264.0,56472.0,6,39,0.524390243902439,0.47560975609756095,0.07828021828866936,0,0,0,0,0,0,0,0,0.039999999999999994,0.05,0.0,0.0,0.15,skip,training_upload_trigger_not_confirmed,1785296150.5046535,1785296150504653611,1384818721353642,91.3,53.3515625,-1.0,0,0
2026-07-28T23:35:50.505,10.42.0.210,10.42.0.47,37,1,DOWNLOAD,0.9855087208476458,DOWNLOAD,0.9855087208476458,-1,1448,0.8863636363654199,46,63712.0,56472.0,7,39,0.5301204819277109,0.46987951807228917,0.06808452187707592,0,0,0,0,0,0,0,0,0.039999999999999994,0.05,0.0,0.0,0.15,skip,training_upload_trigger_not_confirmed,1785296150.5055614,1785296150505561246,1384818722259638,91.3,53.3515625,-1.0,0,0
2026-07-28T23:35:50.507,10.42.0.210,10.42.0.47,37,1,DOWNLOAD,0.9855087261970161,DOWNLOAD,0.9855087261970161,-1,8688,0.7800000000030387,47,72400.0,56472.0,8,39,0.5617977528089888,0.43820224719101125,0.059310838813101896,0,0,0,0,0,0,0,0,0.0225,0.0,0.0,0.0,0.15,skip,training_upload_trigger_not_confirmed,1785296150.5070648,1785296150507064785,1384818723763512,91.3,53.3515625,-1.0,0,0
2026-07-28T23:35:50.508,10.42.0.210,10.42.0.47,37,1,DOWNLOAD,0.9855087261721334,DOWNLOAD,0.9855087261721334,-1,6784,0.7131743786659783,48,79184.0,56472.0,9,39,0.5837117414637023,0.4162882585362977,0.05169628783494659,0,0,0,0,0,0,0,0,0.0225,0.0,0.0,0.0,0.15,skip,training_upload_trigger_not_confirmed,1785296150.508591,1785296150508590792,1384818725290809,91.3,53.3515625,-1.0,0,0
2026-07-28T23:35:50.510,10.42.0.59,10.42.0.47,11,1,DOWNLOAD,0.95,DOWNLOAD,0.95,-1,14600,6.84931506802402e-11,1,14600.0,0.0,1,0,1.0,0.0,0.8180822521033069,0,0,0,0,0,0,0,0,0.0225,0.0,0.0,0.0,0.15,skip,training_upload_trigger_not_confirmed,1785296150.5102205,1785296150510220422,1384818726918853,91.3,53.3515625,-1.0,0,0
2026-07-28T23:35:50.511,10.42.0.59,10.42.0.47,11,1,DOWNLOAD,0.95,DOWNLOAD,0.95,-1,14600,3.424657534129292e-11,2,29200.0,0.0,2,0,1.0,0.0,0.7103945402982436,0,0,0,0,0,0,0,0,0.0225,0.0,0.0,0.0,0.15,skip,training_upload_trigger_not_confirmed,1785296150.5110905,1785296150511090468,1384818727789173,91.3,53.3515625,-1.0,0,0
2026-07-28T23:35:50.512,10.42.0.145,10.42.0.47,17,1,DOWNLOAD,0.95,DOWNLOAD,0.95,-1,14600,3.424657534129292e-11,3,29200.0,0.0,3,0,1.0,0.0,0.41929130416830646,0,0,0,0,0,0,0,0,0.0225,0.0,0.0,0.0,0.15,skip,training_upload_trigger_not_confirmed,1785296150.5121474,1785296150512147521,1384818728845714,91.3,53.3515625,-1.0,0,0
2026-07-28T23:35:50.512,10.42.0.145,10.42.0.47,17,1,DOWNLOAD,0.9532614310355987,DOWNLOAD,0.9532614310355987,-1,14600,2.2831050227789245e-11,4,43800.0,0.0,4,0,1.0,0.0,0.3641362439725996,0,0,0,0,0,0,0,0,0.0225,0.0,0.0,0.0,0.15,skip,training_upload_trigger_not_confirmed,1785296150.5128822,1785296150512882178,1384818729580415,91.3,53.3515625,-1.0,0,0
2026-07-28T23:35:50.513,10.42.0.18,10.42.0.47,29,1,DOWNLOAD,0.95,DOWNLOAD,0.95,-1,17520,1.756234632916118e-11,5,56940.0,0.0,5,0,1.0,0.0,0.2512418726623889,0,0,0,0,0,0,0,0,0.0225,0.0,0.0,0.0,0.15,skip,training_upload_trigger_not_confirmed,1785296150.5138893,1785296150513889280,1384818730587501,91.3,53.3515625,-1.0,0,0
2026-07-28T23:35:50.516,10.42.0.18,10.42.0.47,29,1,DOWNLOAD,0.9567272914905871,DOWNLOAD,0.9567272914905871,-1,1460,1.7123287670939668e-11,6,58400.0,0.0,6,0,1.0,0.0,0.2184513279872186,0,0,0,0,0,0,0,0,0.0225,0.0,0.0,0.0,0.15,skip,training_upload_trigger_not_confirmed,1785296150.5162928,1785296150516292778,1384818732991289,91.3,53.3515625,-1.0,0,0
2026-07-28T23:35:50.517,10.42.0.18,10.42.0.47,29,1,DOWNLOAD,0.9644521522641768,DOWNLOAD,0.9644521522641768,-1,20784,1.2628813901638856e-11,7,79184.0,0.0,7,0,1.0,0.0,0.18979750780571206,0,0,0,0,0,0,0,0,0.0225,0.0,0.0,0.0,0.15,skip,training_upload_trigger_not_confirmed,1785296150.5172982,1785296150517298263,1384818733996649,91.3,53.3515625,-1.0,0,0
2026-07-28T23:35:50.520,10.42.0.47,10.42.0.47,37,1,DOWNLOAD,0.95,DOWNLOAD,0.95,-1,2896,4.576887660935952,13,17376.0,79528.0,3,10,0.17931148353009163,0.8206885164699084,0.05582645338030449,0,0,0,0,0,0,0,0,0.057499999999999996,0.1,0.0,0.0,0.15,skip,training_upload_trigger_not_confirmed,1785296150.5206566,1785296150520656697,1384818737355366,91.3,53.3515625,-1.0,0,0
2026-07-28T23:35:50.521,10.42.0.47,10.42.0.47,37,1,DOWNLOAD,0.95,DOWNLOAD,0.95,-1,8688,3.051258440682502,14,26064.0,79528.0,4,10,0.24683688158193803,0.7531631184180619,0.04857124210253164,0,0,0,0,0,0,0,0,0.057499999999999996,0.1,0.0,0.0,0.15,skip,training_upload_trigger_not_confirmed,1785296150.5214252,1785296150521425113,1384818738123420,91.3,53.3515625,-1.0,0,0
2026-07-28T23:35:50.522,10.42.0.47,10.42.0.47,37,1,DOWNLOAD,0.95,DOWNLOAD,0.95,-1,8688,2.2884438305338266,15,34752.0,79528.0,5,10,0.304095204760238,0.695904795239762,0.04226337979442293,0,0,0,0,0,0,0,0,0.057499999999999996,0.1,0.0,0.0,0.15,skip,training_upload_trigger_not_confirmed,1785296150.5221279,1785296150522127762,1384818738825975,91.3,53.3515625,-1.0,0,0
2026-07-28T23:35:50.524,10.42.0.59,10.42.0.47,11,1,DOWNLOAD,0.9524175572224493,DOWNLOAD,0.9524175572224493,-1,24820,1.8511662346936104e-11,3,54020.0,0.0,3,0,1.0,0.0,0.6184859444688618,0,0,0,0,0,0,0,0,0.0225,0.0,0.0,0.0,0.15,skip,training_upload_trigger_not_confirmed,1785296150.5240161,1785296150524016243,1384818740714423,91.3,53.3515625,-1.0,0,0
2026-07-28T23:35:50.525,10.42.0.59,10.42.0.47,11,1,DOWNLOAD,0.9636060047727045,DOWNLOAD,0.9636060047727045,-1,10564,1.5483711135645304e-11,4,64584.0,0.0,4,0,1.0,0.0,0.5371321644104217,0,0,0,0,0,0,0,0,0.0225,0.0,0.0,0.0,0.15,skip,training_upload_trigger_not_confirmed,1785296150.5251307,1785296150525130852,1384818741829254,91.3,53.3515625,-1.0,0,0
2026-07-28T23:35:50.525,10.42.0.47,10.42.0.47,37,1,DOWNLOAD,0.9712785091097333,DOWNLOAD,0.9712785091097333,-1,8688,1.8307550644375976,16,43440.0,79528.0,6,10,0.3532626374341292,0.6467373625658708,0.03718463509574358,0,0,0,0,0,0,0,0,0.057499999999999996,0.1,0.0,0.0,0.15,skip,training_upload_trigger_not_confirmed,1785296150.52585,1785296150525850116,1384818742548261,91.3,53.3515625,-1.0,0,0
2026-07-28T23:35:50.526,10.42.0.145,10.42.0.47,17,1,DOWNLOAD,0.9681988261298371,DOWNLOAD,0.9681988261298371,-1,29200,1.369863013679865e-11,5,73000.0,0.0,5,0,1.0,0.0,0.3179928827644949,0,0,0,0,0,0,0,0,0.0225,0.0,0.0,0.0,0.15,skip,training_upload_trigger_not_confirmed,1785296150.5268493,1785296150526849352,1384818743547473,91.3,53.3515625,-1.0,0,0
2026-07-28T23:35:50.527,10.42.0.145,10.42.0.47,17,1,DOWNLOAD,0.9776247764874527,DOWNLOAD,0.9776247764874527,-1,6184,1.2628813901638856e-11,6,79184.0,0.0,6,0,1.0,0.0,0.27617992765456545,0,0,0,0,0,0,0,0,0.0225,0.0,0.0,0.0,0.15,skip,training_upload_trigger_not_confirmed,1785296150.5275352,1785296150527535101,1384818744233202,91.3,53.3515625,-1.0,0,0
2026-07-28T23:35:50.531,10.42.0.47,10.42.0.47,37,1,DOWNLOAD,0.9826580480663707,DOWNLOAD,0.9826580480663707,-1,2896,1.7163328729127172,17,46336.0,79528.0,7,10,0.36814339286849296,0.631856607131507,0.03298409695202986,0,0,0,0,0,0,0,0,0.057499999999999996,0.1,0.0,0.0,0.15,skip,training_upload_trigger_not_confirmed,1785296150.531158,1785296150531158089,1384818747856510,91.3,53.3515625,-1.0,0,0
2026-07-28T23:35:50.531,10.42.0.47,10.42.0.47,37,1,DOWNLOAD,0.9840561996449289,DOWNLOAD,0.9840561996449289,-1,2896,1.615372115684608,18,49232.0,79528.0,8,10,0.3823547685616651,0.6176452314383349,0.02873147911530781,0,0,0,0,0,0,0,0,0.057499999999999996,0.1,0.0,0.0,0.15,skip,training_upload_trigger_not_confirmed,1785296150.5318701,1785296150531870110,1384818748568215,91.3,53.3515625,-1.0,0,0
2026-07-28T23:35:50.532,10.42.0.47,10.42.0.47,37,1,DOWNLOAD,0.9842142801760031,DOWNLOAD,0.9842142801760031,-1,2896,1.525629220370518,19,52128.0,79528.0,9,10,0.39594093698730026,0.6040590630126997,0.02503582322948087,0,0,0,0,0,0,0,0,0.057499999999999996,0.1,0.0,0.0,0.15,skip,training_upload_trigger_not_confirmed,1785296150.5325563,1785296150532556394,1384818749254581,91.3,53.3515625,-1.0,0,0
2026-07-28T23:35:50.533,10.42.0.47,10.42.0.47,37,1,DOWNLOAD,0.9842584909810612,DOWNLOAD,0.9842584909810612,-1,2896,1.4453329456156343,20,55024.0,79528.0,10,10,0.40894226767346453,0.5910577323265355,0.02182467845378326,0,0,0,0,0,0,0,0,0.057499999999999996,0.1,0.0,0.0,0.15,skip,training_upload_trigger_not_confirmed,1785296150.5332236,1785296150533223579,1384818749921683,91.3,53.3515625,-1.0,0,0
2026-07-28T23:35:50.533,10.42.0.47,10.42.0.47,37,1,DOWNLOAD,0.9842595459398663,DOWNLOAD,0.9842595459398663,-1,1448,1.408273126497941,21,56472.0,79528.0,11,10,0.41523529411764704,0.584764705882353,0.01903800010933084,0,0,0,0,0,0,0,0,0.057499999999999996,0.1,0.0,0.0,0.15,skip,training_upload_trigger_not_confirmed,1785296150.533901,1785296150533901113,1384818750599227,91.3,53.3515625,-1.0,0,0
2026-07-28T23:35:50.534,10.42.0.47,10.42.0.47,37,1,DOWNLOAD,0.98425956967761,DOWNLOAD,0.98425956967761,-1,7240,1.2482420893984139,22,63712.0,79528.0,12,10,0.44479195755375595,0.5552080424462441,0.016619257425477516,0,0,0,0,0,0,0,0,0.057499999999999996,0.1,0.0,0.0,0.15,skip,training_upload_trigger_not_confirmed,1785296150.5345838,1785296150534583701,1384818751281894,91.3,53.3515625,-1.0,0,0
2026-07-28T23:35:50.535,10.42.0.47,10.42.0.47,37,1,DOWNLOAD,0.9841811898187749,DOWNLOAD,0.9841811898187749,-1,13032,1.0362764515788039,23,76744.0,79528.0,13,10,0.4910924541824511,0.5089075458175489,0.014547550424853594,0,0,0,0,0,0,0,0,0.039999999999999994,0.05,0.0,0.0,0.15,skip,training_upload_trigger_not_confirmed,1785296150.5354815,1785296150535481240,1384818752180119,91.3,53.3515625,-1.0,0,0
2026-07-28T23:35:50.537,10.42.0.47,10.42.0.47,37,1,DOWNLOAD,0.984224869539008,DOWNLOAD,0.984224869539008,-1,2453,1.0041794512417872,24,79197.0,79528.0,14,10,0.49895731611277366,0.5010426838872263,0.01289417878364917,0,0,0,0,0,0,0,0,0.039999999999999994,0.05,0.0,0.0,0.15,skip,training_upload_trigger_not_confirmed,1785296150.537482,1785296150537481979,1384818754180695,91.3,53.3515625,-1.0,0,0
2026-07-28T23:35:50.822,10.42.0.59,10.42.0.47,11,2,TRAINING,0.95,TRAINING,0.95,1,64240,0.994673603369338,5,64584.0,64240.0,4,1,0.5013351549400733,0.4986648450599267,0.7118358700957356,0,0,0,0,1,0,0,0,0.4525,1.0,0.0,0.4,0.15,skip,training_upload_trigger_not_confirmed,1785296150.8229244,1785296150822924167,1384819039623110,91.3,53.3515625,-1.0,0,0
2026-07-28T23:35:50.825,10.42.0.1,10.42.0.47,37,2,TRAINING,0.95,TRAINING,0.95,1,7240,0.6126383342434807,47,271444.0,166297.0,28,19,0.6201018410429912,0.37989815895700885,0.004548565969402302,0,0,0,0,1,0,0,0,0.4525,1.0,0.0,0.4,0.15,skip,training_upload_trigger_not_confirmed,1785296150.8258073,1785296150825807474,1384819042506082,91.3,53.3515625,-1.0,0,0
2026-07-28T23:35:50.826,10.42.0.1,10.42.0.1,37,3,UPLOAD,0.95,UPLOAD,0.95,1,5792,0.6339760687300733,48,271444.0,172089.0,28,20,0.6120040673410998,0.38799593265890026,0.004101304550995635,1,0,0,0,1,0,0,0,0.85,1.0,1.0,0.4,0.8,trigger,training_upload_trigger_confirmed,1785296150.8269618,1785296150826961558,1384819043660185,91.3,53.3515625,20.903737,1785296150847866626,1384819064563922
2026-07-28T23:35:50.835,10.42.0.145,10.42.0.1,17,2,TRAINING,0.95,TRAINING,0.95,1,64240,0.811275005053909,7,79184.0,64240.0,6,1,0.5520972780008925,0.4479027219991075,0.48057547868296635,0,0,0,0,1,0,0,0,0.4525,1.0,0.0,0.4,0.15,skip,training_upload_trigger_not_confirmed,1785296150.8351805,1785296150835180478,1384819051879492,91.3,53.3515625,-1.0,0,0
2026-07-28T23:35:50.837,10.42.0.145,10.42.0.1,17,3,UPLOAD,0.95,UPLOAD,0.95,1,8015,0.9124949484755444,8,79184.0,72255.0,6,2,0.5228771980797549,0.4771228019202451,0.41758233935892286,0,0,0,1,1,1,1,1,0.85,1.0,1.0,0.4,0.8,trigger,training_upload_trigger_confirmed,1785296150.8377185,1785296150837718526,1384819054417965,91.3,53.3515625,27.359257,1785296150865079952,1384819081777222
2026-07-28T23:35:50.839,10.42.0.1,10.42.0.1,37,3,UPLOAD,0.95,UPLOAD,0.95,1,7240,0.6606482368383142,49,271444.0,179329.0,28,21,0.602174486936884,0.39782551306311603,0.00396667693241103,1,0,1,1,1,1,1,1,0.85,1.0,1.0,0.4,0.8,skip,attack_already_active,1785296150.8395023,1785296150839502220,1384819056201101,91.3,53.3515625,-1.0,0,0
2026-07-28T23:35:50.840,10.42.0.1,10.42.0.1,37,3,UPLOAD,0.95,UPLOAD,0.95,1,5792,0.6819859713249069,50,271444.0,185121.0,28,22,0.5945352797520616,0.4054647202479384,0.0036011832647680547,1,0,1,1,1,1,1,1,0.85,1.0,1.0,0.4,0.8,skip,attack_already_active,1785296150.8406954,1785296150840695180,1384819057394662,91.3,53.3515625,-1.0,0,0
2026-07-28T23:35:50.849,10.42.0.1,10.42.0.1,37,3,UPLOAD,0.95,UPLOAD,0.95,1,1448,0.687320404946555,51,271444.0,186569.0,28,23,0.5926556669788848,0.4073443330211151,0.004234136897287603,1,0,1,1,1,1,1,1,0.9699999999999999,1.0,1.0,1.0,0.8,skip,attack_already_active,1785296150.8490999,1785296150849099893,1384819065798725,91.3,53.3515625,-1.0,0,0
2026-07-28T23:35:50.859,10.42.0.1,10.42.0.1,37,3,UPLOAD,0.95,UPLOAD,0.95,1,2896,0.6979892721898514,52,271444.0,189465.0,28,24,0.5889318715841956,0.4110681284158044,0.004990159090256939,1,0,1,1,1,1,1,1,0.9699999999999999,1.0,1.0,1.0,0.8,skip,attack_already_active,1785296150.8590713,1785296150859071238,1384819075769826,91.3,53.3515625,-1.0,0,0
2026-07-28T23:35:50.860,10.42.0.1,10.42.0.1,37,3,UPLOAD,0.95,UPLOAD,0.95,1,11584,0.7406647411630367,53,271444.0,201049.0,28,25,0.574493167094539,0.42550683290546104,0.004486403516936354,1,0,1,1,1,1,1,1,0.9699999999999999,1.0,1.0,1.0,0.8,skip,attack_already_active,1785296150.8602386,1785296150860238617,1384819076938108,91.3,53.3515625,-1.0,0,0
2026-07-28T23:35:50.861,10.42.0.1,10.42.0.1,37,3,UPLOAD,0.95,UPLOAD,0.95,1,14480,0.7940090773795184,54,271444.0,215529.0,28,26,0.5574107804744821,0.44258921952551783,0.004066026924239987,1,0,1,1,1,1,1,1,0.9699999999999999,1.0,1.0,1.0,0.8,skip,attack_already_active,1785296150.8615348,1785296150861534710,1384819078233335,91.3,53.3515625,-1.0,0,0
2026-07-28T23:35:50.862,10.42.0.1,10.42.0.1,37,3,UPLOAD,0.95,UPLOAD,0.95,1,14480,0.8473534135960001,55,271444.0,230009.0,28,27,0.5413149387878824,0.4586850612121176,0.0036836085314432567,1,0,1,1,1,1,1,1,0.9699999999999999,1.0,1.0,1.0,0.8,skip,attack_already_active,1785296150.8626988,1785296150862698771,1384819079397450,91.3,53.3515625,-1.0,0,0
2026-07-28T23:35:50.863,10.42.0.1,10.42.0.1,37,3,UPLOAD,0.95,UPLOAD,0.95,1,14480,0.9006977498124817,56,271444.0,244489.0,28,28,0.5261225779316306,0.47387742206836936,0.0033616681308087882,1,0,1,1,1,1,1,1,0.9699999999999999,1.0,1.0,1.0,0.8,skip,attack_already_active,1785296150.8639393,1785296150863939383,1384819080637860,91.3,53.3515625,-1.0,0,0
2026-07-28T23:35:50.865,10.42.0.1,10.42.0.1,37,3,UPLOAD,0.95,UPLOAD,0.95,1,5792,0.9220354842990744,57,271444.0,250281.0,28,29,0.5202817576309359,0.4797182423690642,0.003129246060382873,1,0,1,1,1,1,1,1,0.9699999999999999,1.0,1.0,1.0,0.8,skip,attack_already_active,1785296150.8655372,1785296150865537327,1384819082235992,91.3,53.3515625,-1.0,0,0
2026-07-28T23:35:50.866,10.42.0.1,10.42.0.1,37,3,UPLOAD,0.95,UPLOAD,0.95,1,14480,0.9753798205155562,58,271444.0,264761.0,28,30,0.5062317583759942,0.49376824162400573,0.0028133429916136045,1,0,1,1,1,1,1,1,0.9699999999999999,1.0,1.0,1.0,0.8,skip,attack_already_active,1785296150.866269,1785296150866269136,1384819082967372,91.3,53.3515625,-1.0,0,0
2026-07-28T23:35:50.867,10.42.0.1,10.42.0.1,37,3,UPLOAD,0.95,UPLOAD,0.95,1,8688,1.0073864222454452,59,271444.0,273449.0,28,31,0.4981601892481643,0.5018398107518357,0.0025736271116909896,1,0,1,1,1,1,1,1,0.9699999999999999,1.0,1.0,1.0,0.8,skip,attack_already_active,1785296150.8672633,1785296150867263336,1384819083961636,91.3,53.3515625,-1.0,0,0
2026-07-28T23:35:50.868,10.42.0.1,10.42.0.1,37,3,UPLOAD,0.95,UPLOAD,0.95,1,8607,1.0390946198846205,60,271444.0,282056.0,28,32,0.4904137308039747,0.5095862691960253,0.0024081646045317723,1,0,1,1,1,1,1,1,0.9699999999999999,1.0,1.0,1.0,0.8,skip,attack_already_active,1785296150.8685813,1785296150868581370,1384819085279744,91.3,53.3515625,-1.0,0,0
2026-07-28T23:35:50.869,10.42.0.1,10.42.0.1,37,3,UPLOAD,0.95,UPLOAD,0.95,1,15928,1.0977733897227502,61,271444.0,297984.0,28,33,0.47669591238927483,0.5233040876107251,0.0022579395777011903,1,0,1,1,1,1,1,1,0.9699999999999999,1.0,1.0,1.0,0.8,skip,attack_already_active,1785296150.8698494,1785296150869849289,1384819086547500,91.3,53.3515625,-1.0,0,0
2026-07-28T23:35:50.870,10.42.0.1,10.42.0.1,37,3,UPLOAD,0.95,UPLOAD,0.95,1,14480,1.151117725939232,62,271444.0,312464.0,28,34,0.46487460353343335,0.5351253964665666,0.002109005477311402,1,0,1,1,1,1,1,1,0.9699999999999999,1.0,1.0,1.0,0.8,skip,attack_already_active,1785296150.8709772,1785296150870977367,1384819087676806,91.3,53.3515625,-1.0,0,0
2026-07-28T23:35:50.872,10.42.0.1,10.42.0.1,37,3,UPLOAD,0.95,UPLOAD,0.95,1,5693,1.1720907443149522,63,271444.0,318157.0,28,35,0.46038592200488127,0.5396140779951187,0.002093773964611461,1,0,1,1,1,1,1,1,0.9699999999999999,1.0,1.0,1.0,0.8,skip,attack_already_active,1785296150.8729706,1785296150872970553,1384819089668979,91.3,53.3515625,-1.0,0,0
2026-07-28T23:35:50.916,10.42.0.1,10.42.0.1,37,3,UPLOAD,0.7401392606595437,UPLOAD,0.7401392606595437,0,39,1.1720907443149522,63,271444.0,318157.0,28,35,0.46038592200488127,0.5396140779951187,0.0029237005303792596,1,0,1,1,1,1,1,1,0.8200000000000001,0.8000000000000002,1.0,0.6000000000000001,0.8,skip,attack_already_active,1785296150.9168668,1785296150916866751,1384819133565255,91.3,53.3515625,-1.0,0,0
2026-07-28T23:35:50.928,10.42.0.145,10.42.0.1,17,3,UPLOAD,0.9841010226033655,UPLOAD,0.9841010226033655,0,39,0.9124949484755444,8,79184.0,72255.0,6,2,0.5228771980797549,0.4771228019202451,0.3694250493514146,0,0,1,1,1,1,1,1,0.8200000000000001,0.8000000000000002,1.0,0.6000000000000001,0.8,skip,attack_already_active,1785296150.9281316,1785296150928131592,1384819144830349,91.3,53.3515625,-1.0,0,0
2026-07-28T23:35:50.932,10.42.0.18,10.42.0.1,29,2,TRAINING,0.95,TRAINING,0.95,1,1460,0.018438068309021546,8,79184.0,1460.0,7,1,0.9818957392986459,0.0181042607013541,0.3677063979312789,0,0,0,0,1,0,0,0,0.52,0.85,0.0,1.0,0.15,skip,training_upload_trigger_not_confirmed,1785296150.9325383,1785296150932538316,1384819149236769,91.3,53.3515625,-1.0,0,0
2026-07-28T23:35:50.935,10.42.0.18,10.42.0.1,29,3,UPLOAD,0.95,UPLOAD,0.95,1,23360,0.31344716105130527,9,79184.0,24820.0,7,2,0.761355332487212,0.23864466751278798,0.3196089224302194,0,0,0,1,1,1,1,1,0.9699999999999999,1.0,1.0,1.0,0.8,trigger,training_upload_trigger_confirmed,1785296150.9352462,1785296150935246442,1384819151945289,91.3,53.3515625,47.379857,1785296150982627892,1384819199325146
2026-07-28T23:35:50.937,10.42.0.18,10.42.0.1,29,3,UPLOAD,0.9841010226033655,UPLOAD,0.9841010226033655,1,54734,1.0046726611436063,10,79184.0,79554.0,7,3,0.4988345575728559,0.5011654424271441,0.27772718937490865,0,0,1,1,1,1,1,1,0.9699999999999999,1.0,1.0,1.0,0.8,skip,attack_already_active,1785296150.9370263,1785296150937026347,1384819153725125,91.3,53.3515625,-1.0,0,0
2026-07-28T23:35:50.938,10.42.0.1,10.42.0.1,37,3,UPLOAD,0.95,UPLOAD,0.95,1,2896,1.1827596115582486,64,271444.0,321053.0,28,36,0.4581356530075258,0.5418643469924742,0.0032396382181525724,1,0,1,1,1,1,1,1,0.9699999999999999,1.0,1.0,1.0,0.8,skip,attack_already_active,1785296150.938887,1785296150938886824,1384819155585572,91.3,53.3515625,-1.0,0,0
2026-07-28T23:35:50.940,10.42.0.1,10.42.0.1,37,3,UPLOAD,0.95,UPLOAD,0.95,1,11584,1.225435080531434,65,271444.0,332637.0,28,37,0.44935033546825676,0.5506496645317432,0.0030318107121594883,1,0,1,1,1,1,1,1,0.9699999999999999,1.0,1.0,1.0,0.8,skip,attack_already_active,1785296150.9405494,1785296150940549309,1384819157247879,91.3,53.3515625,-1.0,0,0
2026-07-28T23:35:50.941,10.42.0.1,10.42.0.1,37,3,UPLOAD,0.95,UPLOAD,0.95,1,2896,1.2361039477747302,66,271444.0,335533.0,28,38,0.44720640156052044,0.5527935984394796,0.002781214328932519,1,0,1,1,1,1,1,1,0.9699999999999999,1.0,1.0,1.0,0.8,skip,attack_already_active,1785296150.9416795,1785296150941679289,1384819158377721,91.3,53.3515625,-1.0,0,0
2026-07-28T23:35:50.943,10.42.0.1,10.42.0.1,37,3,UPLOAD,0.95,UPLOAD,0.95,1,11584,1.2787794167479156,67,271444.0,347117.0,28,39,0.43883141678832,0.5611685832116801,0.0026243701429378838,1,0,1,1,1,1,1,1,0.9699999999999999,1.0,1.0,1.0,0.8,skip,attack_already_active,1785296150.9432704,1785296150943270461,1384819159968985,91.3,53.3515625,-1.0,0,0
2026-07-28T23:35:50.944,10.42.0.1,10.42.0.1,37,3,UPLOAD,0.95,UPLOAD,0.95,1,5792,1.3001171512345084,68,271444.0,352909.0,28,40,0.4347604640323663,0.5652395359676337,0.0024892622106098584,1,0,1,1,1,1,1,1,0.9699999999999999,1.0,1.0,1.0,0.8,skip,attack_already_active,1785296150.9448695,1785296150944869531,1384819161568017,91.3,53.3515625,-1.0,0,0
2026-07-28T23:35:50.946,10.42.0.1,10.42.0.1,37,3,UPLOAD,0.95,UPLOAD,0.95,1,21720,1.380133655559231,69,271444.0,374629.0,28,41,0.42014447283820866,0.5798555271617913,0.002372900578741653,1,0,1,1,1,1,1,1,0.9699999999999999,1.0,1.0,1.0,0.8,skip,attack_already_active,1785296150.9464757,1785296150946475765,1384819163174502,91.3,53.3515625,-1.0,0,0
2026-07-28T23:35:50.947,10.42.0.1,10.42.0.1,37,3,UPLOAD,0.95,UPLOAD,0.95,1,1448,1.385468089180879,70,271444.0,376077.0,28,42,0.4192049369827388,0.5807950630172612,0.0022042620186749906,1,0,1,1,1,1,1,1,0.9699999999999999,1.0,1.0,1.0,0.8,skip,attack_already_active,1785296150.947569,1785296150947568822,1384819164267341,91.3,53.3515625,-1.0,0,0
2026-07-28T23:35:50.949,10.42.0.1,10.42.0.1,37,3,UPLOAD,0.95,UPLOAD,0.95,1,5792,1.4068058236674716,71,271444.0,381869.0,28,43,0.41548844122189516,0.5845115587781048,0.0021204607561273385,1,0,1,1,1,1,1,1,0.9699999999999999,1.0,1.0,1.0,0.8,skip,attack_already_active,1785296150.9491372,1785296150949137150,1384819165835649,91.3,53.3515625,-1.0,0,0
2026-07-28T23:35:50.950,10.42.0.1,10.42.0.1,37,3,UPLOAD,0.95,UPLOAD,0.95,1,2797,1.4171099747998956,72,271444.0,384666.0,28,44,0.413717212052857,0.5862827879471431,0.00204741960310114,1,0,1,1,1,1,1,1,0.9699999999999999,1.0,1.0,1.0,0.8,skip,attack_already_active,1785296150.9507034,1785296150950703275,1384819167401715,91.3,53.3515625,-1.0,0,0
2026-07-28T23:35:50.955,10.42.0.1,10.42.0.1,37,3,UPLOAD,0.8622732872664884,UPLOAD,0.8622732872664884,0,39,1.4171099747998956,72,271444.0,384666.0,28,44,0.413717212052857,0.5862827879471431,0.00241944970433194,1,0,1,1,1,1,1,1,0.8374999999999999,0.8500000000000001,1.0,0.6000000000000001,0.8,skip,attack_already_active,1785296150.955574,1785296150955574020,1384819172272856,91.3,53.3515625,-1.0,0,0
2026-07-28T23:35:51.217,10.42.0.18,10.42.0.1,29,3,UPLOAD,0.9854688349332961,UPLOAD,0.9854688349332961,0,39,1.0046726611436063,10,79184.0,79554.0,7,3,0.4988345575728559,0.5011654424271441,0.24845510512191496,0,0,1,1,1,1,1,1,0.8200000000000001,0.8000000000000002,1.0,0.6000000000000001,0.8,skip,attack_already_active,1785296151.2172794,1785296151217279590,1384819433978365,85.1,53.3515625,-1.0,0,0
2026-07-28T23:35:51.227,10.42.0.1,10.42.0.1,37,3,UPLOAD,0.5199960328944573,UPLOAD,0.5199960328944573,0,43,0.8311438086683399,54,271444.0,225609.0,28,26,0.5461067532033808,0.4538932467966193,0.010668143822404615,1,0,1,1,1,1,1,1,0.8200000000000001,0.8000000000000002,1.0,0.6000000000000001,0.8,skip,attack_already_active,1785296151.2278621,1785296151227861951,1384819444561359,85.1,53.3515625,-1.0,0,0
2026-07-28T23:35:52.150,10.42.0.210,10.42.0.1|10.42.0.210,37,3,UPLOAD,0.95,UPLOAD,0.95,1,1448,100.0,1,0.0,1448.0,0,1,0.0,1.0,0.051408096945935566,1,0,0,1,1,1,1,1,0.9525,0.95,1.0,1.0,0.8,trigger,training_upload_trigger_confirmed,1785296152.150342,1785296152150341832,1384820367040503,5.7,53.3515625,6.092145,1785296152156435156,1384820373132648
2026-07-28T23:35:52.151,10.42.0.210,10.42.0.1|10.42.0.210,37,3,UPLOAD,0.9841010226033655,UPLOAD,0.9841010226033655,1,1448,100.0,2,0.0,2896.0,0,2,0.0,1.0,0.04472596975306729,1,0,1,1,1,1,1,1,0.9699999999999999,1.0,1.0,1.0,0.8,skip,attack_already_active,1785296152.1510413,1785296152151041246,1384820367739619,5.7,53.3515625,-1.0,0,0
2026-07-28T23:35:52.151,10.42.0.210,10.42.0.1|10.42.0.210,37,3,UPLOAD,0.9854688349332961,UPLOAD,0.9854688349332961,1,1448,100.0,3,0.0,4344.0,0,3,0.0,1.0,0.038953971589087075,1,0,1,1,1,1,1,1,0.9699999999999999,1.0,1.0,1.0,0.8,skip,attack_already_active,1785296152.1519651,1785296152151965253,1384820368663438,5.7,53.3515625,-1.0,0,0
2026-07-28T23:35:52.152,10.42.0.210,10.42.0.1|10.42.0.210,37,3,UPLOAD,0.9855076450773014,UPLOAD,0.9855076450773014,1,1448,100.0,4,0.0,5792.0,0,4,0.0,1.0,0.03390628822574845,1,0,1,1,1,1,1,1,0.9699999999999999,1.0,1.0,1.0,0.8,skip,attack_already_active,1785296152.1526136,1785296152152613536,1384820369311721,5.7,53.3515625,-1.0,0,0
2026-07-28T23:35:52.153,10.42.0.210,10.42.0.1|10.42.0.210,37,3,UPLOAD,0.9855086980780915,UPLOAD,0.9855086980780915,1,1448,100.0,5,0.0,7240.0,0,5,0.0,1.0,0.02955634058465144,1,0,1,1,1,1,1,1,0.9699999999999999,1.0,1.0,1.0,0.8,skip,attack_already_active,1785296152.1535094,1785296152153509294,1384820370207547,5.7,53.3515625,-1.0,0,0
2026-07-28T23:35:52.154,10.42.0.210,10.42.0.1|10.42.0.210,37,3,UPLOAD,0.9855087254685951,UPLOAD,0.9855087254685951,1,1448,100.0,6,0.0,8688.0,0,6,0.0,1.0,0.025742815112248227,1,0,1,1,1,1,1,1,0.9699999999999999,1.0,1.0,1.0,0.8,skip,attack_already_active,1785296152.154126,1785296152154125904,1384820370824437,5.7,53.3515625,-1.0,0,0
2026-07-28T23:35:52.155,10.42.0.210,10.42.0.1|10.42.0.210,37,3,UPLOAD,0.9855087261493067,UPLOAD,0.9855087261493067,1,1448,100.0,7,0.0,10136.0,0,7,0.0,1.0,0.022467756532140913,1,0,1,1,1,1,1,1,0.9699999999999999,1.0,1.0,1.0,0.8,skip,attack_already_active,1785296152.1550152,1785296152155015091,1384820371713447,5.7,53.3515625,-1.0,0,0
2026-07-28T23:35:52.155,10.42.0.210,10.42.0.1|10.42.0.210,37,3,UPLOAD,0.9855087261653082,UPLOAD,0.9855087261653082,1,1448,100.0,8,0.0,11584.0,0,8,0.0,1.0,0.01959756219730677,1,0,1,1,1,1,1,1,0.9699999999999999,1.0,1.0,1.0,0.8,skip,attack_already_active,1785296152.1557019,1785296152155701773,1384820372400350,5.7,53.3515625,-1.0,0,0
2026-07-28T23:35:52.156,10.42.0.210,10.42.0.1|10.42.0.210,37,3,UPLOAD,0.985508726165656,UPLOAD,0.985508726165656,1,1448,100.0,9,0.0,13032.0,0,9,0.0,1.0,0.017147308611840856,1,0,1,1,1,1,1,1,0.9699999999999999,1.0,1.0,1.0,0.8,skip,attack_already_active,1785296152.1567051,1785296152156705036,1384820373403243,5.7,53.3515625,-1.0,0,0
2026-07-28T23:35:52.157,10.42.0.210,10.42.0.1|10.42.0.210,37,3,UPLOAD,0.9855087261656625,UPLOAD,0.9855087261656625,1,1448,100.0,10,0.0,14480.0,0,10,0.0,1.0,0.014975857164295465,1,0,1,1,1,1,1,1,0.9699999999999999,1.0,1.0,1.0,0.8,skip,attack_already_active,1785296152.157374,1785296152157374014,1384820374072256,5.7,53.3515625,-1.0,0,0
2026-07-28T23:35:52.158,10.42.0.210,10.42.0.1|10.42.0.210,37,3,UPLOAD,0.9855087261656628,UPLOAD,0.9855087261656628,1,1448,100.0,11,0.0,15928.0,0,11,0.0,1.0,0.013142323587441992,1,0,1,1,1,1,1,1,0.9699999999999999,1.0,1.0,1.0,0.8,skip,attack_already_active,1785296152.1584356,1785296152158435508,1384820375134002,5.7,53.3515625,-1.0,0,0
2026-07-28T23:35:52.159,10.42.0.210,10.42.0.1|10.42.0.210,37,3,UPLOAD,0.95,UPLOAD,0.95,1,1448,100.0,12,0.0,17376.0,0,12,0.0,1.0,0.011508052158472027,1,0,1,1,1,1,1,1,0.9699999999999999,1.0,1.0,1.0,0.8,skip,attack_already_active,1785296152.1591759,1785296152159175870,1384820375874026,5.7,53.3515625,-1.0,0,0
2026-07-28T23:35:52.160,10.42.0.210,10.42.0.1|10.42.0.210,37,3,UPLOAD,0.95,UPLOAD,0.95,1,1448,100.0,13,0.0,18824.0,0,13,0.0,1.0,0.010134125812575098,1,0,1,1,1,1,1,1,0.9699999999999999,1.0,1.0,1.0,0.8,skip,attack_already_active,1785296152.1602576,1785296152160257642,1384820376956051,5.7,53.3515625,-1.0,0,0
2026-07-28T23:35:52.161,10.42.0.210,10.42.0.1|10.42.0.210,37,3,UPLOAD,0.95,UPLOAD,0.95,1,1448,100.0,14,0.0,20272.0,0,14,0.0,1.0,0.008912563720351886,1,0,1,1,1,1,1,1,0.9699999999999999,1.0,1.0,1.0,0.8,skip,attack_already_active,1785296152.1611216,1785296152161121558,1384820377822615,5.7,53.3515625,-1.0,0,0
2026-07-28T23:35:52.162,10.42.0.210,10.42.0.1|10.42.0.210,37,3,UPLOAD,0.95,UPLOAD,0.95,1,1448,100.0,15,0.0,21720.0,0,15,0.0,1.0,0.007886531553693647,1,0,1,1,1,1,1,1,0.9699999999999999,1.0,1.0,1.0,0.8,skip,attack_already_active,1785296152.162248,1785296152162248017,1384820378946612,5.7,53.3515625,-1.0,0,0
2026-07-28T23:35:52.163,10.42.0.210,10.42.0.1|10.42.0.210,37,3,UPLOAD,0.95,UPLOAD,0.95,1,1448,100.0,16,0.0,23168.0,0,16,0.0,1.0,0.007034410568099529,1,0,1,1,1,1,1,1,0.9699999999999999,1.0,1.0,1.0,0.8,skip,attack_already_active,1785296152.163668,1785296152163668038,1384820380366314,5.7,53.3515625,-1.0,0,0
2026-07-28T23:35:52.164,10.42.0.210,10.42.0.1|10.42.0.210,37,3,UPLOAD,0.95,UPLOAD,0.95,1,1448,100.0,17,0.0,24616.0,0,17,0.0,1.0,0.0062416703336932505,1,0,1,1,1,1,1,1,0.9699999999999999,1.0,1.0,1.0,0.8,skip,attack_already_active,1785296152.1646864,1785296152164686333,1384820381384987,5.7,53.3515625,-1.0,0,0
2026-07-28T23:35:52.165,10.42.0.210,10.42.0.1|10.42.0.210,37,3,UPLOAD,0.95,UPLOAD,0.95,1,1448,100.0,18,0.0,26064.0,0,18,0.0,1.0,0.005509911228013887,1,0,1,1,1,1,1,1,0.9699999999999999,1.0,1.0,1.0,0.8,skip,attack_already_active,1785296152.165375,1785296152165375023,1384820382073286,5.7,53.3515625,-1.0,0,0
2026-07-28T23:35:52.166,10.42.0.210,10.42.0.1|10.42.0.210,37,3,UPLOAD,0.95,UPLOAD,0.95,1,1448,100.0,19,0.0,27512.0,0,19,0.0,1.0,0.004944546021311804,1,0,1,1,1,1,1,1,0.9699999999999999,1.0,1.0,1.0,0.8,skip,attack_already_active,1785296152.1665945,1785296152166594508,1384820383293117,5.7,53.3515625,-1.0,0,0
2026-07-28T23:35:52.167,10.42.0.210,10.42.0.1|10.42.0.210,37,3,UPLOAD,0.95,UPLOAD,0.95,1,1448,100.0,20,0.0,28960.0,0,20,0.0,1.0,0.004378279558529393,1,0,1,1,1,1,1,1,0.9699999999999999,1.0,1.0,1.0,0.8,skip,attack_already_active,1785296152.1672418,1785296152167241638,1384820383939855,5.7,53.3515625,-1.0,0,0
2026-07-28T23:35:52.168,10.42.0.210,10.42.0.1|10.42.0.210,37,3,UPLOAD,0.95,UPLOAD,0.95,1,1448,100.0,21,0.0,30408.0,0,21,0.0,1.0,0.003924050778670102,1,0,1,1,1,1,1,1,0.9699999999999999,1.0,1.0,1.0,0.8,skip,attack_already_active,1785296152.168173,1785296152168173151,1384820384871273,5.7,53.3515625,-1.0,0,0
2026-07-28T23:35:52.168,10.42.0.210,10.42.0.1|10.42.0.210,37,3,UPLOAD,0.95,UPLOAD,0.95,1,1448,100.0,22,0.0,31856.0,0,22,0.0,1.0,0.0034986058656723126,1,0,1,1,1,1,1,1,0.9699999999999999,1.0,1.0,1.0,0.8,skip,attack_already_active,1785296152.1688685,1785296152168868508,1384820385566890,5.7,53.3515625,-1.0,0,0
2026-07-28T23:35:52.169,10.42.0.210,10.42.0.1|10.42.0.210,37,3,UPLOAD,0.95,UPLOAD,0.95,1,1448,100.0,23,0.0,33304.0,0,23,0.0,1.0,0.0031614580662152475,1,0,1,1,1,1,1,1,0.9699999999999999,1.0,1.0,1.0,0.8,skip,attack_already_active,1785296152.1698086,1785296152169808561,1384820386506642,5.7,53.3515625,-1.0,0,0
2026-07-28T23:35:52.170,10.42.0.210,10.42.0.1|10.42.0.210,37,3,UPLOAD,0.95,UPLOAD,0.95,1,1448,100.0,24,0.0,34752.0,0,24,0.0,1.0,0.0028357179657622204,1,0,1,1,1,1,1,1,0.9699999999999999,1.0,1.0,1.0,0.8,skip,attack_already_active,1785296152.1704981,1785296152170497989,1384820387196109,5.7,53.3515625,-1.0,0,0
2026-07-28T23:35:52.171,10.42.0.210,10.42.0.1|10.42.0.210,37,3,UPLOAD,0.95,UPLOAD,0.95,1,1448,100.0,25,0.0,36200.0,0,25,0.0,1.0,0.0025969494032267,1,0,1,1,1,1,1,1,0.9699999999999999,1.0,1.0,1.0,0.8,skip,attack_already_active,1785296152.171522,1785296152171521802,1384820388219946,5.7,53.3515625,-1.0,0,0
2026-07-28T23:35:52.172,10.42.0.210,10.42.0.1|10.42.0.210,37,3,UPLOAD,0.95,UPLOAD,0.95,1,1448,100.0,26,0.0,37648.0,0,26,0.0,1.0,0.0023607717755827003,1,0,1,1,1,1,1,1,0.9699999999999999,1.0,1.0,1.0,0.8,skip,attack_already_active,1785296152.1723266,1785296152172326652,1384820389025120,5.7,53.3515625,-1.0,0,0
2026-07-28T23:35:52.174,10.42.0.210,10.42.0.1|10.42.0.210,37,3,UPLOAD,0.95,UPLOAD,0.95,1,1448,100.0,27,0.0,39096.0,0,27,0.0,1.0,0.002273092040656697,1,0,1,1,1,1,1,1,0.9699999999999999,1.0,1.0,1.0,0.8,skip,attack_already_active,1785296152.174022,1785296152174021765,1384820390721634,5.7,53.3515625,-1.0,0,0
2026-07-28T23:35:52.175,10.42.0.210,10.42.0.1|10.42.0.210,37,3,UPLOAD,0.95,UPLOAD,0.95,1,1448,100.0,28,0.0,40544.0,0,28,0.0,1.0,0.0021457243437177716,1,0,1,1,1,1,1,1,0.9699999999999999,1.0,1.0,1.0,0.8,skip,attack_already_active,1785296152.1753285,1785296152175328423,1384820392027087,5.7,53.3515625,-1.0,0,0
2026-07-28T23:35:52.176,10.42.0.210,10.42.0.1|10.42.0.210,37,3,UPLOAD,0.95,UPLOAD,0.95,1,1448,100.0,29,0.0,41992.0,0,29,0.0,1.0,0.002064515802689205,1,0,1,1,1,1,1,1,0.9699999999999999,1.0,1.0,1.0,0.8,skip,attack_already_active,1785296152.176858,1785296152176857945,1384820393556544,5.7,53.3515625,-1.0,0,0
2026-07-28T23:35:52.177,10.42.0.210,10.42.0.1|10.42.0.210,37,3,UPLOAD,0.95,UPLOAD,0.95,1,1448,100.0,30,0.0,43440.0,0,30,0.0,1.0,0.0019190149454121502,1,0,1,1,1,1,1,1,0.9699999999999999,1.0,1.0,1.0,0.8,skip,attack_already_active,1785296152.1778183,1785296152177818488,1384820394517256,5.7,53.3515625,-1.0,0,0
2026-07-28T23:35:52.179,10.42.0.210,10.42.0.1|10.42.0.210,37,3,UPLOAD,0.95,UPLOAD,0.95,1,1448,100.0,31,0.0,44888.0,0,31,0.0,1.0,0.0018222198190245022,1,0,1,1,1,1,1,1,0.9699999999999999,1.0,1.0,1.0,0.8,skip,attack_already_active,1785296152.1790028,1785296152179002986,1384820395701252,5.7,53.3515625,-1.0,0,0
2026-07-28T23:35:52.179,10.42.0.210,10.42.0.1|10.42.0.210,37,3,UPLOAD,0.95,UPLOAD,0.95,1,1448,100.0,32,0.0,46336.0,0,32,0.0,1.0,0.001673931069104959,1,0,1,1,1,1,1,1,0.9699999999999999,1.0,1.0,1.0,0.8,skip,attack_already_active,1785296152.1796997,1785296152179699690,1384820396397742,5.7,53.3515625,-1.0,0,0
2026-07-28T23:35:52.180,10.42.0.210,10.42.0.1|10.42.0.210,37,3,UPLOAD,0.95,UPLOAD,0.95,1,1448,100.0,33,0.0,47784.0,0,33,0.0,1.0,0.0015776372489365717,1,0,1,1,1,1,1,1,0.9699999999999999,1.0,1.0,1.0,0.8,skip,attack_already_active,1785296152.1806428,1785296152180642693,1384820397341055,5.7,53.3515625,-1.0,0,0
2026-07-28T23:35:52.181,10.42.0.210,10.42.0.1|10.42.0.210,37,3,UPLOAD,0.95,UPLOAD,0.95,1,1448,100.0,34,0.0,49232.0,0,34,0.0,1.0,0.0014653169175766797,1,0,1,1,1,1,1,1,0.9699999999999999,1.0,1.0,1.0,0.8,skip,attack_already_active,1785296152.181368,1785296152181367975,1384820398066372,5.7,53.3515625,-1.0,0,0
2026-07-28T23:35:52.182,10.42.0.210,10.42.0.1|10.42.0.210,37,3,UPLOAD,0.95,UPLOAD,0.95,1,1448,100.0,35,0.0,50680.0,0,35,0.0,1.0,0.0013949736598086032,1,0,1,1,1,1,1,1,0.9699999999999999,1.0,1.0,1.0,0.8,skip,attack_already_active,1785296152.1822996,1785296152182299736,1384820398997856,5.7,53.3515625,-1.0,0,0
2026-07-28T23:35:52.182,10.42.0.210,10.42.0.1|10.42.0.210,37,3,UPLOAD,0.95,UPLOAD,0.95,1,1448,100.0,36,0.0,52128.0,0,36,0.0,1.0,0.001298995025396773,1,0,1,1,1,1,1,1,0.9699999999999999,1.0,1.0,1.0,0.8,skip,attack_already_active,1785296152.1829662,1785296152182966333,1384820399664586,5.7,53.3515625,-1.0,0,0
2026-07-28T23:35:52.183,10.42.0.210,10.42.0.1|10.42.0.210,37,3,UPLOAD,0.95,UPLOAD,0.95,1,1448,100.0,37,0.0,53576.0,0,37,0.0,1.0,0.0012568836604220984,1,0,1,1,1,1,1,1,0.9699999999999999,1.0,1.0,1.0,0.8,skip,attack_already_active,1785296152.1839457,1785296152183945740,1384820400644016,5.7,53.3515625,-1.0,0,0
2026-07-28T23:35:52.184,10.42.0.210,10.42.0.1|10.42.0.210,37,3,UPLOAD,0.95,UPLOAD,0.95,1,1448,100.0,38,0.0,55024.0,0,38,0.0,1.0,0.0012223950519831544,1,0,1,1,1,1,1,1,0.9699999999999999,1.0,1.0,1.0,0.8,skip,attack_already_active,1785296152.1849408,1785296152184940790,1384820401639197,5.7,53.3515625,-1.0,0,0
2026-07-28T23:35:52.186,10.42.0.210,10.42.0.1|10.42.0.210,37,3,UPLOAD,0.95,UPLOAD,0.95,1,1448,100.0,39,0.0,56472.0,0,39,0.0,1.0,0.0012400486462399243,1,0,1,1,1,1,1,1,0.9699999999999999,1.0,1.0,1.0,0.8,skip,attack_already_active,1785296152.1862972,1785296152186297209,1384820402995794,5.7,53.3515625,-1.0,0,0
2026-07-28T23:35:52.187,10.42.0.210,10.42.0.1|10.42.0.210,37,3,UPLOAD,0.95,UPLOAD,0.95,1,1448,100.0,40,0.0,57920.0,0,40,0.0,1.0,0.0012546219279326721,1,0,1,1,1,1,1,1,0.9699999999999999,1.0,1.0,1.0,0.8,skip,attack_already_active,1785296152.1876478,1785296152187647744,1384820404347209,5.7,53.3515625,-1.0,0,0
2026-07-28T23:35:52.188,10.42.0.210,10.42.0.1|10.42.0.210,37,3,UPLOAD,0.95,UPLOAD,0.95,1,1448,100.0,41,0.0,59368.0,0,41,0.0,1.0,0.0012418266630676064,1,0,1,1,1,1,1,1,0.9699999999999999,1.0,1.0,1.0,0.8,skip,attack_already_active,1785296152.1888053,1785296152188805314,1384820405503697,5.7,53.3515625,-1.0,0,0
2026-07-28T23:35:52.189,10.42.0.210,10.42.0.1|10.42.0.210,37,3,UPLOAD,0.95,UPLOAD,0.95,1,1448,100.0,42,0.0,60816.0,0,42,0.0,1.0,0.0011702388353335006,1,0,1,1,1,1,1,1,0.9699999999999999,1.0,1.0,1.0,0.8,skip,attack_already_active,1785296152.189504,1785296152189504087,1384820406202064,5.7,53.3515625,-1.0,0,0
2026-07-28T23:35:52.190,10.42.0.210,10.42.0.1|10.42.0.210,37,3,UPLOAD,0.95,UPLOAD,0.95,1,1448,100.0,43,0.0,62264.0,0,43,0.0,1.0,0.0011569700569561807,1,0,1,1,1,1,1,1,0.9699999999999999,1.0,1.0,1.0,0.8,skip,attack_already_active,1785296152.1905735,1785296152190573520,1384820407271936,5.7,53.3515625,-1.0,0,0
2026-07-28T23:35:52.191,10.42.0.210,10.42.0.1|10.42.0.210,37,3,UPLOAD,0.95,UPLOAD,0.95,1,1448,100.0,44,0.0,63712.0,0,44,0.0,1.0,0.0010982921249040856,1,0,1,1,1,1,1,1,0.9699999999999999,1.0,1.0,1.0,0.8,skip,attack_already_active,1785296152.1912851,1785296152191285234,1384820407983467,5.7,53.3515625,-1.0,0,0
2026-07-28T23:35:52.192,10.42.0.210,10.42.0.1|10.42.0.210,37,3,UPLOAD,0.95,UPLOAD,0.95,1,1448,100.0,45,0.0,65160.0,0,45,0.0,1.0,0.0010806175592029082,1,0,1,1,1,1,1,1,0.9699999999999999,1.0,1.0,1.0,0.8,skip,attack_already_active,1785296152.1922493,1785296152192249428,1384820408947921,5.7,53.3515625,-1.0,0,0
2026-07-28T23:35:52.192,10.42.0.210,10.42.0.1|10.42.0.210,37,3,UPLOAD,0.95,UPLOAD,0.95,1,1448,100.0,46,0.0,66608.0,0,46,0.0,1.0,0.001027790994447089,1,0,1,1,1,1,1,1,0.9699999999999999,1.0,1.0,1.0,0.8,skip,attack_already_active,1785296152.192929,1785296152192928926,1384820409627175,5.7,53.3515625,-1.0,0,0
2026-07-28T23:35:52.193,10.42.0.210,10.42.0.1|10.42.0.210,37,3,UPLOAD,0.95,UPLOAD,0.95,1,1448,100.0,47,0.0,68056.0,0,47,0.0,1.0,0.0010148197254457173,1,0,1,1,1,1,1,1,0.9699999999999999,1.0,1.0,1.0,0.8,skip,attack_already_active,1785296152.1938584,1785296152193858215,1384820410556365,5.7,53.3515625,-1.0,0,0
2026-07-28T23:35:52.194,10.42.0.210,10.42.0.1|10.42.0.210,37,3,UPLOAD,0.95,UPLOAD,0.95,1,1448,100.0,48,0.0,69504.0,0,48,0.0,1.0,0.0009750935001876631,1,0,1,1,1,1,1,1,0.9699999999999999,1.0,1.0,1.0,0.8,skip,attack_already_active,1785296152.1945717,1785296152194571880,1384820411270412,5.7,53.3515625,-1.0,0,0
2026-07-28T23:35:52.195,10.42.0.210,10.42.0.1|10.42.0.210,37,3,UPLOAD,0.95,UPLOAD,0.95,1,1448,100.0,49,0.0,70952.0,0,49,0.0,1.0,0.0009426757309461977,1,0,1,1,1,1,1,1,0.9699999999999999,1.0,1.0,1.0,0.8,skip,attack_already_active,1785296152.1953008,1785296152195300789,1384820411998959,5.7,53.3515625,-1.0,0,0
2026-07-28T23:35:52.200,10.42.0.1,10.42.0.1|10.42.0.210,37,3,UPLOAD,0.95,UPLOAD,0.95,1,7240,100.0,1,0.0,7240.0,0,1,0.0,1.0,0.022337493828900143,1,0,1,1,1,1,1,1,0.9699999999999999,1.0,1.0,1.0,0.8,skip,attack_already_active,1785296152.200722,1785296152200722022,1384820417420406,5.7,53.3515625,-1.0,0,0
2026-07-28T23:35:52.201,10.42.0.1,10.42.0.1|10.42.0.210,37,3,UPLOAD,0.9751946016479657,UPLOAD,0.9751946016479657,1,7240,100.0,2,0.0,14480.0,0,2,0.0,1.0,0.01948798355052873,1,0,1,1,1,1,1,1,0.9699999999999999,1.0,1.0,1.0,0.8,skip,attack_already_active,1785296152.2014353,1785296152201435270,1384820418133523,5.7,53.3515625,-1.0,0,0
2026-07-28T23:35:52.203,10.42.0.1,10.42.0.1|10.42.0.210,37,3,UPLOAD,0.9787684151544777,UPLOAD,0.9787684151544777,1,14480,100.0,3,0.0,28960.0,0,3,0.0,1.0,0.01717347252952943,1,0,1,1,1,1,1,1,0.9699999999999999,1.0,1.0,1.0,0.8,skip,attack_already_active,1785296152.2033591,1785296152203359151,1384820420057501,5.7,53.3515625,-1.0,0,0
2026-07-28T23:35:52.204,10.42.0.1,10.42.0.1|10.42.0.210,37,3,UPLOAD,0.9792426701449536,UPLOAD,0.9792426701449536,1,14480,100.0,4,0.0,43440.0,0,4,0.0,1.0,0.015003851482539738,1,0,1,1,1,1,1,1,0.9699999999999999,1.0,1.0,1.0,0.8,skip,attack_already_active,1785296152.204068,1785296152204067773,1384820420766090,5.7,53.3515625,-1.0,0,0
2026-07-28T23:35:52.205,10.42.0.1,10.42.0.1|10.42.0.210,37,3,UPLOAD,0.9796822286802466,UPLOAD,0.9796822286802466,1,21720,100.0,5,0.0,65160.0,0,5,0.0,1.0,0.013248000246640967,1,0,1,1,1,1,1,1,0.9699999999999999,1.0,1.0,1.0,0.8,skip,attack_already_active,1785296152.2057471,1785296152205747298,1384820422445748,5.7,53.3515625,-1.0,0,0
2026-07-28T23:35:52.206,10.42.0.1,10.42.0.1|10.42.0.210,37,3,UPLOAD,0.9796699921000604,UPLOAD,0.9796699921000604,1,7240,100.0,6,0.0,72400.0,0,6,0.0,1.0,0.011596096069211808,1,0,1,1,1,1,1,1,0.9699999999999999,1.0,1.0,1.0,0.8,skip,attack_already_active,1785296152.2064593,1785296152206459402,1384820423157611,5.7,53.3515625,-1.0,0,0
2026-07-28T23:35:52.207,10.42.0.1,10.42.0.1|10.42.0.210,37,3,UPLOAD,0.9794194665256464,UPLOAD,0.9794194665256464,1,7129,100.0,7,0.0,79529.0,0,7,0.0,1.0,0.010198629140735289,1,0,1,1,1,1,1,1,0.9699999999999999,1.0,1.0,1.0,0.8,skip,attack_already_active,1785296152.2074504,1785296152207450431,1384820424148616,5.7,53.3515625,-1.0,0,0
2026-07-28T23:35:53.549,10.42.0.47,10.42.0.1|10.42.0.210|10.42.0.47,37,3,UPLOAD,0.95,UPLOAD,0.95,1,7240,100.0,1,0.0,7240.0,0,1,0.0,1.0,0.31242112486283335,1,0,0,1,1,1,1,1,0.9699999999999999,1.0,1.0,1.0,0.8,trigger,training_upload_trigger_confirmed,1785296153.549338,1785296153549338019,1384821766036652,9.1,53.3515625,8.671526,1785296153558010794,1384821774708178
2026-07-28T23:35:53.550,10.42.0.47,10.42.0.1|10.42.0.210|10.42.0.47,37,3,UPLOAD,0.95,UPLOAD,0.95,1,1448,100.0,2,0.0,8688.0,0,2,0.0,1.0,0.2713708494289472,1,0,1,1,1,1,1,1,0.9699999999999999,1.0,1.0,1.0,0.8,skip,attack_already_active,1785296153.55024,1785296153550240023,1384821766938672,9.1,53.3515625,-1.0,0,0
2026-07-28T23:35:53.552,10.42.0.47,10.42.0.1|10.42.0.210|10.42.0.47,37,3,UPLOAD,0.95,UPLOAD,0.95,1,5792,100.0,3,0.0,14480.0,0,3,0.0,1.0,0.23584468887678559,1,0,1,1,1,1,1,1,0.9699999999999999,1.0,1.0,1.0,0.8,skip,attack_already_active,1785296153.5520127,1785296153552012801,1384821768711671,9.1,53.3515625,-1.0,0,0
2026-07-28T23:35:53.553,10.42.0.47,10.42.0.1|10.42.0.210|10.42.0.47,37,3,UPLOAD,0.9504810402603436,UPLOAD,0.9504810402603436,1,10136,100.0,4,0.0,24616.0,0,4,0.0,1.0,0.2049500782986503,1,0,1,1,1,1,1,1,0.9699999999999999,1.0,1.0,1.0,0.8,skip,attack_already_active,1785296153.5534067,1785296153553406694,1384821770105135,9.1,53.3515625,-1.0,0,0
2026-07-28T23:35:53.555,10.42.0.47,10.42.0.1|10.42.0.210|10.42.0.47,37,3,UPLOAD,0.952446463355229,UPLOAD,0.952446463355229,1,1448,100.0,5,0.0,26064.0,0,5,0.0,1.0,0.17817723359820356,1,0,1,1,1,1,1,1,0.9699999999999999,1.0,1.0,1.0,0.8,skip,attack_already_active,1785296153.555185,1785296153555185200,1384821771883761,9.1,53.3515625,-1.0,0,0
2026-07-28T23:35:53.556,10.42.0.47,10.42.0.1|10.42.0.210|10.42.0.47,37,3,UPLOAD,0.954349139400315,UPLOAD,0.954349139400315,1,5792,100.0,6,0.0,31856.0,0,6,0.0,1.0,0.15483792533637025,1,0,1,1,1,1,1,1,0.9699999999999999,1.0,1.0,1.0,0.8,skip,attack_already_active,1785296153.5562468,1785296153556246705,1384821772946809,9.1,53.3515625,-1.0,0,0
2026-07-28T23:35:53.557,10.42.0.47,10.42.0.1|10.42.0.210|10.42.0.47,37,3,UPLOAD,0.9561546734037674,UPLOAD,0.9561546734037674,1,11584,100.0,7,0.0,43440.0,0,7,0.0,1.0,0.1345751787995027,1,0,1,1,1,1,1,1,0.9699999999999999,1.0,1.0,1.0,0.8,skip,attack_already_active,1785296153.5573163,1785296153557316249,1384821774015309,9.1,53.3515625,-1.0,0,0
2026-07-28T23:35:53.558,10.42.0.47,10.42.0.1|10.42.0.210|10.42.0.47,37,3,UPLOAD,0.9587958272673881,UPLOAD,0.9587958272673881,1,8688,100.0,8,0.0,52128.0,0,8,0.0,1.0,0.11702319914491181,1,0,1,1,1,1,1,1,0.9699999999999999,1.0,1.0,1.0,0.8,skip,attack_already_active,1785296153.5586944,1785296153558694452,1384821775393224,9.1,53.3515625,-1.0,0,0
2026-07-28T23:35:53.559,10.42.0.47,10.42.0.1|10.42.0.210|10.42.0.47,37,3,UPLOAD,0.9609463944943616,UPLOAD,0.9609463944943616,1,10136,100.0,9,0.0,62264.0,0,9,0.0,1.0,0.10177353459417238,1,0,1,1,1,1,1,1,0.9699999999999999,1.0,1.0,1.0,0.8,skip,attack_already_active,1785296153.559992,1785296153559991943,1384821776690306,9.1,53.3515625,-1.0,0,0
2026-07-28T23:35:53.561,10.42.0.47,10.42.0.1|10.42.0.210|10.42.0.47,37,3,UPLOAD,0.9629741107617542,UPLOAD,0.9629741107617542,1,1448,100.0,10,0.0,63712.0,0,10,0.0,1.0,0.08852936505114929,1,0,1,1,1,1,1,1,0.9699999999999999,1.0,1.0,1.0,0.8,skip,attack_already_active,1785296153.5612593,1785296153561259226,1384821777957592,9.1,53.3515625,-1.0,0,0
2026-07-28T23:35:53.561,10.42.0.47,10.42.0.1|10.42.0.210|10.42.0.47,37,3,UPLOAD,0.9649419879669148,UPLOAD,0.9649419879669148,1,1448,100.0,11,0.0,65160.0,0,11,0.0,1.0,0.0769571419295941,1,0,1,1,1,1,1,1,0.9699999999999999,1.0,1.0,1.0,0.8,skip,attack_already_active,1785296153.5619702,1785296153561970202,1384821778668858,9.1,53.3515625,-1.0,0,0
2026-07-28T23:35:53.562,10.42.0.47,10.42.0.1|10.42.0.210|10.42.0.47,37,3,UPLOAD,0.9667737939597182,UPLOAD,0.9667737939597182,1,10136,100.0,12,0.0,75296.0,0,12,0.0,1.0,0.06694053724210634,1,0,1,1,1,1,1,1,0.9699999999999999,1.0,1.0,1.0,0.8,skip,attack_already_active,1785296153.5629141,1785296153562914066,1384821779612161,9.1,53.3515625,-1.0,0,0
2026-07-28T23:35:53.563,10.42.0.47,10.42.0.1|10.42.0.210|10.42.0.47,37,3,UPLOAD,0.9684902835846952,UPLOAD,0.9684902835846952,1,4232,100.0,13,0.0,79528.0,0,13,0.0,1.0,0.05823186383839236,1,0,1,1,1,1,1,1,0.9699999999999999,1.0,1.0,1.0,0.8,skip,attack_already_active,1785296153.563767,1785296153563767034,1384821780465170,9.1,53.3515625,-1.0,0,0
2026-07-28T23:35:53.564,10.42.0.1,10.42.0.1|10.42.0.210|10.42.0.47,37,3,UPLOAD,0.9767786635490582,UPLOAD,0.9767786635490582,1,7240,100.0,1,0.0,7240.0,0,1,0.0,1.0,0.1876949855890917,1,0,1,1,1,1,1,1,0.9699999999999999,1.0,1.0,1.0,0.8,skip,attack_already_active,1785296153.5646198,1785296153564619853,1384821781317920,9.1,53.3515625,-1.0,0,0
2026-07-28T23:35:53.565,10.42.0.1,10.42.0.1|10.42.0.210|10.42.0.47,37,3,UPLOAD,0.9767940240625245,UPLOAD,0.9767940240625245,1,7240,100.0,2,0.0,14480.0,0,2,0.0,1.0,0.16303537823329933,1,0,1,1,1,1,1,1,0.9699999999999999,1.0,1.0,1.0,0.8,skip,attack_already_active,1785296153.5651798,1785296153565179870,1384821781877939,9.1,53.3515625,-1.0,0,0
2026-07-28T23:35:53.622,10.42.0.1,10.42.0.1|10.42.0.210|10.42.0.47,37,3,UPLOAD,0.9766637919686771,UPLOAD,0.9766637919686771,1,13032,100.0,3,0.0,27512.0,0,3,0.0,1.0,0.1490496368690774,1,0,1,1,1,1,1,1,0.9699999999999999,1.0,1.0,1.0,0.8,skip,attack_already_active,1785296153.6220813,1785296153622081343,1384821838779620,9.1,53.3515625,-1.0,0,0
2026-07-28T23:35:53.622,10.42.0.1,10.42.0.1|10.42.0.210|10.42.0.47,37,3,UPLOAD,0.9767317910706385,UPLOAD,0.9767317910706385,1,13032,100.0,4,0.0,40544.0,0,4,0.0,1.0,0.12948997717259886,1,0,1,1,1,1,1,1,0.9699999999999999,1.0,1.0,1.0,0.8,skip,attack_already_active,1785296153.622698,1785296153622697980,1384821839395931,9.1,53.3515625,-1.0,0,0
2026-07-28T23:35:53.623,10.42.0.1,10.42.0.1|10.42.0.210|10.42.0.47,37,3,UPLOAD,0.9750426259804592,UPLOAD,0.9750426259804592,0,43,100.0,4,0.0,40544.0,0,4,0.0,1.0,0.31281939191006913,1,0,1,1,1,1,1,1,0.8374999999999999,0.8500000000000001,1.0,0.6000000000000001,0.8,skip,attack_already_active,1785296153.6232188,1785296153623218748,1384821839916694,9.1,53.3515625,-1.0,0,0
2026-07-28T23:35:53.625,10.42.0.1,10.42.0.1|10.42.0.210|10.42.0.47,37,3,UPLOAD,0.9756264346120077,UPLOAD,0.9756264346120077,1,8688,100.0,5,0.0,49232.0,0,5,0.0,1.0,0.2719267551646069,1,0,1,1,1,1,1,1,0.9699999999999999,1.0,1.0,1.0,0.8,skip,attack_already_active,1785296153.6251945,1785296153625194597,1384821841892717,9.1,53.3515625,-1.0,0,0
2026-07-28T23:35:53.625,10.42.0.1,10.42.0.1|10.42.0.210|10.42.0.47,37,3,UPLOAD,0.974896790438246,UPLOAD,0.974896790438246,1,5792,100.0,6,0.0,55024.0,0,6,0.0,1.0,0.2361665143410702,1,0,1,1,1,1,1,1,0.9699999999999999,1.0,1.0,1.0,0.8,skip,attack_already_active,1785296153.6257467,1785296153625746563,1384821842444490,9.1,53.3515625,-1.0,0,0
2026-07-28T23:35:53.626,10.42.0.1,10.42.0.1|10.42.0.210|10.42.0.47,37,3,UPLOAD,0.9737827365756824,UPLOAD,0.9737827365756824,1,8688,100.0,7,0.0,63712.0,0,7,0.0,1.0,0.20516339300202865,1,0,1,1,1,1,1,1,0.9699999999999999,1.0,1.0,1.0,0.8,skip,attack_already_active,1785296153.6266391,1785296153626639052,1384821843337009,9.1,53.3515625,-1.0,0,0
2026-07-28T23:35:53.627,10.42.0.1,10.42.0.1|10.42.0.210|10.42.0.47,37,3,UPLOAD,0.9719276241550848,UPLOAD,0.9719276241550848,1,5792,100.0,8,0.0,69504.0,0,8,0.0,1.0,0.17823340727288656,1,0,1,1,1,1,1,1,0.9699999999999999,1.0,1.0,1.0,0.8,skip,attack_already_active,1785296153.6274383,1785296153627438288,1384821844136300,9.1,53.3515625,-1.0,0,0
2026-07-28T23:35:53.628,10.42.0.1,10.42.0.1|10.42.0.210|10.42.0.47,37,3,UPLOAD,0.9676668849149592,UPLOAD,0.9676668849149592,1,8688,100.0,9,0.0,78192.0,0,9,0.0,1.0,0.15495176235932678,1,0,1,1,1,1,1,1,0.9699999999999999,1.0,1.0,1.0,0.8,skip,attack_already_active,1785296153.6289937,1785296153628993890,1384821845691891,9.1,53.3515625,-1.0,0,0
2026-07-28T23:35:53.629,10.42.0.1,10.42.0.1|10.42.0.210|10.42.0.47,37,3,UPLOAD,0.9615870652041424,UPLOAD,0.9615870652041424,1,1336,100.0,10,0.0,79528.0,0,10,0.0,1.0,0.13464240902273092,1,0,1,1,1,1,1,1,0.9699999999999999,1.0,1.0,1.0,0.8,skip,attack_already_active,1785296153.6298234,1785296153629823446,1384821846521437,9.1,53.3515625,-1.0,0,0
2026-07-28T23:35:53.705,10.42.0.1,10.42.0.1|10.42.0.210|10.42.0.47,37,3,UPLOAD,0.9461270738325167,UPLOAD,0.9461270738325167,0,43,100.0,10,0.0,79528.0,0,10,0.0,1.0,0.1277745100072184,1,0,1,1,1,1,1,1,0.8374999999999999,0.8500000000000001,1.0,0.6000000000000001,0.8,skip,attack_already_active,1785296153.7057426,1785296153705742595,1384821922441388,9.1,53.3515625,-1.0,0,0
2026-07-28T23:35:53.931,10.42.0.1,10.42.0.47,38,1,DOWNLOAD,0.95,DOWNLOAD,0.95,-1,1448,54.92265189646225,11,1448.0,79528.0,1,10,0.017881841533293814,0.9821181584667061,0.14065812368211586,0,0,0,0,1,0,0,0,0.44,0.8500000000000001,0.0,0.6000000000000001,0.15,skip,training_upload_trigger_not_confirmed,1785296153.9312873,1785296153931287235,1384822147985867,28.9,53.3515625,-1.0,0,0
2026-07-28T23:35:53.935,10.42.0.1,10.42.0.47,38,1,DOWNLOAD,0.95,DOWNLOAD,0.95,-1,5792,10.984530385361252,12,7240.0,79528.0,2,10,0.08344089987092015,0.9165591001290798,0.12262348605277962,0,0,0,0,1,0,0,0,0.44,0.8500000000000001,0.0,0.6000000000000001,0.15,skip,training_upload_trigger_not_confirmed,1785296153.9350855,1785296153935085532,1384822151784162,28.9,53.3515625,-1.0,0,0
2026-07-28T23:35:53.935,10.42.0.1,10.42.0.47,38,1,DOWNLOAD,0.95,DOWNLOAD,0.95,-1,7240,5.492265193059926,13,14480.0,79528.0,3,10,0.15402944430261253,0.8459705556973874,0.10655865391738162,0,0,0,0,1,0,0,0,0.44,0.8500000000000001,0.0,0.6000000000000001,0.15,skip,training_upload_trigger_not_confirmed,1785296153.9357975,1785296153935797439,1384822152496540,28.9,53.3515625,-1.0,0,0
2026-07-28T23:35:53.936,10.42.0.1,10.42.0.47,38,1,DOWNLOAD,0.95,DOWNLOAD,0.95,-1,7240,3.661510128790906,14,21720.0,79528.0,4,10,0.21452275600505688,0.7854772439949431,0.09260510135609747,0,0,0,0,1,0,0,0,0.4,0.8500000000000001,0.0,0.4,0.15,skip,training_upload_trigger_not_confirmed,1785296153.9364665,1785296153936466344,1384822153164458,28.9,53.3515625,-1.0,0,0
2026-07-28T23:35:53.937,10.42.0.1,10.42.0.47,38,1,DOWNLOAD,0.95,DOWNLOAD,0.95,-1,7240,2.746132596624788,15,28960.0,79528.0,5,10,0.26694196593171593,0.7330580340682841,0.08048731752800473,0,0,0,0,1,0,0,0,0.4,0.8500000000000001,0.0,0.4,0.15,skip,training_upload_trigger_not_confirmed,1785296153.937113,1785296153937113136,1384822153811723,28.9,53.3515625,-1.0,0,0
2026-07-28T23:35:53.939,10.42.0.1,10.42.0.47,38,1,DOWNLOAD,0.95,DOWNLOAD,0.95,-1,7240,2.196906077315002,16,36200.0,79528.0,6,10,0.31280243329185675,0.6871975667081432,0.0701422232887955,0,0,0,0,1,0,0,0,0.4,0.8500000000000001,0.0,0.4,0.15,skip,training_upload_trigger_not_confirmed,1785296153.9390943,1785296153939094217,1384822155792458,28.9,53.3515625,-1.0,0,0
2026-07-28T23:35:53.939,10.42.0.1,10.42.0.47,38,1,DOWNLOAD,0.95,DOWNLOAD,0.95,-1,7240,1.8307550644375976,17,43440.0,79528.0,7,10,0.3532626374341292,0.6467373625658708,0.06099000276222503,0,0,0,0,1,0,0,0,0.32,0.8500000000000001,0.0,0.0,0.15,skip,training_upload_trigger_not_confirmed,1785296153.9397829,1785296153939782888,1384822156480977,28.9,53.3515625,-1.0,0,0
2026-07-28T23:35:53.940,10.42.0.1,10.42.0.47,38,1,DOWNLOAD,0.95,DOWNLOAD,0.95,-1,7240,1.5692186266659585,18,50680.0,79528.0,8,10,0.3892233964118948,0.6107766035881051,0.05305973989694651,0,0,0,0,1,0,0,0,0.32,0.8500000000000001,0.0,0.0,0.15,skip,training_upload_trigger_not_confirmed,1785296153.9405923,1785296153940592450,1384822157290482,28.9,53.3515625,-1.0,0,0
2026-07-28T23:35:53.941,10.42.0.1,10.42.0.47,38,1,DOWNLOAD,0.95,DOWNLOAD,0.95,-1,7240,1.3730662983361002,19,57920.0,79528.0,9,10,0.4213957278388918,0.5786042721611082,0.0461451078627804,0,0,0,0,1,0,0,0,0.32,0.8500000000000001,0.0,0.0,0.15,skip,training_upload_trigger_not_confirmed,1785296153.9411788,1785296153941178821,1384822157876885,28.9,53.3515625,-1.0,0,0
2026-07-28T23:35:53.941,10.42.0.1,10.42.0.47,38,1,DOWNLOAD,0.95,DOWNLOAD,0.95,-1,10136,1.1685670624167073,20,68056.0,79528.0,10,10,0.46113399826539464,0.5388660017346054,0.04014538647208971,0,0,0,0,1,0,0,0,0.30250000000000005,0.8000000000000002,0.0,0.0,0.15,skip,training_upload_trigger_not_confirmed,1785296153.9417937,1785296153941793797,1384822158492023,28.9,53.3515625,-1.0,0,0
2026-07-28T23:35:53.942,10.42.0.1,10.42.0.47,38,1,DOWNLOAD,0.95,DOWNLOAD,0.95,-1,4344,1.0984530386726734,21,72400.0,79528.0,11,10,0.4765415196672108,0.5234584803327892,0.03496338846716036,0,0,0,0,1,0,0,0,0.30250000000000005,0.8000000000000002,0.0,0.0,0.15,skip,training_upload_trigger_not_confirmed,1785296153.9426143,1785296153942614317,1384822159312559,28.9,53.3515625,-1.0,0,0
2026-07-28T23:35:53.943,10.42.0.1,10.42.0.47,38,1,DOWNLOAD,0.95,DOWNLOAD,0.95,-1,10136,0.9635552970829268,22,82536.0,79528.0,12,10,0.5092802843321157,0.4907197156678843,0.03044514366776986,0,0,0,0,1,0,0,0,0.30250000000000005,0.8000000000000002,0.0,0.0,0.15,skip,training_upload_trigger_not_confirmed,1785296153.94329,1785296153943290142,1384822159988428,28.9,53.3515625,-1.0,0,0
2026-07-28T23:35:53.947,10.42.0.1,10.42.0.47,38,1,DOWNLOAD,0.95,DOWNLOAD,0.95,-1,14480,0.8197410736391962,23,97016.0,79528.0,13,10,0.5495287293819104,0.45047127061808956,0.02703788046737624,0,0,0,0,1,0,0,0,0.30250000000000005,0.8000000000000002,0.0,0.0,0.15,skip,training_upload_trigger_not_confirmed,1785296153.9478784,1785296153947878382,1384822164577572,28.9,53.3515625,-1.0,0,0
2026-07-28T23:35:53.948,10.42.0.1,10.42.0.47,38,1,DOWNLOAD,0.95,DOWNLOAD,0.95,-1,14480,0.7132811939467489,24,111496.0,79528.0,14,10,0.5836753496942793,0.41632465030572074,0.023618210430306586,0,0,0,0,1,0,0,0,0.28500000000000003,0.7500000000000001,0.0,0.0,0.15,skip,training_upload_trigger_not_confirmed,1785296153.9489653,1785296153948965276,1384822165664065,28.9,53.3515625,-1.0,0,0
2026-07-28T23:35:53.949,10.42.0.1,10.42.0.47,38,1,DOWNLOAD,0.95,DOWNLOAD,0.95,-1,14480,0.6312948498155895,25,125976.0,79528.0,15,10,0.6130099657427592,0.3869900342572407,0.020639331924056595,0,0,0,0,1,0,0,0,0.28500000000000003,0.7500000000000001,0.0,0.0,0.15,skip,training_upload_trigger_not_confirmed,1785296153.9499776,1785296153949977707,1384822166676226,28.9,53.3515625,-1.0,0,0
2026-07-28T23:35:53.951,10.42.0.1,10.42.0.47,38,1,DOWNLOAD,0.95,DOWNLOAD,0.95,-1,14480,0.5662129065360951,26,140456.0,79528.0,16,10,0.6384827987489999,0.36151720125100006,0.01808940641173665,0,0,0,0,1,0,0,0,0.28500000000000003,0.7500000000000001,0.0,0.0,0.15,skip,training_upload_trigger_not_confirmed,1785296153.9512663,1785296153951266404,1384822167965679,28.9,53.3515625,-1.0,0,0
2026-07-28T23:35:53.952,10.42.0.1,10.42.0.47,38,1,DOWNLOAD,0.95,DOWNLOAD,0.95,-1,14480,0.5132958124676428,27,154936.0,79528.0,17,10,0.6608093353350621,0.3391906646649379,0.015840119894957476,0,0,0,0,1,0,0,0,0.28500000000000003,0.7500000000000001,0.0,0.0,0.15,skip,training_upload_trigger_not_confirmed,1785296153.9522865,1785296153952286400,1384822168984746,28.9,53.3515625,-1.0,0,0
2026-07-28T23:35:53.952,10.42.0.1,10.42.0.47,38,1,DOWNLOAD,0.95,DOWNLOAD,0.95,-1,4344,0.49929683576406764,28,159280.0,79528.0,18,10,0.6669793306756893,0.33302066932431074,0.013838503400100524,0,0,0,0,1,0,0,0,0.28500000000000003,0.7500000000000001,0.0,0.0,0.15,skip,training_upload_trigger_not_confirmed,1785296153.952937,1785296153952936838,1384822169635140,28.9,53.3515625,-1.0,0,0
2026-07-28T23:35:53.953,10.42.0.1,10.42.0.47,38,1,DOWNLOAD,0.95,DOWNLOAD,0.95,-1,4344,0.48604116755802296,29,163624.0,79528.0,19,10,0.672928867539646,0.327071132460354,0.01209596765080988,0,0,0,0,1,0,0,0,0.28500000000000003,0.7500000000000001,0.0,0.0,0.15,skip,training_upload_trigger_not_confirmed,1785296153.9535518,1785296153953551835,1384822170250057,28.9,53.3515625,-1.0,0,0
2026-07-28T23:35:53.954,10.42.0.1,10.42.0.47,38,1,DOWNLOAD,0.95,DOWNLOAD,0.95,-1,18824,0.435894062968978,30,182448.0,79528.0,20,10,0.6964302073472379,0.30356979265276207,0.010594112577752167,0,0,0,0,1,0,0,0,0.28500000000000003,0.7500000000000001,0.0,0.0,0.15,skip,training_upload_trigger_not_confirmed,1785296153.9542506,1785296153954250505,1384822170949161,28.9,53.3515625,-1.0,0,0
2026-07-28T23:35:53.955,10.42.0.1,10.42.0.47,38,1,DOWNLOAD,0.95,DOWNLOAD,0.95,-1,18824,0.3951269923317941,31,201272.0,79528.0,21,10,0.7167806267806268,0.28321937321937324,0.009427489471260736,0,0,0,0,1,0,0,0,0.28500000000000003,0.7500000000000001,0.0,0.0,0.15,skip,training_upload_trigger_not_confirmed,1785296153.9559915,1785296153955991580,1384822172690447,28.9,53.3515625,-1.0,0,0
2026-07-28T23:35:53.957,10.42.0.1,10.42.0.47,38,1,DOWNLOAD,0.95,DOWNLOAD,0.95,-1,18824,0.3613332364088337,32,220096.0,79528.0,22,10,0.7345739994125972,0.2654260005874029,0.008339226966519665,0,0,0,0,1,0,0,0,0.28500000000000003,0.7500000000000001,0.0,0.0,0.15,skip,training_upload_trigger_not_confirmed,1785296153.9571605,1785296153957160498,1384822173860745,28.9,53.3515625,-1.0,0,0
2026-07-28T23:35:53.958,10.42.0.1,10.42.0.47,38,1,DOWNLOAD,0.95,DOWNLOAD,0.95,-1,18824,0.3328645571767417,33,238920.0,79528.0,23,10,0.7502637793297493,0.24973622067025072,0.007458649842616751,0,0,0,0,1,0,0,0,0.28500000000000003,0.7500000000000001,0.0,0.0,0.15,skip,training_upload_trigger_not_confirmed,1785296153.9588172,1785296153958817185,1384822175517293,28.9,53.3515625,-1.0,0,0
2026-07-28T23:35:53.959,10.42.0.1,10.42.0.47,38,1,DOWNLOAD,0.95,DOWNLOAD,0.95,-1,16920,0.31085053158493253,34,255840.0,79528.0,24,10,0.7628634813100833,0.23713651868991675,0.0066076808095329835,0,0,0,0,1,0,0,0,0.28500000000000003,0.7500000000000001,0.0,0.0,0.15,skip,training_upload_trigger_not_confirmed,1785296153.9598181,1785296153959818210,1384822176516899,28.9,53.3515625,-1.0,0,0
2026-07-28T23:35:53.960,10.42.0.210,10.42.0.47,38,1,DOWNLOAD,0.9840872880035749,DOWNLOAD,0.9840872880035749,-1,7240,1.381215469422484e-10,1,7240.0,0.0,1,0,1.0,0.0,0.034273297594917526,0,0,0,0,0,0,0,0,0.0225,0.0,0.0,0.0,0.15,skip,training_upload_trigger_not_confirmed,1785296153.9606638,1785296153960663729,1384822177362018,28.9,53.3515625,-1.0,0,0
2026-07-28T23:35:53.961,10.42.0.47,10.42.0.47,38,1,DOWNLOAD,0.95,DOWNLOAD,0.95,-1,7240,10.984530385361252,14,7240.0,79528.0,1,13,0.08344089987092015,0.9165591001290798,0.09452696792315951,0,0,0,0,0,0,0,0,0.057499999999999996,0.1,0.0,0.0,0.15,skip,training_upload_trigger_not_confirmed,1785296153.9618585,1785296153961858441,1384822178557819,28.9,53.3515625,-1.0,0,0
2026-07-28T23:35:53.962,10.42.0.210,10.42.0.47,38,1,DOWNLOAD,0.95,DOWNLOAD,0.95,-1,7240,6.90607734758936e-11,2,14480.0,0.0,2,0,1.0,0.0,0.030060539135548025,0,0,0,0,0,0,0,0,0.0225,0.0,0.0,0.0,0.15,skip,training_upload_trigger_not_confirmed,1785296153.9629676,1785296153962967553,1384822179665833,28.9,53.3515625,-1.0,0,0
2026-07-28T23:35:53.964,10.42.0.47,10.42.0.47,38,1,DOWNLOAD,0.95,DOWNLOAD,0.95,-1,7240,5.492265193059926,15,14480.0,79528.0,2,13,0.15402944430261253,0.8459705556973874,0.08236187274106642,0,0,0,0,0,0,0,0,0.057499999999999996,0.1,0.0,0.0,0.15,skip,training_upload_trigger_not_confirmed,1785296153.964068,1785296153964067903,1384822180766376,28.9,53.3515625,-1.0,0,0
2026-07-28T23:35:53.965,10.42.0.1,10.42.0.47,38,1,DOWNLOAD,0.95,DOWNLOAD,0.95,-1,16920,0.2915676785478385,35,272760.0,79528.0,25,10,0.7742528840039967,0.22574711599600328,0.006432383136380624,0,0,0,0,1,0,0,0,0.28500000000000003,0.7500000000000001,0.0,0.0,0.15,skip,training_upload_trigger_not_confirmed,1785296153.9650955,1785296153965095391,1384822181793975,28.9,53.3515625,-1.0,0,0
2026-07-28T23:35:53.965,10.42.0.59,10.42.0.47,11,2,TRAINING,0.95,TRAINING,0.95,-1,7300,1.3698630135109776e-10,1,7300.0,0.0,1,0,1.0,0.0,0.9143445669160465,0,0,0,0,0,0,0,0,0.0225,0.0,0.0,0.0,0.15,skip,training_upload_trigger_not_confirmed,1785296153.9658868,1785296153965886717,1384822182584907,28.9,53.3515625,-1.0,0,0
2026-07-28T23:35:53.966,10.42.0.59,10.42.0.47,11,2,TRAINING,0.95,TRAINING,0.95,-1,7300,6.84931506802402e-11,2,14600.0,0.0,2,0,1.0,0.0,0.7939558539616873,0,0,0,0,0,0,0,0,0.0225,0.0,0.0,0.0,0.15,skip,training_upload_trigger_not_confirmed,1785296153.9666348,1785296153966634769,1384822183333039,28.9,53.3515625,-1.0,0,0
2026-07-28T23:35:53.967,10.42.0.1,10.42.0.47,38,1,DOWNLOAD,0.95,DOWNLOAD,0.95,-1,14024,0.2773097522899558,36,286784.0,79528.0,26,10,0.7828954552403415,0.21710454475965843,0.005884827632404888,0,0,0,0,1,0,0,0,0.28500000000000003,0.7500000000000001,0.0,0.0,0.15,skip,training_upload_trigger_not_confirmed,1785296153.9673727,1785296153967372566,1384822184071317,28.9,53.3515625,-1.0,0,0
2026-07-28T23:35:53.968,10.42.0.145,10.42.0.47,17,1,DOWNLOAD,0.95,DOWNLOAD,0.95,-1,7300,1.3698630135109776e-10,1,7300.0,0.0,1,0,1.0,0.0,0.6361664755081344,0,0,0,0,0,0,0,0,0.0225,0.0,0.0,0.0,0.15,skip,already_attacked_this_round,1785296153.9681041,1785296153968104177,1384822184802383,28.9,53.3515625,-1.0,0,0
2026-07-28T23:35:53.968,10.42.0.18,10.42.0.47,30,1,DOWNLOAD,0.95,DOWNLOAD,0.95,-1,7300,1.3698630135109776e-10,1,7300.0,0.0,1,0,1.0,0.0,0.46569564116662837,0,0,0,0,0,0,0,0,0.0225,0.0,0.0,0.0,0.15,skip,training_upload_trigger_not_confirmed,1785296153.9688644,1785296153968864435,1384822185566400,28.9,53.3515625,-1.0,0,0
2026-07-28T23:35:53.970,10.42.0.210,10.42.0.47,38,1,DOWNLOAD,0.9557926560077417,DOWNLOAD,0.9557926560077417,-1,10136,4.062398439873968e-11,3,24616.0,0.0,3,0,1.0,0.0,0.027063812827444432,0,0,0,0,0,0,0,0,0.0225,0.0,0.0,0.0,0.15,skip,training_upload_trigger_not_confirmed,1785296153.9702868,1785296153970286746,1384822186985694,28.9,53.3515625,-1.0,0,0
2026-07-28T23:35:53.971,10.42.0.59,10.42.0.47,11,2,TRAINING,0.95,TRAINING,0.95,-1,14600,3.424657534129292e-11,3,29200.0,0.0,3,0,1.0,0.0,0.6899685700579251,0,0,0,0,0,0,0,0,0.0225,0.0,0.0,0.0,0.15,skip,training_upload_trigger_not_confirmed,1785296153.9714599,1785296153971459755,1384822188158188,28.9,53.3515625,-1.0,0,0
2026-07-28T23:35:53.972,10.42.0.59,10.42.0.47,11,2,TRAINING,0.9560214512482689,TRAINING,0.9560214512482689,-1,14600,2.2831050227789245e-11,4,43800.0,0.0,4,0,1.0,0.0,0.5991888272361778,0,0,0,0,0,0,0,0,0.0225,0.0,0.0,0.0,0.15,skip,training_upload_trigger_not_confirmed,1785296153.972526,1785296153972526002,1384822189248132,28.9,53.3515625,-1.0,0,0
2026-07-28T23:35:53.974,10.42.0.18,10.42.0.47,30,1,DOWNLOAD,0.9423097277480763,DOWNLOAD,0.9423097277480763,0,43,1.3698630135109776e-10,1,7300.0,0.0,1,0,1.0,0.0,0.6549150557679208,0,0,0,0,0,0,0,0,0.0225,0.0,0.0,0.0,0.15,skip,training_upload_trigger_not_confirmed,1785296153.9742012,1785296153974201191,1384822190899782,28.9,53.3515625,-1.0,0,0
2026-07-28T23:35:53.975,10.42.0.18,10.42.0.47,30,1,DOWNLOAD,0.95,DOWNLOAD,0.95,-1,10220,5.70776255675184e-11,2,17520.0,0.0,2,0,1.0,0.0,0.5694756280437571,0,0,0,0,0,0,0,0,0.0225,0.0,0.0,0.0,0.15,skip,training_upload_trigger_not_confirmed,1785296153.9754033,1785296153975403343,1384822192101918,28.9,53.3515625,-1.0,0,0
2026-07-28T23:35:53.976,10.42.0.18,10.42.0.47,30,1,DOWNLOAD,0.95,DOWNLOAD,0.95,-1,4380,4.566210045453598e-11,3,21900.0,0.0,3,0,1.0,0.0,0.4945264010863111,0,0,0,0,0,0,0,0,0.0225,0.0,0.0,0.0,0.15,skip,training_upload_trigger_not_confirmed,1785296153.97611,1785296153976110196,1384822192808374,28.9,53.3515625,-1.0,0,0
2026-07-28T23:35:53.977,10.42.0.18,10.42.0.47,30,1,DOWNLOAD,0.95,DOWNLOAD,0.95,-1,14600,2.739726027322199e-11,4,36500.0,0.0,4,0,1.0,0.0,0.42949048423811415,0,0,0,0,0,0,0,0,0.0225,0.0,0.0,0.0,0.15,skip,training_upload_trigger_not_confirmed,1785296153.9770968,1785296153977096780,1384822193795215,28.9,53.3515625,-1.0,0,0
2026-07-28T23:35:53.979,10.42.0.47,10.42.0.47,38,1,DOWNLOAD,0.95,DOWNLOAD,0.95,-1,10136,3.2307442313035932,16,24616.0,79528.0,3,13,0.23636503303118758,0.7636349669688124,0.0735014915707971,0,0,0,0,0,0,0,0,0.057499999999999996,0.1,0.0,0.0,0.15,skip,training_upload_trigger_not_confirmed,1785296153.9791908,1785296153979190876,1384822195889571,28.9,53.3515625,-1.0,0,0
2026-07-28T23:35:53.980,10.42.0.47,10.42.0.47,38,1,DOWNLOAD,0.95,DOWNLOAD,0.95,-1,14480,2.0341722938143496,17,39096.0,79528.0,4,13,0.3295791745346642,0.6704208254653359,0.0639290687502022,0,0,0,0,0,0,0,0,0.057499999999999996,0.1,0.0,0.0,0.15,skip,training_upload_trigger_not_confirmed,1785296153.9800498,1785296153980049828,1384822196748771,28.9,53.3515625,-1.0,0,0
2026-07-28T23:35:53.981,10.42.0.210,10.42.0.47,38,1,DOWNLOAD,0.9846998846180315,DOWNLOAD,0.9846998846180315,-1,14480,2.557806425144316e-11,4,39096.0,0.0,4,0,1.0,0.0,0.024915709806107425,0,0,0,0,0,0,0,0,0.0225,0.0,0.0,0.0,0.15,skip,training_upload_trigger_not_confirmed,1785296153.9810493,1785296153981049240,1384822197748224,28.9,53.3515625,-1.0,0,0
2026-07-28T23:35:53.981,10.42.0.210,10.42.0.47,38,1,DOWNLOAD,0.9854895428954357,DOWNLOAD,0.9854895428954357,-1,4344,2.3020257826357728e-11,5,43440.0,0.0,5,0,1.0,0.0,0.021724854195357756,0,0,0,0,0,0,0,0,0.0225,0.0,0.0,0.0,0.15,skip,training_upload_trigger_not_confirmed,1785296153.9817505,1785296153981750460,1384822198449092,28.9,53.3515625,-1.0,0,0
2026-07-28T23:35:53.982,10.42.0.210,10.42.0.47,38,1,DOWNLOAD,0.9855083405864443,DOWNLOAD,0.9855083405864443,-1,14480,1.7265193369867658e-11,6,57920.0,0.0,6,0,1.0,0.0,0.018987648748272856,0,0,0,0,0,0,0,0,0.0225,0.0,0.0,0.0,0.15,skip,training_upload_trigger_not_confirmed,1785296153.9827034,1785296153982703455,1384822199402120,28.9,53.3515625,-1.0,0,0
2026-07-28T23:35:53.983,10.42.0.210,10.42.0.47,38,1,DOWNLOAD,0.9855087208476458,DOWNLOAD,0.9855087208476458,-1,5792,1.569563033626796e-11,7,63712.0,0.0,7,0,1.0,0.0,0.016609346298488252,0,0,0,0,0,0,0,0,0.0225,0.0,0.0,0.0,0.15,skip,training_upload_trigger_not_confirmed,1785296153.9836428,1785296153983642891,1384822200341788,28.9,53.3515625,-1.0,0,0
2026-07-28T23:35:53.985,10.42.0.47,10.42.0.47,38,1,DOWNLOAD,0.95,DOWNLOAD,0.95,-1,4344,1.8307550644375976,18,43440.0,79528.0,5,13,0.3532626374341292,0.6467373625658708,0.05626452438089431,0,0,0,0,0,0,0,0,0.057499999999999996,0.1,0.0,0.0,0.15,skip,training_upload_trigger_not_confirmed,1785296153.9858148,1785296153985814817,1384822202518226,28.9,53.3515625,-1.0,0,0
2026-07-28T23:35:53.987,10.42.0.59,10.42.0.47,11,2,TRAINING,0.9722034071957616,TRAINING,0.9722034071957616,-1,24820,1.4573010783815608e-11,5,68620.0,0.0,5,0,1.0,0.0,0.5222085797861508,0,0,0,0,0,0,0,0,0.0225,0.0,0.0,0.0,0.15,skip,training_upload_trigger_not_confirmed,1785296153.987533,1785296153987533012,1384822204231779,28.9,53.3515625,-1.0,0,0
2026-07-28T23:35:53.988,10.42.0.59,10.42.0.47,11,2,TRAINING,0.9783293862485314,TRAINING,0.9783293862485314,-1,10564,1.2628813901638856e-11,6,79184.0,0.0,6,0,1.0,0.0,0.45349428933529295,0,0,0,0,0,0,0,0,0.0225,0.0,0.0,0.0,0.15,skip,training_upload_trigger_not_confirmed,1785296153.988288,1785296153988288076,1384822204987063,28.9,53.3515625,-1.0,0,0
2026-07-28T23:35:53.989,10.42.0.210,10.42.0.47,38,1,DOWNLOAD,0.9855087261970161,DOWNLOAD,0.9855087261970161,-1,14480,1.2789032125885141e-11,8,78192.0,0.0,8,0,1.0,0.0,0.015212253379746571,0,0,0,0,0,0,0,0,0.0225,0.0,0.0,0.0,0.15,skip,training_upload_trigger_not_confirmed,1785296153.98965,1785296153989649970,1384822206348606,28.9,53.3515625,-1.0,0,0
2026-07-28T23:35:53.993,10.42.0.47,10.42.0.47,38,1,DOWNLOAD,0.95,DOWNLOAD,0.95,-1,18824,1.2772709751979108,19,62264.0,79528.0,6,13,0.4391220943353645,0.5608779056646355,0.04980108381498563,0,0,0,0,0,0,0,0,0.057499999999999996,0.1,0.0,0.0,0.15,skip,training_upload_trigger_not_confirmed,1785296153.99303,1785296153993030102,1384822209730282,28.9,53.3515625,-1.0,0,0
2026-07-28T23:35:53.994,10.42.0.47,10.42.0.47,38,1,DOWNLOAD,0.9707802036822306,DOWNLOAD,0.9707802036822306,-1,15928,1.0170861469201826,20,78192.0,79528.0,7,13,0.4957646462084707,0.5042353537915293,0.043384852244597316,0,0,0,0,0,0,0,0,0.039999999999999994,0.05,0.0,0.0,0.15,skip,training_upload_trigger_not_confirmed,1785296153.9941401,1785296153994140063,1384822210840382,28.9,53.3515625,-1.0,0,0
2026-07-28T23:35:53.995,10.42.0.47,10.42.0.47,38,1,DOWNLOAD,0.9802850749199877,DOWNLOAD,0.9802850749199877,-1,992,1.0043443119821638,21,79184.0,79528.0,8,13,0.4989162760219769,0.501083723978023,0.037879433125282615,0,0,0,0,0,0,0,0,0.039999999999999994,0.05,0.0,0.0,0.15,skip,training_upload_trigger_not_confirmed,1785296153.995746,1785296153995745826,1384822212444508,28.9,53.3515625,-1.0,0,0
2026-07-28T23:35:53.997,10.42.0.18,10.42.0.47,30,1,DOWNLOAD,0.95,DOWNLOAD,0.95,-1,14600,1.9569471623883178e-11,5,51100.0,0.0,5,0,1.0,0.0,0.37558975248824766,0,0,0,0,0,0,0,0,0.0225,0.0,0.0,0.0,0.15,skip,training_upload_trigger_not_confirmed,1785296153.9975495,1785296153997549571,1384822214247845,28.9,53.3515625,-1.0,0,0
2026-07-28T23:35:53.998,10.42.0.18,10.42.0.47,30,1,DOWNLOAD,0.9586510930669272,DOWNLOAD,0.9586510930669272,-1,14600,1.5220700151975332e-11,6,65700.0,0.0,6,0,1.0,0.0,0.3261811882325455,0,0,0,0,0,0,0,0,0.0225,0.0,0.0,0.0,0.15,skip,training_upload_trigger_not_confirmed,1785296153.9981914,1785296153998191363,1384822214889353,28.9,53.3515625,-1.0,0,0
2026-07-28T23:35:53.998,10.42.0.18,10.42.0.47,30,1,DOWNLOAD,0.9638905722669106,DOWNLOAD,0.9638905722669106,-1,6201,1.3908012405753634e-11,7,71901.0,0.0,7,0,1.0,0.0,0.2832777247210239,0,0,0,0,0,0,0,0,0.0225,0.0,0.0,0.0,0.15,skip,training_upload_trigger_not_confirmed,1785296153.99879,1785296153998790042,1384822215488061,28.9,53.3515625,-1.0,0,0
2026-07-28T23:35:54.000,10.42.0.210,10.42.0.47,38,1,DOWNLOAD,0.9855087261721334,DOWNLOAD,0.9855087261721334,-1,992,1.2628813901638856e-11,9,79184.0,0.0,9,0,1.0,0.0,0.014584255145800843,0,0,0,0,0,0,0,0,0.0225,0.0,0.0,0.0,0.15,skip,training_upload_trigger_not_confirmed,1785296154.0000966,1785296154000096509,1384822216794535,28.9,53.3515625,-1.0,0,0
2026-07-28T23:35:54.003,10.42.0.145,10.42.0.47,17,1,DOWNLOAD,0.95,DOWNLOAD,0.95,-1,14600,4.566210045453598e-11,2,21900.0,0.0,2,0,1.0,0.0,0.5570255065301303,0,0,0,0,0,0,0,0,0.0225,0.0,0.0,0.0,0.15,skip,already_attacked_this_round,1785296154.0036917,1785296154003691859,1384822220390530,28.9,53.3515625,-1.0,0,0
2026-07-28T23:35:54.004,10.42.0.145,10.42.0.47,17,1,DOWNLOAD,0.95,DOWNLOAD,0.95,-1,14600,2.739726027322199e-11,3,36500.0,0.0,3,0,1.0,0.0,0.4837346071811114,0,0,0,0,0,0,0,0,0.0225,0.0,0.0,0.0,0.15,skip,already_attacked_this_round,1785296154.0045328,1785296154004532846,1384822221231015,28.9,53.3515625,-1.0,0,0
2026-07-28T23:35:54.005,10.42.0.145,10.42.0.47,17,1,DOWNLOAD,0.9357501371461024,DOWNLOAD,0.9357501371461024,0,43,2.739726027322199e-11,3,36500.0,0.0,3,0,1.0,0.0,0.7401579029075865,0,0,0,0,0,0,0,0,0.0225,0.0,0.0,0.0,0.15,skip,already_attacked_this_round,1785296154.005259,1785296154005259085,1384822221957220,28.9,53.3515625,-1.0,0,0
2026-07-28T23:35:54.007,10.42.0.145,10.42.0.47,17,1,DOWNLOAD,0.9538948090714251,DOWNLOAD,0.9538948090714251,-1,29200,1.5220700151975332e-11,4,65700.0,0.0,4,0,1.0,0.0,0.6429499762221988,0,0,0,0,0,0,0,0,0.0225,0.0,0.0,0.0,0.15,skip,already_attacked_this_round,1785296154.0070066,1785296154007006698,1384822223704788,28.9,53.3515625,-1.0,0,0
2026-07-28T23:35:54.007,10.42.0.145,10.42.0.47,17,1,DOWNLOAD,0.9663025138099799,DOWNLOAD,0.9663025138099799,-1,6184,1.3911301541178688e-11,5,71884.0,0.0,5,0,1.0,0.0,0.5583110716159938,0,0,0,0,0,0,0,0,0.0225,0.0,0.0,0.0,0.15,skip,already_attacked_this_round,1785296154.0076554,1785296154007655547,1384822224353752,28.9,53.3515625,-1.0,0,0
2026-07-28T23:35:54.017,10.42.0.47,10.42.0.47,38,1,DOWNLOAD,0.9811522570358279,DOWNLOAD,0.9811522570358279,0,43,1.0043443119821638,21,79184.0,79528.0,8,13,0.4989162760219769,0.501083723978023,0.0835355103713177,0,0,0,0,0,0,0,0,0.039999999999999994,0.05,0.0,0.0,0.15,skip,training_upload_trigger_not_confirmed,1785296154.017006,1785296154017005918,1384822233704376,28.9,53.3515625,-1.0,0,0
2026-07-28T23:35:54.300,10.42.0.59,10.42.0.47,11,3,UPLOAD,0.95,UPLOAD,0.95,1,51100,0.6453323903863745,7,79184.0,51100.0,6,1,0.6077799269288631,0.3922200730711369,0.7350561600073489,0,0,0,1,1,1,1,1,0.85,1.0,1.0,0.4,0.8,trigger,training_upload_trigger_confirmed,1785296154.3008351,1785296154300834967,1384822517534851,28.9,53.3515625,19.619981,1785296154320457497,1384822537154832
2026-07-28T23:35:54.303,10.42.0.59,10.42.0.47,11,3,UPLOAD,0.9841010226033655,UPLOAD,0.9841010226033655,1,28454,1.0046726611436063,8,79184.0,79554.0,6,2,0.4988345575728559,0.5011654424271441,0.6385528727885892,0,0,1,1,1,1,1,1,0.85,1.0,1.0,0.4,0.8,skip,attack_already_active,1785296154.3035545,1785296154303554493,1384822520253213,28.9,53.3515625,-1.0,0,0
2026-07-28T23:35:54.306,10.42.0.1,10.42.0.1,38,3,UPLOAD,0.95,UPLOAD,0.95,1,7240,0.3025552332093054,37,286784.0,86768.0,26,11,0.7677217629674048,0.2322782370325952,0.005642920687424257,1,0,0,0,1,0,0,0,0.85,1.0,1.0,0.4,0.8,trigger,training_upload_trigger_confirmed,1785296154.3064048,1785296154306404833,1384822523104447,28.9,53.3515625,33.512023,1785296154339919208,1384822556616470
2026-07-28T23:35:54.308,10.42.0.1,10.42.0.1,38,3,UPLOAD,0.95,UPLOAD,0.95,1,5792,0.3227516179447851,38,286784.0,92560.0,26,12,0.7559998312876967,0.24400016871230334,0.005151421683868715,1,0,1,0,1,0,0,0,0.85,1.0,1.0,0.4,0.8,skip,attack_already_active,1785296154.308318,1785296154308317885,1384822525016950,28.9,53.3515625,-1.0,0,0
2026-07-28T23:35:54.310,10.42.0.1,10.42.0.1,38,3,UPLOAD,0.95,UPLOAD,0.95,1,14480,0.37324257978348424,39,286784.0,107040.0,26,13,0.7282034614447063,0.27179653855529373,0.004698141928455712,1,0,1,1,1,1,1,1,0.85,1.0,1.0,0.4,0.8,skip,attack_already_active,1785296154.3100295,1785296154310029462,1384822526728232,28.9,53.3515625,-1.0,0,0
2026-07-28T23:35:54.311,10.42.0.1,10.42.0.1,38,3,UPLOAD,0.9553877705556146,UPLOAD,0.9553877705556146,1,14480,0.42373354162218346,40,286784.0,121520.0,26,14,0.7023786198518751,0.29762138014812495,0.004258660513910312,1,0,1,1,1,1,1,1,0.85,1.0,1.0,0.4,0.8,skip,attack_already_active,1785296154.3113925,1785296154311392588,1384822528092068,28.9,53.3515625,-1.0,0,0
2026-07-28T23:35:54.312,10.42.0.1,10.42.0.1,38,3,UPLOAD,0.9518963305453083,UPLOAD,0.9518963305453083,0,43,0.42373354162218346,40,286784.0,121520.0,26,14,0.7023786198518751,0.29762138014812495,0.04230956268587601,1,0,1,0,1,1,0,0,0.6825,0.7500000000000001,1.0,0.0,0.8,skip,attack_already_active,1785296154.3128283,1785296154312828493,1384822529528342,28.9,53.3515625,-1.0,0,0
2026-07-28T23:35:54.316,10.42.0.1,10.42.0.1,38,3,UPLOAD,0.95,UPLOAD,0.95,1,14480,0.4742245034608827,41,286784.0,136000.0,26,15,0.6783227369058432,0.32167726309415684,0.03741531070465582,1,0,1,1,1,1,1,1,0.9699999999999999,1.0,1.0,1.0,0.8,skip,attack_already_active,1785296154.316561,1785296154316560779,1384822533260055,28.9,53.3515625,-1.0,0,0
2026-07-28T23:35:54.318,10.42.0.1,10.42.0.1,38,3,UPLOAD,0.95,UPLOAD,0.95,1,14480,0.5247154652995819,42,286784.0,150480.0,26,16,0.6558600753778038,0.3441399246221962,0.0327436823905692,1,0,1,1,1,1,1,1,0.9699999999999999,1.0,1.0,1.0,0.8,skip,attack_already_active,1785296154.3185246,1785296154318524723,1384822535226624,28.9,53.3515625,-1.0,0,0
2026-07-28T23:35:54.320,10.42.0.1,10.42.0.1,38,3,UPLOAD,0.95,UPLOAD,0.95,1,8589,0.5546648348598434,43,286784.0,159069.0,26,17,0.6432254577181268,0.35677454228187316,0.028712349556489963,1,0,1,1,1,1,1,1,0.9699999999999999,1.0,1.0,1.0,0.8,skip,attack_already_active,1785296154.3206756,1785296154320675591,1384822537374784,28.9,53.3515625,-1.0,0,0
2026-07-28T23:35:54.329,10.42.0.145,10.42.0.1,17,3,UPLOAD,0.95,UPLOAD,0.95,1,64240,0.8936620110192303,6,71884.0,64240.0,5,1,0.5280773412476859,0.47192265875231404,0.5274241570959297,0,0,0,1,1,1,1,1,0.85,1.0,1.0,0.4,0.8,skip,already_attacked_this_round,1785296154.3291779,1785296154329177811,1384822545877961,28.9,53.3515625,-1.0,0,0
2026-07-28T23:35:54.332,10.42.0.1,10.42.0.1,38,3,UPLOAD,0.95,UPLOAD,0.95,1,18824,0.6203030852501524,44,286784.0,177893.0,26,18,0.6171684847754462,0.38283151522455383,0.02651248735904708,1,0,1,1,1,1,1,1,0.9699999999999999,1.0,1.0,1.0,0.8,skip,attack_already_active,1785296154.3326938,1785296154332693745,1384822549393387,28.9,53.3515625,-1.0,0,0
2026-07-28T23:35:54.334,10.42.0.1,10.42.0.1,38,3,UPLOAD,0.95,UPLOAD,0.95,1,1448,0.6253521814340223,45,286784.0,179341.0,26,19,0.6152512737999464,0.3847487262000536,0.02321489492380051,1,0,1,1,1,1,1,1,0.9699999999999999,1.0,1.0,1.0,0.8,skip,attack_already_active,1785296154.3341818,1785296154334181848,1384822550881088,28.9,53.3515625,-1.0,0,0
2026-07-28T23:35:54.336,10.42.0.1,10.42.0.1,38,3,UPLOAD,0.95,UPLOAD,0.95,1,8688,0.6556467585372419,46,286784.0,188029.0,26,20,0.6039935722063212,0.3960064277936788,0.02050339891127409,1,0,1,1,1,1,1,1,0.9699999999999999,1.0,1.0,1.0,0.8,skip,attack_already_active,1785296154.33682,1785296154336819959,1384822553519743,28.9,53.3515625,-1.0,0,0
2026-07-28T23:35:54.338,10.42.0.1,10.42.0.1,38,3,UPLOAD,0.95,UPLOAD,0.95,1,7129,0.6805051885750931,47,286784.0,195158.0,26,21,0.5950591564960099,0.4049408435039901,0.018064727237368152,1,0,1,1,1,1,1,1,0.9699999999999999,1.0,1.0,1.0,0.8,skip,attack_already_active,1785296154.338817,1785296154338816802,1384822555517103,85.7,53.3515625,-1.0,0,0
2026-07-28T23:35:54.352,10.42.0.1,10.42.0.1,38,3,UPLOAD,0.95,UPLOAD,0.95,1,1337,0.6851672338774647,48,286784.0,196495.0,26,22,0.5934129146931689,0.406587085306831,0.017499779411679958,1,0,1,1,1,1,1,1,0.9699999999999999,1.0,1.0,1.0,0.8,skip,attack_already_active,1785296154.3525944,1785296154352594527,1384822569295407,85.7,53.3515625,-1.0,0,0
2026-07-28T23:35:54.407,10.42.0.18,10.42.0.1,30,3,UPLOAD,0.95,UPLOAD,0.95,1,1460,0.020305698126308322,8,71901.0,1460.0,7,1,0.9800984174152478,0.019901582584752116,0.3029827411025926,0,0,0,1,1,1,1,1,0.9174999999999999,0.85,1.0,1.0,0.8,trigger,training_upload_trigger_confirmed,1785296154.4070148,1785296154407014847,1384822623713831,85.7,53.3515625,47.264351,1785296154454280902,1384822670978182
2026-07-28T23:35:54.410,10.42.0.18,10.42.0.1,30,3,UPLOAD,0.9841010226033655,UPLOAD,0.9841010226033655,1,1460,0.04061139623870862,9,71901.0,2920.0,7,2,0.9609735234760295,0.039026476523970545,0.2634721563516935,0,0,1,1,1,1,1,1,0.9699999999999999,1.0,1.0,1.0,0.8,skip,attack_already_active,1785296154.4101627,1785296154410162611,1384822626861455,85.7,53.3515625,-1.0,0,0
2026-07-28T23:35:54.412,10.42.0.18,10.42.0.1,30,3,UPLOAD,0.9854688349332961,UPLOAD,0.9854688349332961,1,64240,0.934062113184322,10,71901.0,67160.0,7,3,0.5170464760069322,0.4829535239930678,0.2289996287989185,0,0,1,1,1,1,1,1,0.9699999999999999,1.0,1.0,1.0,0.8,skip,attack_already_active,1785296154.4120324,1785296154412032177,1384822628731755,85.7,53.3515625,-1.0,0,0
2026-07-28T23:35:54.414,10.42.0.1,10.42.0.1,38,3,UPLOAD,0.95,UPLOAD,0.95,1,10136,0.7205109071645541,49,286784.0,206631.0,26,23,0.5812227029984901,0.4187772970015099,0.019417301581109728,1,0,1,1,1,1,1,1,0.9699999999999999,1.0,1.0,1.0,0.8,skip,attack_already_active,1785296154.4147468,1785296154414746966,1384822631446353,85.7,53.3515625,-1.0,0,0
2026-07-28T23:35:54.416,10.42.0.1,10.42.0.1,38,3,UPLOAD,0.95,UPLOAD,0.95,1,4344,0.7356581957161639,50,286784.0,210975.0,26,24,0.576150305670013,0.423849694329987,0.017025078215023227,1,0,1,1,1,1,1,1,0.9699999999999999,1.0,1.0,1.0,0.8,skip,attack_already_active,1785296154.4160101,1785296154416010322,1384822632709492,85.7,53.3515625,-1.0,0,0
2026-07-28T23:35:54.418,10.42.0.1,10.42.0.1,38,3,UPLOAD,0.95,UPLOAD,0.95,1,14480,0.786149157554863,51,286784.0,225455.0,26,25,0.5598636573943022,0.44013634260569773,0.01507903687557531,1,0,1,1,1,1,1,1,0.9699999999999999,1.0,1.0,1.0,0.8,skip,attack_already_active,1785296154.4182673,1785296154418267101,1384822634966545,85.7,53.3515625,-1.0,0,0
2026-07-28T23:35:54.420,10.42.0.1,10.42.0.1,38,3,UPLOAD,0.95,UPLOAD,0.95,1,14480,0.8366401193935623,52,286784.0,239935.0,26,26,0.5444724796333529,0.4555275203666471,0.01333838069225524,1,0,1,1,1,1,1,1,0.9699999999999999,1.0,1.0,1.0,0.8,skip,attack_already_active,1785296154.420137,1785296154420136991,1384822636836320,85.7,53.3515625,-1.0,0,0
2026-07-28T23:35:54.422,10.42.0.1,10.42.0.1,38,3,UPLOAD,0.95,UPLOAD,0.95,1,5792,0.856836504129042,53,286784.0,245727.0,26,27,0.5385503773630967,0.46144962263690326,0.011826658708091442,1,0,1,1,1,1,1,1,0.9699999999999999,1.0,1.0,1.0,0.8,skip,attack_already_active,1785296154.4220033,1785296154422003089,1384822638703193,85.7,53.3515625,-1.0,0,0
2026-07-28T23:35:54.424,10.42.0.1,10.42.0.1,38,3,UPLOAD,0.95,UPLOAD,0.95,1,8688,0.8871310812322615,54,286784.0,254415.0,26,28,0.5299048963505106,0.47009510364948937,0.010544649459988833,1,0,1,1,1,1,1,1,0.9699999999999999,1.0,1.0,1.0,0.8,skip,attack_already_active,1785296154.424101,1785296154424101115,1384822640801142,85.7,53.3515625,-1.0,0,0
2026-07-28T23:35:54.426,10.42.0.1,10.42.0.1,38,3,UPLOAD,0.95,UPLOAD,0.95,1,7128,0.9119860243252343,55,286784.0,261543.0,26,29,0.5230163752651247,0.4769836247348754,0.00942365909416994,1,0,1,1,1,1,1,1,0.9699999999999999,1.0,1.0,1.0,0.8,skip,attack_already_active,1785296154.4261389,1785296154426138996,1384822642838652,85.7,53.3515625,-1.0,0,0
2026-07-28T23:35:54.950,10.42.0.1,,38,3,UPLOAD,0.45859234231738555,UPLOAD,0.45859234231738555,0,43,1.1318777672744398,30,160808.0,182015.0,11,19,0.4690700448919705,0.5309299551080295,0.050961663762415704,0,0,1,0,0,0,0,0,0.4375,0.05,1.0,0.0,0.8,skip,attack_already_active,1785296154.9500542,1785296154950054155,1384823166752992,19.7,53.3515625,-1.0,0,0
2026-07-28T23:35:55.052,10.42.0.210,,38,2,TRAINING,0.9293977297375461,TRAINING,0.9293977297375461,0,43,1.0,0,0.0,0.0,0,0,0.0,0.0,0.18981052108003185,0,0,0,0,0,0,0,0,0.039999999999999994,0.05,0.0,0.0,0.15,skip,training_upload_trigger_not_confirmed,1785296155.0520954,1785296155052095515,1384823268795012,19.7,53.3515625,-1.0,0,0
2026-07-28T23:35:55.580,10.42.0.210,10.42.0.210,38,3,UPLOAD,0.95,UPLOAD,0.95,1,1448,100.0,1,0.0,1448.0,0,1,0.0,1.0,0.23448639897844487,1,0,0,1,1,1,1,1,0.9525,0.95,1.0,1.0,0.8,trigger,training_upload_trigger_confirmed,1785296155.5809388,1785296155580938767,1384823797638230,11.0,53.3515625,8.880809,1785296155589821717,1384823806519039
2026-07-28T23:35:55.581,10.42.0.210,10.42.0.210,38,3,UPLOAD,0.9841010226033655,UPLOAD,0.9841010226033655,1,1448,100.0,2,0.0,2896.0,0,2,0.0,1.0,0.20372195356370074,1,0,1,1,1,1,1,1,0.9699999999999999,1.0,1.0,1.0,0.8,skip,attack_already_active,1785296155.5819623,1785296155581962297,1384823798661580,11.0,53.3515625,-1.0,0,0
2026-07-28T23:35:55.583,10.42.0.210,10.42.0.210,38,3,UPLOAD,0.9854688349332961,UPLOAD,0.9854688349332961,1,1448,100.0,3,0.0,4344.0,0,3,0.0,1.0,0.1771083366968332,1,0,1,1,1,1,1,1,0.9699999999999999,1.0,1.0,1.0,0.8,skip,attack_already_active,1785296155.583721,1785296155583721035,1384823800419942,11.0,53.3515625,-1.0,0,0
2026-07-28T23:35:55.584,10.42.0.210,10.42.0.210,38,3,UPLOAD,0.9855076450773014,UPLOAD,0.9855076450773014,1,1448,100.0,4,0.0,5792.0,0,4,0.0,1.0,0.1539112327080759,1,0,1,1,1,1,1,1,0.9699999999999999,1.0,1.0,1.0,0.8,skip,attack_already_active,1785296155.5847929,1785296155584792903,1384823801492087,11.0,53.3515625,-1.0,0,0
2026-07-28T23:35:55.586,10.42.0.210,10.42.0.210,38,3,UPLOAD,0.9855086980780915,UPLOAD,0.9855086980780915,1,1448,100.0,5,0.0,7240.0,0,5,0.0,1.0,0.1338352891946666,1,0,1,1,1,1,1,1,0.9699999999999999,1.0,1.0,1.0,0.8,skip,attack_already_active,1785296155.5863533,1785296155586353476,1384823803052048,11.0,53.3515625,-1.0,0,0
2026-07-28T23:35:55.587,10.42.0.210,10.42.0.210,38,3,UPLOAD,0.9855087254685951,UPLOAD,0.9855087254685951,1,1448,100.0,6,0.0,8688.0,0,6,0.0,1.0,0.11633352478989109,1,0,1,1,1,1,1,1,0.9699999999999999,1.0,1.0,1.0,0.8,skip,attack_already_active,1785296155.5873725,1785296155587372670,1384823804071092,11.0,53.3515625,-1.0,0,0
2026-07-28T23:35:55.588,10.42.0.210,10.42.0.210,38,3,UPLOAD,0.9855087261493067,UPLOAD,0.9855087261493067,1,1448,100.0,7,0.0,10136.0,0,7,0.0,1.0,0.10119635693826874,1,0,1,1,1,1,1,1,0.9699999999999999,1.0,1.0,1.0,0.8,skip,attack_already_active,1785296155.5888343,1785296155588834286,1384823805532787,11.0,53.3515625,-1.0,0,0
2026-07-28T23:35:55.590,10.42.0.210,10.42.0.210,38,3,UPLOAD,0.9855087261653082,UPLOAD,0.9855087261653082,1,1448,100.0,8,0.0,11584.0,0,8,0.0,1.0,0.08806352650609667,1,0,1,1,1,1,1,1,0.9699999999999999,1.0,1.0,1.0,0.8,skip,attack_already_active,1785296155.5903692,1785296155590369270,1384823807067499,11.0,53.3515625,-1.0,0,0
2026-07-28T23:35:55.591,10.42.0.210,10.42.0.210,38,3,UPLOAD,0.985508726165656,UPLOAD,0.985508726165656,1,1448,100.0,9,0.0,13032.0,0,9,0.0,1.0,0.07658731107609101,1,0,1,1,1,1,1,1,0.9699999999999999,1.0,1.0,1.0,0.8,skip,attack_already_active,1785296155.591343,1785296155591342756,1384823808041052,11.0,53.3515625,-1.0,0,0
2026-07-28T23:35:55.591,10.42.0.210,10.42.0.210,38,3,UPLOAD,0.95,UPLOAD,0.95,1,1448,100.0,10,0.0,14480.0,0,10,0.0,1.0,0.06658123699522689,1,0,1,1,1,1,1,1,0.9699999999999999,1.0,1.0,1.0,0.8,skip,attack_already_active,1785296155.591997,1785296155591997000,1384823808695227,11.0,53.3515625,-1.0,0,0
2026-07-28T23:35:55.592,10.42.0.210,10.42.0.210,38,3,UPLOAD,0.95,UPLOAD,0.95,1,1448,100.0,11,0.0,15928.0,0,11,0.0,1.0,0.05793118906657875,1,0,1,1,1,1,1,1,0.9699999999999999,1.0,1.0,1.0,0.8,skip,attack_already_active,1785296155.5929353,1785296155592935429,1384823809633619,11.0,53.3515625,-1.0,0,0
2026-07-28T23:35:55.593,10.42.0.210,10.42.0.210,38,3,UPLOAD,0.95,UPLOAD,0.95,1,1448,100.0,12,0.0,17376.0,0,12,0.0,1.0,0.050385086427234854,1,0,1,1,1,1,1,1,0.9699999999999999,1.0,1.0,1.0,0.8,skip,attack_already_active,1785296155.5936012,1785296155593601257,1384823810299379,11.0,53.3515625,-1.0,0,0
2026-07-28T23:35:55.594,10.42.0.210,10.42.0.210,38,3,UPLOAD,0.95,UPLOAD,0.95,1,1448,100.0,13,0.0,18824.0,0,13,0.0,1.0,0.04392183908282136,1,0,1,1,1,1,1,1,0.9699999999999999,1.0,1.0,1.0,0.8,skip,attack_already_active,1785296155.5949385,1785296155594938636,1384823811637208,11.0,53.3515625,-1.0,0,0
2026-07-28T23:35:55.595,10.42.0.210,10.42.0.210,38,3,UPLOAD,0.95,UPLOAD,0.95,1,1448,100.0,14,0.0,20272.0,0,14,0.0,1.0,0.03826095727773267,1,0,1,1,1,1,1,1,0.9699999999999999,1.0,1.0,1.0,0.8,skip,attack_already_active,1785296155.5959015,1785296155595901382,1384823812599948,11.0,53.3515625,-1.0,0,0
2026-07-28T23:35:55.597,10.42.0.210,10.42.0.210,38,3,UPLOAD,0.95,UPLOAD,0.95,1,1448,100.0,15,0.0,21720.0,0,15,0.0,1.0,0.03341031533275327,1,0,1,1,1,1,1,1,0.9699999999999999,1.0,1.0,1.0,0.8,skip,attack_already_active,1785296155.5973523,1785296155597352275,1384823814050828,11.0,53.3515625,-1.0,0,0
2026-07-28T23:35:55.598,10.42.0.210,10.42.0.210,38,3,UPLOAD,0.95,UPLOAD,0.95,1,1448,100.0,16,0.0,23168.0,0,16,0.0,1.0,0.029137757151620446,1,0,1,1,1,1,1,1,0.9699999999999999,1.0,1.0,1.0,0.8,skip,attack_already_active,1785296155.5983393,1785296155598339382,1384823815037657,11.0,53.3515625,-1.0,0,0
2026-07-28T23:35:55.599,10.42.0.210,10.42.0.210,38,3,UPLOAD,0.95,UPLOAD,0.95,1,1448,100.0,17,0.0,24616.0,0,17,0.0,1.0,0.02548756067793208,1,0,1,1,1,1,1,1,0.9699999999999999,1.0,1.0,1.0,0.8,skip,attack_already_active,1785296155.5997767,1785296155599776681,1384823816475445,11.0,53.3515625,-1.0,0,0
2026-07-28T23:35:55.601,10.42.0.210,10.42.0.210,38,3,UPLOAD,0.95,UPLOAD,0.95,1,1448,100.0,18,0.0,26064.0,0,18,0.0,1.0,0.02231085812742946,1,0,1,1,1,1,1,1,0.9699999999999999,1.0,1.0,1.0,0.8,skip,attack_already_active,1785296155.6011572,1785296155601157063,1384823817856792,11.0,53.3515625,-1.0,0,0
2026-07-28T23:35:55.603,10.42.0.210,10.42.0.210,38,3,UPLOAD,0.95,UPLOAD,0.95,1,1448,100.0,19,0.0,27512.0,0,19,0.0,1.0,0.019632815611158247,1,0,1,1,1,1,1,1,0.9699999999999999,1.0,1.0,1.0,0.8,skip,attack_already_active,1785296155.6031451,1785296155603145095,1384823819844295,11.0,53.3515625,-1.0,0,0
2026-07-28T23:35:55.604,10.42.0.210,10.42.0.210,38,3,UPLOAD,0.95,UPLOAD,0.95,1,1448,100.0,20,0.0,28960.0,0,20,0.0,1.0,0.017209176920011254,1,0,1,1,1,1,1,1,0.9699999999999999,1.0,1.0,1.0,0.8,skip,attack_already_active,1785296155.6043856,1785296155604385571,1384823821085157,11.0,53.3515625,-1.0,0,0
2026-07-28T23:35:55.605,10.42.0.210,10.42.0.210,38,3,UPLOAD,0.95,UPLOAD,0.95,1,1448,100.0,21,0.0,30408.0,0,21,0.0,1.0,0.015152132404783303,1,0,1,1,1,1,1,1,0.9699999999999999,1.0,1.0,1.0,0.8,skip,attack_already_active,1785296155.6059844,1785296155605984614,1384823822683157,11.0,53.3515625,-1.0,0,0
2026-07-28T23:35:55.607,10.42.0.210,10.42.0.210,38,3,UPLOAD,0.95,UPLOAD,0.95,1,1448,100.0,22,0.0,31856.0,0,22,0.0,1.0,0.013293579455302362,1,0,1,1,1,1,1,1,0.9699999999999999,1.0,1.0,1.0,0.8,skip,attack_already_active,1785296155.6070325,1785296155607032556,1384823823731167,11.0,53.3515625,-1.0,0,0
2026-07-28T23:35:55.608,10.42.0.210,10.42.0.210,38,3,UPLOAD,0.95,UPLOAD,0.95,1,1448,100.0,23,0.0,33304.0,0,23,0.0,1.0,0.011744813432977915,1,0,1,1,1,1,1,1,0.9699999999999999,1.0,1.0,1.0,0.8,skip,attack_already_active,1785296155.608573,1785296155608572995,1384823825271363,11.0,53.3515625,-1.0,0,0
2026-07-28T23:35:55.609,10.42.0.210,10.42.0.210,38,3,UPLOAD,0.95,UPLOAD,0.95,1,1448,100.0,24,0.0,34752.0,0,24,0.0,1.0,0.010324576187248998,1,0,1,1,1,1,1,1,0.9699999999999999,1.0,1.0,1.0,0.8,skip,attack_already_active,1785296155.60954,1785296155609540114,1384823826238849,11.0,53.3515625,-1.0,0,0
2026-07-28T23:35:55.611,10.42.0.210,10.42.0.210,38,3,UPLOAD,0.95,UPLOAD,0.95,1,1448,100.0,25,0.0,36200.0,0,25,0.0,1.0,0.009158189263586792,1,0,1,1,1,1,1,1,0.9699999999999999,1.0,1.0,1.0,0.8,skip,attack_already_active,1785296155.6110132,1785296155611013235,1384823827711787,11.0,53.3515625,-1.0,0,0
2026-07-28T23:35:55.612,10.42.0.210,10.42.0.210,38,3,UPLOAD,0.95,UPLOAD,0.95,1,1448,100.0,26,0.0,37648.0,0,26,0.0,1.0,0.008087191511322424,1,0,1,1,1,1,1,1,0.9699999999999999,1.0,1.0,1.0,0.8,skip,attack_already_active,1785296155.6120439,1785296155612043742,1384823828742390,11.0,53.3515625,-1.0,0,0
2026-07-28T23:35:55.613,10.42.0.210,10.42.0.210,38,3,UPLOAD,0.95,UPLOAD,0.95,1,1448,100.0,27,0.0,39096.0,0,27,0.0,1.0,0.007252518888214282,1,0,1,1,1,1,1,1,0.9699999999999999,1.0,1.0,1.0,0.8,skip,attack_already_active,1785296155.613797,1785296155613796762,1384823830495573,11.0,53.3515625,-1.0,0,0
2026-07-28T23:35:55.614,10.42.0.210,10.42.0.210,38,3,UPLOAD,0.95,UPLOAD,0.95,1,1448,100.0,28,0.0,40544.0,0,28,0.0,1.0,0.0064468405390366605,1,0,1,1,1,1,1,1,0.9699999999999999,1.0,1.0,1.0,0.8,skip,attack_already_active,1785296155.6149354,1785296155614935416,1384823831634332,11.0,53.3515625,-1.0,0,0
2026-07-28T23:35:55.616,10.42.0.210,10.42.0.210,38,3,UPLOAD,0.95,UPLOAD,0.95,1,1448,100.0,29,0.0,41992.0,0,29,0.0,1.0,0.005803441648491386,1,0,1,1,1,1,1,1,0.9699999999999999,1.0,1.0,1.0,0.8,skip,attack_already_active,1785296155.6164997,1785296155616499591,1384823833198498,11.0,53.3515625,-1.0,0,0
2026-07-28T23:35:55.618,10.42.0.210,10.42.0.210,38,3,UPLOAD,0.95,UPLOAD,0.95,1,1448,100.0,30,0.0,43440.0,0,30,0.0,1.0,0.005240773449838517,1,0,1,1,1,1,1,1,0.9699999999999999,1.0,1.0,1.0,0.8,skip,attack_already_active,1785296155.6180332,1785296155618033146,1384823834732962,11.0,53.3515625,-1.0,0,0
2026-07-28T23:35:55.620,10.42.0.210,10.42.0.210,38,3,UPLOAD,0.95,UPLOAD,0.95,1,1448,100.0,31,0.0,44888.0,0,31,0.0,1.0,0.004821274761264397,1,0,1,1,1,1,1,1,0.9699999999999999,1.0,1.0,1.0,0.8,skip,attack_already_active,1785296155.6200905,1785296155620090391,1384823836789061,11.0,53.3515625,-1.0,0,0
2026-07-28T23:35:55.621,10.42.0.210,10.42.0.210,38,3,UPLOAD,0.95,UPLOAD,0.95,1,1448,100.0,32,0.0,46336.0,0,32,0.0,1.0,0.0043288091296013916,1,0,1,1,1,1,1,1,0.9699999999999999,1.0,1.0,1.0,0.8,skip,attack_already_active,1785296155.6211746,1785296155621174460,1384823837872961,11.0,53.3515625,-1.0,0,0
2026-07-28T23:35:55.622,10.42.0.210,10.42.0.210,38,3,UPLOAD,0.95,UPLOAD,0.95,1,1448,100.0,33,0.0,47784.0,0,33,0.0,1.0,0.00395568439057739,1,0,1,1,1,1,1,1,0.9699999999999999,1.0,1.0,1.0,0.8,skip,attack_already_active,1785296155.6226718,1785296155622671871,1384823839370395,11.0,53.3515625,-1.0,0,0
2026-07-28T23:35:55.623,10.42.0.210,10.42.0.210,38,3,UPLOAD,0.95,UPLOAD,0.95,1,1448,100.0,34,0.0,49232.0,0,34,0.0,1.0,0.003540805774049868,1,0,1,1,1,1,1,1,0.9699999999999999,1.0,1.0,1.0,0.8,skip,attack_already_active,1785296155.6234791,1785296155623478964,1384823840177204,11.0,53.3515625,-1.0,0,0
2026-07-28T23:35:55.624,10.42.0.210,10.42.0.210,38,3,UPLOAD,0.95,UPLOAD,0.95,1,1448,100.0,35,0.0,50680.0,0,35,0.0,1.0,0.0031559034262809704,1,0,1,1,1,1,1,1,0.9699999999999999,1.0,1.0,1.0,0.8,skip,attack_already_active,1785296155.624099,1785296155624098977,1384823840797032,11.0,53.3515625,-1.0,0,0
2026-07-28T23:35:55.624,10.42.0.210,10.42.0.210,38,3,UPLOAD,0.95,UPLOAD,0.95,1,1448,100.0,36,0.0,52128.0,0,36,0.0,1.0,0.0028202447592887317,1,0,1,1,1,1,1,1,0.9699999999999999,1.0,1.0,1.0,0.8,skip,attack_already_active,1785296155.6247077,1785296155624707600,1384823841405701,11.0,53.3515625,-1.0,0,0
2026-07-28T23:35:55.625,10.42.0.210,10.42.0.210,38,3,UPLOAD,0.95,UPLOAD,0.95,1,1448,100.0,37,0.0,53576.0,0,37,0.0,1.0,0.0025265238586757977,1,0,1,1,1,1,1,1,0.9699999999999999,1.0,1.0,1.0,0.8,skip,attack_already_active,1785296155.625299,1785296155625299057,1384823841997067,11.0,53.3515625,-1.0,0,0
2026-07-28T23:35:55.625,10.42.0.210,10.42.0.210,38,3,UPLOAD,0.95,UPLOAD,0.95,1,1448,100.0,38,0.0,55024.0,0,38,0.0,1.0,0.002274021272241758,1,0,1,1,1,1,1,1,0.9699999999999999,1.0,1.0,1.0,0.8,skip,attack_already_active,1785296155.6259093,1785296155625909234,1384823842607269,11.0,53.3515625,-1.0,0,0
2026-07-28T23:35:55.627,10.42.0.1,10.42.0.1|10.42.0.210,38,3,UPLOAD,0.95,UPLOAD,0.95,1,7240,100.0,1,0.0,7240.0,0,1,0.0,1.0,0.11969005295905286,1,0,1,1,1,1,1,1,0.9699999999999999,1.0,1.0,1.0,0.8,skip,attack_already_active,1785296155.627619,1785296155627619012,1384823844317202,11.0,53.3515625,-1.0,0,0
2026-07-28T23:35:55.628,10.42.0.1,10.42.0.1|10.42.0.210,38,3,UPLOAD,0.954086286896403,UPLOAD,0.954086286896403,1,7240,100.0,2,0.0,14480.0,0,2,0.0,1.0,0.10399785446695128,1,0,1,1,1,1,1,1,0.9699999999999999,1.0,1.0,1.0,0.8,skip,attack_already_active,1785296155.6282253,1785296155628225247,1384823844923244,11.0,53.3515625,-1.0,0,0
2026-07-28T23:35:55.642,10.42.0.1,10.42.0.1|10.42.0.210,38,3,UPLOAD,0.9681780310985466,UPLOAD,0.9681780310985466,1,1448,100.0,3,0.0,15928.0,0,3,0.0,1.0,0.09222026949926627,1,0,1,1,1,1,1,1,0.9699999999999999,1.0,1.0,1.0,0.8,skip,attack_already_active,1785296155.6428463,1785296155642846447,1384823859545025,11.0,53.3515625,-1.0,0,0
2026-07-28T23:35:55.670,10.42.0.1,10.42.0.1|10.42.0.210,38,3,UPLOAD,0.9701334744402302,UPLOAD,0.9701334744402302,1,14480,100.0,4,0.0,30408.0,0,4,0.0,1.0,0.08374368073553823,1,0,1,1,1,1,1,1,0.9699999999999999,1.0,1.0,1.0,0.8,skip,attack_already_active,1785296155.6707401,1785296155670740239,1384823887438553,11.0,53.3515625,-1.0,0,0
2026-07-28T23:35:55.671,10.42.0.1,10.42.0.1|10.42.0.210,38,3,UPLOAD,0.9716991642466571,UPLOAD,0.9716991642466571,1,14480,100.0,5,0.0,44888.0,0,5,0.0,1.0,0.07281562955703173,1,0,1,1,1,1,1,1,0.9699999999999999,1.0,1.0,1.0,0.8,skip,attack_already_active,1785296155.6715539,1785296155671553867,1384823888252157,11.0,53.3515625,-1.0,0,0
2026-07-28T23:35:55.672,10.42.0.1,10.42.0.1|10.42.0.210,38,3,UPLOAD,0.9727956574307419,UPLOAD,0.9727956574307419,1,1448,100.0,6,0.0,46336.0,0,6,0.0,1.0,0.06330923729071443,1,0,1,1,1,1,1,1,0.9699999999999999,1.0,1.0,1.0,0.8,skip,attack_already_active,1785296155.672228,1785296155672228022,1384823888926257,11.0,53.3515625,-1.0,0,0
2026-07-28T23:35:55.673,10.42.0.1,10.42.0.1|10.42.0.210,38,3,UPLOAD,0.9733948263180444,UPLOAD,0.9733948263180444,1,14480,100.0,7,0.0,60816.0,0,7,0.0,1.0,0.05514433061840785,1,0,1,1,1,1,1,1,0.9699999999999999,1.0,1.0,1.0,0.8,skip,attack_already_active,1785296155.673576,1785296155673576256,1384823890274965,11.0,53.3515625,-1.0,0,0
2026-07-28T23:35:55.674,10.42.0.1,10.42.0.1|10.42.0.210,38,3,UPLOAD,0.9739289711203117,UPLOAD,0.9739289711203117,1,14480,100.0,8,0.0,75296.0,0,8,0.0,1.0,0.04804815558225589,1,0,1,1,1,1,1,1,0.9699999999999999,1.0,1.0,1.0,0.8,skip,attack_already_active,1785296155.6748695,1785296155674869474,1384823891568079,11.0,53.3515625,-1.0,0,0
2026-07-28T23:35:55.676,10.42.0.1,10.42.0.1|10.42.0.210,38,3,UPLOAD,0.9744003085847518,UPLOAD,0.9744003085847518,1,4233,100.0,9,0.0,79529.0,0,9,0.0,1.0,0.04193039994905699,1,0,1,1,1,1,1,1,0.9699999999999999,1.0,1.0,1.0,0.8,skip,attack_already_active,1785296155.6764917,1785296155676491793,1384823893190502,11.0,53.3515625,-1.0,0,0
2026-07-28T23:35:56.687,10.42.0.1,10.42.0.1|10.42.0.210,38,3,UPLOAD,0.6841721232874225,UPLOAD,0.6841721232874225,0,43,1.0,0,0.0,0.0,0,0,0.0,0.0,0.2514004313225466,1,0,1,0,0,0,0,0,0.4375,0.05,1.0,0.0,0.8,skip,attack_already_active,1785296156.687835,1785296156687834799,1384824904533542,31.7,53.3515625,-1.0,0,0
2026-07-28T23:35:58.295,10.42.0.47,10.42.0.1|10.42.0.210,38,2,TRAINING,0.95,TRAINING,0.95,1,7240,100.0,1,0.0,7240.0,0,1,0.0,1.0,0.6363029972338913,0,0,0,0,1,1,0,0,0.5725,1.0,0.0,1.0,0.15,skip,training_upload_trigger_not_confirmed,1785296158.295341,1785296158295340956,1384826512039614,8.1,53.3515625,-1.0,0,0
2026-07-28T23:35:58.296,10.42.0.47,10.42.0.1|10.42.0.210|10.42.0.47,38,3,UPLOAD,0.95,UPLOAD,0.95,1,1448,100.0,2,0.0,8688.0,0,2,0.0,1.0,0.5525517763085165,1,0,0,1,1,1,1,1,0.9699999999999999,1.0,1.0,1.0,0.8,trigger,training_upload_trigger_confirmed,1785296158.2960792,1785296158296079036,1384826512777231,8.1,53.3515625,15.72786,1785296158311807751,1384826528505091
2026-07-28T23:35:58.297,10.42.0.47,10.42.0.1|10.42.0.210|10.42.0.47,38,3,UPLOAD,0.95,UPLOAD,0.95,1,5792,100.0,3,0.0,14480.0,0,3,0.0,1.0,0.4798761313003885,1,0,1,1,1,1,1,1,0.9699999999999999,1.0,1.0,1.0,0.8,skip,attack_already_active,1785296158.2971156,1785296158297115670,1384826513814503,8.1,53.3515625,-1.0,0,0
2026-07-28T23:35:58.298,10.42.0.47,10.42.0.1|10.42.0.210|10.42.0.47,38,3,UPLOAD,0.950346686475471,UPLOAD,0.950346686475471,1,10136,100.0,4,0.0,24616.0,0,4,0.0,1.0,0.41676772989259164,1,0,1,1,1,1,1,1,0.9699999999999999,1.0,1.0,1.0,0.8,skip,attack_already_active,1785296158.2980795,1785296158298079468,1384826514777717,8.1,53.3515625,-1.0,0,0
2026-07-28T23:35:58.299,10.42.0.47,10.42.0.1|10.42.0.210|10.42.0.47,38,3,UPLOAD,0.95,UPLOAD,0.95,1,1448,100.0,5,0.0,26064.0,0,5,0.0,1.0,0.3619901707726973,1,0,1,1,1,1,1,1,0.9699999999999999,1.0,1.0,1.0,0.8,skip,attack_already_active,1785296158.2991555,1785296158299155497,1384826515854791,8.1,53.3515625,-1.0,0,0
2026-07-28T23:35:58.300,10.42.0.47,10.42.0.1|10.42.0.210|10.42.0.47,38,3,UPLOAD,0.95,UPLOAD,0.95,1,5792,100.0,6,0.0,31856.0,0,6,0.0,1.0,0.31442982721293244,1,0,1,1,1,1,1,1,0.9699999999999999,1.0,1.0,1.0,0.8,skip,attack_already_active,1785296158.3002234,1785296158300223315,1384826516921812,8.1,53.3515625,-1.0,0,0
2026-07-28T23:35:58.301,10.42.0.47,10.42.0.1|10.42.0.210|10.42.0.47,38,3,UPLOAD,0.95,UPLOAD,0.95,1,2896,100.0,7,0.0,34752.0,0,7,0.0,1.0,0.273107410150768,1,0,1,1,1,1,1,1,0.9699999999999999,1.0,1.0,1.0,0.8,skip,attack_already_active,1785296158.3010688,1785296158301068759,1384826517767603,8.1,53.3515625,-1.0,0,0
2026-07-28T23:35:58.302,10.42.0.47,10.42.0.1|10.42.0.210|10.42.0.47,38,3,UPLOAD,0.95,UPLOAD,0.95,1,8688,100.0,8,0.0,43440.0,0,8,0.0,1.0,0.23726611140998788,1,0,1,1,1,1,1,1,0.9699999999999999,1.0,1.0,1.0,0.8,skip,attack_already_active,1785296158.3021865,1785296158302186416,1384826518884896,8.1,53.3515625,-1.0,0,0
2026-07-28T23:35:58.302,10.42.0.47,10.42.0.1|10.42.0.210|10.42.0.47,38,3,UPLOAD,0.95,UPLOAD,0.95,1,1448,100.0,9,0.0,44888.0,0,9,0.0,1.0,0.20609223466394413,1,0,1,1,1,1,1,1,0.9699999999999999,1.0,1.0,1.0,0.8,skip,attack_already_active,1785296158.3028827,1785296158302882573,1384826519580592,8.1,53.3515625,-1.0,0,0
2026-07-28T23:35:58.303,10.42.0.47,10.42.0.1|10.42.0.210|10.42.0.47,38,3,UPLOAD,0.95,UPLOAD,0.95,1,10136,100.0,10,0.0,55024.0,0,10,0.0,1.0,0.17905091027174214,1,0,1,1,1,1,1,1,0.9699999999999999,1.0,1.0,1.0,0.8,skip,attack_already_active,1785296158.3037658,1785296158303765817,1384826520463921,8.1,53.3515625,-1.0,0,0
2026-07-28T23:35:58.305,10.42.0.47,10.42.0.1|10.42.0.210|10.42.0.47,38,3,UPLOAD,0.95,UPLOAD,0.95,1,7240,100.0,11,0.0,62264.0,0,11,0.0,1.0,0.15565776923698268,1,0,1,1,1,1,1,1,0.9699999999999999,1.0,1.0,1.0,0.8,skip,attack_already_active,1785296158.3052926,1785296158305292458,1384826521991041,8.1,53.3515625,-1.0,0,0
2026-07-28T23:35:58.306,10.42.0.47,10.42.0.1|10.42.0.210|10.42.0.47,38,3,UPLOAD,0.9514757715555899,UPLOAD,0.9514757715555899,1,1448,100.0,12,0.0,63712.0,0,12,0.0,1.0,0.1352737928633469,1,0,1,1,1,1,1,1,0.9699999999999999,1.0,1.0,1.0,0.8,skip,attack_already_active,1785296158.306262,1785296158306262073,1384826522960595,8.1,53.3515625,-1.0,0,0
2026-07-28T23:35:58.307,10.42.0.47,10.42.0.1|10.42.0.210|10.42.0.47,38,3,UPLOAD,0.955869031899693,UPLOAD,0.955869031899693,1,1448,100.0,13,0.0,65160.0,0,13,0.0,1.0,0.11757257389507485,1,0,1,1,1,1,1,1,0.9699999999999999,1.0,1.0,1.0,0.8,skip,attack_already_active,1785296158.3072062,1785296158307206037,1384826523904345,8.1,53.3515625,-1.0,0,0
2026-07-28T23:35:58.308,10.42.0.47,10.42.0.1|10.42.0.210|10.42.0.47,38,3,UPLOAD,0.9587173267286647,UPLOAD,0.9587173267286647,1,10136,100.0,14,0.0,75296.0,0,14,0.0,1.0,0.10226245442147924,1,0,1,1,1,1,1,1,0.9699999999999999,1.0,1.0,1.0,0.8,skip,attack_already_active,1785296158.3085945,1785296158308594489,1384826525292878,8.1,53.3515625,-1.0,0,0
2026-07-28T23:35:58.309,10.42.0.47,10.42.0.1|10.42.0.210|10.42.0.47,38,3,UPLOAD,0.9616373324960432,UPLOAD,0.9616373324960432,1,4232,100.0,15,0.0,79528.0,0,15,0.0,1.0,0.0889234141882528,1,0,1,1,1,1,1,1,0.9699999999999999,1.0,1.0,1.0,0.8,skip,attack_already_active,1785296158.3096306,1785296158309630778,1384826526328910,8.1,53.3515625,-1.0,0,0
2026-07-28T23:35:58.310,10.42.0.1,10.42.0.1|10.42.0.210|10.42.0.47,38,3,UPLOAD,0.95,UPLOAD,0.95,1,7240,100.0,1,0.0,7240.0,0,1,0.0,1.0,0.43170875656486085,1,0,1,1,1,1,1,1,0.9699999999999999,1.0,1.0,1.0,0.8,skip,attack_already_active,1785296158.3104734,1785296158310473515,1384826527171522,8.1,53.3515625,-1.0,0,0
2026-07-28T23:35:58.311,10.42.0.1,10.42.0.1|10.42.0.210|10.42.0.47,38,3,UPLOAD,0.9591836177341148,UPLOAD,0.9591836177341148,1,7240,100.0,2,0.0,14480.0,0,2,0.0,1.0,0.3748973802401173,1,0,1,1,1,1,1,1,0.9699999999999999,1.0,1.0,1.0,0.8,skip,attack_already_active,1785296158.3110564,1785296158311056301,1384826527754379,8.1,53.3515625,-1.0,0,0
2026-07-28T23:35:58.327,10.42.0.1,10.42.0.1|10.42.0.210|10.42.0.47,38,3,UPLOAD,0.9664510026309828,UPLOAD,0.9664510026309828,1,1448,100.0,3,0.0,15928.0,0,3,0.0,1.0,0.32771166626190446,1,0,1,1,1,1,1,1,0.9699999999999999,1.0,1.0,1.0,0.8,skip,attack_already_active,1785296158.3278744,1785296158327874398,1384826544572754,8.1,53.3515625,-1.0,0,0
2026-07-28T23:35:58.333,10.42.0.1,10.42.0.1|10.42.0.210|10.42.0.47,38,3,UPLOAD,0.9682339608818067,UPLOAD,0.9682339608818067,1,13032,100.0,4,0.0,28960.0,0,4,0.0,1.0,0.28532246639200626,1,0,1,1,1,1,1,1,0.9699999999999999,1.0,1.0,1.0,0.8,skip,attack_already_active,1785296158.3339062,1785296158333906200,1384826550604477,8.1,53.3515625,-1.0,0,0
2026-07-28T23:35:58.334,10.42.0.1,10.42.0.1|10.42.0.210|10.42.0.47,38,3,UPLOAD,0.9687375730472689,UPLOAD,0.9687375730472689,1,13032,100.0,5,0.0,41992.0,0,5,0.0,1.0,0.2478136641027006,1,0,1,1,1,1,1,1,0.9699999999999999,1.0,1.0,1.0,0.8,skip,attack_already_active,1785296158.3345847,1785296158334584882,1384826551283114,8.1,53.3515625,-1.0,0,0
2026-07-28T23:35:58.335,10.42.0.1,10.42.0.1|10.42.0.210|10.42.0.47,38,3,UPLOAD,0.9613146341491575,UPLOAD,0.9613146341491575,0,43,100.0,5,0.0,41992.0,0,5,0.0,1.0,0.43224487379095555,1,0,1,1,1,1,1,1,0.8374999999999999,0.8500000000000001,1.0,0.6000000000000001,0.8,skip,attack_already_active,1785296158.335246,1785296158335246129,1384826551944263,8.1,53.3515625,-1.0,0,0
2026-07-28T23:35:58.336,10.42.0.1,10.42.0.1|10.42.0.210|10.42.0.47,38,3,UPLOAD,0.9516030976628747,UPLOAD,0.9516030976628747,1,1448,100.0,6,0.0,43440.0,0,6,0.0,1.0,0.37557460472958826,1,0,1,1,1,1,1,1,0.9699999999999999,1.0,1.0,1.0,0.8,skip,attack_already_active,1785296158.3367746,1785296158336774589,1384826553472714,8.1,53.3515625,-1.0,0,0
2026-07-28T23:35:58.337,10.42.0.1,10.42.0.1|10.42.0.210|10.42.0.47,38,3,UPLOAD,0.95,UPLOAD,0.95,1,8688,100.0,7,0.0,52128.0,0,7,0.0,1.0,0.3262295519907295,1,0,1,1,1,1,1,1,0.9699999999999999,1.0,1.0,1.0,0.8,skip,attack_already_active,1785296158.3378832,1785296158337883199,1384826554581312,8.1,53.3515625,-1.0,0,0
2026-07-28T23:35:58.338,10.42.0.1,10.42.0.1|10.42.0.210|10.42.0.47,38,3,UPLOAD,0.95,UPLOAD,0.95,1,7240,100.0,8,0.0,59368.0,0,8,0.0,1.0,0.28332097206992907,1,0,1,1,1,1,1,1,0.9699999999999999,1.0,1.0,1.0,0.8,skip,attack_already_active,1785296158.3384914,1785296158338491340,1384826555189477,8.1,53.3515625,-1.0,0,0
2026-07-28T23:35:58.339,10.42.0.1,10.42.0.1|10.42.0.210|10.42.0.47,38,3,UPLOAD,0.95,UPLOAD,0.95,1,8688,100.0,9,0.0,68056.0,0,9,0.0,1.0,0.24609957299534896,1,0,1,1,1,1,1,1,0.9699999999999999,1.0,1.0,1.0,0.8,skip,attack_already_active,1785296158.3393495,1785296158339349529,1384826556047506,8.1,53.3515625,-1.0,0,0
2026-07-28T23:35:58.340,10.42.0.1,10.42.0.1|10.42.0.210|10.42.0.47,38,3,UPLOAD,0.95,UPLOAD,0.95,1,5792,100.0,10,0.0,73848.0,0,10,0.0,1.0,0.2137842292931349,1,0,1,1,1,1,1,1,0.9699999999999999,1.0,1.0,1.0,0.8,skip,attack_already_active,1785296158.3402169,1785296158340216734,1384826556914808,8.1,53.3515625,-1.0,0,0
2026-07-28T23:35:58.341,10.42.0.1,10.42.0.1|10.42.0.210|10.42.0.47,38,3,UPLOAD,0.95,UPLOAD,0.95,1,5680,100.0,11,0.0,79528.0,0,11,0.0,1.0,0.18572819678289804,1,0,1,1,1,1,1,1,0.9699999999999999,1.0,1.0,1.0,0.8,skip,attack_already_active,1785296158.3410916,1785296158341091500,1384826557789584,8.1,53.3515625,-1.0,0,0
2026-07-28T23:35:58.686,10.42.0.1,,39,1,DOWNLOAD,0.95,DOWNLOAD,0.95,-1,1448,54.92265189646225,12,1448.0,79528.0,1,11,0.017881841533293814,0.9821181584667061,0.20755211416545327,0,0,0,0,1,0,0,0,0.44,0.8500000000000001,0.0,0.6000000000000001,0.15,skip,training_upload_trigger_not_confirmed,1785296158.68659,1785296158686589946,1384826903288962,8.1,53.3515625,-1.0,0,0
2026-07-28T23:35:58.687,10.42.0.1,,39,1,DOWNLOAD,0.95,DOWNLOAD,0.95,-1,5792,10.984530385361252,13,7240.0,79528.0,2,11,0.08344089987092015,0.9165591001290798,0.1803630277513325,0,0,0,0,1,0,0,0,0.44,0.8500000000000001,0.0,0.6000000000000001,0.15,skip,training_upload_trigger_not_confirmed,1785296158.6878116,1785296158687811567,1384826904510083,8.1,53.3515625,-1.0,0,0
2026-07-28T23:35:58.689,10.42.0.1,,39,1,DOWNLOAD,0.95,DOWNLOAD,0.95,-1,7240,5.492265193059926,14,14480.0,79528.0,3,11,0.15402944430261253,0.8459705556973874,0.15675689442617852,0,0,0,0,1,0,0,0,0.32,0.8500000000000001,0.0,0.0,0.15,skip,training_upload_trigger_not_confirmed,1785296158.6890342,1785296158689034229,1384826905733125,8.1,53.3515625,-1.0,0,0
2026-07-28T23:35:58.690,10.42.0.1,,39,1,DOWNLOAD,0.95,DOWNLOAD,0.95,-1,7240,3.661510128790906,15,21720.0,79528.0,4,11,0.21452275600505688,0.7854772439949431,0.13630916993464134,0,0,0,0,1,0,0,0,0.32,0.8500000000000001,0.0,0.0,0.15,skip,training_upload_trigger_not_confirmed,1785296158.690619,1785296158690618948,1384826907317665,8.1,53.3515625,-1.0,0,0
2026-07-28T23:35:58.691,10.42.0.1,,39,1,DOWNLOAD,0.95,DOWNLOAD,0.95,-1,7240,2.746132596624788,16,28960.0,79528.0,5,11,0.26694196593171593,0.7330580340682841,0.11848562115204761,0,0,0,0,0,0,0,0,0.057499999999999996,0.1,0.0,0.0,0.15,skip,training_upload_trigger_not_confirmed,1785296158.6916702,1785296158691670208,1384826908368580,8.1,53.3515625,-1.0,0,0
2026-07-28T23:35:58.693,10.42.0.1,,39,1,DOWNLOAD,0.95,DOWNLOAD,0.95,-1,7240,2.196906077315002,17,36200.0,79528.0,6,11,0.31280243329185675,0.6871975667081432,0.10307274773340656,0,0,0,0,0,0,0,0,0.057499999999999996,0.1,0.0,0.0,0.15,skip,training_upload_trigger_not_confirmed,1785296158.6931918,1785296158693191553,1384826909890074,8.1,53.3515625,-1.0,0,0
2026-07-28T23:35:58.694,10.42.0.1,,39,1,DOWNLOAD,0.95,DOWNLOAD,0.95,-1,7240,1.8307550644375976,18,43440.0,79528.0,7,11,0.3532626374341292,0.6467373625658708,0.089657217981711,0,0,0,0,0,0,0,0,0.057499999999999996,0.1,0.0,0.0,0.15,skip,training_upload_trigger_not_confirmed,1785296158.6944578,1785296158694457957,1384826911157226,8.1,53.3515625,-1.0,0,0
2026-07-28T23:35:58.696,10.42.0.1,,39,1,DOWNLOAD,0.95,DOWNLOAD,0.95,-1,14480,1.3730662983361002,19,57920.0,79528.0,8,11,0.4213957278388918,0.5786042721611082,0.0781112737594845,0,0,0,0,0,0,0,0,0.057499999999999996,0.1,0.0,0.0,0.15,skip,training_upload_trigger_not_confirmed,1785296158.696496,1785296158696496102,1384826913195098,8.1,53.3515625,-1.0,0,0
2026-07-28T23:35:58.697,10.42.0.1,,39,1,DOWNLOAD,0.95,DOWNLOAD,0.95,-1,14480,1.0984530386726734,20,72400.0,79528.0,9,11,0.4765415196672108,0.5234584803327892,0.0680161951226148,0,0,0,0,0,0,0,0,0.039999999999999994,0.05,0.0,0.0,0.15,skip,training_upload_trigger_not_confirmed,1785296158.6979985,1785296158697998638,1384826914696989,8.1,53.3515625,-1.0,0,0
2026-07-28T23:35:58.698,10.42.0.1,,39,1,DOWNLOAD,0.95,DOWNLOAD,0.95,-1,7240,0.998593671521866,21,79640.0,79528.0,10,11,0.50035182951347,0.49964817048652993,0.05918494213688186,0,0,0,0,0,0,0,0,0.039999999999999994,0.05,0.0,0.0,0.15,skip,training_upload_trigger_not_confirmed,1785296158.6989968,1785296158698996612,1384826915695123,8.1,53.3515625,-1.0,0,0
2026-07-28T23:35:58.700,10.42.0.1,,39,1,DOWNLOAD,0.95,DOWNLOAD,0.95,-1,14480,0.8449638759047496,22,94120.0,79528.0,11,11,0.5420160324334286,0.45798396756657145,0.051520658822678436,0,0,0,0,0,0,0,0,0.039999999999999994,0.05,0.0,0.0,0.15,skip,training_upload_trigger_not_confirmed,1785296158.7000196,1785296158700019840,1384826916718372,8.1,53.3515625,-1.0,0,0
2026-07-28T23:35:58.701,10.42.0.1,,39,1,DOWNLOAD,0.95,DOWNLOAD,0.95,-1,14480,0.7323020257851537,23,108600.0,79528.0,12,11,0.5772665419288995,0.4227334580711005,0.044932026324888595,0,0,0,0,0,0,0,0,0.0225,0.0,0.0,0.0,0.15,skip,training_upload_trigger_not_confirmed,1785296158.701541,1785296158701540933,1384826918239336,8.1,53.3515625,-1.0,0,0
2026-07-28T23:35:58.702,10.42.0.1,,39,1,DOWNLOAD,0.95,DOWNLOAD,0.95,-1,4344,0.7041365632552049,24,112944.0,79528.0,13,11,0.5868074317303296,0.4131925682696704,0.03914688736241458,0,0,0,0,0,0,0,0,0.0225,0.0,0.0,0.0,0.15,skip,training_upload_trigger_not_confirmed,1785296158.7025712,1785296158702571385,1384826919269706,8.1,53.3515625,-1.0,0,0
2026-07-28T23:35:58.703,10.42.0.1,,39,1,DOWNLOAD,0.95,DOWNLOAD,0.95,-1,21720,0.5905661498277893,25,134664.0,79528.0,14,11,0.6287069545081049,0.3712930454918951,0.03413121378190842,0,0,0,0,0,0,0,0,0.0225,0.0,0.0,0.0,0.15,skip,training_upload_trigger_not_confirmed,1785296158.7036555,1785296158703655298,1384826920353591,8.1,53.3515625,-1.0,0,0
2026-07-28T23:35:58.704,10.42.0.1,,39,1,DOWNLOAD,0.95,DOWNLOAD,0.95,-1,14024,0.534864952117623,26,148688.0,79528.0,15,11,0.6515231184491885,0.3484768815508115,0.029777231942643992,0,0,0,0,0,0,0,0,0.0225,0.0,0.0,0.0,0.15,skip,training_upload_trigger_not_confirmed,1785296158.7047455,1785296158704745424,1384826921443764,8.1,53.3515625,-1.0,0,0
2026-07-28T23:35:58.705,10.42.0.1,,39,1,DOWNLOAD,0.95,DOWNLOAD,0.95,-1,14480,0.4873994900992388,27,163168.0,79528.0,16,11,0.6723143356297591,0.32768566437024094,0.02598976772658905,0,0,0,0,0,0,0,0,0.0225,0.0,0.0,0.0,0.15,skip,training_upload_trigger_not_confirmed,1785296158.7057807,1785296158705780796,1384826922479147,8.1,53.3515625,-1.0,0,0
2026-07-28T23:35:58.706,10.42.0.1,,39,1,DOWNLOAD,0.95,DOWNLOAD,0.95,-1,4344,0.4747600171959336,28,167512.0,79528.0,17,11,0.6780764248704664,0.3219235751295337,0.02270327964455332,0,0,0,0,0,0,0,0,0.0225,0.0,0.0,0.0,0.15,skip,training_upload_trigger_not_confirmed,1785296158.7068303,1785296158706830246,1384826923528750,8.1,53.3515625,-1.0,0,0
2026-07-28T23:35:58.707,10.42.0.1,,39,1,DOWNLOAD,0.95,DOWNLOAD,0.95,-1,14480,0.4369862411565509,29,181992.0,79528.0,18,11,0.6959008871214438,0.3040991128785561,0.019851311987858625,0,0,0,0,0,0,0,0,0.0225,0.0,0.0,0.0,0.15,skip,training_upload_trigger_not_confirmed,1785296158.7078907,1785296158707890599,1384826924589026,8.1,53.3515625,-1.0,0,0
2026-07-28T23:35:58.709,10.42.0.1,,39,1,DOWNLOAD,0.95,DOWNLOAD,0.95,-1,14480,0.4047803249348264,30,196472.0,79528.0,19,11,0.7118550724637681,0.2881449275362319,0.017490965691339417,0,0,0,0,0,0,0,0,0.0225,0.0,0.0,0.0,0.15,skip,training_upload_trigger_not_confirmed,1785296158.70983,1785296158709830169,1384826926529153,8.1,53.3515625,-1.0,0,0
2026-07-28T23:35:58.710,10.42.0.1,,39,1,DOWNLOAD,0.95,DOWNLOAD,0.95,-1,21720,0.36448632397446057,31,218192.0,79528.0,20,11,0.7328765282816069,0.2671234717183931,0.015331471666191792,0,0,0,0,0,0,0,0,0.0225,0.0,0.0,0.0,0.15,skip,training_upload_trigger_not_confirmed,1785296158.7109332,1785296158710933333,1384826927632292,8.1,53.3515625,-1.0,0,0
2026-07-28T23:35:58.712,10.42.0.1,,39,1,DOWNLOAD,0.95,DOWNLOAD,0.95,-1,14024,0.34247424811665655,32,232216.0,79528.0,21,11,0.7448932457400944,0.2551067542599056,0.013456920828837267,0,0,0,0,0,0,0,0,0.0225,0.0,0.0,0.0,0.15,skip,training_upload_trigger_not_confirmed,1785296158.7120392,1785296158712039242,1384826928737561,8.1,53.3515625,-1.0,0,0
2026-07-28T23:35:58.713,10.42.0.1,,39,1,DOWNLOAD,0.95,DOWNLOAD,0.95,-1,16920,0.31921520776074425,33,249136.0,79528.0,22,11,0.7580264342915561,0.2419735657084439,0.011832906690230786,0,0,0,0,0,0,0,0,0.0225,0.0,0.0,0.0,0.15,skip,training_upload_trigger_not_confirmed,1785296158.713172,1785296158713172083,1384826929871061,8.1,53.3515625,-1.0,0,0
2026-07-28T23:35:58.714,10.42.0.59,,12,1,DOWNLOAD,0.95,DOWNLOAD,0.95,-1,7300,1.3698630135109776e-10,1,7300.0,0.0,1,0,1.0,0.0,1.0931912004445008,0,0,0,0,0,0,0,0,0.0225,0.0,0.0,0.0,0.15,skip,training_upload_trigger_not_confirmed,1785296158.714844,1785296158714843956,1384826931542567,55.7,53.3515625,-1.0,0,0
2026-07-28T23:35:58.715,10.42.0.59,,12,1,DOWNLOAD,0.95,DOWNLOAD,0.95,-1,7300,6.84931506802402e-11,2,14600.0,0.0,2,0,1.0,0.0,0.9492859008477281,0,0,0,0,0,0,0,0,0.0225,0.0,0.0,0.0,0.15,skip,training_upload_trigger_not_confirmed,1785296158.7159777,1785296158715977684,1384826932676207,55.7,53.3515625,-1.0,0,0
2026-07-28T23:35:58.717,10.42.0.1,,39,1,DOWNLOAD,0.95,DOWNLOAD,0.95,-1,18824,0.29679056575870727,34,267960.0,79528.0,23,11,0.7711345427755779,0.22886545722442214,0.010792491405705058,0,0,0,0,0,0,0,0,0.0225,0.0,0.0,0.0,0.15,skip,training_upload_trigger_not_confirmed,1785296158.7171094,1785296158717109492,1384826933807870,55.7,53.3515625,-1.0,0,0
2026-07-28T23:35:58.718,10.42.0.1,,39,1,DOWNLOAD,0.95,DOWNLOAD,0.95,-1,16920,0.27916315641926714,35,284880.0,79528.0,24,11,0.7817611029395622,0.21823889706043775,0.009574593049253274,0,0,0,0,0,0,0,0,0.0225,0.0,0.0,0.0,0.15,skip,training_upload_trigger_not_confirmed,1785296158.7186596,1785296158718659490,1384826935358008,55.7,53.3515625,-1.0,0,0
2026-07-28T23:35:58.720,10.42.0.18,,31,1,DOWNLOAD,0.95,DOWNLOAD,0.95,-1,7300,1.3698630135109776e-10,1,7300.0,0.0,1,0,1.0,0.0,0.6884625760326055,0,0,0,0,0,0,0,0,0.0225,0.0,0.0,0.0,0.15,skip,training_upload_trigger_not_confirmed,1785296158.7201738,1785296158720173836,1384826936872199,55.7,53.3515625,-1.0,0,0
2026-07-28T23:35:58.721,10.42.0.18,,31,1,DOWNLOAD,0.95,DOWNLOAD,0.95,-1,7300,6.84931506802402e-11,2,14600.0,0.0,2,0,1.0,0.0,0.5978774518407856,0,0,0,0,0,0,0,0,0.0225,0.0,0.0,0.0,0.15,skip,training_upload_trigger_not_confirmed,1785296158.721211,1785296158721210783,1384826937909136,55.7,53.3515625,-1.0,0,0
2026-07-28T23:35:58.722,10.42.0.145,,17,3,UPLOAD,0.9841010226033655,UPLOAD,0.9841010226033655,0,43,1.0,0,0.0,0.0,0,0,0.0,0.0,1.029910606018657,0,0,0,0,0,0,0,0,0.4375,0.05,1.0,0.0,0.8,skip,already_attacked_this_round,1785296158.7226532,1785296158722653080,1384826939351498,55.7,53.3515625,-1.0,0,0
2026-07-28T23:35:58.723,10.42.0.145,,17,1,DOWNLOAD,0.95,DOWNLOAD,0.95,-1,14600,6.84931506802402e-11,1,14600.0,0.0,1,0,1.0,0.0,1.4664513550440714,0,0,0,0,0,0,0,0,0.0225,0.0,0.0,0.0,0.15,skip,already_attacked_this_round,1785296158.7237458,1785296158723745910,1384826940444257,55.7,53.3515625,-1.0,0,0
2026-07-28T23:35:58.725,10.42.0.47,,38,3,UPLOAD,0.952516400663947,UPLOAD,0.952516400663947,0,43,100.0,15,0.0,79528.0,0,15,0.0,1.0,0.12709826727930035,0,0,1,0,0,0,0,0,0.45499999999999996,0.1,1.0,0.0,0.8,skip,attack_already_active,1785296158.725228,1785296158725228035,1384826941926337,55.7,53.3515625,-1.0,0,0
2026-07-28T23:35:58.726,10.42.0.47,,39,1,DOWNLOAD,0.95,DOWNLOAD,0.95,-1,10136,7.846093132710527,16,10136.0,79528.0,1,15,0.11304425410421128,0.8869557458957887,0.16059813818765065,0,0,0,0,0,0,0,0,0.057499999999999996,0.1,0.0,0.0,0.15,skip,training_upload_trigger_not_confirmed,1785296158.7266896,1785296158726689619,1384826943387928,55.7,53.3515625,-1.0,0,0
2026-07-28T23:35:58.727,10.42.0.47,,39,1,DOWNLOAD,0.9829981496648164,DOWNLOAD,0.9829981496648164,-1,4344,5.492265193059926,17,14480.0,79528.0,2,15,0.15402944430261253,0.8459705556973874,0.1395728867392251,0,0,0,0,0,0,0,0,0.057499999999999996,0.1,0.0,0.0,0.15,skip,training_upload_trigger_not_confirmed,1785296158.727733,1785296158727732923,1384826944431191,55.7,53.3515625,-1.0,0,0
2026-07-28T23:35:58.729,10.42.0.47,,39,1,DOWNLOAD,0.9842257140988042,DOWNLOAD,0.9842257140988042,-1,14480,2.746132596624788,18,28960.0,79528.0,3,15,0.26694196593171593,0.7330580340682841,0.12137741716689472,0,0,0,0,0,0,0,0,0.057499999999999996,0.1,0.0,0.0,0.15,skip,training_upload_trigger_not_confirmed,1785296158.7292254,1785296158729225368,1384826945923658,55.7,53.3515625,-1.0,0,0
2026-07-28T23:35:58.731,10.42.0.1,,39,1,DOWNLOAD,0.95,DOWNLOAD,0.95,-1,11584,0.2682551675776207,36,296464.0,79528.0,25,11,0.7884848613800294,0.21151513861997065,0.010058901259335807,0,0,0,0,0,0,0,0,0.0225,0.0,0.0,0.0,0.15,skip,training_upload_trigger_not_confirmed,1785296158.7319095,1785296158731909701,1384826948610505,55.7,53.3515625,-1.0,0,0
2026-07-28T23:35:58.733,10.42.0.1,,39,1,DOWNLOAD,0.95,DOWNLOAD,0.95,-1,10136,0.2593868232248552,37,306600.0,79528.0,26,11,0.794037210458708,0.20596278954129202,0.008985111751961032,0,0,0,0,0,0,0,0,0.0225,0.0,0.0,0.0,0.15,skip,training_upload_trigger_not_confirmed,1785296158.7338197,1785296158733819582,1384826950518839,55.7,53.3515625,-1.0,0,0
2026-07-28T23:35:58.735,10.42.0.1,,39,1,DOWNLOAD,0.95,DOWNLOAD,0.95,-1,14024,0.2480413194294624,38,320624.0,79528.0,27,11,0.8012555229012975,0.1987444770987025,0.008024764475432338,0,0,0,0,0,0,0,0,0.0225,0.0,0.0,0.0,0.15,skip,training_upload_trigger_not_confirmed,1785296158.735517,1785296158735516832,1384826952215443,55.7,53.3515625,-1.0,0,0
2026-07-28T23:35:58.737,10.42.0.18,,31,1,DOWNLOAD,0.9398994579639871,DOWNLOAD,0.9398994579639871,0,43,6.84931506802402e-11,2,14600.0,0.0,2,0,1.0,0.0,1.0108103318964243,0,0,0,0,0,0,0,0,0.0225,0.0,0.0,0.0,0.15,skip,training_upload_trigger_not_confirmed,1785296158.737048,1785296158737047778,1384826953746116,55.7,53.3515625,-1.0,0,0
2026-07-28T23:35:58.738,10.42.0.18,,31,1,DOWNLOAD,0.95,DOWNLOAD,0.95,-1,10220,4.029008863657171e-11,3,24820.0,0.0,3,0,1.0,0.0,0.879894320084464,0,0,0,0,0,0,0,0,0.0225,0.0,0.0,0.0,0.15,skip,training_upload_trigger_not_confirmed,1785296158.738536,1785296158738535955,1384826955234299,55.7,53.3515625,-1.0,0,0
2026-07-28T23:35:58.742,10.42.0.47,,39,1,DOWNLOAD,0.9842586901286671,DOWNLOAD,0.9842586901286671,-1,5792,2.2884438305338266,19,34752.0,79528.0,4,15,0.304095204760238,0.695904795239762,0.10708309809677312,0,0,0,0,0,0,0,0,0.057499999999999996,0.1,0.0,0.0,0.15,skip,training_upload_trigger_not_confirmed,1785296158.7421272,1785296158742127041,1384826958825900,55.7,53.3515625,-1.0,0,0
2026-07-28T23:35:58.743,10.42.0.47,,39,1,DOWNLOAD,0.9842595481342594,DOWNLOAD,0.9842595481342594,-1,13032,1.6643227858558445,20,47784.0,79528.0,5,15,0.37532989820284024,0.6246701017971598,0.09310960554106087,0,0,0,0,0,0,0,0,0.057499999999999996,0.1,0.0,0.0,0.15,skip,training_upload_trigger_not_confirmed,1785296158.7431693,1785296158743169280,1384826959867741,55.7,53.3515625,-1.0,0,0
2026-07-28T23:35:58.744,10.42.0.47,,39,1,DOWNLOAD,0.9842595696464124,DOWNLOAD,0.9842595696464124,-1,16920,1.2291048466829082,21,64704.0,79528.0,6,15,0.4486105718564535,0.5513894281435465,0.08097413229093411,0,0,0,0,0,0,0,0,0.057499999999999996,0.1,0.0,0.0,0.15,skip,training_upload_trigger_not_confirmed,1785296158.7441862,1785296158744186063,1384826960884401,55.7,53.3515625,-1.0,0,0
2026-07-28T23:35:58.745,10.42.0.59,,12,1,DOWNLOAD,0.95,DOWNLOAD,0.95,-1,24820,2.536783358636814e-11,3,39420.0,0.0,3,0,1.0,0.0,0.8281010822091723,0,0,0,0,0,0,0,0,0.0225,0.0,0.0,0.0,0.15,skip,training_upload_trigger_not_confirmed,1785296158.7456255,1785296158745625573,1384826962323925,55.7,53.3515625,-1.0,0,0
2026-07-28T23:35:58.746,10.42.0.59,,12,1,DOWNLOAD,0.9554494158011355,DOWNLOAD,0.9554494158011355,-1,10564,2.0006402048255314e-11,4,49984.0,0.0,4,0,1.0,0.0,0.7191075335956131,0,0,0,0,0,0,0,0,0.0225,0.0,0.0,0.0,0.15,skip,training_upload_trigger_not_confirmed,1785296158.7466047,1785296158746604834,1384826963303074,55.7,53.3515625,-1.0,0,0
2026-07-28T23:35:58.752,10.42.0.210,,39,1,DOWNLOAD,0.95,DOWNLOAD,0.95,-1,1448,6.906077343296907e-10,1,1448.0,0.0,1,0,1.0,0.0,0.27387218246533096,0,0,0,0,0,0,0,0,0.0225,0.0,0.0,0.0,0.15,skip,training_upload_trigger_not_confirmed,1785296158.752324,1785296158752324197,1384826969022608,55.7,53.3515625,-1.0,0,0
2026-07-28T23:35:58.762,10.42.0.18,,31,1,DOWNLOAD,0.95,DOWNLOAD,0.95,-1,26280,1.9569471623883178e-11,4,51100.0,0.0,4,0,1.0,0.0,0.7670532112127795,0,0,0,0,0,0,0,0,0.0225,0.0,0.0,0.0,0.15,skip,training_upload_trigger_not_confirmed,1785296158.7621102,1785296158762110295,1384826978808759,55.7,53.3515625,-1.0,0,0
2026-07-28T23:35:58.763,10.42.0.18,,31,1,DOWNLOAD,0.9529828355931685,DOWNLOAD,0.9529828355931685,-1,9121,1.660550306343957e-11,5,60221.0,0.0,5,0,1.0,0.0,0.6661133558575311,0,0,0,0,0,0,0,0,0.0225,0.0,0.0,0.0,0.15,skip,training_upload_trigger_not_confirmed,1785296158.7631588,1785296158763158777,1384826979857109,55.7,53.3515625,-1.0,0,0
2026-07-28T23:35:58.825,10.42.0.210,,39,1,DOWNLOAD,0.95,DOWNLOAD,0.95,-1,10136,8.632596684337655e-11,2,11584.0,0.0,2,0,1.0,0.0,0.24737696596946296,0,0,0,0,0,0,0,0,0.0225,0.0,0.0,0.0,0.15,skip,training_upload_trigger_not_confirmed,1785296158.8251314,1785296158825131500,1384827041829974,55.7,53.3515625,-1.0,0,0
2026-07-28T23:35:58.825,10.42.0.210,,39,1,DOWNLOAD,0.9557926560077417,DOWNLOAD,0.9557926560077417,0,43,8.632596684337655e-11,2,11584.0,0.0,2,0,1.0,0.0,0.49623681088849003,0,0,0,0,0,0,0,0,0.0225,0.0,0.0,0.0,0.15,skip,training_upload_trigger_not_confirmed,1785296158.825915,1785296158825915210,1384827042613430,55.7,53.3515625,-1.0,0,0
2026-07-28T23:35:58.828,10.42.0.210,,39,1,DOWNLOAD,0.9846998846180315,DOWNLOAD,0.9846998846180315,-1,14480,3.8367096376674066e-11,3,26064.0,0.0,3,0,1.0,0.0,0.4312237352194041,0,0,0,0,0,0,0,0,0.0225,0.0,0.0,0.0,0.15,skip,training_upload_trigger_not_confirmed,1785296158.828002,1785296158828002169,1384827044700532,55.7,53.3515625,-1.0,0,0
2026-07-28T23:35:58.829,10.42.0.210,,39,1,DOWNLOAD,0.9854895428954357,DOWNLOAD,0.9854895428954357,-1,18824,2.22776688642337e-11,4,44888.0,0.0,4,0,1.0,0.0,0.37453939004536363,0,0,0,0,0,0,0,0,0.0225,0.0,0.0,0.0,0.15,skip,training_upload_trigger_not_confirmed,1785296158.829064,1785296158829063847,1384827045762161,55.7,53.3515625,-1.0,0,0
2026-07-28T23:35:58.830,10.42.0.210,,39,1,DOWNLOAD,0.9855083405864443,DOWNLOAD,0.9855083405864443,-1,7240,1.918354818870504e-11,5,52128.0,0.0,5,0,1.0,0.0,0.3253206357425212,0,0,0,0,0,0,0,0,0.0225,0.0,0.0,0.0,0.15,skip,training_upload_trigger_not_confirmed,1785296158.8300958,1785296158830095753,1384827046794065,55.7,53.3515625,-1.0,0,0
2026-07-28T23:35:58.831,10.42.0.210,,39,1,DOWNLOAD,0.9855087208476458,DOWNLOAD,0.9855087208476458,-1,12576,1.5454995054162724e-11,6,64704.0,0.0,6,0,1.0,0.0,0.2825874995549141,0,0,0,0,0,0,0,0,0.0225,0.0,0.0,0.0,0.15,skip,training_upload_trigger_not_confirmed,1785296158.8311265,1785296158831126541,1384827047824772,55.7,53.3515625,-1.0,0,0
2026-07-28T23:35:59.051,10.42.0.145,,17,3,UPLOAD,0.95,UPLOAD,0.95,1,64240,4.3999999997671235,2,14600.0,64240.0,1,1,0.18518518518518517,0.8148148148148148,1.3165964465424354,0,0,0,1,1,1,1,1,0.9699999999999999,1.0,1.0,1.0,0.8,skip,already_attacked_this_round,1785296159.051897,1785296159051897107,1384827268595887,55.7,53.3515625,-1.0,0,0
2026-07-28T23:35:59.053,10.42.0.1,10.42.0.1,39,3,UPLOAD,0.95,UPLOAD,0.95,1,7240,0.27062228654351944,39,320624.0,86768.0,27,12,0.7870159453302962,0.21298405466970388,0.035876289608049804,1,0,0,0,1,0,0,0,0.85,1.0,1.0,0.4,0.8,trigger,training_upload_trigger_confirmed,1785296159.0530434,1785296159053043385,1384827269741738,55.7,53.3515625,11.706939,1785296159064751332,1384827281448677
2026-07-28T23:35:59.053,10.42.0.1,10.42.0.1,39,3,UPLOAD,0.95,UPLOAD,0.95,1,7240,0.29320325365757643,40,320624.0,94008.0,27,13,0.7732736498871289,0.22672635011287118,0.03126611773165704,1,0,1,0,1,0,0,0,0.85,1.0,1.0,0.4,0.8,skip,attack_already_active,1785296159.0539343,1785296159053934290,1384827270632700,55.7,53.3515625,-1.0,0,0
2026-07-28T23:35:59.057,10.42.0.1,10.42.0.1,39,3,UPLOAD,0.95,UPLOAD,0.95,1,14480,0.3383651878856905,41,320624.0,108488.0,27,14,0.7471802233449543,0.2528197766550458,0.027592892517459888,1,0,1,0,1,0,0,0,0.85,1.0,1.0,0.4,0.8,skip,attack_already_active,1785296159.0573254,1785296159057325290,1384827274024090,55.7,53.3515625,-1.0,0,0
2026-07-28T23:35:59.058,10.42.0.1,10.42.0.1,39,3,UPLOAD,0.95,UPLOAD,0.95,1,14480,0.3835271221138045,42,320624.0,122968.0,27,15,0.7227903118180671,0.2772096881819329,0.024065778172401422,1,0,1,0,1,0,0,0,0.85,1.0,1.0,0.4,0.8,skip,attack_already_active,1785296159.058152,1785296159058151972,1384827274850623,55.7,53.3515625,-1.0,0,0
2026-07-28T23:35:59.058,10.42.0.1,10.42.0.1,39,3,UPLOAD,0.9374533620299645,UPLOAD,0.9374533620299645,0,43,0.3835271221138045,42,320624.0,122968.0,27,15,0.7227903118180671,0.2772096881819329,0.050326859654949194,1,0,1,0,1,0,0,0,0.6825,0.7500000000000001,1.0,0.0,0.8,skip,attack_already_active,1785296159.0589125,1785296159058912418,1384827275610798,55.7,53.3515625,-1.0,0,0
2026-07-28T23:35:59.061,10.42.0.59,10.42.0.1,12,3,UPLOAD,0.95,UPLOAD,0.95,1,64240,1.2852112675999277,5,49984.0,64240.0,4,1,0.43759630200308164,0.5624036979969184,1.209587592332462,0,0,0,1,1,1,1,1,0.85,1.0,1.0,0.4,0.8,trigger,training_upload_trigger_confirmed,1785296159.0618842,1785296159061884174,1384827278582790,55.7,53.3515625,32.541475,1785296159094426993,1384827311124265
2026-07-28T23:35:59.062,10.42.0.1,10.42.0.1,39,3,UPLOAD,0.95,UPLOAD,0.95,1,14480,0.4286890563419186,43,320624.0,137448.0,27,16,0.6999423671387904,0.30005763286120957,0.04429963105679629,1,0,1,1,1,1,1,1,0.85,1.0,1.0,0.4,0.8,skip,attack_already_active,1785296159.0627398,1785296159062739859,1384827279438053,55.7,53.3515625,-1.0,0,0
2026-07-28T23:35:59.063,10.42.0.59,10.42.0.1,12,3,UPLOAD,0.9841010226033655,UPLOAD,0.9841010226033655,1,6528,1.4158130601709382,6,49984.0,70768.0,4,2,0.41393931363455677,0.5860606863654432,1.050456129095358,0,0,1,1,1,1,1,1,0.85,1.0,1.0,0.4,0.8,skip,attack_already_active,1785296159.063867,1785296159063867247,1384827280565577,55.7,53.3515625,-1.0,0,0
2026-07-28T23:35:59.064,10.42.0.1,10.42.0.1,39,3,UPLOAD,0.95,UPLOAD,0.95,1,7240,0.45127002345597567,44,320624.0,144688.0,27,17,0.6890516470669142,0.31094835293308576,0.03875133145998634,1,0,1,1,1,1,1,1,0.85,1.0,1.0,0.4,0.8,skip,attack_already_active,1785296159.064935,1785296159064934997,1384827281633185,55.7,53.3515625,-1.0,0,0
2026-07-28T23:35:59.065,10.42.0.1,10.42.0.1,39,3,UPLOAD,0.95,UPLOAD,0.95,1,7240,0.47385099057003266,45,320624.0,151928.0,27,18,0.6784946418595202,0.32150535814047976,0.033758343868129696,1,0,1,1,1,1,1,1,0.85,1.0,1.0,0.4,0.8,skip,attack_already_active,1785296159.065796,1785296159065795796,1384827282494230,55.7,53.3515625,-1.0,0,0
2026-07-28T23:35:59.067,10.42.0.1,10.42.0.1,39,3,UPLOAD,0.95,UPLOAD,0.95,1,14480,0.5190129247981468,46,320624.0,166408.0,27,19,0.6583222457661919,0.34167775423380803,0.02948372038098934,1,0,1,1,1,1,1,1,0.9299999999999999,1.0,1.0,0.8,0.8,skip,attack_already_active,1785296159.0671153,1785296159067115196,1384827283813695,55.7,53.3515625,-1.0,0,0
2026-07-28T23:35:59.068,10.42.0.1,10.42.0.1,39,3,UPLOAD,0.95,UPLOAD,0.95,1,7129,0.5412476920020296,47,320624.0,173537.0,27,20,0.6488249780941838,0.3511750219058161,0.025742159515824797,1,0,1,1,1,1,1,1,0.9299999999999999,1.0,1.0,0.8,0.8,skip,attack_already_active,1785296159.0682054,1785296159068205384,1384827284903722,55.7,53.3515625,-1.0,0,0
2026-07-28T23:35:59.069,10.42.0.1,10.42.0.1,39,3,UPLOAD,0.95,UPLOAD,0.95,1,10136,0.5728610459617095,48,320624.0,183673.0,27,21,0.6357840716879141,0.36421592831208593,0.02257862513385929,1,0,1,1,1,1,1,1,0.9299999999999999,1.0,1.0,0.8,0.8,skip,attack_already_active,1785296159.0699403,1785296159069940138,1384827286638481,55.7,53.3515625,-1.0,0,0
2026-07-28T23:35:59.070,10.42.0.1,10.42.0.1,39,3,UPLOAD,0.95,UPLOAD,0.95,1,4344,0.5864096262301437,49,320624.0,188017.0,27,22,0.6303542183976518,0.36964578160234823,0.019703120722485104,1,0,1,1,1,1,1,1,0.9699999999999999,1.0,1.0,1.0,0.8,skip,attack_already_active,1785296159.0706975,1785296159070697543,1384827287396095,55.7,53.3515625,-1.0,0,0
2026-07-28T23:35:59.071,10.42.0.1,10.42.0.1,39,3,UPLOAD,0.8638221282382151,UPLOAD,0.8638221282382151,0,43,0.5864096262301437,49,320624.0,188017.0,27,22,0.6303542183976518,0.36964578160234823,0.018755353385835612,1,0,1,1,1,1,1,1,0.8025,0.7500000000000001,1.0,0.6000000000000001,0.8,skip,attack_already_active,1785296159.0714233,1785296159071423340,1384827288121568,55.7,53.3515625,-1.0,0,0
2026-07-28T23:35:59.073,10.42.0.1,10.42.0.1,39,3,UPLOAD,0.95,UPLOAD,0.95,1,14480,0.6315715604582578,50,320624.0,202497.0,27,23,0.6129060007149397,0.3870939992850602,0.016679077157668493,1,0,1,1,1,1,1,1,0.9699999999999999,1.0,1.0,1.0,0.8,skip,attack_already_active,1785296159.0736966,1785296159073696403,1384827290394611,55.7,53.3515625,-1.0,0,0
2026-07-28T23:35:59.075,10.42.0.1,10.42.0.1,39,3,UPLOAD,0.95,UPLOAD,0.95,1,18824,0.690282074954806,51,320624.0,221321.0,27,24,0.5916172305307734,0.4083827694692266,0.014686042605448184,1,0,1,1,1,1,1,1,0.9699999999999999,1.0,1.0,1.0,0.8,skip,attack_already_active,1785296159.075251,1785296159075251178,1384827291949436,55.7,53.3515625,-1.0,0,0
2026-07-28T23:35:59.076,10.42.0.1,10.42.0.1,39,3,UPLOAD,0.95,UPLOAD,0.95,1,10136,0.7218954289144859,52,320624.0,231457.0,27,25,0.5807553601735977,0.4192446398264023,0.012886080818337019,1,0,1,1,1,1,1,1,0.9699999999999999,1.0,1.0,1.0,0.8,skip,attack_already_active,1785296159.0762777,1785296159076277840,1384827292976333,55.7,53.3515625,-1.0,0,0
2026-07-28T23:35:59.077,10.42.0.1,10.42.0.1,39,3,UPLOAD,0.95,UPLOAD,0.95,1,7128,0.7441270772002591,53,320624.0,238585.0,27,26,0.57335271785683,0.4266472821431701,0.01132849192402605,1,0,1,1,1,1,1,1,0.9699999999999999,1.0,1.0,1.0,0.8,skip,attack_already_active,1785296159.0773437,1785296159077343672,1384827294041953,55.7,53.3515625,-1.0,0,0
2026-07-28T23:35:59.098,10.42.0.1,10.42.0.1,39,3,UPLOAD,0.95,UPLOAD,0.95,1,1336,0.7482939517947867,54,320624.0,239921.0,27,27,0.5719861920095621,0.42801380799043787,0.012678622411998318,1,0,1,1,1,1,1,1,0.9699999999999999,1.0,1.0,1.0,0.8,skip,attack_already_active,1785296159.098918,1785296159098917838,1384827315616755,55.7,53.3515625,-1.0,0,0
2026-07-28T23:35:59.152,10.42.0.18,10.42.0.1,31,3,UPLOAD,0.95,UPLOAD,0.95,1,14600,0.24244034474282328,6,60221.0,14600.0,5,1,0.8048676173801473,0.19513238261985272,0.6331441361487491,0,0,0,1,1,1,1,1,0.9699999999999999,1.0,1.0,1.0,0.8,trigger,training_upload_trigger_confirmed,1785296159.152967,1785296159152967033,1384827369666154,55.7,53.3515625,28.485945,1785296159181454797,1384827398152099
2026-07-28T23:35:59.154,10.42.0.18,10.42.0.1,31,3,UPLOAD,0.9841010226033655,UPLOAD,0.9841010226033655,1,14600,0.484880689469041,7,60221.0,29200.0,5,2,0.673454781315351,0.32654521868464903,0.5498957590441604,0,0,1,1,1,1,1,1,0.9699999999999999,1.0,1.0,1.0,0.8,skip,attack_already_active,1785296159.1543622,1785296159154362100,1384827371060722,55.7,53.3515625,-1.0,0,0
2026-07-28T23:35:59.156,10.42.0.18,10.42.0.1,31,3,UPLOAD,0.9854688349332961,UPLOAD,0.9854688349332961,1,5840,0.5818568273595282,8,60221.0,35040.0,5,3,0.6321684634845319,0.367831536515468,0.4776986382174009,0,0,1,1,1,1,1,1,0.9699999999999999,1.0,1.0,1.0,0.8,skip,attack_already_active,1785296159.156374,1785296159156374078,1384827373072864,55.7,53.3515625,-1.0,0,0
2026-07-28T23:35:59.159,10.42.0.18,10.42.0.1,31,3,UPLOAD,0.9855076450773014,UPLOAD,0.9855076450773014,1,44488,1.3206024476458278,9,60221.0,79528.0,5,4,0.43092258263028715,0.5690774173697128,0.4151385368334186,0,0,1,1,1,1,1,1,0.9699999999999999,1.0,1.0,1.0,0.8,skip,attack_already_active,1785296159.1593213,1785296159159321421,1384827376019969,55.7,53.3515625,-1.0,0,0
2026-07-28T23:35:59.160,10.42.0.1,10.42.0.1,39,3,UPLOAD,0.95,UPLOAD,0.95,1,7240,0.7708749189088437,55,320624.0,247161.0,27,28,0.5646926213267346,0.4353073786732654,0.015235597091575197,1,0,1,1,1,1,1,1,0.9699999999999999,1.0,1.0,1.0,0.8,skip,attack_already_active,1785296159.1604755,1785296159160475441,1384827377173862,55.7,53.3515625,-1.0,0,0
2026-07-28T23:35:59.161,10.42.0.1,10.42.0.1,39,3,UPLOAD,0.95,UPLOAD,0.95,1,7240,0.7934558860229008,56,320624.0,254401.0,27,29,0.5575827137950524,0.44241728620494764,0.013331800572374616,1,0,1,1,1,1,1,1,0.9699999999999999,1.0,1.0,1.0,0.8,skip,attack_already_active,1785296159.1612637,1785296159161263653,1384827377961939,55.7,53.3515625,-1.0,0,0
2026-07-28T23:35:59.162,10.42.0.1,10.42.0.1,39,3,UPLOAD,0.7774907520715012,UPLOAD,0.7774907520715012,0,43,0.7934558860229008,56,320624.0,254401.0,27,29,0.5575827137950524,0.44241728620494764,0.02354830612805916,1,0,1,1,1,1,1,1,0.8025,0.7500000000000001,1.0,0.6000000000000001,0.8,skip,attack_already_active,1785296159.1622853,1785296159162285421,1384827378983884,55.7,53.3515625,-1.0,0,0
2026-07-28T23:35:59.163,10.42.0.1,10.42.0.1,39,3,UPLOAD,0.95,UPLOAD,0.95,1,10136,0.8250692399825806,57,320624.0,264537.0,27,30,0.5479244173825665,0.45207558261743347,0.0206868096132877,1,0,1,1,1,1,1,1,0.9699999999999999,1.0,1.0,1.0,0.8,skip,attack_already_active,1785296159.163097,1785296159163096954,1384827379795286,55.7,53.3515625,-1.0,0,0
2026-07-28T23:35:59.164,10.42.0.1,10.42.0.1,39,3,UPLOAD,0.95,UPLOAD,0.95,1,4344,0.8386178202510148,58,320624.0,268881.0,27,31,0.543886820298386,0.4561131797016141,0.018096319863771727,1,0,1,1,1,1,1,1,0.9699999999999999,1.0,1.0,1.0,0.8,skip,attack_already_active,1785296159.1641252,1785296159164125287,1384827380824024,55.7,53.3515625,-1.0,0,0
2026-07-28T23:35:59.165,10.42.0.1,10.42.0.1,39,3,UPLOAD,0.95,UPLOAD,0.95,1,14480,0.8837797544791289,59,320624.0,283361.0,27,32,0.5308476203879235,0.46915237961207645,0.015923252247876177,1,0,1,1,1,1,1,1,0.9699999999999999,1.0,1.0,1.0,0.8,skip,attack_already_active,1785296159.1657307,1785296159165730894,1384827382429511,55.7,53.3515625,-1.0,0,0
2026-07-28T23:35:59.167,10.42.0.1,10.42.0.1,39,3,UPLOAD,0.95,UPLOAD,0.95,1,14480,0.9289416887072429,60,320624.0,297841.0,27,33,0.518418988948445,0.48158101105155504,0.014122497692390254,1,0,1,1,1,1,1,1,0.9699999999999999,1.0,1.0,1.0,0.8,skip,attack_already_active,1785296159.1679885,1785296159167988391,1384827384686837,55.7,53.3515625,-1.0,0,0
2026-07-28T23:35:59.168,10.42.0.1,10.42.0.1,39,3,UPLOAD,0.95,UPLOAD,0.95,1,5792,0.9470064623984885,61,320624.0,303633.0,27,34,0.5136089783534666,0.4863910216465334,0.012365662012559533,1,0,1,1,1,1,1,1,0.9699999999999999,1.0,1.0,1.0,0.8,skip,attack_already_active,1785296159.168779,1785296159168779066,1384827385477366,55.7,53.3515625,-1.0,0,0
2026-07-28T23:35:59.169,10.42.0.1,10.42.0.1,39,3,UPLOAD,0.95,UPLOAD,0.95,1,8688,0.974103622935357,62,320624.0,312321.0,27,35,0.5065590217159469,0.49344097828405314,0.010868168309892205,1,0,1,1,1,1,1,1,0.9699999999999999,1.0,1.0,1.0,0.8,skip,attack_already_active,1785296159.1697805,1785296159169780413,1384827386478846,55.7,53.3515625,-1.0,0,0
2026-07-28T23:35:59.171,10.42.0.1,10.42.0.1,39,3,UPLOAD,0.95,UPLOAD,0.95,1,7128,0.9963352712211303,63,320624.0,319449.0,27,36,0.5009178640561311,0.4990821359438689,0.009602628109141045,1,0,1,1,1,1,1,1,0.9699999999999999,1.0,1.0,1.0,0.8,skip,attack_already_active,1785296159.1710448,1785296159171044781,1384827387743021,55.7,53.3515625,-1.0,0,0
2026-07-28T23:35:59.183,10.42.0.1,10.42.0.1,39,3,UPLOAD,0.95,UPLOAD,0.95,1,1336,1.000502145815658,64,320624.0,320785.0,27,37,0.4998744950569761,0.5001255049430239,0.010028010081428711,1,0,1,1,1,1,1,1,0.9699999999999999,1.0,1.0,1.0,0.8,skip,attack_already_active,1785296159.1838756,1785296159183875515,1384827400574238,55.7,53.3515625,-1.0,0,0
2026-07-28T23:36:00.029,10.42.0.47,10.42.0.1|10.42.0.47,39,3,UPLOAD,0.95,UPLOAD,0.95,1,7240,100.0,1,0.0,7240.0,0,1,0.0,1.0,0.24223239554166406,1,0,0,1,1,1,1,1,0.9699999999999999,1.0,1.0,1.0,0.8,trigger,training_upload_trigger_confirmed,1785296160.0299466,1785296160029946523,1384828246645523,7.3,53.3515625,8.102865,1785296160038050956,1384828254748388
2026-07-28T23:36:00.031,10.42.0.47,10.42.0.1|10.42.0.47,39,3,UPLOAD,0.95,UPLOAD,0.95,1,4344,100.0,2,0.0,11584.0,0,2,0.0,1.0,0.21046799249991566,1,0,1,1,1,1,1,1,0.9699999999999999,1.0,1.0,1.0,0.8,skip,attack_already_active,1785296160.0311277,1785296160031127771,1384828247827071,7.3,53.3515625,-1.0,0,0
2026-07-28T23:36:00.032,10.42.0.47,10.42.0.1|10.42.0.47,39,3,UPLOAD,0.95,UPLOAD,0.95,1,2896,100.0,3,0.0,14480.0,0,3,0.0,1.0,0.18296186976038611,1,0,1,1,1,1,1,1,0.9699999999999999,1.0,1.0,1.0,0.8,skip,attack_already_active,1785296160.0328593,1785296160032859432,1384828249558344,7.3,53.3515625,-1.0,0,0
2026-07-28T23:36:00.034,10.42.0.47,10.42.0.1|10.42.0.47,39,3,UPLOAD,0.95,UPLOAD,0.95,1,8688,100.0,4,0.0,23168.0,0,4,0.0,1.0,0.15900300189353972,1,0,1,1,1,1,1,1,0.9699999999999999,1.0,1.0,1.0,0.8,skip,attack_already_active,1785296160.034004,1785296160034003923,1384828250703495,7.3,53.3515625,-1.0,0,0
2026-07-28T23:36:00.037,10.42.0.47,10.42.0.1|10.42.0.47,39,3,UPLOAD,0.95,UPLOAD,0.95,1,4344,100.0,5,0.0,27512.0,0,5,0.0,1.0,0.13851497324899498,1,0,1,1,1,1,1,1,0.9699999999999999,1.0,1.0,1.0,0.8,skip,attack_already_active,1785296160.037529,1785296160037529015,1384828254227967,7.3,53.3515625,-1.0,0,0
2026-07-28T23:36:00.038,10.42.0.47,10.42.0.1|10.42.0.47,39,3,UPLOAD,0.95,UPLOAD,0.95,1,10136,100.0,6,0.0,37648.0,0,6,0.0,1.0,0.1203967030512747,1,0,1,1,1,1,1,1,0.9699999999999999,1.0,1.0,1.0,0.8,skip,attack_already_active,1785296160.0385494,1785296160038549539,1384828255247599,7.3,53.3515625,-1.0,0,0
2026-07-28T23:36:00.039,10.42.0.47,10.42.0.1|10.42.0.47,39,3,UPLOAD,0.95,UPLOAD,0.95,1,5792,100.0,7,0.0,43440.0,0,7,0.0,1.0,0.10462049718831887,1,0,1,1,1,1,1,1,0.9699999999999999,1.0,1.0,1.0,0.8,skip,attack_already_active,1785296160.0392249,1785296160039224901,1384828255923115,7.3,53.3515625,-1.0,0,0
2026-07-28T23:36:00.039,10.42.0.47,10.42.0.1|10.42.0.47,39,3,UPLOAD,0.95,UPLOAD,0.95,1,4344,100.0,8,0.0,47784.0,0,8,0.0,1.0,0.0909213388410225,1,0,1,1,1,1,1,1,0.9699999999999999,1.0,1.0,1.0,0.8,skip,attack_already_active,1785296160.0398862,1785296160039886229,1384828256584354,7.3,53.3515625,-1.0,0,0
2026-07-28T23:36:00.040,10.42.0.47,10.42.0.1|10.42.0.47,39,3,UPLOAD,0.95,UPLOAD,0.95,1,13032,100.0,9,0.0,60816.0,0,9,0.0,1.0,0.07906416967874358,1,0,1,1,1,1,1,1,0.9699999999999999,1.0,1.0,1.0,0.8,skip,attack_already_active,1785296160.0408268,1785296160040826863,1384828257525052,7.3,53.3515625,-1.0,0,0
2026-07-28T23:36:00.042,10.42.0.47,10.42.0.1|10.42.0.47,39,3,UPLOAD,0.95,UPLOAD,0.95,1,8688,100.0,10,0.0,69504.0,0,10,0.0,1.0,0.06880334072932422,1,0,1,1,1,1,1,1,0.9699999999999999,1.0,1.0,1.0,0.8,skip,attack_already_active,1785296160.0420244,1785296160042024388,1384828258722661,7.3,53.3515625,-1.0,0,0
2026-07-28T23:36:00.043,10.42.0.47,10.42.0.1|10.42.0.47,39,3,UPLOAD,0.95,UPLOAD,0.95,1,10024,100.0,11,0.0,79528.0,0,11,0.0,1.0,0.05988620717896326,1,0,1,1,1,1,1,1,0.9699999999999999,1.0,1.0,1.0,0.8,skip,attack_already_active,1785296160.043158,1785296160043158107,1384828259856907,7.3,53.3515625,-1.0,0,0
2026-07-28T23:36:00.044,10.42.0.1,10.42.0.1|10.42.0.47,39,3,UPLOAD,0.9677138395759396,UPLOAD,0.9677138395759396,1,7240,100.0,27,0.0,248497.0,0,27,0.0,1.0,0.11652703565368797,1,0,1,1,1,1,1,1,0.9699999999999999,1.0,1.0,1.0,0.8,skip,attack_already_active,1785296160.0446827,1785296160044682840,1384828261381487,7.3,53.3515625,-1.0,0,0
2026-07-28T23:36:00.045,10.42.0.1,10.42.0.1|10.42.0.47,39,3,UPLOAD,0.9850100340401241,UPLOAD,0.9850100340401241,1,7240,100.0,28,0.0,255737.0,0,28,0.0,1.0,0.10130681118447428,1,0,1,1,1,1,1,1,0.9699999999999999,1.0,1.0,1.0,0.8,skip,attack_already_active,1785296160.0457077,1785296160045707823,1384828262406349,7.3,53.3515625,-1.0,0,0
2026-07-28T23:36:00.068,10.42.0.1,10.42.0.1|10.42.0.47,39,3,UPLOAD,0.9852680911219501,UPLOAD,0.9852680911219501,1,1448,100.0,20,0.0,163176.0,0,20,0.0,1.0,0.09100343039048306,1,0,1,1,1,1,1,1,0.9699999999999999,1.0,1.0,1.0,0.8,skip,attack_already_active,1785296160.068825,1785296160068825125,1384828285524014,7.3,53.3515625,-1.0,0,0
2026-07-28T23:36:00.073,10.42.0.1,10.42.0.1|10.42.0.47,39,3,UPLOAD,0.985008693835331,UPLOAD,0.985008693835331,1,13032,100.0,19,0.0,161728.0,0,19,0.0,1.0,0.0795854990819481,1,0,1,1,1,1,1,1,0.9699999999999999,1.0,1.0,1.0,0.8,skip,attack_already_active,1785296160.073181,1785296160073181001,1384828289879543,7.3,53.3515625,-1.0,0,0
2026-07-28T23:36:00.073,10.42.0.1,10.42.0.1|10.42.0.47,39,3,UPLOAD,0.9850409914975696,UPLOAD,0.9850409914975696,1,13032,100.0,19,0.0,160280.0,0,19,0.0,1.0,0.06918776487478237,1,0,1,1,1,1,1,1,0.9699999999999999,1.0,1.0,1.0,0.8,skip,attack_already_active,1785296160.073861,1785296160073860823,1384828290559031,7.3,53.3515625,-1.0,0,0
2026-07-28T23:36:00.074,10.42.0.1,10.42.0.1|10.42.0.47,39,3,UPLOAD,0.9853846835155813,UPLOAD,0.9853846835155813,1,1448,100.0,20,0.0,161728.0,0,20,0.0,1.0,0.060160720666547714,1,0,1,1,1,1,1,1,0.9699999999999999,1.0,1.0,1.0,0.8,skip,attack_already_active,1785296160.074545,1785296160074544934,1384828291243036,7.3,53.3515625,-1.0,0,0
2026-07-28T23:36:00.075,10.42.0.1,10.42.0.1|10.42.0.47,39,3,UPLOAD,0.9854024294544993,UPLOAD,0.9854024294544993,1,10136,100.0,20,0.0,153040.0,0,20,0.0,1.0,0.05240059167078108,1,0,1,1,1,1,1,1,0.9699999999999999,1.0,1.0,1.0,0.8,skip,attack_already_active,1785296160.0758162,1785296160075816280,1384828292514603,7.3,53.3515625,-1.0,0,0
2026-07-28T23:36:00.076,10.42.0.1,10.42.0.1|10.42.0.47,39,3,UPLOAD,0.9854060566020013,UPLOAD,0.9854060566020013,1,5792,100.0,20,0.0,148696.0,0,20,0.0,1.0,0.045621201465649894,1,0,1,1,1,1,1,1,0.9699999999999999,1.0,1.0,1.0,0.8,skip,attack_already_active,1785296160.0767698,1785296160076769763,1384828293468024,7.3,53.3515625,-1.0,0,0
2026-07-28T23:36:00.077,10.42.0.1,10.42.0.1|10.42.0.47,39,3,UPLOAD,0.9854226382378448,UPLOAD,0.9854226382378448,1,8688,100.0,20,0.0,150256.0,0,20,0.0,1.0,0.03973333958957019,1,0,1,1,1,1,1,1,0.9699999999999999,1.0,1.0,1.0,0.8,skip,attack_already_active,1785296160.0777097,1785296160077709595,1384828294407722,7.3,53.3515625,-1.0,0,0
2026-07-28T23:36:00.078,10.42.0.1,10.42.0.1|10.42.0.47,39,3,UPLOAD,0.98547336473666,UPLOAD,0.98547336473666,1,5792,100.0,21,0.0,156048.0,0,21,0.0,1.0,0.034618645681087044,1,0,1,1,1,1,1,1,0.9699999999999999,1.0,1.0,1.0,0.8,skip,attack_already_active,1785296160.078629,1785296160078629066,1384828295327341,7.3,53.3515625,-1.0,0,0
2026-07-28T23:36:00.079,10.42.0.1,10.42.0.1|10.42.0.47,39,3,UPLOAD,0.9854735940031778,UPLOAD,0.9854735940031778,1,5680,100.0,22,0.0,161728.0,0,22,0.0,1.0,0.030180922506158298,1,0,1,1,1,1,1,1,0.9699999999999999,1.0,1.0,1.0,0.8,skip,attack_already_active,1785296160.079571,1785296160079570922,1384828296269012,7.3,53.3515625,-1.0,0,0
2026-07-28T23:36:00.667,10.42.0.210,10.42.0.1|10.42.0.210|10.42.0.47,39,3,UPLOAD,0.95,UPLOAD,0.95,1,1448,100.0,1,0.0,1448.0,0,1,0.0,1.0,0.4880043605103867,1,0,0,1,1,1,1,1,0.9525,0.95,1.0,1.0,0.8,trigger,training_upload_trigger_confirmed,1785296160.6673543,1785296160667354403,1384828884052935,31.8,53.3515625,7.091083,1785296160674446666,1384828891144018
2026-07-28T23:36:00.668,10.42.0.210,10.42.0.1|10.42.0.210|10.42.0.47,39,3,UPLOAD,0.9841010226033655,UPLOAD,0.9841010226033655,1,1448,100.0,2,0.0,2896.0,0,2,0.0,1.0,0.4238008630603085,1,0,1,1,1,1,1,1,0.9699999999999999,1.0,1.0,1.0,0.8,skip,attack_already_active,1785296160.6681361,1785296160668136226,1384828884834408,31.8,53.3515625,-1.0,0,0
2026-07-28T23:36:00.669,10.42.0.210,10.42.0.1|10.42.0.210|10.42.0.47,39,3,UPLOAD,0.9854688349332961,UPLOAD,0.9854688349332961,1,1448,100.0,3,0.0,4344.0,0,3,0.0,1.0,0.36808008521044383,1,0,1,1,1,1,1,1,0.9699999999999999,1.0,1.0,1.0,0.8,skip,attack_already_active,1785296160.6690874,1785296160669087597,1384828885786127,31.8,53.3515625,-1.0,0,0
2026-07-28T23:36:00.669,10.42.0.210,10.42.0.1|10.42.0.210|10.42.0.47,39,3,UPLOAD,0.9855076450773014,UPLOAD,0.9855076450773014,1,1448,100.0,4,0.0,5792.0,0,4,0.0,1.0,0.31967517840280707,1,0,1,1,1,1,1,1,0.9699999999999999,1.0,1.0,1.0,0.8,skip,attack_already_active,1785296160.669836,1785296160669836157,1384828886534441,31.8,53.3515625,-1.0,0,0
2026-07-28T23:36:00.670,10.42.0.210,10.42.0.1|10.42.0.210|10.42.0.47,39,3,UPLOAD,0.9855086980780915,UPLOAD,0.9855086980780915,1,1448,100.0,5,0.0,7240.0,0,5,0.0,1.0,0.2776673702080905,1,0,1,1,1,1,1,1,0.9699999999999999,1.0,1.0,1.0,0.8,skip,attack_already_active,1785296160.6707256,1785296160670725664,1384828887423728,31.8,53.3515625,-1.0,0,0
2026-07-28T23:36:00.671,10.42.0.210,10.42.0.1|10.42.0.210|10.42.0.47,39,3,UPLOAD,0.9855087254685951,UPLOAD,0.9855087254685951,1,1448,100.0,6,0.0,8688.0,0,6,0.0,1.0,0.24116835092883132,1,0,1,1,1,1,1,1,0.9699999999999999,1.0,1.0,1.0,0.8,skip,attack_already_active,1785296160.671412,1785296160671411948,1384828888110118,31.8,53.3515625,-1.0,0,0
2026-07-28T23:36:00.672,10.42.0.210,10.42.0.1|10.42.0.210|10.42.0.47,39,3,UPLOAD,0.9855087261493067,UPLOAD,0.9855087261493067,1,1448,100.0,7,0.0,10136.0,0,7,0.0,1.0,0.20951155045479386,1,0,1,1,1,1,1,1,0.9699999999999999,1.0,1.0,1.0,0.8,skip,attack_already_active,1785296160.6723456,1785296160672345591,1384828889044052,31.8,53.3515625,-1.0,0,0
2026-07-28T23:36:00.673,10.42.0.210,10.42.0.1|10.42.0.210|10.42.0.47,39,3,UPLOAD,0.9855087261653082,UPLOAD,0.9855087261653082,1,1448,100.0,8,0.0,11584.0,0,8,0.0,1.0,0.18199652427417057,1,0,1,1,1,1,1,1,0.9699999999999999,1.0,1.0,1.0,0.8,skip,attack_already_active,1785296160.6730533,1785296160673053114,1384828889751571,31.8,53.3515625,-1.0,0,0
2026-07-28T23:36:00.674,10.42.0.210,10.42.0.1|10.42.0.210|10.42.0.47,39,3,UPLOAD,0.985508726165656,UPLOAD,0.985508726165656,1,1448,100.0,9,0.0,13032.0,0,9,0.0,1.0,0.1581512605264295,1,0,1,1,1,1,1,1,0.9699999999999999,1.0,1.0,1.0,0.8,skip,attack_already_active,1785296160.6740947,1785296160674094566,1384828890794448,31.8,53.3515625,-1.0,0,0
2026-07-28T23:36:00.675,10.42.0.210,10.42.0.1|10.42.0.210|10.42.0.47,39,3,UPLOAD,0.9855087261656625,UPLOAD,0.9855087261656625,1,1448,100.0,10,0.0,14480.0,0,10,0.0,1.0,0.1374858004676341,1,0,1,1,1,1,1,1,0.9699999999999999,1.0,1.0,1.0,0.8,skip,attack_already_active,1785296160.6754215,1785296160675421401,1384828892120477,31.8,53.3515625,-1.0,0,0
2026-07-28T23:36:00.676,10.42.0.210,10.42.0.1|10.42.0.210|10.42.0.47,39,3,UPLOAD,0.9855087261656628,UPLOAD,0.9855087261656628,1,1448,100.0,11,0.0,15928.0,0,11,0.0,1.0,0.11957050804704053,1,0,1,1,1,1,1,1,0.9699999999999999,1.0,1.0,1.0,0.8,skip,attack_already_active,1785296160.676953,1785296160676953129,1384828893651574,31.8,53.3515625,-1.0,0,0
2026-07-28T23:36:00.678,10.42.0.210,10.42.0.1|10.42.0.210|10.42.0.47,39,3,UPLOAD,0.95,UPLOAD,0.95,1,1448,100.0,12,0.0,17376.0,0,12,0.0,1.0,0.10397084684727097,1,0,1,1,1,1,1,1,0.9699999999999999,1.0,1.0,1.0,0.8,skip,attack_already_active,1785296160.678142,1785296160678141936,1384828894840209,31.8,53.3515625,-1.0,0,0
2026-07-28T23:36:00.680,10.42.0.210,10.42.0.1|10.42.0.210|10.42.0.47,39,3,UPLOAD,0.95,UPLOAD,0.95,1,1448,100.0,13,0.0,18824.0,0,13,0.0,1.0,0.09052673030688765,1,0,1,1,1,1,1,1,0.9699999999999999,1.0,1.0,1.0,0.8,skip,attack_already_active,1785296160.6800892,1785296160680089465,1384828896787900,31.8,53.3515625,-1.0,0,0
2026-07-28T23:36:00.681,10.42.0.210,10.42.0.1|10.42.0.210|10.42.0.47,39,3,UPLOAD,0.95,UPLOAD,0.95,1,1448,100.0,14,0.0,20272.0,0,14,0.0,1.0,0.07873481865181291,1,0,1,1,1,1,1,1,0.9699999999999999,1.0,1.0,1.0,0.8,skip,attack_already_active,1785296160.6811304,1785296160681130574,1384828897829018,31.8,53.3515625,-1.0,0,0
2026-07-28T23:36:00.682,10.42.0.210,10.42.0.1|10.42.0.210|10.42.0.47,39,3,UPLOAD,0.95,UPLOAD,0.95,1,1448,100.0,15,0.0,21720.0,0,15,0.0,1.0,0.06855160339648547,1,0,1,1,1,1,1,1,0.9699999999999999,1.0,1.0,1.0,0.8,skip,attack_already_active,1785296160.6825876,1785296160682587629,1384828899285892,31.8,53.3515625,-1.0,0,0
2026-07-28T23:36:00.683,10.42.0.210,10.42.0.1|10.42.0.210|10.42.0.47,39,3,UPLOAD,0.95,UPLOAD,0.95,1,1448,100.0,16,0.0,23168.0,0,16,0.0,1.0,0.05962425485732966,1,0,1,1,1,1,1,1,0.9699999999999999,1.0,1.0,1.0,0.8,skip,attack_already_active,1785296160.683392,1785296160683392063,1384828900090376,31.8,53.3515625,-1.0,0,0
2026-07-28T23:36:00.684,10.42.0.210,10.42.0.1|10.42.0.210|10.42.0.47,39,3,UPLOAD,0.95,UPLOAD,0.95,1,1448,100.0,17,0.0,24616.0,0,17,0.0,1.0,0.05189121089412048,1,0,1,1,1,1,1,1,0.9699999999999999,1.0,1.0,1.0,0.8,skip,attack_already_active,1785296160.6843324,1785296160684332162,1384828901030360,31.8,53.3515625,-1.0,0,0
2026-07-28T23:36:00.684,10.42.0.210,10.42.0.1|10.42.0.210|10.42.0.47,39,3,UPLOAD,0.95,UPLOAD,0.95,1,1448,100.0,18,0.0,26064.0,0,18,0.0,1.0,0.04513345155687278,1,0,1,1,1,1,1,1,0.9699999999999999,1.0,1.0,1.0,0.8,skip,attack_already_active,1785296160.6849408,1785296160684940893,1384828901638940,31.8,53.3515625,-1.0,0,0
2026-07-28T23:36:00.685,10.42.0.210,10.42.0.1|10.42.0.210|10.42.0.47,39,3,UPLOAD,0.95,UPLOAD,0.95,1,1448,100.0,19,0.0,27512.0,0,19,0.0,1.0,0.03929943206202879,1,0,1,1,1,1,1,1,0.9699999999999999,1.0,1.0,1.0,0.8,skip,attack_already_active,1785296160.6858015,1785296160685801347,1384828902499368,31.8,53.3515625,-1.0,0,0
2026-07-28T23:36:00.686,10.42.0.210,10.42.0.1|10.42.0.210|10.42.0.47,39,3,UPLOAD,0.95,UPLOAD,0.95,1,1448,100.0,20,0.0,28960.0,0,20,0.0,1.0,0.03419940823487175,1,0,1,1,1,1,1,1,0.9699999999999999,1.0,1.0,1.0,0.8,skip,attack_already_active,1785296160.6863983,1785296160686398117,1384828903096122,31.8,53.3515625,-1.0,0,0
2026-07-28T23:36:00.687,10.42.0.210,10.42.0.1|10.42.0.210|10.42.0.47,39,3,UPLOAD,0.95,UPLOAD,0.95,1,1448,100.0,21,0.0,30408.0,0,21,0.0,1.0,0.029806310742929637,1,0,1,1,1,1,1,1,0.9699999999999999,1.0,1.0,1.0,0.8,skip,attack_already_active,1785296160.6872597,1785296160687259711,1384828903957806,31.8,53.3515625,-1.0,0,0
2026-07-28T23:36:00.687,10.42.0.210,10.42.0.1|10.42.0.210|10.42.0.47,39,3,UPLOAD,0.95,UPLOAD,0.95,1,1448,100.0,22,0.0,31856.0,0,22,0.0,1.0,0.025960788110154873,1,0,1,1,1,1,1,1,0.9699999999999999,1.0,1.0,1.0,0.8,skip,attack_already_active,1785296160.6878834,1785296160687883360,1384828904581376,31.8,53.3515625,-1.0,0,0
2026-07-28T23:36:00.689,10.42.0.210,10.42.0.1|10.42.0.210|10.42.0.47,39,3,UPLOAD,0.95,UPLOAD,0.95,1,1448,100.0,23,0.0,33304.0,0,23,0.0,1.0,0.022708530923879096,1,0,1,1,1,1,1,1,0.9699999999999999,1.0,1.0,1.0,0.8,skip,attack_already_active,1785296160.6891637,1785296160689163693,1384828905862072,31.8,53.3515625,-1.0,0,0
2026-07-28T23:36:00.690,10.42.0.210,10.42.0.1|10.42.0.210|10.42.0.47,39,3,UPLOAD,0.95,UPLOAD,0.95,1,1448,100.0,24,0.0,34752.0,0,24,0.0,1.0,0.01984600619341519,1,0,1,1,1,1,1,1,0.9699999999999999,1.0,1.0,1.0,0.8,skip,attack_already_active,1785296160.6901493,1785296160690149468,1384828906847879,31.8,53.3515625,-1.0,0,0
2026-07-28T23:36:00.691,10.42.0.210,10.42.0.1|10.42.0.210|10.42.0.47,39,3,UPLOAD,0.95,UPLOAD,0.95,1,1448,100.0,25,0.0,36200.0,0,25,0.0,1.0,0.017422927169769273,1,0,1,1,1,1,1,1,0.9699999999999999,1.0,1.0,1.0,0.8,skip,attack_already_active,1785296160.6916072,1785296160691607227,1384828908305434,31.8,53.3515625,-1.0,0,0
2026-07-28T23:36:00.692,10.42.0.210,10.42.0.1|10.42.0.210|10.42.0.47,39,3,UPLOAD,0.95,UPLOAD,0.95,1,1448,100.0,26,0.0,37648.0,0,26,0.0,1.0,0.015256878648743208,1,0,1,1,1,1,1,1,0.9699999999999999,1.0,1.0,1.0,0.8,skip,attack_already_active,1785296160.6925926,1785296160692592571,1384828909291296,31.8,53.3515625,-1.0,0,0
2026-07-28T23:36:00.694,10.42.0.210,10.42.0.1|10.42.0.210|10.42.0.47,39,3,UPLOAD,0.95,UPLOAD,0.95,1,1448,100.0,27,0.0,39096.0,0,27,0.0,1.0,0.013446823684639977,1,0,1,1,1,1,1,1,0.9699999999999999,1.0,1.0,1.0,0.8,skip,attack_already_active,1785296160.6941135,1785296160694113554,1384828910813063,31.8,53.3515625,-1.0,0,0
2026-07-28T23:36:00.695,10.42.0.210,10.42.0.1|10.42.0.210|10.42.0.47,39,3,UPLOAD,0.95,UPLOAD,0.95,1,1448,100.0,28,0.0,40544.0,0,28,0.0,1.0,0.01181996156679221,1,0,1,1,1,1,1,1,0.9699999999999999,1.0,1.0,1.0,0.8,skip,attack_already_active,1785296160.6952145,1785296160695214695,1384828911913253,31.8,53.3515625,-1.0,0,0
2026-07-28T23:36:00.696,10.42.0.210,10.42.0.1|10.42.0.210|10.42.0.47,39,3,UPLOAD,0.95,UPLOAD,0.95,1,1448,100.0,29,0.0,41992.0,0,29,0.0,1.0,0.010459662777269006,1,0,1,1,1,1,1,1,0.9699999999999999,1.0,1.0,1.0,0.8,skip,attack_already_active,1785296160.6967115,1785296160696711339,1384828913409961,31.8,53.3515625,-1.0,0,0
2026-07-28T23:36:00.697,10.42.0.210,10.42.0.1|10.42.0.210|10.42.0.47,39,3,UPLOAD,0.95,UPLOAD,0.95,1,1448,100.0,30,0.0,43440.0,0,30,0.0,1.0,0.009225583929169594,1,0,1,1,1,1,1,1,0.9699999999999999,1.0,1.0,1.0,0.8,skip,attack_already_active,1785296160.6978061,1785296160697806092,1384828914504457,31.8,53.3515625,-1.0,0,0
2026-07-28T23:36:00.699,10.42.0.210,10.42.0.1|10.42.0.210|10.42.0.47,39,3,UPLOAD,0.95,UPLOAD,0.95,1,1448,100.0,31,0.0,44888.0,0,31,0.0,1.0,0.008208697331277381,1,0,1,1,1,1,1,1,0.9699999999999999,1.0,1.0,1.0,0.8,skip,attack_already_active,1785296160.6993148,1785296160699315051,1384828916013568,31.8,53.3515625,-1.0,0,0
2026-07-28T23:36:00.700,10.42.0.210,10.42.0.1|10.42.0.210|10.42.0.47,39,3,UPLOAD,0.95,UPLOAD,0.95,1,1448,100.0,32,0.0,46336.0,0,32,0.0,1.0,0.007266619889286011,1,0,1,1,1,1,1,1,0.9699999999999999,1.0,1.0,1.0,0.8,skip,attack_already_active,1785296160.7003744,1785296160700374371,1384828917072734,31.8,53.3515625,-1.0,0,0
2026-07-28T23:36:00.701,10.42.0.210,10.42.0.1|10.42.0.210|10.42.0.47,39,3,UPLOAD,0.95,UPLOAD,0.95,1,1448,100.0,33,0.0,47784.0,0,33,0.0,1.0,0.006497883977971384,1,0,1,1,1,1,1,1,0.9699999999999999,1.0,1.0,1.0,0.8,skip,attack_already_active,1785296160.7018073,1785296160701807260,1384828918505588,43.8,53.3515625,-1.0,0,0
2026-07-28T23:36:00.702,10.42.0.210,10.42.0.1|10.42.0.210|10.42.0.47,39,3,UPLOAD,0.95,UPLOAD,0.95,1,1448,100.0,34,0.0,49232.0,0,34,0.0,1.0,0.005771508637507446,1,0,1,1,1,1,1,1,0.9699999999999999,1.0,1.0,1.0,0.8,skip,attack_already_active,1785296160.702793,1785296160702792996,1384828919491391,43.8,53.3515625,-1.0,0,0
2026-07-28T23:36:00.704,10.42.0.210,10.42.0.1|10.42.0.210|10.42.0.47,39,3,UPLOAD,0.95,UPLOAD,0.95,1,1448,100.0,35,0.0,50680.0,0,35,0.0,1.0,0.005201549596144441,1,0,1,1,1,1,1,1,0.9699999999999999,1.0,1.0,1.0,0.8,skip,attack_already_active,1785296160.7042391,1785296160704239175,1384828920937517,43.8,53.3515625,-1.0,0,0
2026-07-28T23:36:00.705,10.42.0.210,10.42.0.1|10.42.0.210|10.42.0.47,39,3,UPLOAD,0.95,UPLOAD,0.95,1,1448,100.0,36,0.0,52128.0,0,36,0.0,1.0,0.004697114272796613,1,0,1,1,1,1,1,1,0.9699999999999999,1.0,1.0,1.0,0.8,skip,attack_already_active,1785296160.7056127,1785296160705612503,1384828922311237,43.8,53.3515625,-1.0,0,0
2026-07-28T23:36:00.706,10.42.0.210,10.42.0.1|10.42.0.210|10.42.0.47,39,3,UPLOAD,0.95,UPLOAD,0.95,1,1448,100.0,37,0.0,53576.0,0,37,0.0,1.0,0.004183654437911331,1,0,1,1,1,1,1,1,0.9699999999999999,1.0,1.0,1.0,0.8,skip,attack_already_active,1785296160.7064133,1785296160706413377,1384828923111689,43.8,53.3515625,-1.0,0,0
2026-07-28T23:36:00.707,10.42.0.210,10.42.0.1|10.42.0.210|10.42.0.47,39,3,UPLOAD,0.95,UPLOAD,0.95,1,1448,100.0,38,0.0,55024.0,0,38,0.0,1.0,0.003713852544061623,1,0,1,1,1,1,1,1,0.9699999999999999,1.0,1.0,1.0,0.8,skip,attack_already_active,1785296160.7070317,1785296160707031723,1384828923729785,43.8,53.3515625,-1.0,0,0
2026-07-28T23:36:00.707,10.42.0.210,10.42.0.1|10.42.0.210|10.42.0.47,39,3,UPLOAD,0.95,UPLOAD,0.95,1,1448,100.0,39,0.0,56472.0,0,39,0.0,1.0,0.0033062098850622406,1,0,1,1,1,1,1,1,0.9699999999999999,1.0,1.0,1.0,0.8,skip,attack_already_active,1785296160.707652,1785296160707652185,1384828924350257,43.8,53.3515625,-1.0,0,0
2026-07-28T23:36:00.709,10.42.0.1,10.42.0.1|10.42.0.210|10.42.0.47,39,3,UPLOAD,0.9827475905526967,UPLOAD,0.9827475905526967,1,7240,100.0,12,0.0,86768.0,0,12,0.0,1.0,0.10919428759554678,1,0,1,1,1,1,1,1,0.9699999999999999,1.0,1.0,1.0,0.8,skip,attack_already_active,1785296160.7093625,1785296160709362410,1384828926060459,43.8,53.3515625,-1.0,0,0
2026-07-28T23:36:00.709,10.42.0.1,10.42.0.1|10.42.0.210|10.42.0.47,39,3,UPLOAD,0.9828270873681134,UPLOAD,0.9828270873681134,1,7240,100.0,13,0.0,94008.0,0,13,0.0,1.0,0.0948821155130241,1,0,1,1,1,1,1,1,0.9699999999999999,1.0,1.0,1.0,0.8,skip,attack_already_active,1785296160.7099457,1785296160709945635,1384828926643590,43.8,53.3515625,-1.0,0,0
2026-07-28T23:36:00.728,10.42.0.1,10.42.0.1|10.42.0.210|10.42.0.47,39,3,UPLOAD,0.9828583558299394,UPLOAD,0.9828583558299394,1,1448,100.0,14,0.0,95456.0,0,14,0.0,1.0,0.08487893273809552,1,0,1,1,1,1,1,1,0.9699999999999999,1.0,1.0,1.0,0.8,skip,attack_already_active,1785296160.7289164,1785296160728916380,1384828945615477,43.8,53.3515625,-1.0,0,0
2026-07-28T23:36:00.790,10.42.0.1,10.42.0.1|10.42.0.210|10.42.0.47,39,3,UPLOAD,0.9831247307109215,UPLOAD,0.9831247307109215,1,14480,100.0,15,0.0,109936.0,0,15,0.0,1.0,0.08180551611984205,1,0,1,1,1,1,1,1,0.9699999999999999,1.0,1.0,1.0,0.8,skip,attack_already_active,1785296160.790472,1785296160790471910,1384829007171112,43.8,53.3515625,-1.0,0,0
2026-07-28T23:36:00.791,10.42.0.1,10.42.0.1|10.42.0.210|10.42.0.47,39,3,UPLOAD,0.9833353765408825,UPLOAD,0.9833353765408825,1,14480,100.0,16,0.0,124416.0,0,16,0.0,1.0,0.07117147763889073,1,0,1,1,1,1,1,1,0.9699999999999999,1.0,1.0,1.0,0.8,skip,attack_already_active,1785296160.7915788,1785296160791578779,1384829008277232,43.8,53.3515625,-1.0,0,0
2026-07-28T23:36:00.792,10.42.0.1,10.42.0.1|10.42.0.210|10.42.0.47,39,3,UPLOAD,0.9824886746969046,UPLOAD,0.9824886746969046,0,43,100.0,16,0.0,124416.0,0,16,0.0,1.0,0.276626450085252,1,0,1,1,1,1,1,1,0.8374999999999999,0.8500000000000001,1.0,0.6000000000000001,0.8,skip,attack_already_active,1785296160.7925978,1785296160792597710,1384829009296194,43.8,53.3515625,-1.0,0,0
2026-07-28T23:36:00.795,10.42.0.1,10.42.0.1|10.42.0.210|10.42.0.47,39,3,UPLOAD,0.9835988378288933,UPLOAD,0.9835988378288933,1,15928,100.0,17,0.0,140344.0,0,17,0.0,1.0,0.2406970277191129,1,0,1,1,1,1,1,1,0.9699999999999999,1.0,1.0,1.0,0.8,skip,attack_already_active,1785296160.7955468,1785296160795546768,1384829012245261,43.8,53.3515625,-1.0,0,0
2026-07-28T23:36:00.799,10.42.0.1,10.42.0.1|10.42.0.210|10.42.0.47,39,3,UPLOAD,0.9836230752535483,UPLOAD,0.9836230752535483,1,14480,100.0,18,0.0,154824.0,0,18,0.0,1.0,0.2095079981332142,1,0,1,1,1,1,1,1,0.9699999999999999,1.0,1.0,1.0,0.8,skip,attack_already_active,1785296160.7995589,1785296160799559016,1384829016257547,43.8,53.3515625,-1.0,0,0
2026-07-28T23:36:00.800,10.42.0.1,10.42.0.1|10.42.0.210|10.42.0.47,39,3,UPLOAD,0.983121416109722,UPLOAD,0.983121416109722,1,4250,100.0,19,0.0,159074.0,0,19,0.0,1.0,0.18203940383347572,1,0,1,1,1,1,1,1,0.9699999999999999,1.0,1.0,1.0,0.8,skip,attack_already_active,1785296160.8006153,1785296160800615497,1384829017313873,43.8,53.3515625,-1.0,0,0
2026-07-28T23:36:01.109,10.42.0.1,,40,1,DOWNLOAD,0.975924585222184,DOWNLOAD,0.975924585222184,-1,1448,54.935082835680184,9,1448.0,79546.0,1,8,0.017877867496357756,0.9821221325036422,0.19980471414508533,0,0,0,0,1,0,0,0,0.44,0.8500000000000001,0.0,0.6000000000000001,0.15,skip,training_upload_trigger_not_confirmed,1785296161.1094532,1785296161109453189,1384829326152067,43.8,53.3515625,-1.0,0,0
2026-07-28T23:36:01.113,10.42.0.1,,40,1,DOWNLOAD,0.95,DOWNLOAD,0.95,-1,5792,10.987016573206212,10,7240.0,79546.0,2,8,0.08342359366718134,0.9165764063328187,0.17399633025253342,0,0,0,0,1,0,0,0,0.44,0.8500000000000001,0.0,0.6000000000000001,0.15,skip,training_upload_trigger_not_confirmed,1785296161.1134052,1785296161113405256,1384829330103761,43.8,53.3515625,-1.0,0,0
2026-07-28T23:36:01.114,10.42.0.1,,40,1,DOWNLOAD,0.95,DOWNLOAD,0.95,-1,7240,5.493508286982492,11,14480.0,79546.0,3,8,0.15399995745857528,0.8460000425414247,0.15121697512535012,0,0,0,0,1,0,0,0,0.44,0.8500000000000001,0.0,0.6000000000000001,0.15,skip,training_upload_trigger_not_confirmed,1785296161.1145353,1785296161114535533,1384829331233984,43.8,53.3515625,-1.0,0,0
2026-07-28T23:36:01.116,10.42.0.1,,40,1,DOWNLOAD,0.95,DOWNLOAD,0.95,-1,7240,3.662338858072636,12,21720.0,79546.0,4,8,0.21448462465190685,0.7855153753480931,0.1315033862468966,0,0,0,0,1,0,0,0,0.4,0.8500000000000001,0.0,0.4,0.15,skip,training_upload_trigger_not_confirmed,1785296161.1161513,1785296161116151219,1384829332850310,43.8,53.3515625,-1.0,0,0
2026-07-28T23:36:01.117,10.42.0.1,,40,1,DOWNLOAD,0.95,DOWNLOAD,0.95,-1,7240,2.7467541435860925,13,28960.0,79546.0,5,8,0.2668976830774335,0.7331023169225664,0.11435160347183591,0,0,0,0,1,0,0,0,0.4,0.8500000000000001,0.0,0.4,0.15,skip,training_upload_trigger_not_confirmed,1785296161.1174946,1785296161117494461,1384829334193850,43.8,53.3515625,-1.0,0,0
2026-07-28T23:36:01.119,10.42.0.1,,40,1,DOWNLOAD,0.95,DOWNLOAD,0.95,-1,7240,2.1974033148840495,14,36200.0,79546.0,6,8,0.312753788467852,0.6872462115321479,0.09958647454168146,0,0,0,0,1,0,0,0,0.4,0.8500000000000001,0.0,0.4,0.15,skip,training_upload_trigger_not_confirmed,1785296161.1197977,1785296161119797874,1384829336496634,43.8,53.3515625,-1.0,0,0
2026-07-28T23:36:01.120,10.42.0.1,,40,1,DOWNLOAD,0.95,DOWNLOAD,0.95,-1,7240,1.831169429078472,15,43440.0,79546.0,7,8,0.3532109345779194,0.6467890654220806,0.08660829151578349,0,0,0,0,1,0,0,0,0.32,0.8500000000000001,0.0,0.0,0.15,skip,training_upload_trigger_not_confirmed,1785296161.1208963,1785296161120896197,1384829337594708,43.8,53.3515625,-1.0,0,0
2026-07-28T23:36:01.122,10.42.0.1,,40,1,DOWNLOAD,0.95,DOWNLOAD,0.95,-1,7240,1.5695737963581378,16,50680.0,79546.0,8,8,0.3891695974690154,0.6108304025309846,0.07535117211258832,0,0,0,0,1,0,0,0,0.32,0.8500000000000001,0.0,0.0,0.15,skip,training_upload_trigger_not_confirmed,1785296161.1220775,1785296161122077538,1384829338775990,43.8,53.3515625,-1.0,0,0
2026-07-28T23:36:01.123,10.42.0.1,,40,1,DOWNLOAD,0.95,DOWNLOAD,0.95,-1,7240,1.373377071816758,17,57920.0,79546.0,9,8,0.42134054966318946,0.5786594503368105,0.0655616820630592,0,0,0,0,1,0,0,0,0.32,0.8500000000000001,0.0,0.0,0.15,skip,training_upload_trigger_not_confirmed,1785296161.123139,1785296161123138841,1384829339837181,43.8,53.3515625,-1.0,0,0
2026-07-28T23:36:01.124,10.42.0.1,,40,1,DOWNLOAD,0.95,DOWNLOAD,0.95,-1,4344,1.2775600668078253,18,62264.0,79546.0,10,8,0.43906635639235597,0.5609336436076441,0.05706090874776206,0,0,0,0,1,0,0,0,0.32,0.8500000000000001,0.0,0.0,0.15,skip,training_upload_trigger_not_confirmed,1785296161.1241906,1785296161124190529,1384829340888983,43.8,53.3515625,-1.0,0,0
2026-07-28T23:36:01.125,10.42.0.1,,40,1,DOWNLOAD,0.95,DOWNLOAD,0.95,-1,10136,1.0987016574572002,19,72400.0,79546.0,11,8,0.4764850670632988,0.5235149329367011,0.04967604754287283,0,0,0,0,1,0,0,0,0.30250000000000005,0.8000000000000002,0.0,0.0,0.15,skip,training_upload_trigger_not_confirmed,1785296161.1252098,1785296161125209828,1384829341908211,43.8,53.3515625,-1.0,0,0
2026-07-28T23:36:01.126,10.42.0.1,,40,1,DOWNLOAD,0.95,DOWNLOAD,0.95,-1,14480,0.9155847145497745,20,86880.0,79546.0,12,8,0.5220338168315047,0.4779661831684953,0.04333168158090014,0,0,0,0,1,0,0,0,0.30250000000000005,0.8000000000000002,0.0,0.0,0.15,skip,training_upload_trigger_not_confirmed,1785296161.1267402,1785296161126740319,1384829343438847,43.8,53.3515625,-1.0,0,0
2026-07-28T23:36:01.127,10.42.0.1,,40,1,DOWNLOAD,0.95,DOWNLOAD,0.95,-1,4344,0.8719854424288347,21,91224.0,79546.0,13,8,0.534192188323476,0.46580781167652396,0.037764433295341265,0,0,0,0,1,0,0,0,0.30250000000000005,0.8000000000000002,0.0,0.0,0.15,skip,training_upload_trigger_not_confirmed,1785296161.1278236,1785296161127823636,1384829344522030,43.8,53.3515625,-1.0,0,0
2026-07-28T23:36:01.128,10.42.0.1,,40,1,DOWNLOAD,0.95,DOWNLOAD,0.95,-1,14480,0.7525353818232751,22,105704.0,79546.0,14,8,0.5706018893387315,0.42939811066126854,0.03292888972884225,0,0,0,0,1,0,0,0,0.28500000000000003,0.7500000000000001,0.0,0.0,0.15,skip,training_upload_trigger_not_confirmed,1785296161.1288924,1785296161128892525,1384829345591375,43.8,53.3515625,-1.0,0,0
2026-07-28T23:36:01.129,10.42.0.1,,40,1,DOWNLOAD,0.95,DOWNLOAD,0.95,-1,14480,0.6618684683513457,23,120184.0,79546.0,15,8,0.6017323386571872,0.3982676613428128,0.028731364201639704,0,0,0,0,1,0,0,0,0.28500000000000003,0.7500000000000001,0.0,0.0,0.15,skip,training_upload_trigger_not_confirmed,1785296161.1299675,1785296161129967462,1384829346666030,43.8,53.3515625,-1.0,0,0
2026-07-28T23:36:01.131,10.42.0.1,,40,1,DOWNLOAD,0.95,DOWNLOAD,0.95,-1,18824,0.572240446596079,24,139008.0,79546.0,16,8,0.6360350302442417,0.3639649697557583,0.025084640477367415,0,0,0,0,1,0,0,0,0.28500000000000003,0.7500000000000001,0.0,0.0,0.15,skip,training_upload_trigger_not_confirmed,1785296161.1310248,1785296161131024817,1384829347723223,43.8,53.3515625,-1.0,0,0
2026-07-28T23:36:01.132,10.42.0.1,,40,1,DOWNLOAD,0.95,DOWNLOAD,0.95,-1,18824,0.5039915859933093,25,157832.0,79546.0,17,8,0.6648973367371871,0.3351026632628129,0.021924996670851085,0,0,0,0,1,0,0,0,0.28500000000000003,0.7500000000000001,0.0,0.0,0.15,skip,training_upload_trigger_not_confirmed,1785296161.1321318,1785296161132131883,1384829348830891,43.8,53.3515625,-1.0,0,0
2026-07-28T23:36:01.133,10.42.0.1,,40,1,DOWNLOAD,0.95,DOWNLOAD,0.95,-1,16920,0.4551936458555255,26,174752.0,79546.0,18,8,0.6871937647956334,0.3128062352043665,0.019186394453256327,0,0,0,0,1,0,0,0,0.28500000000000003,0.7500000000000001,0.0,0.0,0.15,skip,training_upload_trigger_not_confirmed,1785296161.1332743,1785296161133274376,1384829349973036,43.8,53.3515625,-1.0,0,0
2026-07-28T23:36:01.134,10.42.0.210,,40,1,DOWNLOAD,0.9835917456384579,DOWNLOAD,0.9835917456384579,-1,7240,7.799999999060773,40,7240.0,56472.0,1,39,0.11363636363636363,0.8863636363636364,0.0477928847490622,0,0,0,0,0,0,0,0,0.057499999999999996,0.1,0.0,0.0,0.15,skip,training_upload_trigger_not_confirmed,1785296161.1349196,1785296161134919790,1384829351618690,43.8,53.3515625,-1.0,0,0
2026-07-28T23:36:01.136,10.42.0.210,,40,1,DOWNLOAD,0.95,DOWNLOAD,0.95,-1,7240,3.8999999997997237,41,14480.0,56472.0,2,39,0.20408163265306123,0.7959183673469388,0.04165953610062118,0,0,0,0,0,0,0,0,0.057499999999999996,0.1,0.0,0.0,0.15,skip,training_upload_trigger_not_confirmed,1785296161.1361682,1785296161136168242,1384829352866980,43.8,53.3515625,-1.0,0,0
2026-07-28T23:36:01.137,10.42.0.1,,40,1,DOWNLOAD,0.95,DOWNLOAD,0.95,-1,6784,0.43818306011238434,27,181536.0,79546.0,19,8,0.6953217763001662,0.3046782236998338,0.017187941926103907,0,0,0,0,1,0,0,0,0.28500000000000003,0.7500000000000001,0.0,0.0,0.15,skip,training_upload_trigger_not_confirmed,1785296161.137295,1785296161137295085,1384829353993677,43.8,53.3515625,-1.0,0,0
2026-07-28T23:36:01.138,10.42.0.59,,13,1,DOWNLOAD,0.95,DOWNLOAD,0.95,-1,7300,1.3698630135109776e-10,1,7300.0,0.0,1,0,1.0,0.0,1.177207434442756,0,0,0,0,0,0,0,0,0.0225,0.0,0.0,0.0,0.15,skip,training_upload_trigger_not_confirmed,1785296161.1389158,1785296161138915823,1384829355614879,43.8,53.3515625,-1.0,0,0
2026-07-28T23:36:01.140,10.42.0.59,,13,1,DOWNLOAD,0.95,DOWNLOAD,0.95,-1,7300,6.84931506802402e-11,2,14600.0,0.0,2,0,1.0,0.0,1.0222342704943812,0,0,0,0,0,0,0,0,0.0225,0.0,0.0,0.0,0.15,skip,training_upload_trigger_not_confirmed,1785296161.1400747,1785296161140074860,1384829356773511,43.8,53.3515625,-1.0,0,0
2026-07-28T23:36:01.141,10.42.0.1,,40,1,DOWNLOAD,0.95,DOWNLOAD,0.95,-1,14480,0.4058138111204911,28,196016.0,79546.0,20,8,0.7113317511122724,0.28866824888772763,0.015430779347023834,0,0,0,0,1,0,0,0,0.28500000000000003,0.7500000000000001,0.0,0.0,0.15,skip,training_upload_trigger_not_confirmed,1785296161.1411483,1785296161141148319,1384829357847006,43.8,53.3515625,-1.0,0,0
2026-07-28T23:36:01.142,10.42.0.1,,40,1,DOWNLOAD,0.95,DOWNLOAD,0.95,-1,4344,0.3970153723328158,29,200360.0,79546.0,21,8,0.7158117367973534,0.2841882632026466,0.013604343546957805,0,0,0,0,1,0,0,0,0.28500000000000003,0.7500000000000001,0.0,0.0,0.15,skip,training_upload_trigger_not_confirmed,1785296161.1427188,1785296161142718735,1384829359417311,43.8,53.3515625,-1.0,0,0
2026-07-28T23:36:01.144,10.42.0.1,,40,1,DOWNLOAD,0.95,DOWNLOAD,0.95,-1,16946,0.36605524007912316,30,217306.0,79546.0,22,8,0.7320348186975327,0.2679651813024672,0.012025120190395014,0,0,0,0,1,0,0,0,0.28500000000000003,0.7500000000000001,0.0,0.0,0.15,skip,training_upload_trigger_not_confirmed,1785296161.1443388,1785296161144338838,1384829361037425,43.8,53.3515625,-1.0,0,0
2026-07-28T23:36:01.145,10.42.0.1,,40,1,DOWNLOAD,0.95,DOWNLOAD,0.95,-1,21720,0.33279224854479095,31,239026.0,79546.0,23,8,0.7503044837587736,0.24969551624122646,0.010597101093544154,0,0,0,0,1,0,0,0,0.28500000000000003,0.7500000000000001,0.0,0.0,0.15,skip,training_upload_trigger_not_confirmed,1785296161.1455271,1785296161145526928,1384829362227528,43.8,53.3515625,-1.0,0,0
2026-07-28T23:36:01.147,10.42.0.1,,40,1,DOWNLOAD,0.95,DOWNLOAD,0.95,-1,14024,0.31434894289937027,32,253050.0,79546.0,24,8,0.760832962513079,0.23916703748692106,0.009403693492419206,0,0,0,0,1,0,0,0,0.28500000000000003,0.7500000000000001,0.0,0.0,0.15,skip,training_upload_trigger_not_confirmed,1785296161.1470678,1785296161147067946,1384829363767408,43.8,53.3515625,-1.0,0,0
2026-07-28T23:36:01.148,10.42.0.210,,40,1,DOWNLOAD,0.9557926560077417,DOWNLOAD,0.9557926560077417,-1,10136,2.294117647006251,42,24616.0,56472.0,3,39,0.30357142857142855,0.6964285714285714,0.03784967135027732,0,0,0,0,0,0,0,0,0.057499999999999996,0.1,0.0,0.0,0.15,skip,training_upload_trigger_not_confirmed,1785296161.1489158,1785296161148915781,1384829365614733,43.8,53.3515625,-1.0,0,0
2026-07-28T23:36:01.151,10.42.0.210,,40,1,DOWNLOAD,0.9846998846180315,DOWNLOAD,0.9846998846180315,-1,14480,1.4444444444330764,43,39096.0,56472.0,4,39,0.4090909090909091,0.5909090909090909,0.03319149472647464,0,0,0,0,0,0,0,0,0.057499999999999996,0.1,0.0,0.0,0.15,skip,training_upload_trigger_not_confirmed,1785296161.1514158,1785296161151415898,1384829368115129,43.8,53.3515625,-1.0,0,0
2026-07-28T23:36:01.153,10.42.0.145,,17,1,DOWNLOAD,0.95,DOWNLOAD,0.95,-1,14600,6.84931506802402e-11,1,14600.0,0.0,1,0,1.0,0.0,1.411988034523231,0,0,0,0,0,0,0,0,0.0225,0.0,0.0,0.0,0.15,skip,already_attacked_this_round,1785296161.1533265,1785296161153326679,1384829370025357,43.8,53.3515625,-1.0,0,0
2026-07-28T23:36:01.154,10.42.0.145,,17,1,DOWNLOAD,0.95,DOWNLOAD,0.95,-1,14600,3.424657534129292e-11,2,29200.0,0.0,2,0,1.0,0.0,1.226109550150942,0,0,0,0,0,0,0,0,0.0225,0.0,0.0,0.0,0.15,skip,already_attacked_this_round,1785296161.1547341,1785296161154734108,1384829371433045,43.8,53.3515625,-1.0,0,0
2026-07-28T23:36:01.156,10.42.0.59,,13,1,DOWNLOAD,0.95,DOWNLOAD,0.95,-1,14600,3.424657534129292e-11,3,29200.0,0.0,3,0,1.0,0.0,0.8896745440706835,0,0,0,0,0,0,0,0,0.0225,0.0,0.0,0.0,0.15,skip,training_upload_trigger_not_confirmed,1785296161.15635,1785296161156349847,1384829373048416,43.8,53.3515625,-1.0,0,0
2026-07-28T23:36:01.157,10.42.0.59,,13,1,DOWNLOAD,0.9579023210334577,DOWNLOAD,0.9579023210334577,-1,14600,2.2831050227789245e-11,4,43800.0,0.0,4,0,1.0,0.0,0.7725795951341473,0,0,0,0,0,0,0,0,0.0225,0.0,0.0,0.0,0.15,skip,training_upload_trigger_not_confirmed,1785296161.1574233,1785296161157423359,1384829374121868,43.8,53.3515625,-1.0,0,0
2026-07-28T23:36:01.162,10.42.0.47,,40,1,DOWNLOAD,0.95,DOWNLOAD,0.95,-1,2896,3.4530386728408016e-10,1,2896.0,0.0,1,0,1.0,0.0,0.3685699714071742,0,0,0,0,0,0,0,0,0.0225,0.0,0.0,0.0,0.15,skip,training_upload_trigger_not_confirmed,1785296161.162564,1785296161162563985,1384829379263952,43.8,53.3515625,-1.0,0,0
2026-07-28T23:36:01.164,10.42.0.47,,40,1,DOWNLOAD,0.9829981496648164,DOWNLOAD,0.9829981496648164,-1,2896,1.7265193367184875e-10,2,5792.0,0.0,2,0,1.0,0.0,0.3201935058517631,0,0,0,0,0,0,0,0,0.0225,0.0,0.0,0.0,0.15,skip,training_upload_trigger_not_confirmed,1785296161.1640184,1785296161164018530,1384829380717467,43.8,53.3515625,-1.0,0,0
2026-07-28T23:36:01.165,10.42.0.47,,40,1,DOWNLOAD,0.9842257140988042,DOWNLOAD,0.9842257140988042,-1,2896,1.1510128912119e-10,3,8688.0,0.0,3,0,1.0,0.0,0.27814620516343885,0,0,0,0,0,0,0,0,0.0225,0.0,0.0,0.0,0.15,skip,training_upload_trigger_not_confirmed,1785296161.1651266,1785296161165126751,1384829381825302,43.8,53.3515625,-1.0,0,0
2026-07-28T23:36:01.166,10.42.0.47,,40,1,DOWNLOAD,0.9842586901286671,DOWNLOAD,0.9842586901286671,-1,8688,5.7550644563907074e-11,4,17376.0,0.0,4,0,1.0,0.0,0.24164120464386904,0,0,0,0,0,0,0,0,0.0225,0.0,0.0,0.0,0.15,skip,training_upload_trigger_not_confirmed,1785296161.1662464,1785296161166246413,1384829382945094,43.8,53.3515625,-1.0,0,0
2026-07-28T23:36:01.168,10.42.0.47,,40,1,DOWNLOAD,0.9842595481342594,DOWNLOAD,0.9842595481342594,-1,11584,3.453038673913914e-11,5,28960.0,0.0,5,0,1.0,0.0,0.21012216064561198,0,0,0,0,0,0,0,0,0.0225,0.0,0.0,0.0,0.15,skip,training_upload_trigger_not_confirmed,1785296161.1686983,1785296161168698302,1384829385396978,43.8,53.3515625,-1.0,0,0
2026-07-28T23:36:01.170,10.42.0.210,,40,1,DOWNLOAD,0.9854895428954357,DOWNLOAD,0.9854895428954357,-1,18824,0.9750000000004316,44,57920.0,56472.0,5,39,0.5063291139240507,0.4936708860759494,0.03131199984062455,0,0,0,0,0,0,0,0,0.039999999999999994,0.05,0.0,0.0,0.15,skip,training_upload_trigger_not_confirmed,1785296161.1703444,1785296161170344468,1384829387042998,43.8,53.3515625,-1.0,0,0
2026-07-28T23:36:01.171,10.42.0.210,,40,1,DOWNLOAD,0.9855083405864443,DOWNLOAD,0.9855083405864443,-1,1448,0.9512195121959436,45,59368.0,56472.0,6,39,0.5125,0.4875,0.02732992684813227,0,0,0,0,0,0,0,0,0.039999999999999994,0.05,0.0,0.0,0.15,skip,training_upload_trigger_not_confirmed,1785296161.1714375,1785296161171437637,1384829388136323,43.8,53.3515625,-1.0,0,0
2026-07-28T23:36:01.173,10.42.0.210,,40,1,DOWNLOAD,0.9855087208476458,DOWNLOAD,0.9855087208476458,-1,15472,0.754569748800714,46,74840.0,56472.0,7,39,0.5699402948702327,0.43005970512976727,0.023998070830450153,0,0,0,0,0,0,0,0,0.0225,0.0,0.0,0.0,0.15,skip,training_upload_trigger_not_confirmed,1785296161.173483,1785296161173482999,1384829390181548,43.8,53.3515625,-1.0,0,0
2026-07-28T23:36:01.178,10.42.0.59,,13,1,DOWNLOAD,0.9663205564154066,DOWNLOAD,0.9663205564154066,-1,24820,1.4573010783815608e-11,5,68620.0,0.0,5,0,1.0,0.0,0.6735456393839881,0,0,0,0,0,0,0,0,0.0225,0.0,0.0,0.0,0.15,skip,training_upload_trigger_not_confirmed,1785296161.1784616,1785296161178461339,1384829395160110,43.8,53.3515625,-1.0,0,0
2026-07-28T23:36:01.179,10.42.0.59,,13,1,DOWNLOAD,0.9734594941687128,DOWNLOAD,0.9734594941687128,-1,10564,1.2628813901638856e-11,6,79184.0,0.0,6,0,1.0,0.0,0.5849444401517933,0,0,0,0,0,0,0,0,0.0225,0.0,0.0,0.0,0.15,skip,training_upload_trigger_not_confirmed,1785296161.1796372,1785296161179637191,1384829396335732,43.8,53.3515625,-1.0,0,0
2026-07-28T23:36:01.181,10.42.0.145,,17,1,DOWNLOAD,0.95,DOWNLOAD,0.95,-1,29200,1.7123287670939668e-11,3,58400.0,0.0,3,0,1.0,0.0,1.0680272387204914,0,0,0,0,0,0,0,0,0.0225,0.0,0.0,0.0,0.15,skip,already_attacked_this_round,1785296161.1812007,1785296161181200742,1384829397899450,43.8,53.3515625,-1.0,0,0
2026-07-28T23:36:01.182,10.42.0.47,,40,1,DOWNLOAD,0.9842595696464124,DOWNLOAD,0.9842595696464124,-1,5349,2.9146871082539656e-11,6,34309.0,0.0,6,0,1.0,0.0,0.18428850116519402,0,0,0,0,0,0,0,0,0.0225,0.0,0.0,0.0,0.15,skip,training_upload_trigger_not_confirmed,1785296161.182776,1785296161182775940,1384829399474419,43.8,53.3515625,-1.0,0,0
2026-07-28T23:36:01.185,10.42.0.18,,32,1,DOWNLOAD,0.95,DOWNLOAD,0.95,-1,10220,9.784735811175661e-11,1,10220.0,0.0,1,0,1.0,0.0,0.6188732007049429,0,0,0,0,0,0,0,0,0.0225,0.0,0.0,0.0,0.15,skip,training_upload_trigger_not_confirmed,1785296161.1858013,1785296161185801311,1384829402499957,67.9,53.3515625,-1.0,0,0
2026-07-28T23:36:01.186,10.42.0.18,,32,1,DOWNLOAD,0.95,DOWNLOAD,0.95,-1,14600,4.029008863657171e-11,2,24820.0,0.0,2,0,1.0,0.0,0.5374733227063212,0,0,0,0,0,0,0,0,0.0225,0.0,0.0,0.0,0.15,skip,training_upload_trigger_not_confirmed,1785296161.1869533,1785296161186953122,1384829403651485,67.9,53.3515625,-1.0,0,0
2026-07-28T23:36:01.188,10.42.0.18,,32,1,DOWNLOAD,0.95,DOWNLOAD,0.95,-1,17520,2.361832782183235e-11,3,42340.0,0.0,3,0,1.0,0.0,0.4668551023230123,0,0,0,0,0,0,0,0,0.0225,0.0,0.0,0.0,0.15,skip,training_upload_trigger_not_confirmed,1785296161.1885245,1785296161188524458,1384829405222883,67.9,53.3515625,-1.0,0,0
2026-07-28T23:36:01.190,10.42.0.18,,32,1,DOWNLOAD,0.95,DOWNLOAD,0.95,-1,7300,2.014504431869168e-11,4,49640.0,0.0,4,0,1.0,0.0,0.4055395757566851,0,0,0,0,0,0,0,0,0.0225,0.0,0.0,0.0,0.15,skip,training_upload_trigger_not_confirmed,1785296161.190073,1785296161190073124,1384829406771507,67.9,53.3515625,-1.0,0,0
2026-07-28T23:36:01.191,10.42.0.18,,32,1,DOWNLOAD,0.9563986351147268,DOWNLOAD,0.9563986351147268,-1,344,2.0006402048255314e-11,5,49984.0,0.0,5,0,1.0,0.0,0.35223971563461826,0,0,0,0,0,0,0,0,0.0225,0.0,0.0,0.0,0.15,skip,training_upload_trigger_not_confirmed,1785296161.1911347,1785296161191134596,1384829407832898,67.9,53.3515625,-1.0,0,0
2026-07-28T23:36:01.229,10.42.0.1,,40,1,DOWNLOAD,0.893451429391992,DOWNLOAD,0.893451429391992,0,39,0.31434894289937027,32,253050.0,79546.0,24,8,0.760832962513079,0.23916703748692106,0.012183042598130004,0,0,0,0,0,0,0,0,0.0225,0.0,0.0,0.0,0.15,skip,training_upload_trigger_not_confirmed,1785296161.2296927,1785296161229692670,1384829446391343,67.9,53.3515625,-1.0,0,0
2026-07-28T23:36:01.480,10.42.0.59,,13,3,UPLOAD,0.95,UPLOAD,0.95,1,64240,0.811275005053909,7,79184.0,64240.0,6,1,0.5520972780008925,0.4479027219991075,0.8179727456698621,0,0,0,1,1,1,1,1,0.85,1.0,1.0,0.4,0.8,trigger,training_upload_trigger_confirmed,1785296161.4809163,1785296161480916122,1384829697615246,67.9,53.3515625,9.542152,1785296161490460062,1384829707157398
2026-07-28T23:36:01.483,10.42.0.1,10.42.0.1,40,3,UPLOAD,0.95,UPLOAD,0.95,1,7240,0.3429598893525273,33,253050.0,86786.0,24,9,0.7446238773996869,0.2553761226003131,0.010761515151409471,1,0,0,0,1,0,0,0,0.85,1.0,1.0,0.4,0.8,trigger,training_upload_trigger_confirmed,1785296161.4834163,1785296161483416420,1384829700115430,67.9,53.3515625,17.396949,1785296161500815124,1384829717512379
2026-07-28T23:36:01.485,10.42.0.1,10.42.0.1,40,3,UPLOAD,0.95,UPLOAD,0.95,1,5792,0.36584864651505294,34,253050.0,92578.0,24,10,0.7321455437638155,0.2678544562361846,0.009564287104702703,1,0,1,0,1,0,0,0,0.85,1.0,1.0,0.4,0.8,skip,attack_already_active,1785296161.4850924,1785296161485092425,1384829701791308,67.9,53.3515625,-1.0,0,0
2026-07-28T23:36:01.486,10.42.0.145,10.42.0.1,17,3,UPLOAD,0.95,UPLOAD,0.95,1,20440,0.35000000001113013,4,58400.0,20440.0,3,1,0.7407407407407407,0.25925925925925924,1.2399534400407062,0,0,0,1,1,1,1,1,0.85,1.0,1.0,0.4,0.8,skip,already_attacked_this_round,1785296161.486508,1785296161486507675,1384829703206620,67.9,53.3515625,-1.0,0,0
2026-07-28T23:36:01.490,10.42.0.1,10.42.0.1,40,3,UPLOAD,0.95,UPLOAD,0.95,1,2896,0.37729302509631574,35,253050.0,95474.0,24,11,0.7260619067840378,0.2739380932159622,0.008519450758512964,1,0,1,0,1,0,0,0,0.85,1.0,1.0,0.4,0.8,skip,attack_already_active,1785296161.4901001,1785296161490100274,1384829706799186,67.9,53.3515625,-1.0,0,0
2026-07-28T23:36:01.491,10.42.0.145,10.42.0.1,17,3,UPLOAD,0.9841010226033655,UPLOAD,0.9841010226033655,1,52560,1.249999999995719,5,58400.0,73000.0,3,2,0.4444444444444444,0.5555555555555556,1.077186829770657,0,0,0,1,1,1,1,1,0.85,1.0,1.0,0.4,0.8,skip,already_attacked_this_round,1785296161.4912705,1785296161491270636,1384829707969611,67.9,53.3515625,-1.0,0,0
2026-07-28T23:36:01.493,10.42.0.1,10.42.0.1,40,3,UPLOAD,0.95,UPLOAD,0.95,1,14480,0.4345149180026298,36,253050.0,109954.0,24,12,0.6970997564765127,0.3029002435234873,0.007871679894986125,1,0,1,1,1,1,1,1,0.85,1.0,1.0,0.4,0.8,skip,attack_already_active,1785296161.4937038,1785296161493704005,1384829710402747,67.9,53.3515625,-1.0,0,0
2026-07-28T23:36:01.494,10.42.0.1,10.42.0.1,40,3,UPLOAD,0.95,UPLOAD,0.95,1,8688,0.46884805374641825,37,253050.0,118642.0,24,13,0.6808056132496798,0.31919438675032014,0.006979699310805632,1,0,1,1,1,1,1,1,0.85,1.0,1.0,0.4,0.8,skip,attack_already_active,1785296161.4948065,1785296161494806445,1384829711504817,67.9,53.3515625,-1.0,0,0
2026-07-28T23:36:01.496,10.42.0.1,10.42.0.1,40,3,UPLOAD,0.95,UPLOAD,0.95,1,8589,0.5027899624599771,38,253050.0,127231.0,24,14,0.6654289854081588,0.3345710145918413,0.0062673399379361075,1,0,1,1,1,1,1,1,0.9699999999999999,1.0,1.0,1.0,0.8,skip,attack_already_active,1785296161.4963803,1785296161496380495,1384829713078846,67.9,53.3515625,-1.0,0,0
2026-07-28T23:36:01.498,10.42.0.1,10.42.0.1,40,3,UPLOAD,0.95,UPLOAD,0.95,1,11584,0.5485674767850284,39,253050.0,138815.0,24,15,0.645758105469996,0.35424189453000393,0.0057752438715301425,1,0,1,1,1,1,1,1,0.9699999999999999,1.0,1.0,1.0,0.8,skip,attack_already_active,1785296161.4989133,1785296161498913309,1384829715612058,67.9,53.3515625,-1.0,0,0
2026-07-28T23:36:01.499,10.42.0.1,10.42.0.1,40,3,UPLOAD,0.95,UPLOAD,0.95,1,2896,0.5600118553662912,40,253050.0,141711.0,24,16,0.6410207695289049,0.35897923047109515,0.005152733854659902,1,0,1,1,1,1,1,1,0.9699999999999999,1.0,1.0,1.0,0.8,skip,attack_already_active,1785296161.4999645,1785296161499964328,1384829716662748,67.9,53.3515625,-1.0,0,0
2026-07-28T23:36:01.500,10.42.0.1,10.42.0.1,40,3,UPLOAD,0.95,UPLOAD,0.95,1,11584,0.6057893696913424,41,253050.0,153295.0,24,17,0.6227466807761878,0.3772533192238123,0.004580114680890452,1,0,1,1,1,1,1,1,0.9699999999999999,1.0,1.0,1.0,0.8,skip,attack_already_active,1785296161.5007718,1785296161500771875,1384829717470091,67.9,53.3515625,-1.0,0,0
2026-07-28T23:36:01.501,10.42.0.1,10.42.0.1,40,3,UPLOAD,0.95,UPLOAD,0.95,1,5792,0.6286781268538681,42,253050.0,159087.0,24,18,0.6139948609321657,0.38600513906783424,0.004065672479676445,1,0,1,1,1,1,1,1,0.9699999999999999,1.0,1.0,1.0,0.8,skip,attack_already_active,1785296161.501448,1785296161501447862,1384829718145991,67.9,53.3515625,-1.0,0,0
2026-07-28T23:36:01.504,10.42.0.1,10.42.0.1,40,3,UPLOAD,0.95,UPLOAD,0.95,1,21720,0.7145109662133392,43,253050.0,180807.0,24,19,0.5832566951783652,0.4167433048216348,0.003897473765760507,1,0,1,1,1,1,1,1,0.9699999999999999,1.0,1.0,1.0,0.8,skip,attack_already_active,1785296161.5042372,1785296161504237001,1384829720935352,67.9,53.3515625,-1.0,0,0
2026-07-28T23:36:01.504,10.42.0.1,10.42.0.1,40,3,UPLOAD,0.95,UPLOAD,0.95,1,1448,0.7202331555039706,44,253050.0,182255.0,24,20,0.5813165481673769,0.4186834518326231,0.003479144034906013,1,0,1,1,1,1,1,1,0.9699999999999999,1.0,1.0,1.0,0.8,skip,attack_already_active,1785296161.50496,1785296161504960006,1384829721658422,67.9,53.3515625,-1.0,0,0
2026-07-28T23:36:01.506,10.42.0.1,10.42.0.1,40,3,UPLOAD,0.95,UPLOAD,0.95,1,8590,0.7541790160057136,45,253050.0,190845.0,24,21,0.5700672456324131,0.42993275436758693,0.0031826073780897596,1,0,1,1,1,1,1,1,0.9699999999999999,1.0,1.0,1.0,0.8,skip,attack_already_active,1785296161.5061889,1785296161506188702,1384829722887328,67.9,53.3515625,-1.0,0,0
2026-07-28T23:36:01.566,10.42.0.145,10.42.0.1,17,3,UPLOAD,0.9854688349332961,UPLOAD,0.9854688349332961,0,39,1.249999999995719,5,58400.0,73000.0,3,2,0.4444444444444444,0.5555555555555556,0.9411503901912337,0,0,0,1,1,1,1,1,0.8374999999999999,0.8500000000000001,1.0,0.6000000000000001,0.8,skip,already_attacked_this_round,1785296161.5668907,1785296161566890801,1384829783589640,67.9,53.3515625,-1.0,0,0
2026-07-28T23:36:01.626,10.42.0.18,10.42.0.1,32,3,UPLOAD,0.95,UPLOAD,0.95,1,49640,0.9931177976954002,6,49984.0,49640.0,5,1,0.5017264916084477,0.4982735083915522,0.6221991249097493,0,0,0,1,1,1,1,1,0.9699999999999999,1.0,1.0,1.0,0.8,trigger,training_upload_trigger_confirmed,1785296161.626642,1785296161626641841,1384829843340666,67.9,53.3515625,9.462874,1785296161636106236,1384829852803540
2026-07-28T23:36:01.629,10.42.0.18,10.42.0.1,32,3,UPLOAD,0.9841010226033655,UPLOAD,0.9841010226033655,1,29914,1.5915893085669095,7,49984.0,79554.0,5,2,0.3858636075900508,0.6141363924099492,0.5405538469354165,0,0,1,1,1,1,1,1,0.9699999999999999,1.0,1.0,1.0,0.8,skip,attack_already_active,1785296161.6292577,1785296161629257604,1384829845956574,67.9,53.3515625,-1.0,0,0
2026-07-28T23:36:01.630,10.42.0.1,10.42.0.1,40,3,UPLOAD,0.95,UPLOAD,0.95,1,7240,0.7827899624588707,46,253050.0,198085.0,24,22,0.5609185720460615,0.4390814279539384,0.003209569142718632,1,0,1,1,1,1,1,1,0.9699999999999999,1.0,1.0,1.0,0.8,skip,attack_already_active,1785296161.6309993,1785296161630999276,1384829847697689,67.9,53.3515625,-1.0,0,0
2026-07-28T23:36:01.632,10.42.0.1,10.42.0.1,40,3,UPLOAD,0.95,UPLOAD,0.95,1,5792,0.8056787196213963,47,253050.0,203877.0,24,23,0.553808376392728,0.44619162360727205,0.0029334123479827245,1,0,1,1,1,1,1,1,0.9699999999999999,1.0,1.0,1.0,0.8,skip,attack_already_active,1785296161.6321132,1785296161632113263,1384829848811746,67.9,53.3515625,-1.0,0,0
2026-07-28T23:36:01.634,10.42.0.1,10.42.0.1,40,3,UPLOAD,0.95,UPLOAD,0.95,1,2896,0.817123098202659,48,253050.0,206773.0,24,24,0.5503204493903089,0.4496795506096911,0.002914919291155843,1,0,1,1,1,1,1,1,0.9699999999999999,1.0,1.0,1.0,0.8,skip,attack_already_active,1785296161.6349063,1785296161634906481,1384829851605031,67.9,53.3515625,-1.0,0,0
2026-07-28T23:36:01.635,10.42.0.1,10.42.0.1,40,3,UPLOAD,0.95,UPLOAD,0.95,1,11584,0.8629006125277103,49,253050.0,218357.0,24,25,0.5367972898153824,0.46320271018461756,0.0026632006175104903,1,0,1,1,1,1,1,1,0.9699999999999999,1.0,1.0,1.0,0.8,skip,attack_already_active,1785296161.635911,1785296161635910820,1384829852609425,67.9,53.3515625,-1.0,0,0
2026-07-28T23:36:01.636,10.42.0.1,10.42.0.1,40,3,UPLOAD,0.95,UPLOAD,0.95,1,2896,0.8743449911089731,50,253050.0,221253.0,24,26,0.5335197120827825,0.46648028791721746,0.0024482336312722304,1,0,1,1,1,1,1,1,0.9699999999999999,1.0,1.0,1.0,0.8,skip,attack_already_active,1785296161.6369429,1785296161636942960,1384829853641297,67.9,53.3515625,-1.0,0,0
2026-07-28T23:36:01.637,10.42.0.1,10.42.0.1,40,3,UPLOAD,0.95,UPLOAD,0.95,1,11584,0.9201225054340244,51,253050.0,232837.0,24,27,0.5208001037278215,0.4791998962721785,0.0022624106599742487,1,0,1,1,1,1,1,1,0.9699999999999999,1.0,1.0,1.0,0.8,skip,attack_already_active,1785296161.637981,1785296161637980810,1384829854679187,67.9,53.3515625,-1.0,0,0
2026-07-28T23:36:01.640,10.42.0.1,10.42.0.1,40,3,UPLOAD,0.95,UPLOAD,0.95,1,5792,0.94301126259655,52,253050.0,238629.0,24,28,0.5146650558596157,0.48533494414038425,0.0022353213109279624,1,0,1,1,1,1,1,1,0.9699999999999999,1.0,1.0,1.0,0.8,skip,attack_already_active,1785296161.6400378,1785296161640037983,1384829856736462,67.9,53.3515625,-1.0,0,0
2026-07-28T23:36:01.641,10.42.0.1,10.42.0.1,40,3,UPLOAD,0.95,UPLOAD,0.95,1,14480,1.000233155502864,53,253050.0,253109.0,24,29,0.49994171791867775,0.5000582820813223,0.002139133011497665,1,0,1,1,1,1,1,1,0.9699999999999999,1.0,1.0,1.0,0.8,skip,attack_already_active,1785296161.6415431,1785296161641543199,1384829858241662,67.9,53.3515625,-1.0,0,0
2026-07-28T23:36:01.643,10.42.0.1,10.42.0.1,40,3,UPLOAD,0.95,UPLOAD,0.95,1,8688,1.0345662912466527,54,253050.0,261797.0,24,30,0.49150524330529266,0.5084947566947073,0.002065076536093045,1,0,1,1,1,1,1,1,0.9699999999999999,1.0,1.0,1.0,0.8,skip,attack_already_active,1785296161.6431203,1785296161643120265,1384829859818552,67.9,53.3515625,-1.0,0,0
2026-07-28T23:36:01.646,10.42.0.1,10.42.0.1,40,3,UPLOAD,0.95,UPLOAD,0.95,1,5792,1.0574550484091783,55,253050.0,267589.0,24,31,0.48603735025612754,0.5139626497438724,0.0022950035286746495,1,0,1,1,1,1,1,1,0.9699999999999999,1.0,1.0,1.0,0.8,skip,attack_already_active,1785296161.6469302,1785296161646930259,1384829863628700,67.9,53.3515625,-1.0,0,0
2026-07-28T23:36:01.647,10.42.0.1,10.42.0.1,40,3,UPLOAD,0.95,UPLOAD,0.95,1,2797,1.0685081999602113,56,253050.0,270386.0,24,32,0.4834401913509961,0.5165598086490039,0.0021322627810568683,1,0,1,1,1,1,1,1,0.9699999999999999,1.0,1.0,1.0,0.8,skip,attack_already_active,1785296161.6479902,1785296161647990253,1384829864688610,67.9,53.3515625,-1.0,0,0
2026-07-28T23:36:01.710,10.42.0.18,10.42.0.1,32,3,UPLOAD,0.9854688349332961,UPLOAD,0.9854688349332961,0,39,1.5915893085669095,7,49984.0,79554.0,5,2,0.3858636075900508,0.6141363924099492,0.4752881708950828,0,0,1,1,1,1,1,1,0.8374999999999999,0.8500000000000001,1.0,0.6000000000000001,0.8,skip,attack_already_active,1785296161.7104957,1785296161710495714,1384829927194440,67.9,53.3515625,-1.0,0,0
2026-07-28T23:36:01.890,10.42.0.59,10.42.0.1,13,3,UPLOAD,0.9841010226033655,UPLOAD,0.9841010226033655,0,39,0.811275005053909,7,79184.0,64240.0,6,1,0.5520972780008925,0.4479027219991075,0.7176696910278311,0,0,1,0,0,0,0,0,0.4375,0.05,1.0,0.0,0.8,skip,attack_already_active,1785296161.8900785,1785296161890078418,1384830106776754,46.8,53.3515625,-1.0,0,0
2026-07-28T23:36:01.896,10.42.0.210,10.42.0.1,40,2,TRAINING,0.9293977297375461,TRAINING,0.9293977297375461,0,43,1.3361838588811307e-11,7,74840.0,0.0,7,0,1.0,0.0,0.1656475189262029,0,0,0,0,0,0,0,0,0.0225,0.0,0.0,0.0,0.15,skip,training_upload_trigger_not_confirmed,1785296161.8960116,1785296161896011511,1384830112709961,46.8,53.3515625,-1.0,0,0
2026-07-28T23:36:02.975,10.42.0.210,10.42.0.1|10.42.0.210,40,3,UPLOAD,0.95,UPLOAD,0.95,1,1448,100.0,1,0.0,1448.0,0,1,0.0,1.0,0.2860794898061856,1,0,0,1,1,1,1,1,0.9525,0.95,1.0,1.0,0.8,trigger,training_upload_trigger_confirmed,1785296162.975584,1785296162975584068,1384831192282507,5.6,53.3515625,9.418436,1785296162985003578,1384831201700943
2026-07-28T23:36:02.977,10.42.0.210,10.42.0.1|10.42.0.210,40,3,UPLOAD,0.9841010226033655,UPLOAD,0.9841010226033655,1,1448,100.0,2,0.0,2896.0,0,2,0.0,1.0,0.24857435750807744,1,0,1,1,1,1,1,1,0.9699999999999999,1.0,1.0,1.0,0.8,skip,attack_already_active,1785296162.9770474,1785296162977047644,1384831193746613,5.6,53.3515625,-1.0,0,0
2026-07-28T23:36:02.978,10.42.0.210,10.42.0.1|10.42.0.210,40,3,UPLOAD,0.9854688349332961,UPLOAD,0.9854688349332961,1,1448,100.0,3,0.0,4344.0,0,3,0.0,1.0,0.21603098576892188,1,0,1,1,1,1,1,1,0.9699999999999999,1.0,1.0,1.0,0.8,skip,attack_already_active,1785296162.9786592,1785296162978658968,1384831195357625,5.6,53.3515625,-1.0,0,0
2026-07-28T23:36:02.980,10.42.0.210,10.42.0.1|10.42.0.210,40,3,UPLOAD,0.9855076450773014,UPLOAD,0.9855076450773014,1,1448,100.0,4,0.0,5792.0,0,4,0.0,1.0,0.1877625842886027,1,0,1,1,1,1,1,1,0.9699999999999999,1.0,1.0,1.0,0.8,skip,attack_already_active,1785296162.980169,1785296162980169005,1384831196867848,5.6,53.3515625,-1.0,0,0
2026-07-28T23:36:02.981,10.42.0.210,10.42.0.1|10.42.0.210,40,3,UPLOAD,0.9855086980780915,UPLOAD,0.9855086980780915,1,1448,100.0,5,0.0,7240.0,0,5,0.0,1.0,0.16321427243473216,1,0,1,1,1,1,1,1,0.9699999999999999,1.0,1.0,1.0,0.8,skip,attack_already_active,1785296162.9816413,1785296162981641172,1384831198339513,5.6,53.3515625,-1.0,0,0
2026-07-28T23:36:02.983,10.42.0.210,10.42.0.1|10.42.0.210,40,3,UPLOAD,0.9855087254685951,UPLOAD,0.9855087254685951,1,1448,100.0,6,0.0,8688.0,0,6,0.0,1.0,0.14189882203369578,1,0,1,1,1,1,1,1,0.9699999999999999,1.0,1.0,1.0,0.8,skip,attack_already_active,1785296162.9830985,1785296162983098533,1384831199796875,5.6,53.3515625,-1.0,0,0
2026-07-28T23:36:02.984,10.42.0.210,10.42.0.1|10.42.0.210,40,3,UPLOAD,0.9855087261493067,UPLOAD,0.9855087261493067,1,1448,100.0,7,0.0,10136.0,0,7,0.0,1.0,0.12337881993905798,1,0,1,1,1,1,1,1,0.9699999999999999,1.0,1.0,1.0,0.8,skip,attack_already_active,1785296162.9844542,1785296162984454148,1384831201152656,5.6,53.3515625,-1.0,0,0
2026-07-28T23:36:02.985,10.42.0.210,10.42.0.1|10.42.0.210,40,3,UPLOAD,0.9855087261653082,UPLOAD,0.9855087261653082,1,1448,100.0,8,0.0,11584.0,0,8,0.0,1.0,0.10730003530194457,1,0,1,1,1,1,1,1,0.9699999999999999,1.0,1.0,1.0,0.8,skip,attack_already_active,1785296162.9858155,1785296162985815657,1384831202514010,5.6,53.3515625,-1.0,0,0
2026-07-28T23:36:02.987,10.42.0.210,10.42.0.1|10.42.0.210,40,3,UPLOAD,0.985508726165656,UPLOAD,0.985508726165656,1,1448,100.0,9,0.0,13032.0,0,9,0.0,1.0,0.0933457105333081,1,0,1,1,1,1,1,1,0.9699999999999999,1.0,1.0,1.0,0.8,skip,attack_already_active,1785296162.98722,1785296162987220055,1384831203918416,5.6,53.3515625,-1.0,0,0
2026-07-28T23:36:02.989,10.42.0.210,10.42.0.1|10.42.0.210,40,3,UPLOAD,0.9855087261656625,UPLOAD,0.9855087261656625,1,1448,100.0,10,0.0,14480.0,0,10,0.0,1.0,0.08129106516022701,1,0,1,1,1,1,1,1,0.9699999999999999,1.0,1.0,1.0,0.8,skip,attack_already_active,1785296162.9890864,1785296162989086548,1384831205785152,5.6,53.3515625,-1.0,0,0
2026-07-28T23:36:02.990,10.42.0.210,10.42.0.1|10.42.0.210,40,3,UPLOAD,0.95,UPLOAD,0.95,1,1448,100.0,11,0.0,15928.0,0,11,0.0,1.0,0.07077112754908965,1,0,1,1,1,1,1,1,0.9699999999999999,1.0,1.0,1.0,0.8,skip,attack_already_active,1785296162.9905446,1785296162990544664,1384831207243002,5.6,53.3515625,-1.0,0,0
2026-07-28T23:36:02.992,10.42.0.210,10.42.0.1|10.42.0.210,40,3,UPLOAD,0.95,UPLOAD,0.95,1,1448,100.0,12,0.0,17376.0,0,12,0.0,1.0,0.061638988584937285,1,0,1,1,1,1,1,1,0.9699999999999999,1.0,1.0,1.0,0.8,skip,attack_already_active,1785296162.9920144,1785296162992014411,1384831208712793,5.6,53.3515625,-1.0,0,0
2026-07-28T23:36:02.993,10.42.0.210,10.42.0.1|10.42.0.210,40,3,UPLOAD,0.95,UPLOAD,0.95,1,1448,100.0,13,0.0,18824.0,0,13,0.0,1.0,0.05370665078877688,1,0,1,1,1,1,1,1,0.9699999999999999,1.0,1.0,1.0,0.8,skip,attack_already_active,1785296162.993457,1785296162993457244,1384831210155754,5.6,53.3515625,-1.0,0,0
2026-07-28T23:36:02.995,10.42.0.210,10.42.0.1|10.42.0.210,40,3,UPLOAD,0.95,UPLOAD,0.95,1,1448,100.0,14,0.0,20272.0,0,14,0.0,1.0,0.04684636028628103,1,0,1,1,1,1,1,1,0.9699999999999999,1.0,1.0,1.0,0.8,skip,attack_already_active,1785296162.995103,1785296162995103040,1384831211802068,5.6,53.3515625,-1.0,0,0
2026-07-28T23:36:02.996,10.42.0.210,10.42.0.1|10.42.0.210,40,3,UPLOAD,0.95,UPLOAD,0.95,1,1448,100.0,15,0.0,21720.0,0,15,0.0,1.0,0.0409176968868154,1,0,1,1,1,1,1,1,0.9699999999999999,1.0,1.0,1.0,0.8,skip,attack_already_active,1785296162.9969583,1785296162996958294,1384831213658169,5.6,53.3515625,-1.0,0,0
2026-07-28T23:36:02.998,10.42.0.210,10.42.0.1|10.42.0.210,40,3,UPLOAD,0.95,UPLOAD,0.95,1,1448,100.0,16,0.0,23168.0,0,16,0.0,1.0,0.03574627700148452,1,0,1,1,1,1,1,1,0.9699999999999999,1.0,1.0,1.0,0.8,skip,attack_already_active,1785296162.9986315,1785296162998631530,1384831215330315,5.6,53.3515625,-1.0,0,0
2026-07-28T23:36:03.000,10.42.0.210,10.42.0.1|10.42.0.210,40,3,UPLOAD,0.95,UPLOAD,0.95,1,1448,100.0,17,0.0,24616.0,0,17,0.0,1.0,0.03128094953000303,1,0,1,1,1,1,1,1,0.9699999999999999,1.0,1.0,1.0,0.8,skip,attack_already_active,1785296163.0004916,1785296163000491535,1384831217190337,5.6,53.3515625,-1.0,0,0
2026-07-28T23:36:03.001,10.42.0.210,10.42.0.1|10.42.0.210,40,3,UPLOAD,0.95,UPLOAD,0.95,1,1448,100.0,18,0.0,26064.0,0,18,0.0,1.0,0.027353016223903636,1,0,1,1,1,1,1,1,0.9699999999999999,1.0,1.0,1.0,0.8,skip,attack_already_active,1785296163.0019646,1785296163001964544,1384831218663116,5.6,53.3515625,-1.0,0,0
2026-07-28T23:36:03.002,10.42.0.210,10.42.0.1|10.42.0.210,40,3,UPLOAD,0.95,UPLOAD,0.95,1,1448,100.0,19,0.0,27512.0,0,19,0.0,1.0,0.023880634716468386,1,0,1,1,1,1,1,1,0.9699999999999999,1.0,1.0,1.0,0.8,skip,attack_already_active,1785296163.0029666,1785296163002966617,1384831219665050,5.6,53.3515625,-1.0,0,0
2026-07-28T23:36:03.004,10.42.0.210,10.42.0.1|10.42.0.210,40,3,UPLOAD,0.95,UPLOAD,0.95,1,1448,100.0,20,0.0,28960.0,0,20,0.0,1.0,0.020932052488837522,1,0,1,1,1,1,1,1,0.9699999999999999,1.0,1.0,1.0,0.8,skip,attack_already_active,1785296163.0044713,1785296163004471176,1384831221169755,5.6,53.3515625,-1.0,0,0
2026-07-28T23:36:03.005,10.42.0.210,10.42.0.1|10.42.0.210,40,3,UPLOAD,0.95,UPLOAD,0.95,1,1448,100.0,21,0.0,30408.0,0,21,0.0,1.0,0.018317351699927466,1,0,1,1,1,1,1,1,0.9699999999999999,1.0,1.0,1.0,0.8,skip,attack_already_active,1785296163.005561,1785296163005561023,1384831222259403,5.6,53.3515625,-1.0,0,0
2026-07-28T23:36:03.007,10.42.0.210,10.42.0.1|10.42.0.210,40,3,UPLOAD,0.95,UPLOAD,0.95,1,1448,100.0,22,0.0,31856.0,0,22,0.0,1.0,0.01609615015486318,1,0,1,1,1,1,1,1,0.9699999999999999,1.0,1.0,1.0,0.8,skip,attack_already_active,1785296163.0070224,1785296163007022365,1384831223720851,5.6,53.3515625,-1.0,0,0
2026-07-28T23:36:03.008,10.42.0.210,10.42.0.1|10.42.0.210,40,3,UPLOAD,0.95,UPLOAD,0.95,1,1448,100.0,23,0.0,33304.0,0,23,0.0,1.0,0.014108204388263396,1,0,1,1,1,1,1,1,0.9699999999999999,1.0,1.0,1.0,0.8,skip,attack_already_active,1785296163.0080326,1785296163008032449,1384831224730803,5.6,53.3515625,-1.0,0,0
2026-07-28T23:36:03.009,10.42.0.210,10.42.0.1|10.42.0.210,40,3,UPLOAD,0.95,UPLOAD,0.95,1,1448,100.0,24,0.0,34752.0,0,24,0.0,1.0,0.012447190471005702,1,0,1,1,1,1,1,1,0.9699999999999999,1.0,1.0,1.0,0.8,skip,attack_already_active,1785296163.0095358,1785296163009535683,1384831226234175,5.6,53.3515625,-1.0,0,0
2026-07-28T23:36:03.010,10.42.0.210,10.42.0.1|10.42.0.210,40,3,UPLOAD,0.95,UPLOAD,0.95,1,1448,100.0,25,0.0,36200.0,0,25,0.0,1.0,0.010998992206392647,1,0,1,1,1,1,1,1,0.9699999999999999,1.0,1.0,1.0,0.8,skip,attack_already_active,1785296163.010993,1785296163010992842,1384831227691724,5.6,53.3515625,-1.0,0,0
2026-07-28T23:36:03.012,10.42.0.210,10.42.0.1|10.42.0.210,40,3,UPLOAD,0.95,UPLOAD,0.95,1,1448,100.0,26,0.0,37648.0,0,26,0.0,1.0,0.009715458736616776,1,0,1,1,1,1,1,1,0.9699999999999999,1.0,1.0,1.0,0.8,skip,attack_already_active,1785296163.0122516,1785296163012251624,1384831228951345,5.6,53.3515625,-1.0,0,0
2026-07-28T23:36:03.013,10.42.0.210,10.42.0.1|10.42.0.210,40,3,UPLOAD,0.95,UPLOAD,0.95,1,1448,100.0,27,0.0,39096.0,0,27,0.0,1.0,0.008652021363163438,1,0,1,1,1,1,1,1,0.9699999999999999,1.0,1.0,1.0,0.8,skip,attack_already_active,1785296163.013897,1785296163013897073,1384831230595666,5.6,53.3515625,-1.0,0,0
2026-07-28T23:36:03.015,10.42.0.210,10.42.0.1|10.42.0.210,40,3,UPLOAD,0.95,UPLOAD,0.95,1,1448,100.0,28,0.0,40544.0,0,28,0.0,1.0,0.007737483362055016,1,0,1,1,1,1,1,1,0.9699999999999999,1.0,1.0,1.0,0.8,skip,attack_already_active,1785296163.0156088,1785296163015608943,1384831232307277,5.6,53.3515625,-1.0,0,0
2026-07-28T23:36:03.016,10.42.0.210,10.42.0.1|10.42.0.210,40,3,UPLOAD,0.95,UPLOAD,0.95,1,1448,100.0,29,0.0,41992.0,0,29,0.0,1.0,0.00684973977258549,1,0,1,1,1,1,1,1,0.9699999999999999,1.0,1.0,1.0,0.8,skip,attack_already_active,1785296163.0166094,1785296163016609466,1384831233307714,5.6,53.3515625,-1.0,0,0
2026-07-28T23:36:03.018,10.42.0.210,10.42.0.1|10.42.0.210,40,3,UPLOAD,0.95,UPLOAD,0.95,1,1448,100.0,30,0.0,43440.0,0,30,0.0,1.0,0.0061968250965577405,1,0,1,1,1,1,1,1,0.9699999999999999,1.0,1.0,1.0,0.8,skip,attack_already_active,1785296163.0185044,1785296163018504432,1384831235202899,5.6,53.3515625,-1.0,0,0
2026-07-28T23:36:03.019,10.42.0.210,10.42.0.1|10.42.0.210,40,3,UPLOAD,0.95,UPLOAD,0.95,1,1448,100.0,31,0.0,44888.0,0,31,0.0,1.0,0.005569783427843633,1,0,1,1,1,1,1,1,0.9699999999999999,1.0,1.0,1.0,0.8,skip,attack_already_active,1785296163.0199428,1785296163019942654,1384831236641304,5.6,53.3515625,-1.0,0,0
2026-07-28T23:36:03.020,10.42.0.210,10.42.0.1|10.42.0.210,40,3,UPLOAD,0.95,UPLOAD,0.95,1,1448,100.0,32,0.0,46336.0,0,32,0.0,1.0,0.004966085054133561,1,0,1,1,1,1,1,1,0.9699999999999999,1.0,1.0,1.0,0.8,skip,attack_already_active,1785296163.0209312,1785296163020931369,1384831237629794,5.6,53.3515625,-1.0,0,0
2026-07-28T23:36:03.022,10.42.0.210,10.42.0.1|10.42.0.210,40,3,UPLOAD,0.95,UPLOAD,0.95,1,1448,100.0,33,0.0,47784.0,0,33,0.0,1.0,0.004508732278830339,1,0,1,1,1,1,1,1,0.9699999999999999,1.0,1.0,1.0,0.8,skip,attack_already_active,1785296163.0224266,1785296163022426739,1384831239125379,5.6,53.3515625,-1.0,0,0
2026-07-28T23:36:03.023,10.42.0.210,10.42.0.1|10.42.0.210,40,3,UPLOAD,0.95,UPLOAD,0.95,1,1448,100.0,34,0.0,49232.0,0,34,0.0,1.0,0.004045670211159808,1,0,1,1,1,1,1,1,0.9699999999999999,1.0,1.0,1.0,0.8,skip,attack_already_active,1785296163.0234213,1785296163023421291,1384831240120062,5.6,53.3515625,-1.0,0,0
2026-07-28T23:36:03.024,10.42.0.210,10.42.0.1|10.42.0.210,40,3,UPLOAD,0.95,UPLOAD,0.95,1,1448,100.0,35,0.0,50680.0,0,35,0.0,1.0,0.003641711435094017,1,0,1,1,1,1,1,1,0.9699999999999999,1.0,1.0,1.0,0.8,skip,attack_already_active,1785296163.0244014,1785296163024401484,1384831241099824,5.6,53.3515625,-1.0,0,0
2026-07-28T23:36:03.025,10.42.0.210,10.42.0.1|10.42.0.210,40,3,UPLOAD,0.95,UPLOAD,0.95,1,1448,100.0,36,0.0,52128.0,0,36,0.0,1.0,0.0032896331604471375,1,0,1,1,1,1,1,1,0.9699999999999999,1.0,1.0,1.0,0.8,skip,attack_already_active,1785296163.0253713,1785296163025371272,1384831242069512,5.6,53.3515625,-1.0,0,0
2026-07-28T23:36:03.028,10.42.0.1,10.42.0.1|10.42.0.210,40,3,UPLOAD,0.9653411236514271,UPLOAD,0.9653411236514271,1,7240,100.0,1,0.0,7240.0,0,1,0.0,1.0,0.10129050469035115,1,0,1,1,1,1,1,1,0.9699999999999999,1.0,1.0,1.0,0.8,skip,attack_already_active,1785296163.0282216,1785296163028221652,1384831244920028,5.6,53.3515625,-1.0,0,0
2026-07-28T23:36:03.029,10.42.0.1,10.42.0.1|10.42.0.210,40,3,UPLOAD,0.9709081154806819,UPLOAD,0.9709081154806819,1,7240,100.0,2,0.0,14480.0,0,2,0.0,1.0,0.08807366754757123,1,0,1,1,1,1,1,1,0.9699999999999999,1.0,1.0,1.0,0.8,skip,attack_already_active,1785296163.0292132,1785296163029213242,1384831245911744,5.6,53.3515625,-1.0,0,0
2026-07-28T23:36:03.035,10.42.0.1,10.42.0.1|10.42.0.210,40,3,UPLOAD,0.9725148552703365,UPLOAD,0.9725148552703365,1,1448,100.0,3,0.0,15928.0,0,3,0.0,1.0,0.07723539870301661,1,0,1,1,1,1,1,1,0.9699999999999999,1.0,1.0,1.0,0.8,skip,attack_already_active,1785296163.0350382,1785296163035038222,1384831251736833,5.6,53.3515625,-1.0,0,0
2026-07-28T23:36:03.043,10.42.0.1,10.42.0.1|10.42.0.210,40,3,UPLOAD,0.9738949750775269,UPLOAD,0.9738949750775269,1,14480,100.0,4,0.0,30408.0,0,4,0.0,1.0,0.0682244960818877,1,0,1,1,1,1,1,1,0.9699999999999999,1.0,1.0,1.0,0.8,skip,attack_already_active,1785296163.0438924,1785296163043892422,1384831260591069,5.6,53.3515625,-1.0,0,0
2026-07-28T23:36:03.044,10.42.0.1,10.42.0.1|10.42.0.210,40,3,UPLOAD,0.9751506201037072,UPLOAD,0.9751506201037072,1,14480,100.0,5,0.0,44888.0,0,5,0.0,1.0,0.05937823567061627,1,0,1,1,1,1,1,1,0.9699999999999999,1.0,1.0,1.0,0.8,skip,attack_already_active,1785296163.044985,1785296163044984969,1384831261683271,5.6,53.3515625,-1.0,0,0
2026-07-28T23:36:03.045,10.42.0.1,10.42.0.1|10.42.0.210,40,3,UPLOAD,0.9762606586653602,UPLOAD,0.9762606586653602,1,1448,100.0,6,0.0,46336.0,0,6,0.0,1.0,0.05168336015418247,1,0,1,1,1,1,1,1,0.9699999999999999,1.0,1.0,1.0,0.8,skip,attack_already_active,1785296163.045969,1785296163045968815,1384831262667290,5.6,53.3515625,-1.0,0,0
2026-07-28T23:36:03.047,10.42.0.1,10.42.0.1|10.42.0.210,40,3,UPLOAD,0.9778614146362345,UPLOAD,0.9778614146362345,1,14480,100.0,7,0.0,60816.0,0,7,0.0,1.0,0.04506559049186816,1,0,1,1,1,1,1,1,0.9699999999999999,1.0,1.0,1.0,0.8,skip,attack_already_active,1785296163.047432,1785296163047431967,1384831264130330,5.6,53.3515625,-1.0,0,0
2026-07-28T23:36:03.048,10.42.0.1,10.42.0.1|10.42.0.210,40,3,UPLOAD,0.9788585852384476,UPLOAD,0.9788585852384476,1,18713,100.0,8,0.0,79529.0,0,8,0.0,1.0,0.03932116202810988,1,0,1,1,1,1,1,1,0.9699999999999999,1.0,1.0,1.0,0.8,skip,attack_already_active,1785296163.0489047,1785296163048904735,1384831265603024,5.6,53.3515625,-1.0,0,0
2026-07-28T23:36:03.966,10.42.0.1,10.42.0.1|10.42.0.210,40,3,UPLOAD,0.9778635087945179,UPLOAD,0.9778635087945179,0,43,100.0,8,0.0,79529.0,0,8,0.0,1.0,0.2574892468775403,1,0,1,0,0,0,0,0,0.45499999999999996,0.1,1.0,0.0,0.8,skip,attack_already_active,1785296163.9665473,1785296163966547074,1384832183246682,59.2,53.3515625,-1.0,0,0
2026-07-28T23:36:08.144,10.42.0.47,10.42.0.1|10.42.0.210|10.42.0.47,40,3,UPLOAD,0.95,UPLOAD,0.95,1,7240,100.0,1,0.0,7240.0,0,1,0.0,1.0,1.015661638290234,1,0,0,1,1,1,1,1,0.9699999999999999,1.0,1.0,1.0,0.8,trigger,training_upload_trigger_confirmed,1785296168.1443007,1785296168144300863,1384836360999802,7.7,53.3515625,9.672134,1785296168153974674,1384836370671936
2026-07-28T23:36:08.145,10.42.0.47,10.42.0.1|10.42.0.210|10.42.0.47,40,3,UPLOAD,0.95,UPLOAD,0.95,1,7240,100.0,2,0.0,14480.0,0,2,0.0,1.0,0.8819882443801071,1,0,1,1,1,1,1,1,0.9699999999999999,1.0,1.0,1.0,0.8,skip,attack_already_active,1785296168.145552,1785296168145551998,1384836362251184,7.7,53.3515625,-1.0,0,0
2026-07-28T23:36:08.147,10.42.0.47,10.42.0.1|10.42.0.210|10.42.0.47,40,3,UPLOAD,0.95,UPLOAD,0.95,1,10136,100.0,3,0.0,24616.0,0,3,0.0,1.0,0.7659909178676232,1,0,1,1,1,1,1,1,0.9699999999999999,1.0,1.0,1.0,0.8,skip,attack_already_active,1785296168.1472685,1785296168147268632,1384836363967788,7.7,53.3515625,-1.0,0,0
2026-07-28T23:36:08.148,10.42.0.47,10.42.0.1|10.42.0.210|10.42.0.47,40,3,UPLOAD,0.95,UPLOAD,0.95,1,4344,100.0,4,0.0,28960.0,0,4,0.0,1.0,0.6652660077647512,1,0,1,1,1,1,1,1,0.9699999999999999,1.0,1.0,1.0,0.8,skip,attack_already_active,1785296168.148886,1785296168148885961,1384836365584714,7.7,53.3515625,-1.0,0,0
2026-07-28T23:36:08.150,10.42.0.47,10.42.0.1|10.42.0.210|10.42.0.47,40,3,UPLOAD,0.95,UPLOAD,0.95,1,5792,100.0,5,0.0,34752.0,0,5,0.0,1.0,0.5777577690573162,1,0,1,1,1,1,1,1,0.9699999999999999,1.0,1.0,1.0,0.8,skip,attack_already_active,1785296168.1500762,1785296168150076273,1384836366775254,7.7,53.3515625,-1.0,0,0
2026-07-28T23:36:08.152,10.42.0.47,10.42.0.1|10.42.0.210|10.42.0.47,40,3,UPLOAD,0.95,UPLOAD,0.95,1,8688,100.0,6,0.0,43440.0,0,6,0.0,1.0,0.5019100707044712,1,0,1,1,1,1,1,1,0.9699999999999999,1.0,1.0,1.0,0.8,skip,attack_already_active,1785296168.1522467,1785296168152246696,1384836368945742,7.7,53.3515625,-1.0,0,0
2026-07-28T23:36:08.153,10.42.0.47,10.42.0.1|10.42.0.210|10.42.0.47,40,3,UPLOAD,0.95,UPLOAD,0.95,1,10136,100.0,7,0.0,53576.0,0,7,0.0,1.0,0.43598188622489487,1,0,1,1,1,1,1,1,0.9699999999999999,1.0,1.0,1.0,0.8,skip,attack_already_active,1785296168.153846,1785296168153846036,1384836370544482,7.7,53.3515625,-1.0,0,0
2026-07-28T23:36:08.155,10.42.0.47,10.42.0.1|10.42.0.210|10.42.0.47,40,3,UPLOAD,0.95,UPLOAD,0.95,1,8688,100.0,8,0.0,62264.0,0,8,0.0,1.0,0.3787409448059832,1,0,1,1,1,1,1,1,0.9699999999999999,1.0,1.0,1.0,0.8,skip,attack_already_active,1785296168.1554422,1785296168155442257,1384836372141045,7.7,53.3515625,-1.0,0,0
2026-07-28T23:36:08.156,10.42.0.47,10.42.0.1|10.42.0.210|10.42.0.47,40,3,UPLOAD,0.95,UPLOAD,0.95,1,1448,100.0,9,0.0,63712.0,0,9,0.0,1.0,0.32897956039252335,1,0,1,1,1,1,1,1,0.9699999999999999,1.0,1.0,1.0,0.8,skip,attack_already_active,1785296168.1565578,1785296168156557799,1384836373256376,7.7,53.3515625,-1.0,0,0
2026-07-28T23:36:08.157,10.42.0.47,10.42.0.1|10.42.0.210|10.42.0.47,40,3,UPLOAD,0.95,UPLOAD,0.95,1,8688,100.0,10,0.0,72400.0,0,10,0.0,1.0,0.28577423069449887,1,0,1,1,1,1,1,1,0.9699999999999999,1.0,1.0,1.0,0.8,skip,attack_already_active,1785296168.157664,1785296168157664123,1384836374363068,7.7,53.3515625,-1.0,0,0
2026-07-28T23:36:08.159,10.42.0.47,10.42.0.1|10.42.0.210|10.42.0.47,40,3,UPLOAD,0.95,UPLOAD,0.95,1,7128,100.0,11,0.0,79528.0,0,11,0.0,1.0,0.24831494748288405,1,0,1,1,1,1,1,1,0.9699999999999999,1.0,1.0,1.0,0.8,skip,attack_already_active,1785296168.1591702,1785296168159170042,1384836375868748,7.7,53.3515625,-1.0,0,0
2026-07-28T23:36:08.161,10.42.0.1,10.42.0.1|10.42.0.210|10.42.0.47,40,3,UPLOAD,0.9743272762839146,UPLOAD,0.9743272762839146,1,7240,100.0,1,0.0,7240.0,0,1,0.0,1.0,0.7757020955445142,1,0,0,1,1,1,1,1,0.9699999999999999,1.0,1.0,1.0,0.8,skip,already_attacked_this_round,1785296168.1612906,1785296168161290663,1384836377989354,19.9,53.3515625,-1.0,0,0
2026-07-28T23:36:08.162,10.42.0.1,10.42.0.1|10.42.0.210|10.42.0.47,40,3,UPLOAD,0.9745554477188626,UPLOAD,0.9745554477188626,1,7240,100.0,2,0.0,14480.0,0,2,0.0,1.0,0.6736412628698859,1,0,0,1,1,1,1,1,0.9699999999999999,1.0,1.0,1.0,0.8,skip,already_attacked_this_round,1785296168.1624813,1785296168162481336,1384836379180295,19.9,53.3515625,-1.0,0,0
2026-07-28T23:36:08.271,10.42.0.1,10.42.0.1|10.42.0.210|10.42.0.47,40,3,UPLOAD,0.9748434941783053,UPLOAD,0.9748434941783053,1,14480,100.0,3,0.0,28960.0,0,3,0.0,1.0,0.599199668935622,1,0,0,1,1,1,1,1,0.9699999999999999,1.0,1.0,1.0,0.8,skip,already_attacked_this_round,1785296168.271206,1785296168271205770,1384836487904985,19.9,53.3515625,-1.0,0,0
2026-07-28T23:36:08.272,10.42.0.1,10.42.0.1|10.42.0.210|10.42.0.47,40,3,UPLOAD,0.9748220436357588,UPLOAD,0.9748220436357588,1,14480,100.0,4,0.0,43440.0,0,4,0.0,1.0,0.5203936739217506,1,0,0,1,1,1,1,1,0.9699999999999999,1.0,1.0,1.0,0.8,skip,already_attacked_this_round,1785296168.2723687,1785296168272368680,1384836489067499,19.9,53.3515625,-1.0,0,0
2026-07-28T23:36:08.273,10.42.0.1,10.42.0.1|10.42.0.210|10.42.0.47,40,3,UPLOAD,0.9676734710134443,UPLOAD,0.9676734710134443,0,43,100.0,4,0.0,43440.0,0,4,0.0,1.0,1.0193558663327298,1,0,0,1,1,1,1,1,0.8374999999999999,0.8500000000000001,1.0,0.6000000000000001,0.8,skip,already_attacked_this_round,1785296168.273427,1785296168273426991,1384836490125568,19.9,53.3515625,-1.0,0,0
2026-07-28T23:36:08.276,10.42.0.1,10.42.0.1|10.42.0.210|10.42.0.47,40,3,UPLOAD,0.9547968985016609,UPLOAD,0.9547968985016609,1,8688,100.0,5,0.0,52128.0,0,5,0.0,1.0,0.8855702581179614,1,0,0,1,1,1,1,1,0.9699999999999999,1.0,1.0,1.0,0.8,skip,already_attacked_this_round,1785296168.2764626,1785296168276462673,1384836493161173,19.9,53.3515625,-1.0,0,0
2026-07-28T23:36:08.278,10.42.0.1,10.42.0.1|10.42.0.210|10.42.0.47,40,3,UPLOAD,0.95,UPLOAD,0.95,1,15928,100.0,6,0.0,68056.0,0,6,0.0,1.0,0.7690814976443467,1,0,0,1,1,1,1,1,0.9699999999999999,1.0,1.0,1.0,0.8,skip,already_attacked_this_round,1785296168.2780318,1785296168278031983,1384836494730438,19.9,53.3515625,-1.0,0,0
2026-07-28T23:36:08.281,10.42.0.1,10.42.0.1|10.42.0.210|10.42.0.47,40,3,UPLOAD,0.95,UPLOAD,0.95,1,8688,100.0,7,0.0,76744.0,0,7,0.0,1.0,0.6681450589435829,1,0,0,1,1,1,1,1,0.9699999999999999,1.0,1.0,1.0,0.8,skip,already_attacked_this_round,1785296168.2811346,1785296168281134688,1384836497833401,19.9,53.3515625,-1.0,0,0
2026-07-28T23:36:08.282,10.42.0.1,10.42.0.1|10.42.0.210|10.42.0.47,40,3,UPLOAD,0.95,UPLOAD,0.95,1,2784,100.0,8,0.0,79528.0,0,8,0.0,1.0,0.5803055035433088,1,0,0,1,1,1,1,1,0.9699999999999999,1.0,1.0,1.0,0.8,skip,already_attacked_this_round,1785296168.2826896,1785296168282689515,1384836499387879,19.9,53.3515625,-1.0,0,0
2026-07-28T23:36:08.561,10.42.0.1,10.42.0.1,41,1,DOWNLOAD,0.95,DOWNLOAD,0.95,-1,1448,54.92265189646225,9,1448.0,79528.0,1,8,0.017881841533293814,0.9821181584667061,0.5418005618473646,0,0,0,0,1,0,0,0,0.44,0.8500000000000001,0.0,0.6000000000000001,0.15,skip,training_upload_trigger_not_confirmed,1785296168.5615292,1785296168561528993,1384836778228512,19.9,53.3515625,-1.0,0,0
2026-07-28T23:36:08.564,10.42.0.1,10.42.0.1,41,1,DOWNLOAD,0.9677292971912669,DOWNLOAD,0.9677292971912669,-1,5792,10.984530385361252,10,7240.0,79528.0,2,8,0.08344089987092015,0.9165591001290798,0.47084143802320066,0,0,0,0,1,0,0,0,0.44,0.8500000000000001,0.0,0.6000000000000001,0.15,skip,training_upload_trigger_not_confirmed,1785296168.5648406,1785296168564840572,1384836781540709,19.9,53.3515625,-1.0,0,0
2026-07-28T23:36:08.566,10.42.0.1,10.42.0.1,41,1,DOWNLOAD,0.9828862773561118,DOWNLOAD,0.9828862773561118,-1,7240,5.492265193059926,11,14480.0,79528.0,3,8,0.15402944430261253,0.8459705556973874,0.4089535508001201,0,0,0,0,1,0,0,0,0.44,0.8500000000000001,0.0,0.6000000000000001,0.15,skip,training_upload_trigger_not_confirmed,1785296168.566032,1785296168566031754,1384836782730796,19.9,53.3515625,-1.0,0,0
2026-07-28T23:36:08.567,10.42.0.1,10.42.0.1,41,1,DOWNLOAD,0.9787914154074624,DOWNLOAD,0.9787914154074624,-1,7240,3.661510128790906,12,21720.0,79528.0,4,8,0.21452275600505688,0.7854772439949431,0.3552201844381695,0,0,0,0,1,0,0,0,0.4,0.8500000000000001,0.0,0.4,0.15,skip,training_upload_trigger_not_confirmed,1785296168.5672178,1785296168567218019,1384836783917391,19.9,53.3515625,-1.0,0,0
2026-07-28T23:36:08.568,10.42.0.1,10.42.0.1,41,1,DOWNLOAD,0.9772484503854665,DOWNLOAD,0.9772484503854665,-1,7240,2.746132596624788,13,28960.0,79528.0,5,8,0.26694196593171593,0.7330580340682841,0.3086031941438424,0,0,0,0,1,0,0,0,0.4,0.8500000000000001,0.0,0.4,0.15,skip,training_upload_trigger_not_confirmed,1785296168.5686746,1785296168568674647,1384836785373528,19.9,53.3515625,-1.0,0,0
2026-07-28T23:36:08.570,10.42.0.1,10.42.0.1,41,1,DOWNLOAD,0.9790067641097118,DOWNLOAD,0.9790067641097118,-1,7240,2.196906077315002,14,36200.0,79528.0,6,8,0.31280243329185675,0.6871975667081432,0.2681485804031427,0,0,0,0,1,0,0,0,0.4,0.8500000000000001,0.0,0.4,0.15,skip,training_upload_trigger_not_confirmed,1785296168.570279,1785296168570278868,1384836786977156,19.9,53.3515625,-1.0,0,0
2026-07-28T23:36:08.571,10.42.0.1,10.42.0.1,41,1,DOWNLOAD,0.9794615833859147,DOWNLOAD,0.9794615833859147,-1,7240,1.8307550644375976,15,43440.0,79528.0,7,8,0.3532626374341292,0.6467373625658708,0.23294681087381064,0,0,0,0,1,0,0,0,0.32,0.8500000000000001,0.0,0.0,0.15,skip,training_upload_trigger_not_confirmed,1785296168.571291,1785296168571290996,1384836787990071,19.9,53.3515625,-1.0,0,0
2026-07-28T23:36:08.572,10.42.0.1,10.42.0.1,41,1,DOWNLOAD,0.9702305359392046,DOWNLOAD,0.9702305359392046,-1,7240,1.5692186266659585,16,50680.0,79528.0,8,8,0.3892233964118948,0.6107766035881051,0.20238791434964323,0,0,0,0,1,0,0,0,0.32,0.8500000000000001,0.0,0.0,0.15,skip,training_upload_trigger_not_confirmed,1785296168.5723348,1785296168572334949,1384836789033408,19.9,53.3515625,-1.0,0,0
2026-07-28T23:36:08.573,10.42.0.1,10.42.0.1,41,1,DOWNLOAD,0.9580353169801172,DOWNLOAD,0.9580353169801172,-1,7240,1.3730662983361002,17,57920.0,79528.0,9,8,0.4213957278388918,0.5786042721611082,0.17585398371530434,0,0,0,0,1,0,0,0,0.32,0.8500000000000001,0.0,0.0,0.15,skip,training_upload_trigger_not_confirmed,1785296168.573364,1785296168573363930,1384836790062300,19.9,53.3515625,-1.0,0,0
2026-07-28T23:36:08.574,10.42.0.1,10.42.0.1,41,1,DOWNLOAD,0.95,DOWNLOAD,0.95,-1,10136,1.1685670624167073,18,68056.0,79528.0,10,8,0.46113399826539464,0.5388660017346054,0.1528165791126335,0,0,0,0,1,0,0,0,0.30250000000000005,0.8000000000000002,0.0,0.0,0.15,skip,training_upload_trigger_not_confirmed,1785296168.5743935,1785296168574393520,1384836791092089,19.9,53.3515625,-1.0,0,0
2026-07-28T23:36:08.575,10.42.0.1,10.42.0.1,41,1,DOWNLOAD,0.95,DOWNLOAD,0.95,-1,4344,1.0984530386726734,19,72400.0,79528.0,11,8,0.4765415196672108,0.5234584803327892,0.13281105191348608,0,0,0,0,1,0,0,0,0.30250000000000005,0.8000000000000002,0.0,0.0,0.15,skip,training_upload_trigger_not_confirmed,1785296168.5753937,1785296168575393692,1384836792092076,19.9,53.3515625,-1.0,0,0
2026-07-28T23:36:08.576,10.42.0.1,10.42.0.1,41,1,DOWNLOAD,0.95,DOWNLOAD,0.95,-1,14480,0.9153775322293349,20,86880.0,79528.0,12,8,0.5220902841209557,0.4779097158790443,0.11544413016242412,0,0,0,0,1,0,0,0,0.30250000000000005,0.8000000000000002,0.0,0.0,0.15,skip,training_upload_trigger_not_confirmed,1785296168.576412,1785296168576411942,1384836793110257,19.9,53.3515625,-1.0,0,0
2026-07-28T23:36:08.577,10.42.0.1,10.42.0.1,41,1,DOWNLOAD,0.95,DOWNLOAD,0.95,-1,14480,0.7846093133407201,21,101360.0,79528.0,13,8,0.5603467338905842,0.4396532661094158,0.10036651073662405,0,0,0,0,1,0,0,0,0.28500000000000003,0.7500000000000001,0.0,0.0,0.15,skip,training_upload_trigger_not_confirmed,1785296168.5774362,1785296168577436167,1384836794134728,19.9,53.3515625,-1.0,0,0
2026-07-28T23:36:08.578,10.42.0.1,10.42.0.1,41,1,DOWNLOAD,0.95,DOWNLOAD,0.95,-1,14480,0.6865331491739768,22,115840.0,79528.0,14,8,0.5929323123541215,0.40706768764587853,0.08727614502850098,0,0,0,0,1,0,0,0,0.28500000000000003,0.7500000000000001,0.0,0.0,0.15,skip,training_upload_trigger_not_confirmed,1785296168.5784636,1785296168578463430,1384836795161833,19.9,53.3515625,-1.0,0,0
2026-07-28T23:36:08.579,10.42.0.1,10.42.0.1,41,1,DOWNLOAD,0.95,DOWNLOAD,0.95,-1,14480,0.6102516881552313,23,130320.0,79528.0,15,8,0.6210209294346384,0.3789790705653616,0.07591895527050123,0,0,0,0,1,0,0,0,0.28500000000000003,0.7500000000000001,0.0,0.0,0.15,skip,training_upload_trigger_not_confirmed,1785296168.5795531,1785296168579552943,1384836796251507,19.9,53.3515625,-1.0,0,0
2026-07-28T23:36:08.580,10.42.0.1,10.42.0.1,41,1,DOWNLOAD,0.95,DOWNLOAD,0.95,-1,18824,0.5332296304274176,24,149144.0,79528.0,16,8,0.6522180240694094,0.3477819759305905,0.06605756772274136,0,0,0,0,1,0,0,0,0.28500000000000003,0.7500000000000001,0.0,0.0,0.15,skip,training_upload_trigger_not_confirmed,1785296168.5806367,1785296168580636668,1384836797335432,19.9,53.3515625,-1.0,0,0
2026-07-28T23:36:08.581,10.42.0.1,10.42.0.1,41,1,DOWNLOAD,0.95,DOWNLOAD,0.95,-1,16920,0.4788997013231109,25,166064.0,79528.0,17,8,0.6761783771458354,0.3238216228541646,0.057501220174840995,0,0,0,0,1,0,0,0,0.28500000000000003,0.7500000000000001,0.0,0.0,0.15,skip,training_upload_trigger_not_confirmed,1785296168.5817626,1785296168581762600,1384836798461382,19.9,53.3515625,-1.0,0,0
2026-07-28T23:36:08.582,10.42.0.18,10.42.0.1,33,1,DOWNLOAD,0.95,DOWNLOAD,0.95,-1,7300,1.3698630135109776e-10,1,7300.0,0.0,1,0,1.0,0.0,1.2442214171569512,0,0,0,0,0,0,0,0,0.0225,0.0,0.0,0.0,0.15,skip,training_upload_trigger_not_confirmed,1785296168.5828326,1785296168582832654,1384836799531726,19.9,53.3515625,-1.0,0,0
2026-07-28T23:36:08.583,10.42.0.18,10.42.0.1,33,1,DOWNLOAD,0.95,DOWNLOAD,0.95,-1,7300,6.84931506802402e-11,2,14600.0,0.0,2,0,1.0,0.0,1.0804074048059948,0,0,0,0,0,0,0,0,0.0225,0.0,0.0,0.0,0.15,skip,training_upload_trigger_not_confirmed,1785296168.5839148,1785296168583914685,1384836800613226,19.9,53.3515625,-1.0,0,0
2026-07-28T23:36:08.584,10.42.0.1,10.42.0.1,41,1,DOWNLOAD,0.95,DOWNLOAD,0.95,-1,21720,0.4235078600976467,26,187784.0,79528.0,18,8,0.7024899742622853,0.29751002573771473,0.05034992281237158,0,0,0,0,1,0,0,0,0.28500000000000003,0.7500000000000001,0.0,0.0,0.15,skip,training_upload_trigger_not_confirmed,1785296168.5849946,1785296168584994642,1384836801693062,19.9,53.3515625,-1.0,0,0
2026-07-28T23:36:08.586,10.42.0.1,10.42.0.1,41,1,DOWNLOAD,0.95,DOWNLOAD,0.95,-1,14024,0.3940775390500174,27,201808.0,79528.0,19,8,0.7173202149742657,0.2826797850257344,0.04393384840472755,0,0,0,0,1,0,0,0,0.28500000000000003,0.7500000000000001,0.0,0.0,0.15,skip,training_upload_trigger_not_confirmed,1785296168.5866547,1785296168586654822,1384836803353787,19.9,53.3515625,-1.0,0,0
2026-07-28T23:36:08.588,10.42.0.145,10.42.0.1,18,1,DOWNLOAD,0.95,DOWNLOAD,0.95,-1,7300,1.3698630135109776e-10,1,7300.0,0.0,1,0,1.0,0.0,1.6865662763296403,0,0,0,0,0,0,0,0,0.0225,0.0,0.0,0.0,0.15,skip,training_upload_trigger_not_confirmed,1785296168.5883932,1785296168588393290,1384836805092119,19.9,53.3515625,-1.0,0,0
2026-07-28T23:36:08.589,10.42.0.145,10.42.0.1,18,1,DOWNLOAD,0.95,DOWNLOAD,0.95,-1,7300,6.84931506802402e-11,2,14600.0,0.0,2,0,1.0,0.0,1.4644921004079634,0,0,0,0,0,0,0,0,0.0225,0.0,0.0,0.0,0.15,skip,training_upload_trigger_not_confirmed,1785296168.5897,1785296168589700111,1384836806398791,19.9,53.3515625,-1.0,0,0
2026-07-28T23:36:08.591,10.42.0.1,10.42.0.1,41,1,DOWNLOAD,0.95,DOWNLOAD,0.95,-1,21720,0.3557854049633344,28,223528.0,79528.0,20,8,0.7375798532284462,0.2624201467715538,0.03877623158961843,0,0,0,0,1,0,0,0,0.28500000000000003,0.7500000000000001,0.0,0.0,0.15,skip,training_upload_trigger_not_confirmed,1785296168.5914488,1785296168591448753,1384836808147566,41.9,53.3515625,-1.0,0,0
2026-07-28T23:36:08.592,10.42.0.1,10.42.0.1,41,1,DOWNLOAD,0.95,DOWNLOAD,0.95,-1,14024,0.3347814373302065,29,237552.0,79528.0,21,8,0.7491863252176107,0.2508136747823893,0.03381747526944935,0,0,0,0,1,0,0,0,0.28500000000000003,0.7500000000000001,0.0,0.0,0.15,skip,training_upload_trigger_not_confirmed,1785296168.5925944,1785296168592594422,1384836809293525,41.9,53.3515625,-1.0,0,0
2026-07-28T23:36:08.593,10.42.0.1,10.42.0.1,41,1,DOWNLOAD,0.95,DOWNLOAD,0.95,-1,21720,0.30673578327275314,30,259272.0,79528.0,22,8,0.7652656434474616,0.23473435655253838,0.02950750664193929,0,0,0,0,1,0,0,0,0.28500000000000003,0.7500000000000001,0.0,0.0,0.15,skip,training_upload_trigger_not_confirmed,1785296168.5937047,1785296168593704688,1384836810403460,41.9,53.3515625,-1.0,0,0
2026-07-28T23:36:08.594,10.42.0.1,10.42.0.1,41,1,DOWNLOAD,0.95,DOWNLOAD,0.95,-1,14024,0.2909958433372936,31,273296.0,79528.0,23,8,0.7745958324830511,0.22540416751694897,0.02576683279251973,0,0,0,0,1,0,0,0,0.28500000000000003,0.7500000000000001,0.0,0.0,0.15,skip,training_upload_trigger_not_confirmed,1785296168.5948253,1785296168594825099,1384836811523831,41.9,53.3515625,-1.0,0,0
2026-07-28T23:36:08.596,10.42.0.18,10.42.0.1,33,1,DOWNLOAD,0.95,DOWNLOAD,0.95,-1,10220,4.029008863657171e-11,3,24820.0,0.0,3,0,1.0,0.0,0.9396755261246009,0,0,0,0,0,0,0,0,0.0225,0.0,0.0,0.0,0.15,skip,training_upload_trigger_not_confirmed,1785296168.5963469,1785296168596346754,1384836813045214,41.9,53.3515625,-1.0,0,0
2026-07-28T23:36:08.597,10.42.0.18,10.42.0.1,33,1,DOWNLOAD,0.95,DOWNLOAD,0.95,-1,4380,3.424657534129292e-11,4,29200.0,0.0,4,0,1.0,0.0,0.8159790316764821,0,0,0,0,0,0,0,0,0.0225,0.0,0.0,0.0,0.15,skip,training_upload_trigger_not_confirmed,1785296168.597324,1785296168597323670,1384836814022279,41.9,53.3515625,-1.0,0,0
2026-07-28T23:36:08.598,10.42.0.18,10.42.0.1,33,1,DOWNLOAD,0.9299631878574777,DOWNLOAD,0.9299631878574777,0,43,3.424657534129292e-11,4,29200.0,0.0,4,0,1.0,0.0,1.5419697946180955,0,0,0,0,0,0,0,0,0.0225,0.0,0.0,0.0,0.15,skip,training_upload_trigger_not_confirmed,1785296168.598252,1785296168598252019,1384836814950298,41.9,53.3515625,-1.0,0,0
2026-07-28T23:36:08.599,10.42.0.18,10.42.0.1,33,1,DOWNLOAD,0.95,DOWNLOAD,0.95,-1,14600,2.2831050227789245e-11,5,43800.0,0.0,5,0,1.0,0.0,1.3390254279757092,0,0,0,0,0,0,0,0,0.0225,0.0,0.0,0.0,0.15,skip,training_upload_trigger_not_confirmed,1785296168.599205,1785296168599205046,1384836815903201,41.9,53.3515625,-1.0,0,0
2026-07-28T23:36:08.601,10.42.0.47,10.42.0.1,40,3,UPLOAD,0.8825634466765389,UPLOAD,0.8825634466765389,0,43,100.0,11,0.0,79528.0,0,11,0.0,1.0,0.2572156024157991,0,0,1,0,0,0,0,0,0.45499999999999996,0.1,1.0,0.0,0.8,skip,attack_already_active,1785296168.601538,1785296168601538173,1384836818236458,41.9,53.3515625,-1.0,0,0
2026-07-28T23:36:08.602,10.42.0.47,10.42.0.1,41,1,DOWNLOAD,0.95,DOWNLOAD,0.95,-1,10136,7.846093132710527,12,10136.0,79528.0,1,11,0.11304425410421128,0.8869557458957887,0.2658726445441342,0,0,0,0,0,0,0,0,0.057499999999999996,0.1,0.0,0.0,0.15,skip,training_upload_trigger_not_confirmed,1785296168.6029482,1785296168602948192,1384836819646458,41.9,53.3515625,-1.0,0,0
2026-07-28T23:36:08.604,10.42.0.47,10.42.0.1,41,1,DOWNLOAD,0.9829981496648164,DOWNLOAD,0.9829981496648164,-1,14480,3.2307442313035932,13,24616.0,79528.0,2,11,0.23636503303118758,0.7636349669688124,0.23102677120584691,0,0,0,0,0,0,0,0,0.057499999999999996,0.1,0.0,0.0,0.15,skip,training_upload_trigger_not_confirmed,1785296168.6043851,1785296168604384925,1384836821083328,41.9,53.3515625,-1.0,0,0
2026-07-28T23:36:08.606,10.42.0.145,10.42.0.1,18,1,DOWNLOAD,0.9276288800881474,DOWNLOAD,0.9276288800881474,0,43,6.84931506802402e-11,2,14600.0,0.0,2,0,1.0,0.0,2.1432900371854893,0,0,0,0,0,0,0,0,0.0225,0.0,0.0,0.0,0.15,skip,training_upload_trigger_not_confirmed,1785296168.6068907,1785296168606890642,1384836823590042,41.9,53.3515625,-1.0,0,0
2026-07-28T23:36:08.608,10.42.0.145,10.42.0.1,18,1,DOWNLOAD,0.95,DOWNLOAD,0.95,-1,14600,3.424657534129292e-11,3,29200.0,0.0,3,0,1.0,0.0,1.8633043222539025,0,0,0,0,0,0,0,0,0.0225,0.0,0.0,0.0,0.15,skip,training_upload_trigger_not_confirmed,1785296168.6082559,1785296168608255774,1384836824955075,41.9,53.3515625,-1.0,0,0
2026-07-28T23:36:08.609,10.42.0.145,10.42.0.1,18,1,DOWNLOAD,0.95,DOWNLOAD,0.95,-1,14600,2.2831050227789245e-11,4,43800.0,0.0,4,0,1.0,0.0,1.617921513804664,0,0,0,0,0,0,0,0,0.0225,0.0,0.0,0.0,0.15,skip,training_upload_trigger_not_confirmed,1785296168.609418,1785296168609418054,1384836826116488,41.9,53.3515625,-1.0,0,0
2026-07-28T23:36:08.612,10.42.0.59,10.42.0.1,13,3,UPLOAD,0.9854688349332961,UPLOAD,0.9854688349332961,0,43,1.0,0,0.0,0.0,0,0,0.0,0.0,1.502492618301495,0,0,0,0,0,0,0,0,0.4375,0.05,1.0,0.0,0.8,skip,already_attacked_this_round,1785296168.6123152,1785296168612315252,1384836829013986,41.9,53.3515625,-1.0,0,0
2026-07-28T23:36:08.613,10.42.0.59,10.42.0.1,13,1,DOWNLOAD,0.95,DOWNLOAD,0.95,-1,14600,6.84931506802402e-11,1,14600.0,0.0,1,0,1.0,0.0,2.1841577231156175,0,0,0,0,0,0,0,0,0.0225,0.0,0.0,0.0,0.15,skip,already_attacked_this_round,1785296168.6132932,1785296168613293156,1384836829991381,41.9,53.3515625,-1.0,0,0
2026-07-28T23:36:08.614,10.42.0.59,10.42.0.1,13,1,DOWNLOAD,0.95,DOWNLOAD,0.95,-1,14600,3.424657534129292e-11,2,29200.0,0.0,2,0,1.0,0.0,1.8964671379127296,0,0,0,0,0,0,0,0,0.0225,0.0,0.0,0.0,0.15,skip,already_attacked_this_round,1785296168.6142466,1785296168614246591,1384836830945301,41.9,53.3515625,-1.0,0,0
2026-07-28T23:36:08.618,10.42.0.18,10.42.0.1,33,1,DOWNLOAD,0.95,DOWNLOAD,0.95,-1,14600,1.7123287670939668e-11,6,58400.0,0.0,6,0,1.0,0.0,1.1651098205680497,0,0,0,0,0,0,0,0,0.0225,0.0,0.0,0.0,0.15,skip,training_upload_trigger_not_confirmed,1785296168.618433,1785296168618433116,1384836835131367,41.9,53.3515625,-1.0,0,0
2026-07-28T23:36:08.621,10.42.0.18,10.42.0.1,33,1,DOWNLOAD,0.95,DOWNLOAD,0.95,-1,5840,1.556662515542393e-11,7,64240.0,0.0,7,0,1.0,0.0,1.0120067844200755,0,0,0,0,0,0,0,0,0.0225,0.0,0.0,0.0,0.15,skip,training_upload_trigger_not_confirmed,1785296168.6216862,1785296168621686316,1384836838384739,41.9,53.3515625,-1.0,0,0
2026-07-28T23:36:08.623,10.42.0.18,10.42.0.1,33,1,DOWNLOAD,0.9527401265189706,DOWNLOAD,0.9527401265189706,-1,8760,1.369863013679865e-11,8,73000.0,0.0,8,0,1.0,0.0,0.8788371248442387,0,0,0,0,0,0,0,0,0.0225,0.0,0.0,0.0,0.15,skip,training_upload_trigger_not_confirmed,1785296168.6231053,1785296168623105262,1384836839804017,41.9,53.3515625,-1.0,0,0
2026-07-28T23:36:08.626,10.42.0.18,10.42.0.1,33,1,DOWNLOAD,0.955688782948973,DOWNLOAD,0.955688782948973,-1,6184,1.2628813901638856e-11,9,79184.0,0.0,9,0,1.0,0.0,0.7634758689129181,0,0,0,0,0,0,0,0,0.0225,0.0,0.0,0.0,0.15,skip,training_upload_trigger_not_confirmed,1785296168.6264977,1785296168626497745,1384836843196111,41.9,53.3515625,-1.0,0,0
2026-07-28T23:36:08.628,10.42.0.47,10.42.0.1,41,1,DOWNLOAD,0.9842257140988042,DOWNLOAD,0.9842257140988042,-1,4344,2.746132596624788,14,28960.0,79528.0,3,11,0.26694196593171593,0.7330580340682841,0.20380922533125892,0,0,0,0,0,0,0,0,0.057499999999999996,0.1,0.0,0.0,0.15,skip,training_upload_trigger_not_confirmed,1785296168.6288655,1785296168628865648,1384836845564118,41.9,53.3515625,-1.0,0,0
2026-07-28T23:36:08.631,10.42.0.47,10.42.0.1,41,1,DOWNLOAD,0.9842586901286671,DOWNLOAD,0.9842586901286671,-1,14480,1.8307550644375976,15,43440.0,79528.0,4,11,0.3532626374341292,0.6467373625658708,0.17731587319145442,0,0,0,0,0,0,0,0,0.057499999999999996,0.1,0.0,0.0,0.15,skip,training_upload_trigger_not_confirmed,1785296168.631624,1785296168631623933,1384836848323026,41.9,53.3515625,-1.0,0,0
2026-07-28T23:36:08.632,10.42.0.47,10.42.0.1,41,1,DOWNLOAD,0.9842595481342594,DOWNLOAD,0.9842595481342594,-1,5792,1.615372115684608,16,49232.0,79528.0,5,11,0.3823547685616651,0.6176452314383349,0.1540890648802436,0,0,0,0,0,0,0,0,0.057499999999999996,0.1,0.0,0.0,0.15,skip,training_upload_trigger_not_confirmed,1785296168.632678,1785296168632678140,1384836849376666,41.9,53.3515625,-1.0,0,0
2026-07-28T23:36:08.633,10.42.0.210,10.42.0.1,41,1,DOWNLOAD,0.95,DOWNLOAD,0.95,-1,1448,6.906077343296907e-10,1,1448.0,0.0,1,0,1.0,0.0,0.6176250980139434,0,0,0,0,0,0,0,0,0.0225,0.0,0.0,0.0,0.15,skip,training_upload_trigger_not_confirmed,1785296168.6336687,1785296168633668687,1384836850367170,41.9,53.3515625,-1.0,0,0
2026-07-28T23:36:08.635,10.42.0.59,10.42.0.1,13,1,DOWNLOAD,0.95,DOWNLOAD,0.95,-1,24820,1.8511662346936104e-11,3,54020.0,0.0,3,0,1.0,0.0,1.6493667693489713,0,0,0,0,0,0,0,0,0.0225,0.0,0.0,0.0,0.15,skip,already_attacked_this_round,1785296168.6355374,1785296168635537450,1384836852235884,41.9,53.3515625,-1.0,0,0
2026-07-28T23:36:08.638,10.42.0.145,10.42.0.1,18,1,DOWNLOAD,0.9602056254364061,DOWNLOAD,0.9602056254364061,-1,29200,1.369863013679865e-11,5,73000.0,0.0,5,0,1.0,0.0,1.4085935359061859,0,0,0,0,0,0,0,0,0.0225,0.0,0.0,0.0,0.15,skip,training_upload_trigger_not_confirmed,1785296168.6388073,1785296168638807255,1384836855505557,41.9,53.3515625,-1.0,0,0
2026-07-28T23:36:08.656,10.42.0.210,10.42.0.1,41,1,DOWNLOAD,0.95,DOWNLOAD,0.95,-1,10136,8.632596684337655e-11,2,11584.0,0.0,2,0,1.0,0.0,0.539288296355259,0,0,0,0,0,0,0,0,0.0225,0.0,0.0,0.0,0.15,skip,training_upload_trigger_not_confirmed,1785296168.6568174,1785296168656817444,1384836873516059,41.9,53.3515625,-1.0,0,0
2026-07-28T23:36:08.657,10.42.0.210,10.42.0.1,41,1,DOWNLOAD,0.9557926560077417,DOWNLOAD,0.9557926560077417,0,43,8.632596684337655e-11,2,11584.0,0.0,2,0,1.0,0.0,1.0859699426527891,0,0,0,0,0,0,0,0,0.0225,0.0,0.0,0.0,0.15,skip,training_upload_trigger_not_confirmed,1785296168.6578374,1785296168657837281,1384836874535807,41.9,53.3515625,-1.0,0,0
2026-07-28T23:36:08.660,10.42.0.210,10.42.0.1,41,1,DOWNLOAD,0.9846998846180315,DOWNLOAD,0.9846998846180315,-1,14480,3.8367096376674066e-11,3,26064.0,0.0,3,0,1.0,0.0,0.9433756992900814,0,0,0,0,0,0,0,0,0.0225,0.0,0.0,0.0,0.15,skip,training_upload_trigger_not_confirmed,1785296168.660679,1785296168660679262,1384836877377667,41.9,53.3515625,-1.0,0,0
2026-07-28T23:36:08.661,10.42.0.210,10.42.0.1,41,1,DOWNLOAD,0.9854895428954357,DOWNLOAD,0.9854895428954357,-1,5792,3.1391260672043216e-11,4,31856.0,0.0,4,0,1.0,0.0,0.8191904540418398,0,0,0,0,0,0,0,0,0.0225,0.0,0.0,0.0,0.15,skip,training_upload_trigger_not_confirmed,1785296168.6616473,1785296168661647384,1384836878345692,41.9,53.3515625,-1.0,0,0
2026-07-28T23:36:08.663,10.42.0.210,10.42.0.1,41,1,DOWNLOAD,0.9855083405864443,DOWNLOAD,0.9855083405864443,-1,14480,2.158149171224142e-11,5,46336.0,0.0,5,0,1.0,0.0,0.7114268961689341,0,0,0,0,0,0,0,0,0.0225,0.0,0.0,0.0,0.15,skip,training_upload_trigger_not_confirmed,1785296168.66305,1785296168663050076,1384836879748415,41.9,53.3515625,-1.0,0,0
2026-07-28T23:36:08.664,10.42.0.210,10.42.0.1,41,1,DOWNLOAD,0.9855087208476458,DOWNLOAD,0.9855087208476458,-1,5792,1.918354818870504e-11,6,52128.0,0.0,6,0,1.0,0.0,0.6178640752292428,0,0,0,0,0,0,0,0,0.0225,0.0,0.0,0.0,0.15,skip,training_upload_trigger_not_confirmed,1785296168.6644545,1785296168664454484,1384836881152856,41.9,53.3515625,-1.0,0,0
2026-07-28T23:36:08.665,10.42.0.210,10.42.0.1,41,1,DOWNLOAD,0.9855087261970161,DOWNLOAD,0.9855087261970161,-1,12576,1.5454995054162724e-11,7,64704.0,0.0,7,0,1.0,0.0,0.5366334928128629,0,0,0,0,0,0,0,0,0.0225,0.0,0.0,0.0,0.15,skip,training_upload_trigger_not_confirmed,1785296168.665882,1785296168665882075,1384836882580425,41.9,53.3515625,-1.0,0,0
2026-07-28T23:36:08.931,10.42.0.59,10.42.0.1,13,2,TRAINING,0.95,TRAINING,0.95,1,64240,1.189189189185687,4,54020.0,64240.0,3,1,0.4567901234567901,0.5432098765432098,1.4740929550091546,0,0,0,0,1,0,0,0,0.4525,1.0,0.0,0.4,0.15,skip,already_attacked_this_round,1785296168.9315774,1785296168931577392,1384837148278354,41.9,53.3515625,-1.0,0,0
2026-07-28T23:36:08.934,10.42.0.59,10.42.0.1,13,3,UPLOAD,0.95,UPLOAD,0.95,1,6528,1.3100333209864858,5,54020.0,70768.0,3,2,0.4328941885437702,0.5671058114562297,1.2801893174303514,0,0,0,1,1,1,1,1,0.85,1.0,1.0,0.4,0.8,skip,already_attacked_this_round,1785296168.9341893,1785296168934189238,1384837150889017,41.9,53.3515625,-1.0,0,0
2026-07-28T23:36:08.936,10.42.0.1,10.42.0.1,41,2,TRAINING,0.95,TRAINING,0.95,1,7240,0.31748726655597775,32,273296.0,86768.0,23,9,0.759020618556701,0.24097938144329897,0.05739324285939301,0,0,0,0,1,0,0,0,0.4525,1.0,0.0,0.4,0.15,skip,training_upload_trigger_not_confirmed,1785296168.9361236,1785296168936123526,1384837152823866,41.9,53.3515625,-1.0,0,0
2026-07-28T23:36:08.937,10.42.0.1,10.42.0.1,41,3,UPLOAD,0.95,UPLOAD,0.95,1,7240,0.34397868977466195,33,273296.0,94008.0,23,10,0.7440594167229325,0.2559405832770675,0.050006593676396455,1,0,0,0,1,0,0,0,0.85,1.0,1.0,0.4,0.8,trigger,training_upload_trigger_confirmed,1785296168.9374616,1785296168937461444,1384837154161029,41.9,53.3515625,30.189447,1785296168967653050,1384837184350476
2026-07-28T23:36:08.949,10.42.0.145,10.42.0.1,18,2,TRAINING,0.95,TRAINING,0.95,1,64240,0.8800000000016439,6,73000.0,64240.0,5,1,0.5319148936170213,0.46808510638297873,1.2681466953924794,0,0,0,0,1,0,0,0,0.4525,1.0,0.0,0.4,0.15,skip,training_upload_trigger_not_confirmed,1785296168.949672,1785296168949671813,1384837166372735,41.9,53.3515625,-1.0,0,0
2026-07-28T23:36:08.951,10.42.0.145,10.42.0.1,18,3,UPLOAD,0.95,UPLOAD,0.95,1,5069,0.9494383561650762,7,73000.0,69309.0,5,2,0.5129682592105911,0.487031740789409,1.101247018534679,0,0,0,1,1,1,1,1,0.85,1.0,1.0,0.4,0.8,trigger,training_upload_trigger_confirmed,1785296168.9512632,1785296168951263348,1384837167965791,41.9,53.3515625,33.251798,1785296168984520183,1384837201217589
2026-07-28T23:36:08.953,10.42.0.1,10.42.0.1,41,3,UPLOAD,0.95,UPLOAD,0.95,1,7240,0.3704701129933461,34,273296.0,101248.0,23,11,0.7296766201033791,0.270323379896621,0.04554374494145215,1,0,1,1,1,1,1,1,0.9699999999999999,1.0,1.0,1.0,0.8,skip,attack_already_active,1785296168.953601,1785296168953600665,1384837170302319,41.9,53.3515625,-1.0,0,0
2026-07-28T23:36:08.955,10.42.0.1,10.42.0.1,41,3,UPLOAD,0.95,UPLOAD,0.95,1,7240,0.3969615362120303,35,273296.0,108488.0,23,12,0.7158393227584183,0.2841606772415816,0.03975179674753535,1,0,1,1,1,1,1,1,0.9699999999999999,1.0,1.0,1.0,0.8,skip,attack_already_active,1785296168.9551911,1785296168955190921,1384837171891934,41.9,53.3515625,-1.0,0,0
2026-07-28T23:36:08.956,10.42.0.1,10.42.0.1,41,3,UPLOAD,0.95,UPLOAD,0.95,1,1448,0.4022598208557671,36,273296.0,109936.0,23,13,0.7131346025384101,0.28686539746158984,0.03469675160052777,1,0,1,1,1,1,1,1,0.9699999999999999,1.0,1.0,1.0,0.8,skip,attack_already_active,1785296168.9565816,1785296168956581714,1384837173281285,41.9,53.3515625,-1.0,0,0
2026-07-28T23:36:08.972,10.42.0.1,10.42.0.1,41,3,UPLOAD,0.95,UPLOAD,0.95,1,1448,0.40755810549950394,37,273296.0,111384.0,23,14,0.7104502443589477,0.2895497556410523,0.03218147669325169,1,0,1,1,1,1,1,1,0.9699999999999999,1.0,1.0,1.0,0.8,skip,attack_already_active,1785296168.9721906,1785296168972190683,1384837188890356,41.9,53.3515625,-1.0,0,0
2026-07-28T23:36:08.982,10.42.0.1,10.42.0.1,41,3,UPLOAD,0.95,UPLOAD,0.95,1,14480,0.4605409519368723,38,273296.0,125864.0,23,15,0.6846778234292014,0.3153221765707987,0.029331631608082068,1,0,1,1,1,1,1,1,0.9699999999999999,1.0,1.0,1.0,0.8,skip,attack_already_active,1785296168.9827454,1785296168982745391,1384837199444989,41.9,53.3515625,-1.0,0,0
2026-07-28T23:36:08.984,10.42.0.1,10.42.0.1,41,3,UPLOAD,0.95,UPLOAD,0.95,1,14480,0.5135237983742407,39,273296.0,140344.0,23,16,0.6607097959578377,0.33929020404216226,0.025711999053037806,1,0,1,1,1,1,1,1,0.9699999999999999,1.0,1.0,1.0,0.8,skip,attack_already_active,1785296168.9846087,1785296168984608686,1384837201308317,41.9,53.3515625,-1.0,0,0
2026-07-28T23:36:08.985,10.42.0.1,10.42.0.1,41,3,UPLOAD,0.8842108125271909,UPLOAD,0.8842108125271909,0,43,0.5135237983742407,39,273296.0,140344.0,23,16,0.6607097959578377,0.33929020404216226,0.06371442959141417,1,0,1,1,1,1,1,1,0.8025,0.7500000000000001,1.0,0.6000000000000001,0.8,skip,attack_already_active,1785296168.9858613,1785296168985861460,1384837202560496,41.9,53.3515625,-1.0,0,0
2026-07-28T23:36:08.987,10.42.0.1,10.42.0.1,41,3,UPLOAD,0.8747257951057397,UPLOAD,0.8747257951057397,0,43,0.5135237983742407,39,273296.0,140344.0,23,16,0.6607097959578377,0.33929020404216226,0.05557875689556088,1,0,1,1,1,1,1,1,0.8025,0.7500000000000001,1.0,0.6000000000000001,0.8,skip,attack_already_active,1785296168.9878364,1785296168987836355,1384837204535440,41.9,53.3515625,-1.0,0,0
2026-07-28T23:36:08.989,10.42.0.1,10.42.0.1,41,3,UPLOAD,0.95,UPLOAD,0.95,1,14480,0.5665066448116091,40,273296.0,154824.0,23,17,0.6383630757731478,0.3616369242268523,0.0489268528264533,1,0,1,1,1,1,1,1,0.9699999999999999,1.0,1.0,1.0,0.8,skip,attack_already_active,1785296168.989708,1785296168989708118,1384837206409403,41.9,53.3515625,-1.0,0,0
2026-07-28T23:36:08.991,10.42.0.1,10.42.0.1,41,3,UPLOAD,0.95,UPLOAD,0.95,1,14480,0.6194894912489773,41,273296.0,169304.0,23,18,0.617478535924085,0.38252146407591503,0.042695946399130436,1,0,1,1,1,1,1,1,0.9699999999999999,1.0,1.0,1.0,0.8,skip,attack_already_active,1785296168.9913502,1785296168991350220,1384837208050726,41.9,53.3515625,-1.0,0,0
2026-07-28T23:36:08.992,10.42.0.1,10.42.0.1,41,3,UPLOAD,0.95,UPLOAD,0.95,1,1448,0.6247877758927142,42,273296.0,170752.0,23,19,0.6154649947753396,0.3845350052246604,0.03725708460332532,1,0,1,1,1,1,1,1,0.9699999999999999,1.0,1.0,1.0,0.8,skip,attack_already_active,1785296168.992772,1785296168992772151,1384837209473113,41.9,53.3515625,-1.0,0,0
2026-07-28T23:36:08.997,10.42.0.1,10.42.0.1,41,3,UPLOAD,0.95,UPLOAD,0.95,1,1448,0.630086060536451,43,273296.0,172200.0,23,20,0.6134645428915186,0.3865354571084813,0.03293697544363718,1,0,1,1,1,1,1,1,0.9699999999999999,1.0,1.0,1.0,0.8,skip,attack_already_active,1785296168.997245,1785296168997245062,1384837213943866,41.9,53.3515625,-1.0,0,0
2026-07-28T23:36:08.998,10.42.0.1,10.42.0.1,41,3,UPLOAD,0.95,UPLOAD,0.95,1,14480,0.6830689069738194,44,273296.0,186680.0,23,21,0.5941527384037428,0.40584726159625717,0.028821138072224025,1,0,1,1,1,1,1,1,0.9699999999999999,1.0,1.0,1.0,0.8,skip,attack_already_active,1785296168.998948,1785296168998948064,1384837215647094,41.9,53.3515625,-1.0,0,0
2026-07-28T23:36:09.000,10.42.0.1,10.42.0.1,41,3,UPLOAD,0.95,UPLOAD,0.95,1,14480,0.7360517534111877,45,273296.0,201160.0,23,22,0.5760196941339134,0.42398030586608665,0.025252595528657697,1,0,1,1,1,1,1,1,0.9699999999999999,1.0,1.0,1.0,0.8,skip,attack_already_active,1785296169.0006886,1785296169000688708,1384837217387784,41.9,53.3515625,-1.0,0,0
2026-07-28T23:36:09.002,10.42.0.1,10.42.0.1,41,3,UPLOAD,0.95,UPLOAD,0.95,1,4232,0.751536795270507,46,273296.0,205392.0,23,23,0.5709272010161107,0.4290727989838893,0.022147038344863743,1,0,1,1,1,1,1,1,0.9699999999999999,1.0,1.0,1.0,0.8,skip,attack_already_active,1785296169.002374,1785296169002373937,1384837219073249,41.9,53.3515625,-1.0,0,0
2026-07-28T23:36:09.005,10.42.0.1,10.42.0.1,41,3,UPLOAD,0.95,UPLOAD,0.95,1,14480,0.8045196417078753,47,273296.0,219872.0,23,24,0.5541640982383286,0.4458359017616715,0.019612922766807133,1,0,1,1,1,1,1,1,0.9699999999999999,1.0,1.0,1.0,0.8,skip,attack_already_active,1785296169.0052903,1785296169005290274,1384837221989821,41.9,53.3515625,-1.0,0,0
2026-07-28T23:36:09.007,10.42.0.1,10.42.0.1,41,3,UPLOAD,0.95,UPLOAD,0.95,1,14480,0.8575024881452437,48,273296.0,234352.0,23,25,0.5383572869389813,0.4616427130610187,0.01732040294444289,1,0,1,1,1,1,1,1,0.9699999999999999,1.0,1.0,1.0,0.8,skip,attack_already_active,1785296169.007506,1785296169007505889,1384837224204780,41.9,53.3515625,-1.0,0,0
2026-07-28T23:36:09.009,10.42.0.1,10.42.0.1,41,3,UPLOAD,0.95,UPLOAD,0.95,1,4233,0.872991189040919,49,273296.0,238585.0,23,26,0.5339053412804929,0.46609465871950706,0.015256901641630368,1,0,1,1,1,1,1,1,0.9699999999999999,1.0,1.0,1.0,0.8,skip,attack_already_active,1785296169.009167,1785296169009166747,1384837225865489,41.9,53.3515625,-1.0,0,0
2026-07-28T23:36:09.035,10.42.0.18,10.42.0.1,33,2,TRAINING,0.95,TRAINING,0.95,1,1460,0.018438068309021546,10,79184.0,1460.0,9,1,0.9818957392986459,0.0181042607013541,0.7205425956039578,0,0,0,0,1,0,0,0,0.52,0.85,0.0,1.0,0.15,skip,training_upload_trigger_not_confirmed,1785296169.0359192,1785296169035919073,1384837252617812,41.9,53.3515625,-1.0,0,0
2026-07-28T23:36:09.037,10.42.0.18,10.42.0.1,33,3,UPLOAD,0.95,UPLOAD,0.95,1,1460,0.03687613660541428,11,79184.0,2920.0,9,2,0.9644353502874403,0.03556464971255968,0.6257428051195167,0,0,0,1,1,1,1,1,0.9699999999999999,1.0,1.0,1.0,0.8,trigger,training_upload_trigger_confirmed,1785296169.0370524,1785296169037052416,1384837253751122,41.9,53.3515625,135.631775,1785296169172685628,1384837389382897
2026-07-28T23:36:09.038,10.42.0.18,10.42.0.1,33,3,UPLOAD,0.9841010226033655,UPLOAD,0.9841010226033655,1,1460,0.05531420490180701,12,79184.0,4380.0,9,3,0.9475850844861423,0.05241491551385764,0.5435274169758625,0,0,1,1,1,1,1,1,0.9699999999999999,1.0,1.0,1.0,0.8,skip,attack_already_active,1785296169.0388854,1785296169038885363,1384837255584161,41.9,53.3515625,-1.0,0,0
2026-07-28T23:36:09.040,10.42.0.18,10.42.0.1,33,3,UPLOAD,0.9854688349332961,UPLOAD,0.9854688349332961,1,1460,0.07375227319819974,13,79184.0,5840.0,9,4,0.9313135114791118,0.06868648852088823,0.47206552059556234,0,0,1,1,1,1,1,1,0.9699999999999999,1.0,1.0,1.0,0.8,skip,attack_already_active,1785296169.0401082,1785296169040108169,1384837256806754,41.9,53.3515625,-1.0,0,0
2026-07-28T23:36:09.041,10.42.0.18,10.42.0.1,33,3,UPLOAD,0.9855076450773014,UPLOAD,0.9855076450773014,1,1460,0.09219034149459247,14,79184.0,7300.0,9,5,0.9155913232505435,0.08440867674945654,0.41007756321341493,0,0,1,1,1,1,1,1,0.9699999999999999,1.0,1.0,1.0,0.8,skip,attack_already_active,1785296169.0417643,1785296169041764374,1384837258463054,41.9,53.3515625,-1.0,0,0
2026-07-28T23:36:09.042,10.42.0.18,10.42.0.1,33,3,UPLOAD,0.9855086980780915,UPLOAD,0.9855086980780915,1,1460,0.1106284097909852,15,79184.0,8760.0,9,6,0.9003911580096425,0.0996088419903575,0.35618998572135935,0,0,1,1,1,1,1,1,0.9699999999999999,1.0,1.0,1.0,0.8,skip,attack_already_active,1785296169.042904,1785296169042903771,1384837259602403,41.9,53.3515625,-1.0,0,0
2026-07-28T23:36:09.044,10.42.0.18,10.42.0.1,33,3,UPLOAD,0.9855087254685951,UPLOAD,0.9855087254685951,1,1460,0.12906647808737795,16,79184.0,10220.0,9,7,0.8856874412777952,0.11431255872220482,0.30949622236824537,0,0,1,1,1,1,1,1,0.9699999999999999,1.0,1.0,1.0,0.8,skip,attack_already_active,1785296169.0447478,1785296169044747728,1384837261446536,41.9,53.3515625,-1.0,0,0
2026-07-28T23:36:09.045,10.42.0.18,10.42.0.1,33,3,UPLOAD,0.9855087261493067,UPLOAD,0.9855087261493067,1,1460,0.14750454638377067,17,79184.0,11680.0,9,8,0.8714562422961789,0.1285437577038211,0.2688708033462598,0,0,1,1,1,1,1,1,0.9699999999999999,1.0,1.0,1.0,0.8,skip,attack_already_active,1785296169.045949,1785296169045948844,1384837262647496,88.0,53.35546875,-1.0,0,0
2026-07-28T23:36:09.047,10.42.0.18,10.42.0.1,33,3,UPLOAD,0.9855087261653082,UPLOAD,0.9855087261653082,1,1460,0.1659426146801634,18,79184.0,13140.0,9,9,0.8576751440578831,0.14232485594211688,0.23366120387112863,0,0,1,1,1,1,1,1,0.9699999999999999,1.0,1.0,1.0,0.8,skip,attack_already_active,1785296169.0476239,1785296169047623898,1384837264322660,88.0,53.35546875,-1.0,0,0
2026-07-28T23:36:09.048,10.42.0.18,10.42.0.1,33,3,UPLOAD,0.985508726165656,UPLOAD,0.985508726165656,1,1460,0.18438068297655613,19,79184.0,14600.0,9,10,0.844323125479826,0.155676874520174,0.20302230645595865,0,0,1,1,1,1,1,1,0.9699999999999999,1.0,1.0,1.0,0.8,skip,attack_already_active,1785296169.048775,1785296169048774894,1384837265473761,88.0,53.35546875,-1.0,0,0
2026-07-28T23:36:09.050,10.42.0.18,10.42.0.1,33,3,UPLOAD,0.9855087261656625,UPLOAD,0.9855087261656625,1,1460,0.20281875127294888,20,79184.0,16060.0,9,11,0.8313804544118265,0.16861954558817352,0.17648624466862223,0,0,1,1,1,1,1,1,0.9699999999999999,1.0,1.0,1.0,0.8,skip,attack_already_active,1785296169.0504224,1785296169050422652,1384837267121273,88.0,53.35546875,-1.0,0,0
2026-07-28T23:36:09.052,10.42.0.18,10.42.0.1,33,3,UPLOAD,0.9855087261656628,UPLOAD,0.9855087261656628,1,1460,0.2212568195693416,21,79184.0,17520.0,9,12,0.8188285903375249,0.1811714096624752,0.15344114609292853,0,0,1,1,1,1,1,1,0.9699999999999999,1.0,1.0,1.0,0.8,skip,attack_already_active,1785296169.0520258,1785296169052025811,1384837268724843,88.0,53.35546875,-1.0,0,0
2026-07-28T23:36:09.053,10.42.0.18,10.42.0.1,33,3,UPLOAD,0.9855087261656628,UPLOAD,0.9855087261656628,1,1460,0.23969488786573434,22,79184.0,18980.0,9,13,0.8066500957581191,0.19334990424188092,0.13344910881315994,0,0,1,1,1,1,1,1,0.9699999999999999,1.0,1.0,1.0,0.8,skip,attack_already_active,1785296169.053753,1785296169053752877,1384837270451802,88.0,53.35546875,-1.0,0,0
2026-07-28T23:36:09.054,10.42.0.18,10.42.0.1,33,3,UPLOAD,0.9855087261656628,UPLOAD,0.9855087261656628,1,1460,0.25813295616212706,23,79184.0,20440.0,9,14,0.7948285553681844,0.20517144463181564,0.11601733495183265,0,0,1,1,1,1,1,1,0.9699999999999999,1.0,1.0,1.0,0.8,skip,attack_already_active,1785296169.054917,1785296169054917173,1384837271615763,88.0,53.35546875,-1.0,0,0
2026-07-28T23:36:09.058,10.42.0.18,10.42.0.1,33,3,UPLOAD,0.9855087261656628,UPLOAD,0.9855087261656628,1,1460,0.2765710244585198,24,79184.0,21900.0,9,15,0.7833485022357644,0.21665149776423567,0.10116792598160916,0,0,1,1,1,1,1,1,0.9699999999999999,1.0,1.0,1.0,0.8,skip,attack_already_active,1785296169.0582464,1785296169058246395,1384837274945134,88.0,53.35546875,-1.0,0,0
2026-07-28T23:36:09.059,10.42.0.18,10.42.0.1,33,3,UPLOAD,0.9855087261656628,UPLOAD,0.9855087261656628,1,1460,0.29500909275491255,25,79184.0,23360.0,9,16,0.7721953502886566,0.22780464971134343,0.0879928468305707,0,0,1,1,1,1,1,1,0.9699999999999999,1.0,1.0,1.0,0.8,skip,attack_already_active,1785296169.0594323,1785296169059432213,1384837276130829,88.0,53.35546875,-1.0,0,0
2026-07-28T23:36:09.061,10.42.0.18,10.42.0.1,33,3,UPLOAD,0.9855087261656628,UPLOAD,0.9855087261656628,1,1460,0.31344716105130527,26,79184.0,24820.0,9,17,0.761355332487212,0.23864466751278798,0.07661909801023578,0,0,1,1,1,1,1,1,0.9699999999999999,1.0,1.0,1.0,0.8,skip,attack_already_active,1785296169.0611129,1785296169061112781,1384837277811890,88.0,53.35546875,-1.0,0,0
2026-07-28T23:36:09.062,10.42.0.18,10.42.0.1,33,3,UPLOAD,0.9855087261656628,UPLOAD,0.9855087261656628,1,1460,0.331885229347698,27,79184.0,26280.0,9,18,0.750815444132595,0.24918455586740498,0.06667430925468598,0,0,1,1,1,1,1,1,0.9699999999999999,1.0,1.0,1.0,0.8,skip,attack_already_active,1785296169.0622637,1785296169062263838,1384837278962441,88.0,53.35546875,-1.0,0,0
2026-07-28T23:36:09.063,10.42.0.18,10.42.0.1,33,3,UPLOAD,0.9855087261656628,UPLOAD,0.9855087261656628,1,1460,0.3503232976440907,28,79184.0,27740.0,9,19,0.7405633908196476,0.2594366091803524,0.05810489827161011,0,0,1,1,1,1,1,1,0.9699999999999999,1.0,1.0,1.0,0.8,skip,attack_already_active,1785296169.0639071,1785296169063906980,1384837280605686,88.0,53.35546875,-1.0,0,0
2026-07-28T23:36:09.067,10.42.0.18,10.42.0.1,33,3,UPLOAD,0.9855087261656628,UPLOAD,0.9855087261656628,1,1460,0.3687613659404835,29,79184.0,29200.0,9,20,0.730587540596398,0.26941245940360203,0.05090088207791536,0,0,1,1,1,1,1,1,0.9699999999999999,1.0,1.0,1.0,0.8,skip,attack_already_active,1785296169.0673428,1785296169067342909,1384837284041629,88.0,53.35546875,-1.0,0,0
2026-07-28T23:36:09.069,10.42.0.18,10.42.0.1,33,3,UPLOAD,0.9855087261656628,UPLOAD,0.9855087261656628,1,1460,0.3871994342368762,30,79184.0,30660.0,9,21,0.7208768799388223,0.2791231200611777,0.04441968266635393,0,0,1,1,1,1,1,1,0.9699999999999999,1.0,1.0,1.0,0.8,skip,attack_already_active,1785296169.0690596,1785296169069059501,1384837285758400,88.0,53.35546875,-1.0,0,0
2026-07-28T23:36:09.070,10.42.0.18,10.42.0.1,33,3,UPLOAD,0.9855087261656628,UPLOAD,0.9855087261656628,1,1460,0.4056375025332689,31,79184.0,32120.0,9,22,0.7114209731905412,0.2885790268094588,0.03872480377400579,0,0,1,1,1,1,1,1,0.9699999999999999,1.0,1.0,1.0,0.8,skip,attack_already_active,1785296169.0702624,1785296169070262617,1384837286961355,88.0,53.35546875,-1.0,0,0
2026-07-28T23:36:09.071,10.42.0.18,10.42.0.1,33,3,UPLOAD,0.9855087261656628,UPLOAD,0.9855087261656628,1,1460,0.42407557082966163,32,79184.0,33580.0,9,23,0.7022099251534177,0.29779007484658226,0.0338413144368302,0,0,1,1,1,1,1,1,0.9699999999999999,1.0,1.0,1.0,0.8,skip,attack_already_active,1785296169.0719278,1785296169071927894,1384837288626635,88.0,53.35546875,-1.0,0,0
2026-07-28T23:36:09.073,10.42.0.18,10.42.0.1,33,3,UPLOAD,0.9855087261656628,UPLOAD,0.9855087261656628,1,1460,0.4425136391260544,33,79184.0,35040.0,9,24,0.6932343465471354,0.30676565345286455,0.029529869542227527,0,0,1,1,1,1,1,1,0.9699999999999999,1.0,1.0,1.0,0.8,skip,attack_already_active,1785296169.0730507,1785296169073050563,1384837289749214,88.0,53.35546875,-1.0,0,0
2026-07-28T23:36:09.074,10.42.0.18,10.42.0.1,33,3,UPLOAD,0.9855087261656628,UPLOAD,0.9855087261656628,1,1460,0.4609517074224471,34,79184.0,36500.0,9,25,0.6844853220842986,0.31551467791570137,0.025844811019223344,0,0,1,1,1,1,1,1,0.9699999999999999,1.0,1.0,1.0,0.8,skip,attack_already_active,1785296169.0746157,1785296169074615868,1384837291314807,88.0,53.35546875,-1.0,0,0
2026-07-28T23:36:09.075,10.42.0.18,10.42.0.1,33,3,UPLOAD,0.9855087261656628,UPLOAD,0.9855087261656628,1,1460,0.47938977571883984,35,79184.0,37960.0,9,26,0.675954380932869,0.32404561906713103,0.0225856559104798,0,0,1,1,1,1,1,1,0.9699999999999999,1.0,1.0,1.0,0.8,skip,attack_already_active,1785296169.0757277,1785296169075727508,1384837292426322,88.0,53.35546875,-1.0,0,0
2026-07-28T23:36:09.077,10.42.0.18,10.42.0.1,33,3,UPLOAD,0.9855087261656628,UPLOAD,0.9855087261656628,1,1460,0.49782784401523256,36,79184.0,39420.0,9,27,0.6676334693602239,0.33236653063977606,0.019833418327056394,0,0,1,1,1,1,1,1,0.9699999999999999,1.0,1.0,1.0,0.8,skip,attack_already_active,1785296169.0774274,1785296169077427471,1384837294126373,88.0,53.35546875,-1.0,0,0
2026-07-28T23:36:09.078,10.42.0.18,10.42.0.1,33,3,UPLOAD,0.9855087261656628,UPLOAD,0.9855087261656628,1,1460,0.5162659123116253,37,79184.0,40880.0,9,28,0.6595149253731343,0.34048507462686567,0.01737577370651652,0,0,1,1,1,1,1,1,0.9699999999999999,1.0,1.0,1.0,0.8,skip,attack_already_active,1785296169.0786104,1785296169078610459,1384837295309234,88.0,53.35546875,-1.0,0,0
2026-07-28T23:36:09.080,10.42.0.18,10.42.0.1,33,3,UPLOAD,0.9855087261656628,UPLOAD,0.9855087261656628,1,1460,0.534703980608018,38,79184.0,42340.0,9,29,0.651591455185807,0.3484085448141931,0.015305478630651145,0,0,1,1,1,1,1,1,0.9699999999999999,1.0,1.0,1.0,0.8,skip,attack_already_active,1785296169.0802753,1785296169080275271,1384837296973899,88.0,53.35546875,-1.0,0,0
2026-07-28T23:36:09.081,10.42.0.18,10.42.0.1,33,3,UPLOAD,0.9855087261656628,UPLOAD,0.9855087261656628,1,1460,0.5531420489044108,39,79184.0,43800.0,9,30,0.6438561113640798,0.3561438886359201,0.013439285556359967,0,0,1,1,1,1,1,1,0.9699999999999999,1.0,1.0,1.0,0.8,skip,attack_already_active,1785296169.0814188,1785296169081418848,1384837298117303,88.0,53.35546875,-1.0,0,0
2026-07-28T23:36:09.082,10.42.0.18,10.42.0.1,33,3,UPLOAD,0.9855087261656628,UPLOAD,0.9855087261656628,1,1460,0.5715801172008035,40,79184.0,45260.0,9,31,0.6363022725081161,0.3636977274918839,0.011876157482137516,0,0,1,1,1,1,1,1,0.9699999999999999,1.0,1.0,1.0,0.8,skip,attack_already_active,1785296169.082996,1785296169082995860,1384837299694448,88.0,53.35546875,-1.0,0,0
2026-07-28T23:36:09.084,10.42.0.18,10.42.0.1,33,3,UPLOAD,0.9855087261656628,UPLOAD,0.9855087261656628,1,1460,0.5900181854971962,41,79184.0,46720.0,9,32,0.6289236243487101,0.37107637565128987,0.010453944175127959,0,0,1,1,1,1,1,1,0.9699999999999999,1.0,1.0,1.0,0.8,skip,attack_already_active,1785296169.0840793,1785296169084079259,1384837300777866,88.0,53.35546875,-1.0,0,0
2026-07-28T23:36:09.086,10.42.0.18,10.42.0.1,33,3,UPLOAD,0.9855087261656628,UPLOAD,0.9855087261656628,1,1460,0.6084562537935889,42,79184.0,48180.0,9,33,0.6217141421437768,0.3782858578562231,0.009387759894954143,0,0,1,1,1,1,1,1,0.9699999999999999,1.0,1.0,1.0,0.8,skip,attack_already_active,1785296169.0864422,1785296169086442178,1384837303141964,88.0,53.35546875,-1.0,0,0
2026-07-28T23:36:09.087,10.42.0.18,10.42.0.1,33,3,UPLOAD,0.9855087261656628,UPLOAD,0.9855087261656628,1,1460,0.6268943220899817,43,79184.0,49640.0,9,34,0.6146680742718748,0.3853319257281252,0.008336590060378768,0,0,1,1,1,1,1,1,0.9699999999999999,1.0,1.0,1.0,0.8,skip,attack_already_active,1785296169.087853,1785296169087853182,1384837304552168,88.0,53.35546875,-1.0,0,0
2026-07-28T23:36:09.089,10.42.0.18,10.42.0.1,33,3,UPLOAD,0.9855087261656628,UPLOAD,0.9855087261656628,1,1460,0.6453323903863745,44,79184.0,51100.0,9,35,0.6077799269288631,0.3922200730711369,0.007462863832075124,0,0,1,1,1,1,1,1,0.9699999999999999,1.0,1.0,1.0,0.8,skip,attack_already_active,1785296169.089559,1785296169089559133,1384837306257789,88.0,53.35546875,-1.0,0,0
2026-07-28T23:36:09.090,10.42.0.18,10.42.0.1,33,3,UPLOAD,0.9855087261656628,UPLOAD,0.9855087261656628,1,1460,0.6637704586827672,45,79184.0,52560.0,9,36,0.601044449842118,0.398955550157882,0.006636379235612331,0,0,1,1,1,1,1,1,0.9699999999999999,1.0,1.0,1.0,0.8,skip,attack_already_active,1785296169.09075,1785296169090749955,1384837307448491,88.0,53.35546875,-1.0,0,0
2026-07-28T23:36:09.092,10.42.0.18,10.42.0.1,33,3,UPLOAD,0.9855087261656628,UPLOAD,0.9855087261656628,1,1460,0.6822085269791599,46,79184.0,54020.0,9,37,0.5944566229242365,0.4055433770757635,0.00599068740573367,0,0,1,1,1,1,1,1,0.9699999999999999,1.0,1.0,1.0,0.8,skip,attack_already_active,1785296169.0924864,1785296169092486288,1384837309184795,88.0,53.35546875,-1.0,0,0
2026-07-28T23:36:09.093,10.42.0.18,10.42.0.1,33,3,UPLOAD,0.9855087261656628,UPLOAD,0.9855087261656628,1,1460,0.7006465952755526,47,79184.0,55480.0,9,38,0.5880116437949267,0.41198835620507335,0.00536485858191498,0,0,1,1,1,1,1,1,0.9699999999999999,1.0,1.0,1.0,0.8,skip,attack_already_active,1785296169.0937278,1785296169093727784,1384837310426312,88.0,53.35546875,-1.0,0,0
2026-07-28T23:36:09.095,10.42.0.18,10.42.0.1,33,3,UPLOAD,0.9855087261656628,UPLOAD,0.9855087261656628,1,1460,0.7190846635719453,48,79184.0,56940.0,9,39,0.5817049161059035,0.4182950838940966,0.004893098459496592,0,0,1,1,1,1,1,1,0.9699999999999999,1.0,1.0,1.0,0.8,skip,attack_already_active,1785296169.0955126,1785296169095512499,1384837312211141,88.0,53.35546875,-1.0,0,0
2026-07-28T23:36:09.096,10.42.0.18,10.42.0.1,33,3,UPLOAD,0.9855087261656628,UPLOAD,0.9855087261656628,1,1460,0.737522731868338,49,79184.0,58400.0,9,40,0.5755320386091406,0.4244679613908594,0.004415736768771854,0,0,1,1,1,1,1,1,0.9699999999999999,1.0,1.0,1.0,0.8,skip,attack_already_active,1785296169.0967832,1785296169096782991,1384837313481388,88.0,53.35546875,-1.0,0,0
2026-07-28T23:36:09.098,10.42.0.18,10.42.0.1,33,3,UPLOAD,0.9855087261656628,UPLOAD,0.9855087261656628,1,1460,0.7559608001647308,50,79184.0,59860.0,9,41,0.5694887949138402,0.43051120508615975,0.004061066628766115,0,0,1,1,1,1,1,1,0.9699999999999999,1.0,1.0,1.0,0.8,skip,attack_already_active,1785296169.0985074,1785296169098507537,1384837315206043,88.0,53.35546875,-1.0,0,0
2026-07-28T23:36:09.099,10.42.0.18,10.42.0.1,33,3,UPLOAD,0.9855087261656628,UPLOAD,0.9855087261656628,1,1460,0.7743988684611235,51,79184.0,61320.0,9,42,0.5635711438820247,0.4364288561179753,0.0036858995474086252,0,0,1,1,1,1,1,1,0.9699999999999999,1.0,1.0,1.0,0.8,skip,attack_already_active,1785296169.0997214,1785296169099721373,1384837316419862,88.0,53.35546875,-1.0,0,0
2026-07-28T23:36:09.100,10.42.0.18,10.42.0.1,33,3,UPLOAD,0.9855087261656628,UPLOAD,0.9855087261656628,1,1460,0.7928369367575163,52,79184.0,62780.0,9,43,0.557775210616776,0.4422247893832239,0.0033574680054851277,0,0,1,1,1,1,1,1,0.9699999999999999,1.0,1.0,1.0,0.8,skip,attack_already_active,1785296169.100915,1785296169100914962,1384837317614101,88.0,53.35546875,-1.0,0,0
2026-07-28T23:36:09.102,10.42.0.18,10.42.0.1,33,3,UPLOAD,0.9855087261656628,UPLOAD,0.9855087261656628,1,1460,0.811275005053909,53,79184.0,64240.0,9,44,0.5520972780008925,0.4479027219991075,0.0030750172589501614,0,0,1,1,1,1,1,1,0.9699999999999999,1.0,1.0,1.0,0.8,skip,attack_already_active,1785296169.102129,1785296169102128874,1384837318827520,88.0,53.35546875,-1.0,0,0
2026-07-28T23:36:09.104,10.42.0.18,10.42.0.1,33,3,UPLOAD,0.9855087261656628,UPLOAD,0.9855087261656628,1,1460,0.8297130733503016,54,79184.0,65700.0,9,45,0.5465337787471356,0.45346622125286434,0.0029374540189766422,0,0,1,1,1,1,1,1,0.9699999999999999,1.0,1.0,1.0,0.8,skip,attack_already_active,1785296169.10416,1785296169104159927,1384837320859536,88.0,53.35546875,-1.0,0,0
2026-07-28T23:36:09.105,10.42.0.18,10.42.0.1,33,3,UPLOAD,0.9855087261656628,UPLOAD,0.9855087261656628,1,1460,0.8481511416466944,55,79184.0,67160.0,9,46,0.5410812879243426,0.4589187120756574,0.002753015332423833,0,0,1,1,1,1,1,1,0.9699999999999999,1.0,1.0,1.0,0.8,skip,attack_already_active,1785296169.1056979,1785296169105697860,1384837322396909,88.0,53.35546875,-1.0,0,0
2026-07-28T23:36:09.107,10.42.0.1,10.42.0.1,41,3,UPLOAD,0.6113645598100921,UPLOAD,0.6113645598100921,0,43,0.872991189040919,49,273296.0,238585.0,23,26,0.5339053412804929,0.46609465871950706,0.02905504851159782,1,0,1,1,1,1,1,1,0.8200000000000001,0.8000000000000002,1.0,0.6000000000000001,0.8,skip,attack_already_active,1785296169.1078036,1785296169107803772,1384837324503563,88.0,53.35546875,-1.0,0,0
2026-07-28T23:36:09.109,10.42.0.1,10.42.0.1,41,3,UPLOAD,0.95,UPLOAD,0.95,1,14480,0.9259740354782874,50,273296.0,253065.0,23,27,0.5192177991910495,0.4807822008089505,0.030921884499570985,1,0,1,1,1,1,1,1,0.9699999999999999,1.0,1.0,1.0,0.8,skip,attack_already_active,1785296169.1094098,1785296169109409787,1384837326109186,88.0,53.35546875,-1.0,0,0
2026-07-28T23:36:09.114,10.42.0.1,10.42.0.1,41,3,UPLOAD,0.95,UPLOAD,0.95,1,1336,0.9308625080501329,51,273296.0,254401.0,23,28,0.5179032664578347,0.4820967335421653,0.027460313166833783,1,0,1,1,1,1,1,1,0.9699999999999999,1.0,1.0,1.0,0.8,skip,attack_already_active,1785296169.1140628,1785296169114062732,1384837330761743,88.0,53.35546875,-1.0,0,0
2026-07-28T23:36:10.372,10.42.0.210,10.42.0.1|10.42.0.210,41,3,UPLOAD,0.95,UPLOAD,0.95,1,1448,100.0,1,0.0,1448.0,0,1,0.0,1.0,0.6919009174007753,1,0,0,1,1,1,1,1,0.9525,0.95,1.0,1.0,0.8,trigger,training_upload_trigger_confirmed,1785296170.3727524,1785296170372752449,1384838589451637,8.2,53.35546875,6.853095,1785296170379607455,1384838596304732
2026-07-28T23:36:10.373,10.42.0.210,10.42.0.1|10.42.0.210,41,3,UPLOAD,0.9841010226033655,UPLOAD,0.9841010226033655,1,1448,100.0,2,0.0,2896.0,0,2,0.0,1.0,0.6008804270612825,1,0,1,1,1,1,1,1,0.9699999999999999,1.0,1.0,1.0,0.8,skip,attack_already_active,1785296170.373924,1785296170373924171,1384838590624812,8.2,53.35546875,-1.0,0,0
2026-07-28T23:36:10.375,10.42.0.210,10.42.0.1|10.42.0.210,41,3,UPLOAD,0.9854688349332961,UPLOAD,0.9854688349332961,1,1448,100.0,3,0.0,4344.0,0,3,0.0,1.0,0.5219442502398011,1,0,1,1,1,1,1,1,0.9699999999999999,1.0,1.0,1.0,0.8,skip,attack_already_active,1785296170.3757796,1785296170375779615,1384838592478760,8.2,53.35546875,-1.0,0,0
2026-07-28T23:36:10.376,10.42.0.210,10.42.0.1|10.42.0.210,41,3,UPLOAD,0.9855076450773014,UPLOAD,0.9855076450773014,1,1448,100.0,4,0.0,5792.0,0,4,0.0,1.0,0.45331040985779636,1,0,1,1,1,1,1,1,0.9699999999999999,1.0,1.0,1.0,0.8,skip,attack_already_active,1785296170.3768806,1785296170376880696,1384838593579204,8.2,53.35546875,-1.0,0,0
2026-07-28T23:36:10.378,10.42.0.210,10.42.0.1|10.42.0.210,41,3,UPLOAD,0.9855086980780915,UPLOAD,0.9855086980780915,1,1448,100.0,5,0.0,7240.0,0,5,0.0,1.0,0.3937819271696768,1,0,1,1,1,1,1,1,0.9699999999999999,1.0,1.0,1.0,0.8,skip,attack_already_active,1785296170.3784459,1785296170378445777,1384838595144408,8.2,53.35546875,-1.0,0,0
2026-07-28T23:36:10.379,10.42.0.210,10.42.0.1|10.42.0.210,41,3,UPLOAD,0.9855087254685951,UPLOAD,0.9855087254685951,1,1448,100.0,6,0.0,8688.0,0,6,0.0,1.0,0.3420187322817835,1,0,1,1,1,1,1,1,0.9699999999999999,1.0,1.0,1.0,0.8,skip,attack_already_active,1785296170.3794112,1785296170379411244,1384838596109491,8.2,53.35546875,-1.0,0,0
2026-07-28T23:36:10.380,10.42.0.210,10.42.0.1|10.42.0.210,41,3,UPLOAD,0.9855087261493067,UPLOAD,0.9855087261493067,1,1448,100.0,7,0.0,10136.0,0,7,0.0,1.0,0.2971387800990968,1,0,1,1,1,1,1,1,0.9699999999999999,1.0,1.0,1.0,0.8,skip,attack_already_active,1785296170.3808484,1785296170380848508,1384838597546943,8.2,53.35546875,-1.0,0,0
2026-07-28T23:36:10.381,10.42.0.210,10.42.0.1|10.42.0.210,41,3,UPLOAD,0.9855087261653082,UPLOAD,0.9855087261653082,1,1448,100.0,8,0.0,11584.0,0,8,0.0,1.0,0.2581148316859615,1,0,1,1,1,1,1,1,0.9699999999999999,1.0,1.0,1.0,0.8,skip,attack_already_active,1785296170.3818452,1785296170381845137,1384838598543524,8.2,53.35546875,-1.0,0,0
2026-07-28T23:36:10.383,10.42.0.210,10.42.0.1|10.42.0.210,41,3,UPLOAD,0.985508726165656,UPLOAD,0.985508726165656,1,1448,100.0,9,0.0,13032.0,0,9,0.0,1.0,0.22428671589866153,1,0,1,1,1,1,1,1,0.9699999999999999,1.0,1.0,1.0,0.8,skip,attack_already_active,1785296170.3832479,1785296170383247860,1384838599946164,8.2,53.35546875,-1.0,0,0
2026-07-28T23:36:10.384,10.42.0.210,10.42.0.1|10.42.0.210,41,3,UPLOAD,0.9855087261656625,UPLOAD,0.9855087261656625,1,1448,100.0,10,0.0,14480.0,0,10,0.0,1.0,0.19485665171922156,1,0,1,1,1,1,1,1,0.9699999999999999,1.0,1.0,1.0,0.8,skip,attack_already_active,1785296170.384198,1785296170384197854,1384838600896170,8.2,53.35546875,-1.0,0,0
2026-07-28T23:36:10.385,10.42.0.210,10.42.0.1|10.42.0.210,41,3,UPLOAD,0.9855087261656628,UPLOAD,0.9855087261656628,1,1448,100.0,11,0.0,15928.0,0,11,0.0,1.0,0.16935611761332592,1,0,1,1,1,1,1,1,0.9699999999999999,1.0,1.0,1.0,0.8,skip,attack_already_active,1785296170.385538,1785296170385538173,1384838602236662,8.2,53.35546875,-1.0,0,0
2026-07-28T23:36:10.386,10.42.0.210,10.42.0.1|10.42.0.210,41,3,UPLOAD,0.95,UPLOAD,0.95,1,1448,100.0,12,0.0,17376.0,0,12,0.0,1.0,0.14716346706622677,1,0,1,1,1,1,1,1,0.9699999999999999,1.0,1.0,1.0,0.8,skip,attack_already_active,1785296170.3864803,1785296170386480392,1384838603178713,8.2,53.35546875,-1.0,0,0
2026-07-28T23:36:10.387,10.42.0.210,10.42.0.1|10.42.0.210,41,3,UPLOAD,0.95,UPLOAD,0.95,1,1448,100.0,13,0.0,18824.0,0,13,0.0,1.0,0.12795223256760085,1,0,1,1,1,1,1,1,0.9699999999999999,1.0,1.0,1.0,0.8,skip,attack_already_active,1785296170.387855,1785296170387855224,1384838604553989,8.2,53.35546875,-1.0,0,0
2026-07-28T23:36:10.389,10.42.0.210,10.42.0.1|10.42.0.210,41,3,UPLOAD,0.95,UPLOAD,0.95,1,1448,100.0,14,0.0,20272.0,0,14,0.0,1.0,0.11125501733504649,1,0,1,1,1,1,1,1,0.9699999999999999,1.0,1.0,1.0,0.8,skip,attack_already_active,1785296170.3890967,1785296170389096816,1384838605796128,8.2,53.35546875,-1.0,0,0
2026-07-28T23:36:10.391,10.42.0.210,10.42.0.1|10.42.0.210,41,3,UPLOAD,0.95,UPLOAD,0.95,1,1448,100.0,15,0.0,21720.0,0,15,0.0,1.0,0.0968772038602597,1,0,1,1,1,1,1,1,0.9699999999999999,1.0,1.0,1.0,0.8,skip,attack_already_active,1785296170.3912425,1785296170391242471,1384838607941430,8.2,53.35546875,-1.0,0,0
2026-07-28T23:36:10.392,10.42.0.210,10.42.0.1|10.42.0.210,41,3,UPLOAD,0.95,UPLOAD,0.95,1,1448,100.0,16,0.0,23168.0,0,16,0.0,1.0,0.08426074616144938,1,0,1,1,1,1,1,1,0.9699999999999999,1.0,1.0,1.0,0.8,skip,attack_already_active,1785296170.392377,1785296170392376938,1384838609075767,8.2,53.35546875,-1.0,0,0
2026-07-28T23:36:10.393,10.42.0.210,10.42.0.1|10.42.0.210,41,3,UPLOAD,0.95,UPLOAD,0.95,1,1448,100.0,17,0.0,24616.0,0,17,0.0,1.0,0.0733544757934834,1,0,1,1,1,1,1,1,0.9699999999999999,1.0,1.0,1.0,0.8,skip,attack_already_active,1785296170.393873,1785296170393872917,1384838610571531,8.2,53.35546875,-1.0,0,0
2026-07-28T23:36:10.394,10.42.0.210,10.42.0.1|10.42.0.210,41,3,UPLOAD,0.95,UPLOAD,0.95,1,1448,100.0,18,0.0,26064.0,0,18,0.0,1.0,0.0638350111866887,1,0,1,1,1,1,1,1,0.9699999999999999,1.0,1.0,1.0,0.8,skip,attack_already_active,1785296170.3949869,1785296170394986659,1384838611685140,8.2,53.35546875,-1.0,0,0
2026-07-28T23:36:10.396,10.42.0.210,10.42.0.1|10.42.0.210,41,3,UPLOAD,0.95,UPLOAD,0.95,1,1448,100.0,19,0.0,27512.0,0,19,0.0,1.0,0.055614424708074955,1,0,1,1,1,1,1,1,0.9699999999999999,1.0,1.0,1.0,0.8,skip,attack_already_active,1785296170.3964381,1785296170396437978,1384838613136275,8.2,53.35546875,-1.0,0,0
2026-07-28T23:36:10.397,10.42.0.210,10.42.0.1|10.42.0.210,41,3,UPLOAD,0.95,UPLOAD,0.95,1,1448,100.0,20,0.0,28960.0,0,20,0.0,1.0,0.04841445518747215,1,0,1,1,1,1,1,1,0.9699999999999999,1.0,1.0,1.0,0.8,skip,attack_already_active,1785296170.397414,1785296170397413772,1384838614112513,8.2,53.35546875,-1.0,0,0
2026-07-28T23:36:10.398,10.42.0.210,10.42.0.1|10.42.0.210,41,3,UPLOAD,0.95,UPLOAD,0.95,1,1448,100.0,21,0.0,30408.0,0,21,0.0,1.0,0.04221870968077553,1,0,1,1,1,1,1,1,0.9699999999999999,1.0,1.0,1.0,0.8,skip,attack_already_active,1785296170.3988106,1785296170398810682,1384838615509014,8.2,53.35546875,-1.0,0,0
2026-07-28T23:36:10.399,10.42.0.210,10.42.0.1|10.42.0.210,41,3,UPLOAD,0.95,UPLOAD,0.95,1,1448,100.0,22,0.0,31856.0,0,22,0.0,1.0,0.036783796304516836,1,0,1,1,1,1,1,1,0.9699999999999999,1.0,1.0,1.0,0.8,skip,attack_already_active,1785296170.3997853,1785296170399785143,1384838616483505,8.2,53.35546875,-1.0,0,0
2026-07-28T23:36:10.400,10.42.0.210,10.42.0.1|10.42.0.210,41,3,UPLOAD,0.95,UPLOAD,0.95,1,1448,100.0,23,0.0,33304.0,0,23,0.0,1.0,0.032077475656557164,1,0,1,1,1,1,1,1,0.9699999999999999,1.0,1.0,1.0,0.8,skip,attack_already_active,1785296170.400854,1785296170400853977,1384838617552447,8.2,53.35546875,-1.0,0,0
2026-07-28T23:36:10.401,10.42.0.210,10.42.0.1|10.42.0.210,41,3,UPLOAD,0.95,UPLOAD,0.95,1,1448,100.0,24,0.0,34752.0,0,24,0.0,1.0,0.02795023384598025,1,0,1,1,1,1,1,1,0.9699999999999999,1.0,1.0,1.0,0.8,skip,attack_already_active,1785296170.401611,1785296170401611010,1384838618309250,8.2,53.35546875,-1.0,0,0
2026-07-28T23:36:10.402,10.42.0.210,10.42.0.1|10.42.0.210,41,3,UPLOAD,0.95,UPLOAD,0.95,1,1448,100.0,25,0.0,36200.0,0,25,0.0,1.0,0.02439896579875561,1,0,1,1,1,1,1,1,0.9699999999999999,1.0,1.0,1.0,0.8,skip,attack_already_active,1785296170.4026117,1785296170402611659,1384838619310132,8.2,53.35546875,-1.0,0,0
2026-07-28T23:36:10.403,10.42.0.210,10.42.0.1|10.42.0.210,41,3,UPLOAD,0.95,UPLOAD,0.95,1,1448,100.0,26,0.0,37648.0,0,26,0.0,1.0,0.021281796166800503,1,0,1,1,1,1,1,1,0.9699999999999999,1.0,1.0,1.0,0.8,skip,attack_already_active,1785296170.4033554,1785296170403355386,1384838620053854,8.2,53.35546875,-1.0,0,0
2026-07-28T23:36:10.404,10.42.0.210,10.42.0.1|10.42.0.210,41,3,UPLOAD,0.95,UPLOAD,0.95,1,1448,100.0,27,0.0,39096.0,0,27,0.0,1.0,0.018690032297612666,1,0,1,1,1,1,1,1,0.9699999999999999,1.0,1.0,1.0,0.8,skip,attack_already_active,1785296170.404969,1785296170404968905,1384838621671551,8.2,53.35546875,-1.0,0,0
2026-07-28T23:36:10.406,10.42.0.210,10.42.0.1|10.42.0.210,41,3,UPLOAD,0.95,UPLOAD,0.95,1,1448,100.0,28,0.0,40544.0,0,28,0.0,1.0,0.016374793966058395,1,0,1,1,1,1,1,1,0.9699999999999999,1.0,1.0,1.0,0.8,skip,attack_already_active,1785296170.4060893,1785296170406089124,1384838622788482,8.2,53.35546875,-1.0,0,0
2026-07-28T23:36:10.407,10.42.0.210,10.42.0.1|10.42.0.210,41,3,UPLOAD,0.95,UPLOAD,0.95,1,1448,100.0,29,0.0,41992.0,0,29,0.0,1.0,0.014367535344069465,1,0,1,1,1,1,1,1,0.9699999999999999,1.0,1.0,1.0,0.8,skip,attack_already_active,1785296170.4072316,1785296170407231572,1384838623929916,8.2,53.35546875,-1.0,0,0
2026-07-28T23:36:10.408,10.42.0.210,10.42.0.1|10.42.0.210,41,3,UPLOAD,0.95,UPLOAD,0.95,1,1448,100.0,30,0.0,43440.0,0,30,0.0,1.0,0.012575896559326944,1,0,1,1,1,1,1,1,0.9699999999999999,1.0,1.0,1.0,0.8,skip,attack_already_active,1785296170.4080029,1785296170408002933,1384838624701130,8.2,53.35546875,-1.0,0,0
2026-07-28T23:36:10.409,10.42.0.210,10.42.0.1|10.42.0.210,41,3,UPLOAD,0.95,UPLOAD,0.95,1,1448,100.0,31,0.0,44888.0,0,31,0.0,1.0,0.011061067079869907,1,0,1,1,1,1,1,1,0.9699999999999999,1.0,1.0,1.0,0.8,skip,attack_already_active,1785296170.4090831,1785296170409083153,1384838625781586,8.2,53.35546875,-1.0,0,0
2026-07-28T23:36:10.409,10.42.0.210,10.42.0.1|10.42.0.210,41,3,UPLOAD,0.95,UPLOAD,0.95,1,1448,100.0,32,0.0,46336.0,0,32,0.0,1.0,0.009695993907056702,1,0,1,1,1,1,1,1,0.9699999999999999,1.0,1.0,1.0,0.8,skip,attack_already_active,1785296170.409785,1785296170409785077,1384838626483256,8.2,53.35546875,-1.0,0,0
2026-07-28T23:36:10.410,10.42.0.210,10.42.0.1|10.42.0.210,41,3,UPLOAD,0.95,UPLOAD,0.95,1,1448,100.0,33,0.0,47784.0,0,33,0.0,1.0,0.008501565786853734,1,0,1,1,1,1,1,1,0.9699999999999999,1.0,1.0,1.0,0.8,skip,attack_already_active,1785296170.4104168,1785296170410416974,1384838627115093,8.2,53.35546875,-1.0,0,0
2026-07-28T23:36:10.411,10.42.0.210,10.42.0.1|10.42.0.210,41,3,UPLOAD,0.95,UPLOAD,0.95,1,1448,100.0,34,0.0,49232.0,0,34,0.0,1.0,0.007497395483459724,1,0,1,1,1,1,1,1,0.9699999999999999,1.0,1.0,1.0,0.8,skip,attack_already_active,1785296170.411298,1785296170411298156,1384838627996240,8.2,53.35546875,-1.0,0,0
2026-07-28T23:36:10.411,10.42.0.210,10.42.0.1|10.42.0.210,41,3,UPLOAD,0.95,UPLOAD,0.95,1,1448,100.0,35,0.0,50680.0,0,35,0.0,1.0,0.006592655085121844,1,0,1,1,1,1,1,1,0.9699999999999999,1.0,1.0,1.0,0.8,skip,attack_already_active,1785296170.4119296,1785296170411929515,1384838628627549,8.2,53.35546875,-1.0,0,0
2026-07-28T23:36:10.412,10.42.0.210,10.42.0.1|10.42.0.210,41,3,UPLOAD,0.95,UPLOAD,0.95,1,1448,100.0,36,0.0,52128.0,0,36,0.0,1.0,0.005807764721797804,1,0,1,1,1,1,1,1,0.9699999999999999,1.0,1.0,1.0,0.8,skip,attack_already_active,1785296170.412566,1785296170412565968,1384838629264461,8.2,53.35546875,-1.0,0,0
2026-07-28T23:36:10.415,10.42.0.1,10.42.0.1|10.42.0.210,41,3,UPLOAD,0.95,UPLOAD,0.95,1,7240,100.0,1,0.0,7240.0,0,1,0.0,1.0,0.1929984927728953,1,0,1,1,1,1,1,1,0.9699999999999999,1.0,1.0,1.0,0.8,skip,attack_already_active,1785296170.4150405,1785296170415040408,1384838631739005,8.2,53.35546875,-1.0,0,0
2026-07-28T23:36:10.415,10.42.0.1,10.42.0.1|10.42.0.210,41,3,UPLOAD,0.9637824273358612,UPLOAD,0.9637824273358612,1,7240,100.0,2,0.0,14480.0,0,2,0.0,1.0,0.1676627962494135,1,0,1,1,1,1,1,1,0.9699999999999999,1.0,1.0,1.0,0.8,skip,attack_already_active,1785296170.4157734,1785296170415773365,1384838632471840,8.2,53.35546875,-1.0,0,0
2026-07-28T23:36:10.440,10.42.0.1,10.42.0.1|10.42.0.210,41,3,UPLOAD,0.9724328366853638,UPLOAD,0.9724328366853638,1,1448,100.0,3,0.0,15928.0,0,3,0.0,1.0,0.14877203833592187,1,0,1,1,1,1,1,1,0.9699999999999999,1.0,1.0,1.0,0.8,skip,attack_already_active,1785296170.4400795,1785296170440079483,1384838656778723,8.2,53.35546875,-1.0,0,0
2026-07-28T23:36:10.518,10.42.0.1,10.42.0.1|10.42.0.210,41,3,UPLOAD,0.9739835544671465,UPLOAD,0.9739835544671465,1,14480,100.0,4,0.0,30408.0,0,4,0.0,1.0,0.1395550240361689,1,0,1,1,1,1,1,1,0.9699999999999999,1.0,1.0,1.0,0.8,skip,attack_already_active,1785296170.518906,1785296170518906133,1384838735604708,8.2,53.35546875,-1.0,0,0
2026-07-28T23:36:10.519,10.42.0.1,10.42.0.1|10.42.0.210,41,3,UPLOAD,0.9750479402157531,UPLOAD,0.9750479402157531,1,14480,100.0,5,0.0,44888.0,0,5,0.0,1.0,0.12127001217833504,1,0,1,1,1,1,1,1,0.9699999999999999,1.0,1.0,1.0,0.8,skip,attack_already_active,1785296170.5197012,1785296170519701159,1384838736399434,8.2,53.35546875,-1.0,0,0
2026-07-28T23:36:10.520,10.42.0.1,10.42.0.1|10.42.0.210,41,3,UPLOAD,0.975989506496139,UPLOAD,0.975989506496139,1,1448,100.0,6,0.0,46336.0,0,6,0.0,1.0,0.10541548492255741,1,0,1,1,1,1,1,1,0.9699999999999999,1.0,1.0,1.0,0.8,skip,attack_already_active,1785296170.5206556,1785296170520655622,1384838737353990,8.2,53.35546875,-1.0,0,0
2026-07-28T23:36:10.521,10.42.0.1,10.42.0.1|10.42.0.210,41,3,UPLOAD,0.9748334277039679,UPLOAD,0.9748334277039679,0,43,100.0,6,0.0,46336.0,0,6,0.0,1.0,0.27779853819183764,1,0,1,1,1,1,1,1,0.8374999999999999,0.8500000000000001,1.0,0.6000000000000001,0.8,skip,attack_already_active,1785296170.5213864,1785296170521386402,1384838738085172,8.2,53.35546875,-1.0,0,0
2026-07-28T23:36:10.523,10.42.0.1,10.42.0.1|10.42.0.210,41,3,UPLOAD,0.9771698080983421,UPLOAD,0.9771698080983421,1,14480,100.0,7,0.0,60816.0,0,7,0.0,1.0,0.24150592679026284,1,0,1,1,1,1,1,1,0.9699999999999999,1.0,1.0,1.0,0.8,skip,attack_already_active,1785296170.5230396,1785296170523039367,1384838739737767,8.2,53.35546875,-1.0,0,0
2026-07-28T23:36:10.523,10.42.0.1,10.42.0.1|10.42.0.210,41,3,UPLOAD,0.9780654589580574,UPLOAD,0.9780654589580574,1,14480,100.0,8,0.0,75296.0,0,8,0.0,1.0,0.20977705788755596,1,0,1,1,1,1,1,1,0.9699999999999999,1.0,1.0,1.0,0.8,skip,attack_already_active,1785296170.523764,1785296170523763990,1384838740462360,8.2,53.35546875,-1.0,0,0
2026-07-28T23:36:10.525,10.42.0.1,10.42.0.1|10.42.0.210,41,3,UPLOAD,0.9787978442652394,UPLOAD,0.9787978442652394,1,4233,100.0,9,0.0,79529.0,0,9,0.0,1.0,0.1824015372988843,1,0,1,1,1,1,1,1,0.9699999999999999,1.0,1.0,1.0,0.8,skip,attack_already_active,1785296170.5257957,1785296170525795510,1384838742494596,8.2,53.35546875,-1.0,0,0
2026-07-28T23:36:12.447,10.42.0.47,10.42.0.1|10.42.0.210|10.42.0.47,41,3,UPLOAD,0.95,UPLOAD,0.95,1,7240,100.0,1,0.0,7240.0,0,1,0.0,1.0,0.640568774120025,1,0,0,1,1,1,1,1,0.9699999999999999,1.0,1.0,1.0,0.8,trigger,training_upload_trigger_confirmed,1785296172.447387,1785296172447386843,1384840664085510,11.7,53.35546875,5.929382,1785296172453317634,1384840670014892
2026-07-28T23:36:12.448,10.42.0.47,10.42.0.1|10.42.0.210|10.42.0.47,41,3,UPLOAD,0.95,UPLOAD,0.95,1,7240,100.0,2,0.0,14480.0,0,2,0.0,1.0,0.5562599254113839,1,0,1,1,1,1,1,1,0.9699999999999999,1.0,1.0,1.0,0.8,skip,attack_already_active,1785296172.4481592,1785296172448159126,1384840664857302,11.7,53.35546875,-1.0,0,0
2026-07-28T23:36:12.455,10.42.0.47,10.42.0.1|10.42.0.210|10.42.0.47,41,3,UPLOAD,0.95,UPLOAD,0.95,1,14480,100.0,3,0.0,28960.0,0,3,0.0,1.0,0.4838850052504966,1,0,1,1,1,1,1,1,0.9699999999999999,1.0,1.0,1.0,0.8,skip,attack_already_active,1785296172.455186,1785296172455185967,1384840671884695,11.7,53.35546875,-1.0,0,0
2026-07-28T23:36:12.456,10.42.0.47,10.42.0.1|10.42.0.210|10.42.0.47,41,3,UPLOAD,0.95,UPLOAD,0.95,1,7240,100.0,4,0.0,36200.0,0,4,0.0,1.0,0.42024971897667873,1,0,1,1,1,1,1,1,0.9699999999999999,1.0,1.0,1.0,0.8,skip,attack_already_active,1785296172.4561603,1785296172456160310,1384840672858369,11.7,53.35546875,-1.0,0,0
2026-07-28T23:36:12.457,10.42.0.47,10.42.0.1|10.42.0.210|10.42.0.47,41,3,UPLOAD,0.95,UPLOAD,0.95,1,7240,100.0,5,0.0,43440.0,0,5,0.0,1.0,0.3650904839297393,1,0,1,1,1,1,1,1,0.9699999999999999,1.0,1.0,1.0,0.8,skip,attack_already_active,1785296172.4578218,1785296172457822023,1384840674520316,11.7,53.35546875,-1.0,0,0
2026-07-28T23:36:12.465,10.42.0.47,10.42.0.1|10.42.0.210|10.42.0.47,41,3,UPLOAD,0.95,UPLOAD,0.95,1,17376,100.0,6,0.0,60816.0,0,6,0.0,1.0,0.3180369465773432,1,0,1,1,1,1,1,1,0.9699999999999999,1.0,1.0,1.0,0.8,skip,attack_already_active,1785296172.465836,1785296172465835942,1384840682534206,11.7,53.35546875,-1.0,0,0
2026-07-28T23:36:12.471,10.42.0.47,10.42.0.1|10.42.0.210|10.42.0.47,41,3,UPLOAD,0.95,UPLOAD,0.95,1,4344,100.0,7,0.0,65160.0,0,7,0.0,1.0,0.27685991846125285,1,0,1,1,1,1,1,1,0.9699999999999999,1.0,1.0,1.0,0.8,skip,attack_already_active,1785296172.471392,1785296172471391876,1384840688090831,11.7,53.35546875,-1.0,0,0
2026-07-28T23:36:12.472,10.42.0.47,10.42.0.1|10.42.0.210|10.42.0.47,41,3,UPLOAD,0.95,UPLOAD,0.95,1,14368,100.0,8,0.0,79528.0,0,8,0.0,1.0,0.24054546740125093,1,0,1,1,1,1,1,1,0.9699999999999999,1.0,1.0,1.0,0.8,skip,attack_already_active,1785296172.4726715,1785296172472671541,1384840689371156,11.7,53.35546875,-1.0,0,0
2026-07-28T23:36:12.474,10.42.0.1,10.42.0.1|10.42.0.210|10.42.0.47,41,3,UPLOAD,0.9730501562287877,UPLOAD,0.9730501562287877,1,7240,100.0,1,0.0,7240.0,0,1,0.0,1.0,0.41458139197284327,1,0,1,1,1,1,1,1,0.9699999999999999,1.0,1.0,1.0,0.8,skip,attack_already_active,1785296172.4742153,1785296172474215250,1384840690913646,11.7,53.35546875,-1.0,0,0
2026-07-28T23:36:12.475,10.42.0.1,10.42.0.1|10.42.0.210|10.42.0.47,41,3,UPLOAD,0.9732752556085581,UPLOAD,0.9732752556085581,1,7240,100.0,2,0.0,14480.0,0,2,0.0,1.0,0.36007340005676386,1,0,1,1,1,1,1,1,0.9699999999999999,1.0,1.0,1.0,0.8,skip,attack_already_active,1785296172.4751506,1785296172475150538,1384840691848755,11.7,53.35546875,-1.0,0,0
2026-07-28T23:36:12.567,10.42.0.1,10.42.0.1|10.42.0.210|10.42.0.47,41,3,UPLOAD,0.9741545759207025,UPLOAD,0.9741545759207025,1,14480,100.0,3,0.0,28960.0,0,3,0.0,1.0,0.32473987695841816,1,0,1,1,1,1,1,1,0.9699999999999999,1.0,1.0,1.0,0.8,skip,attack_already_active,1785296172.5670877,1785296172567087604,1384840783786167,11.7,53.35546875,-1.0,0,0
2026-07-28T23:36:12.567,10.42.0.1,10.42.0.1|10.42.0.210|10.42.0.47,41,3,UPLOAD,0.9750623280644594,UPLOAD,0.9750623280644594,1,14480,100.0,4,0.0,43440.0,0,4,0.0,1.0,0.28203724334052105,1,0,1,1,1,1,1,1,0.9699999999999999,1.0,1.0,1.0,0.8,skip,attack_already_active,1785296172.567769,1785296172567769018,1384840784466923,11.7,53.35546875,-1.0,0,0
2026-07-28T23:36:12.568,10.42.0.1,10.42.0.1|10.42.0.210|10.42.0.47,41,3,UPLOAD,0.9736611203320452,UPLOAD,0.9736611203320452,0,43,100.0,4,0.0,43440.0,0,4,0.0,1.0,0.5146117505824201,1,0,1,1,1,1,1,1,0.8374999999999999,0.8500000000000001,1.0,0.6000000000000001,0.8,skip,attack_already_active,1785296172.5683672,1785296172568367318,1384840785065445,11.7,53.35546875,-1.0,0,0
2026-07-28T23:36:12.570,10.42.0.1,10.42.0.1|10.42.0.210|10.42.0.47,41,3,UPLOAD,0.9750046308891531,UPLOAD,0.9750046308891531,1,8688,100.0,5,0.0,52128.0,0,5,0.0,1.0,0.4471031503220811,1,0,1,1,1,1,1,1,0.9699999999999999,1.0,1.0,1.0,0.8,skip,attack_already_active,1785296172.5700767,1785296172570076649,1384840786774632,11.7,53.35546875,-1.0,0,0
2026-07-28T23:36:12.570,10.42.0.1,10.42.0.1|10.42.0.210|10.42.0.47,41,3,UPLOAD,0.9757158544598254,UPLOAD,0.9757158544598254,1,8688,100.0,6,0.0,60816.0,0,6,0.0,1.0,0.3883041543336927,1,0,1,1,1,1,1,1,0.9699999999999999,1.0,1.0,1.0,0.8,skip,attack_already_active,1785296172.5709705,1785296172570970564,1384840787668648,11.7,53.35546875,-1.0,0,0
2026-07-28T23:36:12.572,10.42.0.1,10.42.0.1|10.42.0.210|10.42.0.47,41,3,UPLOAD,0.9761591481438138,UPLOAD,0.9761591481438138,1,8688,100.0,7,0.0,69504.0,0,7,0.0,1.0,0.3373390088617866,1,0,1,1,1,1,1,1,0.9699999999999999,1.0,1.0,1.0,0.8,skip,attack_already_active,1785296172.5725143,1785296172572514213,1384840789212464,11.7,53.35546875,-1.0,0,0
2026-07-28T23:36:12.573,10.42.0.1,10.42.0.1|10.42.0.210|10.42.0.47,41,3,UPLOAD,0.9768445447511777,UPLOAD,0.9768445447511777,1,8688,100.0,8,0.0,78192.0,0,8,0.0,1.0,0.29298172364186503,1,0,1,1,1,1,1,1,0.9699999999999999,1.0,1.0,1.0,0.8,skip,attack_already_active,1785296172.5732381,1785296172573238026,1384840789936308,11.7,53.35546875,-1.0,0,0
2026-07-28T23:36:12.574,10.42.0.1,10.42.0.1|10.42.0.210|10.42.0.47,41,3,UPLOAD,0.9771421255616841,UPLOAD,0.9771421255616841,1,1336,100.0,9,0.0,79528.0,0,9,0.0,1.0,0.25451153845660734,1,0,1,1,1,1,1,1,0.9699999999999999,1.0,1.0,1.0,0.8,skip,attack_already_active,1785296172.5742803,1785296172574280148,1384840790978379,11.7,53.35546875,-1.0,0,0
2026-07-28T23:36:12.904,10.42.0.1,10.42.0.47,42,1,DOWNLOAD,0.974749300150354,DOWNLOAD,0.974749300150354,-1,1448,54.92265189646225,10,1448.0,79528.0,1,9,0.017881841533293814,0.9821181584667061,0.2652814899910403,0,0,0,0,1,0,0,0,0.44,0.8500000000000001,0.0,0.6000000000000001,0.15,skip,training_upload_trigger_not_confirmed,1785296172.904609,1785296172904609099,1384841121307715,19.9,53.35546875,-1.0,0,0
2026-07-28T23:36:12.905,10.42.0.1,10.42.0.47,42,1,DOWNLOAD,0.95,DOWNLOAD,0.95,-1,5792,10.984530385361252,11,7240.0,79528.0,2,9,0.08344089987092015,0.9165591001290798,0.23049472807595545,0,0,0,0,1,0,0,0,0.44,0.8500000000000001,0.0,0.6000000000000001,0.15,skip,training_upload_trigger_not_confirmed,1785296172.9059033,1785296172905903302,1384841122602253,19.9,53.35546875,-1.0,0,0
2026-07-28T23:36:12.906,10.42.0.1,10.42.0.47,42,1,DOWNLOAD,0.95,DOWNLOAD,0.95,-1,7240,5.492265193059926,12,14480.0,79528.0,3,9,0.15402944430261253,0.8459705556973874,0.2002391290290025,0,0,0,0,1,0,0,0,0.44,0.8500000000000001,0.0,0.6000000000000001,0.15,skip,training_upload_trigger_not_confirmed,1785296172.9067967,1785296172906796878,1384841123495768,19.9,53.35546875,-1.0,0,0
2026-07-28T23:36:12.908,10.42.0.1,10.42.0.47,42,1,DOWNLOAD,0.95,DOWNLOAD,0.95,-1,7240,3.661510128790906,13,21720.0,79528.0,4,9,0.21452275600505688,0.7854772439949431,0.17401728893939258,0,0,0,0,1,0,0,0,0.4,0.8500000000000001,0.0,0.4,0.15,skip,training_upload_trigger_not_confirmed,1785296172.9080455,1785296172908045644,1384841124743819,19.9,53.35546875,-1.0,0,0
2026-07-28T23:36:12.908,10.42.0.1,10.42.0.47,42,1,DOWNLOAD,0.95,DOWNLOAD,0.95,-1,7240,2.746132596624788,14,28960.0,79528.0,5,9,0.26694196593171593,0.7330580340682841,0.15117233702916155,0,0,0,0,1,0,0,0,0.4,0.8500000000000001,0.0,0.4,0.15,skip,training_upload_trigger_not_confirmed,1785296172.9086988,1785296172908698772,1384841125396814,19.9,53.35546875,-1.0,0,0
2026-07-28T23:36:12.910,10.42.0.1,10.42.0.47,42,1,DOWNLOAD,0.95,DOWNLOAD,0.95,-1,7240,2.196906077315002,15,36200.0,79528.0,6,9,0.31280243329185675,0.6871975667081432,0.13151210212683395,0,0,0,0,1,0,0,0,0.4,0.8500000000000001,0.0,0.4,0.15,skip,training_upload_trigger_not_confirmed,1785296172.910675,1785296172910674877,1384841127373233,19.9,53.35546875,-1.0,0,0
2026-07-28T23:36:12.911,10.42.0.1,10.42.0.47,42,1,DOWNLOAD,0.95,DOWNLOAD,0.95,-1,7240,1.8307550644375976,16,43440.0,79528.0,7,9,0.3532626374341292,0.6467373625658708,0.11429730980003404,0,0,0,0,1,0,0,0,0.32,0.8500000000000001,0.0,0.0,0.15,skip,training_upload_trigger_not_confirmed,1785296172.9115489,1785296172911548960,1384841128247716,19.9,53.35546875,-1.0,0,0
2026-07-28T23:36:12.912,10.42.0.1,10.42.0.47,42,1,DOWNLOAD,0.95,DOWNLOAD,0.95,-1,7240,1.5692186266659585,17,50680.0,79528.0,8,9,0.3892233964118948,0.6107766035881051,0.09937678133978864,0,0,0,0,1,0,0,0,0.32,0.8500000000000001,0.0,0.0,0.15,skip,training_upload_trigger_not_confirmed,1785296172.9126184,1785296172912618417,1384841129316705,19.9,53.35546875,-1.0,0,0
2026-07-28T23:36:12.913,10.42.0.1,10.42.0.47,42,1,DOWNLOAD,0.95,DOWNLOAD,0.95,-1,7240,1.3730662983361002,18,57920.0,79528.0,9,9,0.4213957278388918,0.5786042721611082,0.08637929280665282,0,0,0,0,1,0,0,0,0.32,0.8500000000000001,0.0,0.0,0.15,skip,training_upload_trigger_not_confirmed,1785296172.9133608,1785296172913360968,1384841130059234,19.9,53.35546875,-1.0,0,0
2026-07-28T23:36:12.914,10.42.0.1,10.42.0.47,42,1,DOWNLOAD,0.95,DOWNLOAD,0.95,-1,7240,1.220503376301097,19,65160.0,79528.0,10,9,0.4503483357292934,0.5496516642707067,0.0751628430255642,0,0,0,0,1,0,0,0,0.32,0.8500000000000001,0.0,0.0,0.15,skip,training_upload_trigger_not_confirmed,1785296172.9146216,1785296172914621737,1384841131320106,19.9,53.35546875,-1.0,0,0
2026-07-28T23:36:12.915,10.42.0.1,10.42.0.47,42,1,DOWNLOAD,0.95,DOWNLOAD,0.95,-1,7240,1.0984530386726734,20,72400.0,79528.0,11,9,0.4765415196672108,0.5234584803327892,0.065344728805216,0,0,0,0,1,0,0,0,0.30250000000000005,0.8000000000000002,0.0,0.0,0.15,skip,training_upload_trigger_not_confirmed,1785296172.9152775,1785296172915277531,1384841131975715,19.9,53.35546875,-1.0,0,0
2026-07-28T23:36:12.916,10.42.0.1,10.42.0.47,42,1,DOWNLOAD,0.95,DOWNLOAD,0.95,-1,10136,0.9635552970829268,21,82536.0,79528.0,12,9,0.5092802843321157,0.4907197156678843,0.0568507406579854,0,0,0,0,1,0,0,0,0.30250000000000005,0.8000000000000002,0.0,0.0,0.15,skip,training_upload_trigger_not_confirmed,1785296172.9161637,1785296172916163489,1384841132861489,19.9,53.35546875,-1.0,0,0
2026-07-28T23:36:12.916,10.42.0.1,10.42.0.47,42,1,DOWNLOAD,0.95,DOWNLOAD,0.95,-1,14480,0.8197410736391962,22,97016.0,79528.0,13,9,0.5495287293819104,0.45047127061808956,0.049451506233606536,0,0,0,0,1,0,0,0,0.30250000000000005,0.8000000000000002,0.0,0.0,0.15,skip,training_upload_trigger_not_confirmed,1785296172.9168637,1785296172916863741,1384841133562294,19.9,53.35546875,-1.0,0,0
2026-07-28T23:36:12.917,10.42.0.1,10.42.0.47,42,1,DOWNLOAD,0.95,DOWNLOAD,0.95,-1,14480,0.7132811939467489,23,111496.0,79528.0,14,9,0.5836753496942793,0.41632465030572074,0.043062520991819994,0,0,0,0,1,0,0,0,0.28500000000000003,0.7500000000000001,0.0,0.0,0.15,skip,training_upload_trigger_not_confirmed,1785296172.917831,1785296172917830799,1384841134528939,19.9,53.35546875,-1.0,0,0
2026-07-28T23:36:12.918,10.42.0.1,10.42.0.47,42,1,DOWNLOAD,0.95,DOWNLOAD,0.95,-1,14480,0.6312948498155895,24,125976.0,79528.0,15,9,0.6130099657427592,0.3869900342572407,0.03747965637480753,0,0,0,0,1,0,0,0,0.28500000000000003,0.7500000000000001,0.0,0.0,0.15,skip,training_upload_trigger_not_confirmed,1785296172.9185266,1785296172918526740,1384841135224924,19.9,53.35546875,-1.0,0,0
2026-07-28T23:36:12.919,10.42.0.1,10.42.0.47,42,1,DOWNLOAD,0.95,DOWNLOAD,0.95,-1,14480,0.5662129065360951,25,140456.0,79528.0,16,9,0.6384827987489999,0.36151720125100006,0.03266894647316429,0,0,0,0,1,0,0,0,0.28500000000000003,0.7500000000000001,0.0,0.0,0.15,skip,training_upload_trigger_not_confirmed,1785296172.9194992,1785296172919499282,1384841136197497,19.9,53.35546875,-1.0,0,0
2026-07-28T23:36:12.920,10.42.0.1,10.42.0.47,42,1,DOWNLOAD,0.95,DOWNLOAD,0.95,-1,4344,0.5492265193401296,26,144800.0,79528.0,17,9,0.6454833993081559,0.3545166006918441,0.028447929499194075,0,0,0,0,1,0,0,0,0.28500000000000003,0.7500000000000001,0.0,0.0,0.15,skip,training_upload_trigger_not_confirmed,1785296172.920136,1785296172920136033,1384841136834067,19.9,53.35546875,-1.0,0,0
2026-07-28T23:36:12.920,10.42.0.1,10.42.0.47,42,1,DOWNLOAD,0.95,DOWNLOAD,0.95,-1,14480,0.49929683576406764,27,159280.0,79528.0,18,9,0.6669793306756893,0.33302066932431074,0.024793910990904434,0,0,0,0,1,0,0,0,0.28500000000000003,0.7500000000000001,0.0,0.0,0.15,skip,training_upload_trigger_not_confirmed,1785296172.9208546,1785296172920854515,1384841137552640,19.9,53.35546875,-1.0,0,0
2026-07-28T23:36:12.921,10.42.0.1,10.42.0.47,42,1,DOWNLOAD,0.95,DOWNLOAD,0.95,-1,5792,0.48177764854438193,28,165072.0,79528.0,19,9,0.6748650858544563,0.32513491414554374,0.021657686021744418,0,0,0,0,1,0,0,0,0.28500000000000003,0.7500000000000001,0.0,0.0,0.15,skip,training_upload_trigger_not_confirmed,1785296172.9218485,1785296172921848637,1384841138546780,19.9,53.35546875,-1.0,0,0
2026-07-28T23:36:12.922,10.42.0.1,10.42.0.47,42,1,DOWNLOAD,0.95,DOWNLOAD,0.95,-1,8688,0.45768876611730147,29,173760.0,79528.0,20,9,0.6860174978680396,0.31398250213196044,0.018931028169063797,0,0,0,0,1,0,0,0,0.28500000000000003,0.7500000000000001,0.0,0.0,0.15,skip,training_upload_trigger_not_confirmed,1785296172.9228144,1785296172922814347,1384841139512789,19.9,53.35546875,-1.0,0,0
2026-07-28T23:36:12.923,10.42.0.1,10.42.0.47,42,1,DOWNLOAD,0.95,DOWNLOAD,0.95,-1,26064,0.39799023140664785,30,199824.0,79528.0,21,9,0.7153125805435436,0.28468741945645637,0.01653121994798231,0,0,0,0,1,0,0,0,0.23249999999999998,0.6,0.0,0.0,0.15,skip,training_upload_trigger_not_confirmed,1785296172.923534,1785296172923533928,1384841140232079,19.9,53.35546875,-1.0,0,0
2026-07-28T23:36:12.924,10.42.0.1,10.42.0.47,42,1,DOWNLOAD,0.95,DOWNLOAD,0.95,-1,21720,0.3589715812689173,31,221544.0,79528.0,22,9,0.7358505606632301,0.26414943933676993,0.014477051943213045,0,0,0,0,0,0,0,0,0.0225,0.0,0.0,0.0,0.15,skip,training_upload_trigger_not_confirmed,1785296172.9244766,1785296172924476661,1384841141174817,19.9,53.35546875,-1.0,0,0
2026-07-28T23:36:12.925,10.42.0.1,10.42.0.47,42,1,DOWNLOAD,0.95,DOWNLOAD,0.95,-1,9680,0.3439435352759923,32,231224.0,79528.0,23,9,0.7440788796210484,0.2559211203789517,0.012711950062814656,0,0,0,0,0,0,0,0,0.0225,0.0,0.0,0.0,0.15,skip,training_upload_trigger_not_confirmed,1785296172.9255588,1785296172925558757,1384841142257140,19.9,53.35546875,-1.0,0,0
2026-07-28T23:36:12.926,10.42.0.1,10.42.0.47,42,1,DOWNLOAD,0.95,DOWNLOAD,0.95,-1,14024,0.32427583507582414,33,245248.0,79528.0,24,9,0.7551296893859152,0.2448703106140848,0.01112694493329108,0,0,0,0,0,0,0,0,0.0225,0.0,0.0,0.0,0.15,skip,training_upload_trigger_not_confirmed,1785296172.9262426,1785296172926242439,1384841142940869,19.9,53.35546875,-1.0,0,0
2026-07-28T23:36:12.927,10.42.0.18,10.42.0.47,34,1,DOWNLOAD,0.95,DOWNLOAD,0.95,-1,7300,1.3698630135109776e-10,1,7300.0,0.0,1,0,1.0,0.0,0.502873987667965,0,0,0,0,0,0,0,0,0.0225,0.0,0.0,0.0,0.15,skip,training_upload_trigger_not_confirmed,1785296172.9274638,1785296172927463637,1384841144161954,19.9,53.35546875,-1.0,0,0
2026-07-28T23:36:12.928,10.42.0.145,10.42.0.47,18,1,DOWNLOAD,0.95,DOWNLOAD,0.95,-1,7300,1.3698630135109776e-10,1,7300.0,0.0,1,0,1.0,0.0,1.4695226193738238,0,0,0,0,0,0,0,0,0.0225,0.0,0.0,0.0,0.15,skip,already_attacked_this_round,1785296172.92809,1785296172928090228,1384841144788460,19.9,53.35546875,-1.0,0,0
2026-07-28T23:36:12.929,10.42.0.18,10.42.0.47,34,1,DOWNLOAD,0.95,DOWNLOAD,0.95,-1,7300,6.84931506802402e-11,2,14600.0,0.0,2,0,1.0,0.0,0.436815390454555,0,0,0,0,0,0,0,0,0.0225,0.0,0.0,0.0,0.15,skip,training_upload_trigger_not_confirmed,1785296172.9290373,1785296172929037415,1384841145735872,19.9,53.35546875,-1.0,0,0
2026-07-28T23:36:12.930,10.42.0.145,10.42.0.47,18,1,DOWNLOAD,0.95,DOWNLOAD,0.95,-1,7300,6.84931506802402e-11,2,14600.0,0.0,2,0,1.0,0.0,1.2761374763395745,0,0,0,0,0,0,0,0,0.0225,0.0,0.0,0.0,0.15,skip,already_attacked_this_round,1785296172.9300663,1785296172930066489,1384841146764884,19.9,53.35546875,-1.0,0,0
2026-07-28T23:36:12.931,10.42.0.1,10.42.0.47,42,1,DOWNLOAD,0.95,DOWNLOAD,0.95,-1,18824,0.30116028962062935,34,264072.0,79528.0,25,9,0.7685448195576251,0.23145518044237484,0.01030287099959045,0,0,0,0,0,0,0,0,0.0225,0.0,0.0,0.0,0.15,skip,training_upload_trigger_not_confirmed,1785296172.9311159,1785296172931115661,1384841147814152,19.9,53.35546875,-1.0,0,0
2026-07-28T23:36:12.932,10.42.0.1,10.42.0.47,42,1,DOWNLOAD,0.95,DOWNLOAD,0.95,-1,16920,0.2830258512723386,35,280992.0,79528.0,26,9,0.7794075224675469,0.22059247753245312,0.009104125268616852,0,0,0,0,0,0,0,0,0.0225,0.0,0.0,0.0,0.15,skip,training_upload_trigger_not_confirmed,1785296172.9323218,1785296172932321709,1384841149019895,19.9,53.35546875,-1.0,0,0
2026-07-28T23:36:12.933,10.42.0.1,10.42.0.47,42,1,DOWNLOAD,0.95,DOWNLOAD,0.95,-1,21720,0.26271835936711224,36,302712.0,79528.0,27,9,0.7919422352448723,0.20805776475512766,0.008039529168493148,0,0,0,0,0,0,0,0,0.0225,0.0,0.0,0.0,0.15,skip,training_upload_trigger_not_confirmed,1785296172.933347,1785296172933347008,1384841150045429,19.9,53.35546875,-1.0,0,0
2026-07-28T23:36:12.934,10.42.0.1,10.42.0.47,42,1,DOWNLOAD,0.95,DOWNLOAD,0.95,-1,21720,0.24512995019219702,37,324432.0,79528.0,28,9,0.8031290226755124,0.19687097732448758,0.007077581510967556,0,0,0,0,0,0,0,0,0.0225,0.0,0.0,0.0,0.15,skip,training_upload_trigger_not_confirmed,1785296172.9340866,1785296172934086681,1384841150784974,19.9,53.35546875,-1.0,0,0
2026-07-28T23:36:12.934,10.42.0.1,10.42.0.47,42,1,DOWNLOAD,0.95,DOWNLOAD,0.95,-1,14024,0.23497293592302992,38,338456.0,79528.0,29,9,0.809734343898331,0.19026565610166896,0.006244059121539194,0,0,0,0,0,0,0,0,0.0225,0.0,0.0,0.0,0.15,skip,training_upload_trigger_not_confirmed,1785296172.9348388,1785296172934838768,1384841151536887,19.9,53.35546875,-1.0,0,0
2026-07-28T23:36:12.935,10.42.0.59,10.42.0.47,13,1,DOWNLOAD,0.95,DOWNLOAD,0.95,-1,7300,1.3698630135109776e-10,1,7300.0,0.0,1,0,1.0,0.0,1.622617712163454,0,0,0,0,0,0,0,0,0.0225,0.0,0.0,0.0,0.15,skip,already_attacked_this_round,1785296172.935859,1785296172935858919,1384841152556977,19.9,53.35546875,-1.0,0,0
2026-07-28T23:36:12.936,10.42.0.59,10.42.0.47,13,1,DOWNLOAD,0.95,DOWNLOAD,0.95,-1,7300,6.84931506802402e-11,2,14600.0,0.0,2,0,1.0,0.0,1.4088797162975408,0,0,0,0,0,0,0,0,0.0225,0.0,0.0,0.0,0.15,skip,already_attacked_this_round,1785296172.9364781,1785296172936478273,1384841153176630,19.9,53.35546875,-1.0,0,0
2026-07-28T23:36:12.937,10.42.0.18,10.42.0.47,34,1,DOWNLOAD,0.95,DOWNLOAD,0.95,-1,10220,4.029008863657171e-11,3,24820.0,0.0,3,0,1.0,0.0,0.38035831614043136,0,0,0,0,0,0,0,0,0.0225,0.0,0.0,0.0,0.15,skip,training_upload_trigger_not_confirmed,1785296172.9374156,1785296172937415650,1384841154113925,19.9,53.35546875,-1.0,0,0
2026-07-28T23:36:12.938,10.42.0.18,10.42.0.47,34,1,DOWNLOAD,0.95,DOWNLOAD,0.95,-1,4380,3.424657534129292e-11,4,29200.0,0.0,4,0,1.0,0.0,0.33031669573782296,0,0,0,0,0,0,0,0,0.0225,0.0,0.0,0.0,0.15,skip,training_upload_trigger_not_confirmed,1785296172.938022,1785296172938021982,1384841154719925,19.9,53.35546875,-1.0,0,0
2026-07-28T23:36:12.938,10.42.0.18,10.42.0.47,34,1,DOWNLOAD,0.9340881417123775,DOWNLOAD,0.9340881417123775,0,43,3.424657534129292e-11,4,29200.0,0.0,4,0,1.0,0.0,0.7886227702688495,0,0,0,0,0,0,0,0,0.0225,0.0,0.0,0.0,0.15,skip,training_upload_trigger_not_confirmed,1785296172.9386733,1785296172938673152,1384841155371307,19.9,53.35546875,-1.0,0,0
2026-07-28T23:36:12.940,10.42.0.145,10.42.0.47,18,1,DOWNLOAD,0.9106646915264957,DOWNLOAD,0.9106646915264957,0,43,6.84931506802402e-11,2,14600.0,0.0,2,0,1.0,0.0,1.6228509847493204,0,0,0,0,0,0,0,0,0.0225,0.0,0.0,0.0,0.15,skip,already_attacked_this_round,1785296172.9404833,1785296172940483348,1384841157181432,19.9,53.35546875,-1.0,0,0
2026-07-28T23:36:12.941,10.42.0.145,10.42.0.47,18,1,DOWNLOAD,0.95,DOWNLOAD,0.95,-1,10220,4.029008863657171e-11,3,24820.0,0.0,3,0,1.0,0.0,1.410451706118229,0,0,0,0,0,0,0,0,0.0225,0.0,0.0,0.0,0.15,skip,already_attacked_this_round,1785296172.941078,1785296172941078141,1384841157776205,19.9,53.35546875,-1.0,0,0
2026-07-28T23:36:12.941,10.42.0.145,10.42.0.47,18,1,DOWNLOAD,0.95,DOWNLOAD,0.95,-1,4380,3.424657534129292e-11,4,29200.0,0.0,4,0,1.0,0.0,1.2246684741581384,0,0,0,0,0,0,0,0,0.0225,0.0,0.0,0.0,0.15,skip,already_attacked_this_round,1785296172.941672,1785296172941672264,1384841158370248,19.9,53.35546875,-1.0,0,0
2026-07-28T23:36:12.943,10.42.0.145,10.42.0.47,18,1,DOWNLOAD,0.9571995822581747,DOWNLOAD,0.9571995822581747,-1,14600,2.2831050227789245e-11,5,43800.0,0.0,5,0,1.0,0.0,1.0635099297804076,0,0,0,0,0,0,0,0,0.0225,0.0,0.0,0.0,0.15,skip,already_attacked_this_round,1785296172.943353,1785296172943352847,1384841160050876,19.9,53.35546875,-1.0,0,0
2026-07-28T23:36:12.944,10.42.0.18,10.42.0.47,34,1,DOWNLOAD,0.95,DOWNLOAD,0.95,-1,14600,2.2831050227789245e-11,5,43800.0,0.0,5,0,1.0,0.0,0.6855259700883316,0,0,0,0,0,0,0,0,0.0225,0.0,0.0,0.0,0.15,skip,training_upload_trigger_not_confirmed,1785296172.9442716,1785296172944271732,1384841160970410,19.9,53.35546875,-1.0,0,0
2026-07-28T23:36:12.945,10.42.0.18,10.42.0.47,34,1,DOWNLOAD,0.95,DOWNLOAD,0.95,-1,14600,1.7123287670939668e-11,6,58400.0,0.0,6,0,1.0,0.0,0.5953543633568175,0,0,0,0,0,0,0,0,0.0225,0.0,0.0,0.0,0.15,skip,training_upload_trigger_not_confirmed,1785296172.9455101,1785296172945510180,1384841162208913,19.9,53.35546875,-1.0,0,0
2026-07-28T23:36:12.947,10.42.0.59,10.42.0.47,13,1,DOWNLOAD,0.9006797576804371,DOWNLOAD,0.9006797576804371,0,43,6.84931506802402e-11,2,14600.0,0.0,2,0,1.0,0.0,1.7348500113016843,0,0,0,0,0,0,0,0,0.0225,0.0,0.0,0.0,0.15,skip,already_attacked_this_round,1785296172.9476063,1785296172947606195,1384841164304859,19.9,53.35546875,-1.0,0,0
2026-07-28T23:36:12.948,10.42.0.59,10.42.0.47,13,1,DOWNLOAD,0.95,DOWNLOAD,0.95,-1,14600,3.424657534129292e-11,3,29200.0,0.0,3,0,1.0,0.0,1.5078060088127663,0,0,0,0,0,0,0,0,0.0225,0.0,0.0,0.0,0.15,skip,already_attacked_this_round,1785296172.948354,1785296172948353994,1384841165052221,19.9,53.35546875,-1.0,0,0
2026-07-28T23:36:12.949,10.42.0.59,10.42.0.47,13,1,DOWNLOAD,0.95,DOWNLOAD,0.95,-1,14600,2.2831050227789245e-11,4,43800.0,0.0,4,0,1.0,0.0,1.3092028878956954,0,0,0,0,0,0,0,0,0.0225,0.0,0.0,0.0,0.15,skip,already_attacked_this_round,1785296172.9490159,1785296172949015782,1384841165714147,19.9,53.35546875,-1.0,0,0
2026-07-28T23:36:12.950,10.42.0.210,10.42.0.47,42,1,DOWNLOAD,0.9834124582631477,DOWNLOAD,0.9834124582631477,-1,10136,9.865824781978509e-11,1,10136.0,0.0,1,0,1.0,0.0,0.3246942438643399,0,0,0,0,0,0,0,0,0.0225,0.0,0.0,0.0,0.15,skip,training_upload_trigger_not_confirmed,1785296172.9501696,1785296172950169481,1384841166867606,19.9,53.35546875,-1.0,0,0
2026-07-28T23:36:12.951,10.42.0.210,10.42.0.47,42,1,DOWNLOAD,0.43935248518011855,DOWNLOAD,0.43935248518011855,0,43,9.865824781978509e-11,1,10136.0,0.0,1,0,1.0,0.0,0.6011571686749058,0,0,0,0,0,0,0,0,0.0225,0.0,0.0,0.0,0.15,skip,training_upload_trigger_not_confirmed,1785296172.951684,1785296172951684047,1384841168382334,19.9,53.35546875,-1.0,0,0
2026-07-28T23:36:12.953,10.42.0.210,10.42.0.47,42,1,DOWNLOAD,0.9557926560077417,DOWNLOAD,0.9557926560077417,-1,14480,4.062398439873968e-11,2,24616.0,0.0,2,0,1.0,0.0,0.5224387546354874,0,0,0,0,0,0,0,0,0.0225,0.0,0.0,0.0,0.15,skip,training_upload_trigger_not_confirmed,1785296172.9539545,1785296172953954569,1384841170653007,19.9,53.35546875,-1.0,0,0
2026-07-28T23:36:12.954,10.42.0.210,10.42.0.47,42,1,DOWNLOAD,0.9846998846180315,DOWNLOAD,0.9846998846180315,-1,4344,3.453038673913914e-11,3,28960.0,0.0,3,0,1.0,0.0,0.45368602730587454,0,0,0,0,0,0,0,0,0.0225,0.0,0.0,0.0,0.15,skip,training_upload_trigger_not_confirmed,1785296172.9546478,1785296172954647764,1384841171345797,19.9,53.35546875,-1.0,0,0
2026-07-28T23:36:12.955,10.42.0.145,10.42.0.47,18,1,DOWNLOAD,0.9748254656639365,DOWNLOAD,0.9748254656639365,-1,29200,1.369863013679865e-11,6,73000.0,0.0,6,0,1.0,0.0,0.9249747346169057,0,0,0,0,0,0,0,0,0.0225,0.0,0.0,0.0,0.15,skip,already_attacked_this_round,1785296172.9555576,1785296172955557700,1384841172255794,19.9,53.35546875,-1.0,0,0
2026-07-28T23:36:12.956,10.42.0.145,10.42.0.47,18,1,DOWNLOAD,0.9792489459411232,DOWNLOAD,0.9792489459411232,-1,6184,1.2628813901638856e-11,7,79184.0,0.0,7,0,1.0,0.0,0.8031828492320405,0,0,0,0,0,0,0,0,0.0225,0.0,0.0,0.0,0.15,skip,already_attacked_this_round,1785296172.9562874,1785296172956287403,1384841172985631,19.9,53.35546875,-1.0,0,0
2026-07-28T23:36:12.959,10.42.0.18,10.42.0.47,34,1,DOWNLOAD,0.95,DOWNLOAD,0.95,-1,14600,1.369863013679865e-11,7,73000.0,0.0,7,0,1.0,0.0,0.5187854934950453,0,0,0,0,0,0,0,0,0.0225,0.0,0.0,0.0,0.15,skip,training_upload_trigger_not_confirmed,1785296172.9598045,1785296172959804525,1384841176502762,19.9,53.35546875,-1.0,0,0
2026-07-28T23:36:12.960,10.42.0.18,10.42.0.47,34,1,DOWNLOAD,0.9561858638530811,DOWNLOAD,0.9561858638530811,-1,6184,1.2628813901638856e-11,8,79184.0,0.0,8,0,1.0,0.0,0.45054571586309317,0,0,0,0,0,0,0,0,0.0225,0.0,0.0,0.0,0.15,skip,training_upload_trigger_not_confirmed,1785296172.9607372,1785296172960737295,1384841177435393,19.9,53.35546875,-1.0,0,0
2026-07-28T23:36:12.963,10.42.0.210,10.42.0.47,42,1,DOWNLOAD,0.9854895428954357,DOWNLOAD,0.9854895428954357,-1,14480,2.3020257826357728e-11,4,43440.0,0.0,4,0,1.0,0.0,0.3950728786883163,0,0,0,0,0,0,0,0,0.0225,0.0,0.0,0.0,0.15,skip,training_upload_trigger_not_confirmed,1785296172.9635348,1785296172963534803,1384841180233240,19.9,53.35546875,-1.0,0,0
2026-07-28T23:36:12.964,10.42.0.210,10.42.0.47,42,1,DOWNLOAD,0.9855083405864443,DOWNLOAD,0.9855083405864443,-1,20272,1.569563033626796e-11,5,63712.0,0.0,5,0,1.0,0.0,0.3431757622886387,0,0,0,0,0,0,0,0,0.0225,0.0,0.0,0.0,0.15,skip,training_upload_trigger_not_confirmed,1785296172.9647748,1785296172964774889,1384841181473090,19.9,53.35546875,-1.0,0,0
2026-07-28T23:36:12.966,10.42.0.210,10.42.0.47,42,1,DOWNLOAD,0.9855087208476458,DOWNLOAD,0.9855087208476458,-1,992,1.5454995054162724e-11,6,64704.0,0.0,6,0,1.0,0.0,0.298116292639761,0,0,0,0,0,0,0,0,0.0225,0.0,0.0,0.0,0.15,skip,training_upload_trigger_not_confirmed,1785296172.9660068,1785296172966006685,1384841182704921,19.9,53.35546875,-1.0,0,0
2026-07-28T23:36:12.970,10.42.0.59,10.42.0.47,13,1,DOWNLOAD,0.95,DOWNLOAD,0.95,-1,24820,1.4573010783815608e-11,5,68620.0,0.0,5,0,1.0,0.0,1.1395608056963098,0,0,0,0,0,0,0,0,0.0225,0.0,0.0,0.0,0.15,skip,already_attacked_this_round,1785296172.970852,1785296172970851850,1384841187550407,19.9,53.35546875,-1.0,0,0
2026-07-28T23:36:12.971,10.42.0.59,10.42.0.47,13,1,DOWNLOAD,0.95,DOWNLOAD,0.95,-1,10564,1.2628813901638856e-11,6,79184.0,0.0,6,0,1.0,0.0,0.9894870222411298,0,0,0,0,0,0,0,0,0.0225,0.0,0.0,0.0,0.15,skip,already_attacked_this_round,1785296172.9715443,1785296172971544318,1384841188242352,19.9,53.35546875,-1.0,0,0
2026-07-28T23:36:12.974,10.42.0.47,10.42.0.47,41,3,UPLOAD,0.8895411276646347,UPLOAD,0.8895411276646347,0,43,100.0,8,0.0,79528.0,0,8,0.0,1.0,0.2559500299269824,0,0,1,0,0,0,0,0,0.45499999999999996,0.1,1.0,0.0,0.8,skip,attack_already_active,1785296172.974118,1785296172974118004,1384841190816090,19.9,53.35546875,-1.0,0,0
2026-07-28T23:36:12.975,10.42.0.47,10.42.0.47,42,1,DOWNLOAD,0.95,DOWNLOAD,0.95,-1,8688,9.153775321345098,9,8688.0,79528.0,1,8,0.09848553550376349,0.9015144644962365,0.2697477007988619,0,0,0,0,0,0,0,0,0.057499999999999996,0.1,0.0,0.0,0.15,skip,training_upload_trigger_not_confirmed,1785296172.975337,1785296172975336988,1384841192035373,19.9,53.35546875,-1.0,0,0
2026-07-28T23:36:12.976,10.42.0.47,10.42.0.47,42,1,DOWNLOAD,0.9829981496648164,DOWNLOAD,0.9829981496648164,-1,14480,3.4326657457513523,10,23168.0,79528.0,2,8,0.22559788112487342,0.7744021188751266,0.23433401416455538,0,0,0,0,0,0,0,0,0.057499999999999996,0.1,0.0,0.0,0.15,skip,training_upload_trigger_not_confirmed,1785296172.97634,1785296172976339854,1384841193038446,19.9,53.35546875,-1.0,0,0
2026-07-28T23:36:12.982,10.42.0.47,10.42.0.47,42,1,DOWNLOAD,0.9842257140988042,DOWNLOAD,0.9842257140988042,-1,5792,2.746132596624788,11,28960.0,79528.0,3,8,0.26694196593171593,0.7330580340682841,0.2042136946149362,0,0,0,0,0,0,0,0,0.057499999999999996,0.1,0.0,0.0,0.15,skip,training_upload_trigger_not_confirmed,1785296172.9820993,1785296172982099159,1384841198797311,19.9,53.35546875,-1.0,0,0
2026-07-28T23:36:12.985,10.42.0.47,10.42.0.47,42,1,DOWNLOAD,0.9842586901286671,DOWNLOAD,0.9842586901286671,-1,5792,2.2884438305338266,12,34752.0,79528.0,4,8,0.304095204760238,0.695904795239762,0.17770662977696305,0,0,0,0,0,0,0,0,0.057499999999999996,0.1,0.0,0.0,0.15,skip,training_upload_trigger_not_confirmed,1785296172.9851582,1785296172985158104,1384841201856617,19.9,53.35546875,-1.0,0,0
2026-07-28T23:36:12.985,10.42.0.47,10.42.0.47,42,1,DOWNLOAD,0.9841310376343501,DOWNLOAD,0.9841310376343501,-1,11584,1.7163328729127172,13,46336.0,79528.0,5,8,0.36814339286849296,0.631856607131507,0.15438387398779316,0,0,0,0,0,0,0,0,0.057499999999999996,0.1,0.0,0.0,0.15,skip,training_upload_trigger_not_confirmed,1785296172.985875,1785296172985875042,1384841202573673,19.9,53.35546875,-1.0,0,0
2026-07-28T23:36:12.987,10.42.0.47,10.42.0.47,42,1,DOWNLOAD,0.95,DOWNLOAD,0.95,-1,18368,1.2291048466829082,14,64704.0,79528.0,6,8,0.4486105718564535,0.5513894281435465,0.13428598846720952,0,0,0,0,0,0,0,0,0.057499999999999996,0.1,0.0,0.0,0.15,skip,training_upload_trigger_not_confirmed,1785296172.9877415,1785296172987741567,1384841204439783,19.9,53.35546875,-1.0,0,0
2026-07-28T23:36:13.278,10.42.0.145,10.42.0.47,18,2,TRAINING,0.95,TRAINING,0.95,1,64240,0.811275005053909,8,79184.0,64240.0,7,1,0.5520972780008925,0.4479027219991075,0.7419269903015537,0,0,0,0,1,0,0,0,0.4525,1.0,0.0,0.4,0.15,skip,already_attacked_this_round,1785296173.2788124,1785296173278812313,1384841495511165,19.9,53.35546875,-1.0,0,0
2026-07-28T23:36:13.280,10.42.0.145,10.42.0.47,18,3,UPLOAD,0.95,UPLOAD,0.95,1,5069,0.8752904627213163,9,79184.0,69309.0,7,2,0.53325072562343,0.46674927437656993,0.6443626294492671,0,0,0,1,1,1,1,1,0.85,1.0,1.0,0.4,0.8,skip,already_attacked_this_round,1785296173.2803504,1785296173280350568,1384841497049281,19.9,53.35546875,-1.0,0,0
2026-07-28T23:36:13.281,10.42.0.1,10.42.0.47,42,2,TRAINING,0.95,TRAINING,0.95,1,7240,0.25636419505266156,39,338456.0,86768.0,29,10,0.7959475476454763,0.20405245235452374,0.04428806938754848,0,0,0,0,1,0,0,0,0.4525,1.0,0.0,0.4,0.15,skip,training_upload_trigger_not_confirmed,1785296173.281742,1785296173281742163,1384841498440374,19.9,53.35546875,-1.0,0,0
2026-07-28T23:36:13.282,10.42.0.1,10.42.0.1,42,3,UPLOAD,0.95,UPLOAD,0.95,1,7240,0.27775545418229325,40,338456.0,94008.0,29,11,0.7826223685670946,0.2173776314329054,0.038578613603784354,1,0,0,0,1,0,0,0,0.85,1.0,1.0,0.4,0.8,trigger,training_upload_trigger_confirmed,1785296173.2827027,1785296173282702479,1384841499401086,19.9,53.35546875,19.527686,1785296173302231496,1384841518928772
2026-07-28T23:36:13.284,10.42.0.59,10.42.0.1,13,2,TRAINING,0.95,TRAINING,0.95,1,64240,0.811275005053909,7,79184.0,64240.0,6,1,0.5520972780008925,0.4479027219991075,0.9035353470172348,0,0,0,0,1,0,0,0,0.4525,1.0,0.0,0.4,0.15,skip,already_attacked_this_round,1785296173.2848299,1785296173284829852,1384841501528962,19.9,53.35546875,-1.0,0,0
2026-07-28T23:36:13.286,10.42.0.1,10.42.0.1,42,3,UPLOAD,0.95,UPLOAD,0.95,1,14480,0.3205379724415565,41,338456.0,108488.0,29,12,0.7572671296627765,0.24273287033722346,0.034018415368173544,1,0,1,1,1,1,1,1,0.9699999999999999,1.0,1.0,1.0,0.8,skip,attack_already_active,1785296173.2866752,1785296173286675302,1384841503374302,19.9,53.35546875,-1.0,0,0
2026-07-28T23:36:13.287,10.42.0.1,10.42.0.1,42,3,UPLOAD,0.95,UPLOAD,0.95,1,14480,0.3633204907008198,42,338456.0,122968.0,29,13,0.7335032421373834,0.2664967578626166,0.02968115111137411,1,0,1,1,1,1,1,1,0.9699999999999999,1.0,1.0,1.0,0.8,skip,attack_already_active,1785296173.2877793,1785296173287779209,1384841504478017,19.9,53.35546875,-1.0,0,0
2026-07-28T23:36:13.288,10.42.0.1,10.42.0.1,42,3,UPLOAD,0.942418140771189,UPLOAD,0.942418140771189,0,43,0.3633204907008198,42,338456.0,122968.0,29,13,0.7335032421373834,0.2664967578626166,0.06532331725612495,1,0,1,1,1,1,1,1,0.8025,0.7500000000000001,1.0,0.6000000000000001,0.8,skip,attack_already_active,1785296173.2888126,1785296173288812543,1384841505512383,19.9,53.35546875,-1.0,0,0
2026-07-28T23:36:13.291,10.42.0.59,10.42.0.1,13,3,UPLOAD,0.95,UPLOAD,0.95,1,6528,0.8937159022038074,8,79184.0,70768.0,6,2,0.5280623132735809,0.4719376867264191,0.785366252567567,0,0,0,1,1,1,1,1,0.85,1.0,1.0,0.4,0.8,skip,already_attacked_this_round,1785296173.2916126,1785296173291612785,1384841508311285,19.9,53.35546875,-1.0,0,0
2026-07-28T23:36:13.293,10.42.0.1,10.42.0.1,42,3,UPLOAD,0.95,UPLOAD,0.95,1,7240,0.3847117498304515,43,338456.0,130208.0,29,14,0.7221719611491388,0.27782803885086116,0.05740432577948666,1,0,1,1,1,1,1,1,0.9699999999999999,1.0,1.0,1.0,0.8,skip,attack_already_active,1785296173.2930076,1785296173293007614,1384841509705941,19.9,53.35546875,-1.0,0,0
2026-07-28T23:36:13.294,10.42.0.1,10.42.0.1,42,3,UPLOAD,0.95,UPLOAD,0.95,1,7240,0.40610300896008317,44,338456.0,137448.0,29,15,0.7111854491662184,0.2888145508337816,0.04999723999168959,1,0,1,1,1,1,1,1,0.9699999999999999,1.0,1.0,1.0,0.8,skip,attack_already_active,1785296173.2942016,1785296173294201638,1384841510900143,19.9,53.35546875,-1.0,0,0
2026-07-28T23:36:13.295,10.42.0.1,10.42.0.1,42,3,UPLOAD,0.95,UPLOAD,0.95,1,14480,0.44888552721934644,45,338456.0,151928.0,29,16,0.6901856504290516,0.3098143495709485,0.04364316041130687,1,0,1,1,1,1,1,1,0.9699999999999999,1.0,1.0,1.0,0.8,skip,attack_already_active,1785296173.2959795,1785296173295979557,1384841512677862,19.9,53.35546875,-1.0,0,0
2026-07-28T23:36:13.298,10.42.0.1,10.42.0.1,42,3,UPLOAD,0.95,UPLOAD,0.95,1,14480,0.4916680454786097,46,338456.0,166408.0,29,17,0.6703904417823414,0.32960955821765864,0.038196604363661874,1,0,1,1,1,1,1,1,0.9699999999999999,1.0,1.0,1.0,0.8,skip,attack_already_active,1785296173.2982903,1785296173298290078,1384841514988457,19.9,53.35546875,-1.0,0,0
2026-07-28T23:36:13.299,10.42.0.1,10.42.0.1,42,3,UPLOAD,0.95,UPLOAD,0.95,1,7129,0.5127313446961711,47,338456.0,173537.0,29,18,0.6610559128738088,0.3389440871261912,0.03329151327408386,1,0,1,1,1,1,1,1,0.9699999999999999,1.0,1.0,1.0,0.8,skip,attack_already_active,1785296173.2992635,1785296173299263565,1384841515961779,19.9,53.35546875,-1.0,0,0
2026-07-28T23:36:13.300,10.42.0.1,10.42.0.1,42,3,UPLOAD,0.901619487257656,UPLOAD,0.901619487257656,0,43,0.5127313446961711,47,338456.0,173537.0,29,18,0.6610559128738088,0.3389440871261912,0.03045823051532595,1,0,1,1,1,1,1,1,0.8025,0.7500000000000001,1.0,0.6000000000000001,0.8,skip,attack_already_active,1785296173.3006032,1785296173300603053,1384841517301294,19.9,53.35546875,-1.0,0,0
2026-07-28T23:36:13.301,10.42.0.1,10.42.0.1,42,3,UPLOAD,0.95,UPLOAD,0.95,1,10136,0.5426791074776554,48,338456.0,183673.0,29,19,0.6482229487348912,0.35177705126510883,0.026748200493758607,1,0,1,1,1,1,1,1,0.9699999999999999,1.0,1.0,1.0,0.8,skip,attack_already_active,1785296173.3015673,1785296173301567331,1384841518265646,19.9,53.35546875,-1.0,0,0
2026-07-28T23:36:13.302,10.42.0.1,10.42.0.1,42,3,UPLOAD,0.95,UPLOAD,0.95,1,4344,0.5555138629554344,49,338456.0,188017.0,29,20,0.642874373424658,0.35712562657534197,0.023352062334900465,1,0,1,1,1,1,1,1,0.9699999999999999,1.0,1.0,1.0,0.8,skip,attack_already_active,1785296173.3025432,1785296173302543213,1384841519241489,19.9,53.35546875,-1.0,0,0
2026-07-28T23:36:13.305,10.42.0.1,10.42.0.1,42,3,UPLOAD,0.95,UPLOAD,0.95,1,14480,0.5982963812146976,50,338456.0,202497.0,29,21,0.6256661854172174,0.3743338145827826,0.020640996056309785,1,0,1,1,1,1,1,1,0.9699999999999999,1.0,1.0,1.0,0.8,skip,attack_already_active,1785296173.3053217,1785296173305321651,1384841522019871,19.9,53.35546875,-1.0,0,0
2026-07-28T23:36:13.308,10.42.0.1,10.42.0.1,42,3,UPLOAD,0.95,UPLOAD,0.95,1,18824,0.6539136549517399,51,338456.0,221321.0,29,22,0.604626485189638,0.395373514810362,0.018388343387213145,1,0,1,1,1,1,1,1,0.9699999999999999,1.0,1.0,1.0,0.8,skip,attack_already_active,1785296173.308868,1785296173308867868,1384841525566725,19.9,53.35546875,-1.0,0,0
2026-07-28T23:36:13.310,10.42.0.1,10.42.0.1,42,3,UPLOAD,0.95,UPLOAD,0.95,1,10136,0.6838614177332243,52,338456.0,231457.0,29,23,0.5938730999292875,0.40612690007071256,0.016162279650138715,1,0,1,1,1,1,1,1,0.9699999999999999,1.0,1.0,1.0,0.8,skip,attack_already_active,1785296173.3103633,1785296173310363507,1384841527061926,19.9,53.35546875,-1.0,0,0
2026-07-28T23:36:13.311,10.42.0.1,10.42.0.1,42,3,UPLOAD,0.95,UPLOAD,0.95,1,7128,0.7049217623569831,53,338456.0,238585.0,29,24,0.586537178467388,0.41346282153261205,0.014223647792961841,1,0,1,1,1,1,1,1,0.9699999999999999,1.0,1.0,1.0,0.8,skip,attack_already_active,1785296173.3118138,1785296173311813920,1384841528513144,19.9,53.35546875,-1.0,0,0
2026-07-28T23:36:13.324,10.42.0.1,10.42.0.1,42,3,UPLOAD,0.95,UPLOAD,0.95,1,1336,0.7088690996770367,54,338456.0,239921.0,29,25,0.5851823291728405,0.4148176708271594,0.013966674696634047,1,0,1,1,1,1,1,1,0.9699999999999999,1.0,1.0,1.0,0.8,skip,attack_already_active,1785296173.3240874,1785296173324087259,1384841540785970,19.9,53.35546875,-1.0,0,0
2026-07-28T23:36:13.394,10.42.0.18,10.42.0.1,34,2,TRAINING,0.95,TRAINING,0.95,1,11680,0.14750454638377067,9,79184.0,11680.0,8,1,0.8714562422961789,0.1285437577038211,0.451270558062256,0,0,0,0,1,1,0,0,0.5725,1.0,0.0,1.0,0.15,skip,training_upload_trigger_not_confirmed,1785296173.3947196,1785296173394719490,1384841611418339,89.1,53.35546875,-1.0,0,0
2026-07-28T23:36:13.397,10.42.0.18,10.42.0.1,34,3,UPLOAD,0.95,UPLOAD,0.95,1,64240,0.9587795514250508,10,79184.0,75920.0,8,2,0.5105219723540334,0.4894780276459666,0.3921175695284474,0,0,0,1,1,1,1,1,0.9699999999999999,1.0,1.0,1.0,0.8,trigger,training_upload_trigger_confirmed,1785296173.3970945,1785296173397094405,1384841613792983,89.1,53.35546875,26.868875,1785296173423964610,1384841640661858
2026-07-28T23:36:13.398,10.42.0.1,10.42.0.1,42,3,UPLOAD,0.95,UPLOAD,0.95,1,7240,0.7302603588066684,55,338456.0,247161.0,29,26,0.5779477030209164,0.4220522969790836,0.018633129591525823,1,0,1,1,1,1,1,1,0.9699999999999999,1.0,1.0,1.0,0.8,skip,attack_already_active,1785296173.3986914,1785296173398691294,1384841615390021,89.1,53.35546875,-1.0,0,0
2026-07-28T23:36:13.399,10.42.0.1,10.42.0.1,42,3,UPLOAD,0.95,UPLOAD,0.95,1,7240,0.7516516179363,56,338456.0,254401.0,29,27,0.5708897761180184,0.42911022388198167,0.016322656262938634,1,0,1,1,1,1,1,1,0.9699999999999999,1.0,1.0,1.0,0.8,skip,attack_already_active,1785296173.399791,1785296173399790994,1384841616489714,89.1,53.35546875,-1.0,0,0
2026-07-28T23:36:13.401,10.42.0.1,10.42.0.1,42,3,UPLOAD,0.7419218993307704,UPLOAD,0.7419218993307704,0,43,0.7516516179363,56,338456.0,254401.0,29,27,0.5708897761180184,0.42911022388198167,0.02742477167720698,1,0,1,1,1,1,1,1,0.8025,0.7500000000000001,1.0,0.6000000000000001,0.8,skip,attack_already_active,1785296173.4011767,1785296173401176573,1384841617875181,89.1,53.35546875,-1.0,0,0
2026-07-28T23:36:13.402,10.42.0.1,10.42.0.1,42,3,UPLOAD,0.95,UPLOAD,0.95,1,10136,0.7815993807177843,57,338456.0,264537.0,29,28,0.5612934146830892,0.4387065853169108,0.02412424491940252,1,0,1,1,1,1,1,1,0.9699999999999999,1.0,1.0,1.0,0.8,skip,attack_already_active,1785296173.402169,1785296173402169101,1384841618867475,89.1,53.35546875,-1.0,0,0
2026-07-28T23:36:13.403,10.42.0.1,10.42.0.1,42,3,UPLOAD,0.95,UPLOAD,0.95,1,4344,0.7944341361955632,58,338456.0,268881.0,29,29,0.5572787431030878,0.4427212568969123,0.021082014240214397,1,0,1,1,1,1,1,1,0.9699999999999999,1.0,1.0,1.0,0.8,skip,attack_already_active,1785296173.4032066,1785296173403206682,1384841619905172,89.1,53.35546875,-1.0,0,0
2026-07-28T23:36:13.406,10.42.0.1,10.42.0.1,42,3,UPLOAD,0.95,UPLOAD,0.95,1,14480,0.8372166544548266,59,338456.0,283361.0,29,30,0.5443016192867033,0.45569838071329666,0.018692451590329687,1,0,1,1,1,1,1,1,0.9699999999999999,1.0,1.0,1.0,0.8,skip,attack_already_active,1785296173.4061549,1785296173406154632,1384841622853072,89.1,53.35546875,-1.0,0,0
2026-07-28T23:36:13.408,10.42.0.1,10.42.0.1,42,3,UPLOAD,0.95,UPLOAD,0.95,1,14480,0.8799991727140899,60,338456.0,297841.0,29,31,0.5319151276840847,0.4680848723159154,0.01648820659510772,1,0,1,1,1,1,1,1,0.9699999999999999,1.0,1.0,1.0,0.8,skip,attack_already_active,1785296173.40812,1785296173408119828,1384841624818339,89.1,53.35546875,-1.0,0,0
2026-07-28T23:36:13.409,10.42.0.1,10.42.0.1,42,3,UPLOAD,0.95,UPLOAD,0.95,1,5792,0.8971121800177951,61,338456.0,303633.0,29,32,0.5271169573065416,0.4728830426934584,0.014450985527962337,1,0,1,1,1,1,1,1,0.9699999999999999,1.0,1.0,1.0,0.8,skip,attack_already_active,1785296173.4091482,1785296173409148136,1384841625846555,89.1,53.35546875,-1.0,0,0
2026-07-28T23:36:13.410,10.42.0.1,10.42.0.1,42,3,UPLOAD,0.95,UPLOAD,0.95,1,8688,0.9227816909733532,62,338456.0,312321.0,29,33,0.5200798430184226,0.4799201569815774,0.012723909182839633,1,0,1,1,1,1,1,1,0.9699999999999999,1.0,1.0,1.0,0.8,skip,attack_already_active,1785296173.410493,1785296173410493000,1384841627191357,89.1,53.35546875,-1.0,0,0
2026-07-28T23:36:13.413,10.42.0.1,10.42.0.1,42,3,UPLOAD,0.95,UPLOAD,0.95,1,7128,0.9438420355971121,63,338456.0,319449.0,29,34,0.5144450946565233,0.4855549053434766,0.011469253839839336,1,0,1,1,1,1,1,1,0.9699999999999999,1.0,1.0,1.0,0.8,skip,attack_already_active,1785296173.4136956,1785296173413695467,1384841630393894,89.1,53.35546875,-1.0,0,0
2026-07-28T23:36:13.421,10.42.0.1,10.42.0.1,42,3,UPLOAD,0.95,UPLOAD,0.95,1,1336,0.9477893729171656,64,338456.0,320785.0,29,35,0.5134025341263665,0.48659746587363345,0.010928793441904552,1,0,1,1,1,1,1,1,0.9699999999999999,1.0,1.0,1.0,0.8,skip,attack_already_active,1785296173.4210634,1785296173421063513,1384841637762203,89.1,53.35546875,-1.0,0,0
2026-07-28T23:36:14.732,10.42.0.47,10.42.0.1|10.42.0.47,42,3,UPLOAD,0.95,UPLOAD,0.95,1,5792,100.0,1,0.0,5792.0,0,1,0.0,1.0,0.348246130459819,1,0,0,1,1,1,1,1,0.9699999999999999,1.0,1.0,1.0,0.8,trigger,training_upload_trigger_confirmed,1785296174.7320883,1785296174732088304,1384842948787010,7.5,53.35546875,8.849667,1785296174740939441,1384842957636677
2026-07-28T23:36:14.733,10.42.0.47,10.42.0.1|10.42.0.47,42,3,UPLOAD,0.95,UPLOAD,0.95,1,1448,100.0,2,0.0,7240.0,0,2,0.0,1.0,0.302541450500202,1,0,1,1,1,1,1,1,0.9699999999999999,1.0,1.0,1.0,0.8,skip,attack_already_active,1785296174.7334943,1785296174733494263,1384842950194483,7.5,53.35546875,-1.0,0,0
2026-07-28T23:36:14.734,10.42.0.47,10.42.0.1|10.42.0.47,42,3,UPLOAD,0.95,UPLOAD,0.95,1,4344,100.0,3,0.0,11584.0,0,3,0.0,1.0,0.26282027144632025,1,0,1,1,1,1,1,1,0.9699999999999999,1.0,1.0,1.0,0.8,skip,attack_already_active,1785296174.7346027,1785296174734602807,1384842951301914,7.5,53.35546875,-1.0,0,0
2026-07-28T23:36:14.736,10.42.0.47,10.42.0.1|10.42.0.47,42,3,UPLOAD,0.95,UPLOAD,0.95,1,2896,100.0,4,0.0,14480.0,0,4,0.0,1.0,0.22839572478035794,1,0,1,1,1,1,1,1,0.9699999999999999,1.0,1.0,1.0,0.8,skip,attack_already_active,1785296174.7361846,1785296174736184555,1384842952882660,7.5,53.35546875,-1.0,0,0
2026-07-28T23:36:14.737,10.42.0.47,10.42.0.1|10.42.0.47,42,3,UPLOAD,0.95,UPLOAD,0.95,1,5792,100.0,5,0.0,20272.0,0,5,0.0,1.0,0.19848640475187718,1,0,1,1,1,1,1,1,0.9699999999999999,1.0,1.0,1.0,0.8,skip,attack_already_active,1785296174.7376068,1785296174737606608,1384842954305138,7.5,53.35546875,-1.0,0,0
2026-07-28T23:36:14.739,10.42.0.47,10.42.0.1|10.42.0.47,42,3,UPLOAD,0.95,UPLOAD,0.95,1,4344,100.0,6,0.0,24616.0,0,6,0.0,1.0,0.1725373770583213,1,0,1,1,1,1,1,1,0.9699999999999999,1.0,1.0,1.0,0.8,skip,attack_already_active,1785296174.7391732,1785296174739173099,1384842955872136,7.5,53.35546875,-1.0,0,0
2026-07-28T23:36:14.739,10.42.0.47,10.42.0.1|10.42.0.47,42,3,UPLOAD,0.95,UPLOAD,0.95,1,1448,100.0,7,0.0,26064.0,0,7,0.0,1.0,0.14990550480199671,1,0,1,1,1,1,1,1,0.9699999999999999,1.0,1.0,1.0,0.8,skip,attack_already_active,1785296174.7399635,1785296174739963627,1384842956661776,7.5,53.35546875,-1.0,0,0
2026-07-28T23:36:14.740,10.42.0.47,10.42.0.1|10.42.0.47,42,3,UPLOAD,0.95,UPLOAD,0.95,1,5792,100.0,8,0.0,31856.0,0,8,0.0,1.0,0.13026391553024663,1,0,1,1,1,1,1,1,0.9699999999999999,1.0,1.0,1.0,0.8,skip,attack_already_active,1785296174.7408144,1785296174740814323,1384842957512303,7.5,53.35546875,-1.0,0,0
2026-07-28T23:36:14.741,10.42.0.47,10.42.0.1|10.42.0.47,42,3,UPLOAD,0.95,UPLOAD,0.95,1,5792,100.0,9,0.0,37648.0,0,9,0.0,1.0,0.11320533953149631,1,0,1,1,1,1,1,1,0.9699999999999999,1.0,1.0,1.0,0.8,skip,attack_already_active,1785296174.7416255,1785296174741625680,1384842958324071,7.5,53.35546875,-1.0,0,0
2026-07-28T23:36:14.742,10.42.0.47,10.42.0.1|10.42.0.47,42,3,UPLOAD,0.95,UPLOAD,0.95,1,5792,100.0,10,0.0,43440.0,0,10,0.0,1.0,0.09839568510014697,1,0,1,1,1,1,1,1,0.9699999999999999,1.0,1.0,1.0,0.8,skip,attack_already_active,1785296174.7424445,1785296174742444605,1384842959142661,7.5,53.35546875,-1.0,0,0
2026-07-28T23:36:14.743,10.42.0.47,10.42.0.1|10.42.0.47,42,3,UPLOAD,0.95,UPLOAD,0.95,1,5792,100.0,11,0.0,49232.0,0,11,0.0,1.0,0.08557564300212786,1,0,1,1,1,1,1,1,0.9699999999999999,1.0,1.0,1.0,0.8,skip,attack_already_active,1785296174.7435524,1785296174743552393,1384842960250446,7.5,53.35546875,-1.0,0,0
2026-07-28T23:36:14.744,10.42.0.47,10.42.0.1|10.42.0.47,42,3,UPLOAD,0.95,UPLOAD,0.95,1,5792,100.0,12,0.0,55024.0,0,12,0.0,1.0,0.07440819668792567,1,0,1,1,1,1,1,1,0.9699999999999999,1.0,1.0,1.0,0.8,skip,attack_already_active,1785296174.7443814,1785296174744381428,1384842961079549,7.5,53.35546875,-1.0,0,0
2026-07-28T23:36:14.745,10.42.0.47,10.42.0.1|10.42.0.47,42,3,UPLOAD,0.95,UPLOAD,0.95,1,5792,100.0,13,0.0,60816.0,0,13,0.0,1.0,0.06470894159147739,1,0,1,1,1,1,1,1,0.9699999999999999,1.0,1.0,1.0,0.8,skip,attack_already_active,1785296174.7451847,1785296174745184797,1384842961882873,7.5,53.35546875,-1.0,0,0
2026-07-28T23:36:14.746,10.42.0.47,10.42.0.1|10.42.0.47,42,3,UPLOAD,0.95,UPLOAD,0.95,1,2896,100.0,14,0.0,63712.0,0,14,0.0,1.0,0.056294963868805906,1,0,1,1,1,1,1,1,0.9699999999999999,1.0,1.0,1.0,0.8,skip,attack_already_active,1785296174.7460423,1785296174746042397,1384842962740441,7.5,53.35546875,-1.0,0,0
2026-07-28T23:36:14.746,10.42.0.47,10.42.0.1|10.42.0.47,42,3,UPLOAD,0.95,UPLOAD,0.95,1,2896,100.0,15,0.0,66608.0,0,15,0.0,1.0,0.04894615754393663,1,0,1,1,1,1,1,1,0.9699999999999999,1.0,1.0,1.0,0.8,skip,attack_already_active,1785296174.7465692,1785296174746569138,1384842963267076,7.5,53.35546875,-1.0,0,0
2026-07-28T23:36:14.747,10.42.0.47,10.42.0.1|10.42.0.47,42,3,UPLOAD,0.95,UPLOAD,0.95,1,5792,100.0,16,0.0,72400.0,0,16,0.0,1.0,0.042601960625046356,1,0,1,1,1,1,1,1,0.9699999999999999,1.0,1.0,1.0,0.8,skip,attack_already_active,1785296174.747371,1785296174747371100,1384842964069095,7.5,53.35546875,-1.0,0,0
2026-07-28T23:36:14.748,10.42.0.47,10.42.0.1|10.42.0.47,42,3,UPLOAD,0.95,UPLOAD,0.95,1,5792,100.0,17,0.0,78192.0,0,17,0.0,1.0,0.037093075700431216,1,0,1,1,1,1,1,1,0.9699999999999999,1.0,1.0,1.0,0.8,skip,attack_already_active,1785296174.7481675,1785296174748167469,1384842964865505,7.5,53.35546875,-1.0,0,0
2026-07-28T23:36:14.749,10.42.0.47,10.42.0.1|10.42.0.47,42,3,UPLOAD,0.9500204119896607,UPLOAD,0.9500204119896607,1,1336,100.0,18,0.0,79528.0,0,18,0.0,1.0,0.03236224276236045,1,0,1,1,1,1,1,1,0.9699999999999999,1.0,1.0,1.0,0.8,skip,attack_already_active,1785296174.7493596,1785296174749359572,1384842966058002,7.5,53.35546875,-1.0,0,0
2026-07-28T23:36:14.750,10.42.0.1,10.42.0.1|10.42.0.47,42,3,UPLOAD,0.9529491687968542,UPLOAD,0.9529491687968542,1,7240,100.0,1,0.0,7240.0,0,1,0.0,1.0,0.1804169113960426,1,0,1,1,1,1,1,1,0.9699999999999999,1.0,1.0,1.0,0.8,skip,attack_already_active,1785296174.7502098,1785296174750209682,1384842966907968,7.5,53.35546875,-1.0,0,0
2026-07-28T23:36:14.751,10.42.0.1,10.42.0.1|10.42.0.47,42,3,UPLOAD,0.9712634878569961,UPLOAD,0.9712634878569961,1,7240,100.0,2,0.0,14480.0,0,2,0.0,1.0,0.15675403796128648,1,0,1,1,1,1,1,1,0.9699999999999999,1.0,1.0,1.0,0.8,skip,attack_already_active,1785296174.7510557,1785296174751055714,1384842967753915,7.5,53.35546875,-1.0,0,0
2026-07-28T23:36:14.784,10.42.0.210,10.42.0.1|10.42.0.210|10.42.0.47,42,3,UPLOAD,0.95,UPLOAD,0.95,1,1448,100.0,1,0.0,1448.0,0,1,0.0,1.0,0.5003291523557115,1,0,0,1,1,1,1,1,0.9525,0.95,1.0,1.0,0.8,trigger,training_upload_trigger_confirmed,1785296174.7843378,1785296174784337584,1384843001036572,7.5,53.35546875,75.749735,1785296174860089047,1384843076786307
2026-07-28T23:36:14.785,10.42.0.210,10.42.0.1|10.42.0.210|10.42.0.47,42,3,UPLOAD,0.9841010226033655,UPLOAD,0.9841010226033655,1,1448,100.0,2,0.0,2896.0,0,2,0.0,1.0,0.4345223917976057,1,0,1,1,1,1,1,1,0.9699999999999999,1.0,1.0,1.0,0.8,skip,attack_already_active,1785296174.7852776,1785296174785277656,1384843001976011,7.5,53.35546875,-1.0,0,0
2026-07-28T23:36:14.786,10.42.0.210,10.42.0.1|10.42.0.210|10.42.0.47,42,3,UPLOAD,0.9854688349332961,UPLOAD,0.9854688349332961,1,1448,100.0,3,0.0,4344.0,0,3,0.0,1.0,0.37743839839725546,1,0,1,1,1,1,1,1,0.9699999999999999,1.0,1.0,1.0,0.8,skip,attack_already_active,1785296174.7866054,1785296174786605197,1384843003303555,7.5,53.35546875,-1.0,0,0
2026-07-28T23:36:14.787,10.42.0.210,10.42.0.1|10.42.0.210|10.42.0.47,42,3,UPLOAD,0.9855076450773014,UPLOAD,0.9855076450773014,1,1448,100.0,4,0.0,5792.0,0,4,0.0,1.0,0.3278198150967587,1,0,1,1,1,1,1,1,0.9699999999999999,1.0,1.0,1.0,0.8,skip,attack_already_active,1785296174.787502,1785296174787502111,1384843004200617,7.5,53.35546875,-1.0,0,0
2026-07-28T23:36:14.788,10.42.0.210,10.42.0.1|10.42.0.210|10.42.0.47,42,3,UPLOAD,0.9855086980780915,UPLOAD,0.9855086980780915,1,1448,100.0,5,0.0,7240.0,0,5,0.0,1.0,0.28479467484549503,1,0,1,1,1,1,1,1,0.9699999999999999,1.0,1.0,1.0,0.8,skip,attack_already_active,1785296174.788816,1785296174788815848,1384843005514613,7.5,53.35546875,-1.0,0,0
2026-07-28T23:36:14.789,10.42.0.210,10.42.0.1|10.42.0.210|10.42.0.47,42,3,UPLOAD,0.9855087254685951,UPLOAD,0.9855087254685951,1,1448,100.0,6,0.0,8688.0,0,6,0.0,1.0,0.24738963564433497,1,0,1,1,1,1,1,1,0.9699999999999999,1.0,1.0,1.0,0.8,skip,attack_already_active,1785296174.7897542,1785296174789754023,1384843006452357,7.5,53.35546875,-1.0,0,0
2026-07-28T23:36:14.791,10.42.0.210,10.42.0.1|10.42.0.210|10.42.0.47,42,3,UPLOAD,0.9855087261493067,UPLOAD,0.9855087261493067,1,1448,100.0,7,0.0,10136.0,0,7,0.0,1.0,0.21496587288580407,1,0,1,1,1,1,1,1,0.9699999999999999,1.0,1.0,1.0,0.8,skip,attack_already_active,1785296174.7910888,1785296174791088904,1384843007787777,7.5,53.35546875,-1.0,0,0
2026-07-28T23:36:14.792,10.42.0.210,10.42.0.1|10.42.0.210|10.42.0.47,42,3,UPLOAD,0.9855087261653082,UPLOAD,0.9855087261653082,1,1448,100.0,8,0.0,11584.0,0,8,0.0,1.0,0.18676123026969088,1,0,1,1,1,1,1,1,0.9699999999999999,1.0,1.0,1.0,0.8,skip,attack_already_active,1785296174.7920175,1785296174792017451,1384843008716190,7.5,53.35546875,-1.0,0,0
2026-07-28T23:36:14.793,10.42.0.210,10.42.0.1|10.42.0.210|10.42.0.47,42,3,UPLOAD,0.985508726165656,UPLOAD,0.985508726165656,1,1448,100.0,9,0.0,13032.0,0,9,0.0,1.0,0.16232614649069108,1,0,1,1,1,1,1,1,0.9699999999999999,1.0,1.0,1.0,0.8,skip,attack_already_active,1785296174.7933476,1785296174793347638,1384843010046137,7.5,53.35546875,-1.0,0,0
2026-07-28T23:36:14.794,10.42.0.210,10.42.0.1|10.42.0.210|10.42.0.47,42,3,UPLOAD,0.9855087261656625,UPLOAD,0.9855087261656625,1,1448,100.0,10,0.0,14480.0,0,10,0.0,1.0,0.1410578245175645,1,0,1,1,1,1,1,1,0.9699999999999999,1.0,1.0,1.0,0.8,skip,attack_already_active,1785296174.7942743,1785296174794274191,1384843010972467,7.5,53.35546875,-1.0,0,0
2026-07-28T23:36:14.795,10.42.0.210,10.42.0.1|10.42.0.210|10.42.0.47,42,3,UPLOAD,0.95,UPLOAD,0.95,1,1448,100.0,11,0.0,15928.0,0,11,0.0,1.0,0.12264575401555844,1,0,1,1,1,1,1,1,0.9699999999999999,1.0,1.0,1.0,0.8,skip,attack_already_active,1785296174.795608,1785296174795608145,1384843012306536,7.5,53.35546875,-1.0,0,0
2026-07-28T23:36:14.796,10.42.0.210,10.42.0.1|10.42.0.210|10.42.0.47,42,3,UPLOAD,0.95,UPLOAD,0.95,1,1448,100.0,12,0.0,17376.0,0,12,0.0,1.0,0.10660726862405498,1,0,1,1,1,1,1,1,0.9699999999999999,1.0,1.0,1.0,0.8,skip,attack_already_active,1785296174.7965422,1785296174796542217,1384843013240652,7.5,53.35546875,-1.0,0,0
2026-07-28T23:36:14.798,10.42.0.210,10.42.0.1|10.42.0.210|10.42.0.47,42,3,UPLOAD,0.95,UPLOAD,0.95,1,1448,100.0,13,0.0,18824.0,0,13,0.0,1.0,0.09279051076680297,1,0,1,1,1,1,1,1,0.9699999999999999,1.0,1.0,1.0,0.8,skip,attack_already_active,1785296174.798298,1785296174798297731,1384843014996252,7.5,53.35546875,-1.0,0,0
2026-07-28T23:36:14.799,10.42.0.210,10.42.0.1|10.42.0.210|10.42.0.47,42,3,UPLOAD,0.95,UPLOAD,0.95,1,1448,100.0,14,0.0,20272.0,0,14,0.0,1.0,0.08074622300228529,1,0,1,1,1,1,1,1,0.9699999999999999,1.0,1.0,1.0,0.8,skip,attack_already_active,1785296174.7996876,1785296174799687797,1384843016386558,7.5,53.35546875,-1.0,0,0
2026-07-28T23:36:14.801,10.42.0.210,10.42.0.1|10.42.0.210|10.42.0.47,42,3,UPLOAD,0.95,UPLOAD,0.95,1,1448,100.0,15,0.0,21720.0,0,15,0.0,1.0,0.07028793383052369,1,0,1,1,1,1,1,1,0.9699999999999999,1.0,1.0,1.0,0.8,skip,attack_already_active,1785296174.8010688,1785296174801068861,1384843017767463,7.5,53.35546875,-1.0,0,0
2026-07-28T23:36:14.802,10.42.0.210,10.42.0.1|10.42.0.210|10.42.0.47,42,3,UPLOAD,0.95,UPLOAD,0.95,1,1448,100.0,16,0.0,23168.0,0,16,0.0,1.0,0.061154119100207634,1,0,1,1,1,1,1,1,0.9699999999999999,1.0,1.0,1.0,0.8,skip,attack_already_active,1785296174.8020427,1785296174802042716,1384843018740923,7.5,53.35546875,-1.0,0,0
2026-07-28T23:36:14.803,10.42.0.210,10.42.0.1|10.42.0.210|10.42.0.47,42,3,UPLOAD,0.95,UPLOAD,0.95,1,1448,100.0,17,0.0,24616.0,0,17,0.0,1.0,0.05328746551928057,1,0,1,1,1,1,1,1,0.9699999999999999,1.0,1.0,1.0,0.8,skip,attack_already_active,1785296174.803499,1785296174803499071,1384843020198049,7.5,53.35546875,-1.0,0,0
2026-07-28T23:36:14.804,10.42.0.210,10.42.0.1|10.42.0.210|10.42.0.47,42,3,UPLOAD,0.95,UPLOAD,0.95,1,1448,100.0,18,0.0,26064.0,0,18,0.0,1.0,0.04642067758163213,1,0,1,1,1,1,1,1,0.9699999999999999,1.0,1.0,1.0,0.8,skip,attack_already_active,1785296174.8046763,1785296174804676358,1384843021375629,7.5,53.35546875,-1.0,0,0
2026-07-28T23:36:14.806,10.42.0.210,10.42.0.1|10.42.0.210|10.42.0.47,42,3,UPLOAD,0.95,UPLOAD,0.95,1,1448,100.0,19,0.0,27512.0,0,19,0.0,1.0,0.040498594343426,1,0,1,1,1,1,1,1,0.9699999999999999,1.0,1.0,1.0,0.8,skip,attack_already_active,1785296174.806156,1785296174806155988,1384843022854600,7.5,53.35546875,-1.0,0,0
2026-07-28T23:36:14.807,10.42.0.210,10.42.0.1|10.42.0.210|10.42.0.47,42,3,UPLOAD,0.95,UPLOAD,0.95,1,1448,100.0,20,0.0,28960.0,0,20,0.0,1.0,0.03529100801911372,1,0,1,1,1,1,1,1,0.9699999999999999,1.0,1.0,1.0,0.8,skip,attack_already_active,1785296174.8071356,1785296174807135363,1384843023833828,7.5,53.35546875,-1.0,0,0
2026-07-28T23:36:14.808,10.42.0.210,10.42.0.1|10.42.0.210|10.42.0.47,42,3,UPLOAD,0.95,UPLOAD,0.95,1,1448,100.0,21,0.0,30408.0,0,21,0.0,1.0,0.03082406369450201,1,0,1,1,1,1,1,1,0.9699999999999999,1.0,1.0,1.0,0.8,skip,attack_already_active,1785296174.8085282,1785296174808528223,1384843025226678,7.5,53.35546875,-1.0,0,0
2026-07-28T23:36:14.809,10.42.0.210,10.42.0.1|10.42.0.210|10.42.0.47,42,3,UPLOAD,0.95,UPLOAD,0.95,1,1448,100.0,22,0.0,31856.0,0,22,0.0,1.0,0.026891427759665663,1,0,1,1,1,1,1,1,0.9699999999999999,1.0,1.0,1.0,0.8,skip,attack_already_active,1785296174.8095086,1785296174809508723,1384843026207023,7.5,53.35546875,-1.0,0,0
2026-07-28T23:36:14.810,10.42.0.210,10.42.0.1|10.42.0.210|10.42.0.47,42,3,UPLOAD,0.95,UPLOAD,0.95,1,1448,100.0,23,0.0,33304.0,0,23,0.0,1.0,0.02352652678709499,1,0,1,1,1,1,1,1,0.9699999999999999,1.0,1.0,1.0,0.8,skip,attack_already_active,1785296174.8108647,1785296174810864585,1384843027563112,7.5,53.35546875,-1.0,0,0
2026-07-28T23:36:14.811,10.42.0.210,10.42.0.1|10.42.0.210|10.42.0.47,42,3,UPLOAD,0.95,UPLOAD,0.95,1,1448,100.0,24,0.0,34752.0,0,24,0.0,1.0,0.020553540600348506,1,0,1,1,1,1,1,1,0.9699999999999999,1.0,1.0,1.0,0.8,skip,attack_already_active,1785296174.81183,1785296174811829906,1384843028528365,7.5,53.35546875,-1.0,0,0
2026-07-28T23:36:14.813,10.42.0.210,10.42.0.1|10.42.0.210|10.42.0.47,42,3,UPLOAD,0.95,UPLOAD,0.95,1,1448,100.0,25,0.0,36200.0,0,25,0.0,1.0,0.018019632816378306,1,0,1,1,1,1,1,1,0.9699999999999999,1.0,1.0,1.0,0.8,skip,attack_already_active,1785296174.8131545,1785296174813154671,1384843029853082,7.5,53.35546875,-1.0,0,0
2026-07-28T23:36:14.814,10.42.0.210,10.42.0.1|10.42.0.210|10.42.0.47,42,3,UPLOAD,0.95,UPLOAD,0.95,1,1448,100.0,26,0.0,37648.0,0,26,0.0,1.0,0.015769644171355665,1,0,1,1,1,1,1,1,0.9699999999999999,1.0,1.0,1.0,0.8,skip,attack_already_active,1785296174.8140996,1785296174814099383,1384843030797900,7.5,53.35546875,-1.0,0,0
2026-07-28T23:36:14.815,10.42.0.210,10.42.0.1|10.42.0.210|10.42.0.47,42,3,UPLOAD,0.95,UPLOAD,0.95,1,1448,100.0,27,0.0,39096.0,0,27,0.0,1.0,0.013870373158068166,1,0,1,1,1,1,1,1,0.9699999999999999,1.0,1.0,1.0,0.8,skip,attack_already_active,1785296174.8154562,1785296174815456372,1384843032154807,7.5,53.35546875,-1.0,0,0
2026-07-28T23:36:14.816,10.42.0.210,10.42.0.1|10.42.0.210|10.42.0.47,42,3,UPLOAD,0.95,UPLOAD,0.95,1,1448,100.0,28,0.0,40544.0,0,28,0.0,1.0,0.01216843911712709,1,0,1,1,1,1,1,1,0.9699999999999999,1.0,1.0,1.0,0.8,skip,attack_already_active,1785296174.816411,1785296174816411091,1384843033109686,7.5,53.35546875,-1.0,0,0
2026-07-28T23:36:14.817,10.42.0.210,10.42.0.1|10.42.0.210|10.42.0.47,42,3,UPLOAD,0.95,UPLOAD,0.95,1,1448,100.0,29,0.0,41992.0,0,29,0.0,1.0,0.010751852114592746,1,0,1,1,1,1,1,1,0.9699999999999999,1.0,1.0,1.0,0.8,skip,attack_already_active,1785296174.8178294,1785296174817829261,1384843034527769,7.5,53.35546875,-1.0,0,0
2026-07-28T23:36:14.818,10.42.0.210,10.42.0.1|10.42.0.210|10.42.0.47,42,3,UPLOAD,0.95,UPLOAD,0.95,1,1448,100.0,30,0.0,43440.0,0,30,0.0,1.0,0.00946299591630802,1,0,1,1,1,1,1,1,0.9699999999999999,1.0,1.0,1.0,0.8,skip,attack_already_active,1785296174.8188004,1785296174818800306,1384843035498652,7.5,53.35546875,-1.0,0,0
2026-07-28T23:36:14.820,10.42.0.210,10.42.0.1|10.42.0.210|10.42.0.47,42,3,UPLOAD,0.95,UPLOAD,0.95,1,1448,100.0,31,0.0,44888.0,0,31,0.0,1.0,0.008394371699398601,1,0,1,1,1,1,1,1,0.9699999999999999,1.0,1.0,1.0,0.8,skip,attack_already_active,1785296174.820154,1785296174820153822,1384843036852211,7.5,53.35546875,-1.0,0,0
2026-07-28T23:36:14.821,10.42.0.210,10.42.0.1|10.42.0.210|10.42.0.47,42,3,UPLOAD,0.95,UPLOAD,0.95,1,1448,100.0,32,0.0,46336.0,0,32,0.0,1.0,0.007412935229897354,1,0,1,1,1,1,1,1,0.9699999999999999,1.0,1.0,1.0,0.8,skip,attack_already_active,1785296174.8211005,1785296174821100576,1384843037798953,7.5,53.35546875,-1.0,0,0
2026-07-28T23:36:14.822,10.42.0.210,10.42.0.1|10.42.0.210|10.42.0.47,42,3,UPLOAD,0.95,UPLOAD,0.95,1,1448,100.0,33,0.0,47784.0,0,33,0.0,1.0,0.006620425992427935,1,0,1,1,1,1,1,1,0.9699999999999999,1.0,1.0,1.0,0.8,skip,attack_already_active,1785296174.8224993,1785296174822499284,1384843039197887,7.5,53.35546875,-1.0,0,0
2026-07-28T23:36:14.823,10.42.0.210,10.42.0.1|10.42.0.210|10.42.0.47,42,3,UPLOAD,0.95,UPLOAD,0.95,1,1448,100.0,34,0.0,49232.0,0,34,0.0,1.0,0.005873629965605838,1,0,1,1,1,1,1,1,0.9699999999999999,1.0,1.0,1.0,0.8,skip,attack_already_active,1785296174.8234525,1785296174823452489,1384843040150857,7.5,53.35546875,-1.0,0,0
2026-07-28T23:36:14.825,10.42.0.210,10.42.0.1|10.42.0.210|10.42.0.47,42,3,UPLOAD,0.95,UPLOAD,0.95,1,1448,100.0,35,0.0,50680.0,0,35,0.0,1.0,0.005337245910451252,1,0,1,1,1,1,1,1,0.9699999999999999,1.0,1.0,1.0,0.8,skip,attack_already_active,1785296174.8252556,1785296174825255571,1384843041954254,7.5,53.35546875,-1.0,0,0
2026-07-28T23:36:14.826,10.42.0.210,10.42.0.1|10.42.0.210|10.42.0.47,42,3,UPLOAD,0.95,UPLOAD,0.95,1,1448,100.0,36,0.0,52128.0,0,36,0.0,1.0,0.004767740219990695,1,0,1,1,1,1,1,1,0.9699999999999999,1.0,1.0,1.0,0.8,skip,attack_already_active,1785296174.826271,1785296174826271027,1384843042969462,7.5,53.35546875,-1.0,0,0
2026-07-28T23:36:14.827,10.42.0.210,10.42.0.1|10.42.0.210|10.42.0.47,42,3,UPLOAD,0.95,UPLOAD,0.95,1,1448,100.0,37,0.0,53576.0,0,37,0.0,1.0,0.004270421848535553,1,0,1,1,1,1,1,1,0.9699999999999999,1.0,1.0,1.0,0.8,skip,attack_already_active,1785296174.8272648,1785296174827264798,1384843043963839,7.5,53.35546875,-1.0,0,0
2026-07-28T23:36:14.828,10.42.0.210,10.42.0.1|10.42.0.210|10.42.0.47,42,3,UPLOAD,0.95,UPLOAD,0.95,1,1448,100.0,38,0.0,55024.0,0,38,0.0,1.0,0.003811492637186006,1,0,1,1,1,1,1,1,0.9699999999999999,1.0,1.0,1.0,0.8,skip,attack_already_active,1785296174.8280525,1785296174828052522,1384843044750674,7.5,53.35546875,-1.0,0,0
2026-07-28T23:36:14.828,10.42.0.210,10.42.0.1|10.42.0.210|10.42.0.47,42,3,UPLOAD,0.95,UPLOAD,0.95,1,1448,100.0,39,0.0,56472.0,0,39,0.0,1.0,0.0034213956289814596,1,0,1,1,1,1,1,1,0.9699999999999999,1.0,1.0,1.0,0.8,skip,attack_already_active,1785296174.8289037,1785296174828903725,1384843045601846,7.5,53.35546875,-1.0,0,0
2026-07-28T23:36:14.829,10.42.0.210,10.42.0.1|10.42.0.210|10.42.0.47,42,3,UPLOAD,0.95,UPLOAD,0.95,1,1448,100.0,40,0.0,57920.0,0,40,0.0,1.0,0.0030474844499236596,1,0,1,1,1,1,1,1,0.9699999999999999,1.0,1.0,1.0,0.8,skip,attack_already_active,1785296174.8294876,1785296174829487658,1384843046185756,63.8,53.35546875,-1.0,0,0
2026-07-28T23:36:14.831,10.42.0.1,10.42.0.1|10.42.0.210|10.42.0.47,42,3,UPLOAD,0.9737342551302965,UPLOAD,0.9737342551302965,1,14480,100.0,3,0.0,28960.0,0,3,0.0,1.0,0.14675815498126785,1,0,1,1,1,1,1,1,0.9699999999999999,1.0,1.0,1.0,0.8,skip,attack_already_active,1785296174.8319538,1785296174831953570,1384843048651631,63.8,53.35546875,-1.0,0,0
2026-07-28T23:36:14.832,10.42.0.1,10.42.0.1|10.42.0.210|10.42.0.47,42,3,UPLOAD,0.9751678418687499,UPLOAD,0.9751678418687499,1,14480,100.0,4,0.0,43440.0,0,4,0.0,1.0,0.127498097782171,1,0,1,1,1,1,1,1,0.9699999999999999,1.0,1.0,1.0,0.8,skip,attack_already_active,1785296174.8325527,1785296174832552611,1384843049250662,63.8,53.35546875,-1.0,0,0
2026-07-28T23:36:14.833,10.42.0.1,10.42.0.1|10.42.0.210|10.42.0.47,42,3,UPLOAD,0.9763479907879097,UPLOAD,0.9763479907879097,1,11584,100.0,5,0.0,55024.0,0,5,0.0,1.0,0.11080593383179643,1,0,1,1,1,1,1,1,0.9699999999999999,1.0,1.0,1.0,0.8,skip,attack_already_active,1785296174.8333786,1785296174833378659,1384843050076580,63.8,53.35546875,-1.0,0,0
2026-07-28T23:36:14.834,10.42.0.1,10.42.0.1|10.42.0.210|10.42.0.47,42,3,UPLOAD,0.977527055214283,UPLOAD,0.977527055214283,1,17376,100.0,6,0.0,72400.0,0,6,0.0,1.0,0.0963452910802136,1,0,1,1,1,1,1,1,0.9699999999999999,1.0,1.0,1.0,0.8,skip,attack_already_active,1785296174.8344467,1785296174834446600,1384843051144514,63.8,53.35546875,-1.0,0,0
2026-07-28T23:36:14.835,10.42.0.1,10.42.0.1|10.42.0.210|10.42.0.47,42,3,UPLOAD,0.9784711811103113,UPLOAD,0.9784711811103113,1,7128,100.0,7,0.0,79528.0,0,7,0.0,1.0,0.08375732915978326,1,0,1,1,1,1,1,1,0.9699999999999999,1.0,1.0,1.0,0.8,skip,attack_already_active,1785296174.8352654,1785296174835265351,1384843051963502,63.8,53.35546875,-1.0,0,0
2026-07-28T23:36:14.836,10.42.0.1,10.42.0.1|10.42.0.210|10.42.0.47,42,3,UPLOAD,0.9792960929005438,UPLOAD,0.9792960929005438,1,7240,100.0,8,0.0,86768.0,0,8,0.0,1.0,0.07282848482683361,1,0,1,1,1,1,1,1,0.9699999999999999,1.0,1.0,1.0,0.8,skip,attack_already_active,1785296174.8360868,1785296174836086745,1384843052784825,63.8,53.35546875,-1.0,0,0
2026-07-28T23:36:14.836,10.42.0.1,10.42.0.1|10.42.0.210|10.42.0.47,42,3,UPLOAD,0.9801503692326142,UPLOAD,0.9801503692326142,1,7240,100.0,9,0.0,94008.0,0,9,0.0,1.0,0.06330783157152298,1,0,1,1,1,1,1,1,0.9699999999999999,1.0,1.0,1.0,0.8,skip,attack_already_active,1785296174.8366656,1785296174836665600,1384843053363569,63.8,53.35546875,-1.0,0,0
2026-07-28T23:36:14.838,10.42.0.1,10.42.0.1|10.42.0.210|10.42.0.47,42,3,UPLOAD,0.9811705902819633,UPLOAD,0.9811705902819633,1,10136,100.0,10,0.0,104144.0,0,10,0.0,1.0,0.055166547578397326,1,0,1,1,1,1,1,1,0.9699999999999999,1.0,1.0,1.0,0.8,skip,attack_already_active,1785296174.8381915,1785296174838191532,1384843054889632,63.8,53.35546875,-1.0,0,0
2026-07-28T23:36:14.838,10.42.0.1,10.42.0.1|10.42.0.210|10.42.0.47,42,3,UPLOAD,0.982052945187344,UPLOAD,0.982052945187344,1,4344,100.0,11,0.0,108488.0,0,11,0.0,1.0,0.04797460625598654,1,0,1,1,1,1,1,1,0.9699999999999999,1.0,1.0,1.0,0.8,skip,attack_already_active,1785296174.8387804,1785296174838780334,1384843055478354,63.8,53.35546875,-1.0,0,0
2026-07-28T23:36:14.839,10.42.0.1,10.42.0.1|10.42.0.210|10.42.0.47,42,3,UPLOAD,0.9813789838059048,UPLOAD,0.9813789838059048,0,43,100.0,11,0.0,108488.0,0,11,0.0,1.0,0.23116755119137455,1,0,1,1,1,1,1,1,0.8374999999999999,0.8500000000000001,1.0,0.6000000000000001,0.8,skip,attack_already_active,1785296174.839352,1785296174839351715,1384843056049910,63.8,53.35546875,-1.0,0,0
2026-07-28T23:36:14.840,10.42.0.1,10.42.0.1|10.42.0.210|10.42.0.47,42,3,UPLOAD,0.9829352607599415,UPLOAD,0.9829352607599415,1,17376,100.0,12,0.0,125864.0,0,12,0.0,1.0,0.20099737550140137,1,0,1,1,1,1,1,1,0.9699999999999999,1.0,1.0,1.0,0.8,skip,attack_already_active,1785296174.8409948,1785296174840994772,1384843057692898,63.8,53.35546875,-1.0,0,0
2026-07-28T23:36:14.842,10.42.0.1,10.42.0.1|10.42.0.210|10.42.0.47,42,3,UPLOAD,0.983690739127417,UPLOAD,0.983690739127417,1,7129,100.0,13,0.0,132993.0,0,13,0.0,1.0,0.17477122128222083,1,0,1,1,1,1,1,1,0.9699999999999999,1.0,1.0,1.0,0.8,skip,attack_already_active,1785296174.8429692,1785296174842969112,1384843059667323,63.8,53.35546875,-1.0,0,0
2026-07-28T23:36:15.159,10.42.0.1,10.42.0.47,43,1,DOWNLOAD,0.9829535062551207,DOWNLOAD,0.9829535062551207,-1,1448,91.84599441239918,14,1448.0,132993.0,1,13,0.01077052387292567,0.9892294761270743,0.19387013982107598,0,0,0,0,1,0,0,0,0.44,0.8500000000000001,0.0,0.6000000000000001,0.15,skip,training_upload_trigger_not_confirmed,1785296175.1590595,1785296175159059334,1384843375757817,63.8,53.35546875,-1.0,0,0
2026-07-28T23:36:15.162,10.42.0.1,10.42.0.47,43,1,DOWNLOAD,0.95,DOWNLOAD,0.95,-1,5792,18.369198892628564,15,7240.0,132993.0,2,13,0.051628361370005635,0.9483716386299944,0.16882662736259163,0,0,0,0,1,0,0,0,0.44,0.8500000000000001,0.0,0.6000000000000001,0.15,skip,training_upload_trigger_not_confirmed,1785296175.1628814,1785296175162881235,1384843379580092,63.8,53.35546875,-1.0,0,0
2026-07-28T23:36:15.163,10.42.0.1,10.42.0.47,43,1,DOWNLOAD,0.95,DOWNLOAD,0.95,-1,7240,9.184599446948578,16,14480.0,132993.0,3,13,0.0981874648240695,0.9018125351759305,0.14671254700686204,0,0,0,0,1,0,0,0,0.44,0.8500000000000001,0.0,0.6000000000000001,0.15,skip,training_upload_trigger_not_confirmed,1785296175.1638904,1785296175163890487,1384843380589263,63.8,53.35546875,-1.0,0,0
2026-07-28T23:36:15.164,10.42.0.1,10.42.0.47,43,1,DOWNLOAD,0.9542528247408351,DOWNLOAD,0.9542528247408351,-1,7240,6.123066298106673,17,21720.0,132993.0,4,13,0.14038897830175873,0.8596110216982412,0.12750854782257004,0,0,0,0,1,0,0,0,0.44,0.8500000000000001,0.0,0.6000000000000001,0.15,skip,training_upload_trigger_not_confirmed,1785296175.164869,1785296175164869168,1384843381567446,63.8,53.35546875,-1.0,0,0
2026-07-28T23:36:15.165,10.42.0.1,10.42.0.47,43,1,DOWNLOAD,0.9593119706431882,DOWNLOAD,0.9593119706431882,-1,7240,4.592299723632863,18,28960.0,132993.0,5,13,0.17881731119522332,0.8211826888047767,0.11085336756871912,0,0,0,0,1,0,0,0,0.44,0.8500000000000001,0.0,0.6000000000000001,0.15,skip,training_upload_trigger_not_confirmed,1785296175.165986,1785296175165986046,1384843382685011,63.8,53.35546875,-1.0,0,0
2026-07-28T23:36:15.167,10.42.0.1,10.42.0.47,43,1,DOWNLOAD,0.95,DOWNLOAD,0.95,-1,7240,3.673839778931662,19,36200.0,132993.0,6,13,0.21395684218614244,0.7860431578138576,0.09645728926520007,0,0,0,0,1,0,0,0,0.44,0.8500000000000001,0.0,0.6000000000000001,0.15,skip,training_upload_trigger_not_confirmed,1785296175.1675916,1785296175167591599,1384843384289873,63.8,53.35546875,-1.0,0,0
2026-07-28T23:36:15.168,10.42.0.1,10.42.0.47,43,1,DOWNLOAD,0.95,DOWNLOAD,0.95,-1,7240,3.061533149123814,20,43440.0,132993.0,7,13,0.24621244325041233,0.7537875567495876,0.08382758122673481,0,0,0,0,1,0,0,0,0.4,0.8500000000000001,0.0,0.4,0.15,skip,training_upload_trigger_not_confirmed,1785296175.1682055,1785296175168205598,1384843384903651,63.8,53.35546875,-1.0,0,0
2026-07-28T23:36:15.169,10.42.0.1,10.42.0.47,43,1,DOWNLOAD,0.95,DOWNLOAD,0.95,-1,7240,2.6241712706861846,21,50680.0,132993.0,8,13,0.2759251495864934,0.7240748504135066,0.07295369679739264,0,0,0,0,1,0,0,0,0.4,0.8500000000000001,0.0,0.4,0.15,skip,training_upload_trigger_not_confirmed,1785296175.1695142,1785296175169514328,1384843386217025,63.8,53.35546875,-1.0,0,0
2026-07-28T23:36:15.170,10.42.0.1,10.42.0.47,43,1,DOWNLOAD,0.95,DOWNLOAD,0.95,-1,7240,2.2961498618560747,22,57920.0,132993.0,9,13,0.3033842640364983,0.6966157359635017,0.06342838819174278,0,0,0,0,1,0,0,0,0.4,0.8500000000000001,0.0,0.4,0.15,skip,training_upload_trigger_not_confirmed,1785296175.170183,1785296175170182985,1384843386881099,63.8,53.35546875,-1.0,0,0
2026-07-28T23:36:15.170,10.42.0.1,10.42.0.47,43,1,DOWNLOAD,0.95,DOWNLOAD,0.95,-1,10136,1.9541700952016847,23,68056.0,132993.0,10,13,0.33850454366845895,0.661495456331541,0.05514934950286288,0,0,0,0,1,0,0,0,0.4,0.8500000000000001,0.0,0.4,0.15,skip,training_upload_trigger_not_confirmed,1785296175.170784,1785296175170783969,1384843387482113,63.8,53.35546875,-1.0,0,0
2026-07-28T23:36:15.171,10.42.0.1,10.42.0.47,43,1,DOWNLOAD,0.95,DOWNLOAD,0.95,-1,10136,1.700851749530632,24,78192.0,132993.0,11,13,0.3702535691455359,0.6297464308544641,0.04797786516957212,0,0,0,0,1,0,0,0,0.4,0.8500000000000001,0.0,0.4,0.15,skip,training_upload_trigger_not_confirmed,1785296175.171511,1785296175171510983,1384843388209458,63.8,53.35546875,-1.0,0,0
2026-07-28T23:36:15.172,10.42.0.1,10.42.0.47,43,1,DOWNLOAD,0.95,DOWNLOAD,0.95,-1,14480,1.4350936636693383,25,92672.0,132993.0,12,13,0.4106618217268961,0.589338178273104,0.0417434193343902,0,0,0,0,1,0,0,0,0.32,0.8500000000000001,0.0,0.0,0.15,skip,training_upload_trigger_not_confirmed,1785296175.1721773,1785296175172177520,1384843388875751,63.8,53.35546875,-1.0,0,0
2026-07-28T23:36:15.172,10.42.0.1,10.42.0.47,43,1,DOWNLOAD,0.95,DOWNLOAD,0.95,-1,4344,1.3708357384310752,26,97016.0,132993.0,13,13,0.42179219074036234,0.5782078092596377,0.03632287983929303,0,0,0,0,1,0,0,0,0.32,0.8500000000000001,0.0,0.0,0.15,skip,training_upload_trigger_not_confirmed,1785296175.1727858,1785296175172785737,1384843389483937,63.8,53.35546875,-1.0,0,0
2026-07-28T23:36:15.179,10.42.0.1,10.42.0.47,43,1,DOWNLOAD,0.95,DOWNLOAD,0.95,-1,4344,1.3120856353560373,27,101360.0,132993.0,14,13,0.43250993159891277,0.5674900684010873,0.032375581159961926,0,0,0,0,1,0,0,0,0.32,0.8500000000000001,0.0,0.0,0.15,skip,training_upload_trigger_not_confirmed,1785296175.1791537,1785296175179153538,1384843395852016,63.8,53.35546875,-1.0,0,0
2026-07-28T23:36:15.179,10.42.0.1,10.42.0.47,43,1,DOWNLOAD,0.95,DOWNLOAD,0.95,-1,14480,1.1480749309379483,28,115840.0,132993.0,15,13,0.4655331085507147,0.5344668914492853,0.02820217622655856,0,0,0,0,1,0,0,0,0.30250000000000005,0.8000000000000002,0.0,0.0,0.15,skip,training_upload_trigger_not_confirmed,1785296175.1798584,1785296175179858481,1384843396556583,63.8,53.35546875,-1.0,0,0
2026-07-28T23:36:15.180,10.42.0.1,10.42.0.47,43,1,DOWNLOAD,0.95,DOWNLOAD,0.95,-1,14480,1.0205110497235996,29,130320.0,132993.0,16,13,0.49492429162251766,0.5050757083774823,0.024600586078490576,0,0,0,0,1,0,0,0,0.30250000000000005,0.8000000000000002,0.0,0.0,0.15,skip,training_upload_trigger_not_confirmed,1785296175.1807292,1785296175180729084,1384843397427296,63.8,53.35546875,-1.0,0,0
2026-07-28T23:36:15.181,10.42.0.1,10.42.0.47,43,1,DOWNLOAD,0.95,DOWNLOAD,0.95,-1,14480,0.9184599447519444,30,144800.0,132993.0,17,13,0.5212514354213389,0.4787485645786611,0.02150105243790214,0,0,0,0,1,0,0,0,0.30250000000000005,0.8000000000000002,0.0,0.0,0.15,skip,training_upload_trigger_not_confirmed,1785296175.1818082,1785296175181808098,1384843398506283,63.8,53.35546875,-1.0,0,0
2026-07-28T23:36:15.182,10.42.0.1,10.42.0.47,43,1,DOWNLOAD,0.95,DOWNLOAD,0.95,-1,14480,0.8349635861386554,31,159280.0,132993.0,18,13,0.5449699424852792,0.4550300575147208,0.018788625726278152,0,0,0,0,1,0,0,0,0.30250000000000005,0.8000000000000002,0.0,0.0,0.15,skip,training_upload_trigger_not_confirmed,1785296175.1827254,1785296175182725486,1384843399423823,63.8,53.35546875,-1.0,0,0
2026-07-28T23:36:15.183,10.42.0.1,10.42.0.47,43,1,DOWNLOAD,0.95,DOWNLOAD,0.95,-1,10136,0.7850084997887743,32,169416.0,132993.0,19,13,0.5602214219814886,0.43977857801851133,0.016401487520016418,0,0,0,0,1,0,0,0,0.28500000000000003,0.7500000000000001,0.0,0.0,0.15,skip,training_upload_trigger_not_confirmed,1785296175.1833987,1785296175183398725,1384843400096963,63.8,53.35546875,-1.0,0,0
2026-07-28T23:36:15.184,10.42.0.1,10.42.0.47,43,1,DOWNLOAD,0.95,DOWNLOAD,0.95,-1,18824,0.7065076498103139,33,188240.0,132993.0,20,13,0.5859920991927977,0.41400790080720223,0.01432614844442566,0,0,0,0,1,0,0,0,0.28500000000000003,0.7500000000000001,0.0,0.0,0.15,skip,training_upload_trigger_not_confirmed,1785296175.184051,1785296175184050831,1384843400748969,63.8,53.35546875,-1.0,0,0
2026-07-28T23:36:15.185,10.42.0.1,10.42.0.47,43,1,DOWNLOAD,0.95,DOWNLOAD,0.95,-1,5792,0.68541786921907,34,194032.0,132993.0,21,13,0.5933246693677854,0.40667533063221467,0.012588629075412663,0,0,0,0,1,0,0,0,0.28500000000000003,0.7500000000000001,0.0,0.0,0.15,skip,training_upload_trigger_not_confirmed,1785296175.1851916,1785296175185191625,1384843401889774,63.8,53.35546875,-1.0,0,0
2026-07-28T23:36:15.185,10.42.0.1,10.42.0.47,43,1,DOWNLOAD,0.95,DOWNLOAD,0.95,-1,1448,0.6803406998174732,35,195480.0,132993.0,22,13,0.595117406910157,0.404882593089843,0.011010040831750351,0,0,0,0,1,0,0,0,0.28500000000000003,0.7500000000000001,0.0,0.0,0.15,skip,training_upload_trigger_not_confirmed,1785296175.1858008,1785296175185800677,1384843402498754,63.8,53.35546875,-1.0,0,0
2026-07-28T23:36:15.186,10.42.0.1,10.42.0.47,43,1,DOWNLOAD,0.95,DOWNLOAD,0.95,-1,15472,0.6304419962852666,36,210952.0,132993.0,23,13,0.6133306197211763,0.38666938027882364,0.009649775149299102,0,0,0,0,1,0,0,0,0.28500000000000003,0.7500000000000001,0.0,0.0,0.15,skip,training_upload_trigger_not_confirmed,1785296175.1864882,1785296175186487938,1384843403187145,63.8,53.35546875,-1.0,0,0
2026-07-28T23:36:15.187,10.42.0.1,10.42.0.47,43,1,DOWNLOAD,0.95,DOWNLOAD,0.95,-1,5792,0.6135948399973536,37,216744.0,132993.0,24,13,0.6197342574563172,0.38026574254368284,0.008504479431153632,0,0,0,0,1,0,0,0,0.28500000000000003,0.7500000000000001,0.0,0.0,0.15,skip,training_upload_trigger_not_confirmed,1785296175.1874466,1785296175187446431,1384843404145107,63.8,53.35546875,-1.0,0,0
2026-07-28T23:36:15.188,10.42.0.1,10.42.0.47,43,1,DOWNLOAD,0.95,DOWNLOAD,0.95,-1,15472,0.5727124745944607,38,232216.0,132993.0,25,13,0.6358441330854387,0.36415586691456125,0.0074984171447124775,0,0,0,0,1,0,0,0,0.28500000000000003,0.7500000000000001,0.0,0.0,0.15,skip,training_upload_trigger_not_confirmed,1785296175.1883163,1785296175188316330,1384843405014768,63.8,53.35546875,-1.0,0,0
2026-07-28T23:36:15.189,10.42.0.1,10.42.0.47,43,1,DOWNLOAD,0.95,DOWNLOAD,0.95,-1,15472,0.5369375989166333,39,247688.0,132993.0,26,13,0.6506445028777376,0.3493554971222625,0.006625902123564238,0,0,0,0,1,0,0,0,0.28500000000000003,0.7500000000000001,0.0,0.0,0.15,skip,training_upload_trigger_not_confirmed,1785296175.1891935,1785296175189193359,1384843405892045,63.8,53.35546875,-1.0,0,0
2026-07-28T23:36:15.190,10.42.0.18,10.42.0.47,34,1,DOWNLOAD,0.95,DOWNLOAD,0.95,-1,7300,1.3698630135109776e-10,1,7300.0,0.0,1,0,1.0,0.0,0.569613513171707,0,0,0,0,0,0,0,0,0.0225,0.0,0.0,0.0,0.15,skip,already_attacked_this_round,1785296175.1902027,1785296175190202573,1384843406900672,63.8,53.35546875,-1.0,0,0
2026-07-28T23:36:15.190,10.42.0.18,10.42.0.47,34,1,DOWNLOAD,0.95,DOWNLOAD,0.95,-1,7300,6.84931506802402e-11,2,14600.0,0.0,2,0,1.0,0.0,0.49463628280302774,0,0,0,0,0,0,0,0,0.0225,0.0,0.0,0.0,0.15,skip,already_attacked_this_round,1785296175.1908348,1785296175190834666,1384843407532789,63.8,53.35546875,-1.0,0,0
2026-07-28T23:36:15.191,10.42.0.1,10.42.0.47,43,1,DOWNLOAD,0.95,DOWNLOAD,0.95,-1,15498,0.5053194318865544,40,263186.0,132993.0,27,13,0.6643108291958938,0.3356891708041062,0.0060551078165280055,0,0,0,0,1,0,0,0,0.28500000000000003,0.7500000000000001,0.0,0.0,0.15,skip,training_upload_trigger_not_confirmed,1785296175.1914878,1785296175191487837,1384843408185826,63.8,53.35546875,-1.0,0,0
2026-07-28T23:36:15.192,10.42.0.1,10.42.0.47,43,1,DOWNLOAD,0.95,DOWNLOAD,0.95,-1,21720,0.4667960660727861,41,284906.0,132993.0,28,13,0.6817580324432458,0.31824196755675416,0.005340989624007911,0,0,0,0,1,0,0,0,0.28500000000000003,0.7500000000000001,0.0,0.0,0.15,skip,training_upload_trigger_not_confirmed,1785296175.1921237,1785296175192123685,1384843408822026,63.8,53.35546875,-1.0,0,0
2026-07-28T23:36:15.193,10.42.0.1,10.42.0.47,43,1,DOWNLOAD,0.95,DOWNLOAD,0.95,-1,14024,0.4448967985834647,42,298930.0,132993.0,29,13,0.6920909513964295,0.30790904860357055,0.004755344701840254,0,0,0,0,0,0,0,0,0.0225,0.0,0.0,0.0,0.15,skip,training_upload_trigger_not_confirmed,1785296175.1930203,1785296175193020335,1384843409718378,63.8,53.35546875,-1.0,0,0
2026-07-28T23:36:15.195,10.42.0.210,10.42.0.47,43,1,DOWNLOAD,0.9837899317915302,DOWNLOAD,0.9837899317915302,-1,10136,5.714285713820611,41,10136.0,57920.0,1,40,0.14893617021276595,0.851063829787234,0.049168784903850744,0,0,0,0,0,0,0,0,0.057499999999999996,0.1,0.0,0.0,0.15,skip,training_upload_trigger_not_confirmed,1785296175.195162,1785296175195162070,1384843411860580,63.8,53.35546875,-1.0,0,0
2026-07-28T23:36:15.196,10.42.0.210,10.42.0.47,43,1,DOWNLOAD,0.95,DOWNLOAD,0.95,-1,14480,2.3529411764156265,42,24616.0,57920.0,2,40,0.2982456140350877,0.7017543859649122,0.04282098230030896,0,0,0,0,0,0,0,0,0.057499999999999996,0.1,0.0,0.0,0.15,skip,training_upload_trigger_not_confirmed,1785296175.1961591,1785296175196159222,1384843412857353,63.8,53.35546875,-1.0,0,0
2026-07-28T23:36:15.196,10.42.0.210,10.42.0.47,43,1,DOWNLOAD,0.9557926560077417,DOWNLOAD,0.9557926560077417,-1,4344,1.9999999999654696,43,28960.0,57920.0,3,40,0.3333333333333333,0.6666666666666666,0.03726617621826879,0,0,0,0,0,0,0,0,0.057499999999999996,0.1,0.0,0.0,0.15,skip,training_upload_trigger_not_confirmed,1785296175.1968262,1785296175196826134,1384843413524589,63.8,53.35546875,-1.0,0,0
2026-07-28T23:36:15.198,10.42.0.59,10.42.0.47,13,1,DOWNLOAD,0.95,DOWNLOAD,0.95,-1,14600,6.84931506802402e-11,1,14600.0,0.0,1,0,1.0,0.0,0.9258347297782406,0,0,0,0,0,0,0,0,0.0225,0.0,0.0,0.0,0.15,skip,already_attacked_this_round,1785296175.1986392,1785296175198639169,1384843415337579,63.8,53.35546875,-1.0,0,0
2026-07-28T23:36:15.199,10.42.0.59,10.42.0.47,13,1,DOWNLOAD,0.95,DOWNLOAD,0.95,-1,14600,3.424657534129292e-11,2,29200.0,0.0,2,0,1.0,0.0,0.8039181144420061,0,0,0,0,0,0,0,0,0.0225,0.0,0.0,0.0,0.15,skip,already_attacked_this_round,1785296175.1992824,1785296175199282474,1384843415980454,63.8,53.35546875,-1.0,0,0
2026-07-28T23:36:15.203,10.42.0.210,10.42.0.47,43,1,DOWNLOAD,0.9846998846180315,DOWNLOAD,0.9846998846180315,-1,14480,1.3333333333256598,44,43440.0,57920.0,4,40,0.42857142857142855,0.5714285714285714,0.033278271330698474,0,0,0,0,0,0,0,0,0.057499999999999996,0.1,0.0,0.0,0.15,skip,training_upload_trigger_not_confirmed,1785296175.2038293,1785296175203829225,1384843420527766,63.8,53.35546875,-1.0,0,0
2026-07-28T23:36:15.204,10.42.0.210,10.42.0.47,43,1,DOWNLOAD,0.9854895428954357,DOWNLOAD,0.9854895428954357,-1,5792,1.1764705882317097,45,49232.0,57920.0,5,40,0.4594594594594595,0.5405405405405406,0.029019688672297494,0,0,0,0,0,0,0,0,0.039999999999999994,0.05,0.0,0.0,0.15,skip,training_upload_trigger_not_confirmed,1785296175.2047904,1785296175204790383,1384843421488536,63.8,53.35546875,-1.0,0,0
2026-07-28T23:36:15.205,10.42.0.210,10.42.0.47,43,1,DOWNLOAD,0.9855083405864443,DOWNLOAD,0.9855083405864443,-1,14480,0.9090909090923359,46,63712.0,57920.0,6,40,0.5238095238095238,0.47619047619047616,0.025316026402654866,0,0,0,0,0,0,0,0,0.039999999999999994,0.05,0.0,0.0,0.15,skip,training_upload_trigger_not_confirmed,1785296175.205704,1785296175205703831,1384843422402243,63.8,53.35546875,-1.0,0,0
2026-07-28T23:36:15.206,10.42.0.210,10.42.0.47,43,1,DOWNLOAD,0.9855087208476458,DOWNLOAD,0.9855087208476458,-1,992,0.8951533135525601,47,64704.0,57920.0,7,40,0.5276617954070981,0.4723382045929019,0.022101009193313585,0,0,0,0,0,0,0,0,0.039999999999999994,0.05,0.0,0.0,0.15,skip,training_upload_trigger_not_confirmed,1785296175.2066221,1785296175206622261,1384843423320712,63.8,53.35546875,-1.0,0,0
2026-07-28T23:36:15.208,10.42.0.18,10.42.0.47,34,1,DOWNLOAD,0.95,DOWNLOAD,0.95,-1,10220,4.029008863657171e-11,3,24820.0,0.0,3,0,1.0,0.0,0.43172133257502615,0,0,0,0,0,0,0,0,0.0225,0.0,0.0,0.0,0.15,skip,already_attacked_this_round,1785296175.208027,1785296175208026986,1384843424725526,63.8,53.35546875,-1.0,0,0
2026-07-28T23:36:15.208,10.42.0.18,10.42.0.47,34,1,DOWNLOAD,0.95,DOWNLOAD,0.95,-1,4380,3.424657534129292e-11,4,29200.0,0.0,4,0,1.0,0.0,0.37494851342968466,0,0,0,0,0,0,0,0,0.0225,0.0,0.0,0.0,0.15,skip,already_attacked_this_round,1785296175.208915,1785296175208915012,1384843425613796,63.8,53.35546875,-1.0,0,0
2026-07-28T23:36:15.209,10.42.0.18,10.42.0.47,34,1,DOWNLOAD,0.9504481838373326,DOWNLOAD,0.9504481838373326,-1,14600,2.2831050227789245e-11,5,43800.0,0.0,5,0,1.0,0.0,0.32564750854179236,0,0,0,0,0,0,0,0,0.0225,0.0,0.0,0.0,0.15,skip,already_attacked_this_round,1785296175.2097318,1785296175209731930,1384843426430029,63.8,53.35546875,-1.0,0,0
2026-07-28T23:36:15.214,10.42.0.145,10.42.0.47,18,1,DOWNLOAD,0.95,DOWNLOAD,0.95,-1,14600,6.84931506802402e-11,1,14600.0,0.0,1,0,1.0,0.0,0.8074147483603972,0,0,0,0,0,0,0,0,0.0225,0.0,0.0,0.0,0.15,skip,already_attacked_this_round,1785296175.2148416,1785296175214841473,1384843431539964,63.8,53.35546875,-1.0,0,0
2026-07-28T23:36:15.215,10.42.0.145,10.42.0.47,18,1,DOWNLOAD,0.95,DOWNLOAD,0.95,-1,14600,3.424657534129292e-11,2,29200.0,0.0,2,0,1.0,0.0,0.7011027374994075,0,0,0,0,0,0,0,0,0.0225,0.0,0.0,0.0,0.15,skip,already_attacked_this_round,1785296175.215484,1785296175215483989,1384843432182032,63.8,53.35546875,-1.0,0,0
2026-07-28T23:36:15.221,10.42.0.18,10.42.0.47,34,1,DOWNLOAD,0.958076739360577,DOWNLOAD,0.958076739360577,-1,14600,1.7123287670939668e-11,6,58400.0,0.0,6,0,1.0,0.0,0.28426290479514227,0,0,0,0,0,0,0,0,0.0225,0.0,0.0,0.0,0.15,skip,already_attacked_this_round,1785296175.221323,1785296175221322891,1384843438021394,63.8,53.35546875,-1.0,0,0
2026-07-28T23:36:15.221,10.42.0.18,10.42.0.47,34,1,DOWNLOAD,0.963990312748079,DOWNLOAD,0.963990312748079,-1,5840,1.556662515542393e-11,7,64240.0,0.0,7,0,1.0,0.0,0.24688939005994887,0,0,0,0,0,0,0,0,0.0225,0.0,0.0,0.0,0.15,skip,already_attacked_this_round,1785296175.2219687,1785296175221968576,1384843438666655,63.8,53.35546875,-1.0,0,0
2026-07-28T23:36:15.222,10.42.0.47,10.42.0.47,43,1,DOWNLOAD,0.95,DOWNLOAD,0.95,-1,1448,54.92265189646225,19,1448.0,79528.0,1,18,0.017881841533293814,0.9821181584667061,0.3159296743699966,0,0,0,0,0,0,0,0,0.057499999999999996,0.1,0.0,0.0,0.15,skip,training_upload_trigger_not_confirmed,1785296175.2225757,1785296175222575703,1384843439273734,63.8,53.35546875,-1.0,0,0
2026-07-28T23:36:15.225,10.42.0.18,10.42.0.47,34,1,DOWNLOAD,0.9687425772096335,DOWNLOAD,0.9687425772096335,-1,8760,1.369863013679865e-11,8,73000.0,0.0,8,0,1.0,0.0,0.21476563855304137,0,0,0,0,0,0,0,0,0.0225,0.0,0.0,0.0,0.15,skip,already_attacked_this_round,1785296175.2250798,1785296175225079783,1384843441777845,63.8,53.35546875,-1.0,0,0
2026-07-28T23:36:15.226,10.42.0.145,10.42.0.47,18,1,DOWNLOAD,0.95,DOWNLOAD,0.95,-1,29200,1.7123287670939668e-11,3,58400.0,0.0,3,0,1.0,0.0,0.6101379116846976,0,0,0,0,0,0,0,0,0.0225,0.0,0.0,0.0,0.15,skip,already_attacked_this_round,1785296175.2262797,1785296175226279793,1384843442977875,63.8,53.35546875,-1.0,0,0
2026-07-28T23:36:15.226,10.42.0.145,10.42.0.47,18,1,DOWNLOAD,0.9523030576473955,DOWNLOAD,0.9523030576473955,-1,6184,1.5483711135645304e-11,4,64584.0,0.0,4,0,1.0,0.0,0.5298210086562938,0,0,0,0,0,0,0,0,0.0225,0.0,0.0,0.0,0.15,skip,already_attacked_this_round,1785296175.226915,1785296175226914855,1384843443613005,63.8,53.35546875,-1.0,0,0
2026-07-28T23:36:15.227,10.42.0.18,10.42.0.47,34,1,DOWNLOAD,0.9725467082131873,DOWNLOAD,0.9725467082131873,-1,6184,1.2628813901638856e-11,9,79184.0,0.0,9,0,1.0,0.0,0.18684786404979117,0,0,0,0,0,0,0,0,0.0225,0.0,0.0,0.0,0.15,skip,already_attacked_this_round,1785296175.2279851,1785296175227985181,1384843444683224,63.8,53.35546875,-1.0,0,0
2026-07-28T23:36:15.232,10.42.0.59,10.42.0.47,13,1,DOWNLOAD,0.95,DOWNLOAD,0.95,-1,24820,1.8511662346936104e-11,3,54020.0,0.0,3,0,1.0,0.0,0.7023460573233924,0,0,0,0,0,0,0,0,0.0225,0.0,0.0,0.0,0.15,skip,already_attacked_this_round,1785296175.2323983,1785296175232398439,1384843449096842,63.8,53.35546875,-1.0,0,0
2026-07-28T23:36:15.233,10.42.0.59,10.42.0.47,13,1,DOWNLOAD,0.95,DOWNLOAD,0.95,-1,10564,1.5483711135645304e-11,4,64584.0,0.0,4,0,1.0,0.0,0.6098815537987597,0,0,0,0,0,0,0,0,0.0225,0.0,0.0,0.0,0.15,skip,already_attacked_this_round,1785296175.2330568,1785296175233056724,1384843449754779,63.8,53.35546875,-1.0,0,0
2026-07-28T23:36:15.238,10.42.0.47,10.42.0.47,43,1,DOWNLOAD,0.9829981496648164,DOWNLOAD,0.9829981496648164,-1,1448,27.46132595771363,20,2896.0,79528.0,2,18,0.03513539745705135,0.9648646025429487,0.2764538570213782,0,0,0,0,0,0,0,0,0.057499999999999996,0.1,0.0,0.0,0.15,skip,training_upload_trigger_not_confirmed,1785296175.2389343,1785296175238934354,1384843455633223,63.8,53.35546875,-1.0,0,0
2026-07-28T23:36:15.239,10.42.0.47,10.42.0.47,43,1,DOWNLOAD,0.9842257140988042,DOWNLOAD,0.9842257140988042,-1,8688,6.865331491206376,21,11584.0,79528.0,3,18,0.12714022302221442,0.8728597769777856,0.24011503055499922,0,0,0,0,0,0,0,0,0.057499999999999996,0.1,0.0,0.0,0.15,skip,training_upload_trigger_not_confirmed,1785296175.2396228,1785296175239623034,1384843456321183,63.8,53.35546875,-1.0,0,0
2026-07-28T23:36:15.240,10.42.0.47,10.42.0.47,43,1,DOWNLOAD,0.9842586901286671,DOWNLOAD,0.9842586901286671,-1,8688,3.9230465665487837,22,20272.0,79528.0,4,18,0.20312625250501,0.79687374749499,0.20855486855336572,0,0,0,0,0,0,0,0,0.057499999999999996,0.1,0.0,0.0,0.15,skip,training_upload_trigger_not_confirmed,1785296175.2402365,1785296175240236600,1384843456934786,63.8,53.35546875,-1.0,0,0
2026-07-28T23:36:15.241,10.42.0.47,10.42.0.47,43,1,DOWNLOAD,0.9842595481342594,DOWNLOAD,0.9842595481342594,-1,11584,2.496484178757644,23,31856.0,79528.0,5,18,0.28600158011922716,0.7139984198807728,0.1812558568719518,0,0,0,0,0,0,0,0,0.057499999999999996,0.1,0.0,0.0,0.15,skip,training_upload_trigger_not_confirmed,1785296175.2416267,1785296175241626583,1384843458325030,63.8,53.35546875,-1.0,0,0
2026-07-28T23:36:15.246,10.42.0.47,10.42.0.47,43,1,DOWNLOAD,0.9842595696464124,DOWNLOAD,0.9842595696464124,-1,2896,2.2884438305338266,24,34752.0,79528.0,6,18,0.304095204760238,0.695904795239762,0.15794797608526592,0,0,0,0,0,0,0,0,0.057499999999999996,0.1,0.0,0.0,0.15,skip,training_upload_trigger_not_confirmed,1785296175.2460055,1785296175246005436,1384843462704155,63.8,53.35546875,-1.0,0,0
2026-07-28T23:36:15.247,10.42.0.47,10.42.0.47,43,1,DOWNLOAD,0.9842595701605352,DOWNLOAD,0.9842595701605352,-1,2896,2.1124096897282083,25,37648.0,79528.0,7,18,0.321294463029972,0.678705536970028,0.13727917436085346,0,0,0,0,0,0,0,0,0.057499999999999996,0.1,0.0,0.0,0.15,skip,training_upload_trigger_not_confirmed,1785296175.2471037,1785296175247103632,1384843463801842,63.8,53.35546875,-1.0,0,0
2026-07-28T23:36:15.247,10.42.0.47,10.42.0.47,43,1,DOWNLOAD,0.9842595701720059,DOWNLOAD,0.9842595701720059,-1,2896,1.961523283322772,26,40544.0,79528.0,8,18,0.33766406822573125,0.6623359317742687,0.11927206914789754,0,0,0,0,0,0,0,0,0.057499999999999996,0.1,0.0,0.0,0.15,skip,training_upload_trigger_not_confirmed,1785296175.247732,1785296175247732067,1384843464430254,63.8,53.35546875,-1.0,0,0
2026-07-28T23:36:15.248,10.42.0.47,10.42.0.47,43,1,DOWNLOAD,0.9842595701722343,DOWNLOAD,0.9842595701722343,-1,8688,1.615372115684608,27,49232.0,79528.0,9,18,0.3823547685616651,0.6176452314383349,0.10363589277492108,0,0,0,0,0,0,0,0,0.057499999999999996,0.1,0.0,0.0,0.15,skip,training_upload_trigger_not_confirmed,1785296175.2483454,1785296175248345347,1384843465043467,63.8,53.35546875,-1.0,0,0
2026-07-28T23:36:15.248,10.42.0.47,10.42.0.47,43,1,DOWNLOAD,0.9842595701722379,DOWNLOAD,0.9842595701722379,-1,14480,1.2482420893984139,28,63712.0,79528.0,10,18,0.44479195755375595,0.5552080424462441,0.09006161044151653,0,0,0,0,0,0,0,0,0.057499999999999996,0.1,0.0,0.0,0.15,skip,training_upload_trigger_not_confirmed,1785296175.2489698,1785296175248969776,1384843465667840,63.8,53.35546875,-1.0,0,0
2026-07-28T23:36:15.250,10.42.0.47,10.42.0.47,43,1,DOWNLOAD,0.9842595701722379,DOWNLOAD,0.9842595701722379,-1,1005,1.2288579507667403,29,64717.0,79528.0,11,18,0.44866026552046867,0.5513397344795313,0.07843655244783387,0,0,0,0,0,0,0,0,0.057499999999999996,0.1,0.0,0.0,0.15,skip,training_upload_trigger_not_confirmed,1785296175.250812,1785296175250812083,1384843467510257,63.8,53.35546875,-1.0,0,0
2026-07-28T23:36:15.561,10.42.0.145,10.42.0.47,18,3,UPLOAD,0.95,UPLOAD,0.95,1,64240,0.994673603369338,5,64584.0,64240.0,4,1,0.5013351549400733,0.4986648450599267,0.7534584853185303,0,0,0,1,1,1,1,1,0.85,1.0,1.0,0.4,0.8,skip,already_attacked_this_round,1785296175.561097,1785296175561096898,1384843777795805,70.6,53.35546875,-1.0,0,0
2026-07-28T23:36:15.562,10.42.0.145,10.42.0.47,18,3,UPLOAD,0.9841010226033655,UPLOAD,0.9841010226033655,1,15315,1.2318066394117457,6,64584.0,79555.0,4,2,0.448067490408564,0.551932509591436,0.6543259021570408,0,0,0,1,1,1,1,1,0.85,1.0,1.0,0.4,0.8,skip,already_attacked_this_round,1785296175.5622656,1785296175562265533,1384843778964302,70.6,53.35546875,-1.0,0,0
2026-07-28T23:36:15.564,10.42.0.1,10.42.0.1,43,3,UPLOAD,0.95,UPLOAD,0.95,1,7240,0.4691165155739835,43,298930.0,140233.0,29,14,0.6806812049284662,0.3193187950715338,0.0042638068507772795,1,0,0,1,1,1,1,1,0.9699999999999999,1.0,1.0,1.0,0.8,trigger,training_upload_trigger_confirmed,1785296175.5648105,1785296175564810623,1384843781508965,70.6,53.35546875,14.122823,1785296175578934507,1384843795631788
2026-07-28T23:36:15.565,10.42.0.1,10.42.0.1,43,3,UPLOAD,0.95,UPLOAD,0.95,1,5792,0.48849228916639853,44,298930.0,146025.0,29,15,0.6718207459181266,0.32817925408187343,0.003837323896261608,1,0,1,1,1,1,1,1,0.9699999999999999,1.0,1.0,1.0,0.8,skip,attack_already_active,1785296175.5658379,1785296175565837895,1384843782536755,70.6,53.35546875,-1.0,0,0
2026-07-28T23:36:15.569,10.42.0.59,10.42.0.1,13,3,UPLOAD,0.95,UPLOAD,0.95,1,64240,0.994673603369338,5,64584.0,64240.0,4,1,0.5013351549400733,0.4986648450599267,0.8222302497389768,0,0,0,1,1,1,1,1,0.9299999999999999,1.0,1.0,0.8,0.8,skip,already_attacked_this_round,1785296175.5696821,1785296175569682226,1384843786381075,70.6,53.35546875,-1.0,0,0
2026-07-28T23:36:15.570,10.42.0.59,10.42.0.1,13,3,UPLOAD,0.9841010226033655,UPLOAD,0.9841010226033655,1,8760,1.1303109129175908,6,64584.0,73000.0,4,2,0.46941504826142577,0.5305849517385742,0.7140149767427968,0,0,0,1,1,1,1,1,0.9299999999999999,1.0,1.0,0.8,0.8,skip,already_attacked_this_round,1785296175.5706966,1785296175570696715,1384843787395224,70.6,53.35546875,-1.0,0,0
2026-07-28T23:36:15.573,10.42.0.59,10.42.0.1,13,3,UPLOAD,0.9854688349332961,UPLOAD,0.9854688349332961,1,6554,1.23179115570061,7,64584.0,79554.0,4,3,0.44807059900928276,0.5519294009907172,0.6202949993801699,0,0,0,1,1,1,1,1,0.9299999999999999,1.0,1.0,0.8,0.8,skip,already_attacked_this_round,1785296175.5734966,1785296175573496475,1384843790194807,70.6,53.35546875,-1.0,0,0
2026-07-28T23:36:15.574,10.42.0.1,10.42.0.1,43,3,UPLOAD,0.95,UPLOAD,0.95,1,7240,0.5127120061569174,45,298930.0,153265.0,29,16,0.6610643638253408,0.33893563617465916,0.0036386113735974853,1,0,1,1,1,1,1,1,0.9699999999999999,1.0,1.0,1.0,0.8,skip,attack_already_active,1785296175.5748472,1785296175574847218,1384843791545654,70.6,53.35546875,-1.0,0,0
2026-07-28T23:36:15.575,10.42.0.1,10.42.0.1,43,3,UPLOAD,0.95,UPLOAD,0.95,1,5792,0.5320877797493323,46,298930.0,159057.0,29,17,0.6527041160556959,0.3472958839443041,0.003295832755203206,1,0,1,1,1,1,1,1,0.9699999999999999,1.0,1.0,1.0,0.8,skip,attack_already_active,1785296175.5758846,1785296175575884630,1384843792583123,70.6,53.35546875,-1.0,0,0
2026-07-28T23:36:15.589,10.42.0.1,10.42.0.1,43,3,UPLOAD,0.95,UPLOAD,0.95,1,1448,0.5369317231474361,47,298930.0,160505.0,29,18,0.6506469903250732,0.34935300967492683,0.004602274548249822,1,0,1,1,1,1,1,1,0.9699999999999999,1.0,1.0,1.0,0.8,skip,attack_already_active,1785296175.5890946,1785296175589094782,1384843805793803,70.6,53.35546875,-1.0,0,0
2026-07-28T23:36:15.593,10.42.0.1,10.42.0.1,43,3,UPLOAD,0.95,UPLOAD,0.95,1,1448,0.5417756665455399,48,298930.0,161953.0,29,19,0.6486027907299683,0.35139720927003165,0.0045163685172389745,1,0,1,1,1,1,1,1,0.9699999999999999,1.0,1.0,1.0,0.8,skip,attack_already_active,1785296175.593045,1785296175593044903,1384843809743660,70.6,53.35546875,-1.0,0,0
2026-07-28T23:36:15.637,10.42.0.1,10.42.0.1,43,3,UPLOAD,0.95,UPLOAD,0.95,1,1448,0.5466196099436436,49,298930.0,163401.0,29,20,0.6465713958181476,0.3534286041818524,0.00977430327901068,1,0,1,1,1,1,1,1,0.9699999999999999,1.0,1.0,1.0,0.8,skip,attack_already_active,1785296175.6374624,1785296175637462357,1384843854161414,70.6,53.35546875,-1.0,0,0
2026-07-28T23:36:15.641,10.42.0.1,10.42.0.1,43,3,UPLOAD,0.95,UPLOAD,0.95,1,11584,0.5853711571284737,50,298930.0,174985.0,29,21,0.630767120686199,0.369232879313801,0.009065763687468848,1,0,1,1,1,1,1,1,0.9699999999999999,1.0,1.0,1.0,0.8,skip,attack_already_active,1785296175.6418598,1785296175641859898,1384843858559315,70.6,53.35546875,-1.0,0,0
2026-07-28T23:36:15.643,10.42.0.1,10.42.0.1,43,3,UPLOAD,0.95,UPLOAD,0.95,1,14480,0.6338105911095112,51,298930.0,189465.0,29,22,0.6120660530922716,0.38793394690772837,0.00802303101698423,1,0,1,1,1,1,1,1,0.9699999999999999,1.0,1.0,1.0,0.8,skip,attack_already_active,1785296175.6430125,1785296175643012522,1384843859711656,70.6,53.35546875,-1.0,0,0
2026-07-28T23:36:15.644,10.42.0.1,10.42.0.1,43,3,UPLOAD,0.95,UPLOAD,0.95,1,1448,0.638654534507615,52,298930.0,190913.0,29,23,0.6102567557360216,0.38974324426397844,0.007108529985609997,1,0,1,1,1,1,1,1,0.9699999999999999,1.0,1.0,1.0,0.8,skip,attack_already_active,1785296175.6440957,1785296175644095751,1384843860794280,70.6,53.35546875,-1.0,0,0
2026-07-28T23:36:15.645,10.42.0.1,10.42.0.1,43,3,UPLOAD,0.95,UPLOAD,0.95,1,11584,0.6774060816924451,53,298930.0,202497.0,29,24,0.5961585634598855,0.4038414365401145,0.006312557540509353,1,0,1,1,1,1,1,1,0.9699999999999999,1.0,1.0,1.0,0.8,skip,attack_already_active,1785296175.6451638,1785296175645163655,1384843861862169,70.6,53.35546875,-1.0,0,0
2026-07-28T23:36:15.646,10.42.0.1,10.42.0.1,43,3,UPLOAD,0.95,UPLOAD,0.95,1,14480,0.7258455156734827,54,298930.0,216977.0,29,25,0.5794261368812597,0.4205738631187404,0.0056210655142704645,1,0,1,1,1,1,1,1,0.9699999999999999,1.0,1.0,1.0,0.8,skip,attack_already_active,1785296175.6462288,1785296175646228860,1384843862927367,70.6,53.35546875,-1.0,0,0
2026-07-28T23:36:15.648,10.42.0.1,10.42.0.1,43,3,UPLOAD,0.95,UPLOAD,0.95,1,18824,0.7888167798488315,55,298930.0,235801.0,29,26,0.559028745294363,0.44097125470563703,0.0051420287964386345,1,0,1,1,1,1,1,1,0.9699999999999999,1.0,1.0,1.0,0.8,skip,attack_already_active,1785296175.6482146,1785296175648214635,1384843864913475,70.6,53.35546875,-1.0,0,0
2026-07-28T23:36:15.649,10.42.0.1,10.42.0.1,43,3,UPLOAD,0.95,UPLOAD,0.95,1,10136,0.8227243836355578,56,298930.0,245937.0,29,27,0.5486292985260623,0.45137070147393765,0.004662779244702681,1,0,1,1,1,1,1,1,0.9699999999999999,1.0,1.0,1.0,0.8,skip,attack_already_active,1785296175.6497197,1785296175649719881,1384843866418252,70.6,53.35546875,-1.0,0,0
2026-07-28T23:36:15.652,10.42.0.1,10.42.0.1,43,3,UPLOAD,0.95,UPLOAD,0.95,1,18824,0.8856956478109066,57,298930.0,264761.0,29,28,0.5303082717304338,0.4696917282695661,0.004431134582596887,1,0,1,1,1,1,1,1,0.9699999999999999,1.0,1.0,1.0,0.8,skip,attack_already_active,1785296175.6526246,1785296175652624726,1384843869323856,70.6,53.35546875,-1.0,0,0
2026-07-28T23:36:15.654,10.42.0.1,10.42.0.1,43,3,UPLOAD,0.95,UPLOAD,0.95,1,10136,0.9196032515976329,58,298930.0,274897.0,29,29,0.5209409804697235,0.4790590195302765,0.004114021430682713,1,0,1,1,1,1,1,1,0.9699999999999999,1.0,1.0,1.0,0.8,skip,attack_already_active,1785296175.6546493,1785296175654649294,1384843871348290,70.6,53.35546875,-1.0,0,0
2026-07-28T23:36:15.656,10.42.0.1,10.42.0.1,43,3,UPLOAD,0.95,UPLOAD,0.95,1,8590,0.9483390760380412,59,298930.0,283487.0,29,30,0.5132576830690039,0.4867423169309962,0.0037786883060321064,1,0,1,1,1,1,1,1,0.9699999999999999,1.0,1.0,1.0,0.8,skip,attack_already_active,1785296175.6562185,1785296175656218496,1384843872917245,70.6,53.35546875,-1.0,0,0
2026-07-28T23:36:15.659,10.42.0.18,10.42.0.1,34,3,UPLOAD,0.95,UPLOAD,0.95,1,37960,0.47938977571883984,10,79184.0,37960.0,9,1,0.675954380932869,0.32404561906713103,0.45312925089176204,0,0,0,1,1,1,1,1,0.9699999999999999,1.0,1.0,1.0,0.8,skip,already_attacked_this_round,1785296175.659713,1785296175659712958,1384843876411732,70.6,53.35546875,-1.0,0,0
2026-07-28T23:36:15.664,10.42.0.1,10.42.0.1,43,3,UPLOAD,0.95,UPLOAD,0.95,1,2896,0.9580269628342487,60,298930.0,286383.0,29,31,0.5107181969305312,0.48928180306946883,0.004310430204083508,1,0,1,1,1,1,1,1,0.9699999999999999,1.0,1.0,1.0,0.8,skip,attack_already_active,1785296175.6640325,1785296175664032432,1384843880731027,70.6,53.35546875,-1.0,0,0
2026-07-28T23:36:15.665,10.42.0.1,10.42.0.1,43,3,UPLOAD,0.95,UPLOAD,0.95,1,11584,0.9967785100190788,61,298930.0,297967.0,29,32,0.5008066718378548,0.49919332816214523,0.003950220777064318,1,0,1,1,1,1,1,1,0.9699999999999999,1.0,1.0,1.0,0.8,skip,attack_already_active,1785296175.6656094,1785296175665609459,1384843882308041,70.6,53.35546875,-1.0,0,0
2026-07-28T23:36:15.667,10.42.0.1,10.42.0.1,43,3,UPLOAD,0.95,UPLOAD,0.95,1,14480,1.0452179440001164,62,298930.0,312447.0,29,33,0.4889454460995425,0.5110545539004575,0.003630597327470227,1,0,1,1,1,1,1,1,0.9699999999999999,1.0,1.0,1.0,0.8,skip,attack_already_active,1785296175.667134,1785296175667133907,1384843883832583,70.6,53.35546875,-1.0,0,0
2026-07-28T23:36:15.669,10.42.0.1,10.42.0.1,43,3,UPLOAD,0.95,UPLOAD,0.95,1,5792,1.0645937175925313,63,298930.0,318239.0,29,34,0.48435679692272293,0.5156432030772771,0.0034801443837900892,1,0,1,1,1,1,1,1,0.9699999999999999,1.0,1.0,1.0,0.8,skip,attack_already_active,1785296175.669623,1785296175669622666,1384843886321339,70.6,53.35546875,-1.0,0,0
2026-07-28T23:36:15.671,10.42.0.1,10.42.0.1,43,3,UPLOAD,0.95,UPLOAD,0.95,1,14480,1.113033151573569,64,298930.0,332719.0,29,35,0.4732533416501886,0.5267466583498114,0.0032865880811757033,1,0,1,1,1,1,1,1,0.9699999999999999,1.0,1.0,1.0,0.8,skip,attack_already_active,1785296175.6716342,1785296175671634143,1384843888332613,70.6,53.35546875,-1.0,0,0
2026-07-28T23:36:15.672,10.42.0.1,10.42.0.1,43,3,UPLOAD,0.95,UPLOAD,0.95,1,8688,1.1420968119621915,65,298930.0,341407.0,29,36,0.46683230861249625,0.5331676913875038,0.002948663234452477,1,0,1,1,1,1,1,1,0.9699999999999999,1.0,1.0,1.0,0.8,skip,attack_already_active,1785296175.6723564,1785296175672356345,1384843889054514,70.6,53.35546875,-1.0,0,0
2026-07-28T23:36:15.673,10.42.0.1,10.42.0.1,43,3,UPLOAD,0.95,UPLOAD,0.95,1,8589,1.1708292911378222,66,298930.0,349996.0,29,37,0.4606534489294619,0.5393465510705381,0.002684360842867371,1,0,1,1,1,1,1,1,0.9699999999999999,1.0,1.0,1.0,0.8,skip,attack_already_active,1785296175.6732993,1785296175673299186,1384843889997223,70.6,53.35546875,-1.0,0,0
2026-07-28T23:36:15.834,10.42.0.1,10.42.0.1,43,3,UPLOAD,0.6317716723357443,UPLOAD,0.6317716723357443,0,39,0.9286321212326343,60,298930.0,277596.0,29,31,0.518502201114954,0.48149779888504596,0.00783189448367317,1,0,1,1,1,1,1,1,0.8200000000000001,0.8000000000000002,1.0,0.6000000000000001,0.8,skip,attack_already_active,1785296175.83456,1785296175834560012,1384844051258579,70.6,53.35546875,-1.0,0,0
2026-07-28T23:36:15.974,10.42.0.145,10.42.0.1,18,3,UPLOAD,0.9854688349332961,UPLOAD,0.9854688349332961,0,39,1.2318066394117457,6,64584.0,79555.0,4,2,0.448067490408564,0.551932509591436,0.5737763883301823,0,0,0,0,0,0,0,0,0.45499999999999996,0.1,1.0,0.0,0.8,skip,already_attacked_this_round,1785296175.9742224,1785296175974222227,1384844190920838,70.6,53.35546875,-1.0,0,0
2026-07-28T23:36:16.134,10.42.0.18,10.42.0.1,34,3,UPLOAD,0.9841010226033655,UPLOAD,0.9841010226033655,0,39,0.47938977571883984,10,79184.0,37960.0,9,1,0.675954380932869,0.32404561906713103,0.39932700749485345,0,0,0,0,0,0,0,0,0.42,0.0,1.0,0.0,0.8,skip,already_attacked_this_round,1785296176.1347458,1785296176134745917,1384844351444574,31.4,53.35546875,-1.0,0,0
2026-07-28T23:36:16.238,10.42.0.210,10.42.0.1,43,2,TRAINING,0.9293977297375461,TRAINING,0.9293977297375461,0,43,1.0,0,0.0,0.0,0,0,0.0,0.0,0.20283857525767554,0,0,0,0,0,0,0,0,0.039999999999999994,0.05,0.0,0.0,0.15,skip,training_upload_trigger_not_confirmed,1785296176.238378,1785296176238377937,1384844455076765,31.4,53.35546875,-1.0,0,0
2026-07-28T23:36:16.245,10.42.0.59,10.42.0.1,13,3,UPLOAD,0.9855076450773014,UPLOAD,0.9855076450773014,0,39,100.0,3,0.0,79554.0,0,3,0.0,1.0,0.5446763006852945,0,0,0,0,0,0,0,0,0.45499999999999996,0.1,1.0,0.0,0.8,skip,already_attacked_this_round,1785296176.2459676,1785296176245967532,1384844462666176,31.4,53.35546875,-1.0,0,0
2026-07-28T23:36:17.198,10.42.0.210,10.42.0.1|10.42.0.210,43,3,UPLOAD,0.95,UPLOAD,0.95,1,1448,100.0,1,0.0,1448.0,0,1,0.0,1.0,0.30264934917263486,1,0,0,1,1,1,1,1,0.9525,0.95,1.0,1.0,0.8,trigger,training_upload_trigger_confirmed,1785296177.198653,1785296177198652971,1384845415351746,6.9,53.35546875,7.255378,1785296177205909842,1384845422607124
2026-07-28T23:36:17.200,10.42.0.210,10.42.0.1|10.42.0.210,43,3,UPLOAD,0.9841010226033655,UPLOAD,0.9841010226033655,1,1448,100.0,2,0.0,2896.0,0,2,0.0,1.0,0.26296827265421446,1,0,1,1,1,1,1,1,0.9699999999999999,1.0,1.0,1.0,0.8,skip,attack_already_active,1785296177.2001736,1785296177200173611,1384845416872591,6.9,53.35546875,-1.0,0,0
2026-07-28T23:36:17.201,10.42.0.210,10.42.0.1|10.42.0.210,43,3,UPLOAD,0.9854688349332961,UPLOAD,0.9854688349332961,1,1448,100.0,3,0.0,4344.0,0,3,0.0,1.0,0.22854907443565564,1,0,1,1,1,1,1,1,0.9699999999999999,1.0,1.0,1.0,0.8,skip,attack_already_active,1785296177.201944,1785296177201944163,1384845418643295,6.9,53.35546875,-1.0,0,0
2026-07-28T23:36:17.203,10.42.0.210,10.42.0.1|10.42.0.210,43,3,UPLOAD,0.9855076450773014,UPLOAD,0.9855076450773014,1,1448,100.0,4,0.0,5792.0,0,4,0.0,1.0,0.19862846940258655,1,0,1,1,1,1,1,1,0.9699999999999999,1.0,1.0,1.0,0.8,skip,attack_already_active,1785296177.203434,1785296177203434097,1384845420132780,11.9,53.35546875,-1.0,0,0
2026-07-28T23:36:17.204,10.42.0.210,10.42.0.1|10.42.0.210,43,3,UPLOAD,0.9855086980780915,UPLOAD,0.9855086980780915,1,1448,100.0,5,0.0,7240.0,0,5,0.0,1.0,0.17263326233622264,1,0,1,1,1,1,1,1,0.9699999999999999,1.0,1.0,1.0,0.8,skip,attack_already_active,1785296177.204792,1785296177204791956,1384845421490370,11.9,53.35546875,-1.0,0,0
2026-07-28T23:36:17.205,10.42.0.210,10.42.0.1|10.42.0.210,43,3,UPLOAD,0.9855087254685951,UPLOAD,0.9855087254685951,1,1448,100.0,6,0.0,8688.0,0,6,0.0,1.0,0.1500150198629642,1,0,1,1,1,1,1,1,0.9699999999999999,1.0,1.0,1.0,0.8,skip,attack_already_active,1785296177.2057817,1785296177205781663,1384845422479790,11.9,53.35546875,-1.0,0,0
2026-07-28T23:36:17.206,10.42.0.210,10.42.0.1|10.42.0.210,43,3,UPLOAD,0.9855087261493067,UPLOAD,0.9855087261493067,1,1448,100.0,7,0.0,10136.0,0,7,0.0,1.0,0.13036946132360708,1,0,1,1,1,1,1,1,0.9699999999999999,1.0,1.0,1.0,0.8,skip,attack_already_active,1785296177.206712,1785296177206712173,1384845423410387,11.9,53.35546875,-1.0,0,0
2026-07-28T23:36:17.207,10.42.0.210,10.42.0.1|10.42.0.210,43,3,UPLOAD,0.9855087261653082,UPLOAD,0.9855087261653082,1,1448,100.0,8,0.0,11584.0,0,8,0.0,1.0,0.11331771262186664,1,0,1,1,1,1,1,1,0.9699999999999999,1.0,1.0,1.0,0.8,skip,attack_already_active,1785296177.2076805,1785296177207680399,1384845424378584,11.9,53.35546875,-1.0,0,0
2026-07-28T23:36:17.208,10.42.0.210,10.42.0.1|10.42.0.210,43,3,UPLOAD,0.985508726165656,UPLOAD,0.985508726165656,1,1448,100.0,9,0.0,13032.0,0,9,0.0,1.0,0.098518698446332,1,0,1,1,1,1,1,1,0.9699999999999999,1.0,1.0,1.0,0.8,skip,attack_already_active,1785296177.2086926,1785296177208692360,1384845425390460,11.9,53.35546875,-1.0,0,0
2026-07-28T23:36:17.209,10.42.0.210,10.42.0.1|10.42.0.210,43,3,UPLOAD,0.95,UPLOAD,0.95,1,1448,100.0,10,0.0,14480.0,0,10,0.0,1.0,0.08565426484896123,1,0,1,1,1,1,1,1,0.9699999999999999,1.0,1.0,1.0,0.8,skip,attack_already_active,1785296177.2095866,1785296177209586672,1384845426284744,11.9,53.35546875,-1.0,0,0
2026-07-28T23:36:17.210,10.42.0.210,10.42.0.1|10.42.0.210,43,3,UPLOAD,0.95,UPLOAD,0.95,1,1448,100.0,11,0.0,15928.0,0,11,0.0,1.0,0.07449502591428911,1,0,1,1,1,1,1,1,0.9699999999999999,1.0,1.0,1.0,0.8,skip,attack_already_active,1785296177.2105565,1785296177210556516,1384845427254697,11.9,53.35546875,-1.0,0,0
2026-07-28T23:36:17.211,10.42.0.210,10.42.0.1|10.42.0.210,43,3,UPLOAD,0.95,UPLOAD,0.95,1,1448,100.0,12,0.0,17376.0,0,12,0.0,1.0,0.06480082312050689,1,0,1,1,1,1,1,1,0.9699999999999999,1.0,1.0,1.0,0.8,skip,attack_already_active,1785296177.211485,1785296177211484883,1384845428183003,11.9,53.35546875,-1.0,0,0
2026-07-28T23:36:17.212,10.42.0.210,10.42.0.1|10.42.0.210,43,3,UPLOAD,0.95,UPLOAD,0.95,1,1448,100.0,13,0.0,18824.0,0,13,0.0,1.0,0.05641859656248399,1,0,1,1,1,1,1,1,0.9699999999999999,1.0,1.0,1.0,0.8,skip,attack_already_active,1785296177.2126753,1785296177212675302,1384845429373820,11.9,53.35546875,-1.0,0,0
2026-07-28T23:36:17.214,10.42.0.210,10.42.0.1|10.42.0.210,43,3,UPLOAD,0.95,UPLOAD,0.95,1,1448,100.0,14,0.0,20272.0,0,14,0.0,1.0,0.04918472942576631,1,0,1,1,1,1,1,1,0.9699999999999999,1.0,1.0,1.0,0.8,skip,attack_already_active,1785296177.214198,1785296177214197929,1384845430896440,11.9,53.35546875,-1.0,0,0
2026-07-28T23:36:17.215,10.42.0.210,10.42.0.1|10.42.0.210,43,3,UPLOAD,0.95,UPLOAD,0.95,1,1448,100.0,15,0.0,21720.0,0,15,0.0,1.0,0.04290450971553045,1,0,1,1,1,1,1,1,0.9699999999999999,1.0,1.0,1.0,0.8,skip,attack_already_active,1785296177.215724,1785296177215723976,1384845432422691,11.9,53.35546875,-1.0,0,0
2026-07-28T23:36:17.217,10.42.0.210,10.42.0.1|10.42.0.210,43,3,UPLOAD,0.95,UPLOAD,0.95,1,1448,100.0,16,0.0,23168.0,0,16,0.0,1.0,0.037485227986950226,1,0,1,1,1,1,1,1,0.9699999999999999,1.0,1.0,1.0,0.8,skip,attack_already_active,1785296177.217503,1785296177217503100,1384845434203151,11.9,53.35546875,-1.0,0,0
2026-07-28T23:36:17.219,10.42.0.210,10.42.0.1|10.42.0.210,43,3,UPLOAD,0.95,UPLOAD,0.95,1,1448,100.0,17,0.0,24616.0,0,17,0.0,1.0,0.032773251635854476,1,0,1,1,1,1,1,1,0.9699999999999999,1.0,1.0,1.0,0.8,skip,attack_already_active,1785296177.2192304,1785296177219230555,1384845435929347,11.9,53.35546875,-1.0,0,0
2026-07-28T23:36:17.220,10.42.0.210,10.42.0.1|10.42.0.210,43,3,UPLOAD,0.95,UPLOAD,0.95,1,1448,100.0,18,0.0,26064.0,0,18,0.0,1.0,0.028677920687865018,1,0,1,1,1,1,1,1,0.9699999999999999,1.0,1.0,1.0,0.8,skip,attack_already_active,1785296177.2209253,1785296177220925451,1384845437624082,11.9,53.35546875,-1.0,0,0
2026-07-28T23:36:17.221,10.42.0.210,10.42.0.1|10.42.0.210,43,3,UPLOAD,0.95,UPLOAD,0.95,1,1448,100.0,19,0.0,27512.0,0,19,0.0,1.0,0.025035600385775274,1,0,1,1,1,1,1,1,0.9699999999999999,1.0,1.0,1.0,0.8,skip,attack_already_active,1785296177.2219627,1785296177221962734,1384845438661133,11.9,53.35546875,-1.0,0,0
2026-07-28T23:36:17.223,10.42.0.210,10.42.0.1|10.42.0.210,43,3,UPLOAD,0.95,UPLOAD,0.95,1,1448,100.0,20,0.0,28960.0,0,20,0.0,1.0,0.021947201658358024,1,0,1,1,1,1,1,1,0.9699999999999999,1.0,1.0,1.0,0.8,skip,attack_already_active,1785296177.2235613,1785296177223561318,1384845440260128,11.9,53.35546875,-1.0,0,0
2026-07-28T23:36:17.225,10.42.0.210,10.42.0.1|10.42.0.210,43,3,UPLOAD,0.95,UPLOAD,0.95,1,1448,100.0,21,0.0,30408.0,0,21,0.0,1.0,0.019255124506384558,1,0,1,1,1,1,1,1,0.9699999999999999,1.0,1.0,1.0,0.8,skip,attack_already_active,1785296177.225079,1785296177225079153,1384845441778169,11.9,53.35546875,-1.0,0,0
2026-07-28T23:36:17.226,10.42.0.210,10.42.0.1|10.42.0.210,43,3,UPLOAD,0.95,UPLOAD,0.95,1,1448,100.0,22,0.0,31856.0,0,22,0.0,1.0,0.016858258263396247,1,0,1,1,1,1,1,1,0.9699999999999999,1.0,1.0,1.0,0.8,skip,attack_already_active,1785296177.226145,1785296177226144998,1384845442843512,11.9,53.35546875,-1.0,0,0
2026-07-28T23:36:17.227,10.42.0.210,10.42.0.1|10.42.0.210,43,3,UPLOAD,0.95,UPLOAD,0.95,1,1448,100.0,23,0.0,33304.0,0,23,0.0,1.0,0.014836051321906888,1,0,1,1,1,1,1,1,0.9699999999999999,1.0,1.0,1.0,0.8,skip,attack_already_active,1785296177.2276573,1785296177227657287,1384845444356000,11.9,53.35546875,-1.0,0,0
2026-07-28T23:36:17.229,10.42.0.210,10.42.0.1|10.42.0.210,43,3,UPLOAD,0.95,UPLOAD,0.95,1,1448,100.0,24,0.0,34752.0,0,24,0.0,1.0,0.013079000091683213,1,0,1,1,1,1,1,1,0.9699999999999999,1.0,1.0,1.0,0.8,skip,attack_already_active,1785296177.2291596,1785296177229159765,1384845445858704,11.9,53.35546875,-1.0,0,0
2026-07-28T23:36:17.230,10.42.0.210,10.42.0.1|10.42.0.210,43,3,UPLOAD,0.95,UPLOAD,0.95,1,1448,100.0,25,0.0,36200.0,0,25,0.0,1.0,0.011564385220073563,1,0,1,1,1,1,1,1,0.9699999999999999,1.0,1.0,1.0,0.8,skip,attack_already_active,1785296177.2307446,1785296177230744569,1384845447443299,11.9,53.35546875,-1.0,0,0
2026-07-28T23:36:17.231,10.42.0.210,10.42.0.1|10.42.0.210,43,3,UPLOAD,0.95,UPLOAD,0.95,1,1448,100.0,26,0.0,37648.0,0,26,0.0,1.0,0.010178731419928318,1,0,1,1,1,1,1,1,0.9699999999999999,1.0,1.0,1.0,0.8,skip,attack_already_active,1785296177.2317936,1785296177231793538,1384845448492123,11.9,53.35546875,-1.0,0,0
2026-07-28T23:36:17.233,10.42.0.210,10.42.0.1|10.42.0.210,43,3,UPLOAD,0.95,UPLOAD,0.95,1,1448,100.0,27,0.0,39096.0,0,27,0.0,1.0,0.009060969875792387,1,0,1,1,1,1,1,1,0.9699999999999999,1.0,1.0,1.0,0.8,skip,attack_already_active,1785296177.23349,1785296177233490007,1384845450190509,11.9,53.35546875,-1.0,0,0
2026-07-28T23:36:17.235,10.42.0.210,10.42.0.1|10.42.0.210,43,3,UPLOAD,0.95,UPLOAD,0.95,1,1448,100.0,28,0.0,40544.0,0,28,0.0,1.0,0.00810922558440583,1,0,1,1,1,1,1,1,0.9699999999999999,1.0,1.0,1.0,0.8,skip,attack_already_active,1785296177.2353284,1785296177235328385,1384845452027471,11.9,53.35546875,-1.0,0,0
2026-07-28T23:36:17.236,10.42.0.210,10.42.0.1|10.42.0.210,43,3,UPLOAD,0.95,UPLOAD,0.95,1,1448,100.0,29,0.0,41992.0,0,29,0.0,1.0,0.007181041416058086,1,0,1,1,1,1,1,1,0.9699999999999999,1.0,1.0,1.0,0.8,skip,attack_already_active,1785296177.236394,1785296177236394073,1384845453092852,11.9,53.35546875,-1.0,0,0
2026-07-28T23:36:17.237,10.42.0.210,10.42.0.1|10.42.0.210,43,3,UPLOAD,0.95,UPLOAD,0.95,1,1448,100.0,30,0.0,43440.0,0,30,0.0,1.0,0.006431531185440101,1,0,1,1,1,1,1,1,0.9699999999999999,1.0,1.0,1.0,0.8,skip,attack_already_active,1785296177.2378871,1785296177237887168,1384845454585738,11.9,53.35546875,-1.0,0,0
2026-07-28T23:36:17.239,10.42.0.210,10.42.0.1|10.42.0.210,43,3,UPLOAD,0.95,UPLOAD,0.95,1,1448,100.0,31,0.0,44888.0,0,31,0.0,1.0,0.005780975772202317,1,0,1,1,1,1,1,1,0.9699999999999999,1.0,1.0,1.0,0.8,skip,attack_already_active,1785296177.2393818,1785296177239381834,1384845456080557,11.9,53.35546875,-1.0,0,0
2026-07-28T23:36:17.240,10.42.0.210,10.42.0.1|10.42.0.210,43,3,UPLOAD,0.95,UPLOAD,0.95,1,1448,100.0,32,0.0,46336.0,0,32,0.0,1.0,0.005151175600990937,1,0,1,1,1,1,1,1,0.9699999999999999,1.0,1.0,1.0,0.8,skip,attack_already_active,1785296177.2403834,1785296177240383537,1384845457081954,11.9,53.35546875,-1.0,0,0
2026-07-28T23:36:17.241,10.42.0.210,10.42.0.1|10.42.0.210,43,3,UPLOAD,0.95,UPLOAD,0.95,1,1448,100.0,33,0.0,47784.0,0,33,0.0,1.0,0.004663463295692043,1,0,1,1,1,1,1,1,0.9699999999999999,1.0,1.0,1.0,0.8,skip,attack_already_active,1785296177.2418334,1785296177241833460,1384845458531799,11.9,53.35546875,-1.0,0,0
2026-07-28T23:36:17.242,10.42.0.210,10.42.0.1|10.42.0.210,43,3,UPLOAD,0.95,UPLOAD,0.95,1,1448,100.0,34,0.0,49232.0,0,34,0.0,1.0,0.004144447041286856,1,0,1,1,1,1,1,1,0.9699999999999999,1.0,1.0,1.0,0.8,skip,attack_already_active,1785296177.2425582,1785296177242558121,1384845459256285,11.9,53.35546875,-1.0,0,0
2026-07-28T23:36:17.243,10.42.0.210,10.42.0.1|10.42.0.210,43,3,UPLOAD,0.95,UPLOAD,0.95,1,1448,100.0,35,0.0,50680.0,0,35,0.0,1.0,0.0036816967301964943,1,0,1,1,1,1,1,1,0.9699999999999999,1.0,1.0,1.0,0.8,skip,attack_already_active,1785296177.243191,1785296177243191137,1384845459889212,11.9,53.35546875,-1.0,0,0
2026-07-28T23:36:17.243,10.42.0.210,10.42.0.1|10.42.0.210,43,3,UPLOAD,0.95,UPLOAD,0.95,1,1448,100.0,36,0.0,52128.0,0,36,0.0,1.0,0.0032814645521302517,1,0,1,1,1,1,1,1,0.9699999999999999,1.0,1.0,1.0,0.8,skip,attack_already_active,1785296177.2438354,1785296177243835275,1384845460533546,11.9,53.35546875,-1.0,0,0
2026-07-28T23:36:17.244,10.42.0.210,10.42.0.1|10.42.0.210,43,3,UPLOAD,0.95,UPLOAD,0.95,1,1448,100.0,37,0.0,53576.0,0,37,0.0,1.0,0.0029316478630812288,1,0,1,1,1,1,1,1,0.9699999999999999,1.0,1.0,1.0,0.8,skip,attack_already_active,1785296177.2444623,1785296177244462357,1384845461160521,11.9,53.35546875,-1.0,0,0
2026-07-28T23:36:17.245,10.42.0.210,10.42.0.1|10.42.0.210,43,3,UPLOAD,0.95,UPLOAD,0.95,1,1448,100.0,38,0.0,55024.0,0,38,0.0,1.0,0.002627236897809246,1,0,1,1,1,1,1,1,0.9699999999999999,1.0,1.0,1.0,0.8,skip,attack_already_active,1785296177.2450838,1785296177245083818,1384845461781974,11.9,53.35546875,-1.0,0,0
2026-07-28T23:36:17.247,10.42.0.1,10.42.0.1|10.42.0.210,43,3,UPLOAD,0.95,UPLOAD,0.95,1,7240,100.0,1,0.0,7240.0,0,1,0.0,1.0,0.08272509618666049,1,0,1,1,1,1,1,1,0.9699999999999999,1.0,1.0,1.0,0.8,skip,attack_already_active,1785296177.2477794,1785296177247779244,1384845464477411,11.9,53.35546875,-1.0,0,0
2026-07-28T23:36:17.248,10.42.0.1,10.42.0.1|10.42.0.210,43,3,UPLOAD,0.9762039027837827,UPLOAD,0.9762039027837827,1,7240,100.0,2,0.0,14480.0,0,2,0.0,1.0,0.07191015589835553,1,0,1,1,1,1,1,1,0.9699999999999999,1.0,1.0,1.0,0.8,skip,attack_already_active,1785296177.2484329,1785296177248432986,1384845465131109,11.9,53.35546875,-1.0,0,0
2026-07-28T23:36:17.269,10.42.0.1,10.42.0.1|10.42.0.210,43,3,UPLOAD,0.9780932242734207,UPLOAD,0.9780932242734207,1,1448,100.0,3,0.0,15928.0,0,3,0.0,1.0,0.06525476913345489,1,0,1,1,1,1,1,1,0.9699999999999999,1.0,1.0,1.0,0.8,skip,attack_already_active,1785296177.2698371,1785296177269837005,1384845486535556,11.9,53.35546875,-1.0,0,0
2026-07-28T23:36:17.275,10.42.0.1,10.42.0.1|10.42.0.210,43,3,UPLOAD,0.9787562416313641,UPLOAD,0.9787562416313641,1,14480,100.0,4,0.0,30408.0,0,4,0.0,1.0,0.057415248543037894,1,0,1,1,1,1,1,1,0.9699999999999999,1.0,1.0,1.0,0.8,skip,attack_already_active,1785296177.2756,1785296177275599953,1384845492298339,11.9,53.35546875,-1.0,0,0
2026-07-28T23:36:17.276,10.42.0.1,10.42.0.1|10.42.0.210,43,3,UPLOAD,0.9793646559849918,UPLOAD,0.9793646559849918,1,14480,100.0,5,0.0,44888.0,0,5,0.0,1.0,0.04994109229479247,1,0,1,1,1,1,1,1,0.9699999999999999,1.0,1.0,1.0,0.8,skip,attack_already_active,1785296177.276296,1785296177276295876,1384845492993917,11.9,53.35546875,-1.0,0,0
2026-07-28T23:36:17.276,10.42.0.1,10.42.0.1|10.42.0.210,43,3,UPLOAD,0.9798542428481196,UPLOAD,0.9798542428481196,1,1448,100.0,6,0.0,46336.0,0,6,0.0,1.0,0.04344612103414188,1,0,1,1,1,1,1,1,0.9699999999999999,1.0,1.0,1.0,0.8,skip,attack_already_active,1785296177.2769485,1785296177276948599,1384845493646661,11.9,53.35546875,-1.0,0,0
2026-07-28T23:36:17.278,10.42.0.1,10.42.0.1|10.42.0.210,43,3,UPLOAD,0.980362793972024,UPLOAD,0.980362793972024,1,14480,100.0,7,0.0,60816.0,0,7,0.0,1.0,0.03788547061273478,1,0,1,1,1,1,1,1,0.9699999999999999,1.0,1.0,1.0,0.8,skip,attack_already_active,1785296177.2781963,1785296177278196202,1384845494894393,11.9,53.35546875,-1.0,0,0
2026-07-28T23:36:17.279,10.42.0.1,10.42.0.1|10.42.0.210,43,3,UPLOAD,0.9808875510922428,UPLOAD,0.9808875510922428,1,14480,100.0,8,0.0,75296.0,0,8,0.0,1.0,0.03302272995961631,1,0,1,1,1,1,1,1,0.9699999999999999,1.0,1.0,1.0,0.8,skip,attack_already_active,1785296177.2791798,1785296177279179862,1384845495878160,11.9,53.35546875,-1.0,0,0
2026-07-28T23:36:17.280,10.42.0.1,10.42.0.1|10.42.0.210,43,3,UPLOAD,0.9813347060102985,UPLOAD,0.9813347060102985,1,4233,100.0,9,0.0,79529.0,0,9,0.0,1.0,0.028796533012896912,1,0,1,1,1,1,1,1,0.9699999999999999,1.0,1.0,1.0,0.8,skip,attack_already_active,1785296177.280131,1785296177280131013,1384845496829335,11.9,53.35546875,-1.0,0,0
2026-07-28T23:36:18.190,10.42.0.1,10.42.0.1|10.42.0.210,43,3,UPLOAD,0.9806906129533645,UPLOAD,0.9806906129533645,0,43,100.0,9,0.0,79529.0,0,9,0.0,1.0,0.2255867336775419,1,0,1,0,0,0,0,0,0.45499999999999996,0.1,1.0,0.0,0.8,skip,attack_already_active,1785296178.1906857,1785296178190685690,1384846407384345,48.9,53.35546875,-1.0,0,0
2026-07-28T23:36:20.692,10.42.0.47,10.42.0.1|10.42.0.210|10.42.0.47,43,3,UPLOAD,0.95,UPLOAD,0.95,1,7240,100.0,1,0.0,7240.0,0,1,0.0,1.0,0.6767175577697109,1,0,0,1,1,1,1,1,0.9699999999999999,1.0,1.0,1.0,0.8,trigger,training_upload_trigger_confirmed,1785296180.6925814,1785296180692581456,1384848909280062,8.3,53.35546875,6.509958,1785296180699092749,1384848915790020
2026-07-28T23:36:20.693,10.42.0.47,10.42.0.1|10.42.0.210|10.42.0.47,43,3,UPLOAD,0.95,UPLOAD,0.95,1,4344,100.0,2,0.0,11584.0,0,2,0.0,1.0,0.5876439027640877,1,0,1,1,1,1,1,1,0.9699999999999999,1.0,1.0,1.0,0.8,skip,attack_already_active,1785296180.6933436,1785296180693343676,1384848910041803,8.3,53.35546875,-1.0,0,0
2026-07-28T23:36:20.694,10.42.0.47,10.42.0.1|10.42.0.210|10.42.0.47,43,3,UPLOAD,0.95,UPLOAD,0.95,1,2896,100.0,3,0.0,14480.0,0,3,0.0,1.0,0.5103257264593531,1,0,1,1,1,1,1,1,0.9699999999999999,1.0,1.0,1.0,0.8,skip,attack_already_active,1785296180.6942413,1785296180694241182,1384848910939341,8.3,53.35546875,-1.0,0,0
2026-07-28T23:36:20.698,10.42.0.47,10.42.0.1|10.42.0.210|10.42.0.47,43,3,UPLOAD,0.95,UPLOAD,0.95,1,13032,100.0,4,0.0,27512.0,0,4,0.0,1.0,0.44358191843897254,1,0,1,1,1,1,1,1,0.9699999999999999,1.0,1.0,1.0,0.8,skip,attack_already_active,1785296180.6980667,1785296180698066704,1384848914765914,8.3,53.35546875,-1.0,0,0
2026-07-28T23:36:20.703,10.42.0.47,10.42.0.1|10.42.0.210|10.42.0.47,43,3,UPLOAD,0.95,UPLOAD,0.95,1,10136,100.0,5,0.0,37648.0,0,5,0.0,1.0,0.3858028318310695,1,0,1,1,1,1,1,1,0.9699999999999999,1.0,1.0,1.0,0.8,skip,attack_already_active,1785296180.7031791,1785296180703178941,1384848919877495,8.3,53.35546875,-1.0,0,0
2026-07-28T23:36:20.703,10.42.0.47,10.42.0.1|10.42.0.210|10.42.0.47,43,3,UPLOAD,0.95,UPLOAD,0.95,1,5792,100.0,6,0.0,43440.0,0,6,0.0,1.0,0.3350558589959416,1,0,1,1,1,1,1,1,0.9699999999999999,1.0,1.0,1.0,0.8,skip,attack_already_active,1785296180.7038772,1785296180703877006,1384848920575173,15.9,53.35546875,-1.0,0,0
2026-07-28T23:36:20.704,10.42.0.47,10.42.0.1|10.42.0.210|10.42.0.47,43,3,UPLOAD,0.95,UPLOAD,0.95,1,1448,100.0,7,0.0,44888.0,0,7,0.0,1.0,0.290984699837879,1,0,1,1,1,1,1,1,0.9699999999999999,1.0,1.0,1.0,0.8,skip,attack_already_active,1785296180.7044892,1785296180704489302,1384848921187320,15.9,53.35546875,-1.0,0,0
2026-07-28T23:36:20.705,10.42.0.47,10.42.0.1|10.42.0.210|10.42.0.47,43,3,UPLOAD,0.95,UPLOAD,0.95,1,7240,100.0,8,0.0,52128.0,0,8,0.0,1.0,0.2527663296926865,1,0,1,1,1,1,1,1,0.9699999999999999,1.0,1.0,1.0,0.8,skip,attack_already_active,1785296180.7054453,1785296180705445401,1384848922144235,15.9,53.35546875,-1.0,0,0
2026-07-28T23:36:20.710,10.42.0.47,10.42.0.1|10.42.0.210|10.42.0.47,43,3,UPLOAD,0.95,UPLOAD,0.95,1,5792,100.0,9,0.0,57920.0,0,9,0.0,1.0,0.22009498180480394,1,0,1,1,1,1,1,1,0.9699999999999999,1.0,1.0,1.0,0.8,skip,attack_already_active,1785296180.7102778,1785296180710277808,1384848926976261,15.9,53.35546875,-1.0,0,0
2026-07-28T23:36:20.711,10.42.0.47,10.42.0.1|10.42.0.210|10.42.0.47,43,3,UPLOAD,0.95,UPLOAD,0.95,1,5792,100.0,10,0.0,63712.0,0,10,0.0,1.0,0.19122840294737084,1,0,1,1,1,1,1,1,0.9699999999999999,1.0,1.0,1.0,0.8,skip,attack_already_active,1785296180.7113123,1785296180711312473,1384848928011322,15.9,53.35546875,-1.0,0,0
2026-07-28T23:36:20.713,10.42.0.47,10.42.0.1|10.42.0.210|10.42.0.47,43,3,UPLOAD,0.95,UPLOAD,0.95,1,5792,100.0,11,0.0,69504.0,0,11,0.0,1.0,0.16631433829008857,1,0,1,1,1,1,1,1,0.9699999999999999,1.0,1.0,1.0,0.8,skip,attack_already_active,1785296180.7134748,1785296180713474811,1384848930173251,15.9,53.35546875,-1.0,0,0
2026-07-28T23:36:20.714,10.42.0.47,10.42.0.1|10.42.0.210|10.42.0.47,43,3,UPLOAD,0.95,UPLOAD,0.95,1,1448,100.0,12,0.0,70952.0,0,12,0.0,1.0,0.14448459569717456,1,0,1,1,1,1,1,1,0.9699999999999999,1.0,1.0,1.0,0.8,skip,attack_already_active,1785296180.7141292,1785296180714129058,1384848930827146,15.9,53.35546875,-1.0,0,0
2026-07-28T23:36:20.717,10.42.0.47,10.42.0.1|10.42.0.210|10.42.0.47,43,3,UPLOAD,0.95,UPLOAD,0.95,1,8576,100.0,13,0.0,79528.0,0,13,0.0,1.0,0.12584679310113292,1,0,1,1,1,1,1,1,0.9699999999999999,1.0,1.0,1.0,0.8,skip,attack_already_active,1785296180.7171767,1785296180717176466,1384848933878585,15.9,53.35546875,-1.0,0,0
2026-07-28T23:36:20.719,10.42.0.1,10.42.0.1|10.42.0.210|10.42.0.47,43,3,UPLOAD,0.9774164358895848,UPLOAD,0.9774164358895848,1,7240,100.0,1,0.0,7240.0,0,1,0.0,1.0,0.5266131031398513,1,0,0,1,1,1,1,1,0.9699999999999999,1.0,1.0,1.0,0.8,skip,already_attacked_this_round,1785296180.7194965,1785296180719496514,1384848936195323,15.9,53.35546875,-1.0,0,0
2026-07-28T23:36:20.720,10.42.0.1,10.42.0.1|10.42.0.210|10.42.0.47,43,3,UPLOAD,0.9779882512485486,UPLOAD,0.9779882512485486,1,7240,100.0,2,0.0,14480.0,0,2,0.0,1.0,0.4573634302149445,1,0,0,1,1,1,1,1,0.9699999999999999,1.0,1.0,1.0,0.8,skip,already_attacked_this_round,1785296180.720593,1785296180720592863,1384848937291472,15.9,53.35546875,-1.0,0,0
2026-07-28T23:36:20.757,10.42.0.1,10.42.0.1|10.42.0.210|10.42.0.47,43,3,UPLOAD,0.9786318481909065,UPLOAD,0.9786318481909065,1,14480,100.0,3,0.0,28960.0,0,3,0.0,1.0,0.40191517986384784,1,0,0,1,1,1,1,1,0.9699999999999999,1.0,1.0,1.0,0.8,skip,already_attacked_this_round,1785296180.757175,1785296180757175070,1384848973873440,15.9,53.35546875,-1.0,0,0
2026-07-28T23:36:20.757,10.42.0.1,10.42.0.1|10.42.0.210|10.42.0.47,43,3,UPLOAD,0.9792197564515569,UPLOAD,0.9792197564515569,1,14480,100.0,4,0.0,43440.0,0,4,0.0,1.0,0.349043879896442,1,0,0,1,1,1,1,1,0.9699999999999999,1.0,1.0,1.0,0.8,skip,already_attacked_this_round,1785296180.7578645,1785296180757864552,1384848974562614,15.9,53.35546875,-1.0,0,0
2026-07-28T23:36:20.758,10.42.0.1,10.42.0.1|10.42.0.210|10.42.0.47,43,3,UPLOAD,0.9782005055128254,UPLOAD,0.9782005055128254,0,43,100.0,4,0.0,43440.0,0,4,0.0,1.0,0.6414190750015258,1,0,0,1,1,1,1,1,0.8374999999999999,0.8500000000000001,1.0,0.6000000000000001,0.8,skip,already_attacked_this_round,1785296180.7584841,1785296180758484342,1384848975182388,15.9,53.35546875,-1.0,0,0
2026-07-28T23:36:20.760,10.42.0.1,10.42.0.1|10.42.0.210|10.42.0.47,43,3,UPLOAD,0.9790848533526818,UPLOAD,0.9790848533526818,1,11584,100.0,5,0.0,55024.0,0,5,0.0,1.0,0.5572170953577752,1,0,0,1,1,1,1,1,0.9699999999999999,1.0,1.0,1.0,0.8,skip,already_attacked_this_round,1785296180.760298,1785296180760298042,1384848976996161,15.9,53.35546875,-1.0,0,0
2026-07-28T23:36:20.761,10.42.0.1,10.42.0.1|10.42.0.210|10.42.0.47,43,3,UPLOAD,0.9790770259753638,UPLOAD,0.9790770259753638,1,8688,100.0,6,0.0,63712.0,0,6,0.0,1.0,0.48391734941816833,1,0,0,1,1,1,1,1,0.9699999999999999,1.0,1.0,1.0,0.8,skip,already_attacked_this_round,1785296180.7612636,1785296180761263547,1384848977961710,15.9,53.35546875,-1.0,0,0
2026-07-28T23:36:20.762,10.42.0.1,10.42.0.1|10.42.0.210|10.42.0.47,43,3,UPLOAD,0.9788096512324933,UPLOAD,0.9788096512324933,1,8688,100.0,7,0.0,72400.0,0,7,0.0,1.0,0.42026931828880243,1,0,0,1,1,1,1,1,0.9699999999999999,1.0,1.0,1.0,0.8,skip,already_attacked_this_round,1785296180.7621737,1785296180762173579,1384848978871660,15.9,53.35546875,-1.0,0,0
2026-07-28T23:36:20.763,10.42.0.1,10.42.0.1|10.42.0.210|10.42.0.47,43,3,UPLOAD,0.9782885523632265,UPLOAD,0.9782885523632265,1,7128,100.0,8,0.0,79528.0,0,8,0.0,1.0,0.3650058964173919,1,0,0,1,1,1,1,1,0.9699999999999999,1.0,1.0,1.0,0.8,skip,already_attacked_this_round,1785296180.7630641,1785296180763064041,1384848979762134,15.9,53.35546875,-1.0,0,0
2026-07-28T23:36:21.071,10.42.0.1,10.42.0.1,44,1,DOWNLOAD,0.9751806172306036,DOWNLOAD,0.9751806172306036,-1,1448,54.92265189646225,9,1448.0,79528.0,1,8,0.017881841533293814,0.9821181584667061,0.358133583351484,0,0,0,0,1,0,0,0,0.44,0.8500000000000001,0.0,0.6000000000000001,0.15,skip,training_upload_trigger_not_confirmed,1785296181.071338,1785296181071338024,1384849288036666,15.9,53.35546875,-1.0,0,0
2026-07-28T23:36:21.075,10.42.0.1,10.42.0.1,44,1,DOWNLOAD,0.95,DOWNLOAD,0.95,-1,5792,10.984530385361252,10,7240.0,79528.0,2,8,0.08344089987092015,0.9165591001290798,0.3114516317362953,0,0,0,0,1,0,0,0,0.44,0.8500000000000001,0.0,0.6000000000000001,0.15,skip,training_upload_trigger_not_confirmed,1785296181.075215,1785296181075215079,1384849291914468,15.9,53.35546875,-1.0,0,0
2026-07-28T23:36:21.076,10.42.0.1,10.42.0.1,44,1,DOWNLOAD,0.95,DOWNLOAD,0.95,-1,7240,5.492265193059926,11,14480.0,79528.0,3,8,0.15402944430261253,0.8459705556973874,0.2705237383547966,0,0,0,0,1,0,0,0,0.44,0.8500000000000001,0.0,0.6000000000000001,0.15,skip,training_upload_trigger_not_confirmed,1785296181.0760763,1785296181076076339,1384849292774629,15.9,53.35546875,-1.0,0,0
2026-07-28T23:36:21.076,10.42.0.1,10.42.0.1,44,1,DOWNLOAD,0.95,DOWNLOAD,0.95,-1,7240,3.661510128790906,12,21720.0,79528.0,4,8,0.21452275600505688,0.7854772439949431,0.23497027731075498,0,0,0,0,1,0,0,0,0.4,0.8500000000000001,0.0,0.4,0.15,skip,training_upload_trigger_not_confirmed,1785296181.0767946,1785296181076794715,1384849293492907,15.9,53.35546875,-1.0,0,0
2026-07-28T23:36:21.077,10.42.0.1,10.42.0.1,44,1,DOWNLOAD,0.95,DOWNLOAD,0.95,-1,7240,2.746132596624788,13,28960.0,79528.0,5,8,0.26694196593171593,0.7330580340682841,0.20412541782055946,0,0,0,0,1,0,0,0,0.4,0.8500000000000001,0.0,0.4,0.15,skip,training_upload_trigger_not_confirmed,1785296181.0776918,1785296181077692005,1384849294391448,15.9,53.35546875,-1.0,0,0
2026-07-28T23:36:21.079,10.42.0.1,10.42.0.1,44,1,DOWNLOAD,0.95,DOWNLOAD,0.95,-1,7240,2.196906077315002,14,36200.0,79528.0,6,8,0.31280243329185675,0.6871975667081432,0.1774719870952539,0,0,0,0,1,0,0,0,0.4,0.8500000000000001,0.0,0.4,0.15,skip,training_upload_trigger_not_confirmed,1785296181.0795517,1785296181079551836,1384849296250103,15.9,53.35546875,-1.0,0,0
2026-07-28T23:36:21.080,10.42.0.1,10.42.0.1,44,1,DOWNLOAD,0.95,DOWNLOAD,0.95,-1,7240,1.8307550644375976,15,43440.0,79528.0,7,8,0.3532626374341292,0.6467373625658708,0.15418678030944089,0,0,0,0,1,0,0,0,0.32,0.8500000000000001,0.0,0.0,0.15,skip,training_upload_trigger_not_confirmed,1785296181.0803187,1785296181080318741,1384849297017883,15.9,53.35546875,-1.0,0,0
2026-07-28T23:36:21.081,10.42.0.1,10.42.0.1,44,1,DOWNLOAD,0.95,DOWNLOAD,0.95,-1,7240,1.5692186266659585,16,50680.0,79528.0,8,8,0.3892233964118948,0.6107766035881051,0.13396217774299796,0,0,0,0,1,0,0,0,0.32,0.8500000000000001,0.0,0.0,0.15,skip,training_upload_trigger_not_confirmed,1785296181.0810266,1785296181081026594,1384849297724656,15.9,53.35546875,-1.0,0,0
2026-07-28T23:36:21.081,10.42.0.1,10.42.0.1,44,1,DOWNLOAD,0.95,DOWNLOAD,0.95,-1,7240,1.3730662983361002,17,57920.0,79528.0,9,8,0.4213957278388918,0.5786042721611082,0.11640727980598463,0,0,0,0,1,0,0,0,0.32,0.8500000000000001,0.0,0.0,0.15,skip,training_upload_trigger_not_confirmed,1785296181.0817695,1785296181081769515,1384849298467679,15.9,53.35546875,-1.0,0,0
2026-07-28T23:36:21.082,10.42.0.1,10.42.0.1,44,1,DOWNLOAD,0.95,DOWNLOAD,0.95,-1,10136,1.1685670624167073,18,68056.0,79528.0,10,8,0.46113399826539464,0.5388660017346054,0.10117251823023242,0,0,0,0,1,0,0,0,0.30250000000000005,0.8000000000000002,0.0,0.0,0.15,skip,training_upload_trigger_not_confirmed,1785296181.0825644,1785296181082564303,1384849299262667,15.9,53.35546875,-1.0,0,0
2026-07-28T23:36:21.083,10.42.0.1,10.42.0.1,44,1,DOWNLOAD,0.95,DOWNLOAD,0.95,-1,14480,0.9635552970829268,19,82536.0,79528.0,11,8,0.5092802843321157,0.4907197156678843,0.08794703722971892,0,0,0,0,1,0,0,0,0.30250000000000005,0.8000000000000002,0.0,0.0,0.15,skip,training_upload_trigger_not_confirmed,1785296181.0833724,1785296181083372171,1384849300070976,15.9,53.35546875,-1.0,0,0
2026-07-28T23:36:21.084,10.42.0.1,10.42.0.1,44,1,DOWNLOAD,0.95,DOWNLOAD,0.95,-1,4344,0.9153775322293349,20,86880.0,79528.0,12,8,0.5220902841209557,0.4779097158790443,0.07645588565995515,0,0,0,0,1,0,0,0,0.30250000000000005,0.8000000000000002,0.0,0.0,0.15,skip,training_upload_trigger_not_confirmed,1785296181.0841162,1785296181084116210,1384849300815386,15.9,53.35546875,-1.0,0,0
2026-07-28T23:36:21.084,10.42.0.1,10.42.0.1,44,1,DOWNLOAD,0.95,DOWNLOAD,0.95,-1,14480,0.7846093133407201,21,101360.0,79528.0,13,8,0.5603467338905842,0.4396532661094158,0.0664818963098443,0,0,0,0,1,0,0,0,0.28500000000000003,0.7500000000000001,0.0,0.0,0.15,skip,training_upload_trigger_not_confirmed,1785296181.0848823,1785296181084882084,1384849301580333,15.9,53.35546875,-1.0,0,0
2026-07-28T23:36:21.086,10.42.0.1,10.42.0.1,44,1,DOWNLOAD,0.95,DOWNLOAD,0.95,-1,7240,0.7323020257851537,22,108600.0,79528.0,14,8,0.5772665419288995,0.4227334580711005,0.05789203375217513,0,0,0,0,1,0,0,0,0.28500000000000003,0.7500000000000001,0.0,0.0,0.15,skip,training_upload_trigger_not_confirmed,1785296181.086178,1785296181086178162,1384849302876557,15.9,53.35546875,-1.0,0,0
2026-07-28T23:36:21.087,10.42.0.1,10.42.0.1,44,1,DOWNLOAD,0.95,DOWNLOAD,0.95,-1,14480,0.646148846281718,23,123080.0,79528.0,15,8,0.607478480612809,0.39252151938719104,0.05039416415087456,0,0,0,0,1,0,0,0,0.28500000000000003,0.7500000000000001,0.0,0.0,0.15,skip,training_upload_trigger_not_confirmed,1785296181.0871708,1785296181087170940,1384849303869198,15.9,53.35546875,-1.0,0,0
2026-07-28T23:36:21.088,10.42.0.1,10.42.0.1,44,1,DOWNLOAD,0.95,DOWNLOAD,0.95,-1,14480,0.5781331782525578,24,137560.0,79528.0,16,8,0.6336600825471698,0.3663399174528302,0.04389440734492078,0,0,0,0,1,0,0,0,0.28500000000000003,0.7500000000000001,0.0,0.0,0.15,skip,training_upload_trigger_not_confirmed,1785296181.0882401,1785296181088240009,1384849304939191,15.9,53.35546875,-1.0,0,0
2026-07-28T23:36:21.088,10.42.0.1,10.42.0.1,44,1,DOWNLOAD,0.95,DOWNLOAD,0.95,-1,14480,0.5230728755622002,25,152040.0,79528.0,17,8,0.6565674013680647,0.3434325986319353,0.03820851901677497,0,0,0,0,1,0,0,0,0.28500000000000003,0.7500000000000001,0.0,0.0,0.15,skip,training_upload_trigger_not_confirmed,1785296181.088986,1785296181088985747,1384849305684519,15.9,53.35546875,-1.0,0,0
2026-07-28T23:36:21.089,10.42.0.1,10.42.0.1,44,1,DOWNLOAD,0.95,DOWNLOAD,0.95,-1,11584,0.48604116755802296,26,163624.0,79528.0,18,8,0.672928867539646,0.327071132460354,0.033279520050687336,0,0,0,0,1,0,0,0,0.28500000000000003,0.7500000000000001,0.0,0.0,0.15,skip,training_upload_trigger_not_confirmed,1785296181.0897896,1785296181089789606,1384849306487974,15.9,53.35546875,-1.0,0,0
2026-07-28T23:36:21.090,10.42.0.1,10.42.0.1,44,1,DOWNLOAD,0.95,DOWNLOAD,0.95,-1,18824,0.435894062968978,27,182448.0,79528.0,19,8,0.6964302073472379,0.30356979265276207,0.02902897280557342,0,0,0,0,1,0,0,0,0.28500000000000003,0.7500000000000001,0.0,0.0,0.15,skip,training_upload_trigger_not_confirmed,1785296181.090813,1785296181090812847,1384849307511011,15.9,53.35546875,-1.0,0,0
2026-07-28T23:36:21.092,10.42.0.1,10.42.0.1,44,1,DOWNLOAD,0.95,DOWNLOAD,0.95,-1,18824,0.3951269923317941,28,201272.0,79528.0,20,8,0.7167806267806268,0.28321937321937324,0.025414852228572066,0,0,0,0,1,0,0,0,0.28500000000000003,0.7500000000000001,0.0,0.0,0.15,skip,training_upload_trigger_not_confirmed,1785296181.0924153,1785296181092415223,1384849309114742,15.9,53.35546875,-1.0,0,0
2026-07-28T23:36:21.093,10.42.0.1,10.42.0.1,44,1,DOWNLOAD,0.95,DOWNLOAD,0.95,-1,16920,0.36448632397446057,29,218192.0,79528.0,21,8,0.7328765282816069,0.2671234717183931,0.02224700819328319,0,0,0,0,1,0,0,0,0.28500000000000003,0.7500000000000001,0.0,0.0,0.15,skip,training_upload_trigger_not_confirmed,1785296181.0937903,1785296181093790209,1384849310488962,15.9,53.35546875,-1.0,0,0
2026-07-28T23:36:21.096,10.42.0.47,10.42.0.1,44,1,DOWNLOAD,0.95,DOWNLOAD,0.95,-1,7240,10.984530385361252,14,7240.0,79528.0,1,13,0.08344089987092015,0.9165591001290798,0.15298387194791702,0,0,0,0,0,0,0,0,0.057499999999999996,0.1,0.0,0.0,0.15,skip,training_upload_trigger_not_confirmed,1785296181.096024,1785296181096024189,1384849312725851,53.9,53.35546875,-1.0,0,0
2026-07-28T23:36:21.097,10.42.0.47,10.42.0.1,44,1,DOWNLOAD,0.9829981496648164,DOWNLOAD,0.9829981496648164,-1,7240,5.492265193059926,15,14480.0,79528.0,2,13,0.15402944430261253,0.8459705556973874,0.1330757490893501,0,0,0,0,0,0,0,0,0.057499999999999996,0.1,0.0,0.0,0.15,skip,training_upload_trigger_not_confirmed,1785296181.0979307,1785296181097930790,1384849314631337,53.9,53.35546875,-1.0,0,0
2026-07-28T23:36:21.099,10.42.0.1,10.42.0.1,44,1,DOWNLOAD,0.95,DOWNLOAD,0.95,-1,16920,0.3382558099997522,30,235112.0,79528.0,22,8,0.7472412916348843,0.2527587083651157,0.020026052523041456,0,0,0,0,1,0,0,0,0.28500000000000003,0.7500000000000001,0.0,0.0,0.15,skip,training_upload_trigger_not_confirmed,1785296181.099183,1785296181099182985,1384849315881795,53.9,53.35546875,-1.0,0,0
2026-07-28T23:36:21.100,10.42.0.210,10.42.0.1,44,1,DOWNLOAD,0.983573600378968,DOWNLOAD,0.983573600378968,-1,7240,1.381215469422484e-10,1,7240.0,0.0,1,0,1.0,0.0,0.3836409408123038,0,0,0,0,0,0,0,0,0.0225,0.0,0.0,0.0,0.15,skip,training_upload_trigger_not_confirmed,1785296181.1009061,1785296181100906193,1384849317605389,53.9,53.35546875,-1.0,0,0
2026-07-28T23:36:21.102,10.42.0.210,10.42.0.1,44,1,DOWNLOAD,0.95,DOWNLOAD,0.95,-1,7240,6.90607734758936e-11,2,14480.0,0.0,2,0,1.0,0.0,0.3332466175255836,0,0,0,0,0,0,0,0,0.0225,0.0,0.0,0.0,0.15,skip,training_upload_trigger_not_confirmed,1785296181.1021185,1785296181102118467,1384849318818078,53.9,53.35546875,-1.0,0,0
2026-07-28T23:36:21.103,10.42.0.1,10.42.0.1,44,1,DOWNLOAD,0.95,DOWNLOAD,0.95,-1,21720,0.3096498878671285,31,256832.0,79528.0,23,8,0.7635628493281008,0.23643715067189916,0.017944350543743992,0,0,0,0,1,0,0,0,0.28500000000000003,0.7500000000000001,0.0,0.0,0.15,skip,training_upload_trigger_not_confirmed,1785296181.1034117,1785296181103411773,1384849320112002,53.9,53.35546875,-1.0,0,0
2026-07-28T23:36:21.105,10.42.0.1,10.42.0.1,44,1,DOWNLOAD,0.95,DOWNLOAD,0.95,-1,21720,0.2855050403540972,32,278552.0,79528.0,24,8,0.7779043789097408,0.22209562109025915,0.015833659369477653,0,0,0,0,1,0,0,0,0.28500000000000003,0.7500000000000001,0.0,0.0,0.15,skip,training_upload_trigger_not_confirmed,1785296181.1053386,1785296181105338671,1384849322040123,53.9,53.35546875,-1.0,0,0
2026-07-28T23:36:21.106,10.42.0.1,10.42.0.1,44,1,DOWNLOAD,0.95,DOWNLOAD,0.95,-1,13032,0.27274473222374085,33,291584.0,79528.0,25,8,0.7857035072969885,0.2142964927030115,0.01395011283082154,0,0,0,0,1,0,0,0,0.28500000000000003,0.7500000000000001,0.0,0.0,0.15,skip,training_upload_trigger_not_confirmed,1785296181.1068785,1785296181106878452,1384849323578047,53.9,53.35546875,-1.0,0,0
2026-07-28T23:36:21.108,10.42.0.1,10.42.0.1,44,1,DOWNLOAD,0.95,DOWNLOAD,0.95,-1,992,0.27181997156543314,34,292576.0,79528.0,26,8,0.7862748048932556,0.21372519510674434,0.012277068658801281,0,0,0,0,1,0,0,0,0.28500000000000003,0.7500000000000001,0.0,0.0,0.15,skip,training_upload_trigger_not_confirmed,1785296181.1081324,1785296181108132379,1384849324831577,53.9,53.35546875,-1.0,0,0
2026-07-28T23:36:21.109,10.42.0.18,10.42.0.1,34,1,DOWNLOAD,0.95,DOWNLOAD,0.95,-1,7300,1.3698630135109776e-10,1,7300.0,0.0,1,0,1.0,0.0,0.931787379740074,0,0,0,0,0,0,0,0,0.0225,0.0,0.0,0.0,0.15,skip,already_attacked_this_round,1785296181.1094387,1785296181109438754,1384849326139350,53.9,53.35546875,-1.0,0,0
2026-07-28T23:36:21.110,10.42.0.18,10.42.0.1,34,1,DOWNLOAD,0.95,DOWNLOAD,0.95,-1,7300,6.84931506802402e-11,2,14600.0,0.0,2,0,1.0,0.0,0.8091701789581766,0,0,0,0,0,0,0,0,0.0225,0.0,0.0,0.0,0.15,skip,already_attacked_this_round,1785296181.110718,1785296181110718041,1384849327416870,53.9,53.35546875,-1.0,0,0
2026-07-28T23:36:21.112,10.42.0.47,10.42.0.1,44,1,DOWNLOAD,0.9842257140988042,DOWNLOAD,0.9842257140988042,0,43,5.492265193059926,15,14480.0,79528.0,2,13,0.15402944430261253,0.8459705556973874,0.16073600946457392,0,0,0,0,0,0,0,0,0.057499999999999996,0.1,0.0,0.0,0.15,skip,training_upload_trigger_not_confirmed,1785296181.1123757,1785296181112375776,1384849329075198,53.9,53.35546875,-1.0,0,0
2026-07-28T23:36:21.113,10.42.0.47,10.42.0.1,44,1,DOWNLOAD,0.9842586901286671,DOWNLOAD,0.9842586901286671,-1,10136,3.2307442313035932,16,24616.0,79528.0,3,13,0.23636503303118758,0.7636349669688124,0.14166768150077744,0,0,0,0,0,0,0,0,0.057499999999999996,0.1,0.0,0.0,0.15,skip,training_upload_trigger_not_confirmed,1785296181.1139624,1785296181113962578,1384849330665141,53.9,53.35546875,-1.0,0,0
2026-07-28T23:36:21.116,10.42.0.47,10.42.0.1,44,1,DOWNLOAD,0.9842595481342594,DOWNLOAD,0.9842595481342594,-1,14480,2.0341722938143496,17,39096.0,79528.0,4,13,0.3295791745346642,0.6704208254653359,0.1233773246604889,0,0,0,0,0,0,0,0,0.057499999999999996,0.1,0.0,0.0,0.15,skip,training_upload_trigger_not_confirmed,1785296181.1168296,1785296181116829789,1384849333530308,53.9,53.35546875,-1.0,0,0
2026-07-28T23:36:21.119,10.42.0.145,10.42.0.1,18,3,UPLOAD,0.9855076450773014,UPLOAD,0.9855076450773014,0,43,1.0,0,0.0,0.0,0,0,0.0,0.0,1.1195953249680453,0,0,0,0,0,0,0,0,0.4375,0.05,1.0,0.0,0.8,skip,already_attacked_this_round,1785296181.1198375,1785296181119837449,1384849336536782,53.9,53.35546875,-1.0,0,0
2026-07-28T23:36:21.120,10.42.0.145,10.42.0.1,19,1,DOWNLOAD,0.95,DOWNLOAD,0.95,-1,14600,6.84931506802402e-11,1,14600.0,0.0,1,0,1.0,0.0,1.593722693064617,0,0,0,0,0,0,0,0,0.0225,0.0,0.0,0.0,0.15,skip,training_upload_trigger_not_confirmed,1785296181.1209817,1785296181120981779,1384849337680900,53.9,53.35546875,-1.0,0,0
2026-07-28T23:36:21.122,10.42.0.145,10.42.0.1,19,1,DOWNLOAD,0.95,DOWNLOAD,0.95,-1,14600,3.424657534129292e-11,2,29200.0,0.0,2,0,1.0,0.0,1.3838653058008406,0,0,0,0,0,0,0,0,0.0225,0.0,0.0,0.0,0.15,skip,training_upload_trigger_not_confirmed,1785296181.1221547,1785296181122154687,1384849338853195,53.9,53.35546875,-1.0,0,0
2026-07-28T23:36:21.126,10.42.0.47,10.42.0.1,44,1,DOWNLOAD,0.9842595696464124,DOWNLOAD,0.9842595696464124,-1,4344,1.8307550644375976,18,43440.0,79528.0,5,13,0.3532626374341292,0.6467373625658708,0.10839461023895992,0,0,0,0,0,0,0,0,0.057499999999999996,0.1,0.0,0.0,0.15,skip,training_upload_trigger_not_confirmed,1785296181.1265073,1785296181126507308,1384849343206055,53.9,53.35546875,-1.0,0,0
2026-07-28T23:36:21.128,10.42.0.47,10.42.0.1,44,1,DOWNLOAD,0.9842595701605352,DOWNLOAD,0.9842595701605352,-1,5792,1.615372115684608,19,49232.0,79528.0,6,13,0.3823547685616651,0.6176452314383349,0.09440965405295254,0,0,0,0,0,0,0,0,0.057499999999999996,0.1,0.0,0.0,0.15,skip,training_upload_trigger_not_confirmed,1785296181.128774,1785296181128773778,1384849345472522,53.9,53.35546875,-1.0,0,0
2026-07-28T23:36:21.129,10.42.0.47,10.42.0.1,44,1,DOWNLOAD,0.9842595701720059,DOWNLOAD,0.9842595701720059,-1,8688,1.3730662983361002,20,57920.0,79528.0,7,13,0.4213957278388918,0.5786042721611082,0.08211414647667123,0,0,0,0,0,0,0,0,0.057499999999999996,0.1,0.0,0.0,0.15,skip,training_upload_trigger_not_confirmed,1785296181.1298764,1785296181129876579,1384849346575396,53.9,53.35546875,-1.0,0,0
2026-07-28T23:36:21.130,10.42.0.47,10.42.0.1,44,1,DOWNLOAD,0.9842595701722343,DOWNLOAD,0.9842595701722343,-1,5792,1.2482420893984139,21,63712.0,79528.0,8,13,0.44479195755375595,0.5552080424462441,0.07140930902953284,0,0,0,0,0,0,0,0,0.057499999999999996,0.1,0.0,0.0,0.15,skip,training_upload_trigger_not_confirmed,1785296181.1307545,1785296181130754432,1384849347452746,53.9,53.35546875,-1.0,0,0
2026-07-28T23:36:21.131,10.42.0.47,10.42.0.1,44,1,DOWNLOAD,0.9842595701722379,DOWNLOAD,0.9842595701722379,-1,11584,1.0562048448781316,22,75296.0,79528.0,9,13,0.4863328682891541,0.5136671317108459,0.06209542850696051,0,0,0,0,0,0,0,0,0.039999999999999994,0.05,0.0,0.0,0.15,skip,training_upload_trigger_not_confirmed,1785296181.1314833,1785296181131483282,1384849348181416,53.9,53.35546875,-1.0,0,0
2026-07-28T23:36:21.132,10.42.0.18,10.42.0.1,34,1,DOWNLOAD,0.9395243858102807,DOWNLOAD,0.9395243858102807,0,43,6.84931506802402e-11,2,14600.0,0.0,2,0,1.0,0.0,1.2905057676731126,0,0,0,0,0,0,0,0,0.0225,0.0,0.0,0.0,0.15,skip,already_attacked_this_round,1785296181.1324499,1785296181132449685,1384849349147948,53.9,53.35546875,-1.0,0,0
2026-07-28T23:36:21.133,10.42.0.18,10.42.0.1,34,1,DOWNLOAD,0.95,DOWNLOAD,0.95,-1,10220,4.029008863657171e-11,3,24820.0,0.0,3,0,1.0,0.0,1.1234104307103663,0,0,0,0,0,0,0,0,0.0225,0.0,0.0,0.0,0.15,skip,already_attacked_this_round,1785296181.1331835,1785296181133183399,1384849349881802,53.9,53.35546875,-1.0,0,0
2026-07-28T23:36:21.133,10.42.0.18,10.42.0.1,34,1,DOWNLOAD,0.95,DOWNLOAD,0.95,-1,4380,3.424657534129292e-11,4,29200.0,0.0,4,0,1.0,0.0,0.9754669593109472,0,0,0,0,0,0,0,0,0.0225,0.0,0.0,0.0,0.15,skip,already_attacked_this_round,1785296181.1338918,1785296181133891913,1384849350589998,53.9,53.35546875,-1.0,0,0
2026-07-28T23:36:21.134,10.42.0.18,10.42.0.1,34,1,DOWNLOAD,0.95,DOWNLOAD,0.95,-1,14600,2.2831050227789245e-11,5,43800.0,0.0,5,0,1.0,0.0,0.8470195085377803,0,0,0,0,0,0,0,0,0.0225,0.0,0.0,0.0,0.15,skip,already_attacked_this_round,1785296181.1346066,1785296181134606509,1384849351305025,53.9,53.35546875,-1.0,0,0
2026-07-28T23:36:21.137,10.42.0.210,10.42.0.1,44,1,DOWNLOAD,0.9557926560077417,DOWNLOAD,0.9557926560077417,-1,1448,6.278252134211561e-11,3,15928.0,0.0,3,0,1.0,0.0,0.29400474970147605,0,0,0,0,0,0,0,0,0.0225,0.0,0.0,0.0,0.15,skip,training_upload_trigger_not_confirmed,1785296181.1375694,1785296181137569410,1384849354268103,53.9,53.35546875,-1.0,0,0
2026-07-28T23:36:21.139,10.42.0.145,10.42.0.1,19,1,DOWNLOAD,0.95,DOWNLOAD,0.95,-1,29200,1.7123287670939668e-11,3,58400.0,0.0,3,0,1.0,0.0,1.2038007606653645,0,0,0,0,0,0,0,0,0.0225,0.0,0.0,0.0,0.15,skip,training_upload_trigger_not_confirmed,1785296181.13956,1785296181139559916,1384849356258160,53.9,53.35546875,-1.0,0,0
2026-07-28T23:36:21.140,10.42.0.18,10.42.0.1,34,1,DOWNLOAD,0.95,DOWNLOAD,0.95,-1,14600,1.7123287670939668e-11,6,58400.0,0.0,6,0,1.0,0.0,0.736223456337819,0,0,0,0,0,0,0,0,0.0225,0.0,0.0,0.0,0.15,skip,already_attacked_this_round,1785296181.1408255,1785296181140825487,1384849357523997,53.9,53.35546875,-1.0,0,0
2026-07-28T23:36:21.146,10.42.0.59,10.42.0.1,13,3,UPLOAD,0.9855086980780915,UPLOAD,0.9855086980780915,0,43,1.0,0,0.0,0.0,0,0,0.0,0.0,1.1123215780205382,0,0,0,0,0,0,0,0,0.4375,0.05,1.0,0.0,0.8,skip,already_attacked_this_round,1785296181.1463265,1785296181146326545,1384849363025369,53.9,53.35546875,-1.0,0,0
2026-07-28T23:36:21.147,10.42.0.59,10.42.0.1,14,1,DOWNLOAD,0.95,DOWNLOAD,0.95,-1,14600,6.84931506802402e-11,1,14600.0,0.0,1,0,1.0,0.0,1.6054363934967062,0,0,0,0,0,0,0,0,0.0225,0.0,0.0,0.0,0.15,skip,training_upload_trigger_not_confirmed,1785296181.1475933,1785296181147593220,1384849364293243,53.9,53.35546875,-1.0,0,0
2026-07-28T23:36:21.148,10.42.0.59,10.42.0.1,14,1,DOWNLOAD,0.95,DOWNLOAD,0.95,-1,14600,3.424657534129292e-11,2,29200.0,0.0,2,0,1.0,0.0,1.3940106826054455,0,0,0,0,0,0,0,0,0.0225,0.0,0.0,0.0,0.15,skip,training_upload_trigger_not_confirmed,1785296181.1485784,1785296181148578432,1384849365278060,53.9,53.35546875,-1.0,0,0
2026-07-28T23:36:21.154,10.42.0.59,10.42.0.1,14,1,DOWNLOAD,0.95,DOWNLOAD,0.95,-1,24820,1.8511662346936104e-11,3,54020.0,0.0,3,0,1.0,0.0,1.2110370736336369,0,0,0,0,0,0,0,0,0.0225,0.0,0.0,0.0,0.15,skip,training_upload_trigger_not_confirmed,1785296181.154053,1785296181154052818,1384849370753532,53.9,53.35546875,-1.0,0,0
2026-07-28T23:36:21.155,10.42.0.59,10.42.0.1,14,1,DOWNLOAD,0.95,DOWNLOAD,0.95,-1,10564,1.5483711135645304e-11,4,64584.0,0.0,4,0,1.0,0.0,1.051589187181465,0,0,0,0,0,0,0,0,0.0225,0.0,0.0,0.0,0.15,skip,training_upload_trigger_not_confirmed,1785296181.1550841,1785296181155083953,1384849371782517,53.9,53.35546875,-1.0,0,0
2026-07-28T23:36:21.159,10.42.0.210,10.42.0.1,44,1,DOWNLOAD,0.9846998846180315,DOWNLOAD,0.9846998846180315,-1,10136,3.8367096376674066e-11,4,26064.0,0.0,4,0,1.0,0.0,0.25818937682779,0,0,0,0,0,0,0,0,0.0225,0.0,0.0,0.0,0.15,skip,training_upload_trigger_not_confirmed,1785296181.1597812,1785296181159781176,1384849376479289,53.9,53.35546875,-1.0,0,0
2026-07-28T23:36:21.160,10.42.0.210,10.42.0.1,44,1,DOWNLOAD,0.9854895428954357,DOWNLOAD,0.9854895428954357,0,43,3.8367096376674066e-11,4,26064.0,0.0,4,0,1.0,0.0,0.6131564080072391,0,0,0,0,0,0,0,0,0.0225,0.0,0.0,0.0,0.15,skip,training_upload_trigger_not_confirmed,1785296181.1605291,1785296181160529245,1384849377227651,53.9,53.35546875,-1.0,0,0
2026-07-28T23:36:21.162,10.42.0.210,10.42.0.1,44,1,DOWNLOAD,0.9855083405864443,DOWNLOAD,0.9855083405864443,-1,14480,2.4664561956771294e-11,5,40544.0,0.0,5,0,1.0,0.0,0.5327677634360641,0,0,0,0,0,0,0,0,0.0225,0.0,0.0,0.0,0.15,skip,training_upload_trigger_not_confirmed,1785296181.1628904,1785296181162890543,1384849379589676,53.9,53.35546875,-1.0,0,0
2026-07-28T23:36:21.164,10.42.0.210,10.42.0.1,44,1,DOWNLOAD,0.9855087208476458,DOWNLOAD,0.9855087208476458,-1,5792,2.158149171224142e-11,6,46336.0,0.0,6,0,1.0,0.0,0.46273414528920387,0,0,0,0,0,0,0,0,0.0225,0.0,0.0,0.0,0.15,skip,training_upload_trigger_not_confirmed,1785296181.1641924,1785296181164192616,1384849380894744,53.9,53.35546875,-1.0,0,0
2026-07-28T23:36:21.165,10.42.0.210,10.42.0.1,44,1,DOWNLOAD,0.9855087261970161,DOWNLOAD,0.9855087261970161,-1,14480,1.6443041304649383e-11,7,60816.0,0.0,7,0,1.0,0.0,0.401926687989871,0,0,0,0,0,0,0,0,0.0225,0.0,0.0,0.0,0.15,skip,training_upload_trigger_not_confirmed,1785296181.1654756,1785296181165475506,1384849382174203,53.9,53.35546875,-1.0,0,0
2026-07-28T23:36:21.167,10.42.0.210,10.42.0.1,44,1,DOWNLOAD,0.9855087261721334,DOWNLOAD,0.9855087261721334,-1,5792,1.5013211626005687e-11,8,66608.0,0.0,8,0,1.0,0.0,0.34928387892814,0,0,0,0,0,0,0,0,0.0225,0.0,0.0,0.0,0.15,skip,training_upload_trigger_not_confirmed,1785296181.1679106,1785296181167910635,1384849384609912,53.9,53.35546875,-1.0,0,0
2026-07-28T23:36:21.168,10.42.0.210,10.42.0.1,44,1,DOWNLOAD,0.9855087261660103,DOWNLOAD,0.9855087261660103,-1,12576,1.2628813901638856e-11,9,79184.0,0.0,9,0,1.0,0.0,0.3033935017790262,0,0,0,0,0,0,0,0,0.0225,0.0,0.0,0.0,0.15,skip,training_upload_trigger_not_confirmed,1785296181.168945,1785296181168945263,1384849385643589,53.9,53.35546875,-1.0,0,0
2026-07-28T23:36:21.448,10.42.0.59,10.42.0.1,14,2,TRAINING,0.95,TRAINING,0.95,1,64240,0.994673603369338,5,64584.0,64240.0,4,1,0.5013351549400733,0.4986648450599267,0.952845715959415,0,0,0,0,1,0,0,0,0.4525,1.0,0.0,0.4,0.15,skip,training_upload_trigger_not_confirmed,1785296181.4485788,1785296181448578765,1384849665277733,53.9,53.35546875,-1.0,0,0
2026-07-28T23:36:21.450,10.42.0.59,10.42.0.1,14,3,UPLOAD,0.95,UPLOAD,0.95,1,6528,1.0957512696628304,6,64584.0,70768.0,4,2,0.47715586027543,0.52284413972457,0.8275269553457052,0,0,0,1,1,1,1,1,0.85,1.0,1.0,0.4,0.8,trigger,training_upload_trigger_confirmed,1785296181.4504151,1785296181450415125,1384849667115092,53.9,53.35546875,19.267099,1785296181469684786,1384849686382191
2026-07-28T23:36:21.452,10.42.0.1,10.42.0.1,44,2,TRAINING,0.95,TRAINING,0.95,1,7240,0.29656567866367517,35,292576.0,86768.0,26,9,0.7712682947403939,0.22873170525960607,0.048253360117818354,0,0,0,0,1,0,0,0,0.4525,1.0,0.0,0.4,0.15,skip,training_upload_trigger_not_confirmed,1785296181.4524138,1785296181452413637,1384849669113760,53.9,53.35546875,-1.0,0,0
2026-07-28T23:36:21.453,10.42.0.1,10.42.0.1,44,3,UPLOAD,0.95,UPLOAD,0.95,1,7240,0.3213113857619172,36,292576.0,94008.0,26,10,0.7568238726900234,0.24317612730997662,0.04208939910217069,1,0,0,1,1,1,1,1,0.85,1.0,1.0,0.4,0.8,trigger,training_upload_trigger_confirmed,1785296181.4538906,1785296181453890495,1384849670589851,53.9,53.35546875,29.236097,1785296181483128566,1384849699825948
2026-07-28T23:36:21.457,10.42.0.1,10.42.0.1,44,3,UPLOAD,0.95,UPLOAD,0.95,1,14480,0.3708027999584012,37,292576.0,108488.0,26,11,0.7294995312468833,0.27050046875311673,0.036973855984251194,1,0,1,1,1,1,1,1,0.9699999999999999,1.0,1.0,1.0,0.8,skip,attack_already_active,1785296181.4571595,1785296181457159435,1384849673859513,53.9,53.35546875,-1.0,0,0
2026-07-28T23:36:21.458,10.42.0.1,10.42.0.1,44,3,UPLOAD,0.95,UPLOAD,0.95,1,14480,0.4202942141548852,38,292576.0,122968.0,26,12,0.7040794717286256,0.2959205282713744,0.032275792853463395,1,0,1,1,1,1,1,1,0.9699999999999999,1.0,1.0,1.0,0.8,skip,attack_already_active,1785296181.458481,1785296181458481141,1384849675181401,53.9,53.35546875,-1.0,0,0
2026-07-28T23:36:21.460,10.42.0.1,10.42.0.1,44,3,UPLOAD,0.9169478705795949,UPLOAD,0.9169478705795949,0,43,0.4202942141548852,38,292576.0,122968.0,26,12,0.7040794717286256,0.2959205282713744,0.06592757620086927,1,0,1,1,1,1,1,1,0.8025,0.7500000000000001,1.0,0.6000000000000001,0.8,skip,attack_already_active,1785296181.4601042,1785296181460104312,1384849676807935,53.9,53.35546875,-1.0,0,0
2026-07-28T23:36:21.463,10.42.0.1,10.42.0.1,44,3,UPLOAD,0.95,UPLOAD,0.95,1,14480,0.4697856283513693,39,292576.0,137448.0,26,13,0.6803713281119194,0.31962867188808064,0.057962575528100066,1,0,1,1,1,1,1,1,0.9699999999999999,1.0,1.0,1.0,0.8,skip,attack_already_active,1785296181.4639645,1785296181463964339,1384849680663492,53.9,53.35546875,-1.0,0,0
2026-07-28T23:36:21.465,10.42.0.1,10.42.0.1,44,3,UPLOAD,0.95,UPLOAD,0.95,1,14480,0.5192770425478533,40,292576.0,151928.0,26,14,0.6582078001547793,0.34179219984522075,0.05056455465286348,1,0,1,1,1,1,1,1,0.9699999999999999,1.0,1.0,1.0,0.8,skip,attack_already_active,1785296181.4657855,1785296181465785566,1384849682484365,53.9,53.35546875,-1.0,0,0
2026-07-28T23:36:21.467,10.42.0.1,10.42.0.1,44,3,UPLOAD,0.95,UPLOAD,0.95,1,7128,0.5436399431274485,41,292576.0,159056.0,26,15,0.6478194636341091,0.3521805363658908,0.04414586533092926,1,0,1,1,1,1,1,1,0.9699999999999999,1.0,1.0,1.0,0.8,skip,attack_already_active,1785296181.4676404,1785296181467640268,1384849684339123,53.9,53.35546875,-1.0,0,0
2026-07-28T23:36:21.483,10.42.0.1,10.42.0.1,44,3,UPLOAD,0.95,UPLOAD,0.95,1,1336,0.54820627802845,42,292576.0,160392.0,26,16,0.6459087617668356,0.35409123823316435,0.04038396185968044,1,0,1,1,1,1,1,1,0.9699999999999999,1.0,1.0,1.0,0.8,skip,attack_already_active,1785296181.4832382,1785296181483238183,1384849699937971,53.9,53.35546875,-1.0,0,0
2026-07-28T23:36:21.509,10.42.0.145,10.42.0.1,19,2,TRAINING,0.95,TRAINING,0.95,1,64240,1.0999999999982877,4,58400.0,64240.0,3,1,0.47619047619047616,0.5238095238095238,1.0965045834649167,0,0,0,0,1,1,0,0,0.5725,1.0,0.0,1.0,0.15,skip,training_upload_trigger_not_confirmed,1785296181.5093973,1785296181509397263,1384849726096524,53.9,53.35546875,-1.0,0,0
2026-07-28T23:36:21.514,10.42.0.1,10.42.0.1,44,3,UPLOAD,0.8512996444245404,UPLOAD,0.8512996444245404,0,43,0.54820627802845,42,292576.0,160392.0,26,16,0.6459087617668356,0.35409123823316435,0.04227423822422248,1,0,1,1,1,1,1,1,0.8025,0.7500000000000001,1.0,0.6000000000000001,0.8,skip,attack_already_active,1785296181.514833,1785296181514833008,1384849731532616,53.9,53.35546875,-1.0,0,0
2026-07-28T23:36:21.516,10.42.0.1,10.42.0.1,44,3,UPLOAD,0.95,UPLOAD,0.95,1,14480,0.5976976922249341,43,292576.0,174872.0,26,17,0.6259006349369342,0.37409936506306585,0.04104502905261279,1,0,1,1,1,1,1,1,0.9699999999999999,1.0,1.0,1.0,0.8,skip,attack_already_active,1785296181.5161843,1785296181516184411,1384849732883388,53.9,53.35546875,-1.0,0,0
2026-07-28T23:36:21.517,10.42.0.1,10.42.0.1,44,3,UPLOAD,0.95,UPLOAD,0.95,1,14480,0.647189106421418,44,292576.0,189352.0,26,18,0.6070948357430985,0.3929051642569015,0.03584639943487981,1,0,1,1,1,1,1,1,0.9699999999999999,1.0,1.0,1.0,0.8,skip,attack_already_active,1785296181.5177784,1785296181517778363,1384849734477319,53.9,53.35546875,-1.0,0,0
2026-07-28T23:36:21.523,10.42.0.1,10.42.0.1,44,3,UPLOAD,0.95,UPLOAD,0.95,1,14480,0.6966805206179021,45,292576.0,203832.0,26,19,0.5893861501023352,0.4106138498976648,0.03190141005562831,1,0,1,1,1,1,1,1,0.9699999999999999,1.0,1.0,1.0,0.8,skip,attack_already_active,1785296181.5236874,1785296181523687429,1384849740386579,53.9,53.35546875,-1.0,0,0
2026-07-28T23:36:21.525,10.42.0.1,10.42.0.1,44,3,UPLOAD,0.95,UPLOAD,0.95,1,14480,0.7461719348143862,46,292576.0,218312.0,26,20,0.5726812921814566,0.4273187078185434,0.027936265882284244,1,0,1,1,1,1,1,1,0.9699999999999999,1.0,1.0,1.0,0.8,skip,attack_already_active,1785296181.5254984,1785296181525498268,1384849742197122,53.9,53.35546875,-1.0,0,0
2026-07-28T23:36:21.527,10.42.0.1,10.42.0.1,44,3,UPLOAD,0.95,UPLOAD,0.95,1,7129,0.7705382533093263,47,292576.0,225441.0,26,21,0.5647999969112982,0.4352000030887017,0.024489322281068156,1,0,1,1,1,1,1,1,0.9699999999999999,1.0,1.0,1.0,0.8,skip,attack_already_active,1785296181.5272768,1785296181527276756,1384849743975607,53.9,53.35546875,-1.0,0,0
2026-07-28T23:36:21.553,10.42.0.18,10.42.0.1,34,2,TRAINING,0.95,TRAINING,0.95,1,29200,0.5000000000085616,7,58400.0,29200.0,6,1,0.6666666666666666,0.3333333333333333,0.69463962365379,0,0,0,0,1,1,0,0,0.5725,1.0,0.0,1.0,0.15,skip,already_attacked_this_round,1785296181.553105,1785296181553105141,1384849769805078,53.9,53.35546875,-1.0,0,0
2026-07-28T23:36:21.555,10.42.0.18,10.42.0.1,34,3,UPLOAD,0.95,UPLOAD,0.95,1,21900,0.8750000000021404,8,58400.0,51100.0,6,2,0.5333333333333333,0.4666666666666667,0.6033616366846202,0,0,0,1,1,1,1,1,0.9699999999999999,1.0,1.0,1.0,0.8,skip,already_attacked_this_round,1785296181.5550613,1785296181555061376,1384849771760338,53.9,53.35546875,-1.0,0,0
2026-07-28T23:36:21.556,10.42.0.18,10.42.0.1,34,3,UPLOAD,0.9841010226033655,UPLOAD,0.9841010226033655,1,28428,1.3617808219116132,9,58400.0,79528.0,6,3,0.4234093150049301,0.5765906849950699,0.5240985940355175,0,0,0,1,1,1,1,1,0.9699999999999999,1.0,1.0,1.0,0.8,skip,already_attacked_this_round,1785296181.5569177,1785296181556917659,1384849773616294,53.9,53.35546875,-1.0,0,0
2026-07-28T23:36:21.558,10.42.0.1,10.42.0.1,44,3,UPLOAD,0.95,UPLOAD,0.95,1,7240,0.7952839604075683,48,292576.0,232681.0,26,22,0.5570149469688171,0.44298505303118285,0.02494350400174267,1,0,1,1,1,1,1,1,0.9699999999999999,1.0,1.0,1.0,0.8,skip,attack_already_active,1785296181.5587044,1785296181558704422,1384849775403312,53.9,53.35546875,-1.0,0,0
2026-07-28T23:36:21.559,10.42.0.1,10.42.0.1,44,3,UPLOAD,0.95,UPLOAD,0.95,1,7240,0.8200296675058104,49,292576.0,239921.0,26,23,0.5494415930981771,0.4505584069018229,0.021816439158644882,1,0,1,1,1,1,1,1,0.9699999999999999,1.0,1.0,1.0,0.8,skip,attack_already_active,1785296181.5599174,1785296181559917500,1384849776616290,53.9,53.35546875,-1.0,0,0
2026-07-28T23:36:21.562,10.42.0.1,10.42.0.1,44,3,UPLOAD,0.6683425674550226,UPLOAD,0.6683425674550226,0,43,0.8200296675058104,49,292576.0,239921.0,26,23,0.5494415930981771,0.4505584069018229,0.025180504393312583,1,0,1,1,1,1,1,1,0.8200000000000001,0.8000000000000002,1.0,0.6000000000000001,0.8,skip,attack_already_active,1785296181.5621784,1785296181562178253,1384849778877126,53.9,53.35546875,-1.0,0,0
2026-07-28T23:36:21.563,10.42.0.1,10.42.0.1,44,3,UPLOAD,0.95,UPLOAD,0.95,1,10136,0.8546736574433492,50,292576.0,250057.0,26,24,0.5391784134027972,0.4608215865972029,0.02232554473445968,1,0,1,1,1,1,1,1,0.9699999999999999,1.0,1.0,1.0,0.8,skip,attack_already_active,1785296181.5634325,1785296181563432390,1384849780130985,53.9,53.35546875,-1.0,0,0
2026-07-28T23:36:21.564,10.42.0.1,10.42.0.1,44,3,UPLOAD,0.95,UPLOAD,0.95,1,4344,0.8695210817022944,51,292576.0,254401.0,26,25,0.5348963484753472,0.4651036515246528,0.01953962715035918,1,0,1,1,1,1,1,1,0.9699999999999999,1.0,1.0,1.0,0.8,skip,attack_already_active,1785296181.5646164,1785296181564616566,1384849781315002,53.9,53.35546875,-1.0,0,0
2026-07-28T23:36:21.565,10.42.0.1,10.42.0.1,44,3,UPLOAD,0.95,UPLOAD,0.95,1,14480,0.9190124958987784,52,292576.0,268881.0,26,26,0.5211013488121085,0.4788986511878915,0.017124780978672385,1,0,1,1,1,1,1,1,0.9699999999999999,1.0,1.0,1.0,0.8,skip,attack_already_active,1785296181.5658305,1785296181565830467,1384849782529271,53.9,53.35546875,-1.0,0,0
2026-07-28T23:36:21.569,10.42.0.1,10.42.0.1,44,3,UPLOAD,0.95,UPLOAD,0.95,1,18824,0.9833513343542076,53,292576.0,287705.0,26,27,0.5041971045062651,0.4958028954937349,0.01533123432355691,1,0,1,1,1,1,1,1,0.9699999999999999,1.0,1.0,1.0,0.8,skip,attack_already_active,1785296181.5693445,1785296181569344411,1384849786043461,53.9,53.35546875,-1.0,0,0
2026-07-28T23:36:21.570,10.42.0.1,10.42.0.1,44,3,UPLOAD,0.95,UPLOAD,0.95,1,1448,0.988300475773856,54,292576.0,289153.0,26,28,0.5029420915924769,0.49705790840752306,0.013528817882197421,1,0,1,1,1,1,1,1,0.9699999999999999,1.0,1.0,1.0,0.8,skip,attack_already_active,1785296181.5709977,1785296181570997820,1384849787696424,53.9,53.35546875,-1.0,0,0
2026-07-28T23:36:21.572,10.42.0.1,10.42.0.1,44,3,UPLOAD,0.95,UPLOAD,0.95,1,8688,1.0179953242917463,55,292576.0,297841.0,26,29,0.4955412869209389,0.5044587130790611,0.011974690106124375,1,0,1,1,1,1,1,1,0.9699999999999999,1.0,1.0,1.0,0.8,skip,attack_already_active,1785296181.5727327,1785296181572732601,1384849789431213,53.9,53.35546875,-1.0,0,0
2026-07-28T23:36:21.574,10.42.0.1,10.42.0.1,44,3,UPLOAD,0.95,UPLOAD,0.95,1,7128,1.0423582248713417,56,292576.0,304969.0,26,30,0.48963006970186346,0.5103699302981365,0.010688254490354989,1,0,1,1,1,1,1,1,0.9699999999999999,1.0,1.0,1.0,0.8,skip,attack_already_active,1785296181.574945,1785296181574945066,1384849791643712,53.9,53.35546875,-1.0,0,0
2026-07-28T23:36:21.918,10.42.0.47,10.42.0.1|10.42.0.47,44,3,UPLOAD,0.95,UPLOAD,0.95,1,5792,0.07692307693533625,10,75296.0,5792.0,9,1,0.9285714285714286,0.07142857142857142,0.16013766661903603,1,0,0,1,1,1,1,1,0.9699999999999999,1.0,1.0,1.0,0.8,trigger,training_upload_trigger_confirmed,1785296181.9184866,1785296181918486600,1384850135185445,65.7,53.35546875,12.056839,1785296181930544932,1384850147242284
2026-07-28T23:36:21.920,10.42.0.47,10.42.0.1|10.42.0.47,44,3,UPLOAD,0.95,UPLOAD,0.95,1,1448,0.09615384616585007,11,75296.0,7240.0,9,2,0.9122807017543859,0.08771929824561403,0.1392446311725829,1,0,1,1,1,1,1,1,0.9699999999999999,1.0,1.0,1.0,0.8,skip,attack_already_active,1785296181.9200728,1785296181920072733,1384850136772218,65.7,53.35546875,-1.0,0,0
2026-07-28T23:36:21.921,10.42.0.47,10.42.0.1|10.42.0.47,44,3,UPLOAD,0.9827856166486795,UPLOAD,0.9827856166486795,1,4344,0.15384615385739156,12,75296.0,11584.0,9,3,0.8666666666666667,0.13333333333333333,0.12106034005444935,1,0,1,1,1,1,1,1,0.9699999999999999,1.0,1.0,1.0,0.8,skip,attack_already_active,1785296181.9213219,1785296181921322036,1384850138020748,65.7,53.35546875,-1.0,0,0
2026-07-28T23:36:21.923,10.42.0.47,10.42.0.1|10.42.0.47,44,3,UPLOAD,0.9842283506312849,UPLOAD,0.9842283506312849,1,2896,0.19230769231841924,13,75296.0,14480.0,9,4,0.8387096774193549,0.16129032258064516,0.10533334982293675,1,0,1,1,1,1,1,1,0.9699999999999999,1.0,1.0,1.0,0.8,skip,attack_already_active,1785296181.9230344,1785296181923034345,1384850139733172,65.7,53.35546875,-1.0,0,0
2026-07-28T23:36:21.924,10.42.0.47,10.42.0.1|10.42.0.47,44,3,UPLOAD,0.9842590008488418,UPLOAD,0.9842590008488418,1,5792,0.26923076924047457,14,75296.0,20272.0,9,5,0.7878787878787878,0.21212121212121213,0.09169916532037417,1,0,1,1,1,1,1,1,0.9699999999999999,1.0,1.0,1.0,0.8,skip,attack_already_active,1785296181.9249017,1785296181924901723,1384850141601075,65.7,53.35546875,-1.0,0,0
2026-07-28T23:36:21.927,10.42.0.47,10.42.0.1|10.42.0.47,44,3,UPLOAD,0.9842595632245429,UPLOAD,0.9842595632245429,1,4344,0.32692307693201605,15,75296.0,24616.0,9,6,0.7536231884057971,0.2463768115942029,0.07989991614807145,1,0,1,1,1,1,1,1,0.9699999999999999,1.0,1.0,1.0,0.8,skip,attack_already_active,1785296181.9270597,1785296181927059822,1384850143759004,65.7,53.35546875,-1.0,0,0
2026-07-28T23:36:21.928,10.42.0.47,10.42.0.1|10.42.0.47,44,3,UPLOAD,0.9842595702371604,UPLOAD,0.9842595702371604,1,1448,0.34615384616252987,16,75296.0,26064.0,9,7,0.7428571428571429,0.2571428571428571,0.06952446445174505,1,0,1,1,1,1,1,1,0.9699999999999999,1.0,1.0,1.0,0.8,skip,attack_already_active,1785296181.9282231,1785296181928223316,1384850144921842,65.7,53.35546875,-1.0,0,0
2026-07-28T23:36:21.929,10.42.0.47,10.42.0.1|10.42.0.47,44,3,UPLOAD,0.984259570181381,UPLOAD,0.984259570181381,1,5792,0.42307692308458517,17,75296.0,31856.0,9,8,0.7027027027027027,0.2972972972972973,0.06056832257564295,1,0,1,1,1,1,1,1,0.9699999999999999,1.0,1.0,1.0,0.8,skip,attack_already_active,1785296181.929782,1785296181929782115,1384850146480814,65.7,53.35546875,-1.0,0,0
2026-07-28T23:36:21.931,10.42.0.47,10.42.0.1|10.42.0.47,44,3,UPLOAD,0.9842595701726963,UPLOAD,0.9842595701726963,1,5792,0.5000000000066405,18,75296.0,37648.0,9,9,0.6666666666666666,0.3333333333333333,0.05279676998507581,1,0,1,1,1,1,1,1,0.9699999999999999,1.0,1.0,1.0,0.8,skip,attack_already_active,1785296181.931374,1785296181931374009,1384850148072463,65.7,53.35546875,-1.0,0,0
2026-07-28T23:36:21.932,10.42.0.47,10.42.0.1|10.42.0.47,44,3,UPLOAD,0.9842595701722561,UPLOAD,0.9842595701722561,1,1448,0.5192307692371544,19,75296.0,39096.0,9,10,0.6582278481012658,0.34177215189873417,0.046045099666249624,1,0,1,1,1,1,1,1,0.9699999999999999,1.0,1.0,1.0,0.8,skip,attack_already_active,1785296181.9329343,1785296181932934316,1384850149633096,65.7,53.35546875,-1.0,0,0
2026-07-28T23:36:21.934,10.42.0.47,10.42.0.1|10.42.0.47,44,3,UPLOAD,0.9842595701722385,UPLOAD,0.9842595701722385,1,4344,0.5769230769286958,20,75296.0,43440.0,9,11,0.6341463414634146,0.36585365853658536,0.040129497476007005,1,0,1,1,1,1,1,1,0.9699999999999999,1.0,1.0,1.0,0.8,skip,attack_already_active,1785296181.9340875,1785296181934087341,1384850150786114,65.7,53.35546875,-1.0,0,0
2026-07-28T23:36:21.935,10.42.0.47,10.42.0.1|10.42.0.47,44,3,UPLOAD,0.9842595701722379,UPLOAD,0.9842595701722379,1,5792,0.6538461538507512,21,75296.0,49232.0,9,12,0.6046511627906976,0.3953488372093023,0.035053742186633825,1,0,1,1,1,1,1,1,0.9699999999999999,1.0,1.0,1.0,0.8,skip,attack_already_active,1785296181.9356985,1785296181935698307,1384850152396771,65.7,53.35546875,-1.0,0,0
2026-07-28T23:36:21.937,10.42.0.47,10.42.0.1|10.42.0.47,44,3,UPLOAD,0.9842595701722379,UPLOAD,0.9842595701722379,1,5792,0.7307692307728064,22,75296.0,55024.0,9,13,0.5777777777777777,0.4222222222222222,0.030649795097484896,1,0,1,1,1,1,1,1,0.9699999999999999,1.0,1.0,1.0,0.8,skip,attack_already_active,1785296181.937332,1785296181937332026,1384850154030683,65.7,53.35546875,-1.0,0,0
2026-07-28T23:36:21.938,10.42.0.47,10.42.0.1|10.42.0.47,44,3,UPLOAD,0.9842595701722379,UPLOAD,0.9842595701722379,1,5792,0.8076923076948618,23,75296.0,60816.0,9,14,0.5531914893617021,0.44680851063829785,0.02682055206736894,1,0,1,1,1,1,1,1,0.9699999999999999,1.0,1.0,1.0,0.8,skip,attack_already_active,1785296181.9389226,1785296181938922668,1384850155621181,65.7,53.35546875,-1.0,0,0
2026-07-28T23:36:21.940,10.42.0.47,10.42.0.1|10.42.0.47,44,3,UPLOAD,0.9842595701722379,UPLOAD,0.9842595701722379,1,5792,0.884615384616917,24,75296.0,66608.0,9,15,0.5306122448979592,0.46938775510204084,0.02349832464948904,1,0,1,1,1,1,1,1,0.9699999999999999,1.0,1.0,1.0,0.8,skip,attack_already_active,1785296181.9405317,1785296181940531679,1384850157230234,65.7,53.35546875,-1.0,0,0
2026-07-28T23:36:21.941,10.42.0.47,10.42.0.1|10.42.0.47,44,3,UPLOAD,0.9842595701722379,UPLOAD,0.9842595701722379,1,5792,0.9615384615389724,25,75296.0,72400.0,9,16,0.5098039215686274,0.49019607843137253,0.02057241090906633,1,0,1,1,1,1,1,1,0.9699999999999999,1.0,1.0,1.0,0.8,skip,attack_already_active,1785296181.941826,1785296181941825953,1384850158524182,65.7,53.35546875,-1.0,0,0
2026-07-28T23:36:21.942,10.42.0.47,10.42.0.1|10.42.0.47,44,3,UPLOAD,0.9842595701722379,UPLOAD,0.9842595701722379,1,5792,1.0384615384610276,26,75296.0,78192.0,9,17,0.49056603773584906,0.5094339622641509,0.01800287105709022,1,0,1,1,1,1,1,1,0.9699999999999999,1.0,1.0,1.0,0.8,skip,attack_already_active,1785296181.942899,1785296181942899001,1384850159597755,65.7,53.35546875,-1.0,0,0
2026-07-28T23:36:21.944,10.42.0.47,10.42.0.1|10.42.0.47,44,3,UPLOAD,0.9842595701722379,UPLOAD,0.9842595701722379,1,1336,1.0562048448781316,27,75296.0,79528.0,9,18,0.4863328682891541,0.5136671317108459,0.015777806023197886,1,0,1,1,1,1,1,1,0.9699999999999999,1.0,1.0,1.0,0.8,skip,attack_already_active,1785296181.9440165,1785296181944016284,1384850160714730,65.7,53.35546875,-1.0,0,0
2026-07-28T23:36:21.944,10.42.0.1,10.42.0.1|10.42.0.47,44,3,UPLOAD,0.95,UPLOAD,0.95,1,7240,0.7952839604075683,49,292576.0,232681.0,26,23,0.5570149469688171,0.44298505303118285,0.0523999005153573,1,0,1,1,1,1,1,1,0.9699999999999999,1.0,1.0,1.0,0.8,skip,attack_already_active,1785296181.9447727,1785296181944772590,1384850161470819,65.7,53.35546875,-1.0,0,0
2026-07-28T23:36:21.945,10.42.0.1,10.42.0.1|10.42.0.47,44,3,UPLOAD,0.95,UPLOAD,0.95,1,7240,0.8200296675058104,50,292576.0,239921.0,26,24,0.5494415930981771,0.4505584069018229,0.04559996010144703,1,0,1,1,1,1,1,1,0.9699999999999999,1.0,1.0,1.0,0.8,skip,attack_already_active,1785296181.9455698,1785296181945569844,1384850162268696,65.7,53.35546875,-1.0,0,0
2026-07-28T23:36:21.946,10.42.0.1,10.42.0.1|10.42.0.47,44,3,UPLOAD,0.95,UPLOAD,0.95,1,14480,0.8695210817022944,51,292576.0,254401.0,26,25,0.5348963484753472,0.4651036515246528,0.03976340588645763,1,0,1,1,1,1,1,1,0.9699999999999999,1.0,1.0,1.0,0.8,skip,attack_already_active,1785296181.9468777,1785296181946877667,1384850163576030,65.7,53.35546875,-1.0,0,0
2026-07-28T23:36:21.947,10.42.0.1,10.42.0.1|10.42.0.47,44,3,UPLOAD,0.95,UPLOAD,0.95,1,14480,0.9190124958987784,52,292576.0,268881.0,26,26,0.5211013488121085,0.4788986511878915,0.03461873633290049,1,0,1,1,1,1,1,1,0.9699999999999999,1.0,1.0,1.0,0.8,skip,attack_already_active,1785296181.9475996,1785296181947599545,1384850164297809,65.7,53.35546875,-1.0,0,0
2026-07-28T23:36:21.949,10.42.0.1,10.42.0.1|10.42.0.47,44,3,UPLOAD,0.95,UPLOAD,0.95,1,11584,0.9586056272559657,53,292576.0,280465.0,26,27,0.5105673067023128,0.48943269329768724,0.03026491730575802,1,0,1,1,1,1,1,1,0.9699999999999999,1.0,1.0,1.0,0.8,skip,attack_already_active,1785296181.9491785,1785296181949178494,1384850165876704,65.7,53.35546875,-1.0,0,0
2026-07-28T23:36:21.949,10.42.0.1,10.42.0.1|10.42.0.47,44,3,UPLOAD,0.95,UPLOAD,0.95,1,10136,0.9932496171935045,54,292576.0,290601.0,26,28,0.5016933109501918,0.4983066890498082,0.026371057767203974,1,0,1,1,1,1,1,1,0.9699999999999999,1.0,1.0,1.0,0.8,skip,attack_already_active,1785296181.949894,1785296181949893919,1384850166591970,65.7,53.35546875,-1.0,0,0
2026-07-28T23:36:21.951,10.42.0.1,10.42.0.1|10.42.0.47,44,3,UPLOAD,0.95,UPLOAD,0.95,1,8688,1.0229444657113949,55,292576.0,299289.0,26,29,0.4943289432556411,0.505671056744359,0.02312615869135883,1,0,1,1,1,1,1,1,0.9699999999999999,1.0,1.0,1.0,0.8,skip,attack_already_active,1785296181.9516404,1785296181951640309,1384850168339661,65.7,53.35546875,-1.0,0,0
2026-07-28T23:36:21.953,10.42.0.1,10.42.0.1|10.42.0.47,44,3,UPLOAD,0.95,UPLOAD,0.95,1,5680,1.0423582248713417,56,292576.0,304969.0,26,30,0.48963006970186346,0.5103699302981365,0.020273038538466855,1,0,1,1,1,1,1,1,0.9699999999999999,1.0,1.0,1.0,0.8,skip,attack_already_active,1785296181.953115,1785296181953114835,1384850169813125,65.7,53.35546875,-1.0,0,0
2026-07-28T23:36:23.236,10.42.0.210,10.42.0.1|10.42.0.210|10.42.0.47,44,3,UPLOAD,0.95,UPLOAD,0.95,1,1448,100.0,1,0.0,1448.0,0,1,0.0,1.0,0.5369789092134243,1,0,0,1,1,1,1,1,0.9525,0.95,1.0,1.0,0.8,trigger,training_upload_trigger_confirmed,1785296183.2365377,1785296183236537520,1384851453236185,6.2,53.35546875,11.619624,1785296183248158447,1384851464855809
2026-07-28T23:36:23.237,10.42.0.210,10.42.0.1|10.42.0.210|10.42.0.47,44,3,UPLOAD,0.9841010226033655,UPLOAD,0.9841010226033655,1,1448,100.0,2,0.0,2896.0,0,2,0.0,1.0,0.4663465107644375,1,0,1,1,1,1,1,1,0.9699999999999999,1.0,1.0,1.0,0.8,skip,attack_already_active,1785296183.2375069,1785296183237506763,1384851454205334,6.2,53.35546875,-1.0,0,0
2026-07-28T23:36:23.239,10.42.0.210,10.42.0.1|10.42.0.210|10.42.0.47,44,3,UPLOAD,0.9854688349332961,UPLOAD,0.9854688349332961,1,1448,100.0,3,0.0,4344.0,0,3,0.0,1.0,0.4051268448286895,1,0,1,1,1,1,1,1,0.9699999999999999,1.0,1.0,1.0,0.8,skip,attack_already_active,1785296183.2392743,1785296183239274297,1384851455973385,6.2,53.35546875,-1.0,0,0
2026-07-28T23:36:23.240,10.42.0.210,10.42.0.1|10.42.0.210|10.42.0.47,44,3,UPLOAD,0.9855076450773014,UPLOAD,0.9855076450773014,1,1448,100.0,4,0.0,5792.0,0,4,0.0,1.0,0.35188869237862663,1,0,1,1,1,1,1,1,0.9699999999999999,1.0,1.0,1.0,0.8,skip,attack_already_active,1785296183.2403915,1785296183240391442,1384851457089944,6.2,53.35546875,-1.0,0,0
2026-07-28T23:36:23.241,10.42.0.210,10.42.0.1|10.42.0.210|10.42.0.47,44,3,UPLOAD,0.9855086980780915,UPLOAD,0.9855086980780915,1,1448,100.0,5,0.0,7240.0,0,5,0.0,1.0,0.3057268248487819,1,0,1,1,1,1,1,1,0.9699999999999999,1.0,1.0,1.0,0.8,skip,attack_already_active,1785296183.2419705,1785296183241970468,1384851458669059,6.2,53.35546875,-1.0,0,0
2026-07-28T23:36:23.243,10.42.0.210,10.42.0.1|10.42.0.210|10.42.0.47,44,3,UPLOAD,0.9855087254685951,UPLOAD,0.9855087254685951,1,1448,100.0,6,0.0,8688.0,0,6,0.0,1.0,0.2655880625884576,1,0,1,1,1,1,1,1,0.9699999999999999,1.0,1.0,1.0,0.8,skip,attack_already_active,1785296183.2430954,1785296183243095190,1384851459794750,6.2,53.35546875,-1.0,0,0
2026-07-28T23:36:23.244,10.42.0.210,10.42.0.1|10.42.0.210|10.42.0.47,44,3,UPLOAD,0.9855087261493067,UPLOAD,0.9855087261493067,1,1448,100.0,7,0.0,10136.0,0,7,0.0,1.0,0.23082958084700314,1,0,1,1,1,1,1,1,0.9699999999999999,1.0,1.0,1.0,0.8,skip,attack_already_active,1785296183.244911,1785296183244910973,1384851461610257,6.2,53.35546875,-1.0,0,0
2026-07-28T23:36:23.246,10.42.0.210,10.42.0.1|10.42.0.210|10.42.0.47,44,3,UPLOAD,0.9855087261653082,UPLOAD,0.9855087261653082,1,1448,100.0,8,0.0,11584.0,0,8,0.0,1.0,0.20055565050642532,1,0,1,1,1,1,1,1,0.9699999999999999,1.0,1.0,1.0,0.8,skip,attack_already_active,1785296183.246,1785296183246000219,1384851462698617,6.2,53.35546875,-1.0,0,0
2026-07-28T23:36:23.247,10.42.0.210,10.42.0.1|10.42.0.210|10.42.0.47,44,3,UPLOAD,0.985508726165656,UPLOAD,0.985508726165656,1,1448,100.0,9,0.0,13032.0,0,9,0.0,1.0,0.17431742345744594,1,0,1,1,1,1,1,1,0.9699999999999999,1.0,1.0,1.0,0.8,skip,attack_already_active,1785296183.247441,1785296183247441063,1384851464139649,6.2,53.35546875,-1.0,0,0
2026-07-28T23:36:23.248,10.42.0.210,10.42.0.1|10.42.0.210|10.42.0.47,44,3,UPLOAD,0.9855087261656625,UPLOAD,0.9855087261656625,1,1448,100.0,10,0.0,14480.0,0,10,0.0,1.0,0.15147831974146034,1,0,1,1,1,1,1,1,0.9699999999999999,1.0,1.0,1.0,0.8,skip,attack_already_active,1785296183.2484388,1785296183248438693,1384851465137089,6.2,53.35546875,-1.0,0,0
2026-07-28T23:36:23.249,10.42.0.210,10.42.0.1|10.42.0.210|10.42.0.47,44,3,UPLOAD,0.9855087261656628,UPLOAD,0.9855087261656628,1,1448,100.0,11,0.0,15928.0,0,11,0.0,1.0,0.13170789165066032,1,0,1,1,1,1,1,1,0.9699999999999999,1.0,1.0,1.0,0.8,skip,attack_already_active,1785296183.2498848,1785296183249884913,1384851466583350,6.2,53.35546875,-1.0,0,0
2026-07-28T23:36:23.250,10.42.0.210,10.42.0.1|10.42.0.210|10.42.0.47,44,3,UPLOAD,0.95,UPLOAD,0.95,1,1448,100.0,12,0.0,17376.0,0,12,0.0,1.0,0.11448690377188878,1,0,1,1,1,1,1,1,0.9699999999999999,1.0,1.0,1.0,0.8,skip,attack_already_active,1785296183.2509074,1785296183250907284,1384851467605707,6.2,53.35546875,-1.0,0,0
2026-07-28T23:36:23.252,10.42.0.210,10.42.0.1|10.42.0.210|10.42.0.47,44,3,UPLOAD,0.95,UPLOAD,0.95,1,1448,100.0,13,0.0,18824.0,0,13,0.0,1.0,0.09959275924914957,1,0,1,1,1,1,1,1,0.9699999999999999,1.0,1.0,1.0,0.8,skip,attack_already_active,1785296183.2523668,1785296183252366781,1384851469065235,6.2,53.35546875,-1.0,0,0
2026-07-28T23:36:23.253,10.42.0.210,10.42.0.1|10.42.0.210|10.42.0.47,44,3,UPLOAD,0.95,UPLOAD,0.95,1,1448,100.0,14,0.0,20272.0,0,14,0.0,1.0,0.08660014428972629,1,0,1,1,1,1,1,1,0.9699999999999999,1.0,1.0,1.0,0.8,skip,attack_already_active,1785296183.2533622,1785296183253362132,1384851470060518,6.2,53.35546875,-1.0,0,0
2026-07-28T23:36:23.255,10.42.0.210,10.42.0.1|10.42.0.210|10.42.0.47,44,3,UPLOAD,0.95,UPLOAD,0.95,1,1448,100.0,15,0.0,21720.0,0,15,0.0,1.0,0.07544124133605562,1,0,1,1,1,1,1,1,0.9699999999999999,1.0,1.0,1.0,0.8,skip,attack_already_active,1785296183.2552805,1785296183255280395,1384851471978893,6.2,53.35546875,-1.0,0,0
2026-07-28T23:36:23.256,10.42.0.210,10.42.0.1|10.42.0.210|10.42.0.47,44,3,UPLOAD,0.95,UPLOAD,0.95,1,1448,100.0,16,0.0,23168.0,0,16,0.0,1.0,0.06563736906392117,1,0,1,1,1,1,1,1,0.9699999999999999,1.0,1.0,1.0,0.8,skip,attack_already_active,1785296183.2563229,1785296183256322719,1384851473021070,6.2,53.35546875,-1.0,0,0
2026-07-28T23:36:23.257,10.42.0.210,10.42.0.1|10.42.0.210|10.42.0.47,44,3,UPLOAD,0.95,UPLOAD,0.95,1,1448,100.0,17,0.0,24616.0,0,17,0.0,1.0,0.05717038668617432,1,0,1,1,1,1,1,1,0.9699999999999999,1.0,1.0,1.0,0.8,skip,attack_already_active,1785296183.2577066,1785296183257706821,1384851474405266,6.2,53.35546875,-1.0,0,0
2026-07-28T23:36:23.258,10.42.0.210,10.42.0.1|10.42.0.210|10.42.0.47,44,3,UPLOAD,0.95,UPLOAD,0.95,1,1448,100.0,18,0.0,26064.0,0,18,0.0,1.0,0.04975963170331914,1,0,1,1,1,1,1,1,0.9699999999999999,1.0,1.0,1.0,0.8,skip,attack_already_active,1785296183.2586389,1785296183258638755,1384851475337146,6.2,53.35546875,-1.0,0,0
2026-07-28T23:36:23.260,10.42.0.210,10.42.0.1|10.42.0.210|10.42.0.47,44,3,UPLOAD,0.95,UPLOAD,0.95,1,1448,100.0,19,0.0,27512.0,0,19,0.0,1.0,0.04339149598547084,1,0,1,1,1,1,1,1,0.9699999999999999,1.0,1.0,1.0,0.8,skip,attack_already_active,1785296183.2600725,1785296183260072397,1384851476770773,6.2,53.35546875,-1.0,0,0
2026-07-28T23:36:23.261,10.42.0.210,10.42.0.1|10.42.0.210|10.42.0.47,44,3,UPLOAD,0.95,UPLOAD,0.95,1,1448,100.0,20,0.0,28960.0,0,20,0.0,1.0,0.03781262700821221,1,0,1,1,1,1,1,1,0.9699999999999999,1.0,1.0,1.0,0.8,skip,attack_already_active,1785296183.2611275,1785296183261127309,1384851477826133,6.2,53.35546875,-1.0,0,0
2026-07-28T23:36:23.262,10.42.0.210,10.42.0.1|10.42.0.210|10.42.0.47,44,3,UPLOAD,0.95,UPLOAD,0.95,1,1448,100.0,21,0.0,30408.0,0,21,0.0,1.0,0.03304450098762147,1,0,1,1,1,1,1,1,0.9699999999999999,1.0,1.0,1.0,0.8,skip,attack_already_active,1785296183.262756,1785296183262756114,1384851479454981,6.2,53.35546875,-1.0,0,0
2026-07-28T23:36:23.263,10.42.0.210,10.42.0.1|10.42.0.210|10.42.0.47,44,3,UPLOAD,0.95,UPLOAD,0.95,1,1448,100.0,22,0.0,31856.0,0,22,0.0,1.0,0.028826117118999198,1,0,1,1,1,1,1,1,0.9699999999999999,1.0,1.0,1.0,0.8,skip,attack_already_active,1785296183.2637885,1785296183263788609,1384851480487003,6.2,53.35546875,-1.0,0,0
2026-07-28T23:36:23.265,10.42.0.210,10.42.0.1|10.42.0.210|10.42.0.47,44,3,UPLOAD,0.95,UPLOAD,0.95,1,1448,100.0,23,0.0,33304.0,0,23,0.0,1.0,0.02523731395566424,1,0,1,1,1,1,1,1,0.9699999999999999,1.0,1.0,1.0,0.8,skip,attack_already_active,1785296183.2653801,1785296183265380111,1384851482078663,6.2,53.35546875,-1.0,0,0
2026-07-28T23:36:23.266,10.42.0.210,10.42.0.1|10.42.0.210|10.42.0.47,44,3,UPLOAD,0.95,UPLOAD,0.95,1,1448,100.0,24,0.0,34752.0,0,24,0.0,1.0,0.022054284264559937,1,0,1,1,1,1,1,1,0.9699999999999999,1.0,1.0,1.0,0.8,skip,attack_already_active,1785296183.2664623,1785296183266462231,1384851483160619,6.2,53.35546875,-1.0,0,0
2026-07-28T23:36:23.267,10.42.0.210,10.42.0.1|10.42.0.210|10.42.0.47,44,3,UPLOAD,0.95,UPLOAD,0.95,1,1448,100.0,25,0.0,36200.0,0,25,0.0,1.0,0.019332764628012047,1,0,1,1,1,1,1,1,0.9699999999999999,1.0,1.0,1.0,0.8,skip,attack_already_active,1785296183.2678638,1785296183267863716,1384851484561975,6.2,53.35546875,-1.0,0,0
2026-07-28T23:36:23.268,10.42.0.210,10.42.0.1|10.42.0.210|10.42.0.47,44,3,UPLOAD,0.95,UPLOAD,0.95,1,1448,100.0,26,0.0,37648.0,0,26,0.0,1.0,0.016885453022778617,1,0,1,1,1,1,1,1,0.9699999999999999,1.0,1.0,1.0,0.8,skip,attack_already_active,1785296183.2686245,1785296183268624668,1384851485322747,6.2,53.35546875,-1.0,0,0
2026-07-28T23:36:23.269,10.42.0.210,10.42.0.1|10.42.0.210|10.42.0.47,44,3,UPLOAD,0.95,UPLOAD,0.95,1,1448,100.0,27,0.0,39096.0,0,27,0.0,1.0,0.014805970030246012,1,0,1,1,1,1,1,1,0.9699999999999999,1.0,1.0,1.0,0.8,skip,attack_already_active,1785296183.2697294,1785296183269729359,1384851486427732,6.2,53.35546875,-1.0,0,0
2026-07-28T23:36:23.270,10.42.0.210,10.42.0.1|10.42.0.210|10.42.0.47,44,3,UPLOAD,0.95,UPLOAD,0.95,1,1448,100.0,28,0.0,40544.0,0,28,0.0,1.0,0.012987817141836675,1,0,1,1,1,1,1,1,0.9699999999999999,1.0,1.0,1.0,0.8,skip,attack_already_active,1785296183.270738,1785296183270737978,1384851487436723,6.2,53.35546875,-1.0,0,0
2026-07-28T23:36:23.272,10.42.0.210,10.42.0.1|10.42.0.210|10.42.0.47,44,3,UPLOAD,0.95,UPLOAD,0.95,1,1448,100.0,29,0.0,41992.0,0,29,0.0,1.0,0.011466210278631367,1,0,1,1,1,1,1,1,0.9699999999999999,1.0,1.0,1.0,0.8,skip,attack_already_active,1785296183.2721786,1785296183272178732,1384851488877275,6.2,53.35546875,-1.0,0,0
2026-07-28T23:36:23.273,10.42.0.210,10.42.0.1|10.42.0.210|10.42.0.47,44,3,UPLOAD,0.95,UPLOAD,0.95,1,1448,100.0,30,0.0,43440.0,0,30,0.0,1.0,0.01008595323365647,1,0,1,1,1,1,1,1,0.9699999999999999,1.0,1.0,1.0,0.8,skip,attack_already_active,1785296183.2731705,1785296183273170527,1384851489868914,6.2,53.35546875,-1.0,0,0
2026-07-28T23:36:23.274,10.42.0.210,10.42.0.1|10.42.0.210|10.42.0.47,44,3,UPLOAD,0.95,UPLOAD,0.95,1,1448,100.0,31,0.0,44888.0,0,31,0.0,1.0,0.008950068198496136,1,0,1,1,1,1,1,1,0.9699999999999999,1.0,1.0,1.0,0.8,skip,attack_already_active,1785296183.2746365,1785296183274636629,1384851491335199,6.2,53.35546875,-1.0,0,0
2026-07-28T23:36:23.275,10.42.0.210,10.42.0.1|10.42.0.210|10.42.0.47,44,3,UPLOAD,0.95,UPLOAD,0.95,1,1448,100.0,32,0.0,46336.0,0,32,0.0,1.0,0.007903605080719456,1,0,1,1,1,1,1,1,0.9699999999999999,1.0,1.0,1.0,0.8,skip,attack_already_active,1785296183.2756453,1785296183275645242,1384851492344052,6.2,53.35546875,-1.0,0,0
2026-07-28T23:36:23.277,10.42.0.210,10.42.0.1|10.42.0.210|10.42.0.47,44,3,UPLOAD,0.95,UPLOAD,0.95,1,1448,100.0,33,0.0,47784.0,0,33,0.0,1.0,0.007057685542724326,1,0,1,1,1,1,1,1,0.9699999999999999,1.0,1.0,1.0,0.8,skip,attack_already_active,1785296183.2771294,1785296183277129410,1384851493827782,6.2,53.35546875,-1.0,0,0
2026-07-28T23:36:23.278,10.42.0.210,10.42.0.1|10.42.0.210|10.42.0.47,44,3,UPLOAD,0.95,UPLOAD,0.95,1,1448,100.0,34,0.0,49232.0,0,34,0.0,1.0,0.006287829100710844,1,0,1,1,1,1,1,1,0.9699999999999999,1.0,1.0,1.0,0.8,skip,attack_already_active,1785296183.2783449,1785296183278344873,1384851495048075,6.2,53.35546875,-1.0,0,0
2026-07-28T23:36:23.280,10.42.0.210,10.42.0.1|10.42.0.210|10.42.0.47,44,3,UPLOAD,0.95,UPLOAD,0.95,1,1448,100.0,35,0.0,50680.0,0,35,0.0,1.0,0.005693031241799077,1,0,1,1,1,1,1,1,0.9699999999999999,1.0,1.0,1.0,0.8,skip,attack_already_active,1785296183.280119,1785296183280118993,1384851496817852,6.2,53.35546875,-1.0,0,0
2026-07-28T23:36:23.281,10.42.0.210,10.42.0.1|10.42.0.210|10.42.0.47,44,3,UPLOAD,0.95,UPLOAD,0.95,1,1448,100.0,36,0.0,52128.0,0,36,0.0,1.0,0.005084307993810636,1,0,1,1,1,1,1,1,0.9699999999999999,1.0,1.0,1.0,0.8,skip,attack_already_active,1785296183.2811925,1785296183281192550,1384851497891278,6.2,53.35546875,-1.0,0,0
2026-07-28T23:36:23.283,10.42.0.210,10.42.0.1|10.42.0.210|10.42.0.47,44,3,UPLOAD,0.95,UPLOAD,0.95,1,1448,100.0,37,0.0,53576.0,0,37,0.0,1.0,0.004675153941101662,1,0,1,1,1,1,1,1,0.9699999999999999,1.0,1.0,1.0,0.8,skip,attack_already_active,1785296183.283172,1785296183283171769,1384851499870340,6.2,53.35546875,-1.0,0,0
2026-07-28T23:36:23.285,10.42.0.210,10.42.0.1|10.42.0.210|10.42.0.47,44,3,UPLOAD,0.95,UPLOAD,0.95,1,1448,100.0,38,0.0,55024.0,0,38,0.0,1.0,0.004316428605881967,1,0,1,1,1,1,1,1,0.9699999999999999,1.0,1.0,1.0,0.8,skip,attack_already_active,1785296183.2851248,1785296183285124841,1384851501823439,6.2,53.35546875,-1.0,0,0
2026-07-28T23:36:23.286,10.42.0.210,10.42.0.1|10.42.0.210|10.42.0.47,44,3,UPLOAD,0.95,UPLOAD,0.95,1,1448,100.0,39,0.0,56472.0,0,39,0.0,1.0,0.003957659383846535,1,0,1,1,1,1,1,1,0.9699999999999999,1.0,1.0,1.0,0.8,skip,attack_already_active,1785296183.2867186,1785296183286718643,1384851503417324,6.2,53.35546875,-1.0,0,0
2026-07-28T23:36:23.287,10.42.0.210,10.42.0.1|10.42.0.210|10.42.0.47,44,3,UPLOAD,0.95,UPLOAD,0.95,1,1448,100.0,40,0.0,57920.0,0,40,0.0,1.0,0.003573089723236835,1,0,1,1,1,1,1,1,0.9699999999999999,1.0,1.0,1.0,0.8,skip,attack_already_active,1785296183.2877579,1785296183287757723,1384851504456177,6.2,53.35546875,-1.0,0,0
2026-07-28T23:36:23.289,10.42.0.210,10.42.0.1|10.42.0.210|10.42.0.47,44,3,UPLOAD,0.95,UPLOAD,0.95,1,1448,100.0,41,0.0,59368.0,0,41,0.0,1.0,0.0033004920319872925,1,0,1,1,1,1,1,1,0.9699999999999999,1.0,1.0,1.0,0.8,skip,attack_already_active,1785296183.2892623,1785296183289262424,1384851505960865,6.2,53.35546875,-1.0,0,0
2026-07-28T23:36:23.290,10.42.0.210,10.42.0.1|10.42.0.210|10.42.0.47,44,3,UPLOAD,0.95,UPLOAD,0.95,1,1448,100.0,42,0.0,60816.0,0,42,0.0,1.0,0.0029948858020421056,1,0,1,1,1,1,1,1,0.9699999999999999,1.0,1.0,1.0,0.8,skip,attack_already_active,1785296183.2902436,1785296183290243684,1384851506942035,6.2,53.35546875,-1.0,0,0
2026-07-28T23:36:23.291,10.42.0.210,10.42.0.1|10.42.0.210|10.42.0.47,44,3,UPLOAD,0.95,UPLOAD,0.95,1,1448,100.0,43,0.0,62264.0,0,43,0.0,1.0,0.002795087537344992,1,0,1,1,1,1,1,1,0.9699999999999999,1.0,1.0,1.0,0.8,skip,attack_already_active,1785296183.2917223,1785296183291722214,1384851508420518,6.2,53.35546875,-1.0,0,0
2026-07-28T23:36:23.292,10.42.0.210,10.42.0.1|10.42.0.210|10.42.0.47,44,3,UPLOAD,0.95,UPLOAD,0.95,1,1448,100.0,44,0.0,63712.0,0,44,0.0,1.0,0.002561987202746866,1,0,1,1,1,1,1,1,0.9699999999999999,1.0,1.0,1.0,0.8,skip,attack_already_active,1785296183.2927485,1785296183292748648,1384851509447066,6.2,53.35546875,-1.0,0,0
2026-07-28T23:36:23.294,10.42.0.210,10.42.0.1|10.42.0.210|10.42.0.47,44,3,UPLOAD,0.95,UPLOAD,0.95,1,1448,100.0,45,0.0,65160.0,0,45,0.0,1.0,0.0024115680554978817,1,0,1,1,1,1,1,1,0.9699999999999999,1.0,1.0,1.0,0.8,skip,attack_already_active,1785296183.294169,1785296183294168797,1384851510867085,6.2,53.35546875,-1.0,0,0
2026-07-28T23:36:23.295,10.42.0.210,10.42.0.1|10.42.0.210|10.42.0.47,44,3,UPLOAD,0.95,UPLOAD,0.95,1,1448,100.0,46,0.0,66608.0,0,46,0.0,1.0,0.0022221882033804327,1,0,1,1,1,1,1,1,0.9699999999999999,1.0,1.0,1.0,0.8,skip,attack_already_active,1785296183.2951434,1785296183295143356,1384851511841920,6.2,53.35546875,-1.0,0,0
2026-07-28T23:36:23.296,10.42.0.210,10.42.0.1|10.42.0.210|10.42.0.47,44,3,UPLOAD,0.95,UPLOAD,0.95,1,1448,100.0,47,0.0,68056.0,0,47,0.0,1.0,0.002118525190108953,1,0,1,1,1,1,1,1,0.9699999999999999,1.0,1.0,1.0,0.8,skip,attack_already_active,1785296183.296579,1785296183296578876,1384851513277219,6.2,53.35546875,-1.0,0,0
2026-07-28T23:36:23.297,10.42.0.210,10.42.0.1|10.42.0.210|10.42.0.47,44,3,UPLOAD,0.95,UPLOAD,0.95,1,1448,100.0,48,0.0,69504.0,0,48,0.0,1.0,0.001948187814866967,1,0,1,1,1,1,1,1,0.9699999999999999,1.0,1.0,1.0,0.8,skip,attack_already_active,1785296183.2974048,1785296183297404718,1384851514102936,6.2,53.35546875,-1.0,0,0
2026-07-28T23:36:23.298,10.42.0.210,10.42.0.1|10.42.0.210|10.42.0.47,44,3,UPLOAD,0.95,UPLOAD,0.95,1,1448,100.0,49,0.0,70952.0,0,49,0.0,1.0,0.001812235199774039,1,0,1,1,1,1,1,1,0.9699999999999999,1.0,1.0,1.0,0.8,skip,attack_already_active,1785296183.2983212,1785296183298321147,1384851515019284,6.2,53.35546875,-1.0,0,0
2026-07-28T23:36:23.298,10.42.0.210,10.42.0.1|10.42.0.210|10.42.0.47,44,3,UPLOAD,0.9504376081606346,UPLOAD,0.9504376081606346,1,1448,100.0,50,0.0,72400.0,0,50,0.0,1.0,0.0016549572337841271,1,0,1,1,1,1,1,1,0.9699999999999999,1.0,1.0,1.0,0.8,skip,attack_already_active,1785296183.29894,1785296183298939860,1384851515637878,6.2,53.35546875,-1.0,0,0
2026-07-28T23:36:23.299,10.42.0.210,10.42.0.1|10.42.0.210|10.42.0.47,44,3,UPLOAD,0.9516619839680704,UPLOAD,0.9516619839680704,1,1448,100.0,51,0.0,73848.0,0,51,0.0,1.0,0.0015441982406164988,1,0,1,1,1,1,1,1,0.9699999999999999,1.0,1.0,1.0,0.8,skip,attack_already_active,1785296183.2997544,1785296183299754378,1384851516452460,6.2,53.35546875,-1.0,0,0
2026-07-28T23:36:23.300,10.42.0.210,10.42.0.1|10.42.0.210|10.42.0.47,44,3,UPLOAD,0.9638291915389383,UPLOAD,0.9638291915389383,1,1337,100.0,52,0.0,75185.0,0,52,0.0,1.0,0.0014758075086803964,1,0,1,1,1,1,1,1,0.9699999999999999,1.0,1.0,1.0,0.8,skip,attack_already_active,1785296183.3007796,1785296183300779633,1384851517477708,6.2,53.35546875,-1.0,0,0
2026-07-28T23:36:23.303,10.42.0.1,10.42.0.1|10.42.0.210|10.42.0.47,44,3,UPLOAD,0.9673176016872032,UPLOAD,0.9673176016872032,1,7240,100.0,1,0.0,7240.0,0,1,0.0,1.0,0.1955610873606283,1,0,1,1,1,1,1,1,0.9699999999999999,1.0,1.0,1.0,0.8,skip,attack_already_active,1785296183.3036005,1785296183303600591,1384851520298703,6.2,53.35546875,-1.0,0,0
2026-07-28T23:36:23.304,10.42.0.1,10.42.0.1|10.42.0.210|10.42.0.47,44,3,UPLOAD,0.9850085631020784,UPLOAD,0.9850085631020784,1,7240,100.0,2,0.0,14480.0,0,2,0.0,1.0,0.16993461259667408,1,0,1,1,1,1,1,1,0.9699999999999999,1.0,1.0,1.0,0.8,skip,attack_already_active,1785296183.3046894,1785296183304689479,1384851521387845,6.2,53.35546875,-1.0,0,0
2026-07-28T23:36:23.319,10.42.0.1,10.42.0.1|10.42.0.210|10.42.0.47,44,3,UPLOAD,0.985496459848483,UPLOAD,0.985496459848483,1,1448,100.0,3,0.0,15928.0,0,3,0.0,1.0,0.14954327129895498,1,0,1,1,1,1,1,1,0.9699999999999999,1.0,1.0,1.0,0.8,skip,attack_already_active,1785296183.3198798,1785296183319879633,1384851536578313,6.2,53.35546875,-1.0,0,0
2026-07-28T23:36:23.421,10.42.0.1,10.42.0.1|10.42.0.210|10.42.0.47,44,3,UPLOAD,0.9855084619889121,UPLOAD,0.9855084619889121,1,14480,100.0,4,0.0,30408.0,0,4,0.0,1.0,0.1431673780176876,1,0,1,1,1,1,1,1,0.9699999999999999,1.0,1.0,1.0,0.8,skip,attack_already_active,1785296183.4210382,1785296183421038112,1384851637736590,73.5,53.35546875,-1.0,0,0
2026-07-28T23:36:23.421,10.42.0.1,10.42.0.1|10.42.0.210|10.42.0.47,44,3,UPLOAD,0.985508721687831,UPLOAD,0.985508721687831,1,14480,100.0,5,0.0,44888.0,0,5,0.0,1.0,0.12440883211391363,1,0,1,1,1,1,1,1,0.9699999999999999,1.0,1.0,1.0,0.8,skip,attack_already_active,1785296183.421852,1785296183421852239,1384851638550358,73.5,53.35546875,-1.0,0,0
2026-07-28T23:36:23.422,10.42.0.1,10.42.0.1|10.42.0.210|10.42.0.47,44,3,UPLOAD,0.9855087261373977,UPLOAD,0.9855087261373977,1,1448,100.0,6,0.0,46336.0,0,6,0.0,1.0,0.10810826568748355,1,0,1,1,1,1,1,1,0.9699999999999999,1.0,1.0,1.0,0.8,skip,attack_already_active,1785296183.4225605,1785296183422560500,1384851639258730,73.5,53.35546875,-1.0,0,0
2026-07-28T23:36:23.423,10.42.0.1,10.42.0.1|10.42.0.210|10.42.0.47,44,3,UPLOAD,0.985508726167908,UPLOAD,0.985508726167908,0,43,100.0,6,0.0,46336.0,0,6,0.0,1.0,0.3391029450766726,1,0,1,1,1,1,1,1,0.8374999999999999,0.8500000000000001,1.0,0.6000000000000001,0.8,skip,attack_already_active,1785296183.4232414,1785296183423241349,1384851639939520,73.5,53.35546875,-1.0,0,0
2026-07-28T23:36:23.424,10.42.0.1,10.42.0.1|10.42.0.210|10.42.0.47,44,3,UPLOAD,0.9855018242713894,UPLOAD,0.9855018242713894,1,14480,100.0,7,0.0,60816.0,0,7,0.0,1.0,0.29470995436890235,1,0,1,1,1,1,1,1,0.9699999999999999,1.0,1.0,1.0,0.8,skip,attack_already_active,1785296183.4247773,1785296183424777182,1384851641475342,73.5,53.35546875,-1.0,0,0
2026-07-28T23:36:23.425,10.42.0.1,10.42.0.1|10.42.0.210|10.42.0.47,44,3,UPLOAD,0.9854731778590815,UPLOAD,0.9854731778590815,1,18713,100.0,8,0.0,79529.0,0,8,0.0,1.0,0.25596801660591106,1,0,1,1,1,1,1,1,0.9699999999999999,1.0,1.0,1.0,0.8,skip,attack_already_active,1785296183.4254854,1785296183425485244,1384851642183385,73.5,53.35546875,-1.0,0,0
2026-07-28T23:36:23.707,10.42.0.1,10.42.0.210,45,1,DOWNLOAD,0.9854058858831433,DOWNLOAD,0.9854058858831433,-1,1448,54.923342504196576,9,1448.0,79529.0,1,8,0.017881620707114364,0.9821183792928856,0.2596981301267521,0,0,0,0,1,0,0,0,0.44,0.8500000000000001,0.0,0.6000000000000001,0.15,skip,training_upload_trigger_not_confirmed,1785296183.7075162,1785296183707516280,1384851924215427,73.5,53.35546875,-1.0,0,0
2026-07-28T23:36:23.711,10.42.0.1,10.42.0.210,45,1,DOWNLOAD,0.95,DOWNLOAD,0.95,-1,5792,10.984668506908193,10,7240.0,79529.0,2,8,0.08343993822678607,0.9165600617732139,0.22601378591970633,0,0,0,0,1,0,0,0,0.44,0.8500000000000001,0.0,0.6000000000000001,0.15,skip,training_upload_trigger_not_confirmed,1785296183.7115932,1785296183711593160,1384851928292747,73.5,53.35546875,-1.0,0,0
2026-07-28T23:36:23.712,10.42.0.1,10.42.0.210,45,1,DOWNLOAD,0.95,DOWNLOAD,0.95,-1,7240,5.492334253833402,11,14480.0,79529.0,3,8,0.15402780584837622,0.8459721941516238,0.19641030174398022,0,0,0,0,1,0,0,0,0.44,0.8500000000000001,0.0,0.6000000000000001,0.15,skip,training_upload_trigger_not_confirmed,1785296183.7129543,1785296183712954459,1384851929653760,73.5,53.35546875,-1.0,0,0
2026-07-28T23:36:23.714,10.42.0.1,10.42.0.210,45,1,DOWNLOAD,0.95,DOWNLOAD,0.95,-1,7240,3.6615561693065577,12,21720.0,79529.0,4,8,0.21452063724086165,0.7854793627591383,0.17071634652476986,0,0,0,0,1,0,0,0,0.4,0.8500000000000001,0.0,0.4,0.15,skip,training_upload_trigger_not_confirmed,1785296183.7143803,1785296183714380374,1384851931080376,73.5,53.35546875,-1.0,0,0
2026-07-28T23:36:23.715,10.42.0.1,10.42.0.210,45,1,DOWNLOAD,0.95,DOWNLOAD,0.95,-1,7240,2.7461671270115273,13,28960.0,79529.0,5,8,0.266939505387643,0.733060494612357,0.14841190586845276,0,0,0,0,1,0,0,0,0.4,0.8500000000000001,0.0,0.4,0.15,skip,training_upload_trigger_not_confirmed,1785296183.7158344,1785296183715834496,1384851932534742,73.5,53.35546875,-1.0,0,0
2026-07-28T23:36:23.719,10.42.0.1,10.42.0.210,45,1,DOWNLOAD,0.95,DOWNLOAD,0.95,-1,7240,2.1969337016243937,14,36200.0,79529.0,6,8,0.31279973040465225,0.6872002695953477,0.129276722666539,0,0,0,0,1,0,0,0,0.4,0.8500000000000001,0.0,0.4,0.15,skip,training_upload_trigger_not_confirmed,1785296183.7190347,1785296183719034556,1384851935734027,73.5,53.35546875,-1.0,0,0
2026-07-28T23:36:23.720,10.42.0.1,10.42.0.210,45,1,DOWNLOAD,0.95,DOWNLOAD,0.95,-1,7240,1.8307780846954238,15,43440.0,79529.0,7,8,0.35325976465613285,0.6467402353438672,0.11241348759229902,0,0,0,0,1,0,0,0,0.32,0.8500000000000001,0.0,0.0,0.15,skip,training_upload_trigger_not_confirmed,1785296183.720341,1785296183720341075,1384851937041922,73.5,53.35546875,-1.0,0,0
2026-07-28T23:36:23.721,10.42.0.1,10.42.0.210,45,1,DOWNLOAD,0.95,DOWNLOAD,0.95,-1,7240,1.569238358315524,16,50680.0,79529.0,8,8,0.3892204071915152,0.6107795928084848,0.09779061850134098,0,0,0,0,1,0,0,0,0.32,0.8500000000000001,0.0,0.0,0.15,skip,training_upload_trigger_not_confirmed,1785296183.7217855,1785296183721785607,1384851938486247,73.5,53.35546875,-1.0,0,0
2026-07-28T23:36:23.723,10.42.0.1,10.42.0.210,45,1,DOWNLOAD,0.95,DOWNLOAD,0.95,-1,7240,1.37308356352947,17,57920.0,79529.0,9,8,0.42139266200554387,0.5786073379944561,0.08509759204278398,0,0,0,0,1,0,0,0,0.32,0.8500000000000001,0.0,0.0,0.15,skip,training_upload_trigger_not_confirmed,1785296183.7232523,1785296183723252102,1384851939952031,73.5,53.35546875,-1.0,0,0
2026-07-28T23:36:23.725,10.42.0.1,10.42.0.210,45,1,DOWNLOAD,0.95,DOWNLOAD,0.95,-1,4344,1.277287035842906,18,62264.0,79529.0,10,8,0.4391189974117199,0.5608810025882801,0.07413621585105558,0,0,0,0,1,0,0,0,0.32,0.8500000000000001,0.0,0.0,0.15,skip,training_upload_trigger_not_confirmed,1785296183.725167,1785296183725167094,1384851941866766,73.5,53.35546875,-1.0,0,0
2026-07-28T23:36:23.726,10.42.0.1,10.42.0.210,45,1,DOWNLOAD,0.95,DOWNLOAD,0.95,-1,10136,1.0984668508273692,19,72400.0,79529.0,11,8,0.47653838306050855,0.5234616169394914,0.0645922187325066,0,0,0,0,1,0,0,0,0.30250000000000005,0.8000000000000002,0.0,0.0,0.15,skip,training_upload_trigger_not_confirmed,1785296183.7268765,1785296183726876291,1384851943575753,73.5,53.35546875,-1.0,0,0
2026-07-28T23:36:23.727,10.42.0.1,10.42.0.210,45,1,DOWNLOAD,0.95,DOWNLOAD,0.95,-1,10136,0.9635674130080987,20,82536.0,79529.0,12,8,0.5092771418875143,0.4907228581124857,0.05621209558175816,0,0,0,0,1,0,0,0,0.30250000000000005,0.8000000000000002,0.0,0.0,0.15,skip,training_upload_trigger_not_confirmed,1785296183.7278743,1785296183727874248,1384851944573007,73.5,53.35546875,-1.0,0,0
2026-07-28T23:36:23.728,10.42.0.1,10.42.0.210,45,1,DOWNLOAD,0.95,DOWNLOAD,0.95,-1,4344,0.9153890423582483,21,86880.0,79529.0,13,8,0.5220871467288428,0.47791285327115723,0.04892702196798068,0,0,0,0,1,0,0,0,0.30250000000000005,0.8000000000000002,0.0,0.0,0.15,skip,training_upload_trigger_not_confirmed,1785296183.728802,1785296183728802127,1384851945501183,73.5,53.35546875,-1.0,0,0
2026-07-28T23:36:23.729,10.42.0.1,10.42.0.210,45,1,DOWNLOAD,0.95,DOWNLOAD,0.95,-1,4344,0.8717990879607143,22,91224.0,79529.0,14,8,0.5342453719700386,0.4657546280299614,0.04261082620703282,0,0,0,0,1,0,0,0,0.30250000000000005,0.8000000000000002,0.0,0.0,0.15,skip,training_upload_trigger_not_confirmed,1785296183.7297971,1785296183729797227,1384851946497038,73.5,53.35546875,-1.0,0,0
2026-07-28T23:36:23.731,10.42.0.1,10.42.0.210,45,1,DOWNLOAD,0.95,DOWNLOAD,0.95,-1,4344,0.8321718566901873,23,95568.0,79529.0,15,8,0.545800327818295,0.454199672181705,0.0371558478703236,0,0,0,0,1,0,0,0,0.30250000000000005,0.8000000000000002,0.0,0.0,0.15,skip,training_upload_trigger_not_confirmed,1785296183.7310116,1785296183731011648,1384851947711445,73.5,53.35546875,-1.0,0,0
2026-07-28T23:36:23.732,10.42.0.1,10.42.0.210,45,1,DOWNLOAD,0.95,DOWNLOAD,0.95,-1,14480,0.7226755597582629,24,110048.0,79529.0,16,8,0.5804923593051899,0.41950764069481,0.032482405699475934,0,0,0,0,1,0,0,0,0.28500000000000003,0.7500000000000001,0.0,0.0,0.15,skip,training_upload_trigger_not_confirmed,1785296183.732702,1785296183732701894,1384851949402956,73.5,53.35546875,-1.0,0,0
2026-07-28T23:36:23.734,10.42.0.1,10.42.0.210,45,1,DOWNLOAD,0.95,DOWNLOAD,0.95,-1,18824,0.6171162083337178,25,128872.0,79529.0,17,8,0.6183847486336438,0.3816152513663562,0.0284824549668559,0,0,0,0,1,0,0,0,0.28500000000000003,0.7500000000000001,0.0,0.0,0.15,skip,training_upload_trigger_not_confirmed,1785296183.73483,1785296183734829741,1384851951529597,73.5,53.35546875,-1.0,0,0
2026-07-28T23:36:23.736,10.42.0.1,10.42.0.210,45,1,DOWNLOAD,0.95,DOWNLOAD,0.95,-1,18824,0.5384641425662274,26,147696.0,79529.0,18,8,0.6499988997689515,0.3500011002310485,0.024916442784229123,0,0,0,0,1,0,0,0,0.28500000000000003,0.7500000000000001,0.0,0.0,0.15,skip,training_upload_trigger_not_confirmed,1785296183.7362509,1785296183736250793,1384851952950536,73.5,53.35546875,-1.0,0,0
2026-07-28T23:36:23.737,10.42.0.1,10.42.0.210,45,1,DOWNLOAD,0.95,DOWNLOAD,0.95,-1,16920,0.4831182874114112,27,164616.0,79529.0,19,8,0.674255053349444,0.32574494665055603,0.0218141193012992,0,0,0,0,1,0,0,0,0.28500000000000003,0.7500000000000001,0.0,0.0,0.15,skip,training_upload_trigger_not_confirmed,1785296183.7376246,1785296183737624517,1384851954323981,73.5,53.35546875,-1.0,0,0
2026-07-28T23:36:23.738,10.42.0.1,10.42.0.210,45,1,DOWNLOAD,0.95,DOWNLOAD,0.95,-1,6810,0.4639261255616771,28,171426.0,79529.0,20,8,0.6830945787093303,0.3169054212906696,0.019111994457378406,0,0,0,0,1,0,0,0,0.28500000000000003,0.7500000000000001,0.0,0.0,0.15,skip,training_upload_trigger_not_confirmed,1785296183.738933,1785296183738933045,1384851955632527,73.5,53.35546875,-1.0,0,0
2026-07-28T23:36:23.740,10.42.0.47,10.42.0.210,45,1,DOWNLOAD,0.9842595701722379,DOWNLOAD,0.9842595701722379,-1,7240,1.381215469422484e-10,1,7240.0,0.0,1,0,1.0,0.0,0.3575409437498984,0,0,0,0,0,0,0,0,0.0225,0.0,0.0,0.0,0.15,skip,training_upload_trigger_not_confirmed,1785296183.740807,1785296183740807115,1384851957506462,73.5,53.35546875,-1.0,0,0
2026-07-28T23:36:23.742,10.42.0.1,10.42.0.210,45,1,DOWNLOAD,0.95,DOWNLOAD,0.95,-1,21720,0.4117558737979986,29,193146.0,79529.0,21,8,0.7083377647382415,0.2916622352617585,0.01700754111294541,0,0,0,0,1,0,0,0,0.28500000000000003,0.7500000000000001,0.0,0.0,0.15,skip,training_upload_trigger_not_confirmed,1785296183.742075,1785296183742074908,1384851958773677,73.5,53.35546875,-1.0,0,0
2026-07-28T23:36:23.743,10.42.0.1,10.42.0.210,45,1,DOWNLOAD,0.95,DOWNLOAD,0.95,-1,14024,0.3838828015669069,30,207170.0,79529.0,22,8,0.7226045434410305,0.2773954565589695,0.014938643469072845,0,0,0,0,1,0,0,0,0.28500000000000003,0.7500000000000001,0.0,0.0,0.15,skip,training_upload_trigger_not_confirmed,1785296183.7433822,1785296183743382181,1384851960081064,73.5,53.35546875,-1.0,0,0
2026-07-28T23:36:23.744,10.42.0.18,10.42.0.210,35,1,DOWNLOAD,0.95,DOWNLOAD,0.95,-1,7300,1.3698630135109776e-10,1,7300.0,0.0,1,0,1.0,0.0,0.7356298954271605,0,0,0,0,0,0,0,0,0.0225,0.0,0.0,0.0,0.15,skip,training_upload_trigger_not_confirmed,1785296183.7445524,1785296183744552481,1384851961251168,73.5,53.35546875,-1.0,0,0
2026-07-28T23:36:23.745,10.42.0.18,10.42.0.210,35,1,DOWNLOAD,0.95,DOWNLOAD,0.95,-1,7300,6.84931506802402e-11,2,14600.0,0.0,2,0,1.0,0.0,0.6388488016165873,0,0,0,0,0,0,0,0,0.0225,0.0,0.0,0.0,0.15,skip,training_upload_trigger_not_confirmed,1785296183.7457373,1785296183745737160,1384851962435952,73.5,53.35546875,-1.0,0,0
2026-07-28T23:36:23.746,10.42.0.1,10.42.0.210,45,1,DOWNLOAD,0.95,DOWNLOAD,0.95,-1,16920,0.3548975857943018,31,224090.0,79529.0,23,8,0.7380631646899568,0.2619368353100432,0.013440368526270183,0,0,0,0,1,0,0,0,0.28500000000000003,0.7500000000000001,0.0,0.0,0.15,skip,training_upload_trigger_not_confirmed,1785296183.7469509,1785296183746950928,1384851963649716,73.5,53.35546875,-1.0,0,0
2026-07-28T23:36:23.748,10.42.0.145,10.42.0.210,19,2,TRAINING,0.95,TRAINING,0.95,-1,14600,6.84931506802402e-11,1,14600.0,0.0,1,0,1.0,0.0,1.2377623386337921,0,0,0,0,0,0,0,0,0.0225,0.0,0.0,0.0,0.15,skip,training_upload_trigger_not_confirmed,1785296183.7487288,1785296183748728785,1384851965428054,73.5,53.35546875,-1.0,0,0
2026-07-28T23:36:23.749,10.42.0.145,10.42.0.210,19,2,TRAINING,0.95,TRAINING,0.95,-1,14600,3.424657534129292e-11,2,29200.0,0.0,2,0,1.0,0.0,1.0748178157333426,0,0,0,0,0,0,0,0,0.0225,0.0,0.0,0.0,0.15,skip,training_upload_trigger_not_confirmed,1785296183.7499502,1785296183749950193,1384851966648950,73.5,53.35546875,-1.0,0,0
2026-07-28T23:36:23.751,10.42.0.210,10.42.0.210,45,1,DOWNLOAD,0.9847366374232548,DOWNLOAD,0.9847366374232548,-1,10136,7.4176203624292,53,10136.0,75185.0,1,52,0.11879842008415278,0.8812015799158472,0.044176846682376925,0,0,0,0,0,0,0,0,0.057499999999999996,0.1,0.0,0.0,0.15,skip,training_upload_trigger_not_confirmed,1785296183.7517056,1785296183751705490,1384851968404894,73.5,53.35546875,-1.0,0,0
2026-07-28T23:36:23.753,10.42.0.210,10.42.0.210,45,1,DOWNLOAD,0.95,DOWNLOAD,0.95,-1,4344,5.19233425385412,54,14480.0,75185.0,2,52,0.16148999052026988,0.8385100094797301,0.0385334776288998,0,0,0,0,0,0,0,0,0.057499999999999996,0.1,0.0,0.0,0.15,skip,training_upload_trigger_not_confirmed,1785296183.7530565,1785296183753056461,1384851969755521,73.5,53.35546875,-1.0,0,0
2026-07-28T23:36:23.754,10.42.0.210,10.42.0.210,45,1,DOWNLOAD,0.9557926560077417,DOWNLOAD,0.9557926560077417,-1,14480,2.596167127016707,55,28960.0,75185.0,3,52,0.2780738393585866,0.7219261606414135,0.03369973724599829,0,0,0,0,0,0,0,0,0.057499999999999996,0.1,0.0,0.0,0.15,skip,training_upload_trigger_not_confirmed,1785296183.754908,1785296183754908251,1384851971607675,73.5,53.35546875,-1.0,0,0
2026-07-28T23:36:23.756,10.42.0.59,10.42.0.210,14,1,DOWNLOAD,0.95,DOWNLOAD,0.95,-1,14600,6.84931506802402e-11,1,14600.0,0.0,1,0,1.0,0.0,1.0131406003995018,0,0,0,0,0,0,0,0,0.0225,0.0,0.0,0.0,0.15,skip,already_attacked_this_round,1785296183.7567527,1785296183756752582,1384851973451557,73.5,53.35546875,-1.0,0,0
2026-07-28T23:36:23.758,10.42.0.18,10.42.0.210,35,1,DOWNLOAD,0.95,DOWNLOAD,0.95,-1,10220,4.029008863657171e-11,3,24820.0,0.0,3,0,1.0,0.0,0.5563513933957791,0,0,0,0,0,0,0,0,0.0225,0.0,0.0,0.0,0.15,skip,training_upload_trigger_not_confirmed,1785296183.758536,1785296183758536227,1384851975235861,73.5,53.35546875,-1.0,0,0
2026-07-28T23:36:23.759,10.42.0.18,10.42.0.210,35,1,DOWNLOAD,0.95,DOWNLOAD,0.95,-1,4380,3.424657534129292e-11,4,29200.0,0.0,4,0,1.0,0.0,0.48320311167545876,0,0,0,0,0,0,0,0,0.0225,0.0,0.0,0.0,0.15,skip,training_upload_trigger_not_confirmed,1785296183.7597854,1785296183759785515,1384851976484365,73.5,53.35546875,-1.0,0,0
2026-07-28T23:36:23.761,10.42.0.18,10.42.0.210,35,1,DOWNLOAD,0.95,DOWNLOAD,0.95,-1,14600,2.2831050227789245e-11,5,43800.0,0.0,5,0,1.0,0.0,0.4197843882685951,0,0,0,0,0,0,0,0,0.0225,0.0,0.0,0.0,0.15,skip,training_upload_trigger_not_confirmed,1785296183.7617214,1785296183761721383,1384851978422310,73.5,53.35546875,-1.0,0,0
2026-07-28T23:36:23.764,10.42.0.59,10.42.0.210,14,1,DOWNLOAD,0.95,DOWNLOAD,0.95,-1,24820,2.536783358636814e-11,2,39420.0,0.0,2,0,1.0,0.0,0.8806244379853034,0,0,0,0,0,0,0,0,0.0225,0.0,0.0,0.0,0.15,skip,already_attacked_this_round,1785296183.7642648,1785296183764264691,1384851980963915,73.5,53.35546875,-1.0,0,0
2026-07-28T23:36:23.765,10.42.0.59,10.42.0.210,14,1,DOWNLOAD,0.95,DOWNLOAD,0.95,-1,10564,2.0006402048255314e-11,3,49984.0,0.0,3,0,1.0,0.0,0.7647911804301819,0,0,0,0,0,0,0,0,0.0225,0.0,0.0,0.0,0.15,skip,already_attacked_this_round,1785296183.7658627,1785296183765862580,1384851982562744,73.5,53.35546875,-1.0,0,0
2026-07-28T23:36:23.767,10.42.0.210,10.42.0.210,45,1,DOWNLOAD,0.9846998846180315,DOWNLOAD,0.9846998846180315,-1,14480,1.7307780846977259,56,43440.0,75185.0,4,52,0.36619599578503687,0.6338040042149631,0.030967172164753955,0,0,0,0,0,0,0,0,0.057499999999999996,0.1,0.0,0.0,0.15,skip,training_upload_trigger_not_confirmed,1785296183.7678711,1785296183767871220,1384851984570664,73.5,53.35546875,-1.0,0,0
2026-07-28T23:36:23.770,10.42.0.210,10.42.0.210,45,1,DOWNLOAD,0.9854895428954357,DOWNLOAD,0.9854895428954357,-1,14480,1.298083563530765,57,57920.0,75185.0,5,52,0.43514518613124975,0.5648548138687502,0.02721521061297752,0,0,0,0,0,0,0,0,0.057499999999999996,0.1,0.0,0.0,0.15,skip,training_upload_trigger_not_confirmed,1785296183.7703657,1785296183770365584,1384851987065005,73.5,53.35546875,-1.0,0,0
2026-07-28T23:36:23.772,10.42.0.210,10.42.0.210,45,1,DOWNLOAD,0.9855083405864443,DOWNLOAD,0.9855083405864443,-1,6784,1.1619838031626795,58,64704.0,75185.0,6,52,0.4625381552516638,0.5374618447483361,0.023953828868841398,0,0,0,0,0,0,0,0,0.039999999999999994,0.05,0.0,0.0,0.15,skip,training_upload_trigger_not_confirmed,1785296183.7728312,1785296183772831334,1384851989530343,73.5,53.35546875,-1.0,0,0
2026-07-28T23:36:23.774,10.42.0.145,10.42.0.210,19,2,TRAINING,0.95,TRAINING,0.95,-1,29200,1.7123287670939668e-11,3,58400.0,0.0,3,0,1.0,0.0,0.9364366381354254,0,0,0,0,0,0,0,0,0.0225,0.0,0.0,0.0,0.15,skip,training_upload_trigger_not_confirmed,1785296183.7746315,1785296183774631450,1384851991330679,73.5,53.35546875,-1.0,0,0
2026-07-28T23:36:23.776,10.42.0.18,10.42.0.210,35,1,DOWNLOAD,0.95,DOWNLOAD,0.95,-1,14600,1.7123287670939668e-11,6,58400.0,0.0,6,0,1.0,0.0,0.36647462931184993,0,0,0,0,0,0,0,0,0.0225,0.0,0.0,0.0,0.15,skip,training_upload_trigger_not_confirmed,1785296183.7769527,1785296183776952762,1384851993652015,73.5,53.35546875,-1.0,0,0
2026-07-28T23:36:23.778,10.42.0.47,10.42.0.210,45,1,DOWNLOAD,0.9829981496648164,DOWNLOAD,0.9829981496648164,-1,1448,1.1510128912119e-10,2,8688.0,0.0,2,0,1.0,0.0,0.31538011573522373,0,0,0,0,0,0,0,0,0.0225,0.0,0.0,0.0,0.15,skip,training_upload_trigger_not_confirmed,1785296183.7784011,1785296183778401147,1384851995100588,73.5,53.35546875,-1.0,0,0
2026-07-28T23:36:23.780,10.42.0.18,10.42.0.210,35,1,DOWNLOAD,0.9549048866021568,DOWNLOAD,0.9549048866021568,-1,6184,1.5483711135645304e-11,7,64584.0,0.0,7,0,1.0,0.0,0.31860729980908126,0,0,0,0,0,0,0,0,0.0225,0.0,0.0,0.0,0.15,skip,training_upload_trigger_not_confirmed,1785296183.7801754,1785296183780175346,1384851996874085,73.5,53.35546875,-1.0,0,0
2026-07-28T23:36:23.789,10.42.0.47,10.42.0.210,45,1,DOWNLOAD,0.9842257140988042,DOWNLOAD,0.9842257140988042,-1,1448,9.865824781978509e-11,3,10136.0,0.0,3,0,1.0,0.0,0.2752418927063892,0,0,0,0,0,0,0,0,0.0225,0.0,0.0,0.0,0.15,skip,training_upload_trigger_not_confirmed,1785296183.7891834,1785296183789183416,1384852005882804,73.5,53.35546875,-1.0,0,0
2026-07-28T23:36:23.790,10.42.0.47,10.42.0.210,45,1,DOWNLOAD,0.9842586901286671,DOWNLOAD,0.9842586901286671,-1,8688,5.3123671905380167e-11,4,18824.0,0.0,4,0,1.0,0.0,0.23913390137217289,0,0,0,0,0,0,0,0,0.0225,0.0,0.0,0.0,0.15,skip,training_upload_trigger_not_confirmed,1785296183.7904117,1785296183790411804,1384852007110385,73.5,53.35546875,-1.0,0,0
2026-07-28T23:36:23.791,10.42.0.47,10.42.0.210,45,1,DOWNLOAD,0.9842595481342594,DOWNLOAD,0.9842595481342594,-1,8688,3.634777551481725e-11,5,27512.0,0.0,5,0,1.0,0.0,0.20778109958921964,0,0,0,0,0,0,0,0,0.0225,0.0,0.0,0.0,0.15,skip,training_upload_trigger_not_confirmed,1785296183.7916179,1785296183791617776,1384852008316702,73.5,53.35546875,-1.0,0,0
2026-07-28T23:36:23.796,10.42.0.47,10.42.0.210,45,1,DOWNLOAD,0.9842595696464124,DOWNLOAD,0.9842595696464124,-1,11584,2.557806425144316e-11,6,39096.0,0.0,6,0,1.0,0.0,0.1810945849781861,0,0,0,0,0,0,0,0,0.0225,0.0,0.0,0.0,0.15,skip,training_upload_trigger_not_confirmed,1785296183.7968824,1785296183796882461,1384852013581499,73.5,53.35546875,-1.0,0,0
2026-07-28T23:36:23.802,10.42.0.47,10.42.0.210,45,1,DOWNLOAD,0.9842595701605352,DOWNLOAD,0.9842595701605352,-1,2896,2.381405982035116e-11,7,41992.0,0.0,7,0,1.0,0.0,0.1580327163730709,0,0,0,0,0,0,0,0,0.0225,0.0,0.0,0.0,0.15,skip,training_upload_trigger_not_confirmed,1785296183.8029668,1785296183802966758,1384852019666561,73.5,53.35546875,-1.0,0,0
2026-07-28T23:36:23.804,10.42.0.47,10.42.0.210,45,1,DOWNLOAD,0.9842595701720059,DOWNLOAD,0.9842595701720059,-1,2896,2.22776688642337e-11,8,44888.0,0.0,8,0,1.0,0.0,0.1373708130941739,0,0,0,0,0,0,0,0,0.0225,0.0,0.0,0.0,0.15,skip,training_upload_trigger_not_confirmed,1785296183.804202,1785296183804202016,1384852020900542,73.5,53.35546875,-1.0,0,0
2026-07-28T23:36:23.805,10.42.0.47,10.42.0.210,45,1,DOWNLOAD,0.9842595701722343,DOWNLOAD,0.9842595701722343,-1,2896,2.092750711491446e-11,9,47784.0,0.0,9,0,1.0,0.0,0.11942533764767183,0,0,0,0,0,0,0,0,0.0225,0.0,0.0,0.0,0.15,skip,training_upload_trigger_not_confirmed,1785296183.8053896,1785296183805389611,1384852022088234,73.5,53.35546875,-1.0,0,0
2026-07-28T23:36:23.806,10.42.0.47,10.42.0.210,45,1,DOWNLOAD,0.9842595701722379,DOWNLOAD,0.9842595701722379,-1,2896,1.973164956551437e-11,10,50680.0,0.0,10,0,1.0,0.0,0.10384119318977758,0,0,0,0,0,0,0,0,0.0225,0.0,0.0,0.0,0.15,skip,training_upload_trigger_not_confirmed,1785296183.8065512,1785296183806551337,1384852023249929,73.5,53.35546875,-1.0,0,0
2026-07-28T23:36:23.807,10.42.0.47,10.42.0.210,45,1,DOWNLOAD,0.9842595701722379,DOWNLOAD,0.9842595701722379,-1,5792,1.770789063575386e-11,11,56472.0,0.0,11,0,1.0,0.0,0.09030646256427707,0,0,0,0,0,0,0,0,0.0225,0.0,0.0,0.0,0.15,skip,training_upload_trigger_not_confirmed,1785296183.807681,1785296183807681148,1384852024380078,73.5,53.35546875,-1.0,0,0
2026-07-28T23:36:23.809,10.42.0.47,10.42.0.210,45,1,DOWNLOAD,0.9842595701722379,DOWNLOAD,0.9842595701722379,-1,15485,1.3897188598553343e-11,12,71957.0,0.0,12,0,1.0,0.0,0.07870886394472712,0,0,0,0,0,0,0,0,0.0225,0.0,0.0,0.0,0.15,skip,training_upload_trigger_not_confirmed,1785296183.8099766,1785296183809976530,1384852026675810,73.5,53.35546875,-1.0,0,0
2026-07-28T23:36:24.090,10.42.0.145,10.42.0.210,19,3,UPLOAD,0.95,UPLOAD,0.95,1,64240,1.0999999999982877,4,58400.0,64240.0,3,1,0.47619047619047616,0.5238095238095238,1.143637947409765,0,0,0,1,1,1,1,1,0.85,1.0,1.0,0.4,0.8,trigger,training_upload_trigger_confirmed,1785296184.090279,1785296184090279217,1384852306980696,73.5,53.35546875,10.485134,1785296184100768504,1384852317465830
2026-07-28T23:36:24.096,10.42.0.1,10.42.0.210,45,2,TRAINING,0.95,TRAINING,0.95,1,5792,0.3807443437932047,32,224090.0,85321.0,23,9,0.7242470371124491,0.27575296288755086,0.013032192873143627,0,0,0,0,1,0,0,0,0.4525,1.0,0.0,0.4,0.15,skip,training_upload_trigger_not_confirmed,1785296184.096427,1785296184096427035,1384852313126533,77.7,53.35546875,-1.0,0,0
2026-07-28T23:36:24.099,10.42.0.1,10.42.0.1,45,3,UPLOAD,0.95,UPLOAD,0.95,1,14480,0.445361238790462,33,224090.0,99801.0,23,10,0.6918685607195013,0.3081314392804987,0.011778290433898277,1,0,0,1,1,1,1,1,0.9699999999999999,1.0,1.0,1.0,0.8,trigger,training_upload_trigger_confirmed,1785296184.0999436,1785296184099943780,1384852316643562,77.7,53.35546875,20.747733,1785296184120693992,1384852337391295
2026-07-28T23:36:24.103,10.42.0.1,10.42.0.1,45,3,UPLOAD,0.95,UPLOAD,0.95,1,8688,0.4841313757888164,34,224090.0,108489.0,23,11,0.67379479762703,0.32620520237297,0.010746894391471322,1,0,1,1,1,1,1,1,0.9699999999999999,1.0,1.0,1.0,0.8,skip,attack_already_active,1785296184.103895,1785296184103895000,1384852320594786,77.7,53.35546875,-1.0,0,0
2026-07-28T23:36:24.106,10.42.0.1,10.42.0.1,45,3,UPLOAD,0.95,UPLOAD,0.95,1,5792,0.5099781337877193,35,224090.0,114281.0,23,12,0.6622612457923404,0.33773875420765964,0.009645751180024436,1,0,1,1,1,1,1,1,0.9699999999999999,1.0,1.0,1.0,0.8,skip,attack_already_active,1785296184.1062856,1785296184106285643,1384852322984895,77.7,53.35546875,-1.0,0,0
2026-07-28T23:36:24.110,10.42.0.1,10.42.0.1,45,3,UPLOAD,0.95,UPLOAD,0.95,1,2896,0.5229015127871707,36,224090.0,117177.0,23,13,0.6566412808739198,0.3433587191260802,0.008971179748070771,1,0,1,1,1,1,1,1,0.9699999999999999,1.0,1.0,1.0,0.8,skip,attack_already_active,1785296184.1108122,1785296184110812211,1384852327511042,77.7,53.35546875,-1.0,0,0
2026-07-28T23:36:24.113,10.42.0.1,10.42.0.1,45,3,UPLOAD,0.95,UPLOAD,0.95,1,2798,0.5353875674972761,37,224090.0,119975.0,23,14,0.6513013529420313,0.3486986470579687,0.008202021515618522,1,0,1,1,1,1,1,1,0.9699999999999999,1.0,1.0,1.0,0.8,skip,attack_already_active,1785296184.1139464,1785296184113946353,1384852330645975,77.7,53.35546875,-1.0,0,0
2026-07-28T23:36:24.116,10.42.0.1,10.42.0.1,45,3,UPLOAD,0.95,UPLOAD,0.95,1,11584,0.587081083495082,38,224090.0,131559.0,23,15,0.6300875301209901,0.36991246987900994,0.00743547355596041,1,0,1,1,1,1,1,1,0.9699999999999999,1.0,1.0,1.0,0.8,skip,attack_already_active,1785296184.1163313,1785296184116331172,1384852333030065,77.7,53.35546875,-1.0,0,0
2026-07-28T23:36:24.117,10.42.0.1,10.42.0.1,45,3,UPLOAD,0.95,UPLOAD,0.95,1,2896,0.6000044624945334,39,224090.0,134455.0,23,16,0.6249982568436319,0.3750017431563681,0.006666887706805,1,0,1,1,1,1,1,1,0.9699999999999999,1.0,1.0,1.0,0.8,skip,attack_already_active,1785296184.1179342,1785296184117934429,1384852334633406,77.7,53.35546875,-1.0,0,0
2026-07-28T23:36:24.120,10.42.0.1,10.42.0.1,45,3,UPLOAD,0.95,UPLOAD,0.95,1,11584,0.6516979784923392,40,224090.0,146039.0,23,17,0.6054375636602374,0.3945624363397626,0.006156920597543563,1,0,1,1,1,1,1,1,0.9699999999999999,1.0,1.0,1.0,0.8,skip,attack_already_active,1785296184.120731,1785296184120731072,1384852337430158,77.7,53.35546875,-1.0,0,0
2026-07-28T23:36:24.125,10.42.0.1,10.42.0.1,45,3,UPLOAD,0.95,UPLOAD,0.95,1,5792,0.6775447364912421,41,224090.0,151831.0,23,18,0.5961092889197465,0.40389071108025354,0.00597985177518163,1,0,1,1,1,1,1,1,0.9699999999999999,1.0,1.0,1.0,0.8,skip,attack_already_active,1785296184.1255443,1785296184125544129,1384852342243123,77.7,53.35546875,-1.0,0,0
2026-07-28T23:36:24.127,10.42.0.1,10.42.0.1,45,3,UPLOAD,0.95,UPLOAD,0.95,1,14480,0.7421616314884995,42,224090.0,166311.0,23,19,0.5739995543044203,0.42600044569557965,0.005499311459116008,1,0,1,1,1,1,1,1,0.9699999999999999,1.0,1.0,1.0,0.8,skip,attack_already_active,1785296184.1278775,1785296184127877319,1384852344576227,77.7,53.35546875,-1.0,0,0
2026-07-28T23:36:24.130,10.42.0.1,10.42.0.1,45,3,UPLOAD,0.95,UPLOAD,0.95,1,14480,0.8067785264857568,43,224090.0,180791.0,23,20,0.5534712668660668,0.44652873313393315,0.005070595289661616,1,0,1,1,1,1,1,1,0.9699999999999999,1.0,1.0,1.0,0.8,skip,attack_already_active,1785296184.1301234,1785296184130123147,1384852346822110,77.7,53.35546875,-1.0,0,0
2026-07-28T23:36:24.132,10.42.0.1,10.42.0.1,45,3,UPLOAD,0.95,UPLOAD,0.95,1,2797,0.8192601187031137,44,224090.0,183588.0,23,21,0.5496740074274304,0.45032599257256956,0.004704059529869167,1,0,1,1,1,1,1,1,0.9699999999999999,1.0,1.0,1.0,0.8,skip,attack_already_active,1785296184.1324124,1785296184132412456,1384852349111649,77.7,53.35546875,-1.0,0,0
2026-07-28T23:36:24.137,10.42.0.1,10.42.0.1,45,3,UPLOAD,0.6935798162830071,UPLOAD,0.6935798162830071,0,39,0.8192601187031137,44,224090.0,183588.0,23,21,0.5496740074274304,0.45032599257256956,0.004709549555626496,1,0,1,1,1,1,1,1,0.8200000000000001,0.8000000000000002,1.0,0.6000000000000001,0.8,skip,attack_already_active,1785296184.1371582,1785296184137158212,1384852353857035,77.7,53.35546875,-1.0,0,0
2026-07-28T23:36:24.185,10.42.0.18,10.42.0.1,35,2,TRAINING,0.95,TRAINING,0.95,1,24820,0.38430571040220013,8,64584.0,24820.0,7,1,0.7223837859603597,0.27761621403964026,0.6151794076654281,0,0,0,0,1,1,0,0,0.5725,1.0,0.0,1.0,0.15,skip,training_upload_trigger_not_confirmed,1785296184.1856616,1785296184185661431,1384852402360393,77.7,53.35546875,-1.0,0,0
2026-07-28T23:36:24.188,10.42.0.18,10.42.0.1,35,3,UPLOAD,0.95,UPLOAD,0.95,1,54734,1.23179115570061,9,64584.0,79554.0,7,2,0.44807059900928276,0.5519294009907172,0.5345133757752639,0,0,0,1,1,1,1,1,0.9699999999999999,1.0,1.0,1.0,0.8,trigger,training_upload_trigger_confirmed,1785296184.1886888,1785296184188688645,1384852405387311,77.7,53.35546875,24.436073,1785296184213126077,1384852429823384
2026-07-28T23:36:24.190,10.42.0.1,10.42.0.1,45,3,UPLOAD,0.95,UPLOAD,0.95,1,2896,0.8321834977025652,45,224090.0,186484.0,23,22,0.545796860005748,0.45420313999425194,0.004558265504998171,1,0,1,1,1,1,1,1,0.9699999999999999,1.0,1.0,1.0,0.8,skip,attack_already_active,1785296184.1909435,1785296184190943470,1384852407642165,77.7,53.35546875,-1.0,0,0
2026-07-28T23:36:24.192,10.42.0.1,10.42.0.1,45,3,UPLOAD,0.95,UPLOAD,0.95,1,11584,0.883877013700371,46,224090.0,198068.0,23,23,0.5308202142325859,0.4691797857674141,0.004110637042407567,1,0,1,1,1,1,1,1,0.9699999999999999,1.0,1.0,1.0,0.8,skip,attack_already_active,1785296184.1921048,1785296184192104680,1384852408803562,77.7,53.35546875,-1.0,0,0
2026-07-28T23:36:24.193,10.42.0.1,10.42.0.1,45,3,UPLOAD,0.95,UPLOAD,0.95,1,2896,0.8968003926998224,47,224090.0,200964.0,23,24,0.5272036023658171,0.47279639763418296,0.003718507242230309,1,0,1,1,1,1,1,1,0.9699999999999999,1.0,1.0,1.0,0.8,skip,attack_already_active,1785296184.1932397,1785296184193239834,1384852409938487,77.7,53.35546875,-1.0,0,0
2026-07-28T23:36:24.195,10.42.0.1,10.42.0.1,45,3,UPLOAD,0.95,UPLOAD,0.95,1,11584,0.9484939086976282,48,224090.0,212548.0,23,25,0.5132168982085847,0.4867831017914153,0.0035228533109085886,1,0,1,1,1,1,1,1,0.9699999999999999,1.0,1.0,1.0,0.8,skip,attack_already_active,1785296184.1954734,1785296184195473451,1384852412172130,77.7,53.35546875,-1.0,0,0
2026-07-28T23:36:24.196,10.42.0.1,10.42.0.1,45,3,UPLOAD,0.95,UPLOAD,0.95,1,5792,0.9743406666965311,49,224090.0,218340.0,23,26,0.506498203105576,0.49350179689442397,0.0032159385176693074,1,0,1,1,1,1,1,1,0.9699999999999999,1.0,1.0,1.0,0.8,skip,attack_already_active,1785296184.1966672,1785296184196667079,1384852413365864,77.7,53.35546875,-1.0,0,0
2026-07-28T23:36:24.198,10.42.0.1,10.42.0.1,45,3,UPLOAD,0.95,UPLOAD,0.95,1,21720,1.071266009192417,50,224090.0,240060.0,23,27,0.48279650974900357,0.5172034902509964,0.0030867616529087457,1,0,1,1,1,1,1,1,0.9699999999999999,1.0,1.0,1.0,0.8,skip,attack_already_active,1785296184.1989028,1785296184198902742,1384852415601772,77.7,53.35546875,-1.0,0,0
2026-07-28T23:36:24.200,10.42.0.1,10.42.0.1,45,3,UPLOAD,0.95,UPLOAD,0.95,1,1448,1.0777276986921427,51,224090.0,241508.0,23,28,0.48129502274494307,0.5187049772550569,0.0028572941245491737,1,0,1,1,1,1,1,1,0.9699999999999999,1.0,1.0,1.0,0.8,skip,attack_already_active,1785296184.2002482,1785296184200248314,1384852416947249,77.7,53.35546875,-1.0,0,0
2026-07-28T23:36:24.201,10.42.0.1,10.42.0.1,45,3,UPLOAD,0.95,UPLOAD,0.95,1,5792,1.1035744566910457,52,224090.0,247300.0,23,29,0.4753813190776215,0.5246186809223785,0.0027079241011585663,1,0,1,1,1,1,1,1,0.9699999999999999,1.0,1.0,1.0,0.8,skip,attack_already_active,1785296184.201972,1785296184201971922,1384852418671019,77.7,53.35546875,-1.0,0,0
2026-07-28T23:36:24.203,10.42.0.1,10.42.0.1,45,3,UPLOAD,0.95,UPLOAD,0.95,1,2797,1.1160560489084026,53,224090.0,250097.0,23,30,0.4725772743664419,0.5274227256335581,0.002578017310881773,1,0,1,1,1,1,1,1,0.9699999999999999,1.0,1.0,1.0,0.8,skip,attack_already_active,1785296184.203694,1785296184203694005,1384852420393022,77.7,53.35546875,-1.0,0,0
2026-07-28T23:36:24.313,10.42.0.145,10.42.0.1,19,3,UPLOAD,0.9841010226033655,UPLOAD,0.9841010226033655,0,39,1.0999999999982877,4,58400.0,64240.0,3,1,0.47619047619047616,0.5238095238095238,0.998792102899039,0,0,1,1,1,1,1,1,0.8200000000000001,0.8000000000000002,1.0,0.6000000000000001,0.8,skip,attack_already_active,1785296184.3134754,1785296184313475333,1384852530174163,77.7,53.35546875,-1.0,0,0
2026-07-28T23:36:24.462,10.42.0.18,10.42.0.1,35,3,UPLOAD,0.9841010226033655,UPLOAD,0.9841010226033655,0,39,1.23179115570061,9,64584.0,79554.0,7,2,0.44807059900928276,0.5519294009907172,0.46963277037130624,0,0,1,1,1,1,1,1,0.8374999999999999,0.8500000000000001,1.0,0.6000000000000001,0.8,skip,attack_already_active,1785296184.462951,1785296184462950954,1384852679649506,77.7,53.35546875,-1.0,0,0
2026-07-28T23:36:24.479,10.42.0.210,10.42.0.1,45,2,TRAINING,0.9293977297375461,TRAINING,0.9293977297375461,0,43,1.5454995054162724e-11,6,64704.0,0.0,6,0,1.0,0.0,0.15912290501219473,0,0,0,0,0,0,0,0,0.0225,0.0,0.0,0.0,0.15,skip,training_upload_trigger_not_confirmed,1785296184.4794548,1785296184479454673,1384852696153392,77.7,53.35546875,-1.0,0,0
2026-07-28T23:36:24.548,10.42.0.59,10.42.0.1,14,2,TRAINING,0.9,TRAINING,0.9,0,39,2.0006402048255314e-11,3,49984.0,0.0,3,0,1.0,0.0,0.6698826221113283,0,0,0,0,0,0,0,0,0.0225,0.0,0.0,0.0,0.15,skip,already_attacked_this_round,1785296184.5482905,1785296184548290501,1384852764989368,77.7,53.35546875,-1.0,0,0
2026-07-28T23:36:25.250,10.42.0.47,10.42.0.1|10.42.0.47,45,3,UPLOAD,0.95,UPLOAD,0.95,1,7240,100.0,1,0.0,7240.0,0,1,0.0,1.0,0.1953348943455456,1,0,0,1,1,1,1,1,0.9699999999999999,1.0,1.0,1.0,0.8,trigger,training_upload_trigger_confirmed,1785296185.2508104,1785296185250810475,1384853467509322,8.2,53.35546875,8.160074,1785296185258971909,1384853475669396
2026-07-28T23:36:25.252,10.42.0.47,10.42.0.1|10.42.0.47,45,3,UPLOAD,0.95,UPLOAD,0.95,1,1448,100.0,2,0.0,8688.0,0,2,0.0,1.0,0.1697731308680663,1,0,1,1,1,1,1,1,0.9699999999999999,1.0,1.0,1.0,0.8,skip,attack_already_active,1785296185.2521641,1785296185252164040,1384853468862539,8.2,53.35546875,-1.0,0,0
2026-07-28T23:36:25.253,10.42.0.47,10.42.0.1|10.42.0.47,45,3,UPLOAD,0.95,UPLOAD,0.95,1,5792,100.0,3,0.0,14480.0,0,3,0.0,1.0,0.14761202094771925,1,0,1,1,1,1,1,1,0.9699999999999999,1.0,1.0,1.0,0.8,skip,attack_already_active,1785296185.2537627,1785296185253762799,1384853470461675,8.2,53.35546875,-1.0,0,0
2026-07-28T23:36:25.255,10.42.0.47,10.42.0.1|10.42.0.47,45,3,UPLOAD,0.95,UPLOAD,0.95,1,8688,100.0,4,0.0,23168.0,0,4,0.0,1.0,0.12835622479362258,1,0,1,1,1,1,1,1,0.9699999999999999,1.0,1.0,1.0,0.8,skip,attack_already_active,1785296185.2552478,1785296185255247793,1384853471946125,8.2,53.35546875,-1.0,0,0
2026-07-28T23:36:25.256,10.42.0.47,10.42.0.1|10.42.0.47,45,3,UPLOAD,0.95,UPLOAD,0.95,1,2896,100.0,5,0.0,26064.0,0,5,0.0,1.0,0.1116434118430589,1,0,1,1,1,1,1,1,0.9699999999999999,1.0,1.0,1.0,0.8,skip,attack_already_active,1785296185.2567751,1785296185256775087,1384853473474078,8.2,53.35546875,-1.0,0,0
2026-07-28T23:36:25.258,10.42.0.47,10.42.0.1|10.42.0.47,45,3,UPLOAD,0.95,UPLOAD,0.95,1,5792,100.0,6,0.0,31856.0,0,6,0.0,1.0,0.0971159240834508,1,0,1,1,1,1,1,1,0.9699999999999999,1.0,1.0,1.0,0.8,skip,attack_already_active,1785296185.2581735,1785296185258173476,1384853474872384,8.2,53.35546875,-1.0,0,0
2026-07-28T23:36:25.259,10.42.0.47,10.42.0.1|10.42.0.47,45,3,UPLOAD,0.95,UPLOAD,0.95,1,8688,100.0,7,0.0,40544.0,0,7,0.0,1.0,0.08452993301029431,1,0,1,1,1,1,1,1,0.9699999999999999,1.0,1.0,1.0,0.8,skip,attack_already_active,1785296185.2597778,1785296185259777671,1384853476476192,8.2,53.35546875,-1.0,0,0
2026-07-28T23:36:25.261,10.42.0.47,10.42.0.1|10.42.0.47,45,3,UPLOAD,0.95,UPLOAD,0.95,1,2896,100.0,8,0.0,43440.0,0,8,0.0,1.0,0.07358011639554336,1,0,1,1,1,1,1,1,0.9699999999999999,1.0,1.0,1.0,0.8,skip,attack_already_active,1785296185.2612126,1785296185261212760,1384853477911113,8.2,53.35546875,-1.0,0,0
2026-07-28T23:36:25.262,10.42.0.47,10.42.0.1|10.42.0.47,45,3,UPLOAD,0.95,UPLOAD,0.95,1,5792,100.0,9,0.0,49232.0,0,9,0.0,1.0,0.06401502087258054,1,0,1,1,1,1,1,1,0.9699999999999999,1.0,1.0,1.0,0.8,skip,attack_already_active,1785296185.2622058,1785296185262205978,1384853478904273,8.2,53.35546875,-1.0,0,0
2026-07-28T23:36:25.264,10.42.0.47,10.42.0.1|10.42.0.47,45,3,UPLOAD,0.95,UPLOAD,0.95,1,8688,100.0,10,0.0,57920.0,0,10,0.0,1.0,0.05584077469722252,1,0,1,1,1,1,1,1,0.9699999999999999,1.0,1.0,1.0,0.8,skip,attack_already_active,1785296185.2641888,1785296185264188638,1384853480887253,8.2,53.35546875,-1.0,0,0
2026-07-28T23:36:25.265,10.42.0.47,10.42.0.1|10.42.0.47,45,3,UPLOAD,0.95,UPLOAD,0.95,1,2896,100.0,11,0.0,60816.0,0,11,0.0,1.0,0.048672242116179605,1,0,1,1,1,1,1,1,0.9699999999999999,1.0,1.0,1.0,0.8,skip,attack_already_active,1785296185.2656295,1785296185265629317,1384853482327641,8.2,53.35546875,-1.0,0,0
2026-07-28T23:36:25.266,10.42.0.47,10.42.0.1|10.42.0.47,45,3,UPLOAD,0.95,UPLOAD,0.95,1,5792,100.0,12,0.0,66608.0,0,12,0.0,1.0,0.042391284961385944,1,0,1,1,1,1,1,1,0.9699999999999999,1.0,1.0,1.0,0.8,skip,attack_already_active,1785296185.2666373,1785296185266637211,1384853483335659,8.2,53.35546875,-1.0,0,0
2026-07-28T23:36:25.268,10.42.0.47,10.42.0.1|10.42.0.47,45,3,UPLOAD,0.95,UPLOAD,0.95,1,8688,100.0,13,0.0,75296.0,0,13,0.0,1.0,0.03698550083133738,1,0,1,1,1,1,1,1,0.9699999999999999,1.0,1.0,1.0,0.8,skip,attack_already_active,1785296185.2680056,1785296185268005687,1384853484704071,8.2,53.35546875,-1.0,0,0
2026-07-28T23:36:25.269,10.42.0.47,10.42.0.1|10.42.0.47,45,3,UPLOAD,0.9504486938023846,UPLOAD,0.9504486938023846,1,2896,100.0,14,0.0,78192.0,0,14,0.0,1.0,0.03229397749978451,1,0,1,1,1,1,1,1,0.9699999999999999,1.0,1.0,1.0,0.8,skip,attack_already_active,1785296185.2693884,1785296185269388516,1384853486086842,8.2,53.35546875,-1.0,0,0
2026-07-28T23:36:25.270,10.42.0.47,10.42.0.1|10.42.0.47,45,3,UPLOAD,0.9533391687115836,UPLOAD,0.9533391687115836,1,1336,100.0,15,0.0,79528.0,0,15,0.0,1.0,0.028165193890527934,1,0,1,1,1,1,1,1,0.9699999999999999,1.0,1.0,1.0,0.8,skip,attack_already_active,1785296185.2703502,1785296185270350356,1384853487048537,8.2,53.35546875,-1.0,0,0
2026-07-28T23:36:25.271,10.42.0.1,10.42.0.1|10.42.0.47,45,3,UPLOAD,0.9655902096926924,UPLOAD,0.9655902096926924,1,7240,100.0,1,0.0,7240.0,0,1,0.0,1.0,0.03434316513956227,1,0,1,1,1,1,1,1,0.9699999999999999,1.0,1.0,1.0,0.8,skip,attack_already_active,1785296185.271718,1785296185271718045,1384853488416338,8.2,53.35546875,-1.0,0,0
2026-07-28T23:36:25.272,10.42.0.1,10.42.0.1|10.42.0.47,45,3,UPLOAD,0.9783092741030874,UPLOAD,0.9783092741030874,1,7240,100.0,2,0.0,14480.0,0,2,0.0,1.0,0.029945764704300375,1,0,1,1,1,1,1,1,0.9699999999999999,1.0,1.0,1.0,0.8,skip,attack_already_active,1785296185.2726905,1785296185272690529,1384853489388732,8.2,53.35546875,-1.0,0,0
2026-07-28T23:36:25.274,10.42.0.1,10.42.0.1|10.42.0.47,45,3,UPLOAD,0.9793453586363456,UPLOAD,0.9793453586363456,1,14480,100.0,3,0.0,28960.0,0,3,0.0,1.0,0.026178411520833795,1,0,1,1,1,1,1,1,0.9699999999999999,1.0,1.0,1.0,0.8,skip,attack_already_active,1785296185.274047,1785296185274046960,1384853490745306,8.2,53.35546875,-1.0,0,0
2026-07-28T23:36:25.274,10.42.0.1,10.42.0.1|10.42.0.47,45,3,UPLOAD,0.9799107525574812,UPLOAD,0.9799107525574812,1,14480,100.0,4,0.0,43440.0,0,4,0.0,1.0,0.022853304146076125,1,0,1,1,1,1,1,1,0.9699999999999999,1.0,1.0,1.0,0.8,skip,attack_already_active,1785296185.274992,1785296185274991799,1384853491690267,8.2,53.35546875,-1.0,0,0
2026-07-28T23:36:25.276,10.42.0.1,10.42.0.1|10.42.0.47,45,3,UPLOAD,0.9803814299741446,UPLOAD,0.9803814299741446,1,13032,100.0,5,0.0,56472.0,0,5,0.0,1.0,0.02004339669419701,1,0,1,1,1,1,1,1,0.9699999999999999,1.0,1.0,1.0,0.8,skip,attack_already_active,1785296185.2765217,1785296185276521775,1384853493220298,8.2,53.35546875,-1.0,0,0
2026-07-28T23:36:25.277,10.42.0.1,10.42.0.1|10.42.0.47,45,3,UPLOAD,0.9808552786935295,UPLOAD,0.9808552786935295,1,8688,100.0,6,0.0,65160.0,0,6,0.0,1.0,0.01759066221430007,1,0,1,1,1,1,1,1,0.9699999999999999,1.0,1.0,1.0,0.8,skip,attack_already_active,1785296185.277952,1785296185277952094,1384853494650334,8.2,53.35546875,-1.0,0,0
2026-07-28T23:36:25.279,10.42.0.1,10.42.0.1|10.42.0.47,45,3,UPLOAD,0.9812665628479191,UPLOAD,0.9812665628479191,1,8688,100.0,7,0.0,73848.0,0,7,0.0,1.0,0.015466350819515822,1,0,1,1,1,1,1,1,0.9699999999999999,1.0,1.0,1.0,0.8,skip,attack_already_active,1785296185.2794218,1785296185279421636,1384853496123869,8.2,53.35546875,-1.0,0,0
2026-07-28T23:36:25.281,10.42.0.1,10.42.0.1|10.42.0.47,45,3,UPLOAD,0.9816757263620127,UPLOAD,0.9816757263620127,1,5680,100.0,8,0.0,79528.0,0,8,0.0,1.0,0.013726589644080625,1,0,1,1,1,1,1,1,0.9699999999999999,1.0,1.0,1.0,0.8,skip,attack_already_active,1785296185.2816856,1785296185281685600,1384853498383999,8.2,53.35546875,-1.0,0,0
2026-07-28T23:36:25.664,10.42.0.210,10.42.0.1|10.42.0.210|10.42.0.47,45,3,UPLOAD,0.95,UPLOAD,0.95,1,1448,100.0,1,0.0,1448.0,0,1,0.0,1.0,0.2942966875965769,1,0,0,1,1,1,1,1,0.9525,0.95,1.0,1.0,0.8,trigger,training_upload_trigger_confirmed,1785296185.664374,1785296185664374043,1384853881073468,8.2,53.35546875,7.17853,1785296185671554665,1384853888251998
2026-07-28T23:36:25.665,10.42.0.210,10.42.0.1|10.42.0.210|10.42.0.47,45,3,UPLOAD,0.9841010226033655,UPLOAD,0.9841010226033655,1,1448,100.0,2,0.0,2896.0,0,2,0.0,1.0,0.2556767240109567,1,0,1,1,1,1,1,1,0.9699999999999999,1.0,1.0,1.0,0.8,skip,attack_already_active,1785296185.6655946,1785296185665594628,1384853882293327,8.2,53.35546875,-1.0,0,0
2026-07-28T23:36:25.667,10.42.0.210,10.42.0.1|10.42.0.210|10.42.0.47,45,3,UPLOAD,0.9854688349332961,UPLOAD,0.9854688349332961,1,1448,100.0,3,0.0,4344.0,0,3,0.0,1.0,0.22220155738884048,1,0,1,1,1,1,1,1,0.9699999999999999,1.0,1.0,1.0,0.8,skip,attack_already_active,1785296185.6672375,1785296185667237533,1384853883936843,8.2,53.35546875,-1.0,0,0
2026-07-28T23:36:25.668,10.42.0.210,10.42.0.1|10.42.0.210|10.42.0.47,45,3,UPLOAD,0.9855076450773014,UPLOAD,0.9855076450773014,1,1448,100.0,4,0.0,5792.0,0,4,0.0,1.0,0.1930734085684813,1,0,1,1,1,1,1,1,0.9699999999999999,1.0,1.0,1.0,0.8,skip,attack_already_active,1785296185.6683936,1785296185668393660,1384853885091977,8.2,53.35546875,-1.0,0,0
2026-07-28T23:36:25.670,10.42.0.210,10.42.0.1|10.42.0.210|10.42.0.47,45,3,UPLOAD,0.9855086980780915,UPLOAD,0.9855086980780915,1,1448,100.0,5,0.0,7240.0,0,5,0.0,1.0,0.16784854602017873,1,0,1,1,1,1,1,1,0.9699999999999999,1.0,1.0,1.0,0.8,skip,attack_already_active,1785296185.6700425,1785296185670042638,1384853886742003,8.2,53.35546875,-1.0,0,0
2026-07-28T23:36:25.671,10.42.0.210,10.42.0.1|10.42.0.210|10.42.0.47,45,3,UPLOAD,0.9855087254685951,UPLOAD,0.9855087254685951,1,1448,100.0,6,0.0,8688.0,0,6,0.0,1.0,0.14587500769945402,1,0,1,1,1,1,1,1,0.9699999999999999,1.0,1.0,1.0,0.8,skip,attack_already_active,1785296185.67114,1785296185671139942,1384853887838261,8.2,53.35546875,-1.0,0,0
2026-07-28T23:36:25.672,10.42.0.210,10.42.0.1|10.42.0.210|10.42.0.47,45,3,UPLOAD,0.9855087261493067,UPLOAD,0.9855087261493067,1,1448,100.0,7,0.0,10136.0,0,7,0.0,1.0,0.12684213622191856,1,0,1,1,1,1,1,1,0.9699999999999999,1.0,1.0,1.0,0.8,skip,attack_already_active,1785296185.6725798,1785296185672579888,1384853889278123,8.2,53.35546875,-1.0,0,0
2026-07-28T23:36:25.673,10.42.0.210,10.42.0.1|10.42.0.210|10.42.0.47,45,3,UPLOAD,0.9855087261653082,UPLOAD,0.9855087261653082,1,1448,100.0,8,0.0,11584.0,0,8,0.0,1.0,0.11026474982610372,1,0,1,1,1,1,1,1,0.9699999999999999,1.0,1.0,1.0,0.8,skip,attack_already_active,1785296185.6736207,1785296185673620759,1384853890319147,8.2,53.35546875,-1.0,0,0
2026-07-28T23:36:25.675,10.42.0.210,10.42.0.1|10.42.0.210|10.42.0.47,45,3,UPLOAD,0.985508726165656,UPLOAD,0.985508726165656,1,1448,100.0,9,0.0,13032.0,0,9,0.0,1.0,0.09592424407580963,1,0,1,1,1,1,1,1,0.9699999999999999,1.0,1.0,1.0,0.8,skip,attack_already_active,1785296185.6750593,1785296185675059180,1384853891757758,8.2,53.35546875,-1.0,0,0
2026-07-28T23:36:25.676,10.42.0.210,10.42.0.1|10.42.0.210|10.42.0.47,45,3,UPLOAD,0.9855087261656625,UPLOAD,0.9855087261656625,1,1448,100.0,10,0.0,14480.0,0,10,0.0,1.0,0.08345749077224776,1,0,1,1,1,1,1,1,0.9699999999999999,1.0,1.0,1.0,0.8,skip,attack_already_active,1785296185.6763768,1785296185676376757,1384853893076231,8.2,53.35546875,-1.0,0,0
2026-07-28T23:36:25.678,10.42.0.210,10.42.0.1|10.42.0.210|10.42.0.47,45,3,UPLOAD,0.95,UPLOAD,0.95,1,1448,100.0,11,0.0,15928.0,0,11,0.0,1.0,0.07268405657319775,1,0,1,1,1,1,1,1,0.9699999999999999,1.0,1.0,1.0,0.8,skip,attack_already_active,1785296185.6780777,1785296185678077759,1384853894776877,8.2,53.35546875,-1.0,0,0
2026-07-28T23:36:25.679,10.42.0.210,10.42.0.1|10.42.0.210|10.42.0.47,45,3,UPLOAD,0.95,UPLOAD,0.95,1,1448,100.0,12,0.0,17376.0,0,12,0.0,1.0,0.06326189008528008,1,0,1,1,1,1,1,1,0.9699999999999999,1.0,1.0,1.0,0.8,skip,attack_already_active,1785296185.6792595,1785296185679259643,1384853895957988,8.2,53.35546875,-1.0,0,0
2026-07-28T23:36:25.680,10.42.0.210,10.42.0.1|10.42.0.210|10.42.0.47,45,3,UPLOAD,0.95,UPLOAD,0.95,1,1448,100.0,13,0.0,18824.0,0,13,0.0,1.0,0.0551510085553473,1,0,1,1,1,1,1,1,0.9699999999999999,1.0,1.0,1.0,0.8,skip,attack_already_active,1785296185.6809702,1785296185680970256,1384853897669107,8.2,53.35546875,-1.0,0,0
2026-07-28T23:36:25.682,10.42.0.210,10.42.0.1|10.42.0.210|10.42.0.47,45,3,UPLOAD,0.95,UPLOAD,0.95,1,1448,100.0,14,0.0,20272.0,0,14,0.0,1.0,0.04803412910670651,1,0,1,1,1,1,1,1,0.9699999999999999,1.0,1.0,1.0,0.8,skip,attack_already_active,1785296185.6821132,1785296185682113363,1384853898812112,8.2,53.35546875,-1.0,0,0
2026-07-28T23:36:25.683,10.42.0.210,10.42.0.1|10.42.0.210|10.42.0.47,45,3,UPLOAD,0.95,UPLOAD,0.95,1,1448,100.0,15,0.0,21720.0,0,15,0.0,1.0,0.04192400262148836,1,0,1,1,1,1,1,1,0.9699999999999999,1.0,1.0,1.0,0.8,skip,attack_already_active,1785296185.6837792,1785296185683779335,1384853900478654,8.2,53.35546875,-1.0,0,0
2026-07-28T23:36:25.685,10.42.0.210,10.42.0.1|10.42.0.210|10.42.0.47,45,3,UPLOAD,0.95,UPLOAD,0.95,1,1448,100.0,16,0.0,23168.0,0,16,0.0,1.0,0.03661268847679949,1,0,1,1,1,1,1,1,0.9699999999999999,1.0,1.0,1.0,0.8,skip,attack_already_active,1785296185.6853971,1785296185685397182,1384853902096023,47.4,53.35546875,-1.0,0,0
2026-07-28T23:36:25.687,10.42.0.210,10.42.0.1|10.42.0.210|10.42.0.47,45,3,UPLOAD,0.95,UPLOAD,0.95,1,1448,100.0,17,0.0,24616.0,0,17,0.0,1.0,0.03203193339414251,1,0,1,1,1,1,1,1,0.9699999999999999,1.0,1.0,1.0,0.8,skip,attack_already_active,1785296185.6872478,1785296185687247960,1384853903947318,47.4,53.35546875,-1.0,0,0
2026-07-28T23:36:25.688,10.42.0.210,10.42.0.1|10.42.0.210|10.42.0.47,45,3,UPLOAD,0.95,UPLOAD,0.95,1,1448,100.0,18,0.0,26064.0,0,18,0.0,1.0,0.027959295735053645,1,0,1,1,1,1,1,1,0.9699999999999999,1.0,1.0,1.0,0.8,skip,attack_already_active,1785296185.6883736,1785296185688373543,1384853905072555,47.4,53.35546875,-1.0,0,0
2026-07-28T23:36:25.689,10.42.0.210,10.42.0.1|10.42.0.210|10.42.0.47,45,3,UPLOAD,0.95,UPLOAD,0.95,1,1448,100.0,19,0.0,27512.0,0,19,0.0,1.0,0.024480601809030892,1,0,1,1,1,1,1,1,0.9699999999999999,1.0,1.0,1.0,0.8,skip,attack_already_active,1785296185.689934,1785296185689934090,1384853906632503,47.4,53.35546875,-1.0,0,0
2026-07-28T23:36:25.691,10.42.0.210,10.42.0.1|10.42.0.210|10.42.0.47,45,3,UPLOAD,0.95,UPLOAD,0.95,1,1448,100.0,20,0.0,28960.0,0,20,0.0,1.0,0.021397350294037526,1,0,1,1,1,1,1,1,0.9699999999999999,1.0,1.0,1.0,0.8,skip,attack_already_active,1785296185.6910167,1785296185691016778,1384853907715250,47.4,53.35546875,-1.0,0,0
2026-07-28T23:36:25.692,10.42.0.210,10.42.0.1|10.42.0.210|10.42.0.47,45,3,UPLOAD,0.95,UPLOAD,0.95,1,1448,100.0,21,0.0,30408.0,0,21,0.0,1.0,0.01882743196941685,1,0,1,1,1,1,1,1,0.9699999999999999,1.0,1.0,1.0,0.8,skip,attack_already_active,1785296185.6929116,1785296185692911673,1384853909611432,47.4,53.35546875,-1.0,0,0
2026-07-28T23:36:25.694,10.42.0.210,10.42.0.1|10.42.0.210|10.42.0.47,45,3,UPLOAD,0.95,UPLOAD,0.95,1,1448,100.0,22,0.0,31856.0,0,22,0.0,1.0,0.016536721391644034,1,0,1,1,1,1,1,1,0.9699999999999999,1.0,1.0,1.0,0.8,skip,attack_already_active,1785296185.6943555,1785296185694355511,1384853911054849,47.4,53.35546875,-1.0,0,0
2026-07-28T23:36:25.696,10.42.0.210,10.42.0.1|10.42.0.210|10.42.0.47,45,3,UPLOAD,0.95,UPLOAD,0.95,1,1448,100.0,23,0.0,33304.0,0,23,0.0,1.0,0.014576457891668596,1,0,1,1,1,1,1,1,0.9699999999999999,1.0,1.0,1.0,0.8,skip,attack_already_active,1785296185.6960163,1785296185696016382,1384853912715069,47.4,53.35546875,-1.0,0,0
2026-07-28T23:36:25.697,10.42.0.210,10.42.0.1|10.42.0.210|10.42.0.47,45,3,UPLOAD,0.95,UPLOAD,0.95,1,1448,100.0,24,0.0,34752.0,0,24,0.0,1.0,0.012802341117827475,1,0,1,1,1,1,1,1,0.9699999999999999,1.0,1.0,1.0,0.8,skip,attack_already_active,1785296185.6971295,1785296185697129560,1384853913828101,47.4,53.35546875,-1.0,0,0
2026-07-28T23:36:25.698,10.42.0.210,10.42.0.1|10.42.0.210|10.42.0.47,45,3,UPLOAD,0.95,UPLOAD,0.95,1,1448,100.0,25,0.0,36200.0,0,25,0.0,1.0,0.011348939811041818,1,0,1,1,1,1,1,1,0.9699999999999999,1.0,1.0,1.0,0.8,skip,attack_already_active,1785296185.6989024,1785296185698902257,1384853915601531,47.4,53.35546875,-1.0,0,0
2026-07-28T23:36:25.700,10.42.0.210,10.42.0.1|10.42.0.210|10.42.0.47,45,3,UPLOAD,0.95,UPLOAD,0.95,1,1448,100.0,26,0.0,37648.0,0,26,0.0,1.0,0.010014171132057353,1,0,1,1,1,1,1,1,0.9699999999999999,1.0,1.0,1.0,0.8,skip,attack_already_active,1785296185.700122,1785296185700122061,1384853916821055,47.4,53.35546875,-1.0,0,0
2026-07-28T23:36:25.701,10.42.0.210,10.42.0.1|10.42.0.210|10.42.0.47,45,3,UPLOAD,0.95,UPLOAD,0.95,1,1448,100.0,27,0.0,39096.0,0,27,0.0,1.0,0.008914198664719486,1,0,1,1,1,1,1,1,0.9699999999999999,1.0,1.0,1.0,0.8,skip,attack_already_active,1785296185.701789,1785296185701788976,1384853918487828,47.4,53.35546875,-1.0,0,0
2026-07-28T23:36:25.702,10.42.0.210,10.42.0.1|10.42.0.210|10.42.0.47,45,3,UPLOAD,0.95,UPLOAD,0.95,1,1448,100.0,28,0.0,40544.0,0,28,0.0,1.0,0.007895019987498003,1,0,1,1,1,1,1,1,0.9699999999999999,1.0,1.0,1.0,0.8,skip,attack_already_active,1785296185.7029688,1785296185702968900,1384853919667595,47.4,53.35546875,-1.0,0,0
2026-07-28T23:36:25.704,10.42.0.210,10.42.0.1|10.42.0.210|10.42.0.47,45,3,UPLOAD,0.95,UPLOAD,0.95,1,1448,100.0,29,0.0,41992.0,0,29,0.0,1.0,0.007082937343957837,1,0,1,1,1,1,1,1,0.9699999999999999,1.0,1.0,1.0,0.8,skip,attack_already_active,1785296185.7047012,1785296185704701310,1384853921400071,47.4,53.35546875,-1.0,0,0
2026-07-28T23:36:25.705,10.42.0.210,10.42.0.1|10.42.0.210|10.42.0.47,45,3,UPLOAD,0.95,UPLOAD,0.95,1,1448,100.0,30,0.0,43440.0,0,30,0.0,1.0,0.006292693666736543,1,0,1,1,1,1,1,1,0.9699999999999999,1.0,1.0,1.0,0.8,skip,attack_already_active,1785296185.7057872,1785296185705787256,1384853922485800,47.4,53.35546875,-1.0,0,0
2026-07-28T23:36:25.707,10.42.0.210,10.42.0.1|10.42.0.210|10.42.0.47,45,3,UPLOAD,0.95,UPLOAD,0.95,1,1448,100.0,31,0.0,44888.0,0,31,0.0,1.0,0.005653395977893021,1,0,1,1,1,1,1,1,0.9699999999999999,1.0,1.0,1.0,0.8,skip,attack_already_active,1785296185.7072284,1785296185707228377,1384853923926871,47.4,53.35546875,-1.0,0,0
2026-07-28T23:36:25.708,10.42.0.210,10.42.0.1|10.42.0.210|10.42.0.47,45,3,UPLOAD,0.95,UPLOAD,0.95,1,1448,100.0,32,0.0,46336.0,0,32,0.0,1.0,0.005038302595036894,1,0,1,1,1,1,1,1,0.9699999999999999,1.0,1.0,1.0,0.8,skip,attack_already_active,1785296185.708214,1785296185708213939,1384853924912393,47.4,53.35546875,-1.0,0,0
2026-07-28T23:36:25.709,10.42.0.210,10.42.0.1|10.42.0.210|10.42.0.47,45,3,UPLOAD,0.95,UPLOAD,0.95,1,1448,100.0,33,0.0,47784.0,0,33,0.0,1.0,0.004547650358065069,1,0,1,1,1,1,1,1,0.9699999999999999,1.0,1.0,1.0,0.8,skip,attack_already_active,1785296185.709529,1785296185709528804,1384853926228095,47.4,53.35546875,-1.0,0,0
2026-07-28T23:36:25.710,10.42.0.210,10.42.0.1|10.42.0.210|10.42.0.47,45,3,UPLOAD,0.95,UPLOAD,0.95,1,1448,100.0,34,0.0,49232.0,0,34,0.0,1.0,0.004106447497880309,1,0,1,1,1,1,1,1,0.9699999999999999,1.0,1.0,1.0,0.8,skip,attack_already_active,1785296185.7107284,1785296185710728381,1384853927426852,47.4,53.35546875,-1.0,0,0
2026-07-28T23:36:25.711,10.42.0.210,10.42.0.1|10.42.0.210|10.42.0.47,45,3,UPLOAD,0.95,UPLOAD,0.95,1,1448,100.0,35,0.0,50680.0,0,35,0.0,1.0,0.003697715827748424,1,0,1,1,1,1,1,1,0.9699999999999999,1.0,1.0,1.0,0.8,skip,attack_already_active,1785296185.711733,1785296185711733112,1384853928431462,47.4,53.35546875,-1.0,0,0
2026-07-28T23:36:25.712,10.42.0.210,10.42.0.1|10.42.0.210|10.42.0.47,45,3,UPLOAD,0.95,UPLOAD,0.95,1,1448,100.0,36,0.0,52128.0,0,36,0.0,1.0,0.0033454836247800842,1,0,1,1,1,1,1,1,0.9699999999999999,1.0,1.0,1.0,0.8,skip,attack_already_active,1785296185.7127578,1785296185712757704,1384853929456088,47.4,53.35546875,-1.0,0,0
2026-07-28T23:36:25.714,10.42.0.1,10.42.0.1|10.42.0.210|10.42.0.47,45,3,UPLOAD,0.9820010006394583,UPLOAD,0.9820010006394583,1,7240,100.0,9,0.0,86768.0,0,9,0.0,1.0,0.06891697301424946,1,0,1,1,1,1,1,1,0.9699999999999999,1.0,1.0,1.0,0.8,skip,attack_already_active,1785296185.7142367,1785296185714236558,1384853930935142,47.4,53.35546875,-1.0,0,0
2026-07-28T23:36:25.715,10.42.0.1,10.42.0.1|10.42.0.210|10.42.0.47,45,3,UPLOAD,0.9824092932493103,UPLOAD,0.9824092932493103,1,7240,100.0,10,0.0,94008.0,0,10,0.0,1.0,0.05998244648382137,1,0,1,1,1,1,1,1,0.9699999999999999,1.0,1.0,1.0,0.8,skip,attack_already_active,1785296185.715352,1785296185715352020,1384853932050548,47.4,53.35546875,-1.0,0,0
2026-07-28T23:36:25.729,10.42.0.1,10.42.0.1|10.42.0.210|10.42.0.47,45,3,UPLOAD,0.9827679163595232,UPLOAD,0.9827679163595232,1,1448,100.0,11,0.0,95456.0,0,11,0.0,1.0,0.05388055529440545,1,0,1,1,1,1,1,1,0.9699999999999999,1.0,1.0,1.0,0.8,skip,attack_already_active,1785296185.729029,1785296185729028762,1384853945727404,47.4,53.35546875,-1.0,0,0
2026-07-28T23:36:25.775,10.42.0.1,10.42.0.1|10.42.0.210|10.42.0.47,45,3,UPLOAD,0.9832062863262676,UPLOAD,0.9832062863262676,1,14480,100.0,12,0.0,109936.0,0,12,0.0,1.0,0.05293578673957535,1,0,1,1,1,1,1,1,0.9699999999999999,1.0,1.0,1.0,0.8,skip,attack_already_active,1785296185.77574,1785296185775739894,1384853992440405,47.4,53.35546875,-1.0,0,0
2026-07-28T23:36:25.776,10.42.0.1,10.42.0.1|10.42.0.210|10.42.0.47,45,3,UPLOAD,0.9835885916988943,UPLOAD,0.9835885916988943,1,14480,100.0,13,0.0,124416.0,0,13,0.0,1.0,0.04612599161257229,1,0,1,1,1,1,1,1,0.9699999999999999,1.0,1.0,1.0,0.8,skip,attack_already_active,1785296185.776998,1785296185776998201,1384853993697386,47.4,53.35546875,-1.0,0,0
2026-07-28T23:36:25.778,10.42.0.1,10.42.0.1|10.42.0.210|10.42.0.47,45,3,UPLOAD,0.9840296066952819,UPLOAD,0.9840296066952819,1,15928,100.0,14,0.0,140344.0,0,14,0.0,1.0,0.04025389366736979,1,0,1,1,1,1,1,1,0.9699999999999999,1.0,1.0,1.0,0.8,skip,attack_already_active,1785296185.7785623,1785296185778562214,1384853995260788,47.4,53.35546875,-1.0,0,0
2026-07-28T23:36:25.780,10.42.0.1,10.42.0.1|10.42.0.210|10.42.0.47,45,3,UPLOAD,0.9843706324573437,UPLOAD,0.9843706324573437,1,14480,100.0,15,0.0,154824.0,0,15,0.0,1.0,0.035162720077890494,1,0,1,1,1,1,1,1,0.9699999999999999,1.0,1.0,1.0,0.8,skip,attack_already_active,1785296185.7801807,1785296185780180803,1384853996879495,47.4,53.35546875,-1.0,0,0
2026-07-28T23:36:25.781,10.42.0.1,10.42.0.1|10.42.0.210|10.42.0.47,45,3,UPLOAD,0.9847076426708198,UPLOAD,0.9847076426708198,1,4233,100.0,16,0.0,159057.0,0,16,0.0,1.0,0.030742810193449505,1,0,1,1,1,1,1,1,0.9699999999999999,1.0,1.0,1.0,0.8,skip,attack_already_active,1785296185.781802,1785296185781801925,1384853998500591,47.4,53.35546875,-1.0,0,0
2026-07-28T23:36:26.090,10.42.0.1,10.42.0.210,46,1,DOWNLOAD,0.9841357529313267,DOWNLOAD,0.9841357529313267,-1,1448,100.0,17,1448.0,159057.0,1,16,0.009021525809164823,0.9909784741908352,0.1671220232746558,0,0,0,0,1,0,0,0,0.44,0.8500000000000001,0.0,0.6000000000000001,0.15,skip,training_upload_trigger_not_confirmed,1785296186.090407,1785296186090406846,1384854307105580,47.4,53.35546875,-1.0,0,0
2026-07-28T23:36:26.093,10.42.0.1,10.42.0.210,46,1,DOWNLOAD,0.95,DOWNLOAD,0.95,-1,5792,21.969198892131327,18,7240.0,159057.0,2,16,0.04353656409917196,0.956463435900828,0.14553052961269822,0,0,0,0,1,0,0,0,0.44,0.8500000000000001,0.0,0.6000000000000001,0.15,skip,training_upload_trigger_not_confirmed,1785296186.093677,1785296186093676964,1384854310375755,47.4,53.35546875,-1.0,0,0
2026-07-28T23:36:26.094,10.42.0.1,10.42.0.210,46,1,DOWNLOAD,0.95,DOWNLOAD,0.95,-1,7240,10.984599446824268,19,14480.0,159057.0,3,16,0.08344041904608239,0.9165595809539177,0.12651276509978174,0,0,0,0,1,0,0,0,0.44,0.8500000000000001,0.0,0.6000000000000001,0.15,skip,training_upload_trigger_not_confirmed,1785296186.094887,1785296186094887033,1384854311586123,47.4,53.35546875,-1.0,0,0
2026-07-28T23:36:26.097,10.42.0.1,10.42.0.210,46,1,DOWNLOAD,0.9681250887632956,DOWNLOAD,0.9681250887632956,-1,7240,7.323066298051424,20,21720.0,159057.0,4,16,0.12014802768051246,0.8798519723194875,0.110143157672405,0,0,0,0,1,0,0,0,0.4,0.8500000000000001,0.0,0.4,0.15,skip,training_upload_trigger_not_confirmed,1785296186.0971754,1785296186097175405,1384854313873999,47.4,53.35546875,-1.0,0,0
2026-07-28T23:36:26.098,10.42.0.1,10.42.0.210,46,1,DOWNLOAD,0.9688431096335657,DOWNLOAD,0.9688431096335657,-1,7240,5.492299723601786,21,28960.0,159057.0,5,16,0.15402862507113718,0.8459713749288628,0.09579156137694368,0,0,0,0,1,0,0,0,0.4,0.8500000000000001,0.0,0.4,0.15,skip,training_upload_trigger_not_confirmed,1785296186.0984082,1785296186098408210,1384854315106763,47.4,53.35546875,-1.0,0,0
2026-07-28T23:36:26.100,10.42.0.1,10.42.0.210,46,1,DOWNLOAD,0.9632192003789322,DOWNLOAD,0.9632192003789322,-1,7240,4.393839778911772,22,36200.0,159057.0,6,16,0.1853966823212484,0.8146033176787516,0.08349319042971595,0,0,0,0,1,0,0,0,0.4,0.8500000000000001,0.0,0.4,0.15,skip,training_upload_trigger_not_confirmed,1785296186.1008708,1785296186100870827,1384854317569973,47.4,53.35546875,-1.0,0,0
2026-07-28T23:36:26.102,10.42.0.1,10.42.0.210,46,1,DOWNLOAD,0.9561060230997616,DOWNLOAD,0.9561060230997616,-1,7240,3.6615331491100016,23,43440.0,159057.0,7,16,0.21452169661772766,0.7854783033822723,0.07264825836136389,0,0,0,0,1,0,0,0,0.32,0.8500000000000001,0.0,0.0,0.15,skip,training_upload_trigger_not_confirmed,1785296186.1020648,1785296186102064787,1384854318764031,47.4,53.35546875,-1.0,0,0
2026-07-28T23:36:26.104,10.42.0.1,10.42.0.210,46,1,DOWNLOAD,0.95,DOWNLOAD,0.95,-1,2896,3.4326873272955654,24,46336.0,159057.0,8,16,0.22559678275306363,0.7744032172469364,0.06339512259261551,0,0,0,0,1,0,0,0,0.32,0.8500000000000001,0.0,0.0,0.15,skip,training_upload_trigger_not_confirmed,1785296186.1044936,1785296186104493642,1384854321192415,47.4,53.35546875,-1.0,0,0
2026-07-28T23:36:26.106,10.42.0.1,10.42.0.210,46,1,DOWNLOAD,0.95,DOWNLOAD,0.95,-1,7240,2.9688106614534715,25,53576.0,159057.0,9,16,0.2519646527114794,0.7480353472885206,0.05531886885675791,0,0,0,0,1,0,0,0,0.32,0.8500000000000001,0.0,0.0,0.15,skip,training_upload_trigger_not_confirmed,1785296186.1066003,1785296186106600265,1384854323298822,47.4,53.35546875,-1.0,0,0
2026-07-28T23:36:26.107,10.42.0.1,10.42.0.210,46,1,DOWNLOAD,0.95,DOWNLOAD,0.95,-1,7240,2.6153808208100604,26,60816.0,159057.0,10,16,0.27659603498383156,0.7234039650161684,0.04818257160948669,0,0,0,0,1,0,0,0,0.32,0.8500000000000001,0.0,0.0,0.15,skip,training_upload_trigger_not_confirmed,1785296186.1077638,1785296186107763589,1384854324462129,47.4,53.35546875,-1.0,0,0
2026-07-28T23:36:26.109,10.42.0.1,10.42.0.210,46,1,DOWNLOAD,0.95,DOWNLOAD,0.95,-1,10136,2.241754989271032,27,70952.0,159057.0,11,16,0.3084748857653396,0.6915251142346603,0.04199664690023694,0,0,0,0,1,0,0,0,0.32,0.8500000000000001,0.0,0.0,0.15,skip,training_upload_trigger_not_confirmed,1785296186.109003,1785296186109003068,1384854325702996,47.4,53.35546875,-1.0,0,0
2026-07-28T23:36:26.110,10.42.0.1,10.42.0.210,46,1,DOWNLOAD,0.95,DOWNLOAD,0.95,-1,14480,1.8617965165176775,28,85432.0,159057.0,12,16,0.34943085373984106,0.6505691462601589,0.03663984991282507,0,0,0,0,1,0,0,0,0.32,0.8500000000000001,0.0,0.0,0.15,skip,training_upload_trigger_not_confirmed,1785296186.1103485,1785296186110348435,1384854327047632,47.4,53.35546875,-1.0,0,0
2026-07-28T23:36:26.111,10.42.0.1,10.42.0.210,46,1,DOWNLOAD,0.95,DOWNLOAD,0.95,-1,4344,1.7717095883000837,29,89776.0,159057.0,13,16,0.3607881591268039,0.639211840873196,0.031969934426458124,0,0,0,0,1,0,0,0,0.32,0.8500000000000001,0.0,0.0,0.15,skip,training_upload_trigger_not_confirmed,1785296186.1115496,1785296186111549782,1384854328248377,47.4,53.35546875,-1.0,0,0
2026-07-28T23:36:26.112,10.42.0.1,10.42.0.210,46,1,DOWNLOAD,0.95,DOWNLOAD,0.95,-1,4344,1.6899383765332563,30,94120.0,159057.0,14,16,0.3717557282059587,0.6282442717940413,0.02791539457259007,0,0,0,0,1,0,0,0,0.32,0.8500000000000001,0.0,0.0,0.15,skip,training_upload_trigger_not_confirmed,1785296186.1127508,1785296186112750725,1384854329449562,47.4,53.35546875,-1.0,0,0
2026-07-28T23:36:26.113,10.42.0.1,10.42.0.210,46,1,DOWNLOAD,0.95,DOWNLOAD,0.95,-1,14480,1.4646132596642303,31,108600.0,159057.0,15,16,0.4057431712975936,0.5942568287024065,0.0243996322540138,0,0,0,0,1,0,0,0,0.32,0.8500000000000001,0.0,0.0,0.15,skip,training_upload_trigger_not_confirmed,1785296186.113986,1785296186113986170,1384854330684970,47.4,53.35546875,-1.0,0,0
2026-07-28T23:36:26.115,10.42.0.1,10.42.0.210,46,1,DOWNLOAD,0.95,DOWNLOAD,0.95,-1,20272,1.2342246570222064,32,128872.0,159057.0,16,16,0.4475825637570373,0.5524174362429627,0.021352153026927327,0,0,0,0,1,0,0,0,0.32,0.8500000000000001,0.0,0.0,0.15,skip,training_upload_trigger_not_confirmed,1785296186.1152592,1785296186115259065,1384854331957994,47.4,53.35546875,-1.0,0,0
2026-07-28T23:36:26.116,10.42.0.1,10.42.0.210,46,1,DOWNLOAD,0.95,DOWNLOAD,0.95,-1,18824,1.0769215144616175,33,147696.0,159057.0,17,16,0.4814818436983501,0.5185181563016499,0.018712945679714325,0,0,0,0,1,0,0,0,0.30250000000000005,0.8000000000000002,0.0,0.0,0.15,skip,training_upload_trigger_not_confirmed,1785296186.116583,1785296186116583225,1384854333282118,47.4,53.35546875,-1.0,0,0
2026-07-28T23:36:26.117,10.42.0.1,10.42.0.210,46,1,DOWNLOAD,0.95,DOWNLOAD,0.95,-1,13032,0.9896035538301379,34,160728.0,159057.0,18,16,0.5026126929030442,0.4973873070969558,0.016386016724481065,0,0,0,0,1,0,0,0,0.30250000000000005,0.8000000000000002,0.0,0.0,0.15,skip,training_upload_trigger_not_confirmed,1785296186.1176376,1785296186117637753,1384854334336418,47.4,53.35546875,-1.0,0,0
2026-07-28T23:36:26.118,10.42.0.59,10.42.0.210,14,2,TRAINING,0.95,TRAINING,0.95,-1,7300,1.3698630135109776e-10,1,7300.0,0.0,1,0,1.0,0.0,0.7821665222240309,0,0,0,0,0,0,0,0,0.0225,0.0,0.0,0.0,0.15,skip,already_attacked_this_round,1785296186.1184313,1785296186118431291,1384854335129537,47.4,53.35546875,-1.0,0,0
2026-07-28T23:36:26.119,10.42.0.59,10.42.0.210,14,2,TRAINING,0.95,TRAINING,0.95,-1,7300,6.84931506802402e-11,2,14600.0,0.0,2,0,1.0,0.0,0.6792029154200029,0,0,0,0,0,0,0,0,0.0225,0.0,0.0,0.0,0.15,skip,already_attacked_this_round,1785296186.1192355,1785296186119235458,1384854335934032,47.4,53.35546875,-1.0,0,0
2026-07-28T23:36:26.120,10.42.0.1,10.42.0.210,46,1,DOWNLOAD,0.95,DOWNLOAD,0.95,-1,18824,0.8858547941549754,35,179552.0,159057.0,19,16,0.5302635192803499,0.4697364807196501,0.014547279222455436,0,0,0,0,1,0,0,0,0.30250000000000005,0.8000000000000002,0.0,0.0,0.15,skip,training_upload_trigger_not_confirmed,1785296186.12007,1785296186120069971,1384854336768354,47.4,53.35546875,-1.0,0,0
2026-07-28T23:36:26.121,10.42.0.1,10.42.0.210,46,1,DOWNLOAD,0.95,DOWNLOAD,0.95,-1,16946,0.8094586204449437,36,196498.0,159057.0,20,16,0.5526514885179508,0.4473485114820492,0.012800853320791948,0,0,0,0,1,0,0,0,0.30250000000000005,0.8000000000000002,0.0,0.0,0.15,skip,training_upload_trigger_not_confirmed,1785296186.121364,1785296186121364229,1384854338062632,47.4,53.35546875,-1.0,0,0
2026-07-28T23:36:26.122,10.42.0.210,10.42.0.210,46,1,DOWNLOAD,0.9832674581159667,DOWNLOAD,0.9832674581159667,-1,7240,7.199999999143646,37,7240.0,52128.0,1,36,0.12195121951219512,0.8780487804878049,0.21879633118297173,0,0,0,0,0,0,0,0,0.057499999999999996,0.1,0.0,0.0,0.15,skip,training_upload_trigger_not_confirmed,1785296186.1224167,1785296186122416665,1384854339115013,47.4,53.35546875,-1.0,0,0
2026-07-28T23:36:26.123,10.42.0.210,10.42.0.210,46,1,DOWNLOAD,0.95,DOWNLOAD,0.95,-1,7240,3.599999999820442,38,14480.0,52128.0,2,36,0.21739130434782608,0.782608695652174,0.1900610753721711,0,0,0,0,0,0,0,0,0.057499999999999996,0.1,0.0,0.0,0.15,skip,training_upload_trigger_not_confirmed,1785296186.1231492,1785296186123149066,1384854339847656,47.4,53.35546875,-1.0,0,0
2026-07-28T23:36:26.123,10.42.0.1,10.42.0.210,46,1,DOWNLOAD,0.95,DOWNLOAD,0.95,-1,21720,0.7288903756806089,37,218218.0,159057.0,21,16,0.5784056722549864,0.4215943277450136,0.011455221524703628,0,0,0,0,1,0,0,0,0.28500000000000003,0.7500000000000001,0.0,0.0,0.15,skip,training_upload_trigger_not_confirmed,1785296186.1239533,1785296186123953298,1384854340651554,47.4,53.35546875,-1.0,0,0
2026-07-28T23:36:26.125,10.42.0.1,10.42.0.210,46,1,DOWNLOAD,0.95,DOWNLOAD,0.95,-1,14024,0.6848761205996983,38,232242.0,159057.0,22,16,0.5935154447110778,0.4064845552889223,0.01010553652239285,0,0,0,0,1,0,0,0,0.28500000000000003,0.7500000000000001,0.0,0.0,0.15,skip,training_upload_trigger_not_confirmed,1785296186.1251662,1785296186125166034,1384854341865491,47.4,53.35546875,-1.0,0,0
2026-07-28T23:36:26.127,10.42.0.18,10.42.0.210,35,1,DOWNLOAD,0.95,DOWNLOAD,0.95,-1,7300,1.3698630135109776e-10,1,7300.0,0.0,1,0,1.0,0.0,0.5528336257034686,0,0,0,0,0,0,0,0,0.0225,0.0,0.0,0.0,0.15,skip,already_attacked_this_round,1785296186.1270175,1785296186127017402,1384854343715855,47.4,53.35546875,-1.0,0,0
2026-07-28T23:36:26.127,10.42.0.18,10.42.0.210,35,1,DOWNLOAD,0.95,DOWNLOAD,0.95,-1,7300,6.84931506802402e-11,2,14600.0,0.0,2,0,1.0,0.0,0.48008863722239226,0,0,0,0,0,0,0,0,0.0225,0.0,0.0,0.0,0.15,skip,already_attacked_this_round,1785296186.1278095,1785296186127809541,1384854344508031,47.4,53.35546875,-1.0,0,0
2026-07-28T23:36:26.128,10.42.0.1,10.42.0.210,46,1,DOWNLOAD,0.95,DOWNLOAD,0.95,-1,21720,0.6263023601970913,39,253962.0,159057.0,23,16,0.6148918088514088,0.38510819114859124,0.009235250532786812,0,0,0,0,1,0,0,0,0.28500000000000003,0.7500000000000001,0.0,0.0,0.15,skip,training_upload_trigger_not_confirmed,1785296186.1286674,1785296186128667490,1384854345365768,69.5,53.35546875,-1.0,0,0
2026-07-28T23:36:26.129,10.42.0.1,10.42.0.210,46,1,DOWNLOAD,0.95,DOWNLOAD,0.95,-1,11584,0.5989809675174961,40,265546.0,159057.0,24,16,0.6253983132479045,0.3746016867520955,0.008124282882661437,0,0,0,0,1,0,0,0,0.28500000000000003,0.7500000000000001,0.0,0.0,0.15,skip,training_upload_trigger_not_confirmed,1785296186.1294718,1785296186129471815,1384854346170114,69.5,53.35546875,-1.0,0,0
2026-07-28T23:36:26.130,10.42.0.145,10.42.0.210,19,1,DOWNLOAD,0.95,DOWNLOAD,0.95,-1,7300,1.3698630135109776e-10,1,7300.0,0.0,1,0,1.0,0.0,1.0459947416666033,0,0,0,0,0,0,0,0,0.0225,0.0,0.0,0.0,0.15,skip,already_attacked_this_round,1785296186.1309028,1785296186130902678,1384854347601392,69.5,53.35546875,-1.0,0,0
2026-07-28T23:36:26.131,10.42.0.145,10.42.0.210,19,1,DOWNLOAD,0.95,DOWNLOAD,0.95,-1,7300,6.84931506802402e-11,2,14600.0,0.0,2,0,1.0,0.0,0.9082805488729386,0,0,0,0,0,0,0,0,0.0225,0.0,0.0,0.0,0.15,skip,already_attacked_this_round,1785296186.1318226,1785296186131822535,1384854348522138,69.5,53.35546875,-1.0,0,0
2026-07-28T23:36:26.136,10.42.0.47,10.42.0.210,46,1,DOWNLOAD,0.95,DOWNLOAD,0.95,-1,2896,27.46132595771363,16,2896.0,79528.0,1,15,0.03513539745705135,0.9648646025429487,0.030246652774000758,0,0,0,0,0,0,0,0,0.057499999999999996,0.1,0.0,0.0,0.15,skip,training_upload_trigger_not_confirmed,1785296186.1361127,1785296186136112757,1384854352812032,69.5,53.35546875,-1.0,0,0
2026-07-28T23:36:26.137,10.42.0.210,10.42.0.210,46,1,DOWNLOAD,0.9557926560077417,DOWNLOAD,0.9557926560077417,-1,10136,2.117647058778126,39,24616.0,52128.0,3,36,0.32075471698113206,0.6792452830188679,0.1669574784913176,0,0,0,0,0,0,0,0,0.057499999999999996,0.1,0.0,0.0,0.15,skip,training_upload_trigger_not_confirmed,1785296186.1378834,1785296186137883414,1384854354582597,69.5,53.35546875,-1.0,0,0
2026-07-28T23:36:26.139,10.42.0.210,10.42.0.210,46,1,DOWNLOAD,0.9846998846180315,DOWNLOAD,0.9846998846180315,-1,14480,1.3333333333248074,40,39096.0,52128.0,4,36,0.42857142857142855,0.5714285714285714,0.1451114451324593,0,0,0,0,0,0,0,0,0.057499999999999996,0.1,0.0,0.0,0.15,skip,training_upload_trigger_not_confirmed,1785296186.1390574,1785296186139057330,1384854355755709,69.5,53.35546875,-1.0,0,0
2026-07-28T23:36:26.139,10.42.0.210,10.42.0.210,46,1,DOWNLOAD,0.9854895428954357,DOWNLOAD,0.9854895428954357,-1,4344,1.1999999999953959,41,43440.0,52128.0,5,36,0.45454545454545453,0.5454545454545454,0.12609411316637523,0,0,0,0,0,0,0,0,0.039999999999999994,0.05,0.0,0.0,0.15,skip,training_upload_trigger_not_confirmed,1785296186.1398516,1785296186139851619,1384854356549890,69.5,53.35546875,-1.0,0,0
2026-07-28T23:36:26.140,10.42.0.145,10.42.0.210,19,1,DOWNLOAD,0.95,DOWNLOAD,0.95,-1,14600,3.424657534129292e-11,3,29200.0,0.0,3,0,1.0,0.0,0.7898000500282131,0,0,0,0,0,0,0,0,0.0225,0.0,0.0,0.0,0.15,skip,already_attacked_this_round,1785296186.1409874,1785296186140987465,1384854357686156,69.5,53.35546875,-1.0,0,0
2026-07-28T23:36:26.142,10.42.0.145,10.42.0.210,19,1,DOWNLOAD,0.9589199498429466,DOWNLOAD,0.9589199498429466,-1,14600,2.2831050227789245e-11,4,43800.0,0.0,4,0,1.0,0.0,0.685876377258483,0,0,0,0,0,0,0,0,0.0225,0.0,0.0,0.0,0.15,skip,already_attacked_this_round,1785296186.1421394,1785296186142139502,1384854358840220,69.5,53.35546875,-1.0,0,0
2026-07-28T23:36:26.143,10.42.0.59,10.42.0.210,14,2,TRAINING,0.95,TRAINING,0.95,-1,14600,3.424657534129292e-11,3,29200.0,0.0,3,0,1.0,0.0,0.5928943963675284,0,0,0,0,0,0,0,0,0.0225,0.0,0.0,0.0,0.15,skip,already_attacked_this_round,1785296186.143467,1785296186143466962,1384854360165892,69.5,53.35546875,-1.0,0,0
2026-07-28T23:36:26.144,10.42.0.59,10.42.0.210,14,2,TRAINING,0.95,TRAINING,0.95,-1,14600,2.2831050227789245e-11,4,43800.0,0.0,4,0,1.0,0.0,0.5148864126111141,0,0,0,0,0,0,0,0,0.0225,0.0,0.0,0.0,0.15,skip,already_attacked_this_round,1785296186.1443803,1785296186144380351,1384854361078911,69.5,53.35546875,-1.0,0,0
2026-07-28T23:36:26.145,10.42.0.47,10.42.0.210,46,1,DOWNLOAD,0.9829981496648164,DOWNLOAD,0.9829981496648164,-1,8688,6.865331491206376,17,11584.0,79528.0,2,15,0.12714022302221442,0.8728597769777856,0.027459084668272585,0,0,0,0,0,0,0,0,0.057499999999999996,0.1,0.0,0.0,0.15,skip,training_upload_trigger_not_confirmed,1785296186.1452053,1785296186145205351,1384854361904000,69.5,53.35546875,-1.0,0,0
2026-07-28T23:36:26.148,10.42.0.47,10.42.0.210,46,1,DOWNLOAD,0.9842257140988042,DOWNLOAD,0.9842257140988042,-1,2896,5.492265193059926,18,14480.0,79528.0,3,15,0.15402944430261253,0.8459705556973874,0.024283005096307802,0,0,0,0,0,0,0,0,0.057499999999999996,0.1,0.0,0.0,0.15,skip,training_upload_trigger_not_confirmed,1785296186.148562,1785296186148562006,1384854365262217,69.5,53.35546875,-1.0,0,0
2026-07-28T23:36:26.149,10.42.0.47,10.42.0.210,46,1,DOWNLOAD,0.9842586901286671,DOWNLOAD,0.9842586901286671,-1,2896,4.576887660935952,19,17376.0,79528.0,4,15,0.17931148353009163,0.8206885164699084,0.021261136449979165,0,0,0,0,0,0,0,0,0.057499999999999996,0.1,0.0,0.0,0.15,skip,training_upload_trigger_not_confirmed,1785296186.1499128,1785296186149912757,1384854366612363,69.5,53.35546875,-1.0,0,0
2026-07-28T23:36:26.150,10.42.0.47,10.42.0.210,46,1,DOWNLOAD,0.9842595481342594,DOWNLOAD,0.9842595481342594,-1,2896,3.9230465665487837,20,20272.0,79528.0,5,15,0.20312625250501,0.79687374749499,0.01858425172541865,0,0,0,0,0,0,0,0,0.057499999999999996,0.1,0.0,0.0,0.15,skip,training_upload_trigger_not_confirmed,1785296186.1508598,1785296186150859781,1384854367558806,69.5,53.35546875,-1.0,0,0
2026-07-28T23:36:26.151,10.42.0.18,10.42.0.210,35,1,DOWNLOAD,0.95,DOWNLOAD,0.95,-1,10220,4.029008863657171e-11,3,24820.0,0.0,3,0,1.0,0.0,0.42001242133836886,0,0,0,0,0,0,0,0,0.0225,0.0,0.0,0.0,0.15,skip,already_attacked_this_round,1785296186.1519964,1785296186151996421,1384854368695287,69.5,53.35546875,-1.0,0,0
2026-07-28T23:36:26.153,10.42.0.18,10.42.0.210,35,1,DOWNLOAD,0.9520514195789703,DOWNLOAD,0.9520514195789703,-1,14600,2.536783358636814e-11,4,39420.0,0.0,4,0,1.0,0.0,0.36481166175677143,0,0,0,0,0,0,0,0,0.0225,0.0,0.0,0.0,0.15,skip,already_attacked_this_round,1785296186.1531055,1785296186153105315,1384854369803719,69.5,53.35546875,-1.0,0,0
2026-07-28T23:36:26.154,10.42.0.59,10.42.0.210,14,2,TRAINING,0.9641622354519825,TRAINING,0.9641622354519825,-1,24820,1.4573010783815608e-11,5,68620.0,0.0,5,0,1.0,0.0,0.44835913688475726,0,0,0,0,0,0,0,0,0.0225,0.0,0.0,0.0,0.15,skip,already_attacked_this_round,1785296186.1544096,1785296186154409706,1384854371109011,69.5,53.35546875,-1.0,0,0
2026-07-28T23:36:26.155,10.42.0.59,10.42.0.210,14,2,TRAINING,0.9740026186982081,TRAINING,0.9740026186982081,-1,10564,1.2628813901638856e-11,6,79184.0,0.0,6,0,1.0,0.0,0.38938115583465716,0,0,0,0,0,0,0,0,0.0225,0.0,0.0,0.0,0.15,skip,already_attacked_this_round,1785296186.1552012,1785296186155201307,1384854371899439,69.5,53.35546875,-1.0,0,0
2026-07-28T23:36:26.156,10.42.0.210,10.42.0.210,46,1,DOWNLOAD,0.9855083405864443,DOWNLOAD,0.9855083405864443,-1,14480,0.9000000000017265,42,57920.0,52128.0,6,36,0.5263157894736842,0.47368421052631576,0.11168875664517369,0,0,0,0,0,0,0,0,0.039999999999999994,0.05,0.0,0.0,0.15,skip,training_upload_trigger_not_confirmed,1785296186.1566274,1785296186156627335,1384854373325681,69.5,53.35546875,-1.0,0,0
2026-07-28T23:36:26.158,10.42.0.210,10.42.0.210,46,1,DOWNLOAD,0.9855087208476458,DOWNLOAD,0.9855087208476458,-1,20272,0.6666666666709298,43,78192.0,52128.0,7,36,0.6,0.4,0.09719663900415365,0,0,0,0,0,0,0,0,0.0225,0.0,0.0,0.0,0.15,skip,training_upload_trigger_not_confirmed,1785296186.1583395,1785296186158339564,1384854375038818,69.5,53.35546875,-1.0,0,0
2026-07-28T23:36:26.159,10.42.0.47,10.42.0.210,46,1,DOWNLOAD,0.9842595696464124,DOWNLOAD,0.9842595696464124,-1,3901,3.289951598796593,21,24173.0,79528.0,6,15,0.23310286303892924,0.7668971369610708,0.017263743513480437,0,0,0,0,0,0,0,0,0.057499999999999996,0.1,0.0,0.0,0.15,skip,training_upload_trigger_not_confirmed,1785296186.159423,1785296186159423344,1384854376122398,69.5,53.35546875,-1.0,0,0
2026-07-28T23:36:26.163,10.42.0.145,10.42.0.210,19,1,DOWNLOAD,0.9714111073211282,DOWNLOAD,0.9714111073211282,-1,29200,1.369863013679865e-11,5,73000.0,0.0,5,0,1.0,0.0,0.5983506027200326,0,0,0,0,0,0,0,0,0.0225,0.0,0.0,0.0,0.15,skip,already_attacked_this_round,1785296186.163807,1785296186163806922,1384854380506290,69.5,53.35546875,-1.0,0,0
2026-07-28T23:36:26.169,10.42.0.18,10.42.0.210,35,1,DOWNLOAD,0.953460352929175,DOWNLOAD,0.953460352929175,-1,14600,1.8511662346936104e-11,5,54020.0,0.0,5,0,1.0,0.0,0.318895954526097,0,0,0,0,0,0,0,0,0.0225,0.0,0.0,0.0,0.15,skip,already_attacked_this_round,1785296186.1694756,1785296186169475578,1384854386174355,69.5,53.35546875,-1.0,0,0
2026-07-28T23:36:26.170,10.42.0.18,10.42.0.210,35,1,DOWNLOAD,0.9577701037164025,DOWNLOAD,0.9577701037164025,-1,20784,1.3368269076341262e-11,6,74804.0,0.0,6,0,1.0,0.0,0.27699783424219954,0,0,0,0,0,0,0,0,0.0225,0.0,0.0,0.0,0.15,skip,already_attacked_this_round,1785296186.1704183,1785296186170418304,1384854387117371,69.5,53.35546875,-1.0,0,0
2026-07-28T23:36:26.465,10.42.0.59,10.42.0.210,14,3,UPLOAD,0.95,UPLOAD,0.95,1,64240,0.811275005053909,7,79184.0,64240.0,6,1,0.5520972780008925,0.4479027219991075,0.5841810425187339,0,0,0,1,1,1,1,1,0.85,1.0,1.0,0.4,0.8,skip,already_attacked_this_round,1785296186.465034,1785296186465034037,1384854681733182,69.5,53.35546875,-1.0,0,0
2026-07-28T23:36:26.466,10.42.0.59,10.42.0.210,14,3,UPLOAD,0.9841010226033655,UPLOAD,0.9841010226033655,1,15314,1.0046726611436063,8,79184.0,79554.0,6,2,0.4988345575728559,0.5011654424271441,0.5073810123871253,0,0,0,1,1,1,1,1,0.85,1.0,1.0,0.4,0.8,skip,already_attacked_this_round,1785296186.4664009,1785296186466400704,1384854683099445,69.5,53.35546875,-1.0,0,0
2026-07-28T23:36:26.469,10.42.0.1,10.42.0.1,46,3,UPLOAD,0.95,UPLOAD,0.95,1,7240,0.32675694606837696,33,265546.0,86769.0,24,9,0.7537175538935328,0.2462824461064672,0.00722210752294937,1,0,0,0,1,0,0,0,0.85,1.0,1.0,0.4,0.8,trigger,training_upload_trigger_confirmed,1785296186.4695253,1785296186469525266,1384854686224172,69.5,53.35546875,35.39644,1785296186504923288,1384854721620612
2026-07-28T23:36:26.470,10.42.0.1,10.42.0.1,46,3,UPLOAD,0.95,UPLOAD,0.95,1,5792,0.34856860958422053,34,265546.0,92561.0,24,10,0.7415269737815793,0.2584730262184208,0.006425369159887439,1,0,1,0,1,0,0,0,0.85,1.0,1.0,0.4,0.8,skip,attack_already_active,1785296186.4707012,1785296186470701270,1384854687400050,69.5,53.35546875,-1.0,0,0
2026-07-28T23:36:26.482,10.42.0.145,10.42.0.1,19,3,UPLOAD,0.95,UPLOAD,0.95,1,64240,0.8800000000016439,6,73000.0,64240.0,5,1,0.5319148936170213,0.46808510638297873,0.744512068606984,0,0,0,1,1,1,1,1,0.85,1.0,1.0,0.4,0.8,skip,already_attacked_this_round,1785296186.4826992,1785296186482699140,1384854699398384,69.5,53.35546875,-1.0,0,0
2026-07-28T23:36:26.483,10.42.0.145,10.42.0.1,19,3,UPLOAD,0.9841010226033655,UPLOAD,0.9841010226033655,1,15315,1.0897945205467152,7,73000.0,79555.0,5,2,0.47851594506899153,0.5214840549310085,0.646571275922671,0,0,0,1,1,1,1,1,0.85,1.0,1.0,0.4,0.8,skip,already_attacked_this_round,1785296186.4839656,1785296186483965687,1384854700664458,69.5,53.35546875,-1.0,0,0
2026-07-28T23:36:26.486,10.42.0.1,10.42.0.1,46,3,UPLOAD,0.95,UPLOAD,0.95,1,7240,0.37583318897902496,35,265546.0,99801.0,24,11,0.7268322991566921,0.2731677008433079,0.005731421347667964,1,0,1,1,1,1,1,1,0.9699999999999999,1.0,1.0,1.0,0.8,skip,attack_already_active,1785296186.486805,1785296186486804945,1384854703503596,69.5,53.35546875,-1.0,0,0
2026-07-28T23:36:26.487,10.42.0.1,10.42.0.1,46,3,UPLOAD,0.95,UPLOAD,0.95,1,5792,0.3976448524948685,36,265546.0,105593.0,24,12,0.7154893449623996,0.2845106550376005,0.005120655342106531,1,0,1,1,1,1,1,1,0.9699999999999999,1.0,1.0,1.0,0.8,skip,attack_already_active,1785296186.4879014,1785296186487901414,1384854704599918,69.5,53.35546875,-1.0,0,0
2026-07-28T23:36:26.490,10.42.0.1,10.42.0.1,46,3,UPLOAD,0.95,UPLOAD,0.95,1,1448,0.4030977683738294,37,265546.0,107041.0,24,13,0.7127087096436537,0.2872912903563463,0.004724179756659298,1,0,1,1,1,1,1,1,0.9699999999999999,1.0,1.0,1.0,0.8,skip,attack_already_active,1785296186.4900134,1785296186490013501,1384854706712080,69.5,53.35546875,-1.0,0,0
2026-07-28T23:36:26.491,10.42.0.1,10.42.0.1,46,3,UPLOAD,0.95,UPLOAD,0.95,1,1448,0.40855068425279023,38,265546.0,108489.0,24,14,0.7099496036467176,0.29005039635328245,0.004321104587815718,1,0,1,1,1,1,1,1,0.9699999999999999,1.0,1.0,1.0,0.8,skip,attack_already_active,1785296186.4916787,1785296186491678673,1384854708377314,69.5,53.35546875,-1.0,0,0
2026-07-28T23:36:26.495,10.42.0.1,10.42.0.1,46,3,UPLOAD,0.95,UPLOAD,0.95,1,11584,0.4521740112844773,39,265546.0,120073.0,24,15,0.6886227079059901,0.3113772920940099,0.00429631536989351,1,0,1,1,1,1,1,1,0.9699999999999999,1.0,1.0,1.0,0.8,skip,attack_already_active,1785296186.4958117,1785296186495811612,1384854712510560,69.5,53.35546875,-1.0,0,0
2026-07-28T23:36:26.496,10.42.0.1,10.42.0.1,46,3,UPLOAD,0.95,UPLOAD,0.95,1,14480,0.5067031700740863,40,265546.0,134553.0,24,16,0.6637007340683181,0.3362992659316819,0.0038817286255694783,1,0,1,1,1,1,1,1,0.9699999999999999,1.0,1.0,1.0,0.8,skip,attack_already_active,1785296186.4969618,1785296186496961828,1384854713660409,69.5,53.35546875,-1.0,0,0
2026-07-28T23:36:26.498,10.42.0.1,10.42.0.1,46,3,UPLOAD,0.95,UPLOAD,0.95,1,2896,0.517609001832008,41,265546.0,137449.0,24,17,0.6589312522487872,0.3410687477512128,0.003516652779742655,1,0,1,1,1,1,1,1,0.9699999999999999,1.0,1.0,1.0,0.8,skip,attack_already_active,1785296186.498073,1785296186498073177,1384854714771635,69.5,53.35546875,-1.0,0,0
2026-07-28T23:36:26.499,10.42.0.1,10.42.0.1,46,3,UPLOAD,0.95,UPLOAD,0.95,1,11584,0.5612323288636951,42,265546.0,149033.0,24,18,0.6405196597029758,0.3594803402970242,0.00320015587179099,1,0,1,1,1,1,1,1,0.9699999999999999,1.0,1.0,1.0,0.8,skip,attack_already_active,1785296186.499188,1785296186499187869,1384854715886596,69.5,53.35546875,-1.0,0,0
2026-07-28T23:36:26.500,10.42.0.1,10.42.0.1,46,3,UPLOAD,0.95,UPLOAD,0.95,1,2896,0.5721381606216168,43,265546.0,151929.0,24,19,0.6360764117611833,0.3639235882388167,0.002924673991162143,1,0,1,1,1,1,1,1,0.9699999999999999,1.0,1.0,1.0,0.8,skip,attack_already_active,1785296186.5002975,1785296186500297502,1384854716996135,69.5,53.35546875,-1.0,0,0
2026-07-28T23:36:26.501,10.42.0.1,10.42.0.1,46,3,UPLOAD,0.95,UPLOAD,0.95,1,11584,0.615761487653304,44,265546.0,163513.0,24,20,0.618903227761217,0.381096772238783,0.002691745667854194,1,0,1,1,1,1,1,1,0.9699999999999999,1.0,1.0,1.0,0.8,skip,attack_already_active,1785296186.5014546,1785296186501454534,1384854718153193,69.5,53.35546875,-1.0,0,0
2026-07-28T23:36:26.503,10.42.0.1,10.42.0.1,46,3,UPLOAD,0.95,UPLOAD,0.95,1,5792,0.6375731511691475,45,265546.0,169305.0,24,21,0.6106597432223911,0.38934025677760886,0.0026130763057886385,1,0,1,1,1,1,1,1,0.9699999999999999,1.0,1.0,1.0,0.8,skip,attack_already_active,1785296186.5035493,1785296186503549341,1384854720247938,69.5,53.35546875,-1.0,0,0
2026-07-28T23:36:26.505,10.42.0.1,10.42.0.1,46,3,UPLOAD,0.95,UPLOAD,0.95,1,14480,0.6921023099587563,46,265546.0,183785.0,24,22,0.5909808136985875,0.40901918630141254,0.0025511513058859995,1,0,1,1,1,1,1,1,0.9699999999999999,1.0,1.0,1.0,0.8,skip,attack_already_active,1785296186.5056925,1785296186505692499,1384854722391099,69.5,53.35546875,-1.0,0,0
2026-07-28T23:36:26.506,10.42.0.1,10.42.0.1,46,3,UPLOAD,0.95,UPLOAD,0.95,1,8688,0.7248198052325217,47,265546.0,192473.0,24,23,0.5797707082020614,0.4202292917979385,0.002354342646178972,1,0,1,1,1,1,1,1,0.9699999999999999,1.0,1.0,1.0,0.8,skip,attack_already_active,1785296186.50675,1785296186506750301,1384854723448874,69.5,53.35546875,-1.0,0,0
2026-07-28T23:36:26.508,10.42.0.1,10.42.0.1,46,3,UPLOAD,0.95,UPLOAD,0.95,1,8589,0.7571644837438442,48,265546.0,201062.0,24,24,0.5690986866920413,0.4309013133079587,0.0022752388068410204,1,0,1,1,1,1,1,1,0.9699999999999999,1.0,1.0,1.0,0.8,skip,attack_already_active,1785296186.5085042,1785296186508503993,1384854725203092,69.5,53.35546875,-1.0,0,0
2026-07-28T23:36:26.509,10.42.0.1,10.42.0.1,46,3,UPLOAD,0.95,UPLOAD,0.95,1,5792,0.7789761472596877,49,265546.0,206854.0,24,25,0.562121083827265,0.43787891617273494,0.002097445920278669,1,0,1,1,1,1,1,1,0.9699999999999999,1.0,1.0,1.0,0.8,skip,attack_already_active,1785296186.5094302,1785296186509430330,1384854726129001,69.5,53.35546875,-1.0,0,0
2026-07-28T23:36:26.513,10.42.0.1,10.42.0.1,46,3,UPLOAD,0.95,UPLOAD,0.95,1,14480,0.8335053060492965,50,265546.0,221334.0,24,26,0.5454033848176142,0.4545966151823858,0.002292412574921069,1,0,1,1,1,1,1,1,0.9699999999999999,1.0,1.0,1.0,0.8,skip,attack_already_active,1785296186.5130072,1785296186513007180,1384854729706153,69.5,53.35546875,-1.0,0,0
2026-07-28T23:36:26.514,10.42.0.1,10.42.0.1,46,3,UPLOAD,0.95,UPLOAD,0.95,1,17278,0.8985712456602676,51,265546.0,238612.0,24,27,0.5267118641378298,0.47328813586217017,0.0021580376424541153,1,0,1,1,1,1,1,1,0.9699999999999999,1.0,1.0,1.0,0.8,skip,attack_already_active,1785296186.5142798,1785296186514279950,1384854730979716,69.5,53.35546875,-1.0,0,0
2026-07-28T23:36:26.581,10.42.0.18,10.42.0.1,35,3,UPLOAD,0.95,UPLOAD,0.95,1,49640,0.6636008769629486,7,74804.0,49640.0,6,1,0.6011057182347079,0.398894281765292,0.4453890283535784,0,0,0,1,1,1,1,1,0.9699999999999999,1.0,1.0,1.0,0.8,skip,already_attacked_this_round,1785296186.5819333,1785296186581933188,1384854798632608,69.5,53.35546875,-1.0,0,0
2026-07-28T23:36:26.584,10.42.0.18,10.42.0.1,35,3,UPLOAD,0.9841010226033655,UPLOAD,0.9841010226033655,1,10220,0.8002245869231562,8,74804.0,59860.0,6,2,0.5554862472524208,0.44451375274757915,0.387018584050894,0,0,0,1,1,1,1,1,0.9699999999999999,1.0,1.0,1.0,0.8,skip,already_attacked_this_round,1785296186.5843651,1785296186584365074,1384854801063844,69.5,53.35546875,-1.0,0,0
2026-07-28T23:36:26.586,10.42.0.18,10.42.0.1,35,3,UPLOAD,0.9854688349332961,UPLOAD,0.9854688349332961,1,19694,1.063499278112621,9,74804.0,79554.0,6,3,0.4846136902525298,0.5153863097474701,0.336247003963451,0,0,0,1,1,1,1,1,0.9699999999999999,1.0,1.0,1.0,0.8,skip,already_attacked_this_round,1785296186.5860922,1785296186586092300,1384854802791224,69.5,53.35546875,-1.0,0,0
2026-07-28T23:36:26.588,10.42.0.1,10.42.0.1,46,3,UPLOAD,0.95,UPLOAD,0.95,1,7240,0.925835825055072,52,265546.0,245852.0,24,28,0.519255061615415,0.480744938384585,0.0025851436670406617,1,0,1,1,1,1,1,1,0.9699999999999999,1.0,1.0,1.0,0.8,skip,attack_already_active,1785296186.588562,1785296186588561908,1384854805260704,69.5,53.35546875,-1.0,0,0
2026-07-28T23:36:26.589,10.42.0.1,10.42.0.1,46,3,UPLOAD,0.95,UPLOAD,0.95,1,5792,0.9476474885709156,53,265546.0,251644.0,24,29,0.5134399350335467,0.4865600649664533,0.0024013866367381333,1,0,1,1,1,1,1,1,0.9699999999999999,1.0,1.0,1.0,0.8,skip,attack_already_active,1785296186.5897527,1785296186589752674,1384854806451195,69.5,53.35546875,-1.0,0,0
2026-07-28T23:36:26.591,10.42.0.1,10.42.0.1,46,3,UPLOAD,0.95,UPLOAD,0.95,1,2896,0.9585533203288373,54,265546.0,254540.0,24,30,0.510580942382606,0.48941905761739407,0.0023038936176698437,1,0,1,1,1,1,1,1,0.9699999999999999,1.0,1.0,1.0,0.8,skip,attack_already_active,1785296186.5914142,1785296186591414230,1384854808112991,69.5,53.35546875,-1.0,0,0
2026-07-28T23:36:26.593,10.42.0.1,10.42.0.1,46,3,UPLOAD,0.95,UPLOAD,0.95,1,11584,1.0021766473605245,55,265546.0,266124.0,24,31,0.4994564297402524,0.5005435702597476,0.0022911937222871276,1,0,1,1,1,1,1,1,0.9699999999999999,1.0,1.0,1.0,0.8,skip,attack_already_active,1785296186.5936217,1785296186593621847,1384854810320457,69.5,53.35546875,-1.0,0,0
2026-07-28T23:36:26.594,10.42.0.1,10.42.0.1,46,3,UPLOAD,0.95,UPLOAD,0.95,1,2896,1.0130824791184463,56,265546.0,269020.0,24,32,0.4967506350946375,0.5032493649053624,0.002141396332599884,1,0,1,1,1,1,1,1,0.9699999999999999,1.0,1.0,1.0,0.8,skip,attack_already_active,1785296186.5947762,1785296186594776163,1384854811474839,69.5,53.35546875,-1.0,0,0
2026-07-28T23:36:26.595,10.42.0.1,10.42.0.1,46,3,UPLOAD,0.95,UPLOAD,0.95,1,11584,1.0567058061501333,57,265546.0,280604.0,24,33,0.48621440996063353,0.5137855900393665,0.002010238802508086,1,0,1,1,1,1,1,1,0.9699999999999999,1.0,1.0,1.0,0.8,skip,attack_already_active,1785296186.5959222,1785296186595922101,1384854812621220,69.5,53.35546875,-1.0,0,0
2026-07-28T23:36:26.597,10.42.0.1,10.42.0.1,46,3,UPLOAD,0.95,UPLOAD,0.95,1,5792,1.0785174696659767,58,265546.0,286396.0,24,34,0.4811121458414109,0.5188878541585892,0.0019656714507037213,1,0,1,1,1,1,1,1,0.9699999999999999,1.0,1.0,1.0,0.8,skip,attack_already_active,1785296186.5975943,1785296186597594314,1384854814292966,69.5,53.35546875,-1.0,0,0
2026-07-28T23:36:26.600,10.42.0.1,10.42.0.1,46,3,UPLOAD,0.95,UPLOAD,0.95,1,21720,1.16031120785039,59,265546.0,308116.0,24,35,0.4628962699289826,0.5371037300710174,0.0020559771175001173,1,0,1,1,1,1,1,1,0.9699999999999999,1.0,1.0,1.0,0.8,skip,attack_already_active,1785296186.6002452,1785296186600245367,1384854816944356,69.5,53.35546875,-1.0,0,0
2026-07-28T23:36:26.601,10.42.0.1,10.42.0.1,46,3,UPLOAD,0.95,UPLOAD,0.95,1,1448,1.165764123729351,60,265546.0,309564.0,24,36,0.46173079932534644,0.5382692006746536,0.0019362955814736143,1,0,1,1,1,1,1,1,0.9699999999999999,1.0,1.0,1.0,0.8,skip,attack_already_active,1785296186.601393,1785296186601392950,1384854818091857,69.5,53.35546875,-1.0,0,0
2026-07-28T23:36:26.602,10.42.0.1,10.42.0.1,46,3,UPLOAD,0.95,UPLOAD,0.95,1,5792,1.1875757872451944,61,265546.0,315356.0,24,37,0.4571270197038399,0.5428729802961602,0.0018274210541862738,1,0,1,1,1,1,1,1,0.9699999999999999,1.0,1.0,1.0,0.8,skip,attack_already_active,1785296186.602503,1785296186602503161,1384854819201753,69.5,53.35546875,-1.0,0,0
2026-07-28T23:36:26.603,10.42.0.1,10.42.0.1,46,3,UPLOAD,0.95,UPLOAD,0.95,1,2797,1.1981088022406736,62,265546.0,318153.0,24,38,0.45493653406978596,0.545063465930214,0.0017322964777461275,1,0,1,1,1,1,1,1,0.9699999999999999,1.0,1.0,1.0,0.8,skip,attack_already_active,1785296186.6036086,1785296186603608560,1384854820307283,69.5,53.35546875,-1.0,0,0
2026-07-28T23:36:26.999,10.42.0.1,10.42.0.1,46,3,UPLOAD,0.5653273140206725,UPLOAD,0.5653273140206725,0,39,0.8986164355708668,54,265546.0,238624.0,24,30,0.5266993276077514,0.47330067239224866,0.006611595432459975,1,0,1,0,0,0,0,0,0.4375,0.05,1.0,0.0,0.8,skip,attack_already_active,1785296186.9998915,1785296186999891476,1384855216590758,75.8,53.35546875,-1.0,0,0
2026-07-28T23:36:27.402,10.42.0.1,10.42.0.1,46,3,UPLOAD,0.9609501079206572,UPLOAD,0.9609501079206572,0,39,100.0,30,0.0,238624.0,0,30,0.0,1.0,0.011193959501815336,1,0,1,0,0,0,0,0,0.45499999999999996,0.1,1.0,0.0,0.8,skip,attack_already_active,1785296187.4024184,1785296187402418556,1384855619116950,7.9,53.35546875,-1.0,0,0
2026-07-28T23:36:27.498,10.42.0.47,10.42.0.1|10.42.0.47,46,3,UPLOAD,0.95,UPLOAD,0.95,1,7240,100.0,1,0.0,7240.0,0,1,0.0,1.0,0.03307636972540308,1,0,0,1,1,1,1,1,0.9699999999999999,1.0,1.0,1.0,0.8,trigger,training_upload_trigger_confirmed,1785296187.4989665,1785296187498966612,1384855715665192,7.9,53.35546875,7.487996,1785296187506455899,1384855723153188
2026-07-28T23:36:27.499,10.42.0.47,10.42.0.1|10.42.0.47,46,3,UPLOAD,0.95,UPLOAD,0.95,1,1448,100.0,2,0.0,8688.0,0,2,0.0,1.0,0.0288078540126746,1,0,1,1,1,1,1,1,0.9699999999999999,1.0,1.0,1.0,0.8,skip,attack_already_active,1785296187.4996502,1785296187499650370,1384855716348437,7.9,53.35546875,-1.0,0,0
2026-07-28T23:36:27.500,10.42.0.47,10.42.0.1|10.42.0.47,46,3,UPLOAD,0.95,UPLOAD,0.95,1,5792,100.0,3,0.0,14480.0,0,3,0.0,1.0,0.02512497437444906,1,0,1,1,1,1,1,1,0.9699999999999999,1.0,1.0,1.0,0.8,skip,attack_already_active,1785296187.5005097,1785296187500509662,1384855717207747,7.9,53.35546875,-1.0,0,0
2026-07-28T23:36:27.501,10.42.0.47,10.42.0.1|10.42.0.47,46,3,UPLOAD,0.95,UPLOAD,0.95,1,8688,100.0,4,0.0,23168.0,0,4,0.0,1.0,0.021924482418369532,1,0,1,1,1,1,1,1,0.9699999999999999,1.0,1.0,1.0,0.8,skip,attack_already_active,1785296187.501347,1785296187501347117,1384855718045151,7.9,53.35546875,-1.0,0,0
2026-07-28T23:36:27.503,10.42.0.47,10.42.0.1|10.42.0.47,46,3,UPLOAD,0.95,UPLOAD,0.95,1,2896,100.0,5,0.0,26064.0,0,5,0.0,1.0,0.019282525304592103,1,0,1,1,1,1,1,1,0.9699999999999999,1.0,1.0,1.0,0.8,skip,attack_already_active,1785296187.5032225,1785296187503222434,1384855719920877,7.9,53.35546875,-1.0,0,0
2026-07-28T23:36:27.503,10.42.0.47,10.42.0.1|10.42.0.47,46,3,UPLOAD,0.95,UPLOAD,0.95,1,5792,100.0,6,0.0,31856.0,0,6,0.0,1.0,0.01682552828655889,1,0,1,1,1,1,1,1,0.9699999999999999,1.0,1.0,1.0,0.8,skip,attack_already_active,1785296187.5038595,1785296187503859440,1384855720557423,7.9,53.35546875,-1.0,0,0
2026-07-28T23:36:27.504,10.42.0.47,10.42.0.1|10.42.0.47,46,3,UPLOAD,0.95,UPLOAD,0.95,1,8688,100.0,7,0.0,40544.0,0,7,0.0,1.0,0.014720859236173337,1,0,1,1,1,1,1,1,0.9699999999999999,1.0,1.0,1.0,0.8,skip,attack_already_active,1785296187.5047133,1785296187504713329,1384855721411619,7.9,53.35546875,-1.0,0,0
2026-07-28T23:36:27.505,10.42.0.47,10.42.0.1|10.42.0.47,46,3,UPLOAD,0.95,UPLOAD,0.95,1,2896,100.0,8,0.0,43440.0,0,8,0.0,1.0,0.012913262010327203,1,0,1,1,1,1,1,1,0.9699999999999999,1.0,1.0,1.0,0.8,skip,attack_already_active,1785296187.5057168,1785296187505716725,1384855722415322,7.9,53.35546875,-1.0,0,0
2026-07-28T23:36:27.506,10.42.0.47,10.42.0.1|10.42.0.47,46,3,UPLOAD,0.95,UPLOAD,0.95,1,5792,100.0,9,0.0,49232.0,0,9,0.0,1.0,0.011305562038616011,1,0,1,1,1,1,1,1,0.9699999999999999,1.0,1.0,1.0,0.8,skip,attack_already_active,1785296187.5064297,1785296187506429782,1384855723127904,7.9,53.35546875,-1.0,0,0
2026-07-28T23:36:27.507,10.42.0.47,10.42.0.1|10.42.0.47,46,3,UPLOAD,0.95,UPLOAD,0.95,1,8688,100.0,10,0.0,57920.0,0,10,0.0,1.0,0.009933593162670618,1,0,1,1,1,1,1,1,0.9699999999999999,1.0,1.0,1.0,0.8,skip,attack_already_active,1785296187.5073237,1785296187507323563,1384855724021734,7.9,53.35546875,-1.0,0,0
2026-07-28T23:36:27.508,10.42.0.47,10.42.0.1|10.42.0.47,46,3,UPLOAD,0.95,UPLOAD,0.95,1,2896,100.0,11,0.0,60816.0,0,11,0.0,1.0,0.00873625693015042,1,0,1,1,1,1,1,1,0.9699999999999999,1.0,1.0,1.0,0.8,skip,attack_already_active,1785296187.508171,1785296187508171050,1384855724869110,7.9,53.35546875,-1.0,0,0
2026-07-28T23:36:27.508,10.42.0.47,10.42.0.1|10.42.0.47,46,3,UPLOAD,0.95,UPLOAD,0.95,1,5792,100.0,12,0.0,66608.0,0,12,0.0,1.0,0.007663365095642271,1,0,1,1,1,1,1,1,0.9699999999999999,1.0,1.0,1.0,0.8,skip,attack_already_active,1785296187.5087655,1785296187508765511,1384855725463479,7.9,53.35546875,-1.0,0,0
2026-07-28T23:36:27.510,10.42.0.47,10.42.0.1|10.42.0.47,46,3,UPLOAD,0.95,UPLOAD,0.95,1,8688,100.0,13,0.0,75296.0,0,13,0.0,1.0,0.006827833419012119,1,0,1,1,1,1,1,1,0.9699999999999999,1.0,1.0,1.0,0.8,skip,attack_already_active,1785296187.5100882,1785296187510088145,1384855726786701,7.9,53.35546875,-1.0,0,0
2026-07-28T23:36:27.511,10.42.0.47,10.42.0.1|10.42.0.47,46,3,UPLOAD,0.9504473316158678,UPLOAD,0.9504473316158678,1,2896,100.0,14,0.0,78192.0,0,14,0.0,1.0,0.006114153623347313,1,0,1,1,1,1,1,1,0.9699999999999999,1.0,1.0,1.0,0.8,skip,attack_already_active,1785296187.5115001,1785296187511499965,1384855728198380,7.9,53.35546875,-1.0,0,0
2026-07-28T23:36:27.512,10.42.0.47,10.42.0.1|10.42.0.47,46,3,UPLOAD,0.9533546913596831,UPLOAD,0.9533546913596831,1,1336,100.0,15,0.0,79528.0,0,15,0.0,1.0,0.005436270592735357,1,0,1,1,1,1,1,1,0.9699999999999999,1.0,1.0,1.0,0.8,skip,attack_already_active,1785296187.51247,1785296187512470064,1384855729168389,7.9,53.35546875,-1.0,0,0
2026-07-28T23:36:27.513,10.42.0.1,10.42.0.1|10.42.0.47,46,3,UPLOAD,0.9846482454826854,UPLOAD,0.9846482454826854,1,7240,100.0,13,0.0,104059.0,0,13,0.0,1.0,0.024395872143853872,1,0,1,1,1,1,1,1,0.9699999999999999,1.0,1.0,1.0,0.8,skip,attack_already_active,1785296187.513798,1785296187513797883,1384855730496177,7.9,53.35546875,-1.0,0,0
2026-07-28T23:36:27.514,10.42.0.1,10.42.0.1|10.42.0.47,46,3,UPLOAD,0.9853860036164026,UPLOAD,0.9853860036164026,1,7240,100.0,13,0.0,94021.0,0,13,0.0,1.0,0.021309522298828727,1,0,1,1,1,1,1,1,0.9699999999999999,1.0,1.0,1.0,0.8,skip,attack_already_active,1785296187.5147724,1785296187514772363,1384855731470921,7.9,53.35546875,-1.0,0,0
2026-07-28T23:36:27.516,10.42.0.1,10.42.0.1|10.42.0.47,46,3,UPLOAD,0.9855046094539245,UPLOAD,0.9855046094539245,1,10136,100.0,14,0.0,104157.0,0,14,0.0,1.0,0.018753596607705352,1,0,1,1,1,1,1,1,0.9699999999999999,1.0,1.0,1.0,0.8,skip,attack_already_active,1785296187.5166857,1785296187516685719,1384855733384150,7.9,53.35546875,-1.0,0,0
2026-07-28T23:36:27.517,10.42.0.1,10.42.0.1|10.42.0.47,46,3,UPLOAD,0.9855086072012524,UPLOAD,0.9855086072012524,1,4344,100.0,15,0.0,108501.0,0,15,0.0,1.0,0.016415718586303737,1,0,1,1,1,1,1,1,0.9699999999999999,1.0,1.0,1.0,0.8,skip,attack_already_active,1785296187.5176978,1785296187517697698,1384855734396144,7.9,53.35546875,-1.0,0,0
2026-07-28T23:36:27.518,10.42.0.1,10.42.0.1|10.42.0.47,46,3,UPLOAD,0.9855087231061477,UPLOAD,0.9855087231061477,1,14480,100.0,16,0.0,122981.0,0,16,0.0,1.0,0.014385913199262475,1,0,1,1,1,1,1,1,0.9699999999999999,1.0,1.0,1.0,0.8,skip,attack_already_active,1785296187.51871,1785296187518710109,1384855735408666,7.9,53.35546875,-1.0,0,0
2026-07-28T23:36:27.520,10.42.0.1,10.42.0.1|10.42.0.47,46,3,UPLOAD,0.9855087260965718,UPLOAD,0.9855087260965718,1,17376,100.0,17,0.0,140357.0,0,17,0.0,1.0,0.0126903150697808,1,0,1,1,1,1,1,1,0.9699999999999999,1.0,1.0,1.0,0.8,skip,attack_already_active,1785296187.5202284,1785296187520228473,1384855736927182,7.9,53.35546875,-1.0,0,0
2026-07-28T23:36:27.521,10.42.0.1,10.42.0.1|10.42.0.47,46,3,UPLOAD,0.9855087261644014,UPLOAD,0.9855087261644014,1,4344,100.0,18,0.0,144701.0,0,18,0.0,1.0,0.01121268684128861,1,0,1,1,1,1,1,1,0.9699999999999999,1.0,1.0,1.0,0.8,skip,attack_already_active,1785296187.5217054,1785296187521705573,1384855738404214,7.9,53.35546875,-1.0,0,0
2026-07-28T23:36:27.523,10.42.0.1,10.42.0.1|10.42.0.47,46,3,UPLOAD,0.985508726165651,UPLOAD,0.985508726165651,1,10136,100.0,19,0.0,154837.0,0,19,0.0,1.0,0.009921195315191924,1,0,1,1,1,1,1,1,0.9699999999999999,1.0,1.0,1.0,0.8,skip,attack_already_active,1785296187.5231173,1785296187523117260,1384855739815576,7.9,53.35546875,-1.0,0,0
2026-07-28T23:36:27.524,10.42.0.1,10.42.0.1|10.42.0.47,46,3,UPLOAD,0.9855087261656631,UPLOAD,0.9855087261656631,1,4232,100.0,20,0.0,159069.0,0,20,0.0,1.0,0.00880340815683063,1,0,1,1,1,1,1,1,0.9699999999999999,1.0,1.0,1.0,0.8,skip,attack_already_active,1785296187.524556,1785296187524555976,1384855741254870,7.9,53.35546875,-1.0,0,0
2026-07-28T23:36:27.607,10.42.0.47,10.42.0.1|10.42.0.47,46,3,UPLOAD,0.951134206427427,UPLOAD,0.951134206427427,0,39,100.0,15,0.0,79528.0,0,15,0.0,1.0,0.009930403995798566,1,0,1,1,1,1,1,1,0.8374999999999999,0.8500000000000001,1.0,0.6000000000000001,0.8,skip,attack_already_active,1785296187.607814,1785296187607814160,1384855824512992,7.9,53.35546875,-1.0,0,0
2026-07-28T23:36:27.614,10.42.0.145,10.42.0.1|10.42.0.47,19,3,UPLOAD,0.9854688349332961,UPLOAD,0.9854688349332961,0,39,1.0,0,0.0,0.0,0,0,0.0,0.0,0.5665823209660104,0,0,0,0,0,0,0,0,0.4375,0.05,1.0,0.0,0.8,skip,already_attacked_this_round,1785296187.6141055,1785296187614105273,1384855830803635,7.9,53.35546875,-1.0,0,0
2026-07-28T23:36:27.805,10.42.0.210,10.42.0.1|10.42.0.210|10.42.0.47,46,3,UPLOAD,0.95,UPLOAD,0.95,1,1448,100.0,1,0.0,1448.0,0,1,0.0,1.0,0.19581877635478295,1,0,0,1,1,1,1,1,0.9525,0.95,1.0,1.0,0.8,trigger,training_upload_trigger_confirmed,1785296187.8056345,1785296187805634646,1384856022333471,35.3,53.35546875,6.243712,1785296187811879682,1384856028577183
2026-07-28T23:36:27.806,10.42.0.210,10.42.0.1|10.42.0.210|10.42.0.47,46,3,UPLOAD,0.9841010226033655,UPLOAD,0.9841010226033655,1,1448,100.0,2,0.0,2896.0,0,2,0.0,1.0,0.17012117787976674,1,0,1,1,1,1,1,1,0.9699999999999999,1.0,1.0,1.0,0.8,skip,attack_already_active,1785296187.8064413,1785296187806441323,1384856023140444,35.3,53.35546875,-1.0,0,0
2026-07-28T23:36:27.807,10.42.0.210,10.42.0.1|10.42.0.210|10.42.0.47,46,3,UPLOAD,0.9854688349332961,UPLOAD,0.9854688349332961,1,1448,100.0,3,0.0,4344.0,0,3,0.0,1.0,0.14789475682822303,1,0,1,1,1,1,1,1,0.9699999999999999,1.0,1.0,1.0,0.8,skip,attack_already_active,1785296187.8078923,1785296187807892175,1384856024590754,35.3,53.35546875,-1.0,0,0
2026-07-28T23:36:27.808,10.42.0.210,10.42.0.1|10.42.0.210|10.42.0.47,46,3,UPLOAD,0.9855076450773014,UPLOAD,0.9855076450773014,1,1448,100.0,4,0.0,5792.0,0,4,0.0,1.0,0.12852938026099914,1,0,1,1,1,1,1,1,0.9699999999999999,1.0,1.0,1.0,0.8,skip,attack_already_active,1785296187.8088286,1785296187808828765,1384856025526981,35.3,53.35546875,-1.0,0,0
2026-07-28T23:36:27.809,10.42.0.210,10.42.0.1|10.42.0.210|10.42.0.47,46,3,UPLOAD,0.9855086980780915,UPLOAD,0.9855086980780915,1,1448,100.0,5,0.0,7240.0,0,5,0.0,1.0,0.11171052493191884,1,0,1,1,1,1,1,1,0.9699999999999999,1.0,1.0,1.0,0.8,skip,attack_already_active,1785296187.8097243,1785296187809724449,1384856026422637,35.3,53.35546875,-1.0,0,0
2026-07-28T23:36:27.810,10.42.0.210,10.42.0.1|10.42.0.210|10.42.0.47,46,3,UPLOAD,0.9855087254685951,UPLOAD,0.9855087254685951,1,1448,100.0,6,0.0,8688.0,0,6,0.0,1.0,0.09707249499270532,1,0,1,1,1,1,1,1,0.9699999999999999,1.0,1.0,1.0,0.8,skip,attack_already_active,1785296187.810351,1785296187810350874,1384856027048997,35.3,53.35546875,-1.0,0,0
2026-07-28T23:36:27.812,10.42.0.210,10.42.0.1|10.42.0.210|10.42.0.47,46,3,UPLOAD,0.9855087261493067,UPLOAD,0.9855087261493067,1,1448,100.0,7,0.0,10136.0,0,7,0.0,1.0,0.08461535187534211,1,0,1,1,1,1,1,1,0.9699999999999999,1.0,1.0,1.0,0.8,skip,attack_already_active,1785296187.8128896,1785296187812889689,1384856029589339,35.3,53.35546875,-1.0,0,0
2026-07-28T23:36:27.814,10.42.0.210,10.42.0.1|10.42.0.210|10.42.0.47,46,3,UPLOAD,0.9855087261653082,UPLOAD,0.9855087261653082,1,1448,100.0,8,0.0,11584.0,0,8,0.0,1.0,0.07363995286341081,1,0,1,1,1,1,1,1,0.9699999999999999,1.0,1.0,1.0,0.8,skip,attack_already_active,1785296187.8142157,1785296187814215746,1384856030915013,35.3,53.35546875,-1.0,0,0
2026-07-28T23:36:27.815,10.42.0.210,10.42.0.1|10.42.0.210|10.42.0.47,46,3,UPLOAD,0.985508726165656,UPLOAD,0.985508726165656,1,1448,100.0,9,0.0,13032.0,0,9,0.0,1.0,0.06415896280783528,1,0,1,1,1,1,1,1,0.9699999999999999,1.0,1.0,1.0,0.8,skip,attack_already_active,1785296187.815907,1785296187815907077,1384856032606068,35.3,53.35546875,-1.0,0,0
2026-07-28T23:36:27.817,10.42.0.210,10.42.0.1|10.42.0.210|10.42.0.47,46,3,UPLOAD,0.9855087261656625,UPLOAD,0.9855087261656625,1,1448,100.0,10,0.0,14480.0,0,10,0.0,1.0,0.055872878684783064,1,0,1,1,1,1,1,1,0.9699999999999999,1.0,1.0,1.0,0.8,skip,attack_already_active,1785296187.8171852,1785296187817185300,1384856033883548,35.3,53.35546875,-1.0,0,0
2026-07-28T23:36:27.818,10.42.0.210,10.42.0.1|10.42.0.210|10.42.0.47,46,3,UPLOAD,0.9855087261656628,UPLOAD,0.9855087261656628,1,1448,100.0,11,0.0,15928.0,0,11,0.0,1.0,0.048702346259027716,1,0,1,1,1,1,1,1,0.9699999999999999,1.0,1.0,1.0,0.8,skip,attack_already_active,1785296187.8186429,1785296187818642966,1384856035341586,35.3,53.35546875,-1.0,0,0
2026-07-28T23:36:27.819,10.42.0.210,10.42.0.1|10.42.0.210|10.42.0.47,46,3,UPLOAD,0.95,UPLOAD,0.95,1,1448,100.0,12,0.0,17376.0,0,12,0.0,1.0,0.042420312555110085,1,0,1,1,1,1,1,1,0.9699999999999999,1.0,1.0,1.0,0.8,skip,attack_already_active,1785296187.8196726,1785296187819672667,1384856036370942,35.3,53.35546875,-1.0,0,0
2026-07-28T23:36:27.821,10.42.0.210,10.42.0.1|10.42.0.210|10.42.0.47,46,3,UPLOAD,0.95,UPLOAD,0.95,1,1448,100.0,13,0.0,18824.0,0,13,0.0,1.0,0.03706307627116254,1,0,1,1,1,1,1,1,0.9699999999999999,1.0,1.0,1.0,0.8,skip,attack_already_active,1785296187.8214383,1785296187821438290,1384856038137237,35.3,53.35546875,-1.0,0,0
2026-07-28T23:36:27.822,10.42.0.210,10.42.0.1|10.42.0.210|10.42.0.47,46,3,UPLOAD,0.95,UPLOAD,0.95,1,1448,100.0,14,0.0,20272.0,0,14,0.0,1.0,0.0323186969546907,1,0,1,1,1,1,1,1,0.9699999999999999,1.0,1.0,1.0,0.8,skip,attack_already_active,1785296187.8224976,1785296187822497619,1384856039196245,35.3,53.35546875,-1.0,0,0
2026-07-28T23:36:27.824,10.42.0.210,10.42.0.1|10.42.0.210|10.42.0.47,46,3,UPLOAD,0.95,UPLOAD,0.95,1,1448,100.0,15,0.0,21720.0,0,15,0.0,1.0,0.02827754672669345,1,0,1,1,1,1,1,1,0.9699999999999999,1.0,1.0,1.0,0.8,skip,attack_already_active,1785296187.8241491,1785296187824149175,1384856040847582,35.3,53.35546875,-1.0,0,0
2026-07-28T23:36:27.825,10.42.0.210,10.42.0.1|10.42.0.210|10.42.0.47,46,3,UPLOAD,0.95,UPLOAD,0.95,1,1448,100.0,16,0.0,23168.0,0,16,0.0,1.0,0.02468415255789702,1,0,1,1,1,1,1,1,0.9699999999999999,1.0,1.0,1.0,0.8,skip,attack_already_active,1785296187.8251574,1785296187825157422,1384856041855769,35.3,53.35546875,-1.0,0,0
2026-07-28T23:36:27.826,10.42.0.210,10.42.0.1|10.42.0.210|10.42.0.47,46,3,UPLOAD,0.95,UPLOAD,0.95,1,1448,100.0,17,0.0,24616.0,0,17,0.0,1.0,0.021621801405666396,1,0,1,1,1,1,1,1,0.9699999999999999,1.0,1.0,1.0,0.8,skip,attack_already_active,1785296187.8266022,1785296187826602253,1384856043300725,35.3,53.35546875,-1.0,0,0
2026-07-28T23:36:27.827,10.42.0.210,10.42.0.1|10.42.0.210|10.42.0.47,46,3,UPLOAD,0.95,UPLOAD,0.95,1,1448,100.0,18,0.0,26064.0,0,18,0.0,1.0,0.018907035415014227,1,0,1,1,1,1,1,1,0.9699999999999999,1.0,1.0,1.0,0.8,skip,attack_already_active,1785296187.8276224,1785296187827622298,1384856044320696,35.3,53.35546875,-1.0,0,0
2026-07-28T23:36:27.829,10.42.0.210,10.42.0.1|10.42.0.210|10.42.0.47,46,3,UPLOAD,0.95,UPLOAD,0.95,1,1448,100.0,19,0.0,27512.0,0,19,0.0,1.0,0.016612150049287802,1,0,1,1,1,1,1,1,0.9699999999999999,1.0,1.0,1.0,0.8,skip,attack_already_active,1785296187.8291142,1785296187829114012,1384856045812507,35.3,53.35546875,-1.0,0,0
2026-07-28T23:36:27.830,10.42.0.210,10.42.0.1|10.42.0.210|10.42.0.47,46,3,UPLOAD,0.95,UPLOAD,0.95,1,1448,100.0,20,0.0,28960.0,0,20,0.0,1.0,0.014558030884639158,1,0,1,1,1,1,1,1,0.9699999999999999,1.0,1.0,1.0,0.8,skip,attack_already_active,1785296187.8301382,1785296187830138033,1384856046836666,35.3,53.35546875,-1.0,0,0
2026-07-28T23:36:27.831,10.42.0.210,10.42.0.1|10.42.0.210|10.42.0.47,46,3,UPLOAD,0.95,UPLOAD,0.95,1,1448,100.0,21,0.0,30408.0,0,21,0.0,1.0,0.012834850911466833,1,0,1,1,1,1,1,1,0.9699999999999999,1.0,1.0,1.0,0.8,skip,attack_already_active,1785296187.8316195,1785296187831619560,1384856048317949,35.3,53.35546875,-1.0,0,0
2026-07-28T23:36:27.832,10.42.0.210,10.42.0.1|10.42.0.210|10.42.0.47,46,3,UPLOAD,0.95,UPLOAD,0.95,1,1448,100.0,22,0.0,31856.0,0,22,0.0,1.0,0.01128247335432082,1,0,1,1,1,1,1,1,0.9699999999999999,1.0,1.0,1.0,0.8,skip,attack_already_active,1785296187.8326738,1785296187832673765,1384856049372431,35.3,53.35546875,-1.0,0,0
2026-07-28T23:36:27.834,10.42.0.210,10.42.0.1|10.42.0.210|10.42.0.47,46,3,UPLOAD,0.95,UPLOAD,0.95,1,1448,100.0,23,0.0,33304.0,0,23,0.0,1.0,0.009987378059267393,1,0,1,1,1,1,1,1,0.9699999999999999,1.0,1.0,1.0,0.8,skip,attack_already_active,1785296187.8341281,1785296187834128077,1384856050826847,35.3,53.35546875,-1.0,0,0
2026-07-28T23:36:27.835,10.42.0.210,10.42.0.1|10.42.0.210|10.42.0.47,46,3,UPLOAD,0.95,UPLOAD,0.95,1,1448,100.0,24,0.0,34752.0,0,24,0.0,1.0,0.0088052607625126,1,0,1,1,1,1,1,1,0.9699999999999999,1.0,1.0,1.0,0.8,skip,attack_already_active,1785296187.8351448,1785296187835144699,1384856051843134,35.3,53.35546875,-1.0,0,0
2026-07-28T23:36:27.837,10.42.0.210,10.42.0.1|10.42.0.210|10.42.0.47,46,3,UPLOAD,0.95,UPLOAD,0.95,1,1448,100.0,25,0.0,36200.0,0,25,0.0,1.0,0.007902198542420694,1,0,1,1,1,1,1,1,0.9699999999999999,1.0,1.0,1.0,0.8,skip,attack_already_active,1785296187.837097,1785296187837097050,1384856053796090,35.3,53.35546875,-1.0,0,0
2026-07-28T23:36:27.838,10.42.0.210,10.42.0.1|10.42.0.210|10.42.0.47,46,3,UPLOAD,0.95,UPLOAD,0.95,1,1448,100.0,26,0.0,37648.0,0,26,0.0,1.0,0.007000918242775883,1,0,1,1,1,1,1,1,0.9699999999999999,1.0,1.0,1.0,0.8,skip,attack_already_active,1785296187.8381596,1785296187838159566,1384856054858165,35.3,53.35546875,-1.0,0,0
2026-07-28T23:36:27.839,10.42.0.210,10.42.0.1|10.42.0.210|10.42.0.47,46,3,UPLOAD,0.95,UPLOAD,0.95,1,1448,100.0,27,0.0,39096.0,0,27,0.0,1.0,0.0062764945993427305,1,0,1,1,1,1,1,1,0.9699999999999999,1.0,1.0,1.0,0.8,skip,attack_already_active,1785296187.839663,1785296187839663158,1384856056361617,35.3,53.35546875,-1.0,0,0
2026-07-28T23:36:27.840,10.42.0.210,10.42.0.1|10.42.0.210|10.42.0.47,46,3,UPLOAD,0.95,UPLOAD,0.95,1,1448,100.0,28,0.0,40544.0,0,28,0.0,1.0,0.005588937893497126,1,0,1,1,1,1,1,1,0.9699999999999999,1.0,1.0,1.0,0.8,skip,attack_already_active,1785296187.8407218,1785296187840721821,1384856057420373,35.3,53.35546875,-1.0,0,0
2026-07-28T23:36:27.842,10.42.0.210,10.42.0.1|10.42.0.210|10.42.0.47,46,3,UPLOAD,0.95,UPLOAD,0.95,1,1448,100.0,29,0.0,41992.0,0,29,0.0,1.0,0.005051048472752834,1,0,1,1,1,1,1,1,0.9699999999999999,1.0,1.0,1.0,0.8,skip,attack_already_active,1785296187.842229,1785296187842228997,1384856058927657,35.3,53.35546875,-1.0,0,0
2026-07-28T23:36:27.843,10.42.0.210,10.42.0.1|10.42.0.210|10.42.0.47,46,3,UPLOAD,0.95,UPLOAD,0.95,1,1448,100.0,30,0.0,43440.0,0,30,0.0,1.0,0.004519821812282336,1,0,1,1,1,1,1,1,0.9699999999999999,1.0,1.0,1.0,0.8,skip,attack_already_active,1785296187.8432486,1785296187843248658,1384856059947116,35.3,53.35546875,-1.0,0,0
2026-07-28T23:36:27.844,10.42.0.210,10.42.0.1|10.42.0.210|10.42.0.47,46,3,UPLOAD,0.95,UPLOAD,0.95,1,1448,100.0,31,0.0,44888.0,0,31,0.0,1.0,0.00411461463251212,1,0,1,1,1,1,1,1,0.9699999999999999,1.0,1.0,1.0,0.8,skip,attack_already_active,1785296187.8446934,1785296187844693522,1384856061392231,35.3,53.35546875,-1.0,0,0
2026-07-28T23:36:27.845,10.42.0.210,10.42.0.1|10.42.0.210|10.42.0.47,46,3,UPLOAD,0.95,UPLOAD,0.95,1,1448,100.0,32,0.0,46336.0,0,32,0.0,1.0,0.0037050266649238826,1,0,1,1,1,1,1,1,0.9699999999999999,1.0,1.0,1.0,0.8,skip,attack_already_active,1785296187.8456998,1785296187845699719,1384856062398331,35.3,53.35546875,-1.0,0,0
2026-07-28T23:36:27.847,10.42.0.210,10.42.0.1|10.42.0.210|10.42.0.47,46,3,UPLOAD,0.95,UPLOAD,0.95,1,1448,100.0,33,0.0,47784.0,0,33,0.0,1.0,0.003410613188363034,1,0,1,1,1,1,1,1,0.9699999999999999,1.0,1.0,1.0,0.8,skip,attack_already_active,1785296187.8471706,1785296187847170500,1384856063868925,35.3,53.35546875,-1.0,0,0
2026-07-28T23:36:27.848,10.42.0.210,10.42.0.1|10.42.0.210|10.42.0.47,46,3,UPLOAD,0.95,UPLOAD,0.95,1,1448,100.0,34,0.0,49232.0,0,34,0.0,1.0,0.003092852112654925,1,0,1,1,1,1,1,1,0.9699999999999999,1.0,1.0,1.0,0.8,skip,attack_already_active,1785296187.8481698,1785296187848169746,1384856064868059,35.3,53.35546875,-1.0,0,0
2026-07-28T23:36:27.849,10.42.0.210,10.42.0.1|10.42.0.210|10.42.0.47,46,3,UPLOAD,0.95,UPLOAD,0.95,1,1448,100.0,35,0.0,50680.0,0,35,0.0,1.0,0.002874206485393401,1,0,1,1,1,1,1,1,0.9699999999999999,1.0,1.0,1.0,0.8,skip,attack_already_active,1785296187.8496034,1785296187849603233,1384856066301711,35.3,53.35546875,-1.0,0,0
2026-07-28T23:36:27.850,10.42.0.210,10.42.0.1|10.42.0.210|10.42.0.47,46,3,UPLOAD,0.95,UPLOAD,0.95,1,1448,100.0,36,0.0,52128.0,0,36,0.0,1.0,0.002623265767785157,1,0,1,1,1,1,1,1,0.9699999999999999,1.0,1.0,1.0,0.8,skip,attack_already_active,1785296187.8505733,1785296187850573223,1384856067271686,35.3,53.35546875,-1.0,0,0
2026-07-28T23:36:27.852,10.42.0.210,10.42.0.1|10.42.0.210|10.42.0.47,46,3,UPLOAD,0.95,UPLOAD,0.95,1,1448,100.0,37,0.0,53576.0,0,37,0.0,1.0,0.002467504991080274,1,0,1,1,1,1,1,1,0.9699999999999999,1.0,1.0,1.0,0.8,skip,attack_already_active,1785296187.8520145,1785296187852014669,1384856068713188,35.3,53.35546875,-1.0,0,0
2026-07-28T23:36:27.852,10.42.0.210,10.42.0.1|10.42.0.210|10.42.0.47,46,3,UPLOAD,0.95,UPLOAD,0.95,1,1448,100.0,38,0.0,55024.0,0,38,0.0,1.0,0.0022716966034391564,1,0,1,1,1,1,1,1,0.9699999999999999,1.0,1.0,1.0,0.8,skip,attack_already_active,1785296187.852996,1785296187852996202,1384856069694470,35.3,53.35546875,-1.0,0,0
2026-07-28T23:36:27.854,10.42.0.210,10.42.0.1|10.42.0.210|10.42.0.47,46,3,UPLOAD,0.95,UPLOAD,0.95,1,1448,100.0,39,0.0,56472.0,0,39,0.0,1.0,0.002157174034587208,1,0,1,1,1,1,1,1,0.9699999999999999,1.0,1.0,1.0,0.8,skip,attack_already_active,1785296187.8543987,1785296187854398806,1384856071097077,35.3,53.35546875,-1.0,0,0
2026-07-28T23:36:27.855,10.42.0.210,10.42.0.1|10.42.0.210|10.42.0.47,46,3,UPLOAD,0.95,UPLOAD,0.95,1,1448,100.0,40,0.0,57920.0,0,40,0.0,1.0,0.002001065479585118,1,0,1,1,1,1,1,1,0.9699999999999999,1.0,1.0,1.0,0.8,skip,attack_already_active,1785296187.8553712,1785296187855371154,1384856072069504,35.3,53.35546875,-1.0,0,0
2026-07-28T23:36:27.856,10.42.0.210,10.42.0.1|10.42.0.210|10.42.0.47,46,3,UPLOAD,0.95,UPLOAD,0.95,1,1448,100.0,41,0.0,59368.0,0,41,0.0,1.0,0.0018639257549295043,1,0,1,1,1,1,1,1,0.9699999999999999,1.0,1.0,1.0,0.8,skip,attack_already_active,1785296187.8563316,1785296187856331406,1384856073029680,35.3,53.35546875,-1.0,0,0
2026-07-28T23:36:27.857,10.42.0.210,10.42.0.1|10.42.0.210|10.42.0.47,46,3,UPLOAD,0.95,UPLOAD,0.95,1,1448,100.0,42,0.0,60816.0,0,42,0.0,1.0,0.0017457372341251446,1,0,1,1,1,1,1,1,0.9699999999999999,1.0,1.0,1.0,0.8,skip,attack_already_active,1785296187.8572986,1785296187857298806,1384856073997083,35.3,53.35546875,-1.0,0,0
2026-07-28T23:36:27.858,10.42.0.210,10.42.0.1|10.42.0.210|10.42.0.47,46,3,UPLOAD,0.95,UPLOAD,0.95,1,1448,100.0,43,0.0,62264.0,0,43,0.0,1.0,0.0016435313701275017,1,0,1,1,1,1,1,1,0.9699999999999999,1.0,1.0,1.0,0.8,skip,attack_already_active,1785296187.8582687,1785296187858268649,1384856074967010,35.3,53.35546875,-1.0,0,0
2026-07-28T23:36:27.859,10.42.0.210,10.42.0.1|10.42.0.210|10.42.0.47,46,3,UPLOAD,0.9552866020917677,UPLOAD,0.9552866020917677,1,1337,100.0,44,0.0,63601.0,0,44,0.0,1.0,0.0015509921142902896,1,0,1,1,1,1,1,1,0.9699999999999999,1.0,1.0,1.0,0.8,skip,attack_already_active,1785296187.85921,1785296187859209970,1384856075908145,35.3,53.35546875,-1.0,0,0
2026-07-28T23:36:27.860,10.42.0.1,10.42.0.1|10.42.0.210|10.42.0.47,46,3,UPLOAD,0.984429303642561,UPLOAD,0.984429303642561,1,7240,100.0,10,0.0,86768.0,0,10,0.0,1.0,0.045798587022283024,1,0,1,1,1,1,1,1,0.9699999999999999,1.0,1.0,1.0,0.8,skip,attack_already_active,1785296187.860187,1785296187860187138,1384856076885461,35.3,53.35546875,-1.0,0,0
2026-07-28T23:36:27.861,10.42.0.1,10.42.0.1|10.42.0.210|10.42.0.47,46,3,UPLOAD,0.9846219320938914,UPLOAD,0.9846219320938914,1,7240,100.0,11,0.0,94008.0,0,11,0.0,1.0,0.039894010764808766,1,0,1,1,1,1,1,1,0.9699999999999999,1.0,1.0,1.0,0.8,skip,attack_already_active,1785296187.8611774,1785296187861177336,1384856077875987,35.3,53.35546875,-1.0,0,0
2026-07-28T23:36:27.870,10.42.0.1,10.42.0.1|10.42.0.210|10.42.0.47,46,3,UPLOAD,0.9840960141526308,UPLOAD,0.9840960141526308,0,43,100.0,11,0.0,94008.0,0,11,0.0,1.0,0.07345119224660143,1,0,1,1,1,1,1,1,0.8374999999999999,0.8500000000000001,1.0,0.6000000000000001,0.8,skip,attack_already_active,1785296187.8701096,1785296187870109535,1384856086808102,35.3,53.35546875,-1.0,0,0
2026-07-28T23:36:27.874,10.42.0.1,10.42.0.1|10.42.0.210|10.42.0.47,46,3,UPLOAD,0.984848067832812,UPLOAD,0.984848067832812,1,10136,100.0,12,0.0,104144.0,0,12,0.0,1.0,0.06553337017311409,1,0,1,1,1,1,1,1,0.9699999999999999,1.0,1.0,1.0,0.8,skip,attack_already_active,1785296187.8745425,1785296187874542706,1384856091241256,35.3,53.35546875,-1.0,0,0
2026-07-28T23:36:27.876,10.42.0.1,10.42.0.1|10.42.0.210|10.42.0.47,46,3,UPLOAD,0.9851178928751658,UPLOAD,0.9851178928751658,1,14480,100.0,13,0.0,118624.0,0,13,0.0,1.0,0.05709564384735488,1,0,1,1,1,1,1,1,0.9699999999999999,1.0,1.0,1.0,0.8,skip,attack_already_active,1785296187.8760443,1785296187876044293,1384856092742853,35.3,53.35546875,-1.0,0,0
2026-07-28T23:36:27.877,10.42.0.1,10.42.0.1|10.42.0.210|10.42.0.47,46,3,UPLOAD,0.9853135047305283,UPLOAD,0.9853135047305283,1,4344,100.0,14,0.0,122968.0,0,14,0.0,1.0,0.0497646733764451,1,0,1,1,1,1,1,1,0.9699999999999999,1.0,1.0,1.0,0.8,skip,attack_already_active,1785296187.8775072,1785296187877507235,1384856094205758,35.3,53.35546875,-1.0,0,0
2026-07-28T23:36:27.879,10.42.0.1,10.42.0.1|10.42.0.210|10.42.0.47,46,3,UPLOAD,0.9855018809229381,UPLOAD,0.9855018809229381,1,14480,100.0,15,0.0,137448.0,0,15,0.0,1.0,0.04351522830743597,1,0,1,1,1,1,1,1,0.9699999999999999,1.0,1.0,1.0,0.8,skip,attack_already_active,1785296187.8798466,1785296187879846677,1384856096545241,35.3,53.35546875,-1.0,0,0
2026-07-28T23:36:27.880,10.42.0.1,10.42.0.1|10.42.0.210|10.42.0.47,46,3,UPLOAD,0.9855085228037771,UPLOAD,0.9855085228037771,1,5792,100.0,16,0.0,143240.0,0,16,0.0,1.0,0.03791527911197378,1,0,1,1,1,1,1,1,0.9699999999999999,1.0,1.0,1.0,0.8,skip,attack_already_active,1785296187.8808653,1785296187880865318,1384856097563675,35.3,53.35546875,-1.0,0,0
2026-07-28T23:36:27.881,10.42.0.1,10.42.0.1|10.42.0.210|10.42.0.47,46,3,UPLOAD,0.9855087208037402,UPLOAD,0.9855087208037402,1,14480,100.0,17,0.0,157720.0,0,17,0.0,1.0,0.03305216063512469,1,0,1,1,1,1,1,1,0.9699999999999999,1.0,1.0,1.0,0.8,skip,attack_already_active,1785296187.8818758,1785296187881875622,1384856098574126,35.3,53.35546875,-1.0,0,0
2026-07-28T23:36:27.883,10.42.0.1,10.42.0.1|10.42.0.210|10.42.0.47,46,3,UPLOAD,0.9855087260406945,UPLOAD,0.9855087260406945,1,1337,100.0,18,0.0,159057.0,0,18,0.0,1.0,0.028943545460679142,1,0,1,1,1,1,1,1,0.9699999999999999,1.0,1.0,1.0,0.8,skip,attack_already_active,1785296187.8837488,1785296187883748797,1384856100447186,35.3,53.35546875,-1.0,0,0
2026-07-28T23:36:27.939,10.42.0.18,10.42.0.1|10.42.0.210|10.42.0.47,35,3,UPLOAD,0.9855076450773014,UPLOAD,0.9855076450773014,0,39,1.0,0,0.0,0.0,0,0,0.0,0.0,0.29824610992252154,0,0,0,0,0,0,0,0,0.4375,0.05,1.0,0.0,0.8,skip,already_attacked_this_round,1785296187.939351,1785296187939351064,1384856156049613,35.3,53.35546875,-1.0,0,0
2026-07-28T23:36:28.156,10.42.0.1,,47,1,DOWNLOAD,0.9839482997441351,DOWNLOAD,0.9839482997441351,-1,7240,21.969198892131327,19,7240.0,159057.0,1,18,0.04353656409917196,0.956463435900828,0.0287836610013695,0,0,0,0,1,0,0,0,0.44,0.8500000000000001,0.0,0.6000000000000001,0.15,skip,training_upload_trigger_not_confirmed,1785296188.1562488,1785296188156248797,1384856372947631,35.3,53.35546875,-1.0,0,0
2026-07-28T23:36:28.157,10.42.0.1,,47,1,DOWNLOAD,0.95,DOWNLOAD,0.95,-1,7240,10.984599446824268,20,14480.0,159057.0,2,18,0.08344041904608239,0.9165595809539177,0.025095109654542987,0,0,0,0,1,0,0,0,0.44,0.8500000000000001,0.0,0.6000000000000001,0.15,skip,training_upload_trigger_not_confirmed,1785296188.157041,1785296188157041179,1384856373739413,35.3,53.35546875,-1.0,0,0
2026-07-28T23:36:28.158,10.42.0.1,,47,1,DOWNLOAD,0.95,DOWNLOAD,0.95,-1,7240,7.323066298051424,21,21720.0,159057.0,3,18,0.12014802768051246,0.8798519723194875,0.021923372916536628,0,0,0,0,1,0,0,0,0.44,0.8500000000000001,0.0,0.6000000000000001,0.15,skip,training_upload_trigger_not_confirmed,1785296188.1580667,1785296188158066632,1384856374764936,35.3,53.35546875,-1.0,0,0
2026-07-28T23:36:28.158,10.42.0.1,,47,1,DOWNLOAD,0.965375029417542,DOWNLOAD,0.965375029417542,-1,7240,5.492299723601786,22,28960.0,159057.0,4,18,0.15402862507113718,0.8459713749288628,0.019128684541258625,0,0,0,0,1,0,0,0,0.4,0.8500000000000001,0.0,0.4,0.15,skip,training_upload_trigger_not_confirmed,1785296188.158782,1785296188158781990,1384856375480049,35.3,53.35546875,-1.0,0,0
2026-07-28T23:36:28.162,10.42.0.1,,47,1,DOWNLOAD,0.9621873609676146,DOWNLOAD,0.9621873609676146,-1,7240,4.393839778911772,23,36200.0,159057.0,5,18,0.1853966823212484,0.8146033176787516,0.01708370438628911,0,0,0,0,1,0,0,0,0.4,0.8500000000000001,0.0,0.4,0.15,skip,training_upload_trigger_not_confirmed,1785296188.162392,1785296188162391692,1384856379090736,35.3,53.35546875,-1.0,0,0
2026-07-28T23:36:28.163,10.42.0.1,,47,1,DOWNLOAD,0.9516539227052504,DOWNLOAD,0.9516539227052504,-1,7240,3.6615331491100016,24,43440.0,159057.0,6,18,0.21452169661772766,0.7854783033822723,0.014974389662813493,0,0,0,0,1,0,0,0,0.4,0.8500000000000001,0.0,0.4,0.15,skip,training_upload_trigger_not_confirmed,1785296188.1634686,1785296188163468455,1384856380167510,35.3,53.35546875,-1.0,0,0
2026-07-28T23:36:28.165,10.42.0.1,,47,1,DOWNLOAD,0.95,DOWNLOAD,0.95,-1,14480,2.7461498618483056,25,57920.0,159057.0,7,18,0.2669407356540094,0.7330592643459906,0.013241962416120205,0,0,0,0,1,0,0,0,0.32,0.8500000000000001,0.0,0.0,0.15,skip,training_upload_trigger_not_confirmed,1785296188.165296,1785296188165296133,1384856381996756,35.3,53.35546875,-1.0,0,0
2026-07-28T23:36:28.166,10.42.0.1,,47,1,DOWNLOAD,0.95,DOWNLOAD,0.95,-1,14480,2.1969198894862307,26,72400.0,159057.0,8,18,0.3128010818424157,0.6871989181575844,0.011681901732306902,0,0,0,0,1,0,0,0,0.32,0.8500000000000001,0.0,0.0,0.15,skip,training_upload_trigger_not_confirmed,1785296188.1666992,1785296188166699345,1384856383397981,35.3,53.35546875,-1.0,0,0
2026-07-28T23:36:28.167,10.42.0.1,,47,1,DOWNLOAD,0.95,DOWNLOAD,0.95,-1,7240,1.9971998995354447,27,79640.0,159057.0,9,18,0.33364474626828156,0.6663552537317184,0.010246705706122884,0,0,0,0,1,0,0,0,0.32,0.8500000000000001,0.0,0.0,0.15,skip,training_upload_trigger_not_confirmed,1785296188.1674898,1785296188167489854,1384856384188093,35.3,53.35546875,-1.0,0,0
2026-07-28T23:36:28.168,10.42.0.1,,47,1,DOWNLOAD,0.95,DOWNLOAD,0.95,-1,7240,1.8307665745760733,28,86880.0,159057.0,10,18,0.35326120103929054,0.6467387989607094,0.008991897814007674,0,0,0,0,1,0,0,0,0.32,0.8500000000000001,0.0,0.0,0.15,skip,training_upload_trigger_not_confirmed,1785296188.168214,1785296188168213976,1384856384912257,35.3,53.35546875,-1.0,0,0
2026-07-28T23:36:28.169,10.42.0.1,,47,1,DOWNLOAD,0.95,DOWNLOAD,0.95,-1,14480,1.5692284924963575,29,101360.0,159057.0,11,18,0.3892219017959657,0.6107780982040343,0.007911207042675651,0,0,0,0,1,0,0,0,0.32,0.8500000000000001,0.0,0.0,0.15,skip,training_upload_trigger_not_confirmed,1785296188.169005,1785296188169004905,1384856385703237,35.3,53.35546875,-1.0,0,0
2026-07-28T23:36:28.170,10.42.0.1,,47,1,DOWNLOAD,0.95,DOWNLOAD,0.95,-1,14480,1.373074930936006,30,115840.0,159057.0,12,18,0.4213941949166415,0.5786058050833585,0.007007263031059491,0,0,0,0,1,0,0,0,0.32,0.8500000000000001,0.0,0.0,0.15,skip,training_upload_trigger_not_confirmed,1785296188.1700563,1785296188170056546,1384856386754957,35.3,53.35546875,-1.0,0,0
2026-07-28T23:36:28.171,10.42.0.1,,47,1,DOWNLOAD,0.95,DOWNLOAD,0.95,-1,21720,1.1562736260529494,31,137560.0,159057.0,13,18,0.46376303448554873,0.5362369655144513,0.006218445741223267,0,0,0,0,1,0,0,0,0.30250000000000005,0.8000000000000002,0.0,0.0,0.15,skip,training_upload_trigger_not_confirmed,1785296188.1710775,1785296188171077314,1384856387775891,35.3,53.35546875,-1.0,0,0
2026-07-28T23:36:28.172,10.42.0.1,,47,1,DOWNLOAD,0.95,DOWNLOAD,0.95,-1,11584,1.0664659657775943,32,149144.0,159057.0,14,18,0.4839179626282848,0.5160820373717152,0.0055519850749492445,0,0,0,0,1,0,0,0,0.30250000000000005,0.8000000000000002,0.0,0.0,0.15,skip,training_upload_trigger_not_confirmed,1785296188.1722383,1785296188172238407,1384856388937103,35.3,53.35546875,-1.0,0,0
2026-07-28T23:36:28.173,10.42.0.1,,47,1,DOWNLOAD,0.95,DOWNLOAD,0.95,-1,2896,1.0461523283343452,33,152040.0,159057.0,15,18,0.48872216704114796,0.5112778329588521,0.00505013123399662,0,0,0,0,1,0,0,0,0.30250000000000005,0.8000000000000002,0.0,0.0,0.15,skip,training_upload_trigger_not_confirmed,1785296188.173982,1785296188173981937,1384856390680949,35.3,53.35546875,-1.0,0,0
2026-07-28T23:36:28.176,10.42.0.1,,47,1,DOWNLOAD,0.95,DOWNLOAD,0.95,-1,21720,0.9153832872933046,34,173760.0,159057.0,16,18,0.5220887154201859,0.47791128457981413,0.004688491337981379,0,0,0,0,1,0,0,0,0.30250000000000005,0.8000000000000002,0.0,0.0,0.15,skip,training_upload_trigger_not_confirmed,1785296188.1762877,1785296188176287660,1384856392986278,35.3,53.35546875,-1.0,0,0
2026-07-28T23:36:28.178,10.42.0.1,,47,1,DOWNLOAD,0.95,DOWNLOAD,0.95,-1,4344,0.8930568656521299,35,178104.0,159057.0,17,18,0.5282461494656855,0.47175385053431446,0.004308184043476815,0,0,0,0,1,0,0,0,0.30250000000000005,0.8000000000000002,0.0,0.0,0.15,skip,training_upload_trigger_not_confirmed,1785296188.17809,1785296188178089904,1384856394788829,35.3,53.35546875,-1.0,0,0
2026-07-28T23:36:28.179,10.42.0.1,,47,1,DOWNLOAD,0.95,DOWNLOAD,0.95,-1,14024,0.8278699616931011,36,192128.0,159057.0,18,18,0.5470848697979698,0.4529151302020303,0.003972210724065354,0,0,0,0,1,0,0,0,0.30250000000000005,0.8000000000000002,0.0,0.0,0.15,skip,training_upload_trigger_not_confirmed,1785296188.1798487,1785296188179848778,1384856396547429,35.3,53.35546875,-1.0,0,0
2026-07-28T23:36:28.181,10.42.0.210,,47,1,DOWNLOAD,0.9844322391827959,DOWNLOAD,0.9844322391827959,-1,7240,8.784668507212062,45,7240.0,63601.0,1,44,0.10220070298273598,0.897799297017264,0.03370982159396374,0,0,0,0,1,0,0,0,0.44,0.8500000000000001,0.0,0.6000000000000001,0.15,skip,training_upload_trigger_not_confirmed,1785296188.1815934,1785296188181593360,1384856398291991,35.3,53.35546875,-1.0,0,0
2026-07-28T23:36:28.182,10.42.0.210,,47,1,DOWNLOAD,0.95,DOWNLOAD,0.95,-1,7240,4.392334253909369,46,14480.0,63601.0,2,44,0.18544844456397844,0.8145515554360215,0.029427328567074938,0,0,0,0,1,0,0,0,0.4,0.8500000000000001,0.0,0.4,0.15,skip,training_upload_trigger_not_confirmed,1785296188.1828046,1785296188182804380,1384856399502971,87.4,53.35546875,-1.0,0,0
2026-07-28T23:36:28.184,10.42.0.1,,47,1,DOWNLOAD,0.95,DOWNLOAD,0.95,-1,14480,0.769849182994996,37,206608.0,159057.0,19,18,0.5650198952593221,0.43498010474067794,0.00400046574306439,0,0,0,0,1,0,0,0,0.28500000000000003,0.7500000000000001,0.0,0.0,0.15,skip,training_upload_trigger_not_confirmed,1785296188.1840353,1785296188184035391,1384856400733957,87.4,53.35546875,-1.0,0,0
2026-07-28T23:36:28.185,10.42.0.1,,47,1,DOWNLOAD,0.95,DOWNLOAD,0.95,-1,14480,0.7194284628757805,38,221088.0,159057.0,20,18,0.5815886043483408,0.41841139565165925,0.0037040050623328566,0,0,0,0,1,0,0,0,0.28500000000000003,0.7500000000000001,0.0,0.0,0.15,skip,training_upload_trigger_not_confirmed,1785296188.185786,1785296188185786087,1384856402484882,87.4,53.35546875,-1.0,0,0
2026-07-28T23:36:28.186,10.42.0.1,,47,1,DOWNLOAD,0.95,DOWNLOAD,0.95,-1,14024,0.6765158732872992,39,235112.0,159057.0,21,18,0.5964751160035416,0.40352488399645836,0.0033728106660187705,0,0,0,0,1,0,0,0,0.28500000000000003,0.7500000000000001,0.0,0.0,0.15,skip,training_upload_trigger_not_confirmed,1785296188.1869767,1785296188186976686,1384856403675846,87.4,53.35546875,-1.0,0,0
2026-07-28T23:36:28.188,10.42.0.1,,47,1,DOWNLOAD,0.95,DOWNLOAD,0.95,-1,16920,0.6310984319466135,40,252032.0,159057.0,22,18,0.6130837847765326,0.3869162152234674,0.0030731635049244697,0,0,0,0,1,0,0,0,0.28500000000000003,0.7500000000000001,0.0,0.0,0.15,skip,training_upload_trigger_not_confirmed,1785296188.1880755,1785296188188075459,1384856404774095,87.4,53.35546875,-1.0,0,0
2026-07-28T23:36:28.189,10.42.0.210,,47,1,DOWNLOAD,0.9557926560077417,DOWNLOAD,0.9557926560077417,-1,10136,2.5837260317848667,47,24616.0,63601.0,3,44,0.27903918745819967,0.7209608125418003,0.026467451120034645,0,0,0,0,1,0,0,0,0.32,0.8500000000000001,0.0,0.0,0.15,skip,training_upload_trigger_not_confirmed,1785296188.1897702,1785296188189770266,1384856406468880,87.4,53.35546875,-1.0,0,0
2026-07-28T23:36:28.191,10.42.0.210,,47,1,DOWNLOAD,0.9846998846180315,DOWNLOAD,0.9846998846180315,-1,14480,1.6267904644816147,48,39096.0,63601.0,4,44,0.38069271741141414,0.6193072825885858,0.02321739005691203,0,0,0,0,1,0,0,0,0.32,0.8500000000000001,0.0,0.0,0.15,skip,training_upload_trigger_not_confirmed,1785296188.1915739,1785296188191573638,1384856408272266,87.4,53.35546875,-1.0,0,0
2026-07-28T23:36:28.192,10.42.0.210,,47,1,DOWNLOAD,0.9854895428954357,DOWNLOAD,0.9854895428954357,-1,4344,1.4641114180371981,49,43440.0,63601.0,5,44,0.40582580506534877,0.5941741949346512,0.020318599816483,0,0,0,0,1,0,0,0,0.32,0.8500000000000001,0.0,0.0,0.15,skip,training_upload_trigger_not_confirmed,1785296188.1927931,1785296188192793113,1384856409491923,87.4,53.35546875,-1.0,0,0
2026-07-28T23:36:28.194,10.42.0.1,,47,1,DOWNLOAD,0.95,DOWNLOAD,0.95,-1,21720,0.5810258920498078,41,273752.0,159057.0,23,18,0.6325007104750594,0.36749928952494054,0.0034686850305119003,0,0,0,0,1,0,0,0,0.28500000000000003,0.7500000000000001,0.0,0.0,0.15,skip,training_upload_trigger_not_confirmed,1785296188.1941502,1785296188194150024,1384856410849169,87.4,53.35546875,-1.0,0,0
2026-07-28T23:36:28.196,10.42.0.1,,47,1,DOWNLOAD,0.95,DOWNLOAD,0.95,-1,14024,0.5527111364410072,42,287776.0,159057.0,24,18,0.6440347959976098,0.3559652040023902,0.0033259328067347968,0,0,0,0,1,0,0,0,0.28500000000000003,0.7500000000000001,0.0,0.0,0.15,skip,training_upload_trigger_not_confirmed,1785296188.1965356,1785296188196535554,1384856413234894,87.4,53.35546875,-1.0,0,0
2026-07-28T23:36:28.198,10.42.0.47,,47,1,DOWNLOAD,0.95,DOWNLOAD,0.95,-1,7240,10.984530385361252,16,7240.0,79528.0,1,15,0.08344089987092015,0.9165591001290798,0.0864526088172016,0,0,0,0,0,0,0,0,0.057499999999999996,0.1,0.0,0.0,0.15,skip,training_upload_trigger_not_confirmed,1785296188.1984503,1785296188198450473,1384856415149979,87.4,53.35546875,-1.0,0,0
2026-07-28T23:36:28.200,10.42.0.18,,36,1,DOWNLOAD,0.95,DOWNLOAD,0.95,-1,10220,9.784735811175661e-11,1,10220.0,0.0,1,0,1.0,0.0,0.29337379727701784,0,0,0,0,0,0,0,0,0.0225,0.0,0.0,0.0,0.15,skip,training_upload_trigger_not_confirmed,1785296188.2006226,1785296188200622607,1384856417322192,87.4,53.35546875,-1.0,0,0
2026-07-28T23:36:28.201,10.42.0.18,,36,1,DOWNLOAD,0.9501636268490739,DOWNLOAD,0.9501636268490739,-1,4380,6.84931506802402e-11,2,14600.0,0.0,2,0,1.0,0.0,0.2548944860668625,0,0,0,0,0,0,0,0,0.0225,0.0,0.0,0.0,0.15,skip,training_upload_trigger_not_confirmed,1785296188.2019875,1785296188201987694,1384856418686291,87.4,53.35546875,-1.0,0,0
2026-07-28T23:36:28.203,10.42.0.210,,47,1,DOWNLOAD,0.9855083405864443,DOWNLOAD,0.9855083405864443,-1,18824,1.0214730823586426,50,62264.0,63601.0,6,44,0.4946887538235411,0.505311246176459,0.01908711671026791,0,0,0,0,1,0,0,0,0.30250000000000005,0.8000000000000002,0.0,0.0,0.15,skip,training_upload_trigger_not_confirmed,1785296188.2037663,1785296188203766155,1384856420465211,87.4,53.35546875,-1.0,0,0
2026-07-28T23:36:28.204,10.42.0.210,,47,1,DOWNLOAD,0.9855087208476458,DOWNLOAD,0.9855087208476458,-1,1448,0.9982577850326743,51,63712.0,63601.0,7,44,0.500435933486761,0.49956406651323904,0.01673441325997379,0,0,0,0,1,0,0,0,0.30250000000000005,0.8000000000000002,0.0,0.0,0.15,skip,training_upload_trigger_not_confirmed,1785296188.2049994,1785296188204999443,1384856421697923,87.4,53.35546875,-1.0,0,0
2026-07-28T23:36:28.206,10.42.0.210,,47,1,DOWNLOAD,0.9855087261970161,DOWNLOAD,0.9855087261970161,-1,14480,0.81339523225121,52,78192.0,63601.0,8,44,0.5514517641914622,0.4485482358085378,0.01475073808752083,0,0,0,0,1,0,0,0,0.30250000000000005,0.8000000000000002,0.0,0.0,0.15,skip,training_upload_trigger_not_confirmed,1785296188.2066803,1785296188206680432,1384856423379645,87.4,53.35546875,-1.0,0,0
2026-07-28T23:36:28.208,10.42.0.210,,47,1,DOWNLOAD,0.9855087261721334,DOWNLOAD,0.9855087261721334,-1,992,0.8032051929707618,53,79184.0,63601.0,9,44,0.5545680568687187,0.4454319431312813,0.01306534478057534,0,0,0,0,1,0,0,0,0.24999999999999997,0.65,0.0,0.0,0.15,skip,training_upload_trigger_not_confirmed,1785296188.208641,1785296188208641124,1384856425340763,87.4,53.35546875,-1.0,0,0
2026-07-28T23:36:28.210,10.42.0.59,,15,1,DOWNLOAD,0.95,DOWNLOAD,0.95,-1,14600,6.84931506802402e-11,1,14600.0,0.0,1,0,1.0,0.0,0.4673302829970404,0,0,0,0,0,0,0,0,0.0225,0.0,0.0,0.0,0.15,skip,training_upload_trigger_not_confirmed,1785296188.210963,1785296188210962843,1384856427661477,87.4,53.35546875,-1.0,0,0
2026-07-28T23:36:28.212,10.42.0.59,,15,1,DOWNLOAD,0.95,DOWNLOAD,0.95,-1,14600,3.424657534129292e-11,2,29200.0,0.0,2,0,1.0,0.0,0.4059072127511124,0,0,0,0,0,0,0,0,0.0225,0.0,0.0,0.0,0.15,skip,training_upload_trigger_not_confirmed,1785296188.2121706,1785296188212170622,1384856428869311,87.4,53.35546875,-1.0,0,0
2026-07-28T23:36:28.214,10.42.0.18,,36,1,DOWNLOAD,0.953106048675958,DOWNLOAD,0.953106048675958,-1,14600,3.424657534129292e-11,3,29200.0,0.0,3,0,1.0,0.0,0.222936562116533,0,0,0,0,0,0,0,0,0.0225,0.0,0.0,0.0,0.15,skip,training_upload_trigger_not_confirmed,1785296188.2143621,1785296188214361987,1384856431060625,87.4,53.35546875,-1.0,0,0
2026-07-28T23:36:28.215,10.42.0.18,,36,1,DOWNLOAD,0.9548497175691629,DOWNLOAD,0.9548497175691629,-1,14600,2.2831050227789245e-11,4,43800.0,0.0,4,0,1.0,0.0,0.19370992472958204,0,0,0,0,0,0,0,0,0.0225,0.0,0.0,0.0,0.15,skip,training_upload_trigger_not_confirmed,1785296188.2155058,1785296188215505999,1384856432204500,87.4,53.35546875,-1.0,0,0
2026-07-28T23:36:28.221,10.42.0.59,,15,1,DOWNLOAD,0.95,DOWNLOAD,0.95,-1,24820,1.8511662346936104e-11,3,54020.0,0.0,3,0,1.0,0.0,0.35362930105785767,0,0,0,0,0,0,0,0,0.0225,0.0,0.0,0.0,0.15,skip,training_upload_trigger_not_confirmed,1785296188.2213552,1785296188221355249,1384856438053949,87.4,53.35546875,-1.0,0,0
2026-07-28T23:36:28.222,10.42.0.59,,15,1,DOWNLOAD,0.9563325922551198,DOWNLOAD,0.9563325922551198,-1,10564,1.5483711135645304e-11,4,64584.0,0.0,4,0,1.0,0.0,0.3071899969970766,0,0,0,0,0,0,0,0,0.0225,0.0,0.0,0.0,0.15,skip,training_upload_trigger_not_confirmed,1785296188.2225695,1785296188222569372,1384856439268600,87.4,53.35546875,-1.0,0,0
2026-07-28T23:36:28.224,10.42.0.145,,20,1,DOWNLOAD,0.95,DOWNLOAD,0.95,-1,29200,3.424657534129292e-11,1,29200.0,0.0,1,0,1.0,0.0,0.5043905837075157,0,0,0,0,0,0,0,0,0.0225,0.0,0.0,0.0,0.15,skip,training_upload_trigger_not_confirmed,1785296188.224212,1785296188224211927,1384856440910621,87.4,53.35546875,-1.0,0,0
2026-07-28T23:36:28.229,10.42.0.47,,47,1,DOWNLOAD,0.9829981496648164,DOWNLOAD,0.9829981496648164,-1,2896,7.846093132710527,17,10136.0,79528.0,2,15,0.11304425410421128,0.8869557458957887,0.07915729606942914,0,0,0,0,0,0,0,0,0.057499999999999996,0.1,0.0,0.0,0.15,skip,training_upload_trigger_not_confirmed,1785296188.2295408,1785296188229540872,1384856446239399,87.4,53.35546875,-1.0,0,0
2026-07-28T23:36:28.230,10.42.0.47,,47,1,DOWNLOAD,0.9842257140988042,DOWNLOAD,0.9842257140988042,-1,8688,4.224819379344197,18,18824.0,79528.0,3,15,0.19139417602082318,0.8086058239791768,0.06882893208919474,0,0,0,0,0,0,0,0,0.057499999999999996,0.1,0.0,0.0,0.15,skip,training_upload_trigger_not_confirmed,1785296188.230319,1785296188230319230,1384856447017623,87.4,53.35546875,-1.0,0,0
2026-07-28T23:36:28.231,10.42.0.47,,47,1,DOWNLOAD,0.9842586901286671,DOWNLOAD,0.9842586901286671,-1,8688,2.8906658911787337,19,27512.0,79528.0,4,15,0.2570254110612855,0.7429745889387145,0.05985181194911972,0,0,0,0,0,0,0,0,0.057499999999999996,0.1,0.0,0.0,0.15,skip,training_upload_trigger_not_confirmed,1785296188.231023,1785296188231023011,1384856447721102,87.4,53.35546875,-1.0,0,0
2026-07-28T23:36:28.232,10.42.0.47,,47,1,DOWNLOAD,0.9842595481342594,DOWNLOAD,0.9842595481342594,-1,8688,2.196906077315002,20,36200.0,79528.0,5,15,0.31280243329185675,0.6871975667081432,0.052178164506202065,0,0,0,0,0,0,0,0,0.057499999999999996,0.1,0.0,0.0,0.15,skip,training_upload_trigger_not_confirmed,1785296188.2326417,1785296188232641687,1384856449339968,87.4,53.35546875,-1.0,0,0
2026-07-28T23:36:28.235,10.42.0.47,,47,1,DOWNLOAD,0.9842595696464124,DOWNLOAD,0.9842595696464124,-1,11584,1.6643227858558445,21,47784.0,79528.0,6,15,0.37532989820284024,0.6246701017971598,0.045674240490943104,0,0,0,0,0,0,0,0,0.057499999999999996,0.1,0.0,0.0,0.15,skip,training_upload_trigger_not_confirmed,1785296188.2354634,1785296188235463469,1384856452161863,87.4,53.35546875,-1.0,0,0
2026-07-28T23:36:28.237,10.42.0.47,,47,1,DOWNLOAD,0.9842595701605352,DOWNLOAD,0.9842595701605352,-1,11584,1.3395768764260279,22,59368.0,79528.0,7,15,0.4274277157009561,0.5725722842990439,0.03987282501578911,0,0,0,0,0,0,0,0,0.057499999999999996,0.1,0.0,0.0,0.15,skip,training_upload_trigger_not_confirmed,1785296188.2371123,1785296188237112400,1384856453810772,87.4,53.35546875,-1.0,0,0
2026-07-28T23:36:28.239,10.42.0.47,,47,1,DOWNLOAD,0.9842595701720059,DOWNLOAD,0.9842595701720059,-1,12576,1.1054153230275574,23,71944.0,79528.0,8,15,0.4749656702228795,0.5250343297771205,0.03488166325379562,0,0,0,0,0,0,0,0,0.039999999999999994,0.05,0.0,0.0,0.15,skip,training_upload_trigger_not_confirmed,1785296188.2391086,1785296188239108708,1384856455807139,87.4,53.35546875,-1.0,0,0
2026-07-28T23:36:28.539,10.42.0.59,,15,3,UPLOAD,0.95,UPLOAD,0.95,1,64240,0.994673603369338,5,64584.0,64240.0,4,1,0.5013351549400733,0.4986648450599267,0.3379235755421318,0,0,0,1,1,1,1,1,0.85,1.0,1.0,0.4,0.8,trigger,training_upload_trigger_confirmed,1785296188.539409,1785296188539408859,1384856756107599,87.4,53.35546875,8.081623,1785296188547491875,1384856764189222
2026-07-28T23:36:28.541,10.42.0.59,,15,3,UPLOAD,0.9841010226033655,UPLOAD,0.9841010226033655,1,6554,1.0961538461523572,6,64584.0,70794.0,4,2,0.47706422018348627,0.5229357798165137,0.29363770695904506,0,0,1,1,1,1,1,1,0.85,1.0,1.0,0.4,0.8,skip,attack_already_active,1785296188.5412593,1785296188541259323,1384856757958317,87.4,53.35546875,-1.0,0,0
2026-07-28T23:36:28.542,10.42.0.1,10.42.0.1,47,3,UPLOAD,0.95,UPLOAD,0.95,1,7240,0.30151576226196236,34,287776.0,86769.0,24,10,0.7683349130278071,0.23166508697219293,0.003133972833728089,1,0,0,0,1,0,0,0,0.85,1.0,1.0,0.4,0.8,trigger,training_upload_trigger_confirmed,1785296188.54238,1785296188542380124,1384856759078639,87.4,53.35546875,17.219259,1785296188559600610,1384856776297898
2026-07-28T23:36:28.543,10.42.0.1,10.42.0.1,47,3,UPLOAD,0.95,UPLOAD,0.95,1,5792,0.32164252752376277,35,287776.0,92561.0,24,11,0.7566342480484413,0.24336575195155874,0.002811571827851068,1,0,1,1,1,1,1,1,0.85,1.0,1.0,0.4,0.8,skip,attack_already_active,1785296188.5430675,1785296188543067504,1384856759765692,87.4,53.35546875,-1.0,0,0
2026-07-28T23:36:28.547,10.42.0.145,10.42.0.1,20,3,UPLOAD,0.95,UPLOAD,0.95,1,64240,2.199999999958904,2,29200.0,64240.0,1,1,0.3125,0.6875,0.49291074768520243,0,0,0,1,1,1,1,1,0.9299999999999999,1.0,1.0,0.8,0.8,trigger,training_upload_trigger_confirmed,1785296188.5475876,1785296188547587540,1384856764286377,87.4,53.35546875,26.420596,1785296188574009676,1384856790706973
2026-07-28T23:36:28.548,10.42.0.145,10.42.0.1,20,3,UPLOAD,0.9841010226033655,UPLOAD,0.9841010226033655,1,15315,2.724486301310805,3,29200.0,79555.0,1,2,0.2684934026021792,0.7315065973978208,0.4280763909948202,0,0,1,1,1,1,1,1,0.9299999999999999,1.0,1.0,0.8,0.8,skip,attack_already_active,1785296188.5484884,1785296188548488523,1384856765186816,87.4,53.35546875,-1.0,0,0
2026-07-28T23:36:28.550,10.42.0.1,10.42.0.1,47,3,UPLOAD,0.95,UPLOAD,0.95,1,7240,0.34680098410101323,36,287776.0,99801.0,24,12,0.742500199960266,0.25749980003973405,0.0025977260070863184,1,0,1,1,1,1,1,1,0.9699999999999999,1.0,1.0,1.0,0.8,skip,attack_already_active,1785296188.5509021,1785296188550902024,1384856767600741,87.4,53.35546875,-1.0,0,0
2026-07-28T23:36:28.551,10.42.0.1,10.42.0.1,47,3,UPLOAD,0.95,UPLOAD,0.95,1,5792,0.36692774936281364,37,287776.0,105593.0,24,13,0.731567561246565,0.2684324387534351,0.0023532146626993873,1,0,1,1,1,1,1,1,0.9699999999999999,1.0,1.0,1.0,0.8,skip,attack_already_active,1785296188.5516443,1785296188551644421,1384856768342588,87.4,53.35546875,-1.0,0,0
2026-07-28T23:36:28.560,10.42.0.1,10.42.0.1,47,3,UPLOAD,0.95,UPLOAD,0.95,1,1448,0.37195944067826375,38,287776.0,107041.0,24,14,0.7288845211832318,0.2711154788167683,0.003258380656743089,1,0,1,1,1,1,1,1,0.9699999999999999,1.0,1.0,1.0,0.8,skip,attack_already_active,1785296188.5608666,1785296188560866500,1384856777565478,87.4,53.35546875,-1.0,0,0
2026-07-28T23:36:28.568,10.42.0.1,10.42.0.1,47,3,UPLOAD,0.95,UPLOAD,0.95,1,1448,0.37699113199371387,39,287776.0,108489.0,24,15,0.7262210894224824,0.2737789105775176,0.003881306405645007,1,0,1,1,1,1,1,1,0.9699999999999999,1.0,1.0,1.0,0.8,skip,attack_already_active,1785296188.5688522,1785296188568852249,1384856785550776,87.4,53.35546875,-1.0,0,0
2026-07-28T23:36:28.592,10.42.0.1,10.42.0.1,47,3,UPLOAD,0.95,UPLOAD,0.95,1,11584,0.4172446625173147,40,287776.0,120073.0,24,16,0.7055944724640737,0.2944055275359263,0.006445463678069606,1,0,1,1,1,1,1,1,0.9699999999999999,1.0,1.0,1.0,0.8,skip,attack_already_active,1785296188.5921922,1785296188592192175,1384856808890807,87.4,53.35546875,-1.0,0,0
2026-07-28T23:36:28.593,10.42.0.1,10.42.0.1,47,3,UPLOAD,0.95,UPLOAD,0.95,1,14480,0.4675615756718157,41,287776.0,134553.0,24,17,0.6814024137579944,0.3185975862420056,0.005795585716545498,1,0,1,1,1,1,1,1,0.9699999999999999,1.0,1.0,1.0,0.8,skip,attack_already_active,1785296188.593706,1785296188593705992,1384856810404624,87.4,53.35546875,-1.0,0,0
2026-07-28T23:36:28.595,10.42.0.1,10.42.0.1,47,3,UPLOAD,0.95,UPLOAD,0.95,1,11584,0.5078151061954166,42,287776.0,146137.0,24,18,0.6632112888989268,0.3367887111010733,0.005318402919719841,1,0,1,1,1,1,1,1,0.9699999999999999,1.0,1.0,1.0,0.8,skip,attack_already_active,1785296188.5958803,1785296188595880268,1384856812578971,87.4,53.35546875,-1.0,0,0
2026-07-28T23:36:28.597,10.42.0.1,10.42.0.1,47,3,UPLOAD,0.95,UPLOAD,0.95,1,14480,0.5581320193499175,43,287776.0,160617.0,24,19,0.6417941404080795,0.3582058595919205,0.004775665967637968,1,0,1,1,1,1,1,1,0.9699999999999999,1.0,1.0,1.0,0.8,skip,attack_already_active,1785296188.59708,1785296188597080096,1384856813779394,87.4,53.35546875,-1.0,0,0
2026-07-28T23:36:28.604,10.42.0.1,10.42.0.1,47,3,UPLOAD,0.95,UPLOAD,0.95,1,18824,0.6235440064507689,44,287776.0,179441.0,24,20,0.6159364920368908,0.38406350796310923,0.0046408662821900695,1,0,1,1,1,1,1,1,0.9699999999999999,1.0,1.0,1.0,0.8,skip,attack_already_active,1785296188.6043932,1785296188604393103,1384856821092143,87.4,53.35546875,-1.0,0,0
2026-07-28T23:36:28.606,10.42.0.1,10.42.0.1,47,3,UPLOAD,0.95,UPLOAD,0.95,1,18824,0.6889559935516202,45,287776.0,198265.0,24,21,0.5920817379603778,0.40791826203962217,0.004263158908764991,1,0,1,1,1,1,1,1,0.9699999999999999,1.0,1.0,1.0,0.8,skip,attack_already_active,1785296188.6061678,1785296188606167690,1384856822866386,87.4,53.35546875,-1.0,0,0
2026-07-28T23:36:28.608,10.42.0.1,10.42.0.1,47,3,UPLOAD,0.95,UPLOAD,0.95,1,20272,0.7593996719679216,46,287776.0,218537.0,24,22,0.5683756885562883,0.4316243114437117,0.003991838025691729,1,0,1,1,1,1,1,1,0.9699999999999999,1.0,1.0,1.0,0.8,skip,attack_already_active,1785296188.608372,1785296188608371862,1384856825070447,87.4,53.35546875,-1.0,0,0
2026-07-28T23:36:28.610,10.42.0.1,10.42.0.1,47,3,UPLOAD,0.95,UPLOAD,0.95,1,17376,0.8197799677533228,47,287776.0,235913.0,24,23,0.5495169843170279,0.45048301568297217,0.003682313556146018,1,0,1,1,1,1,1,1,0.9699999999999999,1.0,1.0,1.0,0.8,skip,attack_already_active,1785296188.610015,1785296188610014948,1384856826713538,87.4,53.35546875,-1.0,0,0
2026-07-28T23:36:28.611,10.42.0.1,10.42.0.1,47,3,UPLOAD,0.95,UPLOAD,0.95,1,1349,0.8244676414995535,48,287776.0,237262.0,24,24,0.5481050895363764,0.45189491046362357,0.0034136707615962806,1,0,1,1,1,1,1,1,0.9699999999999999,1.0,1.0,1.0,0.8,skip,attack_already_active,1785296188.6116586,1785296188611658436,1384856828357009,87.4,53.35546875,-1.0,0,0
2026-07-28T23:36:28.615,10.42.0.1,10.42.0.1,47,3,UPLOAD,0.95,UPLOAD,0.95,1,1350,0.829158790170726,49,287776.0,238612.0,24,25,0.5466993928433019,0.4533006071566981,0.0034316738290286956,1,0,1,1,1,1,1,1,0.9699999999999999,1.0,1.0,1.0,0.8,skip,attack_already_active,1785296188.6152089,1785296188615209017,1384856831907499,87.4,53.35546875,-1.0,0,0
2026-07-28T23:36:28.643,10.42.0.1,10.42.0.1,47,3,UPLOAD,0.8080548325766158,UPLOAD,0.8080548325766158,0,39,0.829158790170726,49,287776.0,238612.0,24,25,0.5466993928433019,0.4533006071566981,0.006703977860563521,1,0,1,1,1,1,1,1,0.8200000000000001,0.8000000000000002,1.0,0.6000000000000001,0.8,skip,attack_already_active,1785296188.6434731,1785296188643473215,1384856860172129,87.4,53.35546875,-1.0,0,0
2026-07-28T23:36:28.649,10.42.0.18,10.42.0.1,36,3,UPLOAD,0.95,UPLOAD,0.95,1,64240,1.4666666666560122,5,43800.0,64240.0,4,1,0.40540540540540543,0.5945945945945946,0.1747824845445678,0,0,0,1,1,1,1,1,0.9699999999999999,1.0,1.0,1.0,0.8,trigger,training_upload_trigger_confirmed,1785296188.6495717,1785296188649571567,1384856866270633,87.4,53.35546875,43.232322,1785296188692805688,1384856909502955
2026-07-28T23:36:28.650,10.42.0.18,10.42.0.1,36,3,UPLOAD,0.9841010226033655,UPLOAD,0.9841010226033655,1,15288,1.815707762538454,6,43800.0,79528.0,4,2,0.35515049299429163,0.6448495070057083,0.15191134732625203,0,0,1,1,1,1,1,1,0.9699999999999999,1.0,1.0,1.0,0.8,skip,attack_already_active,1785296188.6507914,1785296188650791531,1384856867490487,87.4,53.35546875,-1.0,0,0
2026-07-28T23:36:28.652,10.42.0.1,10.42.0.1,47,3,UPLOAD,0.95,UPLOAD,0.95,1,7240,0.8543172467479765,50,287776.0,245852.0,24,26,0.5392820466692153,0.46071795333078475,0.00701021909787582,1,0,1,1,1,1,1,1,0.9699999999999999,1.0,1.0,1.0,0.8,skip,attack_already_active,1785296188.652501,1785296188652501034,1384856869200042,87.4,53.35546875,-1.0,0,0
2026-07-28T23:36:28.653,10.42.0.1,10.42.0.1,47,3,UPLOAD,0.95,UPLOAD,0.95,1,7240,0.879475703325227,51,287776.0,253092.0,24,27,0.5320632760673584,0.46793672393264163,0.006243067345995532,1,0,1,1,1,1,1,1,0.9699999999999999,1.0,1.0,1.0,0.8,skip,attack_already_active,1785296188.6536896,1785296188653689664,1384856870388333,87.4,53.35546875,-1.0,0,0
2026-07-28T23:36:28.655,10.42.0.1,10.42.0.1,47,3,UPLOAD,0.95,UPLOAD,0.95,1,10136,0.9146975425333778,52,287776.0,263228.0,24,28,0.5222757003578922,0.4777242996421079,0.0057138297411111405,1,0,1,1,1,1,1,1,0.9699999999999999,1.0,1.0,1.0,0.8,skip,attack_already_active,1785296188.6559165,1785296188655916550,1384856872615334,87.4,53.35546875,-1.0,0,0
2026-07-28T23:36:28.657,10.42.0.1,10.42.0.1,47,3,UPLOAD,0.95,UPLOAD,0.95,1,4344,0.929792616479728,53,287776.0,267572.0,24,29,0.5181903959319202,0.4818096040680798,0.00511760326050522,1,0,1,1,1,1,1,1,0.9699999999999999,1.0,1.0,1.0,0.8,skip,attack_already_active,1785296188.6571057,1785296188657105707,1384856873804393,87.4,53.35546875,-1.0,0,0
2026-07-28T23:36:28.658,10.42.0.1,10.42.0.1,47,3,UPLOAD,0.95,UPLOAD,0.95,1,14480,0.980109529634229,54,287776.0,282052.0,24,30,0.5050225682135662,0.4949774317864338,0.004591524322586698,1,0,1,1,1,1,1,1,0.9699999999999999,1.0,1.0,1.0,0.8,skip,attack_already_active,1785296188.658231,1785296188658231155,1384856874929781,87.4,53.35546875,-1.0,0,0
2026-07-28T23:36:28.661,10.42.0.1,10.42.0.1,47,3,UPLOAD,0.95,UPLOAD,0.95,1,14480,1.03042644278873,55,287776.0,296532.0,24,31,0.492507376246774,0.507492623753226,0.004396382526620839,1,0,1,1,1,1,1,1,0.9699999999999999,1.0,1.0,1.0,0.8,skip,attack_already_active,1785296188.6613417,1785296188661341816,1384856878040469,87.4,53.35546875,-1.0,0,0
2026-07-28T23:36:28.663,10.42.0.1,10.42.0.1,47,3,UPLOAD,0.95,UPLOAD,0.95,1,5792,1.0505532080505304,56,287776.0,302324.0,24,32,0.48767327571598035,0.5123267242840197,0.0041663511151305635,1,0,1,1,1,1,1,1,0.9699999999999999,1.0,1.0,1.0,0.8,skip,attack_already_active,1785296188.6639924,1785296188663992360,1384856880690906,87.4,53.35546875,-1.0,0,0
2026-07-28T23:36:28.665,10.42.0.1,10.42.0.1,47,3,UPLOAD,0.95,UPLOAD,0.95,1,8688,1.0807433559432311,57,287776.0,311012.0,24,33,0.4805974735632645,0.5194025264367356,0.003767350884840393,1,0,1,1,1,1,1,1,0.9699999999999999,1.0,1.0,1.0,0.8,skip,attack_already_active,1785296188.6651309,1785296188665130661,1384856881829199,87.4,53.35546875,-1.0,0,0
2026-07-28T23:36:28.666,10.42.0.1,10.42.0.1,47,3,UPLOAD,0.95,UPLOAD,0.95,1,7128,1.1055126209270214,58,287776.0,318140.0,24,34,0.47494372157196707,0.5250562784280329,0.0034174413574840985,1,0,1,1,1,1,1,1,0.9699999999999999,1.0,1.0,1.0,0.8,skip,attack_already_active,1785296188.6662428,1785296188666242767,1384856882941265,87.4,53.35546875,-1.0,0,0
2026-07-28T23:36:28.673,10.42.0.1,10.42.0.1,47,3,UPLOAD,0.95,UPLOAD,0.95,1,1336,1.1101551206490112,59,287776.0,319476.0,24,35,0.4738988097198527,0.5261011902801472,0.0038713677936936387,1,0,1,1,1,1,1,1,0.9699999999999999,1.0,1.0,1.0,0.8,skip,attack_already_active,1785296188.673105,1785296188673105008,1384856889804051,87.4,53.35546875,-1.0,0,0
2026-07-28T23:36:30.055,10.42.0.210,10.42.0.1|10.42.0.210,47,3,UPLOAD,0.95,UPLOAD,0.95,1,1448,100.0,1,0.0,1448.0,0,1,0.0,1.0,0.29110895654321983,1,0,0,1,1,1,1,1,0.9525,0.95,1.0,1.0,0.8,trigger,training_upload_trigger_confirmed,1785296190.0550385,1785296190055038339,1384858271736906,7.5,53.35546875,8.548936,1785296190063588551,1384858280285842
2026-07-28T23:36:30.056,10.42.0.210,10.42.0.1|10.42.0.210,47,3,UPLOAD,0.9841010226033655,UPLOAD,0.9841010226033655,1,1448,100.0,2,0.0,2896.0,0,2,0.0,1.0,0.25298338828528316,1,0,1,1,1,1,1,1,0.9699999999999999,1.0,1.0,1.0,0.8,skip,attack_already_active,1785296190.056823,1785296190056823043,1384858273521931,7.5,53.35546875,-1.0,0,0
2026-07-28T23:36:30.058,10.42.0.210,10.42.0.1|10.42.0.210,47,3,UPLOAD,0.9854688349332961,UPLOAD,0.9854688349332961,1,1448,100.0,3,0.0,4344.0,0,3,0.0,1.0,0.2198320626583717,1,0,1,1,1,1,1,1,0.9699999999999999,1.0,1.0,1.0,0.8,skip,attack_already_active,1785296190.0582302,1785296190058230234,1384858274928529,7.5,53.35546875,-1.0,0,0
2026-07-28T23:36:30.059,10.42.0.210,10.42.0.1|10.42.0.210,47,3,UPLOAD,0.9855076450773014,UPLOAD,0.9855076450773014,1,1448,100.0,4,0.0,5792.0,0,4,0.0,1.0,0.19097983413867362,1,0,1,1,1,1,1,1,0.9699999999999999,1.0,1.0,1.0,0.8,skip,attack_already_active,1785296190.0591106,1785296190059110588,1384858275808714,7.5,53.35546875,-1.0,0,0
2026-07-28T23:36:30.060,10.42.0.210,10.42.0.1|10.42.0.210,47,3,UPLOAD,0.9855086980780915,UPLOAD,0.9855086980780915,1,1448,100.0,5,0.0,7240.0,0,5,0.0,1.0,0.16599519240709865,1,0,1,1,1,1,1,1,0.9699999999999999,1.0,1.0,1.0,0.8,skip,attack_already_active,1785296190.060489,1785296190060488957,1384858277187692,7.5,53.35546875,-1.0,0,0
2026-07-28T23:36:30.061,10.42.0.210,10.42.0.1|10.42.0.210,47,3,UPLOAD,0.9855087254685951,UPLOAD,0.9855087254685951,1,1448,100.0,6,0.0,8688.0,0,6,0.0,1.0,0.144277251902556,1,0,1,1,1,1,1,1,0.9699999999999999,1.0,1.0,1.0,0.8,skip,attack_already_active,1785296190.0616727,1785296190061672769,1384858278372723,7.5,53.35546875,-1.0,0,0
2026-07-28T23:36:30.063,10.42.0.210,10.42.0.1|10.42.0.210,47,3,UPLOAD,0.9855087261493067,UPLOAD,0.9855087261493067,1,1448,100.0,7,0.0,10136.0,0,7,0.0,1.0,0.12544942578712726,1,0,1,1,1,1,1,1,0.9699999999999999,1.0,1.0,1.0,0.8,skip,attack_already_active,1785296190.0630708,1785296190063070635,1384858279769679,7.5,53.35546875,-1.0,0,0
2026-07-28T23:36:30.063,10.42.0.210,10.42.0.1|10.42.0.210,47,3,UPLOAD,0.9855087261653082,UPLOAD,0.9855087261653082,1,1448,100.0,8,0.0,11584.0,0,8,0.0,1.0,0.10903096318093117,1,0,1,1,1,1,1,1,0.9699999999999999,1.0,1.0,1.0,0.8,skip,attack_already_active,1785296190.063925,1785296190063925028,1384858280623148,7.5,53.35546875,-1.0,0,0
2026-07-28T23:36:30.065,10.42.0.210,10.42.0.1|10.42.0.210,47,3,UPLOAD,0.985508726165656,UPLOAD,0.985508726165656,1,1448,100.0,9,0.0,13032.0,0,9,0.0,1.0,0.09482155869382847,1,0,1,1,1,1,1,1,0.9699999999999999,1.0,1.0,1.0,0.8,skip,attack_already_active,1785296190.0651248,1785296190065124864,1384858281823259,7.5,53.35546875,-1.0,0,0
2026-07-28T23:36:30.066,10.42.0.210,10.42.0.1|10.42.0.210,47,3,UPLOAD,0.9855087261656625,UPLOAD,0.9855087261656625,1,1448,100.0,10,0.0,14480.0,0,10,0.0,1.0,0.08244205166470135,1,0,1,1,1,1,1,1,0.9699999999999999,1.0,1.0,1.0,0.8,skip,attack_already_active,1785296190.0660017,1785296190066001701,1384858282699776,7.5,53.35546875,-1.0,0,0
2026-07-28T23:36:30.067,10.42.0.210,10.42.0.1|10.42.0.210,47,3,UPLOAD,0.95,UPLOAD,0.95,1,1448,100.0,11,0.0,15928.0,0,11,0.0,1.0,0.07174191634505316,1,0,1,1,1,1,1,1,0.9699999999999999,1.0,1.0,1.0,0.8,skip,attack_already_active,1785296190.0672433,1785296190067243356,1384858283941563,7.5,53.35546875,-1.0,0,0
2026-07-28T23:36:30.068,10.42.0.210,10.42.0.1|10.42.0.210,47,3,UPLOAD,0.95,UPLOAD,0.95,1,1448,100.0,12,0.0,17376.0,0,12,0.0,1.0,0.062397967527108536,1,0,1,1,1,1,1,1,0.9699999999999999,1.0,1.0,1.0,0.8,skip,attack_already_active,1785296190.0680766,1785296190068076531,1384858284774678,7.5,53.35546875,-1.0,0,0
2026-07-28T23:36:30.069,10.42.0.210,10.42.0.1|10.42.0.210,47,3,UPLOAD,0.95,UPLOAD,0.95,1,1448,100.0,13,0.0,18824.0,0,13,0.0,1.0,0.0543383453099849,1,0,1,1,1,1,1,1,0.9699999999999999,1.0,1.0,1.0,0.8,skip,attack_already_active,1785296190.0693123,1785296190069312285,1384858286010837,7.5,53.35546875,-1.0,0,0
2026-07-28T23:36:30.070,10.42.0.210,10.42.0.1|10.42.0.210,47,3,UPLOAD,0.95,UPLOAD,0.95,1,1448,100.0,14,0.0,20272.0,0,14,0.0,1.0,0.04728780565515651,1,0,1,1,1,1,1,1,0.9699999999999999,1.0,1.0,1.0,0.8,skip,attack_already_active,1785296190.070146,1785296190070145968,1384858286844128,7.5,53.35546875,-1.0,0,0
2026-07-28T23:36:30.071,10.42.0.210,10.42.0.1|10.42.0.210,47,3,UPLOAD,0.95,UPLOAD,0.95,1,1448,100.0,15,0.0,21720.0,0,15,0.0,1.0,0.04120844654336654,1,0,1,1,1,1,1,1,0.9699999999999999,1.0,1.0,1.0,0.8,skip,attack_already_active,1785296190.0712993,1785296190071299306,1384858287997554,7.5,53.35546875,-1.0,0,0
2026-07-28T23:36:30.072,10.42.0.210,10.42.0.1|10.42.0.210,47,3,UPLOAD,0.95,UPLOAD,0.95,1,1448,100.0,16,0.0,23168.0,0,16,0.0,1.0,0.03588171457497709,1,0,1,1,1,1,1,1,0.9699999999999999,1.0,1.0,1.0,0.8,skip,attack_already_active,1785296190.0720847,1785296190072084784,1384858288783075,7.5,53.35546875,-1.0,0,0
2026-07-28T23:36:30.073,10.42.0.210,10.42.0.1|10.42.0.210,47,3,UPLOAD,0.95,UPLOAD,0.95,1,1448,100.0,17,0.0,24616.0,0,17,0.0,1.0,0.0313133985140311,1,0,1,1,1,1,1,1,0.9699999999999999,1.0,1.0,1.0,0.8,skip,attack_already_active,1785296190.0732987,1785296190073298755,1384858289997050,7.5,53.35546875,-1.0,0,0
2026-07-28T23:36:30.074,10.42.0.210,10.42.0.1|10.42.0.210,47,3,UPLOAD,0.95,UPLOAD,0.95,1,1448,100.0,18,0.0,26064.0,0,18,0.0,1.0,0.02735344762403691,1,0,1,1,1,1,1,1,0.9699999999999999,1.0,1.0,1.0,0.8,skip,attack_already_active,1785296190.074561,1785296190074561140,1384858291259363,7.5,53.35546875,-1.0,0,0
2026-07-28T23:36:30.075,10.42.0.210,10.42.0.1|10.42.0.210,47,3,UPLOAD,0.95,UPLOAD,0.95,1,1448,100.0,19,0.0,27512.0,0,19,0.0,1.0,0.023913243605210324,1,0,1,1,1,1,1,1,0.9699999999999999,1.0,1.0,1.0,0.8,skip,attack_already_active,1785296190.0758078,1785296190075807836,1384858292506023,7.5,53.35546875,-1.0,0,0
2026-07-28T23:36:30.076,10.42.0.210,10.42.0.1|10.42.0.210,47,3,UPLOAD,0.95,UPLOAD,0.95,1,1448,100.0,20,0.0,28960.0,0,20,0.0,1.0,0.02087541148831376,1,0,1,1,1,1,1,1,0.9699999999999999,1.0,1.0,1.0,0.8,skip,attack_already_active,1785296190.0766678,1785296190076667918,1384858293365980,7.5,53.35546875,-1.0,0,0
2026-07-28T23:36:30.077,10.42.0.210,10.42.0.1|10.42.0.210,47,3,UPLOAD,0.95,UPLOAD,0.95,1,1448,100.0,21,0.0,30408.0,0,21,0.0,1.0,0.018286396676493233,1,0,1,1,1,1,1,1,0.9699999999999999,1.0,1.0,1.0,0.8,skip,attack_already_active,1785296190.0778959,1785296190077895840,1384858294593996,7.5,53.35546875,-1.0,0,0
2026-07-28T23:36:30.078,10.42.0.210,10.42.0.1|10.42.0.210,47,3,UPLOAD,0.95,UPLOAD,0.95,1,1448,100.0,22,0.0,31856.0,0,22,0.0,1.0,0.015987431673603735,1,0,1,1,1,1,1,1,0.9699999999999999,1.0,1.0,1.0,0.8,skip,attack_already_active,1785296190.078736,1785296190078736041,1384858295434284,7.5,53.35546875,-1.0,0,0
2026-07-28T23:36:30.080,10.42.0.210,10.42.0.1|10.42.0.210,47,3,UPLOAD,0.95,UPLOAD,0.95,1,1448,100.0,23,0.0,33304.0,0,23,0.0,1.0,0.014058267963597736,1,0,1,1,1,1,1,1,0.9699999999999999,1.0,1.0,1.0,0.8,skip,attack_already_active,1785296190.0800836,1785296190080083811,1384858296782440,7.5,53.35546875,-1.0,0,0
2026-07-28T23:36:30.080,10.42.0.210,10.42.0.1|10.42.0.210,47,3,UPLOAD,0.95,UPLOAD,0.95,1,1448,100.0,24,0.0,34752.0,0,24,0.0,1.0,0.01232126925050191,1,0,1,1,1,1,1,1,0.9699999999999999,1.0,1.0,1.0,0.8,skip,attack_already_active,1785296190.0809603,1785296190080960370,1384858297658620,7.5,53.35546875,-1.0,0,0
2026-07-28T23:36:30.082,10.42.0.210,10.42.0.1|10.42.0.210,47,3,UPLOAD,0.95,UPLOAD,0.95,1,1448,100.0,25,0.0,36200.0,0,25,0.0,1.0,0.010884763060698636,1,0,1,1,1,1,1,1,0.9699999999999999,1.0,1.0,1.0,0.8,skip,attack_already_active,1785296190.0823803,1785296190082380307,1384858299078943,7.5,53.35546875,-1.0,0,0
2026-07-28T23:36:30.083,10.42.0.210,10.42.0.1|10.42.0.210,47,3,UPLOAD,0.95,UPLOAD,0.95,1,1448,100.0,26,0.0,37648.0,0,26,0.0,1.0,0.009565825600450674,1,0,1,1,1,1,1,1,0.9699999999999999,1.0,1.0,1.0,0.8,skip,attack_already_active,1785296190.083256,1785296190083256046,1384858299954207,7.5,53.35546875,-1.0,0,0
2026-07-28T23:36:30.084,10.42.0.210,10.42.0.1|10.42.0.210,47,3,UPLOAD,0.95,UPLOAD,0.95,1,1448,100.0,27,0.0,39096.0,0,27,0.0,1.0,0.008470675636632749,1,0,1,1,1,1,1,1,0.9699999999999999,1.0,1.0,1.0,0.8,skip,attack_already_active,1785296190.084511,1785296190084511009,1384858301209179,7.5,53.35546875,-1.0,0,0
2026-07-28T23:36:30.085,10.42.0.210,10.42.0.1|10.42.0.210,47,3,UPLOAD,0.95,UPLOAD,0.95,1,1448,100.0,28,0.0,40544.0,0,28,0.0,1.0,0.007466931438508094,1,0,1,1,1,1,1,1,0.9699999999999999,1.0,1.0,1.0,0.8,skip,attack_already_active,1785296190.0853646,1785296190085364555,1384858302062778,7.5,53.35546875,-1.0,0,0
2026-07-28T23:36:30.086,10.42.0.210,10.42.0.1|10.42.0.210,47,3,UPLOAD,0.95,UPLOAD,0.95,1,1448,100.0,29,0.0,41992.0,0,29,0.0,1.0,0.006642958331084549,1,0,1,1,1,1,1,1,0.9699999999999999,1.0,1.0,1.0,0.8,skip,attack_already_active,1785296190.0865786,1785296190086578642,1384858303277051,7.5,53.35546875,-1.0,0,0
2026-07-28T23:36:30.087,10.42.0.210,10.42.0.1|10.42.0.210,47,3,UPLOAD,0.95,UPLOAD,0.95,1,1448,100.0,30,0.0,43440.0,0,30,0.0,1.0,0.005877955638724489,1,0,1,1,1,1,1,1,0.9699999999999999,1.0,1.0,1.0,0.8,skip,attack_already_active,1785296190.0874162,1785296190087416167,1384858304114394,7.5,53.35546875,-1.0,0,0
2026-07-28T23:36:30.088,10.42.0.210,10.42.0.1|10.42.0.210,47,3,UPLOAD,0.95,UPLOAD,0.95,1,1448,100.0,31,0.0,44888.0,0,31,0.0,1.0,0.005268678527625869,1,0,1,1,1,1,1,1,0.9699999999999999,1.0,1.0,1.0,0.8,skip,attack_already_active,1785296190.0886705,1785296190088670575,1384858305369035,7.5,53.35546875,-1.0,0,0
2026-07-28T23:36:30.089,10.42.0.210,10.42.0.1|10.42.0.210,47,3,UPLOAD,0.95,UPLOAD,0.95,1,1448,100.0,32,0.0,46336.0,0,32,0.0,1.0,0.004731237281633556,1,0,1,1,1,1,1,1,0.9699999999999999,1.0,1.0,1.0,0.8,skip,attack_already_active,1785296190.0898607,1785296190089860671,1384858306560254,7.5,53.35546875,-1.0,0,0
2026-07-28T23:36:30.091,10.42.0.210,10.42.0.1|10.42.0.210,47,3,UPLOAD,0.95,UPLOAD,0.95,1,1448,100.0,33,0.0,47784.0,0,33,0.0,1.0,0.004294809270163815,1,0,1,1,1,1,1,1,0.9699999999999999,1.0,1.0,1.0,0.8,skip,attack_already_active,1785296190.09128,1785296190091279991,1384858307978410,7.5,53.35546875,-1.0,0,0
2026-07-28T23:36:30.092,10.42.0.210,10.42.0.1|10.42.0.210,47,3,UPLOAD,0.95,UPLOAD,0.95,1,1448,100.0,34,0.0,49232.0,0,34,0.0,1.0,0.003849820364243272,1,0,1,1,1,1,1,1,0.9699999999999999,1.0,1.0,1.0,0.8,skip,attack_already_active,1785296190.092198,1785296190092198003,1384858308896606,7.5,53.35546875,-1.0,0,0
2026-07-28T23:36:30.093,10.42.0.210,10.42.0.1|10.42.0.210,47,3,UPLOAD,0.95,UPLOAD,0.95,1,1448,100.0,35,0.0,50680.0,0,35,0.0,1.0,0.0035124180713654624,1,0,1,1,1,1,1,1,0.9699999999999999,1.0,1.0,1.0,0.8,skip,attack_already_active,1785296190.0934873,1785296190093487274,1384858310185620,7.5,53.35546875,-1.0,0,0
2026-07-28T23:36:30.094,10.42.0.210,10.42.0.1|10.42.0.210,47,3,UPLOAD,0.95,UPLOAD,0.95,1,1448,100.0,36,0.0,52128.0,0,36,0.0,1.0,0.003164182018765389,1,0,1,1,1,1,1,1,0.9699999999999999,1.0,1.0,1.0,0.8,skip,attack_already_active,1785296190.094357,1785296190094356896,1384858311055027,7.5,53.35546875,-1.0,0,0
2026-07-28T23:36:30.095,10.42.0.210,10.42.0.1|10.42.0.210,47,3,UPLOAD,0.95,UPLOAD,0.95,1,1448,100.0,37,0.0,53576.0,0,37,0.0,1.0,0.0029084895472005173,1,0,1,1,1,1,1,1,0.9699999999999999,1.0,1.0,1.0,0.8,skip,attack_already_active,1785296190.0955808,1785296190095580857,1384858312279327,7.5,53.35546875,-1.0,0,0
2026-07-28T23:36:30.096,10.42.0.210,10.42.0.1|10.42.0.210,47,3,UPLOAD,0.95,UPLOAD,0.95,1,1448,100.0,38,0.0,55024.0,0,38,0.0,1.0,0.0026413438941752356,1,0,1,1,1,1,1,1,0.9699999999999999,1.0,1.0,1.0,0.8,skip,attack_already_active,1785296190.096462,1785296190096462078,1384858313160283,7.5,53.35546875,-1.0,0,0
2026-07-28T23:36:30.097,10.42.0.210,10.42.0.1|10.42.0.210,47,3,UPLOAD,0.95,UPLOAD,0.95,1,1448,100.0,39,0.0,56472.0,0,39,0.0,1.0,0.0024605174602460624,1,0,1,1,1,1,1,1,0.9699999999999999,1.0,1.0,1.0,0.8,skip,attack_already_active,1785296190.097731,1785296190097731077,1384858314429341,7.5,53.35546875,-1.0,0,0
2026-07-28T23:36:30.098,10.42.0.210,10.42.0.1|10.42.0.210,47,3,UPLOAD,0.95,UPLOAD,0.95,1,1448,100.0,40,0.0,57920.0,0,40,0.0,1.0,0.0023013201098779443,1,0,1,1,1,1,1,1,0.9699999999999999,1.0,1.0,1.0,0.8,skip,attack_already_active,1785296190.0989835,1785296190098983358,1384858315681786,7.5,53.35546875,-1.0,0,0
2026-07-28T23:36:30.100,10.42.0.210,10.42.0.1|10.42.0.210,47,3,UPLOAD,0.95,UPLOAD,0.95,1,1448,100.0,41,0.0,59368.0,0,41,0.0,1.0,0.00217500813131724,1,0,1,1,1,1,1,1,0.9699999999999999,1.0,1.0,1.0,0.8,skip,attack_already_active,1785296190.1003263,1785296190100326489,1384858317025214,7.5,53.35546875,-1.0,0,0
2026-07-28T23:36:30.101,10.42.0.210,10.42.0.1|10.42.0.210,47,3,UPLOAD,0.95,UPLOAD,0.95,1,1448,100.0,42,0.0,60816.0,0,42,0.0,1.0,0.0020113027782633405,1,0,1,1,1,1,1,1,0.9699999999999999,1.0,1.0,1.0,0.8,skip,attack_already_active,1785296190.101259,1785296190101258974,1384858317957360,7.5,53.35546875,-1.0,0,0
2026-07-28T23:36:30.102,10.42.0.210,10.42.0.1|10.42.0.210,47,3,UPLOAD,0.95,UPLOAD,0.95,1,1448,100.0,43,0.0,62264.0,0,43,0.0,1.0,0.0019140966098483841,1,0,1,1,1,1,1,1,0.9699999999999999,1.0,1.0,1.0,0.8,skip,attack_already_active,1785296190.1025326,1785296190102532705,1384858319230974,7.5,53.35546875,-1.0,0,0
2026-07-28T23:36:30.103,10.42.0.210,10.42.0.1|10.42.0.210,47,3,UPLOAD,0.95,UPLOAD,0.95,1,1448,100.0,44,0.0,63712.0,0,44,0.0,1.0,0.0017726141685534555,1,0,1,1,1,1,1,1,0.9699999999999999,1.0,1.0,1.0,0.8,skip,attack_already_active,1785296190.103373,1785296190103373055,1384858320071590,7.5,53.35546875,-1.0,0,0
2026-07-28T23:36:30.104,10.42.0.210,10.42.0.1|10.42.0.210,47,3,UPLOAD,0.95,UPLOAD,0.95,1,1448,100.0,45,0.0,65160.0,0,45,0.0,1.0,0.0017095315508255317,1,0,1,1,1,1,1,1,0.9699999999999999,1.0,1.0,1.0,0.8,skip,attack_already_active,1785296190.104667,1785296190104666866,1384858321365159,7.5,53.35546875,-1.0,0,0
2026-07-28T23:36:30.105,10.42.0.210,10.42.0.1|10.42.0.210,47,3,UPLOAD,0.95,UPLOAD,0.95,1,1448,100.0,46,0.0,66608.0,0,46,0.0,1.0,0.001599466843904487,1,0,1,1,1,1,1,1,0.9699999999999999,1.0,1.0,1.0,0.8,skip,attack_already_active,1785296190.1055412,1785296190105541203,1384858322239449,7.5,53.35546875,-1.0,0,0
2026-07-28T23:36:30.106,10.42.0.210,10.42.0.1|10.42.0.210,47,3,UPLOAD,0.95,UPLOAD,0.95,1,1448,100.0,47,0.0,68056.0,0,47,0.0,1.0,0.0015560588747431515,1,0,1,1,1,1,1,1,0.9699999999999999,1.0,1.0,1.0,0.8,skip,attack_already_active,1785296190.1068113,1785296190106811331,1384858323509614,7.5,53.35546875,-1.0,0,0
2026-07-28T23:36:30.107,10.42.0.210,10.42.0.1|10.42.0.210,47,3,UPLOAD,0.95,UPLOAD,0.95,1,1448,100.0,48,0.0,69504.0,0,48,0.0,1.0,0.001465652433517287,1,0,1,1,1,1,1,1,0.9699999999999999,1.0,1.0,1.0,0.8,skip,attack_already_active,1785296190.1076813,1785296190107681281,1384858324379591,7.5,53.35546875,-1.0,0,0
2026-07-28T23:36:30.108,10.42.0.210,10.42.0.1|10.42.0.210,47,3,UPLOAD,0.95,UPLOAD,0.95,1,1448,100.0,49,0.0,70952.0,0,49,0.0,1.0,0.0013897983215141927,1,0,1,1,1,1,1,1,0.9699999999999999,1.0,1.0,1.0,0.8,skip,attack_already_active,1785296190.1085713,1785296190108571389,1384858325269581,7.5,53.35546875,-1.0,0,0
2026-07-28T23:36:30.109,10.42.0.210,10.42.0.1|10.42.0.210,47,3,UPLOAD,0.95,UPLOAD,0.95,1,1448,100.0,50,0.0,72400.0,0,50,0.0,1.0,0.0012879982458635936,1,0,1,1,1,1,1,1,0.9699999999999999,1.0,1.0,1.0,0.8,skip,attack_already_active,1785296190.1091886,1785296190109188639,1384858325886718,7.5,53.35546875,-1.0,0,0
2026-07-28T23:36:30.110,10.42.0.210,10.42.0.1|10.42.0.210,47,3,UPLOAD,0.95,UPLOAD,0.95,1,1448,100.0,51,0.0,73848.0,0,51,0.0,1.0,0.00123021344819272,1,0,1,1,1,1,1,1,0.9699999999999999,1.0,1.0,1.0,0.8,skip,attack_already_active,1785296190.110038,1785296190110037975,1384858326736051,7.5,53.35546875,-1.0,0,0
2026-07-28T23:36:30.110,10.42.0.210,10.42.0.1|10.42.0.210,47,3,UPLOAD,0.95,UPLOAD,0.95,1,1448,100.0,52,0.0,75296.0,0,52,0.0,1.0,0.0011472119432562671,1,0,1,1,1,1,1,1,0.9699999999999999,1.0,1.0,1.0,0.8,skip,attack_already_active,1785296190.1106384,1785296190110638393,1384858327336488,7.5,53.35546875,-1.0,0,0
2026-07-28T23:36:30.111,10.42.0.210,10.42.0.1|10.42.0.210,47,3,UPLOAD,0.95,UPLOAD,0.95,1,1448,100.0,53,0.0,76744.0,0,53,0.0,1.0,0.0011024497090606465,1,0,1,1,1,1,1,1,0.9699999999999999,1.0,1.0,1.0,0.8,skip,attack_already_active,1785296190.111446,1785296190111445988,1384858328144019,7.5,53.35546875,-1.0,0,0
2026-07-28T23:36:30.111,10.42.0.210,10.42.0.1|10.42.0.210,47,3,UPLOAD,0.9601267489200738,UPLOAD,0.9601267489200738,1,1363,100.0,54,0.0,78107.0,0,54,0.0,1.0,0.0010301577940646485,1,0,1,1,1,1,1,1,0.9699999999999999,1.0,1.0,1.0,0.8,skip,attack_already_active,1785296190.1119998,1785296190111999858,1384858328697824,7.5,53.35546875,-1.0,0,0
2026-07-28T23:36:30.112,10.42.0.1,10.42.0.1|10.42.0.210,47,3,UPLOAD,0.9615019997562378,UPLOAD,0.9615019997562378,1,7240,100.0,1,0.0,7240.0,0,1,0.0,1.0,0.01086516017186758,1,0,1,1,1,1,1,1,0.9699999999999999,1.0,1.0,1.0,0.8,skip,attack_already_active,1785296190.112797,1785296190112796867,1384858329494832,7.5,53.35546875,-1.0,0,0
2026-07-28T23:36:30.113,10.42.0.1,10.42.0.1|10.42.0.210,47,3,UPLOAD,0.9749239523722446,UPLOAD,0.9749239523722446,1,5792,100.0,2,0.0,13032.0,0,2,0.0,1.0,0.009507806058380724,1,0,1,1,1,1,1,1,0.9699999999999999,1.0,1.0,1.0,0.8,skip,attack_already_active,1785296190.1133616,1785296190113361722,1384858330059871,7.5,53.35546875,-1.0,0,0
2026-07-28T23:36:30.122,10.42.0.1,10.42.0.1|10.42.0.210,47,3,UPLOAD,0.9760517880149705,UPLOAD,0.9760517880149705,1,1448,100.0,3,0.0,14480.0,0,3,0.0,1.0,0.009524531815051982,1,0,1,1,1,1,1,1,0.9699999999999999,1.0,1.0,1.0,0.8,skip,attack_already_active,1785296190.1229963,1785296190122996336,1384858339695083,7.5,53.35546875,-1.0,0,0
2026-07-28T23:36:30.179,10.42.0.1,10.42.0.1|10.42.0.210,47,3,UPLOAD,0.9767871648314455,UPLOAD,0.9767871648314455,1,14480,100.0,4,0.0,28960.0,0,4,0.0,1.0,0.015777591449878142,1,0,1,1,1,1,1,1,0.9699999999999999,1.0,1.0,1.0,0.8,skip,attack_already_active,1785296190.1799736,1785296190179973737,1384858396672364,7.5,53.35546875,-1.0,0,0
2026-07-28T23:36:30.181,10.42.0.1,10.42.0.1|10.42.0.210,47,3,UPLOAD,0.9774448484635252,UPLOAD,0.9774448484635252,1,14480,100.0,5,0.0,43440.0,0,5,0.0,1.0,0.013836901724315934,1,0,1,1,1,1,1,1,0.9699999999999999,1.0,1.0,1.0,0.8,skip,attack_already_active,1785296190.1810238,1785296190181023624,1384858397722285,7.5,53.35546875,-1.0,0,0
2026-07-28T23:36:30.182,10.42.0.1,10.42.0.1|10.42.0.210,47,3,UPLOAD,0.9781432683980111,UPLOAD,0.9781432683980111,1,15928,100.0,6,0.0,59368.0,0,6,0.0,1.0,0.012203124433964208,1,0,1,1,1,1,1,1,0.9699999999999999,1.0,1.0,1.0,0.8,skip,attack_already_active,1785296190.1824625,1785296190182462491,1384858399161404,7.5,53.35546875,-1.0,0,0
2026-07-28T23:36:30.183,10.42.0.1,10.42.0.1|10.42.0.210,47,3,UPLOAD,0.9786717574434453,UPLOAD,0.9786717574434453,1,14480,100.0,7,0.0,73848.0,0,7,0.0,1.0,0.010782626559342737,1,0,1,1,1,1,1,1,0.9699999999999999,1.0,1.0,1.0,0.8,skip,attack_already_active,1785296190.1838858,1785296190183885803,1384858400584091,7.5,53.35546875,-1.0,0,0
2026-07-28T23:36:30.185,10.42.0.1,10.42.0.1|10.42.0.210,47,3,UPLOAD,0.9791116895660549,UPLOAD,0.9791116895660549,1,5694,100.0,8,0.0,79542.0,0,8,0.0,1.0,0.00955311555283823,1,0,1,1,1,1,1,1,0.9699999999999999,1.0,1.0,1.0,0.8,skip,attack_already_active,1785296190.185338,1785296190185338019,1384858402036673,7.5,53.35546875,-1.0,0,0
2026-07-28T23:36:30.644,10.42.0.1,10.42.0.1|10.42.0.210,47,3,UPLOAD,0.9784697771528966,UPLOAD,0.9784697771528966,0,43,100.0,8,0.0,79542.0,0,8,0.0,1.0,0.27915709186716237,1,0,1,0,0,0,0,0,0.45499999999999996,0.1,1.0,0.0,0.8,skip,attack_already_active,1785296190.6449368,1785296190644936582,1384858861635145,51.1,53.35546875,-1.0,0,0
2026-07-28T23:36:30.816,10.42.0.1,10.42.0.1|10.42.0.210,47,3,UPLOAD,0.9782907591600621,UPLOAD,0.9782907591600621,0,39,100.0,8,0.0,79542.0,0,8,0.0,1.0,0.2478384274404804,1,0,1,0,0,0,0,0,0.45499999999999996,0.1,1.0,0.0,0.8,skip,attack_already_active,1785296190.8164368,1785296190816436771,1384859033135507,51.1,53.35546875,-1.0,0,0
2026-07-28T23:36:30.908,10.42.0.145,10.42.0.1|10.42.0.210,20,3,UPLOAD,0.9854688349332961,UPLOAD,0.9854688349332961,0,39,1.0,0,0.0,0.0,0,0,0.0,0.0,0.3775832350203985,0,0,1,0,0,0,0,0,0.4375,0.05,1.0,0.0,0.8,skip,attack_already_active,1785296190.908079,1785296190908078759,1384859124777402,51.1,53.35546875,-1.0,0,0
2026-07-28T23:36:31.178,10.42.0.1,10.42.0.1|10.42.0.210,47,3,UPLOAD,0.9761801130342288,UPLOAD,0.9761801130342288,0,43,100.0,5,0.0,65062.0,0,5,0.0,1.0,0.2565875769067867,1,0,1,0,0,0,0,0,0.45499999999999996,0.1,1.0,0.0,0.8,skip,attack_already_active,1785296191.1783903,1785296191178390370,1384859395088895,11.2,53.35546875,-1.0,0,0
2026-07-28T23:36:31.406,10.42.0.18,10.42.0.1|10.42.0.210,36,3,UPLOAD,0.9854688349332961,UPLOAD,0.9854688349332961,0,39,1.0,0,0.0,0.0,0,0,0.0,0.0,0.1375511588227839,0,0,1,0,0,0,0,0,0.4375,0.05,1.0,0.0,0.8,skip,attack_already_active,1785296191.4064524,1785296191406452446,1384859623151145,11.2,53.35546875,-1.0,0,0
2026-07-28T23:36:31.551,10.42.0.47,10.42.0.1|10.42.0.210|10.42.0.47,47,3,UPLOAD,0.95,UPLOAD,0.95,1,7240,100.0,1,0.0,7240.0,0,1,0.0,1.0,0.12435961540537058,1,0,0,1,1,1,1,1,0.9699999999999999,1.0,1.0,1.0,0.8,trigger,training_upload_trigger_confirmed,1785296191.5518992,1785296191551899241,1384859768597989,11.2,53.35546875,5.886337,1785296191557786997,1384859774484326
2026-07-28T23:36:31.552,10.42.0.47,10.42.0.1|10.42.0.210|10.42.0.47,47,3,UPLOAD,0.95,UPLOAD,0.95,1,1448,100.0,2,0.0,8688.0,0,2,0.0,1.0,0.10807420570948864,1,0,1,1,1,1,1,1,0.9699999999999999,1.0,1.0,1.0,0.8,skip,attack_already_active,1785296191.5526733,1785296191552673381,1384859769371501,11.2,53.35546875,-1.0,0,0
2026-07-28T23:36:31.553,10.42.0.47,10.42.0.1|10.42.0.210|10.42.0.47,47,3,UPLOAD,0.95,UPLOAD,0.95,1,5792,100.0,3,0.0,14480.0,0,3,0.0,1.0,0.09396960779489373,1,0,1,1,1,1,1,1,0.9699999999999999,1.0,1.0,1.0,0.8,skip,attack_already_active,1785296191.5537117,1785296191553711614,1384859770409913,11.2,53.35546875,-1.0,0,0
2026-07-28T23:36:31.554,10.42.0.47,10.42.0.1|10.42.0.210|10.42.0.47,47,3,UPLOAD,0.95,UPLOAD,0.95,1,11584,100.0,4,0.0,26064.0,0,4,0.0,1.0,0.0817284112351617,1,0,1,1,1,1,1,1,0.9699999999999999,1.0,1.0,1.0,0.8,skip,attack_already_active,1785296191.5547862,1785296191554786211,1384859771484528,11.2,53.35546875,-1.0,0,0
2026-07-28T23:36:31.555,10.42.0.47,10.42.0.1|10.42.0.210|10.42.0.47,47,3,UPLOAD,0.95,UPLOAD,0.95,1,5792,100.0,5,0.0,31856.0,0,5,0.0,1.0,0.0710522859375123,1,0,1,1,1,1,1,1,0.9699999999999999,1.0,1.0,1.0,0.8,skip,attack_already_active,1785296191.5554965,1785296191555496473,1384859772194883,11.2,53.35546875,-1.0,0,0
2026-07-28T23:36:31.556,10.42.0.47,10.42.0.1|10.42.0.210|10.42.0.47,47,3,UPLOAD,0.95,UPLOAD,0.95,1,1448,100.0,6,0.0,33304.0,0,6,0.0,1.0,0.061775586854010266,1,0,1,1,1,1,1,1,0.9699999999999999,1.0,1.0,1.0,0.8,skip,attack_already_active,1785296191.5561504,1785296191556150488,1384859772848695,11.2,53.35546875,-1.0,0,0
2026-07-28T23:36:31.557,10.42.0.47,10.42.0.1|10.42.0.210|10.42.0.47,47,3,UPLOAD,0.95,UPLOAD,0.95,1,10136,100.0,7,0.0,43440.0,0,7,0.0,1.0,0.053824274951575546,1,0,1,1,1,1,1,1,0.9699999999999999,1.0,1.0,1.0,0.8,skip,attack_already_active,1785296191.5575857,1785296191557585626,1384859774283858,11.2,53.35546875,-1.0,0,0
2026-07-28T23:36:31.558,10.42.0.47,10.42.0.1|10.42.0.210|10.42.0.47,47,3,UPLOAD,0.95,UPLOAD,0.95,1,18824,100.0,8,0.0,62264.0,0,8,0.0,1.0,0.04687675847699423,1,0,1,1,1,1,1,1,0.9699999999999999,1.0,1.0,1.0,0.8,skip,attack_already_active,1785296191.5586872,1785296191558687120,1384859775385402,11.2,53.35546875,-1.0,0,0
2026-07-28T23:36:31.561,10.42.0.47,10.42.0.1|10.42.0.210|10.42.0.47,47,3,UPLOAD,0.95,UPLOAD,0.95,1,1448,100.0,9,0.0,63712.0,0,9,0.0,1.0,0.04108113242687895,1,0,1,1,1,1,1,1,0.9699999999999999,1.0,1.0,1.0,0.8,skip,attack_already_active,1785296191.5615826,1785296191561582584,1384859778282039,11.2,53.35546875,-1.0,0,0
2026-07-28T23:36:31.562,10.42.0.47,10.42.0.1|10.42.0.210|10.42.0.47,47,3,UPLOAD,0.95,UPLOAD,0.95,1,2896,100.0,10,0.0,66608.0,0,10,0.0,1.0,0.035828985374721574,1,0,1,1,1,1,1,1,0.9699999999999999,1.0,1.0,1.0,0.8,skip,attack_already_active,1785296191.5628066,1785296191562806527,1384859779505143,11.2,53.35546875,-1.0,0,0
2026-07-28T23:36:31.564,10.42.0.47,10.42.0.1|10.42.0.210|10.42.0.47,47,3,UPLOAD,0.95,UPLOAD,0.95,1,12920,100.0,11,0.0,79528.0,0,11,0.0,1.0,0.03127305290044742,1,0,1,1,1,1,1,1,0.9699999999999999,1.0,1.0,1.0,0.8,skip,attack_already_active,1785296191.5640619,1785296191564061847,1384859780760296,11.2,53.35546875,-1.0,0,0
2026-07-28T23:36:31.565,10.42.0.1,10.42.0.1|10.42.0.210|10.42.0.47,47,3,UPLOAD,0.9735694114935599,UPLOAD,0.9735694114935599,1,7240,100.0,1,0.0,7240.0,0,1,0.0,1.0,0.23206282999141417,1,0,1,1,1,1,1,1,0.9699999999999999,1.0,1.0,1.0,0.8,skip,attack_already_active,1785296191.5653741,1785296191565374211,1384859782072350,11.2,53.35546875,-1.0,0,0
2026-07-28T23:36:31.566,10.42.0.1,10.42.0.1|10.42.0.210|10.42.0.47,47,3,UPLOAD,0.9709515579567519,UPLOAD,0.9709515579567519,1,7240,100.0,2,0.0,14480.0,0,2,0.0,1.0,0.20156817230652516,1,0,1,1,1,1,1,1,0.9699999999999999,1.0,1.0,1.0,0.8,skip,attack_already_active,1785296191.5660214,1785296191566021458,1384859782719585,11.2,53.35546875,-1.0,0,0
2026-07-28T23:36:31.566,10.42.0.1,10.42.0.1|10.42.0.210|10.42.0.47,47,3,UPLOAD,0.9669900392709606,UPLOAD,0.9669900392709606,1,14480,100.0,3,0.0,28960.0,0,3,0.0,1.0,0.17512322375060518,1,0,1,1,1,1,1,1,0.9699999999999999,1.0,1.0,1.0,0.8,skip,attack_already_active,1785296191.5669062,1785296191566905991,1384859783604101,11.2,53.35546875,-1.0,0,0
2026-07-28T23:36:31.567,10.42.0.1,10.42.0.1|10.42.0.210|10.42.0.47,47,3,UPLOAD,0.9604961777007803,UPLOAD,0.9604961777007803,1,14480,100.0,4,0.0,43440.0,0,4,0.0,1.0,0.1521306842366979,1,0,1,1,1,1,1,1,0.9699999999999999,1.0,1.0,1.0,0.8,skip,attack_already_active,1785296191.5675454,1785296191567545314,1384859784243472,11.2,53.35546875,-1.0,0,0
2026-07-28T23:36:31.568,10.42.0.1,10.42.0.1|10.42.0.210|10.42.0.47,47,3,UPLOAD,0.95,UPLOAD,0.95,1,18824,100.0,5,0.0,62264.0,0,5,0.0,1.0,0.13223043235675425,1,0,1,1,1,1,1,1,0.9699999999999999,1.0,1.0,1.0,0.8,skip,attack_already_active,1785296191.5686586,1785296191568658707,1384859785356884,11.2,53.35546875,-1.0,0,0
2026-07-28T23:36:31.569,10.42.0.1,10.42.0.1|10.42.0.210|10.42.0.47,47,3,UPLOAD,0.95,UPLOAD,0.95,1,4344,100.0,6,0.0,66608.0,0,6,0.0,1.0,0.11488664313809258,1,0,1,1,1,1,1,1,0.9699999999999999,1.0,1.0,1.0,0.8,skip,attack_already_active,1785296191.5692718,1785296191569271818,1384859785969809,11.2,53.35546875,-1.0,0,0
2026-07-28T23:36:31.570,10.42.0.1,10.42.0.1|10.42.0.210|10.42.0.47,47,3,UPLOAD,0.95,UPLOAD,0.95,1,11584,100.0,7,0.0,78192.0,0,7,0.0,1.0,0.09986263042040211,1,0,1,1,1,1,1,1,0.9699999999999999,1.0,1.0,1.0,0.8,skip,attack_already_active,1785296191.5701454,1785296191570145272,1384859786843352,11.2,53.35546875,-1.0,0,0
2026-07-28T23:36:31.571,10.42.0.1,10.42.0.1|10.42.0.210|10.42.0.47,47,3,UPLOAD,0.95,UPLOAD,0.95,1,1336,100.0,8,0.0,79528.0,0,8,0.0,1.0,0.0868164511137833,1,0,1,1,1,1,1,1,0.9699999999999999,1.0,1.0,1.0,0.8,skip,attack_already_active,1785296191.5710042,1785296191571004075,1384859787702082,11.2,53.35546875,-1.0,0,0
2026-07-28T23:36:31.998,10.42.0.1,,48,1,DOWNLOAD,0.95,DOWNLOAD,0.95,-1,1448,54.92265189646225,9,1448.0,79528.0,1,8,0.017881841533293814,0.9821181584667061,0.14157917663525016,0,0,0,0,0,0,0,0,0.057499999999999996,0.1,0.0,0.0,0.15,skip,training_upload_trigger_not_confirmed,1785296191.9981918,1785296191998191956,1384860214891306,19.5,53.35546875,-1.0,0,0
2026-07-28T23:36:31.999,10.42.0.1,,48,1,DOWNLOAD,0.9551823284198523,DOWNLOAD,0.9551823284198523,-1,5792,10.984530385361252,10,7240.0,79528.0,2,8,0.08344089987092015,0.9165591001290798,0.12315209771095663,0,0,0,0,0,0,0,0,0.057499999999999996,0.1,0.0,0.0,0.15,skip,training_upload_trigger_not_confirmed,1785296191.999933,1785296191999932918,1384860216632423,19.5,53.35546875,-1.0,0,0
2026-07-28T23:36:32.000,10.42.0.1,,48,1,DOWNLOAD,0.95,DOWNLOAD,0.95,-1,5792,6.102516881130868,11,13032.0,79528.0,3,8,0.1407951598962835,0.8592048401037166,0.10705797951897654,0,0,0,0,0,0,0,0,0.057499999999999996,0.1,0.0,0.0,0.15,skip,training_upload_trigger_not_confirmed,1785296192.0009513,1785296192000951407,1384860217649557,19.5,53.35546875,-1.0,0,0
2026-07-28T23:36:32.002,10.42.0.1,,48,1,DOWNLOAD,0.95,DOWNLOAD,0.95,-1,5792,4.224819379344197,12,18824.0,79528.0,4,8,0.19139417602082318,0.8086058239791768,0.09317680267591183,0,0,0,0,0,0,0,0,0.057499999999999996,0.1,0.0,0.0,0.15,skip,training_upload_trigger_not_confirmed,1785296192.0026689,1785296192002668698,1384860219367208,19.5,53.35546875,-1.0,0,0
2026-07-28T23:36:32.003,10.42.0.1,,48,1,DOWNLOAD,0.95,DOWNLOAD,0.95,-1,5792,3.2307442313035932,13,24616.0,79528.0,5,8,0.23636503303118758,0.7636349669688124,0.08104331359019155,0,0,0,0,0,0,0,0,0.057499999999999996,0.1,0.0,0.0,0.15,skip,training_upload_trigger_not_confirmed,1785296192.003768,1785296192003768156,1384860220467800,19.5,53.35546875,-1.0,0,0
2026-07-28T23:36:32.006,10.42.0.1,,48,1,DOWNLOAD,0.95,DOWNLOAD,0.95,-1,4344,2.746132596624788,14,28960.0,79528.0,6,8,0.26694196593171593,0.7330580340682841,0.07067974535316787,0,0,0,0,0,0,0,0,0.057499999999999996,0.1,0.0,0.0,0.15,skip,training_upload_trigger_not_confirmed,1785296192.006165,1785296192006165007,1384860222863682,19.5,53.35546875,-1.0,0,0
2026-07-28T23:36:32.008,10.42.0.1,,48,1,DOWNLOAD,0.95,DOWNLOAD,0.95,-1,1448,2.6153643777421935,15,30408.0,79528.0,7,8,0.27659729297045554,0.7234027070295445,0.0616877058843829,0,0,0,0,0,0,0,0,0.057499999999999996,0.1,0.0,0.0,0.15,skip,training_upload_trigger_not_confirmed,1785296192.0086067,1785296192008606797,1384860225305112,19.5,53.35546875,-1.0,0,0
2026-07-28T23:36:32.009,10.42.0.1,,48,1,DOWNLOAD,0.95,DOWNLOAD,0.95,-1,1448,2.496484178757644,16,31856.0,79528.0,8,8,0.28600158011922716,0.7139984198807728,0.053675777077297135,0,0,0,0,0,0,0,0,0.057499999999999996,0.1,0.0,0.0,0.15,skip,training_upload_trigger_not_confirmed,1785296192.009494,1785296192009493892,1384860226192309,19.5,53.35546875,-1.0,0,0
2026-07-28T23:36:32.010,10.42.0.1,,48,1,DOWNLOAD,0.95,DOWNLOAD,0.95,-1,1448,2.387941388380136,17,33304.0,79528.0,9,8,0.29516449234259784,0.7048355076574021,0.04671804505864848,0,0,0,0,0,0,0,0,0.057499999999999996,0.1,0.0,0.0,0.15,skip,training_upload_trigger_not_confirmed,1785296192.0103695,1785296192010369589,1384860227068105,19.5,53.35546875,-1.0,0,0
2026-07-28T23:36:32.011,10.42.0.1,,48,1,DOWNLOAD,0.95,DOWNLOAD,0.95,-1,1448,2.2884438305338266,18,34752.0,79528.0,10,8,0.304095204760238,0.695904795239762,0.04067279745077976,0,0,0,0,0,0,0,0,0.057499999999999996,0.1,0.0,0.0,0.15,skip,training_upload_trigger_not_confirmed,1785296192.0112119,1785296192011211756,1384860227909853,19.5,53.35546875,-1.0,0,0
2026-07-28T23:36:32.012,10.42.0.1,,48,1,DOWNLOAD,0.95,DOWNLOAD,0.95,-1,1448,2.196906077315002,19,36200.0,79528.0,11,8,0.31280243329185675,0.6871975667081432,0.035424504727425025,0,0,0,0,0,0,0,0,0.057499999999999996,0.1,0.0,0.0,0.15,skip,training_upload_trigger_not_confirmed,1785296192.0120568,1785296192012056918,1384860228755049,19.5,53.35546875,-1.0,0,0
2026-07-28T23:36:32.012,10.42.0.1,,48,1,DOWNLOAD,0.95,DOWNLOAD,0.95,-1,7240,1.8307550644375976,20,43440.0,79528.0,12,8,0.3532626374341292,0.6467373625658708,0.0308697194561103,0,0,0,0,0,0,0,0,0.057499999999999996,0.1,0.0,0.0,0.15,skip,training_upload_trigger_not_confirmed,1785296192.0129163,1785296192012916228,1384860229614368,19.5,53.35546875,-1.0,0,0
2026-07-28T23:36:32.014,10.42.0.1,,48,1,DOWNLOAD,0.95,DOWNLOAD,0.95,-1,7240,1.5692186266659585,21,50680.0,79528.0,13,8,0.3892233964118948,0.6107766035881051,0.02706232949570833,0,0,0,0,0,0,0,0,0.057499999999999996,0.1,0.0,0.0,0.15,skip,training_upload_trigger_not_confirmed,1785296192.0148928,1785296192014892921,1384860231591516,19.5,53.35546875,-1.0,0,0
2026-07-28T23:36:32.015,10.42.0.1,,48,1,DOWNLOAD,0.95,DOWNLOAD,0.95,-1,7240,1.3730662983361002,22,57920.0,79528.0,14,8,0.4213957278388918,0.5786042721611082,0.023612073074435365,0,0,0,0,0,0,0,0,0.057499999999999996,0.1,0.0,0.0,0.15,skip,training_upload_trigger_not_confirmed,1785296192.015772,1785296192015772189,1384860232470334,19.5,53.35546875,-1.0,0,0
2026-07-28T23:36:32.017,10.42.0.1,,48,1,DOWNLOAD,0.95,DOWNLOAD,0.95,-1,7240,1.220503376301097,23,65160.0,79528.0,15,8,0.4503483357292934,0.5496516642707067,0.020761809630185347,0,0,0,0,0,0,0,0,0.057499999999999996,0.1,0.0,0.0,0.15,skip,training_upload_trigger_not_confirmed,1785296192.0177543,1785296192017754394,1384860234452734,19.5,53.35546875,-1.0,0,0
2026-07-28T23:36:32.018,10.42.0.1,,48,1,DOWNLOAD,0.95,DOWNLOAD,0.95,-1,10136,1.0562048448781316,24,75296.0,79528.0,16,8,0.4863328682891541,0.5136671317108459,0.018143591663729038,0,0,0,0,0,0,0,0,0.039999999999999994,0.05,0.0,0.0,0.15,skip,training_upload_trigger_not_confirmed,1785296192.0186472,1785296192018647198,1384860235345873,19.5,53.35546875,-1.0,0,0
2026-07-28T23:36:32.019,10.42.0.1,,48,1,DOWNLOAD,0.95,DOWNLOAD,0.95,-1,4344,0.998593671521866,25,79640.0,79528.0,17,8,0.50035182951347,0.49964817048652993,0.015866083783992003,0,0,0,0,0,0,0,0,0.039999999999999994,0.05,0.0,0.0,0.15,skip,training_upload_trigger_not_confirmed,1785296192.0195074,1785296192019507430,1384860236205604,19.5,53.35546875,-1.0,0,0
2026-07-28T23:36:32.020,10.42.0.1,,48,1,DOWNLOAD,0.95,DOWNLOAD,0.95,-1,14480,0.8449638759047496,26,94120.0,79528.0,18,8,0.5420160324334286,0.45798396756657145,0.013888504790377178,0,0,0,0,0,0,0,0,0.039999999999999994,0.05,0.0,0.0,0.15,skip,training_upload_trigger_not_confirmed,1785296192.0203662,1785296192020366167,1384860237064642,19.5,53.35546875,-1.0,0,0
2026-07-28T23:36:32.021,10.42.0.1,,48,1,DOWNLOAD,0.95,DOWNLOAD,0.95,-1,14480,0.7323020257851537,27,108600.0,79528.0,19,8,0.5772665419288995,0.4227334580711005,0.012175918665556848,0,0,0,0,0,0,0,0,0.0225,0.0,0.0,0.0,0.15,skip,training_upload_trigger_not_confirmed,1785296192.0212584,1785296192021258305,1384860237956435,19.5,53.35546875,-1.0,0,0
2026-07-28T23:36:32.022,10.42.0.1,,48,1,DOWNLOAD,0.95,DOWNLOAD,0.95,-1,18824,0.624121044704105,28,127424.0,79528.0,20,8,0.6157176543353048,0.3842823456646952,0.010692620677972869,0,0,0,0,0,0,0,0,0.0225,0.0,0.0,0.0,0.15,skip,training_upload_trigger_not_confirmed,1785296192.022178,1785296192022178044,1384860238876394,19.5,53.35546875,-1.0,0,0
2026-07-28T23:36:32.023,10.42.0.1,,48,1,DOWNLOAD,0.95,DOWNLOAD,0.95,-1,5792,0.596985347108478,29,133216.0,79528.0,21,8,0.6261798217576053,0.3738201782423946,0.009401358989260939,0,0,0,0,0,0,0,0,0.0225,0.0,0.0,0.0,0.15,skip,training_upload_trigger_not_confirmed,1785296192.0230715,1785296192023071504,1384860239769794,19.5,53.35546875,-1.0,0,0
2026-07-28T23:36:32.023,10.42.0.1,,48,1,DOWNLOAD,0.95,DOWNLOAD,0.95,-1,18824,0.5230728755622002,30,152040.0,79528.0,22,8,0.6565674013680647,0.3434325986319353,0.008281038060685031,0,0,0,0,0,0,0,0,0.0225,0.0,0.0,0.0,0.15,skip,training_upload_trigger_not_confirmed,1785296192.023971,1785296192023970968,1384860240669189,19.5,53.35546875,-1.0,0,0
2026-07-28T23:36:32.024,10.42.0.1,,48,1,DOWNLOAD,0.95,DOWNLOAD,0.95,-1,18824,0.4654462028311086,31,170864.0,79528.0,23,8,0.6823860187226429,0.3176139812773571,0.0073041368848080525,0,0,0,0,0,0,0,0,0.0225,0.0,0.0,0.0,0.15,skip,training_upload_trigger_not_confirmed,1785296192.0248387,1785296192024838731,1384860241537095,19.5,53.35546875,-1.0,0,0
2026-07-28T23:36:32.025,10.42.0.1,,48,1,DOWNLOAD,0.95,DOWNLOAD,0.95,-1,18824,0.4192568849931505,32,189688.0,79528.0,24,8,0.7045940805895637,0.29540591941043626,0.006460364789865651,0,0,0,0,0,0,0,0,0.0225,0.0,0.0,0.0,0.15,skip,training_upload_trigger_not_confirmed,1785296192.0257397,1785296192025739809,1384860242438100,19.5,53.35546875,-1.0,0,0
2026-07-28T23:36:32.026,10.42.0.1,,48,1,DOWNLOAD,0.95,DOWNLOAD,0.95,-1,18824,0.38140730509811704,33,208512.0,79528.0,25,8,0.7238994584085544,0.27610054159144565,0.005729099848739695,0,0,0,0,0,0,0,0,0.0225,0.0,0.0,0.0,0.15,skip,training_upload_trigger_not_confirmed,1785296192.0266507,1785296192026650715,1384860243348977,19.5,53.35546875,-1.0,0,0
2026-07-28T23:36:32.027,10.42.0.1,,48,1,DOWNLOAD,0.95,DOWNLOAD,0.95,-1,10136,0.36372617174927857,34,218648.0,79528.0,26,8,0.7332850397080919,0.2667149602919081,0.0051419515288210925,0,0,0,0,0,0,0,0,0.0225,0.0,0.0,0.0,0.15,skip,training_upload_trigger_not_confirmed,1785296192.027924,1785296192027924020,1384860244622249,19.5,53.35546875,-1.0,0,0
2026-07-28T23:36:32.029,10.42.0.1,,48,1,DOWNLOAD,0.95,DOWNLOAD,0.95,-1,10136,0.3476117211022291,35,228784.0,79528.0,27,8,0.7420535042424556,0.2579464957575443,0.004629503880922416,0,0,0,0,0,0,0,0,0.0225,0.0,0.0,0.0,0.15,skip,training_upload_trigger_not_confirmed,1785296192.0291772,1785296192029176973,1384860245875314,19.5,53.35546875,-1.0,0,0
2026-07-28T23:36:32.031,10.42.0.1,,48,1,DOWNLOAD,0.95,DOWNLOAD,0.95,-1,10136,0.3328645571767417,36,238920.0,79528.0,28,8,0.7502637793297493,0.24973622067025072,0.004304881286692478,0,0,0,0,0,0,0,0,0.0225,0.0,0.0,0.0,0.15,skip,training_upload_trigger_not_confirmed,1785296192.0313432,1785296192031343205,1384860248042314,19.5,53.35546875,-1.0,0,0
2026-07-28T23:36:32.032,10.42.0.1,,48,1,DOWNLOAD,0.95,DOWNLOAD,0.95,-1,16920,0.31085053158493253,37,255840.0,79528.0,29,8,0.7628634813100833,0.23713651868991675,0.003918164108758795,0,0,0,0,0,0,0,0,0.0225,0.0,0.0,0.0,0.15,skip,training_upload_trigger_not_confirmed,1785296192.0327134,1785296192032713481,1384860249412161,19.5,53.35546875,-1.0,0,0
2026-07-28T23:36:32.034,10.42.0.18,,37,1,DOWNLOAD,0.95,DOWNLOAD,0.95,-1,7300,1.3698630135109776e-10,1,7300.0,0.0,1,0,1.0,0.0,0.20212883794596154,0,0,0,0,0,0,0,0,0.0225,0.0,0.0,0.0,0.15,skip,training_upload_trigger_not_confirmed,1785296192.0340657,1785296192034065586,1384860250764386,19.5,53.35546875,-1.0,0,0
2026-07-28T23:36:32.035,10.42.0.18,,37,1,DOWNLOAD,0.95,DOWNLOAD,0.95,-1,7300,6.84931506802402e-11,2,14600.0,0.0,2,0,1.0,0.0,0.17561845927579053,0,0,0,0,0,0,0,0,0.0225,0.0,0.0,0.0,0.15,skip,training_upload_trigger_not_confirmed,1785296192.0350146,1785296192035014700,1384860251713129,19.5,53.35546875,-1.0,0,0
2026-07-28T23:36:32.035,10.42.0.1,,48,1,DOWNLOAD,0.95,DOWNLOAD,0.95,-1,6784,0.3028207627661492,38,262624.0,79528.0,30,8,0.7675652926184854,0.23243470738151464,0.003826677301037642,0,0,0,0,0,0,0,0,0.0225,0.0,0.0,0.0,0.15,skip,training_upload_trigger_not_confirmed,1785296192.0359373,1785296192035937406,1384860252635898,19.5,53.35546875,-1.0,0,0
2026-07-28T23:36:32.037,10.42.0.210,,48,1,DOWNLOAD,0.9846049953979037,DOWNLOAD,0.9846049953979037,-1,7240,1.381215469422484e-10,1,7240.0,0.0,1,0,1.0,0.0,0.08699646821429655,0,0,0,0,0,0,0,0,0.0225,0.0,0.0,0.0,0.15,skip,training_upload_trigger_not_confirmed,1785296192.0372179,1785296192037217704,1384860253916098,19.5,53.35546875,-1.0,0,0
2026-07-28T23:36:32.038,10.42.0.210,,48,1,DOWNLOAD,0.95,DOWNLOAD,0.95,-1,7240,6.90607734758936e-11,2,14480.0,0.0,2,0,1.0,0.0,0.07564741714172907,0,0,0,0,0,0,0,0,0.0225,0.0,0.0,0.0,0.15,skip,training_upload_trigger_not_confirmed,1785296192.0380895,1785296192038089368,1384860254787783,19.5,53.35546875,-1.0,0,0
2026-07-28T23:36:32.038,10.42.0.1,,48,1,DOWNLOAD,0.95,DOWNLOAD,0.95,-1,15472,0.2859731891171179,39,278096.0,79528.0,31,8,0.7776211887345368,0.22237881126546316,0.0037258193963468603,0,0,0,0,0,0,0,0,0.0225,0.0,0.0,0.0,0.15,skip,training_upload_trigger_not_confirmed,1785296192.0389986,1785296192038998574,1384860255697170,19.5,53.35546875,-1.0,0,0
2026-07-28T23:36:32.039,10.42.0.145,,21,1,DOWNLOAD,0.95,DOWNLOAD,0.95,-1,7300,1.3698630135109776e-10,1,7300.0,0.0,1,0,1.0,0.0,0.4006194790521237,0,0,0,0,0,0,0,0,0.0225,0.0,0.0,0.0,0.15,skip,training_upload_trigger_not_confirmed,1785296192.0399919,1785296192039991933,1384860256690700,19.5,53.35546875,-1.0,0,0
2026-07-28T23:36:32.040,10.42.0.145,,21,1,DOWNLOAD,0.95,DOWNLOAD,0.95,-1,7300,6.84931506802402e-11,2,14600.0,0.0,2,0,1.0,0.0,0.3479511851245041,0,0,0,0,0,0,0,0,0.0225,0.0,0.0,0.0,0.15,skip,training_upload_trigger_not_confirmed,1785296192.0409262,1785296192040926265,1384860257624406,19.5,53.35546875,-1.0,0,0
2026-07-28T23:36:32.041,10.42.0.1,,48,1,DOWNLOAD,0.95,DOWNLOAD,0.95,-1,6810,0.27913768050065935,40,284906.0,79528.0,32,8,0.7817766728680638,0.2182233271319361,0.0036053264677422476,0,0,0,0,0,0,0,0,0.0225,0.0,0.0,0.0,0.15,skip,training_upload_trigger_not_confirmed,1785296192.04181,1785296192041809928,1384860258508167,19.5,53.35546875,-1.0,0,0
2026-07-28T23:36:32.042,10.42.0.1,,48,1,DOWNLOAD,0.95,DOWNLOAD,0.95,-1,6784,0.27264561692456835,41,291690.0,79528.0,33,8,0.7857646989100744,0.21423530108992558,0.0032467325094603294,0,0,0,0,0,0,0,0,0.0225,0.0,0.0,0.0,0.15,skip,training_upload_trigger_not_confirmed,1785296192.042694,1785296192042694061,1384860259393080,19.5,53.35546875,-1.0,0,0
2026-07-28T23:36:32.044,10.42.0.18,,37,1,DOWNLOAD,0.9516851986922266,DOWNLOAD,0.9516851986922266,-1,10220,4.029008863657171e-11,3,24820.0,0.0,3,0,1.0,0.0,0.1536721794455144,0,0,0,0,0,0,0,0,0.0225,0.0,0.0,0.0,0.15,skip,training_upload_trigger_not_confirmed,1785296192.0440888,1785296192044088838,1384860260787974,19.5,53.35546875,-1.0,0,0
2026-07-28T23:36:32.045,10.42.0.18,,37,1,DOWNLOAD,0.95,DOWNLOAD,0.95,-1,4380,3.424657534129292e-11,4,29200.0,0.0,4,0,1.0,0.0,0.13357596103909747,0,0,0,0,0,0,0,0,0.0225,0.0,0.0,0.0,0.15,skip,training_upload_trigger_not_confirmed,1785296192.0452564,1785296192045256455,1384860261956216,19.5,53.35546875,-1.0,0,0
2026-07-28T23:36:32.046,10.42.0.18,,37,1,DOWNLOAD,0.9519070997011403,DOWNLOAD,0.9519070997011403,-1,14600,2.2831050227789245e-11,5,43800.0,0.0,5,0,1.0,0.0,0.1161679998443599,0,0,0,0,0,0,0,0,0.0225,0.0,0.0,0.0,0.15,skip,training_upload_trigger_not_confirmed,1785296192.0467281,1785296192046728170,1384860263426543,19.5,53.35546875,-1.0,0,0
2026-07-28T23:36:32.048,10.42.0.210,,48,1,DOWNLOAD,0.9557926560077417,DOWNLOAD,0.9557926560077417,-1,10136,4.062398439873968e-11,3,24616.0,0.0,3,0,1.0,0.0,0.0669900076053557,0,0,0,0,0,0,0,0,0.0225,0.0,0.0,0.0,0.15,skip,training_upload_trigger_not_confirmed,1785296192.0480382,1785296192048038125,1384860264736494,19.5,53.35546875,-1.0,0,0
2026-07-28T23:36:32.049,10.42.0.210,,48,1,DOWNLOAD,0.9846998846180315,DOWNLOAD,0.9846998846180315,-1,4344,3.453038673913914e-11,4,28960.0,0.0,4,0,1.0,0.0,0.058310285607541715,0,0,0,0,0,0,0,0,0.0225,0.0,0.0,0.0,0.15,skip,training_upload_trigger_not_confirmed,1785296192.0491602,1785296192049160265,1384860265858529,19.5,53.35546875,-1.0,0,0
2026-07-28T23:36:32.050,10.42.0.210,,48,1,DOWNLOAD,0.9854895428954357,DOWNLOAD,0.9854895428954357,-1,14480,2.3020257826357728e-11,5,43440.0,0.0,5,0,1.0,0.0,0.05080006028265228,0,0,0,0,0,0,0,0,0.0225,0.0,0.0,0.0,0.15,skip,training_upload_trigger_not_confirmed,1785296192.0504775,1785296192050477590,1384860267175866,19.5,53.35546875,-1.0,0,0
2026-07-28T23:36:32.052,10.42.0.47,,48,1,DOWNLOAD,0.95,DOWNLOAD,0.95,-1,2896,27.46132595771363,12,2896.0,79528.0,1,11,0.03513539745705135,0.9648646025429487,0.03311648334593148,0,0,0,0,0,0,0,0,0.057499999999999996,0.1,0.0,0.0,0.15,skip,training_upload_trigger_not_confirmed,1785296192.0529218,1785296192052921973,1384860269620830,19.5,53.35546875,-1.0,0,0
2026-07-28T23:36:32.053,10.42.0.47,,48,1,DOWNLOAD,0.9829981496648164,DOWNLOAD,0.9829981496648164,-1,2896,13.73066298122744,13,5792.0,79528.0,2,11,0.06788560712611345,0.9321143928738865,0.028873313726736665,0,0,0,0,0,0,0,0,0.057499999999999996,0.1,0.0,0.0,0.15,skip,training_upload_trigger_not_confirmed,1785296192.053838,1785296192053838075,1384860270536401,19.5,53.35546875,-1.0,0,0
2026-07-28T23:36:32.054,10.42.0.47,,48,1,DOWNLOAD,0.9842257140988042,DOWNLOAD,0.9842257140988042,-1,2896,9.153775321345098,14,8688.0,79528.0,3,11,0.09848553550376349,0.9015144644962365,0.025185264092440734,0,0,0,0,0,0,0,0,0.057499999999999996,0.1,0.0,0.0,0.15,skip,training_upload_trigger_not_confirmed,1785296192.0547237,1785296192054723879,1384860271422260,19.5,53.35546875,-1.0,0,0
2026-07-28T23:36:32.056,10.42.0.18,,37,1,DOWNLOAD,0.9531430213370257,DOWNLOAD,0.9531430213370257,-1,14600,1.7123287670939668e-11,6,58400.0,0.0,6,0,1.0,0.0,0.10217974610727186,0,0,0,0,0,0,0,0,0.0225,0.0,0.0,0.0,0.15,skip,training_upload_trigger_not_confirmed,1785296192.0567431,1785296192056743191,1384860273441600,19.5,53.35546875,-1.0,0,0
2026-07-28T23:36:32.057,10.42.0.18,,37,1,DOWNLOAD,0.9585469135065007,DOWNLOAD,0.9585469135065007,-1,5840,1.556662515542393e-11,7,64240.0,0.0,7,0,1.0,0.0,0.08884315341566126,0,0,0,0,0,0,0,0,0.0225,0.0,0.0,0.0,0.15,skip,training_upload_trigger_not_confirmed,1785296192.0577152,1785296192057715316,1384860274413659,19.5,53.35546875,-1.0,0,0
2026-07-28T23:36:32.059,10.42.0.18,,37,1,DOWNLOAD,0.9636532706332103,DOWNLOAD,0.9636532706332103,-1,14944,1.2628813901638856e-11,8,79184.0,0.0,8,0,1.0,0.0,0.07736162867426845,0,0,0,0,0,0,0,0,0.0225,0.0,0.0,0.0,0.15,skip,training_upload_trigger_not_confirmed,1785296192.0594282,1785296192059428222,1384860276127026,19.5,53.35546875,-1.0,0,0
2026-07-28T23:36:32.060,10.42.0.210,,48,1,DOWNLOAD,0.9855083405864443,DOWNLOAD,0.9855083405864443,-1,14480,1.7265193369867658e-11,6,57920.0,0.0,6,0,1.0,0.0,0.04545767788828918,0,0,0,0,0,0,0,0,0.0225,0.0,0.0,0.0,0.15,skip,training_upload_trigger_not_confirmed,1785296192.0607357,1785296192060735845,1384860277434119,19.5,53.35546875,-1.0,0,0
2026-07-28T23:36:32.061,10.42.0.210,,48,1,DOWNLOAD,0.9855087208476458,DOWNLOAD,0.9855087208476458,-1,5792,1.569563033626796e-11,7,63712.0,0.0,7,0,1.0,0.0,0.03963211271839885,0,0,0,0,0,0,0,0,0.0225,0.0,0.0,0.0,0.15,skip,training_upload_trigger_not_confirmed,1785296192.0619848,1785296192061984700,1384860278682902,19.5,53.35546875,-1.0,0,0
2026-07-28T23:36:32.063,10.42.0.210,,48,1,DOWNLOAD,0.9855087261970161,DOWNLOAD,0.9855087261970161,-1,8688,1.3812154695941821e-11,8,72400.0,0.0,8,0,1.0,0.0,0.03457603051809163,0,0,0,0,0,0,0,0,0.0225,0.0,0.0,0.0,0.15,skip,training_upload_trigger_not_confirmed,1785296192.0632477,1785296192063247701,1384860279945843,19.5,53.35546875,-1.0,0,0
2026-07-28T23:36:32.064,10.42.0.210,,48,1,DOWNLOAD,0.9855087261721334,DOWNLOAD,0.9855087261721334,-1,6784,1.2628813901638856e-11,9,79184.0,0.0,9,0,1.0,0.0,0.030236353164526105,0,0,0,0,0,0,0,0,0.0225,0.0,0.0,0.0,0.15,skip,training_upload_trigger_not_confirmed,1785296192.064891,1785296192064891054,1384860281589415,19.5,53.35546875,-1.0,0,0
2026-07-28T23:36:32.066,10.42.0.145,,21,1,DOWNLOAD,0.95,DOWNLOAD,0.95,-1,14600,3.424657534129292e-11,3,29200.0,0.0,3,0,1.0,0.0,0.3054232552405513,0,0,0,0,0,0,0,0,0.0225,0.0,0.0,0.0,0.15,skip,training_upload_trigger_not_confirmed,1785296192.0661447,1785296192066144829,1384860282843201,19.5,53.35546875,-1.0,0,0
2026-07-28T23:36:32.066,10.42.0.145,,21,1,DOWNLOAD,0.9614880283426804,DOWNLOAD,0.9614880283426804,-1,14600,2.2831050227789245e-11,4,43800.0,0.0,4,0,1.0,0.0,0.2652637342946575,0,0,0,0,0,0,0,0,0.0225,0.0,0.0,0.0,0.15,skip,training_upload_trigger_not_confirmed,1785296192.0668085,1785296192066808506,1384860283506416,19.5,53.35546875,-1.0,0,0
2026-07-28T23:36:32.067,10.42.0.59,,16,1,DOWNLOAD,0.95,DOWNLOAD,0.95,-1,14600,6.84931506802402e-11,1,14600.0,0.0,1,0,1.0,0.0,0.33018387852521447,0,0,0,0,0,0,0,0,0.0225,0.0,0.0,0.0,0.15,skip,training_upload_trigger_not_confirmed,1785296192.0676334,1785296192067633503,1384860284331548,19.5,53.35546875,-1.0,0,0
2026-07-28T23:36:32.069,10.42.0.47,,48,1,DOWNLOAD,0.9842586901286671,DOWNLOAD,0.9842586901286671,-1,8688,4.576887660935952,15,17376.0,79528.0,4,11,0.17931148353009163,0.8206885164699084,0.023791658316012567,0,0,0,0,0,0,0,0,0.057499999999999996,0.1,0.0,0.0,0.15,skip,training_upload_trigger_not_confirmed,1785296192.0693333,1785296192069333307,1384860286031433,19.5,53.35546875,-1.0,0,0
2026-07-28T23:36:32.070,10.42.0.145,,21,1,DOWNLOAD,0.9722518196151749,DOWNLOAD,0.9722518196151749,-1,29200,1.369863013679865e-11,5,73000.0,0.0,5,0,1.0,0.0,0.23074827718709634,0,0,0,0,0,0,0,0,0.0225,0.0,0.0,0.0,0.15,skip,training_upload_trigger_not_confirmed,1785296192.070144,1785296192070143963,1384860286842047,19.5,53.35546875,-1.0,0,0
2026-07-28T23:36:32.070,10.42.0.145,,21,1,DOWNLOAD,0.9766768247682828,DOWNLOAD,0.9766768247682828,-1,6184,1.2628813901638856e-11,6,79184.0,0.0,6,0,1.0,0.0,0.20041477968675123,0,0,0,0,0,0,0,0,0.0225,0.0,0.0,0.0,0.15,skip,training_upload_trigger_not_confirmed,1785296192.0706997,1785296192070699770,1384860287397694,19.5,53.35546875,-1.0,0,0
2026-07-28T23:36:32.073,10.42.0.47,,48,1,DOWNLOAD,0.9842595481342594,DOWNLOAD,0.9842595481342594,-1,2896,3.9230465665487837,16,20272.0,79528.0,5,11,0.20312625250501,0.79687374749499,0.021148774281713016,0,0,0,0,0,0,0,0,0.057499999999999996,0.1,0.0,0.0,0.15,skip,training_upload_trigger_not_confirmed,1785296192.0730689,1785296192073068786,1384860289766915,19.5,53.35546875,-1.0,0,0
2026-07-28T23:36:32.074,10.42.0.47,,48,1,DOWNLOAD,0.9842595696464124,DOWNLOAD,0.9842595696464124,-1,11584,2.496484178757644,17,31856.0,79528.0,6,11,0.28600158011922716,0.7139984198807728,0.01849455039259014,0,0,0,0,0,0,0,0,0.057499999999999996,0.1,0.0,0.0,0.15,skip,training_upload_trigger_not_confirmed,1785296192.0740755,1785296192074075416,1384860290773630,19.5,53.35546875,-1.0,0,0
2026-07-28T23:36:32.074,10.42.0.47,,48,1,DOWNLOAD,0.9842595701605352,DOWNLOAD,0.9842595701605352,-1,21720,1.4843959981991115,18,53576.0,79528.0,7,11,0.402512321192451,0.5974876788075489,0.016148740040700712,0,0,0,0,0,0,0,0,0.057499999999999996,0.1,0.0,0.0,0.15,skip,training_upload_trigger_not_confirmed,1785296192.0747683,1785296192074768455,1384860291466765,19.5,53.35546875,-1.0,0,0
2026-07-28T23:36:32.075,10.42.0.59,,16,1,DOWNLOAD,0.9519328894985594,DOWNLOAD,0.9519328894985594,-1,24820,2.536783358636814e-11,2,39420.0,0.0,2,0,1.0,0.0,0.28773080032429105,0,0,0,0,0,0,0,0,0.0225,0.0,0.0,0.0,0.15,skip,training_upload_trigger_not_confirmed,1785296192.0756526,1785296192075652497,1384860292350957,19.5,53.35546875,-1.0,0,0
2026-07-28T23:36:32.076,10.42.0.59,,16,1,DOWNLOAD,0.952499758047049,DOWNLOAD,0.952499758047049,-1,10564,2.0006402048255314e-11,3,49984.0,0.0,3,0,1.0,0.0,0.2498884296898846,0,0,0,0,0,0,0,0,0.0225,0.0,0.0,0.0,0.15,skip,training_upload_trigger_not_confirmed,1785296192.076208,1785296192076208009,1384860292905936,19.5,53.35546875,-1.0,0,0
2026-07-28T23:36:32.079,10.42.0.47,,48,1,DOWNLOAD,0.9842595701720059,DOWNLOAD,0.9842595701720059,-1,2453,1.4194078066640594,19,56029.0,79528.0,8,11,0.41332428424943013,0.5866757157505699,0.014644856672435256,0,0,0,0,0,0,0,0,0.057499999999999996,0.1,0.0,0.0,0.15,skip,training_upload_trigger_not_confirmed,1785296192.0795045,1785296192079504468,1384860296202528,19.5,53.35546875,-1.0,0,0
2026-07-28T23:36:32.194,10.42.0.1,,48,1,DOWNLOAD,0.9362765371635836,DOWNLOAD,0.9362765371635836,0,39,0.27264561692456835,41,291690.0,79528.0,33,8,0.7857646989100744,0.21423530108992558,0.008217927437480073,0,0,0,0,0,0,0,0,0.0225,0.0,0.0,0.0,0.15,skip,training_upload_trigger_not_confirmed,1785296192.194253,1785296192194252941,1384860410951530,19.5,53.35546875,-1.0,0,0
2026-07-28T23:36:32.381,10.42.0.59,,16,3,UPLOAD,0.95,UPLOAD,0.95,1,64240,1.2852112675999277,4,49984.0,64240.0,3,1,0.43759630200308164,0.5624036979969184,0.3338792011614642,0,0,0,1,1,1,1,1,0.85,1.0,1.0,0.4,0.8,trigger,training_upload_trigger_confirmed,1785296192.3812077,1785296192381207929,1384860597907078,19.5,53.35546875,6.420523,1785296192387630365,1384860604327601
2026-07-28T23:36:32.384,10.42.0.1,10.42.0.1,48,3,UPLOAD,0.95,UPLOAD,0.95,1,7240,0.2974664883976226,42,291690.0,86768.0,33,9,0.7707328157946192,0.22926718420538078,0.007343186648020441,1,0,0,0,1,0,0,0,0.85,1.0,1.0,0.4,0.8,trigger,training_upload_trigger_confirmed,1785296192.3842995,1785296192384299494,1384860600998094,19.5,53.35546875,9.217696,1785296192393518565,1384860610215790
2026-07-28T23:36:32.385,10.42.0.1,10.42.0.1,48,3,UPLOAD,0.95,UPLOAD,0.95,1,5792,0.3173231855760659,43,291690.0,92560.0,33,10,0.7591151594014314,0.24088484059856863,0.006511045726454292,1,0,1,1,1,1,1,1,0.85,1.0,1.0,0.4,0.8,skip,attack_already_active,1785296192.3853278,1785296192385327908,1384860602026472,19.5,53.35546875,-1.0,0,0
2026-07-28T23:36:32.386,10.42.0.1,10.42.0.1,48,3,UPLOAD,0.95,UPLOAD,0.95,1,14480,0.3669649285221743,44,291690.0,107040.0,33,11,0.7315476638326687,0.2684523361673313,0.005843414655675333,1,0,1,1,1,1,1,1,0.85,1.0,1.0,0.4,0.8,skip,attack_already_active,1785296192.3867724,1785296192386772562,1384860603471306,19.5,53.35546875,-1.0,0,0
2026-07-28T23:36:32.387,10.42.0.1,10.42.0.1,48,3,UPLOAD,0.95,UPLOAD,0.95,1,14480,0.41660667146828273,45,291690.0,121520.0,33,12,0.7059122480094867,0.2940877519905133,0.005201836458340654,1,0,1,1,1,1,1,1,0.85,1.0,1.0,0.4,0.8,skip,attack_already_active,1785296192.387747,1785296192387747049,1384860604445283,19.5,53.35546875,-1.0,0,0
2026-07-28T23:36:32.389,10.42.0.1,10.42.0.1,48,3,UPLOAD,0.95,UPLOAD,0.95,1,14480,0.46624841441439113,46,291690.0,136000.0,33,13,0.6820126727302486,0.31798732726975143,0.004698714285588544,1,0,1,1,1,1,1,1,0.9699999999999999,1.0,1.0,1.0,0.8,skip,attack_already_active,1785296192.3891308,1785296192389130793,1384860605829432,19.5,53.35546875,-1.0,0,0
2026-07-28T23:36:32.390,10.42.0.1,10.42.0.1,48,3,UPLOAD,0.95,UPLOAD,0.95,1,14480,0.5158901573604996,47,291690.0,150480.0,33,14,0.6596784042336657,0.3403215957663342,0.004314232294248684,1,0,1,1,1,1,1,1,0.9699999999999999,1.0,1.0,1.0,0.8,skip,attack_already_active,1785296192.3909118,1785296192390911827,1384860607610183,19.5,53.35546875,-1.0,0,0
2026-07-28T23:36:32.391,10.42.0.1,10.42.0.1,48,3,UPLOAD,0.95,UPLOAD,0.95,1,8589,0.5453358017088508,48,291690.0,159069.0,33,15,0.6471085435898118,0.35289145641018815,0.0038734386881933017,1,0,1,1,1,1,1,1,0.9699999999999999,1.0,1.0,1.0,0.8,skip,attack_already_active,1785296192.391881,1785296192391880980,1384860608579360,19.5,53.35546875,-1.0,0,0
2026-07-28T23:36:32.398,10.42.0.145,10.42.0.1,21,3,UPLOAD,0.95,UPLOAD,0.95,1,64240,0.811275005053909,7,79184.0,64240.0,6,1,0.5520972780008925,0.4479027219991075,0.29372066254252294,0,0,0,1,1,1,1,1,0.85,1.0,1.0,0.4,0.8,trigger,training_upload_trigger_confirmed,1785296192.398121,1785296192398121238,1384860614820240,19.5,53.35546875,39.974949,1785296192438097951,1384860654795189
2026-07-28T23:36:32.399,10.42.0.145,10.42.0.1,21,3,UPLOAD,0.9841010226033655,UPLOAD,0.9841010226033655,1,11680,0.9587795514250508,8,79184.0,75920.0,6,2,0.5105219723540334,0.4894780276459666,0.25515473778520836,0,0,1,1,1,1,1,1,0.85,1.0,1.0,0.4,0.8,skip,attack_already_active,1785296192.3991756,1785296192399175593,1384860615873938,19.5,53.35546875,-1.0,0,0
2026-07-28T23:36:32.401,10.42.0.145,10.42.0.1,21,3,UPLOAD,0.9854688349332961,UPLOAD,0.9854688349332961,1,3635,1.004685289957508,9,79184.0,79555.0,6,3,0.4988314150901795,0.5011685849098205,0.22188467607341122,0,0,1,1,1,1,1,1,0.85,1.0,1.0,0.4,0.8,skip,attack_already_active,1785296192.401853,1785296192401853277,1384860618552010,19.5,53.35546875,-1.0,0,0
2026-07-28T23:36:32.403,10.42.0.1,10.42.0.1,48,3,UPLOAD,0.95,UPLOAD,0.95,1,7240,0.5701566731819049,49,291690.0,166309.0,33,16,0.6368791198234057,0.3631208801765943,0.0036638721665746277,1,0,1,1,1,1,1,1,0.9699999999999999,1.0,1.0,1.0,0.8,skip,attack_already_active,1785296192.4031909,1785296192403190797,1384860619889460,19.5,53.35546875,-1.0,0,0
2026-07-28T23:36:32.404,10.42.0.1,10.42.0.1,48,3,UPLOAD,0.95,UPLOAD,0.95,1,5792,0.5900133703603483,50,291690.0,172101.0,33,17,0.6289255289559306,0.37107447104406943,0.003327378569977353,1,0,1,1,1,1,1,1,0.9699999999999999,1.0,1.0,1.0,0.8,skip,attack_already_active,1785296192.4043012,1785296192404301005,1384860621011429,19.5,53.35546875,-1.0,0,0
2026-07-28T23:36:32.405,10.42.0.1,10.42.0.1,48,3,UPLOAD,0.95,UPLOAD,0.95,1,2896,0.5999417189495699,51,291690.0,174997.0,33,18,0.625022766865158,0.374977233134842,0.003106669591503695,1,0,1,1,1,1,1,1,0.9699999999999999,1.0,1.0,1.0,0.8,skip,attack_already_active,1785296192.4059536,1785296192405953648,1384860622652679,19.5,53.35546875,-1.0,0,0
2026-07-28T23:36:32.408,10.42.0.1,10.42.0.1,48,3,UPLOAD,0.95,UPLOAD,0.95,1,11584,0.6396551133064566,52,291690.0,186581.0,33,19,0.6098843542677687,0.3901156457322313,0.003087809152799529,1,0,1,1,1,1,1,1,0.9699999999999999,1.0,1.0,1.0,0.8,skip,attack_already_active,1785296192.4089172,1785296192408917215,1384860625615997,19.5,53.35546875,-1.0,0,0
2026-07-28T23:36:32.410,10.42.0.1,10.42.0.1,48,3,UPLOAD,0.95,UPLOAD,0.95,1,2896,0.6495834618956784,53,291690.0,189477.0,33,20,0.6062136430802612,0.3937863569197389,0.0028323470033331014,1,0,1,1,1,1,1,1,0.9699999999999999,1.0,1.0,1.0,0.8,skip,attack_already_active,1785296192.4100664,1785296192410066466,1384860626765580,19.5,53.35546875,-1.0,0,0
2026-07-28T23:36:32.411,10.42.0.1,10.42.0.1,48,3,UPLOAD,0.95,UPLOAD,0.95,1,11584,0.6892968562525651,54,291690.0,201061.0,33,21,0.5919622689756083,0.4080377310243916,0.0025907552294935207,1,0,1,1,1,1,1,1,0.9699999999999999,1.0,1.0,1.0,0.8,skip,attack_already_active,1785296192.4110653,1785296192411065356,1384860627763833,19.5,53.35546875,-1.0,0,0
2026-07-28T23:36:32.412,10.42.0.1,10.42.0.1,48,3,UPLOAD,0.95,UPLOAD,0.95,1,5792,0.7091535534310084,55,291690.0,206853.0,33,22,0.585084937507898,0.41491506249210197,0.0023732389653573806,1,0,1,1,1,1,1,1,0.9699999999999999,1.0,1.0,1.0,0.8,skip,attack_already_active,1785296192.4120054,1785296192412005419,1384860628703771,19.5,53.35546875,-1.0,0,0
2026-07-28T23:36:32.414,10.42.0.1,10.42.0.1,48,3,UPLOAD,0.95,UPLOAD,0.95,1,21720,0.7836161678501711,56,291690.0,228573.0,33,23,0.5606587437507569,0.4393412562492432,0.002349735997094909,1,0,1,1,1,1,1,1,0.9699999999999999,1.0,1.0,1.0,0.8,skip,attack_already_active,1785296192.4142003,1785296192414200269,1384860630898695,19.5,53.35546875,-1.0,0,0
2026-07-28T23:36:32.415,10.42.0.1,10.42.0.1,48,3,UPLOAD,0.95,UPLOAD,0.95,1,1448,0.7885803421447819,57,291690.0,230021.0,33,24,0.5591026449509403,0.44089735504905975,0.0021642312541285675,1,0,1,1,1,1,1,1,0.9699999999999999,1.0,1.0,1.0,0.8,skip,attack_already_active,1785296192.4151423,1785296192415142424,1384860631841194,19.5,53.35546875,-1.0,0,0
2026-07-28T23:36:32.416,10.42.0.1,10.42.0.1,48,3,UPLOAD,0.95,UPLOAD,0.95,1,5792,0.8084370393232252,58,291690.0,235813.0,33,25,0.5529636798274133,0.4470363201725867,0.0019975161534343563,1,0,1,1,1,1,1,1,0.9699999999999999,1.0,1.0,1.0,0.8,skip,attack_already_active,1785296192.4160414,1785296192416041427,1384860632739665,19.5,53.35546875,-1.0,0,0
2026-07-28T23:36:32.417,10.42.0.1,10.42.0.1,48,3,UPLOAD,0.95,UPLOAD,0.95,1,2798,0.8180294147902978,59,291690.0,238611.0,33,26,0.5500461058908054,0.44995389410919456,0.0019074362645747365,1,0,1,1,1,1,1,1,0.9699999999999999,1.0,1.0,1.0,0.8,skip,attack_already_active,1785296192.4173553,1785296192417355317,1384860634053597,81.7,53.35546875,-1.0,0,0
2026-07-28T23:36:32.482,10.42.0.18,10.42.0.1,37,3,UPLOAD,0.95,UPLOAD,0.95,1,48180,0.6084562537935889,9,79184.0,48180.0,8,1,0.6217141421437768,0.3782858578562231,0.11046034805269267,0,0,0,1,1,1,1,1,0.9699999999999999,1.0,1.0,1.0,0.8,trigger,training_upload_trigger_confirmed,1785296192.4827003,1785296192482700202,1384860699399262,81.7,53.35546875,28.916367,1785296192511618375,1384860728315629
2026-07-28T23:36:32.483,10.42.0.18,10.42.0.1,37,3,UPLOAD,0.9841010226033655,UPLOAD,0.9841010226033655,1,18980,0.8481511416466944,10,79184.0,67160.0,8,2,0.5410812879243426,0.4589187120756574,0.09604276270252457,0,0,1,1,1,1,1,1,0.9699999999999999,1.0,1.0,1.0,0.8,skip,attack_already_active,1785296192.4837496,1785296192483749753,1384860700448165,81.7,53.35546875,-1.0,0,0
2026-07-28T23:36:32.485,10.42.0.18,10.42.0.1,37,3,UPLOAD,0.9854688349332961,UPLOAD,0.9854688349332961,1,12368,1.0043443119821638,11,79184.0,79528.0,8,3,0.4989162760219769,0.501083723978023,0.08357217322548974,0,0,1,1,1,1,1,1,0.9699999999999999,1.0,1.0,1.0,0.8,skip,attack_already_active,1785296192.4851565,1785296192485156483,1384860701855021,81.7,53.35546875,-1.0,0,0
2026-07-28T23:36:32.486,10.42.0.1,10.42.0.1,48,3,UPLOAD,0.95,UPLOAD,0.95,1,7240,0.842850286263352,60,291690.0,245851.0,33,27,0.5426376778701532,0.45736232212984684,0.010780224203371387,1,0,1,1,1,1,1,1,0.9699999999999999,1.0,1.0,1.0,0.8,skip,attack_already_active,1785296192.4865959,1785296192486595921,1384860703294293,81.7,53.35546875,-1.0,0,0
2026-07-28T23:36:32.487,10.42.0.1,10.42.0.1,48,3,UPLOAD,0.95,UPLOAD,0.95,1,7240,0.8676711577364062,61,291690.0,253091.0,33,28,0.5354261620724658,0.4645738379275342,0.00949165072580557,1,0,1,1,1,1,1,1,0.9699999999999999,1.0,1.0,1.0,0.8,skip,attack_already_active,1785296192.4875975,1785296192487597658,1384860704295919,81.7,53.35546875,-1.0,0,0
2026-07-28T23:36:32.489,10.42.0.1,10.42.0.1,48,3,UPLOAD,0.95,UPLOAD,0.95,1,10136,0.9024203777986821,62,291690.0,263227.0,33,29,0.5256461777166676,0.47435382228333245,0.008485572840275526,1,0,1,1,1,1,1,1,0.9699999999999999,1.0,1.0,1.0,0.8,skip,attack_already_active,1785296192.4894543,1785296192489454320,1384860706152935,81.7,53.35546875,-1.0,0,0
2026-07-28T23:36:32.490,10.42.0.1,10.42.0.1,48,3,UPLOAD,0.95,UPLOAD,0.95,1,4344,0.9173129006825146,63,291690.0,267571.0,33,30,0.5215632772533755,0.4784367227466246,0.0075011666235861385,1,0,1,1,1,1,1,1,0.9699999999999999,1.0,1.0,1.0,0.8,skip,attack_already_active,1785296192.4904695,1785296192490469344,1384860707167606,81.7,53.35546875,-1.0,0,0
2026-07-28T23:36:32.491,10.42.0.1,10.42.0.1,48,3,UPLOAD,0.95,UPLOAD,0.95,1,14480,0.966954643628623,64,291690.0,282051.0,33,31,0.5084001317667728,0.4915998682332272,0.00664412370205142,1,0,1,1,1,1,1,1,0.9699999999999999,1.0,1.0,1.0,0.8,skip,attack_already_active,1785296192.4914668,1785296192491466874,1384860708165465,81.7,53.35546875,-1.0,0,0
2026-07-28T23:36:32.492,10.42.0.1,10.42.0.1,48,3,UPLOAD,0.95,UPLOAD,0.95,1,18824,1.031488909458564,65,291690.0,300875.0,33,32,0.4922497953810974,0.5077502046189025,0.005959459031436586,1,0,1,1,1,1,1,1,0.9699999999999999,1.0,1.0,1.0,0.8,skip,attack_already_active,1785296192.4929152,1785296192492915282,1384860709613772,81.7,53.35546875,-1.0,0,0
2026-07-28T23:36:32.493,10.42.0.1,10.42.0.1,48,3,UPLOAD,0.95,UPLOAD,0.95,1,1448,1.0364530837531747,66,291690.0,302323.0,33,33,0.4910498591781661,0.5089501408218339,0.005307113265482051,1,0,1,1,1,1,1,1,0.9699999999999999,1.0,1.0,1.0,0.8,skip,attack_already_active,1785296192.4939241,1785296192493923973,1384860710622355,81.7,53.35546875,-1.0,0,0
2026-07-28T23:36:32.495,10.42.0.1,10.42.0.1,48,3,UPLOAD,0.95,UPLOAD,0.95,1,8688,1.0662381295208399,67,291690.0,311011.0,33,34,0.4839713224301934,0.5160286775698066,0.004793102958146199,1,0,1,1,1,1,1,1,0.9699999999999999,1.0,1.0,1.0,0.8,skip,attack_already_active,1785296192.4953306,1785296192495330460,1384860712028896,81.7,53.35546875,-1.0,0,0
2026-07-28T23:36:32.497,10.42.0.1,10.42.0.1,48,3,UPLOAD,0.95,UPLOAD,0.95,1,7128,1.090675031711438,68,291690.0,318139.0,33,35,0.47831441272881414,0.5216855872711859,0.004463730535082415,1,0,1,1,1,1,1,1,0.9699999999999999,1.0,1.0,1.0,0.8,skip,attack_already_active,1785296192.4976242,1785296192497624005,1384860714322597,81.7,53.35546875,-1.0,0,0
2026-07-28T23:36:32.512,10.42.0.1,10.42.0.1,48,3,UPLOAD,0.95,UPLOAD,0.95,1,1336,1.0952552367235926,69,291690.0,319475.0,33,36,0.47726882265836557,0.5227311773416344,0.005773297791675024,1,0,1,1,1,1,1,1,0.9699999999999999,1.0,1.0,1.0,0.8,skip,attack_already_active,1785296192.5120258,1785296192512025967,1384860728724656,81.7,53.35546875,-1.0,0,0
2026-07-28T23:36:33.825,10.42.0.210,10.42.0.1|10.42.0.210,48,3,UPLOAD,0.95,UPLOAD,0.95,1,1448,100.0,1,0.0,1448.0,0,1,0.0,1.0,0.34844889822703945,1,0,0,1,1,1,1,1,0.9525,0.95,1.0,1.0,0.8,trigger,training_upload_trigger_confirmed,1785296193.8257108,1785296193825710932,1384862042409565,7.4,53.35546875,6.291738,1785296193832004031,1384862048701303
2026-07-28T23:36:33.827,10.42.0.210,10.42.0.1|10.42.0.210,48,3,UPLOAD,0.9841010226033655,UPLOAD,0.9841010226033655,1,1448,100.0,2,0.0,2896.0,0,2,0.0,1.0,0.3028253234494959,1,0,1,1,1,1,1,1,0.9699999999999999,1.0,1.0,1.0,0.8,skip,attack_already_active,1785296193.827935,1785296193827934949,1384862044634317,7.4,53.35546875,-1.0,0,0
2026-07-28T23:36:33.829,10.42.0.210,10.42.0.1|10.42.0.210,48,3,UPLOAD,0.9854688349332961,UPLOAD,0.9854688349332961,1,1448,100.0,3,0.0,4344.0,0,3,0.0,1.0,0.2631457835722491,1,0,1,1,1,1,1,1,0.9699999999999999,1.0,1.0,1.0,0.8,skip,attack_already_active,1785296193.8296432,1785296193829643266,1384862046341757,7.4,53.35546875,-1.0,0,0
2026-07-28T23:36:33.830,10.42.0.210,10.42.0.1|10.42.0.210,48,3,UPLOAD,0.9855076450773014,UPLOAD,0.9855076450773014,1,1448,100.0,4,0.0,5792.0,0,4,0.0,1.0,0.2285960603344715,1,0,1,1,1,1,1,1,0.9699999999999999,1.0,1.0,1.0,0.8,skip,attack_already_active,1785296193.8306007,1785296193830600581,1384862047299091,7.4,53.35546875,-1.0,0,0
2026-07-28T23:36:33.831,10.42.0.210,10.42.0.1|10.42.0.210,48,3,UPLOAD,0.9855086980780915,UPLOAD,0.9855086980780915,1,1448,100.0,5,0.0,7240.0,0,5,0.0,1.0,0.1986213206826083,1,0,1,1,1,1,1,1,0.9699999999999999,1.0,1.0,1.0,0.8,skip,attack_already_active,1785296193.8317268,1785296193831726899,1384862048425495,7.4,53.35546875,-1.0,0,0
2026-07-28T23:36:33.832,10.42.0.210,10.42.0.1|10.42.0.210,48,3,UPLOAD,0.9855087254685951,UPLOAD,0.9855087254685951,1,1448,100.0,6,0.0,8688.0,0,6,0.0,1.0,0.17254379930875502,1,0,1,1,1,1,1,1,0.9699999999999999,1.0,1.0,1.0,0.8,skip,attack_already_active,1785296193.832453,1785296193832453022,1384862049151463,7.4,53.35546875,-1.0,0,0
2026-07-28T23:36:33.833,10.42.0.210,10.42.0.1|10.42.0.210,48,3,UPLOAD,0.9855087261493067,UPLOAD,0.9855087261493067,1,1448,100.0,7,0.0,10136.0,0,7,0.0,1.0,0.1500095745686391,1,0,1,1,1,1,1,1,0.9699999999999999,1.0,1.0,1.0,0.8,skip,attack_already_active,1785296193.8339908,1785296193833990850,1384862050696126,7.4,53.35546875,-1.0,0,0
2026-07-28T23:36:33.835,10.42.0.210,10.42.0.1|10.42.0.210,48,3,UPLOAD,0.9855087261653082,UPLOAD,0.9855087261653082,1,1448,100.0,8,0.0,11584.0,0,8,0.0,1.0,0.13045562435434735,1,0,1,1,1,1,1,1,0.9699999999999999,1.0,1.0,1.0,0.8,skip,attack_already_active,1785296193.8356109,1785296193835610764,1384862052312245,7.4,53.35546875,-1.0,0,0
2026-07-28T23:36:33.837,10.42.0.210,10.42.0.1|10.42.0.210,48,3,UPLOAD,0.985508726165656,UPLOAD,0.985508726165656,1,1448,100.0,9,0.0,13032.0,0,9,0.0,1.0,0.11353534543640195,1,0,1,1,1,1,1,1,0.9699999999999999,1.0,1.0,1.0,0.8,skip,attack_already_active,1785296193.8376632,1785296193837663317,1384862054362393,7.4,53.35546875,-1.0,0,0
2026-07-28T23:36:33.838,10.42.0.210,10.42.0.1|10.42.0.210,48,3,UPLOAD,0.9855087261656625,UPLOAD,0.9855087261656625,1,1448,100.0,10,0.0,14480.0,0,10,0.0,1.0,0.0987139048911816,1,0,1,1,1,1,1,1,0.9699999999999999,1.0,1.0,1.0,0.8,skip,attack_already_active,1785296193.8387227,1785296193838722718,1384862055421370,7.4,53.35546875,-1.0,0,0
2026-07-28T23:36:33.840,10.42.0.210,10.42.0.1|10.42.0.210,48,3,UPLOAD,0.9855087261656628,UPLOAD,0.9855087261656628,1,1448,100.0,11,0.0,15928.0,0,11,0.0,1.0,0.08589849025698752,1,0,1,1,1,1,1,1,0.9699999999999999,1.0,1.0,1.0,0.8,skip,attack_already_active,1785296193.840184,1785296193840184103,1384862056882718,7.4,53.35546875,-1.0,0,0
2026-07-28T23:36:33.841,10.42.0.210,10.42.0.1|10.42.0.210,48,3,UPLOAD,0.95,UPLOAD,0.95,1,1448,100.0,12,0.0,17376.0,0,12,0.0,1.0,0.07469239668499635,1,0,1,1,1,1,1,1,0.9699999999999999,1.0,1.0,1.0,0.8,skip,attack_already_active,1785296193.8410425,1785296193841042364,1384862057741533,7.4,53.35546875,-1.0,0,0
2026-07-28T23:36:33.842,10.42.0.210,10.42.0.1|10.42.0.210,48,3,UPLOAD,0.95,UPLOAD,0.95,1,1448,100.0,13,0.0,18824.0,0,13,0.0,1.0,0.06502905110446444,1,0,1,1,1,1,1,1,0.9699999999999999,1.0,1.0,1.0,0.8,skip,attack_already_active,1785296193.8424025,1785296193842402544,1384862059100878,7.4,53.35546875,-1.0,0,0
2026-07-28T23:36:33.843,10.42.0.210,10.42.0.1|10.42.0.210,48,3,UPLOAD,0.95,UPLOAD,0.95,1,1448,100.0,14,0.0,20272.0,0,14,0.0,1.0,0.05654430121249996,1,0,1,1,1,1,1,1,0.9699999999999999,1.0,1.0,1.0,0.8,skip,attack_already_active,1785296193.843043,1785296193843043076,1384862059741328,7.4,53.35546875,-1.0,0,0
2026-07-28T23:36:33.843,10.42.0.210,10.42.0.1|10.42.0.210,48,3,UPLOAD,0.95,UPLOAD,0.95,1,1448,100.0,15,0.0,21720.0,0,15,0.0,1.0,0.049214100426494004,1,0,1,1,1,1,1,1,0.9699999999999999,1.0,1.0,1.0,0.8,skip,attack_already_active,1785296193.8439605,1785296193843960566,1384862060658556,7.4,53.35546875,-1.0,0,0
2026-07-28T23:36:33.844,10.42.0.210,10.42.0.1|10.42.0.210,48,3,UPLOAD,0.95,UPLOAD,0.95,1,1448,100.0,16,0.0,23168.0,0,16,0.0,1.0,0.04281693885192439,1,0,1,1,1,1,1,1,0.9699999999999999,1.0,1.0,1.0,0.8,skip,attack_already_active,1785296193.8446283,1785296193844628317,1384862061326362,7.4,53.35546875,-1.0,0,0
2026-07-28T23:36:33.845,10.42.0.210,10.42.0.1|10.42.0.210,48,3,UPLOAD,0.95,UPLOAD,0.95,1,1448,100.0,17,0.0,24616.0,0,17,0.0,1.0,0.03729461717194474,1,0,1,1,1,1,1,1,0.9699999999999999,1.0,1.0,1.0,0.8,skip,attack_already_active,1785296193.845538,1785296193845537894,1384862062236163,7.4,53.35546875,-1.0,0,0
2026-07-28T23:36:33.846,10.42.0.210,10.42.0.1|10.42.0.210,48,3,UPLOAD,0.95,UPLOAD,0.95,1,1448,100.0,18,0.0,26064.0,0,18,0.0,1.0,0.032525758832738894,1,0,1,1,1,1,1,1,0.9699999999999999,1.0,1.0,1.0,0.8,skip,attack_already_active,1785296193.846643,1785296193846642956,1384862063342856,7.4,53.35546875,-1.0,0,0
2026-07-28T23:36:33.847,10.42.0.210,10.42.0.1|10.42.0.210,48,3,UPLOAD,0.95,UPLOAD,0.95,1,1448,100.0,19,0.0,27512.0,0,19,0.0,1.0,0.028389147200661553,1,0,1,1,1,1,1,1,0.9699999999999999,1.0,1.0,1.0,0.8,skip,attack_already_active,1785296193.8477771,1785296193847777089,1384862064475342,7.4,53.35546875,-1.0,0,0
2026-07-28T23:36:33.848,10.42.0.210,10.42.0.1|10.42.0.210,48,3,UPLOAD,0.95,UPLOAD,0.95,1,1448,100.0,20,0.0,28960.0,0,20,0.0,1.0,0.024741523746825908,1,0,1,1,1,1,1,1,0.9699999999999999,1.0,1.0,1.0,0.8,skip,attack_already_active,1785296193.8484855,1785296193848485305,1384862065183414,7.4,53.35546875,-1.0,0,0
2026-07-28T23:36:33.849,10.42.0.210,10.42.0.1|10.42.0.210,48,3,UPLOAD,0.95,UPLOAD,0.95,1,1448,100.0,21,0.0,30408.0,0,21,0.0,1.0,0.02160180289251261,1,0,1,1,1,1,1,1,0.9699999999999999,1.0,1.0,1.0,0.8,skip,attack_already_active,1785296193.8494005,1785296193849400575,1384862066098935,7.4,53.35546875,-1.0,0,0
2026-07-28T23:36:33.850,10.42.0.210,10.42.0.1|10.42.0.210,48,3,UPLOAD,0.95,UPLOAD,0.95,1,1448,100.0,22,0.0,31856.0,0,22,0.0,1.0,0.0188381475254671,1,0,1,1,1,1,1,1,0.9699999999999999,1.0,1.0,1.0,0.8,skip,attack_already_active,1785296193.8500297,1785296193850029814,1384862066727983,7.4,53.35546875,-1.0,0,0
2026-07-28T23:36:33.850,10.42.0.210,10.42.0.1|10.42.0.210,48,3,UPLOAD,0.95,UPLOAD,0.95,1,1448,100.0,23,0.0,33304.0,0,23,0.0,1.0,0.016468046721631487,1,0,1,1,1,1,1,1,0.9699999999999999,1.0,1.0,1.0,0.8,skip,attack_already_active,1785296193.8508818,1785296193850881675,1384862067579748,7.4,53.35546875,-1.0,0,0
2026-07-28T23:36:33.851,10.42.0.210,10.42.0.1|10.42.0.210,48,3,UPLOAD,0.95,UPLOAD,0.95,1,1448,100.0,24,0.0,34752.0,0,24,0.0,1.0,0.014386261736244133,1,0,1,1,1,1,1,1,0.9699999999999999,1.0,1.0,1.0,0.8,skip,attack_already_active,1785296193.8515518,1785296193851551839,1384862068249826,7.4,53.35546875,-1.0,0,0
2026-07-28T23:36:33.852,10.42.0.210,10.42.0.1|10.42.0.210,48,3,UPLOAD,0.95,UPLOAD,0.95,1,1448,100.0,25,0.0,36200.0,0,25,0.0,1.0,0.01260855521652101,1,0,1,1,1,1,1,1,0.9699999999999999,1.0,1.0,1.0,0.8,skip,attack_already_active,1785296193.8524475,1785296193852447408,1384862069145504,7.4,53.35546875,-1.0,0,0
2026-07-28T23:36:33.853,10.42.0.210,10.42.0.1|10.42.0.210,48,3,UPLOAD,0.95,UPLOAD,0.95,1,1448,100.0,26,0.0,37648.0,0,26,0.0,1.0,0.011076886584698442,1,0,1,1,1,1,1,1,0.9699999999999999,1.0,1.0,1.0,0.8,skip,attack_already_active,1785296193.8534327,1785296193853432668,1384862070133415,7.4,53.35546875,-1.0,0,0
2026-07-28T23:36:33.854,10.42.0.210,10.42.0.1|10.42.0.210,48,3,UPLOAD,0.95,UPLOAD,0.95,1,1448,100.0,27,0.0,39096.0,0,27,0.0,1.0,0.0097963782193209,1,0,1,1,1,1,1,1,0.9699999999999999,1.0,1.0,1.0,0.8,skip,attack_already_active,1785296193.854792,1785296193854792092,1384862071490227,7.4,53.35546875,-1.0,0,0
2026-07-28T23:36:33.855,10.42.0.210,10.42.0.1|10.42.0.210,48,3,UPLOAD,0.95,UPLOAD,0.95,1,1448,100.0,28,0.0,40544.0,0,28,0.0,1.0,0.008597833079361667,1,0,1,1,1,1,1,1,0.9699999999999999,1.0,1.0,1.0,0.8,skip,attack_already_active,1785296193.855493,1785296193855493205,1384862072191270,7.4,53.35546875,-1.0,0,0
2026-07-28T23:36:33.856,10.42.0.210,10.42.0.1|10.42.0.210,48,3,UPLOAD,0.95,UPLOAD,0.95,1,1448,100.0,29,0.0,41992.0,0,29,0.0,1.0,0.007592067575644205,1,0,1,1,1,1,1,1,0.9699999999999999,1.0,1.0,1.0,0.8,skip,attack_already_active,1785296193.8564584,1785296193856458617,1384862073156845,7.4,53.35546875,-1.0,0,0
2026-07-28T23:36:33.857,10.42.0.210,10.42.0.1|10.42.0.210,48,3,UPLOAD,0.95,UPLOAD,0.95,1,1448,100.0,30,0.0,43440.0,0,30,0.0,1.0,0.0066758257545796226,1,0,1,1,1,1,1,1,0.9699999999999999,1.0,1.0,1.0,0.8,skip,attack_already_active,1785296193.8570974,1785296193857097520,1384862073795627,7.4,53.35546875,-1.0,0,0
2026-07-28T23:36:33.858,10.42.0.210,10.42.0.1|10.42.0.210,48,3,UPLOAD,0.95,UPLOAD,0.95,1,1448,100.0,31,0.0,44888.0,0,31,0.0,1.0,0.005946360759111424,1,0,1,1,1,1,1,1,0.9699999999999999,1.0,1.0,1.0,0.8,skip,attack_already_active,1785296193.8582375,1785296193858237494,1384862074936751,7.4,53.35546875,-1.0,0,0
2026-07-28T23:36:33.859,10.42.0.210,10.42.0.1|10.42.0.210,48,3,UPLOAD,0.95,UPLOAD,0.95,1,1448,100.0,32,0.0,46336.0,0,32,0.0,1.0,0.005281697396754813,1,0,1,1,1,1,1,1,0.9699999999999999,1.0,1.0,1.0,0.8,skip,attack_already_active,1785296193.85914,1785296193859139867,1384862075839017,7.4,53.35546875,-1.0,0,0
2026-07-28T23:36:33.860,10.42.0.210,10.42.0.1|10.42.0.210,48,3,UPLOAD,0.95,UPLOAD,0.95,1,1448,100.0,33,0.0,47784.0,0,33,0.0,1.0,0.0047341835460905065,1,0,1,1,1,1,1,1,0.9699999999999999,1.0,1.0,1.0,0.8,skip,attack_already_active,1785296193.8602667,1785296193860266858,1384862076965505,7.4,53.35546875,-1.0,0,0
2026-07-28T23:36:33.861,10.42.0.210,10.42.0.1|10.42.0.210,48,3,UPLOAD,0.95,UPLOAD,0.95,1,1448,100.0,34,0.0,49232.0,0,34,0.0,1.0,0.004234438076521817,1,0,1,1,1,1,1,1,0.9699999999999999,1.0,1.0,1.0,0.8,skip,attack_already_active,1785296193.8612084,1785296193861208345,1384862077908209,7.4,53.35546875,-1.0,0,0
2026-07-28T23:36:33.862,10.42.0.210,10.42.0.1|10.42.0.210,48,3,UPLOAD,0.95,UPLOAD,0.95,1,1448,100.0,35,0.0,50680.0,0,35,0.0,1.0,0.0038411691044565256,1,0,1,1,1,1,1,1,0.9699999999999999,1.0,1.0,1.0,0.8,skip,attack_already_active,1785296193.8624585,1785296193862458336,1384862079158128,7.4,53.35546875,-1.0,0,0
2026-07-28T23:36:33.863,10.42.0.210,10.42.0.1|10.42.0.210,48,3,UPLOAD,0.95,UPLOAD,0.95,1,1448,100.0,36,0.0,52128.0,0,36,0.0,1.0,0.0035068861280829005,1,0,1,1,1,1,1,1,0.9699999999999999,1.0,1.0,1.0,0.8,skip,attack_already_active,1785296193.8637629,1785296193863762854,1384862080463653,49.9,53.35546875,-1.0,0,0
2026-07-28T23:36:33.864,10.42.0.210,10.42.0.1|10.42.0.210,48,3,UPLOAD,0.95,UPLOAD,0.95,1,1448,100.0,37,0.0,53576.0,0,37,0.0,1.0,0.00320549990737402,1,0,1,1,1,1,1,1,0.9699999999999999,1.0,1.0,1.0,0.8,skip,attack_already_active,1785296193.8649826,1785296193864982614,1384862081682004,49.9,53.35546875,-1.0,0,0
2026-07-28T23:36:33.865,10.42.0.210,10.42.0.1|10.42.0.210,48,3,UPLOAD,0.95,UPLOAD,0.95,1,1448,100.0,38,0.0,55024.0,0,38,0.0,1.0,0.002898147677537721,1,0,1,1,1,1,1,1,0.9699999999999999,1.0,1.0,1.0,0.8,skip,attack_already_active,1785296193.8658557,1785296193865855665,1384862082554604,49.9,53.35546875,-1.0,0,0
2026-07-28T23:36:33.866,10.42.0.210,10.42.0.1|10.42.0.210,48,3,UPLOAD,0.95,UPLOAD,0.95,1,1448,100.0,39,0.0,56472.0,0,39,0.0,1.0,0.0026669240486647417,1,0,1,1,1,1,1,1,0.9699999999999999,1.0,1.0,1.0,0.8,skip,attack_already_active,1785296193.8669991,1785296193866999137,1384862083697834,49.9,53.35546875,-1.0,0,0
2026-07-28T23:36:33.868,10.42.0.210,10.42.0.1|10.42.0.210,48,3,UPLOAD,0.95,UPLOAD,0.95,1,1448,100.0,40,0.0,57920.0,0,40,0.0,1.0,0.0024645674990955153,1,0,1,1,1,1,1,1,0.9699999999999999,1.0,1.0,1.0,0.8,skip,attack_already_active,1785296193.8681304,1785296193868130543,1384862084830348,49.9,53.35546875,-1.0,0,0
2026-07-28T23:36:33.869,10.42.0.210,10.42.0.1|10.42.0.210,48,3,UPLOAD,0.95,UPLOAD,0.95,1,1448,100.0,41,0.0,59368.0,0,41,0.0,1.0,0.002280425073798318,1,0,1,1,1,1,1,1,0.9699999999999999,1.0,1.0,1.0,0.8,skip,attack_already_active,1785296193.8691976,1785296193869197534,1384862085896805,49.9,53.35546875,-1.0,0,0
2026-07-28T23:36:33.870,10.42.0.210,10.42.0.1|10.42.0.210,48,3,UPLOAD,0.95,UPLOAD,0.95,1,1448,100.0,42,0.0,60816.0,0,42,0.0,1.0,0.002096670632752165,1,0,1,1,1,1,1,1,0.9699999999999999,1.0,1.0,1.0,0.8,skip,attack_already_active,1785296193.8700836,1785296193870083694,1384862086782865,49.9,53.35546875,-1.0,0,0
2026-07-28T23:36:33.871,10.42.0.210,10.42.0.1|10.42.0.210,48,3,UPLOAD,0.95,UPLOAD,0.95,1,1448,100.0,43,0.0,62264.0,0,43,0.0,1.0,0.0019415916179508753,1,0,1,1,1,1,1,1,0.9699999999999999,1.0,1.0,1.0,0.8,skip,attack_already_active,1785296193.8710034,1785296193871003297,1384862087701938,49.9,53.35546875,-1.0,0,0
2026-07-28T23:36:33.873,10.42.0.1,10.42.0.1|10.42.0.210,48,3,UPLOAD,0.9557771476207142,UPLOAD,0.9557771476207142,1,7240,100.0,1,0.0,7240.0,0,1,0.0,1.0,0.011164978548267937,1,0,1,1,1,1,1,1,0.9699999999999999,1.0,1.0,1.0,0.8,skip,attack_already_active,1785296193.8733802,1785296193873380036,1384862090078829,49.9,53.35546875,-1.0,0,0
2026-07-28T23:36:33.874,10.42.0.1,10.42.0.1|10.42.0.210,48,3,UPLOAD,0.9765988113347812,UPLOAD,0.9765988113347812,1,5792,100.0,2,0.0,13032.0,0,2,0.0,1.0,0.009811157977304141,1,0,1,1,1,1,1,1,0.9699999999999999,1.0,1.0,1.0,0.8,skip,attack_already_active,1785296193.8742714,1785296193874271384,1384862090969851,49.9,53.35546875,-1.0,0,0
2026-07-28T23:36:33.875,10.42.0.1,10.42.0.1|10.42.0.210,48,3,UPLOAD,0.9779842049266856,UPLOAD,0.9779842049266856,1,11584,100.0,3,0.0,24616.0,0,3,0.0,1.0,0.008675510924631306,1,0,1,1,1,1,1,1,0.9699999999999999,1.0,1.0,1.0,0.8,skip,attack_already_active,1785296193.8754644,1785296193875464357,1384862092163308,49.9,53.35546875,-1.0,0,0
2026-07-28T23:36:33.876,10.42.0.1,10.42.0.1|10.42.0.210,48,3,UPLOAD,0.9786972800412163,UPLOAD,0.9786972800412163,1,5792,100.0,4,0.0,30408.0,0,4,0.0,1.0,0.007652786123052291,1,0,1,1,1,1,1,1,0.9699999999999999,1.0,1.0,1.0,0.8,skip,attack_already_active,1785296193.8763788,1785296193876378812,1384862093078387,49.9,53.35546875,-1.0,0,0
2026-07-28T23:36:33.878,10.42.0.1,10.42.0.1|10.42.0.210,48,3,UPLOAD,0.9792416368114616,UPLOAD,0.9792416368114616,1,11584,100.0,5,0.0,41992.0,0,5,0.0,1.0,0.006882551642510643,1,0,1,1,1,1,1,1,0.9699999999999999,1.0,1.0,1.0,0.8,skip,attack_already_active,1785296193.8781865,1785296193878186410,1384862094885465,49.9,53.35546875,-1.0,0,0
2026-07-28T23:36:33.879,10.42.0.1,10.42.0.1|10.42.0.210,48,3,UPLOAD,0.9795003086547032,UPLOAD,0.9795003086547032,1,14480,100.0,6,0.0,56472.0,0,6,0.0,1.0,0.006094082379067784,1,0,1,1,1,1,1,1,0.9699999999999999,1.0,1.0,1.0,0.8,skip,attack_already_active,1785296193.8790855,1785296193879085552,1384862095784351,49.9,53.35546875,-1.0,0,0
2026-07-28T23:36:33.879,10.42.0.1,10.42.0.1|10.42.0.210,48,3,UPLOAD,0.979590409341009,UPLOAD,0.979590409341009,1,8688,100.0,7,0.0,65160.0,0,7,0.0,1.0,0.005398548532888481,1,0,1,1,1,1,1,1,0.9699999999999999,1.0,1.0,1.0,0.8,skip,attack_already_active,1785296193.8799014,1785296193879901336,1384862096600096,49.9,53.35546875,-1.0,0,0
2026-07-28T23:36:33.881,10.42.0.1,10.42.0.1|10.42.0.210,48,3,UPLOAD,0.9796770430914064,UPLOAD,0.9796770430914064,1,11584,100.0,8,0.0,76744.0,0,8,0.0,1.0,0.0048339715593075944,1,0,1,1,1,1,1,1,0.9699999999999999,1.0,1.0,1.0,0.8,skip,attack_already_active,1785296193.8810155,1785296193881015551,1384862097714222,49.9,53.35546875,-1.0,0,0
2026-07-28T23:36:33.882,10.42.0.1,10.42.0.1|10.42.0.210,48,3,UPLOAD,0.9795867579957857,UPLOAD,0.9795867579957857,1,2798,100.0,9,0.0,79542.0,0,9,0.0,1.0,0.004379167500803111,1,0,1,1,1,1,1,1,0.9699999999999999,1.0,1.0,1.0,0.8,skip,attack_already_active,1785296193.8823981,1785296193882398217,1384862099096396,49.9,53.35546875,-1.0,0,0
2026-07-28T23:36:34.159,10.42.0.47,10.42.0.1|10.42.0.210|10.42.0.47,48,3,UPLOAD,0.95,UPLOAD,0.95,1,7240,100.0,1,0.0,7240.0,0,1,0.0,1.0,0.35468684843033266,1,0,0,1,1,1,1,1,0.9699999999999999,1.0,1.0,1.0,0.8,trigger,training_upload_trigger_confirmed,1785296194.1591914,1785296194159191273,1384862375891545,49.9,53.35546875,8.084259,1785296194167278425,1384862383975804
2026-07-28T23:36:34.160,10.42.0.47,10.42.0.1|10.42.0.210|10.42.0.47,48,3,UPLOAD,0.95,UPLOAD,0.95,1,7240,100.0,2,0.0,14480.0,0,2,0.0,1.0,0.30814079797223737,1,0,1,1,1,1,1,1,0.9699999999999999,1.0,1.0,1.0,0.8,skip,attack_already_active,1785296194.160653,1785296194160653061,1384862377353933,49.9,53.35546875,-1.0,0,0
2026-07-28T23:36:34.166,10.42.0.47,10.42.0.1|10.42.0.210|10.42.0.47,48,3,UPLOAD,0.95,UPLOAD,0.95,1,14480,100.0,3,0.0,28960.0,0,3,0.0,1.0,0.2682623943573092,1,0,1,1,1,1,1,1,0.9699999999999999,1.0,1.0,1.0,0.8,skip,attack_already_active,1785296194.1661677,1785296194166167758,1384862382867402,49.9,53.35546875,-1.0,0,0
2026-07-28T23:36:34.167,10.42.0.47,10.42.0.1|10.42.0.210|10.42.0.47,48,3,UPLOAD,0.95,UPLOAD,0.95,1,14480,100.0,4,0.0,43440.0,0,4,0.0,1.0,0.23313510404225207,1,0,1,1,1,1,1,1,0.9699999999999999,1.0,1.0,1.0,0.8,skip,attack_already_active,1785296194.1678588,1785296194167858998,1384862384558289,49.9,53.35546875,-1.0,0,0
2026-07-28T23:36:34.170,10.42.0.47,10.42.0.1|10.42.0.210|10.42.0.47,48,3,UPLOAD,0.95,UPLOAD,0.95,1,21720,100.0,5,0.0,65160.0,0,5,0.0,1.0,0.20270876545122243,1,0,1,1,1,1,1,1,0.9699999999999999,1.0,1.0,1.0,0.8,skip,attack_already_active,1785296194.1700969,1785296194170096835,1384862386796465,49.9,53.35546875,-1.0,0,0
2026-07-28T23:36:34.173,10.42.0.47,10.42.0.1|10.42.0.210|10.42.0.47,48,3,UPLOAD,0.95,UPLOAD,0.95,1,14394,100.0,6,0.0,79554.0,0,6,0.0,1.0,0.1764153121679048,1,0,1,1,1,1,1,1,0.9699999999999999,1.0,1.0,1.0,0.8,skip,attack_already_active,1785296194.173272,1785296194173271729,1384862389972361,49.9,53.35546875,-1.0,0,0
2026-07-28T23:36:34.175,10.42.0.1,10.42.0.1|10.42.0.210|10.42.0.47,48,3,UPLOAD,0.9792266397716364,UPLOAD,0.9792266397716364,1,7240,100.0,10,0.0,86782.0,0,10,0.0,1.0,0.005485956374033105,1,0,1,1,1,1,1,1,0.9699999999999999,1.0,1.0,1.0,0.8,skip,attack_already_active,1785296194.1752117,1785296194175211771,1384862391912780,49.9,53.35546875,-1.0,0,0
2026-07-28T23:36:34.176,10.42.0.1,10.42.0.1|10.42.0.210|10.42.0.47,48,3,UPLOAD,0.9791371728221696,UPLOAD,0.9791371728221696,1,7240,100.0,11,0.0,94022.0,0,11,0.0,1.0,0.00499619651808234,1,0,1,1,1,1,1,1,0.9699999999999999,1.0,1.0,1.0,0.8,skip,attack_already_active,1785296194.176981,1785296194176981103,1384862393680435,49.9,53.35546875,-1.0,0,0
2026-07-28T23:36:34.178,10.42.0.1,10.42.0.1|10.42.0.210|10.42.0.47,48,3,UPLOAD,0.9792512118986376,UPLOAD,0.9792512118986376,1,10136,100.0,12,0.0,104158.0,0,12,0.0,1.0,0.004495886725934596,1,0,1,1,1,1,1,1,0.9699999999999999,1.0,1.0,1.0,0.8,skip,attack_already_active,1785296194.1781805,1785296194178180403,1384862394878645,49.9,53.35546875,-1.0,0,0
2026-07-28T23:36:34.178,10.42.0.1,10.42.0.1|10.42.0.210|10.42.0.47,48,3,UPLOAD,0.9793185084726023,UPLOAD,0.9793185084726023,1,4344,100.0,13,0.0,108502.0,0,13,0.0,1.0,0.004005142028867649,1,0,1,1,1,1,1,1,0.9699999999999999,1.0,1.0,1.0,0.8,skip,attack_already_active,1785296194.1789522,1785296194178952199,1384862395650621,49.9,53.35546875,-1.0,0,0
2026-07-28T23:36:34.180,10.42.0.1,10.42.0.1|10.42.0.210|10.42.0.47,48,3,UPLOAD,0.9794681030339937,UPLOAD,0.9794681030339937,1,14480,100.0,14,0.0,122982.0,0,14,0.0,1.0,0.003650759646601492,1,0,1,1,1,1,1,1,0.9699999999999999,1.0,1.0,1.0,0.8,skip,attack_already_active,1785296194.180268,1785296194180267936,1384862396966523,49.9,53.35546875,-1.0,0,0
2026-07-28T23:36:34.180,10.42.0.1,10.42.0.1|10.42.0.210|10.42.0.47,48,3,UPLOAD,0.9796101858869692,UPLOAD,0.9796101858869692,1,13032,100.0,15,0.0,136014.0,0,15,0.0,1.0,0.003259473895941398,1,0,1,1,1,1,1,1,0.9699999999999999,1.0,1.0,1.0,0.8,skip,attack_already_active,1785296194.1809494,1785296194180949599,1384862397647671,49.9,53.35546875,-1.0,0,0
2026-07-28T23:36:34.181,10.42.0.1,10.42.0.1|10.42.0.210|10.42.0.47,48,3,UPLOAD,0.9796741906886846,UPLOAD,0.9796741906886846,1,4344,100.0,16,0.0,140358.0,0,16,0.0,1.0,0.002954308846989904,1,0,1,1,1,1,1,1,0.9699999999999999,1.0,1.0,1.0,0.8,skip,attack_already_active,1785296194.181893,1785296194181893064,1384862398591795,49.9,53.35546875,-1.0,0,0
2026-07-28T23:36:34.182,10.42.0.1,10.42.0.1|10.42.0.210|10.42.0.47,48,3,UPLOAD,0.9793123536055828,UPLOAD,0.9793123536055828,1,5792,100.0,17,0.0,146150.0,0,17,0.0,1.0,0.002696237188729162,1,0,1,1,1,1,1,1,0.9699999999999999,1.0,1.0,1.0,0.8,skip,attack_already_active,1785296194.182889,1785296194182888991,1384862399587276,49.9,53.35546875,-1.0,0,0
2026-07-28T23:36:34.184,10.42.0.1,10.42.0.1|10.42.0.210|10.42.0.47,48,3,UPLOAD,0.9791211409412991,UPLOAD,0.9791211409412991,1,10136,100.0,18,0.0,156286.0,0,18,0.0,1.0,0.0025167541925497287,1,0,1,1,1,1,1,1,0.9699999999999999,1.0,1.0,1.0,0.8,skip,attack_already_active,1785296194.1842232,1785296194184223126,1384862400921765,49.9,53.35546875,-1.0,0,0
2026-07-28T23:36:34.184,10.42.0.1,10.42.0.1|10.42.0.210|10.42.0.47,48,3,UPLOAD,0.9789546032142238,UPLOAD,0.9789546032142238,1,2797,100.0,19,0.0,159083.0,0,19,0.0,1.0,0.002285049254759616,1,0,1,1,1,1,1,1,0.9699999999999999,1.0,1.0,1.0,0.8,skip,attack_already_active,1785296194.1849816,1785296194184981500,1384862401680022,49.9,53.35546875,-1.0,0,0
2026-07-28T23:36:34.187,10.42.0.1,10.42.0.1|10.42.0.210|10.42.0.47,48,3,UPLOAD,0.9772496689401146,UPLOAD,0.9772496689401146,0,43,100.0,19,0.0,159083.0,0,19,0.0,1.0,0.27043428556674215,1,0,1,1,1,1,1,1,0.8374999999999999,0.8500000000000001,1.0,0.6000000000000001,0.8,skip,attack_already_active,1785296194.187763,1785296194187762871,1384862404461440,49.9,53.35546875,-1.0,0,0
2026-07-28T23:36:34.309,10.42.0.145,10.42.0.1|10.42.0.210|10.42.0.47,21,3,UPLOAD,0.9855076450773014,UPLOAD,0.9855076450773014,0,39,1.0,0,0.0,0.0,0,0,0.0,0.0,0.19859952209938442,0,0,1,0,0,0,0,0,0.4375,0.05,1.0,0.0,0.8,skip,attack_already_active,1785296194.3095427,1785296194309542578,1384862526241590,49.9,53.35546875,-1.0,0,0
2026-07-28T23:36:34.316,10.42.0.1,10.42.0.1|10.42.0.210|10.42.0.47,48,3,UPLOAD,0.9721438337435896,UPLOAD,0.9721438337435896,0,43,100.0,19,0.0,159083.0,0,19,0.0,1.0,0.24099979353157108,1,0,1,1,1,1,1,1,0.8374999999999999,0.8500000000000001,1.0,0.6000000000000001,0.8,skip,attack_already_active,1785296194.3165617,1785296194316561778,1384862533260589,49.9,53.35546875,-1.0,0,0
2026-07-28T23:36:34.484,10.42.0.1,10.42.0.210,49,1,DOWNLOAD,0.95,DOWNLOAD,0.95,-1,1448,100.0,20,1448.0,159083.0,1,19,0.00902006466040827,0.9909799353395917,0.23139734194780107,0,0,0,0,1,0,0,0,0.44,0.8500000000000001,0.0,0.6000000000000001,0.15,skip,training_upload_trigger_not_confirmed,1785296194.4846911,1785296194484691230,1384862701390121,49.9,53.35546875,-1.0,0,0
2026-07-28T23:36:34.488,10.42.0.1,10.42.0.210,49,1,DOWNLOAD,0.9587526826663988,DOWNLOAD,0.9587526826663988,-1,5792,21.972790052351826,21,7240.0,159083.0,2,19,0.04352975836174191,0.9564702416382581,0.20138938061279316,0,0,0,0,1,0,0,0,0.44,0.8500000000000001,0.0,0.6000000000000001,0.15,skip,training_upload_trigger_not_confirmed,1785296194.4883664,1785296194488366262,1384862705065142,49.9,53.35546875,-1.0,0,0
2026-07-28T23:36:34.489,10.42.0.1,10.42.0.210,49,1,DOWNLOAD,0.9752965198232992,DOWNLOAD,0.9752965198232992,-1,7240,10.986395026934641,22,14480.0,159083.0,3,19,0.08342791954506433,0.9165720804549357,0.174953917205577,0,0,0,0,1,0,0,0,0.44,0.8500000000000001,0.0,0.6000000000000001,0.15,skip,training_upload_trigger_not_confirmed,1785296194.4891443,1785296194489144281,1384862705842427,49.9,53.35546875,-1.0,0,0
2026-07-28T23:36:34.490,10.42.0.1,10.42.0.210,49,1,DOWNLOAD,0.9877035725554754,DOWNLOAD,0.9877035725554754,-1,7240,7.3242633514583675,23,21720.0,159083.0,4,19,0.12013075004286433,0.8798692499571357,0.15207241093977025,0,0,0,0,1,0,0,0,0.44,0.8500000000000001,0.0,0.6000000000000001,0.15,skip,training_upload_trigger_not_confirmed,1785296194.4904568,1785296194490456708,1384862707155176,49.9,53.35546875,-1.0,0,0
2026-07-28T23:36:34.491,10.42.0.1,10.42.0.210,49,1,DOWNLOAD,0.9937013798057448,DOWNLOAD,0.9937013798057448,-1,7240,5.4931975136570035,24,28960.0,159083.0,5,19,0.15400732811112353,0.8459926718888765,0.13212680528361573,0,0,0,0,1,0,0,0,0.4,0.8500000000000001,0.0,0.4,0.15,skip,training_upload_trigger_not_confirmed,1785296194.4911675,1785296194491167587,1384862707866036,49.9,53.35546875,-1.0,0,0
2026-07-28T23:36:34.492,10.42.0.1,10.42.0.210,49,1,DOWNLOAD,0.9938649013018824,DOWNLOAD,0.9938649013018824,-1,7240,4.394558010955952,25,36200.0,159083.0,6,19,0.18537199858666653,0.8146280014133335,0.11491411001372782,0,0,0,0,1,0,0,0,0.4,0.8500000000000001,0.0,0.4,0.15,skip,training_upload_trigger_not_confirmed,1785296194.492672,1785296194492672119,1384862709370840,49.9,53.35546875,-1.0,0,0
2026-07-28T23:36:34.493,10.42.0.1,10.42.0.210,49,1,DOWNLOAD,0.9938688665888205,DOWNLOAD,0.9938688665888205,-1,7240,3.662131675813487,26,43440.0,159083.0,7,19,0.2144941562192936,0.7855058437807064,0.09987054919991491,0,0,0,0,1,0,0,0,0.4,0.8500000000000001,0.0,0.4,0.15,skip,training_upload_trigger_not_confirmed,1785296194.4934247,1785296194493424732,1384862710122973,49.9,53.35546875,-1.0,0,0
2026-07-28T23:36:34.494,10.42.0.1,10.42.0.210,49,1,DOWNLOAD,0.9938689575241736,DOWNLOAD,0.9938689575241736,-1,7240,3.1389700078504545,27,50680.0,159083.0,8,19,0.24160600296525125,0.7583939970347487,0.0868364274901638,0,0,0,0,1,0,0,0,0.4,0.8500000000000001,0.0,0.4,0.15,skip,training_upload_trigger_not_confirmed,1785296194.4943829,1785296194494382721,1384862711081116,49.9,53.35546875,-1.0,0,0
2026-07-28T23:36:34.495,10.42.0.1,10.42.0.210,49,1,DOWNLOAD,0.9938689595497375,DOWNLOAD,0.9938689595497375,-1,7240,2.746598756875922,28,57920.0,159083.0,9,19,0.2669087524135611,0.7330912475864388,0.07547865050895522,0,0,0,0,1,0,0,0,0.32,0.8500000000000001,0.0,0.0,0.15,skip,training_upload_trigger_not_confirmed,1785296194.4950283,1785296194495028270,1384862711726896,49.9,53.35546875,-1.0,0,0
2026-07-28T23:36:34.495,10.42.0.1,10.42.0.210,49,1,DOWNLOAD,0.9938689595942412,DOWNLOAD,0.9938689595942412,-1,10136,2.3375308569216893,29,68056.0,159083.0,10,19,0.29962269799550056,0.7003773020044994,0.06562636686838563,0,0,0,0,1,0,0,0,0.32,0.8500000000000001,0.0,0.0,0.15,skip,training_upload_trigger_not_confirmed,1785296194.4957407,1785296194495740617,1384862712438906,55.8,53.35546875,-1.0,0,0
2026-07-28T23:36:34.496,10.42.0.1,10.42.0.210,49,1,DOWNLOAD,0.993868959595215,DOWNLOAD,0.993868959595215,-1,10136,2.0345175976949754,30,78192.0,159083.0,11,19,0.32954167105679066,0.6704583289432093,0.057074970321870304,0,0,0,0,1,0,0,0,0.32,0.8500000000000001,0.0,0.0,0.15,skip,training_upload_trigger_not_confirmed,1785296194.4964728,1785296194496472919,1384862713171022,55.8,53.35546875,-1.0,0,0
2026-07-28T23:36:34.497,10.42.0.1,10.42.0.210,49,1,DOWNLOAD,0.9938689595952365,DOWNLOAD,0.9938689595952365,-1,14480,1.7166242230585655,31,92672.0,159083.0,12,19,0.3681039105479534,0.6318960894520467,0.049641255608033785,0,0,0,0,1,0,0,0,0.32,0.8500000000000001,0.0,0.0,0.15,skip,training_upload_trigger_not_confirmed,1785296194.4971354,1785296194497135310,1384862713833764,55.8,53.35546875,-1.0,0,0
2026-07-28T23:36:34.497,10.42.0.1,10.42.0.210,49,1,DOWNLOAD,0.9938689595952368,DOWNLOAD,0.9938689595952368,-1,14480,1.4846479767014649,32,107152.0,159083.0,13,19,0.4024715007418258,0.5975284992581742,0.04318695761432343,0,0,0,0,1,0,0,0,0.32,0.8500000000000001,0.0,0.0,0.15,skip,training_upload_trigger_not_confirmed,1785296194.4977968,1785296194497796754,1384862714495095,55.8,53.35546875,-1.0,0,0
2026-07-28T23:36:34.498,10.42.0.1,10.42.0.210,49,1,DOWNLOAD,0.9896682729846147,DOWNLOAD,0.9896682729846147,-1,4344,1.4268045490382903,33,111496.0,159083.0,14,19,0.4120644987231086,0.5879355012768914,0.03757877286270556,0,0,0,0,1,0,0,0,0.32,0.8500000000000001,0.0,0.0,0.15,skip,training_upload_trigger_not_confirmed,1785296194.4984248,1785296194498424890,1384862715123122,55.8,53.35546875,-1.0,0,0
2026-07-28T23:36:34.499,10.42.0.1,10.42.0.210,49,1,DOWNLOAD,0.9841560060049122,DOWNLOAD,0.9841560060049122,-1,14480,1.2628040261616278,34,125976.0,159083.0,15,19,0.4419295654583788,0.5580704345416212,0.03271730096058923,0,0,0,0,1,0,0,0,0.32,0.8500000000000001,0.0,0.0,0.15,skip,training_upload_trigger_not_confirmed,1785296194.4991112,1785296194499111155,1384862715809551,55.8,53.35546875,-1.0,0,0
2026-07-28T23:36:34.499,10.42.0.1,10.42.0.210,49,1,DOWNLOAD,0.9708077509962095,DOWNLOAD,0.9708077509962095,-1,4344,1.2207105586232299,35,130320.0,159083.0,16,19,0.45030632025238165,0.5496936797476184,0.028492771090551625,0,0,0,0,1,0,0,0,0.32,0.8500000000000001,0.0,0.0,0.15,skip,training_upload_trigger_not_confirmed,1785296194.4997697,1785296194499769500,1384862716467670,55.8,53.35546875,-1.0,0,0
2026-07-28T23:36:34.500,10.42.0.1,10.42.0.210,49,1,DOWNLOAD,0.9528724306315752,DOWNLOAD,0.9528724306315752,-1,14480,1.0986395027617497,36,144800.0,159083.0,17,19,0.47649917896032357,0.5235008210396764,0.024839127101703294,0,0,0,0,1,0,0,0,0.30250000000000005,0.8000000000000002,0.0,0.0,0.15,skip,training_upload_trigger_not_confirmed,1785296194.500536,1785296194500536010,1384862717234356,55.8,53.35546875,-1.0,0,0
2026-07-28T23:36:34.501,10.42.0.1,10.42.0.210,49,1,DOWNLOAD,0.95,DOWNLOAD,0.95,-1,14480,0.9987631843294904,37,159280.0,159083.0,18,19,0.5003093952500761,0.49969060474992383,0.02173671833528063,0,0,0,0,1,0,0,0,0.30250000000000005,0.8000000000000002,0.0,0.0,0.15,skip,training_upload_trigger_not_confirmed,1785296194.5018318,1785296194501831574,1384862718529989,55.8,53.35546875,-1.0,0,0
2026-07-28T23:36:34.502,10.42.0.1,10.42.0.210,49,1,DOWNLOAD,0.95,DOWNLOAD,0.95,-1,14480,0.9155329189691785,38,173760.0,159083.0,19,19,0.5220479325087203,0.47795206749127966,0.019003070546962233,0,0,0,0,1,0,0,0,0.30250000000000005,0.8000000000000002,0.0,0.0,0.15,skip,training_upload_trigger_not_confirmed,1785296194.5028236,1785296194502823582,1384862719521822,55.8,53.35546875,-1.0,0,0
2026-07-28T23:36:34.503,10.42.0.1,10.42.0.210,49,1,DOWNLOAD,0.95,DOWNLOAD,0.95,-1,18824,0.8260447389200243,39,192584.0,159083.0,20,19,0.5476317084059636,0.4523682915940364,0.016628768054316748,0,0,0,0,1,0,0,0,0.30250000000000005,0.8000000000000002,0.0,0.0,0.15,skip,training_upload_trigger_not_confirmed,1785296194.5038087,1785296194503808829,1384862720507243,55.8,53.35546875,-1.0,0,0
2026-07-28T23:36:34.504,10.42.0.1,10.42.0.210,49,1,DOWNLOAD,0.95,DOWNLOAD,0.95,-1,10136,0.7847425019742268,40,202720.0,159083.0,21,19,0.5603049173168824,0.43969508268311763,0.014564479020554116,0,0,0,0,1,0,0,0,0.28500000000000003,0.7500000000000001,0.0,0.0,0.15,skip,training_upload_trigger_not_confirmed,1785296194.5047722,1785296194504772083,1384862721470354,55.8,53.35546875,-1.0,0,0
2026-07-28T23:36:34.505,10.42.0.1,10.42.0.210,49,1,DOWNLOAD,0.95,DOWNLOAD,0.95,-1,17376,0.7227891465554904,41,220096.0,159083.0,22,19,0.5804540863286205,0.4195459136713795,0.012787196716367641,0,0,0,0,1,0,0,0,0.28500000000000003,0.7500000000000001,0.0,0.0,0.15,skip,training_upload_trigger_not_confirmed,1785296194.5058494,1785296194505849418,1384862722547625,55.8,53.35546875,-1.0,0,0
2026-07-28T23:36:34.507,10.42.0.1,10.42.0.210,49,1,DOWNLOAD,0.95,DOWNLOAD,0.95,-1,1448,0.7180650344865216,42,221544.0,159083.0,23,19,0.5820501435788843,0.4179498564211157,0.01127380436382254,0,0,0,0,1,0,0,0,0.28500000000000003,0.7500000000000001,0.0,0.0,0.15,skip,training_upload_trigger_not_confirmed,1785296194.5071518,1785296194507151885,1384862723850241,55.8,53.35546875,-1.0,0,0
2026-07-28T23:36:34.507,10.42.0.1,10.42.0.210,49,1,DOWNLOAD,0.95,DOWNLOAD,0.95,-1,18824,0.6618310257619074,43,240368.0,159083.0,24,19,0.601745896242593,0.39825410375740705,0.009885724645482796,0,0,0,0,1,0,0,0,0.28500000000000003,0.7500000000000001,0.0,0.0,0.15,skip,training_upload_trigger_not_confirmed,1785296194.507892,1785296194507891892,1384862724590009,55.8,53.35546875,-1.0,0,0
2026-07-28T23:36:34.508,10.42.0.1,10.42.0.210,49,1,DOWNLOAD,0.95,DOWNLOAD,0.95,-1,5792,0.6462585310381611,44,246160.0,159083.0,25,19,0.6074380063320033,0.3925619936679967,0.008720458596307034,0,0,0,0,1,0,0,0,0.28500000000000003,0.7500000000000001,0.0,0.0,0.15,skip,training_upload_trigger_not_confirmed,1785296194.5089347,1785296194508934737,1384862725633121,55.8,53.35546875,-1.0,0,0
2026-07-28T23:36:34.509,10.42.0.1,10.42.0.210,49,1,DOWNLOAD,0.95,DOWNLOAD,0.95,-1,13032,0.6137650853436304,45,259192.0,159083.0,26,19,0.6196688781304166,0.3803311218695834,0.007699602374609041,0,0,0,0,1,0,0,0,0.28500000000000003,0.7500000000000001,0.0,0.0,0.15,skip,training_upload_trigger_not_confirmed,1785296194.5099082,1785296194509908294,1384862726606642,55.8,53.35546875,-1.0,0,0
2026-07-28T23:36:34.511,10.42.0.1,10.42.0.210,49,1,DOWNLOAD,0.95,DOWNLOAD,0.95,-1,6784,0.5981103558230889,46,265976.0,159083.0,27,19,0.6257390150543807,0.3742609849456193,0.006831051233825167,0,0,0,0,1,0,0,0,0.28500000000000003,0.7500000000000001,0.0,0.0,0.15,skip,training_upload_trigger_not_confirmed,1785296194.5110166,1785296194511016649,1384862727715414,55.8,53.35546875,-1.0,0,0
2026-07-28T23:36:34.511,10.42.0.1,10.42.0.210,49,1,DOWNLOAD,0.95,DOWNLOAD,0.95,-1,5792,0.5853632510097386,47,271768.0,159083.0,28,19,0.630770266286953,0.36922973371304696,0.006022537880084071,0,0,0,0,1,0,0,0,0.28500000000000003,0.7500000000000001,0.0,0.0,0.15,skip,training_upload_trigger_not_confirmed,1785296194.511712,1785296194511711890,1384862728410212,55.8,53.35546875,-1.0,0,0
2026-07-28T23:36:34.513,10.42.0.47,10.42.0.210,49,1,DOWNLOAD,0.95,DOWNLOAD,0.95,-1,7240,10.98812154558175,7,7240.0,79554.0,1,6,0.08341590432518377,0.9165840956748162,0.18517747657982842,0,0,0,0,1,0,0,0,0.44,0.8500000000000001,0.0,0.6000000000000001,0.15,skip,training_upload_trigger_not_confirmed,1785296194.5131407,1785296194513140733,1384862729839330,55.8,53.35546875,-1.0,0,0
2026-07-28T23:36:34.513,10.42.0.47,10.42.0.210,49,1,DOWNLOAD,0.9829981496648164,DOWNLOAD,0.9829981496648164,-1,7240,5.4940607731702995,8,14480.0,79554.0,2,6,0.15398685581810834,0.8460131441818917,0.1608734899224234,0,0,0,0,1,0,0,0,0.44,0.8500000000000001,0.0,0.6000000000000001,0.15,skip,training_upload_trigger_not_confirmed,1785296194.513882,1785296194513881759,1384862730580212,55.8,53.35546875,-1.0,0,0
2026-07-28T23:36:34.514,10.42.0.1,10.42.0.210,49,1,DOWNLOAD,0.95,DOWNLOAD,0.95,-1,16946,0.55100549332713,48,288714.0,159083.0,29,19,0.6447430420480709,0.35525695795192913,0.005611460406268691,0,0,0,0,1,0,0,0,0.28500000000000003,0.7500000000000001,0.0,0.0,0.15,skip,training_upload_trigger_not_confirmed,1785296194.514615,1785296194514615137,1384862731313413,55.8,53.35546875,-1.0,0,0
2026-07-28T23:36:34.515,10.42.0.59,10.42.0.210,16,1,DOWNLOAD,0.95,DOWNLOAD,0.95,-1,7300,1.3698630135109776e-10,1,7300.0,0.0,1,0,1.0,0.0,0.6113221785037463,0,0,0,0,0,0,0,0,0.0225,0.0,0.0,0.0,0.15,skip,already_attacked_this_round,1785296194.5155253,1785296194515525381,1384862732223605,55.8,53.35546875,-1.0,0,0
2026-07-28T23:36:34.516,10.42.0.59,10.42.0.210,16,1,DOWNLOAD,0.95,DOWNLOAD,0.95,-1,5840,7.610350075524325e-11,2,13140.0,0.0,2,0,1.0,0.0,0.5308641426481244,0,0,0,0,0,0,0,0,0.0225,0.0,0.0,0.0,0.15,skip,already_attacked_this_round,1785296194.5162737,1785296194516273565,1384862732971722,55.8,53.35546875,-1.0,0,0
2026-07-28T23:36:34.516,10.42.0.1,10.42.0.210,49,1,DOWNLOAD,0.95,DOWNLOAD,0.95,-1,16920,0.5205016457608758,49,305634.0,159083.0,30,19,0.657677683407321,0.342322316592679,0.0051846799690947925,0,0,0,0,1,0,0,0,0.28500000000000003,0.7500000000000001,0.0,0.0,0.15,skip,training_upload_trigger_not_confirmed,1785296194.5169878,1785296194516987870,1384862733686285,55.8,53.35546875,-1.0,0,0
2026-07-28T23:36:34.518,10.42.0.1,10.42.0.210,49,1,DOWNLOAD,0.95,DOWNLOAD,0.95,-1,21720,0.48596626282408045,50,327354.0,159083.0,31,19,0.672962788603663,0.327037211396337,0.004639802691863429,0,0,0,0,1,0,0,0,0.28500000000000003,0.7500000000000001,0.0,0.0,0.15,skip,training_upload_trigger_not_confirmed,1785296194.5180376,1785296194518037516,1384862734736199,55.8,53.35546875,-1.0,0,0
2026-07-28T23:36:34.519,10.42.0.1,10.42.0.210,49,1,DOWNLOAD,0.95,DOWNLOAD,0.95,-1,14024,0.4660024957687197,51,341378.0,159083.0,32,19,0.6821270788333157,0.3178729211666843,0.004190760701825451,0,0,0,0,1,0,0,0,0.28500000000000003,0.7500000000000001,0.0,0.0,0.15,skip,training_upload_trigger_not_confirmed,1785296194.5192697,1785296194519269583,1384862735967973,55.8,53.35546875,-1.0,0,0
2026-07-28T23:36:34.520,10.42.0.1,10.42.0.210,49,1,DOWNLOAD,0.95,DOWNLOAD,0.95,-1,15498,0.44576547596519306,52,356876.0,159083.0,33,19,0.6916751137202762,0.30832488627972376,0.003780752375775908,0,0,0,0,1,0,0,0,0.28500000000000003,0.7500000000000001,0.0,0.0,0.15,skip,training_upload_trigger_not_confirmed,1785296194.520349,1785296194520348829,1384862737047179,55.8,53.35546875,-1.0,0,0
2026-07-28T23:36:34.525,10.42.0.47,10.42.0.210,49,1,DOWNLOAD,0.9842257140988042,DOWNLOAD,0.9842257140988042,-1,2896,4.578383977694614,9,17376.0,79554.0,3,6,0.1792633859486227,0.8207366140513773,0.14119030189862103,0,0,0,0,0,0,0,0,0.057499999999999996,0.1,0.0,0.0,0.15,skip,training_upload_trigger_not_confirmed,1785296194.5253851,1785296194525385142,1384862742083837,55.8,53.35546875,-1.0,0,0
2026-07-28T23:36:34.526,10.42.0.47,10.42.0.210,49,1,DOWNLOAD,0.9842586901286671,DOWNLOAD,0.9842586901286671,-1,8688,3.0522559851882956,10,26064.0,79554.0,4,6,0.246776117707209,0.753223882292791,0.12272055988363884,0,0,0,0,0,0,0,0,0.057499999999999996,0.1,0.0,0.0,0.15,skip,training_upload_trigger_not_confirmed,1785296194.5264137,1785296194526413626,1384862743112179,55.8,53.35546875,-1.0,0,0
2026-07-28T23:36:34.527,10.42.0.47,10.42.0.210,49,1,DOWNLOAD,0.9842595481342594,DOWNLOAD,0.9842595481342594,-1,8688,2.289191988913179,11,34752.0,79554.0,5,6,0.30402603537872025,0.6959739646212797,0.10669100464260979,0,0,0,0,0,0,0,0,0.057499999999999996,0.1,0.0,0.0,0.15,skip,training_upload_trigger_not_confirmed,1785296194.5274904,1785296194527490203,1384862744189156,55.8,53.35546875,-1.0,0,0
2026-07-28T23:36:34.530,10.42.0.18,10.42.0.210,38,1,DOWNLOAD,0.95,DOWNLOAD,0.95,-1,11680,8.56164383488342e-11,1,11680.0,0.0,1,0,1.0,0.0,0.3859965652920828,0,0,0,0,0,0,0,0,0.0225,0.0,0.0,0.0,0.15,skip,training_upload_trigger_not_confirmed,1785296194.5300984,1785296194530098395,1384862746797296,55.8,53.35546875,-1.0,0,0
2026-07-28T23:36:34.531,10.42.0.18,10.42.0.210,38,1,DOWNLOAD,0.95,DOWNLOAD,0.95,-1,5840,5.70776255675184e-11,2,17520.0,0.0,2,0,1.0,0.0,0.3353646565632491,0,0,0,0,0,0,0,0,0.0225,0.0,0.0,0.0,0.15,skip,training_upload_trigger_not_confirmed,1785296194.5318635,1785296194531863583,1384862748562931,55.8,53.35546875,-1.0,0,0
2026-07-28T23:36:34.533,10.42.0.18,10.42.0.210,38,1,DOWNLOAD,0.9524394358294986,DOWNLOAD,0.9524394358294986,-1,11680,3.424657534129292e-11,3,29200.0,0.0,3,0,1.0,0.0,0.29139710626282733,0,0,0,0,0,0,0,0,0.0225,0.0,0.0,0.0,0.15,skip,training_upload_trigger_not_confirmed,1785296194.5335705,1785296194533570452,1384862750269713,55.8,53.35546875,-1.0,0,0
2026-07-28T23:36:34.534,10.42.0.59,10.42.0.210,16,1,DOWNLOAD,0.9502030918085622,DOWNLOAD,0.9502030918085622,-1,14600,3.604902667498021e-11,3,27740.0,0.0,3,0,1.0,0.0,0.46332982802576494,0,0,0,0,0,0,0,0,0.0225,0.0,0.0,0.0,0.15,skip,already_attacked_this_round,1785296194.5346386,1785296194534638494,1384862751337194,55.8,53.35546875,-1.0,0,0
2026-07-28T23:36:34.535,10.42.0.59,10.42.0.210,16,1,DOWNLOAD,0.9618300156205445,DOWNLOAD,0.9618300156205445,-1,14600,2.361832782183235e-11,4,42340.0,0.0,4,0,1.0,0.0,0.40236504848889587,0,0,0,0,0,0,0,0,0.0225,0.0,0.0,0.0,0.15,skip,already_attacked_this_round,1785296194.5353236,1785296194535323577,1384862752022037,55.8,53.35546875,-1.0,0,0
2026-07-28T23:36:34.536,10.42.0.145,10.42.0.210,22,1,DOWNLOAD,0.95,DOWNLOAD,0.95,-1,14600,6.84931506802402e-11,1,14600.0,0.0,1,0,1.0,0.0,0.20230261363225396,0,0,0,0,0,0,0,0,0.0225,0.0,0.0,0.0,0.15,skip,training_upload_trigger_not_confirmed,1785296194.536244,1785296194536243911,1384862752942132,55.8,53.35546875,-1.0,0,0
2026-07-28T23:36:34.536,10.42.0.145,10.42.0.210,22,1,DOWNLOAD,0.95,DOWNLOAD,0.95,-1,14600,3.424657534129292e-11,2,29200.0,0.0,2,0,1.0,0.0,0.17573128919310366,0,0,0,0,0,0,0,0,0.0225,0.0,0.0,0.0,0.15,skip,training_upload_trigger_not_confirmed,1785296194.536904,1785296194536904179,1384862753602682,55.8,53.35546875,-1.0,0,0
2026-07-28T23:36:34.537,10.42.0.210,10.42.0.210,49,1,DOWNLOAD,0.9835874040403078,DOWNLOAD,0.9835874040403078,-1,10136,6.142857142349757,44,10136.0,62264.0,1,43,0.14,0.86,0.03070371086611175,0,0,0,0,0,0,0,0,0.057499999999999996,0.1,0.0,0.0,0.15,skip,training_upload_trigger_not_confirmed,1785296194.537838,1785296194537838174,1384862754536226,55.8,53.35546875,-1.0,0,0
2026-07-28T23:36:34.538,10.42.0.210,10.42.0.210,49,1,DOWNLOAD,0.95,DOWNLOAD,0.95,-1,14480,2.5294117646437515,45,24616.0,62264.0,2,43,0.2833333333333333,0.7166666666666667,0.026803365704185747,0,0,0,0,0,0,0,0,0.057499999999999996,0.1,0.0,0.0,0.15,skip,training_upload_trigger_not_confirmed,1785296194.538943,1785296194538942852,1384862755641093,55.8,53.35546875,-1.0,0,0
2026-07-28T23:36:34.539,10.42.0.210,10.42.0.210,49,1,DOWNLOAD,0.9557926560077417,DOWNLOAD,0.9557926560077417,-1,4344,2.14999999996029,46,28960.0,62264.0,3,43,0.31746031746031744,0.6825396825396826,0.02336150318153713,0,0,0,0,0,0,0,0,0.057499999999999996,0.1,0.0,0.0,0.15,skip,training_upload_trigger_not_confirmed,1785296194.539627,1785296194539626907,1384862756325098,55.8,53.35546875,-1.0,0,0
2026-07-28T23:36:34.540,10.42.0.47,10.42.0.210,49,1,DOWNLOAD,0.9842595696464124,DOWNLOAD,0.9842595696464124,-1,8688,1.8313535911410828,12,43440.0,79554.0,6,6,0.35318796038831163,0.6468120396116884,0.09431982121588792,0,0,0,0,0,0,0,0,0.057499999999999996,0.1,0.0,0.0,0.15,skip,training_upload_trigger_not_confirmed,1785296194.5403,1785296194540299711,1384862756997884,55.8,53.35546875,-1.0,0,0
2026-07-28T23:36:34.542,10.42.0.47,10.42.0.210,49,1,DOWNLOAD,0.9842595701605352,DOWNLOAD,0.9842595701605352,-1,12576,1.420201371029345,13,56016.0,79554.0,7,6,0.41318875857490595,0.586811241425094,0.08215412395743678,0,0,0,0,0,0,0,0,0.057499999999999996,0.1,0.0,0.0,0.15,skip,training_upload_trigger_not_confirmed,1785296194.5422976,1785296194542297607,1384862758995854,55.8,53.35546875,-1.0,0,0
2026-07-28T23:36:34.543,10.42.0.210,10.42.0.210,49,1,DOWNLOAD,0.9846998846180315,DOWNLOAD,0.9846998846180315,-1,18824,1.3030303030239614,47,47784.0,62264.0,4,43,0.4342105263157895,0.5657894736842105,0.02076059923018576,0,0,0,0,0,0,0,0,0.057499999999999996,0.1,0.0,0.0,0.15,skip,training_upload_trigger_not_confirmed,1785296194.543251,1785296194543250841,1384862759949063,55.8,53.35546875,-1.0,0,0
2026-07-28T23:36:34.544,10.42.0.210,10.42.0.210,49,1,DOWNLOAD,0.9854895428954357,DOWNLOAD,0.9854895428954357,-1,15928,0.977272727273084,48,63712.0,62264.0,5,43,0.5057471264367817,0.4942528735632184,0.01816550694260347,0,0,0,0,0,0,0,0,0.039999999999999994,0.05,0.0,0.0,0.15,skip,training_upload_trigger_not_confirmed,1785296194.5443182,1785296194544318191,1384862761016487,55.8,53.35546875,-1.0,0,0
2026-07-28T23:36:34.545,10.42.0.210,10.42.0.210,49,1,DOWNLOAD,0.9855083405864443,DOWNLOAD,0.9855083405864443,-1,992,0.9622898120678429,49,64704.0,62264.0,6,43,0.5096087203074791,0.49039127969252094,0.015896044472234774,0,0,0,0,0,0,0,0,0.039999999999999994,0.05,0.0,0.0,0.15,skip,training_upload_trigger_not_confirmed,1785296194.5452614,1785296194545261196,1384862761959183,55.8,53.35546875,-1.0,0,0
2026-07-28T23:36:34.546,10.42.0.59,10.42.0.210,16,1,DOWNLOAD,0.9715997687030146,DOWNLOAD,0.9715997687030146,-1,24820,1.4889815366067752e-11,5,67160.0,0.0,5,0,1.0,0.0,0.3508142916972384,0,0,0,0,0,0,0,0,0.0225,0.0,0.0,0.0,0.15,skip,already_attacked_this_round,1785296194.5464842,1785296194546484253,1384862763182702,55.8,53.35546875,-1.0,0,0
2026-07-28T23:36:34.547,10.42.0.59,10.42.0.210,16,1,DOWNLOAD,0.9789405411552784,DOWNLOAD,0.9789405411552784,-1,12037,1.2626740911743795e-11,6,79197.0,0.0,6,0,1.0,0.0,0.30467059487868375,0,0,0,0,0,0,0,0,0.0225,0.0,0.0,0.0,0.15,skip,already_attacked_this_round,1785296194.5471268,1785296194547126714,1384862763824717,55.8,53.35546875,-1.0,0,0
2026-07-28T23:36:34.548,10.42.0.145,10.42.0.210,22,1,DOWNLOAD,0.95,DOWNLOAD,0.95,-1,29200,1.7123287670939668e-11,3,58400.0,0.0,3,0,1.0,0.0,0.15404350476790057,0,0,0,0,0,0,0,0,0.0225,0.0,0.0,0.0,0.15,skip,training_upload_trigger_not_confirmed,1785296194.5480528,1785296194548052757,1384862764750799,55.8,53.35546875,-1.0,0,0
2026-07-28T23:36:34.550,10.42.0.18,10.42.0.210,38,1,DOWNLOAD,0.9537988843158557,DOWNLOAD,0.9537988843158557,-1,14600,2.2831050227789245e-11,4,43800.0,0.0,4,0,1.0,0.0,0.2551808227388581,0,0,0,0,0,0,0,0,0.0225,0.0,0.0,0.0,0.15,skip,training_upload_trigger_not_confirmed,1785296194.5501323,1785296194550132244,1384862766830503,55.8,53.35546875,-1.0,0,0
2026-07-28T23:36:34.550,10.42.0.18,10.42.0.210,38,1,DOWNLOAD,0.9569798027837051,DOWNLOAD,0.9569798027837051,-1,22257,1.5138441043112185e-11,5,66057.0,0.0,5,0,1.0,0.0,0.22165387887200097,0,0,0,0,0,0,0,0,0.0225,0.0,0.0,0.0,0.15,skip,training_upload_trigger_not_confirmed,1785296194.5508864,1785296194550886475,1384862767584597,55.8,53.35546875,-1.0,0,0
2026-07-28T23:36:34.705,10.42.0.1,10.42.0.210,49,1,DOWNLOAD,0.8477502235614901,DOWNLOAD,0.8477502235614901,0,39,0.44576547596519306,52,356876.0,159083.0,33,19,0.6916751137202762,0.30832488627972376,0.008505042290422201,0,0,0,0,0,0,0,0,0.0225,0.0,0.0,0.0,0.15,skip,training_upload_trigger_not_confirmed,1785296194.7055016,1785296194705501534,1384862922200135,55.8,53.35546875,-1.0,0,0
2026-07-28T23:36:34.860,10.42.0.145,,22,2,TRAINING,0.95,TRAINING,0.95,1,64240,1.0999999999982877,4,58400.0,64240.0,3,1,0.47619047619047616,0.5238095238095238,0.21275940717161745,0,0,0,0,1,0,0,0,0.4525,1.0,0.0,0.4,0.15,skip,training_upload_trigger_not_confirmed,1785296194.8606014,1785296194860601429,1384863077301462,55.8,53.35546875,-1.0,0,0
2026-07-28T23:36:34.866,10.42.0.1,,49,2,TRAINING,0.95,TRAINING,0.95,1,14480,0.4863397930948387,53,356876.0,173563.0,33,20,0.6727936671323187,0.3272063328676813,0.028631403576375197,0,0,0,0,1,0,0,0,0.4525,1.0,0.0,0.4,0.15,skip,training_upload_trigger_not_confirmed,1785296194.86674,1785296194866739968,1384863083441326,55.8,53.35546875,-1.0,0,0
2026-07-28T23:36:34.870,10.42.0.1,10.42.0.1,49,3,UPLOAD,0.95,UPLOAD,0.95,1,14480,0.5269141102244844,54,356876.0,188043.0,33,21,0.6549156847164441,0.34508431528355593,0.025399995875007342,1,0,0,1,1,1,1,1,0.9699999999999999,1.0,1.0,1.0,0.8,trigger,training_upload_trigger_confirmed,1785296194.8708491,1785296194870849032,1384863087549493,55.8,53.35546875,23.518683,1785296194894370859,1384863111068176
2026-07-28T23:36:34.880,10.42.0.1,10.42.0.1,49,3,UPLOAD,0.95,UPLOAD,0.95,1,14480,0.3849040002707246,48,356876.0,137363.0,33,15,0.722071710245448,0.27792828975455197,0.023312137574308292,1,0,1,1,1,1,1,1,0.9699999999999999,1.0,1.0,1.0,0.8,skip,attack_already_active,1785296194.880405,1785296194880404945,1384863097105027,55.8,53.35546875,-1.0,0,0
2026-07-28T23:36:34.886,10.42.0.1,10.42.0.1,49,3,UPLOAD,0.95,UPLOAD,0.95,1,14480,0.385178605455718,47,356876.0,137461.0,33,14,0.7219285629034444,0.2780714370965556,0.021025630069405814,1,0,1,1,1,1,1,1,0.9699999999999999,1.0,1.0,1.0,0.8,skip,attack_already_active,1785296194.8863654,1785296194886365429,1384863103064975,55.8,53.35546875,-1.0,0,0
2026-07-28T23:36:34.891,10.42.0.1,10.42.0.1,49,3,UPLOAD,0.95,UPLOAD,0.95,1,8590,0.409248590548512,48,356876.0,146051.0,33,15,0.7095980132305484,0.2904019867694516,0.018869043514157042,1,0,1,1,1,1,1,1,0.9699999999999999,1.0,1.0,1.0,0.8,skip,attack_already_active,1785296194.8910253,1785296194891025371,1384863107724933,55.8,53.35546875,-1.0,0,0
2026-07-28T23:36:34.892,10.42.0.59,10.42.0.1,16,2,TRAINING,0.95,TRAINING,0.95,1,42340,0.534616210215859,7,79197.0,42340.0,6,1,0.6516287221175444,0.34837127788245553,0.29454951303510873,0,0,0,0,1,0,0,0,0.4525,1.0,0.0,0.4,0.15,skip,already_attacked_this_round,1785296194.8926175,1785296194892617481,1384863109317132,55.8,53.35546875,-1.0,0,0
2026-07-28T23:36:34.945,10.42.0.210,10.42.0.1,49,1,DOWNLOAD,0.9855087208476458,DOWNLOAD,0.9855087208476458,0,43,1.5454995054162724e-11,6,64704.0,0.0,6,0,1.0,0.0,0.09635490027696748,0,0,0,0,0,0,0,0,0.0225,0.0,0.0,0.0,0.15,skip,training_upload_trigger_not_confirmed,1785296194.9450896,1785296194945089629,1384863161788604,55.8,53.35546875,-1.0,0,0
2026-07-28T23:36:34.969,10.42.0.18,10.42.0.1,38,2,TRAINING,0.95,TRAINING,0.95,1,18980,0.28732761101340776,6,66057.0,18980.0,5,1,0.7768030386772816,0.22319696132271835,0.5198210874965513,0,0,0,0,1,1,0,0,0.5725,1.0,0.0,1.0,0.15,skip,training_upload_trigger_not_confirmed,1785296194.969519,1785296194969518732,1384863186217661,55.8,53.35546875,-1.0,0,0
2026-07-28T23:36:34.973,10.42.0.18,10.42.0.1,38,3,UPLOAD,0.95,UPLOAD,0.95,1,60574,1.204323538758885,7,66057.0,79554.0,5,2,0.4536539135092816,0.5463460864907185,0.45188384148571037,0,0,0,1,1,1,1,1,0.9699999999999999,1.0,1.0,1.0,0.8,trigger,training_upload_trigger_confirmed,1785296194.973783,1785296194973782941,1384863190482015,55.8,53.35546875,13.440027,1785296194987224683,1384863203922042
2026-07-28T23:36:34.974,10.42.0.1,10.42.0.1,49,3,UPLOAD,0.95,UPLOAD,0.95,1,7240,0.4295357491133348,49,356876.0,153291.0,33,16,0.6995278016806261,0.30047219831937383,0.01696475126278626,1,0,1,1,1,1,1,1,0.9699999999999999,1.0,1.0,1.0,0.8,skip,attack_already_active,1785296194.9749937,1785296194974993587,1384863191692118,55.8,53.35546875,-1.0,0,0
2026-07-28T23:36:34.975,10.42.0.1,10.42.0.1,49,3,UPLOAD,0.95,UPLOAD,0.95,1,5792,0.44576547596519306,50,356876.0,159083.0,33,17,0.6916751137202762,0.30832488627972376,0.014823608291776237,1,0,1,1,1,1,1,1,0.9699999999999999,1.0,1.0,1.0,0.8,skip,attack_already_active,1785296194.97571,1785296194975710007,1384863192408236,55.8,53.35546875,-1.0,0,0
2026-07-28T23:36:34.976,10.42.0.1,10.42.0.1,49,3,UPLOAD,0.8910651298840239,UPLOAD,0.8910651298840239,0,43,0.44576547596519306,50,356876.0,159083.0,33,17,0.6916751137202762,0.30832488627972376,0.01658041983940535,1,0,1,1,1,1,1,1,0.8025,0.7500000000000001,1.0,0.6000000000000001,0.8,skip,attack_already_active,1785296194.9763875,1785296194976387624,1384863193085945,55.8,53.35546875,-1.0,0,0
2026-07-28T23:36:34.977,10.42.0.1,10.42.0.1,49,3,UPLOAD,0.95,UPLOAD,0.95,1,2896,0.4538803393911222,51,356876.0,161979.0,33,18,0.6878145146524559,0.3121854853475441,0.01461568611643534,1,0,1,1,1,1,1,1,0.9699999999999999,1.0,1.0,1.0,0.8,skip,attack_already_active,1785296194.9773805,1785296194977380576,1384863194079181,55.8,53.35546875,-1.0,0,0
2026-07-28T23:36:34.979,10.42.0.1,10.42.0.1,49,3,UPLOAD,0.95,UPLOAD,0.95,1,11584,0.4863397930948387,52,356876.0,173563.0,33,19,0.6727936671323187,0.3272063328676813,0.013010704252087479,1,0,1,1,1,1,1,1,0.9699999999999999,1.0,1.0,1.0,0.8,skip,attack_already_active,1785296194.9798164,1785296194979816428,1384863196514821,55.8,53.35546875,-1.0,0,0
2026-07-28T23:36:34.980,10.42.0.1,10.42.0.1,49,3,UPLOAD,0.95,UPLOAD,0.95,1,2896,0.49445465652076787,53,356876.0,176459.0,33,20,0.6691404089362221,0.33085959106377794,0.01139695005675866,1,0,1,1,1,1,1,1,0.9699999999999999,1.0,1.0,1.0,0.8,skip,attack_already_active,1785296194.9805808,1785296194980580987,1384863197279291,55.8,53.35546875,-1.0,0,0
2026-07-28T23:36:34.981,10.42.0.1,10.42.0.1,49,3,UPLOAD,0.95,UPLOAD,0.95,1,11584,0.5269141102244844,54,356876.0,188043.0,33,21,0.6549156847164441,0.34508431528355593,0.009988087345315302,1,0,1,1,1,1,1,1,0.9699999999999999,1.0,1.0,1.0,0.8,skip,attack_already_active,1785296194.9812863,1785296194981286459,1384863197984642,55.8,53.35546875,-1.0,0,0
2026-07-28T23:36:34.981,10.42.0.1,10.42.0.1,49,3,UPLOAD,0.95,UPLOAD,0.95,1,5792,0.5431438370763426,55,356876.0,193835.0,33,22,0.6480277314235597,0.35197226857644026,0.008763745739929052,1,0,1,1,1,1,1,1,0.9699999999999999,1.0,1.0,1.0,0.8,skip,attack_already_active,1785296194.9819832,1785296194981983353,1384863198681517,55.8,53.35546875,-1.0,0,0
2026-07-28T23:36:34.983,10.42.0.1,10.42.0.1,49,3,UPLOAD,0.95,UPLOAD,0.95,1,14480,0.5837181542059883,56,356876.0,208315.0,33,23,0.6314254827129236,0.3685745172870764,0.0078251857438651,1,0,1,1,1,1,1,1,0.9699999999999999,1.0,1.0,1.0,0.8,skip,attack_already_active,1785296194.9836245,1785296194983624330,1384863200322673,55.8,53.35546875,-1.0,0,0
2026-07-28T23:36:34.984,10.42.0.1,10.42.0.1,49,3,UPLOAD,0.95,UPLOAD,0.95,1,8688,0.6080627444837757,57,356876.0,217003.0,33,24,0.6218662819165712,0.3781337180834287,0.006901442418928412,1,0,1,1,1,1,1,1,0.9699999999999999,1.0,1.0,1.0,0.8,skip,attack_already_active,1785296194.9844396,1785296194984439537,1384863201138556,82.0,53.35546875,-1.0,0,0
2026-07-28T23:36:34.985,10.42.0.1,10.42.0.1,49,3,UPLOAD,0.95,UPLOAD,0.95,1,5792,0.6242924713356339,58,356876.0,222795.0,33,25,0.6156526719466732,0.3843473280533268,0.006145168733155774,1,0,1,1,1,1,1,1,0.9699999999999999,1.0,1.0,1.0,0.8,skip,attack_already_active,1785296194.985602,1785296194985601896,1384863202300092,82.0,53.35546875,-1.0,0,0
2026-07-28T23:36:34.987,10.42.0.1,10.42.0.1,49,3,UPLOAD,0.95,UPLOAD,0.95,1,2797,0.6321299274828452,59,356876.0,225592.0,33,26,0.6126963197978258,0.3873036802021742,0.005520755529234303,1,0,1,1,1,1,1,1,0.9699999999999999,1.0,1.0,1.0,0.8,skip,attack_already_active,1785296194.9870086,1785296194987008398,1384863203706904,82.0,53.35546875,-1.0,0,0
2026-07-28T23:36:35.048,10.42.0.18,10.42.0.1,38,3,UPLOAD,0.9841010226033655,UPLOAD,0.9841010226033655,0,39,1.204323538758885,7,66057.0,79554.0,5,2,0.4536539135092816,0.5463460864907185,0.3983387069972735,0,0,1,1,1,1,1,1,0.8374999999999999,0.8500000000000001,1.0,0.6000000000000001,0.8,skip,attack_already_active,1785296195.0488448,1785296195048844814,1384863265543592,82.0,53.35546875,-1.0,0,0
2026-07-28T23:36:35.165,10.42.0.59,10.42.0.1,16,2,TRAINING,0.9293977297375461,TRAINING,0.9293977297375461,0,39,0.534616210215859,7,79197.0,42340.0,6,1,0.6516287221175444,0.34837127788245553,0.26158480840189885,0,0,0,0,1,0,0,0,0.4050000000000001,0.7500000000000001,0.0,0.6000000000000001,0.15,skip,already_attacked_this_round,1785296195.1659951,1785296195165994885,1384863382693476,82.0,53.35546875,-1.0,0,0
2026-07-28T23:36:35.414,10.42.0.47,10.42.0.1|10.42.0.47,49,3,UPLOAD,0.95,UPLOAD,0.95,1,7240,0.1292487860766701,8,56016.0,7240.0,7,1,0.8855444542810168,0.11445554571898318,0.22269886534150674,1,0,0,1,1,1,1,1,0.9699999999999999,1.0,1.0,1.0,0.8,trigger,training_upload_trigger_confirmed,1785296195.4148848,1785296195414884854,1384863631583603,82.0,53.35546875,5.695039,1785296195420581380,1384863637278642
2026-07-28T23:36:35.415,10.42.0.47,10.42.0.1|10.42.0.47,49,3,UPLOAD,0.95,UPLOAD,0.95,1,1448,0.1550985432884337,9,56016.0,8688.0,7,2,0.865727002967359,0.13427299703264095,0.19344316592116256,1,0,1,1,1,1,1,1,0.9699999999999999,1.0,1.0,1.0,0.8,skip,attack_already_active,1785296195.4155703,1785296195415570147,1384863632268303,82.0,53.35546875,-1.0,0,0
2026-07-28T23:36:35.417,10.42.0.47,10.42.0.1|10.42.0.47,49,3,UPLOAD,0.9827856166486795,UPLOAD,0.9827856166486795,1,5792,0.25849757213548813,10,56016.0,14480.0,7,3,0.7945982750794371,0.20540172492056286,0.16814523024588224,1,0,1,1,1,1,1,1,0.9699999999999999,1.0,1.0,1.0,0.8,skip,attack_already_active,1785296195.4170344,1785296195417034454,1384863633732485,82.0,53.35546875,-1.0,0,0
2026-07-28T23:36:35.418,10.42.0.47,10.42.0.1|10.42.0.47,49,3,UPLOAD,0.9842283506312849,UPLOAD,0.9842283506312849,1,11584,0.465295629829597,11,56016.0,26064.0,7,4,0.6824561403508772,0.3175438596491228,0.14616976339966267,1,0,1,1,1,1,1,1,0.9699999999999999,1.0,1.0,1.0,0.8,skip,attack_already_active,1785296195.4184139,1785296195418413903,1384863635112068,82.0,53.35546875,-1.0,0,0
2026-07-28T23:36:35.419,10.42.0.47,10.42.0.1|10.42.0.47,49,3,UPLOAD,0.9842590008488418,UPLOAD,0.9842590008488418,1,5792,0.5686946586766514,12,56016.0,31856.0,7,5,0.6374726875455208,0.3625273124544792,0.1269926764129895,1,0,1,1,1,1,1,1,0.9699999999999999,1.0,1.0,1.0,0.8,skip,attack_already_active,1785296195.419054,1785296195419054097,1384863635752136,82.0,53.35546875,-1.0,0,0
2026-07-28T23:36:35.420,10.42.0.47,10.42.0.1|10.42.0.47,49,3,UPLOAD,0.9842595632245429,UPLOAD,0.9842595632245429,1,10136,0.7496429591589967,13,56016.0,41992.0,7,6,0.5715451799853073,0.4284548200146927,0.11044697733330583,1,0,1,1,1,1,1,1,0.9699999999999999,1.0,1.0,1.0,0.8,skip,attack_already_active,1785296195.420486,1785296195420485920,1384863637184191,82.0,53.35546875,-1.0,0,0
2026-07-28T23:36:35.421,10.42.0.47,10.42.0.1|10.42.0.47,49,3,UPLOAD,0.9842595702371604,UPLOAD,0.9842595702371604,1,1448,0.7754927163707602,14,56016.0,43440.0,7,7,0.5632239382239382,0.43677606177606176,0.09602295393988197,1,0,1,1,1,1,1,1,0.9699999999999999,1.0,1.0,1.0,0.8,skip,attack_already_active,1785296195.421473,1785296195421473095,1384863638171243,82.0,53.35546875,-1.0,0,0
2026-07-28T23:36:35.422,10.42.0.47,10.42.0.1|10.42.0.47,49,3,UPLOAD,0.984259570181381,UPLOAD,0.984259570181381,1,8688,0.9305912596413419,15,56016.0,52128.0,7,8,0.5179760319573902,0.48202396804260983,0.08345663803458178,1,0,1,1,1,1,1,1,0.9699999999999999,1.0,1.0,1.0,0.8,skip,attack_already_active,1785296195.4221337,1785296195422133734,1384863638831746,82.0,53.35546875,-1.0,0,0
2026-07-28T23:36:35.423,10.42.0.47,10.42.0.1|10.42.0.47,49,3,UPLOAD,0.9842595701726963,UPLOAD,0.9842595701726963,1,10136,1.1115395601236873,16,56016.0,62264.0,7,9,0.4735880960432871,0.5264119039567129,0.0726265762327967,1,0,1,1,1,1,1,1,0.9699999999999999,1.0,1.0,1.0,0.8,skip,attack_already_active,1785296195.423404,1785296195423404106,1384863640102304,82.0,53.35546875,-1.0,0,0
2026-07-28T23:36:35.426,10.42.0.47,10.42.0.1|10.42.0.47,49,3,UPLOAD,0.9842595701722561,UPLOAD,0.9842595701722561,1,1448,1.1373893173354508,17,56016.0,63712.0,7,10,0.46786048376319656,0.5321395162368034,0.06348610171325007,1,0,1,1,1,1,1,1,0.9699999999999999,1.0,1.0,1.0,0.8,skip,attack_already_active,1785296195.426666,1785296195426665875,1384863643364077,82.0,53.35546875,-1.0,0,0
2026-07-28T23:36:35.427,10.42.0.47,10.42.0.1|10.42.0.47,49,3,UPLOAD,0.9842364179775672,UPLOAD,0.9842364179775672,1,8688,1.2924878606060324,18,56016.0,72400.0,7,11,0.4362073261898829,0.5637926738101171,0.05522057040337374,1,0,1,1,1,1,1,1,0.9699999999999999,1.0,1.0,1.0,0.8,skip,attack_already_active,1785296195.4274273,1785296195427427271,1384863644125411,82.0,53.35546875,-1.0,0,0
2026-07-28T23:36:35.428,10.42.0.47,10.42.0.1|10.42.0.47,49,3,UPLOAD,0.9841910765295064,UPLOAD,0.9841910765295064,1,5792,1.3958868894530867,19,56016.0,78192.0,7,12,0.41738197424892703,0.5826180257510729,0.04806285565769831,1,0,1,1,1,1,1,1,0.9699999999999999,1.0,1.0,1.0,0.8,skip,attack_already_active,1785296195.42833,1785296195428329998,1384863645028155,82.0,53.35546875,-1.0,0,0
2026-07-28T23:36:35.428,10.42.0.47,10.42.0.1|10.42.0.47,49,3,UPLOAD,0.9830972020885493,UPLOAD,0.9830972020885493,1,1362,1.420201371029345,20,56016.0,79554.0,7,13,0.41318875857490595,0.586811241425094,0.04180769074916367,1,0,1,1,1,1,1,1,0.9699999999999999,1.0,1.0,1.0,0.8,skip,attack_already_active,1785296195.428924,1785296195428924246,1384863645622237,82.0,53.35546875,-1.0,0,0
2026-07-28T23:36:35.430,10.42.0.1,10.42.0.1|10.42.0.47,49,3,UPLOAD,0.95,UPLOAD,0.95,1,7240,0.4295357491133348,50,356876.0,153291.0,33,17,0.6995278016806261,0.30047219831937383,0.006594770715073708,1,0,1,1,1,1,1,1,0.9699999999999999,1.0,1.0,1.0,0.8,skip,attack_already_active,1785296195.4301023,1785296195430102206,1384863646800328,82.0,53.35546875,-1.0,0,0
2026-07-28T23:36:35.430,10.42.0.1,10.42.0.1|10.42.0.47,49,3,UPLOAD,0.95,UPLOAD,0.95,1,5792,0.44576547596519306,51,356876.0,159083.0,33,18,0.6916751137202762,0.30832488627972376,0.005807433759505506,1,0,1,1,1,1,1,1,0.9699999999999999,1.0,1.0,1.0,0.8,skip,attack_already_active,1785296195.4307222,1785296195430722405,1384863647420520,82.0,53.35546875,-1.0,0,0
2026-07-28T23:36:35.431,10.42.0.1,10.42.0.1|10.42.0.47,49,3,UPLOAD,0.95,UPLOAD,0.95,1,14480,0.4863397930948387,52,356876.0,173563.0,33,19,0.6727936671323187,0.3272063328676813,0.005158155602932469,1,0,1,1,1,1,1,1,0.9699999999999999,1.0,1.0,1.0,0.8,skip,attack_already_active,1785296195.4316025,1785296195431602498,1384863648300502,82.0,53.35546875,-1.0,0,0
2026-07-28T23:36:35.432,10.42.0.1,10.42.0.1|10.42.0.47,49,3,UPLOAD,0.95,UPLOAD,0.95,1,14480,0.5269141102244844,53,356876.0,188043.0,33,20,0.6549156847164441,0.34508431528355593,0.004562986831445414,1,0,1,1,1,1,1,1,0.9699999999999999,1.0,1.0,1.0,0.8,skip,attack_already_active,1785296195.432244,1785296195432243941,1384863648941927,82.0,53.35546875,-1.0,0,0
2026-07-28T23:36:35.433,10.42.0.1,10.42.0.1|10.42.0.47,49,3,UPLOAD,0.95,UPLOAD,0.95,1,13032,0.5634309956411655,54,356876.0,201075.0,33,21,0.6396188912646451,0.3603811087353549,0.004116809772356525,1,0,1,1,1,1,1,1,0.9699999999999999,1.0,1.0,1.0,0.8,skip,attack_already_active,1785296195.4334211,1785296195433421042,1384863650119492,82.0,53.35546875,-1.0,0,0
2026-07-28T23:36:35.434,10.42.0.1,10.42.0.1|10.42.0.47,49,3,UPLOAD,0.95,UPLOAD,0.95,1,11584,0.595890449344882,55,356876.0,212659.0,33,22,0.6266094269886837,0.37339057301131623,0.003690375528572803,1,0,1,1,1,1,1,1,0.9699999999999999,1.0,1.0,1.0,0.8,skip,attack_already_active,1785296195.4343019,1785296195434301922,1384863651020988,82.0,53.35546875,-1.0,0,0
2026-07-28T23:36:35.435,10.42.0.1,10.42.0.1|10.42.0.47,49,3,UPLOAD,0.95,UPLOAD,0.95,1,8688,0.6202350396226695,56,356876.0,221347.0,33,23,0.6171944042350442,0.3828055957649557,0.0033737012368819,1,0,1,1,1,1,1,1,0.9699999999999999,1.0,1.0,1.0,0.8,skip,attack_already_active,1785296195.435589,1785296195435589089,1384863652288184,82.0,53.35546875,-1.0,0,0
2026-07-28T23:36:35.436,10.42.0.1,10.42.0.1|10.42.0.47,49,3,UPLOAD,0.95,UPLOAD,0.95,1,4245,0.6321299274828452,57,356876.0,225592.0,33,24,0.6126963197978258,0.3873036802021742,0.0030553375721719556,1,0,1,1,1,1,1,1,0.9699999999999999,1.0,1.0,1.0,0.8,skip,attack_already_active,1785296195.4365468,1785296195436546927,1384863653245078,82.0,53.35546875,-1.0,0,0
2026-07-28T23:36:36.230,10.42.0.210,10.42.0.1|10.42.0.210|10.42.0.47,49,3,UPLOAD,0.95,UPLOAD,0.95,1,1448,100.0,1,0.0,1448.0,0,1,0.0,1.0,0.25308930955841435,1,0,0,1,1,1,1,1,0.9525,0.95,1.0,1.0,0.8,trigger,training_upload_trigger_confirmed,1785296196.2308586,1785296196230858547,1384864447557148,5.5,53.35546875,6.598586,1785296196237458420,1384864454155734
2026-07-28T23:36:36.231,10.42.0.210,10.42.0.1|10.42.0.210|10.42.0.47,49,3,UPLOAD,0.9841010226033655,UPLOAD,0.9841010226033655,1,1448,100.0,2,0.0,2896.0,0,2,0.0,1.0,0.2198690770366665,1,0,1,1,1,1,1,1,0.9699999999999999,1.0,1.0,1.0,0.8,skip,attack_already_active,1785296196.2318487,1785296196231848739,1384864448547420,5.5,53.35546875,-1.0,0,0
2026-07-28T23:36:36.233,10.42.0.210,10.42.0.1|10.42.0.210|10.42.0.47,49,3,UPLOAD,0.9854688349332961,UPLOAD,0.9854688349332961,1,1448,100.0,3,0.0,4344.0,0,3,0.0,1.0,0.1911339964655051,1,0,1,1,1,1,1,1,0.9699999999999999,1.0,1.0,1.0,0.8,skip,attack_already_active,1785296196.2336552,1785296196233655190,1384864450353933,5.5,53.35546875,-1.0,0,0
2026-07-28T23:36:36.234,10.42.0.210,10.42.0.1|10.42.0.210|10.42.0.47,49,3,UPLOAD,0.9855076450773014,UPLOAD,0.9855076450773014,1,1448,100.0,4,0.0,5792.0,0,4,0.0,1.0,0.16607980888152168,1,0,1,1,1,1,1,1,0.9699999999999999,1.0,1.0,1.0,0.8,skip,attack_already_active,1785296196.23466,1785296196234659885,1384864451358228,5.5,53.35546875,-1.0,0,0
2026-07-28T23:36:36.236,10.42.0.210,10.42.0.1|10.42.0.210|10.42.0.47,49,3,UPLOAD,0.9855086980780915,UPLOAD,0.9855086980780915,1,1448,100.0,5,0.0,7240.0,0,5,0.0,1.0,0.14437217622595103,1,0,1,1,1,1,1,1,0.9699999999999999,1.0,1.0,1.0,0.8,skip,attack_already_active,1785296196.2360065,1785296196236006433,1384864452705546,5.5,53.35546875,-1.0,0,0
2026-07-28T23:36:36.237,10.42.0.210,10.42.0.1|10.42.0.210|10.42.0.47,49,3,UPLOAD,0.9855087254685951,UPLOAD,0.9855087254685951,1,1448,100.0,6,0.0,8688.0,0,6,0.0,1.0,0.12548487237322464,1,0,1,1,1,1,1,1,0.9699999999999999,1.0,1.0,1.0,0.8,skip,attack_already_active,1785296196.2370481,1785296196237048006,1384864453746604,5.5,53.35546875,-1.0,0,0
2026-07-28T23:36:36.238,10.42.0.210,10.42.0.1|10.42.0.210|10.42.0.47,49,3,UPLOAD,0.9855087261493067,UPLOAD,0.9855087261493067,1,1448,100.0,7,0.0,10136.0,0,7,0.0,1.0,0.10918700031115511,1,0,1,1,1,1,1,1,0.9699999999999999,1.0,1.0,1.0,0.8,skip,attack_already_active,1785296196.238853,1785296196238852929,1384864455551725,5.5,53.35546875,-1.0,0,0
2026-07-28T23:36:36.239,10.42.0.210,10.42.0.1|10.42.0.210|10.42.0.47,49,3,UPLOAD,0.9855087261653082,UPLOAD,0.9855087261653082,1,1448,100.0,8,0.0,11584.0,0,8,0.0,1.0,0.09494251923760211,1,0,1,1,1,1,1,1,0.9699999999999999,1.0,1.0,1.0,0.8,skip,attack_already_active,1785296196.2399426,1785296196239942551,1384864456641053,5.5,53.35546875,-1.0,0,0
2026-07-28T23:36:36.241,10.42.0.210,10.42.0.1|10.42.0.210|10.42.0.47,49,3,UPLOAD,0.985508726165656,UPLOAD,0.985508726165656,1,1448,100.0,9,0.0,13032.0,0,9,0.0,1.0,0.08263080028556614,1,0,1,1,1,1,1,1,0.9699999999999999,1.0,1.0,1.0,0.8,skip,attack_already_active,1785296196.2414548,1785296196241454825,1384864458153403,5.5,53.35546875,-1.0,0,0
2026-07-28T23:36:36.242,10.42.0.210,10.42.0.1|10.42.0.210|10.42.0.47,49,3,UPLOAD,0.95,UPLOAD,0.95,1,1448,100.0,10,0.0,14480.0,0,10,0.0,1.0,0.07190893446483013,1,0,1,1,1,1,1,1,0.9699999999999999,1.0,1.0,1.0,0.8,skip,attack_already_active,1785296196.2427204,1785296196242720172,1384864459418632,5.5,53.35546875,-1.0,0,0
2026-07-28T23:36:36.244,10.42.0.210,10.42.0.1|10.42.0.210|10.42.0.47,49,3,UPLOAD,0.95,UPLOAD,0.95,1,1448,100.0,11,0.0,15928.0,0,11,0.0,1.0,0.06262827538544569,1,0,1,1,1,1,1,1,0.9699999999999999,1.0,1.0,1.0,0.8,skip,attack_already_active,1785296196.244201,1785296196244200914,1384864460899282,5.5,53.35546875,-1.0,0,0
2026-07-28T23:36:36.245,10.42.0.210,10.42.0.1|10.42.0.210|10.42.0.47,49,3,UPLOAD,0.95,UPLOAD,0.95,1,1448,100.0,12,0.0,17376.0,0,12,0.0,1.0,0.05451178811815306,1,0,1,1,1,1,1,1,0.9699999999999999,1.0,1.0,1.0,0.8,skip,attack_already_active,1785296196.2452354,1785296196245235490,1384864461933898,5.5,53.35546875,-1.0,0,0
2026-07-28T23:36:36.246,10.42.0.210,10.42.0.1|10.42.0.210|10.42.0.47,49,3,UPLOAD,0.95,UPLOAD,0.95,1,1448,100.0,13,0.0,18824.0,0,13,0.0,1.0,0.04751505178454216,1,0,1,1,1,1,1,1,0.9699999999999999,1.0,1.0,1.0,0.8,skip,attack_already_active,1785296196.246651,1785296196246650921,1384864463349674,5.5,53.35546875,-1.0,0,0
2026-07-28T23:36:36.247,10.42.0.210,10.42.0.1|10.42.0.210|10.42.0.47,49,3,UPLOAD,0.95,UPLOAD,0.95,1,1448,100.0,14,0.0,20272.0,0,14,0.0,1.0,0.041380613449480214,1,0,1,1,1,1,1,1,0.9699999999999999,1.0,1.0,1.0,0.8,skip,attack_already_active,1785296196.2476134,1785296196247613498,1384864464311885,5.5,53.35546875,-1.0,0,0
2026-07-28T23:36:36.249,10.42.0.210,10.42.0.1|10.42.0.210|10.42.0.47,49,3,UPLOAD,0.95,UPLOAD,0.95,1,1448,100.0,15,0.0,21720.0,0,15,0.0,1.0,0.03612359309191042,1,0,1,1,1,1,1,1,0.9699999999999999,1.0,1.0,1.0,0.8,skip,attack_already_active,1785296196.2491,1785296196249099970,1384864465798480,5.5,53.35546875,-1.0,0,0
2026-07-28T23:36:36.250,10.42.0.210,10.42.0.1|10.42.0.210|10.42.0.47,49,3,UPLOAD,0.95,UPLOAD,0.95,1,1448,100.0,16,0.0,23168.0,0,16,0.0,1.0,0.03149905506963652,1,0,1,1,1,1,1,1,0.9699999999999999,1.0,1.0,1.0,0.8,skip,attack_already_active,1785296196.2501292,1785296196250129254,1384864466827741,5.5,53.35546875,-1.0,0,0
2026-07-28T23:36:36.251,10.42.0.210,10.42.0.1|10.42.0.210|10.42.0.47,49,3,UPLOAD,0.95,UPLOAD,0.95,1,1448,100.0,17,0.0,24616.0,0,17,0.0,1.0,0.027542758031691615,1,0,1,1,1,1,1,1,0.9699999999999999,1.0,1.0,1.0,0.8,skip,attack_already_active,1785296196.251605,1785296196251604997,1384864468303547,5.5,53.35546875,-1.0,0,0
2026-07-28T23:36:36.252,10.42.0.210,10.42.0.1|10.42.0.210|10.42.0.47,49,3,UPLOAD,0.95,UPLOAD,0.95,1,1448,100.0,18,0.0,26064.0,0,18,0.0,1.0,0.02405508140014586,1,0,1,1,1,1,1,1,0.9699999999999999,1.0,1.0,1.0,0.8,skip,attack_already_active,1785296196.2526808,1785296196252680787,1384864469379365,5.5,53.35546875,-1.0,0,0
2026-07-28T23:36:36.254,10.42.0.210,10.42.0.1|10.42.0.210|10.42.0.47,49,3,UPLOAD,0.95,UPLOAD,0.95,1,1448,100.0,19,0.0,27512.0,0,19,0.0,1.0,0.021088915360278595,1,0,1,1,1,1,1,1,0.9699999999999999,1.0,1.0,1.0,0.8,skip,attack_already_active,1785296196.2542264,1785296196254226487,1384864470925722,5.5,53.35546875,-1.0,0,0
2026-07-28T23:36:36.255,10.42.0.210,10.42.0.1|10.42.0.210|10.42.0.47,49,3,UPLOAD,0.95,UPLOAD,0.95,1,1448,100.0,20,0.0,28960.0,0,20,0.0,1.0,0.01845388964210961,1,0,1,1,1,1,1,1,0.9699999999999999,1.0,1.0,1.0,0.8,skip,attack_already_active,1785296196.2553189,1785296196255318894,1384864472017760,5.5,53.35546875,-1.0,0,0
2026-07-28T23:36:36.256,10.42.0.210,10.42.0.1|10.42.0.210|10.42.0.47,49,3,UPLOAD,0.95,UPLOAD,0.95,1,1448,100.0,21,0.0,30408.0,0,21,0.0,1.0,0.016237630643820368,1,0,1,1,1,1,1,1,0.9699999999999999,1.0,1.0,1.0,0.8,skip,attack_already_active,1785296196.2569542,1785296196256954068,1384864473652570,5.5,53.35546875,-1.0,0,0
2026-07-28T23:36:36.258,10.42.0.210,10.42.0.1|10.42.0.210|10.42.0.47,49,3,UPLOAD,0.95,UPLOAD,0.95,1,1448,100.0,22,0.0,31856.0,0,22,0.0,1.0,0.014246090334635728,1,0,1,1,1,1,1,1,0.9699999999999999,1.0,1.0,1.0,0.8,skip,attack_already_active,1785296196.2580786,1785296196258078517,1384864474777595,5.5,53.35546875,-1.0,0,0
2026-07-28T23:36:36.260,10.42.0.210,10.42.0.1|10.42.0.210|10.42.0.47,49,3,UPLOAD,0.95,UPLOAD,0.95,1,1448,100.0,23,0.0,33304.0,0,23,0.0,1.0,0.012633354543647116,1,0,1,1,1,1,1,1,0.9699999999999999,1.0,1.0,1.0,0.8,skip,attack_already_active,1785296196.260086,1785296196260086143,1384864476784937,5.5,53.35546875,-1.0,0,0
2026-07-28T23:36:36.261,10.42.0.210,10.42.0.1|10.42.0.210|10.42.0.47,49,3,UPLOAD,0.95,UPLOAD,0.95,1,1448,100.0,24,0.0,34752.0,0,24,0.0,1.0,0.011109916791935548,1,0,1,1,1,1,1,1,0.9699999999999999,1.0,1.0,1.0,0.8,skip,attack_already_active,1785296196.2611585,1785296196261158436,1384864477856875,5.5,53.35546875,-1.0,0,0
2026-07-28T23:36:36.262,10.42.0.210,10.42.0.1|10.42.0.210|10.42.0.47,49,3,UPLOAD,0.95,UPLOAD,0.95,1,1448,100.0,25,0.0,36200.0,0,25,0.0,1.0,0.00984698529070931,1,0,1,1,1,1,1,1,0.9699999999999999,1.0,1.0,1.0,0.8,skip,attack_already_active,1785296196.2626843,1785296196262684511,1384864479383107,5.5,53.35546875,-1.0,0,0
2026-07-28T23:36:36.263,10.42.0.210,10.42.0.1|10.42.0.210|10.42.0.47,49,3,UPLOAD,0.95,UPLOAD,0.95,1,1448,100.0,26,0.0,37648.0,0,26,0.0,1.0,0.008692510663601443,1,0,1,1,1,1,1,1,0.9699999999999999,1.0,1.0,1.0,0.8,skip,attack_already_active,1785296196.2637703,1785296196263770440,1384864480469055,5.5,53.35546875,-1.0,0,0
2026-07-28T23:36:36.265,10.42.0.210,10.42.0.1|10.42.0.210|10.42.0.47,49,3,UPLOAD,0.95,UPLOAD,0.95,1,1448,100.0,27,0.0,39096.0,0,27,0.0,1.0,0.007723657352605925,1,0,1,1,1,1,1,1,0.9699999999999999,1.0,1.0,1.0,0.8,skip,attack_already_active,1785296196.2651105,1785296196265110605,1384864481809027,5.5,53.35546875,-1.0,0,0
2026-07-28T23:36:36.266,10.42.0.210,10.42.0.1|10.42.0.210|10.42.0.47,49,3,UPLOAD,0.95,UPLOAD,0.95,1,1448,100.0,28,0.0,40544.0,0,28,0.0,1.0,0.0068382697753743785,1,0,1,1,1,1,1,1,0.9699999999999999,1.0,1.0,1.0,0.8,skip,attack_already_active,1785296196.2661152,1785296196266115152,1384864482813464,5.5,53.35546875,-1.0,0,0
2026-07-28T23:36:36.267,10.42.0.210,10.42.0.1|10.42.0.210|10.42.0.47,49,3,UPLOAD,0.95,UPLOAD,0.95,1,1448,100.0,29,0.0,41992.0,0,29,0.0,1.0,0.006160287362693891,1,0,1,1,1,1,1,1,0.9699999999999999,1.0,1.0,1.0,0.8,skip,attack_already_active,1785296196.2678084,1785296196267808387,1384864484507789,5.5,53.35546875,-1.0,0,0
2026-07-28T23:36:36.269,10.42.0.210,10.42.0.1|10.42.0.210|10.42.0.47,49,3,UPLOAD,0.95,UPLOAD,0.95,1,1448,100.0,30,0.0,43440.0,0,30,0.0,1.0,0.00551829883851758,1,0,1,1,1,1,1,1,0.9699999999999999,1.0,1.0,1.0,0.8,skip,attack_already_active,1785296196.2690969,1785296196269097034,1384864485795877,5.5,53.35546875,-1.0,0,0
2026-07-28T23:36:36.270,10.42.0.210,10.42.0.1|10.42.0.210|10.42.0.47,49,3,UPLOAD,0.95,UPLOAD,0.95,1,1448,100.0,31,0.0,44888.0,0,31,0.0,1.0,0.0049950902310742186,1,0,1,1,1,1,1,1,0.9699999999999999,1.0,1.0,1.0,0.8,skip,attack_already_active,1785296196.2706447,1785296196270644790,1384864487343152,5.5,53.35546875,-1.0,0,0
2026-07-28T23:36:36.271,10.42.0.210,10.42.0.1|10.42.0.210|10.42.0.47,49,3,UPLOAD,0.95,UPLOAD,0.95,1,1448,100.0,32,0.0,46336.0,0,32,0.0,1.0,0.00450504264838778,1,0,1,1,1,1,1,1,0.9699999999999999,1.0,1.0,1.0,0.8,skip,attack_already_active,1785296196.271921,1785296196271920880,1384864488619267,5.5,53.35546875,-1.0,0,0
2026-07-28T23:36:36.273,10.42.0.210,10.42.0.1|10.42.0.210|10.42.0.47,49,3,UPLOAD,0.95,UPLOAD,0.95,1,1448,100.0,33,0.0,47784.0,0,33,0.0,1.0,0.004102065742423385,1,0,1,1,1,1,1,1,0.9699999999999999,1.0,1.0,1.0,0.8,skip,attack_already_active,1785296196.273368,1785296196273367702,1384864490066180,5.5,53.35546875,-1.0,0,0
2026-07-28T23:36:36.274,10.42.0.210,10.42.0.1|10.42.0.210|10.42.0.47,49,3,UPLOAD,0.95,UPLOAD,0.95,1,1448,100.0,34,0.0,49232.0,0,34,0.0,1.0,0.0036799621139542655,1,0,1,1,1,1,1,1,0.9699999999999999,1.0,1.0,1.0,0.8,skip,attack_already_active,1785296196.2742667,1785296196274266542,1384864490965282,5.5,53.35546875,-1.0,0,0
2026-07-28T23:36:36.275,10.42.0.210,10.42.0.1|10.42.0.210|10.42.0.47,49,3,UPLOAD,0.95,UPLOAD,0.95,1,1448,100.0,35,0.0,50680.0,0,35,0.0,1.0,0.0033251682700589673,1,0,1,1,1,1,1,1,0.9699999999999999,1.0,1.0,1.0,0.8,skip,attack_already_active,1785296196.2752542,1785296196275254267,1384864491952656,5.5,53.35546875,-1.0,0,0
2026-07-28T23:36:36.276,10.42.0.210,10.42.0.1|10.42.0.210|10.42.0.47,49,3,UPLOAD,0.95,UPLOAD,0.95,1,1448,100.0,36,0.0,52128.0,0,36,0.0,1.0,0.0030245731396136913,1,0,1,1,1,1,1,1,0.9699999999999999,1.0,1.0,1.0,0.8,skip,attack_already_active,1785296196.2762983,1785296196276298229,1384864492996616,5.5,53.35546875,-1.0,0,0
2026-07-28T23:36:36.277,10.42.0.210,10.42.0.1|10.42.0.210|10.42.0.47,49,3,UPLOAD,0.95,UPLOAD,0.95,1,1448,100.0,37,0.0,53576.0,0,37,0.0,1.0,0.002764719802140942,1,0,1,1,1,1,1,1,0.9699999999999999,1.0,1.0,1.0,0.8,skip,attack_already_active,1785296196.277351,1785296196277350974,1384864494049297,5.5,53.35546875,-1.0,0,0
2026-07-28T23:36:36.281,10.42.0.1,10.42.0.1|10.42.0.210|10.42.0.47,49,3,UPLOAD,0.95,UPLOAD,0.95,1,7240,100.0,9,0.0,86781.0,0,9,0.0,1.0,0.05812512416160412,1,0,1,1,1,1,1,1,0.9699999999999999,1.0,1.0,1.0,0.8,skip,attack_already_active,1785296196.2813168,1785296196281316894,1384864498015243,5.5,53.35546875,-1.0,0,0
2026-07-28T23:36:36.282,10.42.0.1,10.42.0.1|10.42.0.210|10.42.0.47,49,3,UPLOAD,0.9610525473214457,UPLOAD,0.9610525473214457,1,7240,100.0,10,0.0,94021.0,0,10,0.0,1.0,0.05059990086595386,1,0,1,1,1,1,1,1,0.9699999999999999,1.0,1.0,1.0,0.8,skip,attack_already_active,1785296196.282335,1785296196282334971,1384864499033377,5.5,53.35546875,-1.0,0,0
2026-07-28T23:36:36.292,10.42.0.1,10.42.0.1|10.42.0.210|10.42.0.47,49,3,UPLOAD,0.981563914750772,UPLOAD,0.981563914750772,1,1448,100.0,11,0.0,95469.0,0,11,0.0,1.0,0.04521678663167965,1,0,1,1,1,1,1,1,0.9699999999999999,1.0,1.0,1.0,0.8,skip,attack_already_active,1785296196.292084,1785296196292083901,1384864508782587,5.5,53.35546875,-1.0,0,0
2026-07-28T23:36:36.323,10.42.0.1,10.42.0.1|10.42.0.210|10.42.0.47,49,3,UPLOAD,0.9827490128903692,UPLOAD,0.9827490128903692,1,14480,100.0,12,0.0,109949.0,0,12,0.0,1.0,0.04335765875854416,1,0,1,1,1,1,1,1,0.9699999999999999,1.0,1.0,1.0,0.8,skip,attack_already_active,1785296196.3231924,1785296196323192320,1384864539890979,5.5,53.35546875,-1.0,0,0
2026-07-28T23:36:36.324,10.42.0.1,10.42.0.1|10.42.0.210|10.42.0.47,49,3,UPLOAD,0.983198310950317,UPLOAD,0.983198310950317,1,14480,100.0,13,0.0,124429.0,0,13,0.0,1.0,0.03779047468465938,1,0,1,1,1,1,1,1,0.9699999999999999,1.0,1.0,1.0,0.8,skip,attack_already_active,1785296196.3243022,1785296196324302041,1384864541008847,5.5,53.35546875,-1.0,0,0
2026-07-28T23:36:36.325,10.42.0.1,10.42.0.1|10.42.0.210|10.42.0.47,49,3,UPLOAD,0.9834079975277734,UPLOAD,0.9834079975277734,1,1448,100.0,14,0.0,125877.0,0,14,0.0,1.0,0.032949017546869276,1,0,1,1,1,1,1,1,0.9699999999999999,1.0,1.0,1.0,0.8,skip,attack_already_active,1785296196.3253522,1785296196325352219,1384864542050789,5.5,53.35546875,-1.0,0,0
2026-07-28T23:36:36.326,10.42.0.1,10.42.0.1|10.42.0.210|10.42.0.47,49,3,UPLOAD,0.9834616637474127,UPLOAD,0.9834616637474127,1,14480,100.0,15,0.0,140357.0,0,15,0.0,1.0,0.028806804940709176,1,0,1,1,1,1,1,1,0.9699999999999999,1.0,1.0,1.0,0.8,skip,attack_already_active,1785296196.326867,1785296196326867267,1384864543565707,5.5,53.35546875,-1.0,0,0
2026-07-28T23:36:36.329,10.42.0.1,10.42.0.1|10.42.0.210|10.42.0.47,49,3,UPLOAD,0.9833453464898947,UPLOAD,0.9833453464898947,1,14480,100.0,16,0.0,154837.0,0,16,0.0,1.0,0.02533390090305911,1,0,1,1,1,1,1,1,0.9699999999999999,1.0,1.0,1.0,0.8,skip,attack_already_active,1785296196.329319,1785296196329319009,1384864546017871,5.5,53.35546875,-1.0,0,0
2026-07-28T23:36:36.330,10.42.0.1,10.42.0.1|10.42.0.210|10.42.0.47,49,3,UPLOAD,0.9831496329139409,UPLOAD,0.9831496329139409,1,4233,100.0,17,0.0,159070.0,0,17,0.0,1.0,0.022138426275604525,1,0,1,1,1,1,1,1,0.9699999999999999,1.0,1.0,1.0,0.8,skip,attack_already_active,1785296196.3304033,1785296196330403306,1384864547101655,5.5,53.35546875,-1.0,0,0
2026-07-28T23:36:36.613,10.42.0.1,10.42.0.210,50,1,DOWNLOAD,0.9785687895880381,DOWNLOAD,0.9785687895880381,-1,1448,54.923342504196576,10,1448.0,79529.0,1,9,0.017881620707114364,0.9821183792928856,0.11881977891961751,0,0,0,0,1,0,0,0,0.44,0.8500000000000001,0.0,0.6000000000000001,0.15,skip,training_upload_trigger_not_confirmed,1785296196.6138744,1785296196613874485,1384864830573507,58.0,53.35546875,-1.0,0,0
2026-07-28T23:36:36.616,10.42.0.1,10.42.0.210,50,1,DOWNLOAD,0.95,DOWNLOAD,0.95,-1,5792,10.984668506908193,11,7240.0,79529.0,2,9,0.08343993822678607,0.9165600617732139,0.10356645731949778,0,0,0,0,1,0,0,0,0.44,0.8500000000000001,0.0,0.6000000000000001,0.15,skip,training_upload_trigger_not_confirmed,1785296196.616941,1785296196616940964,1384864833640163,58.0,53.35546875,-1.0,0,0
2026-07-28T23:36:36.618,10.42.0.1,10.42.0.210,50,1,DOWNLOAD,0.95,DOWNLOAD,0.95,-1,7240,5.492334253833402,12,14480.0,79529.0,3,9,0.15402780584837622,0.8459721941516238,0.09007669534472953,0,0,0,0,1,0,0,0,0.44,0.8500000000000001,0.0,0.6000000000000001,0.15,skip,training_upload_trigger_not_confirmed,1785296196.6181374,1785296196618137314,1384864834835852,58.0,53.35546875,-1.0,0,0
2026-07-28T23:36:36.619,10.42.0.1,10.42.0.210,50,1,DOWNLOAD,0.95,DOWNLOAD,0.95,-1,7240,3.6615561693065577,13,21720.0,79529.0,4,9,0.21452063724086165,0.7854793627591383,0.07843108181430765,0,0,0,0,1,0,0,0,0.44,0.8500000000000001,0.0,0.6000000000000001,0.15,skip,training_upload_trigger_not_confirmed,1785296196.6198387,1785296196619838725,1384864836537739,58.0,53.35546875,-1.0,0,0
2026-07-28T23:36:36.621,10.42.0.1,10.42.0.210,50,1,DOWNLOAD,0.95,DOWNLOAD,0.95,-1,7240,2.7461671270115273,14,28960.0,79529.0,5,9,0.266939505387643,0.733060494612357,0.06825622249793062,0,0,0,0,1,0,0,0,0.4,0.8500000000000001,0.0,0.4,0.15,skip,training_upload_trigger_not_confirmed,1785296196.6210556,1785296196621055528,1384864837754390,58.0,53.35546875,-1.0,0,0
2026-07-28T23:36:36.623,10.42.0.1,10.42.0.210,50,1,DOWNLOAD,0.95,DOWNLOAD,0.95,-1,7240,2.1969337016243937,15,36200.0,79529.0,6,9,0.31279973040465225,0.6872002695953477,0.05954040526373829,0,0,0,0,1,0,0,0,0.4,0.8500000000000001,0.0,0.4,0.15,skip,training_upload_trigger_not_confirmed,1785296196.62317,1785296196623169885,1384864839868494,58.0,53.35546875,-1.0,0,0
2026-07-28T23:36:36.624,10.42.0.1,10.42.0.210,50,1,DOWNLOAD,0.95,DOWNLOAD,0.95,-1,7240,1.8307780846954238,16,43440.0,79529.0,7,9,0.35325976465613285,0.6467402353438672,0.051846183589926084,0,0,0,0,1,0,0,0,0.4,0.8500000000000001,0.0,0.4,0.15,skip,training_upload_trigger_not_confirmed,1785296196.624321,1785296196624320974,1384864841019608,58.0,53.35546875,-1.0,0,0
2026-07-28T23:36:36.625,10.42.0.1,10.42.0.210,50,1,DOWNLOAD,0.95,DOWNLOAD,0.95,-1,7240,1.569238358315524,17,50680.0,79529.0,8,9,0.3892204071915152,0.6107795928084848,0.045222069764515,0,0,0,0,1,0,0,0,0.4,0.8500000000000001,0.0,0.4,0.15,skip,training_upload_trigger_not_confirmed,1785296196.6258986,1785296196625898437,1384864842596595,58.0,53.35546875,-1.0,0,0
2026-07-28T23:36:36.626,10.42.0.1,10.42.0.210,50,1,DOWNLOAD,0.95,DOWNLOAD,0.95,-1,7240,1.37308356352947,18,57920.0,79529.0,9,9,0.42139266200554387,0.5786073379944561,0.039363962747198014,0,0,0,0,1,0,0,0,0.32,0.8500000000000001,0.0,0.0,0.15,skip,training_upload_trigger_not_confirmed,1785296196.626665,1785296196626665166,1384864843363403,58.0,53.35546875,-1.0,0,0
2026-07-28T23:36:36.627,10.42.0.1,10.42.0.210,50,1,DOWNLOAD,0.95,DOWNLOAD,0.95,-1,7240,1.2205187231396482,19,65160.0,79529.0,10,9,0.4503452232028696,0.5496547767971304,0.03430909648187252,0,0,0,0,1,0,0,0,0.32,0.8500000000000001,0.0,0.0,0.15,skip,training_upload_trigger_not_confirmed,1785296196.627669,1785296196627668893,1384864844367351,58.0,53.35546875,-1.0,0,0
2026-07-28T23:36:36.628,10.42.0.1,10.42.0.210,50,1,DOWNLOAD,0.95,DOWNLOAD,0.95,-1,10136,1.0562181257961085,20,75296.0,79529.0,11,9,0.48632972711125466,0.5136702728887453,0.029886621575684797,0,0,0,0,1,0,0,0,0.30250000000000005,0.8000000000000002,0.0,0.0,0.15,skip,training_upload_trigger_not_confirmed,1785296196.6284173,1785296196628417335,1384864845115625,58.0,53.35546875,-1.0,0,0
2026-07-28T23:36:36.629,10.42.0.1,10.42.0.210,50,1,DOWNLOAD,0.95,DOWNLOAD,0.95,-1,14480,0.8858603635728273,21,89776.0,79529.0,12,9,0.5302619532795841,0.4697380467204158,0.026044842397200084,0,0,0,0,1,0,0,0,0.30250000000000005,0.8000000000000002,0.0,0.0,0.15,skip,training_upload_trigger_not_confirmed,1785296196.6291497,1785296196629149805,1384864845848379,58.0,53.35546875,-1.0,0,0
2026-07-28T23:36:36.629,10.42.0.1,10.42.0.210,50,1,DOWNLOAD,0.95,DOWNLOAD,0.95,-1,14480,0.7628242019666702,22,104256.0,79529.0,13,9,0.5672715401148081,0.43272845988519193,0.022714275591253785,0,0,0,0,1,0,0,0,0.28500000000000003,0.7500000000000001,0.0,0.0,0.15,skip,training_upload_trigger_not_confirmed,1785296196.6299198,1785296196629919661,1384864846617948,58.0,53.35546875,-1.0,0,0
2026-07-28T23:36:36.630,10.42.0.1,10.42.0.210,50,1,DOWNLOAD,0.95,DOWNLOAD,0.95,-1,10136,0.6952321840714802,23,114392.0,79529.0,14,9,0.5898896973509832,0.4101103026490169,0.01981778558223624,0,0,0,0,1,0,0,0,0.28500000000000003,0.7500000000000001,0.0,0.0,0.15,skip,training_upload_trigger_not_confirmed,1785296196.6306534,1785296196630653403,1384864847351726,58.0,53.35546875,-1.0,0,0
2026-07-28T23:36:36.631,10.42.0.1,10.42.0.210,50,1,DOWNLOAD,0.95,DOWNLOAD,0.95,-1,14480,0.6171162083337178,24,128872.0,79529.0,15,9,0.6183847486336438,0.3816152513663562,0.017301816558685932,0,0,0,0,1,0,0,0,0.28500000000000003,0.7500000000000001,0.0,0.0,0.15,skip,training_upload_trigger_not_confirmed,1785296196.6313782,1785296196631378142,1384864848076359,58.0,53.35546875,-1.0,0,0
2026-07-28T23:36:36.634,10.42.0.1,10.42.0.210,50,1,DOWNLOAD,0.95,DOWNLOAD,0.95,-1,4344,0.596992853714291,25,133216.0,79529.0,16,9,0.6261768784225246,0.3738231215774754,0.015381263444744019,0,0,0,0,1,0,0,0,0.28500000000000003,0.7500000000000001,0.0,0.0,0.15,skip,training_upload_trigger_not_confirmed,1785296196.6341054,1785296196634105408,1384864850803978,58.0,53.35546875,-1.0,0,0
2026-07-28T23:36:36.634,10.42.0.1,10.42.0.210,50,1,DOWNLOAD,0.95,DOWNLOAD,0.95,-1,5792,0.5721181514763746,26,139008.0,79529.0,17,9,0.636084507428948,0.36391549257105205,0.01345783197449185,0,0,0,0,1,0,0,0,0.28500000000000003,0.7500000000000001,0.0,0.0,0.15,skip,training_upload_trigger_not_confirmed,1785296196.6348903,1785296196634890251,1384864851588614,58.0,53.35546875,-1.0,0,0
2026-07-28T23:36:36.635,10.42.0.1,10.42.0.210,50,1,DOWNLOAD,0.95,DOWNLOAD,0.95,-1,20272,0.4993031140162022,27,159280.0,79529.0,18,9,0.6669765377351775,0.3330234622648225,0.011789430538561982,0,0,0,0,1,0,0,0,0.28500000000000003,0.7500000000000001,0.0,0.0,0.15,skip,training_upload_trigger_not_confirmed,1785296196.635687,1785296196635687246,1384864852385771,58.0,53.35546875,-1.0,0,0
2026-07-28T23:36:36.637,10.42.0.1,10.42.0.210,50,1,DOWNLOAD,0.95,DOWNLOAD,0.95,-1,18824,0.4465312401773877,28,178104.0,79529.0,19,9,0.6913089549863566,0.3086910450136434,0.010525176762701623,0,0,0,0,1,0,0,0,0.28500000000000003,0.7500000000000001,0.0,0.0,0.15,skip,training_upload_trigger_not_confirmed,1785296196.6378825,1785296196637882271,1384864854581037,58.0,53.35546875,-1.0,0,0
2026-07-28T23:36:36.639,10.42.0.1,10.42.0.210,50,1,DOWNLOAD,0.95,DOWNLOAD,0.95,-1,18824,0.40384810692535417,29,196928.0,79529.0,20,9,0.7123277761098471,0.2876722238901529,0.009319129045012772,0,0,0,0,1,0,0,0,0.28500000000000003,0.7500000000000001,0.0,0.0,0.15,skip,training_upload_trigger_not_confirmed,1785296196.6392553,1785296196639255362,1384864855954100,58.0,53.35546875,-1.0,0,0
2026-07-28T23:36:36.640,10.42.0.1,10.42.0.210,50,1,DOWNLOAD,0.95,DOWNLOAD,0.95,-1,10136,0.3840793184745582,30,207064.0,79529.0,21,9,0.7225019452673304,0.2774980547326697,0.00820860714676546,0,0,0,0,1,0,0,0,0.28500000000000003,0.7500000000000001,0.0,0.0,0.15,skip,training_upload_trigger_not_confirmed,1785296196.640147,1785296196640146981,1384864856845470,58.0,53.35546875,-1.0,0,0
2026-07-28T23:36:36.641,10.42.0.1,10.42.0.210,50,1,DOWNLOAD,0.95,DOWNLOAD,0.95,-1,21720,0.34761609203725946,31,228784.0,79529.0,22,9,0.742051097423722,0.257948902576278,0.007250770013021922,0,0,0,0,1,0,0,0,0.28500000000000003,0.7500000000000001,0.0,0.0,0.15,skip,training_upload_trigger_not_confirmed,1785296196.6410868,1785296196641086761,1384864857785516,58.0,53.35546875,-1.0,0,0
2026-07-28T23:36:36.642,10.42.0.1,10.42.0.210,50,1,DOWNLOAD,0.95,DOWNLOAD,0.95,-1,14024,0.32753863134934785,32,242808.0,79529.0,23,9,0.7532737476616088,0.24672625233839118,0.006447489927174853,0,0,0,0,1,0,0,0,0.28500000000000003,0.7500000000000001,0.0,0.0,0.15,skip,training_upload_trigger_not_confirmed,1785296196.6422417,1785296196642241844,1384864858940529,58.0,53.35546875,-1.0,0,0
2026-07-28T23:36:36.643,10.42.0.1,10.42.0.210,50,1,DOWNLOAD,0.95,DOWNLOAD,0.95,-1,6810,0.31860282511950816,33,249618.0,79529.0,24,9,0.7583784752709276,0.24162152472907242,0.005761026349009882,0,0,0,0,1,0,0,0,0.28500000000000003,0.7500000000000001,0.0,0.0,0.15,skip,training_upload_trigger_not_confirmed,1785296196.6434798,1785296196643479881,1384864860178612,58.0,53.35546875,-1.0,0,0
2026-07-28T23:36:36.645,10.42.0.210,10.42.0.210,50,1,DOWNLOAD,0.9830975604784762,DOWNLOAD,0.9830975604784762,-1,7240,7.399999999116022,38,7240.0,53576.0,1,37,0.11904761904761904,0.8809523809523809,0.05054860199346186,0,0,0,0,0,0,0,0,0.057499999999999996,0.1,0.0,0.0,0.15,skip,training_upload_trigger_not_confirmed,1785296196.6451783,1785296196645178275,1384864861876816,58.0,53.35546875,-1.0,0,0
2026-07-28T23:36:36.646,10.42.0.210,10.42.0.210,50,1,DOWNLOAD,0.95,DOWNLOAD,0.95,-1,7240,3.699999999813536,39,14480.0,53576.0,2,37,0.2127659574468085,0.7872340425531915,0.04404552249787316,0,0,0,0,0,0,0,0,0.057499999999999996,0.1,0.0,0.0,0.15,skip,training_upload_trigger_not_confirmed,1785296196.6463768,1785296196646376849,1384864863075597,58.0,53.35546875,-1.0,0,0
2026-07-28T23:36:36.647,10.42.0.1,10.42.0.210,50,1,DOWNLOAD,0.95,DOWNLOAD,0.95,-1,21264,0.29359278209960943,34,270882.0,79529.0,25,9,0.7730408006597966,0.22695919934020337,0.00554027154455182,0,0,0,0,1,0,0,0,0.28500000000000003,0.7500000000000001,0.0,0.0,0.15,skip,training_upload_trigger_not_confirmed,1785296196.6475656,1785296196647565555,1384864864264196,58.0,53.35546875,-1.0,0,0
2026-07-28T23:36:36.649,10.42.0.59,10.42.0.210,16,2,TRAINING,0.95,TRAINING,0.95,-1,7300,1.3698630135109776e-10,1,7300.0,0.0,1,0,1.0,0.0,0.4225639561931787,0,0,0,0,0,0,0,0,0.0225,0.0,0.0,0.0,0.15,skip,already_attacked_this_round,1785296196.6492062,1785296196649206397,1384864865904859,58.0,53.35546875,-1.0,0,0
2026-07-28T23:36:36.650,10.42.0.59,10.42.0.210,16,2,TRAINING,0.95,TRAINING,0.95,-1,7300,6.84931506802402e-11,2,14600.0,0.0,2,0,1.0,0.0,0.3670241418881508,0,0,0,0,0,0,0,0,0.0225,0.0,0.0,0.0,0.15,skip,already_attacked_this_round,1785296196.6502938,1785296196650293657,1384864866992037,58.0,53.35546875,-1.0,0,0
2026-07-28T23:36:36.651,10.42.0.1,10.42.0.210,50,1,DOWNLOAD,0.95,DOWNLOAD,0.95,-1,18824,0.2745162337014956,35,289706.0,79529.0,26,9,0.7846114263274067,0.21538857367259334,0.005323818194193078,0,0,0,0,1,0,0,0,0.28500000000000003,0.7500000000000001,0.0,0.0,0.15,skip,training_upload_trigger_not_confirmed,1785296196.6514633,1785296196651463152,1384864868161672,58.0,53.35546875,-1.0,0,0
2026-07-28T23:36:36.653,10.42.0.145,10.42.0.210,22,2,TRAINING,0.95,TRAINING,0.95,-1,14600,6.84931506802402e-11,1,14600.0,0.0,1,0,1.0,0.0,0.39934586269798455,0,0,0,0,0,0,0,0,0.0225,0.0,0.0,0.0,0.15,skip,training_upload_trigger_not_confirmed,1785296196.6531065,1785296196653106528,1384864869804962,58.0,53.35546875,-1.0,0,0
2026-07-28T23:36:36.654,10.42.0.145,10.42.0.210,22,2,TRAINING,0.95,TRAINING,0.95,-1,14600,3.424657534129292e-11,2,29200.0,0.0,2,0,1.0,0.0,0.3468748999041028,0,0,0,0,0,0,0,0,0.0225,0.0,0.0,0.0,0.15,skip,training_upload_trigger_not_confirmed,1785296196.6542647,1785296196654264469,1384864870962865,58.0,53.35546875,-1.0,0,0
2026-07-28T23:36:36.656,10.42.0.18,10.42.0.210,38,1,DOWNLOAD,0.95,DOWNLOAD,0.95,-1,10220,9.784735811175661e-11,1,10220.0,0.0,1,0,1.0,0.0,0.45095344933801257,0,0,0,0,0,0,0,0,0.0225,0.0,0.0,0.0,0.15,skip,already_attacked_this_round,1785296196.6563938,1785296196656393706,1384864873092352,58.0,53.35546875,-1.0,0,0
2026-07-28T23:36:36.657,10.42.0.18,10.42.0.210,38,1,DOWNLOAD,0.9530559424649957,DOWNLOAD,0.9530559424649957,-1,4380,6.84931506802402e-11,2,14600.0,0.0,2,0,1.0,0.0,0.39167381851897676,0,0,0,0,0,0,0,0,0.0225,0.0,0.0,0.0,0.15,skip,already_attacked_this_round,1785296196.6574905,1785296196657490359,1384864874188958,58.0,53.35546875,-1.0,0,0
2026-07-28T23:36:36.658,10.42.0.18,10.42.0.210,38,1,DOWNLOAD,0.9551367489074298,DOWNLOAD,0.9551367489074298,-1,14600,3.424657534129292e-11,3,29200.0,0.0,3,0,1.0,0.0,0.3402173540292389,0,0,0,0,0,0,0,0,0.0225,0.0,0.0,0.0,0.15,skip,already_attacked_this_round,1785296196.6586754,1785296196658675455,1384864875374714,58.0,53.35546875,-1.0,0,0
2026-07-28T23:36:36.660,10.42.0.59,10.42.0.210,16,2,TRAINING,0.95,TRAINING,0.95,-1,14600,3.424657534129292e-11,3,29200.0,0.0,3,0,1.0,0.0,0.32001222172446037,0,0,0,0,0,0,0,0,0.0225,0.0,0.0,0.0,0.15,skip,already_attacked_this_round,1785296196.6605575,1785296196660557627,1384864877256579,58.0,53.35546875,-1.0,0,0
2026-07-28T23:36:36.661,10.42.0.59,10.42.0.210,16,2,TRAINING,0.95,TRAINING,0.95,-1,14600,2.2831050227789245e-11,4,43800.0,0.0,4,0,1.0,0.0,0.2780024134252483,0,0,0,0,0,0,0,0,0.0225,0.0,0.0,0.0,0.15,skip,already_attacked_this_round,1785296196.661769,1785296196661768962,1384864878467747,58.0,53.35546875,-1.0,0,0
2026-07-28T23:36:36.663,10.42.0.210,10.42.0.210,50,1,DOWNLOAD,0.9557926560077417,DOWNLOAD,0.9557926560077417,-1,10136,2.176470588187501,40,24616.0,53576.0,3,37,0.3148148148148148,0.6851851851851852,0.040506867514711116,0,0,0,0,0,0,0,0,0.057499999999999996,0.1,0.0,0.0,0.15,skip,training_upload_trigger_not_confirmed,1785296196.6635685,1785296196663568466,1384864880267519,58.0,53.35546875,-1.0,0,0
2026-07-28T23:36:36.666,10.42.0.210,10.42.0.210,50,1,DOWNLOAD,0.9846998846180315,DOWNLOAD,0.9846998846180315,-1,14480,1.370370370360897,41,39096.0,53576.0,4,37,0.421875,0.578125,0.03553401061461369,0,0,0,0,0,0,0,0,0.057499999999999996,0.1,0.0,0.0,0.15,skip,training_upload_trigger_not_confirmed,1785296196.6663377,1785296196666337782,1384864883037593,58.0,53.35546875,-1.0,0,0
2026-07-28T23:36:36.667,10.42.0.210,10.42.0.210,50,1,DOWNLOAD,0.9854895428954357,DOWNLOAD,0.9854895428954357,-1,4344,1.233333333327962,42,43440.0,53576.0,5,37,0.44776119402985076,0.5522388059701493,0.031008873989884674,0,0,0,0,0,0,0,0,0.057499999999999996,0.1,0.0,0.0,0.15,skip,training_upload_trigger_not_confirmed,1785296196.6675317,1785296196667531867,1384864884230587,58.0,53.35546875,-1.0,0,0
2026-07-28T23:36:36.671,10.42.0.47,10.42.0.210,50,1,DOWNLOAD,0.9842224679596718,DOWNLOAD,0.9842224679596718,-1,2896,3.4530386728408016e-10,1,2896.0,0.0,1,0,1.0,0.0,0.3168738320684444,0,0,0,0,0,0,0,0,0.0225,0.0,0.0,0.0,0.15,skip,training_upload_trigger_not_confirmed,1785296196.6715062,1785296196671506140,1384864888204906,58.0,53.35546875,-1.0,0,0
2026-07-28T23:36:36.672,10.42.0.47,10.42.0.210,50,1,DOWNLOAD,0.9829981496648164,DOWNLOAD,0.9829981496648164,-1,2896,1.7265193367184875e-10,2,5792.0,0.0,2,0,1.0,0.0,0.27527051446563994,0,0,0,0,0,0,0,0,0.0225,0.0,0.0,0.0,0.15,skip,training_upload_trigger_not_confirmed,1785296196.672664,1785296196672663924,1384864889362699,58.0,53.35546875,-1.0,0,0
2026-07-28T23:36:36.673,10.42.0.47,10.42.0.210,50,1,DOWNLOAD,0.9842257140988042,DOWNLOAD,0.9842257140988042,-1,2896,1.1510128912119e-10,3,8688.0,0.0,3,0,1.0,0.0,0.2391403094525974,0,0,0,0,0,0,0,0,0.0225,0.0,0.0,0.0,0.15,skip,training_upload_trigger_not_confirmed,1785296196.6737523,1785296196673752288,1384864890451075,58.0,53.35546875,-1.0,0,0
2026-07-28T23:36:36.674,10.42.0.47,10.42.0.210,50,1,DOWNLOAD,0.9842586901286671,DOWNLOAD,0.9842586901286671,-1,2896,8.632596684337655e-11,4,11584.0,0.0,4,0,1.0,0.0,0.20775656530086772,0,0,0,0,0,0,0,0,0.0225,0.0,0.0,0.0,0.15,skip,training_upload_trigger_not_confirmed,1785296196.67473,1785296196674729917,1384864891428479,58.0,53.35546875,-1.0,0,0
2026-07-28T23:36:36.678,10.42.0.47,10.42.0.210,50,1,DOWNLOAD,0.9842595481342594,DOWNLOAD,0.9842595481342594,-1,8688,4.932912391232591e-11,5,20272.0,0.0,5,0,1.0,0.0,0.1808577597588029,0,0,0,0,0,0,0,0,0.0225,0.0,0.0,0.0,0.15,skip,training_upload_trigger_not_confirmed,1785296196.678359,1785296196678359099,1384864895058022,58.0,53.35546875,-1.0,0,0
2026-07-28T23:36:36.679,10.42.0.18,10.42.0.210,38,1,DOWNLOAD,0.9560051190702987,DOWNLOAD,0.9560051190702987,-1,14600,2.2831050227789245e-11,4,43800.0,0.0,4,0,1.0,0.0,0.298192356406702,0,0,0,0,0,0,0,0,0.0225,0.0,0.0,0.0,0.15,skip,already_attacked_this_round,1785296196.6799767,1785296196679976682,1384864896675041,58.0,53.35546875,-1.0,0,0
2026-07-28T23:36:36.681,10.42.0.210,10.42.0.210,50,1,DOWNLOAD,0.9855083405864443,DOWNLOAD,0.9855083405864443,-1,14480,0.9250000000012949,43,57920.0,53576.0,6,37,0.5194805194805194,0.4805194805194805,0.028779312167921296,0,0,0,0,0,0,0,0,0.039999999999999994,0.05,0.0,0.0,0.15,skip,training_upload_trigger_not_confirmed,1785296196.681621,1785296196681620959,1384864898319442,58.0,53.35546875,-1.0,0,0
2026-07-28T23:36:36.683,10.42.0.210,10.42.0.210,50,1,DOWNLOAD,0.9855087208476458,DOWNLOAD,0.9855087208476458,-1,20272,0.6851851851892115,44,78192.0,53576.0,7,37,0.5934065934065934,0.4065934065934066,0.02525699826684284,0,0,0,0,0,0,0,0,0.0225,0.0,0.0,0.0,0.15,skip,training_upload_trigger_not_confirmed,1785296196.6836705,1785296196683670608,1384864900369105,58.0,53.35546875,-1.0,0,0
2026-07-28T23:36:36.685,10.42.0.210,10.42.0.210,50,1,DOWNLOAD,0.9855087261970161,DOWNLOAD,0.9855087261970161,-1,992,0.6766013336068323,45,79184.0,53576.0,8,37,0.5964447122627298,0.4035552877372703,0.022141184330227385,0,0,0,0,0,0,0,0,0.0225,0.0,0.0,0.0,0.15,skip,training_upload_trigger_not_confirmed,1785296196.6852825,1785296196685282513,1384864901981024,58.0,53.35546875,-1.0,0,0
2026-07-28T23:36:36.687,10.42.0.18,10.42.0.210,38,1,DOWNLOAD,0.957701758973116,DOWNLOAD,0.957701758973116,-1,20784,1.5483711135645304e-11,5,64584.0,0.0,5,0,1.0,0.0,0.2598824953260585,0,0,0,0,0,0,0,0,0.0225,0.0,0.0,0.0,0.15,skip,already_attacked_this_round,1785296196.687446,1785296196687446088,1384864904144663,58.0,53.35546875,-1.0,0,0
2026-07-28T23:36:36.689,10.42.0.145,10.42.0.210,22,2,TRAINING,0.95,TRAINING,0.95,-1,29200,1.7123287670939668e-11,3,58400.0,0.0,3,0,1.0,0.0,0.3057535076555508,0,0,0,0,0,0,0,0,0.0225,0.0,0.0,0.0,0.15,skip,training_upload_trigger_not_confirmed,1785296196.6890807,1785296196689080894,1384864905779367,58.0,53.35546875,-1.0,0,0
2026-07-28T23:36:36.689,10.42.0.47,10.42.0.210,50,1,DOWNLOAD,0.9842595696464124,DOWNLOAD,0.9842595696464124,-1,8688,3.453038673913914e-11,6,28960.0,0.0,6,0,1.0,0.0,0.1585473444370812,0,0,0,0,0,0,0,0,0.0225,0.0,0.0,0.0,0.15,skip,training_upload_trigger_not_confirmed,1785296196.6899092,1785296196689909130,1384864906607341,58.0,53.35546875,-1.0,0,0
2026-07-28T23:36:36.690,10.42.0.47,10.42.0.210,50,1,DOWNLOAD,0.9842595701605352,DOWNLOAD,0.9842595701605352,-1,9693,2.5871213100512994e-11,7,38653.0,0.0,7,0,1.0,0.0,0.13774637147013413,0,0,0,0,0,0,0,0,0.0225,0.0,0.0,0.0,0.15,skip,training_upload_trigger_not_confirmed,1785296196.6906037,1785296196690603734,1384864907301901,58.0,53.35546875,-1.0,0,0
2026-07-28T23:36:36.992,10.42.0.59,10.42.0.210,16,3,UPLOAD,0.95,UPLOAD,0.95,1,64240,1.4666666666560122,5,43800.0,64240.0,4,1,0.40540540540540543,0.5945945945945946,0.4885092282766253,0,0,0,1,1,1,1,1,0.85,1.0,1.0,0.4,0.8,skip,already_attacked_this_round,1785296196.9929776,1785296196992977640,1384865209676785,58.0,53.35546875,-1.0,0,0
2026-07-28T23:36:36.995,10.42.0.59,10.42.0.210,16,3,UPLOAD,0.9841010226033655,UPLOAD,0.9841010226033655,1,6554,1.6163013698489428,6,43800.0,70794.0,4,2,0.3822189643436829,0.617781035656317,0.4244570509623281,0,0,0,1,1,1,1,1,0.9299999999999999,1.0,1.0,0.8,0.8,skip,already_attacked_this_round,1785296196.9954126,1785296196995412499,1384865212111314,58.0,53.35546875,-1.0,0,0
2026-07-28T23:36:36.997,10.42.0.1,10.42.0.1,50,3,UPLOAD,0.95,UPLOAD,0.95,1,7240,0.2995070864970021,36,289706.0,86769.0,26,10,0.7695225446576798,0.2304774553423202,0.005009118330798004,1,0,0,0,1,0,0,0,0.85,1.0,1.0,0.4,0.8,trigger,training_upload_trigger_confirmed,1785296196.997121,1785296196997121110,1384865213819771,58.0,53.35546875,23.333473,1785296197020455851,1384865237153244
2026-07-28T23:36:36.998,10.42.0.1,10.42.0.1,50,3,UPLOAD,0.95,UPLOAD,0.95,1,5792,0.3194997687334073,37,289706.0,92561.0,26,11,0.7578629596590865,0.24213704034091355,0.004477353418559023,1,0,1,1,1,1,1,1,0.85,1.0,1.0,0.4,0.8,skip,attack_already_active,1785296196.9980948,1785296196998094748,1384865214793437,58.0,53.35546875,-1.0,0,0
2026-07-28T23:36:36.999,10.42.0.145,10.42.0.1,22,3,UPLOAD,0.95,UPLOAD,0.95,1,64240,1.0999999999982877,4,58400.0,64240.0,3,1,0.47619047619047616,0.5238095238095238,0.5254246911292061,0,0,0,1,1,1,1,1,0.85,1.0,1.0,0.4,0.8,trigger,training_upload_trigger_confirmed,1785296196.999513,1785296196999512924,1384865216212214,58.0,53.35546875,40.998906,1785296197040513824,1384865257211120
2026-07-28T23:36:37.006,10.42.0.1,10.42.0.1,50,3,UPLOAD,0.95,UPLOAD,0.95,1,1448,0.3244979392925086,38,289706.0,94009.0,26,12,0.7550030621685365,0.24499693783146345,0.005053852224959188,1,0,1,1,1,1,1,1,0.9699999999999999,1.0,1.0,1.0,0.8,skip,attack_already_active,1785296197.006947,1785296197006947065,1384865223645716,58.0,53.35546875,-1.0,0,0
2026-07-28T23:36:37.025,10.42.0.1,10.42.0.1,50,3,UPLOAD,0.95,UPLOAD,0.95,1,1448,0.3294961098516099,39,289706.0,95457.0,26,13,0.7521646679457789,0.2478353320542212,0.006880169513858027,1,0,1,1,1,1,1,1,0.9699999999999999,1.0,1.0,1.0,0.8,skip,attack_already_active,1785296197.0258603,1785296197025860255,1384865242558861,58.0,53.35546875,-1.0,0,0
2026-07-28T23:36:37.041,10.42.0.1,10.42.0.1,50,3,UPLOAD,0.95,UPLOAD,0.95,1,1448,0.33449428041071116,40,289706.0,96905.0,26,14,0.7493475353779381,0.250652464622062,0.007995756452322873,1,0,1,1,1,1,1,1,0.9699999999999999,1.0,1.0,1.0,0.8,skip,attack_already_active,1785296197.0412064,1785296197041206288,1384865257905183,58.0,53.35546875,-1.0,0,0
2026-07-28T23:36:37.043,10.42.0.1,10.42.0.1,50,3,UPLOAD,0.95,UPLOAD,0.95,1,11584,0.3744796448835216,41,289706.0,108489.0,26,15,0.7275480606235638,0.2724519393764362,0.00721328417704079,1,0,1,1,1,1,1,1,0.9699999999999999,1.0,1.0,1.0,0.8,skip,attack_already_active,1785296197.0432642,1785296197043264220,1384865259962997,58.0,53.35546875,-1.0,0,0
2026-07-28T23:36:37.044,10.42.0.1,10.42.0.1,50,3,UPLOAD,0.95,UPLOAD,0.95,1,14480,0.42446135047453465,42,289706.0,122969.0,26,16,0.7020197491973102,0.29798025080268975,0.0063630420876971475,1,0,1,1,1,1,1,1,0.9699999999999999,1.0,1.0,1.0,0.8,skip,attack_already_active,1785296197.0440252,1785296197044024970,1384865260723265,58.0,53.35546875,-1.0,0,0
2026-07-28T23:36:37.044,10.42.0.1,10.42.0.1,50,3,UPLOAD,0.95,UPLOAD,0.95,1,14480,0.4744430560655477,43,289706.0,137449.0,26,17,0.6782221910079479,0.32177780899205205,0.005641051618528466,1,0,1,1,1,1,1,1,0.9699999999999999,1.0,1.0,1.0,0.8,skip,attack_already_active,1785296197.0449092,1785296197044909205,1384865261607619,58.0,53.35546875,-1.0,0,0
2026-07-28T23:36:37.045,10.42.0.1,10.42.0.1,50,3,UPLOAD,0.95,UPLOAD,0.95,1,14480,0.5244247616565607,44,289706.0,151929.0,26,18,0.6559851461048151,0.34401485389518494,0.004988878569726362,1,0,1,1,1,1,1,1,0.9699999999999999,1.0,1.0,1.0,0.8,skip,attack_already_active,1785296197.0456011,1785296197045601059,1384865262299440,58.0,53.35546875,-1.0,0,0
2026-07-28T23:36:37.046,10.42.0.1,10.42.0.1,50,3,UPLOAD,0.95,UPLOAD,0.95,1,2896,0.5344211027747633,45,289706.0,154825.0,26,19,0.6517115791699567,0.34828842083004335,0.004419974792050864,1,0,1,1,1,1,1,1,0.9699999999999999,1.0,1.0,1.0,0.8,skip,attack_already_active,1785296197.0462728,1785296197046272693,1384865262970794,58.0,53.35546875,-1.0,0,0
2026-07-28T23:36:37.047,10.42.0.1,10.42.0.1,50,3,UPLOAD,0.95,UPLOAD,0.95,1,2896,0.5444174438929659,46,289706.0,157721.0,26,20,0.6474933341081338,0.35250666589186613,0.003981112852732478,1,0,1,1,1,1,1,1,0.9699999999999999,1.0,1.0,1.0,0.8,skip,attack_already_active,1785296197.0473623,1785296197047362413,1384865264060760,58.0,53.35546875,-1.0,0,0
2026-07-28T23:36:37.048,10.42.0.1,10.42.0.1,50,3,UPLOAD,0.95,UPLOAD,0.95,1,14480,0.594399149483979,47,289706.0,172201.0,26,21,0.62719551771244,0.37280448228756,0.0035864779428016426,1,0,1,1,1,1,1,1,0.9699999999999999,1.0,1.0,1.0,0.8,skip,attack_already_active,1785296197.0483487,1785296197048348695,1384865265046867,58.0,53.35546875,-1.0,0,0
2026-07-28T23:36:37.049,10.42.0.1,10.42.0.1,50,3,UPLOAD,0.95,UPLOAD,0.95,1,15928,0.6493790256340932,48,289706.0,188129.0,26,22,0.6062887816924252,0.3937112183075748,0.0032811383891632817,1,0,1,1,1,1,1,1,0.9699999999999999,1.0,1.0,1.0,0.8,skip,attack_already_active,1785296197.049618,1785296197049617807,1384865266316002,58.0,53.35546875,-1.0,0,0
2026-07-28T23:36:37.050,10.42.0.1,10.42.0.1,50,3,UPLOAD,0.95,UPLOAD,0.95,1,1350,0.6540389222188907,49,289706.0,189479.0,26,23,0.6045806943038701,0.3954193056961299,0.002976982863363976,1,0,1,1,1,1,1,1,0.9699999999999999,1.0,1.0,1.0,0.8,skip,attack_already_active,1785296197.050591,1785296197050590918,1384865267289014,58.0,53.35546875,-1.0,0,0
2026-07-28T23:36:37.051,10.42.0.1,10.42.0.1,50,3,UPLOAD,0.95,UPLOAD,0.95,1,1448,0.659037092777992,50,289706.0,190927.0,26,24,0.602759277868977,0.39724072213102307,0.002719222184209331,1,0,1,1,1,1,1,1,0.9699999999999999,1.0,1.0,1.0,0.8,skip,attack_already_active,1785296197.051612,1785296197051611862,1384865268310180,83.5,53.35546875,-1.0,0,0
2026-07-28T23:36:37.052,10.42.0.1,10.42.0.1,50,3,UPLOAD,0.95,UPLOAD,0.95,1,14480,0.709018798369005,51,289706.0,205407.0,26,25,0.5851310710888221,0.4148689289111778,0.002496810150815463,1,0,1,1,1,1,1,1,0.9699999999999999,1.0,1.0,1.0,0.8,skip,attack_already_active,1785296197.0526433,1785296197052643377,1384865269341672,83.5,53.35546875,-1.0,0,0
2026-07-28T23:36:37.053,10.42.0.1,10.42.0.1,50,3,UPLOAD,0.95,UPLOAD,0.95,1,14480,0.7590005039600181,52,289706.0,219887.0,26,26,0.5685046694126489,0.43149533058735107,0.002308293297289126,1,0,1,1,1,1,1,1,0.9699999999999999,1.0,1.0,1.0,0.8,skip,attack_already_active,1785296197.0537095,1785296197053709591,1384865270407728,83.5,53.35546875,-1.0,0,0
2026-07-28T23:36:37.054,10.42.0.1,10.42.0.1,50,3,UPLOAD,0.95,UPLOAD,0.95,1,5693,0.7786514604468715,53,289706.0,225580.0,26,27,0.5622236971313018,0.4377763028686982,0.002135318577437109,1,0,1,1,1,1,1,1,0.9699999999999999,1.0,1.0,1.0,0.8,skip,attack_already_active,1785296197.0547051,1785296197054705162,1384865271403519,83.5,53.35546875,-1.0,0,0
2026-07-28T23:36:37.107,10.42.0.18,10.42.0.1,38,3,UPLOAD,0.95,UPLOAD,0.95,1,32120,0.49733680169241085,6,64584.0,32120.0,5,1,0.6678524156187955,0.3321475843812045,0.39013522101522086,0,0,0,1,1,1,1,1,0.9699999999999999,1.0,1.0,1.0,0.8,skip,already_attacked_this_round,1785296197.10774,1785296197107739883,1384865324438825,83.5,53.35546875,-1.0,0,0
2026-07-28T23:36:37.110,10.42.0.18,10.42.0.1,38,3,UPLOAD,0.9841010226033655,UPLOAD,0.9841010226033655,1,40880,1.1303109129175908,7,64584.0,73000.0,5,2,0.46941504826142577,0.5305849517385742,0.3391067991548451,0,0,0,1,1,1,1,1,0.9699999999999999,1.0,1.0,1.0,0.8,skip,already_attacked_this_round,1785296197.1106346,1785296197110634521,1384865327333299,83.5,53.35546875,-1.0,0,0
2026-07-28T23:36:37.112,10.42.0.18,10.42.0.1,38,3,UPLOAD,0.9854688349332961,UPLOAD,0.9854688349332961,1,6554,1.23179115570061,8,64584.0,79554.0,5,3,0.44807059900928276,0.5519294009907172,0.2946488633231885,0,0,0,1,1,1,1,1,0.9699999999999999,1.0,1.0,1.0,0.8,skip,already_attacked_this_round,1785296197.1123624,1785296197112362545,1384865329061288,83.5,53.35546875,-1.0,0,0
2026-07-28T23:36:37.114,10.42.0.1,10.42.0.1,50,3,UPLOAD,0.95,UPLOAD,0.95,1,7240,0.803642313242378,54,289706.0,232820.0,26,28,0.5544336549760204,0.4455663450239797,0.0024645368612972772,1,0,1,1,1,1,1,1,0.9699999999999999,1.0,1.0,1.0,0.8,skip,attack_already_active,1785296197.114053,1785296197114053170,1384865330751824,83.5,53.35546875,-1.0,0,0
2026-07-28T23:36:37.115,10.42.0.1,10.42.0.1,50,3,UPLOAD,0.95,UPLOAD,0.95,1,5792,0.8236349954787832,55,289706.0,238612.0,26,29,0.5483553465905004,0.4516446534094996,0.0022910804170271346,1,0,1,1,1,1,1,1,0.9699999999999999,1.0,1.0,1.0,0.8,skip,attack_already_active,1785296197.1152012,1785296197115201230,1384865331899708,83.5,53.35546875,-1.0,0,0
2026-07-28T23:36:37.117,10.42.0.1,10.42.0.1,50,3,UPLOAD,0.95,UPLOAD,0.95,1,2896,0.8336313365969859,56,289706.0,241508.0,26,30,0.545365897736129,0.4546341022638711,0.002247394793477975,1,0,1,1,1,1,1,1,0.9699999999999999,1.0,1.0,1.0,0.8,skip,attack_already_active,1785296197.1171608,1785296197117160741,1384865333859600,83.5,53.35546875,-1.0,0,0
2026-07-28T23:36:37.118,10.42.0.1,10.42.0.1,50,3,UPLOAD,0.95,UPLOAD,0.95,1,11584,0.8736167010697963,57,289706.0,253092.0,26,31,0.5337270955309341,0.46627290446906583,0.0020978080901230176,1,0,1,1,1,1,1,1,0.9699999999999999,1.0,1.0,1.0,0.8,skip,attack_already_active,1785296197.118273,1785296197118272906,1384865334971477,83.5,53.35546875,-1.0,0,0
2026-07-28T23:36:37.119,10.42.0.1,10.42.0.1,50,3,UPLOAD,0.95,UPLOAD,0.95,1,2896,0.8836130421879989,58,289706.0,255988.0,26,32,0.530894603935539,0.46910539606446106,0.001969912396481787,1,0,1,1,1,1,1,1,0.9699999999999999,1.0,1.0,1.0,0.8,skip,attack_already_active,1785296197.1194003,1785296197119400196,1384865336099024,83.5,53.35546875,-1.0,0,0
2026-07-28T23:36:37.121,10.42.0.1,10.42.0.1,50,3,UPLOAD,0.95,UPLOAD,0.95,1,11584,0.9235984066608093,59,289706.0,267572.0,26,33,0.5198590290662829,0.4801409709337171,0.001997798193610642,1,0,1,1,1,1,1,1,0.9699999999999999,1.0,1.0,1.0,0.8,skip,attack_already_active,1785296197.1215818,1785296197121581870,1384865338280511,83.5,53.35546875,-1.0,0,0
2026-07-28T23:36:37.123,10.42.0.1,10.42.0.1,50,3,UPLOAD,0.95,UPLOAD,0.95,1,5792,0.9435910888972144,60,289706.0,273364.0,26,34,0.5145115172181078,0.4854884827818921,0.0019771451908967624,1,0,1,1,1,1,1,1,0.9699999999999999,1.0,1.0,1.0,0.8,skip,attack_already_active,1785296197.1234229,1785296197123423006,1384865340121910,83.5,53.35546875,-1.0,0,0
2026-07-28T23:36:37.125,10.42.0.1,10.42.0.1,50,3,UPLOAD,0.95,UPLOAD,0.95,1,14480,0.9935727944882274,61,289706.0,287844.0,26,35,0.5016119816466107,0.4983880183533893,0.0020135973873116244,1,0,1,1,1,1,1,1,0.9699999999999999,1.0,1.0,1.0,0.8,skip,attack_already_active,1785296197.1256766,1785296197125676451,1384865342375033,83.5,53.35546875,-1.0,0,0
2026-07-28T23:36:37.126,10.42.0.1,10.42.0.1,50,3,UPLOAD,0.95,UPLOAD,0.95,1,8688,1.0235618178428352,62,289706.0,296532.0,26,36,0.49417813243085573,0.5058218675691443,0.0018879702019671285,1,0,1,1,1,1,1,1,0.9699999999999999,1.0,1.0,1.0,0.8,skip,attack_already_active,1785296197.1267369,1785296197126736918,1384865343435313,83.5,53.35546875,-1.0,0,0
2026-07-28T23:36:37.129,10.42.0.1,10.42.0.1,50,3,UPLOAD,0.95,UPLOAD,0.95,1,5792,1.0435545000792406,63,289706.0,302324.0,26,37,0.48934344543350844,0.5106565545664916,0.0020414533660531036,1,0,1,1,1,1,1,1,0.9699999999999999,1.0,1.0,1.0,0.8,skip,attack_already_active,1785296197.1297896,1785296197129789584,1384865346488254,83.5,53.35546875,-1.0,0,0
2026-07-28T23:36:37.130,10.42.0.1,10.42.0.1,50,3,UPLOAD,0.95,UPLOAD,0.95,1,2797,1.0532091154478913,64,289706.0,305121.0,26,38,0.4870424509983575,0.5129575490016425,0.0019234971847686723,1,0,1,1,1,1,1,1,0.9699999999999999,1.0,1.0,1.0,0.8,skip,attack_already_active,1785296197.130936,1785296197130935791,1384865347634325,83.5,53.35546875,-1.0,0,0
2026-07-28T23:36:37.696,10.42.0.47,10.42.0.1,50,2,TRAINING,0.9,TRAINING,0.9,0,43,1.0,0,0.0,0.0,0,0,0.0,0.0,0.4184358023947278,0,0,0,0,0,0,0,0,0.039999999999999994,0.05,0.0,0.0,0.15,skip,training_upload_trigger_not_confirmed,1785296197.696745,1785296197696744993,1384865913444028,24.2,53.35546875,-1.0,0,0
2026-07-28T23:36:37.776,10.42.0.1,10.42.0.1,50,3,UPLOAD,0.9746181813116327,UPLOAD,0.9746181813116327,0,47,100.0,29,0.0,225592.0,0,29,0.0,1.0,0.012096831744342153,1,0,1,0,0,0,0,0,0.45499999999999996,0.1,1.0,0.0,0.8,skip,attack_already_active,1785296197.7769365,1785296197776936379,1384865993634953,24.2,53.35546875,-1.0,0,0
2026-07-28T23:36:37.793,10.42.0.145,10.42.0.1,22,3,UPLOAD,0.9841010226033655,UPLOAD,0.9841010226033655,0,39,100.0,1,0.0,64240.0,0,1,0.0,1.0,0.4633247121273903,0,0,1,0,0,0,0,0,0.45499999999999996,0.1,1.0,0.0,0.8,skip,attack_already_active,1785296197.793411,1785296197793411026,1384866010109638,24.2,53.35546875,-1.0,0,0
2026-07-28T23:36:37.881,10.42.0.47,10.42.0.1|10.42.0.47,50,3,UPLOAD,0.95,UPLOAD,0.95,1,7240,100.0,1,0.0,7240.0,0,1,0.0,1.0,0.3816124730765347,1,0,0,1,1,1,1,1,0.9699999999999999,1.0,1.0,1.0,0.8,trigger,training_upload_trigger_confirmed,1785296197.8812041,1785296197881204267,1384866097902970,24.2,53.35546875,9.530721,1785296197890736376,1384866107433691
2026-07-28T23:36:37.882,10.42.0.47,10.42.0.1|10.42.0.47,50,3,UPLOAD,0.95,UPLOAD,0.95,1,1448,100.0,2,0.0,8688.0,0,2,0.0,1.0,0.33147948072664224,1,0,1,1,1,1,1,1,0.9699999999999999,1.0,1.0,1.0,0.8,skip,attack_already_active,1785296197.8823712,1785296197882371001,1384866099069633,24.2,53.35546875,-1.0,0,0
2026-07-28T23:36:37.883,10.42.0.47,10.42.0.1|10.42.0.47,50,3,UPLOAD,0.95,UPLOAD,0.95,1,5792,100.0,3,0.0,14480.0,0,3,0.0,1.0,0.2880048269968983,1,0,1,1,1,1,1,1,0.9699999999999999,1.0,1.0,1.0,0.8,skip,attack_already_active,1785296197.8839335,1785296197883933406,1384866100631953,24.2,53.35546875,-1.0,0,0
2026-07-28T23:36:37.885,10.42.0.47,10.42.0.1|10.42.0.47,50,3,UPLOAD,0.95,UPLOAD,0.95,1,8688,100.0,4,0.0,23168.0,0,4,0.0,1.0,0.25032157487400114,1,0,1,1,1,1,1,1,0.9699999999999999,1.0,1.0,1.0,0.8,skip,attack_already_active,1785296197.8859706,1785296197885970630,1384866102669115,24.2,53.35546875,-1.0,0,0
2026-07-28T23:36:37.887,10.42.0.47,10.42.0.1|10.42.0.47,50,3,UPLOAD,0.95,UPLOAD,0.95,1,2896,100.0,5,0.0,26064.0,0,5,0.0,1.0,0.21754362888213236,1,0,1,1,1,1,1,1,0.9699999999999999,1.0,1.0,1.0,0.8,skip,attack_already_active,1785296197.8875494,1785296197887549564,1384866104248109,24.2,53.35546875,-1.0,0,0
2026-07-28T23:36:37.888,10.42.0.47,10.42.0.1|10.42.0.47,50,3,UPLOAD,0.95,UPLOAD,0.95,1,5792,100.0,6,0.0,31856.0,0,6,0.0,1.0,0.189018971182427,1,0,1,1,1,1,1,1,0.9699999999999999,1.0,1.0,1.0,0.8,skip,attack_already_active,1785296197.8886273,1785296197888627133,1384866105325683,24.2,53.35546875,-1.0,0,0
2026-07-28T23:36:37.890,10.42.0.47,10.42.0.1|10.42.0.47,50,3,UPLOAD,0.95,UPLOAD,0.95,1,8688,100.0,7,0.0,40544.0,0,7,0.0,1.0,0.1643017065250172,1,0,1,1,1,1,1,1,0.9699999999999999,1.0,1.0,1.0,0.8,skip,attack_already_active,1785296197.8900738,1785296197890073756,1384866106772388,24.2,53.35546875,-1.0,0,0
2026-07-28T23:36:37.891,10.42.0.47,10.42.0.1|10.42.0.47,50,3,UPLOAD,0.95,UPLOAD,0.95,1,2896,100.0,8,0.0,43440.0,0,8,0.0,1.0,0.14284804970641285,1,0,1,1,1,1,1,1,0.9699999999999999,1.0,1.0,1.0,0.8,skip,attack_already_active,1785296197.8915696,1785296197891569589,1384866108268196,24.2,53.35546875,-1.0,0,0
2026-07-28T23:36:37.892,10.42.0.47,10.42.0.1|10.42.0.47,50,3,UPLOAD,0.95,UPLOAD,0.95,1,5792,100.0,9,0.0,49232.0,0,9,0.0,1.0,0.12416686495307419,1,0,1,1,1,1,1,1,0.9699999999999999,1.0,1.0,1.0,0.8,skip,attack_already_active,1785296197.8926513,1785296197892651175,1384866109350098,24.2,53.35546875,-1.0,0,0
2026-07-28T23:36:37.894,10.42.0.47,10.42.0.1|10.42.0.47,50,3,UPLOAD,0.9511246544189397,UPLOAD,0.9511246544189397,1,8688,100.0,10,0.0,57920.0,0,10,0.0,1.0,0.10801656469143499,1,0,1,1,1,1,1,1,0.9699999999999999,1.0,1.0,1.0,0.8,skip,attack_already_active,1785296197.894258,1785296197894258034,1384866110956460,24.2,53.35546875,-1.0,0,0
2026-07-28T23:36:37.895,10.42.0.47,10.42.0.1|10.42.0.47,50,3,UPLOAD,0.9531869082565578,UPLOAD,0.9531869082565578,1,2896,100.0,11,0.0,60816.0,0,11,0.0,1.0,0.09398773832646859,1,0,1,1,1,1,1,1,0.9699999999999999,1.0,1.0,1.0,0.8,skip,attack_already_active,1785296197.8958137,1785296197895813506,1384866112512131,24.2,53.35546875,-1.0,0,0
2026-07-28T23:36:37.896,10.42.0.47,10.42.0.1|10.42.0.47,50,3,UPLOAD,0.9551227079791689,UPLOAD,0.9551227079791689,1,5792,100.0,12,0.0,66608.0,0,12,0.0,1.0,0.08174691736395114,1,0,1,1,1,1,1,1,0.9699999999999999,1.0,1.0,1.0,0.8,skip,attack_already_active,1785296197.8969092,1785296197896909423,1384866113607996,24.2,53.35546875,-1.0,0,0
2026-07-28T23:36:37.898,10.42.0.47,10.42.0.1|10.42.0.47,50,3,UPLOAD,0.9594664355379895,UPLOAD,0.9594664355379895,1,8688,100.0,13,0.0,75296.0,0,13,0.0,1.0,0.07120505089349716,1,0,1,1,1,1,1,1,0.9699999999999999,1.0,1.0,1.0,0.8,skip,attack_already_active,1785296197.8986568,1785296197898656835,1384866115355338,24.2,53.35546875,-1.0,0,0
2026-07-28T23:36:37.900,10.42.0.47,10.42.0.1|10.42.0.47,50,3,UPLOAD,0.962312005370388,UPLOAD,0.962312005370388,1,2896,100.0,14,0.0,78192.0,0,14,0.0,1.0,0.0620087572302235,1,0,1,1,1,1,1,1,0.9699999999999999,1.0,1.0,1.0,0.8,skip,attack_already_active,1785296197.9000738,1785296197900073706,1384866116772079,24.2,53.35546875,-1.0,0,0
2026-07-28T23:36:37.901,10.42.0.47,10.42.0.1|10.42.0.47,50,3,UPLOAD,0.9653657954633025,UPLOAD,0.9653657954633025,1,1336,100.0,15,0.0,79528.0,0,15,0.0,1.0,0.05396790589975199,1,0,1,1,1,1,1,1,0.9699999999999999,1.0,1.0,1.0,0.8,skip,attack_already_active,1785296197.9010627,1785296197901062564,1384866117760926,24.2,53.35546875,-1.0,0,0
2026-07-28T23:36:37.902,10.42.0.1,10.42.0.1|10.42.0.47,50,3,UPLOAD,0.9852046640874818,UPLOAD,0.9852046640874818,1,7240,100.0,30,0.0,232832.0,0,30,0.0,1.0,0.0270604193254251,1,0,1,1,1,1,1,1,0.9699999999999999,1.0,1.0,1.0,0.8,skip,attack_already_active,1785296197.902588,1785296197902587852,1384866119286214,24.2,53.35546875,-1.0,0,0
2026-07-28T23:36:37.903,10.42.0.1,10.42.0.1|10.42.0.47,50,3,UPLOAD,0.9855010891671739,UPLOAD,0.9855010891671739,1,7240,100.0,31,0.0,240072.0,0,31,0.0,1.0,0.023633412212365163,1,0,1,1,1,1,1,1,0.9699999999999999,1.0,1.0,1.0,0.8,skip,attack_already_active,1785296197.9036417,1785296197903641523,1384866120340070,24.2,53.35546875,-1.0,0,0
2026-07-28T23:36:37.905,10.42.0.1,10.42.0.1|10.42.0.47,50,3,UPLOAD,0.9855085555376181,UPLOAD,0.9855085555376181,1,14480,100.0,32,0.0,254552.0,0,32,0.0,1.0,0.020719072725410174,1,0,1,1,1,1,1,1,0.9699999999999999,1.0,1.0,1.0,0.8,skip,attack_already_active,1785296197.905159,1785296197905158908,1384866121857375,24.2,53.35546875,-1.0,0,0
2026-07-28T23:36:37.906,10.42.0.1,10.42.0.1|10.42.0.47,50,3,UPLOAD,0.9855087230280583,UPLOAD,0.9855087230280583,1,14480,100.0,33,0.0,269032.0,0,33,0.0,1.0,0.01812970391078817,1,0,1,1,1,1,1,1,0.9699999999999999,1.0,1.0,1.0,0.8,skip,attack_already_active,1785296197.906228,1785296197906228008,1384866122926550,24.2,53.35546875,-1.0,0,0
2026-07-28T23:36:37.908,10.42.0.1,10.42.0.1|10.42.0.47,50,3,UPLOAD,0.9855087261332904,UPLOAD,0.9855087261332904,1,20272,100.0,34,0.0,289304.0,0,34,0.0,1.0,0.016010610810662795,1,0,1,1,1,1,1,1,0.9699999999999999,1.0,1.0,1.0,0.8,skip,attack_already_active,1785296197.9082766,1785296197908276424,1384866124975433,24.2,53.35546875,-1.0,0,0
2026-07-28T23:36:37.909,10.42.0.1,10.42.0.1|10.42.0.47,50,3,UPLOAD,0.9855087261665104,UPLOAD,0.9855087261665104,1,5792,100.0,35,0.0,295096.0,0,35,0.0,1.0,0.014061427242114378,1,0,1,1,1,1,1,1,0.9699999999999999,1.0,1.0,1.0,0.8,skip,attack_already_active,1785296197.9094954,1785296197909495403,1384866126194492,24.2,53.35546875,-1.0,0,0
2026-07-28T23:36:37.910,10.42.0.1,10.42.0.1|10.42.0.47,50,3,UPLOAD,0.9855087261657393,UPLOAD,0.9855087261657393,1,10024,100.0,36,0.0,305120.0,0,36,0.0,1.0,0.012349146202058429,1,0,1,1,1,1,1,1,0.9699999999999999,1.0,1.0,1.0,0.8,skip,attack_already_active,1785296197.9105628,1785296197910562760,1384866127261156,24.2,53.35546875,-1.0,0,0
2026-07-28T23:36:38.103,10.42.0.1,10.42.0.1|10.42.0.47,50,3,UPLOAD,0.9855087261656664,UPLOAD,0.9855087261656664,0,43,100.0,18,0.0,159069.0,0,18,0.0,1.0,0.05359479919369152,1,0,1,1,1,1,1,1,0.8374999999999999,0.8500000000000001,1.0,0.6000000000000001,0.8,skip,attack_already_active,1785296198.103808,1785296198103807931,1384866320506698,24.2,53.35546875,-1.0,0,0
2026-07-28T23:36:38.150,10.42.0.1,10.42.0.1|10.42.0.47,50,3,UPLOAD,0.9850036129732713,UPLOAD,0.9850036129732713,0,39,100.0,7,0.0,79528.0,0,7,0.0,1.0,0.051628885449490534,1,0,1,1,1,1,1,1,0.8374999999999999,0.8500000000000001,1.0,0.6000000000000001,0.8,skip,attack_already_active,1785296198.1509392,1785296198150939169,1384866367637802,24.2,53.35546875,-1.0,0,0
2026-07-28T23:36:38.632,10.42.0.210,10.42.0.1|10.42.0.210|10.42.0.47,50,3,UPLOAD,0.95,UPLOAD,0.95,1,1448,100.0,1,0.0,1448.0,0,1,0.0,1.0,0.035409670964949576,1,0,0,1,1,1,1,1,0.9525,0.95,1.0,1.0,0.8,trigger,training_upload_trigger_confirmed,1785296198.6322565,1785296198632256607,1384866848955236,31.0,53.35546875,8.835197,1785296198641093129,1384866857790433
2026-07-28T23:36:38.633,10.42.0.210,10.42.0.1|10.42.0.210|10.42.0.47,50,3,UPLOAD,0.9841010226033655,UPLOAD,0.9841010226033655,1,1448,100.0,2,0.0,2896.0,0,2,0.0,1.0,0.03087204646590451,1,0,1,1,1,1,1,1,0.9699999999999999,1.0,1.0,1.0,0.8,skip,attack_already_active,1785296198.6332314,1785296198633231317,1384866849929873,31.0,53.35546875,-1.0,0,0
2026-07-28T23:36:38.634,10.42.0.210,10.42.0.1|10.42.0.210|10.42.0.47,50,3,UPLOAD,0.9854688349332961,UPLOAD,0.9854688349332961,1,1448,100.0,3,0.0,4344.0,0,3,0.0,1.0,0.027009997621837405,1,0,1,1,1,1,1,1,0.9699999999999999,1.0,1.0,1.0,0.8,skip,attack_already_active,1785296198.6347954,1785296198634795443,1384866851493984,31.0,53.35546875,-1.0,0,0
2026-07-28T23:36:38.635,10.42.0.210,10.42.0.1|10.42.0.210|10.42.0.47,50,3,UPLOAD,0.9855076450773014,UPLOAD,0.9855076450773014,1,1448,100.0,4,0.0,5792.0,0,4,0.0,1.0,0.023589226374722168,1,0,1,1,1,1,1,1,0.9699999999999999,1.0,1.0,1.0,0.8,skip,attack_already_active,1785296198.6358461,1785296198635846266,1384866852544499,31.0,53.35546875,-1.0,0,0
2026-07-28T23:36:38.637,10.42.0.210,10.42.0.1|10.42.0.210|10.42.0.47,50,3,UPLOAD,0.9855086980780915,UPLOAD,0.9855086980780915,1,1448,100.0,5,0.0,7240.0,0,5,0.0,1.0,0.02067244665538704,1,0,1,1,1,1,1,1,0.9699999999999999,1.0,1.0,1.0,0.8,skip,attack_already_active,1785296198.6373007,1785296198637300783,1384866853999204,31.0,53.35546875,-1.0,0,0
2026-07-28T23:36:38.638,10.42.0.210,10.42.0.1|10.42.0.210|10.42.0.47,50,3,UPLOAD,0.9855087254685951,UPLOAD,0.9855087254685951,1,1448,100.0,6,0.0,8688.0,0,6,0.0,1.0,0.018080267984115085,1,0,1,1,1,1,1,1,0.9699999999999999,1.0,1.0,1.0,0.8,skip,attack_already_active,1785296198.6383018,1785296198638301872,1384866855008442,31.0,53.35546875,-1.0,0,0
2026-07-28T23:36:38.639,10.42.0.210,10.42.0.1|10.42.0.210|10.42.0.47,50,3,UPLOAD,0.9855087261493067,UPLOAD,0.9855087261493067,1,1448,100.0,7,0.0,10136.0,0,7,0.0,1.0,0.015891910311322283,1,0,1,1,1,1,1,1,0.9699999999999999,1.0,1.0,1.0,0.8,skip,attack_already_active,1785296198.6397753,1785296198639775290,1384866856473747,31.0,53.35546875,-1.0,0,0
2026-07-28T23:36:38.640,10.42.0.210,10.42.0.1|10.42.0.210|10.42.0.47,50,3,UPLOAD,0.9855087261653082,UPLOAD,0.9855087261653082,1,1448,100.0,8,0.0,11584.0,0,8,0.0,1.0,0.0139294643549379,1,0,1,1,1,1,1,1,0.9699999999999999,1.0,1.0,1.0,0.8,skip,attack_already_active,1785296198.6407747,1785296198640774653,1384866857473342,31.0,53.35546875,-1.0,0,0
2026-07-28T23:36:38.642,10.42.0.210,10.42.0.1|10.42.0.210|10.42.0.47,50,3,UPLOAD,0.985508726165656,UPLOAD,0.985508726165656,1,1448,100.0,9,0.0,13032.0,0,9,0.0,1.0,0.012287982372976642,1,0,1,1,1,1,1,1,0.9699999999999999,1.0,1.0,1.0,0.8,skip,attack_already_active,1785296198.6422474,1785296198642247409,1384866858945770,31.0,53.35546875,-1.0,0,0
2026-07-28T23:36:38.643,10.42.0.210,10.42.0.1|10.42.0.210|10.42.0.47,50,3,UPLOAD,0.9855087261656625,UPLOAD,0.9855087261656625,1,1448,100.0,10,0.0,14480.0,0,10,0.0,1.0,0.010802766999855622,1,0,1,1,1,1,1,1,0.9699999999999999,1.0,1.0,1.0,0.8,skip,attack_already_active,1785296198.6432645,1785296198643264456,1384866859963145,31.0,53.35546875,-1.0,0,0
2026-07-28T23:36:38.644,10.42.0.210,10.42.0.1|10.42.0.210|10.42.0.47,50,3,UPLOAD,0.95,UPLOAD,0.95,1,1448,100.0,11,0.0,15928.0,0,11,0.0,1.0,0.009574057920478503,1,0,1,1,1,1,1,1,0.9699999999999999,1.0,1.0,1.0,0.8,skip,attack_already_active,1785296198.644743,1785296198644743026,1384866861441448,31.0,53.35546875,-1.0,0,0
2026-07-28T23:36:38.645,10.42.0.210,10.42.0.1|10.42.0.210|10.42.0.47,50,3,UPLOAD,0.95,UPLOAD,0.95,1,1448,100.0,12,0.0,17376.0,0,12,0.0,1.0,0.008443483839662076,1,0,1,1,1,1,1,1,0.9699999999999999,1.0,1.0,1.0,0.8,skip,attack_already_active,1785296198.6457374,1785296198645737399,1384866862435810,31.0,53.35546875,-1.0,0,0
2026-07-28T23:36:38.647,10.42.0.210,10.42.0.1|10.42.0.210|10.42.0.47,50,3,UPLOAD,0.95,UPLOAD,0.95,1,1448,100.0,13,0.0,18824.0,0,13,0.0,1.0,0.007551587467767353,1,0,1,1,1,1,1,1,0.9699999999999999,1.0,1.0,1.0,0.8,skip,attack_already_active,1785296198.6474125,1785296198647412399,1384866864111267,23.8,53.35546875,-1.0,0,0
2026-07-28T23:36:38.648,10.42.0.210,10.42.0.1|10.42.0.210|10.42.0.47,50,3,UPLOAD,0.95,UPLOAD,0.95,1,1448,100.0,14,0.0,20272.0,0,14,0.0,1.0,0.006698959319801623,1,0,1,1,1,1,1,1,0.9699999999999999,1.0,1.0,1.0,0.8,skip,attack_already_active,1785296198.6484938,1785296198648493765,1384866865192592,23.8,53.35546875,-1.0,0,0
2026-07-28T23:36:38.650,10.42.0.210,10.42.0.1|10.42.0.210|10.42.0.47,50,3,UPLOAD,0.95,UPLOAD,0.95,1,1448,100.0,15,0.0,21720.0,0,15,0.0,1.0,0.006068112881555732,1,0,1,1,1,1,1,1,0.9699999999999999,1.0,1.0,1.0,0.8,skip,attack_already_active,1785296198.6504054,1785296198650405479,1384866867104189,23.8,53.35546875,-1.0,0,0
2026-07-28T23:36:38.651,10.42.0.210,10.42.0.1|10.42.0.210|10.42.0.47,50,3,UPLOAD,0.95,UPLOAD,0.95,1,1448,100.0,16,0.0,23168.0,0,16,0.0,1.0,0.005412099838485877,1,0,1,1,1,1,1,1,0.9699999999999999,1.0,1.0,1.0,0.8,skip,attack_already_active,1785296198.6514952,1785296198651495175,1384866868193596,23.8,53.35546875,-1.0,0,0
2026-07-28T23:36:38.653,10.42.0.210,10.42.0.1|10.42.0.210|10.42.0.47,50,3,UPLOAD,0.95,UPLOAD,0.95,1,1448,100.0,17,0.0,24616.0,0,17,0.0,1.0,0.004899586712288395,1,0,1,1,1,1,1,1,0.9699999999999999,1.0,1.0,1.0,0.8,skip,attack_already_active,1785296198.653018,1785296198653018061,1384866869716918,23.8,53.35546875,-1.0,0,0
2026-07-28T23:36:38.654,10.42.0.210,10.42.0.1|10.42.0.210|10.42.0.47,50,3,UPLOAD,0.95,UPLOAD,0.95,1,1448,100.0,18,0.0,26064.0,0,18,0.0,1.0,0.004389732631517189,1,0,1,1,1,1,1,1,0.9699999999999999,1.0,1.0,1.0,0.8,skip,attack_already_active,1785296198.6540484,1785296198654048492,1384866870747076,23.8,53.35546875,-1.0,0,0
2026-07-28T23:36:38.655,10.42.0.210,10.42.0.1|10.42.0.210|10.42.0.47,50,3,UPLOAD,0.95,UPLOAD,0.95,1,1448,100.0,19,0.0,27512.0,0,19,0.0,1.0,0.004012946760335372,1,0,1,1,1,1,1,1,0.9699999999999999,1.0,1.0,1.0,0.8,skip,attack_already_active,1785296198.6555789,1785296198655578872,1384866872277337,23.8,53.35546875,-1.0,0,0
2026-07-28T23:36:38.656,10.42.0.210,10.42.0.1|10.42.0.210|10.42.0.47,50,3,UPLOAD,0.95,UPLOAD,0.95,1,1448,100.0,20,0.0,28960.0,0,20,0.0,1.0,0.003618860993863872,1,0,1,1,1,1,1,1,0.9699999999999999,1.0,1.0,1.0,0.8,skip,attack_already_active,1785296198.6566012,1785296198656601155,1384866873299747,23.8,53.35546875,-1.0,0,0
2026-07-28T23:36:38.658,10.42.0.210,10.42.0.1|10.42.0.210|10.42.0.47,50,3,UPLOAD,0.95,UPLOAD,0.95,1,1448,100.0,21,0.0,30408.0,0,21,0.0,1.0,0.003341739856859009,1,0,1,1,1,1,1,1,0.9699999999999999,1.0,1.0,1.0,0.8,skip,attack_already_active,1785296198.658117,1785296198658117048,1384866874816505,23.8,53.35546875,-1.0,0,0
2026-07-28T23:36:38.659,10.42.0.210,10.42.0.1|10.42.0.210|10.42.0.47,50,3,UPLOAD,0.95,UPLOAD,0.95,1,1448,100.0,22,0.0,31856.0,0,22,0.0,1.0,0.0030537272307229833,1,0,1,1,1,1,1,1,0.9699999999999999,1.0,1.0,1.0,0.8,skip,attack_already_active,1785296198.6592731,1785296198659273233,1384866875972156,23.8,53.35546875,-1.0,0,0
2026-07-28T23:36:38.661,10.42.0.210,10.42.0.1|10.42.0.210|10.42.0.47,50,3,UPLOAD,0.95,UPLOAD,0.95,1,1448,100.0,23,0.0,33304.0,0,23,0.0,1.0,0.0028807343977899627,1,0,1,1,1,1,1,1,0.9699999999999999,1.0,1.0,1.0,0.8,skip,attack_already_active,1785296198.661014,1785296198661014037,1384866877713049,23.8,53.35546875,-1.0,0,0
2026-07-28T23:36:38.662,10.42.0.210,10.42.0.1|10.42.0.210|10.42.0.47,50,3,UPLOAD,0.95,UPLOAD,0.95,1,1448,100.0,24,0.0,34752.0,0,24,0.0,1.0,0.0026587486580414476,1,0,1,1,1,1,1,1,0.9699999999999999,1.0,1.0,1.0,0.8,skip,attack_already_active,1785296198.6622102,1785296198662210389,1384866878909530,23.8,53.35546875,-1.0,0,0
2026-07-28T23:36:38.664,10.42.0.210,10.42.0.1|10.42.0.210|10.42.0.47,50,3,UPLOAD,0.95,UPLOAD,0.95,1,1448,100.0,25,0.0,36200.0,0,25,0.0,1.0,0.0025685930486840057,1,0,1,1,1,1,1,1,0.9699999999999999,1.0,1.0,1.0,0.8,skip,attack_already_active,1785296198.6641848,1785296198664184950,1384866880884059,23.8,53.35546875,-1.0,0,0
2026-07-28T23:36:38.665,10.42.0.210,10.42.0.1|10.42.0.210|10.42.0.47,50,3,UPLOAD,0.95,UPLOAD,0.95,1,1448,100.0,26,0.0,37648.0,0,26,0.0,1.0,0.002379288266847423,1,0,1,1,1,1,1,1,0.9699999999999999,1.0,1.0,1.0,0.8,skip,attack_already_active,1785296198.6653168,1785296198665316897,1384866882015660,23.8,53.35546875,-1.0,0,0
2026-07-28T23:36:38.666,10.42.0.210,10.42.0.1|10.42.0.210|10.42.0.47,50,3,UPLOAD,0.95,UPLOAD,0.95,1,1448,100.0,27,0.0,39096.0,0,27,0.0,1.0,0.0022714176540114396,1,0,1,1,1,1,1,1,0.9699999999999999,1.0,1.0,1.0,0.8,skip,attack_already_active,1785296198.6668775,1785296198666877422,1384866883576473,23.8,53.35546875,-1.0,0,0
2026-07-28T23:36:38.667,10.42.0.210,10.42.0.1|10.42.0.210|10.42.0.47,50,3,UPLOAD,0.95,UPLOAD,0.95,1,1448,100.0,28,0.0,40544.0,0,28,0.0,1.0,0.002106852377885492,1,0,1,1,1,1,1,1,0.9699999999999999,1.0,1.0,1.0,0.8,skip,attack_already_active,1785296198.6679,1785296198667900053,1384866884598588,23.8,53.35546875,-1.0,0,0
2026-07-28T23:36:38.669,10.42.0.210,10.42.0.1|10.42.0.210|10.42.0.47,50,3,UPLOAD,0.95,UPLOAD,0.95,1,1448,100.0,29,0.0,41992.0,0,29,0.0,1.0,0.0019772936158046466,1,0,1,1,1,1,1,1,0.9699999999999999,1.0,1.0,1.0,0.8,skip,attack_already_active,1785296198.6690238,1785296198669023849,1384866885721972,23.8,53.35546875,-1.0,0,0
2026-07-28T23:36:38.669,10.42.0.210,10.42.0.1|10.42.0.210|10.42.0.47,50,3,UPLOAD,0.95,UPLOAD,0.95,1,1448,100.0,30,0.0,43440.0,0,30,0.0,1.0,0.001801909592590165,1,0,1,1,1,1,1,1,0.9699999999999999,1.0,1.0,1.0,0.8,skip,attack_already_active,1785296198.66967,1785296198669670091,1384866886368013,23.8,53.35546875,-1.0,0,0
2026-07-28T23:36:38.670,10.42.0.210,10.42.0.1|10.42.0.210|10.42.0.47,50,3,UPLOAD,0.95,UPLOAD,0.95,1,1448,100.0,31,0.0,44888.0,0,31,0.0,1.0,0.001679671818287949,1,0,1,1,1,1,1,1,0.9699999999999999,1.0,1.0,1.0,0.8,skip,attack_already_active,1785296198.6705444,1785296198670544376,1384866887242506,23.8,53.35546875,-1.0,0,0
2026-07-28T23:36:38.671,10.42.0.210,10.42.0.1|10.42.0.210|10.42.0.47,50,3,UPLOAD,0.95,UPLOAD,0.95,1,1448,100.0,32,0.0,46336.0,0,32,0.0,1.0,0.0015379458550958296,1,0,1,1,1,1,1,1,0.9699999999999999,1.0,1.0,1.0,0.8,skip,attack_already_active,1785296198.6711485,1785296198671148568,1384866887846562,23.8,53.35546875,-1.0,0,0
2026-07-28T23:36:38.672,10.42.0.210,10.42.0.1|10.42.0.210|10.42.0.47,50,3,UPLOAD,0.95,UPLOAD,0.95,1,1448,100.0,33,0.0,47784.0,0,33,0.0,1.0,0.0014485752957028913,1,0,1,1,1,1,1,1,0.9699999999999999,1.0,1.0,1.0,0.8,skip,attack_already_active,1785296198.6720083,1785296198672008255,1384866888706273,23.8,53.35546875,-1.0,0,0
2026-07-28T23:36:38.672,10.42.0.210,10.42.0.1|10.42.0.210|10.42.0.47,50,3,UPLOAD,0.95,UPLOAD,0.95,1,1448,100.0,34,0.0,49232.0,0,34,0.0,1.0,0.001337239119049854,1,0,1,1,1,1,1,1,0.9699999999999999,1.0,1.0,1.0,0.8,skip,attack_already_active,1785296198.672612,1785296198672611739,1384866889309705,23.8,53.35546875,-1.0,0,0
2026-07-28T23:36:38.673,10.42.0.210,10.42.0.1|10.42.0.210|10.42.0.47,50,3,UPLOAD,0.95,UPLOAD,0.95,1,1448,100.0,35,0.0,50680.0,0,35,0.0,1.0,0.0012397887708918557,1,0,1,1,1,1,1,1,0.9699999999999999,1.0,1.0,1.0,0.8,skip,attack_already_active,1785296198.6732097,1785296198673209493,1384866889907519,23.8,53.35546875,-1.0,0,0
2026-07-28T23:36:38.673,10.42.0.210,10.42.0.1|10.42.0.210|10.42.0.47,50,3,UPLOAD,0.95,UPLOAD,0.95,1,1448,100.0,36,0.0,52128.0,0,36,0.0,1.0,0.0011569706870473236,1,0,1,1,1,1,1,1,0.9699999999999999,1.0,1.0,1.0,0.8,skip,attack_already_active,1785296198.673821,1785296198673820946,1384866890518913,23.8,53.35546875,-1.0,0,0
2026-07-28T23:36:38.674,10.42.0.210,10.42.0.1|10.42.0.210|10.42.0.47,50,3,UPLOAD,0.95,UPLOAD,0.95,1,1448,100.0,37,0.0,53576.0,0,37,0.0,1.0,0.0010845632325016466,1,0,1,1,1,1,1,1,0.9699999999999999,1.0,1.0,1.0,0.8,skip,attack_already_active,1785296198.6744285,1785296198674428523,1384866891126615,23.8,53.35546875,-1.0,0,0
2026-07-28T23:36:38.675,10.42.0.210,10.42.0.1|10.42.0.210|10.42.0.47,50,3,UPLOAD,0.95,UPLOAD,0.95,1,1448,100.0,38,0.0,55024.0,0,38,0.0,1.0,0.0010276351358393142,1,0,1,1,1,1,1,1,0.9699999999999999,1.0,1.0,1.0,0.8,skip,attack_already_active,1785296198.675081,1785296198675080952,1384866891779762,23.8,53.35546875,-1.0,0,0
2026-07-28T23:36:38.679,10.42.0.1,10.42.0.1|10.42.0.210|10.42.0.47,50,3,UPLOAD,0.9854599308713397,UPLOAD,0.9854599308713397,1,7240,100.0,8,0.0,86768.0,0,8,0.0,1.0,0.06405593706651988,1,0,1,1,1,1,1,1,0.9699999999999999,1.0,1.0,1.0,0.8,skip,attack_already_active,1785296198.6791751,1785296198679175268,1384866895873367,23.8,53.35546875,-1.0,0,0
2026-07-28T23:36:38.679,10.42.0.1,10.42.0.1|10.42.0.210|10.42.0.47,50,3,UPLOAD,0.9854517630059791,UPLOAD,0.9854517630059791,1,7240,100.0,9,0.0,94008.0,0,9,0.0,1.0,0.055700989634055786,1,0,1,1,1,1,1,1,0.9699999999999999,1.0,1.0,1.0,0.8,skip,attack_already_active,1785296198.6798277,1785296198679827790,1384866896525896,23.8,53.35546875,-1.0,0,0
2026-07-28T23:36:38.681,10.42.0.1,10.42.0.1|10.42.0.210|10.42.0.47,50,3,UPLOAD,0.9854262513502554,UPLOAD,0.9854262513502554,1,10136,100.0,10,0.0,104144.0,0,10,0.0,1.0,0.04851854856687921,1,0,1,1,1,1,1,1,0.9699999999999999,1.0,1.0,1.0,0.8,skip,attack_already_active,1785296198.6810231,1785296198681023340,1384866897721611,23.8,53.35546875,-1.0,0,0
2026-07-28T23:36:38.681,10.42.0.1,10.42.0.1|10.42.0.210|10.42.0.47,50,3,UPLOAD,0.9854039727482056,UPLOAD,0.9854039727482056,1,4344,100.0,11,0.0,108488.0,0,11,0.0,1.0,0.042213200056532604,1,0,1,1,1,1,1,1,0.9699999999999999,1.0,1.0,1.0,0.8,skip,attack_already_active,1785296198.6816921,1785296198681692138,1384866898390286,23.8,53.35546875,-1.0,0,0
2026-07-28T23:36:38.682,10.42.0.1,10.42.0.1|10.42.0.210|10.42.0.47,50,3,UPLOAD,0.9853943914302585,UPLOAD,0.9853943914302585,1,14480,100.0,12,0.0,122968.0,0,12,0.0,1.0,0.03680835663590566,1,0,1,1,1,1,1,1,0.9699999999999999,1.0,1.0,1.0,0.8,skip,attack_already_active,1785296198.6828895,1785296198682889503,1384866899587970,23.8,53.35546875,-1.0,0,0
2026-07-28T23:36:38.683,10.42.0.1,10.42.0.1|10.42.0.210|10.42.0.47,50,3,UPLOAD,0.9853623269862611,UPLOAD,0.9853623269862611,1,14480,100.0,13,0.0,137448.0,0,13,0.0,1.0,0.032054500914253596,1,0,1,1,1,1,1,1,0.9699999999999999,1.0,1.0,1.0,0.8,skip,attack_already_active,1785296198.6836221,1785296198683622018,1384866900320204,23.8,53.35546875,-1.0,0,0
2026-07-28T23:36:38.684,10.42.0.1,10.42.0.1|10.42.0.210|10.42.0.47,50,3,UPLOAD,0.9853394039353959,UPLOAD,0.9853394039353959,1,14480,100.0,14,0.0,151928.0,0,14,0.0,1.0,0.028004997359408312,1,0,1,1,1,1,1,1,0.9699999999999999,1.0,1.0,1.0,0.8,skip,attack_already_active,1785296198.684946,1785296198684946224,1384866901644814,23.8,53.35546875,-1.0,0,0
2026-07-28T23:36:38.685,10.42.0.1,10.42.0.1|10.42.0.210|10.42.0.47,50,3,UPLOAD,0.9852568521929363,UPLOAD,0.9852568521929363,1,7129,100.0,15,0.0,159057.0,0,15,0.0,1.0,0.02441305326137789,1,0,1,1,1,1,1,1,0.9699999999999999,1.0,1.0,1.0,0.8,skip,attack_already_active,1785296198.6856928,1785296198685692756,1384866902390882,23.8,53.35546875,-1.0,0,0
2026-07-28T23:36:38.706,10.42.0.18,10.42.0.1|10.42.0.210|10.42.0.47,38,3,UPLOAD,0.9855076450773014,UPLOAD,0.9855076450773014,0,39,1.0,0,0.0,0.0,0,0,0.0,0.0,0.2596826858649152,0,0,0,0,0,0,0,0,0.4375,0.05,1.0,0.0,0.8,skip,already_attacked_this_round,1785296198.70652,1785296198706520056,1384866923218423,23.8,53.35546875,-1.0,0,0
2026-07-28T23:36:38.970,10.42.0.1,,51,1,DOWNLOAD,0.982902776570142,DOWNLOAD,0.982902776570142,-1,1448,54.923342504196576,9,1448.0,79529.0,1,8,0.017881620707114364,0.9821183792928856,0.05160520509177689,0,0,0,0,1,0,0,0,0.44,0.8500000000000001,0.0,0.6000000000000001,0.15,skip,training_upload_trigger_not_confirmed,1785296198.9704733,1785296198970473206,1384867187172255,23.8,53.35546875,-1.0,0,0
2026-07-28T23:36:38.975,10.42.0.1,,51,1,DOWNLOAD,0.95,DOWNLOAD,0.95,-1,5792,10.984668506908193,10,7240.0,79529.0,2,8,0.08343993822678607,0.9165600617732139,0.04546409536831591,0,0,0,0,1,0,0,0,0.44,0.8500000000000001,0.0,0.6000000000000001,0.15,skip,training_upload_trigger_not_confirmed,1785296198.9754753,1785296198975475289,1384867192173799,23.8,53.35546875,-1.0,0,0
2026-07-28T23:36:38.976,10.42.0.1,,51,1,DOWNLOAD,0.95,DOWNLOAD,0.95,-1,7240,5.492334253833402,11,14480.0,79529.0,3,8,0.15402780584837622,0.8459721941516238,0.03960080041499373,0,0,0,0,1,0,0,0,0.44,0.8500000000000001,0.0,0.6000000000000001,0.15,skip,training_upload_trigger_not_confirmed,1785296198.9764445,1785296198976444384,1384867193142916,23.8,53.35546875,-1.0,0,0
2026-07-28T23:36:38.977,10.42.0.1,,51,1,DOWNLOAD,0.95,DOWNLOAD,0.95,-1,7240,3.6615561693065577,12,21720.0,79529.0,4,8,0.21452063724086165,0.7854793627591383,0.034566563836462394,0,0,0,0,1,0,0,0,0.44,0.8500000000000001,0.0,0.6000000000000001,0.15,skip,training_upload_trigger_not_confirmed,1785296198.9778419,1785296198977841917,1384867194540393,23.8,53.35546875,-1.0,0,0
2026-07-28T23:36:38.978,10.42.0.1,,51,1,DOWNLOAD,0.95,DOWNLOAD,0.95,-1,7240,2.7461671270115273,13,28960.0,79529.0,5,8,0.266939505387643,0.733060494612357,0.030142081467709407,0,0,0,0,1,0,0,0,0.4,0.8500000000000001,0.0,0.4,0.15,skip,training_upload_trigger_not_confirmed,1785296198.9788322,1785296198978832049,1384867195530332,23.8,53.35546875,-1.0,0,0
2026-07-28T23:36:38.981,10.42.0.1,,51,1,DOWNLOAD,0.95,DOWNLOAD,0.95,-1,7240,2.1969337016243937,14,36200.0,79529.0,6,8,0.31279973040465225,0.6872002695953477,0.026468119507222818,0,0,0,0,1,0,0,0,0.4,0.8500000000000001,0.0,0.4,0.15,skip,training_upload_trigger_not_confirmed,1785296198.9810936,1785296198981093505,1384867197791888,23.8,53.35546875,-1.0,0,0
2026-07-28T23:36:38.982,10.42.0.1,,51,1,DOWNLOAD,0.95,DOWNLOAD,0.95,-1,7240,1.8307780846954238,15,43440.0,79529.0,7,8,0.35325976465613285,0.6467402353438672,0.023131006778636512,0,0,0,0,1,0,0,0,0.4,0.8500000000000001,0.0,0.4,0.15,skip,training_upload_trigger_not_confirmed,1785296198.9822373,1785296198982237501,1384867198936619,23.8,53.35546875,-1.0,0,0
2026-07-28T23:36:38.984,10.42.0.1,,51,1,DOWNLOAD,0.95,DOWNLOAD,0.95,-1,7240,1.569238358315524,16,50680.0,79529.0,8,8,0.3892204071915152,0.6107795928084848,0.02033998848239445,0,0,0,0,1,0,0,0,0.4,0.8500000000000001,0.0,0.4,0.15,skip,training_upload_trigger_not_confirmed,1785296198.984188,1785296198984188138,1384867200887428,23.8,53.35546875,-1.0,0,0
2026-07-28T23:36:38.985,10.42.0.1,,51,1,DOWNLOAD,0.95,DOWNLOAD,0.95,-1,7240,1.37308356352947,17,57920.0,79529.0,9,8,0.42139266200554387,0.5786073379944561,0.01779441546612599,0,0,0,0,1,0,0,0,0.32,0.8500000000000001,0.0,0.0,0.15,skip,training_upload_trigger_not_confirmed,1785296198.9852104,1785296198985210371,1384867201908734,23.8,53.35546875,-1.0,0,0
2026-07-28T23:36:38.986,10.42.0.1,,51,1,DOWNLOAD,0.95,DOWNLOAD,0.95,-1,10136,1.1685817561982987,18,68056.0,79529.0,10,8,0.46113087373378053,0.5388691262662194,0.015596442547219444,0,0,0,0,1,0,0,0,0.30250000000000005,0.8000000000000002,0.0,0.0,0.15,skip,training_upload_trigger_not_confirmed,1785296198.986325,1785296198986325103,1384867203024107,23.8,53.35546875,-1.0,0,0
2026-07-28T23:36:38.987,10.42.0.1,,51,1,DOWNLOAD,0.95,DOWNLOAD,0.95,-1,10136,1.0170989359523084,19,78192.0,79529.0,11,8,0.495761502907032,0.504238497092968,0.013703783665434779,0,0,0,0,1,0,0,0,0.30250000000000005,0.8000000000000002,0.0,0.0,0.15,skip,training_upload_trigger_not_confirmed,1785296198.9875586,1785296198987558638,1384867204257812,23.8,53.35546875,-1.0,0,0
2026-07-28T23:36:38.988,10.42.0.1,,51,1,DOWNLOAD,0.95,DOWNLOAD,0.95,-1,14480,0.8581772272114752,20,92672.0,79529.0,12,8,0.538161799292687,0.46183820070731296,0.01205870668845999,0,0,0,0,1,0,0,0,0.30250000000000005,0.8000000000000002,0.0,0.0,0.15,skip,training_upload_trigger_not_confirmed,1785296198.9887784,1785296198988778279,1384867205478193,23.8,53.35546875,-1.0,0,0
2026-07-28T23:36:38.990,10.42.0.1,,51,1,DOWNLOAD,0.95,DOWNLOAD,0.95,-1,14480,0.7422073316434391,21,107152.0,79529.0,13,8,0.5739844976189329,0.42601550238106717,0.010631162875799374,0,0,0,0,1,0,0,0,0.28500000000000003,0.7500000000000001,0.0,0.0,0.15,skip,training_upload_trigger_not_confirmed,1785296198.9900038,1785296198990003820,1384867206703206,23.8,53.35546875,-1.0,0,0
2026-07-28T23:36:38.991,10.42.0.1,,51,1,DOWNLOAD,0.95,DOWNLOAD,0.95,-1,4344,0.7132901628783697,22,111496.0,79529.0,14,8,0.5836722942023296,0.4163277057976705,0.00937530154784097,0,0,0,0,1,0,0,0,0.28500000000000003,0.7500000000000001,0.0,0.0,0.15,skip,training_upload_trigger_not_confirmed,1785296198.9911046,1785296198991104388,1384867207803378,23.8,53.35546875,-1.0,0,0
2026-07-28T23:36:38.992,10.42.0.1,,51,1,DOWNLOAD,0.95,DOWNLOAD,0.95,-1,14480,0.6313027878355297,23,125976.0,79529.0,15,8,0.6130069827984721,0.38699301720152796,0.008292439457349985,0,0,0,0,1,0,0,0,0.28500000000000003,0.7500000000000001,0.0,0.0,0.15,skip,training_upload_trigger_not_confirmed,1785296198.9922624,1785296198992262409,1384867208961154,23.8,53.35546875,-1.0,0,0
2026-07-28T23:36:38.993,10.42.0.1,,51,1,DOWNLOAD,0.95,DOWNLOAD,0.95,-1,4344,0.6102593615745069,24,130320.0,79529.0,16,8,0.621017970064189,0.378982029935811,0.00735754908051417,0,0,0,0,1,0,0,0,0.28500000000000003,0.7500000000000001,0.0,0.0,0.15,skip,training_upload_trigger_not_confirmed,1785296198.9934602,1785296198993460195,1384867210159477,23.8,53.35546875,-1.0,0,0
2026-07-28T23:36:38.994,10.42.0.1,,51,1,DOWNLOAD,0.95,DOWNLOAD,0.95,-1,4344,0.5905735757174109,25,134664.0,79529.0,17,8,0.6287040192723385,0.3712959807276615,0.006545130784383478,0,0,0,0,1,0,0,0,0.28500000000000003,0.7500000000000001,0.0,0.0,0.15,skip,training_upload_trigger_not_confirmed,1785296198.9946525,1785296198994652448,1384867211351437,23.8,53.35546875,-1.0,0,0
2026-07-28T23:36:38.996,10.42.0.1,,51,1,DOWNLOAD,0.95,DOWNLOAD,0.95,-1,20272,0.513302266745538,26,154936.0,79529.0,18,8,0.6608065169641524,0.33919348303584756,0.005975680503104433,0,0,0,0,1,0,0,0,0.28500000000000003,0.7500000000000001,0.0,0.0,0.15,skip,training_upload_trigger_not_confirmed,1785296198.9968762,1785296198996876327,1384867213575529,23.8,53.35546875,-1.0,0,0
2026-07-28T23:36:38.998,10.42.0.1,,51,1,DOWNLOAD,0.95,DOWNLOAD,0.95,-1,18824,0.45769452118175813,27,173760.0,79529.0,19,8,0.6860147894302555,0.31398521056974443,0.005358489712009218,0,0,0,0,1,0,0,0,0.28500000000000003,0.7500000000000001,0.0,0.0,0.15,skip,training_upload_trigger_not_confirmed,1785296198.9981682,1785296198998168301,1384867214868253,23.8,53.35546875,-1.0,0,0
2026-07-28T23:36:38.999,10.42.0.1,,51,1,DOWNLOAD,0.95,DOWNLOAD,0.95,-1,18824,0.41295746272061556,28,192584.0,79529.0,20,8,0.7077353893419278,0.2922646106580722,0.004855742935168309,0,0,0,0,1,0,0,0,0.28500000000000003,0.7500000000000001,0.0,0.0,0.15,skip,training_upload_trigger_not_confirmed,1785296198.9997115,1785296198999711546,1384867216412528,23.8,53.35546875,-1.0,0,0
2026-07-28T23:36:39.001,10.42.0.1,,51,1,DOWNLOAD,0.95,DOWNLOAD,0.95,-1,18824,0.3761872776840224,29,211408.0,79529.0,21,8,0.7266452874677336,0.27335471253226645,0.004425120416841385,0,0,0,0,1,0,0,0,0.28500000000000003,0.7500000000000001,0.0,0.0,0.15,skip,training_upload_trigger_not_confirmed,1785296199.0012994,1785296199001299373,1384867217998932,23.8,53.35546875,-1.0,0,0
2026-07-28T23:36:39.002,10.42.0.210,,51,1,DOWNLOAD,0.9832615675994751,DOWNLOAD,0.9832615675994751,-1,7240,7.599999999088397,39,7240.0,55024.0,1,38,0.11627906976744186,0.8837209302325582,0.06294218508658947,0,0,0,0,1,0,0,0,0.44,0.8500000000000001,0.0,0.6000000000000001,0.15,skip,training_upload_trigger_not_confirmed,1785296199.002583,1785296199002583106,1384867219283033,23.8,53.35546875,-1.0,0,0
2026-07-28T23:36:39.003,10.42.0.210,,51,1,DOWNLOAD,0.95,DOWNLOAD,0.95,-1,7240,3.7999999998066296,40,14480.0,55024.0,2,38,0.20833333333333334,0.7916666666666666,0.05480852399602121,0,0,0,0,1,0,0,0,0.4,0.8500000000000001,0.0,0.4,0.15,skip,training_upload_trigger_not_confirmed,1785296199.003801,1785296199003801009,1384867220500758,23.8,53.35546875,-1.0,0,0
2026-07-28T23:36:39.005,10.42.0.1,,51,1,DOWNLOAD,0.95,DOWNLOAD,0.95,-1,21264,0.34180735112372,30,232672.0,79529.0,22,8,0.745263468086265,0.2547365319137351,0.004332932092231992,0,0,0,0,1,0,0,0,0.28500000000000003,0.7500000000000001,0.0,0.0,0.15,skip,training_upload_trigger_not_confirmed,1785296199.005025,1785296199005025069,1384867221723867,23.8,53.35546875,-1.0,0,0
2026-07-28T23:36:39.006,10.42.0.1,,51,1,DOWNLOAD,0.95,DOWNLOAD,0.95,-1,16946,0.31860282511950816,31,249618.0,79529.0,23,8,0.7583784752709276,0.24162152472907242,0.003927249638236721,0,0,0,0,1,0,0,0,0.28500000000000003,0.7500000000000001,0.0,0.0,0.15,skip,training_upload_trigger_not_confirmed,1785296199.0062792,1785296199006279111,1384867222977962,23.8,53.35546875,-1.0,0,0
2026-07-28T23:36:39.008,10.42.0.47,,51,1,DOWNLOAD,0.95,DOWNLOAD,0.95,-1,7240,1.381215469422484e-10,1,7240.0,0.0,1,0,1.0,0.0,0.20873165176417152,0,0,0,0,0,0,0,0,0.0225,0.0,0.0,0.0,0.15,skip,training_upload_trigger_not_confirmed,1785296199.008416,1785296199008416047,1384867225115620,23.8,53.35546875,-1.0,0,0
2026-07-28T23:36:39.009,10.42.0.1,,51,1,DOWNLOAD,0.95,DOWNLOAD,0.95,-1,16920,0.29837771725120477,32,266538.0,79529.0,24,8,0.7701918992565023,0.22980810074349764,0.0038526934765840443,0,0,0,0,1,0,0,0,0.28500000000000003,0.7500000000000001,0.0,0.0,0.15,skip,training_upload_trigger_not_confirmed,1785296199.0096407,1785296199009640696,1384867226339858,23.8,53.35546875,-1.0,0,0
2026-07-28T23:36:39.011,10.42.0.210,,51,1,DOWNLOAD,0.9557926560077417,DOWNLOAD,0.9557926560077417,-1,10136,2.2352941175968764,41,24616.0,55024.0,3,38,0.3090909090909091,0.6909090909090909,0.04858680665069907,0,0,0,0,1,0,0,0,0.32,0.8500000000000001,0.0,0.0,0.15,skip,training_upload_trigger_not_confirmed,1785296199.0113947,1785296199011394777,1384867228093825,23.8,53.35546875,-1.0,0,0
2026-07-28T23:36:39.013,10.42.0.210,,51,1,DOWNLOAD,0.9846998846180315,DOWNLOAD,0.9846998846180315,-1,14480,1.4074074073969867,42,39096.0,55024.0,4,38,0.4153846153846154,0.5846153846153846,0.042407747143430145,0,0,0,0,1,0,0,0,0.32,0.8500000000000001,0.0,0.0,0.15,skip,training_upload_trigger_not_confirmed,1785296199.0130904,1785296199013090176,1384867229789220,23.8,53.35546875,-1.0,0,0
2026-07-28T23:36:39.014,10.42.0.210,,51,1,DOWNLOAD,0.9854895428954357,DOWNLOAD,0.9854895428954357,-1,4344,1.266666666660528,43,43440.0,55024.0,5,38,0.4411764705882353,0.5588235294117647,0.03696042761363005,0,0,0,0,1,0,0,0,0.32,0.8500000000000001,0.0,0.0,0.15,skip,training_upload_trigger_not_confirmed,1785296199.01416,1785296199014159956,1384867230858760,23.8,53.35546875,-1.0,0,0
2026-07-28T23:36:39.015,10.42.0.18,,39,1,DOWNLOAD,0.95,DOWNLOAD,0.95,-1,10220,9.784735811175661e-11,1,10220.0,0.0,1,0,1.0,0.0,0.2662351118064052,0,0,0,0,0,0,0,0,0.0225,0.0,0.0,0.0,0.15,skip,training_upload_trigger_not_confirmed,1785296199.0159273,1785296199015927198,1384867232625810,23.8,53.35546875,-1.0,0,0
2026-07-28T23:36:39.016,10.42.0.18,,39,1,DOWNLOAD,0.95,DOWNLOAD,0.95,-1,4380,6.84931506802402e-11,2,14600.0,0.0,2,0,1.0,0.0,0.23129148932393748,0,0,0,0,0,0,0,0,0.0225,0.0,0.0,0.0,0.15,skip,training_upload_trigger_not_confirmed,1785296199.016985,1785296199016984908,1384867233683580,23.8,53.35546875,-1.0,0,0
2026-07-28T23:36:39.018,10.42.0.18,,39,1,DOWNLOAD,0.9522785677641706,DOWNLOAD,0.9522785677641706,-1,14600,3.424657534129292e-11,3,29200.0,0.0,3,0,1.0,0.0,0.20097453636873774,0,0,0,0,0,0,0,0,0.0225,0.0,0.0,0.0,0.15,skip,training_upload_trigger_not_confirmed,1785296199.0182095,1785296199018209432,1384867234910717,23.8,53.35546875,-1.0,0,0
2026-07-28T23:36:39.019,10.42.0.210,,51,1,DOWNLOAD,0.9855083405864443,DOWNLOAD,0.9855083405864443,-1,14480,0.9500000000008633,44,57920.0,55024.0,6,38,0.5128205128205128,0.48717948717948717,0.032831062454903547,0,0,0,0,1,0,0,0,0.30250000000000005,0.8000000000000002,0.0,0.0,0.15,skip,training_upload_trigger_not_confirmed,1785296199.0197837,1785296199019783596,1384867236483346,23.8,53.35546875,-1.0,0,0
2026-07-28T23:36:39.021,10.42.0.210,,51,1,DOWNLOAD,0.9855087208476458,DOWNLOAD,0.9855087208476458,-1,5792,0.8636363636385039,45,63712.0,55024.0,7,38,0.5365853658536586,0.4634146341463415,0.028724029244334395,0,0,0,0,1,0,0,0,0.30250000000000005,0.8000000000000002,0.0,0.0,0.15,skip,training_upload_trigger_not_confirmed,1785296199.0214477,1785296199021447622,1384867238147034,23.8,53.35546875,-1.0,0,0
2026-07-28T23:36:39.023,10.42.0.210,,51,1,DOWNLOAD,0.9855087261970161,DOWNLOAD,0.9855087261970161,-1,14480,0.7037037037074931,46,78192.0,55024.0,8,38,0.5869565217391305,0.41304347826086957,0.02517491225359756,0,0,0,0,1,0,0,0,0.28500000000000003,0.7500000000000001,0.0,0.0,0.15,skip,training_upload_trigger_not_confirmed,1785296199.0232384,1785296199023238469,1384867239937945,23.8,53.35546875,-1.0,0,0
2026-07-28T23:36:39.024,10.42.0.210,,51,1,DOWNLOAD,0.9855087261721334,DOWNLOAD,0.9855087261721334,-1,992,0.6948878561364052,47,79184.0,55024.0,9,38,0.5900095374344302,0.40999046256556987,0.022067778769022897,0,0,0,0,1,0,0,0,0.23249999999999998,0.6,0.0,0.0,0.15,skip,training_upload_trigger_not_confirmed,1785296199.0248342,1785296199024834167,1384867241532890,23.8,53.35546875,-1.0,0,0
2026-07-28T23:36:39.026,10.42.0.145,,22,1,DOWNLOAD,0.95,DOWNLOAD,0.95,-1,14600,6.84931506802402e-11,1,14600.0,0.0,1,0,1.0,0.0,0.467724677225328,0,0,0,0,0,0,0,0,0.0225,0.0,0.0,0.0,0.15,skip,already_attacked_this_round,1785296199.0267503,1785296199026750099,1384867243448523,23.8,53.35546875,-1.0,0,0
2026-07-28T23:36:39.027,10.42.0.145,,22,1,DOWNLOAD,0.95,DOWNLOAD,0.95,-1,14600,3.424657534129292e-11,2,29200.0,0.0,2,0,1.0,0.0,0.406223967806999,0,0,0,0,0,0,0,0,0.0225,0.0,0.0,0.0,0.15,skip,already_attacked_this_round,1785296199.0277631,1785296199027763119,1384867244461472,23.8,53.35546875,-1.0,0,0
2026-07-28T23:36:39.029,10.42.0.59,,17,1,DOWNLOAD,0.95,DOWNLOAD,0.95,-1,14600,6.84931506802402e-11,1,14600.0,0.0,1,0,1.0,0.0,0.40646815794378277,0,0,0,0,0,0,0,0,0.0225,0.0,0.0,0.0,0.15,skip,training_upload_trigger_not_confirmed,1785296199.0292165,1785296199029216603,1384867245914930,23.8,53.35546875,-1.0,0,0
2026-07-28T23:36:39.030,10.42.0.59,,17,1,DOWNLOAD,0.95,DOWNLOAD,0.95,-1,14600,3.424657534129292e-11,2,29200.0,0.0,2,0,1.0,0.0,0.3530261099663895,0,0,0,0,0,0,0,0,0.0225,0.0,0.0,0.0,0.15,skip,training_upload_trigger_not_confirmed,1785296199.0301278,1785296199030127849,1384867246826205,23.8,53.35546875,-1.0,0,0
2026-07-28T23:36:39.034,10.42.0.47,,51,1,DOWNLOAD,0.9829981496648164,DOWNLOAD,0.9829981496648164,-1,2896,9.865824781978509e-11,2,10136.0,0.0,2,0,1.0,0.0,0.1846873817653079,0,0,0,0,0,0,0,0,0.0225,0.0,0.0,0.0,0.15,skip,training_upload_trigger_not_confirmed,1785296199.0346823,1785296199034682324,1384867251381005,23.8,53.35546875,-1.0,0,0
2026-07-28T23:36:39.036,10.42.0.47,,51,1,DOWNLOAD,0.9842257140988042,DOWNLOAD,0.9842257140988042,-1,8688,5.3123671905380167e-11,3,18824.0,0.0,3,0,1.0,0.0,0.1605463138091818,0,0,0,0,0,0,0,0,0.0225,0.0,0.0,0.0,0.15,skip,training_upload_trigger_not_confirmed,1785296199.0361698,1785296199036169682,1384867252868114,23.8,53.35546875,-1.0,0,0
2026-07-28T23:36:39.037,10.42.0.47,,51,1,DOWNLOAD,0.9842586901286671,DOWNLOAD,0.9842586901286671,-1,8688,3.634777551481725e-11,4,27512.0,0.0,4,0,1.0,0.0,0.13952701180121416,0,0,0,0,0,0,0,0,0.0225,0.0,0.0,0.0,0.15,skip,training_upload_trigger_not_confirmed,1785296199.0372064,1785296199037206648,1384867253904904,23.8,53.35546875,-1.0,0,0
2026-07-28T23:36:39.038,10.42.0.18,,39,1,DOWNLOAD,0.9524477473424445,DOWNLOAD,0.9524477473424445,-1,5840,2.8538812784573662e-11,4,35040.0,0.0,4,0,1.0,0.0,0.17717452786828125,0,0,0,0,0,0,0,0,0.0225,0.0,0.0,0.0,0.15,skip,training_upload_trigger_not_confirmed,1785296199.0385723,1785296199038572266,1384867255270616,23.8,53.35546875,-1.0,0,0
2026-07-28T23:36:39.040,10.42.0.18,,39,1,DOWNLOAD,0.9545047329558435,DOWNLOAD,0.9545047329558435,-1,14944,2.0006402048255314e-11,5,49984.0,0.0,5,0,1.0,0.0,0.15401743008704538,0,0,0,0,0,0,0,0,0.0225,0.0,0.0,0.0,0.15,skip,training_upload_trigger_not_confirmed,1785296199.040014,1785296199040014059,1384867256712435,89.3,53.35546875,-1.0,0,0
2026-07-28T23:36:39.041,10.42.0.59,,17,1,DOWNLOAD,0.95,DOWNLOAD,0.95,-1,24820,1.8511662346936104e-11,3,54020.0,0.0,3,0,1.0,0.0,0.3080046758078585,0,0,0,0,0,0,0,0,0.0225,0.0,0.0,0.0,0.15,skip,training_upload_trigger_not_confirmed,1785296199.0414987,1785296199041498632,1384867258197505,89.3,53.35546875,-1.0,0,0
2026-07-28T23:36:39.045,10.42.0.145,,22,1,DOWNLOAD,0.9534253274515412,DOWNLOAD,0.9534253274515412,-1,29200,1.7123287670939668e-11,3,58400.0,0.0,3,0,1.0,0.0,0.35503719885390117,0,0,0,0,0,0,0,0,0.0225,0.0,0.0,0.0,0.15,skip,already_attacked_this_round,1785296199.0455449,1785296199045544944,1384867262243801,89.3,53.35546875,-1.0,0,0
2026-07-28T23:36:39.046,10.42.0.47,,51,1,DOWNLOAD,0.9842595481342594,DOWNLOAD,0.9842595481342594,-1,8688,2.762430939150209e-11,5,36200.0,0.0,5,0,1.0,0.0,0.12237744318080515,0,0,0,0,0,0,0,0,0.0225,0.0,0.0,0.0,0.15,skip,training_upload_trigger_not_confirmed,1785296199.04659,1785296199046590197,1384867263288584,89.3,53.35546875,-1.0,0,0
2026-07-28T23:36:39.050,10.42.0.47,,51,1,DOWNLOAD,0.9842595696464124,DOWNLOAD,0.9842595696464124,-1,12589,2.049642337370111e-11,6,48789.0,0.0,6,0,1.0,0.0,0.10680413687293037,0,0,0,0,0,0,0,0,0.0225,0.0,0.0,0.0,0.15,skip,training_upload_trigger_not_confirmed,1785296199.050786,1785296199050786023,1384867267485472,89.3,53.35546875,-1.0,0,0
2026-07-28T23:36:39.348,10.42.0.145,,22,3,UPLOAD,0.95,UPLOAD,0.95,1,64240,1.0999999999982877,4,58400.0,64240.0,3,1,0.47619047619047616,0.5238095238095238,0.4157887135626335,0,0,0,1,1,1,1,1,0.85,1.0,1.0,0.4,0.8,skip,already_attacked_this_round,1785296199.3484073,1785296199348407289,1384867565106023,89.3,53.35546875,-1.0,0,0
2026-07-28T23:36:39.350,10.42.0.1,10.42.0.1,51,3,UPLOAD,0.95,UPLOAD,0.95,1,7240,0.32554082344984375,33,266538.0,86769.0,24,9,0.7544090550144775,0.2455909449855225,0.003508032152381129,1,0,0,0,1,0,0,0,0.85,1.0,1.0,0.4,0.8,trigger,training_upload_trigger_confirmed,1785296199.3505814,1785296199350581619,1384867567280636,89.3,53.35546875,8.461749,1785296199359045159,1384867575742385
2026-07-28T23:36:39.352,10.42.0.1,10.42.0.1,51,3,UPLOAD,0.95,UPLOAD,0.95,1,5792,0.3472713084087549,34,266538.0,92561.0,24,10,0.742240997607902,0.257759002392098,0.0032354932504553443,1,0,1,0,1,0,0,0,0.85,1.0,1.0,0.4,0.8,skip,attack_already_active,1785296199.3520212,1785296199352021367,1384867568720318,89.3,53.35546875,-1.0,0,0
2026-07-28T23:36:39.353,10.42.0.1,10.42.0.1,51,3,UPLOAD,0.95,UPLOAD,0.95,1,2896,0.3581365508882105,35,266538.0,95457.0,24,11,0.7363029876103261,0.2636970123896739,0.00297024669180789,1,0,1,0,1,0,0,0,0.85,1.0,1.0,0.4,0.8,skip,attack_already_active,1785296199.3532438,1785296199353243800,1384867569942404,89.3,53.35546875,-1.0,0,0
2026-07-28T23:36:39.354,10.42.0.1,10.42.0.1,51,3,UPLOAD,0.95,UPLOAD,0.95,1,11584,0.4015975208060329,36,266538.0,107041.0,24,12,0.71347158164672,0.28652841835328,0.002753713714469203,1,0,1,1,1,1,1,1,0.85,1.0,1.0,0.4,0.8,skip,attack_already_active,1785296199.3545709,1785296199354570861,1384867571270841,89.3,53.35546875,-1.0,0,0
2026-07-28T23:36:39.355,10.42.0.1,10.42.0.1,51,3,UPLOAD,0.95,UPLOAD,0.95,1,2896,0.4124627632854885,37,266538.0,109937.0,24,13,0.7079832658211037,0.29201673417889634,0.0025105137400051976,1,0,1,1,1,1,1,1,0.85,1.0,1.0,0.4,0.8,skip,attack_already_active,1785296199.355479,1785296199355478967,1384867572177380,89.3,53.35546875,-1.0,0,0
2026-07-28T23:36:39.356,10.42.0.1,10.42.0.1,51,3,UPLOAD,0.95,UPLOAD,0.95,1,11584,0.45592373320331087,38,266538.0,121521.0,24,14,0.6868491646888746,0.31315083531112536,0.002264864918177342,1,0,1,1,1,1,1,1,0.85,1.0,1.0,0.4,0.8,skip,attack_already_active,1785296199.3561254,1785296199356125324,1384867572823380,89.3,53.35546875,-1.0,0,0
2026-07-28T23:36:39.356,10.42.0.1,10.42.0.1,51,3,UPLOAD,0.95,UPLOAD,0.95,1,5792,0.47765421816222203,39,266538.0,127313.0,24,15,0.6767483134484868,0.32325168655151315,0.002070436828320265,1,0,1,1,1,1,1,1,0.9299999999999999,1.0,1.0,0.8,0.8,skip,attack_already_active,1785296199.3569148,1785296199356914700,1384867573612613,89.3,53.35546875,-1.0,0,0
2026-07-28T23:36:39.357,10.42.0.1,10.42.0.1,51,3,UPLOAD,0.95,UPLOAD,0.95,1,14480,0.5319804305595001,40,266538.0,141793.0,24,16,0.6527498524481364,0.34725014755186356,0.0018997757653064862,1,0,1,1,1,1,1,1,0.9699999999999999,1.0,1.0,1.0,0.8,skip,attack_already_active,1785296199.35769,1785296199357689988,1384867574387940,89.3,53.35546875,-1.0,0,0
2026-07-28T23:36:39.358,10.42.0.1,10.42.0.1,51,3,UPLOAD,0.95,UPLOAD,0.95,1,8688,0.5645761579978669,41,266538.0,150481.0,24,17,0.6391507341392119,0.36084926586078814,0.0017541168717428875,1,0,1,1,1,1,1,1,0.9699999999999999,1.0,1.0,1.0,0.8,skip,attack_already_active,1785296199.3584845,1785296199358484594,1384867575182959,89.3,53.35546875,-1.0,0,0
2026-07-28T23:36:39.360,10.42.0.59,10.42.0.1,17,3,UPLOAD,0.95,UPLOAD,0.95,1,64240,1.189189189185687,4,54020.0,64240.0,3,1,0.4567901234567901,0.5432098765432098,0.34968140270962683,0,0,0,1,1,1,1,1,0.85,1.0,1.0,0.4,0.8,trigger,training_upload_trigger_confirmed,1785296199.3604422,1785296199360442160,1384867577140309,89.3,53.35546875,42.654116,1785296199403097191,1384867619794425
2026-07-28T23:36:39.361,10.42.0.59,10.42.0.1,17,3,UPLOAD,0.9841010226033655,UPLOAD,0.9841010226033655,1,6554,1.310514624207506,5,54020.0,70794.0,3,2,0.43280401237040717,0.5671959876295928,0.30378696216209367,0,0,1,1,1,1,1,1,0.85,1.0,1.0,0.4,0.8,skip,attack_already_active,1785296199.3618433,1785296199361843333,1384867578541289,89.3,53.35546875,-1.0,0,0
2026-07-28T23:36:39.362,10.42.0.1,10.42.0.1,51,3,UPLOAD,0.95,UPLOAD,0.95,1,7240,0.5917392641965058,42,266538.0,157721.0,24,18,0.6282435964823374,0.37175640351766254,0.0017028655524776314,1,0,1,1,1,1,1,1,0.9699999999999999,1.0,1.0,1.0,0.8,skip,attack_already_active,1785296199.3626406,1785296199362640526,1384867579338540,89.3,53.35546875,-1.0,0,0
2026-07-28T23:36:39.363,10.42.0.1,10.42.0.1,51,3,UPLOAD,0.95,UPLOAD,0.95,1,5792,0.613469749155417,43,266538.0,163513.0,24,19,0.6197823048894201,0.3802176951105799,0.001551045731402782,1,0,1,1,1,1,1,1,0.9699999999999999,1.0,1.0,1.0,0.8,skip,attack_already_active,1785296199.3631914,1785296199363191223,1384867579889127,89.3,53.35546875,-1.0,0,0
2026-07-28T23:36:39.364,10.42.0.1,10.42.0.1,51,3,UPLOAD,0.95,UPLOAD,0.95,1,5792,0.6352002341143281,44,266538.0,169305.0,24,20,0.611545900702776,0.388454099297224,0.0014787051792896,1,0,1,1,1,1,1,1,0.9699999999999999,1.0,1.0,1.0,0.8,skip,attack_already_active,1785296199.3641934,1785296199364193480,1384867580891510,89.3,53.35546875,-1.0,0,0
2026-07-28T23:36:39.364,10.42.0.1,10.42.0.1,51,3,UPLOAD,0.95,UPLOAD,0.95,1,2798,0.6456977991894376,45,266538.0,172103.0,24,21,0.6076449761878164,0.3923550238121835,0.0013556071177929635,1,0,1,1,1,1,1,1,0.9699999999999999,1.0,1.0,1.0,0.8,skip,attack_already_active,1785296199.364738,1785296199364737948,1384867581435897,89.3,53.35546875,-1.0,0,0
2026-07-28T23:36:39.367,10.42.0.1,10.42.0.1,51,3,UPLOAD,0.95,UPLOAD,0.95,1,11584,0.6891587691072599,46,266538.0,183687.0,24,22,0.5920106613359987,0.40798933866400133,0.0015697854825334364,1,0,1,1,1,1,1,1,0.9699999999999999,1.0,1.0,1.0,0.8,skip,attack_already_active,1785296199.367719,1785296199367718934,1384867584417077,89.3,53.35546875,-1.0,0,0
2026-07-28T23:36:39.368,10.42.0.1,10.42.0.1,51,3,UPLOAD,0.95,UPLOAD,0.95,1,5792,0.7108892540661711,47,266538.0,189479.0,24,23,0.5844913676463817,0.4155086323536184,0.001439774994480684,1,0,1,1,1,1,1,1,0.9699999999999999,1.0,1.0,1.0,0.8,skip,attack_already_active,1785296199.368302,1785296199368302084,1384867585006831,89.3,53.35546875,-1.0,0,0
2026-07-28T23:36:39.369,10.42.0.1,10.42.0.1,51,3,UPLOAD,0.95,UPLOAD,0.95,1,11584,0.7543502239839934,48,266538.0,201063.0,24,24,0.570011612464473,0.4299883875355271,0.0013646603823233544,1,0,1,1,1,1,1,1,0.9699999999999999,1.0,1.0,1.0,0.8,skip,attack_already_active,1785296199.3691719,1785296199369172096,1384867585870901,89.3,53.35546875,-1.0,0,0
2026-07-28T23:36:39.371,10.42.0.1,10.42.0.1,51,3,UPLOAD,0.95,UPLOAD,0.95,1,14480,0.8086764363812714,49,266538.0,215543.0,24,25,0.5528904893575975,0.4471095106424024,0.0015545539089560465,1,0,1,1,1,1,1,1,0.9699999999999999,1.0,1.0,1.0,0.8,skip,attack_already_active,1785296199.3719776,1785296199371977540,1384867588676015,89.3,53.35546875,-1.0,0,0
2026-07-28T23:36:39.373,10.42.0.1,10.42.0.1,51,3,UPLOAD,0.95,UPLOAD,0.95,1,8688,0.8412721638196382,50,266538.0,224231.0,24,26,0.5431027632144655,0.45689723678553457,0.0014874062152992061,1,0,1,1,1,1,1,1,0.9699999999999999,1.0,1.0,1.0,0.8,skip,attack_already_active,1785296199.3730226,1785296199373022524,1384867589721938,89.3,53.35546875,-1.0,0,0
2026-07-28T23:36:39.374,10.42.0.1,10.42.0.1,51,3,UPLOAD,0.95,UPLOAD,0.95,1,11584,0.8847331337374605,51,266538.0,235815.0,24,27,0.5305790947799655,0.4694209052200345,0.0014876376415441052,1,0,1,1,1,1,1,1,0.9699999999999999,1.0,1.0,1.0,0.8,skip,attack_already_active,1785296199.3745117,1785296199374511523,1384867591210162,89.3,53.35546875,-1.0,0,0
2026-07-28T23:36:39.376,10.42.0.1,10.42.0.1,51,3,UPLOAD,0.95,UPLOAD,0.95,1,2797,0.8952269470023215,52,266538.0,238612.0,24,28,0.527641294664951,0.472358705335049,0.0014999657196200554,1,0,1,1,1,1,1,1,0.9699999999999999,1.0,1.0,1.0,0.8,skip,attack_already_active,1785296199.376093,1785296199376092928,1384867592791391,89.3,53.35546875,-1.0,0,0
2026-07-28T23:36:39.449,10.42.0.18,10.42.0.1,39,3,UPLOAD,0.95,UPLOAD,0.95,1,40880,0.8178617157526836,6,49984.0,40880.0,5,1,0.5500968480366262,0.4499031519633738,0.4417304034571212,0,0,0,1,1,1,1,1,0.9699999999999999,1.0,1.0,1.0,0.8,trigger,training_upload_trigger_confirmed,1785296199.449754,1785296199449754154,1384867666452636,89.3,53.35546875,25.866198,1785296199475621601,1384867692318834
2026-07-28T23:36:39.451,10.42.0.18,10.42.0.1,39,3,UPLOAD,0.9841010226033655,UPLOAD,0.9841010226033655,1,38674,1.5915893085669095,7,49984.0,79554.0,5,2,0.3858636075900508,0.6141363924099492,0.38373701244815595,0,0,1,1,1,1,1,1,0.9699999999999999,1.0,1.0,1.0,0.8,skip,attack_already_active,1785296199.4513886,1785296199451388690,1384867668086766,89.3,53.35546875,-1.0,0,0
2026-07-28T23:36:39.452,10.42.0.1,10.42.0.1,51,3,UPLOAD,0.95,UPLOAD,0.95,1,7240,0.9223900532009605,53,266538.0,245852.0,24,29,0.5201857959757216,0.4798142040242784,0.0014973168420720415,1,0,1,1,1,1,1,1,0.9699999999999999,1.0,1.0,1.0,0.8,skip,attack_already_active,1785296199.452216,1785296199452215834,1384867668913880,89.3,53.35546875,-1.0,0,0
2026-07-28T23:36:39.452,10.42.0.1,10.42.0.1,51,3,UPLOAD,0.95,UPLOAD,0.95,1,5792,0.9441205381598717,54,266538.0,251644.0,24,30,0.514371398466176,0.48562860153382403,0.0013808458907843425,1,0,1,1,1,1,1,1,0.9699999999999999,1.0,1.0,1.0,0.8,skip,attack_already_active,1785296199.4528294,1785296199452829561,1384867669527637,89.3,53.35546875,-1.0,0,0
2026-07-28T23:36:39.453,10.42.0.1,10.42.0.1,51,3,UPLOAD,0.95,UPLOAD,0.95,1,11584,0.9875815080776941,55,266538.0,263228.0,24,31,0.5031240207940865,0.49687597920591353,0.0013164498732340848,1,0,1,1,1,1,1,1,0.9699999999999999,1.0,1.0,1.0,0.8,skip,attack_already_active,1785296199.4537215,1785296199453721695,1384867670419801,89.3,53.35546875,-1.0,0,0
2026-07-28T23:36:39.454,10.42.0.1,10.42.0.1,51,3,UPLOAD,0.95,UPLOAD,0.95,1,5792,1.0093119930366052,56,266538.0,269020.0,24,32,0.4976827906594617,0.5023172093405383,0.0012170263946584242,1,0,1,1,1,1,1,1,0.9699999999999999,1.0,1.0,1.0,0.8,skip,attack_already_active,1785296199.4542835,1785296199454283623,1384867670981589,89.3,53.35546875,-1.0,0,0
2026-07-28T23:36:39.455,10.42.0.1,10.42.0.1,51,3,UPLOAD,0.95,UPLOAD,0.95,1,11584,1.0527729629544276,57,266538.0,280604.0,24,33,0.4871459328656912,0.5128540671343088,0.0011937906952303613,1,0,1,1,1,1,1,1,0.9699999999999999,1.0,1.0,1.0,0.8,skip,attack_already_active,1785296199.4553242,1785296199455324123,1384867672022271,89.3,53.35546875,-1.0,0,0
2026-07-28T23:36:39.456,10.42.0.1,10.42.0.1,51,3,UPLOAD,0.95,UPLOAD,0.95,1,14480,1.1070991753517057,58,266538.0,295084.0,24,34,0.4745861095185018,0.5254138904814982,0.001141131191766395,1,0,1,1,1,1,1,1,0.9699999999999999,1.0,1.0,1.0,0.8,skip,attack_already_active,1785296199.4561183,1785296199456118280,1384867672816196,89.3,53.35546875,-1.0,0,0
2026-07-28T23:36:39.458,10.42.0.1,10.42.0.1,51,3,UPLOAD,0.95,UPLOAD,0.95,1,8688,1.1396949027900722,59,266538.0,303772.0,24,35,0.4673563500552331,0.5326436499447669,0.0012515557500006925,1,0,1,1,1,1,1,1,0.9699999999999999,1.0,1.0,1.0,0.8,skip,attack_already_active,1785296199.4580975,1785296199458097322,1384867674795482,89.3,53.35546875,-1.0,0,0
2026-07-28T23:36:39.459,10.42.0.1,10.42.0.1,51,3,UPLOAD,0.95,UPLOAD,0.95,1,11584,1.1831558727078948,60,266538.0,315356.0,24,36,0.45805249753391514,0.5419475024660849,0.0012219791666630434,1,0,1,1,1,1,1,1,0.9699999999999999,1.0,1.0,1.0,0.8,skip,attack_already_active,1785296199.4591246,1785296199459124604,1384867675822747,89.3,53.35546875,-1.0,0,0
2026-07-28T23:36:39.459,10.42.0.1,10.42.0.1,51,3,UPLOAD,0.95,UPLOAD,0.95,1,2797,1.1936496859727557,61,266538.0,318153.0,24,37,0.4558613010975028,0.5441386989024972,0.001158379121579756,1,0,1,1,1,1,1,1,0.9699999999999999,1.0,1.0,1.0,0.8,skip,attack_already_active,1785296199.459864,1785296199459863906,1384867676562392,89.3,53.35546875,-1.0,0,0
2026-07-28T23:36:39.549,10.42.0.1,10.42.0.1,51,3,UPLOAD,0.8056761511614723,UPLOAD,0.8056761511614723,0,43,1.1936496859727557,61,266538.0,318153.0,24,37,0.4558613010975028,0.5441386989024972,0.07210943311608049,1,0,1,1,1,1,1,1,0.8200000000000001,0.8000000000000002,1.0,0.6000000000000001,0.8,skip,attack_already_active,1785296199.549227,1785296199549227018,1384867765925745,89.3,53.35546875,-1.0,0,0
2026-07-28T23:36:39.872,10.42.0.47,10.42.0.1|10.42.0.47,51,3,UPLOAD,0.95,UPLOAD,0.95,1,7240,0.14839410524609248,7,48789.0,7240.0,6,1,0.8707812025915151,0.12921879740848488,0.352576622926987,1,0,0,1,1,1,1,1,0.9699999999999999,1.0,1.0,1.0,0.8,trigger,training_upload_trigger_confirmed,1785296199.8729663,1785296199872966383,1384868089665445,40.3,53.35546875,8.636745,1785296199881604898,1384868098302190
2026-07-28T23:36:39.874,10.42.0.47,10.42.0.1|10.42.0.47,51,3,UPLOAD,0.95,UPLOAD,0.95,1,4344,0.2374305683814501,8,48789.0,11584.0,6,2,0.8081261491063886,0.1918738508936114,0.3062747782684413,1,0,1,1,1,1,1,1,0.9699999999999999,1.0,1.0,1.0,0.8,skip,attack_already_active,1785296199.874171,1785296199874171126,1384868090870849,40.3,53.35546875,-1.0,0,0
2026-07-28T23:36:39.877,10.42.0.47,10.42.0.1|10.42.0.47,51,3,UPLOAD,0.9827856166486795,UPLOAD,0.9827856166486795,1,2896,0.2967882104716885,9,48789.0,14480.0,6,3,0.7711359433529849,0.22886405664701512,0.26641034455948154,1,0,1,1,1,1,1,1,0.9699999999999999,1.0,1.0,1.0,0.8,skip,attack_already_active,1785296199.8779256,1785296199877925561,1384868094624630,40.3,53.35546875,-1.0,0,0
2026-07-28T23:36:39.878,10.42.0.47,10.42.0.1|10.42.0.47,51,3,UPLOAD,0.9634642939343403,UPLOAD,0.9634642939343403,1,13032,0.5638975998777614,10,48789.0,27512.0,6,4,0.6394280546781824,0.3605719453218175,0.23143737879522258,1,0,1,1,1,1,1,1,0.9699999999999999,1.0,1.0,1.0,0.8,skip,attack_already_active,1785296199.8789358,1785296199878935827,1384868095634615,40.3,53.35546875,-1.0,0,0
2026-07-28T23:36:39.880,10.42.0.47,10.42.0.1|10.42.0.47,51,3,UPLOAD,0.95,UPLOAD,0.95,1,4344,0.6529340630131191,11,48789.0,31856.0,6,5,0.6049848099696199,0.39501519003038005,0.20108759756290534,1,0,1,1,1,1,1,1,0.9699999999999999,1.0,1.0,1.0,0.8,skip,attack_already_active,1785296199.880057,1785296199880057151,1384868096755583,40.3,53.35546875,-1.0,0,0
2026-07-28T23:36:39.881,10.42.0.47,10.42.0.1|10.42.0.47,51,3,UPLOAD,0.95,UPLOAD,0.95,1,5792,0.7716493471935959,12,48789.0,37648.0,6,6,0.5644457813204993,0.43555421867950067,0.17479177763081605,1,0,1,1,1,1,1,1,0.9699999999999999,1.0,1.0,1.0,0.8,skip,attack_already_active,1785296199.881593,1785296199881593032,1384868098292725,40.3,53.35546875,-1.0,0,0
2026-07-28T23:36:39.882,10.42.0.47,10.42.0.1|10.42.0.47,51,3,UPLOAD,0.95,UPLOAD,0.95,1,4344,0.8606858103289535,13,48789.0,41992.0,6,7,0.5374362476729713,0.4625637523270288,0.1518965124769027,1,0,1,1,1,1,1,1,0.9699999999999999,1.0,1.0,1.0,0.8,skip,attack_already_active,1785296199.882639,1785296199882638760,1384868099337846,40.3,53.35546875,-1.0,0,0
2026-07-28T23:36:39.887,10.42.0.47,10.42.0.1|10.42.0.47,51,3,UPLOAD,0.95,UPLOAD,0.95,1,1448,0.8903646313740727,14,48789.0,43440.0,6,8,0.5289984711966952,0.4710015288033048,0.13254506705803681,1,0,1,1,1,1,1,1,0.9699999999999999,1.0,1.0,1.0,0.8,skip,attack_already_active,1785296199.8876827,1785296199887682598,1384868104381446,40.3,53.35546875,-1.0,0,0
2026-07-28T23:36:39.888,10.42.0.47,10.42.0.1|10.42.0.47,51,3,UPLOAD,0.95,UPLOAD,0.95,1,23168,1.36522576809598,15,48789.0,66608.0,6,9,0.4227926202587589,0.5772073797412411,0.1152374810332919,1,0,1,1,1,1,1,1,0.9699999999999999,1.0,1.0,1.0,0.8,skip,attack_already_active,1785296199.8888853,1785296199888885153,1384868105583667,40.3,53.35546875,-1.0,0,0
2026-07-28T23:36:39.889,10.42.0.47,10.42.0.1|10.42.0.47,51,3,UPLOAD,0.95,UPLOAD,0.95,1,5792,1.483941052276457,16,48789.0,72400.0,6,10,0.40258604328775716,0.5974139567122428,0.1001552353603559,1,0,1,1,1,1,1,1,0.9699999999999999,1.0,1.0,1.0,0.8,skip,attack_already_active,1785296199.8896677,1785296199889667888,1384868106366299,40.3,53.35546875,-1.0,0,0
2026-07-28T23:36:39.891,10.42.0.47,10.42.0.1|10.42.0.47,51,3,UPLOAD,0.95,UPLOAD,0.95,1,5792,1.6026563364569337,17,48789.0,78192.0,6,11,0.3842228364873485,0.6157771635126515,0.08715774453964156,1,0,1,1,1,1,1,1,0.9699999999999999,1.0,1.0,1.0,0.8,skip,attack_already_active,1785296199.8911886,1785296199891188840,1384868107887192,40.3,53.35546875,-1.0,0,0
2026-07-28T23:36:39.892,10.42.0.47,10.42.0.1|10.42.0.47,51,3,UPLOAD,0.95,UPLOAD,0.95,1,1362,1.6305724650919147,18,48789.0,79554.0,6,12,0.38014539164582406,0.6198546083541759,0.07578326283991957,1,0,1,1,1,1,1,1,0.9699999999999999,1.0,1.0,1.0,0.8,skip,attack_already_active,1785296199.8920286,1785296199892028574,1384868108726935,40.3,53.35546875,-1.0,0,0
2026-07-28T23:36:39.893,10.42.0.1,10.42.0.1|10.42.0.47,51,3,UPLOAD,0.95,UPLOAD,0.95,1,7240,0.9224350749239417,54,266538.0,245864.0,24,30,0.5201736136861292,0.47982638631387076,0.0648714459373193,1,0,1,1,1,1,1,1,0.9699999999999999,1.0,1.0,1.0,0.8,skip,attack_already_active,1785296199.8931198,1785296199893119767,1384868109818039,40.3,53.35546875,-1.0,0,0
2026-07-28T23:36:39.893,10.42.0.1,10.42.0.1|10.42.0.47,51,3,UPLOAD,0.95,UPLOAD,0.95,1,5792,0.9441655598828529,55,266538.0,251656.0,24,31,0.5143594869874989,0.4856405130125011,0.05641820916124424,1,0,1,1,1,1,1,1,0.9699999999999999,1.0,1.0,1.0,0.8,skip,attack_already_active,1785296199.893842,1785296199893842045,1384868110540275,40.3,53.35546875,-1.0,0,0
2026-07-28T23:36:39.895,10.42.0.1,10.42.0.1|10.42.0.47,51,3,UPLOAD,0.95,UPLOAD,0.95,1,11584,0.9876265298006752,56,266538.0,263240.0,24,32,0.5031126245332951,0.4968873754667049,0.04914992809679274,1,0,1,1,1,1,1,1,0.9699999999999999,1.0,1.0,1.0,0.8,skip,attack_already_active,1785296199.8951032,1785296199895103196,1384868111801303,40.3,53.35546875,-1.0,0,0
2026-07-28T23:36:39.895,10.42.0.1,10.42.0.1|10.42.0.47,51,3,UPLOAD,0.95,UPLOAD,0.95,1,5792,1.0093570147595865,57,266538.0,269032.0,24,33,0.4976716395615886,0.5023283604384114,0.042767914720463346,1,0,1,1,1,1,1,1,0.9699999999999999,1.0,1.0,1.0,0.8,skip,attack_already_active,1785296199.8958218,1785296199895821889,1384868112520034,40.3,53.35546875,-1.0,0,0
2026-07-28T23:36:39.896,10.42.0.1,10.42.0.1|10.42.0.47,51,3,UPLOAD,0.95,UPLOAD,0.95,1,11584,1.0528179846774088,58,266538.0,280616.0,24,34,0.4871352489427108,0.5128647510572891,0.037225442562440904,1,0,1,1,1,1,1,1,0.9699999999999999,1.0,1.0,1.0,0.8,skip,attack_already_active,1785296199.8965294,1785296199896529328,1384868113227940,40.3,53.35546875,-1.0,0,0
2026-07-28T23:36:39.897,10.42.0.1,10.42.0.1|10.42.0.47,51,3,UPLOAD,0.95,UPLOAD,0.95,1,14480,1.1071441970746867,59,266538.0,295096.0,24,35,0.4745759694035617,0.5254240305964383,0.03246331194205364,1,0,1,1,1,1,1,1,0.9699999999999999,1.0,1.0,1.0,0.8,skip,attack_already_active,1785296199.8976164,1785296199897616406,1384868114315132,40.3,53.35546875,-1.0,0,0
2026-07-28T23:36:39.899,10.42.0.1,10.42.0.1|10.42.0.47,51,3,UPLOAD,0.95,UPLOAD,0.95,1,7240,1.1343073032733257,60,266538.0,302336.0,24,36,0.468536090592996,0.531463909407004,0.028417714279866654,1,0,1,1,1,1,1,1,0.9699999999999999,1.0,1.0,1.0,0.8,skip,attack_already_active,1785296199.8993788,1785296199899378809,1384868116078125,40.3,53.35546875,-1.0,0,0
2026-07-28T23:36:39.902,10.42.0.1,10.42.0.1|10.42.0.47,51,3,UPLOAD,0.95,UPLOAD,0.95,1,7240,1.1614704094719648,61,266538.0,309576.0,24,37,0.46264801757985397,0.537351982420146,0.0250687196748421,1,0,1,1,1,1,1,1,0.9699999999999999,1.0,1.0,1.0,0.8,skip,attack_already_active,1785296199.902382,1785296199902381711,1384868119081348,40.3,53.35546875,-1.0,0,0
2026-07-28T23:36:39.903,10.42.0.1,10.42.0.1|10.42.0.47,51,3,UPLOAD,0.95,UPLOAD,0.95,1,8589,1.193694707695737,62,266538.0,318165.0,24,38,0.4558519453466119,0.5441480546533881,0.0219216044275158,1,0,1,1,1,1,1,1,0.9699999999999999,1.0,1.0,1.0,0.8,skip,attack_already_active,1785296199.903568,1785296199903568152,1384868120267363,40.3,53.35546875,-1.0,0,0
2026-07-28T23:36:40.617,10.42.0.210,10.42.0.1|10.42.0.210|10.42.0.47,51,3,UPLOAD,0.95,UPLOAD,0.95,1,1448,100.0,1,0.0,1448.0,0,1,0.0,1.0,0.27507367013865947,1,0,0,1,1,1,1,1,0.9525,0.95,1.0,1.0,0.8,trigger,training_upload_trigger_confirmed,1785296200.6171405,1785296200617140420,1384868833839689,32.9,53.35546875,8.378452,1785296200625520833,1384868842218141
2026-07-28T23:36:40.620,10.42.0.210,10.42.0.1|10.42.0.210|10.42.0.47,51,3,UPLOAD,0.9841010226033655,UPLOAD,0.9841010226033655,1,1448,100.0,2,0.0,2896.0,0,2,0.0,1.0,0.23920556939150248,1,0,1,1,1,1,1,1,0.9699999999999999,1.0,1.0,1.0,0.8,skip,attack_already_active,1785296200.620021,1785296200620020973,1384868836722093,32.9,53.35546875,-1.0,0,0
2026-07-28T23:36:40.621,10.42.0.210,10.42.0.1|10.42.0.210|10.42.0.47,51,3,UPLOAD,0.9854688349332961,UPLOAD,0.9854688349332961,1,1448,100.0,3,0.0,4344.0,0,3,0.0,1.0,0.20792007650094674,1,0,1,1,1,1,1,1,0.9699999999999999,1.0,1.0,1.0,0.8,skip,attack_already_active,1785296200.6218097,1785296200621809589,1384868838508810,32.9,53.35546875,-1.0,0,0
2026-07-28T23:36:40.622,10.42.0.210,10.42.0.1|10.42.0.210|10.42.0.47,51,3,UPLOAD,0.9855076450773014,UPLOAD,0.9855076450773014,1,1448,100.0,4,0.0,5792.0,0,4,0.0,1.0,0.18066880402355046,1,0,1,1,1,1,1,1,0.9699999999999999,1.0,1.0,1.0,0.8,skip,attack_already_active,1785296200.6229274,1785296200622927318,1384868839628436,32.9,53.35546875,-1.0,0,0
2026-07-28T23:36:40.624,10.42.0.210,10.42.0.1|10.42.0.210|10.42.0.47,51,3,UPLOAD,0.9855086980780915,UPLOAD,0.9855086980780915,1,1448,100.0,5,0.0,7240.0,0,5,0.0,1.0,0.1570371748263955,1,0,1,1,1,1,1,1,0.9699999999999999,1.0,1.0,1.0,0.8,skip,attack_already_active,1785296200.6242623,1785296200624262423,1384868840961004,32.9,53.35546875,-1.0,0,0
2026-07-28T23:36:40.625,10.42.0.210,10.42.0.1|10.42.0.210|10.42.0.47,51,3,UPLOAD,0.9855087254685951,UPLOAD,0.9855087254685951,1,1448,100.0,6,0.0,8688.0,0,6,0.0,1.0,0.13644296377563342,1,0,1,1,1,1,1,1,0.9699999999999999,1.0,1.0,1.0,0.8,skip,attack_already_active,1785296200.6250157,1785296200625015872,1384868841714174,32.9,53.35546875,-1.0,0,0
2026-07-28T23:36:40.625,10.42.0.210,10.42.0.1|10.42.0.210|10.42.0.47,51,3,UPLOAD,0.9855087261493067,UPLOAD,0.9855087261493067,1,1448,100.0,7,0.0,10136.0,0,7,0.0,1.0,0.11858711241680393,1,0,1,1,1,1,1,1,0.9699999999999999,1.0,1.0,1.0,0.8,skip,attack_already_active,1785296200.6259556,1785296200625955467,1384868842653800,32.9,53.35546875,-1.0,0,0
2026-07-28T23:36:40.626,10.42.0.210,10.42.0.1|10.42.0.210|10.42.0.47,51,3,UPLOAD,0.9855087261653082,UPLOAD,0.9855087261653082,1,1448,100.0,8,0.0,11584.0,0,8,0.0,1.0,0.10309363163001722,1,0,1,1,1,1,1,1,0.9699999999999999,1.0,1.0,1.0,0.8,skip,attack_already_active,1785296200.626967,1785296200626967073,1384868843665613,32.9,53.35546875,-1.0,0,0
2026-07-28T23:36:40.628,10.42.0.210,10.42.0.1|10.42.0.210|10.42.0.47,51,3,UPLOAD,0.985508726165656,UPLOAD,0.985508726165656,1,1448,100.0,9,0.0,13032.0,0,9,0.0,1.0,0.08971452751350749,1,0,1,1,1,1,1,1,0.9699999999999999,1.0,1.0,1.0,0.8,skip,attack_already_active,1785296200.6285303,1785296200628530164,1384868845228919,32.9,53.35546875,-1.0,0,0
2026-07-28T23:36:40.629,10.42.0.210,10.42.0.1|10.42.0.210|10.42.0.47,51,3,UPLOAD,0.9855087261656625,UPLOAD,0.9855087261656625,1,1448,100.0,10,0.0,14480.0,0,10,0.0,1.0,0.07803287945068405,1,0,1,1,1,1,1,1,0.9699999999999999,1.0,1.0,1.0,0.8,skip,attack_already_active,1785296200.629596,1785296200629595902,1384868846294801,32.9,53.35546875,-1.0,0,0
2026-07-28T23:36:40.631,10.42.0.210,10.42.0.1|10.42.0.210|10.42.0.47,51,3,UPLOAD,0.95,UPLOAD,0.95,1,1448,100.0,11,0.0,15928.0,0,11,0.0,1.0,0.06800622210570974,1,0,1,1,1,1,1,1,0.9699999999999999,1.0,1.0,1.0,0.8,skip,attack_already_active,1785296200.6315393,1785296200631539458,1384868848242286,32.9,53.35546875,-1.0,0,0
2026-07-28T23:36:40.633,10.42.0.210,10.42.0.1|10.42.0.210|10.42.0.47,51,3,UPLOAD,0.95,UPLOAD,0.95,1,1448,100.0,12,0.0,17376.0,0,12,0.0,1.0,0.059248229341869026,1,0,1,1,1,1,1,1,0.9699999999999999,1.0,1.0,1.0,0.8,skip,attack_already_active,1785296200.6330836,1785296200633083764,1384868849782928,32.9,53.35546875,-1.0,0,0
2026-07-28T23:36:40.634,10.42.0.210,10.42.0.1|10.42.0.210|10.42.0.47,51,3,UPLOAD,0.95,UPLOAD,0.95,1,1448,100.0,13,0.0,18824.0,0,13,0.0,1.0,0.05166448644532262,1,0,1,1,1,1,1,1,0.9699999999999999,1.0,1.0,1.0,0.8,skip,attack_already_active,1785296200.634781,1785296200634780998,1384868851480520,32.9,53.35546875,-1.0,0,0
2026-07-28T23:36:40.636,10.42.0.210,10.42.0.1|10.42.0.210|10.42.0.47,51,3,UPLOAD,0.95,UPLOAD,0.95,1,1448,100.0,14,0.0,20272.0,0,14,0.0,1.0,0.04509805803987123,1,0,1,1,1,1,1,1,0.9699999999999999,1.0,1.0,1.0,0.8,skip,attack_already_active,1785296200.6366146,1785296200636614727,1384868853314323,32.9,53.35546875,-1.0,0,0
2026-07-28T23:36:40.638,10.42.0.210,10.42.0.1|10.42.0.210|10.42.0.47,51,3,UPLOAD,0.95,UPLOAD,0.95,1,1448,100.0,15,0.0,21720.0,0,15,0.0,1.0,0.039416270418051735,1,0,1,1,1,1,1,1,0.9699999999999999,1.0,1.0,1.0,0.8,skip,attack_already_active,1785296200.638595,1785296200638594991,1384868855294260,32.9,53.35546875,-1.0,0,0
2026-07-28T23:36:40.639,10.42.0.210,10.42.0.1|10.42.0.210|10.42.0.47,51,3,UPLOAD,0.95,UPLOAD,0.95,1,1448,100.0,16,0.0,23168.0,0,16,0.0,1.0,0.03438784528517439,1,0,1,1,1,1,1,1,0.9699999999999999,1.0,1.0,1.0,0.8,skip,attack_already_active,1785296200.639852,1785296200639852138,1384868856551412,32.9,53.35546875,-1.0,0,0
2026-07-28T23:36:40.641,10.42.0.210,10.42.0.1|10.42.0.210|10.42.0.47,51,3,UPLOAD,0.95,UPLOAD,0.95,1,1448,100.0,17,0.0,24616.0,0,17,0.0,1.0,0.03009709456658683,1,0,1,1,1,1,1,1,0.9699999999999999,1.0,1.0,1.0,0.8,skip,attack_already_active,1785296200.6416786,1785296200641678579,1384868858377756,32.9,53.35546875,-1.0,0,0
2026-07-28T23:36:40.642,10.42.0.210,10.42.0.1|10.42.0.210|10.42.0.47,51,3,UPLOAD,0.95,UPLOAD,0.95,1,1448,100.0,18,0.0,26064.0,0,18,0.0,1.0,0.02628969278267523,1,0,1,1,1,1,1,1,0.9699999999999999,1.0,1.0,1.0,0.8,skip,attack_already_active,1785296200.6428823,1785296200642882284,1384868859580943,32.9,53.35546875,-1.0,0,0
2026-07-28T23:36:40.644,10.42.0.210,10.42.0.1|10.42.0.210|10.42.0.47,51,3,UPLOAD,0.95,UPLOAD,0.95,1,1448,100.0,19,0.0,27512.0,0,19,0.0,1.0,0.023027522558329582,1,0,1,1,1,1,1,1,0.9699999999999999,1.0,1.0,1.0,0.8,skip,attack_already_active,1785296200.6444163,1785296200644416229,1384868861114679,32.9,53.35546875,-1.0,0,0
2026-07-28T23:36:40.645,10.42.0.210,10.42.0.1|10.42.0.210|10.42.0.47,51,3,UPLOAD,0.95,UPLOAD,0.95,1,1448,100.0,20,0.0,28960.0,0,20,0.0,1.0,0.020123685476765317,1,0,1,1,1,1,1,1,0.9699999999999999,1.0,1.0,1.0,0.8,skip,attack_already_active,1785296200.6454074,1785296200645407533,1384868862106008,32.9,53.35546875,-1.0,0,0
2026-07-28T23:36:40.647,10.42.0.210,10.42.0.1|10.42.0.210|10.42.0.47,51,3,UPLOAD,0.95,UPLOAD,0.95,1,1448,100.0,21,0.0,30408.0,0,21,0.0,1.0,0.017700491109212062,1,0,1,1,1,1,1,1,0.9699999999999999,1.0,1.0,1.0,0.8,skip,attack_already_active,1785296200.6471422,1785296200647142060,1384868863841250,32.9,53.35546875,-1.0,0,0
2026-07-28T23:36:40.648,10.42.0.210,10.42.0.1|10.42.0.210|10.42.0.47,51,3,UPLOAD,0.95,UPLOAD,0.95,1,1448,100.0,22,0.0,31856.0,0,22,0.0,1.0,0.015552815922847572,1,0,1,1,1,1,1,1,0.9699999999999999,1.0,1.0,1.0,0.8,skip,attack_already_active,1785296200.6485445,1785296200648544583,1384868865243766,37.9,53.35546875,-1.0,0,0
2026-07-28T23:36:40.650,10.42.0.210,10.42.0.1|10.42.0.210|10.42.0.47,51,3,UPLOAD,0.95,UPLOAD,0.95,1,1448,100.0,23,0.0,33304.0,0,23,0.0,1.0,0.013721483441282946,1,0,1,1,1,1,1,1,0.9699999999999999,1.0,1.0,1.0,0.8,skip,attack_already_active,1785296200.6502,1785296200650199934,1384868866901658,37.9,53.35546875,-1.0,0,0
2026-07-28T23:36:40.651,10.42.0.210,10.42.0.1|10.42.0.210|10.42.0.47,51,3,UPLOAD,0.95,UPLOAD,0.95,1,1448,100.0,24,0.0,34752.0,0,24,0.0,1.0,0.012070115483065219,1,0,1,1,1,1,1,1,0.9699999999999999,1.0,1.0,1.0,0.8,skip,attack_already_active,1785296200.6513896,1785296200651389756,1384868868088786,37.9,53.35546875,-1.0,0,0
2026-07-28T23:36:40.653,10.42.0.210,10.42.0.1|10.42.0.210|10.42.0.47,51,3,UPLOAD,0.95,UPLOAD,0.95,1,1448,100.0,25,0.0,36200.0,0,25,0.0,1.0,0.010715716218861821,1,0,1,1,1,1,1,1,0.9699999999999999,1.0,1.0,1.0,0.8,skip,attack_already_active,1785296200.6531816,1785296200653181484,1384868869880444,37.9,53.35546875,-1.0,0,0
2026-07-28T23:36:40.654,10.42.0.210,10.42.0.1|10.42.0.210|10.42.0.47,51,3,UPLOAD,0.95,UPLOAD,0.95,1,1448,100.0,26,0.0,37648.0,0,26,0.0,1.0,0.009462850785761739,1,0,1,1,1,1,1,1,0.9699999999999999,1.0,1.0,1.0,0.8,skip,attack_already_active,1785296200.6543896,1785296200654389466,1384868871088056,37.9,53.35546875,-1.0,0,0
2026-07-28T23:36:40.656,10.42.0.210,10.42.0.1|10.42.0.210|10.42.0.47,51,3,UPLOAD,0.95,UPLOAD,0.95,1,1448,100.0,27,0.0,39096.0,0,27,0.0,1.0,0.008432857778251892,1,0,1,1,1,1,1,1,0.9699999999999999,1.0,1.0,1.0,0.8,skip,attack_already_active,1785296200.6560361,1785296200656035990,1384868872735251,37.9,53.35546875,-1.0,0,0
2026-07-28T23:36:40.657,10.42.0.210,10.42.0.1|10.42.0.210|10.42.0.47,51,3,UPLOAD,0.95,UPLOAD,0.95,1,1448,100.0,28,0.0,40544.0,0,28,0.0,1.0,0.007492533524121026,1,0,1,1,1,1,1,1,0.9699999999999999,1.0,1.0,1.0,0.8,skip,attack_already_active,1785296200.6573331,1785296200657333141,1384868874031868,37.9,53.35546875,-1.0,0,0
2026-07-28T23:36:40.658,10.42.0.210,10.42.0.1|10.42.0.210|10.42.0.47,51,3,UPLOAD,0.95,UPLOAD,0.95,1,1448,100.0,29,0.0,41992.0,0,29,0.0,1.0,0.006713161209884754,1,0,1,1,1,1,1,1,0.9699999999999999,1.0,1.0,1.0,0.8,skip,attack_already_active,1785296200.6589112,1785296200658911205,1384868875609976,37.9,53.35546875,-1.0,0,0
2026-07-28T23:36:40.660,10.42.0.210,10.42.0.1|10.42.0.210|10.42.0.47,51,3,UPLOAD,0.95,UPLOAD,0.95,1,1448,100.0,30,0.0,43440.0,0,30,0.0,1.0,0.005972335770896689,1,0,1,1,1,1,1,1,0.9699999999999999,1.0,1.0,1.0,0.8,skip,attack_already_active,1785296200.6600025,1785296200660002435,1384868876700762,37.9,53.35546875,-1.0,0,0
2026-07-28T23:36:40.661,10.42.0.210,10.42.0.1|10.42.0.210|10.42.0.47,51,3,UPLOAD,0.95,UPLOAD,0.95,1,1448,100.0,31,0.0,44888.0,0,31,0.0,1.0,0.0053925641059665895,1,0,1,1,1,1,1,1,0.9699999999999999,1.0,1.0,1.0,0.8,skip,attack_already_active,1785296200.661575,1785296200661575093,1384868878273636,37.9,53.35546875,-1.0,0,0
2026-07-28T23:36:40.662,10.42.0.210,10.42.0.1|10.42.0.210|10.42.0.47,51,3,UPLOAD,0.95,UPLOAD,0.95,1,1448,100.0,32,0.0,46336.0,0,32,0.0,1.0,0.004824031687341194,1,0,1,1,1,1,1,1,0.9699999999999999,1.0,1.0,1.0,0.8,skip,attack_already_active,1785296200.6626532,1785296200662653147,1384868879352011,37.9,53.35546875,-1.0,0,0
2026-07-28T23:36:40.663,10.42.0.210,10.42.0.1|10.42.0.210|10.42.0.47,51,3,UPLOAD,0.95,UPLOAD,0.95,1,1448,100.0,33,0.0,47784.0,0,33,0.0,1.0,0.004333119229587154,1,0,1,1,1,1,1,1,0.9699999999999999,1.0,1.0,1.0,0.8,skip,attack_already_active,1785296200.6637518,1785296200663751935,1384868880451158,37.9,53.35546875,-1.0,0,0
2026-07-28T23:36:40.665,10.42.0.210,10.42.0.1|10.42.0.210|10.42.0.47,51,3,UPLOAD,0.95,UPLOAD,0.95,1,1448,100.0,34,0.0,49232.0,0,34,0.0,1.0,0.0039315278057572515,1,0,1,1,1,1,1,1,0.9699999999999999,1.0,1.0,1.0,0.8,skip,attack_already_active,1785296200.6650374,1785296200665037289,1384868881736043,37.9,53.35546875,-1.0,0,0
2026-07-28T23:36:40.666,10.42.0.210,10.42.0.1|10.42.0.210|10.42.0.47,51,3,UPLOAD,0.95,UPLOAD,0.95,1,1448,100.0,35,0.0,50680.0,0,35,0.0,1.0,0.003561743330830129,1,0,1,1,1,1,1,1,0.9699999999999999,1.0,1.0,1.0,0.8,skip,attack_already_active,1785296200.6661627,1785296200666162629,1384868882861215,37.9,53.35546875,-1.0,0,0
2026-07-28T23:36:40.667,10.42.0.210,10.42.0.1|10.42.0.210|10.42.0.47,51,3,UPLOAD,0.95,UPLOAD,0.95,1,1448,100.0,36,0.0,52128.0,0,36,0.0,1.0,0.0032373253381201305,1,0,1,1,1,1,1,1,0.9699999999999999,1.0,1.0,1.0,0.8,skip,attack_already_active,1785296200.6672626,1785296200667262513,1384868883961159,37.9,53.35546875,-1.0,0,0
2026-07-28T23:36:40.668,10.42.0.1,10.42.0.1|10.42.0.210|10.42.0.47,51,3,UPLOAD,0.9762853150763648,UPLOAD,0.9762853150763648,1,7240,100.0,10,0.0,86781.0,0,10,0.0,1.0,0.025726705280977185,1,0,1,1,1,1,1,1,0.9699999999999999,1.0,1.0,1.0,0.8,skip,attack_already_active,1785296200.668996,1785296200668996023,1384868885695916,37.9,53.35546875,-1.0,0,0
2026-07-28T23:36:40.670,10.42.0.1,10.42.0.1|10.42.0.210|10.42.0.47,51,3,UPLOAD,0.9852492635133006,UPLOAD,0.9852492635133006,1,5792,100.0,11,0.0,92573.0,0,11,0.0,1.0,0.022582109977705527,1,0,1,1,1,1,1,1,0.9699999999999999,1.0,1.0,1.0,0.8,skip,attack_already_active,1785296200.6708593,1785296200670859365,1384868887559095,37.9,53.35546875,-1.0,0,0
2026-07-28T23:36:40.672,10.42.0.1,10.42.0.1|10.42.0.210|10.42.0.47,51,3,UPLOAD,0.9855020707733755,UPLOAD,0.9855020707733755,1,1448,100.0,12,0.0,94021.0,0,12,0.0,1.0,0.01977535906487196,1,0,1,1,1,1,1,1,0.9699999999999999,1.0,1.0,1.0,0.8,skip,attack_already_active,1785296200.6721418,1785296200672141878,1384868888841064,37.9,53.35546875,-1.0,0,0
2026-07-28T23:36:40.727,10.42.0.1,10.42.0.1|10.42.0.210|10.42.0.47,51,3,UPLOAD,0.9855085693106367,UPLOAD,0.9855085693106367,1,14480,100.0,13,0.0,108501.0,0,13,0.0,1.0,0.02443994813583872,1,0,1,1,1,1,1,1,0.9699999999999999,1.0,1.0,1.0,0.8,skip,attack_already_active,1785296200.7273154,1785296200727315342,1384868944014102,37.9,53.35546875,-1.0,0,0
2026-07-28T23:36:40.728,10.42.0.1,10.42.0.1|10.42.0.210|10.42.0.47,51,3,UPLOAD,0.985508722887508,UPLOAD,0.985508722887508,1,14480,100.0,14,0.0,122981.0,0,14,0.0,1.0,0.02137091346684859,1,0,1,1,1,1,1,1,0.9699999999999999,1.0,1.0,1.0,0.8,skip,attack_already_active,1785296200.7284653,1785296200728465382,1384868945163774,37.9,53.35546875,-1.0,0,0
2026-07-28T23:36:40.730,10.42.0.1,10.42.0.1|10.42.0.210|10.42.0.47,51,3,UPLOAD,0.9855087261115014,UPLOAD,0.9855087261115014,1,15928,100.0,15,0.0,138909.0,0,15,0.0,1.0,0.018768505824643487,1,0,1,1,1,1,1,1,0.9699999999999999,1.0,1.0,1.0,0.8,skip,attack_already_active,1785296200.7300873,1785296200730087211,1384868946786914,37.9,53.35546875,-1.0,0,0
2026-07-28T23:36:40.731,10.42.0.1,10.42.0.1|10.42.0.210|10.42.0.47,51,3,UPLOAD,0.9855087261653361,UPLOAD,0.9855087261653361,1,14480,100.0,16,0.0,153389.0,0,16,0.0,1.0,0.01652379528341549,1,0,1,1,1,1,1,1,0.9699999999999999,1.0,1.0,1.0,0.8,skip,attack_already_active,1785296200.7318213,1785296200731821219,1384868948520271,37.9,53.35546875,-1.0,0,0
2026-07-28T23:36:40.733,10.42.0.1,10.42.0.1|10.42.0.210|10.42.0.47,51,3,UPLOAD,0.9855087261656894,UPLOAD,0.9855087261656894,1,5694,100.0,17,0.0,159083.0,0,17,0.0,1.0,0.014560114064982897,1,0,1,1,1,1,1,1,0.9699999999999999,1.0,1.0,1.0,0.8,skip,attack_already_active,1785296200.7334433,1785296200733443311,1384868950141644,37.9,53.35546875,-1.0,0,0
2026-07-28T23:36:40.755,10.42.0.1,10.42.0.1|10.42.0.210|10.42.0.47,51,3,UPLOAD,0.9855087261656644,UPLOAD,0.9855087261656644,1,1350,100.0,18,0.0,160433.0,0,18,0.0,1.0,0.015608341226960629,1,0,1,1,1,1,1,1,0.9699999999999999,1.0,1.0,1.0,0.8,skip,attack_already_active,1785296200.755958,1785296200755957892,1384868972656771,37.9,53.35546875,-1.0,0,0
2026-07-28T23:36:41.064,10.42.0.1,,52,1,DOWNLOAD,0.9855032485039499,DOWNLOAD,0.9855032485039499,-1,1448,55.864640846087944,10,1448.0,80892.0,1,9,0.01758562059752247,0.9824143794024776,0.21324814240090095,0,0,0,0,1,0,0,0,0.44,0.8500000000000001,0.0,0.6000000000000001,0.15,skip,training_upload_trigger_not_confirmed,1785296201.0646691,1785296201064669278,1384869281368624,37.9,53.35546875,-1.0,0,0
2026-07-28T23:36:41.068,10.42.0.1,,52,1,DOWNLOAD,0.95,DOWNLOAD,0.95,-1,5792,11.172928175390478,11,7240.0,80892.0,2,9,0.08214950301819997,0.9178504969818,0.1856651789780572,0,0,0,0,1,0,0,0,0.44,0.8500000000000001,0.0,0.6000000000000001,0.15,skip,training_upload_trigger_not_confirmed,1785296201.0685978,1785296201068597729,1384869285297494,37.9,53.35546875,-1.0,0,0
2026-07-28T23:36:41.069,10.42.0.1,,52,1,DOWNLOAD,0.95,DOWNLOAD,0.95,-1,7240,5.586464088081045,12,14480.0,80892.0,3,9,0.151826531896154,0.848173468103846,0.16137424401844186,0,0,0,0,1,0,0,0,0.44,0.8500000000000001,0.0,0.6000000000000001,0.15,skip,training_upload_trigger_not_confirmed,1785296201.0699258,1785296201069925879,1384869286625362,37.9,53.35546875,-1.0,0,0
2026-07-28T23:36:41.071,10.42.0.1,,52,1,DOWNLOAD,0.95,DOWNLOAD,0.95,-1,7240,3.7243093921397645,13,21720.0,80892.0,4,9,0.21167114957314934,0.7883288504268506,0.14032705613691815,0,0,0,0,1,0,0,0,0.44,0.8500000000000001,0.0,0.6000000000000001,0.15,skip,training_upload_trigger_not_confirmed,1785296201.0715787,1785296201071578730,1384869288277974,37.9,53.35546875,-1.0,0,0
2026-07-28T23:36:41.072,10.42.0.1,,52,1,DOWNLOAD,0.95,DOWNLOAD,0.95,-1,7240,2.793232044136974,14,28960.0,80892.0,5,9,0.2636274259913338,0.7363725740086662,0.12195576756007331,0,0,0,0,1,0,0,0,0.4,0.8500000000000001,0.0,0.4,0.15,skip,training_upload_trigger_not_confirmed,1785296201.0724912,1785296201072491224,1384869289189872,37.9,53.35546875,-1.0,0,0
2026-07-28T23:36:41.073,10.42.0.1,,52,1,DOWNLOAD,0.95,DOWNLOAD,0.95,-1,7240,2.2345856353250113,15,36200.0,80892.0,6,9,0.3091586103235063,0.6908413896764937,0.10608024505254422,0,0,0,0,1,0,0,0,0.4,0.8500000000000001,0.0,0.4,0.15,skip,training_upload_trigger_not_confirmed,1785296201.073972,1785296201073972064,1384869290670490,37.9,53.35546875,-1.0,0,0
2026-07-28T23:36:41.075,10.42.0.1,,52,1,DOWNLOAD,0.95,DOWNLOAD,0.95,-1,7240,1.8621546961127495,16,43440.0,80892.0,7,9,0.34938712479490397,0.650612875205096,0.09224763698389489,0,0,0,0,1,0,0,0,0.4,0.8500000000000001,0.0,0.4,0.15,skip,training_upload_trigger_not_confirmed,1785296201.0750804,1785296201075080390,1384869291778774,37.9,53.35546875,-1.0,0,0
2026-07-28T23:36:41.076,10.42.0.1,,52,1,DOWNLOAD,0.95,DOWNLOAD,0.95,-1,7240,1.59613259667332,17,50680.0,80892.0,8,9,0.38518833794424345,0.6148116620557565,0.08022980203762799,0,0,0,0,1,0,0,0,0.32,0.8500000000000001,0.0,0.0,0.15,skip,training_upload_trigger_not_confirmed,1785296201.076128,1785296201076127937,1384869292826237,37.9,53.35546875,-1.0,0,0
2026-07-28T23:36:41.076,10.42.0.1,,52,1,DOWNLOAD,0.95,DOWNLOAD,0.95,-1,7240,1.3966160220925998,18,57920.0,80892.0,9,9,0.41725499236377256,0.5827450076362274,0.06974996130660259,0,0,0,0,1,0,0,0,0.32,0.8500000000000001,0.0,0.0,0.15,skip,training_upload_trigger_not_confirmed,1785296201.0768292,1785296201076829213,1384869293527495,37.9,53.35546875,-1.0,0,0
2026-07-28T23:36:41.077,10.42.0.1,,52,1,DOWNLOAD,0.95,DOWNLOAD,0.95,-1,10136,1.1886093805073967,19,68056.0,80892.0,10,9,0.4569111367725649,0.5430888632274351,0.06065477186623488,0,0,0,0,1,0,0,0,0.30250000000000005,0.8000000000000002,0.0,0.0,0.15,skip,training_upload_trigger_not_confirmed,1785296201.0775583,1785296201077558174,1384869294256410,37.9,53.35546875,-1.0,0,0
2026-07-28T23:36:41.078,10.42.0.1,,52,1,DOWNLOAD,0.95,DOWNLOAD,0.95,-1,10136,1.0345303867398898,20,78192.0,80892.0,11,9,0.49151391717583165,0.5084860828241684,0.05275479734732494,0,0,0,0,1,0,0,0,0.30250000000000005,0.8000000000000002,0.0,0.0,0.15,skip,training_upload_trigger_not_confirmed,1785296201.0782623,1785296201078262319,1384869294960676,37.9,53.35546875,-1.0,0,0
2026-07-28T23:36:41.078,10.42.0.1,,52,1,DOWNLOAD,0.95,DOWNLOAD,0.95,-1,14480,0.8728850138135263,21,92672.0,80892.0,12,9,0.5339356087667949,0.46606439123320503,0.04589307303569807,0,0,0,0,1,0,0,0,0.30250000000000005,0.8000000000000002,0.0,0.0,0.15,skip,training_upload_trigger_not_confirmed,1785296201.0789454,1785296201078945322,1384869295643563,37.9,53.35546875,-1.0,0,0
2026-07-28T23:36:41.080,10.42.0.1,,52,1,DOWNLOAD,0.95,DOWNLOAD,0.95,-1,4344,0.8338006102103385,22,97016.0,80892.0,13,9,0.54531555635497,0.45468444364503,0.04000149409410245,0,0,0,0,1,0,0,0,0.30250000000000005,0.8000000000000002,0.0,0.0,0.15,skip,training_upload_trigger_not_confirmed,1785296201.080129,1785296201080129138,1384869296828421,37.9,53.35546875,-1.0,0,0
2026-07-28T23:36:41.081,10.42.0.1,,52,1,DOWNLOAD,0.95,DOWNLOAD,0.95,-1,14480,0.7255148166774995,23,111496.0,80892.0,14,9,0.5795371852714306,0.42046281472856933,0.034850961588525804,0,0,0,0,1,0,0,0,0.28500000000000003,0.7500000000000001,0.0,0.0,0.15,skip,training_upload_trigger_not_confirmed,1785296201.0810444,1785296201081044442,1384869297743579,37.9,53.35546875,-1.0,0,0
2026-07-28T23:36:41.082,10.42.0.1,,52,1,DOWNLOAD,0.95,DOWNLOAD,0.95,-1,14480,0.6421223090140811,24,125976.0,80892.0,15,9,0.6089680375891873,0.3910319624108127,0.03044586849878474,0,0,0,0,1,0,0,0,0.28500000000000003,0.7500000000000001,0.0,0.0,0.15,skip,training_upload_trigger_not_confirmed,1785296201.0824664,1785296201082466390,1384869299165023,37.9,53.35546875,-1.0,0,0
2026-07-28T23:36:41.083,10.42.0.1,,52,1,DOWNLOAD,0.95,DOWNLOAD,0.95,-1,4344,0.6207182320471093,25,130320.0,80892.0,16,9,0.6170103971365263,0.38298960286347367,0.026582956300821303,0,0,0,0,1,0,0,0,0.23249999999999998,0.6,0.0,0.0,0.15,skip,training_upload_trigger_not_confirmed,1785296201.0835977,1785296201083597575,1384869300296014,37.9,53.35546875,-1.0,0,0
2026-07-28T23:36:41.084,10.42.0.1,,52,1,DOWNLOAD,0.95,DOWNLOAD,0.95,-1,4344,0.6006950632715446,26,134664.0,80892.0,17,9,0.6247286088069921,0.37527139119300784,0.02324220981303062,0,0,0,0,1,0,0,0,0.23249999999999998,0.6,0.0,0.0,0.15,skip,training_upload_trigger_not_confirmed,1785296201.0848286,1785296201084828639,1384869301527065,37.9,53.35546875,-1.0,0,0
2026-07-28T23:36:41.085,10.42.0.1,,52,1,DOWNLOAD,0.95,DOWNLOAD,0.95,-1,14480,0.542375154216446,27,149144.0,80892.0,18,9,0.6483506929350189,0.35164930706498115,0.020320544453898855,0,0,0,0,1,0,0,0,0.23249999999999998,0.6,0.0,0.0,0.15,skip,training_upload_trigger_not_confirmed,1785296201.085899,1785296201085898947,1384869302598273,37.9,53.35546875,-1.0,0,0
2026-07-28T23:36:41.087,10.42.0.1,,52,1,DOWNLOAD,0.95,DOWNLOAD,0.95,-1,14480,0.4943773529586467,28,163624.0,80892.0,19,9,0.6691750233113579,0.330824976688642,0.01788369333451735,0,0,0,0,1,0,0,0,0.23249999999999998,0.6,0.0,0.0,0.15,skip,training_upload_trigger_not_confirmed,1785296201.087727,1785296201087727158,1384869304426118,37.9,53.35546875,-1.0,0,0
2026-07-28T23:36:41.089,10.42.0.1,,52,1,DOWNLOAD,0.95,DOWNLOAD,0.95,-1,18824,0.4433701657489072,29,182448.0,80892.0,20,9,0.692822966507177,0.307177033492823,0.01574439386569911,0,0,0,0,1,0,0,0,0.23249999999999998,0.6,0.0,0.0,0.15,skip,training_upload_trigger_not_confirmed,1785296201.0893762,1785296201089376346,1384869306076462,37.9,53.35546875,-1.0,0,0
2026-07-28T23:36:41.090,10.42.0.1,,52,1,DOWNLOAD,0.95,DOWNLOAD,0.95,-1,18824,0.4019038912546111,30,201272.0,80892.0,21,9,0.7133156603960817,0.2866843396039183,0.013825703941340443,0,0,0,0,1,0,0,0,0.23249999999999998,0.6,0.0,0.0,0.15,skip,training_upload_trigger_not_confirmed,1785296201.0905602,1785296201090560211,1384869307259163,37.9,53.35546875,-1.0,0,0
2026-07-28T23:36:41.091,10.42.0.1,,52,1,DOWNLOAD,0.95,DOWNLOAD,0.95,-1,18824,0.36753053213430714,31,220096.0,80892.0,22,9,0.7312450994724042,0.26875490052759576,0.012164812324626632,0,0,0,0,1,0,0,0,0.23249999999999998,0.6,0.0,0.0,0.15,skip,training_upload_trigger_not_confirmed,1785296201.0917819,1785296201091781859,1384869308480527,37.9,53.35546875,-1.0,0,0
2026-07-28T23:36:41.092,10.42.0.1,,52,1,DOWNLOAD,0.95,DOWNLOAD,0.95,-1,16946,0.34125597995569873,32,237042.0,80892.0,23,9,0.7455698352488253,0.25443016475117475,0.010698403852689511,0,0,0,0,1,0,0,0,0.23249999999999998,0.6,0.0,0.0,0.15,skip,training_upload_trigger_not_confirmed,1785296201.0928185,1785296201092818539,1384869309517060,37.9,53.35546875,-1.0,0,0
2026-07-28T23:36:41.093,10.42.0.47,,52,1,DOWNLOAD,0.95,DOWNLOAD,0.95,-1,7240,1.381215469422484e-10,1,7240.0,0.0,1,0,1.0,0.0,0.3350123267770899,0,0,0,0,0,0,0,0,0.0225,0.0,0.0,0.0,0.15,skip,training_upload_trigger_not_confirmed,1785296201.093787,1785296201093786786,1384869310485540,37.9,53.35546875,-1.0,0,0
2026-07-28T23:36:41.094,10.42.0.47,,52,1,DOWNLOAD,0.9827027036893392,DOWNLOAD,0.9827027036893392,-1,5792,7.673419275040407e-11,2,13032.0,0.0,2,0,1.0,0.0,0.2910083252305896,0,0,0,0,0,0,0,0,0.0225,0.0,0.0,0.0,0.15,skip,training_upload_trigger_not_confirmed,1785296201.094865,1785296201094865040,1384869311563650,37.9,53.35546875,-1.0,0,0
2026-07-28T23:36:41.095,10.42.0.1,,52,1,DOWNLOAD,0.95,DOWNLOAD,0.95,-1,16946,0.3184874876005225,33,253988.0,80892.0,24,9,0.7584448160535117,0.24155518394648828,0.009693064608894443,0,0,0,0,1,0,0,0,0.23249999999999998,0.6,0.0,0.0,0.15,skip,training_upload_trigger_not_confirmed,1785296201.0958877,1785296201095887668,1384869312586703,37.9,53.35546875,-1.0,0,0
2026-07-28T23:36:41.097,10.42.0.210,,52,1,DOWNLOAD,0.9830866277916696,DOWNLOAD,0.9830866277916696,-1,7240,7.199999999143646,37,7240.0,52128.0,1,36,0.12195121951219512,0.8780487804878049,0.2759524914165215,0,0,0,0,0,0,0,0,0.057499999999999996,0.1,0.0,0.0,0.15,skip,training_upload_trigger_not_confirmed,1785296201.0976315,1785296201097631431,1384869314332726,37.9,53.35546875,-1.0,0,0
2026-07-28T23:36:41.098,10.42.0.210,,52,1,DOWNLOAD,0.95,DOWNLOAD,0.95,-1,7240,3.599999999820442,38,14480.0,52128.0,2,36,0.21739130434782608,0.782608695652174,0.23971966375551745,0,0,0,0,0,0,0,0,0.057499999999999996,0.1,0.0,0.0,0.15,skip,training_upload_trigger_not_confirmed,1785296201.098623,1785296201098622942,1384869315321747,37.9,53.35546875,-1.0,0,0
2026-07-28T23:36:41.099,10.42.0.1,,52,1,DOWNLOAD,0.95,DOWNLOAD,0.95,-1,16946,0.2985671787250822,34,270934.0,80892.0,25,9,0.7700795279484746,0.22992047205152547,0.008894348666501843,0,0,0,0,1,0,0,0,0.23249999999999998,0.6,0.0,0.0,0.15,skip,training_upload_trigger_not_confirmed,1785296201.0995195,1785296201099519375,1384869316217895,37.9,53.35546875,-1.0,0,0
2026-07-28T23:36:41.100,10.42.0.59,,18,1,DOWNLOAD,0.95,DOWNLOAD,0.95,-1,7300,1.3698630135109776e-10,1,7300.0,0.0,1,0,1.0,0.0,0.535133802008491,0,0,0,0,0,0,0,0,0.0225,0.0,0.0,0.0,0.15,skip,training_upload_trigger_not_confirmed,1785296201.1009128,1785296201100913020,1384869317612095,37.9,53.35546875,-1.0,0,0
2026-07-28T23:36:41.102,10.42.0.1,,52,1,DOWNLOAD,0.95,DOWNLOAD,0.95,-1,21720,0.2764083183579366,35,292654.0,80892.0,26,9,0.7834483570965824,0.21655164290341752,0.008081842255309158,0,0,0,0,1,0,0,0,0.23249999999999998,0.6,0.0,0.0,0.15,skip,training_upload_trigger_not_confirmed,1785296201.102248,1785296201102248034,1384869318947411,37.9,53.35546875,-1.0,0,0
2026-07-28T23:36:41.103,10.42.0.1,,52,1,DOWNLOAD,0.95,DOWNLOAD,0.95,-1,14050,0.26374615264468754,36,306704.0,80892.0,27,9,0.7912981558117215,0.20870184418827853,0.00720454982043011,0,0,0,0,1,0,0,0,0.23249999999999998,0.6,0.0,0.0,0.15,skip,training_upload_trigger_not_confirmed,1785296201.1036723,1785296201103672275,1384869320372010,37.9,53.35546875,-1.0,0,0
2026-07-28T23:36:41.105,10.42.0.59,,18,1,DOWNLOAD,0.95,DOWNLOAD,0.95,-1,14600,4.566210045453598e-11,2,21900.0,0.0,2,0,1.0,0.0,0.4652459645877892,0,0,0,0,0,0,0,0,0.0225,0.0,0.0,0.0,0.15,skip,training_upload_trigger_not_confirmed,1785296201.1056871,1785296201105686946,1384869322385850,37.9,53.35546875,-1.0,0,0
2026-07-28T23:36:41.106,10.42.0.59,,18,1,DOWNLOAD,0.95,DOWNLOAD,0.95,-1,14600,2.739726027322199e-11,3,36500.0,0.0,3,0,1.0,0.0,0.40408052601799177,0,0,0,0,0,0,0,0,0.0225,0.0,0.0,0.0,0.15,skip,training_upload_trigger_not_confirmed,1785296201.1067655,1785296201106765638,1384869323464975,37.9,53.35546875,-1.0,0,0
2026-07-28T23:36:41.107,10.42.0.210,,52,1,DOWNLOAD,0.9557926560077417,DOWNLOAD,0.9557926560077417,-1,10136,2.117647058778126,39,24616.0,52128.0,3,36,0.32075471698113206,0.6792452830188679,0.20935598277151335,0,0,0,0,0,0,0,0,0.057499999999999996,0.1,0.0,0.0,0.15,skip,training_upload_trigger_not_confirmed,1785296201.1079211,1785296201107921112,1384869324619501,37.9,53.35546875,-1.0,0,0
2026-07-28T23:36:41.109,10.42.0.210,,52,1,DOWNLOAD,0.9846998846180315,DOWNLOAD,0.9846998846180315,-1,14480,1.3333333333248074,40,39096.0,52128.0,4,36,0.42857142857142855,0.5714285714285714,0.18192407148056397,0,0,0,0,0,0,0,0,0.057499999999999996,0.1,0.0,0.0,0.15,skip,training_upload_trigger_not_confirmed,1785296201.109104,1785296201109103819,1384869325802038,37.9,53.35546875,-1.0,0,0
2026-07-28T23:36:41.109,10.42.0.210,,52,1,DOWNLOAD,0.9854895428954357,DOWNLOAD,0.9854895428954357,-1,4344,1.1999999999953959,41,43440.0,52128.0,5,36,0.45454545454545453,0.5454545454545454,0.1580453760463698,0,0,0,0,0,0,0,0,0.039999999999999994,0.05,0.0,0.0,0.15,skip,training_upload_trigger_not_confirmed,1785296201.1098192,1785296201109819122,1384869326517259,37.9,53.35546875,-1.0,0,0
2026-07-28T23:36:41.110,10.42.0.145,,22,1,DOWNLOAD,0.95,DOWNLOAD,0.95,-1,14600,6.84931506802402e-11,1,14600.0,0.0,1,0,1.0,0.0,0.3669409305166526,0,0,0,0,0,0,0,0,0.0225,0.0,0.0,0.0,0.15,skip,already_attacked_this_round,1785296201.110926,1785296201110925706,1384869327624073,73.5,53.35546875,-1.0,0,0
2026-07-28T23:36:41.111,10.42.0.145,,22,1,DOWNLOAD,0.9546215180648473,DOWNLOAD,0.9546215180648473,-1,14600,3.424657534129292e-11,2,29200.0,0.0,2,0,1.0,0.0,0.3186828992130512,0,0,0,0,0,0,0,0,0.0225,0.0,0.0,0.0,0.15,skip,already_attacked_this_round,1785296201.11165,1785296201111649949,1384869328348049,73.5,53.35546875,-1.0,0,0
2026-07-28T23:36:41.113,10.42.0.18,,40,1,DOWNLOAD,0.95,DOWNLOAD,0.95,-1,10220,9.784735811175661e-11,1,10220.0,0.0,1,0,1.0,0.0,0.53253093781307,0,0,0,0,0,0,0,0,0.0225,0.0,0.0,0.0,0.15,skip,training_upload_trigger_not_confirmed,1785296201.1130643,1785296201113064080,1384869329764126,73.5,53.35546875,-1.0,0,0
2026-07-28T23:36:41.114,10.42.0.18,,40,1,DOWNLOAD,0.9529944391180954,DOWNLOAD,0.9529944391180954,-1,4380,6.84931506802402e-11,2,14600.0,0.0,2,0,1.0,0.0,0.4624923971330234,0,0,0,0,0,0,0,0,0.0225,0.0,0.0,0.0,0.15,skip,training_upload_trigger_not_confirmed,1785296201.114092,1785296201114091953,1384869330790980,73.5,53.35546875,-1.0,0,0
2026-07-28T23:36:41.115,10.42.0.18,,40,1,DOWNLOAD,0.9516108984008624,DOWNLOAD,0.9516108984008624,-1,14600,3.424657534129292e-11,3,29200.0,0.0,3,0,1.0,0.0,0.4016808858870712,0,0,0,0,0,0,0,0,0.0225,0.0,0.0,0.0,0.15,skip,training_upload_trigger_not_confirmed,1785296201.1151028,1785296201115102824,1384869331802327,73.5,53.35546875,-1.0,0,0
2026-07-28T23:36:41.116,10.42.0.210,,52,1,DOWNLOAD,0.9855083405864443,DOWNLOAD,0.9855083405864443,-1,14480,0.9000000000017265,42,57920.0,52128.0,6,36,0.5263157894736842,0.47368421052631576,0.13808766110508514,0,0,0,0,0,0,0,0,0.039999999999999994,0.05,0.0,0.0,0.15,skip,training_upload_trigger_not_confirmed,1785296201.116411,1785296201116410978,1384869333109669,73.5,53.35546875,-1.0,0,0
2026-07-28T23:36:41.117,10.42.0.210,,52,1,DOWNLOAD,0.9855087208476458,DOWNLOAD,0.9855087208476458,-1,5792,0.818181818184672,43,63712.0,52128.0,7,36,0.55,0.45,0.12008853470135544,0,0,0,0,0,0,0,0,0.039999999999999994,0.05,0.0,0.0,0.15,skip,training_upload_trigger_not_confirmed,1785296201.1179082,1785296201117908349,1384869334607424,73.5,53.35546875,-1.0,0,0
2026-07-28T23:36:41.119,10.42.0.210,,52,1,DOWNLOAD,0.9855087261970161,DOWNLOAD,0.9855087261970161,-1,14480,0.6666666666709298,44,78192.0,52128.0,8,36,0.6,0.4,0.10449937444079249,0,0,0,0,0,0,0,0,0.0225,0.0,0.0,0.0,0.15,skip,training_upload_trigger_not_confirmed,1785296201.119695,1785296201119694963,1384869336394965,73.5,53.35546875,-1.0,0,0
2026-07-28T23:36:41.121,10.42.0.210,,52,1,DOWNLOAD,0.9855087261721334,DOWNLOAD,0.9855087261721334,-1,992,0.6583148110772592,45,79184.0,52128.0,9,36,0.6030218106494456,0.3969781893505544,0.09096069739461643,0,0,0,0,0,0,0,0,0.0225,0.0,0.0,0.0,0.15,skip,training_upload_trigger_not_confirmed,1785296201.121453,1785296201121452970,1384869338151445,73.5,53.35546875,-1.0,0,0
2026-07-28T23:36:41.123,10.42.0.59,,18,1,DOWNLOAD,0.9627393093067335,DOWNLOAD,0.9627393093067335,-1,24820,1.630789301995584e-11,4,61320.0,0.0,4,0,1.0,0.0,0.35298430999034236,0,0,0,0,0,0,0,0,0.0225,0.0,0.0,0.0,0.15,skip,training_upload_trigger_not_confirmed,1785296201.123091,1785296201123090912,1384869339789817,73.5,53.35546875,-1.0,0,0
2026-07-28T23:36:41.123,10.42.0.59,,18,1,DOWNLOAD,0.9721751126124301,DOWNLOAD,0.9721751126124301,-1,12037,1.3631964229540032e-11,5,73357.0,0.0,5,0,1.0,0.0,0.3065799512366508,0,0,0,0,0,0,0,0,0.0225,0.0,0.0,0.0,0.15,skip,training_upload_trigger_not_confirmed,1785296201.1239254,1785296201123925574,1384869340623680,73.5,53.35546875,-1.0,0,0
2026-07-28T23:36:41.127,10.42.0.47,,52,1,DOWNLOAD,0.9841565106696153,DOWNLOAD,0.9841565106696153,-1,2896,6.278252134211561e-11,3,15928.0,0.0,3,0,1.0,0.0,0.25696147114825935,0,0,0,0,0,0,0,0,0.0225,0.0,0.0,0.0,0.15,skip,training_upload_trigger_not_confirmed,1785296201.1275012,1785296201127501208,1384869344199636,73.5,53.35546875,-1.0,0,0
2026-07-28T23:36:41.128,10.42.0.47,,52,1,DOWNLOAD,0.9841904203524177,DOWNLOAD,0.9841904203524177,-1,8688,4.062398439873968e-11,4,24616.0,0.0,4,0,1.0,0.0,0.2231965216126236,0,0,0,0,0,0,0,0,0.0225,0.0,0.0,0.0,0.15,skip,training_upload_trigger_not_confirmed,1785296201.1282299,1785296201128229883,1384869344928028,73.5,53.35546875,-1.0,0,0
2026-07-28T23:36:41.130,10.42.0.18,,40,1,DOWNLOAD,0.9530918310003589,DOWNLOAD,0.9530918310003589,-1,14600,2.2831050227789245e-11,4,43800.0,0.0,4,0,1.0,0.0,0.35073433709293955,0,0,0,0,0,0,0,0,0.0225,0.0,0.0,0.0,0.15,skip,training_upload_trigger_not_confirmed,1785296201.1301644,1785296201130164603,1384869346864377,73.5,53.35546875,-1.0,0,0
2026-07-28T23:36:41.131,10.42.0.18,,40,1,DOWNLOAD,0.9545076317855696,DOWNLOAD,0.9545076317855696,-1,5840,2.014504431869168e-11,5,49640.0,0.0,5,0,1.0,0.0,0.30468791991661925,0,0,0,0,0,0,0,0,0.0225,0.0,0.0,0.0,0.15,skip,training_upload_trigger_not_confirmed,1785296201.1314652,1785296201131465312,1384869348165184,73.5,53.35546875,-1.0,0,0
2026-07-28T23:36:41.132,10.42.0.18,,40,1,DOWNLOAD,0.9592047281304321,DOWNLOAD,0.9592047281304321,-1,14944,1.5483711135645304e-11,6,64584.0,0.0,6,0,1.0,0.0,0.2647372692968761,0,0,0,0,0,0,0,0,0.0225,0.0,0.0,0.0,0.15,skip,training_upload_trigger_not_confirmed,1785296201.1329787,1785296201132978689,1384869349677561,73.5,53.35546875,-1.0,0,0
2026-07-28T23:36:41.136,10.42.0.145,,22,1,DOWNLOAD,0.9543109287008927,DOWNLOAD,0.9543109287008927,-1,29200,1.7123287670939668e-11,3,58400.0,0.0,3,0,1.0,0.0,0.2800083890693892,0,0,0,0,0,0,0,0,0.0225,0.0,0.0,0.0,0.15,skip,already_attacked_this_round,1785296201.1368427,1785296201136842820,1384869353543676,73.5,53.35546875,-1.0,0,0
2026-07-28T23:36:41.137,10.42.0.47,,52,1,DOWNLOAD,0.9841390042557906,DOWNLOAD,0.9841390042557906,-1,8688,3.002642325156058e-11,5,33304.0,0.0,5,0,1.0,0.0,0.19504293734052042,0,0,0,0,0,0,0,0,0.0225,0.0,0.0,0.0,0.15,skip,training_upload_trigger_not_confirmed,1785296201.1377766,1785296201137776732,1384869354475466,73.5,53.35546875,-1.0,0,0
2026-07-28T23:36:41.138,10.42.0.47,,52,1,DOWNLOAD,0.9841562596934115,DOWNLOAD,0.9841562596934115,-1,2896,2.762430939150209e-11,6,36200.0,0.0,6,0,1.0,0.0,0.169498942221906,0,0,0,0,0,0,0,0,0.0225,0.0,0.0,0.0,0.15,skip,training_upload_trigger_not_confirmed,1785296201.1389732,1785296201138973176,1384869355672051,73.5,53.35546875,-1.0,0,0
2026-07-28T23:36:41.142,10.42.0.47,,52,1,DOWNLOAD,0.9841489516120714,DOWNLOAD,0.9841489516120714,-1,2896,2.557806425144316e-11,7,39096.0,0.0,7,0,1.0,0.0,0.1475930060465406,0,0,0,0,0,0,0,0,0.0225,0.0,0.0,0.0,0.15,skip,training_upload_trigger_not_confirmed,1785296201.142234,1785296201142234231,1384869358932791,73.5,53.35546875,-1.0,0,0
2026-07-28T23:36:41.143,10.42.0.47,,52,1,DOWNLOAD,0.984083282714429,DOWNLOAD,0.984083282714429,-1,5792,2.22776688642337e-11,8,44888.0,0.0,8,0,1.0,0.0,0.12824536887367038,0,0,0,0,0,0,0,0,0.0225,0.0,0.0,0.0,0.15,skip,training_upload_trigger_not_confirmed,1785296201.1430032,1785296201143003210,1384869359701473,73.5,53.35546875,-1.0,0,0
2026-07-28T23:36:41.143,10.42.0.47,,52,1,DOWNLOAD,0.9840741028808829,DOWNLOAD,0.9840741028808829,-1,11584,1.770789063575386e-11,9,56472.0,0.0,9,0,1.0,0.0,0.11144163258234172,0,0,0,0,0,0,0,0,0.0225,0.0,0.0,0.0,0.15,skip,training_upload_trigger_not_confirmed,1785296201.1437297,1785296201143729561,1384869360427685,73.5,53.35546875,-1.0,0,0
2026-07-28T23:36:41.144,10.42.0.47,,52,1,DOWNLOAD,0.984133212963907,DOWNLOAD,0.984133212963907,-1,14037,1.4182586619946638e-11,10,70509.0,0.0,10,0,1.0,0.0,0.09685355066615867,0,0,0,0,0,0,0,0,0.0225,0.0,0.0,0.0,0.15,skip,training_upload_trigger_not_confirmed,1785296201.1444664,1785296201144466448,1384869361164570,73.5,53.35546875,-1.0,0,0
2026-07-28T23:36:41.277,10.42.0.145,,22,1,DOWNLOAD,0.9527793765114425,DOWNLOAD,0.9527793765114425,0,43,1.7123287670939668e-11,3,58400.0,0.0,3,0,1.0,0.0,0.4972749367444138,0,0,0,0,0,0,0,0,0.0225,0.0,0.0,0.0,0.15,skip,already_attacked_this_round,1785296201.2771914,1785296201277191401,1384869493890323,73.5,53.35546875,-1.0,0,0
2026-07-28T23:36:41.319,10.42.0.1,,52,1,DOWNLOAD,0.9250757166549549,DOWNLOAD,0.9250757166549549,0,39,0.26374615264468754,36,306704.0,80892.0,27,9,0.7912981558117215,0.20870184418827853,0.00657148529984076,0,0,0,0,0,0,0,0,0.0225,0.0,0.0,0.0,0.15,skip,training_upload_trigger_not_confirmed,1785296201.3198333,1785296201319833252,1384869536532419,73.5,53.35546875,-1.0,0,0
2026-07-28T23:36:41.462,10.42.0.59,,18,2,TRAINING,0.95,TRAINING,0.95,1,64240,0.8757173821192836,6,73357.0,64240.0,5,1,0.5331293560179364,0.46687064398206357,0.543009773743233,0,0,0,0,1,0,0,0,0.5325,1.0,0.0,0.8,0.15,skip,training_upload_trigger_not_confirmed,1785296201.4626238,1785296201462623838,1384869679322997,73.5,53.35546875,-1.0,0,0
2026-07-28T23:36:41.467,10.42.0.145,,22,2,TRAINING,0.95,TRAINING,0.95,1,64240,1.0999999999982877,4,58400.0,64240.0,3,1,0.47619047619047616,0.5238095238095238,0.45677292518733237,0,0,0,0,1,0,0,0,0.5325,1.0,0.0,0.8,0.15,skip,already_attacked_this_round,1785296201.4671078,1785296201467107751,1384869683806801,73.5,53.35546875,-1.0,0,0
2026-07-28T23:36:41.468,10.42.0.1,,52,2,TRAINING,0.95,TRAINING,0.95,1,7240,0.2873519745445532,37,306704.0,88132.0,27,10,0.7767883374363027,0.22321166256369734,0.006332404325877138,0,0,0,0,1,1,0,0,0.5725,1.0,0.0,1.0,0.15,skip,training_upload_trigger_not_confirmed,1785296201.4689856,1785296201468985697,1384869685685008,73.5,53.35546875,-1.0,0,0
2026-07-28T23:36:41.470,10.42.0.1,10.42.0.1,52,3,UPLOAD,0.95,UPLOAD,0.95,1,7240,0.31095779644441884,38,306704.0,95372.0,27,11,0.7628010624856992,0.23719893751430077,0.0056833182511866805,1,0,0,1,1,1,1,1,0.9699999999999999,1.0,1.0,1.0,0.8,trigger,training_upload_trigger_confirmed,1785296201.4703922,1785296201470392207,1384869687092169,73.5,53.35546875,21.251265,1785296201491646159,1384869708343434
2026-07-28T23:36:41.472,10.42.0.59,10.42.0.1,18,3,UPLOAD,0.95,UPLOAD,0.95,1,3634,0.925255940129432,7,73357.0,67874.0,5,2,0.5194114606566547,0.4805885393433453,0.47271645540084967,0,0,0,1,1,1,1,1,0.9299999999999999,1.0,1.0,0.8,0.8,trigger,training_upload_trigger_confirmed,1785296201.472197,1785296201472197246,1384869688896680,73.5,53.35546875,25.698557,1785296201497897943,1384869714595237
2026-07-28T23:36:41.473,10.42.0.1,10.42.0.1,52,3,UPLOAD,0.95,UPLOAD,0.95,1,7240,0.3345636183442845,39,306704.0,102612.0,27,12,0.7493086026444117,0.2506913973555884,0.005401485706784615,1,0,1,1,1,1,1,1,0.9699999999999999,1.0,1.0,1.0,0.8,skip,attack_already_active,1785296201.4739368,1785296201473936773,1384869690635940,73.5,53.35546875,-1.0,0,0
2026-07-28T23:36:41.475,10.42.0.1,10.42.0.1,52,3,UPLOAD,0.95,UPLOAD,0.95,1,5792,0.353448275864177,40,306704.0,108404.0,27,13,0.7388535031847133,0.2611464968152866,0.004838783747349764,1,0,1,1,1,1,1,1,0.9699999999999999,1.0,1.0,1.0,0.8,skip,attack_already_active,1785296201.475068,1785296201475068095,1384869691766790,73.5,53.35546875,-1.0,0,0
2026-07-28T23:36:41.477,10.42.0.1,10.42.0.1,52,3,UPLOAD,0.95,UPLOAD,0.95,1,14480,0.4006599196639083,41,306704.0,122884.0,27,14,0.713949179213572,0.2860508207864279,0.004482813312100203,1,0,1,1,1,1,1,1,0.9699999999999999,1.0,1.0,1.0,0.8,skip,attack_already_active,1785296201.4772055,1785296201477205472,1384869693904214,73.5,53.35546875,-1.0,0,0
2026-07-28T23:36:41.478,10.42.0.1,10.42.0.1,52,3,UPLOAD,0.95,UPLOAD,0.95,1,14480,0.44787156346363965,42,306704.0,137364.0,27,15,0.6906689966401542,0.3093310033598458,0.0040605220881365835,1,0,1,1,1,1,1,1,0.9699999999999999,1.0,1.0,1.0,0.8,skip,attack_already_active,1785296201.4784837,1785296201478483664,1384869695182347,73.5,53.35546875,-1.0,0,0
2026-07-28T23:36:41.479,10.42.0.1,10.42.0.1,52,3,UPLOAD,0.95,UPLOAD,0.95,1,14480,0.49508320726337096,43,306704.0,151844.0,27,16,0.6688590943587149,0.3311409056412851,0.0036708176343825416,1,0,1,1,1,1,1,1,0.9699999999999999,1.0,1.0,1.0,0.8,skip,attack_already_active,1785296201.4795868,1785296201479586852,1384869696285494,73.5,53.35546875,-1.0,0,0
2026-07-28T23:36:41.480,10.42.0.1,10.42.0.1,52,3,UPLOAD,0.95,UPLOAD,0.95,1,14480,0.5422948510631023,44,306704.0,166324.0,27,17,0.6483844508147509,0.35161554918524907,0.0033556523794344177,1,0,1,1,1,1,1,1,0.9699999999999999,1.0,1.0,1.0,0.8,skip,attack_already_active,1785296201.480866,1785296201480865925,1384869697564571,73.5,53.35546875,-1.0,0,0
2026-07-28T23:36:41.482,10.42.0.1,10.42.0.1,52,3,UPLOAD,0.95,UPLOAD,0.95,1,14480,0.5895064948628336,45,306704.0,180804.0,27,18,0.6291260861360224,0.3708739138639776,0.0031883974512695134,1,0,1,1,1,1,1,1,0.9699999999999999,1.0,1.0,1.0,0.8,skip,attack_already_active,1785296201.4829524,1785296201482952412,1384869699651118,73.5,53.35546875,-1.0,0,0
2026-07-28T23:36:41.484,10.42.0.1,10.42.0.1,52,3,UPLOAD,0.95,UPLOAD,0.95,1,14480,0.6367181386625649,46,306704.0,195284.0,27,19,0.61097874849598,0.38902125150402,0.0029203086818381614,1,0,1,1,1,1,1,1,0.9699999999999999,1.0,1.0,1.0,0.8,skip,attack_already_active,1785296201.4841063,1785296201484106279,1384869700804866,73.5,53.35546875,-1.0,0,0
2026-07-28T23:36:41.486,10.42.0.1,10.42.0.1,52,3,UPLOAD,0.95,UPLOAD,0.95,1,8589,0.6647223381512314,47,306704.0,203873.0,27,20,0.6007007757889603,0.3992992242110397,0.0028132170940273317,1,0,1,1,1,1,1,1,0.9699999999999999,1.0,1.0,1.0,0.8,skip,attack_already_active,1785296201.486214,1785296201486213871,1384869702912427,73.5,53.35546875,-1.0,0,0
2026-07-28T23:36:41.487,10.42.0.1,10.42.0.1,52,3,UPLOAD,0.95,UPLOAD,0.95,1,14480,0.7119339819509627,48,306704.0,218353.0,27,21,0.584134674901963,0.415865325098037,0.0026579365772788706,1,0,1,1,1,1,1,1,0.9699999999999999,1.0,1.0,1.0,0.8,skip,attack_already_active,1785296201.4878488,1785296201487848705,1384869704547839,73.5,53.35546875,-1.0,0,0
2026-07-28T23:36:41.489,10.42.0.1,10.42.0.1,52,3,UPLOAD,0.95,UPLOAD,0.95,1,14480,0.759145625750694,49,306704.0,232833.0,27,22,0.568457770273401,0.4315422297265989,0.0025229295632483374,1,0,1,1,1,1,1,1,0.9699999999999999,1.0,1.0,1.0,0.8,skip,attack_already_active,1785296201.4894822,1785296201489482182,1384869706180743,73.5,53.35546875,-1.0,0,0
2026-07-28T23:36:41.491,10.42.0.1,10.42.0.1,52,3,UPLOAD,0.95,UPLOAD,0.95,1,7129,0.7823895351877302,50,306704.0,239962.0,27,23,0.5610445866397398,0.43895541336026017,0.0024628928433048343,1,0,1,1,1,1,1,1,0.9699999999999999,1.0,1.0,1.0,0.8,skip,attack_already_active,1785296201.4915495,1785296201491549429,1384869708248017,73.5,53.35546875,-1.0,0,0
2026-07-28T23:36:41.545,10.42.0.18,10.42.0.1,40,2,TRAINING,0.95,TRAINING,0.95,1,64240,0.994673603369338,7,64584.0,64240.0,6,1,0.5013351549400733,0.4986648450599267,0.4860307438410058,0,0,0,0,1,1,0,0,0.5725,1.0,0.0,1.0,0.15,skip,training_upload_trigger_not_confirmed,1785296201.5450165,1785296201545016532,1384869761716271,73.5,53.35546875,-1.0,0,0
2026-07-28T23:36:41.547,10.42.0.18,10.42.0.1,40,3,UPLOAD,0.95,UPLOAD,0.95,1,12394,1.1865787191845258,8,64584.0,76634.0,6,2,0.45733546715008,0.54266453284992,0.42232907620011606,0,0,0,1,1,1,1,1,0.9699999999999999,1.0,1.0,1.0,0.8,trigger,training_upload_trigger_confirmed,1785296201.547633,1785296201547632954,1384869764331538,73.5,53.35546875,51.897966,1785296201599532162,1384869816229504
2026-07-28T23:36:41.549,10.42.0.1,10.42.0.1,52,3,UPLOAD,0.95,UPLOAD,0.95,1,7240,0.8059953570875958,51,306704.0,247202.0,27,24,0.553711279531184,0.446288720468816,0.00250699917641167,1,0,1,1,1,1,1,1,0.9699999999999999,1.0,1.0,1.0,0.8,skip,attack_already_active,1785296201.5492578,1785296201549257799,1384869765956446,73.5,53.35546875,-1.0,0,0
2026-07-28T23:36:41.550,10.42.0.1,10.42.0.1,52,3,UPLOAD,0.95,UPLOAD,0.95,1,5792,0.8248800146074884,52,306704.0,252994.0,27,25,0.5479812327362256,0.4520187672637744,0.0023338537696665548,1,0,1,1,1,1,1,1,0.9699999999999999,1.0,1.0,1.0,0.8,skip,attack_already_active,1785296201.5504508,1785296201550450764,1384869767149277,73.5,53.35546875,-1.0,0,0
2026-07-28T23:36:41.552,10.42.0.1,10.42.0.1,52,3,UPLOAD,0.95,UPLOAD,0.95,1,2896,0.8343223433674346,53,306704.0,255890.0,27,26,0.5451604531864898,0.4548395468135103,0.0023152580073098447,1,0,1,1,1,1,1,1,0.9699999999999999,1.0,1.0,1.0,0.8,skip,attack_already_active,1785296201.5526435,1785296201552643640,1384869769342476,73.5,53.35546875,-1.0,0,0
2026-07-28T23:36:41.553,10.42.0.1,10.42.0.1,52,3,UPLOAD,0.95,UPLOAD,0.95,1,11584,0.8720916584072197,54,306704.0,267474.0,27,27,0.5341618801138323,0.4658381198861677,0.0021684159681609684,1,0,1,1,1,1,1,1,0.9699999999999999,1.0,1.0,1.0,0.8,skip,attack_already_active,1785296201.5538445,1785296201553844554,1384869770543855,73.5,53.35546875,-1.0,0,0
2026-07-28T23:36:41.555,10.42.0.1,10.42.0.1,52,3,UPLOAD,0.95,UPLOAD,0.95,1,2896,0.8815339871671659,55,306704.0,270370.0,27,28,0.5314812311765909,0.46851876882340915,0.002039667261452212,1,0,1,1,1,1,1,1,0.9699999999999999,1.0,1.0,1.0,0.8,skip,attack_already_active,1785296201.5550358,1785296201555035999,1384869771735528,73.5,53.35546875,-1.0,0,0
2026-07-28T23:36:41.558,10.42.0.1,10.42.0.1,52,3,UPLOAD,0.95,UPLOAD,0.95,1,11584,0.919303302206951,56,306704.0,281954.0,27,29,0.5210223933081688,0.47897760669183126,0.0021750456750045145,1,0,1,1,1,1,1,1,0.9699999999999999,1.0,1.0,1.0,0.8,skip,attack_already_active,1785296201.5581028,1785296201558102684,1384869774801874,73.5,53.35546875,-1.0,0,0
2026-07-28T23:36:41.559,10.42.0.1,10.42.0.1,52,3,UPLOAD,0.95,UPLOAD,0.95,1,5792,0.9381879597268435,57,306704.0,287746.0,27,30,0.5159458322819412,0.4840541677180587,0.002045486177161453,1,0,1,1,1,1,1,1,0.9699999999999999,1.0,1.0,1.0,0.8,skip,attack_already_active,1785296201.5592947,1785296201559294690,1384869775993175,73.5,53.35546875,-1.0,0,0
2026-07-28T23:36:41.561,10.42.0.1,10.42.0.1,52,3,UPLOAD,0.95,UPLOAD,0.95,1,14480,0.9853996035265749,58,306704.0,302226.0,27,31,0.5036769415203718,0.4963230584796282,0.0020172924164832064,1,0,1,1,1,1,1,1,0.9699999999999999,1.0,1.0,1.0,0.8,skip,attack_already_active,1785296201.5611262,1785296201561126081,1384869777824510,73.5,53.35546875,-1.0,0,0
2026-07-28T23:36:41.562,10.42.0.1,10.42.0.1,52,3,UPLOAD,0.95,UPLOAD,0.95,1,8688,1.0137265898064136,59,306704.0,310914.0,27,32,0.4965917444115942,0.5034082555884057,0.001967899810724573,1,0,1,1,1,1,1,1,0.9699999999999999,1.0,1.0,1.0,0.8,skip,attack_already_active,1785296201.5627687,1785296201562768684,1384869779467079,73.5,53.35546875,-1.0,0,0
2026-07-28T23:36:41.564,10.42.0.1,10.42.0.1,52,3,UPLOAD,0.95,UPLOAD,0.95,1,5792,1.032611247326306,60,306704.0,316706.0,27,33,0.4919779920116777,0.5080220079883223,0.0019162189945009624,1,0,1,1,1,1,1,1,0.9699999999999999,1.0,1.0,1.0,0.8,skip,attack_already_active,1785296201.5643444,1785296201564344426,1384869781043257,73.5,53.35546875,-1.0,0,0
2026-07-28T23:36:41.566,10.42.0.1,10.42.0.1,52,3,UPLOAD,0.95,UPLOAD,0.95,1,2797,1.0417307892950802,61,306704.0,319503.0,27,34,0.4897805358292066,0.5102194641707933,0.0019159612142682072,1,0,1,1,1,1,1,1,0.9699999999999999,1.0,1.0,1.0,0.8,skip,attack_already_active,1785296201.5662587,1785296201566258757,1384869782957088,73.5,53.35546875,-1.0,0,0
2026-07-28T23:36:41.725,10.42.0.1,10.42.0.1,52,3,UPLOAD,0.54224018846485,UPLOAD,0.54224018846485,0,43,0.9945191454953489,58,306704.0,305023.0,27,31,0.5013739789154312,0.49862602108456877,0.05382454879126066,1,0,1,1,1,1,1,1,0.8200000000000001,0.8000000000000002,1.0,0.6000000000000001,0.8,skip,attack_already_active,1785296201.725952,1785296201725951968,1384869942651335,73.5,53.35546875,-1.0,0,0
2026-07-28T23:36:41.910,10.42.0.1,10.42.0.1,52,3,UPLOAD,0.5980622641861192,UPLOAD,0.5980622641861192,0,39,0.7779846366536531,52,306704.0,238611.0,27,25,0.5624345561739545,0.4375654438260455,0.04710659518720764,1,0,1,1,1,1,1,1,0.8025,0.7500000000000001,1.0,0.6000000000000001,0.8,skip,attack_already_active,1785296201.9100165,1785296201910016599,1384870126715061,63.1,53.35546875,-1.0,0,0
2026-07-28T23:36:42.185,10.42.0.1,10.42.0.1,52,3,UPLOAD,0.915293090911518,UPLOAD,0.915293090911518,0,43,100.0,25,0.0,238611.0,0,25,0.0,1.0,0.07813533633931774,1,0,1,0,0,0,0,0,0.45499999999999996,0.1,1.0,0.0,0.8,skip,attack_already_active,1785296202.1857164,1785296202185716388,1384870402415853,63.1,53.35546875,-1.0,0,0
2026-07-28T23:36:42.505,10.42.0.18,10.42.0.1,40,3,UPLOAD,0.9841010226033655,UPLOAD,0.9841010226033655,0,39,100.0,2,0.0,76634.0,0,2,0.0,1.0,0.37237378705319263,0,0,1,0,0,0,0,0,0.45499999999999996,0.1,1.0,0.0,0.8,skip,attack_already_active,1785296202.5052714,1785296202505271508,1384870721969985,8.0,53.35546875,-1.0,0,0
2026-07-28T23:36:42.827,10.42.0.210,10.42.0.1|10.42.0.210,52,3,UPLOAD,0.95,UPLOAD,0.95,1,1448,100.0,1,0.0,1448.0,0,1,0.0,1.0,0.15219610812554618,1,0,0,1,1,1,1,1,0.9525,0.95,1.0,1.0,0.8,trigger,training_upload_trigger_confirmed,1785296202.8274965,1785296202827496383,1384871044195048,7.9,53.35546875,8.738613,1785296202836236102,1384871052933661
2026-07-28T23:36:42.828,10.42.0.210,10.42.0.1|10.42.0.210,52,3,UPLOAD,0.9841010226033655,UPLOAD,0.9841010226033655,1,1448,100.0,2,0.0,2896.0,0,2,0.0,1.0,0.13228692087258742,1,0,1,1,1,1,1,1,0.9699999999999999,1.0,1.0,1.0,0.8,skip,attack_already_active,1785296202.8286073,1785296202828607235,1384871045307314,7.9,53.35546875,-1.0,0,0
2026-07-28T23:36:42.829,10.42.0.210,10.42.0.1|10.42.0.210,52,3,UPLOAD,0.9854688349332961,UPLOAD,0.9854688349332961,1,1448,100.0,3,0.0,4344.0,0,3,0.0,1.0,0.11500955040902482,1,0,1,1,1,1,1,1,0.9699999999999999,1.0,1.0,1.0,0.8,skip,attack_already_active,1785296202.829781,1785296202829781009,1384871046479559,7.9,53.35546875,-1.0,0,0
2026-07-28T23:36:42.830,10.42.0.210,10.42.0.1|10.42.0.210,52,3,UPLOAD,0.9855076450773014,UPLOAD,0.9855076450773014,1,1448,100.0,4,0.0,5792.0,0,4,0.0,1.0,0.09994854327817118,1,0,1,1,1,1,1,1,0.9699999999999999,1.0,1.0,1.0,0.8,skip,attack_already_active,1785296202.8304968,1785296202830496737,1384871047195188,7.9,53.35546875,-1.0,0,0
2026-07-28T23:36:42.831,10.42.0.210,10.42.0.1|10.42.0.210,52,3,UPLOAD,0.9855086980780915,UPLOAD,0.9855086980780915,1,1448,100.0,5,0.0,7240.0,0,5,0.0,1.0,0.08690763128064802,1,0,1,1,1,1,1,1,0.9699999999999999,1.0,1.0,1.0,0.8,skip,attack_already_active,1785296202.8314815,1785296202831481358,1384871048180248,7.9,53.35546875,-1.0,0,0
2026-07-28T23:36:42.832,10.42.0.210,10.42.0.1|10.42.0.210,52,3,UPLOAD,0.9855087254685951,UPLOAD,0.9855087254685951,1,1448,100.0,6,0.0,8688.0,0,6,0.0,1.0,0.07554857716802814,1,0,1,1,1,1,1,1,0.9699999999999999,1.0,1.0,1.0,0.8,skip,attack_already_active,1785296202.8321884,1785296202832188448,1384871048887025,7.9,53.35546875,-1.0,0,0
2026-07-28T23:36:42.833,10.42.0.210,10.42.0.1|10.42.0.210,52,3,UPLOAD,0.9855087261493067,UPLOAD,0.9855087261493067,1,1448,100.0,7,0.0,10136.0,0,7,0.0,1.0,0.06574586108719782,1,0,1,1,1,1,1,1,0.9699999999999999,1.0,1.0,1.0,0.8,skip,attack_already_active,1785296202.8333468,1785296202833346895,1384871050045855,7.9,53.35546875,-1.0,0,0
2026-07-28T23:36:42.834,10.42.0.210,10.42.0.1|10.42.0.210,52,3,UPLOAD,0.9855087261653082,UPLOAD,0.9855087261653082,1,1448,100.0,8,0.0,11584.0,0,8,0.0,1.0,0.05719263619782865,1,0,1,1,1,1,1,1,0.9699999999999999,1.0,1.0,1.0,0.8,skip,attack_already_active,1785296202.8341846,1785296202834184577,1384871050883145,7.9,53.35546875,-1.0,0,0
2026-07-28T23:36:42.835,10.42.0.210,10.42.0.1|10.42.0.210,52,3,UPLOAD,0.985508726165656,UPLOAD,0.985508726165656,1,1448,100.0,9,0.0,13032.0,0,9,0.0,1.0,0.049781242773551976,1,0,1,1,1,1,1,1,0.9699999999999999,1.0,1.0,1.0,0.8,skip,attack_already_active,1785296202.8351343,1785296202835134296,1384871051832681,7.9,53.35546875,-1.0,0,0
2026-07-28T23:36:42.835,10.42.0.210,10.42.0.1|10.42.0.210,52,3,UPLOAD,0.9855087261656625,UPLOAD,0.9855087261656625,1,1448,100.0,10,0.0,14480.0,0,10,0.0,1.0,0.0433181117948411,1,0,1,1,1,1,1,1,0.9699999999999999,1.0,1.0,1.0,0.8,skip,attack_already_active,1785296202.8358686,1785296202835868625,1384871052566859,7.9,53.35546875,-1.0,0,0
2026-07-28T23:36:42.836,10.42.0.210,10.42.0.1|10.42.0.210,52,3,UPLOAD,0.95,UPLOAD,0.95,1,1448,100.0,11,0.0,15928.0,0,11,0.0,1.0,0.03774696509646028,1,0,1,1,1,1,1,1,0.9699999999999999,1.0,1.0,1.0,0.8,skip,attack_already_active,1785296202.8369088,1785296202836908720,1384871053606893,7.9,53.35546875,-1.0,0,0
2026-07-28T23:36:42.837,10.42.0.210,10.42.0.1|10.42.0.210,52,3,UPLOAD,0.95,UPLOAD,0.95,1,1448,100.0,12,0.0,17376.0,0,12,0.0,1.0,0.0328607849360763,1,0,1,1,1,1,1,1,0.9699999999999999,1.0,1.0,1.0,0.8,skip,attack_already_active,1785296202.837576,1785296202837575840,1384871054274158,7.9,53.35546875,-1.0,0,0
2026-07-28T23:36:42.838,10.42.0.210,10.42.0.1|10.42.0.210,52,3,UPLOAD,0.95,UPLOAD,0.95,1,1448,100.0,13,0.0,18824.0,0,13,0.0,1.0,0.02865043014952489,1,0,1,1,1,1,1,1,0.9699999999999999,1.0,1.0,1.0,0.8,skip,attack_already_active,1785296202.8384855,1785296202838485580,1384871055183770,7.9,53.35546875,-1.0,0,0
2026-07-28T23:36:42.839,10.42.0.210,10.42.0.1|10.42.0.210,52,3,UPLOAD,0.95,UPLOAD,0.95,1,1448,100.0,14,0.0,20272.0,0,14,0.0,1.0,0.024958636854600365,1,0,1,1,1,1,1,1,0.9699999999999999,1.0,1.0,1.0,0.8,skip,attack_already_active,1785296202.83912,1785296202839119844,1384871055818030,7.9,53.35546875,-1.0,0,0
2026-07-28T23:36:42.840,10.42.0.210,10.42.0.1|10.42.0.210,52,3,UPLOAD,0.95,UPLOAD,0.95,1,1448,100.0,15,0.0,21720.0,0,15,0.0,1.0,0.021791531317626064,1,0,1,1,1,1,1,1,0.9699999999999999,1.0,1.0,1.0,0.8,skip,attack_already_active,1785296202.8400443,1785296202840044363,1384871056742602,7.9,53.35546875,-1.0,0,0
2026-07-28T23:36:42.840,10.42.0.210,10.42.0.1|10.42.0.210,52,3,UPLOAD,0.95,UPLOAD,0.95,1,1448,100.0,16,0.0,23168.0,0,16,0.0,1.0,0.019010477618696994,1,0,1,1,1,1,1,1,0.9699999999999999,1.0,1.0,1.0,0.8,skip,attack_already_active,1785296202.8407311,1785296202840731155,1384871057429427,7.9,53.35546875,-1.0,0,0
2026-07-28T23:36:42.841,10.42.0.210,10.42.0.1|10.42.0.210,52,3,UPLOAD,0.95,UPLOAD,0.95,1,1448,100.0,17,0.0,24616.0,0,17,0.0,1.0,0.01662778453744838,1,0,1,1,1,1,1,1,0.9699999999999999,1.0,1.0,1.0,0.8,skip,attack_already_active,1785296202.84166,1785296202841659885,1384871058358012,7.9,53.35546875,-1.0,0,0
2026-07-28T23:36:42.842,10.42.0.210,10.42.0.1|10.42.0.210,52,3,UPLOAD,0.95,UPLOAD,0.95,1,1448,100.0,18,0.0,26064.0,0,18,0.0,1.0,0.01452526436105257,1,0,1,1,1,1,1,1,0.9699999999999999,1.0,1.0,1.0,0.8,skip,attack_already_active,1785296202.8423324,1785296202842332408,1384871059030585,7.9,53.35546875,-1.0,0,0
2026-07-28T23:36:42.843,10.42.0.210,10.42.0.1|10.42.0.210,52,3,UPLOAD,0.95,UPLOAD,0.95,1,1448,100.0,19,0.0,27512.0,0,19,0.0,1.0,0.012730151951251932,1,0,1,1,1,1,1,1,0.9699999999999999,1.0,1.0,1.0,0.8,skip,attack_already_active,1785296202.843235,1785296202843235034,1384871059933286,7.9,53.35546875,-1.0,0,0
2026-07-28T23:36:42.843,10.42.0.210,10.42.0.1|10.42.0.210,52,3,UPLOAD,0.95,UPLOAD,0.95,1,1448,100.0,20,0.0,28960.0,0,20,0.0,1.0,0.011140203461538175,1,0,1,1,1,1,1,1,0.9699999999999999,1.0,1.0,1.0,0.8,skip,attack_already_active,1785296202.8438995,1785296202843899450,1384871060597620,7.9,53.35546875,-1.0,0,0
2026-07-28T23:36:42.844,10.42.0.210,10.42.0.1|10.42.0.210,52,3,UPLOAD,0.95,UPLOAD,0.95,1,1448,100.0,21,0.0,30408.0,0,21,0.0,1.0,0.009795397013602027,1,0,1,1,1,1,1,1,0.9699999999999999,1.0,1.0,1.0,0.8,skip,attack_already_active,1785296202.8448343,1785296202844834224,1384871061532259,7.9,53.35546875,-1.0,0,0
2026-07-28T23:36:42.845,10.42.0.210,10.42.0.1|10.42.0.210,52,3,UPLOAD,0.95,UPLOAD,0.95,1,1448,100.0,22,0.0,31856.0,0,22,0.0,1.0,0.008597358181284492,1,0,1,1,1,1,1,1,0.9699999999999999,1.0,1.0,1.0,0.8,skip,attack_already_active,1785296202.8455381,1785296202845538107,1384871062236306,7.9,53.35546875,-1.0,0,0
2026-07-28T23:36:42.846,10.42.0.210,10.42.0.1|10.42.0.210,52,3,UPLOAD,0.95,UPLOAD,0.95,1,1448,100.0,23,0.0,33304.0,0,23,0.0,1.0,0.007587979411660485,1,0,1,1,1,1,1,1,0.9699999999999999,1.0,1.0,1.0,0.8,skip,attack_already_active,1785296202.8464756,1785296202846475575,1384871063174021,7.9,53.35546875,-1.0,0,0
2026-07-28T23:36:42.847,10.42.0.210,10.42.0.1|10.42.0.210,52,3,UPLOAD,0.95,UPLOAD,0.95,1,1448,100.0,24,0.0,34752.0,0,24,0.0,1.0,0.006678842559889705,1,0,1,1,1,1,1,1,0.9699999999999999,1.0,1.0,1.0,0.8,skip,attack_already_active,1785296202.8471644,1785296202847164395,1384871063862633,7.9,53.35546875,-1.0,0,0
2026-07-28T23:36:42.848,10.42.0.210,10.42.0.1|10.42.0.210,52,3,UPLOAD,0.95,UPLOAD,0.95,1,1448,100.0,25,0.0,36200.0,0,25,0.0,1.0,0.0059644374274565514,1,0,1,1,1,1,1,1,0.9699999999999999,1.0,1.0,1.0,0.8,skip,attack_already_active,1785296202.8484218,1785296202848421905,1384871065120570,7.9,53.35546875,-1.0,0,0
2026-07-28T23:36:42.849,10.42.0.210,10.42.0.1|10.42.0.210,52,3,UPLOAD,0.95,UPLOAD,0.95,1,1448,100.0,26,0.0,37648.0,0,26,0.0,1.0,0.005277033493647904,1,0,1,1,1,1,1,1,0.9699999999999999,1.0,1.0,1.0,0.8,skip,attack_already_active,1785296202.8491697,1785296202849169658,1384871065867932,7.9,53.35546875,-1.0,0,0
2026-07-28T23:36:42.850,10.42.0.210,10.42.0.1|10.42.0.210,52,3,UPLOAD,0.95,UPLOAD,0.95,1,1448,100.0,27,0.0,39096.0,0,27,0.0,1.0,0.004707450804615425,1,0,1,1,1,1,1,1,0.9699999999999999,1.0,1.0,1.0,0.8,skip,attack_already_active,1785296202.8501244,1785296202850124269,1384871066822781,7.9,53.35546875,-1.0,0,0
2026-07-28T23:36:42.850,10.42.0.210,10.42.0.1|10.42.0.210,52,3,UPLOAD,0.95,UPLOAD,0.95,1,1448,100.0,28,0.0,40544.0,0,28,0.0,1.0,0.004189204373245102,1,0,1,1,1,1,1,1,0.9699999999999999,1.0,1.0,1.0,0.8,skip,attack_already_active,1785296202.850899,1785296202850898970,1384871067597540,7.9,53.35546875,-1.0,0,0
2026-07-28T23:36:42.851,10.42.0.210,10.42.0.1|10.42.0.210,52,3,UPLOAD,0.95,UPLOAD,0.95,1,1448,100.0,29,0.0,41992.0,0,29,0.0,1.0,0.0037814746853537663,1,0,1,1,1,1,1,1,0.9699999999999999,1.0,1.0,1.0,0.8,skip,attack_already_active,1785296202.851994,1785296202851994015,1384871068692539,7.9,53.35546875,-1.0,0,0
2026-07-28T23:36:42.852,10.42.0.210,10.42.0.1|10.42.0.210,52,3,UPLOAD,0.95,UPLOAD,0.95,1,1448,100.0,30,0.0,43440.0,0,30,0.0,1.0,0.003379059021331922,1,0,1,1,1,1,1,1,0.9699999999999999,1.0,1.0,1.0,0.8,skip,attack_already_active,1785296202.8527217,1785296202852721752,1384871069419982,7.9,53.35546875,-1.0,0,0
2026-07-28T23:36:42.853,10.42.0.210,10.42.0.1|10.42.0.210,52,3,UPLOAD,0.95,UPLOAD,0.95,1,1448,100.0,31,0.0,44888.0,0,31,0.0,1.0,0.0030673724456005943,1,0,1,1,1,1,1,1,0.9699999999999999,1.0,1.0,1.0,0.8,skip,attack_already_active,1785296202.8537354,1785296202853735319,1384871070433553,7.9,53.35546875,-1.0,0,0
2026-07-28T23:36:42.854,10.42.0.210,10.42.0.1|10.42.0.210,52,3,UPLOAD,0.95,UPLOAD,0.95,1,1448,100.0,32,0.0,46336.0,0,32,0.0,1.0,0.0027576434382097855,1,0,1,1,1,1,1,1,0.9699999999999999,1.0,1.0,1.0,0.8,skip,attack_already_active,1785296202.8544524,1785296202854452449,1384871071151015,7.9,53.35546875,-1.0,0,0
2026-07-28T23:36:42.855,10.42.0.210,10.42.0.1|10.42.0.210,52,3,UPLOAD,0.95,UPLOAD,0.95,1,1448,100.0,33,0.0,47784.0,0,33,0.0,1.0,0.002529760037218922,1,0,1,1,1,1,1,1,0.9699999999999999,1.0,1.0,1.0,0.8,skip,attack_already_active,1785296202.8554807,1785296202855480626,1384871072179195,7.9,53.35546875,-1.0,0,0
2026-07-28T23:36:42.856,10.42.0.210,10.42.0.1|10.42.0.210,52,3,UPLOAD,0.95,UPLOAD,0.95,1,1448,100.0,34,0.0,49232.0,0,34,0.0,1.0,0.0022900577648343537,1,0,1,1,1,1,1,1,0.9699999999999999,1.0,1.0,1.0,0.8,skip,attack_already_active,1785296202.8561914,1785296202856191474,1384871072890034,7.9,53.35546875,-1.0,0,0
2026-07-28T23:36:42.857,10.42.0.210,10.42.0.1|10.42.0.210,52,3,UPLOAD,0.95,UPLOAD,0.95,1,1448,100.0,35,0.0,50680.0,0,35,0.0,1.0,0.0021101864480280045,1,0,1,1,1,1,1,1,0.9699999999999999,1.0,1.0,1.0,0.8,skip,attack_already_active,1785296202.8571165,1785296202857116479,1384871073814668,7.9,53.35546875,-1.0,0,0
2026-07-28T23:36:42.857,10.42.0.210,10.42.0.1|10.42.0.210,52,3,UPLOAD,0.95,UPLOAD,0.95,1,1448,100.0,36,0.0,52128.0,0,36,0.0,1.0,0.0019197725234888188,1,0,1,1,1,1,1,1,0.9699999999999999,1.0,1.0,1.0,0.8,skip,attack_already_active,1785296202.8577816,1785296202857781651,1384871074479869,7.9,53.35546875,-1.0,0,0
2026-07-28T23:36:42.858,10.42.0.210,10.42.0.1|10.42.0.210,52,3,UPLOAD,0.95,UPLOAD,0.95,1,1448,100.0,37,0.0,53576.0,0,37,0.0,1.0,0.0017530050885514734,1,0,1,1,1,1,1,1,0.9699999999999999,1.0,1.0,1.0,0.8,skip,attack_already_active,1785296202.8584359,1785296202858435719,1384871075133787,7.9,53.35546875,-1.0,0,0
2026-07-28T23:36:42.859,10.42.0.210,10.42.0.1|10.42.0.210,52,3,UPLOAD,0.95,UPLOAD,0.95,1,1448,100.0,38,0.0,55024.0,0,38,0.0,1.0,0.0016060769550145701,1,0,1,1,1,1,1,1,0.9699999999999999,1.0,1.0,1.0,0.8,skip,attack_already_active,1785296202.8590739,1785296202859073674,1384871075771714,7.9,53.35546875,-1.0,0,0
2026-07-28T23:36:42.859,10.42.0.210,10.42.0.1|10.42.0.210,52,3,UPLOAD,0.95,UPLOAD,0.95,1,1448,100.0,39,0.0,56472.0,0,39,0.0,1.0,0.0014788243730405447,1,0,1,1,1,1,1,1,0.9699999999999999,1.0,1.0,1.0,0.8,skip,attack_already_active,1785296202.8597143,1785296202859714249,1384871076412327,7.9,53.35546875,-1.0,0,0
2026-07-28T23:36:42.860,10.42.0.210,10.42.0.1|10.42.0.210,52,3,UPLOAD,0.95,UPLOAD,0.95,1,1448,100.0,40,0.0,57920.0,0,40,0.0,1.0,0.0013681205100867229,1,0,1,1,1,1,1,1,0.9699999999999999,1.0,1.0,1.0,0.8,skip,attack_already_active,1785296202.860353,1785296202860353108,1384871077051184,7.9,53.35546875,-1.0,0,0
2026-07-28T23:36:42.861,10.42.0.210,10.42.0.1|10.42.0.210,52,3,UPLOAD,0.9522325932924841,UPLOAD,0.9522325932924841,1,1337,100.0,41,0.0,59257.0,0,41,0.0,1.0,0.001275083503064173,1,0,1,1,1,1,1,1,0.9699999999999999,1.0,1.0,1.0,0.8,skip,attack_already_active,1785296202.861015,1785296202861015001,1384871077713646,7.9,53.35546875,-1.0,0,0
2026-07-28T23:36:42.863,10.42.0.1,10.42.0.1|10.42.0.210,52,3,UPLOAD,0.9833400227102537,UPLOAD,0.9833400227102537,1,7240,100.0,1,0.0,7240.0,0,1,0.0,1.0,0.11964193412256616,1,0,1,1,1,1,1,1,0.9699999999999999,1.0,1.0,1.0,0.8,skip,attack_already_active,1785296202.8633316,1785296202863331579,1384871080030041,7.9,53.35546875,-1.0,0,0
2026-07-28T23:36:42.864,10.42.0.1,10.42.0.1|10.42.0.210,52,3,UPLOAD,0.9854520185061051,UPLOAD,0.9854520185061051,1,7240,100.0,2,0.0,14480.0,0,2,0.0,1.0,0.10396990015648978,1,0,1,1,1,1,1,1,0.9699999999999999,1.0,1.0,1.0,0.8,skip,attack_already_active,1785296202.8640428,1785296202864042748,1384871080740875,7.9,53.35546875,-1.0,0,0
2026-07-28T23:36:42.867,10.42.0.1,10.42.0.1|10.42.0.210,52,3,UPLOAD,0.9855074093096134,UPLOAD,0.9855074093096134,1,14480,100.0,3,0.0,28960.0,0,3,0.0,1.0,0.09074824988313664,1,0,1,1,1,1,1,1,0.9699999999999999,1.0,1.0,1.0,0.8,skip,attack_already_active,1785296202.8676772,1785296202867677216,1384871084375515,7.9,53.35546875,-1.0,0,0
2026-07-28T23:36:42.868,10.42.0.1,10.42.0.1|10.42.0.210,52,3,UPLOAD,0.9855087005297135,UPLOAD,0.9855087005297135,1,14480,100.0,4,0.0,43440.0,0,4,0.0,1.0,0.07888467116843864,1,0,1,1,1,1,1,1,0.9699999999999999,1.0,1.0,1.0,0.8,skip,attack_already_active,1785296202.868396,1785296202868396007,1384871085094186,7.9,53.35546875,-1.0,0,0
2026-07-28T23:36:42.869,10.42.0.1,10.42.0.1|10.42.0.210,52,3,UPLOAD,0.9855087258449444,UPLOAD,0.9855087258449444,1,14480,100.0,5,0.0,57920.0,0,5,0.0,1.0,0.06861237079542266,1,0,1,1,1,1,1,1,0.9699999999999999,1.0,1.0,1.0,0.8,skip,attack_already_active,1785296202.869327,1785296202869327158,1384871086025262,7.9,53.35546875,-1.0,0,0
2026-07-28T23:36:42.871,10.42.0.1,10.42.0.1|10.42.0.210,52,3,UPLOAD,0.9855087261695777,UPLOAD,0.9855087261695777,1,14480,100.0,6,0.0,72400.0,0,6,0.0,1.0,0.059836709723576936,1,0,1,1,1,1,1,1,0.9699999999999999,1.0,1.0,1.0,0.8,skip,attack_already_active,1785296202.8713434,1785296202871343284,1384871088041900,7.9,53.35546875,-1.0,0,0
2026-07-28T23:36:42.872,10.42.0.1,10.42.0.1|10.42.0.210,52,3,UPLOAD,0.9855066942067874,UPLOAD,0.9855066942067874,1,7129,100.0,7,0.0,79529.0,0,7,0.0,1.0,0.05204239852020148,1,0,1,1,1,1,1,1,0.9699999999999999,1.0,1.0,1.0,0.8,skip,attack_already_active,1785296202.8720312,1785296202872031277,1384871088729489,7.9,53.35546875,-1.0,0,0
2026-07-28T23:36:43.008,10.42.0.47,10.42.0.1|10.42.0.210|10.42.0.47,52,3,UPLOAD,0.95,UPLOAD,0.95,1,7240,100.0,1,0.0,7240.0,0,1,0.0,1.0,0.30567448459334695,1,0,0,1,1,1,1,1,0.9699999999999999,1.0,1.0,1.0,0.8,trigger,training_upload_trigger_confirmed,1785296203.0081632,1785296203008163287,1384871224862025,7.9,53.35546875,102.094058,1785296203110258789,1384871326956083
2026-07-28T23:36:43.008,10.42.0.47,10.42.0.1|10.42.0.210|10.42.0.47,52,3,UPLOAD,0.9548647227972663,UPLOAD,0.9548647227972663,1,2896,100.0,2,0.0,10136.0,0,2,0.0,1.0,0.2654856595482195,1,0,1,1,1,1,1,1,0.9699999999999999,1.0,1.0,1.0,0.8,skip,attack_already_active,1785296203.0088558,1785296203008855817,1384871225553975,7.9,53.35546875,-1.0,0,0
2026-07-28T23:36:43.010,10.42.0.47,10.42.0.1|10.42.0.210|10.42.0.47,52,3,UPLOAD,0.9565394449890681,UPLOAD,0.9565394449890681,1,4344,100.0,3,0.0,14480.0,0,3,0.0,1.0,0.23065248304211486,1,0,1,1,1,1,1,1,0.9699999999999999,1.0,1.0,1.0,0.8,skip,attack_already_active,1785296203.0100021,1785296203010002276,1384871226700561,7.9,53.35546875,-1.0,0,0
2026-07-28T23:36:43.010,10.42.0.47,10.42.0.1|10.42.0.210|10.42.0.47,52,3,UPLOAD,0.9588868381798722,UPLOAD,0.9588868381798722,1,5792,100.0,4,0.0,20272.0,0,4,0.0,1.0,0.20035008224352444,1,0,1,1,1,1,1,1,0.9699999999999999,1.0,1.0,1.0,0.8,skip,attack_already_active,1785296203.010698,1785296203010698002,1384871227396098,7.9,53.35546875,-1.0,0,0
2026-07-28T23:36:43.013,10.42.0.47,10.42.0.1|10.42.0.210|10.42.0.47,52,3,UPLOAD,0.9604769942884064,UPLOAD,0.9604769942884064,1,5792,100.0,5,0.0,26064.0,0,5,0.0,1.0,0.17435280264050904,1,0,1,1,1,1,1,1,0.9699999999999999,1.0,1.0,1.0,0.8,skip,attack_already_active,1785296203.013762,1785296203013761936,1384871230460231,7.9,53.35546875,-1.0,0,0
2026-07-28T23:36:43.014,10.42.0.47,10.42.0.1|10.42.0.210|10.42.0.47,52,3,UPLOAD,0.9617420672482846,UPLOAD,0.9617420672482846,1,8688,100.0,6,0.0,34752.0,0,6,0.0,1.0,0.1514724983203565,1,0,1,1,1,1,1,1,0.9699999999999999,1.0,1.0,1.0,0.8,skip,attack_already_active,1785296203.0144825,1785296203014482417,1384871231180707,7.9,53.35546875,-1.0,0,0
2026-07-28T23:36:43.015,10.42.0.47,10.42.0.1|10.42.0.210|10.42.0.47,52,3,UPLOAD,0.9630848871866232,UPLOAD,0.9630848871866232,1,4344,100.0,7,0.0,39096.0,0,7,0.0,1.0,0.13159947382973247,1,0,1,1,1,1,1,1,0.9699999999999999,1.0,1.0,1.0,0.8,skip,attack_already_active,1785296203.015144,1785296203015144285,1384871231842337,7.9,53.35546875,-1.0,0,0
2026-07-28T23:36:43.016,10.42.0.47,10.42.0.1|10.42.0.210|10.42.0.47,52,3,UPLOAD,0.964636883929058,UPLOAD,0.964636883929058,1,4344,100.0,8,0.0,43440.0,0,8,0.0,1.0,0.11442431580325745,1,0,1,1,1,1,1,1,0.9699999999999999,1.0,1.0,1.0,0.8,skip,attack_already_active,1785296203.016406,1785296203016406031,1384871233104272,7.9,53.35546875,-1.0,0,0
2026-07-28T23:36:43.017,10.42.0.47,10.42.0.1|10.42.0.210|10.42.0.47,52,3,UPLOAD,0.965914472039619,UPLOAD,0.965914472039619,1,5792,100.0,9,0.0,49232.0,0,9,0.0,1.0,0.09943813417553736,1,0,1,1,1,1,1,1,0.9699999999999999,1.0,1.0,1.0,0.8,skip,attack_already_active,1785296203.0171044,1785296203017104312,1384871233802741,7.9,53.35546875,-1.0,0,0
2026-07-28T23:36:43.018,10.42.0.47,10.42.0.1|10.42.0.210|10.42.0.47,52,3,UPLOAD,0.9663310037493198,UPLOAD,0.9663310037493198,1,5792,100.0,10,0.0,55024.0,0,10,0.0,1.0,0.08646089947347455,1,0,1,1,1,1,1,1,0.9699999999999999,1.0,1.0,1.0,0.8,skip,attack_already_active,1785296203.0180619,1785296203018061917,1384871234760106,7.9,53.35546875,-1.0,0,0
2026-07-28T23:36:43.018,10.42.0.47,10.42.0.1|10.42.0.210|10.42.0.47,52,3,UPLOAD,0.9673519958240723,UPLOAD,0.9673519958240723,1,4344,100.0,11,0.0,59368.0,0,11,0.0,1.0,0.075169133092507,1,0,1,1,1,1,1,1,0.9699999999999999,1.0,1.0,1.0,0.8,skip,attack_already_active,1785296203.0188327,1785296203018832659,1384871235531072,7.9,53.35546875,-1.0,0,0
2026-07-28T23:36:43.019,10.42.0.47,10.42.0.1|10.42.0.210|10.42.0.47,52,3,UPLOAD,0.9685232531661855,UPLOAD,0.9685232531661855,1,10136,100.0,12,0.0,69504.0,0,12,0.0,1.0,0.06539068713572432,1,0,1,1,1,1,1,1,0.9699999999999999,1.0,1.0,1.0,0.8,skip,attack_already_active,1785296203.019796,1785296203019795878,1384871236493963,7.9,53.35546875,-1.0,0,0
2026-07-28T23:36:43.021,10.42.0.47,10.42.0.1|10.42.0.210|10.42.0.47,52,3,UPLOAD,0.9698678874729908,UPLOAD,0.9698678874729908,1,10024,100.0,13,0.0,79528.0,0,13,0.0,1.0,0.05699350368869641,1,0,1,1,1,1,1,1,0.9699999999999999,1.0,1.0,1.0,0.8,skip,attack_already_active,1785296203.0214627,1785296203021462911,1384871238161425,7.9,53.35546875,-1.0,0,0
2026-07-28T23:36:43.022,10.42.0.1,10.42.0.1|10.42.0.210|10.42.0.47,52,3,UPLOAD,0.9854833350142311,UPLOAD,0.9854833350142311,1,7240,100.0,8,0.0,86769.0,0,8,0.0,1.0,0.06501192324007654,1,0,1,1,1,1,1,1,0.9699999999999999,1.0,1.0,1.0,0.8,skip,attack_already_active,1785296203.0224957,1785296203022495743,1384871239193974,7.9,53.35546875,-1.0,0,0
2026-07-28T23:36:43.023,10.42.0.1,10.42.0.1|10.42.0.210|10.42.0.47,52,3,UPLOAD,0.9854551822177791,UPLOAD,0.9854551822177791,1,7240,100.0,9,0.0,94009.0,0,9,0.0,1.0,0.056531566752092734,1,0,1,1,1,1,1,1,0.9699999999999999,1.0,1.0,1.0,0.8,skip,attack_already_active,1785296203.0231526,1785296203023152527,1384871239850553,7.9,53.35546875,-1.0,0,0
2026-07-28T23:36:43.027,10.42.0.1,10.42.0.1|10.42.0.210|10.42.0.47,52,3,UPLOAD,0.985460733959678,UPLOAD,0.985460733959678,1,14480,100.0,10,0.0,108489.0,0,10,0.0,1.0,0.04971031070092048,1,0,1,1,1,1,1,1,0.9699999999999999,1.0,1.0,1.0,0.8,skip,attack_already_active,1785296203.0279195,1785296203027919703,1384871244618310,7.9,53.35546875,-1.0,0,0
2026-07-28T23:36:43.028,10.42.0.1,10.42.0.1|10.42.0.210|10.42.0.47,52,3,UPLOAD,0.9854726987973536,UPLOAD,0.9854726987973536,1,14480,100.0,11,0.0,122969.0,0,11,0.0,1.0,0.04327622551937022,1,0,1,1,1,1,1,1,0.9699999999999999,1.0,1.0,1.0,0.8,skip,attack_already_active,1785296203.0288033,1785296203028803286,1384871245501784,7.9,53.35546875,-1.0,0,0
2026-07-28T23:36:43.029,10.42.0.1,10.42.0.1|10.42.0.210|10.42.0.47,52,3,UPLOAD,0.985487596607041,UPLOAD,0.985487596607041,1,14480,100.0,12,0.0,137449.0,0,12,0.0,1.0,0.037709027488608556,1,0,1,1,1,1,1,1,0.9699999999999999,1.0,1.0,1.0,0.8,skip,attack_already_active,1785296203.0298316,1785296203029831600,1384871246530083,7.9,53.35546875,-1.0,0,0
2026-07-28T23:36:43.030,10.42.0.1,10.42.0.1|10.42.0.210|10.42.0.47,52,3,UPLOAD,0.9855082583268678,UPLOAD,0.9855082583268678,1,11584,100.0,13,0.0,149033.0,0,13,0.0,1.0,0.032884303750799836,1,0,1,1,1,1,1,1,0.9699999999999999,1.0,1.0,1.0,0.8,skip,attack_already_active,1785296203.0309272,1785296203030927052,1384871247625198,7.9,53.35546875,-1.0,0,0
2026-07-28T23:36:43.031,10.42.0.1,10.42.0.1|10.42.0.210|10.42.0.47,52,3,UPLOAD,0.985508717328667,UPLOAD,0.985508717328667,1,10024,100.0,14,0.0,159057.0,0,14,0.0,1.0,0.02869086272071742,1,0,1,1,1,1,1,1,0.9699999999999999,1.0,1.0,1.0,0.8,skip,attack_already_active,1785296203.0319886,1785296203031988724,1384871248686899,7.9,53.35546875,-1.0,0,0
2026-07-28T23:36:43.352,10.42.0.1,,53,1,DOWNLOAD,0.9854920396262412,DOWNLOAD,0.9854920396262412,-1,1448,100.0,15,1448.0,159057.0,1,14,0.009021525809164823,0.9909784741908352,0.14105858973819668,0,0,0,0,1,0,0,0,0.44,0.8500000000000001,0.0,0.6000000000000001,0.15,skip,training_upload_trigger_not_confirmed,1785296203.352506,1785296203352505767,1384871569204477,74.2,53.359375,-1.0,0,0
2026-07-28T23:36:43.356,10.42.0.1,,53,1,DOWNLOAD,0.95,DOWNLOAD,0.95,-1,5792,21.969198892131327,16,7240.0,159057.0,2,14,0.04353656409917196,0.956463435900828,0.12299738308671584,0,0,0,0,1,0,0,0,0.44,0.8500000000000001,0.0,0.6000000000000001,0.15,skip,training_upload_trigger_not_confirmed,1785296203.356503,1785296203356503062,1384871573202192,74.2,53.359375,-1.0,0,0
2026-07-28T23:36:43.357,10.42.0.1,,53,1,DOWNLOAD,0.95,DOWNLOAD,0.95,-1,7240,10.984599446824268,17,14480.0,159057.0,3,14,0.08344041904608239,0.9165595809539177,0.10693618790732122,0,0,0,0,1,0,0,0,0.44,0.8500000000000001,0.0,0.6000000000000001,0.15,skip,training_upload_trigger_not_confirmed,1785296203.3576164,1785296203357616448,1384871574315339,74.2,53.359375,-1.0,0,0
2026-07-28T23:36:43.359,10.42.0.1,,53,1,DOWNLOAD,0.9737658206735638,DOWNLOAD,0.9737658206735638,-1,7240,7.323066298051424,18,21720.0,159057.0,4,14,0.12014802768051246,0.8798519723194875,0.0931379793250149,0,0,0,0,1,0,0,0,0.44,0.8500000000000001,0.0,0.6000000000000001,0.15,skip,training_upload_trigger_not_confirmed,1785296203.3598418,1785296203359841797,1384871576541725,74.2,53.359375,-1.0,0,0
2026-07-28T23:36:43.361,10.42.0.1,,53,1,DOWNLOAD,0.9806659047036589,DOWNLOAD,0.9806659047036589,-1,7240,5.492299723601786,19,28960.0,159057.0,5,14,0.15402862507113718,0.8459713749288628,0.08102097929407852,0,0,0,0,1,0,0,0,0.4,0.8500000000000001,0.0,0.4,0.15,skip,training_upload_trigger_not_confirmed,1785296203.3610272,1785296203361027326,1384871577725905,74.2,53.359375,-1.0,0,0
2026-07-28T23:36:43.363,10.42.0.1,,53,1,DOWNLOAD,0.9789029557876568,DOWNLOAD,0.9789029557876568,-1,7240,4.393839778911772,20,36200.0,159057.0,6,14,0.1853966823212484,0.8146033176787516,0.0706068187583971,0,0,0,0,1,0,0,0,0.4,0.8500000000000001,0.0,0.4,0.15,skip,training_upload_trigger_not_confirmed,1785296203.363018,1785296203363017960,1384871579716486,74.2,53.359375,-1.0,0,0
2026-07-28T23:36:43.364,10.42.0.1,,53,1,DOWNLOAD,0.9751679476824072,DOWNLOAD,0.9751679476824072,-1,7240,3.6615331491100016,21,43440.0,159057.0,7,14,0.21452169661772766,0.7854783033822723,0.06147534462013976,0,0,0,0,1,0,0,0,0.4,0.8500000000000001,0.0,0.4,0.15,skip,training_upload_trigger_not_confirmed,1785296203.3643286,1785296203364328578,1384871581027072,74.2,53.359375,-1.0,0,0
2026-07-28T23:36:43.366,10.42.0.1,,53,1,DOWNLOAD,0.969808326257728,DOWNLOAD,0.969808326257728,-1,7240,3.138456984961751,22,50680.0,159057.0,8,14,0.24163595359903117,0.7583640464009689,0.05364119815815811,0,0,0,0,1,0,0,0,0.4,0.8500000000000001,0.0,0.4,0.15,skip,training_upload_trigger_not_confirmed,1785296203.3663528,1785296203366352907,1384871583051777,74.2,53.359375,-1.0,0,0
2026-07-28T23:36:43.367,10.42.0.1,,53,1,DOWNLOAD,0.9608120426647687,DOWNLOAD,0.9608120426647687,-1,7240,2.7461498618483056,23,57920.0,159057.0,9,14,0.2669407356540094,0.7330592643459906,0.04671526171476629,0,0,0,0,1,0,0,0,0.32,0.8500000000000001,0.0,0.0,0.15,skip,training_upload_trigger_not_confirmed,1785296203.367435,1785296203367434945,1384871584133385,74.2,53.359375,-1.0,0,0
2026-07-28T23:36:43.368,10.42.0.1,,53,1,DOWNLOAD,0.95,DOWNLOAD,0.95,-1,10136,2.3371488186003124,24,68056.0,159057.0,10,14,0.2996569989388542,0.7003430010611458,0.040694132496656404,0,0,0,0,1,0,0,0,0.32,0.8500000000000001,0.0,0.0,0.15,skip,training_upload_trigger_not_confirmed,1785296203.3684576,1785296203368457590,1384871585156298,74.2,53.359375,-1.0,0,0
2026-07-28T23:36:43.369,10.42.0.1,,53,1,DOWNLOAD,0.95,DOWNLOAD,0.95,-1,10136,2.034185082859702,25,78192.0,159057.0,11,14,0.32957778536474336,0.6704222146352566,0.035458014497692786,0,0,0,0,1,0,0,0,0.32,0.8500000000000001,0.0,0.0,0.15,skip,training_upload_trigger_not_confirmed,1785296203.3694162,1785296203369416291,1384871586114704,74.2,53.359375,-1.0,0,0
2026-07-28T23:36:43.370,10.42.0.1,,53,1,DOWNLOAD,0.95,DOWNLOAD,0.95,-1,14480,1.7163436636663034,26,92672.0,159057.0,12,14,0.36814193040928933,0.6318580695907107,0.03092030305162321,0,0,0,0,1,0,0,0,0.32,0.8500000000000001,0.0,0.0,0.15,skip,training_upload_trigger_not_confirmed,1785296203.3704388,1785296203370439019,1384871587137383,74.2,53.359375,-1.0,0,0
2026-07-28T23:36:43.371,10.42.0.1,,53,1,DOWNLOAD,0.95,DOWNLOAD,0.95,-1,4344,1.6394924548462164,27,97016.0,159057.0,13,14,0.37886071549909595,0.621139284500904,0.02704108760793361,0,0,0,0,1,0,0,0,0.32,0.8500000000000001,0.0,0.0,0.15,skip,training_upload_trigger_not_confirmed,1785296203.3719208,1785296203371920889,1384871588619367,74.2,53.359375,-1.0,0,0
2026-07-28T23:36:43.372,10.42.0.1,,53,1,DOWNLOAD,0.95,DOWNLOAD,0.95,-1,4344,1.5692284924963575,28,101360.0,159057.0,14,14,0.3892219017959657,0.6107780982040343,0.023614742872780255,0,0,0,0,1,0,0,0,0.32,0.8500000000000001,0.0,0.0,0.15,skip,training_upload_trigger_not_confirmed,1785296203.3729603,1785296203372960350,1384871589658635,74.2,53.359375,-1.0,0,0
2026-07-28T23:36:43.374,10.42.0.1,,53,1,DOWNLOAD,0.95,DOWNLOAD,0.95,-1,14480,1.373074930936006,29,115840.0,159057.0,15,14,0.4213941949166415,0.5786058050833585,0.020702706440723632,0,0,0,0,1,0,0,0,0.32,0.8500000000000001,0.0,0.0,0.15,skip,training_upload_trigger_not_confirmed,1785296203.3744764,1785296203374476571,1384871591174929,74.2,53.359375,-1.0,0,0
2026-07-28T23:36:43.375,10.42.0.1,,53,1,DOWNLOAD,0.95,DOWNLOAD,0.95,-1,4344,1.323445716565238,30,120184.0,159057.0,16,14,0.43039524998119905,0.569604750018801,0.018112603876264087,0,0,0,0,1,0,0,0,0.32,0.8500000000000001,0.0,0.0,0.15,skip,training_upload_trigger_not_confirmed,1785296203.3755236,1785296203375523599,1384871592221897,74.2,53.359375,-1.0,0,0
2026-07-28T23:36:43.376,10.42.0.1,,53,1,DOWNLOAD,0.95,DOWNLOAD,0.95,-1,14480,1.1811397255377745,31,134664.0,159057.0,17,14,0.45847590059954857,0.5415240994004514,0.01585674176797925,0,0,0,0,1,0,0,0,0.30250000000000005,0.8000000000000002,0.0,0.0,0.15,skip,training_upload_trigger_not_confirmed,1785296203.376517,1785296203376517194,1384871593215347,74.2,53.359375,-1.0,0,0
2026-07-28T23:36:43.378,10.42.0.1,,53,1,DOWNLOAD,0.95,DOWNLOAD,0.95,-1,4344,1.1442291091149845,32,139008.0,159057.0,18,14,0.46636807407780184,0.5336319259221982,0.014084041929359213,0,0,0,0,1,0,0,0,0.30250000000000005,0.8000000000000002,0.0,0.0,0.15,skip,training_upload_trigger_not_confirmed,1785296203.3789213,1785296203378921136,1384871595619656,74.2,53.359375,-1.0,0,0
2026-07-28T23:36:43.379,10.42.0.1,,53,1,DOWNLOAD,0.95,DOWNLOAD,0.95,-1,7240,1.08758410371364,33,146248.0,159057.0,19,14,0.47902261672753477,0.5209773832724652,0.012367681239048422,0,0,0,0,1,0,0,0,0.30250000000000005,0.8000000000000002,0.0,0.0,0.15,skip,training_upload_trigger_not_confirmed,1785296203.3799803,1785296203379980279,1384871596678665,74.2,53.359375,-1.0,0,0
2026-07-28T23:36:43.382,10.42.0.1,,53,1,DOWNLOAD,0.95,DOWNLOAD,0.95,-1,20272,0.9551825606536442,34,166520.0,159057.0,20,14,0.5114611904403567,0.48853880955964335,0.011009195149861165,0,0,0,0,0,0,0,0,0.039999999999999994,0.05,0.0,0.0,0.15,skip,training_upload_trigger_not_confirmed,1785296203.3820388,1785296203382038816,1384871598737460,74.2,53.359375,-1.0,0,0
2026-07-28T23:36:43.383,10.42.0.1,,53,1,DOWNLOAD,0.95,DOWNLOAD,0.95,-1,18824,0.8581718318377818,35,185344.0,159057.0,21,14,0.5381633618950004,0.4618366381049997,0.009709770898644138,0,0,0,0,0,0,0,0,0.039999999999999994,0.05,0.0,0.0,0.15,skip,training_upload_trigger_not_confirmed,1785296203.383187,1785296203383187045,1384871599885616,74.2,53.359375,-1.0,0,0
2026-07-28T23:36:43.384,10.42.0.1,,53,1,DOWNLOAD,0.95,DOWNLOAD,0.95,-1,5336,0.8341567023293782,36,190680.0,159057.0,22,14,0.5452096861355819,0.4547903138644181,0.008573251955234229,0,0,0,0,0,0,0,0,0.039999999999999994,0.05,0.0,0.0,0.15,skip,training_upload_trigger_not_confirmed,1785296203.384272,1785296203384272233,1384871600971021,74.2,53.359375,-1.0,0,0
2026-07-28T23:36:43.385,10.42.0.59,,18,1,DOWNLOAD,0.95,DOWNLOAD,0.95,-1,7300,1.3698630135109776e-10,1,7300.0,0.0,1,0,1.0,0.0,0.5308396911573326,0,0,0,0,0,0,0,0,0.0225,0.0,0.0,0.0,0.15,skip,already_attacked_this_round,1785296203.3857577,1785296203385757729,1384871602456179,74.2,53.359375,-1.0,0,0
2026-07-28T23:36:43.386,10.42.0.1,,53,1,DOWNLOAD,0.95,DOWNLOAD,0.95,-1,16946,0.7660745764029261,37,207626.0,159057.0,23,14,0.5662275044111671,0.43377249558883285,0.007790710822325466,0,0,0,0,0,0,0,0,0.0225,0.0,0.0,0.0,0.15,skip,training_upload_trigger_not_confirmed,1785296203.3869069,1785296203386906877,1384871603605379,74.2,53.359375,-1.0,0,0
2026-07-28T23:36:43.388,10.42.0.210,,53,1,DOWNLOAD,0.9843238179784037,DOWNLOAD,0.9843238179784037,-1,7240,8.184668507294935,42,7240.0,59257.0,1,41,0.1088770921996481,0.8911229078003519,0.07047107863048814,0,0,0,0,0,0,0,0,0.057499999999999996,0.1,0.0,0.0,0.15,skip,training_upload_trigger_not_confirmed,1785296203.3885255,1785296203388525522,1384871605223876,74.2,53.359375,-1.0,0,0
2026-07-28T23:36:43.389,10.42.0.210,,53,1,DOWNLOAD,0.95,DOWNLOAD,0.95,-1,7240,4.092334253930088,43,14480.0,59257.0,2,41,0.19637359805796276,0.8036264019420373,0.061327802055357525,0,0,0,0,0,0,0,0,0.057499999999999996,0.1,0.0,0.0,0.15,skip,training_upload_trigger_not_confirmed,1785296203.3896108,1785296203389610641,1384871606308889,74.2,53.359375,-1.0,0,0
2026-07-28T23:36:43.390,10.42.0.1,,53,1,DOWNLOAD,0.95,DOWNLOAD,0.95,-1,16946,0.7082672817639409,38,224572.0,159057.0,24,14,0.5853884873145669,0.41461151268543306,0.0072621867956839635,0,0,0,0,0,0,0,0,0.0225,0.0,0.0,0.0,0.15,skip,training_upload_trigger_not_confirmed,1785296203.3906868,1785296203390686744,1384871607385021,74.2,53.359375,-1.0,0,0
2026-07-28T23:36:43.392,10.42.0.47,,53,1,DOWNLOAD,0.9522324593451819,DOWNLOAD,0.9522324593451819,-1,7240,10.984530385361252,14,7240.0,79528.0,1,13,0.08344089987092015,0.9165591001290798,0.321035033429053,0,0,0,0,0,0,0,0,0.057499999999999996,0.1,0.0,0.0,0.15,skip,training_upload_trigger_not_confirmed,1785296203.3921342,1785296203392134154,1384871608832408,74.2,53.359375,-1.0,0,0
2026-07-28T23:36:43.393,10.42.0.47,,53,1,DOWNLOAD,0.95,DOWNLOAD,0.95,-1,7240,5.492265193059926,15,14480.0,79528.0,2,13,0.15402944430261253,0.8459705556973874,0.27886355129654017,0,0,0,0,0,0,0,0,0.057499999999999996,0.1,0.0,0.0,0.15,skip,training_upload_trigger_not_confirmed,1785296203.3931415,1785296203393141540,1384871609839783,74.2,53.359375,-1.0,0,0
2026-07-28T23:36:43.394,10.42.0.1,,53,1,DOWNLOAD,0.95,DOWNLOAD,0.95,-1,16920,0.6586429364133858,39,241492.0,159057.0,25,14,0.6029025162963833,0.3970974837036168,0.006768749512123399,0,0,0,0,0,0,0,0,0.0225,0.0,0.0,0.0,0.15,skip,training_upload_trigger_not_confirmed,1785296203.3942044,1785296203394204451,1384871610903362,74.2,53.359375,-1.0,0,0
2026-07-28T23:36:43.396,10.42.0.18,,40,1,DOWNLOAD,0.95,DOWNLOAD,0.95,-1,10220,9.784735811175661e-11,1,10220.0,0.0,1,0,1.0,0.0,0.44074017917689473,0,0,0,0,0,0,0,0,0.0225,0.0,0.0,0.0,0.15,skip,already_attacked_this_round,1785296203.3964589,1785296203396458744,1384871613157781,74.2,53.359375,-1.0,0,0
2026-07-28T23:36:43.397,10.42.0.18,,40,1,DOWNLOAD,0.9508978412132325,DOWNLOAD,0.9508978412132325,-1,4380,6.84931506802402e-11,2,14600.0,0.0,2,0,1.0,0.0,0.38282267086339833,0,0,0,0,0,0,0,0,0.0225,0.0,0.0,0.0,0.15,skip,already_attacked_this_round,1785296203.397679,1785296203397679116,1384871614377881,74.2,53.359375,-1.0,0,0
2026-07-28T23:36:43.398,10.42.0.18,,40,1,DOWNLOAD,0.95,DOWNLOAD,0.95,-1,14600,3.424657534129292e-11,3,29200.0,0.0,3,0,1.0,0.0,0.3325262467403311,0,0,0,0,0,0,0,0,0.0225,0.0,0.0,0.0,0.15,skip,already_attacked_this_round,1785296203.398816,1785296203398815946,1384871615514547,74.2,53.359375,-1.0,0,0
2026-07-28T23:36:43.400,10.42.0.210,,53,1,DOWNLOAD,0.9557926560077417,DOWNLOAD,0.9557926560077417,-1,10136,2.4072554435567413,44,24616.0,59257.0,3,41,0.29349135001728804,0.706508649982712,0.05465713411182735,0,0,0,0,0,0,0,0,0.057499999999999996,0.1,0.0,0.0,0.15,skip,training_upload_trigger_not_confirmed,1785296203.4003167,1785296203400316664,1384871617015108,74.2,53.359375,-1.0,0,0
2026-07-28T23:36:43.402,10.42.0.210,,53,1,DOWNLOAD,0.9846998846180315,DOWNLOAD,0.9846998846180315,-1,14480,1.5156793533733457,45,39096.0,59257.0,4,41,0.3975069392901081,0.602493060709892,0.04771130587110036,0,0,0,0,0,0,0,0,0.057499999999999996,0.1,0.0,0.0,0.15,skip,training_upload_trigger_not_confirmed,1785296203.4022639,1785296203402263765,1384871618962238,74.2,53.359375,-1.0,0,0
2026-07-28T23:36:43.403,10.42.0.210,,53,1,DOWNLOAD,0.9854895428954357,DOWNLOAD,0.9854895428954357,-1,4344,1.3641114180395002,46,43440.0,59257.0,5,41,0.4229919082349046,0.5770080917650954,0.04157070501900441,0,0,0,0,0,0,0,0,0.057499999999999996,0.1,0.0,0.0,0.15,skip,training_upload_trigger_not_confirmed,1785296203.4033759,1785296203403375960,1384871620074420,74.2,53.359375,-1.0,0,0
2026-07-28T23:36:43.404,10.42.0.59,,18,1,DOWNLOAD,0.95,DOWNLOAD,0.95,-1,14600,4.566210045453598e-11,2,21900.0,0.0,2,0,1.0,0.0,0.46341290465612917,0,0,0,0,0,0,0,0,0.0225,0.0,0.0,0.0,0.15,skip,already_attacked_this_round,1785296203.4049141,1785296203404914300,1384871621612722,74.2,53.359375,-1.0,0,0
2026-07-28T23:36:43.405,10.42.0.59,,18,1,DOWNLOAD,0.95,DOWNLOAD,0.95,-1,14600,2.739726027322199e-11,3,36500.0,0.0,3,0,1.0,0.0,0.4024886395753027,0,0,0,0,0,0,0,0,0.0225,0.0,0.0,0.0,0.15,skip,already_attacked_this_round,1785296203.4059896,1785296203405989588,1384871622687822,74.2,53.359375,-1.0,0,0
2026-07-28T23:36:43.407,10.42.0.145,,22,2,TRAINING,0.95,TRAINING,0.95,-1,14600,6.84931506802402e-11,1,14600.0,0.0,1,0,1.0,0.0,0.5508035780801372,0,0,0,0,0,0,0,0,0.0225,0.0,0.0,0.0,0.15,skip,already_attacked_this_round,1785296203.4075248,1785296203407524894,1384871624223251,74.2,53.359375,-1.0,0,0
2026-07-28T23:36:43.408,10.42.0.145,,22,2,TRAINING,0.95,TRAINING,0.95,-1,14600,3.424657534129292e-11,2,29200.0,0.0,2,0,1.0,0.0,0.4783484672931453,0,0,0,0,0,0,0,0,0.0225,0.0,0.0,0.0,0.15,skip,already_attacked_this_round,1785296203.4084866,1785296203408486531,1384871625185415,74.2,53.359375,-1.0,0,0
2026-07-28T23:36:43.412,10.42.0.47,,53,1,DOWNLOAD,0.95,DOWNLOAD,0.95,-1,2896,4.576887660935952,16,17376.0,79528.0,3,13,0.17931148353009163,0.8206885164699084,0.24462074241936985,0,0,0,0,0,0,0,0,0.057499999999999996,0.1,0.0,0.0,0.15,skip,training_upload_trigger_not_confirmed,1785296203.4121459,1785296203412145793,1384871628845069,74.2,53.359375,-1.0,0,0
2026-07-28T23:36:43.413,10.42.0.47,,53,1,DOWNLOAD,0.95,DOWNLOAD,0.95,-1,2896,3.9230465665487837,17,20272.0,79528.0,4,13,0.20312625250501,0.79687374749499,0.212559210026233,0,0,0,0,0,0,0,0,0.057499999999999996,0.1,0.0,0.0,0.15,skip,training_upload_trigger_not_confirmed,1785296203.4134605,1785296203413460388,1384871630158894,74.2,53.359375,-1.0,0,0
2026-07-28T23:36:43.414,10.42.0.47,,53,1,DOWNLOAD,0.95,DOWNLOAD,0.95,-1,2896,3.4326657457513523,18,23168.0,79528.0,5,13,0.22559788112487342,0.7744021188751266,0.1846903346965854,0,0,0,0,0,0,0,0,0.057499999999999996,0.1,0.0,0.0,0.15,skip,training_upload_trigger_not_confirmed,1785296203.4145305,1785296203414530514,1384871631229469,74.2,53.359375,-1.0,0,0
2026-07-28T23:36:43.415,10.42.0.47,,53,1,DOWNLOAD,0.95,DOWNLOAD,0.95,-1,2896,3.051258440682502,19,26064.0,79528.0,6,13,0.24683688158193803,0.7531631184180619,0.16052694821734492,0,0,0,0,0,0,0,0,0.057499999999999996,0.1,0.0,0.0,0.15,skip,training_upload_trigger_not_confirmed,1785296203.4158516,1785296203415851559,1384871632550121,74.2,53.359375,-1.0,0,0
2026-07-28T23:36:43.417,10.42.0.18,,40,1,DOWNLOAD,0.9513689651192461,DOWNLOAD,0.9513689651192461,-1,14600,2.2831050227789245e-11,4,43800.0,0.0,4,0,1.0,0.0,0.29120336203493963,0,0,0,0,0,0,0,0,0.0225,0.0,0.0,0.0,0.15,skip,already_attacked_this_round,1785296203.4177544,1785296203417754354,1384871634452896,74.2,53.359375,-1.0,0,0
2026-07-28T23:36:43.418,10.42.0.18,,40,1,DOWNLOAD,0.9531254280126216,DOWNLOAD,0.9531254280126216,-1,5840,2.014504431869168e-11,5,49640.0,0.0,5,0,1.0,0.0,0.2529753424586677,0,0,0,0,0,0,0,0,0.0225,0.0,0.0,0.0,0.15,skip,already_attacked_this_round,1785296203.418856,1785296203418855916,1384871635554323,74.2,53.359375,-1.0,0,0
2026-07-28T23:36:43.420,10.42.0.18,,40,1,DOWNLOAD,0.957040597928138,DOWNLOAD,0.957040597928138,-1,8760,1.7123287670939668e-11,6,58400.0,0.0,6,0,1.0,0.0,0.2198439903902138,0,0,0,0,0,0,0,0,0.0225,0.0,0.0,0.0,0.15,skip,already_attacked_this_round,1785296203.4204066,1785296203420406464,1384871637104828,74.2,53.359375,-1.0,0,0
2026-07-28T23:36:43.422,10.42.0.59,,18,1,DOWNLOAD,0.9553130464974423,DOWNLOAD,0.9553130464974423,-1,24820,1.630789301995584e-11,4,61320.0,0.0,4,0,1.0,0.0,0.3516169911718472,0,0,0,0,0,0,0,0,0.0225,0.0,0.0,0.0,0.15,skip,already_attacked_this_round,1785296203.4224274,1785296203422427485,1384871639126076,74.2,53.359375,-1.0,0,0
2026-07-28T23:36:43.423,10.42.0.59,,18,1,DOWNLOAD,0.9666133129724643,DOWNLOAD,0.9666133129724643,-1,10564,1.3911301541178688e-11,5,71884.0,0.0,5,0,1.0,0.0,0.30542674100926515,0,0,0,0,0,0,0,0,0.0225,0.0,0.0,0.0,0.15,skip,already_attacked_this_round,1785296203.4235194,1785296203423519415,1384871640217808,74.2,53.359375,-1.0,0,0
2026-07-28T23:36:43.424,10.42.0.210,,53,1,DOWNLOAD,0.9855083405864443,DOWNLOAD,0.9855083405864443,-1,18824,0.9517056404992981,47,62264.0,59257.0,6,41,0.5123723471663334,0.4876276528336666,0.038935212679201005,0,0,0,0,0,0,0,0,0.039999999999999994,0.05,0.0,0.0,0.15,skip,training_upload_trigger_not_confirmed,1785296203.4249465,1785296203424946384,1384871641644852,74.2,53.359375,-1.0,0,0
2026-07-28T23:36:43.427,10.42.0.210,,53,1,DOWNLOAD,0.9855087208476458,DOWNLOAD,0.9855087208476458,-1,992,0.9367807006459975,48,63256.0,59257.0,7,41,0.5163207169851363,0.48367928301486374,0.03407721803416282,0,0,0,0,0,0,0,0,0.039999999999999994,0.05,0.0,0.0,0.15,skip,training_upload_trigger_not_confirmed,1785296203.4270158,1785296203427015788,1384871643714278,74.2,53.359375,-1.0,0,0
2026-07-28T23:36:43.429,10.42.0.145,,22,2,TRAINING,0.95,TRAINING,0.95,-1,29200,1.7123287670939668e-11,3,58400.0,0.0,3,0,1.0,0.0,0.4180306447452933,0,0,0,0,0,0,0,0,0.0225,0.0,0.0,0.0,0.15,skip,already_attacked_this_round,1785296203.4290998,1785296203429099766,1384871645798160,74.2,53.359375,-1.0,0,0
2026-07-28T23:36:43.439,10.42.0.47,,53,1,DOWNLOAD,0.95,DOWNLOAD,0.95,-1,5792,2.496484178757644,20,31856.0,79528.0,7,13,0.28600158011922716,0.7139984198807728,0.14244845523258487,0,0,0,0,0,0,0,0,0.057499999999999996,0.1,0.0,0.0,0.15,skip,training_upload_trigger_not_confirmed,1785296203.4391859,1785296203439186045,1384871655885164,74.2,53.359375,-1.0,0,0
2026-07-28T23:36:43.440,10.42.0.47,,53,1,DOWNLOAD,0.95,DOWNLOAD,0.95,-1,11584,1.8307550644375976,21,43440.0,79528.0,8,13,0.3532626374341292,0.6467373625658708,0.12382928923828518,0,0,0,0,0,0,0,0,0.057499999999999996,0.1,0.0,0.0,0.15,skip,training_upload_trigger_not_confirmed,1785296203.4403386,1785296203440338742,1384871657037231,74.2,53.359375,-1.0,0,0
2026-07-28T23:36:43.442,10.42.0.47,,53,1,DOWNLOAD,0.95,DOWNLOAD,0.95,-1,11584,1.4453329456156343,22,55024.0,79528.0,9,13,0.40894226767346453,0.5910577323265355,0.10783387386751613,0,0,0,0,0,0,0,0,0.057499999999999996,0.1,0.0,0.0,0.15,skip,training_upload_trigger_not_confirmed,1785296203.442783,1785296203442783119,1384871659481765,74.2,53.359375,-1.0,0,0
2026-07-28T23:36:43.443,10.42.0.47,,53,1,DOWNLOAD,0.95,DOWNLOAD,0.95,-1,11584,1.1939706942079935,23,66608.0,79528.0,10,13,0.4557946022882794,0.5442053977117206,0.0937702451282865,0,0,0,0,0,0,0,0,0.039999999999999994,0.05,0.0,0.0,0.15,skip,training_upload_trigger_not_confirmed,1785296203.443892,1785296203443892069,1384871660590827,74.2,53.359375,-1.0,0,0
2026-07-28T23:36:43.445,10.42.0.47,,53,1,DOWNLOAD,0.95,DOWNLOAD,0.95,-1,5792,1.0984530386726734,24,72400.0,79528.0,11,13,0.4765415196672108,0.5234584803327892,0.08162044791742064,0,0,0,0,0,0,0,0,0.039999999999999994,0.05,0.0,0.0,0.15,skip,training_upload_trigger_not_confirmed,1785296203.4454608,1785296203445460759,1384871662159170,74.2,53.359375,-1.0,0,0
2026-07-28T23:36:43.448,10.42.0.47,,53,1,DOWNLOAD,0.95,DOWNLOAD,0.95,-1,6797,1.0041794512417872,25,79197.0,79528.0,12,13,0.49895731611277366,0.5010426838872263,0.07119967859997338,0,0,0,0,0,0,0,0,0.039999999999999994,0.05,0.0,0.0,0.15,skip,training_upload_trigger_not_confirmed,1785296203.448001,1785296203448001123,1384871664699512,74.2,53.359375,-1.0,0,0
2026-07-28T23:36:43.481,10.42.0.1,,53,1,DOWNLOAD,0.9,DOWNLOAD,0.9,0,39,0.6586429364133858,39,241492.0,159057.0,25,14,0.6029025162963833,0.3970974837036168,0.009467725036407915,0,0,0,0,0,0,0,0,0.0225,0.0,0.0,0.0,0.15,skip,training_upload_trigger_not_confirmed,1785296203.4817572,1785296203481757251,1384871698455825,74.2,53.359375,-1.0,0,0
2026-07-28T23:36:43.725,10.42.0.59,,18,2,TRAINING,0.95,TRAINING,0.95,1,64240,0.8936620110192303,6,71884.0,64240.0,5,1,0.5280773412476859,0.47192265875231404,0.4307389605236132,0,0,0,0,1,0,0,0,0.4525,1.0,0.0,0.4,0.15,skip,already_attacked_this_round,1785296203.7256725,1785296203725672480,1384871942371134,74.2,53.359375,-1.0,0,0
2026-07-28T23:36:43.728,10.42.0.1,,53,2,TRAINING,0.95,TRAINING,0.95,1,7240,0.6886232256153885,40,241492.0,166297.0,25,15,0.592198416337861,0.407801583662139,0.008390309096990846,0,0,0,0,1,0,0,0,0.4525,1.0,0.0,0.4,0.15,skip,training_upload_trigger_not_confirmed,1785296203.7280169,1785296203728016803,1384871944716249,74.2,53.359375,-1.0,0,0
2026-07-28T23:36:43.729,10.42.0.1,10.42.0.1,53,3,UPLOAD,0.95,UPLOAD,0.95,1,5792,0.7126074569769906,41,241492.0,172089.0,25,16,0.583904966620807,0.41609503337919296,0.007445443826170673,1,0,0,0,1,0,0,0,0.85,1.0,1.0,0.4,0.8,trigger,training_upload_trigger_confirmed,1785296203.7292368,1785296203729236616,1384871945935160,74.2,53.359375,25.170017,1785296203754407802,1384871971105177
2026-07-28T23:36:43.731,10.42.0.1,10.42.0.1,53,3,UPLOAD,0.95,UPLOAD,0.95,1,14480,0.7725680353809958,42,241492.0,186569.0,25,17,0.5641532398419852,0.4358467601580149,0.006792574268952623,1,0,1,0,1,0,0,0,0.85,1.0,1.0,0.4,0.8,skip,attack_already_active,1785296203.7317278,1785296203731727942,1384871948427535,74.2,53.359375,-1.0,0,0
2026-07-28T23:36:43.733,10.42.0.1,10.42.0.1,53,3,UPLOAD,0.95,UPLOAD,0.95,1,14480,0.8325286137850011,43,241492.0,201049.0,25,18,0.5456940712837907,0.45430592871620934,0.006075529271246208,1,0,1,1,1,1,1,1,0.85,1.0,1.0,0.4,0.8,skip,attack_already_active,1785296203.733079,1785296203733078970,1384871949778977,74.2,53.359375,-1.0,0,0
2026-07-28T23:36:43.734,10.42.0.1,10.42.0.1,53,3,UPLOAD,0.95,UPLOAD,0.95,1,14480,0.8924891921890064,44,241492.0,215529.0,25,19,0.5284046028519477,0.47159539714805226,0.005494412155453197,1,0,1,1,1,1,1,1,0.85,1.0,1.0,0.4,0.8,skip,attack_already_active,1785296203.7347445,1785296203734744702,1384871951443264,74.2,53.359375,-1.0,0,0
2026-07-28T23:36:43.737,10.42.0.1,10.42.0.1,53,3,UPLOAD,0.95,UPLOAD,0.95,1,14480,0.9524497705930116,45,241492.0,230009.0,25,20,0.5121770685534071,0.4878229314465929,0.005071996735826236,1,0,1,1,1,1,1,1,0.9299999999999999,1.0,1.0,0.8,0.8,skip,attack_already_active,1785296203.7370334,1785296203737033393,1384871953731935,74.2,53.359375,-1.0,0,0
2026-07-28T23:36:43.738,10.42.0.1,10.42.0.1,53,3,UPLOAD,0.95,UPLOAD,0.95,1,8589,0.9880161661670448,46,241492.0,238598.0,25,21,0.5030140182049199,0.4969859817950801,0.004548817242791126,1,0,1,1,1,1,1,1,0.9299999999999999,1.0,1.0,0.8,0.8,skip,attack_already_active,1785296203.738135,1785296203738135010,1384871954833325,74.2,53.359375,-1.0,0,0
2026-07-28T23:36:43.740,10.42.0.145,10.42.0.1,22,3,UPLOAD,0.95,UPLOAD,0.95,1,64240,1.0999999999982877,4,58400.0,64240.0,3,1,0.47619047619047616,0.5238095238095238,0.5609263174887678,0,0,0,1,1,1,1,1,0.85,1.0,1.0,0.4,0.8,skip,already_attacked_this_round,1785296203.7406309,1785296203740630883,1384871957330018,74.2,53.359375,-1.0,0,0
2026-07-28T23:36:43.741,10.42.0.145,10.42.0.1,22,3,UPLOAD,0.9841010226033655,UPLOAD,0.9841010226033655,1,8760,1.249999999995719,5,58400.0,73000.0,3,2,0.4444444444444444,0.5555555555555556,0.48716364736059936,0,0,0,1,1,1,1,1,0.85,1.0,1.0,0.4,0.8,skip,already_attacked_this_round,1785296203.7417927,1785296203741792640,1384871958491105,74.2,53.359375,-1.0,0,0
2026-07-28T23:36:43.744,10.42.0.145,10.42.0.1,22,3,UPLOAD,0.9854688349332961,UPLOAD,0.9854688349332961,1,6555,1.3622431506787285,6,58400.0,79555.0,3,3,0.4233264470298286,0.5766735529701714,0.4233012874144031,0,0,0,1,1,1,1,1,0.85,1.0,1.0,0.4,0.8,skip,already_attacked_this_round,1785296203.7443225,1785296203744322676,1384871961021235,74.2,53.359375,-1.0,0,0
2026-07-28T23:36:43.745,10.42.0.1,10.42.0.1,53,3,UPLOAD,0.95,UPLOAD,0.95,1,7240,1.0179964553690475,47,241492.0,245838.0,25,22,0.4955410091724294,0.5044589908275706,0.00428346134897178,1,0,1,1,1,1,1,1,0.9699999999999999,1.0,1.0,1.0,0.8,skip,attack_already_active,1785296203.7458847,1785296203745884777,1384871962583607,74.2,53.359375,-1.0,0,0
2026-07-28T23:36:43.746,10.42.0.1,10.42.0.1,53,3,UPLOAD,0.95,UPLOAD,0.95,1,5792,1.0419806867306496,48,241492.0,251630.0,25,23,0.489720596525809,0.510279403474191,0.0038653531344792005,1,0,1,1,1,1,1,1,0.9699999999999999,1.0,1.0,1.0,0.8,skip,attack_already_active,1785296203.7469952,1785296203746995127,1384871963693393,74.2,53.359375,-1.0,0,0
2026-07-28T23:36:43.749,10.42.0.1,10.42.0.1,53,3,UPLOAD,0.95,UPLOAD,0.95,1,2896,1.0539728024114505,49,241492.0,254526.0,25,24,0.48686136390211643,0.5131386360978836,0.003688552321350745,1,0,1,1,1,1,1,1,0.9699999999999999,1.0,1.0,1.0,0.8,skip,attack_already_active,1785296203.7495189,1785296203749518918,1384871966217229,74.2,53.359375,-1.0,0,0
2026-07-28T23:36:43.752,10.42.0.1,10.42.0.1,53,3,UPLOAD,0.95,UPLOAD,0.95,1,11584,1.1019412651346547,50,241492.0,266110.0,25,25,0.47575068656151864,0.5242493134384814,0.003538316759540964,1,0,1,1,1,1,1,1,0.9699999999999999,1.0,1.0,1.0,0.8,skip,attack_already_active,1785296203.7520673,1785296203752067226,1384871968765686,74.2,53.359375,-1.0,0,0
2026-07-28T23:36:43.753,10.42.0.1,10.42.0.1,53,3,UPLOAD,0.95,UPLOAD,0.95,1,2896,1.113933380815456,51,241492.0,269006.0,25,26,0.4730518043165693,0.5269481956834307,0.003220378878832011,1,0,1,1,1,1,1,1,0.9699999999999999,1.0,1.0,1.0,0.8,skip,attack_already_active,1785296203.753193,1785296203753192916,1384871969891365,74.2,53.359375,-1.0,0,0
2026-07-28T23:36:43.754,10.42.0.1,10.42.0.1,53,3,UPLOAD,0.95,UPLOAD,0.95,1,11584,1.16190184353866,52,241492.0,280590.0,25,27,0.4625556904854027,0.5374443095145973,0.0029236329730798084,1,0,1,1,1,1,1,1,0.9699999999999999,1.0,1.0,1.0,0.8,skip,attack_already_active,1785296203.7541614,1785296203754161428,1384871970859856,74.2,53.359375,-1.0,0,0
2026-07-28T23:36:43.756,10.42.0.1,10.42.0.1,53,3,UPLOAD,0.95,UPLOAD,0.95,1,5792,1.1858860749002622,53,241492.0,286382.0,25,28,0.45748038357638376,0.5425196164236162,0.00280256239398252,1,0,1,1,1,1,1,1,0.9699999999999999,1.0,1.0,1.0,0.8,skip,attack_already_active,1785296203.7561662,1785296203756166074,1384871972864572,74.2,53.359375,-1.0,0,0
2026-07-28T23:36:43.757,10.42.0.1,10.42.0.1,53,3,UPLOAD,0.95,UPLOAD,0.95,1,14480,1.2458466533042674,54,241492.0,300862.0,25,29,0.44526637583570877,0.5547336241642912,0.002575640249928845,1,0,1,1,1,1,1,1,0.9699999999999999,1.0,1.0,1.0,0.8,skip,attack_already_active,1785296203.7572467,1785296203757246619,1384871973944907,87.8,53.359375,-1.0,0,0
2026-07-28T23:36:43.758,10.42.0.1,10.42.0.1,53,3,UPLOAD,0.95,UPLOAD,0.95,1,8688,1.2818230003466706,55,241492.0,309550.0,25,30,0.43824608650520286,0.5617539134947971,0.0024399789924486976,1,0,1,1,1,1,1,1,0.9699999999999999,1.0,1.0,1.0,0.8,skip,attack_already_active,1785296203.7587929,1785296203758792974,1384871975491282,87.8,53.359375,-1.0,0,0
2026-07-28T23:36:43.760,10.42.0.1,10.42.0.1,53,3,UPLOAD,0.95,UPLOAD,0.95,1,5792,1.3058072317082727,56,241492.0,315342.0,25,31,0.433687598099254,0.566312401900746,0.0024027802654382085,1,0,1,1,1,1,1,1,0.9699999999999999,1.0,1.0,1.0,0.8,skip,attack_already_active,1785296203.7609506,1785296203760950553,1384871977649116,87.8,53.359375,-1.0,0,0
2026-07-28T23:36:43.762,10.42.0.1,10.42.0.1,53,3,UPLOAD,0.95,UPLOAD,0.95,1,2798,1.3173935368446268,57,241492.0,318140.0,25,32,0.43151928410098067,0.5684807158990194,0.0022939818131982696,1,0,1,1,1,1,1,1,0.9699999999999999,1.0,1.0,1.0,0.8,skip,attack_already_active,1785296203.7625277,1785296203762527623,1384871979226405,87.8,53.359375,-1.0,0,0
2026-07-28T23:36:43.840,10.42.0.18,10.42.0.1,40,2,TRAINING,0.95,TRAINING,0.95,1,10220,0.17500000001412672,7,58400.0,10220.0,6,1,0.851063829787234,0.14893617021276595,0.24182782245286066,0,0,0,0,1,1,0,0,0.5725,1.0,0.0,1.0,0.15,skip,already_attacked_this_round,1785296203.8401597,1785296203840159689,1384872056858565,87.8,53.359375,-1.0,0,0
2026-07-28T23:36:43.842,10.42.0.18,10.42.0.1,40,3,UPLOAD,0.95,UPLOAD,0.95,1,64240,1.274999999995291,8,58400.0,74460.0,6,2,0.43956043956043955,0.5604395604395604,0.21020715132704923,0,0,0,1,1,1,1,1,0.9699999999999999,1.0,1.0,1.0,0.8,skip,already_attacked_this_round,1785296203.842027,1785296203842027068,1384872058725910,87.8,53.359375,-1.0,0,0
2026-07-28T23:36:43.843,10.42.0.1,10.42.0.1,53,3,UPLOAD,0.95,UPLOAD,0.95,1,7240,1.3473738260466295,58,241492.0,325380.0,25,33,0.42600798769387094,0.5739920123061291,0.012697828786662741,1,0,1,1,1,1,1,1,0.9699999999999999,1.0,1.0,1.0,0.8,skip,attack_already_active,1785296203.8437736,1785296203843773732,1384872060472357,87.8,53.359375,-1.0,0,0
2026-07-28T23:36:43.844,10.42.0.1,10.42.0.1,53,3,UPLOAD,0.95,UPLOAD,0.95,1,7240,1.377354115248632,59,241492.0,332620.0,25,34,0.42063569477732565,0.5793643052226743,0.011169099558951548,1,0,1,1,1,1,1,1,0.9699999999999999,1.0,1.0,1.0,0.8,skip,attack_already_active,1785296203.8448703,1785296203844870404,1384872061569040,87.8,53.359375,-1.0,0,0
2026-07-28T23:36:43.846,10.42.0.1,10.42.0.1,53,3,UPLOAD,0.95,UPLOAD,0.95,1,10136,1.4193265201314358,60,241492.0,342756.0,25,35,0.4133381714614342,0.5866618285385659,0.009920864196873299,1,0,1,1,1,1,1,1,0.9699999999999999,1.0,1.0,1.0,0.8,skip,attack_already_active,1785296203.846567,1785296203846566962,1384872063266042,87.8,53.359375,-1.0,0,0
2026-07-28T23:36:43.847,10.42.0.1,10.42.0.1,53,3,UPLOAD,0.95,UPLOAD,0.95,1,4344,1.4373146936526373,61,241492.0,347100.0,25,36,0.4102876015983907,0.5897123984016093,0.00876535685855709,1,0,1,1,1,1,1,1,0.9699999999999999,1.0,1.0,1.0,0.8,skip,attack_already_active,1785296203.847719,1785296203847718812,1384872064417195,87.8,53.359375,-1.0,0,0
2026-07-28T23:36:43.849,10.42.0.1,10.42.0.1,53,3,UPLOAD,0.95,UPLOAD,0.95,1,14480,1.4972752720566425,62,241492.0,361580.0,25,37,0.4004364321341399,0.5995635678658602,0.007828909451830929,1,0,1,1,1,1,1,1,0.9699999999999999,1.0,1.0,1.0,0.8,skip,attack_already_active,1785296203.8493779,1785296203849377818,1384872066076383,87.8,53.359375,-1.0,0,0
2026-07-28T23:36:43.851,10.42.0.1,10.42.0.1,53,3,UPLOAD,0.95,UPLOAD,0.95,1,14480,1.5572358504606478,63,241492.0,376060.0,25,38,0.3910472316501282,0.6089527683498718,0.007077345916184769,1,0,1,1,1,1,1,1,0.9699999999999999,1.0,1.0,1.0,0.8,skip,attack_already_active,1785296203.8515034,1785296203851503382,1384872068202173,87.8,53.359375,-1.0,0,0
2026-07-28T23:36:43.853,10.42.0.1,10.42.0.1,53,3,UPLOAD,0.95,UPLOAD,0.95,1,5792,1.58122008182225,64,241492.0,381852.0,25,39,0.3874136913165122,0.6125863086834877,0.006370090013243532,1,0,1,1,1,1,1,1,0.9699999999999999,1.0,1.0,1.0,0.8,skip,attack_already_active,1785296203.8532135,1785296203853213467,1384872069912108,87.8,53.359375,-1.0,0,0
2026-07-28T23:36:43.855,10.42.0.1,10.42.0.1,53,3,UPLOAD,0.95,UPLOAD,0.95,1,8688,1.617196428864653,65,241492.0,390540.0,25,40,0.38208824869626856,0.6179117513037314,0.005795178563295562,1,0,1,1,1,1,1,1,0.9699999999999999,1.0,1.0,1.0,0.8,skip,attack_already_active,1785296203.8552208,1785296203855220611,1384872071919391,87.8,53.359375,-1.0,0,0
2026-07-28T23:36:43.856,10.42.0.1,10.42.0.1,53,3,UPLOAD,0.95,UPLOAD,0.95,1,7128,1.6467129345872877,66,241492.0,397668.0,25,41,0.37782714813192314,0.6221728518680768,0.005176105236958257,1,0,1,1,1,1,1,1,0.9699999999999999,1.0,1.0,1.0,0.8,skip,attack_already_active,1785296203.856318,1785296203856317947,1384872073016513,87.8,53.359375,-1.0,0,0
2026-07-28T23:36:44.877,10.42.0.47,10.42.0.1,53,2,TRAINING,0.9,TRAINING,0.9,0,43,1.0,0,0.0,0.0,0,0,0.0,0.0,0.30639521567175204,0,0,0,0,0,0,0,0,0.039999999999999994,0.05,0.0,0.0,0.15,skip,training_upload_trigger_not_confirmed,1785296204.8774962,1785296204877496226,1384873094194754,4.0,53.359375,-1.0,0,0
2026-07-28T23:36:44.969,10.42.0.145,10.42.0.1,22,3,UPLOAD,0.9855076450773014,UPLOAD,0.9855076450773014,0,39,1.0,0,0.0,0.0,0,0,0.0,0.0,0.3734342892644987,0,0,0,0,0,0,0,0,0.4375,0.05,1.0,0.0,0.8,skip,already_attacked_this_round,1785296204.9697042,1785296204969704136,1384873186402111,4.0,53.359375,-1.0,0,0
2026-07-28T23:36:45.336,10.42.0.1,10.42.0.1,53,3,UPLOAD,0.8809030145367839,UPLOAD,0.8809030145367839,0,43,1.0,0,0.0,0.0,0,0,0.0,0.0,0.05378189753897394,1,0,1,0,0,0,0,0,0.4375,0.05,1.0,0.0,0.8,skip,attack_already_active,1785296205.336782,1785296205336781994,1384873553480851,4.0,53.359375,-1.0,0,0
2026-07-28T23:36:45.596,10.42.0.210,10.42.0.1|10.42.0.210,53,3,UPLOAD,0.95,UPLOAD,0.95,1,1448,100.0,1,0.0,1448.0,0,1,0.0,1.0,0.39005769938308366,1,0,0,1,1,1,1,1,0.9525,0.95,1.0,1.0,0.8,trigger,training_upload_trigger_confirmed,1785296205.5965297,1785296205596529695,1384873813228926,7.0,53.359375,5.817136,1785296205602348754,1384873819046062
2026-07-28T23:36:45.598,10.42.0.210,10.42.0.1|10.42.0.210,53,3,UPLOAD,0.9841010226033655,UPLOAD,0.9841010226033655,1,1448,100.0,2,0.0,2896.0,0,2,0.0,1.0,0.33888561006967555,1,0,1,1,1,1,1,1,0.9699999999999999,1.0,1.0,1.0,0.8,skip,attack_already_active,1785296205.5982566,1785296205598256536,1384873814954783,7.0,53.359375,-1.0,0,0
2026-07-28T23:36:45.599,10.42.0.210,10.42.0.1|10.42.0.210,53,3,UPLOAD,0.9854688349332961,UPLOAD,0.9854688349332961,1,1448,100.0,3,0.0,4344.0,0,3,0.0,1.0,0.29437695807396563,1,0,1,1,1,1,1,1,0.9699999999999999,1.0,1.0,1.0,0.8,skip,attack_already_active,1785296205.5993783,1785296205599378430,1384873816076570,7.0,53.359375,-1.0,0,0
2026-07-28T23:36:45.600,10.42.0.210,10.42.0.1|10.42.0.210,53,3,UPLOAD,0.9855076450773014,UPLOAD,0.9855076450773014,1,1448,100.0,4,0.0,5792.0,0,4,0.0,1.0,0.2556696011462913,1,0,1,1,1,1,1,1,0.9699999999999999,1.0,1.0,1.0,0.8,skip,attack_already_active,1785296205.6000159,1785296205600015880,1384873816713948,7.0,53.359375,-1.0,0,0
2026-07-28T23:36:45.600,10.42.0.210,10.42.0.1|10.42.0.210,53,3,UPLOAD,0.9855086980780915,UPLOAD,0.9855086980780915,1,1448,100.0,5,0.0,7240.0,0,5,0.0,1.0,0.2220943030975426,1,0,1,1,1,1,1,1,0.9699999999999999,1.0,1.0,1.0,0.8,skip,attack_already_active,1785296205.6008918,1785296205600892012,1384873817590056,7.0,53.359375,-1.0,0,0
2026-07-28T23:36:45.601,10.42.0.210,10.42.0.1|10.42.0.210,53,3,UPLOAD,0.9855087254685951,UPLOAD,0.9855087254685951,1,1448,100.0,6,0.0,8688.0,0,6,0.0,1.0,0.19291192321446057,1,0,1,1,1,1,1,1,0.9699999999999999,1.0,1.0,1.0,0.8,skip,attack_already_active,1785296205.6015291,1785296205601529182,1384873818227403,7.0,53.359375,-1.0,0,0
2026-07-28T23:36:45.603,10.42.0.210,10.42.0.1|10.42.0.210,53,3,UPLOAD,0.9855087261493067,UPLOAD,0.9855087261493067,1,1448,100.0,7,0.0,10136.0,0,7,0.0,1.0,0.16768801320229926,1,0,1,1,1,1,1,1,0.9699999999999999,1.0,1.0,1.0,0.8,skip,attack_already_active,1785296205.6030238,1785296205603023815,1384873819722167,7.0,53.359375,-1.0,0,0
2026-07-28T23:36:45.603,10.42.0.210,10.42.0.1|10.42.0.210,53,3,UPLOAD,0.9855087261653082,UPLOAD,0.9855087261653082,1,1448,100.0,8,0.0,11584.0,0,8,0.0,1.0,0.14568743459158356,1,0,1,1,1,1,1,1,0.9699999999999999,1.0,1.0,1.0,0.8,skip,attack_already_active,1785296205.6037555,1785296205603755555,1384873820453833,7.0,53.359375,-1.0,0,0
2026-07-28T23:36:45.604,10.42.0.210,10.42.0.1|10.42.0.210,53,3,UPLOAD,0.985508726165656,UPLOAD,0.985508726165656,1,1448,100.0,9,0.0,13032.0,0,9,0.0,1.0,0.1266286040628593,1,0,1,1,1,1,1,1,0.9699999999999999,1.0,1.0,1.0,0.8,skip,attack_already_active,1785296205.6048107,1785296205604810663,1384873821509258,7.0,53.359375,-1.0,0,0
2026-07-28T23:36:45.605,10.42.0.210,10.42.0.1|10.42.0.210,53,3,UPLOAD,0.9855087261656625,UPLOAD,0.9855087261656625,1,1448,100.0,10,0.0,14480.0,0,10,0.0,1.0,0.11007850748187009,1,0,1,1,1,1,1,1,0.9699999999999999,1.0,1.0,1.0,0.8,skip,attack_already_active,1785296205.6058452,1785296205605845233,1384873822543478,7.0,53.359375,-1.0,0,0
2026-07-28T23:36:45.606,10.42.0.210,10.42.0.1|10.42.0.210,53,3,UPLOAD,0.95,UPLOAD,0.95,1,1448,100.0,11,0.0,15928.0,0,11,0.0,1.0,0.09569854630751316,1,0,1,1,1,1,1,1,0.9699999999999999,1.0,1.0,1.0,0.8,skip,attack_already_active,1785296205.6067982,1785296205606798028,1384873823496126,7.0,53.359375,-1.0,0,0
2026-07-28T23:36:45.607,10.42.0.210,10.42.0.1|10.42.0.210,53,3,UPLOAD,0.95,UPLOAD,0.95,1,1448,100.0,12,0.0,17376.0,0,12,0.0,1.0,0.08318424720271402,1,0,1,1,1,1,1,1,0.9699999999999999,1.0,1.0,1.0,0.8,skip,attack_already_active,1785296205.6075292,1785296205607529100,1384873824227297,7.0,53.359375,-1.0,0,0
2026-07-28T23:36:45.608,10.42.0.210,10.42.0.1|10.42.0.210,53,3,UPLOAD,0.95,UPLOAD,0.95,1,1448,100.0,13,0.0,18824.0,0,13,0.0,1.0,0.07234697477333173,1,0,1,1,1,1,1,1,0.9699999999999999,1.0,1.0,1.0,0.8,skip,attack_already_active,1785296205.6084723,1785296205608472323,1384873825170436,7.0,53.359375,-1.0,0,0
2026-07-28T23:36:45.609,10.42.0.210,10.42.0.1|10.42.0.210,53,3,UPLOAD,0.95,UPLOAD,0.95,1,1448,100.0,14,0.0,20272.0,0,14,0.0,1.0,0.06290786871894465,1,0,1,1,1,1,1,1,0.9699999999999999,1.0,1.0,1.0,0.8,skip,attack_already_active,1785296205.6091886,1785296205609188593,1384873825886821,7.0,53.359375,-1.0,0,0
2026-07-28T23:36:45.610,10.42.0.210,10.42.0.1|10.42.0.210,53,3,UPLOAD,0.95,UPLOAD,0.95,1,1448,100.0,15,0.0,21720.0,0,15,0.0,1.0,0.05474847461470288,1,0,1,1,1,1,1,1,0.9699999999999999,1.0,1.0,1.0,0.8,skip,attack_already_active,1785296205.610177,1785296205610176957,1384873826875268,7.0,53.359375,-1.0,0,0
2026-07-28T23:36:45.610,10.42.0.210,10.42.0.1|10.42.0.210,53,3,UPLOAD,0.95,UPLOAD,0.95,1,1448,100.0,16,0.0,23168.0,0,16,0.0,1.0,0.0476258567541668,1,0,1,1,1,1,1,1,0.9699999999999999,1.0,1.0,1.0,0.8,skip,attack_already_active,1785296205.610874,1785296205610873756,1384873827572031,7.0,53.359375,-1.0,0,0
2026-07-28T23:36:45.611,10.42.0.210,10.42.0.1|10.42.0.210,53,3,UPLOAD,0.95,UPLOAD,0.95,1,1448,100.0,17,0.0,24616.0,0,17,0.0,1.0,0.04147722558035447,1,0,1,1,1,1,1,1,0.9699999999999999,1.0,1.0,1.0,0.8,skip,attack_already_active,1785296205.6118395,1785296205611839482,1384873828537736,7.0,53.359375,-1.0,0,0
2026-07-28T23:36:45.612,10.42.0.210,10.42.0.1|10.42.0.210,53,3,UPLOAD,0.95,UPLOAD,0.95,1,1448,100.0,18,0.0,26064.0,0,18,0.0,1.0,0.03610417353102596,1,0,1,1,1,1,1,1,0.9699999999999999,1.0,1.0,1.0,0.8,skip,attack_already_active,1785296205.6125422,1785296205612542316,1384873829240662,7.0,53.359375,-1.0,0,0
2026-07-28T23:36:45.613,10.42.0.210,10.42.0.1|10.42.0.210,53,3,UPLOAD,0.95,UPLOAD,0.95,1,1448,100.0,19,0.0,27512.0,0,19,0.0,1.0,0.0314828228607039,1,0,1,1,1,1,1,1,0.9699999999999999,1.0,1.0,1.0,0.8,skip,attack_already_active,1785296205.6135762,1785296205613576128,1384873830274893,7.0,53.359375,-1.0,0,0
2026-07-28T23:36:45.614,10.42.0.210,10.42.0.1|10.42.0.210,53,3,UPLOAD,0.95,UPLOAD,0.95,1,1448,100.0,20,0.0,28960.0,0,20,0.0,1.0,0.027423353415110957,1,0,1,1,1,1,1,1,0.9699999999999999,1.0,1.0,1.0,0.8,skip,attack_already_active,1785296205.6142528,1785296205614252723,1384873830950867,7.0,53.359375,-1.0,0,0
2026-07-28T23:36:45.615,10.42.0.210,10.42.0.1|10.42.0.210,53,3,UPLOAD,0.95,UPLOAD,0.95,1,1448,100.0,21,0.0,30408.0,0,21,0.0,1.0,0.023940666484775212,1,0,1,1,1,1,1,1,0.9699999999999999,1.0,1.0,1.0,0.8,skip,attack_already_active,1785296205.615247,1785296205615247217,1384873831946110,7.0,53.359375,-1.0,0,0
2026-07-28T23:36:45.615,10.42.0.210,10.42.0.1|10.42.0.210,53,3,UPLOAD,0.95,UPLOAD,0.95,1,1448,100.0,22,0.0,31856.0,0,22,0.0,1.0,0.020883574826649483,1,0,1,1,1,1,1,1,0.9699999999999999,1.0,1.0,1.0,0.8,skip,attack_already_active,1785296205.6159883,1785296205615988249,1384873832686579,7.0,53.359375,-1.0,0,0
2026-07-28T23:36:45.617,10.42.0.210,10.42.0.1|10.42.0.210,53,3,UPLOAD,0.95,UPLOAD,0.95,1,1448,100.0,23,0.0,33304.0,0,23,0.0,1.0,0.01826699935825884,1,0,1,1,1,1,1,1,0.9699999999999999,1.0,1.0,1.0,0.8,skip,attack_already_active,1785296205.6170154,1785296205617015411,1384873833713860,7.0,53.359375,-1.0,0,0
2026-07-28T23:36:45.617,10.42.0.210,10.42.0.1|10.42.0.210,53,3,UPLOAD,0.95,UPLOAD,0.95,1,1448,100.0,24,0.0,34752.0,0,24,0.0,1.0,0.015953342229271583,1,0,1,1,1,1,1,1,0.9699999999999999,1.0,1.0,1.0,0.8,skip,attack_already_active,1785296205.6177247,1785296205617724665,1384873834422830,7.0,53.359375,-1.0,0,0
2026-07-28T23:36:45.619,10.42.0.210,10.42.0.1|10.42.0.210,53,3,UPLOAD,0.95,UPLOAD,0.95,1,1448,100.0,25,0.0,36200.0,0,25,0.0,1.0,0.014024083685368628,1,0,1,1,1,1,1,1,0.9699999999999999,1.0,1.0,1.0,0.8,skip,attack_already_active,1785296205.6190374,1785296205619037505,1384873835736082,7.0,53.359375,-1.0,0,0
2026-07-28T23:36:45.620,10.42.0.210,10.42.0.1|10.42.0.210,53,3,UPLOAD,0.95,UPLOAD,0.95,1,1448,100.0,26,0.0,37648.0,0,26,0.0,1.0,0.012339689751722543,1,0,1,1,1,1,1,1,0.9699999999999999,1.0,1.0,1.0,0.8,skip,attack_already_active,1785296205.620279,1785296205620279124,1384873836978525,7.0,53.359375,-1.0,0,0
2026-07-28T23:36:45.622,10.42.0.210,10.42.0.1|10.42.0.210,53,3,UPLOAD,0.95,UPLOAD,0.95,1,1448,100.0,27,0.0,39096.0,0,27,0.0,1.0,0.010944866354336835,1,0,1,1,1,1,1,1,0.9699999999999999,1.0,1.0,1.0,0.8,skip,attack_already_active,1785296205.6220338,1785296205622034017,1384873838732836,7.0,53.359375,-1.0,0,0
2026-07-28T23:36:45.623,10.42.0.210,10.42.0.1|10.42.0.210,53,3,UPLOAD,0.95,UPLOAD,0.95,1,1448,100.0,28,0.0,40544.0,0,28,0.0,1.0,0.009641446255778523,1,0,1,1,1,1,1,1,0.9699999999999999,1.0,1.0,1.0,0.8,skip,attack_already_active,1785296205.6230874,1785296205623087273,1384873839785768,7.0,53.359375,-1.0,0,0
2026-07-28T23:36:45.624,10.42.0.210,10.42.0.1|10.42.0.210,53,3,UPLOAD,0.95,UPLOAD,0.95,1,1448,100.0,29,0.0,41992.0,0,29,0.0,1.0,0.008587133488039092,1,0,1,1,1,1,1,1,0.9699999999999999,1.0,1.0,1.0,0.8,skip,attack_already_active,1785296205.624728,1785296205624728077,1384873841427008,7.0,53.359375,-1.0,0,0
2026-07-28T23:36:45.625,10.42.0.210,10.42.0.1|10.42.0.210,53,3,UPLOAD,0.95,UPLOAD,0.95,1,1448,100.0,30,0.0,43440.0,0,30,0.0,1.0,0.007578065295042877,1,0,1,1,1,1,1,1,0.9699999999999999,1.0,1.0,1.0,0.8,skip,attack_already_active,1785296205.6256576,1785296205625657519,1384873842357110,7.0,53.359375,-1.0,0,0
2026-07-28T23:36:45.627,10.42.0.210,10.42.0.1|10.42.0.210,53,3,UPLOAD,0.95,UPLOAD,0.95,1,1448,100.0,31,0.0,44888.0,0,31,0.0,1.0,0.0067610313925763514,1,0,1,1,1,1,1,1,0.9699999999999999,1.0,1.0,1.0,0.8,skip,attack_already_active,1785296205.6270354,1785296205627035307,1384873843733802,7.0,53.359375,-1.0,0,0
2026-07-28T23:36:45.627,10.42.0.210,10.42.0.1|10.42.0.210,53,3,UPLOAD,0.95,UPLOAD,0.95,1,1448,100.0,32,0.0,46336.0,0,32,0.0,1.0,0.005964760944454988,1,0,1,1,1,1,1,1,0.9699999999999999,1.0,1.0,1.0,0.8,skip,attack_already_active,1785296205.6277537,1785296205627753603,1384873844451700,7.0,53.359375,-1.0,0,0
2026-07-28T23:36:45.628,10.42.0.210,10.42.0.1|10.42.0.210,53,3,UPLOAD,0.95,UPLOAD,0.95,1,1448,100.0,33,0.0,47784.0,0,33,0.0,1.0,0.005298081334710068,1,0,1,1,1,1,1,1,0.9699999999999999,1.0,1.0,1.0,0.8,skip,attack_already_active,1785296205.6286592,1785296205628659113,1384873845357340,7.0,53.359375,-1.0,0,0
2026-07-28T23:36:45.629,10.42.0.210,10.42.0.1|10.42.0.210,53,3,UPLOAD,0.95,UPLOAD,0.95,1,1448,100.0,34,0.0,49232.0,0,34,0.0,1.0,0.004683876992097713,1,0,1,1,1,1,1,1,0.9699999999999999,1.0,1.0,1.0,0.8,skip,attack_already_active,1785296205.6292963,1785296205629296509,1384873845994512,7.0,53.359375,-1.0,0,0
2026-07-28T23:36:45.630,10.42.0.210,10.42.0.1|10.42.0.210,53,3,UPLOAD,0.95,UPLOAD,0.95,1,1448,100.0,35,0.0,50680.0,0,35,0.0,1.0,0.004192959865670671,1,0,1,1,1,1,1,1,0.9699999999999999,1.0,1.0,1.0,0.8,skip,attack_already_active,1785296205.6302547,1785296205630254921,1384873846953228,7.0,53.359375,-1.0,0,0
2026-07-28T23:36:45.630,10.42.0.210,10.42.0.1|10.42.0.210,53,3,UPLOAD,0.95,UPLOAD,0.95,1,1448,100.0,36,0.0,52128.0,0,36,0.0,1.0,0.0037269899685603773,1,0,1,1,1,1,1,1,0.9699999999999999,1.0,1.0,1.0,0.8,skip,attack_already_active,1785296205.6309116,1785296205630911576,1384873847609710,7.0,53.359375,-1.0,0,0
2026-07-28T23:36:45.631,10.42.0.210,10.42.0.1|10.42.0.210,53,3,UPLOAD,0.95,UPLOAD,0.95,1,1448,100.0,37,0.0,53576.0,0,37,0.0,1.0,0.0033191241715437242,1,0,1,1,1,1,1,1,0.9699999999999999,1.0,1.0,1.0,0.8,skip,attack_already_active,1785296205.6315434,1785296205631543396,1384873848241548,7.0,53.359375,-1.0,0,0
2026-07-28T23:36:45.632,10.42.0.210,10.42.0.1|10.42.0.210,53,3,UPLOAD,0.95,UPLOAD,0.95,1,1448,100.0,38,0.0,55024.0,0,38,0.0,1.0,0.0029651303431920037,1,0,1,1,1,1,1,1,0.9699999999999999,1.0,1.0,1.0,0.8,skip,attack_already_active,1785296205.6321762,1785296205632176161,1384873848874428,7.0,53.359375,-1.0,0,0
2026-07-28T23:36:45.632,10.42.0.210,10.42.0.1|10.42.0.210,53,3,UPLOAD,0.95,UPLOAD,0.95,1,1448,100.0,39,0.0,56472.0,0,39,0.0,1.0,0.0026579723684150734,1,0,1,1,1,1,1,1,0.9699999999999999,1.0,1.0,1.0,0.8,skip,attack_already_active,1785296205.6328104,1785296205632810150,1384873849508399,7.0,53.359375,-1.0,0,0
2026-07-28T23:36:45.638,10.42.0.1,10.42.0.1|10.42.0.210,53,3,UPLOAD,0.9815340972499896,UPLOAD,0.9815340972499896,1,7240,100.0,1,0.0,7240.0,0,1,0.0,1.0,0.05212158957639872,1,0,1,1,1,1,1,1,0.9699999999999999,1.0,1.0,1.0,0.8,skip,attack_already_active,1785296205.6385877,1785296205638587723,1384873855286279,7.0,53.359375,-1.0,0,0
2026-07-28T23:36:45.639,10.42.0.1,10.42.0.1|10.42.0.210,53,3,UPLOAD,0.9853882056855434,UPLOAD,0.9853882056855434,1,5792,100.0,2,0.0,13032.0,0,2,0.0,1.0,0.04535172576748935,1,0,1,1,1,1,1,1,0.9699999999999999,1.0,1.0,1.0,0.8,skip,attack_already_active,1785296205.6393347,1785296205639334628,1384873856032764,7.0,53.359375,-1.0,0,0
2026-07-28T23:36:45.640,10.42.0.1,10.42.0.1|10.42.0.210,53,3,UPLOAD,0.9855053885412111,UPLOAD,0.9855053885412111,1,11584,100.0,3,0.0,24616.0,0,3,0.0,1.0,0.039527743894279925,1,0,1,1,1,1,1,1,0.9699999999999999,1.0,1.0,1.0,0.8,skip,attack_already_active,1785296205.6404898,1785296205640489632,1384873857188104,7.0,53.359375,-1.0,0,0
2026-07-28T23:36:45.641,10.42.0.1,10.42.0.1|10.42.0.210,53,3,UPLOAD,0.9855086407195823,UPLOAD,0.9855086407195823,1,5792,100.0,4,0.0,30408.0,0,4,0.0,1.0,0.03441441133188992,1,0,1,1,1,1,1,1,0.9699999999999999,1.0,1.0,1.0,0.8,skip,attack_already_active,1785296205.641214,1785296205641213885,1384873857912085,7.0,53.359375,-1.0,0,0
2026-07-28T23:36:45.642,10.42.0.1,10.42.0.1|10.42.0.210,53,3,UPLOAD,0.9855087241636846,UPLOAD,0.9855087241636846,1,11584,100.0,5,0.0,41992.0,0,5,0.0,1.0,0.030004229379467003,1,0,1,1,1,1,1,1,0.9699999999999999,1.0,1.0,1.0,0.8,skip,attack_already_active,1785296205.6421607,1785296205642160532,1384873858858615,7.0,53.359375,-1.0,0,0
2026-07-28T23:36:45.643,10.42.0.1,10.42.0.1|10.42.0.210,53,3,UPLOAD,0.9855087261244035,UPLOAD,0.9855087261244035,1,14480,100.0,6,0.0,56472.0,0,6,0.0,1.0,0.0262762982669028,1,0,1,1,1,1,1,1,0.9699999999999999,1.0,1.0,1.0,0.8,skip,attack_already_active,1785296205.6438746,1785296205643874633,1384873860573207,7.0,53.359375,-1.0,0,0
2026-07-28T23:36:45.645,10.42.0.1,10.42.0.1|10.42.0.210,53,3,UPLOAD,0.9855087261650081,UPLOAD,0.9855087261650081,1,8688,100.0,7,0.0,65160.0,0,7,0.0,1.0,0.022981648042802616,1,0,1,1,1,1,1,1,0.9699999999999999,1.0,1.0,1.0,0.8,skip,attack_already_active,1785296205.6451488,1785296205645148634,1384873861848063,7.0,53.359375,-1.0,0,0
2026-07-28T23:36:45.646,10.42.0.1,10.42.0.1|10.42.0.210,53,3,UPLOAD,0.9855087261656602,UPLOAD,0.9855087261656602,1,11584,100.0,8,0.0,76744.0,0,8,0.0,1.0,0.02016274534747601,1,0,1,1,1,1,1,1,0.9699999999999999,1.0,1.0,1.0,0.8,skip,attack_already_active,1785296205.6467385,1785296205646738455,1384873863437344,7.0,53.359375,-1.0,0,0
2026-07-28T23:36:45.648,10.42.0.1,10.42.0.1|10.42.0.210,53,3,UPLOAD,0.9855087261656631,UPLOAD,0.9855087261656631,1,2798,100.0,9,0.0,79542.0,0,9,0.0,1.0,0.017718349553106128,1,0,1,1,1,1,1,1,0.9699999999999999,1.0,1.0,1.0,0.8,skip,attack_already_active,1785296205.6483514,1785296205648351366,1384873865050005,7.0,53.359375,-1.0,0,0
2026-07-28T23:36:45.885,10.42.0.1,10.42.0.1|10.42.0.210,53,3,UPLOAD,0.9855087261656628,UPLOAD,0.9855087261656628,0,43,100.0,9,0.0,79542.0,0,9,0.0,1.0,0.015962736143918545,1,0,1,1,1,1,1,1,0.8374999999999999,0.8500000000000001,1.0,0.6000000000000001,0.8,skip,attack_already_active,1785296205.8856254,1785296205885625397,1384874102323466,7.0,53.359375,-1.0,0,0
2026-07-28T23:36:46.321,10.42.0.18,10.42.0.1|10.42.0.210,40,3,UPLOAD,0.9841010226033655,UPLOAD,0.9841010226033655,0,39,1.0,0,0.0,0.0,0,0,0.0,0.0,0.18855756281658748,0,0,0,0,0,0,0,0,0.4375,0.05,1.0,0.0,0.8,skip,already_attacked_this_round,1785296206.3214684,1785296206321468448,1384874538167009,59.9,53.359375,-1.0,0,0
2026-07-28T23:36:46.711,10.42.0.47,10.42.0.1|10.42.0.210|10.42.0.47,53,3,UPLOAD,0.95,UPLOAD,0.95,1,7240,100.0,1,0.0,7240.0,0,1,0.0,1.0,0.4957658555514768,1,0,0,1,1,1,1,1,0.9699999999999999,1.0,1.0,1.0,0.8,trigger,training_upload_trigger_confirmed,1785296206.711442,1785296206711441867,1384874928140436,6.1,53.359375,6.970836,1785296206718414017,1384874935111272
2026-07-28T23:36:46.712,10.42.0.47,10.42.0.1|10.42.0.210|10.42.0.47,53,3,UPLOAD,0.9541833190966686,UPLOAD,0.9541833190966686,1,1448,100.0,2,0.0,8688.0,0,2,0.0,1.0,0.4305291606114669,1,0,1,1,1,1,1,1,0.9699999999999999,1.0,1.0,1.0,0.8,skip,attack_already_active,1785296206.7121446,1785296206712144552,1384874928842637,6.1,53.359375,-1.0,0,0
2026-07-28T23:36:46.713,10.42.0.47,10.42.0.1|10.42.0.210|10.42.0.47,53,3,UPLOAD,0.9571593594810844,UPLOAD,0.9571593594810844,1,5792,100.0,3,0.0,14480.0,0,3,0.0,1.0,0.3739483441153958,1,0,1,1,1,1,1,1,0.9699999999999999,1.0,1.0,1.0,0.8,skip,attack_already_active,1785296206.7132976,1785296206713297615,1384874929996067,6.1,53.359375,-1.0,0,0
2026-07-28T23:36:46.714,10.42.0.47,10.42.0.1|10.42.0.210|10.42.0.47,53,3,UPLOAD,0.958965443831144,UPLOAD,0.958965443831144,1,8688,100.0,4,0.0,23168.0,0,4,0.0,1.0,0.3248391119799854,1,0,1,1,1,1,1,1,0.9699999999999999,1.0,1.0,1.0,0.8,skip,attack_already_active,1785296206.7145696,1785296206714569449,1384874931267685,6.1,53.359375,-1.0,0,0
2026-07-28T23:36:46.715,10.42.0.47,10.42.0.1|10.42.0.210|10.42.0.47,53,3,UPLOAD,0.9601946427004426,UPLOAD,0.9601946427004426,1,1448,100.0,5,0.0,24616.0,0,5,0.0,1.0,0.2821499494917967,1,0,1,1,1,1,1,1,0.9699999999999999,1.0,1.0,1.0,0.8,skip,attack_already_active,1785296206.7154524,1785296206715452535,1384874932150471,6.1,53.359375,-1.0,0,0
2026-07-28T23:36:46.716,10.42.0.47,10.42.0.1|10.42.0.210|10.42.0.47,53,3,UPLOAD,0.9613155405915339,UPLOAD,0.9613155405915339,1,4344,100.0,6,0.0,28960.0,0,6,0.0,1.0,0.24504902466769407,1,0,1,1,1,1,1,1,0.9699999999999999,1.0,1.0,1.0,0.8,skip,attack_already_active,1785296206.7160537,1785296206716053781,1384874932752345,6.1,53.359375,-1.0,0,0
2026-07-28T23:36:46.716,10.42.0.47,10.42.0.1|10.42.0.210|10.42.0.47,53,3,UPLOAD,0.9618818768369536,UPLOAD,0.9618818768369536,1,2896,100.0,7,0.0,31856.0,0,7,0.0,1.0,0.2128461341560008,1,0,1,1,1,1,1,1,0.9699999999999999,1.0,1.0,1.0,0.8,skip,attack_already_active,1785296206.716724,1785296206716724033,1384874933422337,6.1,53.359375,-1.0,0,0
2026-07-28T23:36:46.717,10.42.0.47,10.42.0.1|10.42.0.210|10.42.0.47,53,3,UPLOAD,0.9625719117282675,UPLOAD,0.9625719117282675,1,8688,100.0,8,0.0,40544.0,0,8,0.0,1.0,0.18496543180886235,1,0,1,1,1,1,1,1,0.9699999999999999,1.0,1.0,1.0,0.8,skip,attack_already_active,1785296206.717991,1785296206717991133,1384874934690153,6.1,53.359375,-1.0,0,0
2026-07-28T23:36:46.719,10.42.0.47,10.42.0.1|10.42.0.210|10.42.0.47,53,3,UPLOAD,0.9639887828426658,UPLOAD,0.9639887828426658,1,2896,100.0,9,0.0,43440.0,0,9,0.0,1.0,0.16074443066629165,1,0,1,1,1,1,1,1,0.9699999999999999,1.0,1.0,1.0,0.8,skip,attack_already_active,1785296206.71915,1785296206719150140,1384874935848505,6.1,53.359375,-1.0,0,0
2026-07-28T23:36:46.719,10.42.0.47,10.42.0.1|10.42.0.210|10.42.0.47,53,3,UPLOAD,0.9655618401436965,UPLOAD,0.9655618401436965,1,5792,100.0,10,0.0,49232.0,0,10,0.0,1.0,0.13964916237140512,1,0,1,1,1,1,1,1,0.9699999999999999,1.0,1.0,1.0,0.8,skip,attack_already_active,1785296206.7198083,1785296206719808172,1384874936506324,6.1,53.359375,-1.0,0,0
2026-07-28T23:36:46.720,10.42.0.47,10.42.0.1|10.42.0.210|10.42.0.47,53,3,UPLOAD,0.9670648481679182,UPLOAD,0.9670648481679182,1,8688,100.0,11,0.0,57920.0,0,11,0.0,1.0,0.12138976063720129,1,0,1,1,1,1,1,1,0.9699999999999999,1.0,1.0,1.0,0.8,skip,attack_already_active,1785296206.720892,1785296206720892031,1384874937590126,6.1,53.359375,-1.0,0,0
2026-07-28T23:36:46.721,10.42.0.47,10.42.0.1|10.42.0.210|10.42.0.47,53,3,UPLOAD,0.9685122313304401,UPLOAD,0.9685122313304401,1,2896,100.0,12,0.0,60816.0,0,12,0.0,1.0,0.10552448038892606,1,0,1,1,1,1,1,1,0.9699999999999999,1.0,1.0,1.0,0.8,skip,attack_already_active,1785296206.7218845,1785296206721884458,1384874938582684,6.1,53.359375,-1.0,0,0
2026-07-28T23:36:46.722,10.42.0.47,10.42.0.1|10.42.0.210|10.42.0.47,53,3,UPLOAD,0.9698529751583119,UPLOAD,0.9698529751583119,1,2896,100.0,13,0.0,63712.0,0,13,0.0,1.0,0.09169796875539492,1,0,1,1,1,1,1,1,0.9699999999999999,1.0,1.0,1.0,0.8,skip,attack_already_active,1785296206.7224834,1785296206722483335,1384874939181420,6.1,53.359375,-1.0,0,0
2026-07-28T23:36:46.723,10.42.0.47,10.42.0.1|10.42.0.210|10.42.0.47,53,3,UPLOAD,0.9710615177676424,UPLOAD,0.9710615177676424,1,2896,100.0,14,0.0,66608.0,0,14,0.0,1.0,0.07968913415257702,1,0,1,1,1,1,1,1,0.9699999999999999,1.0,1.0,1.0,0.8,skip,attack_already_active,1785296206.7230496,1785296206723049629,1384874939747604,6.1,53.359375,-1.0,0,0
2026-07-28T23:36:46.724,10.42.0.47,10.42.0.1|10.42.0.210|10.42.0.47,53,3,UPLOAD,0.9721695609382269,UPLOAD,0.9721695609382269,1,8688,100.0,15,0.0,75296.0,0,15,0.0,1.0,0.06932904823650085,1,0,1,1,1,1,1,1,0.9699999999999999,1.0,1.0,1.0,0.8,skip,attack_already_active,1785296206.724119,1785296206724119107,1384874940817088,6.1,53.359375,-1.0,0,0
2026-07-28T23:36:46.724,10.42.0.47,10.42.0.1|10.42.0.210|10.42.0.47,53,3,UPLOAD,0.9731965353463323,UPLOAD,0.9731965353463323,1,2896,100.0,16,0.0,78192.0,0,16,0.0,1.0,0.06030415344367156,1,0,1,1,1,1,1,1,0.9699999999999999,1.0,1.0,1.0,0.8,skip,attack_already_active,1785296206.7249606,1785296206724960555,1384874941658569,6.1,53.359375,-1.0,0,0
2026-07-28T23:36:46.725,10.42.0.47,10.42.0.1|10.42.0.210|10.42.0.47,53,3,UPLOAD,0.9741566840009065,UPLOAD,0.9741566840009065,1,1336,100.0,17,0.0,79528.0,0,17,0.0,1.0,0.052434766992781774,1,0,1,1,1,1,1,1,0.9699999999999999,1.0,1.0,1.0,0.8,skip,attack_already_active,1785296206.7255461,1785296206725546145,1384874942244218,6.1,53.359375,-1.0,0,0
2026-07-28T23:36:46.726,10.42.0.1,10.42.0.1|10.42.0.210|10.42.0.47,53,3,UPLOAD,0.9855087261656628,UPLOAD,0.9855087261656628,1,7240,100.0,1,0.0,7240.0,0,1,0.0,1.0,0.07354565253402345,1,0,1,1,1,1,1,1,0.9699999999999999,1.0,1.0,1.0,0.8,skip,attack_already_active,1785296206.7266362,1785296206726636325,1384874943334429,6.1,53.359375,-1.0,0,0
2026-07-28T23:36:46.727,10.42.0.1,10.42.0.1|10.42.0.210|10.42.0.47,53,3,UPLOAD,0.9855087261656628,UPLOAD,0.9855087261656628,1,7240,100.0,2,0.0,14480.0,0,2,0.0,1.0,0.06393316537100313,1,0,1,1,1,1,1,1,0.9699999999999999,1.0,1.0,1.0,0.8,skip,attack_already_active,1785296206.7272353,1785296206727235448,1384874943933505,6.1,53.359375,-1.0,0,0
2026-07-28T23:36:46.767,10.42.0.1,10.42.0.1|10.42.0.210|10.42.0.47,53,3,UPLOAD,0.9855087261656628,UPLOAD,0.9855087261656628,1,10136,100.0,3,0.0,24616.0,0,3,0.0,1.0,0.0608460166695321,1,0,1,1,1,1,1,1,0.9699999999999999,1.0,1.0,1.0,0.8,skip,attack_already_active,1785296206.767741,1785296206767741031,1384874984439582,6.1,53.359375,-1.0,0,0
2026-07-28T23:36:46.768,10.42.0.1,10.42.0.1|10.42.0.210|10.42.0.47,53,3,UPLOAD,0.9855087261656628,UPLOAD,0.9855087261656628,1,14480,100.0,4,0.0,39096.0,0,4,0.0,1.0,0.05294666613814287,1,0,1,1,1,1,1,1,0.9699999999999999,1.0,1.0,1.0,0.8,skip,attack_already_active,1785296206.768641,1785296206768640993,1384874985339095,6.1,53.359375,-1.0,0,0
2026-07-28T23:36:46.769,10.42.0.1,10.42.0.1|10.42.0.210|10.42.0.47,53,3,UPLOAD,0.9855087261656628,UPLOAD,0.9855087261656628,1,17376,100.0,5,0.0,56472.0,0,5,0.0,1.0,0.04608667745271382,1,0,1,1,1,1,1,1,0.9699999999999999,1.0,1.0,1.0,0.8,skip,attack_already_active,1785296206.769529,1785296206769529134,1384874986227217,6.1,53.359375,-1.0,0,0
2026-07-28T23:36:46.770,10.42.0.1,10.42.0.1|10.42.0.210|10.42.0.47,53,3,UPLOAD,0.9855087261656628,UPLOAD,0.9855087261656628,1,17376,100.0,6,0.0,73848.0,0,6,0.0,1.0,0.040196762513503834,1,0,1,1,1,1,1,1,0.9699999999999999,1.0,1.0,1.0,0.8,skip,attack_already_active,1785296206.7709188,1785296206770919025,1384874987617220,6.1,53.359375,-1.0,0,0
2026-07-28T23:36:46.772,10.42.0.1,10.42.0.1|10.42.0.210|10.42.0.47,53,3,UPLOAD,0.9855087261656628,UPLOAD,0.9855087261656628,1,5680,100.0,7,0.0,79528.0,0,7,0.0,1.0,0.0350436532996363,1,0,1,1,1,1,1,1,0.9699999999999999,1.0,1.0,1.0,0.8,skip,attack_already_active,1785296206.77201,1785296206772009960,1384874988708392,6.1,53.359375,-1.0,0,0
2026-07-28T23:36:47.053,10.42.0.1,,54,1,DOWNLOAD,0.9855087261656628,DOWNLOAD,0.9855087261656628,-1,1448,54.92265189646225,8,1448.0,79528.0,1,7,0.017881841533293814,0.9821181584667061,0.13285316229971175,0,0,0,0,1,0,0,0,0.44,0.8500000000000001,0.0,0.6000000000000001,0.15,skip,training_upload_trigger_not_confirmed,1785296207.0534492,1785296207053449101,1384875270147589,6.1,53.359375,-1.0,0,0
2026-07-28T23:36:47.057,10.42.0.1,,54,1,DOWNLOAD,0.95,DOWNLOAD,0.95,-1,5792,10.984530385361252,9,7240.0,79528.0,2,7,0.08344089987092015,0.9165591001290798,0.11586206828414065,0,0,0,0,1,0,0,0,0.44,0.8500000000000001,0.0,0.6000000000000001,0.15,skip,training_upload_trigger_not_confirmed,1785296207.0573616,1785296207057361717,1384875274059994,6.1,53.359375,-1.0,0,0
2026-07-28T23:36:47.058,10.42.0.1,,54,1,DOWNLOAD,0.95,DOWNLOAD,0.95,-1,7240,5.492265193059926,10,14480.0,79528.0,3,7,0.15402944430261253,0.8459705556973874,0.10068149504239136,0,0,0,0,1,0,0,0,0.44,0.8500000000000001,0.0,0.6000000000000001,0.15,skip,training_upload_trigger_not_confirmed,1785296207.0580225,1785296207058022289,1384875274720589,6.1,53.359375,-1.0,0,0
2026-07-28T23:36:47.058,10.42.0.1,,54,1,DOWNLOAD,0.9698798353140885,DOWNLOAD,0.9698798353140885,-1,7240,3.661510128790906,11,21720.0,79528.0,4,7,0.21452275600505688,0.7854772439949431,0.08749583571618273,0,0,0,0,1,0,0,0,0.44,0.8500000000000001,0.0,0.6000000000000001,0.15,skip,training_upload_trigger_not_confirmed,1785296207.0586417,1785296207058641599,1384875275339637,6.1,53.359375,-1.0,0,0
2026-07-28T23:36:47.059,10.42.0.1,,54,1,DOWNLOAD,0.9675704664769283,DOWNLOAD,0.9675704664769283,-1,7240,2.746132596624788,12,28960.0,79528.0,5,7,0.26694196593171593,0.7330580340682841,0.07604777247826244,0,0,0,0,1,0,0,0,0.4,0.8500000000000001,0.0,0.4,0.15,skip,training_upload_trigger_not_confirmed,1785296207.0592613,1785296207059261356,1384875275959710,6.1,53.359375,-1.0,0,0
2026-07-28T23:36:47.060,10.42.0.1,,54,1,DOWNLOAD,0.9534443057686961,DOWNLOAD,0.9534443057686961,-1,7240,2.196906077315002,13,36200.0,79528.0,6,7,0.31280243329185675,0.6871975667081432,0.06623749179402844,0,0,0,0,1,0,0,0,0.4,0.8500000000000001,0.0,0.4,0.15,skip,training_upload_trigger_not_confirmed,1785296207.0608616,1785296207060861632,1384875277560218,6.1,53.359375,-1.0,0,0
2026-07-28T23:36:47.061,10.42.0.1,,54,1,DOWNLOAD,0.95,DOWNLOAD,0.95,-1,7240,1.8307550644375976,14,43440.0,79528.0,7,7,0.3532626374341292,0.6467373625658708,0.05759013860160307,0,0,0,0,1,0,0,0,0.4,0.8500000000000001,0.0,0.4,0.15,skip,training_upload_trigger_not_confirmed,1785296207.0614767,1785296207061476563,1384875278174587,6.1,53.359375,-1.0,0,0
2026-07-28T23:36:47.062,10.42.0.1,,54,1,DOWNLOAD,0.95,DOWNLOAD,0.95,-1,7240,1.5692186266659585,15,50680.0,79528.0,8,7,0.3892233964118948,0.6107766035881051,0.0501099017488635,0,0,0,0,1,0,0,0,0.4,0.8500000000000001,0.0,0.4,0.15,skip,training_upload_trigger_not_confirmed,1785296207.0623014,1785296207062301391,1384875278999401,6.1,53.359375,-1.0,0,0
2026-07-28T23:36:47.062,10.42.0.1,,54,1,DOWNLOAD,0.95,DOWNLOAD,0.95,-1,7240,1.3730662983361002,16,57920.0,79528.0,9,7,0.4213957278388918,0.5786042721611082,0.04358580528360375,0,0,0,0,1,0,0,0,0.32,0.8500000000000001,0.0,0.0,0.15,skip,training_upload_trigger_not_confirmed,1785296207.0629017,1785296207062901736,1384875279599734,6.1,53.359375,-1.0,0,0
2026-07-28T23:36:47.063,10.42.0.1,,54,1,DOWNLOAD,0.95,DOWNLOAD,0.95,-1,10136,1.1685670624167073,17,68056.0,79528.0,10,7,0.46113399826539464,0.5388660017346054,0.03792427715519905,0,0,0,0,1,0,0,0,0.30250000000000005,0.8000000000000002,0.0,0.0,0.15,skip,training_upload_trigger_not_confirmed,1785296207.0635238,1785296207063523745,1384875280221936,37.8,53.359375,-1.0,0,0
2026-07-28T23:36:47.064,10.42.0.1,,54,1,DOWNLOAD,0.95,DOWNLOAD,0.95,-1,10136,1.0170861469201826,18,78192.0,79528.0,11,7,0.4957646462084707,0.5042353537915293,0.032999180139068086,0,0,0,0,1,0,0,0,0.30250000000000005,0.8000000000000002,0.0,0.0,0.15,skip,training_upload_trigger_not_confirmed,1785296207.0640728,1785296207064073038,1384875280770937,37.8,53.359375,-1.0,0,0
2026-07-28T23:36:47.064,10.42.0.1,,54,1,DOWNLOAD,0.95,DOWNLOAD,0.95,-1,10136,0.900371343176565,19,88328.0,79528.0,12,7,0.5262129444285578,0.4737870555714422,0.02872116869958685,0,0,0,0,1,0,0,0,0.30250000000000005,0.8000000000000002,0.0,0.0,0.15,skip,training_upload_trigger_not_confirmed,1785296207.0646074,1785296207064607534,1384875281305432,37.8,53.359375,-1.0,0,0
2026-07-28T23:36:47.065,10.42.0.1,,54,1,DOWNLOAD,0.95,DOWNLOAD,0.95,-1,14480,0.7735584779416625,20,102808.0,79528.0,13,7,0.5638381888381888,0.4361618111618112,0.025014869985339423,0,0,0,0,1,0,0,0,0.28500000000000003,0.7500000000000001,0.0,0.0,0.15,skip,training_upload_trigger_not_confirmed,1785296207.0652025,1785296207065202556,1384875281900470,37.8,53.359375,-1.0,0,0
2026-07-28T23:36:47.066,10.42.0.1,,54,1,DOWNLOAD,0.95,DOWNLOAD,0.95,-1,14480,0.6780574312830122,21,117288.0,79528.0,14,7,0.5959271603934639,0.40407283960653606,0.021825116878852774,0,0,0,0,1,0,0,0,0.28500000000000003,0.7500000000000001,0.0,0.0,0.15,skip,training_upload_trigger_not_confirmed,1785296207.0660112,1785296207066011173,1384875282709110,37.8,53.359375,-1.0,0,0
2026-07-28T23:36:47.066,10.42.0.1,,54,1,DOWNLOAD,0.95,DOWNLOAD,0.95,-1,4344,0.6538410944516752,22,121632.0,79528.0,15,7,0.6046530125273414,0.39534698747265856,0.019050287986699978,0,0,0,0,1,0,0,0,0.28500000000000003,0.7500000000000001,0.0,0.0,0.15,skip,training_upload_trigger_not_confirmed,1785296207.066779,1785296207066778980,1384875283476935,37.8,53.359375,-1.0,0,0
2026-07-28T23:36:47.067,10.42.0.1,,54,1,DOWNLOAD,0.95,DOWNLOAD,0.95,-1,5792,0.624121044704105,23,127424.0,79528.0,16,7,0.6157176543353048,0.3842823456646952,0.016646891514403316,0,0,0,0,1,0,0,0,0.28500000000000003,0.7500000000000001,0.0,0.0,0.15,skip,training_upload_trigger_not_confirmed,1785296207.0675905,1785296207067590323,1384875284288415,37.8,53.359375,-1.0,0,0
2026-07-28T23:36:47.068,10.42.0.1,,54,1,DOWNLOAD,0.95,DOWNLOAD,0.95,-1,8688,0.5842835312126462,24,136112.0,79528.0,17,7,0.6312001483954739,0.36879985160452605,0.01458772304942002,0,0,0,0,1,0,0,0,0.28500000000000003,0.7500000000000001,0.0,0.0,0.15,skip,training_upload_trigger_not_confirmed,1785296207.068611,1785296207068610771,1384875285308877,37.8,53.359375,-1.0,0,0
2026-07-28T23:36:47.069,10.42.0.1,,54,1,DOWNLOAD,0.95,DOWNLOAD,0.95,-1,14480,0.5281024224425725,25,150592.0,79528.0,18,7,0.6544063966626108,0.3455936033373892,0.012777939595408504,0,0,0,0,1,0,0,0,0.28500000000000003,0.7500000000000001,0.0,0.0,0.15,skip,training_upload_trigger_not_confirmed,1785296207.0694647,1785296207069464524,1384875286162590,37.8,53.359375,-1.0,0,0
2026-07-28T23:36:47.070,10.42.0.1,,54,1,DOWNLOAD,0.95,DOWNLOAD,0.95,-1,4344,0.5132958124676428,26,154936.0,79528.0,19,7,0.6608093353350621,0.3391906646649379,0.011197873917300658,0,0,0,0,1,0,0,0,0.28500000000000003,0.7500000000000001,0.0,0.0,0.15,skip,training_upload_trigger_not_confirmed,1785296207.070252,1785296207070252016,1384875286950105,37.8,53.359375,-1.0,0,0
2026-07-28T23:36:47.071,10.42.0.1,,54,1,DOWNLOAD,0.95,DOWNLOAD,0.95,-1,4344,0.49929683576406764,27,159280.0,79528.0,20,7,0.6669793306756893,0.33302066932431074,0.009835131624241916,0,0,0,0,1,0,0,0,0.28500000000000003,0.7500000000000001,0.0,0.0,0.15,skip,training_upload_trigger_not_confirmed,1785296207.0711083,1785296207071108237,1384875287806237,37.8,53.359375,-1.0,0,0
2026-07-28T23:36:47.071,10.42.0.1,,54,1,DOWNLOAD,0.95,DOWNLOAD,0.95,-1,14480,0.45768876611730147,28,173760.0,79528.0,21,7,0.6860174978680396,0.31398250213196044,0.008615551111759136,0,0,0,0,1,0,0,0,0.28500000000000003,0.7500000000000001,0.0,0.0,0.15,skip,training_upload_trigger_not_confirmed,1785296207.0716884,1785296207071688478,1384875288386720,37.8,53.359375,-1.0,0,0
2026-07-28T23:36:47.072,10.42.0.1,,54,1,DOWNLOAD,0.95,DOWNLOAD,0.95,-1,14480,0.42248193795461914,29,188240.0,79528.0,22,7,0.7029966239431149,0.29700337605688504,0.007614079912354288,0,0,0,0,1,0,0,0,0.28500000000000003,0.7500000000000001,0.0,0.0,0.15,skip,training_upload_trigger_not_confirmed,1785296207.072704,1785296207072703884,1384875289401871,37.8,53.359375,-1.0,0,0
2026-07-28T23:36:47.073,10.42.0.1,,54,1,DOWNLOAD,0.95,DOWNLOAD,0.95,-1,18824,0.38407448904983926,30,207064.0,79528.0,23,7,0.7225044662795891,0.2774955337204109,0.006723338830688579,0,0,0,0,1,0,0,0,0.28500000000000003,0.7500000000000001,0.0,0.0,0.15,skip,training_upload_trigger_not_confirmed,1785296207.0735586,1785296207073558632,1384875290256696,37.8,53.359375,-1.0,0,0
2026-07-28T23:36:47.074,10.42.0.1,,54,1,DOWNLOAD,0.95,DOWNLOAD,0.95,-1,18824,0.352068281629161,31,225888.0,79528.0,24,7,0.7396076171516882,0.2603923828483118,0.005913467568255592,0,0,0,0,1,0,0,0,0.28500000000000003,0.7500000000000001,0.0,0.0,0.15,skip,training_upload_trigger_not_confirmed,1785296207.074136,1785296207074135957,1384875290833907,37.8,53.359375,-1.0,0,0
2026-07-28T23:36:47.074,10.42.0.1,,54,1,DOWNLOAD,0.95,DOWNLOAD,0.95,-1,5792,0.34326657458847,32,231680.0,79528.0,25,7,0.7444538700804607,0.25554612991953934,0.005240540278525048,0,0,0,0,1,0,0,0,0.28500000000000003,0.7500000000000001,0.0,0.0,0.15,skip,training_upload_trigger_not_confirmed,1785296207.0749428,1785296207074942602,1384875291640987,37.8,53.359375,-1.0,0,0
2026-07-28T23:36:47.075,10.42.0.1,,54,1,DOWNLOAD,0.95,DOWNLOAD,0.95,-1,18824,0.3174719764981099,33,250504.0,79528.0,26,7,0.7590294274494594,0.24097057255054055,0.004625718415324689,0,0,0,0,1,0,0,0,0.28500000000000003,0.7500000000000001,0.0,0.0,0.15,skip,training_upload_trigger_not_confirmed,1785296207.0755177,1785296207075517641,1384875292215747,37.8,53.359375,-1.0,0,0
2026-07-28T23:36:47.076,10.42.0.1,,54,1,DOWNLOAD,0.95,DOWNLOAD,0.95,-1,18824,0.29528307491499106,34,269328.0,79528.0,27,7,0.7720320132088885,0.22796798679111152,0.004158456602596944,0,0,0,0,1,0,0,0,0.28500000000000003,0.7500000000000001,0.0,0.0,0.15,skip,training_upload_trigger_not_confirmed,1785296207.0765975,1785296207076597414,1384875293295757,37.8,53.359375,-1.0,0,0
2026-07-28T23:36:47.077,10.42.0.1,,54,1,DOWNLOAD,0.95,DOWNLOAD,0.95,-1,1448,0.2937040210384461,35,270776.0,79528.0,28,7,0.7729743308669041,0.22702566913309583,0.0037758598160096144,0,0,0,0,1,0,0,0,0.28500000000000003,0.7500000000000001,0.0,0.0,0.15,skip,training_upload_trigger_not_confirmed,1785296207.0778525,1785296207077852356,1384875294550774,37.8,53.359375,-1.0,0,0
2026-07-28T23:36:47.079,10.42.0.1,,54,1,DOWNLOAD,0.95,DOWNLOAD,0.95,-1,16946,0.2764056971685293,36,287722.0,79528.0,29,7,0.7834499659632403,0.2165500340367597,0.0034460672463370394,0,0,0,0,1,0,0,0,0.28500000000000003,0.7500000000000001,0.0,0.0,0.15,skip,training_upload_trigger_not_confirmed,1785296207.0791256,1785296207079125835,1384875295824383,37.8,53.359375,-1.0,0,0
2026-07-28T23:36:47.080,10.42.0.47,,54,1,DOWNLOAD,0.95,DOWNLOAD,0.95,-1,7240,10.984530385361252,18,7240.0,79528.0,1,17,0.08344089987092015,0.9165591001290798,0.04895702919503423,0,0,0,0,0,0,0,0,0.057499999999999996,0.1,0.0,0.0,0.15,skip,training_upload_trigger_not_confirmed,1785296207.0801313,1785296207080131354,1384875296829589,37.8,53.359375,-1.0,0,0
2026-07-28T23:36:47.080,10.42.0.47,,54,1,DOWNLOAD,0.95,DOWNLOAD,0.95,-1,5792,6.102516881130868,19,13032.0,79528.0,2,17,0.1407951598962835,0.8592048401037166,0.04258576300510181,0,0,0,0,0,0,0,0,0.057499999999999996,0.1,0.0,0.0,0.15,skip,training_upload_trigger_not_confirmed,1785296207.0807385,1785296207080738606,1384875297436754,37.8,53.359375,-1.0,0,0
2026-07-28T23:36:47.081,10.42.0.1,,54,1,DOWNLOAD,0.95,DOWNLOAD,0.95,-1,15472,0.2623007051615061,37,303194.0,79528.0,30,7,0.7922042631466182,0.20779573685338182,0.0032983154287257403,0,0,0,0,1,0,0,0,0.28500000000000003,0.7500000000000001,0.0,0.0,0.15,skip,training_upload_trigger_not_confirmed,1785296207.0814505,1785296207081450421,1384875298148465,37.8,53.359375,-1.0,0,0
2026-07-28T23:36:47.082,10.42.0.18,,40,1,DOWNLOAD,0.95,DOWNLOAD,0.95,-1,7300,1.3698630135109776e-10,1,7300.0,0.0,1,0,1.0,0.0,0.2639820531854338,0,0,0,0,0,0,0,0,0.0225,0.0,0.0,0.0,0.15,skip,already_attacked_this_round,1785296207.0824015,1785296207082401574,1384875299099782,37.8,53.359375,-1.0,0,0
2026-07-28T23:36:47.082,10.42.0.18,,40,1,DOWNLOAD,0.95,DOWNLOAD,0.95,-1,7300,6.84931506802402e-11,2,14600.0,0.0,2,0,1.0,0.0,0.2292717373231128,0,0,0,0,0,0,0,0,0.0225,0.0,0.0,0.0,0.15,skip,already_attacked_this_round,1785296207.0829766,1785296207082976601,1384875299674505,37.8,53.359375,-1.0,0,0
2026-07-28T23:36:47.083,10.42.0.1,,54,1,DOWNLOAD,0.95,DOWNLOAD,0.95,-1,11584,0.252647897885962,38,314778.0,79528.0,31,7,0.7983089275841605,0.20169107241583947,0.0031419148823514423,0,0,0,0,1,0,0,0,0.28500000000000003,0.7500000000000001,0.0,0.0,0.15,skip,training_upload_trigger_not_confirmed,1785296207.083562,1785296207083562011,1384875300259972,37.8,53.359375,-1.0,0,0
2026-07-28T23:36:47.084,10.42.0.1,,54,1,DOWNLOAD,0.9506252238970575,DOWNLOAD,0.9506252238970575,-1,3888,0.2495653756621366,39,318666.0,79528.0,32,7,0.8002782563273179,0.19972174367268217,0.0028804225909713037,0,0,0,0,1,0,0,0,0.28500000000000003,0.7500000000000001,0.0,0.0,0.15,skip,training_upload_trigger_not_confirmed,1785296207.0847194,1785296207084719483,1384875301417956,37.8,53.359375,-1.0,0,0
2026-07-28T23:36:47.085,10.42.0.210,,54,1,DOWNLOAD,0.9833201438328657,DOWNLOAD,0.9833201438328657,-1,7240,1.381215469422484e-10,1,7240.0,0.0,1,0,1.0,0.0,0.14255542021440049,0,0,0,0,0,0,0,0,0.0225,0.0,0.0,0.0,0.15,skip,training_upload_trigger_not_confirmed,1785296207.0856595,1785296207085659376,1384875302357601,37.8,53.359375,-1.0,0,0
2026-07-28T23:36:47.086,10.42.0.210,,54,1,DOWNLOAD,0.95,DOWNLOAD,0.95,-1,7240,6.90607734758936e-11,2,14480.0,0.0,2,0,1.0,0.0,0.12384675701057869,0,0,0,0,0,0,0,0,0.0225,0.0,0.0,0.0,0.15,skip,training_upload_trigger_not_confirmed,1785296207.08624,1785296207086240030,1384875302937996,37.8,53.359375,-1.0,0,0
2026-07-28T23:36:47.086,10.42.0.1,,54,1,DOWNLOAD,0.9543838541603007,DOWNLOAD,0.9543838541603007,-1,16920,0.2369824724534486,40,335586.0,79528.0,33,7,0.808418892159744,0.19158110784025592,0.0027798436708608753,0,0,0,0,1,0,0,0,0.28500000000000003,0.7500000000000001,0.0,0.0,0.15,skip,training_upload_trigger_not_confirmed,1785296207.0868366,1785296207086836371,1384875303534331,37.8,53.359375,-1.0,0,0
2026-07-28T23:36:47.087,10.42.0.59,,18,2,TRAINING,0.95,TRAINING,0.95,-1,7300,1.3698630135109776e-10,1,7300.0,0.0,1,0,1.0,0.0,0.4880041023761769,0,0,0,0,0,0,0,0,0.0225,0.0,0.0,0.0,0.15,skip,already_attacked_this_round,1785296207.0876482,1785296207087648285,1384875304346183,37.8,53.359375,-1.0,0,0
2026-07-28T23:36:47.088,10.42.0.1,,54,1,DOWNLOAD,0.9596200615018814,DOWNLOAD,0.9596200615018814,-1,21720,0.2225767269533045,41,357306.0,79528.0,34,7,0.8179445739113713,0.18205542608862862,0.002594841534193122,0,0,0,0,1,0,0,0,0.28500000000000003,0.7500000000000001,0.0,0.0,0.15,skip,training_upload_trigger_not_confirmed,1785296207.0882125,1785296207088212466,1384875304910418,37.8,53.359375,-1.0,0,0
2026-07-28T23:36:47.091,10.42.0.18,,40,1,DOWNLOAD,0.95,DOWNLOAD,0.95,-1,10220,4.029008863657171e-11,3,24820.0,0.0,3,0,1.0,0.0,0.2001400231219291,0,0,0,0,0,0,0,0,0.0225,0.0,0.0,0.0,0.15,skip,already_attacked_this_round,1785296207.0911758,1785296207091175578,1384875307873868,37.8,53.359375,-1.0,0,0
2026-07-28T23:36:47.091,10.42.0.18,,40,1,DOWNLOAD,0.95,DOWNLOAD,0.95,-1,4380,3.424657534129292e-11,4,29200.0,0.0,4,0,1.0,0.0,0.17384437332392527,0,0,0,0,0,0,0,0,0.0225,0.0,0.0,0.0,0.15,skip,already_attacked_this_round,1785296207.0917654,1785296207091765604,1384875308463582,37.8,53.359375,-1.0,0,0
2026-07-28T23:36:47.092,10.42.0.18,,40,1,DOWNLOAD,0.951195456982821,DOWNLOAD,0.951195456982821,-1,14600,2.2831050227789245e-11,5,43800.0,0.0,5,0,1.0,0.0,0.15104080642618076,0,0,0,0,0,0,0,0,0.0225,0.0,0.0,0.0,0.15,skip,already_attacked_this_round,1785296207.0925598,1785296207092559758,1384875309257799,37.8,53.359375,-1.0,0,0
2026-07-28T23:36:47.095,10.42.0.59,,18,2,TRAINING,0.95,TRAINING,0.95,-1,14600,4.566210045453598e-11,2,21900.0,0.0,2,0,1.0,0.0,0.42467954298964233,0,0,0,0,0,0,0,0,0.0225,0.0,0.0,0.0,0.15,skip,already_attacked_this_round,1785296207.0950997,1785296207095099551,1384875311797997,37.8,53.359375,-1.0,0,0
2026-07-28T23:36:47.095,10.42.0.59,,18,2,TRAINING,0.95,TRAINING,0.95,-1,14600,2.739726027322199e-11,3,36500.0,0.0,3,0,1.0,0.0,0.3688010666383874,0,0,0,0,0,0,0,0,0.0225,0.0,0.0,0.0,0.15,skip,already_attacked_this_round,1785296207.095733,1785296207095733004,1384875312431188,37.8,53.359375,-1.0,0,0
2026-07-28T23:36:47.096,10.42.0.210,,54,1,DOWNLOAD,0.9557926560077417,DOWNLOAD,0.9557926560077417,-1,10136,4.062398439873968e-11,3,24616.0,0.0,3,0,1.0,0.0,0.10889888639888112,0,0,0,0,0,0,0,0,0.0225,0.0,0.0,0.0,0.15,skip,training_upload_trigger_not_confirmed,1785296207.0966516,1785296207096651602,1384875313349870,37.8,53.359375,-1.0,0,0
2026-07-28T23:36:47.097,10.42.0.210,,54,1,DOWNLOAD,0.9846998846180315,DOWNLOAD,0.9846998846180315,-1,14480,2.557806425144316e-11,4,39096.0,0.0,4,0,1.0,0.0,0.09466566652369966,0,0,0,0,0,0,0,0,0.0225,0.0,0.0,0.0,0.15,skip,training_upload_trigger_not_confirmed,1785296207.0975385,1785296207097538662,1384875314237166,37.8,53.359375,-1.0,0,0
2026-07-28T23:36:47.098,10.42.0.210,,54,1,DOWNLOAD,0.9854895428954357,DOWNLOAD,0.9854895428954357,-1,4344,2.3020257826357728e-11,5,43440.0,0.0,5,0,1.0,0.0,0.08227292830974844,0,0,0,0,0,0,0,0,0.0225,0.0,0.0,0.0,0.15,skip,training_upload_trigger_not_confirmed,1785296207.098159,1785296207098159136,1384875314857248,37.8,53.359375,-1.0,0,0
2026-07-28T23:36:47.099,10.42.0.145,,23,1,DOWNLOAD,0.95,DOWNLOAD,0.95,-1,14600,6.84931506802402e-11,1,14600.0,0.0,1,0,1.0,0.0,0.4845656839364369,0,0,0,0,0,0,0,0,0.0225,0.0,0.0,0.0,0.15,skip,training_upload_trigger_not_confirmed,1785296207.0990202,1785296207099020238,1384875315718763,37.8,53.359375,-1.0,0,0
2026-07-28T23:36:47.099,10.42.0.145,,23,1,DOWNLOAD,0.95,DOWNLOAD,0.95,-1,14600,3.424657534129292e-11,2,29200.0,0.0,2,0,1.0,0.0,0.4207993247670836,0,0,0,0,0,0,0,0,0.0225,0.0,0.0,0.0,0.15,skip,training_upload_trigger_not_confirmed,1785296207.0996807,1785296207099680668,1384875316379023,37.8,53.359375,-1.0,0,0
2026-07-28T23:36:47.105,10.42.0.18,,40,1,DOWNLOAD,0.9555277721473573,DOWNLOAD,0.9555277721473573,-1,14600,1.7123287670939668e-11,6,58400.0,0.0,6,0,1.0,0.0,0.1328490459572837,0,0,0,0,0,0,0,0,0.0225,0.0,0.0,0.0,0.15,skip,already_attacked_this_round,1785296207.1055484,1785296207105548208,1384875322246599,37.8,53.359375,-1.0,0,0
2026-07-28T23:36:47.106,10.42.0.18,,40,1,DOWNLOAD,0.9607308710310523,DOWNLOAD,0.9607308710310523,-1,5840,1.556662515542393e-11,7,64240.0,0.0,7,0,1.0,0.0,0.11542427335721486,0,0,0,0,0,0,0,0,0.0225,0.0,0.0,0.0,0.15,skip,already_attacked_this_round,1785296207.1061656,1785296207106165646,1384875322863641,37.8,53.359375,-1.0,0,0
2026-07-28T23:36:47.106,10.42.0.18,,40,1,DOWNLOAD,0.967606094039984,DOWNLOAD,0.967606094039984,-1,14944,1.2628813901638856e-11,8,79184.0,0.0,8,0,1.0,0.0,0.10029237349217698,0,0,0,0,0,0,0,0,0.0225,0.0,0.0,0.0,0.15,skip,already_attacked_this_round,1785296207.106758,1785296207106758199,1384875323456134,37.8,53.359375,-1.0,0,0
2026-07-28T23:36:47.107,10.42.0.59,,18,2,TRAINING,0.9562463709826661,TRAINING,0.9562463709826661,-1,24820,1.630789301995584e-11,4,61320.0,0.0,4,0,1.0,0.0,0.3217775860168673,0,0,0,0,0,0,0,0,0.0225,0.0,0.0,0.0,0.15,skip,already_attacked_this_round,1785296207.1076858,1785296207107685814,1384875324383815,37.8,53.359375,-1.0,0,0
2026-07-28T23:36:47.108,10.42.0.59,,18,2,TRAINING,0.9665244557036617,TRAINING,0.9665244557036617,-1,10564,1.3911301541178688e-11,5,71884.0,0.0,5,0,1.0,0.0,0.279455818634741,0,0,0,0,0,0,0,0,0.0225,0.0,0.0,0.0,0.15,skip,already_attacked_this_round,1785296207.1082952,1785296207108295284,1384875324993261,37.8,53.359375,-1.0,0,0
2026-07-28T23:36:47.109,10.42.0.145,,23,1,DOWNLOAD,0.95,DOWNLOAD,0.95,-1,29200,1.7123287670939668e-11,3,58400.0,0.0,3,0,1.0,0.0,0.36659445184305545,0,0,0,0,0,0,0,0,0.0225,0.0,0.0,0.0,0.15,skip,training_upload_trigger_not_confirmed,1785296207.1091342,1785296207109133969,1384875325832011,37.8,53.359375,-1.0,0,0
2026-07-28T23:36:47.110,10.42.0.145,,23,1,DOWNLOAD,0.9617975105939279,DOWNLOAD,0.9617975105939279,-1,6184,1.5483711135645304e-11,4,64584.0,0.0,4,0,1.0,0.0,0.3184043839945568,0,0,0,0,0,0,0,0,0.0225,0.0,0.0,0.0,0.15,skip,training_upload_trigger_not_confirmed,1785296207.1100276,1785296207110027587,1384875326725813,37.8,53.359375,-1.0,0,0
2026-07-28T23:36:47.110,10.42.0.47,,54,1,DOWNLOAD,0.95,DOWNLOAD,0.95,-1,1448,5.492265193059926,20,14480.0,79528.0,3,17,0.15402944430261253,0.8459705556973874,0.04091948546528104,0,0,0,0,0,0,0,0,0.057499999999999996,0.1,0.0,0.0,0.15,skip,training_upload_trigger_not_confirmed,1785296207.1106794,1785296207110679172,1384875327377244,37.8,53.359375,-1.0,0,0
2026-07-28T23:36:47.118,10.42.0.210,,54,1,DOWNLOAD,0.9855083405864443,DOWNLOAD,0.9855083405864443,-1,18824,1.6060644995245073e-11,6,62264.0,0.0,6,0,1.0,0.0,0.07408076744039435,0,0,0,0,0,0,0,0,0.0225,0.0,0.0,0.0,0.15,skip,training_upload_trigger_not_confirmed,1785296207.118264,1785296207118264158,1384875334962434,37.8,53.359375,-1.0,0,0
2026-07-28T23:36:47.119,10.42.0.210,,54,1,DOWNLOAD,0.9855087208476458,DOWNLOAD,0.9855087208476458,-1,15928,1.2789032125885141e-11,7,78192.0,0.0,7,0,1.0,0.0,0.06443879702582961,0,0,0,0,0,0,0,0,0.0225,0.0,0.0,0.0,0.15,skip,training_upload_trigger_not_confirmed,1785296207.1191745,1785296207119174312,1384875335872498,37.8,53.359375,-1.0,0,0
2026-07-28T23:36:47.120,10.42.0.210,,54,1,DOWNLOAD,0.9855087261970161,DOWNLOAD,0.9855087261970161,-1,992,1.2628813901638856e-11,8,79184.0,0.0,8,0,1.0,0.0,0.05614778947615017,0,0,0,0,0,0,0,0,0.0225,0.0,0.0,0.0,0.15,skip,training_upload_trigger_not_confirmed,1785296207.120695,1785296207120695040,1384875337393223,37.8,53.359375,-1.0,0,0
2026-07-28T23:36:47.125,10.42.0.47,,54,1,DOWNLOAD,0.95,DOWNLOAD,0.95,-1,1448,4.992968357358553,21,15928.0,79528.0,4,17,0.16686221924237346,0.8331377807576266,0.037490054916184866,0,0,0,0,0,0,0,0,0.057499999999999996,0.1,0.0,0.0,0.15,skip,training_upload_trigger_not_confirmed,1785296207.1255739,1785296207125573804,1384875342272196,37.8,53.359375,-1.0,0,0
2026-07-28T23:36:47.126,10.42.0.47,,54,1,DOWNLOAD,0.95,DOWNLOAD,0.95,-1,8688,3.2307442313035932,22,24616.0,79528.0,5,17,0.23636503303118758,0.7636349669688124,0.03263417878291085,0,0,0,0,0,0,0,0,0.057499999999999996,0.1,0.0,0.0,0.15,skip,training_upload_trigger_not_confirmed,1785296207.126214,1785296207126214182,1384875342912411,37.8,53.359375,-1.0,0,0
2026-07-28T23:36:47.126,10.42.0.47,,54,1,DOWNLOAD,0.95,DOWNLOAD,0.95,-1,8688,2.387941388380136,23,33304.0,79528.0,6,17,0.29516449234259784,0.7048355076574021,0.02841325060298449,0,0,0,0,0,0,0,0,0.057499999999999996,0.1,0.0,0.0,0.15,skip,training_upload_trigger_not_confirmed,1785296207.1268167,1785296207126816709,1384875343514791,37.8,53.359375,-1.0,0,0
2026-07-28T23:36:47.128,10.42.0.47,,54,1,DOWNLOAD,0.95,DOWNLOAD,0.95,-1,11584,1.7716984494570551,24,44888.0,79528.0,7,17,0.36078960905349794,0.639210390946502,0.024857960080206767,0,0,0,0,0,0,0,0,0.057499999999999996,0.1,0.0,0.0,0.15,skip,training_upload_trigger_not_confirmed,1785296207.12825,1785296207128249968,1384875344948903,37.8,53.359375,-1.0,0,0
2026-07-28T23:36:47.137,10.42.0.47,,54,1,DOWNLOAD,0.95,DOWNLOAD,0.95,-1,11584,1.408273126497941,25,56472.0,79528.0,8,17,0.41523529411764704,0.584764705882353,0.022815168991360456,0,0,0,0,0,0,0,0,0.057499999999999996,0.1,0.0,0.0,0.15,skip,training_upload_trigger_not_confirmed,1785296207.1376057,1785296207137605692,1384875354304025,37.8,53.359375,-1.0,0,0
2026-07-28T23:36:47.140,10.42.0.47,,54,1,DOWNLOAD,0.9658171753691249,DOWNLOAD,0.9658171753691249,-1,8688,1.220503376301097,26,65160.0,79528.0,9,17,0.4503483357292934,0.5496516642707067,0.02012728548075251,0,0,0,0,0,0,0,0,0.057499999999999996,0.1,0.0,0.0,0.15,skip,training_upload_trigger_not_confirmed,1785296207.1400232,1785296207140023422,1384875356721916,37.8,53.359375,-1.0,0,0
2026-07-28T23:36:47.141,10.42.0.47,,54,1,DOWNLOAD,0.981386302715617,DOWNLOAD,0.981386302715617,-1,14037,1.0041794512417872,27,79197.0,79528.0,10,17,0.49895731611277366,0.5010426838872263,0.017656679007060572,0,0,0,0,0,0,0,0,0.039999999999999994,0.05,0.0,0.0,0.15,skip,training_upload_trigger_not_confirmed,1785296207.1414018,1785296207141401940,1384875358100223,37.8,53.359375,-1.0,0,0
2026-07-28T23:36:47.316,10.42.0.1,,54,1,DOWNLOAD,0.9560993357248142,DOWNLOAD,0.9560993357248142,0,39,0.2225767269533045,41,357306.0,79528.0,34,7,0.8179445739113713,0.18205542608862862,0.0076651658089440106,0,0,0,0,0,0,0,0,0.0225,0.0,0.0,0.0,0.15,skip,training_upload_trigger_not_confirmed,1785296207.3162673,1785296207316267369,1384875532966215,37.8,53.359375,-1.0,0,0
2026-07-28T23:36:47.430,10.42.0.145,,23,3,UPLOAD,0.95,UPLOAD,0.95,1,64240,0.994673603369338,5,64584.0,64240.0,4,1,0.5013351549400733,0.4986648450599267,0.480273445361848,0,0,0,1,1,1,1,1,0.85,1.0,1.0,0.4,0.8,trigger,training_upload_trigger_confirmed,1785296207.4308343,1785296207430834093,1384875647532689,37.8,53.359375,5.366474,1785296207436201921,1384875652899163
2026-07-28T23:36:47.433,10.42.0.145,,23,3,UPLOAD,0.9841010226033655,UPLOAD,0.9841010226033655,1,3635,1.0509568933474085,6,64584.0,67875.0,4,2,0.48757728806649603,0.512422711933504,0.4172736398629496,0,0,1,1,1,1,1,1,0.85,1.0,1.0,0.4,0.8,skip,attack_already_active,1785296207.4330196,1785296207433019736,1384875649719266,37.8,53.359375,-1.0,0,0
2026-07-28T23:36:47.434,10.42.0.1,10.42.0.1,54,3,UPLOAD,0.95,UPLOAD,0.95,1,7240,0.2428394709317984,42,357306.0,86768.0,34,8,0.8046091417196233,0.1953908582803767,0.007011681072577449,1,0,0,0,1,0,0,0,0.85,1.0,1.0,0.4,0.8,trigger,training_upload_trigger_confirmed,1785296207.4344919,1785296207434492007,1384875651190718,37.8,53.359375,13.047058,1785296207447540459,1384875664237776
2026-07-28T23:36:47.435,10.42.0.1,10.42.0.1,54,3,UPLOAD,0.95,UPLOAD,0.95,1,5792,0.2590496661145935,43,357306.0,92560.0,34,9,0.7942498432866676,0.2057501567133324,0.006214113052448463,1,0,1,1,1,1,1,1,0.85,1.0,1.0,0.4,0.8,skip,attack_already_active,1785296207.435451,1785296207435451139,1384875652149667,37.8,53.359375,-1.0,0,0
2026-07-28T23:36:47.437,10.42.0.1,10.42.0.1,54,3,UPLOAD,0.959006788520372,UPLOAD,0.959006788520372,1,2896,0.26715476370599106,44,357306.0,95456.0,34,10,0.7891695857867931,0.21083041421320695,0.005657022062752277,1,0,1,1,1,1,1,1,0.85,1.0,1.0,0.4,0.8,skip,attack_already_active,1785296207.4374375,1785296207437437449,1384875654135629,37.8,53.359375,-1.0,0,0
2026-07-28T23:36:47.438,10.42.0.1,10.42.0.1,54,3,UPLOAD,0.9589755254262322,UPLOAD,0.9589755254262322,1,11584,0.29957515407158125,45,357306.0,107040.0,34,11,0.7694822395368971,0.23051776046310293,0.004998660244536953,1,0,1,1,1,1,1,1,0.85,1.0,1.0,0.4,0.8,skip,attack_already_active,1785296207.4380984,1785296207438098402,1384875654796581,37.8,53.359375,-1.0,0,0
2026-07-28T23:36:47.438,10.42.0.1,10.42.0.1,54,3,UPLOAD,0.9570144544791238,UPLOAD,0.9570144544791238,1,2896,0.3076802516629788,46,357306.0,109936.0,34,12,0.7647129324846653,0.23528706751533465,0.0044218069857580745,1,0,1,1,1,1,1,1,0.9699999999999999,1.0,1.0,1.0,0.8,skip,attack_already_active,1785296207.4387195,1785296207438719388,1384875655417512,37.8,53.359375,-1.0,0,0
2026-07-28T23:36:47.439,10.42.0.1,10.42.0.1,54,3,UPLOAD,0.9510902642543053,UPLOAD,0.9510902642543053,1,11584,0.34010064202856904,47,357306.0,121520.0,34,13,0.7462126116793992,0.2537873883206008,0.003919648724495538,1,0,1,1,1,1,1,1,0.9699999999999999,1.0,1.0,1.0,0.8,skip,attack_already_active,1785296207.4393306,1785296207439330663,1384875656028722,37.8,53.359375,-1.0,0,0
2026-07-28T23:36:47.440,10.42.0.1,10.42.0.1,54,3,UPLOAD,0.95,UPLOAD,0.95,1,5792,0.35631083721136414,48,357306.0,127312.0,34,14,0.737294116190484,0.2627058838095159,0.0035147339906706513,1,0,1,1,1,1,1,1,0.9699999999999999,1.0,1.0,1.0,0.8,skip,attack_already_active,1785296207.4401774,1785296207440177441,1384875656875452,37.8,53.359375,-1.0,0,0
2026-07-28T23:36:47.441,10.42.0.1,10.42.0.1,54,3,UPLOAD,0.95,UPLOAD,0.95,1,14480,0.396836325168352,49,357306.0,141792.0,34,15,0.715903489895772,0.28409651010422804,0.0031978929979790713,1,0,1,1,1,1,1,1,0.9699999999999999,1.0,1.0,1.0,0.8,skip,attack_already_active,1785296207.4412878,1785296207441287778,1384875657985946,37.8,53.359375,-1.0,0,0
2026-07-28T23:36:47.442,10.42.0.1,10.42.0.1,54,3,UPLOAD,0.95,UPLOAD,0.95,1,14480,0.4373618131253397,50,357306.0,156272.0,34,16,0.6957190533862432,0.3042809466137568,0.002990476814177919,1,0,1,1,1,1,1,1,0.9699999999999999,1.0,1.0,1.0,0.8,skip,attack_already_active,1785296207.4429116,1785296207442911787,1384875659610882,37.8,53.359375,-1.0,0,0
2026-07-28T23:36:47.445,10.42.0.1,10.42.0.1,54,3,UPLOAD,0.95,UPLOAD,0.95,1,2798,0.4451926360054262,51,357306.0,159070.0,34,17,0.6919492772708259,0.3080507227291741,0.002972035730699577,1,0,1,1,1,1,1,1,0.9699999999999999,1.0,1.0,1.0,0.8,skip,attack_already_active,1785296207.4457622,1785296207445762028,1384875662460860,37.8,53.359375,-1.0,0,0
2026-07-28T23:36:47.447,10.42.0.59,10.42.0.1,18,3,UPLOAD,0.95,UPLOAD,0.95,1,64240,0.8936620110192303,6,71884.0,64240.0,5,1,0.5280773412476859,0.47192265875231404,0.40485239231523995,0,0,0,1,1,1,1,1,0.9299999999999999,1.0,1.0,0.8,0.8,skip,already_attacked_this_round,1785296207.4470906,1785296207447090816,1384875663789336,37.8,53.359375,-1.0,0,0
2026-07-28T23:36:47.451,10.42.0.1,10.42.0.1,54,3,UPLOAD,0.95,UPLOAD,0.95,1,11584,0.47761302637101644,52,357306.0,170654.0,34,18,0.6767671793317676,0.32323282066823245,0.0033453501433140295,1,0,1,1,1,1,1,1,0.9699999999999999,1.0,1.0,1.0,0.8,skip,attack_already_active,1785296207.4515672,1785296207451567067,1384875668266079,37.8,53.359375,-1.0,0,0
2026-07-28T23:36:47.452,10.42.0.1,10.42.0.1,54,3,UPLOAD,0.95,UPLOAD,0.95,1,5792,0.49382322155381153,53,357306.0,176446.0,34,19,0.669423252746594,0.3305767472534061,0.0029899111202868916,1,0,1,1,1,1,1,1,0.9699999999999999,1.0,1.0,1.0,0.8,skip,attack_already_active,1785296207.4522152,1785296207452215264,1384875668913427,37.8,53.359375,-1.0,0,0
2026-07-28T23:36:47.453,10.42.0.1,10.42.0.1,54,3,UPLOAD,0.95,UPLOAD,0.95,1,11584,0.5262436119194017,54,357306.0,188030.0,34,20,0.6552033975383983,0.34479660246160165,0.002704590239578687,1,0,1,1,1,1,1,1,0.9699999999999999,1.0,1.0,1.0,0.8,skip,attack_already_active,1785296207.45304,1785296207453039862,1384875669737809,37.8,53.359375,-1.0,0,0
2026-07-28T23:36:47.453,10.42.0.1,10.42.0.1,54,3,UPLOAD,0.95,UPLOAD,0.95,1,14480,0.5667690998763896,55,357306.0,202510.0,34,21,0.6382561413035712,0.36174385869642883,0.002456081929319555,1,0,1,1,1,1,1,1,0.9699999999999999,1.0,1.0,1.0,0.8,skip,attack_already_active,1785296207.4538586,1785296207453858678,1384875670556744,37.8,53.359375,-1.0,0,0
2026-07-28T23:36:47.454,10.42.0.1,10.42.0.1,54,3,UPLOAD,0.95,UPLOAD,0.95,1,8688,0.5910843926505822,56,357306.0,211198.0,34,22,0.6285021741271829,0.3714978258728171,0.002270230112127027,1,0,1,1,1,1,1,1,0.9699999999999999,1.0,1.0,1.0,0.8,skip,attack_already_active,1785296207.4549043,1785296207454904261,1384875671602232,37.8,53.359375,-1.0,0,0
2026-07-28T23:36:47.456,10.42.0.1,10.42.0.1,54,3,UPLOAD,0.95,UPLOAD,0.95,1,11584,0.6235047830161724,57,357306.0,222782.0,34,23,0.6159513728951469,0.38404862710485305,0.0021377729024996323,1,0,1,1,1,1,1,1,0.9699999999999999,1.0,1.0,1.0,0.8,skip,attack_already_active,1785296207.4561694,1785296207456169456,1384875672867584,37.8,53.359375,-1.0,0,0
2026-07-28T23:36:47.457,10.42.0.1,10.42.0.1,54,3,UPLOAD,0.95,UPLOAD,0.95,1,2797,0.6313328071747148,58,357306.0,225579.0,34,24,0.6129957024112818,0.3870042975887182,0.0019677895784901266,1,0,1,1,1,1,1,1,0.9699999999999999,1.0,1.0,1.0,0.8,skip,attack_already_active,1785296207.4570172,1785296207457017155,1384875673715198,37.8,53.359375,-1.0,0,0
2026-07-28T23:36:47.549,10.42.0.18,10.42.0.1,40,3,UPLOAD,0.95,UPLOAD,0.95,1,64240,0.811275005053909,9,79184.0,64240.0,8,1,0.5520972780008925,0.4479027219991075,0.12312670270023732,0,0,0,1,1,1,1,1,0.9699999999999999,1.0,1.0,1.0,0.8,skip,already_attacked_this_round,1785296207.549339,1785296207549339127,1384875766038380,37.8,53.359375,-1.0,0,0
2026-07-28T23:36:47.550,10.42.0.18,10.42.0.1,40,3,UPLOAD,0.9841010226033655,UPLOAD,0.9841010226033655,1,3608,0.8568397656110219,10,79184.0,67848.0,8,2,0.5385494314162903,0.46145056858370964,0.10699537095354586,0,0,0,1,1,1,1,1,0.9699999999999999,1.0,1.0,1.0,0.8,skip,already_attacked_this_round,1785296207.5500495,1785296207550049426,1384875766747606,37.8,53.359375,-1.0,0,0
2026-07-28T23:36:47.550,10.42.0.1,10.42.0.1,54,3,UPLOAD,0.95,UPLOAD,0.95,1,7240,0.6515955511532088,59,357306.0,232819.0,34,25,0.6054751112052531,0.3945248887947469,0.01408433383806146,1,0,1,1,1,1,1,1,0.9699999999999999,1.0,1.0,1.0,0.8,skip,attack_already_active,1785296207.550934,1785296207550934002,1384875767632280,37.8,53.359375,-1.0,0,0
2026-07-28T23:36:47.551,10.42.0.1,10.42.0.1,54,3,UPLOAD,0.95,UPLOAD,0.95,1,7240,0.6718582951317026,60,357306.0,240059.0,34,26,0.5981368175236246,0.4018631824763754,0.012312702748965768,1,0,1,1,1,1,1,1,0.9699999999999999,1.0,1.0,1.0,0.8,skip,attack_already_active,1785296207.551574,1785296207551573923,1384875768272071,37.8,53.359375,-1.0,0,0
2026-07-28T23:36:47.555,10.42.0.1,10.42.0.1,54,3,UPLOAD,0.95,UPLOAD,0.95,1,10136,0.7002261367015941,61,357306.0,250195.0,34,27,0.5881570565315942,0.41184294346840583,0.01119608717376885,1,0,1,1,1,1,1,1,0.9699999999999999,1.0,1.0,1.0,0.8,skip,attack_already_active,1785296207.555413,1785296207555413042,1384875772111768,37.8,53.359375,-1.0,0,0
2026-07-28T23:36:47.556,10.42.0.1,10.42.0.1,54,3,UPLOAD,0.95,UPLOAD,0.95,1,4344,0.7123837830886904,62,357306.0,254539.0,34,28,0.5839812370780181,0.41601876292198187,0.009802634108503827,1,0,1,1,1,1,1,1,0.9699999999999999,1.0,1.0,1.0,0.8,skip,attack_already_active,1785296207.5560346,1785296207556034555,1384875772732636,37.8,53.359375,-1.0,0,0
2026-07-28T23:36:47.556,10.42.0.1,10.42.0.1,54,3,UPLOAD,0.95,UPLOAD,0.95,1,14480,0.7529092710456782,63,357306.0,269019.0,34,29,0.5704801820141301,0.42951981798586997,0.00859525314426012,1,0,1,1,1,1,1,1,0.9699999999999999,1.0,1.0,1.0,0.8,skip,attack_already_active,1785296207.5566747,1785296207556674919,1384875773373097,37.8,53.359375,-1.0,0,0
2026-07-28T23:36:47.557,10.42.0.1,10.42.0.1,54,3,UPLOAD,0.95,UPLOAD,0.95,1,14480,0.793434759002666,64,357306.0,283499.0,34,30,0.5575892822309438,0.4424107177690561,0.007611034410207054,1,0,1,1,1,1,1,1,0.9699999999999999,1.0,1.0,1.0,0.8,skip,attack_already_active,1785296207.557801,1785296207557800833,1384875774499032,37.8,53.359375,-1.0,0,0
2026-07-28T23:36:47.558,10.42.0.1,10.42.0.1,54,3,UPLOAD,0.95,UPLOAD,0.95,1,5792,0.8096449541854611,65,357306.0,289291.0,34,31,0.5525945836432894,0.4474054163567106,0.006688177554502434,1,0,1,1,1,1,1,1,0.9699999999999999,1.0,1.0,1.0,0.8,skip,attack_already_active,1785296207.5584087,1785296207558408683,1384875775107106,37.8,53.359375,-1.0,0,0
2026-07-28T23:36:47.559,10.42.0.1,10.42.0.1,54,3,UPLOAD,0.95,UPLOAD,0.95,1,8688,0.8339602469596538,66,357306.0,297979.0,34,32,0.545268089457259,0.4547319105427409,0.00595117842061812,1,0,1,1,1,1,1,1,0.9699999999999999,1.0,1.0,1.0,0.8,skip,attack_already_active,1785296207.559504,1785296207559504205,1384875776202873,77.3,53.359375,-1.0,0,0
2026-07-28T23:36:47.560,10.42.0.1,10.42.0.1,54,3,UPLOAD,0.95,UPLOAD,0.95,1,7128,0.8539095341252206,67,357306.0,305107.0,34,33,0.5394006458206587,0.4605993541793413,0.005278874115076592,1,0,1,1,1,1,1,1,0.9699999999999999,1.0,1.0,1.0,0.8,skip,attack_already_active,1785296207.5603533,1785296207560353318,1384875777051309,77.3,53.359375,-1.0,0,0
2026-07-28T23:36:48.619,10.42.0.47,10.42.0.1,54,2,TRAINING,0.9,TRAINING,0.9,0,43,1.0,0,0.0,0.0,0,0,0.0,0.0,0.015441040307844428,0,0,0,0,0,0,0,0,0.039999999999999994,0.05,0.0,0.0,0.15,skip,training_upload_trigger_not_confirmed,1785296208.6193433,1785296208619343441,1384876836041580,7.4,53.359375,-1.0,0,0
2026-07-28T23:36:48.622,10.42.0.1,,54,3,UPLOAD,0.45116581587892723,UPLOAD,0.45116581587892723,0,56,1.0,0,0.0,0.0,0,0,0.0,0.0,0.004749734517818314,0,0,1,0,0,0,0,0,0.4375,0.05,1.0,0.0,0.8,skip,attack_already_active,1785296208.6222053,1785296208622205200,1384876838903595,7.4,53.359375,-1.0,0,0
2026-07-28T23:36:48.663,10.42.0.145,,23,3,UPLOAD,0.9854688349332961,UPLOAD,0.9854688349332961,0,39,1.0,0,0.0,0.0,0,0,0.0,0.0,0.36916623388965003,0,0,1,0,0,0,0,0,0.4375,0.05,1.0,0.0,0.8,skip,attack_already_active,1785296208.6634088,1785296208663408600,1384876880107272,11.4,53.359375,-1.0,0,0
2026-07-28T23:36:49.080,10.42.0.1,10.42.0.1,54,3,UPLOAD,0.56228303219247,UPLOAD,0.56228303219247,0,43,1.0,0,0.0,0.0,0,0,0.0,0.0,0.0643711659573853,1,0,1,0,0,0,0,0,0.4375,0.05,1.0,0.0,0.8,skip,attack_already_active,1785296209.0806904,1785296209080690539,1384877297389307,11.4,53.359375,-1.0,0,0
2026-07-28T23:36:49.279,10.42.0.210,10.42.0.1|10.42.0.210,54,3,UPLOAD,0.95,UPLOAD,0.95,1,1448,100.0,1,0.0,1448.0,0,1,0.0,1.0,0.47889825206219333,1,0,0,1,1,1,1,1,0.9525,0.95,1.0,1.0,0.8,trigger,training_upload_trigger_confirmed,1785296209.2796695,1785296209279669408,1384877496368912,7.7,53.359375,5.929698,1785296209285601345,1384877502298610
2026-07-28T23:36:49.282,10.42.0.210,10.42.0.1|10.42.0.210,54,3,UPLOAD,0.9841010226033655,UPLOAD,0.9841010226033655,1,1448,100.0,2,0.0,2896.0,0,2,0.0,1.0,0.4161240548313523,1,0,1,1,1,1,1,1,0.9699999999999999,1.0,1.0,1.0,0.8,skip,attack_already_active,1785296209.2821918,1785296209282191926,1384877498890806,7.7,53.359375,-1.0,0,0
2026-07-28T23:36:49.283,10.42.0.210,10.42.0.1|10.42.0.210,54,3,UPLOAD,0.9854688349332961,UPLOAD,0.9854688349332961,1,1448,100.0,3,0.0,4344.0,0,3,0.0,1.0,0.3615130953553559,1,0,1,1,1,1,1,1,0.9699999999999999,1.0,1.0,1.0,0.8,skip,attack_already_active,1785296209.2838883,1785296209283888350,1384877500587018,7.7,53.359375,-1.0,0,0
2026-07-28T23:36:49.285,10.42.0.210,10.42.0.1|10.42.0.210,54,3,UPLOAD,0.9855076450773014,UPLOAD,0.9855076450773014,1,1448,100.0,4,0.0,5792.0,0,4,0.0,1.0,0.3140580631729382,1,0,1,1,1,1,1,1,0.9699999999999999,1.0,1.0,1.0,0.8,skip,attack_already_active,1785296209.2852783,1785296209285278307,1384877501977511,7.7,53.359375,-1.0,0,0
2026-07-28T23:36:49.287,10.42.0.210,10.42.0.1|10.42.0.210,54,3,UPLOAD,0.9855086980780915,UPLOAD,0.9855086980780915,1,1448,100.0,5,0.0,7240.0,0,5,0.0,1.0,0.27290999087128304,1,0,1,1,1,1,1,1,0.9699999999999999,1.0,1.0,1.0,0.8,skip,attack_already_active,1785296209.287075,1785296209287075175,1384877503774015,7.7,53.359375,-1.0,0,0
2026-07-28T23:36:49.288,10.42.0.210,10.42.0.1|10.42.0.210,54,3,UPLOAD,0.9855087254685951,UPLOAD,0.9855087254685951,1,1448,100.0,6,0.0,8688.0,0,6,0.0,1.0,0.23710548314737778,1,0,1,1,1,1,1,1,0.9699999999999999,1.0,1.0,1.0,0.8,skip,attack_already_active,1785296209.2882745,1785296209288274339,1384877504973234,7.7,53.359375,-1.0,0,0
2026-07-28T23:36:49.289,10.42.0.210,10.42.0.1|10.42.0.210,54,3,UPLOAD,0.9855087261493067,UPLOAD,0.9855087261493067,1,1448,100.0,7,0.0,10136.0,0,7,0.0,1.0,0.20608334415888374,1,0,1,1,1,1,1,1,0.9699999999999999,1.0,1.0,1.0,0.8,skip,attack_already_active,1785296209.2899616,1785296209289961381,1384877506660233,7.7,53.359375,-1.0,0,0
2026-07-28T23:36:49.291,10.42.0.210,10.42.0.1|10.42.0.210,54,3,UPLOAD,0.9855087261653082,UPLOAD,0.9855087261653082,1,1448,100.0,8,0.0,11584.0,0,8,0.0,1.0,0.17908051527641625,1,0,1,1,1,1,1,1,0.9699999999999999,1.0,1.0,1.0,0.8,skip,attack_already_active,1785296209.291128,1785296209291127839,1384877507826724,7.7,53.359375,-1.0,0,0
2026-07-28T23:36:49.292,10.42.0.210,10.42.0.1|10.42.0.210,54,3,UPLOAD,0.985508726165656,UPLOAD,0.985508726165656,1,1448,100.0,9,0.0,13032.0,0,9,0.0,1.0,0.15571507904439227,1,0,1,1,1,1,1,1,0.9699999999999999,1.0,1.0,1.0,0.8,skip,attack_already_active,1785296209.2928946,1785296209292894772,1384877509593417,7.7,53.359375,-1.0,0,0
2026-07-28T23:36:49.294,10.42.0.210,10.42.0.1|10.42.0.210,54,3,UPLOAD,0.9855087261656625,UPLOAD,0.9855087261656625,1,1448,100.0,10,0.0,14480.0,0,10,0.0,1.0,0.1353670639133589,1,0,1,1,1,1,1,1,0.9699999999999999,1.0,1.0,1.0,0.8,skip,attack_already_active,1785296209.2941942,1785296209294194154,1384877510893340,7.7,53.359375,-1.0,0,0
2026-07-28T23:36:49.295,10.42.0.210,10.42.0.1|10.42.0.210,54,3,UPLOAD,0.95,UPLOAD,0.95,1,1448,100.0,11,0.0,15928.0,0,11,0.0,1.0,0.11776251002824242,1,0,1,1,1,1,1,1,0.9699999999999999,1.0,1.0,1.0,0.8,skip,attack_already_active,1785296209.2959652,1785296209295965238,1384877512664203,7.7,53.359375,-1.0,0,0
2026-07-28T23:36:49.297,10.42.0.210,10.42.0.1|10.42.0.210,54,3,UPLOAD,0.95,UPLOAD,0.95,1,1448,100.0,12,0.0,17376.0,0,12,0.0,1.0,0.10249949635937211,1,0,1,1,1,1,1,1,0.9699999999999999,1.0,1.0,1.0,0.8,skip,attack_already_active,1785296209.297901,1785296209297900740,1384877514599918,7.7,53.359375,-1.0,0,0
2026-07-28T23:36:49.299,10.42.0.210,10.42.0.1|10.42.0.210,54,3,UPLOAD,0.95,UPLOAD,0.95,1,1448,100.0,13,0.0,18824.0,0,13,0.0,1.0,0.08923142111837742,1,0,1,1,1,1,1,1,0.9699999999999999,1.0,1.0,1.0,0.8,skip,attack_already_active,1785296209.2997127,1785296209299712648,1384877516411697,7.7,53.359375,-1.0,0,0
2026-07-28T23:36:49.300,10.42.0.210,10.42.0.1|10.42.0.210,54,3,UPLOAD,0.95,UPLOAD,0.95,1,1448,100.0,14,0.0,20272.0,0,14,0.0,1.0,0.077640767353141,1,0,1,1,1,1,1,1,0.9699999999999999,1.0,1.0,1.0,0.8,skip,attack_already_active,1785296209.3009858,1785296209300985810,1384877517685598,7.7,53.359375,-1.0,0,0
2026-07-28T23:36:49.302,10.42.0.210,10.42.0.1|10.42.0.210,54,3,UPLOAD,0.95,UPLOAD,0.95,1,1448,100.0,15,0.0,21720.0,0,15,0.0,1.0,0.06764985170834925,1,0,1,1,1,1,1,1,0.9699999999999999,1.0,1.0,1.0,0.8,skip,attack_already_active,1785296209.3028083,1785296209302808354,1384877519507683,7.7,53.359375,-1.0,0,0
2026-07-28T23:36:49.304,10.42.0.210,10.42.0.1|10.42.0.210,54,3,UPLOAD,0.95,UPLOAD,0.95,1,1448,100.0,16,0.0,23168.0,0,16,0.0,1.0,0.058936431735709956,1,0,1,1,1,1,1,1,0.9699999999999999,1.0,1.0,1.0,0.8,skip,attack_already_active,1785296209.3043344,1785296209304334453,1384877521034694,7.7,53.359375,-1.0,0,0
2026-07-28T23:36:49.306,10.42.0.210,10.42.0.1|10.42.0.210,54,3,UPLOAD,0.95,UPLOAD,0.95,1,1448,100.0,17,0.0,24616.0,0,17,0.0,1.0,0.05144731119174818,1,0,1,1,1,1,1,1,0.9699999999999999,1.0,1.0,1.0,0.8,skip,attack_already_active,1785296209.306438,1785296209306437903,1384877523137240,7.7,53.359375,-1.0,0,0
2026-07-28T23:36:49.307,10.42.0.210,10.42.0.1|10.42.0.210,54,3,UPLOAD,0.95,UPLOAD,0.95,1,1448,100.0,18,0.0,26064.0,0,18,0.0,1.0,0.044849242210242,1,0,1,1,1,1,1,1,0.9699999999999999,1.0,1.0,1.0,0.8,skip,attack_already_active,1785296209.3078144,1785296209307814353,1384877524513168,7.7,53.359375,-1.0,0,0
2026-07-28T23:36:49.309,10.42.0.210,10.42.0.1|10.42.0.210,54,3,UPLOAD,0.95,UPLOAD,0.95,1,1448,100.0,19,0.0,27512.0,0,19,0.0,1.0,0.03918880619889173,1,0,1,1,1,1,1,1,0.9699999999999999,1.0,1.0,1.0,0.8,skip,attack_already_active,1785296209.309708,1785296209309707945,1384877526407502,7.7,53.359375,-1.0,0,0
2026-07-28T23:36:49.311,10.42.0.210,10.42.0.1|10.42.0.210,54,3,UPLOAD,0.95,UPLOAD,0.95,1,1448,100.0,20,0.0,28960.0,0,20,0.0,1.0,0.03423801536226505,1,0,1,1,1,1,1,1,0.9699999999999999,1.0,1.0,1.0,0.8,skip,attack_already_active,1785296209.3113267,1785296209311326809,1384877528028379,7.7,53.359375,-1.0,0,0
2026-07-28T23:36:49.313,10.42.0.210,10.42.0.1|10.42.0.210,54,3,UPLOAD,0.95,UPLOAD,0.95,1,1448,100.0,21,0.0,30408.0,0,21,0.0,1.0,0.03002566484034359,1,0,1,1,1,1,1,1,0.9699999999999999,1.0,1.0,1.0,0.8,skip,attack_already_active,1785296209.3135984,1785296209313598436,1384877530297817,7.7,53.359375,-1.0,0,0
2026-07-28T23:36:49.315,10.42.0.210,10.42.0.1|10.42.0.210,54,3,UPLOAD,0.95,UPLOAD,0.95,1,1448,100.0,22,0.0,31856.0,0,22,0.0,1.0,0.02626063260887243,1,0,1,1,1,1,1,1,0.9699999999999999,1.0,1.0,1.0,0.8,skip,attack_already_active,1785296209.3150523,1785296209315052390,1384877531751484,7.7,53.359375,-1.0,0,0
2026-07-28T23:36:49.316,10.42.0.210,10.42.0.1|10.42.0.210,54,3,UPLOAD,0.95,UPLOAD,0.95,1,1448,100.0,23,0.0,33304.0,0,23,0.0,1.0,0.023046370500191628,1,0,1,1,1,1,1,1,0.9699999999999999,1.0,1.0,1.0,0.8,skip,attack_already_active,1785296209.3169208,1785296209316920951,1384877533619547,7.7,53.359375,-1.0,0,0
2026-07-28T23:36:49.318,10.42.0.210,10.42.0.1|10.42.0.210,54,3,UPLOAD,0.95,UPLOAD,0.95,1,1448,100.0,24,0.0,34752.0,0,24,0.0,1.0,0.020169959183593662,1,0,1,1,1,1,1,1,0.9699999999999999,1.0,1.0,1.0,0.8,skip,attack_already_active,1785296209.3181388,1785296209318138873,1384877534837341,7.7,53.359375,-1.0,0,0
2026-07-28T23:36:49.319,10.42.0.210,10.42.0.1|10.42.0.210,54,3,UPLOAD,0.95,UPLOAD,0.95,1,1448,100.0,25,0.0,36200.0,0,25,0.0,1.0,0.01774559966751707,1,0,1,1,1,1,1,1,0.9699999999999999,1.0,1.0,1.0,0.8,skip,attack_already_active,1785296209.319911,1785296209319910929,1384877536610045,7.7,53.359375,-1.0,0,0
2026-07-28T23:36:49.321,10.42.0.210,10.42.0.1|10.42.0.210,54,3,UPLOAD,0.95,UPLOAD,0.95,1,1448,100.0,26,0.0,37648.0,0,26,0.0,1.0,0.01556599806755253,1,0,1,1,1,1,1,1,0.9699999999999999,1.0,1.0,1.0,0.8,skip,attack_already_active,1785296209.3211162,1785296209321116239,1384877537814710,7.7,53.359375,-1.0,0,0
2026-07-28T23:36:49.322,10.42.0.210,10.42.0.1|10.42.0.210,54,3,UPLOAD,0.95,UPLOAD,0.95,1,1448,100.0,27,0.0,39096.0,0,27,0.0,1.0,0.01370785736554699,1,0,1,1,1,1,1,1,0.9699999999999999,1.0,1.0,1.0,0.8,skip,attack_already_active,1785296209.3225813,1785296209322581193,1384877539279980,7.7,53.359375,-1.0,0,0
2026-07-28T23:36:49.323,10.42.0.210,10.42.0.1|10.42.0.210,54,3,UPLOAD,0.95,UPLOAD,0.95,1,1448,100.0,28,0.0,40544.0,0,28,0.0,1.0,0.012030606174922446,1,0,1,1,1,1,1,1,0.9699999999999999,1.0,1.0,1.0,0.8,skip,attack_already_active,1785296209.323561,1785296209323560874,1384877540259613,7.7,53.359375,-1.0,0,0
2026-07-28T23:36:49.325,10.42.0.210,10.42.0.1|10.42.0.210,54,3,UPLOAD,0.95,UPLOAD,0.95,1,1448,100.0,29,0.0,41992.0,0,29,0.0,1.0,0.010647513766154323,1,0,1,1,1,1,1,1,0.9699999999999999,1.0,1.0,1.0,0.8,skip,attack_already_active,1785296209.3250957,1785296209325095568,1384877541794251,7.7,53.359375,-1.0,0,0
2026-07-28T23:36:49.326,10.42.0.210,10.42.0.1|10.42.0.210,54,3,UPLOAD,0.95,UPLOAD,0.95,1,1448,100.0,30,0.0,43440.0,0,30,0.0,1.0,0.009398546043008929,1,0,1,1,1,1,1,1,0.9699999999999999,1.0,1.0,1.0,0.8,skip,attack_already_active,1785296209.326265,1785296209326265189,1384877542963825,7.7,53.359375,-1.0,0,0
2026-07-28T23:36:49.327,10.42.0.210,10.42.0.1|10.42.0.210,54,3,UPLOAD,0.95,UPLOAD,0.95,1,1448,100.0,31,0.0,44888.0,0,31,0.0,1.0,0.008328895176989034,1,0,1,1,1,1,1,1,0.9699999999999999,1.0,1.0,1.0,0.8,skip,attack_already_active,1785296209.3275464,1785296209327546299,1384877544245383,7.7,53.359375,-1.0,0,0
2026-07-28T23:36:49.329,10.42.0.210,10.42.0.1|10.42.0.210,54,3,UPLOAD,0.95,UPLOAD,0.95,1,1448,100.0,32,0.0,46336.0,0,32,0.0,1.0,0.00745533466585298,1,0,1,1,1,1,1,1,0.9699999999999999,1.0,1.0,1.0,0.8,skip,attack_already_active,1785296209.329246,1785296209329246039,1384877545944840,7.7,53.359375,-1.0,0,0
2026-07-28T23:36:49.330,10.42.0.210,10.42.0.1|10.42.0.210,54,3,UPLOAD,0.95,UPLOAD,0.95,1,1448,100.0,33,0.0,47784.0,0,33,0.0,1.0,0.0066318529400925755,1,0,1,1,1,1,1,1,0.9699999999999999,1.0,1.0,1.0,0.8,skip,attack_already_active,1785296209.3304522,1785296209330452281,1384877547150965,7.7,53.359375,-1.0,0,0
2026-07-28T23:36:49.331,10.42.0.210,10.42.0.1|10.42.0.210,54,3,UPLOAD,0.95,UPLOAD,0.95,1,1448,100.0,34,0.0,49232.0,0,34,0.0,1.0,0.005916570906484425,1,0,1,1,1,1,1,1,0.9699999999999999,1.0,1.0,1.0,0.8,skip,attack_already_active,1785296209.331656,1785296209331655978,1384877548354918,7.7,53.359375,-1.0,0,0
2026-07-28T23:36:49.335,10.42.0.1,10.42.0.1|10.42.0.210,54,3,UPLOAD,0.95,UPLOAD,0.95,1,7240,100.0,1,0.0,7240.0,0,1,0.0,1.0,0.06304131929141785,1,0,1,1,1,1,1,1,0.9699999999999999,1.0,1.0,1.0,0.8,skip,attack_already_active,1785296209.3351526,1785296209335152753,1384877551852338,7.7,53.359375,-1.0,0,0
2026-07-28T23:36:49.336,10.42.0.1,10.42.0.1|10.42.0.210,54,3,UPLOAD,0.977719418592549,UPLOAD,0.977719418592549,1,5792,100.0,2,0.0,13032.0,0,2,0.0,1.0,0.05490427142800559,1,0,1,1,1,1,1,1,0.9699999999999999,1.0,1.0,1.0,0.8,skip,attack_already_active,1785296209.3364441,1785296209336444265,1384877553142967,7.7,53.359375,-1.0,0,0
2026-07-28T23:36:49.338,10.42.0.1,10.42.0.1|10.42.0.210,54,3,UPLOAD,0.980454913888173,UPLOAD,0.980454913888173,1,11584,100.0,3,0.0,24616.0,0,3,0.0,1.0,0.04798092022650269,1,0,1,1,1,1,1,1,0.9699999999999999,1.0,1.0,1.0,0.8,skip,attack_already_active,1785296209.338809,1785296209338809025,1384877555507623,7.7,53.359375,-1.0,0,0
2026-07-28T23:36:49.340,10.42.0.1,10.42.0.1|10.42.0.210,54,3,UPLOAD,0.9806885926510227,UPLOAD,0.9806885926510227,1,5792,100.0,4,0.0,30408.0,0,4,0.0,1.0,0.041820782584085676,1,0,1,1,1,1,1,1,0.9699999999999999,1.0,1.0,1.0,0.8,skip,attack_already_active,1785296209.3400424,1785296209340042185,1384877556740917,7.7,53.359375,-1.0,0,0
2026-07-28T23:36:49.341,10.42.0.1,10.42.0.1|10.42.0.210,54,3,UPLOAD,0.980770527198397,UPLOAD,0.980770527198397,1,11584,100.0,5,0.0,41992.0,0,5,0.0,1.0,0.03646988040862772,1,0,1,1,1,1,1,1,0.9699999999999999,1.0,1.0,1.0,0.8,skip,attack_already_active,1785296209.3412566,1785296209341256685,1384877557955815,7.7,53.359375,-1.0,0,0
2026-07-28T23:36:49.343,10.42.0.1,10.42.0.1|10.42.0.210,54,3,UPLOAD,0.9808084228247789,UPLOAD,0.9808084228247789,1,14480,100.0,6,0.0,56472.0,0,6,0.0,1.0,0.031902885568753404,1,0,1,1,1,1,1,1,0.9699999999999999,1.0,1.0,1.0,0.8,skip,attack_already_active,1785296209.3430688,1785296209343069016,1384877559767866,7.7,53.359375,-1.0,0,0
2026-07-28T23:36:49.344,10.42.0.1,10.42.0.1|10.42.0.210,54,3,UPLOAD,0.9810857387532224,UPLOAD,0.9810857387532224,1,8688,100.0,7,0.0,65160.0,0,7,0.0,1.0,0.02793277150324634,1,0,1,1,1,1,1,1,0.9699999999999999,1.0,1.0,1.0,0.8,skip,attack_already_active,1785296209.3448436,1785296209344843475,1384877561542575,7.7,53.359375,-1.0,0,0
2026-07-28T23:36:49.347,10.42.0.1,10.42.0.1|10.42.0.210,54,3,UPLOAD,0.9812060532975064,UPLOAD,0.9812060532975064,1,11584,100.0,8,0.0,76744.0,0,8,0.0,1.0,0.02456539759066619,1,0,1,1,1,1,1,1,0.9699999999999999,1.0,1.0,1.0,0.8,skip,attack_already_active,1785296209.3472223,1785296209347222375,1384877563921179,7.7,53.359375,-1.0,0,0
2026-07-28T23:36:49.572,10.42.0.47,10.42.0.1|10.42.0.210|10.42.0.47,54,3,UPLOAD,0.95,UPLOAD,0.95,1,7240,100.0,1,0.0,7240.0,0,1,0.0,1.0,0.13900356322957672,1,0,0,1,1,1,1,1,0.9699999999999999,1.0,1.0,1.0,0.8,trigger,training_upload_trigger_confirmed,1785296209.5724661,1785296209572466068,1384877789164938,7.7,53.359375,6.254156,1785296209578721833,1384877795419094
2026-07-28T23:36:49.573,10.42.0.47,10.42.0.1|10.42.0.210|10.42.0.47,54,3,UPLOAD,0.9556682096220137,UPLOAD,0.9556682096220137,1,7240,100.0,2,0.0,14480.0,0,2,0.0,1.0,0.12084686018652036,1,0,1,1,1,1,1,1,0.9699999999999999,1.0,1.0,1.0,0.8,skip,attack_already_active,1785296209.5736835,1785296209573683517,1384877790382464,7.7,53.359375,-1.0,0,0
2026-07-28T23:36:49.577,10.42.0.47,10.42.0.1|10.42.0.210|10.42.0.47,54,3,UPLOAD,0.9572715006002651,UPLOAD,0.9572715006002651,1,14480,100.0,3,0.0,28960.0,0,3,0.0,1.0,0.10546739126925021,1,0,1,1,1,1,1,1,0.9699999999999999,1.0,1.0,1.0,0.8,skip,attack_already_active,1785296209.5778198,1785296209577819985,1384877794520338,7.7,53.359375,-1.0,0,0
2026-07-28T23:36:49.579,10.42.0.47,10.42.0.1|10.42.0.210|10.42.0.47,54,3,UPLOAD,0.9586725084587312,UPLOAD,0.9586725084587312,1,14480,100.0,4,0.0,43440.0,0,4,0.0,1.0,0.09179549917303685,1,0,1,1,1,1,1,1,0.9699999999999999,1.0,1.0,1.0,0.8,skip,attack_already_active,1785296209.579535,1785296209579535041,1384877796233894,7.7,53.359375,-1.0,0,0
2026-07-28T23:36:49.583,10.42.0.47,10.42.0.1|10.42.0.210|10.42.0.47,54,3,UPLOAD,0.9524017050681133,UPLOAD,0.9524017050681133,1,21720,100.0,5,0.0,65160.0,0,5,0.0,1.0,0.08018192563736003,1,0,1,1,1,1,1,1,0.9699999999999999,1.0,1.0,1.0,0.8,skip,attack_already_active,1785296209.5831983,1785296209583198297,1384877799897421,7.7,53.359375,-1.0,0,0
2026-07-28T23:36:49.584,10.42.0.47,10.42.0.1|10.42.0.210|10.42.0.47,54,3,UPLOAD,0.9532705448394488,UPLOAD,0.9532705448394488,1,14368,100.0,6,0.0,79528.0,0,6,0.0,1.0,0.06976968930016889,1,0,1,1,1,1,1,1,0.9699999999999999,1.0,1.0,1.0,0.8,skip,attack_already_active,1785296209.5843647,1785296209584364479,1384877801063267,7.7,53.359375,-1.0,0,0
2026-07-28T23:36:49.585,10.42.0.1,10.42.0.1|10.42.0.210|10.42.0.47,54,3,UPLOAD,0.9811557500330444,UPLOAD,0.9811557500330444,1,7240,100.0,9,0.0,83984.0,0,9,0.0,1.0,0.05278901743749374,1,0,1,1,1,1,1,1,0.9699999999999999,1.0,1.0,1.0,0.8,skip,attack_already_active,1785296209.585969,1785296209585968959,1384877802667512,7.7,53.359375,-1.0,0,0
2026-07-28T23:36:49.587,10.42.0.1,10.42.0.1|10.42.0.210|10.42.0.47,54,3,UPLOAD,0.9808448387073729,UPLOAD,0.9808448387073729,1,7240,100.0,10,0.0,91224.0,0,10,0.0,1.0,0.0459772617047751,1,0,1,1,1,1,1,1,0.9699999999999999,1.0,1.0,1.0,0.8,skip,attack_already_active,1785296209.5870655,1785296209587065400,1384877803764033,7.7,53.359375,-1.0,0,0
2026-07-28T23:36:49.589,10.42.0.1,10.42.0.1|10.42.0.210|10.42.0.47,54,3,UPLOAD,0.9805656275025512,UPLOAD,0.9805656275025512,1,14480,100.0,11,0.0,105704.0,0,11,0.0,1.0,0.04029030127476953,1,0,1,1,1,1,1,1,0.9699999999999999,1.0,1.0,1.0,0.8,skip,attack_already_active,1785296209.589886,1785296209589885866,1384877806586407,7.7,53.359375,-1.0,0,0
2026-07-28T23:36:49.591,10.42.0.1,10.42.0.1|10.42.0.210|10.42.0.47,54,3,UPLOAD,0.9802790143098851,UPLOAD,0.9802790143098851,1,14480,100.0,12,0.0,120184.0,0,12,0.0,1.0,0.03516731105798054,1,0,1,1,1,1,1,1,0.9699999999999999,1.0,1.0,1.0,0.8,skip,attack_already_active,1785296209.5912993,1785296209591299395,1384877807999080,7.7,53.359375,-1.0,0,0
2026-07-28T23:36:49.594,10.42.0.1,10.42.0.1|10.42.0.210|10.42.0.47,54,3,UPLOAD,0.980335844897988,UPLOAD,0.980335844897988,1,14480,100.0,13,0.0,134664.0,0,13,0.0,1.0,0.03092223141688831,1,0,1,1,1,1,1,1,0.9699999999999999,1.0,1.0,1.0,0.8,skip,attack_already_active,1785296209.5942519,1785296209594251742,1384877810950673,7.7,53.359375,-1.0,0,0
2026-07-28T23:36:49.595,10.42.0.1,10.42.0.1|10.42.0.210|10.42.0.47,54,3,UPLOAD,0.9807981465830776,UPLOAD,0.9807981465830776,1,11584,100.0,14,0.0,146248.0,0,14,0.0,1.0,0.02703707529971883,1,0,1,1,1,1,1,1,0.9699999999999999,1.0,1.0,1.0,0.8,skip,attack_already_active,1785296209.5956907,1785296209595690670,1384877812389257,7.7,53.359375,-1.0,0,0
2026-07-28T23:36:49.597,10.42.0.1,10.42.0.1|10.42.0.210|10.42.0.47,54,3,UPLOAD,0.980806454863034,UPLOAD,0.980806454863034,1,10024,100.0,15,0.0,156272.0,0,15,0.0,1.0,0.023691279610010264,1,0,1,1,1,1,1,1,0.9699999999999999,1.0,1.0,1.0,0.8,skip,attack_already_active,1785296209.5973375,1785296209597337655,1384877814036467,7.7,53.359375,-1.0,0,0
2026-07-28T23:36:49.867,10.42.0.1,10.42.0.1|10.42.0.210|10.42.0.47,54,3,UPLOAD,0.9794379724707867,UPLOAD,0.9794379724707867,0,43,100.0,15,0.0,156272.0,0,15,0.0,1.0,0.0512545767733303,1,0,1,1,1,1,1,1,0.8374999999999999,0.8500000000000001,1.0,0.6000000000000001,0.8,skip,attack_already_active,1785296209.867328,1785296209867328123,1384878084026964,49.5,53.359375,-1.0,0,0
2026-07-28T23:36:49.970,10.42.0.1,,55,1,DOWNLOAD,0.9764388795114618,DOWNLOAD,0.9764388795114618,-1,7240,21.584530383897164,16,7240.0,156272.0,1,15,0.04427809579725035,0.9557219042027496,0.05229687446010792,0,0,0,0,0,0,0,0,0.057499999999999996,0.1,0.0,0.0,0.15,skip,training_upload_trigger_not_confirmed,1785296209.9703343,1785296209970334119,1384878187032881,49.5,53.359375,-1.0,0,0
2026-07-28T23:36:49.971,10.42.0.1,,55,1,DOWNLOAD,0.95,DOWNLOAD,0.95,-1,7240,10.792265192693904,17,14480.0,156272.0,2,15,0.08480134932533732,0.9151986506746627,0.04553671242956232,0,0,0,0,0,0,0,0,0.057499999999999996,0.1,0.0,0.0,0.15,skip,training_upload_trigger_not_confirmed,1785296209.9713302,1785296209971330118,1384878188028624,49.5,53.359375,-1.0,0,0
2026-07-28T23:36:49.973,10.42.0.1,,55,1,DOWNLOAD,0.95,DOWNLOAD,0.95,-1,10136,6.348391290000472,18,24616.0,156272.0,3,15,0.13608420680199904,0.8639157931980009,0.03981455806085361,0,0,0,0,0,0,0,0,0.057499999999999996,0.1,0.0,0.0,0.15,skip,training_upload_trigger_not_confirmed,1785296209.973443,1785296209973443198,1384878190141748,49.5,53.359375,-1.0,0,0
2026-07-28T23:36:49.976,10.42.0.1,,55,1,DOWNLOAD,0.95,DOWNLOAD,0.95,-1,7240,4.905575087772929,19,31856.0,156272.0,4,15,0.1693315189658105,0.8306684810341894,0.03496673508148745,0,0,0,0,0,0,0,0,0.057499999999999996,0.1,0.0,0.0,0.15,skip,training_upload_trigger_not_confirmed,1785296209.9764688,1785296209976468745,1384878193167198,49.5,53.359375,-1.0,0,0
2026-07-28T23:36:49.977,10.42.0.1,,55,1,DOWNLOAD,0.95,DOWNLOAD,0.95,-1,7240,3.997135256727104,20,39096.0,156272.0,5,15,0.20011465541951598,0.799885344580484,0.03050991030506224,0,0,0,0,0,0,0,0,0.057499999999999996,0.1,0.0,0.0,0.15,skip,training_upload_trigger_not_confirmed,1785296209.977614,1785296209977613861,1384878194312367,49.5,53.359375,-1.0,0,0
2026-07-28T23:36:49.979,10.42.0.1,,55,1,DOWNLOAD,0.95,DOWNLOAD,0.95,-1,7240,3.372582872876973,21,46336.0,156272.0,6,15,0.2286977809365869,0.7713022190634131,0.02675298150012073,0,0,0,0,0,0,0,0,0.057499999999999996,0.1,0.0,0.0,0.15,skip,training_upload_trigger_not_confirmed,1785296209.9796135,1785296209979613411,1384878196312184,49.5,53.359375,-1.0,0,0
2026-07-28T23:36:49.980,10.42.0.1,,55,1,DOWNLOAD,0.95,DOWNLOAD,0.95,-1,7240,2.9168284306048076,22,53576.0,156272.0,7,15,0.25530860432312913,0.7446913956768709,0.023372487582163034,0,0,0,0,0,0,0,0,0.057499999999999996,0.1,0.0,0.0,0.15,skip,training_upload_trigger_not_confirmed,1785296209.980713,1785296209980712847,1384878197411586,49.5,53.359375,-1.0,0,0
2026-07-28T23:36:49.982,10.42.0.1,,55,1,DOWNLOAD,0.95,DOWNLOAD,0.95,-1,7240,2.569586950776612,23,60816.0,156272.0,8,15,0.2801444575471698,0.7198555424528302,0.02056890719754092,0,0,0,0,0,0,0,0,0.057499999999999996,0.1,0.0,0.0,0.15,skip,training_upload_trigger_not_confirmed,1785296209.9828098,1785296209982809821,1384878199508406,49.5,53.359375,-1.0,0,0
2026-07-28T23:36:49.983,10.42.0.1,,55,1,DOWNLOAD,0.95,DOWNLOAD,0.95,-1,7240,2.2962266368682234,24,68056.0,156272.0,9,15,0.3033771976748333,0.6966228023251667,0.018004133240270455,0,0,0,0,0,0,0,0,0.057499999999999996,0.1,0.0,0.0,0.15,skip,training_upload_trigger_not_confirmed,1785296209.9839153,1785296209983915285,1384878200613595,49.5,53.359375,-1.0,0,0
2026-07-28T23:36:49.985,10.42.0.1,,55,1,DOWNLOAD,0.95,DOWNLOAD,0.95,-1,4344,2.1584530386580325,25,72400.0,156272.0,10,15,0.31661069129582986,0.6833893087041701,0.01584418740964602,0,0,0,0,0,0,0,0,0.057499999999999996,0.1,0.0,0.0,0.15,skip,training_upload_trigger_not_confirmed,1785296209.9855282,1785296209985528301,1384878202226638,49.5,53.359375,-1.0,0,0
2026-07-28T23:36:49.986,10.42.0.1,,55,1,DOWNLOAD,0.95,DOWNLOAD,0.95,-1,7240,1.96223003514613,26,79640.0,156272.0,11,15,0.33758350571399504,0.6624164942860049,0.013896544250795392,0,0,0,0,0,0,0,0,0.057499999999999996,0.1,0.0,0.0,0.15,skip,training_upload_trigger_not_confirmed,1785296209.9865923,1785296209986592223,1384878203290637,49.5,53.359375,-1.0,0,0
2026-07-28T23:36:49.987,10.42.0.1,,55,1,DOWNLOAD,0.95,DOWNLOAD,0.95,-1,18824,1.5870978225484738,27,98464.0,156272.0,12,15,0.38653350920168333,0.6134664907983167,0.012205927744369387,0,0,0,0,0,0,0,0,0.057499999999999996,0.1,0.0,0.0,0.15,skip,training_upload_trigger_not_confirmed,1785296209.9876592,1785296209987659391,1384878204357881,49.5,53.359375,-1.0,0,0
2026-07-28T23:36:49.988,10.42.0.1,,55,1,DOWNLOAD,0.95,DOWNLOAD,0.95,-1,14480,1.3836237427363685,28,112944.0,156272.0,13,15,0.4195292998930227,0.5804707001069773,0.010742772534761101,0,0,0,0,0,0,0,0,0.057499999999999996,0.1,0.0,0.0,0.15,skip,training_upload_trigger_not_confirmed,1785296209.9887617,1785296209988761575,1384878205459952,49.5,53.359375,-1.0,0,0
2026-07-28T23:36:49.989,10.42.0.1,,55,1,DOWNLOAD,0.95,DOWNLOAD,0.95,-1,4344,1.3323784189317547,29,117288.0,156272.0,14,15,0.4287468928205878,0.5712531071794122,0.009477199282857476,0,0,0,0,0,0,0,0,0.057499999999999996,0.1,0.0,0.0,0.15,skip,training_upload_trigger_not_confirmed,1785296209.9899004,1785296209989900307,1384878206598858,49.5,53.359375,-1.0,0,0
2026-07-28T23:36:49.991,10.42.0.1,,55,1,DOWNLOAD,0.95,DOWNLOAD,0.95,-1,14480,1.1859632080612443,30,131768.0,156272.0,15,15,0.4574642410776281,0.5425357589223719,0.00838486827514692,0,0,0,0,0,0,0,0,0.039999999999999994,0.05,0.0,0.0,0.15,skip,training_upload_trigger_not_confirmed,1785296209.9910882,1785296209991088210,1384878207786652,49.5,53.359375,-1.0,0,0
2026-07-28T23:36:49.992,10.42.0.1,,55,1,DOWNLOAD,0.95,DOWNLOAD,0.95,-1,14480,1.0685411082540033,31,146248.0,156272.0,16,15,0.4834325003305567,0.5165674996694434,0.007427681710866765,0,0,0,0,0,0,0,0,0.039999999999999994,0.05,0.0,0.0,0.15,skip,training_upload_trigger_not_confirmed,1785296209.9922092,1785296209992209096,1384878208907582,49.5,53.359375,-1.0,0,0
2026-07-28T23:36:49.993,10.42.0.1,,55,1,DOWNLOAD,0.95,DOWNLOAD,0.95,-1,4344,1.0377178070545732,32,150592.0,156272.0,17,15,0.49074508577089526,0.5092549142291047,0.006667851328435554,0,0,0,0,0,0,0,0,0.039999999999999994,0.05,0.0,0.0,0.15,skip,training_upload_trigger_not_confirmed,1785296209.9938707,1785296209993870874,1384878210569609,49.5,53.359375,-1.0,0,0
2026-07-28T23:36:49.994,10.42.0.1,,55,1,DOWNLOAD,0.95,DOWNLOAD,0.95,-1,6784,0.9929849532330661,33,157376.0,156272.0,18,15,0.5017599347038718,0.49824006529612813,0.005921874786516275,0,0,0,0,0,0,0,0,0.039999999999999994,0.05,0.0,0.0,0.15,skip,training_upload_trigger_not_confirmed,1785296209.9948776,1785296209994877755,1384878211576460,49.5,53.359375,-1.0,0,0
2026-07-28T23:36:49.997,10.42.0.59,,18,1,DOWNLOAD,0.95,DOWNLOAD,0.95,-1,7300,1.3698630135109776e-10,1,7300.0,0.0,1,0,1.0,0.0,0.4656629384236342,0,0,0,0,0,0,0,0,0.0225,0.0,0.0,0.0,0.15,skip,already_attacked_this_round,1785296209.997004,1785296209997003915,1384878213703445,49.5,53.359375,-1.0,0,0
2026-07-28T23:36:49.998,10.42.0.59,,18,1,DOWNLOAD,0.95,DOWNLOAD,0.95,-1,7300,6.84931506802402e-11,2,14600.0,0.0,2,0,1.0,0.0,0.4044604613126378,0,0,0,0,0,0,0,0,0.0225,0.0,0.0,0.0,0.15,skip,already_attacked_this_round,1785296209.9982183,1785296209998218198,1384878214916812,49.5,53.359375,-1.0,0,0
2026-07-28T23:36:49.999,10.42.0.1,,55,1,DOWNLOAD,0.95,DOWNLOAD,0.95,-1,18824,0.8869012485817996,34,176200.0,156272.0,19,15,0.529969441035636,0.4700305589643639,0.005757336939338022,0,0,0,0,0,0,0,0,0.039999999999999994,0.05,0.0,0.0,0.15,skip,training_upload_trigger_not_confirmed,1785296209.9995508,1785296209999550642,1384878216249226,49.5,53.359375,-1.0,0,0
2026-07-28T23:36:50.001,10.42.0.1,,55,1,DOWNLOAD,0.95,DOWNLOAD,0.95,-1,10136,0.8386570496316403,35,186336.0,156272.0,20,15,0.5438752159902863,0.45612478400971374,0.005307752106606777,0,0,0,0,0,0,0,0,0.039999999999999994,0.05,0.0,0.0,0.15,skip,training_upload_trigger_not_confirmed,1785296210.0018964,1785296210001896454,1384878218596549,49.5,53.359375,-1.0,0,0
2026-07-28T23:36:50.003,10.42.0.1,,55,1,DOWNLOAD,0.95,DOWNLOAD,0.95,-1,18824,0.7617079352711946,36,205160.0,156272.0,21,15,0.5676309789946656,0.43236902100533436,0.004804213890142101,0,0,0,0,0,0,0,0,0.0225,0.0,0.0,0.0,0.15,skip,training_upload_trigger_not_confirmed,1785296210.003383,1785296210003383106,1384878220083422,49.5,53.359375,-1.0,0,0
2026-07-28T23:36:50.004,10.42.0.1,,55,1,DOWNLOAD,0.95,DOWNLOAD,0.95,-1,21720,0.6887870239788048,37,226880.0,156272.0,22,15,0.592140977993068,0.40785902200693197,0.004358043754925787,0,0,0,0,0,0,0,0,0.0225,0.0,0.0,0.0,0.15,skip,training_upload_trigger_not_confirmed,1785296210.0048013,1785296210004801238,1384878221500131,49.5,53.359375,-1.0,0,0
2026-07-28T23:36:50.006,10.42.0.1,,55,1,DOWNLOAD,0.95,DOWNLOAD,0.95,-1,18824,0.6360173216568065,38,245704.0,156272.0,23,15,0.6112404720679842,0.38875952793201585,0.003945187874680614,0,0,0,0,0,0,0,0,0.0225,0.0,0.0,0.0,0.15,skip,training_upload_trigger_not_confirmed,1785296210.0060263,1785296210006026266,1384878222725203,49.5,53.359375,-1.0,0,0
2026-07-28T23:36:50.007,10.42.0.1,,55,1,DOWNLOAD,0.95,DOWNLOAD,0.95,-1,16920,0.5950408188147502,39,262624.0,156272.0,24,15,0.6269432030862075,0.37305679691379245,0.003588149645413035,0,0,0,0,0,0,0,0,0.0225,0.0,0.0,0.0,0.15,skip,training_upload_trigger_not_confirmed,1785296210.007262,1785296210007261885,1384878223960522,49.5,53.359375,-1.0,0,0
2026-07-28T23:36:50.008,10.42.0.59,,18,1,DOWNLOAD,0.9505194308128169,DOWNLOAD,0.9505194308128169,-1,14600,3.424657534129292e-11,3,29200.0,0.0,3,0,1.0,0.0,0.3525715016655793,0,0,0,0,0,0,0,0,0.0225,0.0,0.0,0.0,0.15,skip,already_attacked_this_round,1785296210.0089078,1785296210008907875,1384878225606423,49.5,53.359375,-1.0,0,0
2026-07-28T23:36:50.010,10.42.0.59,,18,1,DOWNLOAD,0.9609817053525139,DOWNLOAD,0.9609817053525139,-1,14600,2.2831050227789245e-11,4,43800.0,0.0,4,0,1.0,0.0,0.30626571348873843,0,0,0,0,0,0,0,0,0.0225,0.0,0.0,0.0,0.15,skip,already_attacked_this_round,1785296210.0100775,1785296210010077526,1384878226776462,49.5,53.359375,-1.0,0,0
2026-07-28T23:36:50.015,10.42.0.210,,55,1,DOWNLOAD,0.9830347124474018,DOWNLOAD,0.9830347124474018,-1,10136,4.8571428567623185,35,10136.0,49232.0,1,34,0.17073170731707318,0.8292682926829268,0.018724915879685645,0,0,0,0,0,0,0,0,0.057499999999999996,0.1,0.0,0.0,0.15,skip,training_upload_trigger_not_confirmed,1785296210.0152435,1785296210015243594,1384878231942391,49.5,53.359375,-1.0,0,0
2026-07-28T23:36:50.016,10.42.0.210,,55,1,DOWNLOAD,0.95,DOWNLOAD,0.95,-1,4344,3.3999999998342543,36,14480.0,49232.0,2,34,0.22727272727272727,0.7727272727272727,0.016408819462945912,0,0,0,0,0,0,0,0,0.057499999999999996,0.1,0.0,0.0,0.15,skip,training_upload_trigger_not_confirmed,1785296210.0163922,1785296210016392093,1384878233090585,49.5,53.359375,-1.0,0,0
2026-07-28T23:36:50.018,10.42.0.210,,55,1,DOWNLOAD,0.9557926560077417,DOWNLOAD,0.9557926560077417,-1,14480,1.6999999999758286,37,28960.0,49232.0,3,34,0.37037037037037035,0.6296296296296297,0.014458718248098603,0,0,0,0,0,0,0,0,0.057499999999999996,0.1,0.0,0.0,0.15,skip,training_upload_trigger_not_confirmed,1785296210.0180023,1785296210018002091,1384878234700563,49.5,53.359375,-1.0,0,0
2026-07-28T23:36:50.019,10.42.0.145,,24,1,DOWNLOAD,0.95,DOWNLOAD,0.95,-1,14600,6.84931506802402e-11,1,14600.0,0.0,1,0,1.0,0.0,0.37113553154464285,0,0,0,0,0,0,0,0,0.0225,0.0,0.0,0.0,0.15,skip,training_upload_trigger_not_confirmed,1785296210.019568,1785296210019567897,1384878236266418,49.5,53.359375,-1.0,0,0
2026-07-28T23:36:50.020,10.42.0.145,,24,1,DOWNLOAD,0.95,DOWNLOAD,0.95,-1,14600,3.424657534129292e-11,2,29200.0,0.0,2,0,1.0,0.0,0.3223739272775222,0,0,0,0,0,0,0,0,0.0225,0.0,0.0,0.0,0.15,skip,training_upload_trigger_not_confirmed,1785296210.0206652,1785296210020665138,1384878237363707,49.5,53.359375,-1.0,0,0
2026-07-28T23:36:50.022,10.42.0.59,,18,1,DOWNLOAD,0.9720366450750958,DOWNLOAD,0.9720366450750958,-1,24820,1.4573010783815608e-11,5,68620.0,0.0,5,0,1.0,0.0,0.26752181632111677,0,0,0,0,0,0,0,0,0.0225,0.0,0.0,0.0,0.15,skip,already_attacked_this_round,1785296210.0223265,1785296210022326529,1384878239025312,49.5,53.359375,-1.0,0,0
2026-07-28T23:36:50.023,10.42.0.59,,18,1,DOWNLOAD,0.9757010042042691,DOWNLOAD,0.9757010042042691,-1,10564,1.2628813901638856e-11,6,79184.0,0.0,6,0,1.0,0.0,0.23244687410985596,0,0,0,0,0,0,0,0,0.0225,0.0,0.0,0.0,0.15,skip,already_attacked_this_round,1785296210.0236742,1785296210023674405,1384878240374278,49.5,53.359375,-1.0,0,0
2026-07-28T23:36:50.025,10.42.0.18,,41,1,DOWNLOAD,0.95,DOWNLOAD,0.95,-1,11680,8.56164383488342e-11,1,11680.0,0.0,1,0,1.0,0.0,0.45553352529845637,0,0,0,0,0,0,0,0,0.0225,0.0,0.0,0.0,0.15,skip,training_upload_trigger_not_confirmed,1785296210.0259721,1785296210025972196,1384878242671960,49.5,53.359375,-1.0,0,0
2026-07-28T23:36:50.027,10.42.0.18,,41,1,DOWNLOAD,0.95,DOWNLOAD,0.95,-1,5840,5.70776255675184e-11,2,17520.0,0.0,2,0,1.0,0.0,0.39566248455062786,0,0,0,0,0,0,0,0,0.0225,0.0,0.0,0.0,0.15,skip,training_upload_trigger_not_confirmed,1785296210.027161,1785296210027160743,1384878243859452,49.5,53.359375,-1.0,0,0
2026-07-28T23:36:50.028,10.42.0.18,,41,1,DOWNLOAD,0.9518965471668712,DOWNLOAD,0.9518965471668712,-1,11680,3.424657534129292e-11,3,29200.0,0.0,3,0,1.0,0.0,0.3436666862739345,0,0,0,0,0,0,0,0,0.0225,0.0,0.0,0.0,0.15,skip,training_upload_trigger_not_confirmed,1785296210.0282416,1785296210028241544,1384878244940123,49.5,53.359375,-1.0,0,0
2026-07-28T23:36:50.029,10.42.0.210,,55,1,DOWNLOAD,0.9846998846180315,DOWNLOAD,0.9846998846180315,-1,14480,1.133333333330264,38,43440.0,49232.0,4,34,0.46875,0.53125,0.01412354839255738,0,0,0,0,0,0,0,0,0.039999999999999994,0.05,0.0,0.0,0.15,skip,training_upload_trigger_not_confirmed,1785296210.0299175,1785296210029917432,1384878246616499,49.5,53.359375,-1.0,0,0
2026-07-28T23:36:50.032,10.42.0.210,,55,1,DOWNLOAD,0.9854895428954357,DOWNLOAD,0.9854895428954357,-1,5792,1.0,39,49232.0,49232.0,5,34,0.5,0.5,0.012541852387173574,0,0,0,0,0,0,0,0,0.039999999999999994,0.05,0.0,0.0,0.15,skip,training_upload_trigger_not_confirmed,1785296210.032038,1785296210032037826,1384878248736449,49.5,53.359375,-1.0,0,0
2026-07-28T23:36:50.033,10.42.0.210,,55,1,DOWNLOAD,0.9855083405864443,DOWNLOAD,0.9855083405864443,-1,8688,0.8500000000025898,40,57920.0,49232.0,6,34,0.5405405405405406,0.4594594594594595,0.011108356220435904,0,0,0,0,0,0,0,0,0.039999999999999994,0.05,0.0,0.0,0.15,skip,training_upload_trigger_not_confirmed,1785296210.0337014,1785296210033701291,1384878250399925,49.5,53.359375,-1.0,0,0
2026-07-28T23:36:50.035,10.42.0.210,,55,1,DOWNLOAD,0.9855087208476458,DOWNLOAD,0.9855087208476458,-1,6784,0.7608803165219943,41,64704.0,49232.0,7,34,0.5678977671675326,0.43210223283246735,0.009851411179306312,0,0,0,0,0,0,0,0,0.0225,0.0,0.0,0.0,0.15,skip,training_upload_trigger_not_confirmed,1785296210.0352712,1785296210035271111,1384878251969868,49.5,53.359375,-1.0,0,0
2026-07-28T23:36:50.036,10.42.0.18,,41,1,DOWNLOAD,0.9536995382720931,DOWNLOAD,0.9536995382720931,-1,14600,2.2831050227789245e-11,4,43800.0,0.0,4,0,1.0,0.0,0.2995147079286253,0,0,0,0,0,0,0,0,0.0225,0.0,0.0,0.0,0.15,skip,training_upload_trigger_not_confirmed,1785296210.0368512,1785296210036851232,1384878253549698,49.5,53.359375,-1.0,0,0
2026-07-28T23:36:50.037,10.42.0.18,,41,1,DOWNLOAD,0.9538758494970401,DOWNLOAD,0.9538758494970401,-1,8760,1.9025875189896766e-11,5,52560.0,0.0,5,0,1.0,0.0,0.2601905540553364,0,0,0,0,0,0,0,0,0.0225,0.0,0.0,0.0,0.15,skip,training_upload_trigger_not_confirmed,1785296210.0379457,1785296210037945842,1384878254644282,49.5,53.359375,-1.0,0,0
2026-07-28T23:36:50.041,10.42.0.18,,41,1,DOWNLOAD,0.9579122563179617,DOWNLOAD,0.9579122563179617,-1,13497,1.5138441043112185e-11,6,66057.0,0.0,6,0,1.0,0.0,0.2264088038532166,0,0,0,0,0,0,0,0,0.0225,0.0,0.0,0.0,0.15,skip,training_upload_trigger_not_confirmed,1785296210.041776,1785296210041775881,1384878258474855,49.5,53.359375,-1.0,0,0
2026-07-28T23:36:50.043,10.42.0.145,,24,1,DOWNLOAD,0.95,DOWNLOAD,0.95,-1,29200,1.7123287670939668e-11,3,58400.0,0.0,3,0,1.0,0.0,0.2829507921523841,0,0,0,0,0,0,0,0,0.0225,0.0,0.0,0.0,0.15,skip,training_upload_trigger_not_confirmed,1785296210.0438678,1785296210043867918,1384878260566544,49.5,53.359375,-1.0,0,0
2026-07-28T23:36:50.044,10.42.0.145,,24,1,DOWNLOAD,0.9534548689973416,DOWNLOAD,0.9534548689973416,-1,6184,1.5483711135645304e-11,4,64584.0,0.0,4,0,1.0,0.0,0.24580833412214012,0,0,0,0,0,0,0,0,0.0225,0.0,0.0,0.0,0.15,skip,training_upload_trigger_not_confirmed,1785296210.0449548,1785296210044954787,1384878261653356,49.5,53.359375,-1.0,0,0
2026-07-28T23:36:50.049,10.42.0.47,,55,1,DOWNLOAD,0.95,DOWNLOAD,0.95,-1,2896,27.46132595771363,7,2896.0,79528.0,1,6,0.03513539745705135,0.9648646025429487,0.24840589912884498,0,0,0,0,0,0,0,0,0.057499999999999996,0.1,0.0,0.0,0.15,skip,training_upload_trigger_not_confirmed,1785296210.0499358,1785296210049935998,1384878266634806,49.5,53.359375,-1.0,0,0
2026-07-28T23:36:50.051,10.42.0.47,,55,1,DOWNLOAD,0.95,DOWNLOAD,0.95,-1,8688,6.865331491206376,8,11584.0,79528.0,2,6,0.12714022302221442,0.8728597769777856,0.21581827792952005,0,0,0,0,0,0,0,0,0.057499999999999996,0.1,0.0,0.0,0.15,skip,training_upload_trigger_not_confirmed,1785296210.0510433,1785296210051043369,1384878267741934,49.5,53.359375,-1.0,0,0
2026-07-28T23:36:50.052,10.42.0.47,,55,1,DOWNLOAD,0.95,DOWNLOAD,0.95,-1,8688,3.9230465665487837,9,20272.0,79528.0,3,6,0.20312625250501,0.79687374749499,0.18751469393874529,0,0,0,0,0,0,0,0,0.057499999999999996,0.1,0.0,0.0,0.15,skip,training_upload_trigger_not_confirmed,1785296210.0520735,1785296210052073369,1384878268771762,49.5,53.359375,-1.0,0,0
2026-07-28T23:36:50.055,10.42.0.210,,55,1,DOWNLOAD,0.9855087261970161,DOWNLOAD,0.9855087261970161,-1,992,0.7493911349283154,42,65696.0,49232.0,8,34,0.571627453710149,0.42837254628985105,0.01123186976894905,0,0,0,0,0,0,0,0,0.0225,0.0,0.0,0.0,0.15,skip,training_upload_trigger_not_confirmed,1785296210.0555985,1785296210055598494,1384878272296960,49.5,53.359375,-1.0,0,0
2026-07-28T23:36:50.061,10.42.0.47,,55,1,DOWNLOAD,0.95,DOWNLOAD,0.95,-1,8688,2.746132596624788,10,28960.0,79528.0,4,6,0.26694196593171593,0.7330580340682841,0.16410352927005126,0,0,0,0,0,0,0,0,0.057499999999999996,0.1,0.0,0.0,0.15,skip,training_upload_trigger_not_confirmed,1785296210.0619273,1785296210061927365,1384878278626732,49.5,53.359375,-1.0,0,0
2026-07-28T23:36:50.066,10.42.0.47,,55,1,DOWNLOAD,0.95,DOWNLOAD,0.95,-1,11584,1.961523283322772,11,40544.0,79528.0,5,6,0.33766406822573125,0.6623359317742687,0.14301994574261429,0,0,0,0,0,0,0,0,0.057499999999999996,0.1,0.0,0.0,0.15,skip,training_upload_trigger_not_confirmed,1785296210.0660334,1785296210066033328,1384878282732323,49.5,53.359375,-1.0,0,0
2026-07-28T23:36:50.067,10.42.0.47,,55,1,DOWNLOAD,0.95,DOWNLOAD,0.95,-1,17376,1.3730662983361002,12,57920.0,79528.0,6,6,0.4213957278388918,0.5786042721611082,0.12432333550118883,0,0,0,0,0,0,0,0,0.057499999999999996,0.1,0.0,0.0,0.15,skip,training_upload_trigger_not_confirmed,1785296210.06717,1785296210067169746,1384878283868238,49.5,53.359375,-1.0,0,0
2026-07-28T23:36:50.071,10.42.0.47,,55,1,DOWNLOAD,0.95,DOWNLOAD,0.95,-1,6797,1.2288579507667403,13,64717.0,79528.0,7,6,0.44866026552046867,0.5513397344795313,0.10852933194306846,0,0,0,0,0,0,0,0,0.057499999999999996,0.1,0.0,0.0,0.15,skip,training_upload_trigger_not_confirmed,1785296210.071637,1785296210071636938,1384878288336137,49.5,53.359375,-1.0,0,0
2026-07-28T23:36:50.100,10.42.0.59,,18,1,DOWNLOAD,0.9754834726182674,DOWNLOAD,0.9754834726182674,0,43,1.2628813901638856e-11,6,79184.0,0.0,6,0,1.0,0.0,0.3290234003162292,0,0,0,0,0,0,0,0,0.0225,0.0,0.0,0.0,0.15,skip,already_attacked_this_round,1785296210.100325,1785296210100325015,1384878317023719,49.5,53.359375,-1.0,0,0
2026-07-28T23:36:50.182,10.42.0.18,,41,1,DOWNLOAD,0.956814156336232,DOWNLOAD,0.956814156336232,0,43,1.5138441043112185e-11,6,66057.0,0.0,6,0,1.0,0.0,0.5434283990324914,0,0,0,0,0,0,0,0,0.0225,0.0,0.0,0.0,0.15,skip,training_upload_trigger_not_confirmed,1785296210.1822324,1785296210182232242,1384878398931114,49.5,53.359375,-1.0,0,0
2026-07-28T23:36:50.350,10.42.0.145,,24,2,TRAINING,0.95,TRAINING,0.95,1,64240,0.994673603369338,5,64584.0,64240.0,4,1,0.5013351549400733,0.4986648450599267,0.3074429648403373,0,0,0,0,1,0,0,0,0.4525,1.0,0.0,0.4,0.15,skip,training_upload_trigger_not_confirmed,1785296210.3503377,1785296210350337720,1384878567037524,49.5,53.359375,-1.0,0,0
2026-07-28T23:36:50.354,10.42.0.145,,24,3,UPLOAD,0.95,UPLOAD,0.95,1,5095,1.0735631116054507,6,64584.0,69335.0,4,2,0.48226166563370393,0.517738334366296,0.26748535537585527,0,0,0,1,1,1,1,1,0.85,1.0,1.0,0.4,0.8,trigger,training_upload_trigger_confirmed,1785296210.3545535,1785296210354553241,1384878571252344,49.5,53.359375,11.023785,1785296210365578868,1384878582276129
2026-07-28T23:36:50.356,10.42.0.1,,55,2,TRAINING,0.95,TRAINING,0.95,1,7240,0.33038869258205494,32,262624.0,86768.0,24,8,0.751660026560425,0.24833997343957503,0.003534997851307415,0,0,0,0,1,0,0,0,0.4525,1.0,0.0,0.4,0.15,skip,training_upload_trigger_not_confirmed,1785296210.3564112,1785296210356411164,1384878573109789,49.5,53.359375,-1.0,0,0
2026-07-28T23:36:50.357,10.42.0.1,10.42.0.1,55,3,UPLOAD,0.95,UPLOAD,0.95,1,5792,0.35244303643477953,33,262624.0,92560.0,24,9,0.739402675796207,0.26059732420379295,0.003243416740296306,1,0,0,1,1,1,1,1,0.9699999999999999,1.0,1.0,1.0,0.8,trigger,training_upload_trigger_confirmed,1785296210.3577335,1785296210357733276,1384878574432407,77.1,53.359375,23.338593,1785296210381073468,1384878597771000
2026-07-28T23:36:50.359,10.42.0.59,10.42.0.1,18,2,TRAINING,0.95,TRAINING,0.95,1,64240,0.811275005053909,7,79184.0,64240.0,6,1,0.5520972780008925,0.4479027219991075,0.3197897030648248,0,0,0,0,1,0,0,0,0.4525,1.0,0.0,0.4,0.15,skip,already_attacked_this_round,1785296210.3592765,1785296210359276427,1384878575976717,77.1,53.359375,-1.0,0,0
2026-07-28T23:36:50.361,10.42.0.1,10.42.0.1,55,3,UPLOAD,0.95,UPLOAD,0.95,1,5792,0.3744973802875042,34,262624.0,98352.0,24,10,0.7275386729311644,0.2724613270688356,0.0032863369219916796,1,0,1,1,1,1,1,1,0.9699999999999999,1.0,1.0,1.0,0.8,skip,attack_already_active,1785296210.3613026,1785296210361302526,1384878578012876,77.1,53.359375,-1.0,0,0
2026-07-28T23:36:50.363,10.42.0.1,10.42.0.1,55,3,UPLOAD,0.95,UPLOAD,0.95,1,14480,0.4296332399193157,35,262624.0,112832.0,24,11,0.699480098866445,0.3005199011335549,0.003120550135897172,1,0,1,1,1,1,1,1,0.9699999999999999,1.0,1.0,1.0,0.8,skip,attack_already_active,1785296210.3633308,1785296210363330793,1384878580031476,77.1,53.359375,-1.0,0,0
2026-07-28T23:36:50.366,10.42.0.1,10.42.0.1,55,3,UPLOAD,0.95,UPLOAD,0.95,1,8688,0.46271475569840254,36,262624.0,121520.0,24,12,0.6836602940563955,0.3163397059436045,0.003188834903749153,1,0,1,1,1,1,1,1,0.9699999999999999,1.0,1.0,1.0,0.8,skip,attack_already_active,1785296210.3669696,1785296210366969712,1384878583668973,77.1,53.359375,-1.0,0,0
2026-07-28T23:36:50.368,10.42.0.1,10.42.0.1,55,3,UPLOAD,0.95,UPLOAD,0.95,1,5792,0.4847690995511272,37,262624.0,127312.0,24,13,0.6735053957572524,0.3264946042427475,0.0029491527275885155,1,0,1,1,1,1,1,1,0.9699999999999999,1.0,1.0,1.0,0.8,skip,attack_already_active,1785296210.3683395,1785296210368339379,1384878585038415,77.1,53.359375,-1.0,0,0
2026-07-28T23:36:50.369,10.42.0.1,10.42.0.1,55,3,UPLOAD,0.95,UPLOAD,0.95,1,2798,0.49542311441644543,38,262624.0,130110.0,24,14,0.6687070638141847,0.33129293618581535,0.0027252829671009777,1,0,1,1,1,1,1,1,0.9699999999999999,1.0,1.0,1.0,0.8,skip,attack_already_active,1785296210.3695898,1785296210369589836,1384878586290113,77.1,53.359375,-1.0,0,0
2026-07-28T23:36:50.373,10.42.0.1,10.42.0.1,55,3,UPLOAD,0.95,UPLOAD,0.95,1,10136,0.5340182161587136,39,262624.0,140246.0,24,15,0.6518827413309505,0.3481172586690496,0.002831610241870489,1,0,1,1,1,1,1,1,0.9699999999999999,1.0,1.0,1.0,0.8,skip,attack_already_active,1785296210.373122,1785296210373122159,1384878589822102,77.1,53.359375,-1.0,0,0
2026-07-28T23:36:50.374,10.42.0.1,10.42.0.1,55,3,UPLOAD,0.95,UPLOAD,0.95,1,14480,0.589154075790525,40,262624.0,154726.0,24,16,0.6292656044087697,0.3707343955912304,0.002631586630106728,1,0,1,1,1,1,1,1,0.9699999999999999,1.0,1.0,1.0,0.8,skip,attack_already_active,1785296210.3744357,1785296210374435581,1384878591134304,77.1,53.359375,-1.0,0,0
2026-07-28T23:36:50.375,10.42.0.1,10.42.0.1,55,3,UPLOAD,0.95,UPLOAD,0.95,1,4344,0.6056948336800685,41,262624.0,159070.0,24,17,0.6227833452693186,0.3772166547306815,0.0024405785736792804,1,0,1,1,1,1,1,1,0.9699999999999999,1.0,1.0,1.0,0.8,skip,attack_already_active,1785296210.3756177,1785296210375617873,1384878592316864,77.1,53.359375,-1.0,0,0
2026-07-28T23:36:50.380,10.42.0.1,10.42.0.1,55,3,UPLOAD,0.95,UPLOAD,0.95,1,14480,0.66083069331188,42,262624.0,173550.0,24,18,0.6021083329130118,0.3978916670869882,0.002792312094468103,1,0,1,1,1,1,1,1,0.9699999999999999,1.0,1.0,1.0,0.8,skip,attack_already_active,1785296210.3807275,1785296210380727463,1384878597426564,77.1,53.359375,-1.0,0,0
2026-07-28T23:36:50.382,10.42.0.1,10.42.0.1,55,3,UPLOAD,0.95,UPLOAD,0.95,1,5792,0.6828850371646046,43,262624.0,179342.0,24,19,0.594217654751723,0.405782345248277,0.0026515364610537775,1,0,1,1,1,1,1,1,0.9699999999999999,1.0,1.0,1.0,0.8,skip,attack_already_active,1785296210.3824515,1785296210382451409,1384878599150511,77.1,53.359375,-1.0,0,0
2026-07-28T23:36:50.385,10.42.0.1,10.42.0.1,55,3,UPLOAD,0.95,UPLOAD,0.95,1,14480,0.7380208967964161,44,262624.0,193822.0,24,20,0.5753670751852354,0.4246329248147645,0.0026486350571063902,1,0,1,1,1,1,1,1,0.9699999999999999,1.0,1.0,1.0,0.8,skip,attack_already_active,1785296210.385081,1785296210385081155,1384878601779741,77.1,53.359375,-1.0,0,0
2026-07-28T23:36:50.386,10.42.0.1,10.42.0.1,55,3,UPLOAD,0.95,UPLOAD,0.95,1,1336,0.7431080175469755,45,262624.0,195158.0,24,21,0.573687912587214,0.426312087412786,0.002445955208784339,1,0,1,1,1,1,1,1,0.9699999999999999,1.0,1.0,1.0,0.8,skip,attack_already_active,1785296210.3861916,1785296210386191571,1384878602890228,77.1,53.359375,-1.0,0,0
2026-07-28T23:36:50.455,10.42.0.18,10.42.0.1,41,2,TRAINING,0.95,TRAINING,0.95,1,4380,0.06630637178396982,7,66057.0,4380.0,6,1,0.9378167724349419,0.06218322756505814,0.5077664499716968,0,0,0,0,1,1,0,0,0.5725,1.0,0.0,1.0,0.15,skip,training_upload_trigger_not_confirmed,1785296210.455032,1785296210455032058,1384878671730839,77.1,53.359375,-1.0,0,0
2026-07-28T23:36:50.456,10.42.0.18,10.42.0.1,41,3,UPLOAD,0.95,UPLOAD,0.95,1,64240,1.0387998243934966,8,66057.0,68620.0,6,2,0.49048464103002,0.50951535896998,0.4410301627814586,0,0,0,1,1,1,1,1,0.9699999999999999,1.0,1.0,1.0,0.8,trigger,training_upload_trigger_confirmed,1785296210.4563553,1785296210456355321,1384878673053722,77.1,53.359375,13.891315,1785296210470247763,1384878686945037
2026-07-28T23:36:50.459,10.42.0.1,10.42.0.1,55,3,UPLOAD,0.95,UPLOAD,0.95,1,14480,0.798243877178787,46,262624.0,209638.0,24,22,0.5560980980896197,0.44390190191038026,0.011789794492514851,1,0,1,1,1,1,1,1,0.9699999999999999,1.0,1.0,1.0,0.8,skip,attack_already_active,1785296210.4595454,1785296210459545278,1384878676244024,77.1,53.359375,-1.0,0,0
2026-07-28T23:36:50.460,10.42.0.1,10.42.0.1,55,3,UPLOAD,0.95,UPLOAD,0.95,1,14480,0.8533797368105985,47,262624.0,224118.0,24,23,0.5395548360322306,0.46044516396776936,0.010350937228989433,1,0,1,1,1,1,1,1,0.9699999999999999,1.0,1.0,1.0,0.8,skip,attack_already_active,1785296210.460416,1785296210460416020,1384878677114312,77.1,53.359375,-1.0,0,0
2026-07-28T23:36:50.461,10.42.0.1,10.42.0.1,55,3,UPLOAD,0.95,UPLOAD,0.95,1,14480,0.90851559644241,48,262624.0,238598.0,24,24,0.5239674236166808,0.4760325763833192,0.009125279145715483,1,0,1,1,1,1,1,1,0.9699999999999999,1.0,1.0,1.0,0.8,skip,attack_already_active,1785296210.4614658,1785296210461465789,1384878678164051,77.1,53.359375,-1.0,0,0
2026-07-28T23:36:50.462,10.42.0.1,10.42.0.1,55,3,UPLOAD,0.95,UPLOAD,0.95,1,21608,0.9907929206775055,49,262624.0,260206.0,24,25,0.5023124151253754,0.49768758487462467,0.008061728437430754,1,0,1,1,1,1,1,1,0.9699999999999999,1.0,1.0,1.0,0.8,skip,attack_already_active,1785296210.4625201,1785296210462520163,1384878679218349,77.1,53.359375,-1.0,0,0
2026-07-28T23:36:51.271,10.42.0.1,10.42.0.1,55,3,UPLOAD,0.7439936030489196,UPLOAD,0.7439936030489196,0,43,100.0,18,0.0,180678.0,0,18,0.0,1.0,0.1499518301897859,1,0,1,0,0,0,0,0,0.45499999999999996,0.1,1.0,0.0,0.8,skip,attack_already_active,1785296211.2717512,1785296211271751149,1384879488450162,25.1,53.359375,-1.0,0,0
2026-07-28T23:36:52.010,10.42.0.210,10.42.0.1|10.42.0.210,55,3,UPLOAD,0.95,UPLOAD,0.95,1,1448,100.0,1,0.0,1448.0,0,1,0.0,1.0,0.290883872847256,1,0,0,1,1,1,1,1,0.9525,0.95,1.0,1.0,0.8,trigger,training_upload_trigger_confirmed,1785296212.0104697,1785296212010469525,1384880227168329,7.5,53.359375,6.692233,1785296212017163180,1384880233860562
2026-07-28T23:36:52.012,10.42.0.210,10.42.0.1|10.42.0.210,55,3,UPLOAD,0.9841010226033655,UPLOAD,0.9841010226033655,1,1448,100.0,2,0.0,2896.0,0,2,0.0,1.0,0.25286512620862234,1,0,1,1,1,1,1,1,0.9699999999999999,1.0,1.0,1.0,0.8,skip,attack_already_active,1785296212.0128398,1785296212012839721,1384880229539379,7.5,53.359375,-1.0,0,0
2026-07-28T23:36:52.014,10.42.0.210,10.42.0.1|10.42.0.210,55,3,UPLOAD,0.9854688349332961,UPLOAD,0.9854688349332961,1,1448,100.0,3,0.0,4344.0,0,3,0.0,1.0,0.2197520365082815,1,0,1,1,1,1,1,1,0.9699999999999999,1.0,1.0,1.0,0.8,skip,attack_already_active,1785296212.0144188,1785296212014418893,1384880231117580,7.5,53.359375,-1.0,0,0
2026-07-28T23:36:52.015,10.42.0.210,10.42.0.1|10.42.0.210,55,3,UPLOAD,0.9855076450773014,UPLOAD,0.9855076450773014,1,1448,100.0,4,0.0,5792.0,0,4,0.0,1.0,0.19092081541337685,1,0,1,1,1,1,1,1,0.9699999999999999,1.0,1.0,1.0,0.8,skip,attack_already_active,1785296212.0153787,1785296212015378690,1384880232077071,7.5,53.359375,-1.0,0,0
2026-07-28T23:36:52.016,10.42.0.210,10.42.0.1|10.42.0.210,55,3,UPLOAD,0.9855086980780915,UPLOAD,0.9855086980780915,1,1448,100.0,5,0.0,7240.0,0,5,0.0,1.0,0.16590901460342583,1,0,1,1,1,1,1,1,0.9699999999999999,1.0,1.0,1.0,0.8,skip,attack_already_active,1785296212.016492,1785296212016491758,1384880233190432,7.5,53.359375,-1.0,0,0
2026-07-28T23:36:52.017,10.42.0.210,10.42.0.1|10.42.0.210,55,3,UPLOAD,0.9855087254685951,UPLOAD,0.9855087254685951,1,1448,100.0,6,0.0,8688.0,0,6,0.0,1.0,0.14414380511249883,1,0,1,1,1,1,1,1,0.9699999999999999,1.0,1.0,1.0,0.8,skip,attack_already_active,1785296212.0172307,1785296212017230899,1384880233929585,7.5,53.359375,-1.0,0,0
2026-07-28T23:36:52.018,10.42.0.210,10.42.0.1|10.42.0.210,55,3,UPLOAD,0.9855087261493067,UPLOAD,0.9855087261493067,1,1448,100.0,7,0.0,10136.0,0,7,0.0,1.0,0.12534248644171858,1,0,1,1,1,1,1,1,0.9699999999999999,1.0,1.0,1.0,0.8,skip,attack_already_active,1785296212.0186965,1785296212018696323,1384880235394681,7.5,53.359375,-1.0,0,0
2026-07-28T23:36:52.019,10.42.0.210,10.42.0.1|10.42.0.210,55,3,UPLOAD,0.9855087261653082,UPLOAD,0.9855087261653082,1,1448,100.0,8,0.0,11584.0,0,8,0.0,1.0,0.10892121310584993,1,0,1,1,1,1,1,1,0.9699999999999999,1.0,1.0,1.0,0.8,skip,attack_already_active,1785296212.0194225,1785296212019422412,1384880236120699,7.5,53.359375,-1.0,0,0
2026-07-28T23:36:52.020,10.42.0.210,10.42.0.1|10.42.0.210,55,3,UPLOAD,0.985508726165656,UPLOAD,0.985508726165656,1,1448,100.0,9,0.0,13032.0,0,9,0.0,1.0,0.09468825572384212,1,0,1,1,1,1,1,1,0.9699999999999999,1.0,1.0,1.0,0.8,skip,attack_already_active,1785296212.0203338,1785296212020333840,1384880237031949,7.5,53.359375,-1.0,0,0
2026-07-28T23:36:52.020,10.42.0.210,10.42.0.1|10.42.0.210,55,3,UPLOAD,0.9855087261656625,UPLOAD,0.9855087261656625,1,1448,100.0,10,0.0,14480.0,0,10,0.0,1.0,0.08229260366500503,1,0,1,1,1,1,1,1,0.9699999999999999,1.0,1.0,1.0,0.8,skip,attack_already_active,1785296212.0209548,1785296212020954944,1384880237652990,7.5,53.359375,-1.0,0,0
2026-07-28T23:36:52.021,10.42.0.210,10.42.0.1|10.42.0.210,55,3,UPLOAD,0.95,UPLOAD,0.95,1,1448,100.0,11,0.0,15928.0,0,11,0.0,1.0,0.07156390452437492,1,0,1,1,1,1,1,1,0.9699999999999999,1.0,1.0,1.0,0.8,skip,attack_already_active,1785296212.0218303,1785296212021830489,1384880238528571,7.5,53.359375,-1.0,0,0
2026-07-28T23:36:52.022,10.42.0.210,10.42.0.1|10.42.0.210,55,3,UPLOAD,0.95,UPLOAD,0.95,1,1448,100.0,12,0.0,17376.0,0,12,0.0,1.0,0.062243790129317404,1,0,1,1,1,1,1,1,0.9699999999999999,1.0,1.0,1.0,0.8,skip,attack_already_active,1785296212.0226665,1785296212022666583,1384880239364693,7.5,53.359375,-1.0,0,0
2026-07-28T23:36:52.023,10.42.0.210,10.42.0.1|10.42.0.210,55,3,UPLOAD,0.95,UPLOAD,0.95,1,1448,100.0,13,0.0,18824.0,0,13,0.0,1.0,0.054157326916989844,1,0,1,1,1,1,1,1,0.9699999999999999,1.0,1.0,1.0,0.8,skip,attack_already_active,1785296212.0235443,1785296212023544222,1384880240242279,7.5,53.359375,-1.0,0,0
2026-07-28T23:36:52.024,10.42.0.210,10.42.0.1|10.42.0.210,55,3,UPLOAD,0.95,UPLOAD,0.95,1,1448,100.0,14,0.0,20272.0,0,14,0.0,1.0,0.04709853219853353,1,0,1,1,1,1,1,1,0.9699999999999999,1.0,1.0,1.0,0.8,skip,attack_already_active,1785296212.0241344,1785296212024134500,1384880240832423,7.5,53.359375,-1.0,0,0
2026-07-28T23:36:52.025,10.42.0.210,10.42.0.1|10.42.0.210,55,3,UPLOAD,0.95,UPLOAD,0.95,1,1448,100.0,15,0.0,21720.0,0,15,0.0,1.0,0.04101750388902181,1,0,1,1,1,1,1,1,0.9699999999999999,1.0,1.0,1.0,0.8,skip,attack_already_active,1785296212.0250857,1785296212025085744,1384880241783958,7.5,53.359375,-1.0,0,0
2026-07-28T23:36:52.025,10.42.0.210,10.42.0.1|10.42.0.210,55,3,UPLOAD,0.95,UPLOAD,0.95,1,1448,100.0,16,0.0,23168.0,0,16,0.0,1.0,0.035697805400588443,1,0,1,1,1,1,1,1,0.9699999999999999,1.0,1.0,1.0,0.8,skip,attack_already_active,1785296212.0257335,1785296212025733431,1384880242431484,7.5,53.359375,-1.0,0,0
2026-07-28T23:36:52.026,10.42.0.210,10.42.0.1|10.42.0.210,55,3,UPLOAD,0.95,UPLOAD,0.95,1,1448,100.0,17,0.0,24616.0,0,17,0.0,1.0,0.031116179982878498,1,0,1,1,1,1,1,1,0.9699999999999999,1.0,1.0,1.0,0.8,skip,attack_already_active,1785296212.0266626,1785296212026662599,1384880243361149,7.5,53.359375,-1.0,0,0
2026-07-28T23:36:52.027,10.42.0.210,10.42.0.1|10.42.0.210,55,3,UPLOAD,0.95,UPLOAD,0.95,1,1448,100.0,18,0.0,26064.0,0,18,0.0,1.0,0.027100092163132947,1,0,1,1,1,1,1,1,0.9699999999999999,1.0,1.0,1.0,0.8,skip,attack_already_active,1785296212.0273018,1785296212027301795,1384880243999808,7.5,53.359375,-1.0,0,0
2026-07-28T23:36:52.028,10.42.0.210,10.42.0.1|10.42.0.210,55,3,UPLOAD,0.95,UPLOAD,0.95,1,1448,100.0,19,0.0,27512.0,0,19,0.0,1.0,0.0236467132178351,1,0,1,1,1,1,1,1,0.9699999999999999,1.0,1.0,1.0,0.8,skip,attack_already_active,1785296212.0281951,1785296212028195175,1384880244893263,7.5,53.359375,-1.0,0,0
2026-07-28T23:36:52.028,10.42.0.210,10.42.0.1|10.42.0.210,55,3,UPLOAD,0.95,UPLOAD,0.95,1,1448,100.0,20,0.0,28960.0,0,20,0.0,1.0,0.020612899694356562,1,0,1,1,1,1,1,1,0.9699999999999999,1.0,1.0,1.0,0.8,skip,attack_already_active,1785296212.028819,1785296212028819249,1384880245517314,7.5,53.359375,-1.0,0,0
2026-07-28T23:36:52.029,10.42.0.210,10.42.0.1|10.42.0.210,55,3,UPLOAD,0.95,UPLOAD,0.95,1,1448,100.0,21,0.0,30408.0,0,21,0.0,1.0,0.01801226211928662,1,0,1,1,1,1,1,1,0.9699999999999999,1.0,1.0,1.0,0.8,skip,attack_already_active,1785296212.0296965,1785296212029696524,1384880246394543,7.5,53.359375,-1.0,0,0
2026-07-28T23:36:52.030,10.42.0.210,10.42.0.1|10.42.0.210,55,3,UPLOAD,0.95,UPLOAD,0.95,1,1448,100.0,22,0.0,31856.0,0,22,0.0,1.0,0.015761076937726725,1,0,1,1,1,1,1,1,0.9699999999999999,1.0,1.0,1.0,0.8,skip,attack_already_active,1785296212.030625,1785296212030625073,1384880247323113,7.5,53.359375,-1.0,0,0
2026-07-28T23:36:52.031,10.42.0.210,10.42.0.1|10.42.0.210,55,3,UPLOAD,0.95,UPLOAD,0.95,1,1448,100.0,23,0.0,33304.0,0,23,0.0,1.0,0.013813138158747495,1,0,1,1,1,1,1,1,0.9699999999999999,1.0,1.0,1.0,0.8,skip,attack_already_active,1785296212.0316038,1785296212031603592,1384880248302011,7.5,53.359375,-1.0,0,0
2026-07-28T23:36:52.032,10.42.0.210,10.42.0.1|10.42.0.210,55,3,UPLOAD,0.95,UPLOAD,0.95,1,1448,100.0,24,0.0,34752.0,0,24,0.0,1.0,0.012084281252111572,1,0,1,1,1,1,1,1,0.9699999999999999,1.0,1.0,1.0,0.8,skip,attack_already_active,1785296212.0322971,1785296212032297208,1384880248995297,7.5,53.359375,-1.0,0,0
2026-07-28T23:36:52.033,10.42.0.210,10.42.0.1|10.42.0.210,55,3,UPLOAD,0.95,UPLOAD,0.95,1,1448,100.0,25,0.0,36200.0,0,25,0.0,1.0,0.01061324724089507,1,0,1,1,1,1,1,1,0.9699999999999999,1.0,1.0,1.0,0.8,skip,attack_already_active,1785296212.0332181,1785296212033218126,1384880249916249,7.5,53.359375,-1.0,0,0
2026-07-28T23:36:52.033,10.42.0.210,10.42.0.1|10.42.0.210,55,3,UPLOAD,0.95,UPLOAD,0.95,1,1448,100.0,26,0.0,37648.0,0,26,0.0,1.0,0.009297351617731322,1,0,1,1,1,1,1,1,0.9699999999999999,1.0,1.0,1.0,0.8,skip,attack_already_active,1785296212.0338454,1785296212033845467,1384880250543536,7.5,53.359375,-1.0,0,0
2026-07-28T23:36:52.035,10.42.0.210,10.42.0.1|10.42.0.210,55,3,UPLOAD,0.95,UPLOAD,0.95,1,1448,100.0,27,0.0,39096.0,0,27,0.0,1.0,0.008240690001048935,1,0,1,1,1,1,1,1,0.9699999999999999,1.0,1.0,1.0,0.8,skip,attack_already_active,1785296212.035124,1785296212035123935,1384880251822514,7.5,53.359375,-1.0,0,0
2026-07-28T23:36:52.036,10.42.0.210,10.42.0.1|10.42.0.210,55,3,UPLOAD,0.95,UPLOAD,0.95,1,1448,100.0,28,0.0,40544.0,0,28,0.0,1.0,0.007319624979726311,1,0,1,1,1,1,1,1,0.9699999999999999,1.0,1.0,1.0,0.8,skip,attack_already_active,1785296212.036375,1785296212036374973,1384880253073934,7.5,53.359375,-1.0,0,0
2026-07-28T23:36:52.038,10.42.0.210,10.42.0.1|10.42.0.210,55,3,UPLOAD,0.95,UPLOAD,0.95,1,1448,100.0,29,0.0,41992.0,0,29,0.0,1.0,0.0065812597364104004,1,0,1,1,1,1,1,1,0.9699999999999999,1.0,1.0,1.0,0.8,skip,attack_already_active,1785296212.0380914,1785296212038091628,1384880254790067,7.5,53.359375,-1.0,0,0
2026-07-28T23:36:52.039,10.42.0.210,10.42.0.1|10.42.0.210,55,3,UPLOAD,0.95,UPLOAD,0.95,1,1448,100.0,30,0.0,43440.0,0,30,0.0,1.0,0.005851123620438745,1,0,1,1,1,1,1,1,0.9699999999999999,1.0,1.0,1.0,0.8,skip,attack_already_active,1785296212.0391319,1785296212039131852,1384880255830430,7.5,53.359375,-1.0,0,0
2026-07-28T23:36:52.040,10.42.0.210,10.42.0.1|10.42.0.210,55,3,UPLOAD,0.95,UPLOAD,0.95,1,1448,100.0,31,0.0,44888.0,0,31,0.0,1.0,0.005234323330769438,1,0,1,1,1,1,1,1,0.9699999999999999,1.0,1.0,1.0,0.8,skip,attack_already_active,1785296212.0403023,1785296212040302266,1384880257010170,7.5,53.359375,-1.0,0,0
2026-07-28T23:36:52.041,10.42.0.210,10.42.0.1|10.42.0.210,55,3,UPLOAD,0.95,UPLOAD,0.95,1,1448,100.0,32,0.0,46336.0,0,32,0.0,1.0,0.0046402393858979195,1,0,1,1,1,1,1,1,0.9699999999999999,1.0,1.0,1.0,0.8,skip,attack_already_active,1785296212.0410283,1785296212041028404,1384880257726518,7.5,53.359375,-1.0,0,0
2026-07-28T23:36:52.041,10.42.0.210,10.42.0.1|10.42.0.210,55,3,UPLOAD,0.95,UPLOAD,0.95,1,1448,100.0,33,0.0,47784.0,0,33,0.0,1.0,0.004150485629531928,1,0,1,1,1,1,1,1,0.9699999999999999,1.0,1.0,1.0,0.8,skip,attack_already_active,1785296212.041952,1785296212041951901,1384880258650071,7.5,53.359375,-1.0,0,0
2026-07-28T23:36:52.042,10.42.0.210,10.42.0.1|10.42.0.210,55,3,UPLOAD,0.95,UPLOAD,0.95,1,1448,100.0,34,0.0,49232.0,0,34,0.0,1.0,0.0036896414901018224,1,0,1,1,1,1,1,1,0.9699999999999999,1.0,1.0,1.0,0.8,skip,attack_already_active,1785296212.0426052,1785296212042605012,1384880259303486,7.5,53.359375,-1.0,0,0
2026-07-28T23:36:52.043,10.42.0.210,10.42.0.1|10.42.0.210,55,3,UPLOAD,0.95,UPLOAD,0.95,1,1448,100.0,35,0.0,50680.0,0,35,0.0,1.0,0.0033211308288388463,1,0,1,1,1,1,1,1,0.9699999999999999,1.0,1.0,1.0,0.8,skip,attack_already_active,1785296212.0434983,1785296212043498355,1384880260196518,7.5,53.359375,-1.0,0,0
2026-07-28T23:36:52.044,10.42.0.210,10.42.0.1|10.42.0.210,55,3,UPLOAD,0.95,UPLOAD,0.95,1,1448,100.0,36,0.0,52128.0,0,36,0.0,1.0,0.002967815098736328,1,0,1,1,1,1,1,1,0.9699999999999999,1.0,1.0,1.0,0.8,skip,attack_already_active,1785296212.0441382,1785296212044138306,1384880260836492,7.5,53.359375,-1.0,0,0
2026-07-28T23:36:52.045,10.42.0.210,10.42.0.1|10.42.0.210,55,3,UPLOAD,0.95,UPLOAD,0.95,1,1448,100.0,37,0.0,53576.0,0,37,0.0,1.0,0.0027042563984963864,1,0,1,1,1,1,1,1,0.9699999999999999,1.0,1.0,1.0,0.8,skip,attack_already_active,1785296212.045106,1785296212045105809,1384880261803947,7.5,53.359375,-1.0,0,0
2026-07-28T23:36:52.045,10.42.0.210,10.42.0.1|10.42.0.210,55,3,UPLOAD,0.95,UPLOAD,0.95,1,1448,100.0,38,0.0,55024.0,0,38,0.0,1.0,0.0024340826001758875,1,0,1,1,1,1,1,1,0.9699999999999999,1.0,1.0,1.0,0.8,skip,attack_already_active,1785296212.04576,1785296212045760005,1384880262458365,7.5,53.359375,-1.0,0,0
2026-07-28T23:36:52.046,10.42.0.210,10.42.0.1|10.42.0.210,55,3,UPLOAD,0.95,UPLOAD,0.95,1,1448,100.0,39,0.0,56472.0,0,39,0.0,1.0,0.002231525224370186,1,0,1,1,1,1,1,1,0.9699999999999999,1.0,1.0,1.0,0.8,skip,attack_already_active,1785296212.0466568,1785296212046656719,1384880263354944,7.5,53.359375,-1.0,0,0
2026-07-28T23:36:52.047,10.42.0.210,10.42.0.1|10.42.0.210,55,3,UPLOAD,0.95,UPLOAD,0.95,1,1448,100.0,40,0.0,57920.0,0,40,0.0,1.0,0.002026284393854752,1,0,1,1,1,1,1,1,0.9699999999999999,1.0,1.0,1.0,0.8,skip,attack_already_active,1785296212.0473309,1785296212047330814,1384880264028910,7.5,53.359375,-1.0,0,0
2026-07-28T23:36:52.048,10.42.0.210,10.42.0.1|10.42.0.210,55,3,UPLOAD,0.95,UPLOAD,0.95,1,1448,100.0,41,0.0,59368.0,0,41,0.0,1.0,0.0018772759051698842,1,0,1,1,1,1,1,1,0.9699999999999999,1.0,1.0,1.0,0.8,skip,attack_already_active,1785296212.0482264,1785296212048226330,1384880264924434,7.5,53.359375,-1.0,0,0
2026-07-28T23:36:52.048,10.42.0.210,10.42.0.1|10.42.0.210,55,3,UPLOAD,0.95,UPLOAD,0.95,1,1448,100.0,42,0.0,60816.0,0,42,0.0,1.0,0.0017159199346471236,1,0,1,1,1,1,1,1,0.9699999999999999,1.0,1.0,1.0,0.8,skip,attack_already_active,1785296212.0488791,1785296212048879225,1384880265577360,7.5,53.359375,-1.0,0,0
2026-07-28T23:36:52.049,10.42.0.210,10.42.0.1|10.42.0.210,55,3,UPLOAD,0.95,UPLOAD,0.95,1,1448,100.0,43,0.0,62264.0,0,43,0.0,1.0,0.0016167635399637914,1,0,1,1,1,1,1,1,0.9699999999999999,1.0,1.0,1.0,0.8,skip,attack_already_active,1785296212.0498426,1785296212049842732,1384880266541140,7.5,53.359375,-1.0,0,0
2026-07-28T23:36:52.050,10.42.0.210,10.42.0.1|10.42.0.210,55,3,UPLOAD,0.95,UPLOAD,0.95,1,1448,100.0,44,0.0,63712.0,0,44,0.0,1.0,0.0014865318648544191,1,0,1,1,1,1,1,1,0.9699999999999999,1.0,1.0,1.0,0.8,skip,attack_already_active,1785296212.050471,1785296212050471222,1384880267169462,7.5,53.359375,-1.0,0,0
2026-07-28T23:36:52.051,10.42.0.210,10.42.0.1|10.42.0.210,55,3,UPLOAD,0.95,UPLOAD,0.95,1,1448,100.0,45,0.0,65160.0,0,45,0.0,1.0,0.001455335356628076,1,0,1,1,1,1,1,1,0.9699999999999999,1.0,1.0,1.0,0.8,skip,attack_already_active,1785296212.0517209,1785296212051720850,1384880268419416,7.5,53.359375,-1.0,0,0
2026-07-28T23:36:52.052,10.42.0.210,10.42.0.1|10.42.0.210,55,3,UPLOAD,0.95,UPLOAD,0.95,1,1448,100.0,46,0.0,66608.0,0,46,0.0,1.0,0.0013538845727299486,1,0,1,1,1,1,1,1,0.9699999999999999,1.0,1.0,1.0,0.8,skip,attack_already_active,1785296212.0524063,1785296212052406193,1384880269104381,7.5,53.359375,-1.0,0,0
2026-07-28T23:36:52.053,10.42.0.210,10.42.0.1|10.42.0.210,55,3,UPLOAD,0.95,UPLOAD,0.95,1,1448,100.0,47,0.0,68056.0,0,47,0.0,1.0,0.0012922245140222566,1,0,1,1,1,1,1,1,0.9699999999999999,1.0,1.0,1.0,0.8,skip,attack_already_active,1785296212.0532923,1785296212053292226,1384880269990293,7.5,53.359375,-1.0,0,0
2026-07-28T23:36:52.053,10.42.0.210,10.42.0.1|10.42.0.210,55,3,UPLOAD,0.95,UPLOAD,0.95,1,1448,100.0,48,0.0,69504.0,0,48,0.0,1.0,0.0012120162349091238,1,0,1,1,1,1,1,1,0.9699999999999999,1.0,1.0,1.0,0.8,skip,attack_already_active,1785296212.0539758,1785296212053975696,1384880270674096,7.5,53.359375,-1.0,0,0
2026-07-28T23:36:52.055,10.42.0.210,10.42.0.1|10.42.0.210,55,3,UPLOAD,0.95,UPLOAD,0.95,1,1448,100.0,49,0.0,70952.0,0,49,0.0,1.0,0.0012430075527659528,1,0,1,1,1,1,1,1,0.9699999999999999,1.0,1.0,1.0,0.8,skip,attack_already_active,1785296212.055423,1785296212055423065,1384880272122932,7.5,53.359375,-1.0,0,0
2026-07-28T23:36:52.056,10.42.0.210,10.42.0.1|10.42.0.210,55,3,UPLOAD,0.95,UPLOAD,0.95,1,1448,100.0,50,0.0,72400.0,0,50,0.0,1.0,0.0011947329726819682,1,0,1,1,1,1,1,1,0.9699999999999999,1.0,1.0,1.0,0.8,skip,attack_already_active,1785296212.0562997,1785296212056299709,1384880272998221,7.5,53.359375,-1.0,0,0
2026-07-28T23:36:52.057,10.42.0.210,10.42.0.1|10.42.0.210,55,3,UPLOAD,0.95,UPLOAD,0.95,1,1448,100.0,51,0.0,73848.0,0,51,0.0,1.0,0.001161522392150519,1,0,1,1,1,1,1,1,0.9699999999999999,1.0,1.0,1.0,0.8,skip,attack_already_active,1785296212.0572424,1785296212057242340,1384880273940359,7.5,53.359375,-1.0,0,0
2026-07-28T23:36:52.057,10.42.0.210,10.42.0.1|10.42.0.210,55,3,UPLOAD,0.95,UPLOAD,0.95,1,1448,100.0,52,0.0,75296.0,0,52,0.0,1.0,0.0010945158780703383,1,0,1,1,1,1,1,1,0.9699999999999999,1.0,1.0,1.0,0.8,skip,attack_already_active,1785296212.0578954,1785296212057895508,1384880274593601,7.5,53.359375,-1.0,0,0
2026-07-28T23:36:52.059,10.42.0.210,10.42.0.1|10.42.0.210,55,3,UPLOAD,0.9507297625656719,UPLOAD,0.9507297625656719,1,1448,100.0,53,0.0,76744.0,0,53,0.0,1.0,0.0011099188537194637,1,0,1,1,1,1,1,1,0.9699999999999999,1.0,1.0,1.0,0.8,skip,attack_already_active,1785296212.0591068,1785296212059106807,1384880275805074,7.5,53.359375,-1.0,0,0
2026-07-28T23:36:52.059,10.42.0.210,10.42.0.1|10.42.0.210,55,3,UPLOAD,0.9520222287512484,UPLOAD,0.9520222287512484,1,1448,100.0,54,0.0,78192.0,0,54,0.0,1.0,0.0010544564082267346,1,0,1,1,1,1,1,1,0.9699999999999999,1.0,1.0,1.0,0.8,skip,attack_already_active,1785296212.0597959,1785296212059796089,1384880276494257,7.5,53.359375,-1.0,0,0
2026-07-28T23:36:52.060,10.42.0.210,10.42.0.1|10.42.0.210,55,3,UPLOAD,0.9644585677981995,UPLOAD,0.9644585677981995,1,1363,100.0,55,0.0,79555.0,0,55,0.0,1.0,0.001046516873487523,1,0,1,1,1,1,1,1,0.9699999999999999,1.0,1.0,1.0,0.8,skip,attack_already_active,1785296212.06079,1785296212060789994,1384880277488107,7.5,53.359375,-1.0,0,0
2026-07-28T23:36:52.068,10.42.0.1,10.42.0.1|10.42.0.210,55,3,UPLOAD,0.954391114139987,UPLOAD,0.954391114139987,1,7240,100.0,1,0.0,7240.0,0,1,0.0,1.0,0.13775312705200152,1,0,1,1,1,1,1,1,0.9699999999999999,1.0,1.0,1.0,0.8,skip,attack_already_active,1785296212.0688376,1785296212068837548,1384880285536061,7.5,53.359375,-1.0,0,0
2026-07-28T23:36:52.069,10.42.0.1,10.42.0.1|10.42.0.210,55,3,UPLOAD,0.9718470508273038,UPLOAD,0.9718470508273038,1,5792,100.0,2,0.0,13032.0,0,2,0.0,1.0,0.11969613396758319,1,0,1,1,1,1,1,1,0.9699999999999999,1.0,1.0,1.0,0.8,skip,attack_already_active,1785296212.0695612,1785296212069561366,1384880286259603,7.5,53.359375,-1.0,0,0
2026-07-28T23:36:52.090,10.42.0.1,10.42.0.1|10.42.0.210,55,3,UPLOAD,0.9740045742527077,UPLOAD,0.9740045742527077,1,1448,100.0,3,0.0,14480.0,0,3,0.0,1.0,0.1067317424316585,1,0,1,1,1,1,1,1,0.9699999999999999,1.0,1.0,1.0,0.8,skip,attack_already_active,1785296212.0908742,1785296212090874232,1384880307572684,7.5,53.359375,-1.0,0,0
2026-07-28T23:36:52.093,10.42.0.1,10.42.0.1|10.42.0.210,55,3,UPLOAD,0.9746183486252695,UPLOAD,0.9746183486252695,1,14480,100.0,4,0.0,28960.0,0,4,0.0,1.0,0.09297762848826283,1,0,1,1,1,1,1,1,0.9699999999999999,1.0,1.0,1.0,0.8,skip,attack_already_active,1785296212.0932298,1785296212093229710,1384880309928141,7.5,53.359375,-1.0,0,0
2026-07-28T23:36:52.093,10.42.0.1,10.42.0.1|10.42.0.210,55,3,UPLOAD,0.9752980163293508,UPLOAD,0.9752980163293508,1,14480,100.0,5,0.0,43440.0,0,5,0.0,1.0,0.08082112286415141,1,0,1,1,1,1,1,1,0.9699999999999999,1.0,1.0,1.0,0.8,skip,attack_already_active,1785296212.093955,1785296212093955195,1384880310653327,7.5,53.359375,-1.0,0,0
2026-07-28T23:36:52.094,10.42.0.1,10.42.0.1|10.42.0.210,55,3,UPLOAD,0.975283994583481,UPLOAD,0.975283994583481,1,1448,100.0,6,0.0,44888.0,0,6,0.0,1.0,0.0702887464704689,1,0,1,1,1,1,1,1,0.9699999999999999,1.0,1.0,1.0,0.8,skip,attack_already_active,1785296212.0948489,1785296212094848828,1384880311547073,7.5,53.359375,-1.0,0,0
2026-07-28T23:36:52.096,10.42.0.1,10.42.0.1|10.42.0.210,55,3,UPLOAD,0.9758982030184435,UPLOAD,0.9758982030184435,1,14480,100.0,7,0.0,59368.0,0,7,0.0,1.0,0.06121370101549326,1,0,1,1,1,1,1,1,0.9699999999999999,1.0,1.0,1.0,0.8,skip,attack_already_active,1785296212.0962696,1785296212096269462,1384880312967762,7.5,53.359375,-1.0,0,0
2026-07-28T23:36:52.096,10.42.0.1,10.42.0.1|10.42.0.210,55,3,UPLOAD,0.9762527860900462,UPLOAD,0.9762527860900462,1,14480,100.0,8,0.0,73848.0,0,8,0.0,1.0,0.053239634060107364,1,0,1,1,1,1,1,1,0.9699999999999999,1.0,1.0,1.0,0.8,skip,attack_already_active,1785296212.0969703,1785296212096970285,1384880313668445,7.5,53.359375,-1.0,0,0
2026-07-28T23:36:52.098,10.42.0.1,10.42.0.1|10.42.0.210,55,3,UPLOAD,0.9762773045479894,UPLOAD,0.9762773045479894,1,5694,100.0,9,0.0,79542.0,0,9,0.0,1.0,0.04639344404171545,1,0,1,1,1,1,1,1,0.9699999999999999,1.0,1.0,1.0,0.8,skip,attack_already_active,1785296212.098256,1785296212098256151,1384880314954369,7.5,53.359375,-1.0,0,0
2026-07-28T23:36:52.273,10.42.0.47,10.42.0.1|10.42.0.210,55,2,TRAINING,0.9,TRAINING,0.9,0,43,1.0,0,0.0,0.0,0,0,0.0,0.0,0.44855294352649927,0,0,0,0,0,0,0,0,0.039999999999999994,0.05,0.0,0.0,0.15,skip,training_upload_trigger_not_confirmed,1785296212.2732391,1785296212273239019,1384880489937555,7.5,53.359375,-1.0,0,0
2026-07-28T23:36:52.312,10.42.0.145,10.42.0.1|10.42.0.210,24,3,UPLOAD,0.9841010226033655,UPLOAD,0.9841010226033655,0,39,1.0,0,0.0,0.0,0,0,0.0,0.0,0.23796034045552444,0,0,1,0,0,0,0,0,0.4375,0.05,1.0,0.0,0.8,skip,attack_already_active,1785296212.3122354,1785296212312235314,1384880528934080,7.5,53.359375,-1.0,0,0
2026-07-28T23:36:52.346,10.42.0.47,10.42.0.1|10.42.0.210|10.42.0.47,55,3,UPLOAD,0.95,UPLOAD,0.95,1,7240,100.0,1,0.0,7240.0,0,1,0.0,1.0,0.3991201625495322,1,0,0,1,1,1,1,1,0.9699999999999999,1.0,1.0,1.0,0.8,trigger,training_upload_trigger_confirmed,1785296212.3466604,1785296212346660442,1384880563359384,7.5,53.359375,130.561545,1785296212477223601,1384880693920929
2026-07-28T23:36:52.347,10.42.0.47,10.42.0.1|10.42.0.210|10.42.0.47,55,3,UPLOAD,0.9568378675487339,UPLOAD,0.9568378675487339,1,2896,100.0,2,0.0,10136.0,0,2,0.0,1.0,0.34663153229306826,1,0,1,1,1,1,1,1,0.9699999999999999,1.0,1.0,1.0,0.8,skip,attack_already_active,1785296212.3474588,1785296212347458922,1384880564157251,7.5,53.359375,-1.0,0,0
2026-07-28T23:36:52.350,10.42.0.47,10.42.0.1|10.42.0.210|10.42.0.47,55,3,UPLOAD,0.9575021952665924,UPLOAD,0.9575021952665924,1,4344,100.0,3,0.0,14480.0,0,3,0.0,1.0,0.3013086726177247,1,0,1,1,1,1,1,1,0.9699999999999999,1.0,1.0,1.0,0.8,skip,attack_already_active,1785296212.3501477,1785296212350147909,1384880566846830,7.5,53.359375,-1.0,0,0
2026-07-28T23:36:52.351,10.42.0.47,10.42.0.1|10.42.0.210|10.42.0.47,55,3,UPLOAD,0.9584262797349089,UPLOAD,0.9584262797349089,1,10136,100.0,4,0.0,24616.0,0,4,0.0,1.0,0.2617653367804285,1,0,1,1,1,1,1,1,0.9699999999999999,1.0,1.0,1.0,0.8,skip,attack_already_active,1785296212.351373,1785296212351373104,1384880568072164,7.5,53.359375,-1.0,0,0
2026-07-28T23:36:52.353,10.42.0.47,10.42.0.1|10.42.0.210|10.42.0.47,55,3,UPLOAD,0.9601052216782637,UPLOAD,0.9601052216782637,1,4344,100.0,5,0.0,28960.0,0,5,0.0,1.0,0.22756591888676322,1,0,1,1,1,1,1,1,0.9699999999999999,1.0,1.0,1.0,0.8,skip,attack_already_active,1785296212.3536084,1785296212353608354,1384880570307549,7.5,53.359375,-1.0,0,0
2026-07-28T23:36:52.354,10.42.0.47,10.42.0.1|10.42.0.210|10.42.0.47,55,3,UPLOAD,0.9619157015097949,UPLOAD,0.9619157015097949,1,5792,100.0,6,0.0,34752.0,0,6,0.0,1.0,0.19773569105431707,1,0,1,1,1,1,1,1,0.9699999999999999,1.0,1.0,1.0,0.8,skip,attack_already_active,1785296212.354801,1785296212354800965,1384880571499504,7.5,53.359375,-1.0,0,0
2026-07-28T23:36:52.356,10.42.0.47,10.42.0.1|10.42.0.210|10.42.0.47,55,3,UPLOAD,0.9635262725011368,UPLOAD,0.9635262725011368,1,8688,100.0,7,0.0,43440.0,0,7,0.0,1.0,0.1719680277312139,1,0,1,1,1,1,1,1,0.9699999999999999,1.0,1.0,1.0,0.8,skip,attack_already_active,1785296212.356993,1785296212356992997,1384880573692350,7.5,53.359375,-1.0,0,0
2026-07-28T23:36:52.358,10.42.0.47,10.42.0.1|10.42.0.210|10.42.0.47,55,3,UPLOAD,0.96470836958801,UPLOAD,0.96470836958801,1,1448,100.0,8,0.0,44888.0,0,8,0.0,1.0,0.1494825616982418,1,0,1,1,1,1,1,1,0.9699999999999999,1.0,1.0,1.0,0.8,skip,attack_already_active,1785296212.358325,1785296212358324886,1384880575023838,93.1,53.359375,-1.0,0,0
2026-07-28T23:36:52.360,10.42.0.47,10.42.0.1|10.42.0.210|10.42.0.47,55,3,UPLOAD,0.966035737714215,UPLOAD,0.966035737714215,1,10136,100.0,9,0.0,55024.0,0,9,0.0,1.0,0.13011345473494515,1,0,1,1,1,1,1,1,0.9699999999999999,1.0,1.0,1.0,0.8,skip,attack_already_active,1785296212.3608208,1785296212360820721,1384880577520126,93.1,53.359375,-1.0,0,0
2026-07-28T23:36:52.362,10.42.0.47,10.42.0.1|10.42.0.210|10.42.0.47,55,3,UPLOAD,0.9670589445010795,UPLOAD,0.9670589445010795,1,7240,100.0,10,0.0,62264.0,0,10,0.0,1.0,0.11319651120377178,1,0,1,1,1,1,1,1,0.9699999999999999,1.0,1.0,1.0,0.8,skip,attack_already_active,1785296212.3625562,1785296212362556179,1384880579254964,93.1,53.359375,-1.0,0,0
2026-07-28T23:36:52.363,10.42.0.47,10.42.0.1|10.42.0.210|10.42.0.47,55,3,UPLOAD,0.9685482537580064,UPLOAD,0.9685482537580064,1,11584,100.0,11,0.0,73848.0,0,11,0.0,1.0,0.09844243519876748,1,0,1,1,1,1,1,1,0.9699999999999999,1.0,1.0,1.0,0.8,skip,attack_already_active,1785296212.3637881,1785296212363787906,1384880580486466,93.1,53.359375,-1.0,0,0
2026-07-28T23:36:52.366,10.42.0.47,10.42.0.1|10.42.0.210|10.42.0.47,55,3,UPLOAD,0.9700196236010838,UPLOAD,0.9700196236010838,1,5680,100.0,12,0.0,79528.0,0,12,0.0,1.0,0.08577193767019703,1,0,1,1,1,1,1,1,0.9699999999999999,1.0,1.0,1.0,0.8,skip,attack_already_active,1785296212.3660777,1785296212366077620,1384880582776452,93.1,53.359375,-1.0,0,0
2026-07-28T23:36:52.367,10.42.0.1,10.42.0.1|10.42.0.210|10.42.0.47,55,3,UPLOAD,0.9762407094554683,UPLOAD,0.9762407094554683,1,7240,100.0,10,0.0,86782.0,0,10,0.0,1.0,0.046999512147199614,1,0,1,1,1,1,1,1,0.9699999999999999,1.0,1.0,1.0,0.8,skip,attack_already_active,1785296212.367832,1785296212367832059,1384880584530760,93.1,53.359375,-1.0,0,0
2026-07-28T23:36:52.369,10.42.0.1,10.42.0.1|10.42.0.210|10.42.0.47,55,3,UPLOAD,0.9758551527133555,UPLOAD,0.9758551527133555,1,7240,100.0,11,0.0,94022.0,0,11,0.0,1.0,0.040963923575891854,1,0,1,1,1,1,1,1,0.9699999999999999,1.0,1.0,1.0,0.8,skip,attack_already_active,1785296212.369029,1785296212369029033,1384880585727772,93.1,53.359375,-1.0,0,0
2026-07-28T23:36:52.371,10.42.0.1,10.42.0.1|10.42.0.210|10.42.0.47,55,3,UPLOAD,0.9770687685014586,UPLOAD,0.9770687685014586,1,14480,100.0,12,0.0,108502.0,0,12,0.0,1.0,0.03586335360562749,1,0,1,1,1,1,1,1,0.9699999999999999,1.0,1.0,1.0,0.8,skip,attack_already_active,1785296212.3712862,1785296212371286146,1384880587985018,93.1,53.359375,-1.0,0,0
2026-07-28T23:36:52.372,10.42.0.1,10.42.0.1|10.42.0.210|10.42.0.47,55,3,UPLOAD,0.9778854543235735,UPLOAD,0.9778854543235735,1,14480,100.0,13,0.0,122982.0,0,13,0.0,1.0,0.03136022917992115,1,0,1,1,1,1,1,1,0.9699999999999999,1.0,1.0,1.0,0.8,skip,attack_already_active,1785296212.3729765,1785296212372976747,1384880589675522,93.1,53.359375,-1.0,0,0
2026-07-28T23:36:52.375,10.42.0.1,10.42.0.1|10.42.0.210|10.42.0.47,55,3,UPLOAD,0.978413854272447,UPLOAD,0.978413854272447,1,11584,100.0,14,0.0,134566.0,0,14,0.0,1.0,0.027521065246993135,1,0,1,1,1,1,1,1,0.9699999999999999,1.0,1.0,1.0,0.8,skip,attack_already_active,1785296212.3752024,1785296212375202378,1384880591901040,93.1,53.359375,-1.0,0,0
2026-07-28T23:36:52.376,10.42.0.1,10.42.0.1|10.42.0.210|10.42.0.47,55,3,UPLOAD,0.9791626771629838,UPLOAD,0.9791626771629838,1,10024,100.0,15,0.0,144590.0,0,15,0.0,1.0,0.024059747446871973,1,0,1,1,1,1,1,1,0.9699999999999999,1.0,1.0,1.0,0.8,skip,attack_already_active,1785296212.3764565,1785296212376456453,1384880593155079,93.1,53.359375,-1.0,0,0
2026-07-28T23:36:52.441,10.42.0.1,10.42.0.1|10.42.0.210|10.42.0.47,55,3,UPLOAD,0.977725074141346,UPLOAD,0.977725074141346,0,43,100.0,15,0.0,144590.0,0,15,0.0,1.0,0.037177429008851196,1,0,1,1,1,1,1,1,0.8374999999999999,0.8500000000000001,1.0,0.6000000000000001,0.8,skip,attack_already_active,1785296212.4417698,1785296212441769655,1384880658469188,93.1,53.359375,-1.0,0,0
2026-07-28T23:36:52.654,10.42.0.1,,56,1,DOWNLOAD,0.9770894885898455,DOWNLOAD,0.9770894885898455,-1,1448,99.8549723074206,16,1448.0,144590.0,1,15,0.009915227543516071,0.990084772456484,0.060311457871542615,0,0,0,0,1,0,0,0,0.44,0.8500000000000001,0.0,0.6000000000000001,0.15,skip,training_upload_trigger_not_confirmed,1785296212.654505,1785296212654504975,1384880871203659,93.1,53.359375,-1.0,0,0
2026-07-28T23:36:52.656,10.42.0.1,,56,1,DOWNLOAD,0.95,DOWNLOAD,0.95,-1,5792,19.97099447251782,17,7240.0,144590.0,2,15,0.04768491075545017,0.9523150892445498,0.05257620405447418,0,0,0,0,1,0,0,0,0.44,0.8500000000000001,0.0,0.6000000000000001,0.15,skip,training_upload_trigger_not_confirmed,1785296212.6561158,1785296212656115670,1384880872814441,93.1,53.359375,-1.0,0,0
2026-07-28T23:36:52.657,10.42.0.1,,56,1,DOWNLOAD,0.95,DOWNLOAD,0.95,-1,7240,9.985497236948516,18,14480.0,144590.0,3,15,0.09102910668259256,0.9089708933174074,0.04580323647096451,0,0,0,0,1,0,0,0,0.44,0.8500000000000001,0.0,0.6000000000000001,0.15,skip,training_upload_trigger_not_confirmed,1785296212.6572938,1785296212657293771,1384880873992414,93.1,53.359375,-1.0,0,0
2026-07-28T23:36:52.659,10.42.0.1,,56,1,DOWNLOAD,0.95,DOWNLOAD,0.95,-1,7240,6.656998158118923,19,21720.0,144590.0,4,15,0.13059948289339185,0.8694005171066082,0.040056360224693874,0,0,0,0,1,0,0,0,0.4,0.8500000000000001,0.0,0.4,0.15,skip,training_upload_trigger_not_confirmed,1785296212.6594856,1785296212659485721,1384880876184305,93.1,53.359375,-1.0,0,0
2026-07-28T23:36:52.660,10.42.0.1,,56,1,DOWNLOAD,0.95,DOWNLOAD,0.95,-1,7240,4.99274861864666,20,28960.0,144590.0,5,15,0.1668683376548545,0.8331316623451455,0.03492850720639702,0,0,0,0,1,0,0,0,0.4,0.8500000000000001,0.0,0.4,0.15,skip,training_upload_trigger_not_confirmed,1785296212.660628,1785296212660627856,1384880877326404,93.1,53.359375,-1.0,0,0
2026-07-28T23:36:52.662,10.42.0.1,,56,1,DOWNLOAD,0.95,DOWNLOAD,0.95,-1,7240,3.994198894944912,21,36200.0,144590.0,6,15,0.20023231373416672,0.7997676862658333,0.030612254903571126,0,0,0,0,1,0,0,0,0.4,0.8500000000000001,0.0,0.4,0.15,skip,training_upload_trigger_not_confirmed,1785296212.6628017,1785296212662801539,1384880879500001,93.1,53.359375,-1.0,0,0
2026-07-28T23:36:52.663,10.42.0.1,,56,1,DOWNLOAD,0.95,DOWNLOAD,0.95,-1,7240,3.3284990791360842,22,43440.0,144590.0,7,15,0.23102696378237517,0.7689730362176248,0.026731030235888662,0,0,0,0,1,0,0,0,0.32,0.8500000000000001,0.0,0.0,0.15,skip,training_upload_trigger_not_confirmed,1785296212.6639605,1785296212663960555,1384880880658998,93.1,53.359375,-1.0,0,0
2026-07-28T23:36:52.666,10.42.0.1,,56,1,DOWNLOAD,0.95,DOWNLOAD,0.95,-1,7240,2.8529992106974547,23,50680.0,144590.0,8,15,0.25953807548522556,0.7404619245147744,0.023484722589763377,0,0,0,0,1,0,0,0,0.32,0.8500000000000001,0.0,0.0,0.15,skip,training_upload_trigger_not_confirmed,1785296212.6660562,1785296212666056208,1384880882754729,93.1,53.359375,-1.0,0,0
2026-07-28T23:36:52.667,10.42.0.1,,56,1,DOWNLOAD,0.95,DOWNLOAD,0.95,-1,7240,2.49637430936643,24,57920.0,144590.0,9,15,0.2860105673793887,0.7139894326206113,0.0205528097180961,0,0,0,0,1,0,0,0,0.32,0.8500000000000001,0.0,0.0,0.15,skip,training_upload_trigger_not_confirmed,1785296212.6672914,1785296212667291455,1384880883991077,93.1,53.359375,-1.0,0,0
2026-07-28T23:36:52.670,10.42.0.1,,56,1,DOWNLOAD,0.95,DOWNLOAD,0.95,-1,7240,2.2189993861077504,25,65160.0,144590.0,10,15,0.31065554231227654,0.6893444576877235,0.0183198206321641,0,0,0,0,1,0,0,0,0.32,0.8500000000000001,0.0,0.0,0.15,skip,training_upload_trigger_not_confirmed,1785296212.6708987,1785296212670898731,1384880887597404,93.1,53.359375,-1.0,0,0
2026-07-28T23:36:52.672,10.42.0.1,,56,1,DOWNLOAD,0.95,DOWNLOAD,0.95,-1,7240,1.9970994475000403,26,72400.0,144590.0,11,15,0.33365592884464723,0.6663440711553528,0.016061001194194555,0,0,0,0,1,0,0,0,0.32,0.8500000000000001,0.0,0.0,0.15,skip,training_upload_trigger_not_confirmed,1785296212.672077,1785296212672077168,1384880888775813,93.1,53.359375,-1.0,0,0
2026-07-28T23:36:52.673,10.42.0.1,,56,1,DOWNLOAD,0.95,DOWNLOAD,0.95,-1,10136,1.751841620617042,27,82536.0,144590.0,12,15,0.36339300652501255,0.6366069934749875,0.014158524343398352,0,0,0,0,1,0,0,0,0.32,0.8500000000000001,0.0,0.0,0.15,skip,training_upload_trigger_not_confirmed,1785296212.6737006,1785296212673700486,1384880890399127,93.1,53.359375,-1.0,0,0
2026-07-28T23:36:52.674,10.42.0.1,,56,1,DOWNLOAD,0.95,DOWNLOAD,0.95,-1,14480,1.4903727220201786,28,97016.0,144590.0,13,15,0.4015463192139268,0.5984536807860732,0.012454780854413218,0,0,0,0,1,0,0,0,0.32,0.8500000000000001,0.0,0.0,0.15,skip,training_upload_trigger_not_confirmed,1785296212.6749299,1785296212674929849,1384880891628778,93.1,53.359375,-1.0,0,0
2026-07-28T23:36:52.676,10.42.0.1,,56,1,DOWNLOAD,0.95,DOWNLOAD,0.95,-1,10136,1.349391518587153,29,107152.0,144590.0,14,15,0.425642125668343,0.574357874331657,0.010977683647388888,0,0,0,0,1,0,0,0,0.32,0.8500000000000001,0.0,0.0,0.15,skip,training_upload_trigger_not_confirmed,1785296212.6761754,1785296212676175232,1384880892873944,93.1,53.359375,-1.0,0,0
2026-07-28T23:36:52.677,10.42.0.1,,56,1,DOWNLOAD,0.95,DOWNLOAD,0.95,-1,4344,1.296817823058255,30,111496.0,144590.0,15,15,0.4353849878556422,0.5646150121443577,0.00969472746046204,0,0,0,0,1,0,0,0,0.32,0.8500000000000001,0.0,0.0,0.15,skip,training_upload_trigger_not_confirmed,1785296212.677417,1785296212677416966,1384880894116422,93.1,53.359375,-1.0,0,0
2026-07-28T23:36:52.678,10.42.0.1,,56,1,DOWNLOAD,0.95,DOWNLOAD,0.95,-1,5792,1.2327774367349364,31,117288.0,144590.0,16,15,0.4478726735350049,0.5521273264649952,0.008579135599538266,0,0,0,0,1,0,0,0,0.32,0.8500000000000001,0.0,0.0,0.15,skip,training_upload_trigger_not_confirmed,1785296212.6786458,1785296212678645839,1384880895344618,93.1,53.359375,-1.0,0,0
2026-07-28T23:36:52.679,10.42.0.1,,56,1,DOWNLOAD,0.95,DOWNLOAD,0.95,-1,20272,1.0511049723753192,32,137560.0,144590.0,17,15,0.48754208754208755,0.5124579124579125,0.007614351778746302,0,0,0,0,1,0,0,0,0.30250000000000005,0.8000000000000002,0.0,0.0,0.15,skip,training_upload_trigger_not_confirmed,1785296212.6799035,1785296212679903492,1384880896602522,93.1,53.359375,-1.0,0,0
2026-07-28T23:36:52.681,10.42.0.1,,56,1,DOWNLOAD,0.95,DOWNLOAD,0.95,-1,9680,0.982002173322589,33,147240.0,144590.0,18,15,0.5045403145666998,0.4954596854333002,0.00677205204615574,0,0,0,0,1,0,0,0,0.30250000000000005,0.8000000000000002,0.0,0.0,0.15,skip,training_upload_trigger_not_confirmed,1785296212.6811259,1785296212681125949,1384880897824748,93.1,53.359375,-1.0,0,0
2026-07-28T23:36:52.682,10.42.0.1,,56,1,DOWNLOAD,0.95,DOWNLOAD,0.95,-1,18824,0.870688409288764,34,166064.0,144590.0,19,15,0.5345625680016997,0.46543743199830034,0.006042316787467727,0,0,0,0,1,0,0,0,0.30250000000000005,0.8000000000000002,0.0,0.0,0.15,skip,training_upload_trigger_not_confirmed,1785296212.6823602,1785296212682360107,1384880899058979,93.1,53.359375,-1.0,0,0
2026-07-28T23:36:52.683,10.42.0.1,,56,1,DOWNLOAD,0.95,DOWNLOAD,0.95,-1,18824,0.7820410194291569,35,184888.0,144590.0,20,15,0.5611543107582296,0.4388456892417703,0.005407171130768384,0,0,0,0,1,0,0,0,0.28500000000000003,0.7500000000000001,0.0,0.0,0.15,skip,training_upload_trigger_not_confirmed,1785296212.6835825,1785296212683582393,1384880900280980,93.1,53.359375,-1.0,0,0
2026-07-28T23:36:52.684,10.42.0.1,,56,1,DOWNLOAD,0.95,DOWNLOAD,0.95,-1,16946,0.7163807881738637,36,201834.0,144590.0,21,15,0.5826212964459737,0.4173787035540263,0.004856601145068419,0,0,0,0,1,0,0,0,0.28500000000000003,0.7500000000000001,0.0,0.0,0.15,skip,training_upload_trigger_not_confirmed,1785296212.6848116,1785296212684811444,1384880901510018,93.1,53.359375,-1.0,0,0
2026-07-28T23:36:52.686,10.42.0.210,,56,1,DOWNLOAD,0.9847598897662703,DOWNLOAD,0.9847598897662703,-1,7240,10.988259667128691,56,7240.0,79555.0,1,55,0.08341494325710007,0.9165850567428999,0.0830606458743133,0,0,0,0,0,0,0,0,0.057499999999999996,0.1,0.0,0.0,0.15,skip,training_upload_trigger_not_confirmed,1785296212.6866639,1785296212686664010,1384880903363044,93.1,53.359375,-1.0,0,0
2026-07-28T23:36:52.688,10.42.0.210,,56,1,DOWNLOAD,0.95,DOWNLOAD,0.95,-1,7240,5.4941298339437745,57,14480.0,79555.0,2,55,0.15398521826979317,0.8460147817302068,0.07229696643077946,0,0,0,0,0,0,0,0,0.057499999999999996,0.1,0.0,0.0,0.15,skip,training_upload_trigger_not_confirmed,1785296212.688042,1785296212688042081,1384880904742466,93.1,53.359375,-1.0,0,0
2026-07-28T23:36:52.690,10.42.0.18,,41,1,DOWNLOAD,0.95,DOWNLOAD,0.95,-1,10220,9.784735811175661e-11,1,10220.0,0.0,1,0,1.0,0.0,0.5629984948638774,0,0,0,0,0,0,0,0,0.0225,0.0,0.0,0.0,0.15,skip,already_attacked_this_round,1785296212.6900375,1785296212690037458,1384880906737053,93.1,53.359375,-1.0,0,0
2026-07-28T23:36:52.691,10.42.0.1,,56,1,DOWNLOAD,0.95,DOWNLOAD,0.95,-1,17376,0.6595958213600676,37,219210.0,144590.0,22,15,0.6025563496426608,0.3974436503573392,0.005079883251267284,0,0,0,0,1,0,0,0,0.28500000000000003,0.7500000000000001,0.0,0.0,0.15,skip,training_upload_trigger_not_confirmed,1785296212.6913626,1785296212691362546,1384880908061395,93.1,53.359375,-1.0,0,0
2026-07-28T23:36:52.693,10.42.0.1,,56,1,DOWNLOAD,0.95,DOWNLOAD,0.95,-1,1448,0.6552674274231831,38,220658.0,144590.0,23,15,0.6041319870334677,0.39586801296653235,0.004636218939697892,0,0,0,0,1,0,0,0,0.28500000000000003,0.7500000000000001,0.0,0.0,0.15,skip,training_upload_trigger_not_confirmed,1785296212.6930757,1785296212693075722,1384880909774529,93.1,53.359375,-1.0,0,0
2026-07-28T23:36:52.694,10.42.0.1,,56,1,DOWNLOAD,0.95,DOWNLOAD,0.95,-1,16946,0.6085335263732575,39,237604.0,144590.0,24,15,0.6216842755249952,0.37831572447500483,0.00426339674485998,0,0,0,0,1,0,0,0,0.28500000000000003,0.7500000000000001,0.0,0.0,0.15,skip,training_upload_trigger_not_confirmed,1785296212.6948826,1785296212694882613,1384880911581227,93.1,53.359375,-1.0,0,0
2026-07-28T23:36:52.696,10.42.0.59,,18,2,TRAINING,0.95,TRAINING,0.95,-1,7300,1.3698630135109776e-10,1,7300.0,0.0,1,0,1.0,0.0,0.28120054567871267,0,0,0,0,0,0,0,0,0.0225,0.0,0.0,0.0,0.15,skip,already_attacked_this_round,1785296212.696584,1785296212696584045,1384880913282618,93.1,53.359375,-1.0,0,0
2026-07-28T23:36:52.697,10.42.0.1,,56,1,DOWNLOAD,0.95,DOWNLOAD,0.95,-1,21720,0.5575650537568542,40,259324.0,144590.0,25,15,0.6420277583842104,0.3579722416157895,0.0040832808876576565,0,0,0,0,1,0,0,0,0.28500000000000003,0.7500000000000001,0.0,0.0,0.15,skip,training_upload_trigger_not_confirmed,1785296212.6977792,1785296212697779247,1384880914477748,93.1,53.359375,-1.0,0,0
2026-07-28T23:36:52.698,10.42.0.145,,24,1,DOWNLOAD,0.95,DOWNLOAD,0.95,-1,7300,1.3698630135109776e-10,1,7300.0,0.0,1,0,1.0,0.0,0.2575439561095218,0,0,0,0,0,0,0,0,0.0225,0.0,0.0,0.0,0.15,skip,already_attacked_this_round,1785296212.6988103,1785296212698810383,1384880915509042,93.1,53.359375,-1.0,0,0
2026-07-28T23:36:52.700,10.42.0.210,,56,1,DOWNLOAD,0.9557926560077417,DOWNLOAD,0.9557926560077417,-1,10136,3.231841078882359,58,24616.0,79555.0,3,55,0.23630376976317785,0.7636962302368221,0.06440057654501616,0,0,0,0,0,0,0,0,0.057499999999999996,0.1,0.0,0.0,0.15,skip,training_upload_trigger_not_confirmed,1785296212.7004154,1785296212700415433,1384880917113981,93.1,53.359375,-1.0,0,0
2026-07-28T23:36:52.702,10.42.0.210,,56,1,DOWNLOAD,0.9846998846180315,DOWNLOAD,0.9846998846180315,-1,14480,2.034862901549139,59,39096.0,79555.0,4,55,0.32950417611313854,0.6704958238868615,0.05614118466833495,0,0,0,0,0,0,0,0,0.057499999999999996,0.1,0.0,0.0,0.15,skip,training_upload_trigger_not_confirmed,1785296212.7021377,1785296212702137727,1384880918836331,93.1,53.359375,-1.0,0,0
2026-07-28T23:36:52.703,10.42.0.210,,56,1,DOWNLOAD,0.9854895428954357,DOWNLOAD,0.9854895428954357,-1,4344,1.8313766113989092,60,43440.0,79555.0,5,55,0.35318508882474897,0.646814911175251,0.04889659002678076,0,0,0,0,0,0,0,0,0.057499999999999996,0.1,0.0,0.0,0.15,skip,training_upload_trigger_not_confirmed,1785296212.7033017,1785296212703301587,1384880920010438,93.1,53.359375,-1.0,0,0
2026-07-28T23:36:52.704,10.42.0.47,,56,1,DOWNLOAD,0.951055598864869,DOWNLOAD,0.951055598864869,-1,1448,54.92265189646225,13,1448.0,79528.0,1,12,0.017881841533293814,0.9821181584667061,0.10355955497178454,0,0,0,0,1,0,0,0,0.44,0.8500000000000001,0.0,0.6000000000000001,0.15,skip,training_upload_trigger_not_confirmed,1785296212.7046623,1785296212704662263,1384880921362049,93.1,53.359375,-1.0,0,0
2026-07-28T23:36:52.706,10.42.0.47,,56,1,DOWNLOAD,0.95,DOWNLOAD,0.95,-1,10136,6.865331491206376,14,11584.0,79528.0,2,12,0.12714022302221442,0.8728597769777856,0.09016922777254917,0,0,0,0,1,0,0,0,0.44,0.8500000000000001,0.0,0.6000000000000001,0.15,skip,training_upload_trigger_not_confirmed,1785296212.7066064,1785296212706606231,1384880923305414,93.1,53.359375,-1.0,0,0
2026-07-28T23:36:52.707,10.42.0.18,,41,1,DOWNLOAD,0.95,DOWNLOAD,0.95,-1,14600,4.029008863657171e-11,2,24820.0,0.0,2,0,1.0,0.0,0.4911710051928063,0,0,0,0,0,0,0,0,0.0225,0.0,0.0,0.0,0.15,skip,already_attacked_this_round,1785296212.707957,1785296212707957047,1384880924655477,93.1,53.359375,-1.0,0,0
2026-07-28T23:36:52.709,10.42.0.18,,41,1,DOWNLOAD,0.95,DOWNLOAD,0.95,-1,20784,2.1927901060829578e-11,3,45604.0,0.0,3,0,1.0,0.0,0.426682586671887,0,0,0,0,0,0,0,0,0.0225,0.0,0.0,0.0,0.15,skip,already_attacked_this_round,1785296212.7097433,1785296212709743324,1384880926441859,93.1,53.359375,-1.0,0,0
2026-07-28T23:36:52.710,10.42.0.210,,56,1,DOWNLOAD,0.9855083405864443,DOWNLOAD,0.9855083405864443,-1,14480,1.3735324585570867,61,57920.0,79555.0,6,55,0.42131296599381707,0.5786870340061829,0.043464533748546766,0,0,0,0,0,0,0,0,0.057499999999999996,0.1,0.0,0.0,0.15,skip,training_upload_trigger_not_confirmed,1785296212.710976,1785296212710976081,1384880927674445,93.1,53.359375,-1.0,0,0
2026-07-28T23:36:52.712,10.42.0.210,,56,1,DOWNLOAD,0.9855087208476458,DOWNLOAD,0.9855087208476458,-1,5792,1.2486658714174932,62,63712.0,79555.0,7,55,0.44470813236823553,0.5552918676317644,0.037882669347477124,0,0,0,0,0,0,0,0,0.057499999999999996,0.1,0.0,0.0,0.15,skip,training_upload_trigger_not_confirmed,1785296212.7120812,1785296212712081153,1384880928779461,93.1,53.359375,-1.0,0,0
2026-07-28T23:36:52.713,10.42.0.210,,56,1,DOWNLOAD,0.9855087261970161,DOWNLOAD,0.9855087261970161,-1,15472,1.004685289957508,63,79184.0,79555.0,8,55,0.4988314150901795,0.5011685849098205,0.03307251368403606,0,0,0,0,0,0,0,0,0.039999999999999994,0.05,0.0,0.0,0.15,skip,training_upload_trigger_not_confirmed,1785296212.713461,1785296212713461113,1384880930159333,93.1,53.359375,-1.0,0,0
2026-07-28T23:36:52.714,10.42.0.59,,18,2,TRAINING,0.95,TRAINING,0.95,-1,14600,4.566210045453598e-11,2,21900.0,0.0,2,0,1.0,0.0,0.24654921324963777,0,0,0,0,0,0,0,0,0.0225,0.0,0.0,0.0,0.15,skip,already_attacked_this_round,1785296212.7148252,1785296212714825214,1384880931523555,93.1,53.359375,-1.0,0,0
2026-07-28T23:36:52.715,10.42.0.59,,18,2,TRAINING,0.95,TRAINING,0.95,-1,14600,2.739726027322199e-11,3,36500.0,0.0,3,0,1.0,0.0,0.21416399933298505,0,0,0,0,0,0,0,0,0.0225,0.0,0.0,0.0,0.15,skip,already_attacked_this_round,1785296212.715612,1785296212715611943,1384880932310615,93.1,53.359375,-1.0,0,0
2026-07-28T23:36:52.717,10.42.0.47,,56,1,DOWNLOAD,0.95,DOWNLOAD,0.95,-1,15928,2.8906658911787337,15,27512.0,79528.0,3,12,0.2570254110612855,0.7429745889387145,0.07968973347839618,0,0,0,0,0,0,0,0,0.057499999999999996,0.1,0.0,0.0,0.15,skip,training_upload_trigger_not_confirmed,1785296212.7172496,1785296212717249517,1384880933947881,93.1,53.359375,-1.0,0,0
2026-07-28T23:36:52.718,10.42.0.47,,56,1,DOWNLOAD,0.95,DOWNLOAD,0.95,-1,7240,2.2884438305338266,16,34752.0,79528.0,4,12,0.304095204760238,0.695904795239762,0.06929227603580726,0,0,0,0,0,0,0,0,0.057499999999999996,0.1,0.0,0.0,0.15,skip,training_upload_trigger_not_confirmed,1785296212.718036,1785296212718036082,1384880934734349,93.1,53.359375,-1.0,0,0
2026-07-28T23:36:52.719,10.42.0.145,,24,1,DOWNLOAD,0.95,DOWNLOAD,0.95,-1,14600,4.566210045453598e-11,2,21900.0,0.0,2,0,1.0,0.0,0.2262771324678659,0,0,0,0,0,0,0,0,0.0225,0.0,0.0,0.0,0.15,skip,already_attacked_this_round,1785296212.719079,1785296212719078911,1384880935777054,93.1,53.359375,-1.0,0,0
2026-07-28T23:36:52.719,10.42.0.145,,24,1,DOWNLOAD,0.95,DOWNLOAD,0.95,-1,14600,2.739726027322199e-11,3,36500.0,0.0,3,0,1.0,0.0,0.19656580604346047,0,0,0,0,0,0,0,0,0.0225,0.0,0.0,0.0,0.15,skip,already_attacked_this_round,1785296212.719885,1785296212719884935,1384880936583649,93.1,53.359375,-1.0,0,0
2026-07-28T23:36:52.722,10.42.0.59,,18,2,TRAINING,0.95,TRAINING,0.95,-1,24820,1.630789301995584e-11,4,61320.0,0.0,4,0,1.0,0.0,0.18686679730902164,0,0,0,0,0,0,0,0,0.0225,0.0,0.0,0.0,0.15,skip,already_attacked_this_round,1785296212.722625,1785296212722624912,1384880939323599,93.1,53.359375,-1.0,0,0
2026-07-28T23:36:52.723,10.42.0.59,,18,2,TRAINING,0.9656410880135865,TRAINING,0.9656410880135865,-1,12037,1.3631964229540032e-11,5,73357.0,0.0,5,0,1.0,0.0,0.1623520457004824,0,0,0,0,0,0,0,0,0.0225,0.0,0.0,0.0,0.15,skip,already_attacked_this_round,1785296212.7234561,1785296212723456169,1384880940154335,93.1,53.359375,-1.0,0,0
2026-07-28T23:36:52.726,10.42.0.145,,24,1,DOWNLOAD,0.9534625182099826,DOWNLOAD,0.9534625182099826,-1,29200,1.5220700151975332e-11,4,65700.0,0.0,4,0,1.0,0.0,0.1715216827154271,0,0,0,0,0,0,0,0,0.0225,0.0,0.0,0.0,0.15,skip,already_attacked_this_round,1785296212.726398,1785296212726397839,1384880943096398,93.1,53.359375,-1.0,0,0
2026-07-28T23:36:52.727,10.42.0.145,,24,1,DOWNLOAD,0.9653307505892731,DOWNLOAD,0.9653307505892731,-1,6184,1.3911301541178688e-11,5,71884.0,0.0,5,0,1.0,0.0,0.14906989957451816,0,0,0,0,0,0,0,0,0.0225,0.0,0.0,0.0,0.15,skip,already_attacked_this_round,1785296212.7275393,1785296212727539308,1384880944237978,93.1,53.359375,-1.0,0,0
2026-07-28T23:36:52.728,10.42.0.47,,56,1,DOWNLOAD,0.95,DOWNLOAD,0.95,-1,11584,1.7163328729127172,17,46336.0,79528.0,5,12,0.36814339286849296,0.631856607131507,0.06152060051197172,0,0,0,0,0,0,0,0,0.057499999999999996,0.1,0.0,0.0,0.15,skip,training_upload_trigger_not_confirmed,1785296212.728351,1785296212728351277,1384880945049692,93.1,53.359375,-1.0,0,0
2026-07-28T23:36:52.730,10.42.0.47,,56,1,DOWNLOAD,0.95,DOWNLOAD,0.95,-1,5792,1.525629220370518,18,52128.0,79528.0,6,12,0.39594093698730026,0.6040590630126997,0.053753756045999385,0,0,0,0,0,0,0,0,0.057499999999999996,0.1,0.0,0.0,0.15,skip,training_upload_trigger_not_confirmed,1785296212.7309313,1785296212730931178,1384880947629786,93.1,53.359375,-1.0,0,0
2026-07-28T23:36:52.731,10.42.0.47,,56,1,DOWNLOAD,0.95,DOWNLOAD,0.95,-1,12576,1.2291048466829082,19,64704.0,79528.0,7,12,0.4486105718564535,0.5513894281435465,0.04677874229177431,0,0,0,0,0,0,0,0,0.057499999999999996,0.1,0.0,0.0,0.15,skip,training_upload_trigger_not_confirmed,1785296212.7317536,1785296212731753567,1384880948452197,93.1,53.359375,-1.0,0,0
2026-07-28T23:36:52.817,10.42.0.1,,56,1,DOWNLOAD,0.9,DOWNLOAD,0.9,0,39,0.5575650537568542,40,259324.0,144590.0,25,15,0.6420277583842104,0.3579722416157895,0.0038301338584989797,0,0,0,0,0,0,0,0,0.0225,0.0,0.0,0.0,0.15,skip,training_upload_trigger_not_confirmed,1785296212.8179781,1785296212817978150,1384881034676551,93.1,53.359375,-1.0,0,0
2026-07-28T23:36:53.037,10.42.0.59,,18,3,UPLOAD,0.95,UPLOAD,0.95,1,64240,0.8757173821192836,6,73357.0,64240.0,5,1,0.5331293560179364,0.46687064398206357,0.17028738414677408,0,0,0,1,1,1,1,1,0.85,1.0,1.0,0.4,0.8,skip,already_attacked_this_round,1785296213.0372553,1785296213037255234,1384881253954394,73.6,53.359375,-1.0,0,0
2026-07-28T23:36:53.039,10.42.0.59,,18,3,UPLOAD,0.9841010226033655,UPLOAD,0.9841010226033655,1,5068,0.9448041768345924,7,73357.0,69308.0,5,2,0.5141905863386255,0.48580941366137453,0.14818587524425075,0,0,0,1,1,1,1,1,0.85,1.0,1.0,0.4,0.8,skip,already_attacked_this_round,1785296213.0398204,1785296213039820604,1384881256520533,73.6,53.359375,-1.0,0,0
2026-07-28T23:36:53.041,10.42.0.1,,56,2,TRAINING,0.95,TRAINING,0.95,1,7240,0.5854837963336001,41,259324.0,151830.0,25,16,0.6307223084294449,0.36927769157055507,0.032803029212085916,0,0,0,0,1,0,0,0,0.4525,1.0,0.0,0.4,0.15,skip,training_upload_trigger_not_confirmed,1785296213.0416756,1785296213041675636,1384881258374541,73.6,53.359375,-1.0,0,0
2026-07-28T23:36:53.042,10.42.0.1,10.42.0.1,56,3,UPLOAD,0.95,UPLOAD,0.95,1,7240,0.6134025389103461,42,259324.0,159070.0,25,17,0.6198081234434528,0.3801918765565472,0.028643766949931298,1,0,0,1,1,1,1,1,0.85,1.0,1.0,0.4,0.8,trigger,training_upload_trigger_confirmed,1785296213.042915,1785296213042915136,1384881259614399,73.6,53.359375,28.536534,1785296213071453567,1384881288150933
2026-07-28T23:36:53.044,10.42.0.1,10.42.0.1,56,3,UPLOAD,0.95,UPLOAD,0.95,1,10136,0.6524887785177905,43,259324.0,169206.0,25,18,0.6051478309569925,0.3948521690430075,0.02512690454271414,1,0,1,1,1,1,1,1,0.85,1.0,1.0,0.4,0.8,skip,attack_already_active,1785296213.0448704,1785296213044870368,1384881261569794,73.6,53.359375,-1.0,0,0
2026-07-28T23:36:53.046,10.42.0.1,10.42.0.1,56,3,UPLOAD,0.95,UPLOAD,0.95,1,4344,0.6692400240638381,44,259324.0,173550.0,25,19,0.599075019520692,0.4009249804793081,0.021992543378379158,1,0,1,1,1,1,1,1,0.85,1.0,1.0,0.4,0.8,skip,attack_already_active,1785296213.0462115,1785296213046211476,1384881262910054,73.6,53.359375,-1.0,0,0
2026-07-28T23:36:53.047,10.42.0.1,10.42.0.1,56,3,UPLOAD,0.95,UPLOAD,0.95,1,14480,0.7250775092173302,45,259324.0,188030.0,25,20,0.5796840980521019,0.4203159019478981,0.01932301841863805,1,0,1,1,1,1,1,1,0.9699999999999999,1.0,1.0,1.0,0.8,skip,attack_already_active,1785296213.0479457,1785296213047945848,1384881264644525,73.6,53.359375,-1.0,0,0
2026-07-28T23:36:53.049,10.42.0.1,10.42.0.1,56,3,UPLOAD,0.95,UPLOAD,0.95,1,14480,0.7809149943708221,46,259324.0,202510.0,25,21,0.561509113664217,0.438490886335783,0.01700262962392675,1,0,1,1,1,1,1,1,0.9699999999999999,1.0,1.0,1.0,0.8,skip,attack_already_active,1785296213.04966,1785296213049659785,1384881266358401,73.6,53.359375,-1.0,0,0
2026-07-28T23:36:53.051,10.42.0.1,10.42.0.1,56,3,UPLOAD,0.95,UPLOAD,0.95,1,5792,0.803249988432219,47,259324.0,208302.0,25,22,0.5545542805575395,0.4454457194424604,0.014982887780516718,1,0,1,1,1,1,1,1,0.9699999999999999,1.0,1.0,1.0,0.8,skip,attack_already_active,1785296213.0513353,1785296213051335411,1384881268034051,73.6,53.359375,-1.0,0,0
2026-07-28T23:36:53.053,10.42.0.1,10.42.0.1,56,3,UPLOAD,0.95,UPLOAD,0.95,1,8688,0.8367524795243142,48,259324.0,216990.0,25,23,0.544439172478659,0.45556082752134097,0.013299137407229556,1,0,1,1,1,1,1,1,0.9699999999999999,1.0,1.0,1.0,0.8,skip,attack_already_active,1785296213.0535407,1785296213053540585,1384881270239183,73.6,53.359375,-1.0,0,0
2026-07-28T23:36:53.054,10.42.0.1,10.42.0.1,56,3,UPLOAD,0.95,UPLOAD,0.95,1,7128,0.8642393299507016,49,259324.0,224118.0,25,24,0.5364118136198345,0.4635881863801656,0.01170398938796274,1,0,1,1,1,1,1,1,0.9699999999999999,1.0,1.0,1.0,0.8,skip,attack_already_active,1785296213.0547347,1785296213054734644,1384881271433209,73.6,53.359375,-1.0,0,0
2026-07-28T23:36:53.059,10.42.0.145,10.42.0.1,24,3,UPLOAD,0.95,UPLOAD,0.95,1,46720,0.6499360080177796,6,71884.0,46720.0,5,1,0.6060841118343395,0.39391588816566053,0.23417428140553512,0,0,0,1,1,1,1,1,0.85,1.0,1.0,0.4,0.8,skip,already_attacked_this_round,1785296213.0595734,1785296213059573584,1384881276272604,73.6,53.359375,-1.0,0,0
2026-07-28T23:36:53.061,10.42.0.1,10.42.0.1,56,3,UPLOAD,0.95,UPLOAD,0.95,1,11584,0.9089093180734953,50,259324.0,235702.0,25,25,0.523859352842073,0.47614064715792703,0.011102436055522644,1,0,1,1,1,1,1,1,0.9699999999999999,1.0,1.0,1.0,0.8,skip,attack_already_active,1785296213.0618737,1785296213061873648,1384881278572277,73.6,53.359375,-1.0,0,0
2026-07-28T23:36:53.063,10.42.0.1,10.42.0.1,56,3,UPLOAD,0.95,UPLOAD,0.95,1,5792,0.9312443121348921,51,259324.0,241494.0,25,26,0.5178008777639781,0.48219912223602185,0.009797416957075776,1,0,1,1,1,1,1,1,0.9699999999999999,1.0,1.0,1.0,0.8,skip,attack_already_active,1785296213.0630727,1785296213063072673,1384881279771289,73.6,53.359375,-1.0,0,0
2026-07-28T23:36:53.064,10.42.0.1,10.42.0.1,56,3,UPLOAD,0.95,UPLOAD,0.95,1,11584,0.9759143002576857,52,259324.0,253078.0,25,27,0.5060948239858548,0.49390517601414513,0.008660627376772773,1,0,1,1,1,1,1,1,0.9699999999999999,1.0,1.0,1.0,0.8,skip,attack_already_active,1785296213.0642433,1785296213064243250,1384881280941788,73.6,53.359375,-1.0,0,0
2026-07-28T23:36:53.065,10.42.0.1,10.42.0.1,56,3,UPLOAD,0.95,UPLOAD,0.95,1,14480,1.0317517854111777,53,259324.0,267558.0,25,28,0.49218610618696407,0.507813893813036,0.0077463691094650615,1,0,1,1,1,1,1,1,0.9699999999999999,1.0,1.0,1.0,0.8,skip,attack_already_active,1785296213.065966,1785296213065965798,1384881282664464,73.6,53.359375,-1.0,0,0
2026-07-28T23:36:53.067,10.42.0.1,10.42.0.1,56,3,UPLOAD,0.95,UPLOAD,0.95,1,8688,1.0652542765032729,54,259324.0,276246.0,25,29,0.484201878372575,0.515798121627425,0.006949036564244522,1,0,1,1,1,1,1,1,0.9699999999999999,1.0,1.0,1.0,0.8,skip,attack_already_active,1785296213.0676615,1785296213067661575,1384881284360071,73.6,53.359375,-1.0,0,0
2026-07-28T23:36:53.069,10.42.0.1,10.42.0.1,56,3,UPLOAD,0.95,UPLOAD,0.95,1,11584,1.0820055220493205,54,259324.0,280590.0,25,29,0.4803061228269687,0.5196938771730313,0.006255295469981788,1,0,1,1,1,1,1,1,0.9699999999999999,1.0,1.0,1.0,0.8,skip,attack_already_active,1785296213.069346,1785296213069345950,1384881286044489,73.6,53.359375,-1.0,0,0
2026-07-28T23:36:53.071,10.42.0.1,10.42.0.1,56,3,UPLOAD,0.95,UPLOAD,0.95,1,2798,1.0704601193870584,54,259324.0,277596.0,25,29,0.4829844297101989,0.517015570289801,0.005752502321632745,1,0,1,1,1,1,1,1,0.9699999999999999,1.0,1.0,1.0,0.8,skip,attack_already_active,1785296213.0717857,1785296213071785780,1384881288484537,73.6,53.359375,-1.0,0,0
2026-07-28T23:36:53.129,10.42.0.18,10.42.0.1,41,3,UPLOAD,0.95,UPLOAD,0.95,1,64240,1.40864836416962,4,45604.0,64240.0,3,1,0.4151706055861039,0.584829394413896,0.6082812390273873,0,0,0,1,1,1,1,1,0.9699999999999999,1.0,1.0,1.0,0.8,skip,already_attacked_this_round,1785296213.1294158,1785296213129415639,1384881346114763,73.6,53.359375,-1.0,0,0
2026-07-28T23:36:53.131,10.42.0.18,10.42.0.1,41,3,UPLOAD,0.9841010226033655,UPLOAD,0.9841010226033655,1,2920,1.4726778352672423,5,45604.0,67160.0,3,2,0.4044198503068355,0.5955801496931645,0.5284331617834017,0,0,0,1,1,1,1,1,0.9699999999999999,1.0,1.0,1.0,0.8,skip,already_attacked_this_round,1785296213.131752,1785296213131751997,1384881348451271,73.6,53.359375,-1.0,0,0
2026-07-28T23:36:53.133,10.42.0.18,10.42.0.1,41,3,UPLOAD,0.9854688349332961,UPLOAD,0.9854688349332961,1,12394,1.744452241015164,6,45604.0,79554.0,3,3,0.36437143450678344,0.6356285654932166,0.45902524279732054,0,0,0,1,1,1,1,1,0.9699999999999999,1.0,1.0,1.0,0.8,skip,already_attacked_this_round,1785296213.1334677,1785296213133467692,1384881350166376,73.6,53.359375,-1.0,0,0
2026-07-28T23:36:53.135,10.42.0.1,10.42.0.1,56,3,UPLOAD,0.95,UPLOAD,0.95,1,7240,0.8419043358893049,48,259324.0,218326.0,25,23,0.5429163613524547,0.45708363864754525,0.005591621456965306,1,0,1,1,1,1,1,1,0.9699999999999999,1.0,1.0,1.0,0.8,skip,attack_already_active,1785296213.1351504,1785296213135150329,1384881351849454,73.6,53.359375,-1.0,0,0
2026-07-28T23:36:53.136,10.42.0.1,10.42.0.1,56,3,UPLOAD,0.95,UPLOAD,0.95,1,5792,0.8642393299507016,49,259324.0,224118.0,25,24,0.5364118136198345,0.4635881863801656,0.005004932654427612,1,0,1,1,1,1,1,1,0.9699999999999999,1.0,1.0,1.0,0.8,skip,attack_already_active,1785296213.1362898,1785296213136289673,1384881352988318,73.6,53.359375,-1.0,0,0
2026-07-28T23:36:53.137,10.42.0.1,10.42.0.1,56,3,UPLOAD,0.95,UPLOAD,0.95,1,2896,0.8754068269814,50,259324.0,227014.0,25,25,0.5332176387615197,0.4667823612384802,0.004554807827504777,1,0,1,1,1,1,1,1,0.9699999999999999,1.0,1.0,1.0,0.8,skip,attack_already_active,1785296213.137879,1785296213137878852,1384881354577524,73.6,53.359375,-1.0,0,0
2026-07-28T23:36:53.139,10.42.0.1,10.42.0.1,56,3,UPLOAD,0.95,UPLOAD,0.95,1,11584,0.9200768151041937,51,259324.0,238598.0,25,26,0.5208124967364366,0.47918750326356335,0.004167893728257463,1,0,1,1,1,1,1,1,0.9699999999999999,1.0,1.0,1.0,0.8,skip,attack_already_active,1785296213.1394975,1785296213139497395,1384881356196022,73.6,53.359375,-1.0,0,0
2026-07-28T23:36:53.140,10.42.0.1,10.42.0.1,56,3,UPLOAD,0.95,UPLOAD,0.95,1,2896,0.9312443121348921,52,259324.0,241494.0,25,27,0.5178008777639781,0.48219912223602185,0.0037652971329280487,1,0,1,1,1,1,1,1,0.9699999999999999,1.0,1.0,1.0,0.8,skip,attack_already_active,1785296213.1406102,1785296213140610187,1384881357308863,73.6,53.359375,-1.0,0,0
2026-07-28T23:36:53.142,10.42.0.1,10.42.0.1,56,3,UPLOAD,0.95,UPLOAD,0.95,1,11584,0.9759143002576857,53,259324.0,253078.0,25,28,0.5060948239858548,0.49390517601414513,0.0035437473101638008,1,0,1,1,1,1,1,1,0.9699999999999999,1.0,1.0,1.0,0.8,skip,attack_already_active,1785296213.1426942,1785296213142694220,1384881359392953,73.6,53.359375,-1.0,0,0
2026-07-28T23:36:53.143,10.42.0.1,10.42.0.1,56,3,UPLOAD,0.95,UPLOAD,0.95,1,5792,0.9982492943190825,54,259324.0,258870.0,25,29,0.5004380598771888,0.49956194012281113,0.003224873899160028,1,0,1,1,1,1,1,1,0.9699999999999999,1.0,1.0,1.0,0.8,skip,attack_already_active,1785296213.1438181,1785296213143818208,1384881360516821,73.6,53.359375,-1.0,0,0
2026-07-28T23:36:53.145,10.42.0.1,10.42.0.1,56,3,UPLOAD,0.95,UPLOAD,0.95,1,14480,1.0540867794725746,55,259324.0,273350.0,25,30,0.48683434896390665,0.5131656510360934,0.0030116402627624107,1,0,1,1,1,1,1,1,0.9699999999999999,1.0,1.0,1.0,0.8,skip,attack_already_active,1785296213.1454248,1785296213145424988,1384881362123716,73.6,53.359375,-1.0,0,0
2026-07-28T23:36:53.147,10.42.0.1,10.42.0.1,56,3,UPLOAD,0.95,UPLOAD,0.95,1,8688,1.0875892705646697,56,259324.0,282038.0,25,31,0.47902143113111006,0.5209785688688899,0.002890094358307773,1,0,1,1,1,1,1,1,0.9699999999999999,1.0,1.0,1.0,0.8,skip,attack_already_active,1785296213.147514,1785296213147514074,1384881364212747,73.6,53.359375,-1.0,0,0
2026-07-28T23:36:53.148,10.42.0.1,10.42.0.1,56,3,UPLOAD,0.95,UPLOAD,0.95,1,5792,1.1099242646260665,57,259324.0,287830.0,25,32,0.4739506610570333,0.5260493389429667,0.0026416155595195517,1,0,1,1,1,1,1,1,0.9699999999999999,1.0,1.0,1.0,0.8,skip,attack_already_active,1785296213.1485186,1785296213148518646,1384881365217012,73.6,53.359375,-1.0,0,0
2026-07-28T23:36:53.149,10.42.0.1,10.42.0.1,56,3,UPLOAD,0.95,UPLOAD,0.95,1,2797,1.1207099998452874,58,259324.0,290627.0,25,33,0.47154019176253886,0.5284598082374612,0.00247134101833658,1,0,1,1,1,1,1,1,0.9699999999999999,1.0,1.0,1.0,0.8,skip,attack_already_active,1785296213.149868,1785296213149868139,1384881366566568,73.6,53.359375,-1.0,0,0
2026-07-28T23:36:53.394,10.42.0.1,,56,3,UPLOAD,0.4795955013694425,UPLOAD,0.4795955013694425,0,43,0.8698732088049318,52,259324.0,225579.0,25,27,0.534795618917598,0.46520438108240203,0.07913629360802785,0,0,1,1,1,1,1,1,0.8200000000000001,0.8000000000000002,1.0,0.6000000000000001,0.8,skip,attack_already_active,1785296213.3943908,1785296213394390679,1384881611089942,73.6,53.359375,-1.0,0,0
2026-07-28T23:36:53.715,10.42.0.47,10.42.0.47,56,3,UPLOAD,0.95,UPLOAD,0.95,1,7240,0.13629518073915106,6,53120.0,7240.0,5,1,0.8800530152418821,0.11994698475811796,0.20265493523752368,1,0,0,1,1,1,1,1,0.9699999999999999,1.0,1.0,1.0,0.8,trigger,training_upload_trigger_confirmed,1785296213.71579,1785296213715790133,1384881932489949,43.0,53.359375,6.557861,1785296213722350419,1384881939047810
2026-07-28T23:36:53.717,10.42.0.47,10.42.0.47,56,3,UPLOAD,0.95,UPLOAD,0.95,1,7240,0.27259036145947685,7,53120.0,14480.0,5,2,0.7857988165680473,0.21420118343195266,0.1761245244048729,1,0,1,1,1,1,1,1,0.9699999999999999,1.0,1.0,1.0,0.8,skip,attack_already_active,1785296213.717113,1785296213717113110,1384881933814206,43.0,53.359375,-1.0,0,0
2026-07-28T23:36:53.720,10.42.0.47,10.42.0.47,56,3,UPLOAD,0.95,UPLOAD,0.95,1,10136,0.8218482906042385,6,29952.0,24616.0,3,3,0.5488931241753409,0.45110687582465914,0.15340378508532548,1,0,1,1,1,1,1,1,0.9699999999999999,1.0,1.0,1.0,0.8,skip,attack_already_active,1785296213.7208161,1785296213720816083,1384881937516961,43.0,53.359375,-1.0,0,0
2026-07-28T23:36:53.724,10.42.0.47,10.42.0.47,56,3,UPLOAD,0.95,UPLOAD,0.95,1,4344,0.9668803418814477,7,29952.0,28960.0,3,4,0.5084193373166758,0.4915806626833243,0.1336269168194226,1,0,1,1,1,1,1,1,0.9699999999999999,1.0,1.0,1.0,0.8,skip,attack_already_active,1785296213.7241387,1785296213724138655,1384881940838221,43.0,53.359375,-1.0,0,0
2026-07-28T23:36:53.725,10.42.0.47,10.42.0.47,56,3,UPLOAD,0.95,UPLOAD,0.95,1,5792,1.1602564102510597,8,29952.0,34752.0,3,5,0.4629080118694362,0.5370919881305638,0.11617695912195278,1,0,1,1,1,1,1,1,0.9699999999999999,1.0,1.0,1.0,0.8,skip,attack_already_active,1785296213.7253428,1785296213725342670,1384881942041765,43.0,53.359375,-1.0,0,0
2026-07-28T23:36:53.727,10.42.0.47,10.42.0.47,56,3,UPLOAD,0.95,UPLOAD,0.95,1,8688,1.4503205128054781,9,29952.0,43440.0,3,6,0.408109875735775,0.5918901242642249,0.10115247584917125,1,0,1,1,1,1,1,1,0.9699999999999999,1.0,1.0,1.0,0.8,skip,attack_already_active,1785296213.727503,1785296213727503029,1384881944202254,43.0,53.359375,-1.0,0,0
2026-07-28T23:36:53.728,10.42.0.47,10.42.0.47,56,3,UPLOAD,0.95,UPLOAD,0.95,1,10136,2.9168118465855395,9,18368.0,53576.0,2,7,0.2553096853107973,0.7446903146892027,0.08798665865189784,1,0,1,1,1,1,1,1,0.9699999999999999,1.0,1.0,1.0,0.8,skip,attack_already_active,1785296213.7287438,1785296213728743638,1384881945443545,43.0,53.359375,-1.0,0,0
2026-07-28T23:36:53.730,10.42.0.47,10.42.0.47,56,3,UPLOAD,0.95,UPLOAD,0.95,1,8688,4.951017811390663,9,12576.0,62264.0,1,8,0.1680384820951363,0.8319615179048637,0.07668601690070537,1,0,1,1,1,1,1,1,0.9699999999999999,1.0,1.0,1.0,0.8,skip,attack_already_active,1785296213.730973,1785296213730972877,1384881947672088,43.0,53.359375,-1.0,0,0
2026-07-28T23:36:53.732,10.42.0.47,10.42.0.47,56,3,UPLOAD,0.95,UPLOAD,0.95,1,1448,100.0,9,0.0,63712.0,0,9,0.0,1.0,0.06674038998424109,1,0,1,1,1,1,1,1,0.9699999999999999,1.0,1.0,1.0,0.8,skip,attack_already_active,1785296213.7321844,1785296213732184269,1384881948883709,43.0,53.359375,-1.0,0,0
2026-07-28T23:36:53.734,10.42.0.47,10.42.0.47,56,3,UPLOAD,0.955604583258388,UPLOAD,0.955604583258388,1,8688,100.0,10,0.0,72400.0,0,10,0.0,1.0,0.058252030993091335,1,0,1,1,1,1,1,1,0.9699999999999999,1.0,1.0,1.0,0.8,skip,attack_already_active,1785296213.734509,1785296213734509177,1384881951208778,43.0,53.359375,-1.0,0,0
2026-07-28T23:36:53.736,10.42.0.47,10.42.0.47,56,3,UPLOAD,0.9579821083018248,UPLOAD,0.9579821083018248,1,7154,100.0,11,0.0,79554.0,0,11,0.0,1.0,0.05079912176001963,1,0,1,1,1,1,1,1,0.9699999999999999,1.0,1.0,1.0,0.8,skip,attack_already_active,1785296213.736203,1785296213736202976,1384881952902343,43.0,53.359375,-1.0,0,0
2026-07-28T23:36:53.737,10.42.0.1,10.42.0.1|10.42.0.47,56,3,UPLOAD,0.95,UPLOAD,0.95,1,7240,100.0,28,0.0,232819.0,0,28,0.0,1.0,0.07113068972801127,1,0,1,1,1,1,1,1,0.9699999999999999,1.0,1.0,1.0,0.8,skip,attack_already_active,1785296213.7379217,1785296213737921910,1384881954620822,43.0,53.359375,-1.0,0,0
2026-07-28T23:36:53.739,10.42.0.1,10.42.0.1|10.42.0.47,56,3,UPLOAD,0.9832211252181036,UPLOAD,0.9832211252181036,1,7240,100.0,29,0.0,240059.0,0,29,0.0,1.0,0.06191390851554571,1,0,1,1,1,1,1,1,0.9699999999999999,1.0,1.0,1.0,0.8,skip,attack_already_active,1785296213.7391088,1785296213739108863,1384881955808318,43.0,53.359375,-1.0,0,0
2026-07-28T23:36:53.740,10.42.0.1,10.42.0.1|10.42.0.47,56,3,UPLOAD,0.9850944407921765,UPLOAD,0.9850944407921765,1,10136,100.0,30,0.0,250195.0,0,30,0.0,1.0,0.053982007492609355,1,0,1,1,1,1,1,1,0.9699999999999999,1.0,1.0,1.0,0.8,skip,attack_already_active,1785296213.7408297,1785296213740829673,1384881957528954,43.0,53.359375,-1.0,0,0
2026-07-28T23:36:53.742,10.42.0.1,10.42.0.1|10.42.0.47,56,3,UPLOAD,0.9854318673820843,UPLOAD,0.9854318673820843,1,4344,100.0,31,0.0,254539.0,0,31,0.0,1.0,0.047037269007430445,1,0,1,1,1,1,1,1,0.9699999999999999,1.0,1.0,1.0,0.8,skip,attack_already_active,1785296213.74211,1785296213742109900,1384881958809771,43.0,53.359375,-1.0,0,0
2026-07-28T23:36:53.743,10.42.0.1,10.42.0.1|10.42.0.47,56,3,UPLOAD,0.9854765623601779,UPLOAD,0.9854765623601779,1,14480,100.0,32,0.0,269019.0,0,32,0.0,1.0,0.041069248010960624,1,0,1,1,1,1,1,1,0.9699999999999999,1.0,1.0,1.0,0.8,skip,attack_already_active,1785296213.7438576,1785296213743857603,1384881960556607,43.0,53.359375,-1.0,0,0
2026-07-28T23:36:53.745,10.42.0.1,10.42.0.1|10.42.0.47,56,3,UPLOAD,0.9854780921193076,UPLOAD,0.9854780921193076,1,14480,100.0,33,0.0,283499.0,0,33,0.0,1.0,0.03587810889660423,1,0,1,1,1,1,1,1,0.9699999999999999,1.0,1.0,1.0,0.8,skip,attack_already_active,1785296213.7455328,1785296213745532675,1384881962233436,43.0,53.359375,-1.0,0,0
2026-07-28T23:36:53.747,10.42.0.1,10.42.0.1|10.42.0.47,56,3,UPLOAD,0.9854783008249508,UPLOAD,0.9854783008249508,1,5792,100.0,34,0.0,289291.0,0,34,0.0,1.0,0.03145422287274837,1,0,1,1,1,1,1,1,0.9699999999999999,1.0,1.0,1.0,0.8,skip,attack_already_active,1785296213.7478392,1785296213747839238,1384881964538369,43.0,53.359375,-1.0,0,0
2026-07-28T23:36:53.749,10.42.0.1,10.42.0.1|10.42.0.47,56,3,UPLOAD,0.9854686839151788,UPLOAD,0.9854686839151788,1,7240,100.0,35,0.0,296531.0,0,35,0.0,1.0,0.02747021686841007,1,0,1,1,1,1,1,1,0.9699999999999999,1.0,1.0,1.0,0.8,skip,attack_already_active,1785296213.74906,1785296213749059719,1384881965758632,43.0,53.359375,-1.0,0,0
2026-07-28T23:36:53.768,10.42.0.210,10.42.0.1|10.42.0.47,56,2,TRAINING,0.9293977297375461,TRAINING,0.9293977297375461,0,43,1.0,0,0.0,0.0,0,0,0.0,0.0,0.2537907784739069,0,0,0,0,0,0,0,0,0.039999999999999994,0.05,0.0,0.0,0.15,skip,training_upload_trigger_not_confirmed,1785296213.7688324,1785296213768832473,1384881985531878,43.0,53.359375,-1.0,0,0
2026-07-28T23:36:54.042,10.42.0.59,10.42.0.1|10.42.0.47,18,3,UPLOAD,0.9854688349332961,UPLOAD,0.9854688349332961,0,39,1.0,0,0.0,0.0,0,0,0.0,0.0,0.13436715957328213,0,0,0,0,0,0,0,0,0.4375,0.05,1.0,0.0,0.8,skip,already_attacked_this_round,1785296214.042346,1785296214042346061,1384882259044962,43.0,53.359375,-1.0,0,0
2026-07-28T23:36:54.154,10.42.0.18,10.42.0.1|10.42.0.47,41,3,UPLOAD,0.9855076450773014,UPLOAD,0.9855076450773014,0,39,1.0,0,0.0,0.0,0,0,0.0,0.0,0.4042303457703455,0,0,0,0,0,0,0,0,0.4375,0.05,1.0,0.0,0.8,skip,already_attacked_this_round,1785296214.1542947,1785296214154294662,1384882370993660,30.7,53.359375,-1.0,0,0
2026-07-28T23:36:54.367,10.42.0.210,10.42.0.1|10.42.0.210|10.42.0.47,56,3,UPLOAD,0.95,UPLOAD,0.95,1,1448,100.0,1,0.0,1448.0,0,1,0.0,1.0,0.2620319710479527,1,0,0,1,1,1,1,1,0.9525,0.95,1.0,1.0,0.8,trigger,training_upload_trigger_confirmed,1785296214.3673477,1785296214367347654,1384882584046866,30.7,53.359375,7.200511,1785296214374549826,1384882591247377
2026-07-28T23:36:54.368,10.42.0.210,10.42.0.1|10.42.0.210|10.42.0.47,56,3,UPLOAD,0.9841010226033655,UPLOAD,0.9841010226033655,1,1448,100.0,2,0.0,2896.0,0,2,0.0,1.0,0.22771959646337542,1,0,1,1,1,1,1,1,0.9699999999999999,1.0,1.0,1.0,0.8,skip,attack_already_active,1785296214.3689926,1785296214368992445,1384882585691833,30.7,53.359375,-1.0,0,0
2026-07-28T23:36:54.370,10.42.0.210,10.42.0.1|10.42.0.210|10.42.0.47,56,3,UPLOAD,0.9854688349332961,UPLOAD,0.9854688349332961,1,1448,100.0,3,0.0,4344.0,0,3,0.0,1.0,0.19794593359244358,1,0,1,1,1,1,1,1,0.9699999999999999,1.0,1.0,1.0,0.8,skip,attack_already_active,1785296214.370768,1785296214370768240,1384882587467072,30.7,53.359375,-1.0,0,0
2026-07-28T23:36:54.372,10.42.0.210,10.42.0.1|10.42.0.210|10.42.0.47,56,3,UPLOAD,0.9855076450773014,UPLOAD,0.9855076450773014,1,1448,100.0,4,0.0,5792.0,0,4,0.0,1.0,0.17206774918903775,1,0,1,1,1,1,1,1,0.9699999999999999,1.0,1.0,1.0,0.8,skip,attack_already_active,1785296214.3723316,1785296214372331641,1384882589036399,30.7,53.359375,-1.0,0,0
2026-07-28T23:36:54.374,10.42.0.210,10.42.0.1|10.42.0.210|10.42.0.47,56,3,UPLOAD,0.9855086980780915,UPLOAD,0.9855086980780915,1,1448,100.0,5,0.0,7240.0,0,5,0.0,1.0,0.1496198502292531,1,0,1,1,1,1,1,1,0.9699999999999999,1.0,1.0,1.0,0.8,skip,attack_already_active,1785296214.3740485,1785296214374048589,1384882590747424,30.7,53.359375,-1.0,0,0
2026-07-28T23:36:54.376,10.42.0.210,10.42.0.1|10.42.0.210|10.42.0.47,56,3,UPLOAD,0.9855087254685951,UPLOAD,0.9855087254685951,1,1448,100.0,6,0.0,8688.0,0,6,0.0,1.0,0.13016912599489597,1,0,1,1,1,1,1,1,0.9699999999999999,1.0,1.0,1.0,0.8,skip,attack_already_active,1785296214.3760622,1785296214376062201,1384882592761438,30.7,53.359375,-1.0,0,0
2026-07-28T23:36:54.377,10.42.0.210,10.42.0.1|10.42.0.210|10.42.0.47,56,3,UPLOAD,0.9855087261493067,UPLOAD,0.9855087261493067,1,1448,100.0,7,0.0,10136.0,0,7,0.0,1.0,0.11325914136714847,1,0,1,1,1,1,1,1,0.9699999999999999,1.0,1.0,1.0,0.8,skip,attack_already_active,1785296214.377906,1785296214377906053,1384882594605648,30.7,53.359375,-1.0,0,0
2026-07-28T23:36:54.379,10.42.0.210,10.42.0.1|10.42.0.210|10.42.0.47,56,3,UPLOAD,0.9855087261653082,UPLOAD,0.9855087261653082,1,1448,100.0,8,0.0,11584.0,0,8,0.0,1.0,0.09854554081961256,1,0,1,1,1,1,1,1,0.9699999999999999,1.0,1.0,1.0,0.8,skip,attack_already_active,1785296214.3795078,1785296214379507806,1384882596206801,30.7,53.359375,-1.0,0,0
2026-07-28T23:36:54.381,10.42.0.210,10.42.0.1|10.42.0.210|10.42.0.47,56,3,UPLOAD,0.985508726165656,UPLOAD,0.985508726165656,1,1448,100.0,9,0.0,13032.0,0,9,0.0,1.0,0.08577383324641538,1,0,1,1,1,1,1,1,0.9699999999999999,1.0,1.0,1.0,0.8,skip,attack_already_active,1785296214.3811324,1785296214381132203,1384882597831490,30.7,53.359375,-1.0,0,0
2026-07-28T23:36:54.382,10.42.0.210,10.42.0.1|10.42.0.210|10.42.0.47,56,3,UPLOAD,0.9855087261656625,UPLOAD,0.9855087261656625,1,1448,100.0,10,0.0,14480.0,0,10,0.0,1.0,0.07467923558512546,1,0,1,1,1,1,1,1,0.9699999999999999,1.0,1.0,1.0,0.8,skip,attack_already_active,1785296214.3827124,1785296214382712245,1384882599410633,30.7,53.359375,-1.0,0,0
2026-07-28T23:36:54.384,10.42.0.210,10.42.0.1|10.42.0.210|10.42.0.47,56,3,UPLOAD,0.95,UPLOAD,0.95,1,1448,100.0,11,0.0,15928.0,0,11,0.0,1.0,0.06506292831001961,1,0,1,1,1,1,1,1,0.9699999999999999,1.0,1.0,1.0,0.8,skip,attack_already_active,1785296214.384416,1785296214384415990,1384882601114856,30.7,53.359375,-1.0,0,0
2026-07-28T23:36:54.386,10.42.0.210,10.42.0.1|10.42.0.210|10.42.0.47,56,3,UPLOAD,0.95,UPLOAD,0.95,1,1448,100.0,12,0.0,17376.0,0,12,0.0,1.0,0.056706421709610565,1,0,1,1,1,1,1,1,0.9699999999999999,1.0,1.0,1.0,0.8,skip,attack_already_active,1785296214.3860638,1785296214386063979,1384882602762852,30.7,53.359375,-1.0,0,0
2026-07-28T23:36:54.387,10.42.0.210,10.42.0.1|10.42.0.210|10.42.0.47,56,3,UPLOAD,0.95,UPLOAD,0.95,1,1448,100.0,13,0.0,18824.0,0,13,0.0,1.0,0.0494766317399394,1,0,1,1,1,1,1,1,0.9699999999999999,1.0,1.0,1.0,0.8,skip,attack_already_active,1785296214.3879054,1785296214387905351,1384882604605105,30.7,53.359375,-1.0,0,0
2026-07-28T23:36:54.389,10.42.0.210,10.42.0.1|10.42.0.210|10.42.0.47,56,3,UPLOAD,0.95,UPLOAD,0.95,1,1448,100.0,14,0.0,20272.0,0,14,0.0,1.0,0.043203879115429625,1,0,1,1,1,1,1,1,0.9699999999999999,1.0,1.0,1.0,0.8,skip,attack_already_active,1785296214.3897798,1785296214389779835,1384882606480136,30.7,53.359375,-1.0,0,0
2026-07-28T23:36:54.392,10.42.0.210,10.42.0.1|10.42.0.210|10.42.0.47,56,3,UPLOAD,0.95,UPLOAD,0.95,1,1448,100.0,15,0.0,21720.0,0,15,0.0,1.0,0.037839683345371515,1,0,1,1,1,1,1,1,0.9699999999999999,1.0,1.0,1.0,0.8,skip,attack_already_active,1785296214.3922763,1785296214392276118,1384882608976783,30.7,53.359375,-1.0,0,0
2026-07-28T23:36:54.394,10.42.0.210,10.42.0.1|10.42.0.210|10.42.0.47,56,3,UPLOAD,0.95,UPLOAD,0.95,1,1448,100.0,16,0.0,23168.0,0,16,0.0,1.0,0.033126994020788225,1,0,1,1,1,1,1,1,0.9699999999999999,1.0,1.0,1.0,0.8,skip,attack_already_active,1785296214.3943527,1785296214394352643,1384882611052999,30.7,53.359375,-1.0,0,0
2026-07-28T23:36:54.396,10.42.0.210,10.42.0.1|10.42.0.210|10.42.0.47,56,3,UPLOAD,0.95,UPLOAD,0.95,1,1448,100.0,17,0.0,24616.0,0,17,0.0,1.0,0.029028750574856255,1,0,1,1,1,1,1,1,0.9699999999999999,1.0,1.0,1.0,0.8,skip,attack_already_active,1785296214.3963792,1785296214396379068,1384882613078620,30.7,53.359375,-1.0,0,0
2026-07-28T23:36:54.397,10.42.0.210,10.42.0.1|10.42.0.210|10.42.0.47,56,3,UPLOAD,0.95,UPLOAD,0.95,1,1448,100.0,18,0.0,26064.0,0,18,0.0,1.0,0.025379785877602284,1,0,1,1,1,1,1,1,0.9699999999999999,1.0,1.0,1.0,0.8,skip,attack_already_active,1785296214.397717,1785296214397716906,1384882614416894,30.7,53.359375,-1.0,0,0
2026-07-28T23:36:54.399,10.42.0.210,10.42.0.1|10.42.0.210|10.42.0.47,56,3,UPLOAD,0.95,UPLOAD,0.95,1,1448,100.0,19,0.0,27512.0,0,19,0.0,1.0,0.02231314003055452,1,0,1,1,1,1,1,1,0.9699999999999999,1.0,1.0,1.0,0.8,skip,attack_already_active,1785296214.3998249,1785296214399824935,1384882616524492,30.7,53.359375,-1.0,0,0
2026-07-28T23:36:54.401,10.42.0.210,10.42.0.1|10.42.0.210|10.42.0.47,56,3,UPLOAD,0.95,UPLOAD,0.95,1,1448,100.0,20,0.0,28960.0,0,20,0.0,1.0,0.01954154973229211,1,0,1,1,1,1,1,1,0.9699999999999999,1.0,1.0,1.0,0.8,skip,attack_already_active,1785296214.4011052,1785296214401105088,1384882617804389,30.7,53.359375,-1.0,0,0
2026-07-28T23:36:54.403,10.42.0.210,10.42.0.1|10.42.0.210|10.42.0.47,56,3,UPLOAD,0.95,UPLOAD,0.95,1,1448,100.0,21,0.0,30408.0,0,21,0.0,1.0,0.01723933322481784,1,0,1,1,1,1,1,1,0.9699999999999999,1.0,1.0,1.0,0.8,skip,attack_already_active,1785296214.4031758,1785296214403175855,1384882619876025,30.7,53.359375,-1.0,0,0
2026-07-28T23:36:54.404,10.42.0.210,10.42.0.1|10.42.0.210|10.42.0.47,56,3,UPLOAD,0.95,UPLOAD,0.95,1,1448,100.0,22,0.0,31856.0,0,22,0.0,1.0,0.015147682833973462,1,0,1,1,1,1,1,1,0.9699999999999999,1.0,1.0,1.0,0.8,skip,attack_already_active,1785296214.4045422,1785296214404542297,1384882621241319,30.7,53.359375,-1.0,0,0
2026-07-28T23:36:54.406,10.42.0.210,10.42.0.1|10.42.0.210|10.42.0.47,56,3,UPLOAD,0.95,UPLOAD,0.95,1,1448,100.0,23,0.0,33304.0,0,23,0.0,1.0,0.013363924315885607,1,0,1,1,1,1,1,1,0.9699999999999999,1.0,1.0,1.0,0.8,skip,attack_already_active,1785296214.4061534,1785296214406153540,1384882622852380,30.7,53.359375,-1.0,0,0
2026-07-28T23:36:54.407,10.42.0.210,10.42.0.1|10.42.0.210|10.42.0.47,56,3,UPLOAD,0.95,UPLOAD,0.95,1,1448,100.0,24,0.0,34752.0,0,24,0.0,1.0,0.01175247891818853,1,0,1,1,1,1,1,1,0.9699999999999999,1.0,1.0,1.0,0.8,skip,attack_already_active,1785296214.4072886,1785296214407288526,1384882623987697,30.7,53.359375,-1.0,0,0
2026-07-28T23:36:54.408,10.42.0.210,10.42.0.1|10.42.0.210|10.42.0.47,56,3,UPLOAD,0.95,UPLOAD,0.95,1,1448,100.0,25,0.0,36200.0,0,25,0.0,1.0,0.010416027340083909,1,0,1,1,1,1,1,1,0.9699999999999999,1.0,1.0,1.0,0.8,skip,attack_already_active,1785296214.408899,1785296214408899189,1384882625597981,30.7,53.359375,-1.0,0,0
2026-07-28T23:36:54.413,10.42.0.210,10.42.0.1|10.42.0.210|10.42.0.47,56,3,UPLOAD,0.95,UPLOAD,0.95,1,1448,100.0,26,0.0,37648.0,0,26,0.0,1.0,0.009610546413531526,1,0,1,1,1,1,1,1,0.9699999999999999,1.0,1.0,1.0,0.8,skip,attack_already_active,1785296214.4132025,1785296214413202481,1384882629901330,30.7,53.359375,-1.0,0,0
2026-07-28T23:36:54.414,10.42.0.210,10.42.0.1|10.42.0.210|10.42.0.47,56,3,UPLOAD,0.95,UPLOAD,0.95,1,1448,100.0,27,0.0,39096.0,0,27,0.0,1.0,0.008492066686032465,1,0,1,1,1,1,1,1,0.9699999999999999,1.0,1.0,1.0,0.8,skip,attack_already_active,1785296214.4143252,1785296214414325128,1384882631023842,30.7,53.359375,-1.0,0,0
2026-07-28T23:36:54.415,10.42.0.210,10.42.0.1|10.42.0.210|10.42.0.47,56,3,UPLOAD,0.95,UPLOAD,0.95,1,1448,100.0,28,0.0,40544.0,0,28,0.0,1.0,0.007584060333547544,1,0,1,1,1,1,1,1,0.9699999999999999,1.0,1.0,1.0,0.8,skip,attack_already_active,1785296214.4159267,1785296214415926740,1384882632625458,30.7,53.359375,-1.0,0,0
2026-07-28T23:36:54.416,10.42.0.210,10.42.0.1|10.42.0.210|10.42.0.47,56,3,UPLOAD,0.95,UPLOAD,0.95,1,1448,100.0,29,0.0,41992.0,0,29,0.0,1.0,0.006721843536551495,1,0,1,1,1,1,1,1,0.9699999999999999,1.0,1.0,1.0,0.8,skip,attack_already_active,1785296214.4169676,1785296214416967712,1384882633666378,30.7,53.359375,-1.0,0,0
2026-07-28T23:36:54.418,10.42.0.210,10.42.0.1|10.42.0.210|10.42.0.47,56,3,UPLOAD,0.95,UPLOAD,0.95,1,1448,100.0,30,0.0,43440.0,0,30,0.0,1.0,0.006037682154741843,1,0,1,1,1,1,1,1,0.9699999999999999,1.0,1.0,1.0,0.8,skip,attack_already_active,1785296214.4184976,1785296214418497421,1384882635195960,30.7,53.359375,-1.0,0,0
2026-07-28T23:36:54.419,10.42.0.210,10.42.0.1|10.42.0.210|10.42.0.47,56,3,UPLOAD,0.95,UPLOAD,0.95,1,1448,100.0,31,0.0,44888.0,0,31,0.0,1.0,0.005381940424221096,1,0,1,1,1,1,1,1,0.9699999999999999,1.0,1.0,1.0,0.8,skip,attack_already_active,1785296214.419559,1785296214419558948,1384882636257311,30.7,53.359375,-1.0,0,0
2026-07-28T23:36:54.421,10.42.0.210,10.42.0.1|10.42.0.210|10.42.0.47,56,3,UPLOAD,0.95,UPLOAD,0.95,1,1448,100.0,32,0.0,46336.0,0,32,0.0,1.0,0.004872961694074756,1,0,1,1,1,1,1,1,0.9699999999999999,1.0,1.0,1.0,0.8,skip,attack_already_active,1785296214.4210784,1785296214421078605,1384882637777132,30.7,53.359375,-1.0,0,0
2026-07-28T23:36:54.422,10.42.0.210,10.42.0.1|10.42.0.210|10.42.0.47,56,3,UPLOAD,0.95,UPLOAD,0.95,1,1448,100.0,33,0.0,47784.0,0,33,0.0,1.0,0.004380157045509107,1,0,1,1,1,1,1,1,0.9699999999999999,1.0,1.0,1.0,0.8,skip,attack_already_active,1785296214.4222116,1785296214422211527,1384882638910094,30.7,53.359375,-1.0,0,0
2026-07-28T23:36:54.423,10.42.0.210,10.42.0.1|10.42.0.210|10.42.0.47,56,3,UPLOAD,0.95,UPLOAD,0.95,1,1448,100.0,34,0.0,49232.0,0,34,0.0,1.0,0.004013681226790571,1,0,1,1,1,1,1,1,0.9699999999999999,1.0,1.0,1.0,0.8,skip,attack_already_active,1785296214.4238107,1785296214423810786,1384882640509596,30.7,53.359375,-1.0,0,0
2026-07-28T23:36:54.425,10.42.0.210,10.42.0.1|10.42.0.210|10.42.0.47,56,3,UPLOAD,0.95,UPLOAD,0.95,1,1448,100.0,35,0.0,50680.0,0,35,0.0,1.0,0.0036959059916680964,1,0,1,1,1,1,1,1,0.9699999999999999,1.0,1.0,1.0,0.8,skip,attack_already_active,1785296214.425413,1785296214425412949,1384882642112391,30.7,53.359375,-1.0,0,0
2026-07-28T23:36:54.426,10.42.0.210,10.42.0.1|10.42.0.210|10.42.0.47,56,3,UPLOAD,0.95,UPLOAD,0.95,1,1448,100.0,36,0.0,52128.0,0,36,0.0,1.0,0.003417115011039595,1,0,1,1,1,1,1,1,0.9699999999999999,1.0,1.0,1.0,0.8,skip,attack_already_active,1785296214.4269931,1785296214426993189,1384882643691743,30.7,53.359375,-1.0,0,0
2026-07-28T23:36:54.428,10.42.0.210,10.42.0.1|10.42.0.210|10.42.0.47,56,3,UPLOAD,0.95,UPLOAD,0.95,1,1448,100.0,37,0.0,53576.0,0,37,0.0,1.0,0.003173427854742452,1,0,1,1,1,1,1,1,0.9699999999999999,1.0,1.0,1.0,0.8,skip,attack_already_active,1785296214.428561,1785296214428560988,1384882645260198,30.7,53.359375,-1.0,0,0
2026-07-28T23:36:54.430,10.42.0.210,10.42.0.1|10.42.0.210|10.42.0.47,56,3,UPLOAD,0.95,UPLOAD,0.95,1,1448,100.0,38,0.0,55024.0,0,38,0.0,1.0,0.002967570425669777,1,0,1,1,1,1,1,1,0.9699999999999999,1.0,1.0,1.0,0.8,skip,attack_already_active,1785296214.4301722,1785296214430172051,1384882646870690,30.7,53.359375,-1.0,0,0
2026-07-28T23:36:54.431,10.42.0.210,10.42.0.1|10.42.0.210|10.42.0.47,56,3,UPLOAD,0.95,UPLOAD,0.95,1,1448,100.0,39,0.0,56472.0,0,39,0.0,1.0,0.0027854152444636185,1,0,1,1,1,1,1,1,0.9699999999999999,1.0,1.0,1.0,0.8,skip,attack_already_active,1785296214.4317575,1785296214431757549,1384882648456092,30.7,53.359375,-1.0,0,0
2026-07-28T23:36:54.432,10.42.0.210,10.42.0.1|10.42.0.210|10.42.0.47,56,3,UPLOAD,0.95,UPLOAD,0.95,1,1448,100.0,40,0.0,57920.0,0,40,0.0,1.0,0.0025593388702565595,1,0,1,1,1,1,1,1,0.9699999999999999,1.0,1.0,1.0,0.8,skip,attack_already_active,1785296214.4328272,1785296214432827097,1384882649525752,61.4,53.359375,-1.0,0,0
2026-07-28T23:36:54.434,10.42.0.210,10.42.0.1|10.42.0.210|10.42.0.47,56,3,UPLOAD,0.95,UPLOAD,0.95,1,1448,100.0,41,0.0,59368.0,0,41,0.0,1.0,0.0024346854482373077,1,0,1,1,1,1,1,1,0.9699999999999999,1.0,1.0,1.0,0.8,skip,attack_already_active,1785296214.4344406,1785296214434440618,1384882651139939,61.4,53.359375,-1.0,0,0
2026-07-28T23:36:54.436,10.42.0.210,10.42.0.1|10.42.0.210|10.42.0.47,56,3,UPLOAD,0.95,UPLOAD,0.95,1,1448,100.0,42,0.0,60816.0,0,42,0.0,1.0,0.002353005936647814,1,0,1,1,1,1,1,1,0.9699999999999999,1.0,1.0,1.0,0.8,skip,attack_already_active,1785296214.4362555,1785296214436255572,1384882652955403,61.4,53.359375,-1.0,0,0
2026-07-28T23:36:54.437,10.42.0.210,10.42.0.1|10.42.0.210|10.42.0.47,56,3,UPLOAD,0.95,UPLOAD,0.95,1,1448,100.0,43,0.0,62264.0,0,43,0.0,1.0,0.002251363402294081,1,0,1,1,1,1,1,1,0.9699999999999999,1.0,1.0,1.0,0.8,skip,attack_already_active,1785296214.4378371,1785296214437837085,1384882654537553,61.4,53.359375,-1.0,0,0
2026-07-28T23:36:54.439,10.42.0.210,10.42.0.1|10.42.0.210|10.42.0.47,56,3,UPLOAD,0.95,UPLOAD,0.95,1,1448,100.0,44,0.0,63712.0,0,44,0.0,1.0,0.0021294352186249027,1,0,1,1,1,1,1,1,0.9699999999999999,1.0,1.0,1.0,0.8,skip,attack_already_active,1785296214.4391632,1785296214439163255,1384882655863059,61.4,53.359375,-1.0,0,0
2026-07-28T23:36:54.440,10.42.0.210,10.42.0.1|10.42.0.210|10.42.0.47,56,3,UPLOAD,0.95,UPLOAD,0.95,1,1448,100.0,45,0.0,65160.0,0,45,0.0,1.0,0.002023793978960236,1,0,1,1,1,1,1,1,0.9699999999999999,1.0,1.0,1.0,0.8,skip,attack_already_active,1785296214.440491,1785296214440490979,1384882657190920,61.4,53.359375,-1.0,0,0
2026-07-28T23:36:54.441,10.42.0.1,10.42.0.1|10.42.0.210|10.42.0.47,56,3,UPLOAD,0.9785060981081559,UPLOAD,0.9785060981081559,1,7240,100.0,9,0.0,78192.0,0,9,0.0,1.0,0.0679117907173174,1,0,1,1,1,1,1,1,0.9699999999999999,1.0,1.0,1.0,0.8,skip,attack_already_active,1785296214.4417691,1785296214441769273,1384882658468854,61.4,53.359375,-1.0,0,0
2026-07-28T23:36:54.443,10.42.0.1,10.42.0.1|10.42.0.210|10.42.0.47,56,3,UPLOAD,0.9781780541585892,UPLOAD,0.9781780541585892,1,7240,100.0,10,0.0,85432.0,0,10,0.0,1.0,0.05913736893391919,1,0,1,1,1,1,1,1,0.9699999999999999,1.0,1.0,1.0,0.8,skip,attack_already_active,1785296214.4430943,1785296214443094281,1384882659793492,61.4,53.359375,-1.0,0,0
2026-07-28T23:36:54.549,10.42.0.1,10.42.0.1|10.42.0.210|10.42.0.47,56,3,UPLOAD,0.9786947844916388,UPLOAD,0.9786947844916388,1,10136,100.0,11,0.0,95568.0,0,11,0.0,1.0,0.06534219264383795,1,0,1,1,1,1,1,1,0.9699999999999999,1.0,1.0,1.0,0.8,skip,attack_already_active,1785296214.5493183,1785296214549318400,1384882766017742,61.4,53.359375,-1.0,0,0
2026-07-28T23:36:54.551,10.42.0.1,10.42.0.1|10.42.0.210|10.42.0.47,56,3,UPLOAD,0.9794170224671899,UPLOAD,0.9794170224671899,1,14480,100.0,12,0.0,110048.0,0,12,0.0,1.0,0.056991456821770495,1,0,1,1,1,1,1,1,0.9699999999999999,1.0,1.0,1.0,0.8,skip,attack_already_active,1785296214.551289,1785296214551288961,1384882767988633,61.4,53.359375,-1.0,0,0
2026-07-28T23:36:54.552,10.42.0.1,10.42.0.1|10.42.0.210|10.42.0.47,56,3,UPLOAD,0.9797994590638627,UPLOAD,0.9797994590638627,1,4344,100.0,13,0.0,114392.0,0,13,0.0,1.0,0.04965102943938333,1,0,1,1,1,1,1,1,0.9699999999999999,1.0,1.0,1.0,0.8,skip,attack_already_active,1785296214.552576,1785296214552575881,1384882769275259,61.4,53.359375,-1.0,0,0
2026-07-28T23:36:54.554,10.42.0.1,10.42.0.1|10.42.0.210|10.42.0.47,56,3,UPLOAD,0.9801273195145531,UPLOAD,0.9801273195145531,1,14480,100.0,14,0.0,128872.0,0,14,0.0,1.0,0.0433880955014726,1,0,1,1,1,1,1,1,0.9699999999999999,1.0,1.0,1.0,0.8,skip,attack_already_active,1785296214.5546994,1785296214554699410,1384882771398197,61.4,53.359375,-1.0,0,0
2026-07-28T23:36:54.555,10.42.0.1,10.42.0.1|10.42.0.210|10.42.0.47,56,3,UPLOAD,0.9803172489493339,UPLOAD,0.9803172489493339,1,5792,100.0,15,0.0,134664.0,0,15,0.0,1.0,0.037816146622398156,1,0,1,1,1,1,1,1,0.9699999999999999,1.0,1.0,1.0,0.8,skip,attack_already_active,1785296214.5558035,1785296214555803638,1384882772502202,61.4,53.359375,-1.0,0,0
2026-07-28T23:36:54.557,10.42.0.1,10.42.0.1|10.42.0.210|10.42.0.47,56,3,UPLOAD,0.9807741171173255,UPLOAD,0.9807741171173255,1,14480,100.0,16,0.0,149144.0,0,16,0.0,1.0,0.033040582125600265,1,0,1,1,1,1,1,1,0.9699999999999999,1.0,1.0,1.0,0.8,skip,attack_already_active,1785296214.5573792,1785296214557379275,1384882774077924,61.4,53.359375,-1.0,0,0
2026-07-28T23:36:54.560,10.42.0.1,10.42.0.1|10.42.0.210|10.42.0.47,56,3,UPLOAD,0.9808974654843745,UPLOAD,0.9808974654843745,1,1337,100.0,17,0.0,150481.0,0,17,0.0,1.0,0.029132459614134028,1,0,1,1,1,1,1,1,0.9699999999999999,1.0,1.0,1.0,0.8,skip,attack_already_active,1785296214.5607622,1785296214560762002,1384882777460566,61.4,53.359375,-1.0,0,0
2026-07-28T23:36:54.835,10.42.0.1,,57,1,DOWNLOAD,0.9743747618774146,DOWNLOAD,0.9743747618774146,-1,1448,54.923342504196576,10,1448.0,79529.0,1,9,0.017881620707114364,0.9821183792928856,0.12065826315604461,0,0,0,0,1,0,0,0,0.44,0.8500000000000001,0.0,0.6000000000000001,0.15,skip,training_upload_trigger_not_confirmed,1785296214.8357346,1785296214835734414,1384883052433790,61.4,53.359375,-1.0,0,0
2026-07-28T23:36:54.838,10.42.0.1,,57,1,DOWNLOAD,0.95,DOWNLOAD,0.95,-1,5792,10.984668506908193,11,7240.0,79529.0,2,9,0.08343993822678607,0.9165600617732139,0.10512714310059423,0,0,0,0,1,0,0,0,0.44,0.8500000000000001,0.0,0.6000000000000001,0.15,skip,training_upload_trigger_not_confirmed,1785296214.8385315,1785296214838531575,1384883055230881,61.4,53.359375,-1.0,0,0
2026-07-28T23:36:54.839,10.42.0.1,,57,1,DOWNLOAD,0.95,DOWNLOAD,0.95,-1,7240,5.492334253833402,12,14480.0,79529.0,3,9,0.15402780584837622,0.8459721941516238,0.0914438183164976,0,0,0,0,1,0,0,0,0.44,0.8500000000000001,0.0,0.6000000000000001,0.15,skip,training_upload_trigger_not_confirmed,1785296214.8398197,1785296214839819648,1384883056518722,61.4,53.359375,-1.0,0,0
2026-07-28T23:36:54.842,10.42.0.1,,57,1,DOWNLOAD,0.95,DOWNLOAD,0.95,-1,7240,3.6615561693065577,13,21720.0,79529.0,4,9,0.21452063724086165,0.7854793627591383,0.07972923935012217,0,0,0,0,1,0,0,0,0.4,0.8500000000000001,0.0,0.4,0.15,skip,training_upload_trigger_not_confirmed,1785296214.8423648,1785296214842364775,1384883059063879,61.4,53.359375,-1.0,0,0
2026-07-28T23:36:54.843,10.42.0.1,,57,1,DOWNLOAD,0.95,DOWNLOAD,0.95,-1,7240,2.7461671270115273,14,28960.0,79529.0,5,9,0.266939505387643,0.733060494612357,0.06939352669558391,0,0,0,0,1,0,0,0,0.4,0.8500000000000001,0.0,0.4,0.15,skip,training_upload_trigger_not_confirmed,1785296214.8436592,1785296214843659340,1384883060358725,61.4,53.359375,-1.0,0,0
2026-07-28T23:36:54.845,10.42.0.1,,57,1,DOWNLOAD,0.95,DOWNLOAD,0.95,-1,7240,2.1969337016243937,15,36200.0,79529.0,6,9,0.31279973040465225,0.6872002695953477,0.06054119423458027,0,0,0,0,1,0,0,0,0.4,0.8500000000000001,0.0,0.4,0.15,skip,training_upload_trigger_not_confirmed,1785296214.8458748,1785296214845874592,1384883062573635,61.4,53.359375,-1.0,0,0
2026-07-28T23:36:54.847,10.42.0.1,,57,1,DOWNLOAD,0.95,DOWNLOAD,0.95,-1,7240,1.8307780846954238,16,43440.0,79529.0,7,9,0.35325976465613285,0.6467402353438672,0.052722037389202746,0,0,0,0,1,0,0,0,0.32,0.8500000000000001,0.0,0.0,0.15,skip,training_upload_trigger_not_confirmed,1785296214.8470786,1785296214847078721,1384883063777393,61.4,53.359375,-1.0,0,0
2026-07-28T23:36:54.850,10.42.0.1,,57,1,DOWNLOAD,0.95,DOWNLOAD,0.95,-1,10136,1.4844146632730248,17,53576.0,79529.0,8,9,0.40250929717140604,0.597490702828594,0.04621301845723041,0,0,0,0,1,0,0,0,0.32,0.8500000000000001,0.0,0.0,0.15,skip,training_upload_trigger_not_confirmed,1785296214.8504055,1785296214850405487,1384883067104150,61.4,53.359375,-1.0,0,0
2026-07-28T23:36:54.851,10.42.0.1,,57,1,DOWNLOAD,0.95,DOWNLOAD,0.95,-1,7240,1.307698631933904,18,60816.0,79529.0,9,9,0.4333321457836047,0.5666678542163953,0.040275477362396506,0,0,0,0,1,0,0,0,0.32,0.8500000000000001,0.0,0.0,0.15,skip,training_upload_trigger_not_confirmed,1785296214.85156,1785296214851560215,1384883068259029,61.4,53.359375,-1.0,0,0
2026-07-28T23:36:54.852,10.42.0.1,,57,1,DOWNLOAD,0.95,DOWNLOAD,0.95,-1,4344,1.2205187231396482,19,65160.0,79529.0,10,9,0.4503452232028696,0.5496547767971304,0.03515400071404328,0,0,0,0,1,0,0,0,0.32,0.8500000000000001,0.0,0.0,0.15,skip,training_upload_trigger_not_confirmed,1785296214.8529701,1785296214852970176,1384883069668801,61.4,53.359375,-1.0,0,0
2026-07-28T23:36:54.854,10.42.0.1,,57,1,DOWNLOAD,0.95,DOWNLOAD,0.95,-1,14480,0.9986062280261351,20,79640.0,79529.0,11,9,0.5003486859878494,0.4996513140121506,0.030662885358993138,0,0,0,0,1,0,0,0,0.30250000000000005,0.8000000000000002,0.0,0.0,0.15,skip,training_upload_trigger_not_confirmed,1785296214.8540423,1785296214854042476,1384883070740726,61.4,53.359375,-1.0,0,0
2026-07-28T23:36:54.854,10.42.0.1,,57,1,DOWNLOAD,0.95,DOWNLOAD,0.95,-1,10136,0.8858603635728273,21,89776.0,79529.0,12,9,0.5302619532795841,0.4697380467204158,0.026720510976830883,0,0,0,0,1,0,0,0,0.30250000000000005,0.8000000000000002,0.0,0.0,0.15,skip,training_upload_trigger_not_confirmed,1785296214.8547876,1785296214854787518,1384883071485730,61.4,53.359375,-1.0,0,0
2026-07-28T23:36:54.855,10.42.0.1,,57,1,DOWNLOAD,0.95,DOWNLOAD,0.95,-1,5792,0.8321718566901873,22,95568.0,79529.0,13,9,0.545800327818295,0.454199672181705,0.02330002861324219,0,0,0,0,1,0,0,0,0.30250000000000005,0.8000000000000002,0.0,0.0,0.15,skip,training_upload_trigger_not_confirmed,1785296214.855551,1785296214855551098,1384883072249705,61.4,53.359375,-1.0,0,0
2026-07-28T23:36:54.856,10.42.0.1,,57,1,DOWNLOAD,0.95,DOWNLOAD,0.95,-1,10136,0.7523745553644859,23,105704.0,79529.0,14,9,0.5706542570708243,0.4293457429291757,0.02033825853644167,0,0,0,0,1,0,0,0,0.28500000000000003,0.7500000000000001,0.0,0.0,0.15,skip,training_upload_trigger_not_confirmed,1785296214.856375,1785296214856375023,1384883073073318,61.4,53.359375,-1.0,0,0
2026-07-28T23:36:54.857,10.42.0.1,,57,1,DOWNLOAD,0.95,DOWNLOAD,0.95,-1,14480,0.6617270185743382,24,120184.0,79529.0,15,9,0.6017835594077501,0.39821644059224987,0.01775822858318451,0,0,0,0,1,0,0,0,0.28500000000000003,0.7500000000000001,0.0,0.0,0.15,skip,training_upload_trigger_not_confirmed,1785296214.857134,1785296214857134037,1384883073832330,61.4,53.359375,-1.0,0,0
2026-07-28T23:36:54.857,10.42.0.1,,57,1,DOWNLOAD,0.95,DOWNLOAD,0.95,-1,10136,0.6102593615745069,25,130320.0,79529.0,16,9,0.621017970064189,0.378982029935811,0.015517866531657747,0,0,0,0,1,0,0,0,0.28500000000000003,0.7500000000000001,0.0,0.0,0.15,skip,training_upload_trigger_not_confirmed,1785296214.8578908,1785296214857890858,1384883074589113,61.4,53.359375,-1.0,0,0
2026-07-28T23:36:54.858,10.42.0.1,,57,1,DOWNLOAD,0.95,DOWNLOAD,0.95,-1,4344,0.5905735757174109,26,134664.0,79529.0,17,9,0.6287040192723385,0.3712959807276615,0.013570999037874214,0,0,0,0,1,0,0,0,0.28500000000000003,0.7500000000000001,0.0,0.0,0.15,skip,training_upload_trigger_not_confirmed,1785296214.8586345,1785296214858634567,1384883075332930,61.4,53.359375,-1.0,0,0
2026-07-28T23:36:54.860,10.42.0.1,,57,1,DOWNLOAD,0.95,DOWNLOAD,0.95,-1,14480,0.5332363353568816,27,149144.0,79529.0,18,9,0.6522151718829945,0.3477848281170055,0.0120235970977286,0,0,0,0,1,0,0,0,0.28500000000000003,0.7500000000000001,0.0,0.0,0.15,skip,training_upload_trigger_not_confirmed,1785296214.8604627,1785296214860462568,1384883077161600,61.4,53.359375,-1.0,0,0
2026-07-28T23:36:54.861,10.42.0.1,,57,1,DOWNLOAD,0.95,DOWNLOAD,0.95,-1,10136,0.4993031140162022,28,159280.0,79529.0,19,9,0.6669765377351775,0.3330234622648225,0.010578907517980095,0,0,0,0,1,0,0,0,0.28500000000000003,0.7500000000000001,0.0,0.0,0.15,skip,training_upload_trigger_not_confirmed,1785296214.861523,1785296214861522990,1384883078221796,61.4,53.359375,-1.0,0,0
2026-07-28T23:36:54.862,10.42.0.1,,57,1,DOWNLOAD,0.95,DOWNLOAD,0.95,-1,4344,0.4860472791308973,29,163624.0,79529.0,20,9,0.6729261000275547,0.32707389997244535,0.009345012503212527,0,0,0,0,1,0,0,0,0.28500000000000003,0.7500000000000001,0.0,0.0,0.15,skip,training_upload_trigger_not_confirmed,1785296214.8627381,1785296214862738292,1384883079436676,61.4,53.359375,-1.0,0,0
2026-07-28T23:36:54.864,10.42.0.1,,57,1,DOWNLOAD,0.95,DOWNLOAD,0.95,-1,6810,0.46662637736914797,30,170434.0,79529.0,21,9,0.6818369118629557,0.3181630881370443,0.00831110015167173,0,0,0,0,1,0,0,0,0.28500000000000003,0.7500000000000001,0.0,0.0,0.15,skip,training_upload_trigger_not_confirmed,1785296214.864237,1785296214864237015,1384883080935711,61.4,53.359375,-1.0,0,0
2026-07-28T23:36:54.865,10.42.0.47,,57,1,DOWNLOAD,0.95,DOWNLOAD,0.95,-1,7240,1.381215469422484e-10,1,7240.0,0.0,1,0,1.0,0.0,0.046238655651366055,0,0,0,0,0,0,0,0,0.0225,0.0,0.0,0.0,0.15,skip,training_upload_trigger_not_confirmed,1785296214.8654027,1785296214865402718,1384883082101067,61.4,53.359375,-1.0,0,0
2026-07-28T23:36:54.866,10.42.0.47,,57,1,DOWNLOAD,0.9828034978154535,DOWNLOAD,0.9828034978154535,-1,5792,7.673419275040407e-11,2,13032.0,0.0,2,0,1.0,0.0,0.04024580313179207,0,0,0,0,0,0,0,0,0.0225,0.0,0.0,0.0,0.15,skip,training_upload_trigger_not_confirmed,1785296214.8661633,1785296214866163157,1384883082861464,61.4,53.359375,-1.0,0,0
2026-07-28T23:36:54.866,10.42.0.1,,57,1,DOWNLOAD,0.95,DOWNLOAD,0.95,-1,15472,0.42779146450664424,31,185906.0,79529.0,22,9,0.7003823911692127,0.2996176088307872,0.007571052556266501,0,0,0,0,1,0,0,0,0.28500000000000003,0.7500000000000001,0.0,0.0,0.15,skip,training_upload_trigger_not_confirmed,1785296214.8669322,1785296214866932297,1384883083630721,61.4,53.359375,-1.0,0,0
2026-07-28T23:36:54.867,10.42.0.1,,57,1,DOWNLOAD,0.95,DOWNLOAD,0.95,-1,18824,0.3884579690353711,32,204730.0,79529.0,23,9,0.7202234581842616,0.27977654181573847,0.006679477962899283,0,0,0,0,1,0,0,0,0.28500000000000003,0.7500000000000001,0.0,0.0,0.15,skip,training_upload_trigger_not_confirmed,1785296214.8677373,1785296214867737316,1384883084435662,61.4,53.359375,-1.0,0,0
2026-07-28T23:36:54.868,10.42.0.1,,57,1,DOWNLOAD,0.95,DOWNLOAD,0.95,-1,18824,0.3557484992469123,33,223554.0,79529.0,24,9,0.7375999313719345,0.2624000686280656,0.005909097400787535,0,0,0,0,1,0,0,0,0.28500000000000003,0.7500000000000001,0.0,0.0,0.15,skip,training_upload_trigger_not_confirmed,1785296214.8685706,1785296214868570620,1384883085268971,61.4,53.359375,-1.0,0,0
2026-07-28T23:36:54.869,10.42.0.1,,57,1,DOWNLOAD,0.95,DOWNLOAD,0.95,-1,16946,0.33068191268469566,34,240500.0,79529.0,25,9,0.7514943958203788,0.24850560417962123,0.005239165133637592,0,0,0,0,1,0,0,0,0.28500000000000003,0.7500000000000001,0.0,0.0,0.15,skip,training_upload_trigger_not_confirmed,1785296214.8693957,1785296214869395684,1384883086094266,61.4,53.359375,-1.0,0,0
2026-07-28T23:36:54.870,10.42.0.1,,57,1,DOWNLOAD,0.95,DOWNLOAD,0.95,-1,18824,0.3066781323776176,35,259324.0,79529.0,26,9,0.7652994071175406,0.23470059288245937,0.004665901302704913,0,0,0,0,1,0,0,0,0.28500000000000003,0.7500000000000001,0.0,0.0,0.15,skip,training_upload_trigger_not_confirmed,1785296214.8702846,1785296214870284531,1384883086983960,61.4,53.359375,-1.0,0,0
2026-07-28T23:36:54.872,10.42.0.1,,57,1,DOWNLOAD,0.95,DOWNLOAD,0.95,-1,16920,0.28789403571014066,36,276244.0,79529.0,27,9,0.7764613953279198,0.22353860467208023,0.004303054257121099,0,0,0,0,1,0,0,0,0.28500000000000003,0.7500000000000001,0.0,0.0,0.15,skip,training_upload_trigger_not_confirmed,1785296214.872197,1785296214872196964,1384883088895655,61.4,53.359375,-1.0,0,0
2026-07-28T23:36:54.873,10.42.0.145,,24,1,DOWNLOAD,0.95,DOWNLOAD,0.95,-1,7300,1.3698630135109776e-10,1,7300.0,0.0,1,0,1.0,0.0,0.39178676589332,0,0,0,0,0,0,0,0,0.0225,0.0,0.0,0.0,0.15,skip,already_attacked_this_round,1785296214.8733716,1785296214873371563,1384883090070180,61.4,53.359375,-1.0,0,0
2026-07-28T23:36:54.874,10.42.0.145,,24,1,DOWNLOAD,0.95,DOWNLOAD,0.95,-1,7300,6.84931506802402e-11,2,14600.0,0.0,2,0,1.0,0.0,0.3402647100080083,0,0,0,0,0,0,0,0,0.0225,0.0,0.0,0.0,0.15,skip,already_attacked_this_round,1785296214.8741717,1785296214874171583,1384883090869944,61.4,53.359375,-1.0,0,0
2026-07-28T23:36:54.875,10.42.0.18,,42,1,DOWNLOAD,0.95,DOWNLOAD,0.95,-1,10220,9.784735811175661e-11,1,10220.0,0.0,1,0,1.0,0.0,0.44596825154364905,0,0,0,0,0,0,0,0,0.0225,0.0,0.0,0.0,0.15,skip,training_upload_trigger_not_confirmed,1785296214.8752625,1785296214875262490,1384883091960809,61.4,53.359375,-1.0,0,0
2026-07-28T23:36:54.876,10.42.0.18,,42,1,DOWNLOAD,0.95,DOWNLOAD,0.95,-1,4380,6.84931506802402e-11,2,14600.0,0.0,2,0,1.0,0.0,0.3873027204883318,0,0,0,0,0,0,0,0,0.0225,0.0,0.0,0.0,0.15,skip,training_upload_trigger_not_confirmed,1785296214.8760343,1785296214876034264,1384883092732682,61.4,53.359375,-1.0,0,0
2026-07-28T23:36:54.877,10.42.0.18,,42,1,DOWNLOAD,0.9525449051131047,DOWNLOAD,0.9525449051131047,-1,14600,3.424657534129292e-11,3,29200.0,0.0,3,0,1.0,0.0,0.33640777166057834,0,0,0,0,0,0,0,0,0.0225,0.0,0.0,0.0,0.15,skip,training_upload_trigger_not_confirmed,1785296214.8771093,1785296214877109322,1384883093807706,61.4,53.359375,-1.0,0,0
2026-07-28T23:36:54.877,10.42.0.47,,57,1,DOWNLOAD,0.9841926248198131,DOWNLOAD,0.9841926248198131,-1,1448,6.90607734758936e-11,3,14480.0,0.0,3,0,1.0,0.0,0.03649543133664439,0,0,0,0,0,0,0,0,0.0225,0.0,0.0,0.0,0.15,skip,training_upload_trigger_not_confirmed,1785296214.8779485,1785296214877948418,1384883094647432,61.4,53.359375,-1.0,0,0
2026-07-28T23:36:54.879,10.42.0.210,,57,1,DOWNLOAD,0.9838290780050994,DOWNLOAD,0.9838290780050994,-1,10136,6.4285714280358555,46,10136.0,65160.0,1,45,0.1346153846153846,0.8653846153846154,0.058991561133527035,0,0,0,0,0,0,0,0,0.057499999999999996,0.1,0.0,0.0,0.15,skip,training_upload_trigger_not_confirmed,1785296214.8793156,1785296214879315633,1384883096014371,61.4,53.359375,-1.0,0,0
2026-07-28T23:36:54.880,10.42.0.210,,57,1,DOWNLOAD,0.95,DOWNLOAD,0.95,-1,14480,2.6470588234625017,47,24616.0,65160.0,2,45,0.27419354838709675,0.7258064516129032,0.05136802939437686,0,0,0,0,0,0,0,0,0.057499999999999996,0.1,0.0,0.0,0.15,skip,training_upload_trigger_not_confirmed,1785296214.8804543,1785296214880454274,1384883097152699,61.4,53.359375,-1.0,0,0
2026-07-28T23:36:54.881,10.42.0.210,,57,1,DOWNLOAD,0.9557926560077417,DOWNLOAD,0.9557926560077417,-1,4344,2.249999999956837,48,28960.0,65160.0,3,45,0.3076923076923077,0.6923076923076923,0.04470126709342773,0,0,0,0,0,0,0,0,0.057499999999999996,0.1,0.0,0.0,0.15,skip,training_upload_trigger_not_confirmed,1785296214.88123,1785296214881230113,1384883097928308,61.4,53.359375,-1.0,0,0
2026-07-28T23:36:54.882,10.42.0.59,,19,1,DOWNLOAD,0.95,DOWNLOAD,0.95,-1,14600,6.84931506802402e-11,1,14600.0,0.0,1,0,1.0,0.0,0.22734334100658923,0,0,0,0,0,0,0,0,0.0225,0.0,0.0,0.0,0.15,skip,training_upload_trigger_not_confirmed,1785296214.8822837,1785296214882283758,1384883098982147,61.4,53.359375,-1.0,0,0
2026-07-28T23:36:54.883,10.42.0.59,,19,1,DOWNLOAD,0.95,DOWNLOAD,0.95,-1,14600,3.424657534129292e-11,2,29200.0,0.0,2,0,1.0,0.0,0.19749371474208946,0,0,0,0,0,0,0,0,0.0225,0.0,0.0,0.0,0.15,skip,training_upload_trigger_not_confirmed,1785296214.8831065,1785296214883106598,1384883099805154,61.4,53.359375,-1.0,0,0
2026-07-28T23:36:54.884,10.42.0.145,,24,1,DOWNLOAD,0.95,DOWNLOAD,0.95,-1,14600,3.424657534129292e-11,3,29200.0,0.0,3,0,1.0,0.0,0.29675838989744474,0,0,0,0,0,0,0,0,0.0225,0.0,0.0,0.0,0.15,skip,already_attacked_this_round,1785296214.884279,1785296214884279045,1384883100977603,61.4,53.359375,-1.0,0,0
2026-07-28T23:36:54.885,10.42.0.145,,24,1,DOWNLOAD,0.95,DOWNLOAD,0.95,-1,14600,2.2831050227789245e-11,4,43800.0,0.0,4,0,1.0,0.0,0.2577849756283251,0,0,0,0,0,0,0,0,0.0225,0.0,0.0,0.0,0.15,skip,already_attacked_this_round,1785296214.885279,1785296214885279049,1384883101979125,61.4,53.359375,-1.0,0,0
2026-07-28T23:36:54.887,10.42.0.18,,42,1,DOWNLOAD,0.9558694176127179,DOWNLOAD,0.9558694176127179,-1,14600,2.2831050227789245e-11,4,43800.0,0.0,4,0,1.0,0.0,0.2934464560053777,0,0,0,0,0,0,0,0,0.0225,0.0,0.0,0.0,0.15,skip,training_upload_trigger_not_confirmed,1785296214.8874955,1785296214887495339,1384883104194039,61.4,53.359375,-1.0,0,0
2026-07-28T23:36:54.888,10.42.0.18,,42,1,DOWNLOAD,0.95,DOWNLOAD,0.95,-1,20784,1.5483711135645304e-11,5,64584.0,0.0,5,0,1.0,0.0,0.25488380198306926,0,0,0,0,0,0,0,0,0.0225,0.0,0.0,0.0,0.15,skip,training_upload_trigger_not_confirmed,1785296214.8883007,1785296214888300466,1384883104998732,61.4,53.359375,-1.0,0,0
2026-07-28T23:36:54.889,10.42.0.59,,19,1,DOWNLOAD,0.95,DOWNLOAD,0.95,-1,24820,1.8511662346936104e-11,3,54020.0,0.0,3,0,1.0,0.0,0.1723742544557365,0,0,0,0,0,0,0,0,0.0225,0.0,0.0,0.0,0.15,skip,training_upload_trigger_not_confirmed,1785296214.8899755,1785296214889975516,1384883106674141,61.4,53.359375,-1.0,0,0
2026-07-28T23:36:54.890,10.42.0.59,,19,1,DOWNLOAD,0.9552378578223715,DOWNLOAD,0.9552378578223715,-1,10564,1.5483711135645304e-11,4,64584.0,0.0,4,0,1.0,0.0,0.14976727068172868,0,0,0,0,0,0,0,0,0.0225,0.0,0.0,0.0,0.15,skip,training_upload_trigger_not_confirmed,1785296214.8907917,1785296214890791627,1384883107489981,61.4,53.359375,-1.0,0,0
2026-07-28T23:36:54.892,10.42.0.210,,57,1,DOWNLOAD,0.9846998846180315,DOWNLOAD,0.9846998846180315,-1,14480,1.4999999999884899,49,43440.0,65160.0,4,45,0.4,0.6,0.0402839470807618,0,0,0,0,0,0,0,0,0.057499999999999996,0.1,0.0,0.0,0.15,skip,training_upload_trigger_not_confirmed,1785296214.8924096,1785296214892409571,1384883109108252,61.4,53.359375,-1.0,0,0
2026-07-28T23:36:54.893,10.42.0.210,,57,1,DOWNLOAD,0.9854895428954357,DOWNLOAD,0.9854895428954357,-1,20272,1.022727272726916,50,63712.0,65160.0,5,45,0.4943820224719101,0.5056179775280899,0.03516135433977021,0,0,0,0,0,0,0,0,0.039999999999999994,0.05,0.0,0.0,0.15,skip,training_upload_trigger_not_confirmed,1785296214.8938196,1785296214893819720,1384883110518233,61.4,53.359375,-1.0,0,0
2026-07-28T23:36:54.894,10.42.0.210,,57,1,DOWNLOAD,0.9855083405864443,DOWNLOAD,0.9855083405864443,-1,992,1.0070474777446983,51,64704.0,65160.0,6,45,0.49824431713176864,0.5017556828682314,0.030670683751268697,0,0,0,0,0,0,0,0,0.039999999999999994,0.05,0.0,0.0,0.15,skip,training_upload_trigger_not_confirmed,1785296214.8949025,1785296214894902425,1384883111600730,81.8,53.359375,-1.0,0,0
2026-07-28T23:36:54.896,10.42.0.145,,24,1,DOWNLOAD,0.9637483200256658,DOWNLOAD,0.9637483200256658,-1,29200,1.369863013679865e-11,5,73000.0,0.0,5,0,1.0,0.0,0.22526142415962985,0,0,0,0,0,0,0,0,0.0225,0.0,0.0,0.0,0.15,skip,already_attacked_this_round,1785296214.8962517,1785296214896251580,1384883112949917,81.8,53.359375,-1.0,0,0
2026-07-28T23:36:54.897,10.42.0.145,,24,1,DOWNLOAD,0.9735748621837595,DOWNLOAD,0.9735748621837595,-1,6184,1.2628813901638856e-11,6,79184.0,0.0,6,0,1.0,0.0,0.1956812716720485,0,0,0,0,0,0,0,0,0.0225,0.0,0.0,0.0,0.15,skip,already_attacked_this_round,1785296214.8970375,1785296214897037557,1384883113735830,81.8,53.359375,-1.0,0,0
2026-07-28T23:36:54.907,10.42.0.47,,57,1,DOWNLOAD,0.9842456363621571,DOWNLOAD,0.9842456363621571,-1,7240,4.604051565165559e-11,4,21720.0,0.0,4,0,1.0,0.0,0.03552347079302763,0,0,0,0,0,0,0,0,0.0225,0.0,0.0,0.0,0.15,skip,training_upload_trigger_not_confirmed,1785296214.907068,1785296214907067913,1384883123766828,81.8,53.359375,-1.0,0,0
2026-07-28T23:36:54.908,10.42.0.47,,57,1,DOWNLOAD,0.984258765367483,DOWNLOAD,0.984258765367483,-1,11584,3.002642325156058e-11,5,33304.0,0.0,5,0,1.0,0.0,0.030995575940116687,0,0,0,0,0,0,0,0,0.0225,0.0,0.0,0.0,0.15,skip,training_upload_trigger_not_confirmed,1785296214.9082305,1785296214908230657,1384883124929179,81.8,53.359375,-1.0,0,0
2026-07-28T23:36:54.909,10.42.0.47,,57,1,DOWNLOAD,0.9842595514580972,DOWNLOAD,0.9842595514580972,-1,11584,2.22776688642337e-11,6,44888.0,0.0,6,0,1.0,0.0,0.027021834173555494,0,0,0,0,0,0,0,0,0.0225,0.0,0.0,0.0,0.15,skip,training_upload_trigger_not_confirmed,1785296214.9090705,1785296214909070540,1384883125768902,81.8,53.359375,-1.0,0,0
2026-07-28T23:36:54.910,10.42.0.47,,57,1,DOWNLOAD,0.9842595697674881,DOWNLOAD,0.9842595697674881,-1,8688,1.8665073913344312e-11,7,53576.0,0.0,7,0,1.0,0.0,0.023604812725517454,0,0,0,0,0,0,0,0,0.0225,0.0,0.0,0.0,0.15,skip,training_upload_trigger_not_confirmed,1785296214.9101615,1785296214910161347,1384883126860013,81.8,53.359375,-1.0,0,0
2026-07-28T23:36:54.913,10.42.0.47,,57,1,DOWNLOAD,0.9842595701645237,DOWNLOAD,0.9842595701645237,-1,5792,1.6844091092560906e-11,8,59368.0,0.0,8,0,1.0,0.0,0.02092450064347056,0,0,0,0,0,0,0,0,0.0225,0.0,0.0,0.0,0.15,skip,training_upload_trigger_not_confirmed,1785296214.9134262,1785296214913426055,1384883130124564,81.8,53.359375,-1.0,0,0
2026-07-28T23:36:54.914,10.42.0.47,,57,1,DOWNLOAD,0.9842595701721291,DOWNLOAD,0.9842595701721291,-1,5792,1.5346838551022915e-11,9,65160.0,0.0,9,0,1.0,0.0,0.018270674870955878,0,0,0,0,0,0,0,0,0.0225,0.0,0.0,0.0,0.15,skip,training_upload_trigger_not_confirmed,1785296214.9142115,1785296214914211638,1384883130909856,81.8,53.359375,-1.0,0,0
2026-07-28T23:36:54.914,10.42.0.47,,57,1,DOWNLOAD,0.9842595701722379,DOWNLOAD,0.9842595701722379,-1,5792,1.4094035404018295e-11,10,70952.0,0.0,10,0,1.0,0.0,0.015962314219851725,0,0,0,0,0,0,0,0,0.0225,0.0,0.0,0.0,0.15,skip,training_upload_trigger_not_confirmed,1785296214.9149647,1785296214914964685,1384883131662832,81.8,53.359375,-1.0,0,0
2026-07-28T23:36:54.915,10.42.0.47,,57,1,DOWNLOAD,0.9842595701722379,DOWNLOAD,0.9842595701722379,-1,8245,1.2626740911743795e-11,11,79197.0,0.0,11,0,1.0,0.0,0.01395958177147104,0,0,0,0,0,0,0,0,0.0225,0.0,0.0,0.0,0.15,skip,training_upload_trigger_not_confirmed,1785296214.9157288,1785296214915729024,1384883132427275,81.8,53.359375,-1.0,0,0
2026-07-28T23:36:55.215,10.42.0.145,,24,2,TRAINING,0.95,TRAINING,0.95,1,64240,0.811275005053909,7,79184.0,64240.0,6,1,0.5520972780008925,0.4479027219991075,0.4032505172495362,0,0,0,0,1,0,0,0,0.4525,1.0,0.0,0.4,0.15,skip,already_attacked_this_round,1785296215.215256,1785296215215256061,1384883431955402,81.8,53.359375,-1.0,0,0
2026-07-28T23:36:55.216,10.42.0.145,,24,3,UPLOAD,0.95,UPLOAD,0.95,1,15315,1.004685289957508,8,79184.0,79555.0,6,2,0.4988314150901795,0.5011685849098205,0.35029656382786134,0,0,0,1,1,1,1,1,0.85,1.0,1.0,0.4,0.8,skip,already_attacked_this_round,1785296215.2166536,1785296215216653505,1384883433352406,81.8,53.359375,-1.0,0,0
2026-07-28T23:36:55.219,10.42.0.1,,57,2,TRAINING,0.95,TRAINING,0.95,1,7240,0.31410274974546376,37,276244.0,86769.0,27,10,0.7609755022547402,0.2390244977452598,0.003923301176103227,0,0,0,0,1,0,0,0,0.4525,1.0,0.0,0.4,0.15,skip,training_upload_trigger_not_confirmed,1785296215.219849,1785296215219849135,1384883436548300,81.8,53.359375,-1.0,0,0
2026-07-28T23:36:55.221,10.42.0.1,10.42.0.1,57,3,UPLOAD,0.95,UPLOAD,0.95,1,5792,0.33506972097372223,38,276244.0,92561.0,27,11,0.7490245522701698,0.2509754477298301,0.0036093614313752504,1,0,0,1,1,1,1,1,0.85,1.0,1.0,0.4,0.8,trigger,training_upload_trigger_confirmed,1785296215.22139,1785296215221390173,1384883438089181,81.8,53.359375,50.122222,1785296215271514104,1384883488211403
2026-07-28T23:36:55.226,10.42.0.59,10.42.0.1,19,2,TRAINING,0.95,TRAINING,0.95,1,64240,0.994673603369338,5,64584.0,64240.0,4,1,0.5013351549400733,0.4986648450599267,0.2924664629844037,0,0,0,0,1,0,0,0,0.4525,1.0,0.0,0.4,0.15,skip,training_upload_trigger_not_confirmed,1785296215.2266417,1785296215226641683,1384883443341065,81.8,53.359375,-1.0,0,0
2026-07-28T23:36:55.229,10.42.0.59,10.42.0.1,19,3,UPLOAD,0.95,UPLOAD,0.95,1,5094,1.073547627894315,6,64584.0,69334.0,4,2,0.4822652668050598,0.5177347331949402,0.25433244987403963,0,0,0,1,1,1,1,1,0.85,1.0,1.0,0.4,0.8,trigger,training_upload_trigger_confirmed,1785296215.2297196,1785296215229719568,1384883446418294,81.8,53.359375,57.377563,1785296215287098559,1384883503795857
2026-07-28T23:36:55.231,10.42.0.1,10.42.0.1,57,3,UPLOAD,0.95,UPLOAD,0.95,1,7240,0.36127843500904533,39,276244.0,99801.0,27,12,0.7346035713810847,0.26539642861891527,0.0035347524813659657,1,0,1,1,1,1,1,1,0.9699999999999999,1.0,1.0,1.0,0.8,skip,attack_already_active,1785296215.2314947,1785296215231494531,1384883448193290,81.8,53.359375,-1.0,0,0
2026-07-28T23:36:55.232,10.42.0.1,10.42.0.1,57,3,UPLOAD,0.95,UPLOAD,0.95,1,5792,0.3822454062373038,40,276244.0,105593.0,27,13,0.7234605342070045,0.27653946579299543,0.003235035158629896,1,0,1,1,1,1,1,1,0.9699999999999999,1.0,1.0,1.0,0.8,skip,attack_already_active,1785296215.232755,1785296215232754914,1384883449453627,81.8,53.359375,-1.0,0,0
2026-07-28T23:36:55.240,10.42.0.1,10.42.0.1,57,3,UPLOAD,0.95,UPLOAD,0.95,1,1448,0.3874871490443684,41,276244.0,107041.0,27,14,0.7207273960629819,0.27927260393701814,0.0037654024341228194,1,0,1,1,1,1,1,1,0.9699999999999999,1.0,1.0,1.0,0.8,skip,attack_already_active,1785296215.2400148,1785296215240014832,1384883456714184,81.8,53.359375,-1.0,0,0
2026-07-28T23:36:55.241,10.42.0.1,10.42.0.1,57,3,UPLOAD,0.95,UPLOAD,0.95,1,1448,0.392728891851433,42,276244.0,108489.0,27,15,0.7180148310646605,0.2819851689353396,0.0034245465576756475,1,0,1,1,1,1,1,1,0.9699999999999999,1.0,1.0,1.0,0.8,skip,attack_already_active,1785296215.2411935,1785296215241193546,1384883457892421,81.8,53.359375,-1.0,0,0
2026-07-28T23:36:55.266,10.42.0.1,10.42.0.1,57,3,UPLOAD,0.95,UPLOAD,0.95,1,1448,0.39797063465849764,43,276244.0,109937.0,27,16,0.715322607792719,0.28467739220728105,0.0063575070382868755,1,0,1,1,1,1,1,1,0.9699999999999999,1.0,1.0,1.0,0.8,skip,attack_already_active,1785296215.2668755,1785296215266875462,1384883483574362,81.8,53.359375,-1.0,0,0
2026-07-28T23:36:55.270,10.42.0.1,10.42.0.1,57,3,UPLOAD,0.95,UPLOAD,0.95,1,11584,0.4399045771150146,44,276244.0,121521.0,27,17,0.6944904654758463,0.3055095345241537,0.006011056502923603,1,0,1,1,1,1,1,1,0.9699999999999999,1.0,1.0,1.0,0.8,skip,attack_already_active,1785296215.270604,1785296215270603821,1384883487303180,81.8,53.359375,-1.0,0,0
2026-07-28T23:36:55.271,10.42.0.1,10.42.0.1,57,3,UPLOAD,0.95,UPLOAD,0.95,1,14480,0.4923220051856608,45,276244.0,136001.0,27,18,0.6700966658176569,0.329903334182343,0.005360708402423938,1,0,1,1,1,1,1,1,0.9699999999999999,1.0,1.0,1.0,0.8,skip,attack_already_active,1785296215.2716796,1785296215271679693,1384883488378359,81.8,53.359375,-1.0,0,0
2026-07-28T23:36:55.272,10.42.0.1,10.42.0.1,57,3,UPLOAD,0.95,UPLOAD,0.95,1,14480,0.544739433256307,46,276244.0,150481.0,27,19,0.6473583689729919,0.352641631027008,0.00482169624238855,1,0,1,1,1,1,1,1,0.9699999999999999,1.0,1.0,1.0,0.8,skip,attack_already_active,1785296215.27295,1785296215272950110,1384883489649439,81.8,53.359375,-1.0,0,0
2026-07-28T23:36:55.274,10.42.0.1,10.42.0.1,57,3,UPLOAD,0.95,UPLOAD,0.95,1,14480,0.5971568613269531,47,276244.0,164961.0,27,20,0.6261125780532859,0.3738874219467141,0.0043470201998288965,1,0,1,1,1,1,1,1,0.9699999999999999,1.0,1.0,1.0,0.8,skip,attack_already_active,1785296215.2741694,1785296215274169396,1384883490868537,81.8,53.359375,-1.0,0,0
2026-07-28T23:36:55.275,10.42.0.1,10.42.0.1,57,3,UPLOAD,0.95,UPLOAD,0.95,1,5792,0.6181238325552116,48,276244.0,170753.0,27,21,0.6179996733758839,0.38200032662411604,0.00393131274772017,1,0,1,1,1,1,1,1,0.9699999999999999,1.0,1.0,1.0,0.8,skip,attack_already_active,1785296215.2753618,1785296215275361868,1384883492060520,81.8,53.359375,-1.0,0,0
2026-07-28T23:36:55.276,10.42.0.1,10.42.0.1,57,3,UPLOAD,0.95,UPLOAD,0.95,1,14480,0.6705412606258578,49,276244.0,185233.0,27,22,0.5986083813494497,0.4013916186505503,0.0035676830208656307,1,0,1,1,1,1,1,1,0.9699999999999999,1.0,1.0,1.0,0.8,skip,attack_already_active,1785296215.2765336,1785296215276533411,1384883493231987,81.8,53.359375,-1.0,0,0
2026-07-28T23:36:55.278,10.42.0.1,10.42.0.1,57,3,UPLOAD,0.95,UPLOAD,0.95,1,15928,0.7282004315035686,50,276244.0,201161.0,27,23,0.5786365873838775,0.4213634126161226,0.0032943525907948774,1,0,1,1,1,1,1,1,0.9699999999999999,1.0,1.0,1.0,0.8,skip,attack_already_active,1785296215.278027,1785296215278027020,1384883494725679,81.8,53.359375,-1.0,0,0
2026-07-28T23:36:55.278,10.42.0.1,10.42.0.1,57,3,UPLOAD,0.95,UPLOAD,0.95,1,1448,0.7334421743106332,51,276244.0,202609.0,27,24,0.5768868525413854,0.42311314745861467,0.0029750090884659523,1,0,1,1,1,1,1,1,0.9699999999999999,1.0,1.0,1.0,0.8,skip,attack_already_active,1785296215.278898,1785296215278897947,1384883495596363,81.8,53.359375,-1.0,0,0
2026-07-28T23:36:55.280,10.42.0.1,10.42.0.1,57,3,UPLOAD,0.95,UPLOAD,0.95,1,14480,0.7858596023812794,52,276244.0,217089.0,27,25,0.5599544324016436,0.4400455675983565,0.00285266650833707,1,0,1,1,1,1,1,1,0.9699999999999999,1.0,1.0,1.0,0.8,skip,attack_already_active,1785296215.2809446,1785296215280944591,1384883497643208,81.8,53.359375,-1.0,0,0
2026-07-28T23:36:55.282,10.42.0.1,10.42.0.1,57,3,UPLOAD,0.95,UPLOAD,0.95,1,14480,0.8382770304519256,53,276244.0,231569.0,27,26,0.5439876489967763,0.4560123510032236,0.00262991811742255,1,0,1,1,1,1,1,1,0.9699999999999999,1.0,1.0,1.0,0.8,skip,attack_already_active,1785296215.2821069,1785296215282106935,1384883498805578,81.8,53.359375,-1.0,0,0
2026-07-28T23:36:55.283,10.42.0.1,10.42.0.1,57,3,UPLOAD,0.95,UPLOAD,0.95,1,5693,0.8588856228556678,54,276244.0,237262.0,27,27,0.5379567132613835,0.4620432867386165,0.002432406587303143,1,0,1,1,1,1,1,1,0.9699999999999999,1.0,1.0,1.0,0.8,skip,attack_already_active,1785296215.283238,1785296215283237980,1384883499936589,81.8,53.359375,-1.0,0,0
2026-07-28T23:36:55.284,10.42.0.1,10.42.0.1,57,3,UPLOAD,0.95,UPLOAD,0.95,1,1350,0.8637726068263427,55,276244.0,238612.0,27,28,0.5365461410569169,0.4634538589430831,0.0023069486447035823,1,0,1,1,1,1,1,1,0.9699999999999999,1.0,1.0,1.0,0.8,skip,attack_already_active,1785296215.2847183,1785296215284718319,1384883501417409,81.8,53.359375,-1.0,0,0
2026-07-28T23:36:55.309,10.42.0.18,10.42.0.1,42,2,TRAINING,0.95,TRAINING,0.95,1,13140,0.203455964337863,6,64584.0,13140.0,5,1,0.8309402501157943,0.16905974988420566,0.3799813914426874,0,0,0,0,1,1,0,0,0.5725,1.0,0.0,1.0,0.15,skip,training_upload_trigger_not_confirmed,1785296215.3093398,1785296215309339775,1384883526038921,81.8,53.359375,-1.0,0,0
2026-07-28T23:36:55.313,10.42.0.18,10.42.0.1,42,3,UPLOAD,0.95,UPLOAD,0.95,1,64240,1.1981295676917172,7,64584.0,77380.0,5,2,0.45493223634160773,0.5450677636583923,0.330522689007267,0,0,0,1,1,1,1,1,0.9699999999999999,1.0,1.0,1.0,0.8,trigger,training_upload_trigger_confirmed,1785296215.3139927,1785296215313992664,1384883530691505,81.8,53.359375,145.759,1785296215459753164,1384883676450505
2026-07-28T23:36:55.316,10.42.0.1,10.42.0.1,57,3,UPLOAD,0.95,UPLOAD,0.95,1,11584,0.9057065492828597,56,276244.0,250196.0,27,29,0.5247397614163057,0.47526023858369426,0.0024570914092029504,1,0,1,1,1,1,1,1,0.9699999999999999,1.0,1.0,1.0,0.8,skip,attack_already_active,1785296215.3163738,1785296215316373655,1384883533072371,81.8,53.359375,-1.0,0,0
2026-07-28T23:36:55.317,10.42.0.1,10.42.0.1,57,3,UPLOAD,0.95,UPLOAD,0.95,1,20272,0.9790909485817644,57,276244.0,270468.0,27,30,0.505282488769224,0.494717511230776,0.002277735656954788,1,0,1,1,1,1,1,1,0.9699999999999999,1.0,1.0,1.0,0.8,skip,attack_already_active,1785296215.3174698,1785296215317470030,1384883534169938,81.8,53.359375,-1.0,0,0
2026-07-28T23:36:55.318,10.42.0.1,10.42.0.1,57,3,UPLOAD,0.95,UPLOAD,0.95,1,2896,0.9895744341958935,58,276244.0,273364.0,27,31,0.5026200491987016,0.4973799508012984,0.002165213450897145,1,0,1,1,1,1,1,1,0.9699999999999999,1.0,1.0,1.0,0.8,skip,attack_already_active,1785296215.3188937,1785296215318893634,1384883535594356,81.8,53.359375,-1.0,0,0
2026-07-28T23:36:55.320,10.42.0.1,10.42.0.1,57,3,UPLOAD,0.95,UPLOAD,0.95,1,11584,1.0315083766524105,59,276244.0,284948.0,27,32,0.49224507833326203,0.507754921666738,0.0021434548518214024,1,0,1,1,1,1,1,1,0.9699999999999999,1.0,1.0,1.0,0.8,skip,attack_already_active,1785296215.3208938,1785296215320893633,1384883537592802,81.8,53.359375,-1.0,0,0
2026-07-28T23:36:55.322,10.42.0.1,10.42.0.1,57,3,UPLOAD,0.95,UPLOAD,0.95,1,2814,1.041695023240173,60,276244.0,287762.0,27,33,0.4897891157186271,0.5102108842813728,0.0020890931438425145,1,0,1,1,1,1,1,1,0.9699999999999999,1.0,1.0,1.0,0.8,skip,attack_already_active,1785296215.3226247,1785296215322624836,1384883539324100,81.8,53.359375,-1.0,0,0
2026-07-28T23:36:56.089,10.42.0.47,10.42.0.1,57,2,TRAINING,0.9,TRAINING,0.9,0,43,1.0,0,0.0,0.0,0,0,0.0,0.0,0.32217733767866397,0,0,0,0,0,0,0,0,0.039999999999999994,0.05,0.0,0.0,0.15,skip,training_upload_trigger_not_confirmed,1785296216.0891418,1785296216089141822,1384884305840845,60.3,53.359375,-1.0,0,0
2026-07-28T23:36:56.245,10.42.0.145,10.42.0.1,24,3,UPLOAD,0.9841010226033655,UPLOAD,0.9841010226033655,0,39,1.0,0,0.0,0.0,0,0,0.0,0.0,0.3115968153944884,0,0,0,0,0,0,0,0,0.4375,0.05,1.0,0.0,0.8,skip,already_attacked_this_round,1785296216.2457354,1785296216245735438,1384884462434374,7.5,53.359375,-1.0,0,0
2026-07-28T23:36:56.451,10.42.0.210,10.42.0.1|10.42.0.210,57,3,UPLOAD,0.95,UPLOAD,0.95,1,1448,100.0,1,0.0,1448.0,0,1,0.0,1.0,0.2916048017775955,1,0,0,1,1,1,1,1,0.9525,0.95,1.0,1.0,0.8,trigger,training_upload_trigger_confirmed,1785296216.4513185,1785296216451318650,1384884668017938,7.5,53.359375,8.162914,1785296216459483545,1384884676180852
2026-07-28T23:36:56.453,10.42.0.210,10.42.0.1|10.42.0.210,57,3,UPLOAD,0.9841010226033655,UPLOAD,0.9841010226033655,1,1448,100.0,2,0.0,2896.0,0,2,0.0,1.0,0.25341307692277626,1,0,1,1,1,1,1,1,0.9699999999999999,1.0,1.0,1.0,0.8,skip,attack_already_active,1785296216.4530969,1785296216453096937,1384884669795709,7.5,53.359375,-1.0,0,0
2026-07-28T23:36:56.454,10.42.0.210,10.42.0.1|10.42.0.210,57,3,UPLOAD,0.9854688349332961,UPLOAD,0.9854688349332961,1,1448,100.0,3,0.0,4344.0,0,3,0.0,1.0,0.220251721429143,1,0,1,1,1,1,1,1,0.9699999999999999,1.0,1.0,1.0,0.8,skip,attack_already_active,1785296216.4548576,1785296216454857373,1384884671556249,7.5,53.359375,-1.0,0,0
2026-07-28T23:36:56.459,10.42.0.210,10.42.0.1|10.42.0.210,57,3,UPLOAD,0.9855076450773014,UPLOAD,0.9855076450773014,1,1448,100.0,4,0.0,5792.0,0,4,0.0,1.0,0.1917814611069052,1,0,1,1,1,1,1,1,0.9699999999999999,1.0,1.0,1.0,0.8,skip,attack_already_active,1785296216.4590564,1785296216459056398,1384884675755786,7.5,53.359375,-1.0,0,0
2026-07-28T23:36:56.460,10.42.0.210,10.42.0.1|10.42.0.210,57,3,UPLOAD,0.9855086980780915,UPLOAD,0.9855086980780915,1,1448,100.0,5,0.0,7240.0,0,5,0.0,1.0,0.16671210945017811,1,0,1,1,1,1,1,1,0.9699999999999999,1.0,1.0,1.0,0.8,skip,attack_already_active,1785296216.4605935,1785296216460593290,1384884677291968,7.5,53.359375,-1.0,0,0
2026-07-28T23:36:56.461,10.42.0.210,10.42.0.1|10.42.0.210,57,3,UPLOAD,0.9855087254685951,UPLOAD,0.9855087254685951,1,1448,100.0,6,0.0,8688.0,0,6,0.0,1.0,0.144880909929116,1,0,1,1,1,1,1,1,0.9699999999999999,1.0,1.0,1.0,0.8,skip,attack_already_active,1785296216.4616346,1785296216461634481,1384884678333406,7.5,53.359375,-1.0,0,0
2026-07-28T23:36:56.462,10.42.0.210,10.42.0.1|10.42.0.210,57,3,UPLOAD,0.9855087261493067,UPLOAD,0.9855087261493067,1,1448,100.0,7,0.0,10136.0,0,7,0.0,1.0,0.1259329771291492,1,0,1,1,1,1,1,1,0.9699999999999999,1.0,1.0,1.0,0.8,skip,attack_already_active,1785296216.462725,1785296216462724737,1384884679424074,7.5,53.359375,-1.0,0,0
2026-07-28T23:36:56.464,10.42.0.210,10.42.0.1|10.42.0.210,57,3,UPLOAD,0.9855087261653082,UPLOAD,0.9855087261653082,1,1448,100.0,8,0.0,11584.0,0,8,0.0,1.0,0.10956631688160734,1,0,1,1,1,1,1,1,0.9699999999999999,1.0,1.0,1.0,0.8,skip,attack_already_active,1785296216.4644558,1785296216464455951,1384884681155414,7.5,53.359375,-1.0,0,0
2026-07-28T23:36:56.465,10.42.0.210,10.42.0.1|10.42.0.210,57,3,UPLOAD,0.985508726165656,UPLOAD,0.985508726165656,1,1448,100.0,9,0.0,13032.0,0,9,0.0,1.0,0.09526958950980473,1,0,1,1,1,1,1,1,0.9699999999999999,1.0,1.0,1.0,0.8,skip,attack_already_active,1785296216.4655282,1785296216465528396,1384884682227226,7.5,53.359375,-1.0,0,0
2026-07-28T23:36:56.466,10.42.0.210,10.42.0.1|10.42.0.210,57,3,UPLOAD,0.9855087261656625,UPLOAD,0.9855087261656625,1,1448,100.0,10,0.0,14480.0,0,10,0.0,1.0,0.08285177899576461,1,0,1,1,1,1,1,1,0.9699999999999999,1.0,1.0,1.0,0.8,skip,attack_already_active,1785296216.4665625,1785296216466562495,1384884683261625,7.5,53.359375,-1.0,0,0
2026-07-28T23:36:56.468,10.42.0.210,10.42.0.1|10.42.0.210,57,3,UPLOAD,0.95,UPLOAD,0.95,1,1448,100.0,11,0.0,15928.0,0,11,0.0,1.0,0.0722332185078658,1,0,1,1,1,1,1,1,0.9699999999999999,1.0,1.0,1.0,0.8,skip,attack_already_active,1785296216.468833,1785296216468833048,1384884685533456,7.5,53.359375,-1.0,0,0
2026-07-28T23:36:56.470,10.42.0.210,10.42.0.1|10.42.0.210,57,3,UPLOAD,0.95,UPLOAD,0.95,1,1448,100.0,12,0.0,17376.0,0,12,0.0,1.0,0.06293511814367025,1,0,1,1,1,1,1,1,0.9699999999999999,1.0,1.0,1.0,0.8,skip,attack_already_active,1785296216.4705055,1785296216470505560,1384884687206118,7.5,53.359375,-1.0,0,0
2026-07-28T23:36:56.472,10.42.0.210,10.42.0.1|10.42.0.210,57,3,UPLOAD,0.95,UPLOAD,0.95,1,1448,100.0,13,0.0,18824.0,0,13,0.0,1.0,0.05492959767879082,1,0,1,1,1,1,1,1,0.9699999999999999,1.0,1.0,1.0,0.8,skip,attack_already_active,1785296216.472689,1785296216472688965,1384884689388725,7.5,53.359375,-1.0,0,0
2026-07-28T23:36:56.474,10.42.0.210,10.42.0.1|10.42.0.210,57,3,UPLOAD,0.95,UPLOAD,0.95,1,1448,100.0,14,0.0,20272.0,0,14,0.0,1.0,0.04786775111815725,1,0,1,1,1,1,1,1,0.9699999999999999,1.0,1.0,1.0,0.8,skip,attack_already_active,1785296216.474028,1785296216474027931,1384884690726880,7.5,53.359375,-1.0,0,0
2026-07-28T23:36:56.475,10.42.0.210,10.42.0.1|10.42.0.210,57,3,UPLOAD,0.95,UPLOAD,0.95,1,1448,100.0,15,0.0,21720.0,0,15,0.0,1.0,0.04180389755224603,1,0,1,1,1,1,1,1,0.9699999999999999,1.0,1.0,1.0,0.8,skip,attack_already_active,1785296216.475879,1785296216475878791,1384884692578561,7.5,53.359375,-1.0,0,0
2026-07-28T23:36:56.477,10.42.0.210,10.42.0.1|10.42.0.210,57,3,UPLOAD,0.95,UPLOAD,0.95,1,1448,100.0,16,0.0,23168.0,0,16,0.0,1.0,0.036482773524261346,1,0,1,1,1,1,1,1,0.9699999999999999,1.0,1.0,1.0,0.8,skip,attack_already_active,1785296216.4773023,1785296216477302265,1384884694014316,7.5,53.359375,-1.0,0,0
2026-07-28T23:36:56.479,10.42.0.210,10.42.0.1|10.42.0.210,57,3,UPLOAD,0.95,UPLOAD,0.95,1,1448,100.0,17,0.0,24616.0,0,17,0.0,1.0,0.03201081412680119,1,0,1,1,1,1,1,1,0.9699999999999999,1.0,1.0,1.0,0.8,skip,attack_already_active,1785296216.4798486,1785296216479848752,1384884696549131,7.5,53.359375,-1.0,0,0
2026-07-28T23:36:56.484,10.42.0.210,10.42.0.1|10.42.0.210,57,3,UPLOAD,0.95,UPLOAD,0.95,1,1448,100.0,18,0.0,26064.0,0,18,0.0,1.0,0.02843179476314353,1,0,1,1,1,1,1,1,0.9699999999999999,1.0,1.0,1.0,0.8,skip,attack_already_active,1785296216.4846992,1785296216484699146,1384884701400652,7.5,53.359375,-1.0,0,0
2026-07-28T23:36:56.487,10.42.0.210,10.42.0.1|10.42.0.210,57,3,UPLOAD,0.95,UPLOAD,0.95,1,1448,100.0,19,0.0,27512.0,0,19,0.0,1.0,0.02498870298390735,1,0,1,1,1,1,1,1,0.9699999999999999,1.0,1.0,1.0,0.8,skip,attack_already_active,1785296216.4870024,1785296216487002295,1384884703701818,7.5,53.359375,-1.0,0,0
2026-07-28T23:36:56.492,10.42.0.210,10.42.0.1|10.42.0.210,57,3,UPLOAD,0.95,UPLOAD,0.95,1,1448,100.0,20,0.0,28960.0,0,20,0.0,1.0,0.022414127804566333,1,0,1,1,1,1,1,1,0.9699999999999999,1.0,1.0,1.0,0.8,skip,attack_already_active,1785296216.4924533,1785296216492453458,1384884709152931,7.5,53.359375,-1.0,0,0
2026-07-28T23:36:56.497,10.42.0.210,10.42.0.1|10.42.0.210,57,3,UPLOAD,0.95,UPLOAD,0.95,1,1448,100.0,21,0.0,30408.0,0,21,0.0,1.0,0.020112336510749486,1,0,1,1,1,1,1,1,0.9699999999999999,1.0,1.0,1.0,0.8,skip,attack_already_active,1785296216.4973998,1785296216497399707,1384884714099452,7.5,53.359375,-1.0,0,0
2026-07-28T23:36:56.498,10.42.0.210,10.42.0.1|10.42.0.210,57,3,UPLOAD,0.95,UPLOAD,0.95,1,1448,100.0,22,0.0,31856.0,0,22,0.0,1.0,0.017625509207786313,1,0,1,1,1,1,1,1,0.9699999999999999,1.0,1.0,1.0,0.8,skip,attack_already_active,1785296216.4986403,1785296216498640414,1384884715339791,7.5,53.359375,-1.0,0,0
2026-07-28T23:36:56.504,10.42.0.210,10.42.0.1|10.42.0.210,57,3,UPLOAD,0.95,UPLOAD,0.95,1,1448,100.0,23,0.0,33304.0,0,23,0.0,1.0,0.016043835563632994,1,0,1,1,1,1,1,1,0.9699999999999999,1.0,1.0,1.0,0.8,skip,attack_already_active,1785296216.504263,1785296216504262860,1384884720961949,7.5,53.359375,-1.0,0,0
2026-07-28T23:36:56.505,10.42.0.210,10.42.0.1|10.42.0.210,57,3,UPLOAD,0.95,UPLOAD,0.95,1,1448,100.0,24,0.0,34752.0,0,24,0.0,1.0,0.014104254600227868,1,0,1,1,1,1,1,1,0.9699999999999999,1.0,1.0,1.0,0.8,skip,attack_already_active,1785296216.5055878,1785296216505587587,1384884722286664,7.5,53.359375,-1.0,0,0
2026-07-28T23:36:56.507,10.42.0.210,10.42.0.1|10.42.0.210,57,3,UPLOAD,0.95,UPLOAD,0.95,1,1448,100.0,25,0.0,36200.0,0,25,0.0,1.0,0.012484603890283635,1,0,1,1,1,1,1,1,0.9699999999999999,1.0,1.0,1.0,0.8,skip,attack_already_active,1785296216.507401,1785296216507401057,1384884724100181,7.5,53.359375,-1.0,0,0
2026-07-28T23:36:56.511,10.42.0.210,10.42.0.1|10.42.0.210,57,3,UPLOAD,0.95,UPLOAD,0.95,1,1448,100.0,26,0.0,37648.0,0,26,0.0,1.0,0.011423659915159801,1,0,1,1,1,1,1,1,0.9699999999999999,1.0,1.0,1.0,0.8,skip,attack_already_active,1785296216.5118344,1785296216511834414,1384884728534381,7.5,53.359375,-1.0,0,0
2026-07-28T23:36:56.517,10.42.0.210,10.42.0.1|10.42.0.210,57,3,UPLOAD,0.95,UPLOAD,0.95,1,1448,100.0,27,0.0,39096.0,0,27,0.0,1.0,0.01067220708694797,1,0,1,1,1,1,1,1,0.9699999999999999,1.0,1.0,1.0,0.8,skip,attack_already_active,1785296216.5175555,1785296216517555390,1384884734255476,7.5,53.359375,-1.0,0,0
2026-07-28T23:36:56.522,10.42.0.210,10.42.0.1|10.42.0.210,57,3,UPLOAD,0.95,UPLOAD,0.95,1,1448,100.0,28,0.0,40544.0,0,28,0.0,1.0,0.009862532060533636,1,0,1,1,1,1,1,1,0.9699999999999999,1.0,1.0,1.0,0.8,skip,attack_already_active,1785296216.5220833,1785296216522083325,1384884738782729,7.5,53.359375,-1.0,0,0
2026-07-28T23:36:56.523,10.42.0.210,10.42.0.1|10.42.0.210,57,3,UPLOAD,0.95,UPLOAD,0.95,1,1448,100.0,29,0.0,41992.0,0,29,0.0,1.0,0.00877512722563324,1,0,1,1,1,1,1,1,0.9699999999999999,1.0,1.0,1.0,0.8,skip,attack_already_active,1785296216.5236938,1785296216523693782,1384884740392575,7.5,53.359375,-1.0,0,0
2026-07-28T23:36:56.528,10.42.0.210,10.42.0.1|10.42.0.210,57,3,UPLOAD,0.95,UPLOAD,0.95,1,1448,100.0,30,0.0,43440.0,0,30,0.0,1.0,0.008213553841294656,1,0,1,1,1,1,1,1,0.9699999999999999,1.0,1.0,1.0,0.8,skip,attack_already_active,1785296216.5282073,1785296216528207384,1384884744907461,7.5,53.359375,-1.0,0,0
2026-07-28T23:36:56.533,10.42.0.210,10.42.0.1|10.42.0.210,57,3,UPLOAD,0.95,UPLOAD,0.95,1,1448,100.0,31,0.0,44888.0,0,31,0.0,1.0,0.00784034112442365,1,0,1,1,1,1,1,1,0.9699999999999999,1.0,1.0,1.0,0.8,skip,attack_already_active,1785296216.5335886,1785296216533588708,1384884750288371,7.5,53.359375,-1.0,0,0
2026-07-28T23:36:56.534,10.42.0.210,10.42.0.1|10.42.0.210,57,3,UPLOAD,0.95,UPLOAD,0.95,1,1448,100.0,32,0.0,46336.0,0,32,0.0,1.0,0.006989814158239398,1,0,1,1,1,1,1,1,0.9699999999999999,1.0,1.0,1.0,0.8,skip,attack_already_active,1785296216.5349746,1785296216534974462,1384884751674891,7.5,53.359375,-1.0,0,0
2026-07-28T23:36:56.536,10.42.0.210,10.42.0.1|10.42.0.210,57,3,UPLOAD,0.95,UPLOAD,0.95,1,1448,100.0,33,0.0,47784.0,0,33,0.0,1.0,0.0062979884739231195,1,0,1,1,1,1,1,1,0.9699999999999999,1.0,1.0,1.0,0.8,skip,attack_already_active,1785296216.5367143,1785296216536714120,1384884753413241,7.5,53.359375,-1.0,0,0
2026-07-28T23:36:56.537,10.42.0.210,10.42.0.1|10.42.0.210,57,3,UPLOAD,0.95,UPLOAD,0.95,1,1448,100.0,34,0.0,49232.0,0,34,0.0,1.0,0.005586895303791377,1,0,1,1,1,1,1,1,0.9699999999999999,1.0,1.0,1.0,0.8,skip,attack_already_active,1785296216.537616,1785296216537616072,1384884754314431,7.5,53.359375,-1.0,0,0
2026-07-28T23:36:56.538,10.42.0.210,10.42.0.1|10.42.0.210,57,3,UPLOAD,0.95,UPLOAD,0.95,1,1448,100.0,35,0.0,50680.0,0,35,0.0,1.0,0.004989676081605967,1,0,1,1,1,1,1,1,0.9699999999999999,1.0,1.0,1.0,0.8,skip,attack_already_active,1785296216.5386708,1785296216538670775,1384884755369107,7.5,53.359375,-1.0,0,0
2026-07-28T23:36:56.539,10.42.0.210,10.42.0.1|10.42.0.210,57,3,UPLOAD,0.95,UPLOAD,0.95,1,1448,100.0,36,0.0,52128.0,0,36,0.0,1.0,0.004429432689595427,1,0,1,1,1,1,1,1,0.9699999999999999,1.0,1.0,1.0,0.8,skip,attack_already_active,1785296216.539409,1785296216539408923,1384884756107245,7.5,53.359375,-1.0,0,0
2026-07-28T23:36:56.540,10.42.0.210,10.42.0.1|10.42.0.210,57,3,UPLOAD,0.95,UPLOAD,0.95,1,1448,100.0,37,0.0,53576.0,0,37,0.0,1.0,0.003986622537433782,1,0,1,1,1,1,1,1,0.9699999999999999,1.0,1.0,1.0,0.8,skip,attack_already_active,1785296216.540478,1785296216540477910,1384884757176773,7.5,53.359375,-1.0,0,0
2026-07-28T23:36:56.541,10.42.0.210,10.42.0.1|10.42.0.210,57,3,UPLOAD,0.95,UPLOAD,0.95,1,1448,100.0,38,0.0,55024.0,0,38,0.0,1.0,0.0035903504847615494,1,0,1,1,1,1,1,1,0.9699999999999999,1.0,1.0,1.0,0.8,skip,attack_already_active,1785296216.5414574,1785296216541457382,1384884758156194,59.9,53.359375,-1.0,0,0
2026-07-28T23:36:56.542,10.42.0.210,10.42.0.1|10.42.0.210,57,3,UPLOAD,0.95,UPLOAD,0.95,1,1448,100.0,39,0.0,56472.0,0,39,0.0,1.0,0.0032886791540177205,1,0,1,1,1,1,1,1,0.9699999999999999,1.0,1.0,1.0,0.8,skip,attack_already_active,1785296216.5427585,1785296216542758410,1384884759457128,59.9,53.359375,-1.0,0,0
2026-07-28T23:36:56.543,10.42.0.210,10.42.0.1|10.42.0.210,57,3,UPLOAD,0.95,UPLOAD,0.95,1,1448,100.0,40,0.0,57920.0,0,40,0.0,1.0,0.0029577990304967177,1,0,1,1,1,1,1,1,0.9699999999999999,1.0,1.0,1.0,0.8,skip,attack_already_active,1785296216.5435362,1785296216543536107,1384884760234396,59.9,53.359375,-1.0,0,0
2026-07-28T23:36:56.544,10.42.0.210,10.42.0.1|10.42.0.210,57,3,UPLOAD,0.95,UPLOAD,0.95,1,1448,100.0,41,0.0,59368.0,0,41,0.0,1.0,0.0026659020896883643,1,0,1,1,1,1,1,1,0.9699999999999999,1.0,1.0,1.0,0.8,skip,attack_already_active,1785296216.5442789,1785296216544278704,1384884760977032,59.9,53.359375,-1.0,0,0
2026-07-28T23:36:56.545,10.42.0.210,10.42.0.1|10.42.0.210,57,3,UPLOAD,0.95,UPLOAD,0.95,1,1448,100.0,42,0.0,60816.0,0,42,0.0,1.0,0.0025155504703588093,1,0,1,1,1,1,1,1,0.9699999999999999,1.0,1.0,1.0,0.8,skip,attack_already_active,1785296216.5458038,1785296216545803685,1384884762502730,59.9,53.359375,-1.0,0,0
2026-07-28T23:36:56.546,10.42.0.210,10.42.0.1|10.42.0.210,57,3,UPLOAD,0.952761211316975,UPLOAD,0.952761211316975,1,1363,100.0,43,0.0,62179.0,0,43,0.0,1.0,0.0022940577465362364,1,0,1,1,1,1,1,1,0.9699999999999999,1.0,1.0,1.0,0.8,skip,attack_already_active,1785296216.5466385,1785296216546638475,1384884763336821,59.9,53.359375,-1.0,0,0
2026-07-28T23:36:56.549,10.42.0.1,10.42.0.1|10.42.0.210,57,3,UPLOAD,0.95,UPLOAD,0.95,1,7240,100.0,1,0.0,7240.0,0,1,0.0,1.0,0.014616239255830762,1,0,1,1,1,1,1,1,0.9699999999999999,1.0,1.0,1.0,0.8,skip,attack_already_active,1785296216.5492663,1785296216549266362,1384884765964827,59.9,53.359375,-1.0,0,0
2026-07-28T23:36:56.550,10.42.0.1,10.42.0.1|10.42.0.210,57,3,UPLOAD,0.9658169968649031,UPLOAD,0.9658169968649031,1,7240,100.0,2,0.0,14480.0,0,2,0.0,1.0,0.012830439730129437,1,0,1,1,1,1,1,1,0.9699999999999999,1.0,1.0,1.0,0.8,skip,attack_already_active,1785296216.5503306,1785296216550330695,1384884767029841,59.9,53.359375,-1.0,0,0
2026-07-28T23:36:56.551,10.42.0.1,10.42.0.1|10.42.0.210,57,3,UPLOAD,0.9709179584141125,UPLOAD,0.9709179584141125,1,10136,100.0,3,0.0,24616.0,0,3,0.0,1.0,0.011316595771846004,1,0,1,1,1,1,1,1,0.9699999999999999,1.0,1.0,1.0,0.8,skip,attack_already_active,1785296216.551673,1785296216551672708,1384884768370946,59.9,53.359375,-1.0,0,0
2026-07-28T23:36:56.552,10.42.0.1,10.42.0.1|10.42.0.210,57,3,UPLOAD,0.9716558180522414,UPLOAD,0.9716558180522414,1,4344,100.0,4,0.0,28960.0,0,4,0.0,1.0,0.009919389897986564,1,0,1,1,1,1,1,1,0.9699999999999999,1.0,1.0,1.0,0.8,skip,attack_already_active,1785296216.5523865,1785296216552386543,1384884769084908,59.9,53.359375,-1.0,0,0
2026-07-28T23:36:56.553,10.42.0.1,10.42.0.1|10.42.0.210,57,3,UPLOAD,0.9723790930010999,UPLOAD,0.9723790930010999,1,14480,100.0,5,0.0,43440.0,0,5,0.0,1.0,0.008714248708789216,1,0,1,1,1,1,1,1,0.9699999999999999,1.0,1.0,1.0,0.8,skip,attack_already_active,1785296216.5531604,1785296216553160359,1384884769858588,59.9,53.359375,-1.0,0,0
2026-07-28T23:36:56.554,10.42.0.1,10.42.0.1|10.42.0.210,57,3,UPLOAD,0.9732758692295397,UPLOAD,0.9732758692295397,1,14480,100.0,6,0.0,57920.0,0,6,0.0,1.0,0.007705144075320462,1,0,1,1,1,1,1,1,0.9699999999999999,1.0,1.0,1.0,0.8,skip,attack_already_active,1785296216.5542169,1785296216554217017,1384884770915286,59.9,53.359375,-1.0,0,0
2026-07-28T23:36:56.555,10.42.0.1,10.42.0.1|10.42.0.210,57,3,UPLOAD,0.9740528173200522,UPLOAD,0.9740528173200522,1,5792,100.0,7,0.0,63712.0,0,7,0.0,1.0,0.006864232665763169,1,0,1,1,1,1,1,1,0.9699999999999999,1.0,1.0,1.0,0.8,skip,attack_already_active,1785296216.5555406,1785296216555540550,1384884772238911,59.9,53.359375,-1.0,0,0
2026-07-28T23:36:56.556,10.42.0.1,10.42.0.1|10.42.0.210,57,3,UPLOAD,0.974644103501223,UPLOAD,0.974644103501223,1,8688,100.0,8,0.0,72400.0,0,8,0.0,1.0,0.006056216556104412,1,0,1,1,1,1,1,1,0.9699999999999999,1.0,1.0,1.0,0.8,skip,attack_already_active,1785296216.556273,1785296216556272940,1384884772971270,59.9,53.359375,-1.0,0,0
2026-07-28T23:36:56.557,10.42.0.1,10.42.0.1|10.42.0.210,57,3,UPLOAD,0.9749983140599163,UPLOAD,0.9749983140599163,1,7142,100.0,9,0.0,79542.0,0,9,0.0,1.0,0.005408117476286689,1,0,1,1,1,1,1,1,0.9699999999999999,1.0,1.0,1.0,0.8,skip,attack_already_active,1785296216.557411,1785296216557411111,1384884774109591,59.9,53.359375,-1.0,0,0
2026-07-28T23:36:56.561,10.42.0.1,10.42.0.1|10.42.0.210,57,3,UPLOAD,0.9752791532108298,UPLOAD,0.9752791532108298,1,1350,100.0,10,0.0,80892.0,0,10,0.0,1.0,0.005188531625098634,1,0,1,1,1,1,1,1,0.9699999999999999,1.0,1.0,1.0,0.8,skip,attack_already_active,1785296216.5611527,1785296216561152728,1384884777852316,59.9,53.359375,-1.0,0,0
2026-07-28T23:36:56.678,10.42.0.1,10.42.0.1|10.42.0.210,57,3,UPLOAD,0.973890895846904,UPLOAD,0.973890895846904,0,43,100.0,10,0.0,80892.0,0,10,0.0,1.0,0.05306091046475345,1,0,1,1,1,1,1,1,0.8374999999999999,0.8500000000000001,1.0,0.6000000000000001,0.8,skip,attack_already_active,1785296216.6783943,1785296216678394422,1384884895094619,59.9,53.359375,-1.0,0,0
2026-07-28T23:36:57.724,10.42.0.47,10.42.0.1|10.42.0.210|10.42.0.47,57,3,UPLOAD,0.95,UPLOAD,0.95,1,7240,100.0,1,0.0,7240.0,0,1,0.0,1.0,0.46579199663742493,1,0,0,1,1,1,1,1,0.9699999999999999,1.0,1.0,1.0,0.8,trigger,training_upload_trigger_confirmed,1785296217.7247233,1785296217724723413,1384885941421898,21.8,53.359375,9.619872,1785296217734344495,1384885951041770
2026-07-28T23:36:57.725,10.42.0.47,10.42.0.1|10.42.0.210|10.42.0.47,57,3,UPLOAD,0.9558589132388358,UPLOAD,0.9558589132388358,1,7240,100.0,2,0.0,14480.0,0,2,0.0,1.0,0.4045392104183567,1,0,1,1,1,1,1,1,0.9699999999999999,1.0,1.0,1.0,0.8,skip,attack_already_active,1785296217.725685,1785296217725684983,1384885942384704,21.8,53.359375,-1.0,0,0
2026-07-28T23:36:57.727,10.42.0.47,10.42.0.1|10.42.0.210|10.42.0.47,57,3,UPLOAD,0.9574195629180293,UPLOAD,0.9574195629180293,1,8688,100.0,3,0.0,23168.0,0,3,0.0,1.0,0.35151236306969785,1,0,1,1,1,1,1,1,0.9699999999999999,1.0,1.0,1.0,0.8,skip,attack_already_active,1785296217.727818,1785296217727817895,1384885944516639,21.8,53.359375,-1.0,0,0
2026-07-28T23:36:57.729,10.42.0.47,10.42.0.1|10.42.0.210|10.42.0.47,57,3,UPLOAD,0.958627987947675,UPLOAD,0.958627987947675,1,1448,100.0,4,0.0,24616.0,0,4,0.0,1.0,0.30539499650260554,1,0,1,1,1,1,1,1,0.9699999999999999,1.0,1.0,1.0,0.8,skip,attack_already_active,1785296217.7293584,1785296217729358245,1384885946056632,21.8,53.359375,-1.0,0,0
2026-07-28T23:36:57.730,10.42.0.47,10.42.0.1|10.42.0.210|10.42.0.47,57,3,UPLOAD,0.9598681746199097,UPLOAD,0.9598681746199097,1,4344,100.0,5,0.0,28960.0,0,5,0.0,1.0,0.2653086633887333,1,0,1,1,1,1,1,1,0.9699999999999999,1.0,1.0,1.0,0.8,skip,attack_already_active,1785296217.7305493,1785296217730549226,1384885947249351,21.8,53.359375,-1.0,0,0
2026-07-28T23:36:57.731,10.42.0.47,10.42.0.1|10.42.0.210|10.42.0.47,57,3,UPLOAD,0.961060270667339,UPLOAD,0.961060270667339,1,4344,100.0,6,0.0,33304.0,0,6,0.0,1.0,0.23052353601554962,1,0,1,1,1,1,1,1,0.9699999999999999,1.0,1.0,1.0,0.8,skip,attack_already_active,1785296217.7318833,1785296217731883269,1384885948582503,21.8,53.359375,-1.0,0,0
2026-07-28T23:36:57.733,10.42.0.47,10.42.0.1|10.42.0.210|10.42.0.47,57,3,UPLOAD,0.962587151646315,UPLOAD,0.962587151646315,1,10136,100.0,7,0.0,43440.0,0,7,0.0,1.0,0.2004091953302541,1,0,1,1,1,1,1,1,0.9699999999999999,1.0,1.0,1.0,0.8,skip,attack_already_active,1785296217.7338774,1785296217733877470,1384885950575819,21.8,53.359375,-1.0,0,0
2026-07-28T23:36:57.735,10.42.0.47,10.42.0.1|10.42.0.210|10.42.0.47,57,3,UPLOAD,0.9640904335940746,UPLOAD,0.9640904335940746,1,10136,100.0,8,0.0,53576.0,0,8,0.0,1.0,0.17424926936477983,1,0,1,1,1,1,1,1,0.9699999999999999,1.0,1.0,1.0,0.8,skip,attack_already_active,1785296217.7357662,1785296217735766303,1384885952464908,21.8,53.359375,-1.0,0,0
2026-07-28T23:36:57.737,10.42.0.47,10.42.0.1|10.42.0.210|10.42.0.47,57,3,UPLOAD,0.965483852836485,UPLOAD,0.965483852836485,1,7240,100.0,9,0.0,60816.0,0,9,0.0,1.0,0.15150551327509743,1,0,1,1,1,1,1,1,0.9699999999999999,1.0,1.0,1.0,0.8,skip,attack_already_active,1785296217.7374194,1785296217737419166,1384885954117765,21.8,53.359375,-1.0,0,0
2026-07-28T23:36:57.738,10.42.0.47,10.42.0.1|10.42.0.210|10.42.0.47,57,3,UPLOAD,0.9637358868034236,UPLOAD,0.9637358868034236,1,2896,100.0,10,0.0,63712.0,0,10,0.0,1.0,0.13167017484674481,1,0,1,1,1,1,1,1,0.9699999999999999,1.0,1.0,1.0,0.8,skip,attack_already_active,1785296217.7384,1785296217738400010,1384885955098291,21.8,53.359375,-1.0,0,0
2026-07-28T23:36:57.740,10.42.0.47,10.42.0.1|10.42.0.210|10.42.0.47,57,3,UPLOAD,0.9626984027641048,UPLOAD,0.9626984027641048,1,15816,100.0,11,0.0,79528.0,0,11,0.0,1.0,0.1145998713594817,1,0,1,1,1,1,1,1,0.9699999999999999,1.0,1.0,1.0,0.8,skip,attack_already_active,1785296217.7405283,1785296217740528470,1384885957226736,21.8,53.359375,-1.0,0,0
2026-07-28T23:36:57.741,10.42.0.1,10.42.0.1|10.42.0.210|10.42.0.47,57,3,UPLOAD,0.9686045985225579,UPLOAD,0.9686045985225579,1,7240,100.0,1,0.0,7240.0,0,1,0.0,1.0,0.09336763581665654,1,0,1,1,1,1,1,1,0.9699999999999999,1.0,1.0,1.0,0.8,skip,attack_already_active,1785296217.7414486,1785296217741448679,1384885958146873,21.8,53.359375,-1.0,0,0
2026-07-28T23:36:57.742,10.42.0.1,10.42.0.1|10.42.0.210|10.42.0.47,57,3,UPLOAD,0.9690507897553308,UPLOAD,0.9690507897553308,1,7240,100.0,2,0.0,14480.0,0,2,0.0,1.0,0.08114660467670971,1,0,1,1,1,1,1,1,0.9699999999999999,1.0,1.0,1.0,0.8,skip,attack_already_active,1785296217.7420743,1785296217742074410,1384885958772465,21.8,53.359375,-1.0,0,0
2026-07-28T23:36:57.826,10.42.0.1,10.42.0.1|10.42.0.210|10.42.0.47,57,3,UPLOAD,0.970898344474163,UPLOAD,0.970898344474163,1,10136,100.0,3,0.0,24616.0,0,3,0.0,1.0,0.07258881167167615,1,0,1,1,1,1,1,1,0.9699999999999999,1.0,1.0,1.0,0.8,skip,attack_already_active,1785296217.8261306,1785296217826130576,1384886042829114,21.8,53.359375,-1.0,0,0
2026-07-28T23:36:57.828,10.42.0.1,10.42.0.1|10.42.0.210|10.42.0.47,57,3,UPLOAD,0.9724943038177839,UPLOAD,0.9724943038177839,1,14480,100.0,4,0.0,39096.0,0,4,0.0,1.0,0.06327731282512986,1,0,1,1,1,1,1,1,0.9699999999999999,1.0,1.0,1.0,0.8,skip,attack_already_active,1785296217.828057,1785296217828057083,1384886044755457,21.8,53.359375,-1.0,0,0
2026-07-28T23:36:57.830,10.42.0.1,10.42.0.1|10.42.0.210|10.42.0.47,57,3,UPLOAD,0.973230145534783,UPLOAD,0.973230145534783,1,4344,100.0,5,0.0,43440.0,0,5,0.0,1.0,0.055229747333595335,1,0,1,1,1,1,1,1,0.9699999999999999,1.0,1.0,1.0,0.8,skip,attack_already_active,1785296217.8302636,1785296217830263530,1384886046961591,21.8,53.359375,-1.0,0,0
2026-07-28T23:36:57.831,10.42.0.1,10.42.0.1|10.42.0.210|10.42.0.47,57,3,UPLOAD,0.9738548302136536,UPLOAD,0.9738548302136536,1,14480,100.0,6,0.0,57920.0,0,6,0.0,1.0,0.04812492420614761,1,0,1,1,1,1,1,1,0.9699999999999999,1.0,1.0,1.0,0.8,skip,attack_already_active,1785296217.8315768,1785296217831576917,1384886048275044,21.8,53.359375,-1.0,0,0
2026-07-28T23:36:57.832,10.42.0.1,10.42.0.1|10.42.0.210|10.42.0.47,57,3,UPLOAD,0.9745207687031866,UPLOAD,0.9745207687031866,1,17376,100.0,7,0.0,75296.0,0,7,0.0,1.0,0.04191612099568796,1,0,1,1,1,1,1,1,0.9699999999999999,1.0,1.0,1.0,0.8,skip,attack_already_active,1785296217.8325849,1785296217832584957,1384886049283268,21.8,53.359375,-1.0,0,0
2026-07-28T23:36:57.834,10.42.0.1,10.42.0.1|10.42.0.210|10.42.0.47,57,3,UPLOAD,0.9750436829978171,UPLOAD,0.9750436829978171,1,4232,100.0,8,0.0,79528.0,0,8,0.0,1.0,0.036589351270206766,1,0,1,1,1,1,1,1,0.9699999999999999,1.0,1.0,1.0,0.8,skip,attack_already_active,1785296217.8340776,1785296217834077644,1384886050775902,21.8,53.359375,-1.0,0,0
2026-07-28T23:36:58.130,10.42.0.1,10.42.0.47,58,1,DOWNLOAD,0.9725437158486215,DOWNLOAD,0.9725437158486215,-1,1448,54.92265189646225,9,1448.0,79528.0,1,8,0.017881841533293814,0.9821181584667061,0.04753944754657559,0,0,0,0,1,0,0,0,0.44,0.8500000000000001,0.0,0.6000000000000001,0.15,skip,training_upload_trigger_not_confirmed,1785296218.1304605,1785296218130460389,1384886347159090,21.4,53.359375,-1.0,0,0
2026-07-28T23:36:58.134,10.42.0.1,10.42.0.47,58,1,DOWNLOAD,0.95,DOWNLOAD,0.95,-1,5792,10.984530385361252,10,7240.0,79528.0,2,8,0.08344089987092015,0.9165591001290798,0.04179080573022848,0,0,0,0,1,0,0,0,0.44,0.8500000000000001,0.0,0.6000000000000001,0.15,skip,training_upload_trigger_not_confirmed,1785296218.134375,1785296218134375244,1384886351074742,21.4,53.359375,-1.0,0,0
2026-07-28T23:36:58.135,10.42.0.1,10.42.0.47,58,1,DOWNLOAD,0.95,DOWNLOAD,0.95,-1,7240,5.492265193059926,11,14480.0,79528.0,3,8,0.15402944430261253,0.8459705556973874,0.03639826697294708,0,0,0,0,1,0,0,0,0.44,0.8500000000000001,0.0,0.6000000000000001,0.15,skip,training_upload_trigger_not_confirmed,1785296218.1352434,1785296218135243531,1384886351941977,21.4,53.359375,-1.0,0,0
2026-07-28T23:36:58.135,10.42.0.1,10.42.0.47,58,1,DOWNLOAD,0.95,DOWNLOAD,0.95,-1,7240,3.661510128790906,12,21720.0,79528.0,4,8,0.21452275600505688,0.7854772439949431,0.03169889044352921,0,0,0,0,1,0,0,0,0.4,0.8500000000000001,0.0,0.4,0.15,skip,training_upload_trigger_not_confirmed,1785296218.1359794,1785296218135979511,1384886352677764,21.4,53.359375,-1.0,0,0
2026-07-28T23:36:58.136,10.42.0.1,10.42.0.47,58,1,DOWNLOAD,0.95,DOWNLOAD,0.95,-1,7240,2.746132596624788,13,28960.0,79528.0,5,8,0.26694196593171593,0.7330580340682841,0.027611262981803344,0,0,0,0,1,0,0,0,0.4,0.8500000000000001,0.0,0.4,0.15,skip,training_upload_trigger_not_confirmed,1785296218.1366584,1785296218136658323,1384886353356318,21.4,53.359375,-1.0,0,0
2026-07-28T23:36:58.138,10.42.0.1,10.42.0.47,58,1,DOWNLOAD,0.95,DOWNLOAD,0.95,-1,7240,2.196906077315002,14,36200.0,79528.0,6,8,0.31280243329185675,0.6871975667081432,0.02417277574027099,0,0,0,0,1,0,0,0,0.4,0.8500000000000001,0.0,0.4,0.15,skip,training_upload_trigger_not_confirmed,1785296218.138176,1785296218138175879,1384886354874102,21.4,53.359375,-1.0,0,0
2026-07-28T23:36:58.138,10.42.0.1,10.42.0.47,58,1,DOWNLOAD,0.95,DOWNLOAD,0.95,-1,7240,1.8307550644375976,15,43440.0,79528.0,7,8,0.3532626374341292,0.6467373625658708,0.021072342510767887,0,0,0,0,1,0,0,0,0.32,0.8500000000000001,0.0,0.0,0.15,skip,training_upload_trigger_not_confirmed,1785296218.1388204,1785296218138820317,1384886355518522,21.4,53.359375,-1.0,0,0
2026-07-28T23:36:58.139,10.42.0.1,10.42.0.47,58,1,DOWNLOAD,0.95,DOWNLOAD,0.95,-1,7240,1.5692186266659585,16,50680.0,79528.0,8,8,0.3892233964118948,0.6107766035881051,0.018414335268269702,0,0,0,0,1,0,0,0,0.32,0.8500000000000001,0.0,0.0,0.15,skip,training_upload_trigger_not_confirmed,1785296218.1397219,1785296218139722038,1384886356420177,21.4,53.359375,-1.0,0,0
2026-07-28T23:36:58.140,10.42.0.1,10.42.0.47,58,1,DOWNLOAD,0.95,DOWNLOAD,0.95,-1,7240,1.3730662983361002,17,57920.0,79528.0,9,8,0.4213957278388918,0.5786042721611082,0.016073345822641662,0,0,0,0,1,0,0,0,0.32,0.8500000000000001,0.0,0.0,0.15,skip,training_upload_trigger_not_confirmed,1785296218.140371,1785296218140371265,1384886357069557,21.4,53.359375,-1.0,0,0
2026-07-28T23:36:58.141,10.42.0.1,10.42.0.47,58,1,DOWNLOAD,0.95,DOWNLOAD,0.95,-1,10136,1.1685670624167073,18,68056.0,79528.0,10,8,0.46113399826539464,0.5388660017346054,0.014043446668622232,0,0,0,0,1,0,0,0,0.30250000000000005,0.8000000000000002,0.0,0.0,0.15,skip,training_upload_trigger_not_confirmed,1785296218.14104,1785296218141040045,1384886357738096,21.4,53.359375,-1.0,0,0
2026-07-28T23:36:58.141,10.42.0.1,10.42.0.47,58,1,DOWNLOAD,0.95,DOWNLOAD,0.95,-1,10136,1.0170861469201826,19,78192.0,79528.0,11,8,0.4957646462084707,0.5042353537915293,0.01227710921211479,0,0,0,0,1,0,0,0,0.30250000000000005,0.8000000000000002,0.0,0.0,0.15,skip,training_upload_trigger_not_confirmed,1785296218.1416793,1785296218141679242,1384886358377384,21.4,53.359375,-1.0,0,0
2026-07-28T23:36:58.142,10.42.0.1,10.42.0.47,58,1,DOWNLOAD,0.95,DOWNLOAD,0.95,-1,10136,0.900371343176565,20,88328.0,79528.0,12,8,0.5262129444285578,0.4737870555714422,0.010748870907511953,0,0,0,0,1,0,0,0,0.30250000000000005,0.8000000000000002,0.0,0.0,0.15,skip,training_upload_trigger_not_confirmed,1785296218.142359,1785296218142358942,1384886359057098,21.4,53.359375,-1.0,0,0
2026-07-28T23:36:58.142,10.42.0.1,10.42.0.47,58,1,DOWNLOAD,0.95,DOWNLOAD,0.95,-1,14480,0.7735584779416625,21,102808.0,79528.0,13,8,0.5638381888381888,0.4361618111618112,0.0094165173343972,0,0,0,0,1,0,0,0,0.28500000000000003,0.7500000000000001,0.0,0.0,0.15,skip,training_upload_trigger_not_confirmed,1785296218.142997,1785296218142996909,1384886359694951,21.4,53.359375,-1.0,0,0
2026-07-28T23:36:58.143,10.42.0.1,10.42.0.47,58,1,DOWNLOAD,0.95,DOWNLOAD,0.95,-1,4344,0.7421979991064824,22,107152.0,79528.0,14,8,0.5739875723162631,0.42601242768373687,0.008260739305028401,0,0,0,0,1,0,0,0,0.28500000000000003,0.7500000000000001,0.0,0.0,0.15,skip,training_upload_trigger_not_confirmed,1785296218.1436427,1785296218143642509,1384886360340554,21.4,53.359375,-1.0,0,0
2026-07-28T23:36:58.144,10.42.0.1,10.42.0.47,58,1,DOWNLOAD,0.95,DOWNLOAD,0.95,-1,14480,0.6538410944516752,23,121632.0,79528.0,15,8,0.6046530125273414,0.39534698747265856,0.007252110844531958,0,0,0,0,1,0,0,0,0.28500000000000003,0.7500000000000001,0.0,0.0,0.15,skip,training_upload_trigger_not_confirmed,1785296218.1442492,1785296218144249100,1384886360947420,21.4,53.359375,-1.0,0,0
2026-07-28T23:36:58.145,10.42.0.1,10.42.0.47,58,1,DOWNLOAD,0.95,DOWNLOAD,0.95,-1,14480,0.5842835312126462,24,136112.0,79528.0,16,8,0.6312001483954739,0.36879985160452605,0.006412052705249041,0,0,0,0,1,0,0,0,0.28500000000000003,0.7500000000000001,0.0,0.0,0.15,skip,training_upload_trigger_not_confirmed,1785296218.1451263,1785296218145126466,1384886361824480,21.4,53.359375,-1.0,0,0
2026-07-28T23:36:58.145,10.42.0.1,10.42.0.47,58,1,DOWNLOAD,0.95,DOWNLOAD,0.95,-1,14480,0.5281024224425725,25,150592.0,79528.0,17,8,0.6544063966626108,0.3455936033373892,0.0056510239595577326,0,0,0,0,1,0,0,0,0.28500000000000003,0.7500000000000001,0.0,0.0,0.15,skip,training_upload_trigger_not_confirmed,1785296218.1457632,1785296218145763152,1384886362461125,21.4,53.359375,-1.0,0,0
2026-07-28T23:36:58.147,10.42.0.1,10.42.0.47,58,1,DOWNLOAD,0.95,DOWNLOAD,0.95,-1,14480,0.48177764854438193,26,165072.0,79528.0,18,8,0.6748650858544563,0.32513491414554374,0.005075797757504931,0,0,0,0,1,0,0,0,0.28500000000000003,0.7500000000000001,0.0,0.0,0.15,skip,training_upload_trigger_not_confirmed,1785296218.147049,1785296218147048964,1384886363747685,21.4,53.359375,-1.0,0,0
2026-07-28T23:36:58.148,10.42.0.1,10.42.0.47,58,1,DOWNLOAD,0.95,DOWNLOAD,0.95,-1,4344,0.4694243755048553,27,169416.0,79528.0,19,8,0.6805385950253873,0.3194614049746128,0.004533706742633685,0,0,0,0,1,0,0,0,0.28500000000000003,0.7500000000000001,0.0,0.0,0.15,skip,training_upload_trigger_not_confirmed,1785296218.148011,1785296218148011097,1384886364709377,21.4,53.359375,-1.0,0,0
2026-07-28T23:36:58.148,10.42.0.1,10.42.0.47,58,1,DOWNLOAD,0.95,DOWNLOAD,0.95,-1,4344,0.45768876611730147,28,173760.0,79528.0,20,8,0.6860174978680396,0.31398250213196044,0.004023023611710225,0,0,0,0,1,0,0,0,0.28500000000000003,0.7500000000000001,0.0,0.0,0.15,skip,training_upload_trigger_not_confirmed,1785296218.1486692,1785296218148669130,1384886365367306,21.4,53.359375,-1.0,0,0
2026-07-28T23:36:58.149,10.42.0.1,10.42.0.47,58,1,DOWNLOAD,0.95,DOWNLOAD,0.95,-1,11584,0.42908321823512446,29,185344.0,79528.0,21,8,0.6997493128756531,0.3002506871243468,0.00357470293447018,0,0,0,0,1,0,0,0,0.28500000000000003,0.7500000000000001,0.0,0.0,0.15,skip,training_upload_trigger_not_confirmed,1785296218.14929,1785296218149289971,1384886365988434,21.4,53.359375,-1.0,0,0
2026-07-28T23:36:58.150,10.42.0.1,10.42.0.47,58,1,DOWNLOAD,0.95,DOWNLOAD,0.95,-1,2896,0.42248193795461914,30,188240.0,79528.0,22,8,0.7029966239431149,0.29700337605688504,0.0032592591406222834,0,0,0,0,1,0,0,0,0.28500000000000003,0.7500000000000001,0.0,0.0,0.15,skip,training_upload_trigger_not_confirmed,1785296218.150471,1785296218150470845,1384886367169119,21.4,53.359375,-1.0,0,0
2026-07-28T23:36:58.151,10.42.0.1,10.42.0.47,58,1,DOWNLOAD,0.95,DOWNLOAD,0.95,-1,18824,0.38407448904983926,31,207064.0,79528.0,23,8,0.7225044662795891,0.2774955337204109,0.0029887758731549333,0,0,0,0,1,0,0,0,0.28500000000000003,0.7500000000000001,0.0,0.0,0.15,skip,training_upload_trigger_not_confirmed,1785296218.1516776,1785296218151677795,1384886368375918,21.4,53.359375,-1.0,0,0
2026-07-28T23:36:58.152,10.42.0.1,10.42.0.47,58,1,DOWNLOAD,0.95,DOWNLOAD,0.95,-1,18824,0.352068281629161,32,225888.0,79528.0,24,8,0.7396076171516882,0.2603923828483118,0.0027189363200602616,0,0,0,0,1,0,0,0,0.28500000000000003,0.7500000000000001,0.0,0.0,0.15,skip,training_upload_trigger_not_confirmed,1785296218.1526186,1785296218152618791,1384886369316945,21.4,53.359375,-1.0,0,0
2026-07-28T23:36:58.153,10.42.0.1,10.42.0.47,58,1,DOWNLOAD,0.95,DOWNLOAD,0.95,-1,5792,0.34326657458847,33,231680.0,79528.0,25,8,0.7444538700804607,0.25554612991953934,0.0024458227234623133,0,0,0,0,1,0,0,0,0.28500000000000003,0.7500000000000001,0.0,0.0,0.15,skip,training_upload_trigger_not_confirmed,1785296218.153265,1785296218153264974,1384886369963640,21.4,53.359375,-1.0,0,0
2026-07-28T23:36:58.154,10.42.0.1,10.42.0.47,58,1,DOWNLOAD,0.95,DOWNLOAD,0.95,-1,18824,0.3174719764981099,34,250504.0,79528.0,26,8,0.7590294274494594,0.24097057255054055,0.0022443887850839093,0,0,0,0,1,0,0,0,0.28500000000000003,0.7500000000000001,0.0,0.0,0.15,skip,training_upload_trigger_not_confirmed,1785296218.1541822,1785296218154182067,1384886370880731,21.4,53.359375,-1.0,0,0
2026-07-28T23:36:58.155,10.42.0.1,10.42.0.47,58,1,DOWNLOAD,0.95,DOWNLOAD,0.95,-1,18824,0.29528307491499106,35,269328.0,79528.0,27,8,0.7720320132088885,0.22796798679111152,0.0020814687574245943,0,0,0,0,1,0,0,0,0.28500000000000003,0.7500000000000001,0.0,0.0,0.15,skip,training_upload_trigger_not_confirmed,1785296218.1551902,1785296218155190341,1384886371889377,21.4,53.359375,-1.0,0,0
2026-07-28T23:36:58.156,10.42.0.1,10.42.0.47,58,1,DOWNLOAD,0.95,DOWNLOAD,0.95,-1,16920,0.2778290154017571,36,286248.0,79528.0,28,8,0.7825773150780806,0.21742268492191943,0.0019680418234612395,0,0,0,0,1,0,0,0,0.28500000000000003,0.7500000000000001,0.0,0.0,0.15,skip,training_upload_trigger_not_confirmed,1785296218.156411,1785296218156411007,1384886373110376,21.4,53.359375,-1.0,0,0
2026-07-28T23:36:58.157,10.42.0.210,10.42.0.47,58,1,DOWNLOAD,0.9843425255903443,DOWNLOAD,0.9843425255903443,-1,7240,1.381215469422484e-10,1,7240.0,0.0,1,0,1.0,0.0,0.04534361135019212,0,0,0,0,0,0,0,0,0.0225,0.0,0.0,0.0,0.15,skip,training_upload_trigger_not_confirmed,1785296218.1577058,1785296218157705780,1384886374403985,21.4,53.359375,-1.0,0,0
2026-07-28T23:36:58.158,10.42.0.210,10.42.0.47,58,1,DOWNLOAD,0.95,DOWNLOAD,0.95,-1,7240,6.90607734758936e-11,2,14480.0,0.0,2,0,1.0,0.0,0.039473666780041085,0,0,0,0,0,0,0,0,0.0225,0.0,0.0,0.0,0.15,skip,training_upload_trigger_not_confirmed,1785296218.158504,1785296218158503992,1384886375202336,21.4,53.359375,-1.0,0,0
2026-07-28T23:36:58.159,10.42.0.1,10.42.0.47,58,1,DOWNLOAD,0.95,DOWNLOAD,0.95,-1,16920,0.26232320034019974,37,303168.0,79528.0,29,8,0.7921901457031169,0.20780985429688317,0.0020772312169105157,0,0,0,0,1,0,0,0,0.28500000000000003,0.7500000000000001,0.0,0.0,0.15,skip,training_upload_trigger_not_confirmed,1785296218.1592076,1785296218159207620,1384886375905877,21.4,53.359375,-1.0,0,0
2026-07-28T23:36:58.160,10.42.0.145,10.42.0.47,24,1,DOWNLOAD,0.95,DOWNLOAD,0.95,-1,7300,1.3698630135109776e-10,1,7300.0,0.0,1,0,1.0,0.0,0.37325073989746205,0,0,0,0,0,0,0,0,0.0225,0.0,0.0,0.0,0.15,skip,already_attacked_this_round,1785296218.160214,1785296218160213890,1384886376912168,21.4,53.359375,-1.0,0,0
2026-07-28T23:36:58.160,10.42.0.145,10.42.0.47,24,1,DOWNLOAD,0.95,DOWNLOAD,0.95,-1,7300,6.84931506802402e-11,2,14600.0,0.0,2,0,1.0,0.0,0.32416767739828367,0,0,0,0,0,0,0,0,0.0225,0.0,0.0,0.0,0.15,skip,already_attacked_this_round,1785296218.160987,1785296218160986975,1384886377685208,21.4,53.359375,-1.0,0,0
2026-07-28T23:36:58.161,10.42.0.1,10.42.0.47,58,1,DOWNLOAD,0.95,DOWNLOAD,0.95,-1,16920,0.2484566744168839,38,320088.0,79528.0,30,8,0.8009889493914157,0.19901105060858423,0.002130466907870484,0,0,0,0,1,0,0,0,0.28500000000000003,0.7500000000000001,0.0,0.0,0.15,skip,training_upload_trigger_not_confirmed,1785296218.1616888,1785296218161688836,1384886378386917,21.4,53.359375,-1.0,0,0
2026-07-28T23:36:58.162,10.42.0.59,10.42.0.47,19,1,DOWNLOAD,0.95,DOWNLOAD,0.95,-1,7300,1.3698630135109776e-10,1,7300.0,0.0,1,0,1.0,0.0,0.24071753932597256,0,0,0,0,0,0,0,0,0.0225,0.0,0.0,0.0,0.15,skip,already_attacked_this_round,1785296218.1627526,1785296218162752572,1384886379450865,21.4,53.359375,-1.0,0,0
2026-07-28T23:36:58.163,10.42.0.1,10.42.0.47,58,1,DOWNLOAD,0.95,DOWNLOAD,0.95,-1,21720,0.23266863268492055,39,341808.0,79528.0,31,8,0.811248030075759,0.18875196992424098,0.0020820894568053584,0,0,0,0,1,0,0,0,0.28500000000000003,0.7500000000000001,0.0,0.0,0.15,skip,training_upload_trigger_not_confirmed,1785296218.1634521,1785296218163452251,1384886380150520,21.4,53.359375,-1.0,0,0
2026-07-28T23:36:58.164,10.42.0.1,10.42.0.47,58,1,DOWNLOAD,0.9506699534624149,DOWNLOAD,0.9506699534624149,-1,14067,0.22347172462459156,40,355875.0,79528.0,32,8,0.817346228666316,0.18265377133368396,0.001894246969021099,0,0,0,0,1,0,0,0,0.28500000000000003,0.7500000000000001,0.0,0.0,0.15,skip,training_upload_trigger_not_confirmed,1785296218.1641088,1785296218164108877,1384886380807193,21.4,53.359375,-1.0,0,0
2026-07-28T23:36:58.164,10.42.0.1,10.42.0.47,58,1,DOWNLOAD,0.9541641945237231,DOWNLOAD,0.9541641945237231,-1,15498,0.21414588567501097,41,371373.0,79528.0,33,8,0.8236242545481158,0.17637574545188411,0.0017318799273573823,0,0,0,0,1,0,0,0,0.28500000000000003,0.7500000000000001,0.0,0.0,0.15,skip,training_upload_trigger_not_confirmed,1785296218.1647708,1785296218164770815,1384886381468868,21.4,53.359375,-1.0,0,0
2026-07-28T23:36:58.172,10.42.0.47,10.42.0.47,58,1,DOWNLOAD,0.95,DOWNLOAD,0.95,-1,5792,13.73066298122744,12,5792.0,79528.0,1,11,0.06788560712611345,0.9321143928738865,0.10495930091907447,0,0,0,0,0,0,0,0,0.057499999999999996,0.1,0.0,0.0,0.15,skip,training_upload_trigger_not_confirmed,1785296218.1725972,1785296218172597320,1384886389296200,21.4,53.359375,-1.0,0,0
2026-07-28T23:36:58.173,10.42.0.47,10.42.0.47,58,1,DOWNLOAD,0.95,DOWNLOAD,0.95,-1,5792,6.865331491206376,13,11584.0,79528.0,2,11,0.12714022302221442,0.8728597769777856,0.09123082862116032,0,0,0,0,0,0,0,0,0.057499999999999996,0.1,0.0,0.0,0.15,skip,training_upload_trigger_not_confirmed,1785296218.173375,1785296218173375037,1384886390073705,21.4,53.359375,-1.0,0,0
2026-07-28T23:36:58.174,10.42.0.47,10.42.0.47,58,1,DOWNLOAD,0.95,DOWNLOAD,0.95,-1,11584,3.4326657457513523,14,23168.0,79528.0,3,11,0.22559788112487342,0.7744021188751266,0.07930789970962844,0,0,0,0,0,0,0,0,0.057499999999999996,0.1,0.0,0.0,0.15,skip,training_upload_trigger_not_confirmed,1785296218.174126,1785296218174125917,1384886390824100,21.4,53.359375,-1.0,0,0
2026-07-28T23:36:58.175,10.42.0.145,10.42.0.47,24,1,DOWNLOAD,0.95,DOWNLOAD,0.95,-1,14600,3.424657534129292e-11,3,29200.0,0.0,3,0,1.0,0.0,0.2833446882073742,0,0,0,0,0,0,0,0,0.0225,0.0,0.0,0.0,0.15,skip,already_attacked_this_round,1785296218.1753602,1785296218175360276,1384886392058571,21.4,53.359375,-1.0,0,0
2026-07-28T23:36:58.176,10.42.0.145,10.42.0.47,24,1,DOWNLOAD,0.951844637856334,DOWNLOAD,0.951844637856334,-1,14600,2.2831050227789245e-11,4,43800.0,0.0,4,0,1.0,0.0,0.24609327058712221,0,0,0,0,0,0,0,0,0.0225,0.0,0.0,0.0,0.15,skip,already_attacked_this_round,1785296218.1760142,1785296218176014189,1384886392712314,21.4,53.359375,-1.0,0,0
2026-07-28T23:36:58.176,10.42.0.18,10.42.0.47,42,1,DOWNLOAD,0.95,DOWNLOAD,0.95,-1,11680,8.56164383488342e-11,1,11680.0,0.0,1,0,1.0,0.0,0.6644865399208064,0,0,0,0,0,0,0,0,0.0225,0.0,0.0,0.0,0.15,skip,already_attacked_this_round,1785296218.1769152,1785296218176915276,1384886393613427,21.4,53.359375,-1.0,0,0
2026-07-28T23:36:58.177,10.42.0.18,10.42.0.47,42,1,DOWNLOAD,0.95,DOWNLOAD,0.95,-1,5840,5.70776255675184e-11,2,17520.0,0.0,2,0,1.0,0.0,0.5770198453377493,0,0,0,0,0,0,0,0,0.0225,0.0,0.0,0.0,0.15,skip,already_attacked_this_round,1785296218.1776412,1785296218177641269,1384886394339432,21.4,53.359375,-1.0,0,0
2026-07-28T23:36:58.178,10.42.0.18,10.42.0.47,42,1,DOWNLOAD,0.95,DOWNLOAD,0.95,-1,11680,3.424657534129292e-11,3,29200.0,0.0,3,0,1.0,0.0,0.501106581101352,0,0,0,0,0,0,0,0,0.0225,0.0,0.0,0.0,0.15,skip,already_attacked_this_round,1785296218.1785762,1785296218178576184,1384886395274729,21.4,53.359375,-1.0,0,0
2026-07-28T23:36:58.179,10.42.0.210,10.42.0.47,58,1,DOWNLOAD,0.9557926560077417,DOWNLOAD,0.9557926560077417,-1,10136,4.062398439873968e-11,3,24616.0,0.0,3,0,1.0,0.0,0.037040302448641024,0,0,0,0,0,0,0,0,0.0225,0.0,0.0,0.0,0.15,skip,training_upload_trigger_not_confirmed,1785296218.1795115,1785296218179511668,1384886396209933,21.4,53.359375,-1.0,0,0
2026-07-28T23:36:58.180,10.42.0.210,10.42.0.47,58,1,DOWNLOAD,0.9846998846180315,DOWNLOAD,0.9846998846180315,-1,14480,2.557806425144316e-11,4,39096.0,0.0,4,0,1.0,0.0,0.0322840636717326,0,0,0,0,0,0,0,0,0.0225,0.0,0.0,0.0,0.15,skip,training_upload_trigger_not_confirmed,1785296218.180458,1785296218180457953,1384886397156089,21.4,53.359375,-1.0,0,0
2026-07-28T23:36:58.181,10.42.0.210,10.42.0.47,58,1,DOWNLOAD,0.9854895428954357,DOWNLOAD,0.9854895428954357,-1,4344,2.3020257826357728e-11,5,43440.0,0.0,5,0,1.0,0.0,0.02811828854181839,0,0,0,0,0,0,0,0,0.0225,0.0,0.0,0.0,0.15,skip,training_upload_trigger_not_confirmed,1785296218.1811292,1785296218181129261,1384886397827598,21.4,53.359375,-1.0,0,0
2026-07-28T23:36:58.182,10.42.0.59,10.42.0.47,19,1,DOWNLOAD,0.95,DOWNLOAD,0.95,-1,14600,4.566210045453598e-11,2,21900.0,0.0,2,0,1.0,0.0,0.21156156538987192,0,0,0,0,0,0,0,0,0.0225,0.0,0.0,0.0,0.15,skip,already_attacked_this_round,1785296218.1822135,1785296218182213671,1384886398913191,21.4,53.359375,-1.0,0,0
2026-07-28T23:36:58.183,10.42.0.59,10.42.0.47,19,1,DOWNLOAD,0.95,DOWNLOAD,0.95,-1,14600,2.739726027322199e-11,3,36500.0,0.0,3,0,1.0,0.0,0.18381846758804815,0,0,0,0,0,0,0,0,0.0225,0.0,0.0,0.0,0.15,skip,already_attacked_this_round,1785296218.1832404,1785296218183240548,1384886399939055,21.4,53.359375,-1.0,0,0
2026-07-28T23:36:58.184,10.42.0.18,10.42.0.47,42,1,DOWNLOAD,0.95,DOWNLOAD,0.95,-1,14600,2.2831050227789245e-11,4,43800.0,0.0,4,0,1.0,0.0,0.43583251109150095,0,0,0,0,0,0,0,0,0.0225,0.0,0.0,0.0,0.15,skip,already_attacked_this_round,1785296218.184336,1785296218184335789,1384886401034013,21.4,53.359375,-1.0,0,0
2026-07-28T23:36:58.185,10.42.0.18,10.42.0.47,42,1,DOWNLOAD,0.9503102704760072,DOWNLOAD,0.9503102704760072,-1,8760,1.9025875189896766e-11,5,52560.0,0.0,5,0,1.0,0.0,0.37852300179559933,0,0,0,0,0,0,0,0,0.0225,0.0,0.0,0.0,0.15,skip,already_attacked_this_round,1785296218.1852624,1785296218185262380,1384886401960981,21.4,53.359375,-1.0,0,0
2026-07-28T23:36:58.186,10.42.0.210,10.42.0.47,58,1,DOWNLOAD,0.9855083405864443,DOWNLOAD,0.9855083405864443,-1,14480,1.7265193369867658e-11,6,57920.0,0.0,6,0,1.0,0.0,0.02509785427014351,0,0,0,0,0,0,0,0,0.0225,0.0,0.0,0.0,0.15,skip,training_upload_trigger_not_confirmed,1785296218.1863263,1785296218186326389,1384886403024677,21.4,53.359375,-1.0,0,0
2026-07-28T23:36:58.187,10.42.0.210,10.42.0.47,58,1,DOWNLOAD,0.9855087208476458,DOWNLOAD,0.9855087208476458,-1,5792,1.569563033626796e-11,7,63712.0,0.0,7,0,1.0,0.0,0.02193414432946429,0,0,0,0,0,0,0,0,0.0225,0.0,0.0,0.0,0.15,skip,training_upload_trigger_not_confirmed,1785296218.1874156,1785296218187415622,1384886404114128,21.4,53.359375,-1.0,0,0
2026-07-28T23:36:58.188,10.42.0.210,10.42.0.47,58,1,DOWNLOAD,0.9855087261970161,DOWNLOAD,0.9855087261970161,-1,14480,1.2789032125885141e-11,8,78192.0,0.0,8,0,1.0,0.0,0.019183183478043507,0,0,0,0,0,0,0,0,0.0225,0.0,0.0,0.0,0.15,skip,training_upload_trigger_not_confirmed,1785296218.1884735,1785296218188473472,1384886405171658,21.4,53.359375,-1.0,0,0
2026-07-28T23:36:58.189,10.42.0.210,10.42.0.47,58,1,DOWNLOAD,0.9855087261721334,DOWNLOAD,0.9855087261721334,-1,992,1.2628813901638856e-11,9,79184.0,0.0,9,0,1.0,0.0,0.016779648640301226,0,0,0,0,0,0,0,0,0.0225,0.0,0.0,0.0,0.15,skip,training_upload_trigger_not_confirmed,1785296218.189417,1785296218189417059,1384886406115690,21.4,53.359375,-1.0,0,0
2026-07-28T23:36:58.190,10.42.0.47,10.42.0.47,58,1,DOWNLOAD,0.95,DOWNLOAD,0.95,-1,5792,2.746132596624788,15,28960.0,79528.0,4,11,0.26694196593171593,0.7330580340682841,0.07100110371729511,0,0,0,0,0,0,0,0,0.057499999999999996,0.1,0.0,0.0,0.15,skip,training_upload_trigger_not_confirmed,1785296218.1903958,1785296218190396028,1384886407094150,21.4,53.359375,-1.0,0,0
2026-07-28T23:36:58.192,10.42.0.47,10.42.0.47,58,1,DOWNLOAD,0.95,DOWNLOAD,0.95,-1,23168,1.525629220370518,16,52128.0,79528.0,5,11,0.39594093698730026,0.6040590630126997,0.06192351838357281,0,0,0,0,0,0,0,0,0.057499999999999996,0.1,0.0,0.0,0.15,skip,training_upload_trigger_not_confirmed,1785296218.1925097,1785296218192509751,1384886409208169,21.4,53.359375,-1.0,0,0
2026-07-28T23:36:58.193,10.42.0.47,10.42.0.47,58,1,DOWNLOAD,0.95,DOWNLOAD,0.95,-1,14037,1.2019647850041266,17,66165.0,79528.0,6,11,0.4541398694515179,0.545860130548482,0.05385852327254568,0,0,0,0,0,0,0,0,0.057499999999999996,0.1,0.0,0.0,0.15,skip,training_upload_trigger_not_confirmed,1785296218.1932302,1785296218193230113,1384886409928249,21.4,53.359375,-1.0,0,0
2026-07-28T23:36:58.194,10.42.0.145,10.42.0.47,24,1,DOWNLOAD,0.966152595494963,DOWNLOAD,0.966152595494963,-1,29200,1.369863013679865e-11,5,73000.0,0.0,5,0,1.0,0.0,0.2160585669344483,0,0,0,0,0,0,0,0,0.0225,0.0,0.0,0.0,0.15,skip,already_attacked_this_round,1785296218.1941824,1785296218194182423,1384886410880680,21.4,53.359375,-1.0,0,0
2026-07-28T23:36:58.194,10.42.0.145,10.42.0.47,24,1,DOWNLOAD,0.9744745086080461,DOWNLOAD,0.9744745086080461,-1,6184,1.2628813901638856e-11,6,79184.0,0.0,6,0,1.0,0.0,0.18767405637652881,0,0,0,0,0,0,0,0,0.0225,0.0,0.0,0.0,0.15,skip,already_attacked_this_round,1785296218.1948388,1785296218194838770,1384886411537238,21.4,53.359375,-1.0,0,0
2026-07-28T23:36:58.196,10.42.0.59,10.42.0.47,19,1,DOWNLOAD,0.9539885136441335,DOWNLOAD,0.9539885136441335,-1,24820,1.630789301995584e-11,4,61320.0,0.0,4,0,1.0,0.0,0.1612782613910309,0,0,0,0,0,0,0,0,0.0225,0.0,0.0,0.0,0.15,skip,already_attacked_this_round,1785296218.1960075,1785296218196007448,1384886412705624,21.4,53.359375,-1.0,0,0
2026-07-28T23:36:58.196,10.42.0.59,10.42.0.47,19,1,DOWNLOAD,0.9657830486004031,DOWNLOAD,0.9657830486004031,-1,10564,1.3911301541178688e-11,5,71884.0,0.0,5,0,1.0,0.0,0.1401244608090548,0,0,0,0,0,0,0,0,0.0225,0.0,0.0,0.0,0.15,skip,already_attacked_this_round,1785296218.1967554,1785296218196755439,1384886413453703,21.4,53.359375,-1.0,0,0
2026-07-28T23:36:58.271,10.42.0.1,10.42.0.47,58,1,DOWNLOAD,0.9526509327110437,DOWNLOAD,0.9526509327110437,0,39,0.21414588567501097,41,371373.0,79528.0,33,8,0.8236242545481158,0.17637574545188411,0.006972943238555634,0,0,0,0,0,0,0,0,0.0225,0.0,0.0,0.0,0.15,skip,training_upload_trigger_not_confirmed,1785296218.2716782,1785296218271678095,1384886488376858,21.4,53.359375,-1.0,0,0
2026-07-28T23:36:58.505,10.42.0.59,10.42.0.47,19,3,UPLOAD,0.95,UPLOAD,0.95,1,64240,0.8936620110192303,6,71884.0,64240.0,5,1,0.5280773412476859,0.47192265875231404,0.18733533491190346,0,0,0,1,1,1,1,1,0.85,1.0,1.0,0.4,0.8,skip,already_attacked_this_round,1785296218.5059361,1785296218505936008,1384886722634891,21.4,53.359375,-1.0,0,0
2026-07-28T23:36:58.508,10.42.0.59,10.42.0.47,19,3,UPLOAD,0.9841010226033655,UPLOAD,0.9841010226033655,1,5094,0.9645261810699943,7,71884.0,69334.0,5,2,0.5090285940885723,0.49097140591142774,0.16304690889852136,0,0,0,1,1,1,1,1,0.85,1.0,1.0,0.4,0.8,skip,already_attacked_this_round,1785296218.5089533,1785296218508953367,1384886725652037,21.4,53.359375,-1.0,0,0
2026-07-28T23:36:58.510,10.42.0.1,10.42.0.1,58,3,UPLOAD,0.95,UPLOAD,0.95,1,7240,0.23364111015277456,42,371373.0,86768.0,33,9,0.8106085244498964,0.18939147555010358,0.006438228895056916,1,0,0,0,1,0,0,0,0.85,1.0,1.0,0.4,0.8,trigger,training_upload_trigger_confirmed,1785296218.5105805,1785296218510580437,1384886727278893,21.4,53.359375,23.682799,1785296218534264306,1384886750961692
2026-07-28T23:36:58.511,10.42.0.1,10.42.0.1,58,3,UPLOAD,0.95,UPLOAD,0.95,1,5792,0.24923728973498546,43,371373.0,92560.0,33,10,0.8004884325969482,0.19951156740305173,0.005740952789023004,1,0,1,0,1,0,0,0,0.85,1.0,1.0,0.4,0.8,skip,attack_already_active,1785296218.5117273,1785296218511727238,1384886728425777,21.4,53.359375,-1.0,0,0
2026-07-28T23:36:58.513,10.42.0.145,10.42.0.1,24,3,UPLOAD,0.95,UPLOAD,0.95,1,64240,0.811275005053909,7,79184.0,64240.0,6,1,0.5520972780008925,0.4479027219991075,0.3120982468290126,0,0,0,1,1,1,1,1,0.85,1.0,1.0,0.4,0.8,skip,already_attacked_this_round,1785296218.5134413,1785296218513441189,1384886730141721,21.4,53.359375,-1.0,0,0
2026-07-28T23:36:58.514,10.42.0.145,10.42.0.1,24,3,UPLOAD,0.9841010226033655,UPLOAD,0.9841010226033655,1,8760,0.9219034148322653,8,79184.0,73000.0,6,2,0.520317510382169,0.47968248961783105,0.27114405386518015,0,0,0,1,1,1,1,1,0.85,1.0,1.0,0.4,0.8,skip,already_attacked_this_round,1785296218.5147495,1785296218514749534,1384886731448398,21.4,53.359375,-1.0,0,0
2026-07-28T23:36:58.517,10.42.0.1,10.42.0.1,58,3,UPLOAD,0.9501122974217407,UPLOAD,0.9501122974217407,1,14480,0.28822773869051266,44,371373.0,107040.0,33,11,0.7762602604862326,0.22373973951376738,0.005689638577137427,1,0,1,1,1,1,1,1,0.9699999999999999,1.0,1.0,1.0,0.8,skip,attack_already_active,1785296218.5170789,1785296218517078897,1384886733777455,21.4,53.359375,-1.0,0,0
2026-07-28T23:36:58.519,10.42.0.1,10.42.0.1,58,3,UPLOAD,0.9556446329067791,UPLOAD,0.9556446329067791,1,14480,0.3272181876460399,45,371373.0,121520.0,33,12,0.7534556181564761,0.24654438184352384,0.005109229701920795,1,0,1,1,1,1,1,1,0.9699999999999999,1.0,1.0,1.0,0.8,skip,attack_already_active,1785296218.519472,1785296218519471803,1384886736170703,21.4,53.359375,-1.0,0,0
2026-07-28T23:36:58.520,10.42.0.145,10.42.0.1,24,3,UPLOAD,0.9854688349332961,UPLOAD,0.9854688349332961,1,6555,1.004685289957508,9,79184.0,79555.0,6,3,0.4988314150901795,0.5011685849098205,0.23618112234577204,0,0,0,1,1,1,1,1,0.85,1.0,1.0,0.4,0.8,skip,already_attacked_this_round,1785296218.5205696,1785296218520569694,1384886737268215,21.4,53.359375,-1.0,0,0
2026-07-28T23:36:58.522,10.42.0.1,10.42.0.1,58,3,UPLOAD,0.9507372590915595,UPLOAD,0.9507372590915595,1,7240,0.3467134121238035,46,371373.0,128760.0,33,13,0.7425484821037605,0.2574515178962396,0.0047841950382038955,1,0,1,1,1,1,1,1,0.9699999999999999,1.0,1.0,1.0,0.8,skip,attack_already_active,1785296218.5221145,1785296218522114635,1384886738813071,21.4,53.359375,-1.0,0,0
2026-07-28T23:36:58.523,10.42.0.1,10.42.0.1,58,3,UPLOAD,0.95,UPLOAD,0.95,1,5792,0.3623095917060144,47,371373.0,134552.0,33,14,0.7340475366902209,0.2659524633097791,0.004293945081413111,1,0,1,1,1,1,1,1,0.9699999999999999,1.0,1.0,1.0,0.8,skip,attack_already_active,1785296218.5231783,1785296218523178300,1384886739876661,21.4,53.359375,-1.0,0,0
2026-07-28T23:36:58.524,10.42.0.1,10.42.0.1,58,3,UPLOAD,0.95,UPLOAD,0.95,1,14480,0.4013000406615416,48,371373.0,149032.0,33,15,0.7136230435910493,0.2863769564089507,0.003922744047882038,1,0,1,1,1,1,1,1,0.9699999999999999,1.0,1.0,1.0,0.8,skip,attack_already_active,1785296218.5246553,1785296218524655272,1384886741353924,21.4,53.359375,-1.0,0,0
2026-07-28T23:36:58.526,10.42.0.1,10.42.0.1,58,3,UPLOAD,0.95,UPLOAD,0.95,1,14480,0.44029048961706885,49,371373.0,163512.0,33,16,0.6943043831851706,0.3056956168148294,0.0036081236988708106,1,0,1,1,1,1,1,1,0.9699999999999999,1.0,1.0,1.0,0.8,skip,attack_already_active,1785296218.5261905,1785296218526190530,1384886742889079,21.4,53.359375,-1.0,0,0
2026-07-28T23:36:58.528,10.42.0.1,10.42.0.1,58,3,UPLOAD,0.95,UPLOAD,0.95,1,8589,0.4634181806446257,50,371373.0,172101.0,33,17,0.6833316773203502,0.3166683226796498,0.003404771923358159,1,0,1,1,1,1,1,1,0.9699999999999999,1.0,1.0,1.0,0.8,skip,attack_already_active,1785296218.5282555,1785296218528255426,1384886744953846,21.4,53.359375,-1.0,0,0
2026-07-28T23:36:58.529,10.42.0.1,10.42.0.1,58,3,UPLOAD,0.95,UPLOAD,0.95,1,2896,0.47121627043573117,51,371373.0,174997.0,33,18,0.6797097205190622,0.3202902794809378,0.0031631196981443685,1,0,1,1,1,1,1,1,0.9699999999999999,1.0,1.0,1.0,0.8,skip,attack_already_active,1785296218.5298264,1785296218529826249,1384886746524690,21.4,53.359375,-1.0,0,0
2026-07-28T23:36:58.531,10.42.0.1,10.42.0.1,58,3,UPLOAD,0.95,UPLOAD,0.95,1,11584,0.502408629600153,52,371373.0,186581.0,33,19,0.6655978808288855,0.33440211917111445,0.002961196854423621,1,0,1,1,1,1,1,1,0.9699999999999999,1.0,1.0,1.0,0.8,skip,attack_already_active,1785296218.5314572,1785296218531457237,1384886748155847,21.4,53.359375,-1.0,0,0
2026-07-28T23:36:58.533,10.42.0.1,10.42.0.1,58,3,UPLOAD,0.95,UPLOAD,0.95,1,14480,0.5413990785556801,53,371373.0,201061.0,33,20,0.6487612545725795,0.35123874542742045,0.002837783965790299,1,0,1,1,1,1,1,1,0.9699999999999999,1.0,1.0,1.0,0.8,skip,attack_already_active,1785296218.5334818,1785296218533481629,1384886750180391,21.4,53.359375,-1.0,0,0
2026-07-28T23:36:58.537,10.42.0.1,10.42.0.1,58,3,UPLOAD,0.95,UPLOAD,0.95,1,5792,0.5569952581378911,54,371373.0,206853.0,33,21,0.6422627138869577,0.3577372861130423,0.0029828847048464498,1,0,1,1,1,1,1,1,0.9699999999999999,1.0,1.0,1.0,0.8,skip,attack_already_active,1785296218.5374207,1785296218537420676,1384886754119251,21.4,53.359375,-1.0,0,0
2026-07-28T23:36:58.539,10.42.0.1,10.42.0.1,58,3,UPLOAD,0.95,UPLOAD,0.95,1,14480,0.5959857070934182,55,371373.0,221333.0,33,22,0.6265720272782797,0.3734279727217204,0.002799308424787514,1,0,1,1,1,1,1,1,0.9699999999999999,1.0,1.0,1.0,0.8,skip,attack_already_active,1785296218.5390105,1785296218539010473,1384886755708850,21.4,53.359375,-1.0,0,0
2026-07-28T23:36:58.541,10.42.0.1,10.42.0.1,58,3,UPLOAD,0.95,UPLOAD,0.95,1,15928,0.6388752009444982,56,371373.0,237261.0,33,23,0.6101745876832382,0.3898254123167618,0.002704548571187521,1,0,1,1,1,1,1,1,0.9699999999999999,1.0,1.0,1.0,0.8,skip,attack_already_active,1785296218.5410907,1785296218541090832,1384886757789294,21.4,53.359375,-1.0,0,0
2026-07-28T23:36:58.542,10.42.0.1,10.42.0.1,58,3,UPLOAD,0.95,UPLOAD,0.95,1,1350,0.6425103602048546,57,371373.0,238611.0,33,24,0.6088241658797607,0.3911758341202392,0.002560163285814695,1,0,1,1,1,1,1,1,0.9699999999999999,1.0,1.0,1.0,0.8,skip,attack_already_active,1785296218.5426996,1785296218542699602,1384886759398242,88.0,53.359375,-1.0,0,0
2026-07-28T23:36:58.599,10.42.0.18,10.42.0.1,42,3,UPLOAD,0.95,UPLOAD,0.95,1,5840,0.11111111112802301,6,52560.0,5840.0,5,1,0.9,0.1,0.39080517798700143,0,0,0,1,1,1,1,1,0.9699999999999999,1.0,1.0,1.0,0.8,skip,already_attacked_this_round,1785296218.5996401,1785296218599640135,1384886816338598,88.0,53.359375,-1.0,0,0
2026-07-28T23:36:58.601,10.42.0.18,10.42.0.1,42,3,UPLOAD,0.9841010226033655,UPLOAD,0.9841010226033655,1,64240,1.3333333333269912,7,52560.0,70080.0,5,2,0.42857142857142855,0.5714285714285714,0.3395486022744301,0,0,0,1,1,1,1,1,0.9699999999999999,1.0,1.0,1.0,0.8,skip,already_attacked_this_round,1785296218.6014733,1785296218601473318,1384886818171474,88.0,53.359375,-1.0,0,0
2026-07-28T23:36:58.603,10.42.0.1,10.42.0.1,58,3,UPLOAD,0.95,UPLOAD,0.95,1,11584,0.6737027193692764,58,371373.0,250195.0,33,25,0.597477669378089,0.40252233062191106,0.0025754603598914707,1,0,1,1,1,1,1,1,0.9699999999999999,1.0,1.0,1.0,0.8,skip,attack_already_active,1785296218.603345,1785296218603344876,1384886820043510,88.0,53.359375,-1.0,0,0
2026-07-28T23:36:58.604,10.42.0.1,10.42.0.1,58,3,UPLOAD,0.95,UPLOAD,0.95,1,5792,0.6892988989514873,59,371373.0,255987.0,33,26,0.5919615531752104,0.40803844682478957,0.002332123680365681,1,0,1,1,1,1,1,1,0.9699999999999999,1.0,1.0,1.0,0.8,skip,attack_already_active,1785296218.6040738,1785296218604073811,1384886820772116,88.0,53.359375,-1.0,0,0
2026-07-28T23:36:58.605,10.42.0.1,10.42.0.1,58,3,UPLOAD,0.95,UPLOAD,0.95,1,11584,0.7204912581159091,60,371373.0,267571.0,33,27,0.5812293409125057,0.4187706590874944,0.0021955947512715956,1,0,1,1,1,1,1,1,0.9699999999999999,1.0,1.0,1.0,0.8,skip,attack_already_active,1785296218.6053698,1785296218605369944,1384886822068286,88.0,53.359375,-1.0,0,0
2026-07-28T23:36:58.606,10.42.0.1,10.42.0.1,58,3,UPLOAD,0.95,UPLOAD,0.95,1,14480,0.7594817070714364,61,371373.0,282051.0,33,28,0.5683491882759127,0.43165081172408726,0.0019993299997793914,1,0,1,1,1,1,1,1,0.9699999999999999,1.0,1.0,1.0,0.8,skip,attack_already_active,1785296218.606076,1785296218606075932,1384886822774043,88.0,53.359375,-1.0,0,0
2026-07-28T23:36:58.607,10.42.0.1,10.42.0.1,58,3,UPLOAD,0.95,UPLOAD,0.95,1,8688,0.7828759764447526,62,371373.0,290739.0,33,29,0.5608915108017979,0.4391084891982021,0.0019131581998537382,1,0,1,1,1,1,1,1,0.9699999999999999,1.0,1.0,1.0,0.8,skip,attack_already_active,1785296218.6074214,1785296218607421365,1384886824119910,88.0,53.359375,-1.0,0,0
2026-07-28T23:36:58.608,10.42.0.1,10.42.0.1,58,3,UPLOAD,0.95,UPLOAD,0.95,1,11584,0.8140683356091745,63,371373.0,302323.0,33,30,0.5512471500498741,0.4487528499501259,0.0017937916541644972,1,0,1,1,1,1,1,1,0.9699999999999999,1.0,1.0,1.0,0.8,skip,attack_already_active,1785296218.6084287,1785296218608428785,1384886825126981,88.0,53.359375,-1.0,0,0
2026-07-28T23:36:58.609,10.42.0.1,10.42.0.1,58,3,UPLOAD,0.95,UPLOAD,0.95,1,2797,0.8215998470545204,64,371373.0,305120.0,33,31,0.5489679863649735,0.45103201363502654,0.00168632163886802,1,0,1,1,1,1,1,1,0.9699999999999999,1.0,1.0,1.0,0.8,skip,attack_already_active,1785296218.609407,1785296218609407081,1384886826105355,88.0,53.359375,-1.0,0,0
2026-07-28T23:36:59.451,10.42.0.1,10.42.0.1,58,3,UPLOAD,0.7072640477155047,UPLOAD,0.7072640477155047,0,43,100.0,23,0.0,225592.0,0,23,0.0,1.0,0.16275096464859792,1,0,1,0,0,0,0,0,0.45499999999999996,0.1,1.0,0.0,0.8,skip,attack_already_active,1785296219.4514883,1785296219451488176,1384887668186932,16.4,53.359375,-1.0,0,0
2026-07-28T23:36:59.827,10.42.0.47,10.42.0.1|10.42.0.47,58,3,UPLOAD,0.95,UPLOAD,0.95,1,7240,100.0,1,0.0,7240.0,0,1,0.0,1.0,0.32171451420346475,1,0,0,1,1,1,1,1,0.9699999999999999,1.0,1.0,1.0,0.8,trigger,training_upload_trigger_confirmed,1785296219.827072,1785296219827072083,1384888043770682,7.5,53.359375,10.798195,1785296219837871651,1384888054568877
2026-07-28T23:36:59.827,10.42.0.47,10.42.0.1|10.42.0.47,58,3,UPLOAD,0.9557962296895246,UPLOAD,0.9557962296895246,1,7240,100.0,2,0.0,14480.0,0,2,0.0,1.0,0.27941830627344905,1,0,1,1,1,1,1,1,0.9699999999999999,1.0,1.0,1.0,0.8,skip,attack_already_active,1785296219.8278122,1785296219827812058,1384888044510130,7.5,53.359375,-1.0,0,0
2026-07-28T23:36:59.830,10.42.0.47,10.42.0.1|10.42.0.47,58,3,UPLOAD,0.9576127372499159,UPLOAD,0.9576127372499159,1,10136,100.0,3,0.0,24616.0,0,3,0.0,1.0,0.24288959878911986,1,0,1,1,1,1,1,1,0.9699999999999999,1.0,1.0,1.0,0.8,skip,attack_already_active,1785296219.8300242,1785296219830024165,1384888046722355,7.5,53.359375,-1.0,0,0
2026-07-28T23:36:59.830,10.42.0.47,10.42.0.1|10.42.0.47,58,3,UPLOAD,0.9580403663277725,UPLOAD,0.9580403663277725,1,4344,100.0,4,0.0,28960.0,0,4,0.0,1.0,0.21100890361843086,1,0,1,1,1,1,1,1,0.9699999999999999,1.0,1.0,1.0,0.8,skip,attack_already_active,1785296219.83098,1785296219830980117,1384888047678319,7.5,53.359375,-1.0,0,0
2026-07-28T23:36:59.831,10.42.0.47,10.42.0.1|10.42.0.47,58,3,UPLOAD,0.9584063295897037,UPLOAD,0.9584063295897037,1,5792,100.0,5,0.0,34752.0,0,5,0.0,1.0,0.18329238599502773,1,0,1,1,1,1,1,1,0.9699999999999999,1.0,1.0,1.0,0.8,skip,attack_already_active,1785296219.831656,1785296219831655836,1384888048354398,7.5,53.359375,-1.0,0,0
2026-07-28T23:36:59.833,10.42.0.47,10.42.0.1|10.42.0.47,58,3,UPLOAD,0.958299271108496,UPLOAD,0.958299271108496,1,8688,100.0,6,0.0,43440.0,0,6,0.0,1.0,0.1593930138666172,1,0,1,1,1,1,1,1,0.9699999999999999,1.0,1.0,1.0,0.8,skip,attack_already_active,1785296219.8335826,1785296219833582664,1384888050281972,7.5,53.359375,-1.0,0,0
2026-07-28T23:36:59.834,10.42.0.47,10.42.0.1|10.42.0.47,58,3,UPLOAD,0.9608381193146946,UPLOAD,0.9608381193146946,1,1448,100.0,7,0.0,44888.0,0,7,0.0,1.0,0.13850966443031254,1,0,1,1,1,1,1,1,0.9699999999999999,1.0,1.0,1.0,0.8,skip,attack_already_active,1785296219.8344977,1785296219834497765,1384888051196566,7.5,53.359375,-1.0,0,0
2026-07-28T23:36:59.836,10.42.0.47,10.42.0.1|10.42.0.47,58,3,UPLOAD,0.9620867038606484,UPLOAD,0.9620867038606484,1,10136,100.0,8,0.0,55024.0,0,8,0.0,1.0,0.12046457392942875,1,0,1,1,1,1,1,1,0.9699999999999999,1.0,1.0,1.0,0.8,skip,attack_already_active,1785296219.8360682,1785296219836068116,1384888052766493,7.5,53.359375,-1.0,0,0
2026-07-28T23:36:59.837,10.42.0.47,10.42.0.1|10.42.0.47,58,3,UPLOAD,0.9623850227010372,UPLOAD,0.9623850227010372,1,7240,100.0,9,0.0,62264.0,0,9,0.0,1.0,0.10471410931725567,1,0,1,1,1,1,1,1,0.9699999999999999,1.0,1.0,1.0,0.8,skip,attack_already_active,1785296219.8370068,1785296219837006746,1384888053704916,7.5,53.359375,-1.0,0,0
2026-07-28T23:36:59.837,10.42.0.47,10.42.0.1|10.42.0.47,58,3,UPLOAD,0.9661420916041966,UPLOAD,0.9661420916041966,1,1448,100.0,10,0.0,63712.0,0,10,0.0,1.0,0.09101094091402329,1,0,1,1,1,1,1,1,0.9699999999999999,1.0,1.0,1.0,0.8,skip,attack_already_active,1785296219.8377314,1785296219837731316,1384888054429456,7.5,53.359375,-1.0,0,0
2026-07-28T23:36:59.838,10.42.0.47,10.42.0.1|10.42.0.47,58,3,UPLOAD,0.9668520900176713,UPLOAD,0.9668520900176713,1,1448,100.0,11,0.0,65160.0,0,11,0.0,1.0,0.07909885970140323,1,0,1,1,1,1,1,1,0.9699999999999999,1.0,1.0,1.0,0.8,skip,attack_already_active,1785296219.8383448,1785296219838344800,1384888055042928,7.5,53.359375,-1.0,0,0
2026-07-28T23:36:59.839,10.42.0.47,10.42.0.1|10.42.0.47,58,3,UPLOAD,0.9673353807228307,UPLOAD,0.9673353807228307,1,7240,100.0,12,0.0,72400.0,0,12,0.0,1.0,0.06885161879704636,1,0,1,1,1,1,1,1,0.9699999999999999,1.0,1.0,1.0,0.8,skip,attack_already_active,1785296219.8396802,1785296219839680270,1384888056378576,7.5,53.359375,-1.0,0,0
2026-07-28T23:36:59.840,10.42.0.47,10.42.0.1|10.42.0.47,58,3,UPLOAD,0.9702972055027014,UPLOAD,0.9702972055027014,1,2896,100.0,13,0.0,75296.0,0,13,0.0,1.0,0.05986023025219759,1,0,1,1,1,1,1,1,0.9699999999999999,1.0,1.0,1.0,0.8,skip,attack_already_active,1785296219.8402987,1785296219840298714,1384888056996793,7.5,53.359375,-1.0,0,0
2026-07-28T23:36:59.841,10.42.0.47,10.42.0.1|10.42.0.47,58,3,UPLOAD,0.9716837279036816,UPLOAD,0.9716837279036816,1,4258,100.0,14,0.0,79554.0,0,14,0.0,1.0,0.052123769557981335,1,0,1,1,1,1,1,1,0.9699999999999999,1.0,1.0,1.0,0.8,skip,attack_already_active,1785296219.841449,1785296219841449059,1384888058147355,7.5,53.359375,-1.0,0,0
2026-07-28T23:36:59.842,10.42.0.1,10.42.0.1|10.42.0.47,58,3,UPLOAD,0.9580514101476346,UPLOAD,0.9580514101476346,1,7240,100.0,1,0.0,7240.0,0,1,0.0,1.0,0.14306854007733077,1,0,1,1,1,1,1,1,0.9699999999999999,1.0,1.0,1.0,0.8,skip,attack_already_active,1785296219.8423505,1785296219842350470,1384888059048699,7.5,53.359375,-1.0,0,0
2026-07-28T23:36:59.842,10.42.0.1,10.42.0.1|10.42.0.47,58,3,UPLOAD,0.9772425681395944,UPLOAD,0.9772425681395944,1,7240,100.0,2,0.0,14480.0,0,2,0.0,1.0,0.12429665922357241,1,0,1,1,1,1,1,1,0.9699999999999999,1.0,1.0,1.0,0.8,skip,attack_already_active,1785296219.8429644,1785296219842964580,1384888059662638,7.5,53.359375,-1.0,0,0
2026-07-28T23:36:59.843,10.42.0.1,10.42.0.1|10.42.0.47,58,3,UPLOAD,0.9787622809968708,UPLOAD,0.9787622809968708,1,10136,100.0,3,0.0,24616.0,0,3,0.0,1.0,0.10804021824800333,1,0,1,1,1,1,1,1,0.9699999999999999,1.0,1.0,1.0,0.8,skip,attack_already_active,1785296219.8438954,1785296219843895654,1384888060593844,7.5,53.359375,-1.0,0,0
2026-07-28T23:36:59.844,10.42.0.1,10.42.0.1|10.42.0.47,58,3,UPLOAD,0.978959724219995,UPLOAD,0.978959724219995,1,4344,100.0,4,0.0,28960.0,0,4,0.0,1.0,0.09388332762382146,1,0,1,1,1,1,1,1,0.9699999999999999,1.0,1.0,1.0,0.8,skip,attack_already_active,1785296219.844503,1785296219844502935,1384888061201169,7.5,53.359375,-1.0,0,0
2026-07-28T23:36:59.845,10.42.0.1,10.42.0.1|10.42.0.47,58,3,UPLOAD,0.9789767036119001,UPLOAD,0.9789767036119001,1,14480,100.0,5,0.0,43440.0,0,5,0.0,1.0,0.08163307922475274,1,0,1,1,1,1,1,1,0.9699999999999999,1.0,1.0,1.0,0.8,skip,attack_already_active,1785296219.8454225,1785296219845422605,1384888062120754,7.5,53.359375,-1.0,0,0
2026-07-28T23:36:59.846,10.42.0.1,10.42.0.1|10.42.0.47,58,3,UPLOAD,0.9788309001015052,UPLOAD,0.9788309001015052,1,14480,100.0,6,0.0,57920.0,0,6,0.0,1.0,0.07099179124659506,1,0,1,1,1,1,1,1,0.9699999999999999,1.0,1.0,1.0,0.8,skip,attack_already_active,1785296219.8463018,1785296219846301581,1384888062999648,7.5,53.359375,-1.0,0,0
2026-07-28T23:36:59.847,10.42.0.1,10.42.0.1|10.42.0.47,58,3,UPLOAD,0.9783316627487253,UPLOAD,0.9783316627487253,1,5792,100.0,7,0.0,63712.0,0,7,0.0,1.0,0.06175203073689772,1,0,1,1,1,1,1,1,0.9699999999999999,1.0,1.0,1.0,0.8,skip,attack_already_active,1785296219.8471756,1785296219847175775,1384888063873845,7.5,53.359375,-1.0,0,0
2026-07-28T23:36:59.848,10.42.0.1,10.42.0.1|10.42.0.47,58,3,UPLOAD,0.9776209718177885,UPLOAD,0.9776209718177885,1,7240,100.0,8,0.0,70952.0,0,8,0.0,1.0,0.05377466750634795,1,0,1,1,1,1,1,1,0.9699999999999999,1.0,1.0,1.0,0.8,skip,attack_already_active,1785296219.8483896,1785296219848389642,1384888065087941,7.5,53.359375,-1.0,0,0
2026-07-28T23:36:59.849,10.42.0.1,10.42.0.1|10.42.0.47,58,3,UPLOAD,0.9768583698007214,UPLOAD,0.9768583698007214,1,8589,100.0,9,0.0,79541.0,0,9,0.0,1.0,0.04681065901248914,1,0,1,1,1,1,1,1,0.9699999999999999,1.0,1.0,1.0,0.8,skip,attack_already_active,1785296219.8493164,1785296219849316431,1384888066014915,7.5,53.359375,-1.0,0,0
2026-07-28T23:37:00.006,10.42.0.47,10.42.0.1|10.42.0.47,58,3,UPLOAD,0.9708587080455341,UPLOAD,0.9708587080455341,0,39,100.0,14,0.0,79554.0,0,14,0.0,1.0,0.05064928634840864,1,0,1,1,1,1,1,1,0.8374999999999999,0.8500000000000001,1.0,0.6000000000000001,0.8,skip,attack_already_active,1785296220.0066814,1785296220006681401,1384888223380488,7.5,53.359375,-1.0,0,0
2026-07-28T23:37:00.048,10.42.0.145,10.42.0.1|10.42.0.47,24,3,UPLOAD,0.9855076450773014,UPLOAD,0.9855076450773014,0,39,1.0,0,0.0,0.0,0,0,0.0,0.0,0.21109264759898488,0,0,0,0,0,0,0,0,0.4375,0.05,1.0,0.0,0.8,skip,already_attacked_this_round,1785296220.0489323,1785296220048932473,1384888265631876,7.5,53.359375,-1.0,0,0
2026-07-28T23:37:00.102,10.42.0.210,10.42.0.1|10.42.0.210|10.42.0.47,58,3,UPLOAD,0.95,UPLOAD,0.95,1,1448,100.0,1,0.0,1448.0,0,1,0.0,1.0,0.2611883668861562,1,0,0,1,1,1,1,1,0.9525,0.95,1.0,1.0,0.8,trigger,training_upload_trigger_confirmed,1785296220.1023328,1785296220102333051,1384888319032180,7.5,53.359375,6.203053,1785296220108537954,1384888325235233
2026-07-28T23:37:00.103,10.42.0.210,10.42.0.1|10.42.0.210|10.42.0.47,58,3,UPLOAD,0.9841010226033655,UPLOAD,0.9841010226033655,1,1448,100.0,2,0.0,2896.0,0,2,0.0,1.0,0.2268666089149283,1,0,1,1,1,1,1,1,0.9699999999999999,1.0,1.0,1.0,0.8,skip,attack_already_active,1785296220.1030629,1785296220103062684,1384888319760927,7.5,53.359375,-1.0,0,0
2026-07-28T23:37:00.104,10.42.0.210,10.42.0.1|10.42.0.210|10.42.0.47,58,3,UPLOAD,0.9854688349332961,UPLOAD,0.9854688349332961,1,1448,100.0,3,0.0,4344.0,0,3,0.0,1.0,0.19709727188833642,1,0,1,1,1,1,1,1,0.9699999999999999,1.0,1.0,1.0,0.8,skip,attack_already_active,1785296220.1040182,1785296220104018184,1384888320716391,7.5,53.359375,-1.0,0,0
2026-07-28T23:37:00.104,10.42.0.210,10.42.0.1|10.42.0.210|10.42.0.47,58,3,UPLOAD,0.9855076450773014,UPLOAD,0.9855076450773014,1,1448,100.0,4,0.0,5792.0,0,4,0.0,1.0,0.17121470616569356,1,0,1,1,1,1,1,1,0.9699999999999999,1.0,1.0,1.0,0.8,skip,attack_already_active,1785296220.1046999,1785296220104700027,1384888321398273,7.5,53.359375,-1.0,0,0
2026-07-28T23:37:00.105,10.42.0.210,10.42.0.1|10.42.0.210|10.42.0.47,58,3,UPLOAD,0.9855086980780915,UPLOAD,0.9855086980780915,1,1448,100.0,5,0.0,7240.0,0,5,0.0,1.0,0.14878160238180013,1,0,1,1,1,1,1,1,0.9699999999999999,1.0,1.0,1.0,0.8,skip,attack_already_active,1785296220.105676,1785296220105676074,1384888322374324,7.5,53.359375,-1.0,0,0
2026-07-28T23:37:00.106,10.42.0.210,10.42.0.1|10.42.0.210|10.42.0.47,58,3,UPLOAD,0.9855087254685951,UPLOAD,0.9855087254685951,1,1448,100.0,6,0.0,8688.0,0,6,0.0,1.0,0.1292631378565604,1,0,1,1,1,1,1,1,0.9699999999999999,1.0,1.0,1.0,0.8,skip,attack_already_active,1785296220.1063373,1785296220106337380,1384888323035467,7.5,53.359375,-1.0,0,0
2026-07-28T23:37:00.107,10.42.0.210,10.42.0.1|10.42.0.210|10.42.0.47,58,3,UPLOAD,0.9855087261493067,UPLOAD,0.9855087261493067,1,1448,100.0,7,0.0,10136.0,0,7,0.0,1.0,0.11235547779799032,1,0,1,1,1,1,1,1,0.9699999999999999,1.0,1.0,1.0,0.8,skip,attack_already_active,1785296220.107293,1785296220107292928,1384888323991104,7.5,53.359375,-1.0,0,0
2026-07-28T23:37:00.108,10.42.0.210,10.42.0.1|10.42.0.210|10.42.0.47,58,3,UPLOAD,0.9855087261653082,UPLOAD,0.9855087261653082,1,1448,100.0,8,0.0,11584.0,0,8,0.0,1.0,0.09765291231798544,1,0,1,1,1,1,1,1,0.9699999999999999,1.0,1.0,1.0,0.8,skip,attack_already_active,1785296220.1080747,1785296220108074858,1384888324773187,7.5,53.359375,-1.0,0,0
2026-07-28T23:37:00.109,10.42.0.210,10.42.0.1|10.42.0.210|10.42.0.47,58,3,UPLOAD,0.985508726165656,UPLOAD,0.985508726165656,1,1448,100.0,9,0.0,13032.0,0,9,0.0,1.0,0.08492345985303197,1,0,1,1,1,1,1,1,0.9699999999999999,1.0,1.0,1.0,0.8,skip,attack_already_active,1785296220.1091273,1785296220109127201,1384888325825336,7.5,53.359375,-1.0,0,0
2026-07-28T23:37:00.109,10.42.0.210,10.42.0.1|10.42.0.210|10.42.0.47,58,3,UPLOAD,0.9855087261656625,UPLOAD,0.9855087261656625,1,1448,100.0,10,0.0,14480.0,0,10,0.0,1.0,0.07382473784693172,1,0,1,1,1,1,1,1,0.9699999999999999,1.0,1.0,1.0,0.8,skip,attack_already_active,1785296220.1098256,1785296220109825454,1384888326523724,7.5,53.359375,-1.0,0,0
2026-07-28T23:37:00.110,10.42.0.210,10.42.0.1|10.42.0.210|10.42.0.47,58,3,UPLOAD,0.95,UPLOAD,0.95,1,1448,100.0,11,0.0,15928.0,0,11,0.0,1.0,0.06422329177206722,1,0,1,1,1,1,1,1,0.9699999999999999,1.0,1.0,1.0,0.8,skip,attack_already_active,1785296220.1107876,1785296220110787549,1384888327486040,7.5,53.359375,-1.0,0,0
2026-07-28T23:37:00.111,10.42.0.210,10.42.0.1|10.42.0.210|10.42.0.47,58,3,UPLOAD,0.95,UPLOAD,0.95,1,1448,100.0,12,0.0,17376.0,0,12,0.0,1.0,0.05584625984469892,1,0,1,1,1,1,1,1,0.9699999999999999,1.0,1.0,1.0,0.8,skip,attack_already_active,1785296220.11144,1785296220111439895,1384888328138030,7.5,53.359375,-1.0,0,0
2026-07-28T23:37:00.112,10.42.0.210,10.42.0.1|10.42.0.210|10.42.0.47,58,3,UPLOAD,0.95,UPLOAD,0.95,1,1448,100.0,13,0.0,18824.0,0,13,0.0,1.0,0.04861335264351882,1,0,1,1,1,1,1,1,0.9699999999999999,1.0,1.0,1.0,0.8,skip,attack_already_active,1785296220.1123977,1785296220112397536,1384888329095729,7.5,53.359375,-1.0,0,0
2026-07-28T23:37:00.113,10.42.0.210,10.42.0.1|10.42.0.210|10.42.0.47,58,3,UPLOAD,0.95,UPLOAD,0.95,1,1448,100.0,14,0.0,20272.0,0,14,0.0,1.0,0.042296642405672095,1,0,1,1,1,1,1,1,0.9699999999999999,1.0,1.0,1.0,0.8,skip,attack_already_active,1785296220.1130753,1785296220113075078,1384888329773215,7.5,53.359375,-1.0,0,0
2026-07-28T23:37:00.114,10.42.0.210,10.42.0.1|10.42.0.210|10.42.0.47,58,3,UPLOAD,0.95,UPLOAD,0.95,1,1448,100.0,15,0.0,21720.0,0,15,0.0,1.0,0.03685698896275238,1,0,1,1,1,1,1,1,0.9699999999999999,1.0,1.0,1.0,0.8,skip,attack_already_active,1785296220.1140919,1785296220114091728,1384888330789910,7.5,53.359375,-1.0,0,0
2026-07-28T23:37:00.114,10.42.0.210,10.42.0.1|10.42.0.210|10.42.0.47,58,3,UPLOAD,0.95,UPLOAD,0.95,1,1448,100.0,16,0.0,23168.0,0,16,0.0,1.0,0.03209904963570334,1,0,1,1,1,1,1,1,0.9699999999999999,1.0,1.0,1.0,0.8,skip,attack_already_active,1785296220.1148422,1785296220114842123,1384888331540474,7.5,53.359375,-1.0,0,0
2026-07-28T23:37:00.116,10.42.0.210,10.42.0.1|10.42.0.210|10.42.0.47,58,3,UPLOAD,0.95,UPLOAD,0.95,1,1448,100.0,17,0.0,24616.0,0,17,0.0,1.0,0.028040439696148,1,0,1,1,1,1,1,1,0.9699999999999999,1.0,1.0,1.0,0.8,skip,attack_already_active,1785296220.1161416,1785296220116141482,1384888332839631,53.4,53.359375,-1.0,0,0
2026-07-28T23:37:00.116,10.42.0.210,10.42.0.1|10.42.0.210|10.42.0.47,58,3,UPLOAD,0.95,UPLOAD,0.95,1,1448,100.0,18,0.0,26064.0,0,18,0.0,1.0,0.024436567764769157,1,0,1,1,1,1,1,1,0.9699999999999999,1.0,1.0,1.0,0.8,skip,attack_already_active,1785296220.1168332,1785296220116833264,1384888333531577,53.4,53.359375,-1.0,0,0
2026-07-28T23:37:00.117,10.42.0.210,10.42.0.1|10.42.0.210|10.42.0.47,58,3,UPLOAD,0.95,UPLOAD,0.95,1,1448,100.0,19,0.0,27512.0,0,19,0.0,1.0,0.02134297022701931,1,0,1,1,1,1,1,1,0.9699999999999999,1.0,1.0,1.0,0.8,skip,attack_already_active,1785296220.1177933,1785296220117793258,1384888334491506,53.4,53.359375,-1.0,0,0
2026-07-28T23:37:00.118,10.42.0.210,10.42.0.1|10.42.0.210|10.42.0.47,58,3,UPLOAD,0.95,UPLOAD,0.95,1,1448,100.0,20,0.0,28960.0,0,20,0.0,1.0,0.018618229271660413,1,0,1,1,1,1,1,1,0.9699999999999999,1.0,1.0,1.0,0.8,skip,attack_already_active,1785296220.118459,1785296220118458848,1384888335156988,53.4,53.359375,-1.0,0,0
2026-07-28T23:37:00.119,10.42.0.210,10.42.0.1|10.42.0.210|10.42.0.47,58,3,UPLOAD,0.95,UPLOAD,0.95,1,1448,100.0,21,0.0,30408.0,0,21,0.0,1.0,0.016287790022644334,1,0,1,1,1,1,1,1,0.9699999999999999,1.0,1.0,1.0,0.8,skip,attack_already_active,1785296220.1193922,1785296220119392240,1384888336090360,53.4,53.359375,-1.0,0,0
2026-07-28T23:37:00.120,10.42.0.210,10.42.0.1|10.42.0.210|10.42.0.47,58,3,UPLOAD,0.95,UPLOAD,0.95,1,1448,100.0,22,0.0,31856.0,0,22,0.0,1.0,0.014227747549188362,1,0,1,1,1,1,1,1,0.9699999999999999,1.0,1.0,1.0,0.8,skip,attack_already_active,1785296220.1200469,1785296220120046941,1384888336745656,53.4,53.359375,-1.0,0,0
2026-07-28T23:37:00.121,10.42.0.210,10.42.0.1|10.42.0.210|10.42.0.47,58,3,UPLOAD,0.95,UPLOAD,0.95,1,1448,100.0,23,0.0,33304.0,0,23,0.0,1.0,0.012492889971905338,1,0,1,1,1,1,1,1,0.9699999999999999,1.0,1.0,1.0,0.8,skip,attack_already_active,1785296220.1211092,1785296220121109274,1384888337807594,53.4,53.359375,-1.0,0,0
2026-07-28T23:37:00.121,10.42.0.210,10.42.0.1|10.42.0.210|10.42.0.47,58,3,UPLOAD,0.95,UPLOAD,0.95,1,1448,100.0,24,0.0,34752.0,0,24,0.0,1.0,0.010935903097490419,1,0,1,1,1,1,1,1,0.9699999999999999,1.0,1.0,1.0,0.8,skip,attack_already_active,1785296220.1217866,1785296220121786613,1384888338484877,53.4,53.359375,-1.0,0,0
2026-07-28T23:37:00.122,10.42.0.210,10.42.0.1|10.42.0.210|10.42.0.47,58,3,UPLOAD,0.95,UPLOAD,0.95,1,1448,100.0,25,0.0,36200.0,0,25,0.0,1.0,0.009620311697657317,1,0,1,1,1,1,1,1,0.9699999999999999,1.0,1.0,1.0,0.8,skip,attack_already_active,1785296220.1227388,1785296220122738893,1384888339437128,53.4,53.359375,-1.0,0,0
2026-07-28T23:37:00.123,10.42.0.210,10.42.0.1|10.42.0.210|10.42.0.47,58,3,UPLOAD,0.95,UPLOAD,0.95,1,1448,100.0,26,0.0,37648.0,0,26,0.0,1.0,0.008439438153298184,1,0,1,1,1,1,1,1,0.9699999999999999,1.0,1.0,1.0,0.8,skip,attack_already_active,1785296220.1233978,1785296220123397829,1384888340095859,53.4,53.359375,-1.0,0,0
2026-07-28T23:37:00.124,10.42.0.210,10.42.0.1|10.42.0.210|10.42.0.47,58,3,UPLOAD,0.95,UPLOAD,0.95,1,1448,100.0,27,0.0,39096.0,0,27,0.0,1.0,0.007446439346565954,1,0,1,1,1,1,1,1,0.9699999999999999,1.0,1.0,1.0,0.8,skip,attack_already_active,1785296220.1243017,1785296220124301580,1384888340999665,53.4,53.359375,-1.0,0,0
2026-07-28T23:37:00.124,10.42.0.210,10.42.0.1|10.42.0.210|10.42.0.47,58,3,UPLOAD,0.95,UPLOAD,0.95,1,1448,100.0,28,0.0,40544.0,0,28,0.0,1.0,0.006550550054848211,1,0,1,1,1,1,1,1,0.9699999999999999,1.0,1.0,1.0,0.8,skip,attack_already_active,1785296220.1249495,1785296220124949432,1384888341647489,53.4,53.359375,-1.0,0,0
2026-07-28T23:37:00.125,10.42.0.210,10.42.0.1|10.42.0.210|10.42.0.47,58,3,UPLOAD,0.95,UPLOAD,0.95,1,1448,100.0,29,0.0,41992.0,0,29,0.0,1.0,0.005808343522785017,1,0,1,1,1,1,1,1,0.9699999999999999,1.0,1.0,1.0,0.8,skip,attack_already_active,1785296220.1258676,1785296220125867394,1384888342565511,53.4,53.359375,-1.0,0,0
2026-07-28T23:37:00.126,10.42.0.210,10.42.0.1|10.42.0.210|10.42.0.47,58,3,UPLOAD,0.95,UPLOAD,0.95,1,1448,100.0,30,0.0,43440.0,0,30,0.0,1.0,0.0051509026073468895,1,0,1,1,1,1,1,1,0.9699999999999999,1.0,1.0,1.0,0.8,skip,attack_already_active,1785296220.1266868,1785296220126686618,1384888343385396,53.4,53.359375,-1.0,0,0
2026-07-28T23:37:00.127,10.42.0.210,10.42.0.1|10.42.0.210|10.42.0.47,58,3,UPLOAD,0.95,UPLOAD,0.95,1,1448,100.0,31,0.0,44888.0,0,31,0.0,1.0,0.0046174824224159755,1,0,1,1,1,1,1,1,0.9699999999999999,1.0,1.0,1.0,0.8,skip,attack_already_active,1785296220.1277897,1785296220127789869,1384888344488183,53.4,53.359375,-1.0,0,0
2026-07-28T23:37:00.128,10.42.0.210,10.42.0.1|10.42.0.210|10.42.0.47,58,3,UPLOAD,0.95,UPLOAD,0.95,1,1448,100.0,32,0.0,46336.0,0,32,0.0,1.0,0.004120202596484619,1,0,1,1,1,1,1,1,0.9699999999999999,1.0,1.0,1.0,0.8,skip,attack_already_active,1785296220.1286335,1785296220128633634,1384888345332052,53.4,53.359375,-1.0,0,0
2026-07-28T23:37:00.129,10.42.0.210,10.42.0.1|10.42.0.210|10.42.0.47,58,3,UPLOAD,0.95,UPLOAD,0.95,1,1448,100.0,33,0.0,47784.0,0,33,0.0,1.0,0.003710349540136455,1,0,1,1,1,1,1,1,0.9699999999999999,1.0,1.0,1.0,0.8,skip,attack_already_active,1785296220.1296434,1785296220129643604,1384888346341902,53.4,53.359375,-1.0,0,0
2026-07-28T23:37:00.130,10.42.0.210,10.42.0.1|10.42.0.210|10.42.0.47,58,3,UPLOAD,0.95,UPLOAD,0.95,1,1448,100.0,34,0.0,49232.0,0,34,0.0,1.0,0.0033160810725602636,1,0,1,1,1,1,1,1,0.9699999999999999,1.0,1.0,1.0,0.8,skip,attack_already_active,1785296220.1303618,1785296220130361746,1384888347059976,53.4,53.359375,-1.0,0,0
2026-07-28T23:37:00.131,10.42.0.210,10.42.0.1|10.42.0.210|10.42.0.47,58,3,UPLOAD,0.95,UPLOAD,0.95,1,1448,100.0,35,0.0,50680.0,0,35,0.0,1.0,0.003009928644191955,1,0,1,1,1,1,1,1,0.9699999999999999,1.0,1.0,1.0,0.8,skip,attack_already_active,1785296220.1313546,1785296220131354505,1384888348053171,53.4,53.359375,-1.0,0,0
2026-07-28T23:37:00.132,10.42.0.210,10.42.0.1|10.42.0.210|10.42.0.47,58,3,UPLOAD,0.95,UPLOAD,0.95,1,1448,100.0,36,0.0,52128.0,0,36,0.0,1.0,0.0027345997925120173,1,0,1,1,1,1,1,1,0.9699999999999999,1.0,1.0,1.0,0.8,skip,attack_already_active,1785296220.132275,1785296220132275277,1384888348975667,53.4,53.359375,-1.0,0,0
2026-07-28T23:37:00.134,10.42.0.210,10.42.0.1|10.42.0.210|10.42.0.47,58,3,UPLOAD,0.95,UPLOAD,0.95,1,1448,100.0,37,0.0,53576.0,0,37,0.0,1.0,0.0026486182244089803,1,0,1,1,1,1,1,1,0.9699999999999999,1.0,1.0,1.0,0.8,skip,attack_already_active,1785296220.1343572,1785296220134357137,1384888351056278,53.4,53.359375,-1.0,0,0
2026-07-28T23:37:00.135,10.42.0.210,10.42.0.1|10.42.0.210|10.42.0.47,58,3,UPLOAD,0.95,UPLOAD,0.95,1,1448,100.0,38,0.0,55024.0,0,38,0.0,1.0,0.0024712002494212872,1,0,1,1,1,1,1,1,0.9699999999999999,1.0,1.0,1.0,0.8,skip,attack_already_active,1785296220.1356595,1785296220135659524,1384888352358391,53.4,53.359375,-1.0,0,0
2026-07-28T23:37:00.137,10.42.0.210,10.42.0.1|10.42.0.210|10.42.0.47,58,3,UPLOAD,0.95,UPLOAD,0.95,1,1448,100.0,39,0.0,56472.0,0,39,0.0,1.0,0.0024214988902684317,1,0,1,1,1,1,1,1,0.9699999999999999,1.0,1.0,1.0,0.8,skip,attack_already_active,1785296220.1377535,1785296220137753727,1384888354452967,53.4,53.359375,-1.0,0,0
2026-07-28T23:37:00.138,10.42.0.210,10.42.0.1|10.42.0.210|10.42.0.47,58,3,UPLOAD,0.95,UPLOAD,0.95,1,1448,100.0,40,0.0,57920.0,0,40,0.0,1.0,0.002221479415636248,1,0,1,1,1,1,1,1,0.9699999999999999,1.0,1.0,1.0,0.8,skip,attack_already_active,1785296220.138657,1785296220138656989,1384888355355484,53.4,53.359375,-1.0,0,0
2026-07-28T23:37:00.139,10.42.0.210,10.42.0.1|10.42.0.210|10.42.0.47,58,3,UPLOAD,0.95,UPLOAD,0.95,1,1448,100.0,41,0.0,59368.0,0,41,0.0,1.0,0.00207006097800091,1,0,1,1,1,1,1,1,0.9699999999999999,1.0,1.0,1.0,0.8,skip,attack_already_active,1785296220.1397295,1785296220139729401,1384888356427829,53.4,53.359375,-1.0,0,0
2026-07-28T23:37:00.140,10.42.0.210,10.42.0.1|10.42.0.210|10.42.0.47,58,3,UPLOAD,0.95,UPLOAD,0.95,1,1448,100.0,42,0.0,60816.0,0,42,0.0,1.0,0.0018935115384389808,1,0,1,1,1,1,1,1,0.9699999999999999,1.0,1.0,1.0,0.8,skip,attack_already_active,1785296220.1404598,1785296220140459820,1384888357158112,53.4,53.359375,-1.0,0,0
2026-07-28T23:37:00.141,10.42.0.210,10.42.0.1|10.42.0.210|10.42.0.47,58,3,UPLOAD,0.95,UPLOAD,0.95,1,1448,100.0,43,0.0,62264.0,0,43,0.0,1.0,0.0017980978086160533,1,0,1,1,1,1,1,1,0.9699999999999999,1.0,1.0,1.0,0.8,skip,attack_already_active,1785296220.1416292,1785296220141629076,1384888358327398,53.4,53.359375,-1.0,0,0
2026-07-28T23:37:00.142,10.42.0.210,10.42.0.1|10.42.0.210|10.42.0.47,58,3,UPLOAD,0.95,UPLOAD,0.95,1,1448,100.0,44,0.0,63712.0,0,44,0.0,1.0,0.001657794598490532,1,0,1,1,1,1,1,1,0.9699999999999999,1.0,1.0,1.0,0.8,skip,attack_already_active,1785296220.1423626,1785296220142362621,1384888359061192,53.4,53.359375,-1.0,0,0
2026-07-28T23:37:00.143,10.42.0.210,10.42.0.1|10.42.0.210|10.42.0.47,58,3,UPLOAD,0.95,UPLOAD,0.95,1,1448,100.0,45,0.0,65160.0,0,45,0.0,1.0,0.0015664861439919954,1,0,1,1,1,1,1,1,0.9699999999999999,1.0,1.0,1.0,0.8,skip,attack_already_active,1785296220.1433275,1785296220143327602,1384888360026148,53.4,53.359375,-1.0,0,0
2026-07-28T23:37:00.143,10.42.0.210,10.42.0.1|10.42.0.210|10.42.0.47,58,3,UPLOAD,0.95,UPLOAD,0.95,1,1448,100.0,46,0.0,66608.0,0,46,0.0,1.0,0.0014458958242634082,1,0,1,1,1,1,1,1,0.9699999999999999,1.0,1.0,1.0,0.8,skip,attack_already_active,1785296220.1439788,1785296220143978746,1384888360676887,53.4,53.359375,-1.0,0,0
2026-07-28T23:37:00.144,10.42.0.210,10.42.0.1|10.42.0.210|10.42.0.47,58,3,UPLOAD,0.95,UPLOAD,0.95,1,1448,100.0,47,0.0,68056.0,0,47,0.0,1.0,0.0013816933636535244,1,0,1,1,1,1,1,1,0.9699999999999999,1.0,1.0,1.0,0.8,skip,attack_already_active,1785296220.1449375,1785296220144937521,1384888361635794,53.4,53.359375,-1.0,0,0
2026-07-28T23:37:00.145,10.42.0.210,10.42.0.1|10.42.0.210|10.42.0.47,58,3,UPLOAD,0.95,UPLOAD,0.95,1,1448,100.0,48,0.0,69504.0,0,48,0.0,1.0,0.001287370480768041,1,0,1,1,1,1,1,1,0.9699999999999999,1.0,1.0,1.0,0.8,skip,attack_already_active,1785296220.1456034,1785296220145603421,1384888362301572,53.4,53.359375,-1.0,0,0
2026-07-28T23:37:00.146,10.42.0.210,10.42.0.1|10.42.0.210|10.42.0.47,58,3,UPLOAD,0.95,UPLOAD,0.95,1,1448,100.0,49,0.0,70952.0,0,49,0.0,1.0,0.0012404131852198448,1,0,1,1,1,1,1,1,0.9699999999999999,1.0,1.0,1.0,0.8,skip,attack_already_active,1785296220.1465344,1785296220146534498,1384888363232750,53.4,53.359375,-1.0,0,0
2026-07-28T23:37:00.147,10.42.0.210,10.42.0.1|10.42.0.210|10.42.0.47,58,3,UPLOAD,0.95,UPLOAD,0.95,1,1448,100.0,50,0.0,72400.0,0,50,0.0,1.0,0.0012118650626945803,1,0,1,1,1,1,1,1,0.9699999999999999,1.0,1.0,1.0,0.8,skip,attack_already_active,1785296220.1475582,1785296220147558149,1384888364257317,53.4,53.359375,-1.0,0,0
2026-07-28T23:37:00.148,10.42.0.210,10.42.0.1|10.42.0.210|10.42.0.47,58,3,UPLOAD,0.95,UPLOAD,0.95,1,1448,100.0,51,0.0,73848.0,0,51,0.0,1.0,0.0012251568415615247,1,0,1,1,1,1,1,1,0.9699999999999999,1.0,1.0,1.0,0.8,skip,attack_already_active,1785296220.148871,1785296220148870977,1384888365569485,53.4,53.359375,-1.0,0,0
2026-07-28T23:37:00.149,10.42.0.210,10.42.0.1|10.42.0.210|10.42.0.47,58,3,UPLOAD,0.95,UPLOAD,0.95,1,1448,100.0,52,0.0,75296.0,0,52,0.0,1.0,0.0011694322752016026,1,0,1,1,1,1,1,1,0.9699999999999999,1.0,1.0,1.0,0.8,skip,attack_already_active,1785296220.1496732,1785296220149673192,1384888366371606,53.4,53.359375,-1.0,0,0
2026-07-28T23:37:00.150,10.42.0.210,10.42.0.1|10.42.0.210|10.42.0.47,58,3,UPLOAD,0.95,UPLOAD,0.95,1,1448,100.0,53,0.0,76744.0,0,53,0.0,1.0,0.001155829936114666,1,0,1,1,1,1,1,1,0.9699999999999999,1.0,1.0,1.0,0.8,skip,attack_already_active,1785296220.1507394,1785296220150739409,1384888367438276,53.4,53.359375,-1.0,0,0
2026-07-28T23:37:00.151,10.42.0.210,10.42.0.1|10.42.0.210|10.42.0.47,58,3,UPLOAD,0.95,UPLOAD,0.95,1,1448,100.0,54,0.0,78192.0,0,54,0.0,1.0,0.0011317358027255918,1,0,1,1,1,1,1,1,0.9699999999999999,1.0,1.0,1.0,0.8,skip,attack_already_active,1785296220.1517124,1785296220151712398,1384888368411169,53.4,53.359375,-1.0,0,0
2026-07-28T23:37:00.153,10.42.0.210,10.42.0.1|10.42.0.210|10.42.0.47,58,3,UPLOAD,0.9579885931299986,UPLOAD,0.9579885931299986,1,1337,100.0,55,0.0,79529.0,0,55,0.0,1.0,0.0011778301492393114,1,0,1,1,1,1,1,1,0.9699999999999999,1.0,1.0,1.0,0.8,skip,attack_already_active,1785296220.153194,1785296220153193959,1384888369892637,53.4,53.359375,-1.0,0,0
2026-07-28T23:37:00.167,10.42.0.1,10.42.0.1|10.42.0.210|10.42.0.47,58,3,UPLOAD,0.9745729180579487,UPLOAD,0.9745729180579487,1,7240,100.0,10,0.0,86781.0,0,10,0.0,1.0,0.06259545731998199,1,0,1,1,1,1,1,1,0.9699999999999999,1.0,1.0,1.0,0.8,skip,attack_already_active,1785296220.1675668,1785296220167566808,1384888384265613,53.4,53.359375,-1.0,0,0
2026-07-28T23:37:00.168,10.42.0.1,10.42.0.1|10.42.0.210|10.42.0.47,58,3,UPLOAD,0.9714065792965667,UPLOAD,0.9714065792965667,1,7240,100.0,11,0.0,94021.0,0,11,0.0,1.0,0.05446959661385044,1,0,1,1,1,1,1,1,0.9699999999999999,1.0,1.0,1.0,0.8,skip,attack_already_active,1785296220.1684973,1785296220168497314,1384888385195745,53.4,53.359375,-1.0,0,0
2026-07-28T23:37:00.172,10.42.0.1,10.42.0.1|10.42.0.210|10.42.0.47,58,3,UPLOAD,0.974779596069013,UPLOAD,0.974779596069013,1,10136,100.0,12,0.0,104157.0,0,12,0.0,1.0,0.047830452924748634,1,0,1,1,1,1,1,1,0.9699999999999999,1.0,1.0,1.0,0.8,skip,attack_already_active,1785296220.1725843,1785296220172584190,1384888389282712,53.4,53.359375,-1.0,0,0
2026-07-28T23:37:00.173,10.42.0.1,10.42.0.1|10.42.0.210|10.42.0.47,58,3,UPLOAD,0.9789845230417878,UPLOAD,0.9789845230417878,1,4344,100.0,13,0.0,108501.0,0,13,0.0,1.0,0.041631675097813584,1,0,1,1,1,1,1,1,0.9699999999999999,1.0,1.0,1.0,0.8,skip,attack_already_active,1785296220.173374,1785296220173373943,1384888390072235,53.4,53.359375,-1.0,0,0
2026-07-28T23:37:00.174,10.42.0.1,10.42.0.1|10.42.0.210|10.42.0.47,58,3,UPLOAD,0.9816483781278253,UPLOAD,0.9816483781278253,1,14480,100.0,14,0.0,122981.0,0,14,0.0,1.0,0.036285491020227524,1,0,1,1,1,1,1,1,0.9699999999999999,1.0,1.0,1.0,0.8,skip,attack_already_active,1785296220.174435,1785296220174434922,1384888391133081,53.4,53.359375,-1.0,0,0
2026-07-28T23:37:00.175,10.42.0.1,10.42.0.1|10.42.0.210|10.42.0.47,58,3,UPLOAD,0.9830962441662139,UPLOAD,0.9830962441662139,1,18824,100.0,15,0.0,141805.0,0,15,0.0,1.0,0.03169230610111212,1,0,1,1,1,1,1,1,0.9699999999999999,1.0,1.0,1.0,0.8,skip,attack_already_active,1785296220.175864,1785296220175864087,1384888392562532,53.4,53.359375,-1.0,0,0
2026-07-28T23:37:00.176,10.42.0.1,10.42.0.1|10.42.0.210|10.42.0.47,58,3,UPLOAD,0.9838465568305027,UPLOAD,0.9838465568305027,1,1448,100.0,16,0.0,143253.0,0,16,0.0,1.0,0.027619118639666193,1,0,1,1,1,1,1,1,0.9699999999999999,1.0,1.0,1.0,0.8,skip,attack_already_active,1785296220.176646,1785296220176645977,1384888393344221,53.4,53.359375,-1.0,0,0
2026-07-28T23:37:00.177,10.42.0.1,10.42.0.1|10.42.0.210|10.42.0.47,58,3,UPLOAD,0.9841940487956807,UPLOAD,0.9841940487956807,1,8688,100.0,17,0.0,151941.0,0,17,0.0,1.0,0.024115316055617522,1,0,1,1,1,1,1,1,0.9699999999999999,1.0,1.0,1.0,0.8,skip,attack_already_active,1785296220.1776757,1785296220177675762,1384888394374069,53.4,53.359375,-1.0,0,0
2026-07-28T23:37:00.178,10.42.0.1,10.42.0.1|10.42.0.210|10.42.0.47,58,3,UPLOAD,0.9843223980964548,UPLOAD,0.9843223980964548,1,7129,100.0,18,0.0,159070.0,0,18,0.0,1.0,0.021072942438483917,1,0,1,1,1,1,1,1,0.9699999999999999,1.0,1.0,1.0,0.8,skip,attack_already_active,1785296220.1787033,1785296220178703396,1384888395401524,53.4,53.359375,-1.0,0,0
2026-07-28T23:37:00.478,10.42.0.1,,59,1,DOWNLOAD,0.9835683839475119,DOWNLOAD,0.9835683839475119,-1,1448,100.0,19,1448.0,159070.0,1,18,0.009020795175618934,0.9909792048243811,0.04022047342720339,0,0,0,0,1,0,0,0,0.44,0.8500000000000001,0.0,0.6000000000000001,0.15,skip,training_upload_trigger_not_confirmed,1785296220.4787254,1785296220478725448,1384888695424387,53.4,53.359375,-1.0,0,0
2026-07-28T23:37:00.481,10.42.0.1,,59,1,DOWNLOAD,0.95,DOWNLOAD,0.95,-1,5792,21.970994472241575,20,7240.0,159070.0,2,18,0.043533160964463954,0.9564668390355361,0.03532158031214776,0,0,0,0,1,0,0,0,0.44,0.8500000000000001,0.0,0.6000000000000001,0.15,skip,training_upload_trigger_not_confirmed,1785296220.4817696,1785296220481769397,1384888698468248,53.4,53.359375,-1.0,0,0
2026-07-28T23:37:00.482,10.42.0.1,,59,1,DOWNLOAD,0.95,DOWNLOAD,0.95,-1,7240,10.985497236879455,21,14480.0,159070.0,3,18,0.08343416882742725,0.9165658311725727,0.030815356925495224,0,0,0,0,1,0,0,0,0.44,0.8500000000000001,0.0,0.6000000000000001,0.15,skip,training_upload_trigger_not_confirmed,1785296220.4828947,1785296220482894641,1384888699593070,53.4,53.359375,-1.0,0,0
2026-07-28T23:37:00.484,10.42.0.1,,59,1,DOWNLOAD,0.95,DOWNLOAD,0.95,-1,7240,7.323664824754896,22,21720.0,159070.0,4,18,0.12013938824050002,0.8798606117594999,0.026969638045315443,0,0,0,0,1,0,0,0,0.44,0.8500000000000001,0.0,0.6000000000000001,0.15,skip,training_upload_trigger_not_confirmed,1785296220.484526,1785296220484525729,1384888701225130,53.4,53.359375,-1.0,0,0
2026-07-28T23:37:00.485,10.42.0.1,,59,1,DOWNLOAD,0.9588144220024468,DOWNLOAD,0.9588144220024468,-1,7240,5.492748618629395,23,28960.0,159070.0,5,18,0.15401797585491678,0.8459820241450833,0.023578816465539276,0,0,0,0,1,0,0,0,0.4,0.8500000000000001,0.0,0.4,0.15,skip,training_upload_trigger_not_confirmed,1785296220.4857635,1785296220485763585,1384888702462185,53.4,53.359375,-1.0,0,0
2026-07-28T23:37:00.487,10.42.0.1,,59,1,DOWNLOAD,0.9507404025814445,DOWNLOAD,0.9507404025814445,-1,7240,4.394198894933862,24,36200.0,159070.0,6,18,0.185384339632304,0.8146156603676961,0.02075558739750117,0,0,0,0,1,0,0,0,0.4,0.8500000000000001,0.0,0.4,0.15,skip,training_upload_trigger_not_confirmed,1785296220.4879177,1785296220487917525,1384888704616299,53.4,53.359375,-1.0,0,0
2026-07-28T23:37:00.489,10.42.0.1,,59,1,DOWNLOAD,0.95,DOWNLOAD,0.95,-1,7240,3.6618324124617443,25,43440.0,159070.0,7,18,0.2145079255345415,0.7854920744654585,0.01825732445271736,0,0,0,0,1,0,0,0,0.4,0.8500000000000001,0.0,0.4,0.15,skip,training_upload_trigger_not_confirmed,1785296220.4897146,1785296220489714678,1384888706414673,53.4,53.359375,-1.0,0,0
2026-07-28T23:37:00.492,10.42.0.1,,59,1,DOWNLOAD,0.95,DOWNLOAD,0.95,-1,7240,3.138713496406103,26,50680.0,159070.0,8,18,0.24162097735399285,0.7583790226460072,0.016241963100411212,0,0,0,0,1,0,0,0,0.4,0.8500000000000001,0.0,0.4,0.15,skip,training_upload_trigger_not_confirmed,1785296220.492678,1785296220492677885,1384888709376701,53.4,53.359375,-1.0,0,0
2026-07-28T23:37:00.494,10.42.0.1,,59,1,DOWNLOAD,0.95,DOWNLOAD,0.95,-1,7240,2.746374309362114,27,57920.0,159070.0,9,18,0.2669247430757178,0.7330752569242822,0.014282431812490544,0,0,0,0,1,0,0,0,0.32,0.8500000000000001,0.0,0.0,0.15,skip,training_upload_trigger_not_confirmed,1785296220.4940495,1785296220494049617,1384888710748158,53.4,53.359375,-1.0,0,0
2026-07-28T23:37:00.495,10.42.0.1,,59,1,DOWNLOAD,0.95,DOWNLOAD,0.95,-1,10136,2.337339837761001,28,68056.0,159070.0,10,18,0.2996398474855367,0.7003601525144634,0.012546431819410602,0,0,0,0,1,0,0,0,0.32,0.8500000000000001,0.0,0.0,0.15,skip,training_upload_trigger_not_confirmed,1785296220.495158,1785296220495158129,1384888711856714,53.4,53.359375,-1.0,0,0
2026-07-28T23:37:00.496,10.42.0.1,,59,1,DOWNLOAD,0.95,DOWNLOAD,0.95,-1,4344,2.197099447497278,29,72400.0,159070.0,11,18,0.3127835140622975,0.6872164859377025,0.011039914905311045,0,0,0,0,1,0,0,0,0.32,0.8500000000000001,0.0,0.0,0.15,skip,training_upload_trigger_not_confirmed,1785296220.4962718,1785296220496271773,1384888712970675,53.4,53.359375,-1.0,0,0
2026-07-28T23:37:00.497,10.42.0.1,,59,1,DOWNLOAD,0.95,DOWNLOAD,0.95,-1,10136,1.9272802171061445,30,82536.0,159070.0,12,18,0.341614032764087,0.658385967235913,0.009729813486018575,0,0,0,0,1,0,0,0,0.32,0.8500000000000001,0.0,0.0,0.15,skip,training_upload_trigger_not_confirmed,1785296220.4973698,1785296220497369946,1384888714068440,53.4,53.359375,-1.0,0,0
2026-07-28T23:37:00.498,10.42.0.1,,59,1,DOWNLOAD,0.95,DOWNLOAD,0.95,-1,14480,1.6396264533619238,31,97016.0,159070.0,13,18,0.37884148293932507,0.6211585170606749,0.008591878723087068,0,0,0,0,1,0,0,0,0.32,0.8500000000000001,0.0,0.0,0.15,skip,training_upload_trigger_not_confirmed,1785296220.498464,1785296220498464089,1384888715162583,53.4,53.359375,-1.0,0,0
2026-07-28T23:37:00.499,10.42.0.1,,59,1,DOWNLOAD,0.95,DOWNLOAD,0.95,-1,14480,1.42668795292722,32,111496.0,159070.0,14,18,0.41208429736182667,0.5879157026381733,0.007604931485948917,0,0,0,0,1,0,0,0,0.32,0.8500000000000001,0.0,0.0,0.15,skip,training_upload_trigger_not_confirmed,1785296220.4995663,1785296220499566380,1384888716264746,53.4,53.359375,-1.0,0,0
2026-07-28T23:37:00.501,10.42.0.1,,59,1,DOWNLOAD,0.95,DOWNLOAD,0.95,-1,14480,1.2627008319024045,33,125976.0,159070.0,15,18,0.4419497203960063,0.5580502796039938,0.006815146437425396,0,0,0,0,1,0,0,0,0.32,0.8500000000000001,0.0,0.0,0.15,skip,training_upload_trigger_not_confirmed,1785296220.5011778,1785296220501177927,1384888717876474,53.4,53.359375,-1.0,0,0
2026-07-28T23:37:00.502,10.42.0.1,,59,1,DOWNLOAD,0.95,DOWNLOAD,0.95,-1,18824,1.0985497237562254,34,144800.0,159070.0,16,18,0.47651956428735975,0.5234804357126402,0.00607165814544628,0,0,0,0,1,0,0,0,0.30250000000000005,0.8000000000000002,0.0,0.0,0.15,skip,training_upload_trigger_not_confirmed,1785296220.5023508,1785296220502350796,1384888719049489,53.4,53.359375,-1.0,0,0
2026-07-28T23:37:00.503,10.42.0.1,,59,1,DOWNLOAD,0.95,DOWNLOAD,0.95,-1,18824,0.9721678971301755,35,163624.0,159070.0,17,18,0.5070562204441359,0.49294377955586405,0.005429787056059279,0,0,0,0,1,0,0,0,0.30250000000000005,0.8000000000000002,0.0,0.0,0.15,skip,training_upload_trigger_not_confirmed,1785296220.5035515,1785296220503551521,1384888720250471,53.4,53.359375,-1.0,0,0
2026-07-28T23:37:00.504,10.42.0.1,,59,1,DOWNLOAD,0.95,DOWNLOAD,0.95,-1,16920,0.8810594647294784,36,180544.0,159070.0,18,18,0.5316153044338573,0.46838469556614276,0.004871429994131607,0,0,0,0,1,0,0,0,0.30250000000000005,0.8000000000000002,0.0,0.0,0.15,skip,training_upload_trigger_not_confirmed,1785296220.504744,1785296220504743996,1384888721442516,53.4,53.359375,-1.0,0,0
2026-07-28T23:37:00.505,10.42.0.47,,59,1,DOWNLOAD,0.95,DOWNLOAD,0.95,-1,7240,10.98812154558175,15,7240.0,79554.0,1,14,0.08341590432518377,0.9165840956748162,0.06936277924998241,0,0,0,0,0,0,0,0,0.057499999999999996,0.1,0.0,0.0,0.15,skip,training_upload_trigger_not_confirmed,1785296220.5058632,1785296220505863183,1384888722561566,53.4,53.359375,-1.0,0,0
2026-07-28T23:37:00.507,10.42.0.47,,59,1,DOWNLOAD,0.95,DOWNLOAD,0.95,-1,7240,5.4940607731702995,16,14480.0,79554.0,2,14,0.15398685581810834,0.8460131441818917,0.06037327693745165,0,0,0,0,0,0,0,0,0.057499999999999996,0.1,0.0,0.0,0.15,skip,training_upload_trigger_not_confirmed,1785296220.5070071,1785296220507007166,1384888723705632,53.4,53.359375,-1.0,0,0
2026-07-28T23:37:00.508,10.42.0.1,,59,1,DOWNLOAD,0.95,DOWNLOAD,0.95,-1,6784,0.849152289033945,37,187328.0,159070.0,19,18,0.5407883417340746,0.4592116582659253,0.004672046540380282,0,0,0,0,1,0,0,0,0.30250000000000005,0.8000000000000002,0.0,0.0,0.15,skip,training_upload_trigger_not_confirmed,1785296220.5081024,1785296220508102497,1384888724800955,53.4,53.359375,-1.0,0,0
2026-07-28T23:37:00.509,10.42.0.18,,43,1,DOWNLOAD,0.95,DOWNLOAD,0.95,-1,7300,1.3698630135109776e-10,1,7300.0,0.0,1,0,1.0,0.0,0.4271960852036653,0,0,0,0,0,0,0,0,0.0225,0.0,0.0,0.0,0.15,skip,training_upload_trigger_not_confirmed,1785296220.5097327,1785296220509732689,1384888726431297,53.4,53.359375,-1.0,0,0
2026-07-28T23:37:00.510,10.42.0.18,,43,1,DOWNLOAD,0.953927940219347,DOWNLOAD,0.953927940219347,-1,7300,6.84931506802402e-11,2,14600.0,0.0,2,0,1.0,0.0,0.37104665999596526,0,0,0,0,0,0,0,0,0.0225,0.0,0.0,0.0,0.15,skip,training_upload_trigger_not_confirmed,1785296220.5108263,1785296220510826155,1384888727524584,53.4,53.359375,-1.0,0,0
2026-07-28T23:37:00.511,10.42.0.1,,59,1,DOWNLOAD,0.95,DOWNLOAD,0.95,-1,16946,0.7787089889081396,38,204274.0,159070.0,20,18,0.562205513232639,0.43779448676736094,0.004563091232780095,0,0,0,0,1,0,0,0,0.28500000000000003,0.7500000000000001,0.0,0.0,0.15,skip,training_upload_trigger_not_confirmed,1785296220.5119476,1785296220511947511,1384888728645885,53.4,53.359375,-1.0,0,0
2026-07-28T23:37:00.513,10.42.0.210,,59,1,DOWNLOAD,0.9845280809732431,DOWNLOAD,0.9845280809732431,-1,7240,10.984668506908193,56,7240.0,79529.0,1,55,0.08343993822678607,0.9165600617732139,0.04482584900986873,0,0,0,0,0,0,0,0,0.057499999999999996,0.1,0.0,0.0,0.15,skip,training_upload_trigger_not_confirmed,1785296220.513546,1785296220513545890,1384888730244645,53.4,53.359375,-1.0,0,0
2026-07-28T23:37:00.514,10.42.0.210,,59,1,DOWNLOAD,0.95,DOWNLOAD,0.95,-1,7240,5.492334253833402,57,14480.0,79529.0,2,55,0.15402780584837622,0.8459721941516238,0.03908379409464979,0,0,0,0,0,0,0,0,0.057499999999999996,0.1,0.0,0.0,0.15,skip,training_upload_trigger_not_confirmed,1785296220.514797,1785296220514796937,1384888731495349,53.4,53.359375,-1.0,0,0
2026-07-28T23:37:00.515,10.42.0.1,,59,1,DOWNLOAD,0.95,DOWNLOAD,0.95,-1,18824,0.7130050471106285,39,223098.0,159070.0,21,18,0.5837694417114986,0.4162305582885014,0.004483699514059845,0,0,0,0,1,0,0,0,0.28500000000000003,0.7500000000000001,0.0,0.0,0.15,skip,training_upload_trigger_not_confirmed,1785296220.5159082,1785296220515908276,1384888732606917,53.4,53.359375,-1.0,0,0
2026-07-28T23:37:00.517,10.42.0.1,,59,1,DOWNLOAD,0.95,DOWNLOAD,0.95,-1,21720,0.6497479760489435,40,244818.0,159070.0,22,18,0.6061531909836391,0.393846809016361,0.004042126847521535,0,0,0,0,1,0,0,0,0.28500000000000003,0.7500000000000001,0.0,0.0,0.15,skip,training_upload_trigger_not_confirmed,1785296220.517041,1785296220517040775,1384888733739394,53.4,53.359375,-1.0,0,0
2026-07-28T23:37:00.518,10.42.0.47,,59,1,DOWNLOAD,0.95,DOWNLOAD,0.95,-1,10136,3.2318004548979604,17,24616.0,79554.0,3,14,0.2363060382067774,0.7636939617932226,0.053953683950939385,0,0,0,0,0,0,0,0,0.057499999999999996,0.1,0.0,0.0,0.15,skip,training_upload_trigger_not_confirmed,1785296220.518664,1785296220518663884,1384888735362469,53.4,53.359375,-1.0,0,0
2026-07-28T23:37:00.520,10.42.0.47,,59,1,DOWNLOAD,0.95,DOWNLOAD,0.95,-1,14480,2.0348373234848873,18,39096.0,79554.0,4,14,0.3295069532237674,0.6704930467762327,0.04706178330917496,0,0,0,0,0,0,0,0,0.057499999999999996,0.1,0.0,0.0,0.15,skip,training_upload_trigger_not_confirmed,1785296220.5203168,1785296220520316880,1384888737015481,53.4,53.359375,-1.0,0,0
2026-07-28T23:37:00.522,10.42.0.18,,43,1,DOWNLOAD,0.9547290051267333,DOWNLOAD,0.9547290051267333,-1,10220,4.029008863657171e-11,3,24820.0,0.0,3,0,1.0,0.0,0.32363270088299073,0,0,0,0,0,0,0,0,0.0225,0.0,0.0,0.0,0.15,skip,training_upload_trigger_not_confirmed,1785296220.5220616,1785296220522061466,1384888738760383,53.4,53.359375,-1.0,0,0
2026-07-28T23:37:00.523,10.42.0.18,,43,1,DOWNLOAD,0.9537743184561608,DOWNLOAD,0.9537743184561608,-1,4380,3.424657534129292e-11,4,29200.0,0.0,4,0,1.0,0.0,0.281203017099919,0,0,0,0,0,0,0,0,0.0225,0.0,0.0,0.0,0.15,skip,training_upload_trigger_not_confirmed,1785296220.5237072,1785296220523707157,1384888740406631,53.4,53.359375,-1.0,0,0
2026-07-28T23:37:00.525,10.42.0.210,,59,1,DOWNLOAD,0.9557926560077417,DOWNLOAD,0.9557926560077417,-1,10136,3.230784855287992,58,24616.0,79529.0,3,55,0.2363627634547986,0.7636372365452014,0.035356445631750076,0,0,0,0,0,0,0,0,0.057499999999999996,0.1,0.0,0.0,0.15,skip,training_upload_trigger_not_confirmed,1785296220.525595,1785296220525594917,1384888742295530,53.4,53.359375,-1.0,0,0
2026-07-28T23:37:00.527,10.42.0.210,,59,1,DOWNLOAD,0.9846998846180315,DOWNLOAD,0.9846998846180315,-1,14480,2.034197871878601,59,39096.0,79529.0,4,55,0.3295763962065332,0.6704236037934668,0.030953578352940478,0,0,0,0,0,0,0,0,0.057499999999999996,0.1,0.0,0.0,0.15,skip,training_upload_trigger_not_confirmed,1785296220.5275393,1785296220527539186,1384888744238283,53.4,53.359375,-1.0,0,0
2026-07-28T23:37:00.528,10.42.0.210,,59,1,DOWNLOAD,0.9854895428954357,DOWNLOAD,0.9854895428954357,-1,4344,1.8307780846954238,60,43440.0,79529.0,5,55,0.35325976465613285,0.6467402353438672,0.027027501638959065,0,0,0,0,0,0,0,0,0.057499999999999996,0.1,0.0,0.0,0.15,skip,training_upload_trigger_not_confirmed,1785296220.528699,1785296220528698791,1384888745397346,53.4,53.359375,-1.0,0,0
2026-07-28T23:37:00.530,10.42.0.59,,20,1,DOWNLOAD,0.95,DOWNLOAD,0.95,-1,14600,6.84931506802402e-11,1,14600.0,0.0,1,0,1.0,0.0,0.4490895913660031,0,0,0,0,0,0,0,0,0.0225,0.0,0.0,0.0,0.15,skip,training_upload_trigger_not_confirmed,1785296220.5305011,1785296220530501094,1384888747199513,53.4,53.359375,-1.0,0,0
2026-07-28T23:37:00.531,10.42.0.59,,20,1,DOWNLOAD,0.95,DOWNLOAD,0.95,-1,14600,3.424657534129292e-11,2,29200.0,0.0,2,0,1.0,0.0,0.3900560092858669,0,0,0,0,0,0,0,0,0.0225,0.0,0.0,0.0,0.15,skip,training_upload_trigger_not_confirmed,1785296220.5316012,1785296220531601212,1384888748300033,53.4,53.359375,-1.0,0,0
2026-07-28T23:37:00.533,10.42.0.18,,43,1,DOWNLOAD,0.95,DOWNLOAD,0.95,-1,14600,2.2831050227789245e-11,5,43800.0,0.0,5,0,1.0,0.0,0.2453907658124652,0,0,0,0,0,0,0,0,0.0225,0.0,0.0,0.0,0.15,skip,training_upload_trigger_not_confirmed,1785296220.533141,1785296220533140913,1384888749839287,53.4,53.359375,-1.0,0,0
2026-07-28T23:37:00.534,10.42.0.145,,25,1,DOWNLOAD,0.95,DOWNLOAD,0.95,-1,14600,6.84931506802402e-11,1,14600.0,0.0,1,0,1.0,0.0,0.2472949571115407,0,0,0,0,0,0,0,0,0.0225,0.0,0.0,0.0,0.15,skip,training_upload_trigger_not_confirmed,1785296220.5347543,1785296220534754258,1384888751453015,53.4,53.359375,-1.0,0,0
2026-07-28T23:37:00.535,10.42.0.145,,25,1,DOWNLOAD,0.95,DOWNLOAD,0.95,-1,14600,3.424657534129292e-11,2,29200.0,0.0,2,0,1.0,0.0,0.21485413813366078,0,0,0,0,0,0,0,0,0.0225,0.0,0.0,0.0,0.15,skip,training_upload_trigger_not_confirmed,1785296220.5358648,1785296220535864706,1384888752563138,53.4,53.359375,-1.0,0,0
2026-07-28T23:37:00.536,10.42.0.47,,59,1,DOWNLOAD,0.95,DOWNLOAD,0.95,-1,4344,1.8313535911410828,19,43440.0,79554.0,5,14,0.35318796038831163,0.6468120396116884,0.04305041729142241,0,0,0,0,0,0,0,0,0.057499999999999996,0.1,0.0,0.0,0.15,skip,training_upload_trigger_not_confirmed,1785296220.5369375,1785296220536937406,1384888753635816,95.2,53.359375,-1.0,0,0
2026-07-28T23:37:00.539,10.42.0.47,,59,1,DOWNLOAD,0.95,DOWNLOAD,0.95,-1,14480,1.3735151933637169,20,57920.0,79554.0,6,14,0.42131603066761714,0.5786839693323829,0.03776865048529021,0,0,0,0,0,0,0,0,0.057499999999999996,0.1,0.0,0.0,0.15,skip,training_upload_trigger_not_confirmed,1785296220.539906,1785296220539905965,1384888756604403,95.2,53.359375,-1.0,0,0
2026-07-28T23:37:00.540,10.42.0.47,,59,1,DOWNLOAD,0.95,DOWNLOAD,0.95,-1,5792,1.2486501757871569,21,63712.0,79554.0,7,14,0.444711236441305,0.555288763558695,0.03293443624972251,0,0,0,0,0,0,0,0,0.057499999999999996,0.1,0.0,0.0,0.15,skip,training_upload_trigger_not_confirmed,1785296220.5409892,1785296220540989223,1384888757687487,95.2,53.359375,-1.0,0,0
2026-07-28T23:37:00.542,10.42.0.18,,43,1,DOWNLOAD,0.95,DOWNLOAD,0.95,-1,14600,1.7123287670939668e-11,6,58400.0,0.0,6,0,1.0,0.0,0.21428948636928422,0,0,0,0,0,0,0,0,0.0225,0.0,0.0,0.0,0.15,skip,training_upload_trigger_not_confirmed,1785296220.5425127,1785296220542512744,1384888759211262,95.2,53.359375,-1.0,0,0
2026-07-28T23:37:00.544,10.42.0.18,,43,1,DOWNLOAD,0.9574913516448434,DOWNLOAD,0.9574913516448434,-1,5840,1.556662515542393e-11,7,64240.0,0.0,7,0,1.0,0.0,0.18625751331068202,0,0,0,0,0,0,0,0,0.0225,0.0,0.0,0.0,0.15,skip,training_upload_trigger_not_confirmed,1785296220.5440753,1785296220544075158,1384888760773643,95.2,53.359375,-1.0,0,0
2026-07-28T23:37:00.545,10.42.0.210,,59,1,DOWNLOAD,0.9855083405864443,DOWNLOAD,0.9855083405864443,-1,14480,1.37308356352947,61,57920.0,79529.0,6,55,0.42139266200554387,0.5786073379944561,0.025696513909709034,0,0,0,0,0,0,0,0,0.057499999999999996,0.1,0.0,0.0,0.15,skip,training_upload_trigger_not_confirmed,1785296220.545626,1785296220545625822,1384888762324342,95.2,53.359375,-1.0,0,0
2026-07-28T23:37:00.547,10.42.0.210,,59,1,DOWNLOAD,0.9855087208476458,DOWNLOAD,0.9855087208476458,-1,20272,1.0170989359523084,62,78192.0,79529.0,7,55,0.495761502907032,0.504238497092968,0.02258096820867314,0,0,0,0,0,0,0,0,0.039999999999999994,0.05,0.0,0.0,0.15,skip,training_upload_trigger_not_confirmed,1785296220.5476794,1785296220547679558,1384888764378159,95.2,53.359375,-1.0,0,0
2026-07-28T23:37:00.550,10.42.0.59,,20,1,DOWNLOAD,0.9502011398277859,DOWNLOAD,0.9502011398277859,-1,24820,1.8511662346936104e-11,3,54020.0,0.0,3,0,1.0,0.0,0.34116951313141075,0,0,0,0,0,0,0,0,0.0225,0.0,0.0,0.0,0.15,skip,training_upload_trigger_not_confirmed,1785296220.550671,1785296220550670996,1384888767369755,95.2,53.359375,-1.0,0,0
2026-07-28T23:37:00.551,10.42.0.59,,20,1,DOWNLOAD,0.9547053578107673,DOWNLOAD,0.9547053578107673,-1,12037,1.5138441043112185e-11,4,66057.0,0.0,4,0,1.0,0.0,0.2963630427711394,0,0,0,0,0,0,0,0,0.0225,0.0,0.0,0.0,0.15,skip,training_upload_trigger_not_confirmed,1785296220.5518167,1785296220551816693,1384888768515209,95.2,53.359375,-1.0,0,0
2026-07-28T23:37:00.556,10.42.0.210,,59,1,DOWNLOAD,0.9855087261970161,DOWNLOAD,0.9855087261970161,-1,992,1.0043569407960653,63,79184.0,79529.0,8,55,0.49891313250962427,0.5010868674903757,0.020814977577740264,0,0,0,0,0,0,0,0,0.039999999999999994,0.05,0.0,0.0,0.15,skip,training_upload_trigger_not_confirmed,1785296220.5568588,1785296220556858797,1384888773558144,95.2,53.359375,-1.0,0,0
2026-07-28T23:37:00.560,10.42.0.47,,59,1,DOWNLOAD,0.95,DOWNLOAD,0.95,-1,992,1.2295066765543163,22,64704.0,79554.0,8,14,0.44852971758931914,0.5514702824106809,0.031208484295547016,0,0,0,0,0,0,0,0,0.057499999999999996,0.1,0.0,0.0,0.15,skip,training_upload_trigger_not_confirmed,1785296220.5608258,1785296220560825749,1384888777524432,95.2,53.359375,-1.0,0,0
2026-07-28T23:37:00.643,10.42.0.1,,59,1,DOWNLOAD,0.9,DOWNLOAD,0.9,0,39,0.6497479760489435,40,244818.0,159070.0,22,18,0.6061531909836391,0.393846809016361,0.008680575280084632,0,0,0,0,0,0,0,0,0.0225,0.0,0.0,0.0,0.15,skip,training_upload_trigger_not_confirmed,1785296220.643187,1785296220643187048,1384888859886062,95.2,53.359375,-1.0,0,0
2026-07-28T23:37:00.877,10.42.0.59,,20,3,UPLOAD,0.95,UPLOAD,0.95,1,46720,0.7072679655493398,5,66057.0,46720.0,4,1,0.5857311331211151,0.41426886687888487,0.2934333407523648,0,0,0,1,1,1,1,1,0.85,1.0,1.0,0.4,0.8,trigger,training_upload_trigger_confirmed,1785296220.8770077,1785296220877007737,1384889093706994,95.2,53.359375,9.236478,1785296220886246126,1384889102943472
2026-07-28T23:37:00.879,10.42.0.59,,20,3,UPLOAD,0.9841010226033655,UPLOAD,0.9841010226033655,1,32808,1.2039299392917642,6,66057.0,79528.0,4,2,0.4537349314833259,0.5462650685166741,0.2551285617131231,0,0,1,1,1,1,1,1,0.85,1.0,1.0,0.4,0.8,skip,attack_already_active,1785296220.8797567,1785296220879756825,1384889096456504,95.2,53.359375,-1.0,0,0
2026-07-28T23:37:00.881,10.42.0.1,,59,2,TRAINING,0.95,TRAINING,0.95,1,7240,0.3544224689387446,32,244818.0,86769.0,22,10,0.7383220693211736,0.2616779306788264,0.03894456494460578,0,0,0,0,1,1,0,0,0.5725,1.0,0.0,1.0,0.15,skip,training_upload_trigger_not_confirmed,1785296220.8815327,1785296220881532730,1384889098231726,95.2,53.359375,-1.0,0,0
2026-07-28T23:37:00.882,10.42.0.1,10.42.0.1,59,3,UPLOAD,0.95,UPLOAD,0.95,1,7240,0.3839954578528376,33,244818.0,94009.0,22,11,0.7225457239240084,0.2774542760759916,0.03396884188795131,1,0,0,1,1,1,1,1,0.9699999999999999,1.0,1.0,1.0,0.8,trigger,training_upload_trigger_confirmed,1785296220.8827178,1785296220882717983,1384889099417032,95.2,53.359375,31.200403,1785296220913920167,1384889130617435
2026-07-28T23:37:00.884,10.42.0.145,10.42.0.1,25,3,UPLOAD,0.95,UPLOAD,0.95,1,64240,2.199999999958904,3,29200.0,64240.0,2,1,0.3125,0.6875,0.30312461369162313,0,0,0,1,1,1,1,1,0.9299999999999999,1.0,1.0,0.8,0.8,trigger,training_upload_trigger_confirmed,1785296220.8847342,1785296220884734268,1384889101433669,95.2,53.359375,35.381673,1785296220920118076,1384889136815342
2026-07-28T23:37:00.885,10.42.0.145,10.42.0.1,25,3,UPLOAD,0.9841010226033655,UPLOAD,0.9841010226033655,1,6555,2.424486301321079,4,29200.0,70795.0,2,2,0.2920146007300365,0.7079853992699635,0.263342014601446,0,0,1,1,1,1,1,1,0.9699999999999999,1.0,1.0,1.0,0.8,skip,attack_already_active,1785296220.8859596,1785296220885959760,1384889102658559,95.2,53.359375,-1.0,0,0
2026-07-28T23:37:00.887,10.42.0.1,10.42.0.1,59,3,UPLOAD,0.95,UPLOAD,0.95,1,7240,0.4135684467669306,34,244818.0,101249.0,22,12,0.7074294861977594,0.2925705138022406,0.030139187564375156,1,0,1,1,1,1,1,1,0.9699999999999999,1.0,1.0,1.0,0.8,skip,attack_already_active,1785296220.8876245,1785296220887624434,1384889104322909,95.2,53.359375,-1.0,0,0
2026-07-28T23:37:00.888,10.42.0.1,10.42.0.1,59,3,UPLOAD,0.95,UPLOAD,0.95,1,5792,0.43722683789820505,35,244818.0,107041.0,22,13,0.6957843909065847,0.3042156090934153,0.02631345208302497,1,0,1,1,1,1,1,1,0.9699999999999999,1.0,1.0,1.0,0.8,skip,attack_already_active,1785296220.8887312,1785296220888731039,1384889105429843,95.2,53.359375,-1.0,0,0
2026-07-28T23:37:00.889,10.42.0.1,10.42.0.1,59,3,UPLOAD,0.95,UPLOAD,0.95,1,10136,0.4786290223779353,36,244818.0,117177.0,22,14,0.6763021588695977,0.32369784113040234,0.023006302903992186,1,0,1,1,1,1,1,1,0.9699999999999999,1.0,1.0,1.0,0.8,skip,attack_already_active,1785296220.8899477,1785296220889947644,1384889106645847,95.2,53.359375,-1.0,0,0
2026-07-28T23:37:00.890,10.42.0.1,10.42.0.1,59,3,UPLOAD,0.95,UPLOAD,0.95,1,4344,0.4963728157263911,37,244818.0,121521.0,22,15,0.6682826562282476,0.3317173437717524,0.020063728120417408,1,0,1,1,1,1,1,1,0.9699999999999999,1.0,1.0,1.0,0.8,skip,attack_already_active,1785296220.8906236,1785296220890623577,1384889107321706,95.2,53.359375,-1.0,0,0
2026-07-28T23:37:00.891,10.42.0.1,10.42.0.1,59,3,UPLOAD,0.95,UPLOAD,0.95,1,14480,0.5555187935545772,38,244818.0,136001.0,22,16,0.6428723356765288,0.35712766432347126,0.017545165339594087,1,0,1,1,1,1,1,1,0.9699999999999999,1.0,1.0,1.0,0.8,skip,attack_already_active,1785296220.8915746,1785296220891574451,1384889108272844,95.2,53.359375,-1.0,0,0
2026-07-28T23:37:00.892,10.42.0.1,10.42.0.1,59,3,UPLOAD,0.95,UPLOAD,0.95,1,14480,0.6146647713827633,39,244818.0,150481.0,22,17,0.6193236006162424,0.38067639938375764,0.015362412016523198,1,0,1,1,1,1,1,1,0.9699999999999999,1.0,1.0,1.0,0.8,skip,attack_already_active,1785296220.8925555,1785296220892555430,1384889109253557,95.2,53.359375,-1.0,0,0
2026-07-28T23:37:00.893,10.42.0.1,10.42.0.1,59,3,UPLOAD,0.95,UPLOAD,0.95,1,14480,0.6738107492109493,40,244818.0,164961.0,22,18,0.5974391074213173,0.40256089257868266,0.013425944447295278,1,0,1,1,1,1,1,1,0.9699999999999999,1.0,1.0,1.0,0.8,skip,attack_already_active,1785296220.8932226,1785296220893222688,1384889109920792,95.2,53.359375,-1.0,0,0
2026-07-28T23:37:00.894,10.42.0.1,10.42.0.1,59,3,UPLOAD,0.95,UPLOAD,0.95,1,14480,0.7329567270391354,41,244818.0,179441.0,22,19,0.5770484538925514,0.4229515461074485,0.011781506569255501,1,0,1,1,1,1,1,1,0.9699999999999999,1.0,1.0,1.0,0.8,skip,attack_already_active,1785296220.8941693,1785296220894169253,1384889110867355,95.2,53.359375,-1.0,0,0
2026-07-28T23:37:00.895,10.42.0.1,10.42.0.1,59,3,UPLOAD,0.95,UPLOAD,0.95,1,5792,0.7566151181704098,42,244818.0,185233.0,22,20,0.5692766671859849,0.4307233328140151,0.01044157548014909,1,0,1,1,1,1,1,1,0.9699999999999999,1.0,1.0,1.0,0.8,skip,attack_already_active,1785296220.8957825,1785296220895782463,1384889112480979,95.2,53.359375,-1.0,0,0
2026-07-28T23:37:00.896,10.42.0.1,10.42.0.1,59,3,UPLOAD,0.95,UPLOAD,0.95,1,8688,0.7921027048673215,43,244818.0,193921.0,22,21,0.5580037334269349,0.44199626657306507,0.009209377396313695,1,0,1,1,1,1,1,1,0.9699999999999999,1.0,1.0,1.0,0.8,skip,attack_already_active,1785296220.8968732,1785296220896873300,1384889113571799,95.2,53.359375,-1.0,0,0
2026-07-28T23:37:00.898,10.42.0.1,10.42.0.1,59,3,UPLOAD,0.95,UPLOAD,0.95,1,7128,0.8212182110799809,44,244818.0,201049.0,22,22,0.549083022515683,0.4509169774843171,0.008210115224113284,1,0,1,1,1,1,1,1,0.9699999999999999,1.0,1.0,1.0,0.8,skip,attack_already_active,1785296220.8984995,1785296220898499623,1384889115198178,95.2,53.359375,-1.0,0,0
2026-07-28T23:37:00.900,10.42.0.1,10.42.0.1,59,3,UPLOAD,0.95,UPLOAD,0.95,1,14480,0.880364188908167,45,244818.0,215529.0,22,23,0.5318118723484676,0.46818812765153245,0.007409983626851199,1,0,1,1,1,1,1,1,0.9699999999999999,1.0,1.0,1.0,0.8,skip,attack_already_active,1785296220.9006376,1785296220900637595,1384889117336394,95.2,53.359375,-1.0,0,0
2026-07-28T23:37:00.902,10.42.0.1,10.42.0.1,59,3,UPLOAD,0.95,UPLOAD,0.95,1,14480,0.9395101667363531,46,244818.0,230009.0,22,24,0.5155941005882142,0.48440589941178575,0.006650788856032746,1,0,1,1,1,1,1,1,0.9699999999999999,1.0,1.0,1.0,0.8,skip,attack_already_active,1785296220.9022863,1785296220902286339,1384889118985090,95.2,53.359375,-1.0,0,0
2026-07-28T23:37:00.904,10.42.0.1,10.42.0.1,59,3,UPLOAD,0.95,UPLOAD,0.95,1,8590,0.9745974560695104,47,244818.0,238599.0,22,25,0.5064323348165248,0.4935676651834751,0.006067478373452219,1,0,1,1,1,1,1,1,0.9699999999999999,1.0,1.0,1.0,0.8,skip,attack_already_active,1785296220.9045105,1785296220904510486,1384889121209180,95.2,53.359375,-1.0,0,0
2026-07-28T23:37:00.975,10.42.0.18,10.42.0.1,43,3,UPLOAD,0.95,UPLOAD,0.95,1,64240,1.0,8,64240.0,64240.0,7,1,0.5,0.5,0.3552691238587943,0,0,0,1,1,1,1,1,0.9699999999999999,1.0,1.0,1.0,0.8,trigger,training_upload_trigger_confirmed,1785296220.9750886,1785296220975088635,1384889191787450,95.2,53.359375,37.894504,1785296221012984689,1384889229681954
2026-07-28T23:37:00.977,10.42.0.18,10.42.0.1,43,3,UPLOAD,0.9841010226033655,UPLOAD,0.9841010226033655,1,1460,1.0227272727269188,9,64240.0,65700.0,7,2,0.4943820224719101,0.5056179775280899,0.3088142708046319,0,0,1,1,1,1,1,1,0.9699999999999999,1.0,1.0,1.0,0.8,skip,attack_already_active,1785296220.9778247,1785296220977824763,1384889194523366,95.2,53.359375,-1.0,0,0
2026-07-28T23:37:00.979,10.42.0.18,10.42.0.1,43,3,UPLOAD,0.9854688349332961,UPLOAD,0.9854688349332961,1,2174,1.0565691158148105,10,64240.0,67874.0,7,3,0.4862467263121244,0.5137532736878756,0.26832094068296447,0,0,1,1,1,1,1,1,0.9699999999999999,1.0,1.0,1.0,0.8,skip,attack_already_active,1785296220.9793463,1785296220979346252,1384889196044811,95.2,53.359375,-1.0,0,0
2026-07-28T23:37:00.980,10.42.0.1,10.42.0.1,59,3,UPLOAD,0.95,UPLOAD,0.95,1,7240,1.0041704449836035,48,244818.0,245839.0,22,26,0.49895955830651556,0.5010404416934845,0.0058206359703970294,1,0,1,1,1,1,1,1,0.9699999999999999,1.0,1.0,1.0,0.8,skip,attack_already_active,1785296220.98093,1785296220980930063,1384889197629038,95.2,53.359375,-1.0,0,0
2026-07-28T23:37:00.981,10.42.0.1,10.42.0.1,59,3,UPLOAD,0.95,UPLOAD,0.95,1,5792,1.027828836114878,49,244818.0,251631.0,22,27,0.4931382679791882,0.5068617320208118,0.005193715307891962,1,0,1,1,1,1,1,1,0.9699999999999999,1.0,1.0,1.0,0.8,skip,attack_already_active,1785296220.9819932,1785296220981993253,1384889198691770,95.2,53.359375,-1.0,0,0
2026-07-28T23:37:00.983,10.42.0.1,10.42.0.1,59,3,UPLOAD,0.95,UPLOAD,0.95,1,2896,1.039658031680515,50,244818.0,254527.0,22,28,0.49027826452652973,0.5097217354734702,0.004712367415807292,1,0,1,1,1,1,1,1,0.9699999999999999,1.0,1.0,1.0,0.8,skip,attack_already_active,1785296220.983534,1785296220983534004,1384889200232559,95.2,53.359375,-1.0,0,0
2026-07-28T23:37:00.985,10.42.0.1,10.42.0.1,59,3,UPLOAD,0.95,UPLOAD,0.95,1,11584,1.086974813943064,51,244818.0,266111.0,22,29,0.4791624668006709,0.520837533199329,0.00429922434370885,1,0,1,1,1,1,1,1,0.9699999999999999,1.0,1.0,1.0,0.8,skip,attack_already_active,1785296220.9851112,1785296220985111200,1384889201810335,95.2,53.359375,-1.0,0,0
2026-07-28T23:37:00.986,10.42.0.1,10.42.0.1,59,3,UPLOAD,0.95,UPLOAD,0.95,1,2896,1.098804009508701,52,244818.0,269007.0,22,30,0.4764618303897241,0.5235381696102759,0.003880012910888208,1,0,1,1,1,1,1,1,0.9699999999999999,1.0,1.0,1.0,0.8,skip,attack_already_active,1785296220.9862292,1785296220986229328,1384889202927751,95.2,53.359375,-1.0,0,0
2026-07-28T23:37:00.987,10.42.0.1,10.42.0.1,59,3,UPLOAD,0.95,UPLOAD,0.95,1,11584,1.14612079177125,53,244818.0,280591.0,22,31,0.46595699731066653,0.5340430026893335,0.0035762701541839346,1,0,1,1,1,1,1,1,0.9699999999999999,1.0,1.0,1.0,0.8,skip,attack_already_active,1785296220.9878042,1785296220987804173,1384889204502730,95.2,53.359375,-1.0,0,0
2026-07-28T23:37:00.989,10.42.0.1,10.42.0.1,59,3,UPLOAD,0.95,UPLOAD,0.95,1,5792,1.1697791829025244,54,244818.0,286383.0,22,32,0.4608763914224559,0.539123608577544,0.0033084686652831157,1,0,1,1,1,1,1,1,0.9699999999999999,1.0,1.0,1.0,0.8,skip,attack_already_active,1785296220.9893482,1785296220989348094,1384889206046597,95.2,53.359375,-1.0,0,0
2026-07-28T23:37:00.991,10.42.0.1,10.42.0.1,59,3,UPLOAD,0.95,UPLOAD,0.95,1,14480,1.2289251607307106,55,244818.0,300863.0,22,33,0.44864673682975953,0.5513532631702405,0.003139891150399477,1,0,1,1,1,1,1,1,0.9699999999999999,1.0,1.0,1.0,0.8,skip,attack_already_active,1785296220.9913774,1785296220991377517,1384889208075998,95.2,53.359375,-1.0,0,0
2026-07-28T23:37:00.992,10.42.0.1,10.42.0.1,59,3,UPLOAD,0.95,UPLOAD,0.95,1,8688,1.264412747427622,56,244818.0,309551.0,22,34,0.4416156026040417,0.5583843973959582,0.0028677950865851486,1,0,1,1,1,1,1,1,0.9699999999999999,1.0,1.0,1.0,0.8,skip,attack_already_active,1785296220.9924524,1785296220992452458,1384889209150908,95.2,53.359375,-1.0,0,0
2026-07-28T23:37:00.993,10.42.0.1,10.42.0.1,59,3,UPLOAD,0.95,UPLOAD,0.95,1,5792,1.2880711385588965,57,244818.0,315343.0,22,35,0.4370493483123602,0.5629506516876398,0.0026896138430547896,1,0,1,1,1,1,1,1,0.9699999999999999,1.0,1.0,1.0,0.8,skip,attack_already_active,1785296220.993968,1785296220993968228,1384889210667046,95.2,53.359375,-1.0,0,0
2026-07-28T23:37:00.995,10.42.0.1,10.42.0.1,59,3,UPLOAD,0.95,UPLOAD,0.95,1,2797,1.2994959520938023,58,244818.0,318140.0,22,36,0.4348779127394939,0.5651220872605062,0.0025364517948374536,1,0,1,1,1,1,1,1,0.9699999999999999,1.0,1.0,1.0,0.8,skip,attack_already_active,1785296220.9954953,1785296220995495310,1384889212193656,95.2,53.359375,-1.0,0,0
2026-07-28T23:37:01.302,10.42.0.1,10.42.0.1,59,3,UPLOAD,0.6289162564511583,UPLOAD,0.6289162564511583,0,43,0.9746464720732354,49,244818.0,238611.0,22,27,0.5064197638122662,0.4935802361877339,0.09488667336535855,1,0,1,1,1,1,1,1,0.8200000000000001,0.8000000000000002,1.0,0.6000000000000001,0.8,skip,attack_already_active,1785296221.3025103,1785296221302510451,1384889519209494,54.2,53.359375,-1.0,0,0
2026-07-28T23:37:01.827,10.42.0.210,10.42.0.1,59,2,TRAINING,0.9293977297375461,TRAINING,0.9293977297375461,0,43,1.0,0,0.0,0.0,0,0,0.0,0.0,0.23868342019022148,0,0,0,0,0,0,0,0,0.039999999999999994,0.05,0.0,0.0,0.15,skip,training_upload_trigger_not_confirmed,1785296221.8273523,1785296221827352414,1384890044051357,7.4,53.359375,-1.0,0,0
2026-07-28T23:37:02.063,10.42.0.59,10.42.0.1,20,3,UPLOAD,0.9854688349332961,UPLOAD,0.9854688349332961,0,39,1.0,0,0.0,0.0,0,0,0.0,0.0,0.22754565451993916,0,0,1,0,0,0,0,0,0.4375,0.05,1.0,0.0,0.8,skip,attack_already_active,1785296222.06333,1785296222063330002,1384890280028653,7.4,53.359375,-1.0,0,0
2026-07-28T23:37:02.213,10.42.0.210,10.42.0.1|10.42.0.210,59,3,UPLOAD,0.95,UPLOAD,0.95,1,1448,100.0,1,0.0,1448.0,0,1,0.0,1.0,0.25817549107659965,1,0,0,1,1,1,1,1,0.9525,0.95,1.0,1.0,0.8,trigger,training_upload_trigger_confirmed,1785296222.2139556,1785296222213955519,1384890430654314,7.4,53.359375,8.268519,1785296222222225509,1384890438922833
2026-07-28T23:37:02.215,10.42.0.210,10.42.0.1|10.42.0.210,59,3,UPLOAD,0.9841010226033655,UPLOAD,0.9841010226033655,1,1448,100.0,2,0.0,2896.0,0,2,0.0,1.0,0.22429838211682007,1,0,1,1,1,1,1,1,0.9699999999999999,1.0,1.0,1.0,0.8,skip,attack_already_active,1785296222.2150471,1785296222215047227,1384890431745823,7.4,53.359375,-1.0,0,0
2026-07-28T23:37:02.216,10.42.0.210,10.42.0.1|10.42.0.210,59,3,UPLOAD,0.9854688349332961,UPLOAD,0.9854688349332961,1,1448,100.0,3,0.0,4344.0,0,3,0.0,1.0,0.19489471076883097,1,0,1,1,1,1,1,1,0.9699999999999999,1.0,1.0,1.0,0.8,skip,attack_already_active,1785296222.2162092,1785296222216209080,1384890432908249,7.4,53.359375,-1.0,0,0
2026-07-28T23:37:02.217,10.42.0.210,10.42.0.1|10.42.0.210,59,3,UPLOAD,0.9855076450773014,UPLOAD,0.9855076450773014,1,1448,100.0,4,0.0,5792.0,0,4,0.0,1.0,0.16935086354180764,1,0,1,1,1,1,1,1,0.9699999999999999,1.0,1.0,1.0,0.8,skip,attack_already_active,1785296222.2172587,1785296222217258745,1384890433957255,7.4,53.359375,-1.0,0,0
2026-07-28T23:37:02.218,10.42.0.210,10.42.0.1|10.42.0.210,59,3,UPLOAD,0.9855086980780915,UPLOAD,0.9855086980780915,1,1448,100.0,5,0.0,7240.0,0,5,0.0,1.0,0.14715934519193433,1,0,1,1,1,1,1,1,0.9699999999999999,1.0,1.0,1.0,0.8,skip,attack_already_active,1785296222.2182043,1785296222218204078,1384890434902131,7.4,53.359375,-1.0,0,0
2026-07-28T23:37:02.219,10.42.0.210,10.42.0.1|10.42.0.210,59,3,UPLOAD,0.9855087254685951,UPLOAD,0.9855087254685951,1,1448,100.0,6,0.0,8688.0,0,6,0.0,1.0,0.1278990456476412,1,0,1,1,1,1,1,1,0.9699999999999999,1.0,1.0,1.0,0.8,skip,attack_already_active,1785296222.2192025,1785296222219202520,1384890435901074,7.4,53.359375,-1.0,0,0
2026-07-28T23:37:02.220,10.42.0.210,10.42.0.1|10.42.0.210,59,3,UPLOAD,0.9855087261493067,UPLOAD,0.9855087261493067,1,1448,100.0,7,0.0,10136.0,0,7,0.0,1.0,0.11117974650523993,1,0,1,1,1,1,1,1,0.9699999999999999,1.0,1.0,1.0,0.8,skip,attack_already_active,1785296222.2202234,1785296222220223451,1384890436922595,7.4,53.359375,-1.0,0,0
2026-07-28T23:37:02.221,10.42.0.210,10.42.0.1|10.42.0.210,59,3,UPLOAD,0.9855087261653082,UPLOAD,0.9855087261653082,1,1448,100.0,8,0.0,11584.0,0,8,0.0,1.0,0.09673707819783384,1,0,1,1,1,1,1,1,0.9699999999999999,1.0,1.0,1.0,0.8,skip,attack_already_active,1785296222.2218018,1785296222221801816,1384890438500443,7.4,53.359375,-1.0,0,0
2026-07-28T23:37:02.222,10.42.0.210,10.42.0.1|10.42.0.210,59,3,UPLOAD,0.985508726165656,UPLOAD,0.985508726165656,1,1448,100.0,9,0.0,13032.0,0,9,0.0,1.0,0.08412689550088842,1,0,1,1,1,1,1,1,0.9699999999999999,1.0,1.0,1.0,0.8,skip,attack_already_active,1785296222.2228436,1785296222222843556,1384890439541600,7.4,53.359375,-1.0,0,0
2026-07-28T23:37:02.223,10.42.0.210,10.42.0.1|10.42.0.210,59,3,UPLOAD,0.95,UPLOAD,0.95,1,1448,100.0,10,0.0,14480.0,0,10,0.0,1.0,0.07316059921807432,1,0,1,1,1,1,1,1,0.9699999999999999,1.0,1.0,1.0,0.8,skip,attack_already_active,1785296222.2237504,1785296222223750513,1384890440448774,7.4,53.359375,-1.0,0,0
2026-07-28T23:37:02.224,10.42.0.210,10.42.0.1|10.42.0.210,59,3,UPLOAD,0.95,UPLOAD,0.95,1,1448,100.0,11,0.0,15928.0,0,11,0.0,1.0,0.06363510802499625,1,0,1,1,1,1,1,1,0.9699999999999999,1.0,1.0,1.0,0.8,skip,attack_already_active,1785296222.2246246,1785296222224624665,1384890441322654,21.8,53.359375,-1.0,0,0
2026-07-28T23:37:02.225,10.42.0.210,10.42.0.1|10.42.0.210,59,3,UPLOAD,0.95,UPLOAD,0.95,1,1448,100.0,12,0.0,17376.0,0,12,0.0,1.0,0.055362445645224426,1,0,1,1,1,1,1,1,0.9699999999999999,1.0,1.0,1.0,0.8,skip,attack_already_active,1785296222.2254808,1785296222225480644,1384890442178778,21.8,53.359375,-1.0,0,0
2026-07-28T23:37:02.226,10.42.0.210,10.42.0.1|10.42.0.210,59,3,UPLOAD,0.95,UPLOAD,0.95,1,1448,100.0,13,0.0,18824.0,0,13,0.0,1.0,0.04818301928668543,1,0,1,1,1,1,1,1,0.9699999999999999,1.0,1.0,1.0,0.8,skip,attack_already_active,1785296222.2263606,1785296222226360622,1384890443058663,21.8,53.359375,-1.0,0,0
2026-07-28T23:37:02.227,10.42.0.210,10.42.0.1|10.42.0.210,59,3,UPLOAD,0.95,UPLOAD,0.95,1,1448,100.0,14,0.0,20272.0,0,14,0.0,1.0,0.041955093247061016,1,0,1,1,1,1,1,1,0.9699999999999999,1.0,1.0,1.0,0.8,skip,attack_already_active,1785296222.2272816,1785296222227281581,1384890443979701,21.8,53.359375,-1.0,0,0
2026-07-28T23:37:02.228,10.42.0.210,10.42.0.1|10.42.0.210,59,3,UPLOAD,0.95,UPLOAD,0.95,1,1448,100.0,15,0.0,21720.0,0,15,0.0,1.0,0.03653933471544007,1,0,1,1,1,1,1,1,0.9699999999999999,1.0,1.0,1.0,0.8,skip,attack_already_active,1785296222.228138,1785296222228137882,1384890444835929,21.8,53.359375,-1.0,0,0
2026-07-28T23:37:02.229,10.42.0.210,10.42.0.1|10.42.0.210,59,3,UPLOAD,0.95,UPLOAD,0.95,1,1448,100.0,16,0.0,23168.0,0,16,0.0,1.0,0.03184109923764332,1,0,1,1,1,1,1,1,0.9699999999999999,1.0,1.0,1.0,0.8,skip,attack_already_active,1785296222.2290237,1785296222229023651,1384890445721699,21.8,53.359375,-1.0,0,0
2026-07-28T23:37:02.229,10.42.0.210,10.42.0.1|10.42.0.210,59,3,UPLOAD,0.95,UPLOAD,0.95,1,1448,100.0,17,0.0,24616.0,0,17,0.0,1.0,0.027764641730109056,1,0,1,1,1,1,1,1,0.9699999999999999,1.0,1.0,1.0,0.8,skip,attack_already_active,1785296222.2299297,1785296222229929634,1384890446627769,21.8,53.359375,-1.0,0,0
2026-07-28T23:37:02.230,10.42.0.210,10.42.0.1|10.42.0.210,59,3,UPLOAD,0.95,UPLOAD,0.95,1,1448,100.0,18,0.0,26064.0,0,18,0.0,1.0,0.024195165045337856,1,0,1,1,1,1,1,1,0.9699999999999999,1.0,1.0,1.0,0.8,skip,attack_already_active,1785296222.2306066,1785296222230606694,1384890447304825,21.8,53.359375,-1.0,0,0
2026-07-28T23:37:02.231,10.42.0.210,10.42.0.1|10.42.0.210,59,3,UPLOAD,0.95,UPLOAD,0.95,1,1448,100.0,19,0.0,27512.0,0,19,0.0,1.0,0.021128885522834685,1,0,1,1,1,1,1,1,0.9699999999999999,1.0,1.0,1.0,0.8,skip,attack_already_active,1785296222.2315326,1785296222231532620,1384890448230784,21.8,53.359375,-1.0,0,0
2026-07-28T23:37:02.232,10.42.0.210,10.42.0.1|10.42.0.210,59,3,UPLOAD,0.95,UPLOAD,0.95,1,1448,100.0,20,0.0,28960.0,0,20,0.0,1.0,0.01842852253288882,1,0,1,1,1,1,1,1,0.9699999999999999,1.0,1.0,1.0,0.8,skip,attack_already_active,1785296222.2321692,1785296222232169334,1384890448867695,21.8,53.359375,-1.0,0,0
2026-07-28T23:37:02.233,10.42.0.210,10.42.0.1|10.42.0.210,59,3,UPLOAD,0.95,UPLOAD,0.95,1,1448,100.0,21,0.0,30408.0,0,21,0.0,1.0,0.01611928027332496,1,0,1,1,1,1,1,1,0.9699999999999999,1.0,1.0,1.0,0.8,skip,attack_already_active,1785296222.2330735,1785296222233073367,1384890449772059,21.8,53.359375,-1.0,0,0
2026-07-28T23:37:02.233,10.42.0.210,10.42.0.1|10.42.0.210,59,3,UPLOAD,0.95,UPLOAD,0.95,1,1448,100.0,22,0.0,31856.0,0,22,0.0,1.0,0.014084333490879213,1,0,1,1,1,1,1,1,0.9699999999999999,1.0,1.0,1.0,0.8,skip,attack_already_active,1785296222.23375,1785296222233749913,1384890450448328,21.8,53.359375,-1.0,0,0
2026-07-28T23:37:02.234,10.42.0.210,10.42.0.1|10.42.0.210,59,3,UPLOAD,0.95,UPLOAD,0.95,1,1448,100.0,23,0.0,33304.0,0,23,0.0,1.0,0.012343868589290593,1,0,1,1,1,1,1,1,0.9699999999999999,1.0,1.0,1.0,0.8,skip,attack_already_active,1785296222.2346265,1785296222234626485,1384890451324549,21.8,53.359375,-1.0,0,0
2026-07-28T23:37:02.235,10.42.0.210,10.42.0.1|10.42.0.210,59,3,UPLOAD,0.95,UPLOAD,0.95,1,1448,100.0,24,0.0,34752.0,0,24,0.0,1.0,0.010797250771332714,1,0,1,1,1,1,1,1,0.9699999999999999,1.0,1.0,1.0,0.8,skip,attack_already_active,1785296222.2352335,1785296222235233645,1384890451931710,21.8,53.359375,-1.0,0,0
2026-07-28T23:37:02.236,10.42.0.210,10.42.0.1|10.42.0.210,59,3,UPLOAD,0.95,UPLOAD,0.95,1,1448,100.0,25,0.0,36200.0,0,25,0.0,1.0,0.009492358595057147,1,0,1,1,1,1,1,1,0.9699999999999999,1.0,1.0,1.0,0.8,skip,attack_already_active,1785296222.2361283,1785296222236128344,1384890452826358,21.8,53.359375,-1.0,0,0
2026-07-28T23:37:02.236,10.42.0.210,10.42.0.1|10.42.0.210,59,3,UPLOAD,0.95,UPLOAD,0.95,1,1448,100.0,26,0.0,37648.0,0,26,0.0,1.0,0.008323727633026176,1,0,1,1,1,1,1,1,0.9699999999999999,1.0,1.0,1.0,0.8,skip,attack_already_active,1785296222.2367523,1785296222236752349,1384890453450413,21.8,53.359375,-1.0,0,0
2026-07-28T23:37:02.237,10.42.0.210,10.42.0.1|10.42.0.210,59,3,UPLOAD,0.95,UPLOAD,0.95,1,1448,100.0,27,0.0,39096.0,0,27,0.0,1.0,0.007341986498471429,1,0,1,1,1,1,1,1,0.9699999999999999,1.0,1.0,1.0,0.8,skip,attack_already_active,1785296222.2376258,1785296222237625742,1384890454323984,21.8,53.359375,-1.0,0,0
2026-07-28T23:37:02.238,10.42.0.210,10.42.0.1|10.42.0.210,59,3,UPLOAD,0.95,UPLOAD,0.95,1,1448,100.0,28,0.0,40544.0,0,28,0.0,1.0,0.006541044197805442,1,0,1,1,1,1,1,1,0.9699999999999999,1.0,1.0,1.0,0.8,skip,attack_already_active,1785296222.2388897,1785296222238889781,1384890455588552,21.8,53.359375,-1.0,0,0
2026-07-28T23:37:02.240,10.42.0.210,10.42.0.1|10.42.0.210,59,3,UPLOAD,0.95,UPLOAD,0.95,1,1448,100.0,29,0.0,41992.0,0,29,0.0,1.0,0.005905998625512407,1,0,1,1,1,1,1,1,0.9699999999999999,1.0,1.0,1.0,0.8,skip,attack_already_active,1785296222.2406116,1785296222240611568,1384890457310913,21.8,53.359375,-1.0,0,0
2026-07-28T23:37:02.241,10.42.0.210,10.42.0.1|10.42.0.210,59,3,UPLOAD,0.95,UPLOAD,0.95,1,1448,100.0,30,0.0,43440.0,0,30,0.0,1.0,0.005268017849364874,1,0,1,1,1,1,1,1,0.9699999999999999,1.0,1.0,1.0,0.8,skip,attack_already_active,1785296222.241676,1785296222241676048,1384890458374482,21.8,53.359375,-1.0,0,0
2026-07-28T23:37:02.243,10.42.0.210,10.42.0.1|10.42.0.210,59,3,UPLOAD,0.95,UPLOAD,0.95,1,1448,100.0,31,0.0,44888.0,0,31,0.0,1.0,0.004759756251870487,1,0,1,1,1,1,1,1,0.9699999999999999,1.0,1.0,1.0,0.8,skip,attack_already_active,1785296222.243087,1785296222243086986,1384890459785545,21.8,53.359375,-1.0,0,0
2026-07-28T23:37:02.243,10.42.0.210,10.42.0.1|10.42.0.210,59,3,UPLOAD,0.95,UPLOAD,0.95,1,1448,100.0,32,0.0,46336.0,0,32,0.0,1.0,0.0042473413780255605,1,0,1,1,1,1,1,1,0.9699999999999999,1.0,1.0,1.0,0.8,skip,attack_already_active,1785296222.2439582,1785296222243958182,1384890460656517,21.8,53.359375,-1.0,0,0
2026-07-28T23:37:02.244,10.42.0.210,10.42.0.1|10.42.0.210,59,3,UPLOAD,0.95,UPLOAD,0.95,1,1448,100.0,33,0.0,47784.0,0,33,0.0,1.0,0.0038203890839798266,1,0,1,1,1,1,1,1,0.9699999999999999,1.0,1.0,1.0,0.8,skip,attack_already_active,1785296222.2449656,1785296222244965617,1384890461664268,21.8,53.359375,-1.0,0,0
2026-07-28T23:37:02.245,10.42.0.210,10.42.0.1|10.42.0.210,59,3,UPLOAD,0.95,UPLOAD,0.95,1,1448,100.0,34,0.0,49232.0,0,34,0.0,1.0,0.003442597850835702,1,0,1,1,1,1,1,1,0.9699999999999999,1.0,1.0,1.0,0.8,skip,attack_already_active,1785296222.245919,1785296222245918856,1384890462620363,21.8,53.359375,-1.0,0,0
2026-07-28T23:37:02.246,10.42.0.210,10.42.0.1|10.42.0.210,59,3,UPLOAD,0.95,UPLOAD,0.95,1,1448,100.0,35,0.0,50680.0,0,35,0.0,1.0,0.003130047257703966,1,0,1,1,1,1,1,1,0.9699999999999999,1.0,1.0,1.0,0.8,skip,attack_already_active,1785296222.2469897,1785296222246989936,1384890463688768,21.8,53.359375,-1.0,0,0
2026-07-28T23:37:02.247,10.42.0.210,10.42.0.1|10.42.0.210,59,3,UPLOAD,0.95,UPLOAD,0.95,1,1448,100.0,36,0.0,52128.0,0,36,0.0,1.0,0.00281620641781442,1,0,1,1,1,1,1,1,0.9699999999999999,1.0,1.0,1.0,0.8,skip,attack_already_active,1785296222.2477381,1785296222247738017,1384890464436246,21.8,53.359375,-1.0,0,0
2026-07-28T23:37:02.248,10.42.0.210,10.42.0.1|10.42.0.210,59,3,UPLOAD,0.95,UPLOAD,0.95,1,1448,100.0,37,0.0,53576.0,0,37,0.0,1.0,0.0025372497866734656,1,0,1,1,1,1,1,1,0.9699999999999999,1.0,1.0,1.0,0.8,skip,attack_already_active,1785296222.2484374,1785296222248437483,1384890465135753,21.8,53.359375,-1.0,0,0
2026-07-28T23:37:02.249,10.42.0.210,10.42.0.1|10.42.0.210,59,3,UPLOAD,0.95,UPLOAD,0.95,1,1448,100.0,38,0.0,55024.0,0,38,0.0,1.0,0.0022883291763513007,1,0,1,1,1,1,1,1,0.9699999999999999,1.0,1.0,1.0,0.8,skip,attack_already_active,1785296222.2490857,1785296222249085756,1384890465783914,21.8,53.359375,-1.0,0,0
2026-07-28T23:37:02.249,10.42.0.210,10.42.0.1|10.42.0.210,59,3,UPLOAD,0.95,UPLOAD,0.95,1,1448,100.0,39,0.0,56472.0,0,39,0.0,1.0,0.002077456666653522,1,0,1,1,1,1,1,1,0.9699999999999999,1.0,1.0,1.0,0.8,skip,attack_already_active,1785296222.2497737,1785296222249773915,1384890466472028,21.8,53.359375,-1.0,0,0
2026-07-28T23:37:02.256,10.42.0.1,10.42.0.1|10.42.0.210,59,3,UPLOAD,0.95,UPLOAD,0.95,1,7240,100.0,1,0.0,7240.0,0,1,0.0,1.0,0.08304603550203798,1,0,1,1,1,1,1,1,0.9699999999999999,1.0,1.0,1.0,0.8,skip,attack_already_active,1785296222.256431,1785296222256431189,1384890473129533,21.8,53.359375,-1.0,0,0
2026-07-28T23:37:02.257,10.42.0.1,10.42.0.1|10.42.0.210,59,3,UPLOAD,0.9737551070340228,UPLOAD,0.9737551070340228,1,7240,100.0,2,0.0,14480.0,0,2,0.0,1.0,0.07218861510104645,1,0,1,1,1,1,1,1,0.9699999999999999,1.0,1.0,1.0,0.8,skip,attack_already_active,1785296222.2570832,1785296222257083021,1384890473781293,21.8,53.359375,-1.0,0,0
2026-07-28T23:37:02.258,10.42.0.1,10.42.0.1|10.42.0.210,59,3,UPLOAD,0.9771502502638233,UPLOAD,0.9771502502638233,1,10136,100.0,3,0.0,24616.0,0,3,0.0,1.0,0.06279701883275758,1,0,1,1,1,1,1,1,0.9699999999999999,1.0,1.0,1.0,0.8,skip,attack_already_active,1785296222.2580016,1785296222258001682,1384890474699700,21.8,53.359375,-1.0,0,0
2026-07-28T23:37:02.258,10.42.0.1,10.42.0.1|10.42.0.210,59,3,UPLOAD,0.9778917174142732,UPLOAD,0.9778917174142732,1,4344,100.0,4,0.0,28960.0,0,4,0.0,1.0,0.05460721066223587,1,0,1,1,1,1,1,1,0.9699999999999999,1.0,1.0,1.0,0.8,skip,attack_already_active,1785296222.2586484,1785296222258648419,1384890475346616,21.8,53.359375,-1.0,0,0
2026-07-28T23:37:02.259,10.42.0.1,10.42.0.1|10.42.0.210,59,3,UPLOAD,0.9784180771632238,UPLOAD,0.9784180771632238,1,14480,100.0,5,0.0,43440.0,0,5,0.0,1.0,0.04757301742813282,1,0,1,1,1,1,1,1,0.9699999999999999,1.0,1.0,1.0,0.8,skip,attack_already_active,1785296222.259875,1785296222259875060,1384890476573305,21.8,53.359375,-1.0,0,0
2026-07-28T23:37:02.261,10.42.0.1,10.42.0.1|10.42.0.210,59,3,UPLOAD,0.9788862259097769,UPLOAD,0.9788862259097769,1,18824,100.0,6,0.0,62264.0,0,6,0.0,1.0,0.04147470525306179,1,0,1,1,1,1,1,1,0.9699999999999999,1.0,1.0,1.0,0.8,skip,attack_already_active,1785296222.2611697,1785296222261169653,1384890477867855,21.8,53.359375,-1.0,0,0
2026-07-28T23:37:02.261,10.42.0.1,10.42.0.1|10.42.0.210,59,3,UPLOAD,0.9793176931186981,UPLOAD,0.9793176931186981,1,1448,100.0,7,0.0,63712.0,0,7,0.0,1.0,0.036097869628432505,1,0,1,1,1,1,1,1,0.9699999999999999,1.0,1.0,1.0,0.8,skip,attack_already_active,1785296222.261841,1785296222261841234,1384890478539325,21.8,53.359375,-1.0,0,0
2026-07-28T23:37:02.262,10.42.0.1,10.42.0.1|10.42.0.210,59,3,UPLOAD,0.9797213180751602,UPLOAD,0.9797213180751602,1,8688,100.0,8,0.0,72400.0,0,8,0.0,1.0,0.031463840134433596,1,0,1,1,1,1,1,1,0.9699999999999999,1.0,1.0,1.0,0.8,skip,attack_already_active,1785296222.2627726,1785296222262772412,1384890479470538,21.8,53.359375,-1.0,0,0
2026-07-28T23:37:02.263,10.42.0.1,10.42.0.1|10.42.0.210,59,3,UPLOAD,0.9801027173646457,UPLOAD,0.9801027173646457,1,7129,100.0,9,0.0,79529.0,0,9,0.0,1.0,0.02747652468424087,1,0,1,1,1,1,1,1,0.9699999999999999,1.0,1.0,1.0,0.8,skip,attack_already_active,1785296222.2639778,1785296222263977613,1384890480676213,21.8,53.359375,-1.0,0,0
2026-07-28T23:37:02.285,10.42.0.18,10.42.0.1|10.42.0.210,43,3,UPLOAD,0.9855076450773014,UPLOAD,0.9855076450773014,0,39,1.0,0,0.0,0.0,0,0,0.0,0.0,0.2370192766406497,0,0,1,0,0,0,0,0,0.4375,0.05,1.0,0.0,0.8,skip,attack_already_active,1785296222.28518,1785296222285180039,1384890501878529,21.8,53.359375,-1.0,0,0
2026-07-28T23:37:02.545,10.42.0.1,10.42.0.1|10.42.0.210,59,3,UPLOAD,0.9788285268665688,UPLOAD,0.9788285268665688,0,43,100.0,9,0.0,79529.0,0,9,0.0,1.0,0.06207418125924012,1,0,1,1,1,1,1,1,0.8374999999999999,0.8500000000000001,1.0,0.6000000000000001,0.8,skip,attack_already_active,1785296222.5450604,1785296222545060426,1384890761759212,21.8,53.359375,-1.0,0,0
2026-07-28T23:37:03.078,10.42.0.47,10.42.0.1|10.42.0.210|10.42.0.47,59,3,UPLOAD,0.95,UPLOAD,0.95,1,7240,100.0,1,0.0,7240.0,0,1,0.0,1.0,0.3912056385591336,1,0,0,1,1,1,1,1,0.9699999999999999,1.0,1.0,1.0,0.8,trigger,training_upload_trigger_confirmed,1785296223.0784369,1785296223078436746,1384891295135754,38.3,53.359375,6.769015,1785296223085207470,1384891301904769
2026-07-28T23:37:03.079,10.42.0.47,10.42.0.1|10.42.0.210|10.42.0.47,59,3,UPLOAD,0.95,UPLOAD,0.95,1,1448,100.0,2,0.0,8688.0,0,2,0.0,1.0,0.339752525971551,1,0,1,1,1,1,1,1,0.9699999999999999,1.0,1.0,1.0,0.8,skip,attack_already_active,1785296223.079179,1785296223079178945,1384891295876985,38.3,53.359375,-1.0,0,0
2026-07-28T23:37:03.081,10.42.0.47,10.42.0.1|10.42.0.210|10.42.0.47,59,3,UPLOAD,0.95,UPLOAD,0.95,1,5792,100.0,3,0.0,14480.0,0,3,0.0,1.0,0.29523677020567873,1,0,1,1,1,1,1,1,0.9699999999999999,1.0,1.0,1.0,0.8,skip,attack_already_active,1785296223.0811138,1785296223081113964,1384891297812087,38.3,53.359375,-1.0,0,0
2026-07-28T23:37:03.082,10.42.0.47,10.42.0.1|10.42.0.210|10.42.0.47,59,3,UPLOAD,0.95,UPLOAD,0.95,1,8688,100.0,4,0.0,23168.0,0,4,0.0,1.0,0.2564635209708406,1,0,1,1,1,1,1,1,0.9699999999999999,1.0,1.0,1.0,0.8,skip,attack_already_active,1785296223.0821111,1785296223082111329,1384891298809474,38.3,53.359375,-1.0,0,0
2026-07-28T23:37:03.083,10.42.0.47,10.42.0.1|10.42.0.210|10.42.0.47,59,3,UPLOAD,0.95,UPLOAD,0.95,1,1448,100.0,5,0.0,24616.0,0,5,0.0,1.0,0.22282749478076141,1,0,1,1,1,1,1,1,0.9699999999999999,1.0,1.0,1.0,0.8,skip,attack_already_active,1785296223.0833201,1785296223083320025,1384891300018537,38.3,53.359375,-1.0,0,0
2026-07-28T23:37:03.084,10.42.0.47,10.42.0.1|10.42.0.210|10.42.0.47,59,3,UPLOAD,0.95,UPLOAD,0.95,1,4344,100.0,6,0.0,28960.0,0,6,0.0,1.0,0.1935692659084481,1,0,1,1,1,1,1,1,0.9699999999999999,1.0,1.0,1.0,0.8,skip,attack_already_active,1785296223.084115,1785296223084114852,1384891300813063,38.3,53.359375,-1.0,0,0
2026-07-28T23:37:03.084,10.42.0.47,10.42.0.1|10.42.0.210|10.42.0.47,59,3,UPLOAD,0.95,UPLOAD,0.95,1,2896,100.0,7,0.0,31856.0,0,7,0.0,1.0,0.1681594870875686,1,0,1,1,1,1,1,1,0.9699999999999999,1.0,1.0,1.0,0.8,skip,attack_already_active,1785296223.0848565,1785296223084856473,1384891301554626,38.3,53.359375,-1.0,0,0
2026-07-28T23:37:03.086,10.42.0.47,10.42.0.1|10.42.0.210|10.42.0.47,59,3,UPLOAD,0.95,UPLOAD,0.95,1,10136,100.0,8,0.0,41992.0,0,8,0.0,1.0,0.14617987949493327,1,0,1,1,1,1,1,1,0.9699999999999999,1.0,1.0,1.0,0.8,skip,attack_already_active,1785296223.0862188,1785296223086218792,1384891302916965,38.3,53.359375,-1.0,0,0
2026-07-28T23:37:03.087,10.42.0.47,10.42.0.1|10.42.0.210|10.42.0.47,59,3,UPLOAD,0.95,UPLOAD,0.95,1,1448,100.0,9,0.0,43440.0,0,9,0.0,1.0,0.12704135966682456,1,0,1,1,1,1,1,1,0.9699999999999999,1.0,1.0,1.0,0.8,skip,attack_already_active,1785296223.0871618,1785296223087161962,1384891303860464,38.3,53.359375,-1.0,0,0
2026-07-28T23:37:03.087,10.42.0.47,10.42.0.1|10.42.0.210|10.42.0.47,59,3,UPLOAD,0.95,UPLOAD,0.95,1,7240,100.0,10,0.0,50680.0,0,10,0.0,1.0,0.11039053165000869,1,0,1,1,1,1,1,1,0.9699999999999999,1.0,1.0,1.0,0.8,skip,attack_already_active,1785296223.0878446,1785296223087844650,1384891304542709,38.3,53.359375,-1.0,0,0
2026-07-28T23:37:03.088,10.42.0.47,10.42.0.1|10.42.0.210|10.42.0.47,59,3,UPLOAD,0.95,UPLOAD,0.95,1,8688,100.0,11,0.0,59368.0,0,11,0.0,1.0,0.09599298535037244,1,0,1,1,1,1,1,1,0.9699999999999999,1.0,1.0,1.0,0.8,skip,attack_already_active,1785296223.0889761,1785296223088976163,1384891305674334,38.3,53.359375,-1.0,0,0
2026-07-28T23:37:03.089,10.42.0.47,10.42.0.1|10.42.0.210|10.42.0.47,59,3,UPLOAD,0.95,UPLOAD,0.95,1,1448,100.0,12,0.0,60816.0,0,12,0.0,1.0,0.08347274938287447,1,0,1,1,1,1,1,1,0.9699999999999999,1.0,1.0,1.0,0.8,skip,attack_already_active,1785296223.0899565,1785296223089956494,1384891306654886,38.3,53.359375,-1.0,0,0
2026-07-28T23:37:03.090,10.42.0.47,10.42.0.1|10.42.0.210|10.42.0.47,59,3,UPLOAD,0.9512458280374833,UPLOAD,0.9512458280374833,1,2896,100.0,13,0.0,63712.0,0,13,0.0,1.0,0.07257053495021754,1,0,1,1,1,1,1,1,0.9699999999999999,1.0,1.0,1.0,0.8,skip,attack_already_active,1785296223.0906954,1785296223090695546,1384891307393736,38.3,53.359375,-1.0,0,0
2026-07-28T23:37:03.091,10.42.0.47,10.42.0.1|10.42.0.210|10.42.0.47,59,3,UPLOAD,0.95447533523642,UPLOAD,0.95447533523642,1,4344,100.0,14,0.0,68056.0,0,14,0.0,1.0,0.06309961306115851,1,0,1,1,1,1,1,1,0.9699999999999999,1.0,1.0,1.0,0.8,skip,attack_already_active,1785296223.0913937,1785296223091393833,1384891308092055,38.3,53.359375,-1.0,0,0
2026-07-28T23:37:03.092,10.42.0.47,10.42.0.1|10.42.0.210|10.42.0.47,59,3,UPLOAD,0.9574100122037792,UPLOAD,0.9574100122037792,1,8688,100.0,15,0.0,76744.0,0,15,0.0,1.0,0.054946180924799026,1,0,1,1,1,1,1,1,0.9699999999999999,1.0,1.0,1.0,0.8,skip,attack_already_active,1785296223.0926192,1785296223092619374,1384891309317625,38.3,53.359375,-1.0,0,0
2026-07-28T23:37:03.093,10.42.0.47,10.42.0.1|10.42.0.210|10.42.0.47,59,3,UPLOAD,0.961639208077587,UPLOAD,0.961639208077587,1,1448,100.0,16,0.0,78192.0,0,16,0.0,1.0,0.04783219531997173,1,0,1,1,1,1,1,1,0.9699999999999999,1.0,1.0,1.0,0.8,skip,attack_already_active,1785296223.0935793,1785296223093579282,1384891310277652,38.3,53.359375,-1.0,0,0
2026-07-28T23:37:03.094,10.42.0.47,10.42.0.1|10.42.0.210|10.42.0.47,59,3,UPLOAD,0.9640764390981686,UPLOAD,0.9640764390981686,1,1362,100.0,17,0.0,79554.0,0,17,0.0,1.0,0.041617761906361135,1,0,1,1,1,1,1,1,0.9699999999999999,1.0,1.0,1.0,0.8,skip,attack_already_active,1785296223.0942519,1785296223094251707,1384891310949904,38.3,53.359375,-1.0,0,0
2026-07-28T23:37:03.096,10.42.0.1,10.42.0.1|10.42.0.210|10.42.0.47,59,3,UPLOAD,0.9792944003677961,UPLOAD,0.9792944003677961,1,7240,100.0,10,0.0,86769.0,0,10,0.0,1.0,0.05595634973393879,1,0,1,1,1,1,1,1,0.9699999999999999,1.0,1.0,1.0,0.8,skip,attack_already_active,1785296223.0960224,1785296223096022394,1384891312721588,38.3,53.359375,-1.0,0,0
2026-07-28T23:37:03.097,10.42.0.1,10.42.0.1|10.42.0.210|10.42.0.47,59,3,UPLOAD,0.979784954338415,UPLOAD,0.979784954338415,1,5792,100.0,11,0.0,92561.0,0,11,0.0,1.0,0.04875942338903281,1,0,1,1,1,1,1,1,0.9699999999999999,1.0,1.0,1.0,0.8,skip,attack_already_active,1785296223.0973632,1785296223097363128,1384891314063144,38.3,53.359375,-1.0,0,0
2026-07-28T23:37:03.113,10.42.0.1,10.42.0.1|10.42.0.210|10.42.0.47,59,3,UPLOAD,0.9802658979947734,UPLOAD,0.9802658979947734,1,1448,100.0,12,0.0,94009.0,0,12,0.0,1.0,0.04452089582858736,1,0,1,1,1,1,1,1,0.9699999999999999,1.0,1.0,1.0,0.8,skip,attack_already_active,1785296223.1139576,1785296223113957620,1384891330656352,38.3,53.359375,-1.0,0,0
2026-07-28T23:37:03.151,10.42.0.1,10.42.0.1|10.42.0.210|10.42.0.47,59,3,UPLOAD,0.9803238387751628,UPLOAD,0.9803238387751628,1,1448,100.0,13,0.0,95457.0,0,13,0.0,1.0,0.04362231905029353,1,0,1,1,1,1,1,1,0.9699999999999999,1.0,1.0,1.0,0.8,skip,attack_already_active,1785296223.1516595,1785296223151659587,1384891368358374,38.3,53.359375,-1.0,0,0
2026-07-28T23:37:03.153,10.42.0.1,10.42.0.1|10.42.0.210|10.42.0.47,59,3,UPLOAD,0.9803278956582536,UPLOAD,0.9803278956582536,1,11584,100.0,14,0.0,107041.0,0,14,0.0,1.0,0.03810059400753159,1,0,1,1,1,1,1,1,0.9699999999999999,1.0,1.0,1.0,0.8,skip,attack_already_active,1785296223.153379,1785296223153379018,1384891370077492,38.3,53.359375,-1.0,0,0
2026-07-28T23:37:03.154,10.42.0.1,10.42.0.1|10.42.0.210|10.42.0.47,59,3,UPLOAD,0.9804999944624078,UPLOAD,0.9804999944624078,1,14480,100.0,15,0.0,121521.0,0,15,0.0,1.0,0.033173501149414704,1,0,1,1,1,1,1,1,0.9699999999999999,1.0,1.0,1.0,0.8,skip,attack_already_active,1785296223.1540892,1785296223154089246,1384891370787558,38.3,53.359375,-1.0,0,0
2026-07-28T23:37:03.155,10.42.0.1,10.42.0.1|10.42.0.210|10.42.0.47,59,3,UPLOAD,0.9803229160258259,UPLOAD,0.9803229160258259,1,18824,100.0,16,0.0,140345.0,0,16,0.0,1.0,0.02900839925936063,1,0,1,1,1,1,1,1,0.9699999999999999,1.0,1.0,1.0,0.8,skip,attack_already_active,1785296223.155655,1785296223155655029,1384891372353497,38.3,53.359375,-1.0,0,0
2026-07-28T23:37:03.156,10.42.0.1,10.42.0.1|10.42.0.210|10.42.0.47,59,3,UPLOAD,0.9798348487454768,UPLOAD,0.9798348487454768,1,10136,100.0,17,0.0,150481.0,0,17,0.0,1.0,0.025311251443168314,1,0,1,1,1,1,1,1,0.9699999999999999,1.0,1.0,1.0,0.8,skip,attack_already_active,1785296223.1566067,1785296223156606826,1384891373304885,38.3,53.359375,-1.0,0,0
2026-07-28T23:37:03.157,10.42.0.1,10.42.0.1|10.42.0.210|10.42.0.47,59,3,UPLOAD,0.9802749066719065,UPLOAD,0.9802749066719065,1,8589,100.0,18,0.0,159070.0,0,18,0.0,1.0,0.022133024972910195,1,0,1,1,1,1,1,1,0.9699999999999999,1.0,1.0,1.0,0.8,skip,attack_already_active,1785296223.1577992,1785296223157799169,1384891374497367,38.3,53.359375,-1.0,0,0
2026-07-28T23:37:03.467,10.42.0.1,10.42.0.47,60,1,DOWNLOAD,0.9717776745919431,DOWNLOAD,0.9717776745919431,-1,1448,54.93162979700853,10,1448.0,79541.0,1,9,0.017878971218313597,0.9821210287816864,0.14080968280897557,0,0,0,0,1,0,0,0,0.44,0.8500000000000001,0.0,0.6000000000000001,0.15,skip,training_upload_trigger_not_confirmed,1785296223.4677978,1785296223467797728,1384891684496256,31.3,53.359375,-1.0,0,0
2026-07-28T23:37:03.472,10.42.0.1,10.42.0.47,60,1,DOWNLOAD,0.95,DOWNLOAD,0.95,-1,5792,10.9863259654715,11,7240.0,79541.0,2,9,0.08342840022585589,0.9165715997741442,0.12283773295032391,0,0,0,0,1,0,0,0,0.44,0.8500000000000001,0.0,0.6000000000000001,0.15,skip,training_upload_trigger_not_confirmed,1785296223.4722233,1785296223472223312,1384891688923219,31.3,53.359375,-1.0,0,0
2026-07-28T23:37:03.503,10.42.0.1,10.42.0.47,60,1,DOWNLOAD,0.95,DOWNLOAD,0.95,-1,7240,5.493162983115113,12,14480.0,79541.0,3,9,0.1540081471160698,0.8459918528839302,0.11078696739770709,0,0,0,0,1,0,0,0,0.44,0.8500000000000001,0.0,0.6000000000000001,0.15,skip,training_upload_trigger_not_confirmed,1785296223.503611,1785296223503611246,1384891720310850,31.3,53.359375,-1.0,0,0
2026-07-28T23:37:03.511,10.42.0.1,10.42.0.47,60,1,DOWNLOAD,0.95,DOWNLOAD,0.95,-1,7240,3.662108655494378,13,21720.0,79541.0,4,9,0.2144952153346303,0.7855047846653697,0.09723836003051639,0,0,0,0,0,0,0,0,0.057499999999999996,0.1,0.0,0.0,0.15,skip,training_upload_trigger_not_confirmed,1785296223.5115814,1785296223511581471,1384891728280678,31.3,53.359375,-1.0,0,0
2026-07-28T23:37:03.515,10.42.0.1,10.42.0.47,60,1,DOWNLOAD,0.95,DOWNLOAD,0.95,-1,7240,2.746581491652397,14,28960.0,79541.0,5,9,0.2669099823964756,0.7330900176035244,0.0848798461778803,0,0,0,0,0,0,0,0,0.057499999999999996,0.1,0.0,0.0,0.15,skip,training_upload_trigger_not_confirmed,1785296223.5150344,1785296223515034482,1384891731734155,31.3,53.359375,-1.0,0,0
2026-07-28T23:37:03.520,10.42.0.1,10.42.0.47,60,1,DOWNLOAD,0.95,DOWNLOAD,0.95,-1,7240,2.197265193337092,15,36200.0,79541.0,6,9,0.31276729940124937,0.6872327005987506,0.07444676412439563,0,0,0,0,0,0,0,0,0.057499999999999996,0.1,0.0,0.0,0.15,skip,training_upload_trigger_not_confirmed,1785296223.5207405,1785296223520740662,1384891737440135,31.3,53.359375,-1.0,0,0
2026-07-28T23:37:03.521,10.42.0.1,10.42.0.47,60,1,DOWNLOAD,0.95,DOWNLOAD,0.95,-1,7240,1.8310543277893403,16,43440.0,79541.0,7,9,0.35322529496426275,0.6467747050357372,0.0647679692370431,0,0,0,0,0,0,0,0,0.057499999999999996,0.1,0.0,0.0,0.15,skip,training_upload_trigger_not_confirmed,1785296223.5217376,1785296223521737512,1384891738436267,31.3,53.359375,-1.0,0,0
2026-07-28T23:37:03.523,10.42.0.1,10.42.0.47,60,1,DOWNLOAD,0.95,DOWNLOAD,0.95,-1,7240,1.56947513811031,17,50680.0,79541.0,8,9,0.38918454012793635,0.6108154598720636,0.056465473937925725,0,0,0,0,0,0,0,0,0.057499999999999996,0.1,0.0,0.0,0.15,skip,training_upload_trigger_not_confirmed,1785296223.5235002,1785296223523500285,1384891740200342,31.3,53.359375,-1.0,0,0
2026-07-28T23:37:03.525,10.42.0.1,10.42.0.47,60,1,DOWNLOAD,0.95,DOWNLOAD,0.95,-1,10136,1.3078959484295596,18,60816.0,79541.0,9,9,0.4332950975013715,0.5667049024986285,0.049252888438888365,0,0,0,0,0,0,0,0,0.057499999999999996,0.1,0.0,0.0,0.15,skip,training_upload_trigger_not_confirmed,1785296223.5252314,1785296223525231237,1384891741930022,31.3,53.359375,-1.0,0,0
2026-07-28T23:37:03.529,10.42.0.145,10.42.0.47,26,1,DOWNLOAD,0.95,DOWNLOAD,0.95,-1,14600,6.84931506802402e-11,1,14600.0,0.0,1,0,1.0,0.0,0.5150555323935436,0,0,0,0,0,0,0,0,0.0225,0.0,0.0,0.0,0.15,skip,training_upload_trigger_not_confirmed,1785296223.529508,1785296223529508105,1384891746207278,31.3,53.359375,-1.0,0,0
2026-07-28T23:37:03.531,10.42.0.47,10.42.0.47,60,1,DOWNLOAD,0.95,DOWNLOAD,0.95,-1,11584,6.867575966344304,18,11584.0,79554.0,1,17,0.12710395224823892,0.8728960477517611,0.42755084289567985,0,0,0,0,0,0,0,0,0.057499999999999996,0.1,0.0,0.0,0.15,skip,training_upload_trigger_not_confirmed,1785296223.531183,1785296223531183214,1384891747881998,31.3,53.359375,-1.0,0,0
2026-07-28T23:37:03.531,10.42.0.47,10.42.0.47,60,1,DOWNLOAD,0.9829981496648164,DOWNLOAD,0.9829981496648164,-1,14480,3.0522559851882956,19,26064.0,79554.0,2,17,0.246776117707209,0.753223882292791,0.3713132300233224,0,0,0,0,0,0,0,0,0.057499999999999996,0.1,0.0,0.0,0.15,skip,training_upload_trigger_not_confirmed,1785296223.5319622,1785296223531962194,1384891748660606,31.3,53.359375,-1.0,0,0
2026-07-28T23:37:03.533,10.42.0.47,10.42.0.47,60,1,DOWNLOAD,0.95,DOWNLOAD,0.95,-1,8688,2.289191988913179,20,34752.0,79554.0,3,17,0.30402603537872025,0.6959739646212797,0.322588122771,0,0,0,0,0,0,0,0,0.057499999999999996,0.1,0.0,0.0,0.15,skip,training_upload_trigger_not_confirmed,1785296223.533514,1785296223533513858,1384891750212207,31.3,53.359375,-1.0,0,0
2026-07-28T23:37:03.534,10.42.0.145,10.42.0.47,26,1,DOWNLOAD,0.95,DOWNLOAD,0.95,-1,29200,2.2831050227789245e-11,2,43800.0,0.0,2,0,1.0,0.0,0.44779976884606165,0,0,0,0,0,0,0,0,0.0225,0.0,0.0,0.0,0.15,skip,training_upload_trigger_not_confirmed,1785296223.5341783,1785296223534178253,1384891750876249,31.3,53.359375,-1.0,0,0
2026-07-28T23:37:03.535,10.42.0.59,10.42.0.47,21,1,DOWNLOAD,0.95,DOWNLOAD,0.95,-1,24820,4.029008863657171e-11,1,24820.0,0.0,1,0,1.0,0.0,0.3915015320126264,0,0,0,0,0,0,0,0,0.0225,0.0,0.0,0.0,0.15,skip,training_upload_trigger_not_confirmed,1785296223.5350914,1785296223535091548,1384891751789738,31.3,53.359375,-1.0,0,0
2026-07-28T23:37:03.535,10.42.0.59,10.42.0.47,21,1,DOWNLOAD,0.95,DOWNLOAD,0.95,-1,10564,2.8261361066350288e-11,2,35384.0,0.0,2,0,1.0,0.0,0.3399966727248583,0,0,0,0,0,0,0,0,0.0225,0.0,0.0,0.0,0.15,skip,training_upload_trigger_not_confirmed,1785296223.5357368,1785296223535736887,1384891752434928,31.3,53.359375,-1.0,0,0
2026-07-28T23:37:03.537,10.42.0.18,10.42.0.47,44,1,DOWNLOAD,0.95,DOWNLOAD,0.95,-1,14600,6.84931506802402e-11,1,14600.0,0.0,1,0,1.0,0.0,0.3708082060704819,0,0,0,0,0,0,0,0,0.0225,0.0,0.0,0.0,0.15,skip,training_upload_trigger_not_confirmed,1785296223.5374866,1785296223537486683,1384891754184988,31.3,53.359375,-1.0,0,0
2026-07-28T23:37:03.538,10.42.0.18,10.42.0.47,44,1,DOWNLOAD,0.95,DOWNLOAD,0.95,-1,14600,3.424657534129292e-11,2,29200.0,0.0,2,0,1.0,0.0,0.32204515353743457,0,0,0,0,0,0,0,0,0.0225,0.0,0.0,0.0,0.15,skip,training_upload_trigger_not_confirmed,1785296223.5382454,1785296223538245477,1384891754943815,31.3,53.359375,-1.0,0,0
2026-07-28T23:37:03.539,10.42.0.47,10.42.0.47,60,1,DOWNLOAD,0.95,DOWNLOAD,0.95,-1,14037,1.6305724650919147,21,48789.0,79554.0,4,17,0.38014539164582406,0.6198546083541759,0.28081356505334454,0,0,0,0,0,0,0,0,0.057499999999999996,0.1,0.0,0.0,0.15,skip,training_upload_trigger_not_confirmed,1785296223.5390866,1785296223539086632,1384891755784889,31.3,53.359375,-1.0,0,0
2026-07-28T23:37:03.540,10.42.0.18,10.42.0.47,44,1,DOWNLOAD,0.95,DOWNLOAD,0.95,-1,6184,2.8261361066350288e-11,3,35384.0,0.0,3,0,1.0,0.0,0.2799519401805015,0,0,0,0,0,0,0,0,0.0225,0.0,0.0,0.0,0.15,skip,training_upload_trigger_not_confirmed,1785296223.5408568,1785296223540856944,1384891757555233,31.3,53.359375,-1.0,0,0
2026-07-28T23:37:03.672,10.42.0.1,10.42.0.47,60,1,DOWNLOAD,0.9223432930983776,DOWNLOAD,0.9223432930983776,0,39,1.3078959484295596,18,60816.0,79541.0,9,9,0.4332950975013715,0.5667049024986285,0.04815002214015346,0,0,0,0,0,0,0,0,0.057499999999999996,0.1,0.0,0.0,0.15,skip,training_upload_trigger_not_confirmed,1785296223.6726546,1785296223672654685,1384891889353606,31.3,53.359375,-1.0,0,0
2026-07-28T23:37:03.845,10.42.0.145,10.42.0.47,26,3,UPLOAD,0.95,UPLOAD,0.95,1,64240,1.4666666666560122,3,43800.0,64240.0,2,1,0.40540540540540543,0.5945945945945946,0.7167215870935038,0,0,0,1,1,1,1,1,0.85,1.0,1.0,0.4,0.8,trigger,training_upload_trigger_confirmed,1785296223.8458097,1785296223845809680,1384892062508651,31.3,53.359375,8.530601,1785296223854341989,1384892071039252
2026-07-28T23:37:03.848,10.42.0.59,10.42.0.47,21,3,UPLOAD,0.95,UPLOAD,0.95,1,13140,0.37135428444010415,3,35384.0,13140.0,2,1,0.7292061660209381,0.2707938339790619,0.5368306696480835,0,0,0,1,1,1,1,1,0.85,1.0,1.0,0.4,0.8,trigger,training_upload_trigger_confirmed,1785296223.8486567,1785296223848656608,1384892065355505,31.3,53.359375,13.481385,1785296223862139639,1384892078836890
2026-07-28T23:37:03.851,10.42.0.59,10.42.0.47,21,3,UPLOAD,0.9841010226033655,UPLOAD,0.9841010226033655,1,64240,2.1868641193424465,4,35384.0,77380.0,2,2,0.3137880883970061,0.6862119116029939,0.4664566096667919,0,0,1,1,1,1,1,1,0.9299999999999999,1.0,1.0,0.8,0.8,skip,attack_already_active,1785296223.851438,1785296223851438114,1384892068138104,31.3,53.359375,-1.0,0,0
2026-07-28T23:37:03.852,10.42.0.145,10.42.0.47,26,3,UPLOAD,0.9841010226033655,UPLOAD,0.9841010226033655,1,5095,1.5829908675665982,4,43800.0,69335.0,2,2,0.3871480974057542,0.6128519025942458,0.6231732325429729,0,0,1,1,1,1,1,1,0.9299999999999999,1.0,1.0,0.8,0.8,skip,attack_already_active,1785296223.8526187,1785296223852618814,1384892069318346,31.3,53.359375,-1.0,0,0
2026-07-28T23:37:03.854,10.42.0.1,10.42.0.47,60,2,TRAINING,0.95,TRAINING,0.95,1,7240,1.426943567475221,19,60816.0,86781.0,9,10,0.41204089514014514,0.5879591048598549,0.04238322304711546,0,0,0,0,1,0,0,0,0.4525,1.0,0.0,0.4,0.15,skip,training_upload_trigger_not_confirmed,1785296223.8545659,1785296223854565802,1384892071265022,31.3,53.359375,-1.0,0,0
2026-07-28T23:37:03.855,10.42.0.1,10.42.0.1,60,3,UPLOAD,0.95,UPLOAD,0.95,1,5792,1.5221816627117504,20,60816.0,92573.0,9,11,0.39648214669891585,0.6035178533010842,0.03694221408027752,1,0,0,0,1,0,0,0,0.85,1.0,1.0,0.4,0.8,trigger,training_upload_trigger_confirmed,1785296223.8556588,1785296223855658657,1384892072357175,31.3,53.359375,31.25913,1785296223886919016,1384892103616305
2026-07-28T23:37:03.857,10.42.0.1,10.42.0.1,60,3,UPLOAD,0.95,UPLOAD,0.95,1,2896,1.569800710330015,21,60816.0,95469.0,9,12,0.38913523370764946,0.6108647662923505,0.03227687903536095,1,0,1,1,1,1,1,1,0.85,1.0,1.0,0.4,0.8,skip,attack_already_active,1785296223.857197,1785296223857197133,1384892073895746,31.3,53.359375,-1.0,0,0
2026-07-28T23:37:03.859,10.42.0.1,10.42.0.1,60,3,UPLOAD,0.95,UPLOAD,0.95,1,14480,1.8078959484213382,22,60816.0,109949.0,9,13,0.35613855298216845,0.6438614470178315,0.028291538729527103,1,0,1,1,1,1,1,1,0.85,1.0,1.0,0.4,0.8,skip,attack_already_active,1785296223.8592303,1785296223859230142,1384892075928577,31.3,53.359375,-1.0,0,0
2026-07-28T23:37:03.860,10.42.0.1,10.42.0.1,60,3,UPLOAD,0.95,UPLOAD,0.95,1,14480,2.045991186512661,23,60816.0,124429.0,9,14,0.32830035898404814,0.6716996410159518,0.02470459498713509,1,0,1,1,1,1,1,1,0.85,1.0,1.0,0.4,0.8,skip,attack_already_active,1785296223.8603015,1785296223860301650,1384892077008863,31.3,53.359375,-1.0,0,0
2026-07-28T23:37:03.861,10.42.0.1,10.42.0.1,60,3,UPLOAD,0.95,UPLOAD,0.95,1,11584,2.2364673769857197,24,60816.0,136013.0,9,15,0.3089788598224855,0.6910211401775145,0.021587899704883725,1,0,1,1,1,1,1,1,0.85,1.0,1.0,0.4,0.8,skip,attack_already_active,1785296223.8613544,1785296223861354125,1384892078052445,31.3,53.359375,-1.0,0,0
2026-07-28T23:37:03.862,10.42.0.1,10.42.0.1,60,3,UPLOAD,0.95,UPLOAD,0.95,1,2896,2.2840864246039847,25,60816.0,138909.0,9,16,0.3044986856928276,0.6955013143071723,0.018876595733431662,1,0,1,1,1,1,1,1,0.9299999999999999,1.0,1.0,0.8,0.8,skip,attack_already_active,1785296223.862367,1785296223862367003,1384892079065371,31.3,53.359375,-1.0,0,0
2026-07-28T23:37:03.863,10.42.0.1,10.42.0.1,60,3,UPLOAD,0.95,UPLOAD,0.95,1,11584,2.474562615077043,26,60816.0,150493.0,9,17,0.28780600920926225,0.7121939907907378,0.016585533035686183,1,0,1,1,1,1,1,1,0.9299999999999999,1.0,1.0,0.8,0.8,skip,attack_already_active,1785296223.8638573,1785296223863857226,1384892080555675,31.3,53.359375,-1.0,0,0
2026-07-28T23:37:03.865,10.42.0.1,10.42.0.1,60,3,UPLOAD,0.95,UPLOAD,0.95,1,5792,2.5698007103135723,27,60816.0,156285.0,9,18,0.28012768250722014,0.7198723174927799,0.014651165995823334,1,0,1,1,1,1,1,1,0.9299999999999999,1.0,1.0,0.8,0.8,skip,attack_already_active,1785296223.8657634,1785296223865763232,1384892082461977,31.3,53.359375,-1.0,0,0
2026-07-28T23:37:03.866,10.42.0.1,10.42.0.1,60,3,UPLOAD,0.95,UPLOAD,0.95,1,14480,2.8078959484048953,28,60816.0,170765.0,9,19,0.2626122177553426,0.7373877822446574,0.012854888948451899,1,0,1,1,1,1,1,1,0.9299999999999999,1.0,1.0,0.8,0.8,skip,attack_already_active,1785296223.8667831,1785296223866783359,1384892083481863,31.3,53.359375,-1.0,0,0
2026-07-28T23:37:03.868,10.42.0.1,10.42.0.1,60,3,UPLOAD,0.95,UPLOAD,0.95,1,14480,3.0459911864962184,29,60816.0,185245.0,9,20,0.24715822499298953,0.7528417750070104,0.011352777928658206,1,0,1,1,1,1,1,1,0.9699999999999999,1.0,1.0,1.0,0.8,skip,attack_already_active,1785296223.868239,1785296223868238787,1384892084937377,31.3,53.359375,-1.0,0,0
2026-07-28T23:37:03.869,10.42.0.1,10.42.0.1,60,3,UPLOAD,0.95,UPLOAD,0.95,1,8589,3.187220468261852,30,60816.0,193834.0,9,21,0.23882191242882386,0.7611780875711761,0.010051057354123389,1,0,1,1,1,1,1,1,0.9699999999999999,1.0,1.0,1.0,0.8,skip,attack_already_active,1785296223.8697133,1785296223869713504,1384892086411996,31.3,53.359375,-1.0,0,0
2026-07-28T23:37:03.872,10.42.0.1,10.42.0.1,60,3,UPLOAD,0.95,UPLOAD,0.95,1,14480,3.425315706353175,31,60816.0,208314.0,9,22,0.22597257830788095,0.774027421692119,0.00907513015151383,1,0,1,1,1,1,1,1,0.9699999999999999,1.0,1.0,1.0,0.8,skip,attack_already_active,1785296223.8723583,1785296223872358294,1384892089057671,31.3,53.359375,-1.0,0,0
2026-07-28T23:37:03.874,10.42.0.1,10.42.0.1,60,3,UPLOAD,0.95,UPLOAD,0.95,1,8688,3.568172849207969,32,60816.0,217002.0,9,23,0.2189059024253288,0.7810940975746712,0.008162017031111739,1,0,1,1,1,1,1,1,0.9699999999999999,1.0,1.0,1.0,0.8,skip,attack_already_active,1785296223.874504,1785296223874504156,1384892091203083,31.3,53.359375,-1.0,0,0
2026-07-28T23:37:03.875,10.42.0.1,10.42.0.1,60,3,UPLOAD,0.95,UPLOAD,0.95,1,5792,3.663410944444498,33,60816.0,222794.0,9,24,0.21443531610309932,0.7855646838969007,0.007248365855339171,1,0,1,1,1,1,1,1,0.9699999999999999,1.0,1.0,1.0,0.8,skip,attack_already_active,1785296223.8757327,1785296223875732683,1384892092431496,31.3,53.359375,-1.0,0,0
2026-07-28T23:37:03.877,10.42.0.1,10.42.0.1,60,3,UPLOAD,0.95,UPLOAD,0.95,1,2798,3.709418574014907,34,60816.0,225592.0,9,25,0.21234043741794922,0.7876595625820508,0.006505284296042664,1,0,1,1,1,1,1,1,0.9699999999999999,1.0,1.0,1.0,0.8,skip,attack_already_active,1785296223.877342,1785296223877341926,1384892094041170,31.3,53.359375,-1.0,0,0
2026-07-28T23:37:03.912,10.42.0.47,10.42.0.1,60,2,TRAINING,0.9,TRAINING,0.9,0,43,1.6305724650919147,21,48789.0,79554.0,4,17,0.38014539164582406,0.6198546083541759,0.3515739820116006,0,0,0,0,0,0,0,0,0.057499999999999996,0.1,0.0,0.0,0.15,skip,training_upload_trigger_not_confirmed,1785296223.9120467,1785296223912046522,1384892128745115,31.3,53.359375,-1.0,0,0
2026-07-28T23:37:03.962,10.42.0.18,10.42.0.1,44,3,UPLOAD,0.95,UPLOAD,0.95,1,1460,0.041261587185132786,4,35384.0,1460.0,3,1,0.9603734665074367,0.03962653349256324,0.2865199990067676,0,0,0,1,1,1,1,1,0.9174999999999999,0.85,1.0,1.0,0.8,trigger,training_upload_trigger_confirmed,1785296223.9629867,1785296223962986848,1384892179685783,31.3,53.359375,11.822709,1785296223974811163,1384892191508492
2026-07-28T23:37:03.964,10.42.0.18,10.42.0.1,44,3,UPLOAD,0.9841010226033655,UPLOAD,0.9841010226033655,1,64240,1.8567714220874751,5,35384.0,65700.0,3,2,0.35004550670729295,0.649954493292707,0.24902515186525892,0,0,1,1,1,1,1,1,0.9699999999999999,1.0,1.0,1.0,0.8,skip,attack_already_active,1785296223.9649687,1785296223964968655,1384892181667562,31.3,53.359375,-1.0,0,0
2026-07-28T23:37:03.967,10.42.0.1,10.42.0.1,60,3,UPLOAD,0.95,UPLOAD,0.95,1,7240,3.8284661930605686,35,60816.0,232832.0,9,26,0.20710510543235439,0.7928948945676456,0.012519151394214516,1,0,1,1,1,1,1,1,0.9699999999999999,1.0,1.0,1.0,0.8,skip,attack_already_active,1785296223.96707,1785296223967070190,1384892183769078,31.3,53.359375,-1.0,0,0
2026-07-28T23:37:03.968,10.42.0.1,10.42.0.1,60,3,UPLOAD,0.95,UPLOAD,0.95,1,7240,3.94751381210623,36,60816.0,240072.0,9,27,0.20212171970965942,0.7978782802903406,0.011014030119940758,1,0,1,1,1,1,1,1,0.9699999999999999,1.0,1.0,1.0,0.8,skip,attack_already_active,1785296223.9681673,1785296223968167411,1384892184865914,31.3,53.359375,-1.0,0,0
2026-07-28T23:37:03.970,10.42.0.1,10.42.0.1,60,3,UPLOAD,0.95,UPLOAD,0.95,1,10136,4.114180478770156,37,60816.0,250208.0,9,28,0.19553474972992438,0.8044652502700756,0.009892357203692591,1,0,1,1,1,1,1,1,0.9699999999999999,1.0,1.0,1.0,0.8,skip,attack_already_active,1785296223.9706693,1785296223970669276,1384892187368127,31.3,53.359375,-1.0,0,0
2026-07-28T23:37:03.971,10.42.0.1,10.42.0.1,60,3,UPLOAD,0.95,UPLOAD,0.95,1,4344,4.185609050197553,38,60816.0,254552.0,9,29,0.19284137896045256,0.8071586210395475,0.008728856221137287,1,0,1,1,1,1,1,1,0.9699999999999999,1.0,1.0,1.0,0.8,skip,attack_already_active,1785296223.9717321,1785296223971732301,1384892188430583,31.3,53.359375,-1.0,0,0
2026-07-28T23:37:03.972,10.42.0.1,10.42.0.1,60,3,UPLOAD,0.95,UPLOAD,0.95,1,14480,4.423704288288876,39,60816.0,269032.0,9,30,0.1843758337173486,0.8156241662826514,0.007715721719220676,1,0,1,1,1,1,1,1,0.9699999999999999,1.0,1.0,1.0,0.8,skip,attack_already_active,1785296223.9727726,1785296223972772539,1384892189471324,31.3,53.359375,-1.0,0,0
2026-07-28T23:37:03.974,10.42.0.1,10.42.0.1,60,3,UPLOAD,0.9506332602835906,UPLOAD,0.9506332602835906,1,14480,4.661799526380199,40,60816.0,283512.0,9,31,0.17662229037429428,0.8233777096257057,0.006896759635093785,1,0,1,1,1,1,1,1,0.9699999999999999,1.0,1.0,1.0,0.8,skip,attack_already_active,1785296223.9742734,1785296223974273571,1384892190972266,31.3,53.359375,-1.0,0,0
2026-07-28T23:37:03.976,10.42.0.1,10.42.0.1,60,3,UPLOAD,0.9508323727214405,UPLOAD,0.9508323727214405,1,5792,4.757037621616728,41,60816.0,289304.0,9,32,0.17370044556152175,0.8262995544384782,0.006252792167797655,1,0,1,1,1,1,1,1,0.9699999999999999,1.0,1.0,1.0,0.8,skip,attack_already_active,1785296223.9762833,1785296223976283362,1384892192981931,55.7,53.359375,-1.0,0,0
2026-07-28T23:37:03.977,10.42.0.1,10.42.0.1,60,3,UPLOAD,0.9532669913240258,UPLOAD,0.9532669913240258,1,8688,4.899894764471522,42,60816.0,297992.0,9,33,0.1694945486165303,0.8305054513834698,0.0055708094008434725,1,0,1,1,1,1,1,1,0.9699999999999999,1.0,1.0,1.0,0.8,skip,attack_already_active,1785296223.9773607,1785296223977360618,1384892194059075,55.7,53.359375,-1.0,0,0
2026-07-28T23:37:03.978,10.42.0.1,10.42.0.1,60,3,UPLOAD,0.9543507517896455,UPLOAD,0.9543507517896455,1,7128,5.017100762891063,43,60816.0,305120.0,9,34,0.16619299549648026,0.8338070045035197,0.00503285828902294,1,0,1,1,1,1,1,1,0.9699999999999999,1.0,1.0,1.0,0.8,skip,attack_already_active,1785296223.9788492,1785296223978849334,1384892195547812,55.7,53.359375,-1.0,0,0
2026-07-28T23:37:04.032,10.42.0.145,10.42.0.1,26,3,UPLOAD,0.9854688349332961,UPLOAD,0.9854688349332961,0,39,1.5829908675665982,4,43800.0,69335.0,2,2,0.3871480974057542,0.6128519025942458,0.546743517169735,0,0,1,1,1,1,1,1,0.8374999999999999,0.8500000000000001,1.0,0.6000000000000001,0.8,skip,attack_already_active,1785296224.0329168,1785296224032916688,1384892249615816,55.7,53.359375,-1.0,0,0
2026-07-28T23:37:04.597,10.42.0.1,10.42.0.1,60,3,UPLOAD,0.9734373365429954,UPLOAD,0.9734373365429954,0,43,100.0,25,0.0,225579.0,0,25,0.0,1.0,0.041517749152364655,1,0,1,0,0,0,0,0,0.45499999999999996,0.1,1.0,0.0,0.8,skip,attack_already_active,1785296224.5979111,1785296224597911127,1384892814611592,12.3,53.359375,-1.0,0,0
2026-07-28T23:37:05.160,10.42.0.210,10.42.0.1,59,3,UPLOAD,0.95,UPLOAD,0.95,1,1448,100.0,1,0.0,1448.0,0,1,0.0,1.0,0.3460149489735287,0,0,1,1,1,1,1,1,0.9525,0.95,1.0,1.0,0.8,skip,attack_already_active,1785296225.1607788,1785296225160778654,1384893377478173,8.7,53.359375,-1.0,0,0
2026-07-28T23:37:05.163,10.42.0.210,10.42.0.1,59,3,UPLOAD,0.95,UPLOAD,0.95,1,1448,100.0,2,0.0,2896.0,0,2,0.0,1.0,0.30077365341239687,0,0,1,1,1,1,1,1,0.9699999999999999,1.0,1.0,1.0,0.8,skip,attack_already_active,1785296225.16347,1785296225163470191,1384893380169336,8.7,53.359375,-1.0,0,0
2026-07-28T23:37:05.165,10.42.0.210,10.42.0.1,59,3,UPLOAD,0.95,UPLOAD,0.95,1,1448,100.0,3,0.0,4344.0,0,3,0.0,1.0,0.2614000358535989,0,0,1,1,1,1,1,1,0.9699999999999999,1.0,1.0,1.0,0.8,skip,attack_already_active,1785296225.1654482,1785296225165448218,1384893382147853,8.7,53.359375,-1.0,0,0
2026-07-28T23:37:05.167,10.42.0.210,10.42.0.1,59,3,UPLOAD,0.95,UPLOAD,0.95,1,1448,100.0,4,0.0,5792.0,0,4,0.0,1.0,0.22718585749733058,0,0,1,1,1,1,1,1,0.9699999999999999,1.0,1.0,1.0,0.8,skip,attack_already_active,1785296225.1672063,1785296225167206440,1384893383905541,8.7,53.359375,-1.0,0,0
2026-07-28T23:37:05.169,10.42.0.210,10.42.0.1,59,3,UPLOAD,0.95,UPLOAD,0.95,1,1448,100.0,5,0.0,7240.0,0,5,0.0,1.0,0.19749550321502554,0,0,1,1,1,1,1,1,0.9699999999999999,1.0,1.0,1.0,0.8,skip,attack_already_active,1785296225.1690803,1785296225169080196,1384893385780038,8.7,53.359375,-1.0,0,0
2026-07-28T23:37:05.170,10.42.0.210,10.42.0.1,59,3,UPLOAD,0.95,UPLOAD,0.95,1,1448,100.0,6,0.0,8688.0,0,6,0.0,1.0,0.17167626560806884,0,0,1,1,1,1,1,1,0.9699999999999999,1.0,1.0,1.0,0.8,skip,attack_already_active,1785296225.1706407,1785296225170640721,1384893387339324,8.7,53.359375,-1.0,0,0
2026-07-28T23:37:05.172,10.42.0.210,10.42.0.1,59,3,UPLOAD,0.95,UPLOAD,0.95,1,1448,100.0,7,0.0,10136.0,0,7,0.0,1.0,0.1492398654826708,0,0,1,1,1,1,1,1,0.9699999999999999,1.0,1.0,1.0,0.8,skip,attack_already_active,1785296225.1720533,1785296225172053249,1384893388751653,8.7,53.359375,-1.0,0,0
2026-07-28T23:37:05.173,10.42.0.210,10.42.0.1,59,3,UPLOAD,0.95,UPLOAD,0.95,1,1448,100.0,8,0.0,11584.0,0,8,0.0,1.0,0.12975909895833593,0,0,1,1,1,1,1,1,0.9699999999999999,1.0,1.0,1.0,0.8,skip,attack_already_active,1785296225.173459,1785296225173458878,1384893390157156,8.7,53.359375,-1.0,0,0
2026-07-28T23:37:05.174,10.42.0.210,10.42.0.1,59,3,UPLOAD,0.95,UPLOAD,0.95,1,1448,100.0,9,0.0,13032.0,0,9,0.0,1.0,0.11284228976364072,0,0,1,1,1,1,1,1,0.9699999999999999,1.0,1.0,1.0,0.8,skip,attack_already_active,1785296225.1748412,1785296225174840977,1384893391539475,8.7,53.359375,-1.0,0,0
2026-07-28T23:37:05.176,10.42.0.210,10.42.0.1,59,3,UPLOAD,0.95,UPLOAD,0.95,1,1448,100.0,10,0.0,14480.0,0,10,0.0,1.0,0.09816203580485408,0,0,1,1,1,1,1,1,0.9699999999999999,1.0,1.0,1.0,0.8,skip,attack_already_active,1785296225.176279,1785296225176279118,1384893392977668,8.7,53.359375,-1.0,0,0
2026-07-28T23:37:05.177,10.42.0.210,10.42.0.1,59,3,UPLOAD,0.95,UPLOAD,0.95,1,1448,100.0,11,0.0,15928.0,0,11,0.0,1.0,0.08541419095936702,0,0,1,1,1,1,1,1,0.9699999999999999,1.0,1.0,1.0,0.8,skip,attack_already_active,1785296225.1777012,1785296225177701009,1384893394399421,8.7,53.359375,-1.0,0,0
2026-07-28T23:37:05.179,10.42.0.210,10.42.0.1,59,3,UPLOAD,0.95,UPLOAD,0.95,1,1448,100.0,12,0.0,17376.0,0,12,0.0,1.0,0.07434439580012871,0,0,1,1,1,1,1,1,0.9699999999999999,1.0,1.0,1.0,0.8,skip,attack_already_active,1785296225.1791098,1785296225179109808,1384893395808384,8.7,53.359375,-1.0,0,0
2026-07-28T23:37:05.180,10.42.0.210,10.42.0.1,59,3,UPLOAD,0.95,UPLOAD,0.95,1,1448,100.0,13,0.0,18824.0,0,13,0.0,1.0,0.06474198824251075,0,0,1,1,1,1,1,1,0.9699999999999999,1.0,1.0,1.0,0.8,skip,attack_already_active,1785296225.1805842,1785296225180584239,1384893397282944,8.7,53.359375,-1.0,0,0
2026-07-28T23:37:05.182,10.42.0.210,10.42.0.1,59,3,UPLOAD,0.95,UPLOAD,0.95,1,1448,100.0,14,0.0,20272.0,0,14,0.0,1.0,0.0564070378111476,0,0,1,1,1,1,1,1,0.9699999999999999,1.0,1.0,1.0,0.8,skip,attack_already_active,1785296225.1820745,1785296225182074568,1384893398773128,8.7,53.359375,-1.0,0,0
2026-07-28T23:37:05.183,10.42.0.210,10.42.0.1,59,3,UPLOAD,0.95,UPLOAD,0.95,1,1448,100.0,15,0.0,21720.0,0,15,0.0,1.0,0.04916310077203295,0,0,1,1,1,1,1,1,0.9699999999999999,1.0,1.0,1.0,0.8,skip,attack_already_active,1785296225.1835093,1785296225183509330,1384893400207927,8.7,53.359375,-1.0,0,0
2026-07-28T23:37:05.184,10.42.0.210,10.42.0.1,59,3,UPLOAD,0.95,UPLOAD,0.95,1,1448,100.0,16,0.0,23168.0,0,16,0.0,1.0,0.04287696568878415,0,0,1,1,1,1,1,1,0.9699999999999999,1.0,1.0,1.0,0.8,skip,attack_already_active,1785296225.1849687,1785296225184968804,1384893401667247,8.7,53.359375,-1.0,0,0
2026-07-28T23:37:05.186,10.42.0.210,10.42.0.1,59,3,UPLOAD,0.95,UPLOAD,0.95,1,1448,100.0,17,0.0,24616.0,0,17,0.0,1.0,0.037418271609890724,0,0,1,1,1,1,1,1,0.9699999999999999,1.0,1.0,1.0,0.8,skip,attack_already_active,1785296225.1864212,1785296225186421185,1384893403119822,8.7,53.359375,-1.0,0,0
2026-07-28T23:37:05.187,10.42.0.210,10.42.0.1,59,3,UPLOAD,0.95,UPLOAD,0.95,1,1448,100.0,18,0.0,26064.0,0,18,0.0,1.0,0.03267600363520924,0,0,1,1,1,1,1,1,0.9699999999999999,1.0,1.0,1.0,0.8,skip,attack_already_active,1785296225.1878517,1785296225187851694,1384893404550415,8.7,53.359375,-1.0,0,0
2026-07-28T23:37:05.188,10.42.0.210,10.42.0.1,59,3,UPLOAD,0.95,UPLOAD,0.95,1,1448,100.0,19,0.0,27512.0,0,19,0.0,1.0,0.02850074308513216,0,0,1,1,1,1,1,1,0.9699999999999999,1.0,1.0,1.0,0.8,skip,attack_already_active,1785296225.1888428,1785296225188842868,1384893405541217,8.7,53.359375,-1.0,0,0
2026-07-28T23:37:05.190,10.42.0.210,10.42.0.1,59,3,UPLOAD,0.95,UPLOAD,0.95,1,1448,100.0,20,0.0,28960.0,0,20,0.0,1.0,0.02493697078271271,0,0,1,1,1,1,1,1,0.9699999999999999,1.0,1.0,1.0,0.8,skip,attack_already_active,1785296225.190299,1785296225190299251,1384893406997666,8.7,53.359375,-1.0,0,0
2026-07-28T23:37:05.191,10.42.0.210,10.42.0.1,59,3,UPLOAD,0.95,UPLOAD,0.95,1,1448,100.0,21,0.0,30408.0,0,21,0.0,1.0,0.021785161603569757,0,0,1,1,1,1,1,1,0.9699999999999999,1.0,1.0,1.0,0.8,skip,attack_already_active,1785296225.1913178,1785296225191317711,1384893408016222,8.7,53.359375,-1.0,0,0
2026-07-28T23:37:05.193,10.42.0.210,10.42.0.1,59,3,UPLOAD,0.95,UPLOAD,0.95,1,1448,100.0,22,0.0,31856.0,0,22,0.0,1.0,0.019167187145361846,0,0,1,1,1,1,1,1,0.9699999999999999,1.0,1.0,1.0,0.8,skip,attack_already_active,1785296225.1932359,1785296225193236065,1384893409935310,8.7,53.359375,-1.0,0,0
2026-07-28T23:37:05.194,10.42.0.210,10.42.0.1,59,3,UPLOAD,0.95,UPLOAD,0.95,1,1448,100.0,23,0.0,33304.0,0,23,0.0,1.0,0.016786558588687193,0,0,1,1,1,1,1,1,0.9699999999999999,1.0,1.0,1.0,0.8,skip,attack_already_active,1785296225.1943371,1785296225194336995,1384893411035645,8.7,53.359375,-1.0,0,0
2026-07-28T23:37:05.195,10.42.0.210,10.42.0.1,59,3,UPLOAD,0.95,UPLOAD,0.95,1,1448,100.0,24,0.0,34752.0,0,24,0.0,1.0,0.01476877303668723,0,0,1,1,1,1,1,1,0.9699999999999999,1.0,1.0,1.0,0.8,skip,attack_already_active,1785296225.1958113,1785296225195811270,1384893412510085,8.7,53.359375,-1.0,0,0
2026-07-28T23:37:05.196,10.42.0.210,10.42.0.1,59,3,UPLOAD,0.95,UPLOAD,0.95,1,1448,100.0,25,0.0,36200.0,0,25,0.0,1.0,0.01295291411137095,0,0,1,1,1,1,1,1,0.9699999999999999,1.0,1.0,1.0,0.8,skip,attack_already_active,1785296225.1968,1785296225196800008,1384893413498770,8.7,53.359375,-1.0,0,0
2026-07-28T23:37:05.198,10.42.0.210,10.42.0.1,59,3,UPLOAD,0.95,UPLOAD,0.95,1,1448,100.0,26,0.0,37648.0,0,26,0.0,1.0,0.011434681294681543,0,0,1,1,1,1,1,1,0.9699999999999999,1.0,1.0,1.0,0.8,skip,attack_already_active,1785296225.1982315,1785296225198231625,1384893414930352,8.7,53.359375,-1.0,0,0
2026-07-28T23:37:05.199,10.42.0.210,10.42.0.1,59,3,UPLOAD,0.95,UPLOAD,0.95,1,1448,100.0,27,0.0,39096.0,0,27,0.0,1.0,0.010122890549674121,0,0,1,1,1,1,1,1,0.9699999999999999,1.0,1.0,1.0,0.8,skip,attack_already_active,1785296225.1997113,1785296225199711125,1384893416409639,8.7,53.359375,-1.0,0,0
2026-07-28T23:37:05.200,10.42.0.210,10.42.0.1,59,3,UPLOAD,0.95,UPLOAD,0.95,1,1448,100.0,28,0.0,40544.0,0,28,0.0,1.0,0.008918769058909353,0,0,1,1,1,1,1,1,0.9699999999999999,1.0,1.0,1.0,0.8,skip,attack_already_active,1785296225.2006965,1785296225200696614,1384893417395009,8.7,53.359375,-1.0,0,0
2026-07-28T23:37:05.202,10.42.0.210,10.42.0.1,59,3,UPLOAD,0.95,UPLOAD,0.95,1,1448,100.0,29,0.0,41992.0,0,29,0.0,1.0,0.007927012514017649,0,0,1,1,1,1,1,1,0.9699999999999999,1.0,1.0,1.0,0.8,skip,attack_already_active,1785296225.202089,1785296225202088846,1384893418787235,8.7,53.359375,-1.0,0,0
2026-07-28T23:37:05.203,10.42.0.210,10.42.0.1,59,3,UPLOAD,0.95,UPLOAD,0.95,1,1448,100.0,30,0.0,43440.0,0,30,0.0,1.0,0.0070102409661007715,0,0,1,1,1,1,1,1,0.9699999999999999,1.0,1.0,1.0,0.8,skip,attack_already_active,1785296225.203059,1785296225203059006,1384893419757386,8.7,53.359375,-1.0,0,0
2026-07-28T23:37:05.204,10.42.0.210,10.42.0.1,59,3,UPLOAD,0.95,UPLOAD,0.95,1,1448,100.0,31,0.0,44888.0,0,31,0.0,1.0,0.006275069328825939,0,0,1,1,1,1,1,1,0.9699999999999999,1.0,1.0,1.0,0.8,skip,attack_already_active,1785296225.2044902,1785296225204490264,1384893421188675,8.7,53.359375,-1.0,0,0
2026-07-28T23:37:05.205,10.42.0.210,10.42.0.1,59,3,UPLOAD,0.95,UPLOAD,0.95,1,1448,100.0,32,0.0,46336.0,0,32,0.0,1.0,0.00558085142625454,0,0,1,1,1,1,1,1,0.9699999999999999,1.0,1.0,1.0,0.8,skip,attack_already_active,1785296225.205497,1785296225205497034,1384893422195601,8.7,53.359375,-1.0,0,0
2026-07-28T23:37:05.206,10.42.0.210,10.42.0.1,59,3,UPLOAD,0.95,UPLOAD,0.95,1,1448,100.0,33,0.0,47784.0,0,33,0.0,1.0,0.005035293535547873,0,0,1,1,1,1,1,1,0.9699999999999999,1.0,1.0,1.0,0.8,skip,attack_already_active,1785296225.2069378,1785296225206937971,1384893423636586,8.7,53.359375,-1.0,0,0
2026-07-28T23:37:05.207,10.42.0.210,10.42.0.1,59,3,UPLOAD,0.95,UPLOAD,0.95,1,1448,100.0,34,0.0,49232.0,0,34,0.0,1.0,0.004504634934441051,0,0,1,1,1,1,1,1,0.9699999999999999,1.0,1.0,1.0,0.8,skip,attack_already_active,1785296225.207946,1785296225207945958,1384893424644411,8.7,53.359375,-1.0,0,0
2026-07-28T23:37:05.208,10.42.0.210,10.42.0.1,59,3,UPLOAD,0.95,UPLOAD,0.95,1,1448,100.0,35,0.0,50680.0,0,35,0.0,1.0,0.004041201685184162,0,0,1,1,1,1,1,1,0.9699999999999999,1.0,1.0,1.0,0.8,skip,attack_already_active,1785296225.2089338,1785296225208933998,1384893425632500,8.7,53.359375,-1.0,0,0
2026-07-28T23:37:05.209,10.42.0.210,10.42.0.1,59,3,UPLOAD,0.95,UPLOAD,0.95,1,1448,100.0,36,0.0,52128.0,0,36,0.0,1.0,0.0036362294551929553,0,0,1,1,1,1,1,1,0.9699999999999999,1.0,1.0,1.0,0.8,skip,attack_already_active,1785296225.2099018,1785296225209901908,1384893426600326,8.7,53.359375,-1.0,0,0
2026-07-28T23:37:05.210,10.42.0.210,10.42.0.1,59,3,UPLOAD,0.95,UPLOAD,0.95,1,1448,100.0,37,0.0,53576.0,0,37,0.0,1.0,0.003285784672502138,0,0,1,1,1,1,1,1,0.9699999999999999,1.0,1.0,1.0,0.8,skip,attack_already_active,1785296225.2108786,1785296225210878617,1384893427577079,8.7,53.359375,-1.0,0,0
2026-07-28T23:37:05.211,10.42.0.210,10.42.0.1,59,3,UPLOAD,0.95,UPLOAD,0.95,1,1448,100.0,38,0.0,55024.0,0,38,0.0,1.0,0.002982085079558765,0,0,1,1,1,1,1,1,0.9699999999999999,1.0,1.0,1.0,0.8,skip,attack_already_active,1785296225.2118597,1785296225211859734,1384893428558047,8.7,53.359375,-1.0,0,0
2026-07-28T23:37:05.213,10.42.0.1,10.42.0.1,60,3,UPLOAD,0.95,UPLOAD,0.95,1,7240,100.0,1,0.0,7240.0,0,1,0.0,1.0,0.04277187025610833,1,0,1,1,1,1,1,1,0.9699999999999999,1.0,1.0,1.0,0.8,skip,attack_already_active,1785296225.2133331,1785296225213333159,1384893430031622,8.7,53.359375,-1.0,0,0
2026-07-28T23:37:05.214,10.42.0.1,10.42.0.1,60,3,UPLOAD,0.95,UPLOAD,0.95,1,7240,100.0,2,0.0,14480.0,0,2,0.0,1.0,0.037264629953549906,1,0,1,1,1,1,1,1,0.9699999999999999,1.0,1.0,1.0,0.8,skip,attack_already_active,1785296225.214312,1785296225214312168,1384893431010620,8.7,53.359375,-1.0,0,0
2026-07-28T23:37:05.215,10.42.0.1,10.42.0.1,60,3,UPLOAD,0.95,UPLOAD,0.95,1,10136,100.0,3,0.0,24616.0,0,3,0.0,1.0,0.032538837928723155,1,0,1,1,1,1,1,1,0.9699999999999999,1.0,1.0,1.0,0.8,skip,attack_already_active,1785296225.215714,1785296225215714073,1384893432412471,8.7,53.359375,-1.0,0,0
2026-07-28T23:37:05.216,10.42.0.1,10.42.0.1,60,3,UPLOAD,0.95,UPLOAD,0.95,1,4344,100.0,4,0.0,28960.0,0,4,0.0,1.0,0.028380646957342624,1,0,1,1,1,1,1,1,0.9699999999999999,1.0,1.0,1.0,0.8,skip,attack_already_active,1785296225.2166975,1785296225216697471,1384893433395789,8.7,53.359375,-1.0,0,0
2026-07-28T23:37:05.218,10.42.0.1,10.42.0.1,60,3,UPLOAD,0.9514501335800247,UPLOAD,0.9514501335800247,1,14480,100.0,5,0.0,43440.0,0,5,0.0,1.0,0.024889408812672494,1,0,1,1,1,1,1,1,0.9699999999999999,1.0,1.0,1.0,0.8,skip,attack_already_active,1785296225.218584,1785296225218584026,1384893435282489,8.7,53.359375,-1.0,0,0
2026-07-28T23:37:05.219,10.42.0.1,10.42.0.1,60,3,UPLOAD,0.9536363811939153,UPLOAD,0.9536363811939153,1,14480,100.0,6,0.0,57920.0,0,6,0.0,1.0,0.021741730698116586,1,0,1,1,1,1,1,1,0.9699999999999999,1.0,1.0,1.0,0.8,skip,attack_already_active,1785296225.2195866,1785296225219586526,1384893436284838,8.7,53.359375,-1.0,0,0
2026-07-28T23:37:05.221,10.42.0.1,10.42.0.1,60,3,UPLOAD,0.9547449547124847,UPLOAD,0.9547449547124847,1,5792,100.0,7,0.0,63712.0,0,7,0.0,1.0,0.01912300732319203,1,0,1,1,1,1,1,1,0.9699999999999999,1.0,1.0,1.0,0.8,skip,attack_already_active,1785296225.2214556,1785296225221455634,1384893438154450,8.7,53.359375,-1.0,0,0
2026-07-28T23:37:05.222,10.42.0.1,10.42.0.1,60,3,UPLOAD,0.9558410177423632,UPLOAD,0.9558410177423632,1,8688,100.0,8,0.0,72400.0,0,8,0.0,1.0,0.016800667733403964,1,0,1,1,1,1,1,1,0.9699999999999999,1.0,1.0,1.0,0.8,skip,attack_already_active,1785296225.222955,1785296225222954900,1384893439653474,8.7,53.359375,-1.0,0,0
2026-07-28T23:37:05.224,10.42.0.1,10.42.0.1,60,3,UPLOAD,0.9572728467495896,UPLOAD,0.9572728467495896,1,7142,100.0,9,0.0,79542.0,0,9,0.0,1.0,0.014837511588289037,1,0,1,1,1,1,1,1,0.9699999999999999,1.0,1.0,1.0,0.8,skip,attack_already_active,1785296225.2248578,1785296225224857794,1384893441556143,8.7,53.359375,-1.0,0,0
2026-07-28T23:37:05.947,10.42.0.47,10.42.0.1|10.42.0.47,60,3,UPLOAD,0.95,UPLOAD,0.95,1,7240,100.0,1,0.0,7240.0,0,1,0.0,1.0,0.5198881393617963,1,0,0,1,1,1,1,1,0.9699999999999999,1.0,1.0,1.0,0.8,trigger,training_upload_trigger_confirmed,1785296225.947768,1785296225947767996,1384894164466778,42.5,53.359375,6.653175,1785296225954422684,1384894171119953
2026-07-28T23:37:05.948,10.42.0.47,10.42.0.1|10.42.0.47,60,3,UPLOAD,0.95,UPLOAD,0.95,1,7240,100.0,2,0.0,14480.0,0,2,0.0,1.0,0.4515044749431647,1,0,1,1,1,1,1,1,0.9699999999999999,1.0,1.0,1.0,0.8,skip,attack_already_active,1785296225.9487114,1785296225948711310,1384894165409604,42.5,53.359375,-1.0,0,0
2026-07-28T23:37:05.950,10.42.0.47,10.42.0.1|10.42.0.47,60,3,UPLOAD,0.95,UPLOAD,0.95,1,4344,100.0,3,0.0,18824.0,0,3,0.0,1.0,0.39229084694658584,1,0,1,1,1,1,1,1,0.9699999999999999,1.0,1.0,1.0,0.8,skip,attack_already_active,1785296225.95086,1785296225950860003,1384894167558336,42.5,53.359375,-1.0,0,0
2026-07-28T23:37:05.953,10.42.0.47,10.42.0.1|10.42.0.47,60,3,UPLOAD,0.95,UPLOAD,0.95,1,5792,100.0,4,0.0,24616.0,0,4,0.0,1.0,0.3409037206878939,1,0,1,1,1,1,1,1,0.9699999999999999,1.0,1.0,1.0,0.8,skip,attack_already_active,1785296225.9531882,1785296225953187988,1384894169886678,42.5,53.359375,-1.0,0,0
2026-07-28T23:37:05.954,10.42.0.47,10.42.0.1|10.42.0.47,60,3,UPLOAD,0.95,UPLOAD,0.95,1,4344,100.0,5,0.0,28960.0,0,5,0.0,1.0,0.29612071335244217,1,0,1,1,1,1,1,1,0.9699999999999999,1.0,1.0,1.0,0.8,skip,attack_already_active,1785296225.954246,1785296225954246235,1384894170944974,42.5,53.359375,-1.0,0,0
2026-07-28T23:37:05.955,10.42.0.47,10.42.0.1|10.42.0.47,60,3,UPLOAD,0.95,UPLOAD,0.95,1,1448,100.0,6,0.0,30408.0,0,6,0.0,1.0,0.2572498334679669,1,0,1,1,1,1,1,1,0.9699999999999999,1.0,1.0,1.0,0.8,skip,attack_already_active,1785296225.9553864,1785296225955386373,1384894172084812,42.5,53.359375,-1.0,0,0
2026-07-28T23:37:05.958,10.42.0.47,10.42.0.1|10.42.0.47,60,3,UPLOAD,0.95,UPLOAD,0.95,1,13032,100.0,7,0.0,43440.0,0,7,0.0,1.0,0.2237280087662814,1,0,1,1,1,1,1,1,0.9699999999999999,1.0,1.0,1.0,0.8,skip,attack_already_active,1785296225.9582484,1785296225958248569,1384894174947049,42.5,53.359375,-1.0,0,0
2026-07-28T23:37:05.959,10.42.0.47,10.42.0.1|10.42.0.47,60,3,UPLOAD,0.95,UPLOAD,0.95,1,8688,100.0,8,0.0,52128.0,0,8,0.0,1.0,0.1944222443202559,1,0,1,1,1,1,1,1,0.9699999999999999,1.0,1.0,1.0,0.8,skip,attack_already_active,1785296225.959583,1785296225959582924,1384894176281236,42.5,53.359375,-1.0,0,0
2026-07-28T23:37:05.960,10.42.0.47,10.42.0.1|10.42.0.47,60,3,UPLOAD,0.95,UPLOAD,0.95,1,8688,100.0,9,0.0,60816.0,0,9,0.0,1.0,0.1689212086873968,1,0,1,1,1,1,1,1,0.9699999999999999,1.0,1.0,1.0,0.8,skip,attack_already_active,1785296225.960485,1785296225960484856,1384894177182964,42.5,53.359375,-1.0,0,0
2026-07-28T23:37:05.962,10.42.0.47,10.42.0.1|10.42.0.47,60,3,UPLOAD,0.95,UPLOAD,0.95,1,2896,100.0,10,0.0,63712.0,0,10,0.0,1.0,0.14688269671130555,1,0,1,1,1,1,1,1,0.9699999999999999,1.0,1.0,1.0,0.8,skip,attack_already_active,1785296225.962162,1785296225962161970,1384894178860159,42.5,53.359375,-1.0,0,0
2026-07-28T23:37:05.963,10.42.0.47,10.42.0.1|10.42.0.47,60,3,UPLOAD,0.95,UPLOAD,0.95,1,11584,100.0,11,0.0,75296.0,0,11,0.0,1.0,0.1276456570313119,1,0,1,1,1,1,1,1,0.9699999999999999,1.0,1.0,1.0,0.8,skip,attack_already_active,1785296225.9630601,1785296225963060162,1384894179758360,42.5,53.359375,-1.0,0,0
2026-07-28T23:37:05.964,10.42.0.47,10.42.0.1|10.42.0.47,60,3,UPLOAD,0.95,UPLOAD,0.95,1,1448,100.0,12,0.0,76744.0,0,12,0.0,1.0,0.11106449392291262,1,0,1,1,1,1,1,1,0.9699999999999999,1.0,1.0,1.0,0.8,skip,attack_already_active,1785296225.964876,1785296225964876091,1384894181574693,42.5,53.359375,-1.0,0,0
2026-07-28T23:37:05.966,10.42.0.47,10.42.0.1|10.42.0.47,60,3,UPLOAD,0.95,UPLOAD,0.95,1,2784,100.0,13,0.0,79528.0,0,13,0.0,1.0,0.09668102885505499,1,0,1,1,1,1,1,1,0.9699999999999999,1.0,1.0,1.0,0.8,skip,attack_already_active,1785296225.9667883,1785296225966788317,1384894183486522,42.5,53.359375,-1.0,0,0
2026-07-28T23:37:05.968,10.42.0.1,10.42.0.1|10.42.0.47,60,3,UPLOAD,0.9584951979776758,UPLOAD,0.9584951979776758,1,7240,100.0,10,0.0,86782.0,0,10,0.0,1.0,0.08155432350936655,1,0,1,1,1,1,1,1,0.9699999999999999,1.0,1.0,1.0,0.8,skip,attack_already_active,1785296225.9681242,1785296225968124121,1384894184822419,42.5,53.359375,-1.0,0,0
2026-07-28T23:37:05.969,10.42.0.1,10.42.0.1|10.42.0.47,60,3,UPLOAD,0.9597161256542543,UPLOAD,0.9597161256542543,1,7240,100.0,11,0.0,94022.0,0,11,0.0,1.0,0.07092451313562423,1,0,1,1,1,1,1,1,0.9699999999999999,1.0,1.0,1.0,0.8,skip,attack_already_active,1785296225.9690118,1785296225969011722,1384894185709928,42.5,53.359375,-1.0,0,0
2026-07-28T23:37:05.992,10.42.0.1,10.42.0.1|10.42.0.47,60,3,UPLOAD,0.9610024753055634,UPLOAD,0.9610024753055634,1,1448,100.0,12,0.0,95470.0,0,12,0.0,1.0,0.064643531181569,1,0,1,1,1,1,1,1,0.9699999999999999,1.0,1.0,1.0,0.8,skip,attack_already_active,1785296225.9922717,1785296225992271681,1384894208970750,42.5,53.359375,-1.0,0,0
2026-07-28T23:37:06.019,10.42.0.1,10.42.0.1|10.42.0.47,60,3,UPLOAD,0.9623271470095461,UPLOAD,0.9623271470095461,1,10136,100.0,13,0.0,105606.0,0,13,0.0,1.0,0.059686272905117174,1,0,1,1,1,1,1,1,0.9699999999999999,1.0,1.0,1.0,0.8,skip,attack_already_active,1785296226.019296,1785296226019295921,1384894235994576,42.5,53.359375,-1.0,0,0
2026-07-28T23:37:06.021,10.42.0.1,10.42.0.1|10.42.0.47,60,3,UPLOAD,0.9641853650707665,UPLOAD,0.9641853650707665,1,14480,100.0,14,0.0,120086.0,0,14,0.0,1.0,0.05206893567659456,1,0,1,1,1,1,1,1,0.9699999999999999,1.0,1.0,1.0,0.8,skip,attack_already_active,1785296226.0211763,1785296226021176419,1384894237874772,42.5,53.359375,-1.0,0,0
2026-07-28T23:37:06.022,10.42.0.1,10.42.0.1|10.42.0.47,60,3,UPLOAD,0.9653309353442938,UPLOAD,0.9653309353442938,1,20272,100.0,15,0.0,140358.0,0,15,0.0,1.0,0.04539674399425173,1,0,1,1,1,1,1,1,0.9699999999999999,1.0,1.0,1.0,0.8,skip,attack_already_active,1785296226.0226119,1785296226022611900,1384894239310489,42.5,53.359375,-1.0,0,0
2026-07-28T23:37:06.023,10.42.0.1,10.42.0.1|10.42.0.47,60,3,UPLOAD,0.9663671519530755,UPLOAD,0.9663671519530755,1,17376,100.0,16,0.0,157734.0,0,16,0.0,1.0,0.03959620521343047,1,0,1,1,1,1,1,1,0.9699999999999999,1.0,1.0,1.0,0.8,skip,attack_already_active,1785296226.02399,1785296226023989965,1384894240688421,42.5,53.359375,-1.0,0,0
2026-07-28T23:37:06.025,10.42.0.1,10.42.0.1|10.42.0.47,60,3,UPLOAD,0.9669424454313432,UPLOAD,0.9669424454313432,1,1336,100.0,17,0.0,159070.0,0,17,0.0,1.0,0.03455852131001638,1,0,1,1,1,1,1,1,0.9699999999999999,1.0,1.0,1.0,0.8,skip,attack_already_active,1785296226.0253565,1785296226025356428,1384894242054789,42.5,53.359375,-1.0,0,0
2026-07-28T23:37:06.330,10.42.0.1,10.42.0.47,61,1,DOWNLOAD,0.9541225561127301,DOWNLOAD,0.9541225561127301,-1,1448,54.92265189646225,9,1448.0,79528.0,1,8,0.017881841533293814,0.9821181584667061,0.05271826727965807,0,0,0,0,1,0,0,0,0.44,0.8500000000000001,0.0,0.6000000000000001,0.15,skip,training_upload_trigger_not_confirmed,1785296226.3304415,1785296226330441361,1384894547140262,27.4,53.359375,-1.0,0,0
2026-07-28T23:37:06.334,10.42.0.1,10.42.0.47,61,1,DOWNLOAD,0.95,DOWNLOAD,0.95,-1,5792,10.984530385361252,10,7240.0,79528.0,2,8,0.08344089987092015,0.9165591001290798,0.04629165052642604,0,0,0,0,1,0,0,0,0.44,0.8500000000000001,0.0,0.6000000000000001,0.15,skip,training_upload_trigger_not_confirmed,1785296226.33439,1785296226334390057,1384894551088793,27.4,53.359375,-1.0,0,0
2026-07-28T23:37:06.335,10.42.0.1,10.42.0.47,61,1,DOWNLOAD,0.95,DOWNLOAD,0.95,-1,7240,5.492265193059926,11,14480.0,79528.0,3,8,0.15402944430261253,0.8459705556973874,0.04033535926485429,0,0,0,0,1,0,0,0,0.44,0.8500000000000001,0.0,0.6000000000000001,0.15,skip,training_upload_trigger_not_confirmed,1785296226.335481,1785296226335480914,1384894552179432,27.4,53.359375,-1.0,0,0
2026-07-28T23:37:06.337,10.42.0.1,10.42.0.47,61,1,DOWNLOAD,0.95,DOWNLOAD,0.95,-1,7240,3.661510128790906,12,21720.0,79528.0,4,8,0.21452275600505688,0.7854772439949431,0.03530439126301784,0,0,0,0,1,0,0,0,0.4,0.8500000000000001,0.0,0.4,0.15,skip,training_upload_trigger_not_confirmed,1785296226.3376377,1785296226337637583,1384894554336311,27.4,53.359375,-1.0,0,0
2026-07-28T23:37:06.338,10.42.0.1,10.42.0.47,61,1,DOWNLOAD,0.95,DOWNLOAD,0.95,-1,7240,2.746132596624788,13,28960.0,79528.0,5,8,0.26694196593171593,0.7330580340682841,0.030780482853360894,0,0,0,0,1,0,0,0,0.4,0.8500000000000001,0.0,0.4,0.15,skip,training_upload_trigger_not_confirmed,1785296226.3386114,1785296226338611453,1384894555309957,27.4,53.359375,-1.0,0,0
2026-07-28T23:37:06.339,10.42.0.1,10.42.0.47,61,1,DOWNLOAD,0.95,DOWNLOAD,0.95,-1,7240,2.196906077315002,14,36200.0,79528.0,6,8,0.31280243329185675,0.6871975667081432,0.026898453924454595,0,0,0,0,1,0,0,0,0.4,0.8500000000000001,0.0,0.4,0.15,skip,training_upload_trigger_not_confirmed,1785296226.3399322,1785296226339932040,1384894556630472,27.4,53.359375,-1.0,0,0
2026-07-28T23:37:06.340,10.42.0.1,10.42.0.47,61,1,DOWNLOAD,0.95,DOWNLOAD,0.95,-1,7240,1.8307550644375976,15,43440.0,79528.0,7,8,0.3532626374341292,0.6467373625658708,0.023475761441036788,0,0,0,0,1,0,0,0,0.32,0.8500000000000001,0.0,0.0,0.15,skip,training_upload_trigger_not_confirmed,1785296226.3408568,1785296226340856882,1384894557555227,27.4,53.359375,-1.0,0,0
2026-07-28T23:37:06.342,10.42.0.1,10.42.0.47,61,1,DOWNLOAD,0.95,DOWNLOAD,0.95,-1,7240,1.5692186266659585,16,50680.0,79528.0,8,8,0.3892233964118948,0.6107766035881051,0.020604879722450113,0,0,0,0,1,0,0,0,0.32,0.8500000000000001,0.0,0.0,0.15,skip,training_upload_trigger_not_confirmed,1785296226.3425462,1785296226342546241,1384894559244640,27.4,53.359375,-1.0,0,0
2026-07-28T23:37:06.343,10.42.0.1,10.42.0.47,61,1,DOWNLOAD,0.95,DOWNLOAD,0.95,-1,7240,1.3730662983361002,17,57920.0,79528.0,9,8,0.4213957278388918,0.5786042721611082,0.01800771812100182,0,0,0,0,1,0,0,0,0.32,0.8500000000000001,0.0,0.0,0.15,skip,training_upload_trigger_not_confirmed,1785296226.343442,1785296226343442021,1384894560140572,27.4,53.359375,-1.0,0,0
2026-07-28T23:37:06.344,10.42.0.1,10.42.0.47,61,1,DOWNLOAD,0.95,DOWNLOAD,0.95,-1,10136,1.1685670624167073,18,68056.0,79528.0,10,8,0.46113399826539464,0.5388660017346054,0.015752136342826056,0,0,0,0,1,0,0,0,0.30250000000000005,0.8000000000000002,0.0,0.0,0.15,skip,training_upload_trigger_not_confirmed,1785296226.3443327,1785296226344332779,1384894561031028,27.4,53.359375,-1.0,0,0
2026-07-28T23:37:06.345,10.42.0.1,10.42.0.47,61,1,DOWNLOAD,0.95,DOWNLOAD,0.95,-1,14480,0.9635552970829268,19,82536.0,79528.0,11,8,0.5092802843321157,0.4907197156678843,0.013843610781110117,0,0,0,0,1,0,0,0,0.30250000000000005,0.8000000000000002,0.0,0.0,0.15,skip,training_upload_trigger_not_confirmed,1785296226.3456016,1785296226345601450,1384894562300013,27.4,53.359375,-1.0,0,0
2026-07-28T23:37:06.346,10.42.0.1,10.42.0.47,61,1,DOWNLOAD,0.95,DOWNLOAD,0.95,-1,14480,0.8197410736391962,20,97016.0,79528.0,12,8,0.5495287293819104,0.45047127061808956,0.01215145541701661,0,0,0,0,1,0,0,0,0.30250000000000005,0.8000000000000002,0.0,0.0,0.15,skip,training_upload_trigger_not_confirmed,1785296226.3466039,1785296226346603747,1384894563302193,27.4,53.359375,-1.0,0,0
2026-07-28T23:37:06.347,10.42.0.1,10.42.0.47,61,1,DOWNLOAD,0.95,DOWNLOAD,0.95,-1,4344,0.7846093133407201,21,101360.0,79528.0,13,8,0.5603467338905842,0.4396532661094158,0.0106669511961068,0,0,0,0,1,0,0,0,0.28500000000000003,0.7500000000000001,0.0,0.0,0.15,skip,training_upload_trigger_not_confirmed,1785296226.3474898,1785296226347489720,1384894564187953,27.4,53.359375,-1.0,0,0
2026-07-28T23:37:06.348,10.42.0.1,10.42.0.47,61,1,DOWNLOAD,0.95,DOWNLOAD,0.95,-1,14480,0.6865331491739768,22,115840.0,79528.0,14,8,0.5929323123541215,0.40706768764587853,0.009374924982159279,0,0,0,0,1,0,0,0,0.28500000000000003,0.7500000000000001,0.0,0.0,0.15,skip,training_upload_trigger_not_confirmed,1785296226.348352,1785296226348352017,1384894565050128,27.4,53.359375,-1.0,0,0
2026-07-28T23:37:06.349,10.42.0.1,10.42.0.47,61,1,DOWNLOAD,0.95,DOWNLOAD,0.95,-1,14480,0.6102516881552313,23,130320.0,79528.0,15,8,0.6210209294346384,0.3789790705653616,0.008250924195019993,0,0,0,0,1,0,0,0,0.28500000000000003,0.7500000000000001,0.0,0.0,0.15,skip,training_upload_trigger_not_confirmed,1785296226.3491971,1785296226349196992,1384894565895326,27.4,53.359375,-1.0,0,0
2026-07-28T23:37:06.350,10.42.0.1,10.42.0.47,61,1,DOWNLOAD,0.95,DOWNLOAD,0.95,-1,18824,0.5332296304274176,24,149144.0,79528.0,16,8,0.6522180240694094,0.3477819759305905,0.007276074791415944,0,0,0,0,1,0,0,0,0.28500000000000003,0.7500000000000001,0.0,0.0,0.15,skip,training_upload_trigger_not_confirmed,1785296226.3500502,1785296226350050425,1384894566748850,27.4,53.359375,-1.0,0,0
2026-07-28T23:37:06.350,10.42.0.1,10.42.0.47,61,1,DOWNLOAD,0.95,DOWNLOAD,0.95,-1,8688,0.5038775406793052,25,157832.0,79528.0,17,8,0.6649477586788002,0.3350522413211999,0.006432733145835894,0,0,0,0,1,0,0,0,0.28500000000000003,0.7500000000000001,0.0,0.0,0.15,skip,training_upload_trigger_not_confirmed,1785296226.3509264,1785296226350926431,1384894567624622,27.4,53.359375,-1.0,0,0
2026-07-28T23:37:06.352,10.42.0.1,10.42.0.47,61,1,DOWNLOAD,0.95,DOWNLOAD,0.95,-1,18824,0.4501856715908308,26,176656.0,79528.0,18,8,0.6895668738094495,0.3104331261905505,0.005850855047113393,0,0,0,0,1,0,0,0,0.28500000000000003,0.7500000000000001,0.0,0.0,0.15,skip,training_upload_trigger_not_confirmed,1785296226.3529434,1785296226352943470,1384894569642872,27.4,53.359375,-1.0,0,0
2026-07-28T23:37:06.356,10.42.0.1,10.42.0.47,61,1,DOWNLOAD,0.95,DOWNLOAD,0.95,-1,18824,0.4068344587711948,27,195480.0,79528.0,19,8,0.7108156853618803,0.2891843146381196,0.00556560741450217,0,0,0,0,1,0,0,0,0.28500000000000003,0.7500000000000001,0.0,0.0,0.15,skip,training_upload_trigger_not_confirmed,1785296226.3566296,1785296226356629611,1384894573328091,27.4,53.359375,-1.0,0,0
2026-07-28T23:37:06.358,10.42.0.1,10.42.0.47,61,1,DOWNLOAD,0.95,DOWNLOAD,0.95,-1,16946,0.37437978402185046,28,212426.0,79528.0,20,8,0.7276009234331435,0.2723990765668564,0.00502149278067738,0,0,0,0,1,0,0,0,0.28500000000000003,0.7500000000000001,0.0,0.0,0.15,skip,training_upload_trigger_not_confirmed,1785296226.358066,1785296226358066058,1384894574764529,27.4,53.359375,-1.0,0,0
2026-07-28T23:37:06.359,10.42.0.18,10.42.0.47,45,1,DOWNLOAD,0.95,DOWNLOAD,0.95,-1,7300,1.3698630135109776e-10,1,7300.0,0.0,1,0,1.0,0.0,0.2199165035739131,0,0,0,0,0,0,0,0,0.0225,0.0,0.0,0.0,0.15,skip,training_upload_trigger_not_confirmed,1785296226.3594897,1785296226359489903,1384894576188555,27.4,53.359375,-1.0,0,0
2026-07-28T23:37:06.360,10.42.0.18,10.42.0.47,45,1,DOWNLOAD,0.9501674750618252,DOWNLOAD,0.9501674750618252,-1,7300,6.84931506802402e-11,2,14600.0,0.0,2,0,1.0,0.0,0.191069799162679,0,0,0,0,0,0,0,0,0.0225,0.0,0.0,0.0,0.15,skip,training_upload_trigger_not_confirmed,1785296226.3604965,1785296226360496536,1384894577194928,27.4,53.359375,-1.0,0,0
2026-07-28T23:37:06.361,10.42.0.1,10.42.0.47,61,1,DOWNLOAD,0.95,DOWNLOAD,0.95,-1,6784,0.3627936681749792,29,219210.0,79528.0,21,8,0.7337867964570962,0.26621320354290384,0.004808429874376581,0,0,0,0,1,0,0,0,0.28500000000000003,0.7500000000000001,0.0,0.0,0.15,skip,training_upload_trigger_not_confirmed,1785296226.3614707,1785296226361470770,1384894578169024,27.4,53.359375,-1.0,0,0
2026-07-28T23:37:06.362,10.42.0.1,10.42.0.47,61,1,DOWNLOAD,0.95,DOWNLOAD,0.95,-1,21720,0.3300875773073918,30,240930.0,79528.0,22,8,0.7518301930362169,0.24816980696378307,0.004302827819539841,0,0,0,0,1,0,0,0,0.28500000000000003,0.7500000000000001,0.0,0.0,0.15,skip,training_upload_trigger_not_confirmed,1785296226.3624423,1785296226362442295,1384894579140971,27.4,53.359375,-1.0,0,0
2026-07-28T23:37:06.363,10.42.0.1,10.42.0.47,61,1,DOWNLOAD,0.95,DOWNLOAD,0.95,-1,14024,0.3119307796727569,31,254954.0,79528.0,23,8,0.7622353370285995,0.23776466297140056,0.0038631600223016957,0,0,0,0,1,0,0,0,0.28500000000000003,0.7500000000000001,0.0,0.0,0.15,skip,training_upload_trigger_not_confirmed,1785296226.3634086,1785296226363408655,1384894580107630,27.4,53.359375,-1.0,0,0
2026-07-28T23:37:06.364,10.42.0.1,10.42.0.47,61,1,DOWNLOAD,0.95,DOWNLOAD,0.95,-1,21720,0.2874429834415686,32,276674.0,79528.0,24,8,0.776733426538874,0.223266573461126,0.0034898805180407547,0,0,0,0,1,0,0,0,0.28500000000000003,0.7500000000000001,0.0,0.0,0.15,skip,training_upload_trigger_not_confirmed,1785296226.364439,1785296226364439134,1384894581137633,27.4,53.359375,-1.0,0,0
2026-07-28T23:37:06.365,10.42.0.1,10.42.0.47,61,1,DOWNLOAD,0.9552158104978242,DOWNLOAD,0.9552158104978242,-1,14050,0.27355154717438684,33,290724.0,79528.0,25,8,0.7852057517582619,0.21479424824173807,0.0031665751592033445,0,0,0,0,1,0,0,0,0.28500000000000003,0.7500000000000001,0.0,0.0,0.15,skip,training_upload_trigger_not_confirmed,1785296226.3654754,1785296226365475301,1384894582173658,27.4,53.359375,-1.0,0,0
2026-07-28T23:37:06.368,10.42.0.18,10.42.0.47,45,1,DOWNLOAD,0.9539494534181523,DOWNLOAD,0.9539494534181523,-1,10220,4.029008863657171e-11,3,24820.0,0.0,3,0,1.0,0.0,0.1669631710869835,0,0,0,0,0,0,0,0,0.0225,0.0,0.0,0.0,0.15,skip,training_upload_trigger_not_confirmed,1785296226.3686278,1785296226368627657,1384894585326453,27.4,53.359375,-1.0,0,0
2026-07-28T23:37:06.370,10.42.0.18,10.42.0.47,45,1,DOWNLOAD,0.95,DOWNLOAD,0.95,-1,14600,2.536783358636814e-11,4,39420.0,0.0,4,0,1.0,0.0,0.14515050697438397,0,0,0,0,0,0,0,0,0.0225,0.0,0.0,0.0,0.15,skip,training_upload_trigger_not_confirmed,1785296226.3700607,1785296226370060923,1384894586759135,27.4,53.359375,-1.0,0,0
2026-07-28T23:37:06.372,10.42.0.59,10.42.0.47,22,1,DOWNLOAD,0.95,DOWNLOAD,0.95,-1,14600,6.84931506802402e-11,1,14600.0,0.0,1,0,1.0,0.0,0.43302382781849913,0,0,0,0,0,0,0,0,0.0225,0.0,0.0,0.0,0.15,skip,training_upload_trigger_not_confirmed,1785296226.3721066,1785296226372106370,1384894588806219,27.4,53.359375,-1.0,0,0
2026-07-28T23:37:06.373,10.42.0.59,10.42.0.47,22,1,DOWNLOAD,0.95,DOWNLOAD,0.95,-1,14600,3.424657534129292e-11,2,29200.0,0.0,2,0,1.0,0.0,0.3761505964851609,0,0,0,0,0,0,0,0,0.0225,0.0,0.0,0.0,0.15,skip,training_upload_trigger_not_confirmed,1785296226.3735352,1785296226373535128,1384894590233775,27.4,53.359375,-1.0,0,0
2026-07-28T23:37:06.374,10.42.0.210,10.42.0.47,60,1,DOWNLOAD,0.9832537909104272,DOWNLOAD,0.9832537909104272,-1,10136,9.865824781978509e-11,1,10136.0,0.0,1,0,1.0,0.0,0.04750242308292108,0,0,0,0,0,0,0,0,0.0225,0.0,0.0,0.0,0.15,skip,training_upload_trigger_not_confirmed,1785296226.3748145,1785296226374814435,1384894591512944,27.4,53.359375,-1.0,0,0
2026-07-28T23:37:06.377,10.42.0.210,10.42.0.47,60,1,DOWNLOAD,0.95,DOWNLOAD,0.95,-1,14480,4.062398439873968e-11,2,24616.0,0.0,2,0,1.0,0.0,0.04159155056091955,0,0,0,0,0,0,0,0,0.0225,0.0,0.0,0.0,0.15,skip,training_upload_trigger_not_confirmed,1785296226.377461,1785296226377461071,1384894594163151,27.4,53.359375,-1.0,0,0
2026-07-28T23:37:06.378,10.42.0.210,10.42.0.47,60,1,DOWNLOAD,0.9557926560077417,DOWNLOAD,0.9557926560077417,-1,4344,3.453038673913914e-11,3,28960.0,0.0,3,0,1.0,0.0,0.03628370506352198,0,0,0,0,0,0,0,0,0.0225,0.0,0.0,0.0,0.15,skip,training_upload_trigger_not_confirmed,1785296226.3787727,1785296226378772803,1384894595471769,27.4,53.359375,-1.0,0,0
2026-07-28T23:37:06.380,10.42.0.145,10.42.0.47,27,1,DOWNLOAD,0.95,DOWNLOAD,0.95,-1,14600,6.84931506802402e-11,1,14600.0,0.0,1,0,1.0,0.0,0.5978387879195566,0,0,0,0,0,0,0,0,0.0225,0.0,0.0,0.0,0.15,skip,training_upload_trigger_not_confirmed,1785296226.3801985,1785296226380198400,1384894596896760,27.4,53.359375,-1.0,0,0
2026-07-28T23:37:06.381,10.42.0.145,10.42.0.47,27,1,DOWNLOAD,0.95,DOWNLOAD,0.95,-1,14600,3.424657534129292e-11,2,29200.0,0.0,2,0,1.0,0.0,0.5191957223532597,0,0,0,0,0,0,0,0,0.0225,0.0,0.0,0.0,0.15,skip,training_upload_trigger_not_confirmed,1785296226.3812368,1785296226381236834,1384894597935240,27.4,53.359375,-1.0,0,0
2026-07-28T23:37:06.382,10.42.0.18,10.42.0.47,45,1,DOWNLOAD,0.95,DOWNLOAD,0.95,-1,4380,2.2831050227789245e-11,5,43800.0,0.0,5,0,1.0,0.0,0.127641376326512,0,0,0,0,0,0,0,0,0.0225,0.0,0.0,0.0,0.15,skip,training_upload_trigger_not_confirmed,1785296226.3823392,1785296226382339309,1384894599037588,27.4,53.359375,-1.0,0,0
2026-07-28T23:37:06.384,10.42.0.18,10.42.0.47,45,1,DOWNLOAD,0.952923818235362,DOWNLOAD,0.952923818235362,-1,14600,1.7123287670939668e-11,6,58400.0,0.0,6,0,1.0,0.0,0.11107642321155567,0,0,0,0,0,0,0,0,0.0225,0.0,0.0,0.0,0.15,skip,training_upload_trigger_not_confirmed,1785296226.3842738,1785296226384273590,1384894600972610,27.4,53.359375,-1.0,0,0
2026-07-28T23:37:06.385,10.42.0.18,10.42.0.47,45,1,DOWNLOAD,0.9640569694519217,DOWNLOAD,0.9640569694519217,-1,20814,1.2624031105453278e-11,7,79214.0,0.0,7,0,1.0,0.0,0.09658095372016424,0,0,0,0,0,0,0,0,0.0225,0.0,0.0,0.0,0.15,skip,training_upload_trigger_not_confirmed,1785296226.385348,1785296226385348204,1384894602047033,27.4,53.359375,-1.0,0,0
2026-07-28T23:37:06.386,10.42.0.59,10.42.0.47,22,1,DOWNLOAD,0.9530990758665219,DOWNLOAD,0.9530990758665219,-1,24820,1.8511662346936104e-11,3,54020.0,0.0,3,0,1.0,0.0,0.32832313740595476,0,0,0,0,0,0,0,0,0.0225,0.0,0.0,0.0,0.15,skip,training_upload_trigger_not_confirmed,1785296226.3867364,1785296226386736343,1384894603434734,27.4,53.359375,-1.0,0,0
2026-07-28T23:37:06.387,10.42.0.59,10.42.0.47,22,1,DOWNLOAD,0.9627931643942463,DOWNLOAD,0.9627931643942463,-1,10564,1.5483711135645304e-11,4,64584.0,0.0,4,0,1.0,0.0,0.2851781053186224,0,0,0,0,0,0,0,0,0.0225,0.0,0.0,0.0,0.15,skip,training_upload_trigger_not_confirmed,1785296226.3876438,1785296226387643890,1384894604342194,27.4,53.359375,-1.0,0,0
2026-07-28T23:37:06.388,10.42.0.210,10.42.0.47,60,1,DOWNLOAD,0.9846998846180315,DOWNLOAD,0.9846998846180315,-1,14480,2.3020257826357728e-11,4,43440.0,0.0,4,0,1.0,0.0,0.03283975562535088,0,0,0,0,0,0,0,0,0.0225,0.0,0.0,0.0,0.15,skip,training_upload_trigger_not_confirmed,1785296226.3889213,1785296226388921365,1384894605619610,27.4,53.359375,-1.0,0,0
2026-07-28T23:37:06.390,10.42.0.210,10.42.0.47,60,1,DOWNLOAD,0.9854895428954357,DOWNLOAD,0.9854895428954357,-1,20272,1.569563033626796e-11,5,63712.0,0.0,5,0,1.0,0.0,0.028744803636621845,0,0,0,0,0,0,0,0,0.0225,0.0,0.0,0.0,0.15,skip,training_upload_trigger_not_confirmed,1785296226.3906856,1785296226390685342,1384894607383729,27.4,53.359375,-1.0,0,0
2026-07-28T23:37:06.392,10.42.0.210,10.42.0.47,60,1,DOWNLOAD,0.9855083405864443,DOWNLOAD,0.9855083405864443,-1,992,1.5454995054162724e-11,6,64704.0,0.0,6,0,1.0,0.0,0.0251330359739463,0,0,0,0,0,0,0,0,0.0225,0.0,0.0,0.0,0.15,skip,training_upload_trigger_not_confirmed,1785296226.3920217,1785296226392021803,1384894608720095,27.4,53.359375,-1.0,0,0
2026-07-28T23:37:06.393,10.42.0.145,10.42.0.47,27,1,DOWNLOAD,0.95,DOWNLOAD,0.95,-1,29200,1.7123287670939668e-11,3,58400.0,0.0,3,0,1.0,0.0,0.45243201263829647,0,0,0,0,0,0,0,0,0.0225,0.0,0.0,0.0,0.15,skip,training_upload_trigger_not_confirmed,1785296226.3937812,1785296226393781223,1384894610479712,27.4,53.359375,-1.0,0,0
2026-07-28T23:37:06.395,10.42.0.47,10.42.0.47,61,1,DOWNLOAD,0.95,DOWNLOAD,0.95,-1,1448,54.92265189646225,14,1448.0,79528.0,1,13,0.017881841533293814,0.9821181584667061,0.35770567778381684,0,0,0,0,0,0,0,0,0.057499999999999996,0.1,0.0,0.0,0.15,skip,training_upload_trigger_not_confirmed,1785296226.395055,1785296226395055083,1384894611753404,27.4,53.359375,-1.0,0,0
2026-07-28T23:37:06.401,10.42.0.47,10.42.0.47,61,1,DOWNLOAD,0.9829981496648164,DOWNLOAD,0.9829981496648164,-1,4344,13.73066298122744,15,5792.0,79528.0,2,13,0.06788560712611345,0.9321143928738865,0.31135730963774555,0,0,0,0,0,0,0,0,0.057499999999999996,0.1,0.0,0.0,0.15,skip,training_upload_trigger_not_confirmed,1785296226.4010358,1785296226401035901,1384894617734526,27.4,53.359375,-1.0,0,0
2026-07-28T23:37:06.401,10.42.0.47,10.42.0.47,61,1,DOWNLOAD,0.9842257140988042,DOWNLOAD,0.9842257140988042,-1,14480,3.9230465665487837,16,20272.0,79528.0,3,13,0.20312625250501,0.79687374749499,0.2704540040660613,0,0,0,0,0,0,0,0,0.057499999999999996,0.1,0.0,0.0,0.15,skip,training_upload_trigger_not_confirmed,1785296226.4019892,1785296226401989171,1384894618687326,27.4,53.359375,-1.0,0,0
2026-07-28T23:37:06.402,10.42.0.47,10.42.0.47,61,1,DOWNLOAD,0.9842586901286671,DOWNLOAD,0.9842586901286671,-1,8688,2.746132596624788,17,28960.0,79528.0,4,13,0.26694196593171593,0.7330580340682841,0.2349336409243794,0,0,0,0,0,0,0,0,0.057499999999999996,0.1,0.0,0.0,0.15,skip,training_upload_trigger_not_confirmed,1785296226.402889,1785296226402888852,1384894619587226,27.4,53.359375,-1.0,0,0
2026-07-28T23:37:06.404,10.42.0.47,10.42.0.47,61,1,DOWNLOAD,0.9842595481342594,DOWNLOAD,0.9842595481342594,-1,11584,1.961523283322772,18,40544.0,79528.0,5,13,0.33766406822573125,0.6623359317742687,0.2041663092269828,0,0,0,0,0,0,0,0,0.057499999999999996,0.1,0.0,0.0,0.15,skip,training_upload_trigger_not_confirmed,1785296226.404338,1785296226404337958,1384894621036218,27.4,53.359375,-1.0,0,0
2026-07-28T23:37:06.406,10.42.0.47,10.42.0.47,61,1,DOWNLOAD,0.9842595696464124,DOWNLOAD,0.9842595696464124,-1,14480,1.4453329456156343,19,55024.0,79528.0,6,13,0.40894226767346453,0.5910577323265355,0.17752228769215628,0,0,0,0,0,0,0,0,0.057499999999999996,0.1,0.0,0.0,0.15,skip,training_upload_trigger_not_confirmed,1785296226.40631,1785296226406310027,1384894623008569,27.4,53.359375,-1.0,0,0
2026-07-28T23:37:06.413,10.42.0.47,10.42.0.47,61,1,DOWNLOAD,0.9842595701605352,DOWNLOAD,0.9842595701605352,-1,11141,1.2019647850041266,20,66165.0,79528.0,7,13,0.4541398694515179,0.545860130548482,0.15507159280705657,0,0,0,0,0,0,0,0,0.057499999999999996,0.1,0.0,0.0,0.15,skip,training_upload_trigger_not_confirmed,1785296226.4134603,1785296226413460264,1384894630158864,27.4,53.359375,-1.0,0,0
2026-07-28T23:37:06.703,10.42.0.145,10.42.0.47,27,3,UPLOAD,0.95,UPLOAD,0.95,1,64240,1.0999999999982877,4,58400.0,64240.0,3,1,0.47619047619047616,0.5238095238095238,0.5585313802743683,0,0,0,1,1,1,1,1,0.85,1.0,1.0,0.4,0.8,trigger,training_upload_trigger_confirmed,1785296226.7039628,1785296226703962884,1384894920663311,27.4,53.359375,7.983525,1785296226711949596,1384894928646836
2026-07-28T23:37:06.705,10.42.0.145,10.42.0.47,27,3,UPLOAD,0.9841010226033655,UPLOAD,0.9841010226033655,1,13140,1.3249999999944349,5,58400.0,77380.0,3,2,0.43010752688172044,0.5698924731182796,0.4851244846843865,0,0,1,1,1,1,1,1,0.85,1.0,1.0,0.4,0.8,skip,attack_already_active,1785296226.7054296,1785296226705429615,1384894922129708,27.4,53.359375,-1.0,0,0
2026-07-28T23:37:06.707,10.42.0.145,10.42.0.47,27,3,UPLOAD,0.9854688349332961,UPLOAD,0.9854688349332961,1,1460,1.3499999999940067,6,58400.0,78840.0,3,3,0.425531914893617,0.574468085106383,0.42147557096646726,0,0,1,1,1,1,1,1,0.85,1.0,1.0,0.4,0.8,skip,attack_already_active,1785296226.70754,1785296226707540029,1384894924238939,27.4,53.359375,-1.0,0,0
2026-07-28T23:37:06.710,10.42.0.145,10.42.0.47,27,3,UPLOAD,0.9855076450773014,UPLOAD,0.9855076450773014,1,715,1.3622431506787285,7,58400.0,79555.0,3,4,0.4233264470298286,0.5766735529701714,0.3663629093229472,0,0,1,1,1,1,1,1,0.85,1.0,1.0,0.4,0.8,skip,attack_already_active,1785296226.7107809,1785296226710780916,1384894927479764,27.4,53.359375,-1.0,0,0
2026-07-28T23:37:06.712,10.42.0.1,10.42.0.1,61,3,UPLOAD,0.95,UPLOAD,0.95,1,7240,0.2984548919274003,34,290724.0,86768.0,25,9,0.7701461223019296,0.22985387769807042,0.003162095690599769,1,0,0,0,1,0,0,0,0.85,1.0,1.0,0.4,0.8,trigger,training_upload_trigger_confirmed,1785296226.7125542,1785296226712554285,1384894929253404,27.4,53.359375,22.400651,1785296226734956786,1384894951654055
2026-07-28T23:37:06.713,10.42.0.1,10.42.0.1,61,3,UPLOAD,0.95,UPLOAD,0.95,1,5792,0.31837756772981113,35,290724.0,92560.0,25,10,0.7585080514709719,0.24149194852902808,0.0029095685521287763,1,0,1,1,1,1,1,1,0.85,1.0,1.0,0.4,0.8,skip,attack_already_active,1785296226.7138,1785296226713799824,1384894930498499,27.4,53.359375,-1.0,0,0
2026-07-28T23:37:06.715,10.42.0.59,10.42.0.1,22,3,UPLOAD,0.95,UPLOAD,0.95,1,14600,0.22606218259590516,5,64584.0,14600.0,4,1,0.8156193170337442,0.18438068296625582,0.3214362458432177,0,0,0,0,1,0,0,0,0.85,1.0,1.0,0.4,0.8,trigger,training_upload_trigger_confirmed,1785296226.7150006,1785296226715000520,1384894931699281,27.4,53.359375,32.347124,1785296226747349104,1384894964046405
2026-07-28T23:37:06.718,10.42.0.59,10.42.0.1,22,3,UPLOAD,0.9841010226033655,UPLOAD,0.9841010226033655,1,64954,1.23179115570061,6,64584.0,79554.0,4,2,0.44807059900928276,0.5519294009907172,0.2794944944050411,0,0,1,1,1,1,1,1,0.85,1.0,1.0,0.4,0.8,skip,attack_already_active,1785296226.7181525,1785296226718152334,1384894934851588,27.4,53.359375,-1.0,0,0
2026-07-28T23:37:06.719,10.42.0.1,10.42.0.1,61,3,UPLOAD,0.9506361438056274,UPLOAD,0.9506361438056274,1,7240,0.34328091248282466,36,290724.0,99800.0,25,11,0.7444459239380934,0.25555407606190655,0.002965817939424069,1,0,1,1,1,1,1,1,0.9699999999999999,1.0,1.0,1.0,0.8,skip,attack_already_active,1785296226.7199347,1785296226719934741,1384894936633526,27.4,53.359375,-1.0,0,0
2026-07-28T23:37:06.722,10.42.0.1,10.42.0.1,61,3,UPLOAD,0.96277900000093,UPLOAD,0.96277900000093,1,5792,0.3632035882852354,37,290724.0,105592.0,25,12,0.7335661441879712,0.2664338558120288,0.0028752557276844506,1,0,1,1,1,1,1,1,0.9699999999999999,1.0,1.0,1.0,0.8,skip,attack_already_active,1785296226.7222133,1785296226722213504,1384894938912844,27.4,53.359375,-1.0,0,0
2026-07-28T23:37:06.734,10.42.0.1,10.42.0.1,61,3,UPLOAD,0.9577324459989526,UPLOAD,0.9577324459989526,1,1448,0.36818425723583814,38,290724.0,107040.0,25,13,0.730895707002142,0.26910429299785804,0.004068846803612391,1,0,1,1,1,1,1,1,0.9699999999999999,1.0,1.0,1.0,0.8,skip,attack_already_active,1785296226.7341464,1785296226734146212,1384894950845424,27.4,53.359375,-1.0,0,0
2026-07-28T23:37:06.737,10.42.0.1,10.42.0.1,61,3,UPLOAD,0.95,UPLOAD,0.95,1,11584,0.40802960884065975,39,290724.0,118624.0,25,14,0.7102123376686829,0.28978766233131714,0.003963253262956091,1,0,1,1,1,1,1,1,0.9699999999999999,1.0,1.0,1.0,0.8,skip,attack_already_active,1785296226.737414,1785296226737413896,1384894954112652,27.4,53.359375,-1.0,0,0
2026-07-28T23:37:06.738,10.42.0.1,10.42.0.1,61,3,UPLOAD,0.95,UPLOAD,0.95,1,14480,0.45783629834668677,40,290724.0,133104.0,25,15,0.6859480732750078,0.3140519267249922,0.0035758100831487735,1,0,1,1,1,1,1,1,0.9699999999999999,1.0,1.0,1.0,0.8,skip,attack_already_active,1785296226.738437,1785296226738436893,1384894955135427,27.4,53.359375,-1.0,0,0
2026-07-28T23:37:06.739,10.42.0.1,10.42.0.1,61,3,UPLOAD,0.95,UPLOAD,0.95,1,14480,0.5076429878527138,41,290724.0,147584.0,25,16,0.6632870036595271,0.3367129963404729,0.0032366887016458483,1,0,1,1,1,1,1,1,0.9699999999999999,1.0,1.0,1.0,0.8,skip,attack_already_active,1785296226.7394392,1785296226739439282,1384894956137670,27.4,53.359375,-1.0,0,0
2026-07-28T23:37:06.740,10.42.0.1,10.42.0.1,61,3,UPLOAD,0.95,UPLOAD,0.95,1,14480,0.5574496773587407,42,290724.0,162064.0,25,17,0.6420753200173149,0.35792467998268507,0.0029398985489242162,1,0,1,1,1,1,1,1,0.9699999999999999,1.0,1.0,1.0,0.8,skip,attack_already_active,1785296226.7404237,1785296226740423773,1384894957122267,27.4,53.359375,-1.0,0,0
2026-07-28T23:37:06.741,10.42.0.1,10.42.0.1,61,3,UPLOAD,0.95,UPLOAD,0.95,1,4344,0.5723916842105489,43,290724.0,166408.0,25,18,0.6359738543790415,0.3640261456209585,0.002680898226691233,1,0,1,1,1,1,1,1,0.9699999999999999,1.0,1.0,1.0,0.8,skip,attack_already_active,1785296226.741398,1785296226741398047,1384894958096548,27.4,53.359375,-1.0,0,0
2026-07-28T23:37:06.743,10.42.0.1,10.42.0.1,61,3,UPLOAD,0.95,UPLOAD,0.95,1,14480,0.6221983737165758,44,290724.0,180888.0,25,19,0.616447418640747,0.38355258135925296,0.0025568148153418267,1,0,1,1,1,1,1,1,0.9699999999999999,1.0,1.0,1.0,0.8,skip,attack_already_active,1785296226.7431374,1785296226743137188,1384894959836718,27.4,53.359375,-1.0,0,0
2026-07-28T23:37:06.745,10.42.0.1,10.42.0.1,61,3,UPLOAD,0.95,UPLOAD,0.95,1,8688,0.6520823874201921,45,290724.0,189576.0,25,20,0.6052966895690194,0.3947033104309806,0.002572144705075483,1,0,1,1,1,1,1,1,0.9699999999999999,1.0,1.0,1.0,0.8,skip,attack_already_active,1785296226.7458105,1785296226745810307,1384894962509318,27.4,53.359375,-1.0,0,0
2026-07-28T23:37:06.746,10.42.0.1,10.42.0.1,61,3,UPLOAD,0.95,UPLOAD,0.95,1,11486,0.6915906495518375,46,290724.0,201062.0,25,21,0.5911595694062052,0.4088404305937949,0.0023756485645400147,1,0,1,1,1,1,1,1,0.9699999999999999,1.0,1.0,1.0,0.8,skip,attack_already_active,1785296226.7468915,1785296226746891404,1384894963590115,27.4,53.359375,-1.0,0,0
2026-07-28T23:37:06.748,10.42.0.1,10.42.0.1,61,3,UPLOAD,0.95,UPLOAD,0.95,1,14480,0.7413973390578645,47,290724.0,215542.0,25,22,0.5742514804470378,0.4257485195529623,0.002258423899798143,1,0,1,1,1,1,1,1,0.9699999999999999,1.0,1.0,1.0,0.8,skip,attack_already_active,1785296226.7483776,1785296226748377558,1384894965076596,27.4,53.359375,-1.0,0,0
2026-07-28T23:37:06.749,10.42.0.1,10.42.0.1,61,3,UPLOAD,0.95,UPLOAD,0.95,1,14480,0.7912040285638915,48,290724.0,230022.0,25,23,0.5582836930096439,0.44171630699035613,0.0021582487445435537,1,0,1,1,1,1,1,1,0.9699999999999999,1.0,1.0,1.0,0.8,skip,attack_already_active,1785296226.7498758,1785296226749875746,1384894966574233,69.6,53.359375,-1.0,0,0
2026-07-28T23:37:06.751,10.42.0.1,10.42.0.1,61,3,UPLOAD,0.95,UPLOAD,0.95,1,8589,0.8207475131058297,49,290724.0,238611.0,25,24,0.5492249709541217,0.4507750290458783,0.002056130891022236,1,0,1,1,1,1,1,1,0.9699999999999999,1.0,1.0,1.0,0.8,skip,attack_already_active,1785296226.751259,1785296226751259121,1384894967957821,69.6,53.359375,-1.0,0,0
2026-07-28T23:37:06.816,10.42.0.18,10.42.0.1,45,3,UPLOAD,0.95,UPLOAD,0.95,1,1460,0.01843108542658582,8,79214.0,1460.0,7,1,0.9819024716761287,0.018097528323871383,0.14471593238900352,0,0,0,1,1,1,1,1,0.9174999999999999,0.85,1.0,1.0,0.8,trigger,training_upload_trigger_confirmed,1785296226.8163154,1785296226816315276,1384895033014447,69.6,53.359375,34.646053,1785296226850963236,1384895067660500
2026-07-28T23:37:06.821,10.42.0.18,10.42.0.1,45,3,UPLOAD,0.9841010226033655,UPLOAD,0.9841010226033655,1,64240,0.8293988436409044,9,79214.0,65700.0,7,2,0.5466276550229792,0.45337234497702084,0.1263020642893644,0,0,1,1,1,1,1,1,0.9699999999999999,1.0,1.0,1.0,0.8,skip,attack_already_active,1785296226.8212936,1785296226821293613,1384895037992651,69.6,53.359375,-1.0,0,0
2026-07-28T23:37:06.822,10.42.0.18,10.42.0.1,45,3,UPLOAD,0.9854688349332961,UPLOAD,0.9854688349332961,1,3634,0.8752745726781216,10,79214.0,69334.0,7,3,0.5332552440961844,0.4667447559038156,0.10985327674195242,0,0,1,1,1,1,1,1,0.9699999999999999,1.0,1.0,1.0,0.8,skip,attack_already_active,1785296226.8227704,1785296226822770469,1384895039469302,69.6,53.359375,-1.0,0,0
2026-07-28T23:37:06.824,10.42.0.1,10.42.0.1,61,3,UPLOAD,0.95,UPLOAD,0.95,1,7240,0.8456508578588433,50,290724.0,245851.0,25,25,0.5418142850486884,0.45818571495131155,0.002688280843985181,1,0,1,1,1,1,1,1,0.9699999999999999,1.0,1.0,1.0,0.8,skip,attack_already_active,1785296226.824217,1785296226824217079,1384895040915562,69.6,53.359375,-1.0,0,0
2026-07-28T23:37:06.825,10.42.0.1,10.42.0.1,61,3,UPLOAD,0.95,UPLOAD,0.95,1,5792,0.8655735336612541,51,290724.0,251643.0,25,26,0.5360281875556588,0.4639718124443412,0.002465296301984617,1,0,1,1,1,1,1,1,0.9699999999999999,1.0,1.0,1.0,0.8,skip,attack_already_active,1785296226.8252132,1785296226825213180,1384895041911653,69.6,53.359375,-1.0,0,0
2026-07-28T23:37:06.826,10.42.0.1,10.42.0.1,61,3,UPLOAD,0.95,UPLOAD,0.95,1,14480,0.9153802231672811,52,290724.0,266123.0,25,27,0.5220895506306041,0.4779104493693959,0.002338834587755011,1,0,1,1,1,1,1,1,0.9699999999999999,1.0,1.0,1.0,0.8,skip,attack_already_active,1785296226.8267188,1785296226826718689,1384895043417290,69.6,53.359375,-1.0,0,0
2026-07-28T23:37:06.827,10.42.0.1,10.42.0.1,61,3,UPLOAD,0.95,UPLOAD,0.95,1,14480,0.965186912673308,53,290724.0,280603.0,25,28,0.5088574494116329,0.4911425505883671,0.002165668238332209,1,0,1,1,1,1,1,1,0.9699999999999999,1.0,1.0,1.0,0.8,skip,attack_already_active,1785296226.8277435,1785296226827743497,1384895044442171,69.6,53.359375,-1.0,0,0
2026-07-28T23:37:06.829,10.42.0.1,10.42.0.1,61,3,UPLOAD,0.95,UPLOAD,0.95,1,14480,1.014993602179335,54,290724.0,295083.0,25,29,0.49627949136831756,0.5037205086316825,0.0020646776562261012,1,0,1,1,1,1,1,1,0.9699999999999999,1.0,1.0,1.0,0.8,skip,attack_already_active,1785296226.8291428,1785296226829142907,1384895045841415,69.6,53.359375,-1.0,0,0
2026-07-28T23:37:06.830,10.42.0.1,10.42.0.1,61,3,UPLOAD,0.95,UPLOAD,0.95,1,14480,1.064800291685362,55,290724.0,309563.0,25,30,0.48430833917775995,0.51569166082224,0.00197950845295839,1,0,1,1,1,1,1,1,0.9699999999999999,1.0,1.0,1.0,0.8,skip,attack_already_active,1785296226.8305612,1785296226830561302,1384895047259731,69.6,53.359375,-1.0,0,0
2026-07-28T23:37:06.832,10.42.0.1,10.42.0.1,61,3,UPLOAD,0.95,UPLOAD,0.95,1,8589,1.0943437762273003,56,290724.0,318152.0,25,31,0.4774765305250987,0.5225234694749012,0.0020116592116059804,1,0,1,1,1,1,1,1,0.9699999999999999,1.0,1.0,1.0,0.8,skip,attack_already_active,1785296226.8327847,1785296226832784549,1384895049483006,69.6,53.359375,-1.0,0,0
2026-07-28T23:37:06.902,10.42.0.1,10.42.0.1,61,3,UPLOAD,0.5433433933272944,UPLOAD,0.5433433933272944,0,39,1.0943437762273003,56,290724.0,318152.0,25,31,0.4774765305250987,0.5225234694749012,0.0069962151423077126,1,0,1,1,1,1,1,1,0.8200000000000001,0.8000000000000002,1.0,0.6000000000000001,0.8,skip,attack_already_active,1785296226.9025576,1785296226902557645,1384895119256051,69.6,53.359375,-1.0,0,0
2026-07-28T23:37:07.866,10.42.0.47,10.42.0.1,61,2,TRAINING,0.9,TRAINING,0.9,0,43,1.0,0,0.0,0.0,0,0,0.0,0.0,0.38492973000793124,0,0,0,0,0,0,0,0,0.039999999999999994,0.05,0.0,0.0,0.15,skip,training_upload_trigger_not_confirmed,1785296227.8661897,1785296227866189852,1384896082888751,11.6,53.359375,-1.0,0,0
2026-07-28T23:37:07.922,10.42.0.1,10.42.0.1,61,3,UPLOAD,0.5032585147553384,UPLOAD,0.5032585147553384,0,43,1.0,0,0.0,0.0,0,0,0.0,0.0,0.14607326114938393,1,0,1,0,0,0,0,0,0.4375,0.05,1.0,0.0,0.8,skip,attack_already_active,1785296227.922571,1785296227922571109,1384896139270209,11.6,53.359375,-1.0,0,0
2026-07-28T23:37:08.006,10.42.0.145,10.42.0.1,27,3,UPLOAD,0.9855086980780915,UPLOAD,0.9855086980780915,0,39,1.0,0,0.0,0.0,0,0,0.0,0.0,0.3241700038870382,0,0,1,0,0,0,0,0,0.4375,0.05,1.0,0.0,0.8,skip,attack_already_active,1785296228.0064714,1785296228006471421,1384896223170158,11.6,53.359375,-1.0,0,0
2026-07-28T23:37:08.311,10.42.0.210,10.42.0.1,60,3,UPLOAD,0.95,UPLOAD,0.95,1,1448,100.0,1,0.0,1448.0,0,1,0.0,1.0,0.2127099602577463,0,0,0,1,1,1,1,1,0.9525,0.95,1.0,1.0,0.8,trigger,training_upload_trigger_confirmed,1785296228.3119373,1785296228311937394,1384896528636370,11.6,53.359375,5.629344,1785296228317568348,1384896534265714
2026-07-28T23:37:08.312,10.42.0.210,10.42.0.1,60,3,UPLOAD,0.9841010226033655,UPLOAD,0.9841010226033655,1,1448,100.0,2,0.0,2896.0,0,2,0.0,1.0,0.18481170039949357,0,0,1,1,1,1,1,1,0.9699999999999999,1.0,1.0,1.0,0.8,skip,attack_already_active,1785296228.312935,1785296228312935188,1384896529633867,11.6,53.359375,-1.0,0,0
2026-07-28T23:37:08.314,10.42.0.210,10.42.0.1,60,3,UPLOAD,0.9854688349332961,UPLOAD,0.9854688349332961,1,1448,100.0,3,0.0,4344.0,0,3,0.0,1.0,0.16069433912792186,0,0,1,1,1,1,1,1,0.9699999999999999,1.0,1.0,1.0,0.8,skip,attack_already_active,1785296228.3147268,1785296228314726787,1384896531425386,11.6,53.359375,-1.0,0,0
2026-07-28T23:37:08.315,10.42.0.210,10.42.0.1,60,3,UPLOAD,0.9855076450773014,UPLOAD,0.9855076450773014,1,1448,100.0,4,0.0,5792.0,0,4,0.0,1.0,0.13965282925879166,0,0,1,1,1,1,1,1,0.9699999999999999,1.0,1.0,1.0,0.8,skip,attack_already_active,1785296228.315743,1785296228315742866,1384896532441411,11.6,53.359375,-1.0,0,0
2026-07-28T23:37:08.317,10.42.0.210,10.42.0.1,60,3,UPLOAD,0.9855086980780915,UPLOAD,0.9855086980780915,1,1448,100.0,5,0.0,7240.0,0,5,0.0,1.0,0.12142313652227776,0,0,1,1,1,1,1,1,0.9699999999999999,1.0,1.0,1.0,0.8,skip,attack_already_active,1785296228.3170557,1785296228317055671,1384896533754451,11.6,53.359375,-1.0,0,0
2026-07-28T23:37:08.317,10.42.0.210,10.42.0.1,60,3,UPLOAD,0.9855087254685951,UPLOAD,0.9855087254685951,1,1448,100.0,6,0.0,8688.0,0,6,0.0,1.0,0.10552317173220403,0,0,1,1,1,1,1,1,0.9699999999999999,1.0,1.0,1.0,0.8,skip,attack_already_active,1785296228.3178184,1785296228317818310,1384896534516664,11.6,53.359375,-1.0,0,0
2026-07-28T23:37:08.319,10.42.0.210,10.42.0.1,60,3,UPLOAD,0.9855087261493067,UPLOAD,0.9855087261493067,1,1448,100.0,7,0.0,10136.0,0,7,0.0,1.0,0.09179564052588134,0,0,1,1,1,1,1,1,0.9699999999999999,1.0,1.0,1.0,0.8,skip,attack_already_active,1785296228.3191671,1785296228319167282,1384896535866757,11.6,53.359375,-1.0,0,0
2026-07-28T23:37:08.320,10.42.0.210,10.42.0.1,60,3,UPLOAD,0.9855087261653082,UPLOAD,0.9855087261653082,1,1448,100.0,8,0.0,11584.0,0,8,0.0,1.0,0.07981892511105786,0,0,1,1,1,1,1,1,0.9699999999999999,1.0,1.0,1.0,0.8,skip,attack_already_active,1785296228.3200748,1785296228320074784,1384896536773960,11.6,53.359375,-1.0,0,0
2026-07-28T23:37:08.321,10.42.0.210,10.42.0.1,60,3,UPLOAD,0.985508726165656,UPLOAD,0.985508726165656,1,1448,100.0,9,0.0,13032.0,0,9,0.0,1.0,0.06945725629628989,0,0,1,1,1,1,1,1,0.9699999999999999,1.0,1.0,1.0,0.8,skip,attack_already_active,1785296228.321262,1785296228321261746,1384896537960489,11.6,53.359375,-1.0,0,0
2026-07-28T23:37:08.322,10.42.0.210,10.42.0.1,60,3,UPLOAD,0.9855087261656625,UPLOAD,0.9855087261656625,1,1448,100.0,10,0.0,14480.0,0,10,0.0,1.0,0.060406670059636756,0,0,1,1,1,1,1,1,0.9699999999999999,1.0,1.0,1.0,0.8,skip,attack_already_active,1785296228.3220367,1785296228322036683,1384896538734902,21.9,53.359375,-1.0,0,0
2026-07-28T23:37:08.322,10.42.0.210,10.42.0.1,60,3,UPLOAD,0.95,UPLOAD,0.95,1,1448,100.0,11,0.0,15928.0,0,11,0.0,1.0,0.05256936130195265,0,0,1,1,1,1,1,1,0.9699999999999999,1.0,1.0,1.0,0.8,skip,attack_already_active,1785296228.3229682,1785296228322968398,1384896539666528,21.9,53.359375,-1.0,0,0
2026-07-28T23:37:08.323,10.42.0.210,10.42.0.1,60,3,UPLOAD,0.95,UPLOAD,0.95,1,1448,100.0,12,0.0,17376.0,0,12,0.0,1.0,0.0457345861252276,0,0,1,1,1,1,1,1,0.9699999999999999,1.0,1.0,1.0,0.8,skip,attack_already_active,1785296228.3236704,1785296228323670157,1384896540368637,21.9,53.359375,-1.0,0,0
2026-07-28T23:37:08.324,10.42.0.210,10.42.0.1,60,3,UPLOAD,0.95,UPLOAD,0.95,1,1448,100.0,13,0.0,18824.0,0,13,0.0,1.0,0.03984896840830416,0,0,1,1,1,1,1,1,0.9699999999999999,1.0,1.0,1.0,0.8,skip,attack_already_active,1785296228.3247406,1785296228324740504,1384896541438963,21.9,53.359375,-1.0,0,0
2026-07-28T23:37:08.325,10.42.0.210,10.42.0.1,60,3,UPLOAD,0.95,UPLOAD,0.95,1,1448,100.0,14,0.0,20272.0,0,14,0.0,1.0,0.03469996716231842,0,0,1,1,1,1,1,1,0.9699999999999999,1.0,1.0,1.0,0.8,skip,attack_already_active,1785296228.3255153,1785296228325515177,1384896542214625,21.9,53.359375,-1.0,0,0
2026-07-28T23:37:08.326,10.42.0.210,10.42.0.1,60,3,UPLOAD,0.95,UPLOAD,0.95,1,1448,100.0,15,0.0,21720.0,0,15,0.0,1.0,0.030295292444282397,0,0,1,1,1,1,1,1,0.9699999999999999,1.0,1.0,1.0,0.8,skip,attack_already_active,1785296228.3267894,1785296228326789429,1384896543487936,21.9,53.359375,-1.0,0,0
2026-07-28T23:37:08.327,10.42.0.210,10.42.0.1,60,3,UPLOAD,0.95,UPLOAD,0.95,1,1448,100.0,16,0.0,23168.0,0,16,0.0,1.0,0.02640317963711962,0,0,1,1,1,1,1,1,0.9699999999999999,1.0,1.0,1.0,0.8,skip,attack_already_active,1785296228.3275485,1785296228327548426,1384896544246570,21.9,53.359375,-1.0,0,0
2026-07-28T23:37:08.328,10.42.0.210,10.42.0.1,60,3,UPLOAD,0.95,UPLOAD,0.95,1,1448,100.0,17,0.0,24616.0,0,17,0.0,1.0,0.02307182816955599,0,0,1,1,1,1,1,1,0.9699999999999999,1.0,1.0,1.0,0.8,skip,attack_already_active,1785296228.328671,1785296228328671067,1384896545369337,21.9,53.359375,-1.0,0,0
2026-07-28T23:37:08.329,10.42.0.210,10.42.0.1,60,3,UPLOAD,0.95,UPLOAD,0.95,1,1448,100.0,18,0.0,26064.0,0,18,0.0,1.0,0.02011634605142039,0,0,1,1,1,1,1,1,0.9699999999999999,1.0,1.0,1.0,0.8,skip,attack_already_active,1785296228.3293145,1785296228329314491,1384896546012834,21.9,53.359375,-1.0,0,0
2026-07-28T23:37:08.330,10.42.0.210,10.42.0.1,60,3,UPLOAD,0.95,UPLOAD,0.95,1,1448,100.0,19,0.0,27512.0,0,19,0.0,1.0,0.01758214692828442,0,0,1,1,1,1,1,1,0.9699999999999999,1.0,1.0,1.0,0.8,skip,attack_already_active,1785296228.3301995,1785296228330199584,1384896546897657,21.9,53.359375,-1.0,0,0
2026-07-28T23:37:08.330,10.42.0.210,10.42.0.1,60,3,UPLOAD,0.95,UPLOAD,0.95,1,1448,100.0,20,0.0,28960.0,0,20,0.0,1.0,0.015348053920707462,0,0,1,1,1,1,1,1,0.9699999999999999,1.0,1.0,1.0,0.8,skip,attack_already_active,1785296228.3308277,1785296228330827759,1384896547525867,21.9,53.359375,-1.0,0,0
2026-07-28T23:37:08.331,10.42.0.210,10.42.0.1,60,3,UPLOAD,0.95,UPLOAD,0.95,1,1448,100.0,21,0.0,30408.0,0,21,0.0,1.0,0.013457557108627569,0,0,1,1,1,1,1,1,0.9699999999999999,1.0,1.0,1.0,0.8,skip,attack_already_active,1785296228.3318293,1785296228331829121,1384896548527324,21.9,53.359375,-1.0,0,0
2026-07-28T23:37:08.332,10.42.0.210,10.42.0.1,60,3,UPLOAD,0.95,UPLOAD,0.95,1,1448,100.0,22,0.0,31856.0,0,22,0.0,1.0,0.011818441568380047,0,0,1,1,1,1,1,1,0.9699999999999999,1.0,1.0,1.0,0.8,skip,attack_already_active,1785296228.332848,1785296228332848169,1384896549546585,21.9,53.359375,-1.0,0,0
2026-07-28T23:37:08.333,10.42.0.210,10.42.0.1,60,3,UPLOAD,0.95,UPLOAD,0.95,1,1448,100.0,23,0.0,33304.0,0,23,0.0,1.0,0.01038303537242052,0,0,1,1,1,1,1,1,0.9699999999999999,1.0,1.0,1.0,0.8,skip,attack_already_active,1785296228.3337736,1785296228333773567,1384896550471798,21.9,53.359375,-1.0,0,0
2026-07-28T23:37:08.334,10.42.0.210,10.42.0.1,60,3,UPLOAD,0.95,UPLOAD,0.95,1,1448,100.0,24,0.0,34752.0,0,24,0.0,1.0,0.009095967756816311,0,0,1,1,1,1,1,1,0.9699999999999999,1.0,1.0,1.0,0.8,skip,attack_already_active,1785296228.3343894,1785296228334389523,1384896551087663,21.9,53.359375,-1.0,0,0
2026-07-28T23:37:08.335,10.42.0.210,10.42.0.1,60,3,UPLOAD,0.95,UPLOAD,0.95,1,1448,100.0,25,0.0,36200.0,0,25,0.0,1.0,0.008021513324876403,0,0,1,1,1,1,1,1,0.9699999999999999,1.0,1.0,1.0,0.8,skip,attack_already_active,1785296228.3353317,1785296228335331693,1384896552030150,21.9,53.359375,-1.0,0,0
2026-07-28T23:37:08.336,10.42.0.210,10.42.0.1,60,3,UPLOAD,0.95,UPLOAD,0.95,1,1448,100.0,26,0.0,37648.0,0,26,0.0,1.0,0.007053488393020024,0,0,1,1,1,1,1,1,0.9699999999999999,1.0,1.0,1.0,0.8,skip,attack_already_active,1785296228.336007,1785296228336007103,1384896552705256,21.9,53.359375,-1.0,0,0
2026-07-28T23:37:08.336,10.42.0.210,10.42.0.1,60,3,UPLOAD,0.95,UPLOAD,0.95,1,1448,100.0,27,0.0,39096.0,0,27,0.0,1.0,0.006247772166993029,0,0,1,1,1,1,1,1,0.9699999999999999,1.0,1.0,1.0,0.8,skip,attack_already_active,1785296228.3369462,1785296228336946079,1384896553644579,21.9,53.359375,-1.0,0,0
2026-07-28T23:37:08.337,10.42.0.210,10.42.0.1,60,3,UPLOAD,0.95,UPLOAD,0.95,1,1448,100.0,28,0.0,40544.0,0,28,0.0,1.0,0.005517156879331788,0,0,1,1,1,1,1,1,0.9699999999999999,1.0,1.0,1.0,0.8,skip,attack_already_active,1785296228.3376496,1785296228337649700,1384896554348083,21.9,53.359375,-1.0,0,0
2026-07-28T23:37:08.338,10.42.0.210,10.42.0.1,60,3,UPLOAD,0.95,UPLOAD,0.95,1,1448,100.0,29,0.0,41992.0,0,29,0.0,1.0,0.004921210195617853,0,0,1,1,1,1,1,1,0.9699999999999999,1.0,1.0,1.0,0.8,skip,attack_already_active,1785296228.3386443,1785296228338644303,1384896555343005,21.9,53.359375,-1.0,0,0
2026-07-28T23:37:08.339,10.42.0.210,10.42.0.1,60,3,UPLOAD,0.95,UPLOAD,0.95,1,1448,100.0,30,0.0,43440.0,0,30,0.0,1.0,0.004358741400947017,0,0,1,1,1,1,1,1,0.9699999999999999,1.0,1.0,1.0,0.8,skip,attack_already_active,1785296228.339297,1785296228339296925,1384896555995133,21.9,53.359375,-1.0,0,0
2026-07-28T23:37:08.340,10.42.0.210,10.42.0.1,60,3,UPLOAD,0.95,UPLOAD,0.95,1,1448,100.0,31,0.0,44888.0,0,31,0.0,1.0,0.003903285736149397,0,0,1,1,1,1,1,1,0.9699999999999999,1.0,1.0,1.0,0.8,skip,attack_already_active,1785296228.3401995,1785296228340199407,1384896556897549,21.9,53.359375,-1.0,0,0
2026-07-28T23:37:08.340,10.42.0.210,10.42.0.1,60,3,UPLOAD,0.95,UPLOAD,0.95,1,1448,100.0,32,0.0,46336.0,0,32,0.0,1.0,0.003470994793708015,0,0,1,1,1,1,1,1,0.9699999999999999,1.0,1.0,1.0,0.8,skip,attack_already_active,1785296228.3408222,1785296228340822373,1384896557520351,21.9,53.359375,-1.0,0,0
2026-07-28T23:37:08.341,10.42.0.210,10.42.0.1,60,3,UPLOAD,0.95,UPLOAD,0.95,1,1448,100.0,33,0.0,47784.0,0,33,0.0,1.0,0.0031307620875271184,0,0,1,1,1,1,1,1,0.9699999999999999,1.0,1.0,1.0,0.8,skip,attack_already_active,1785296228.3417113,1785296228341711346,1384896558409476,21.9,53.359375,-1.0,0,0
2026-07-28T23:37:08.342,10.42.0.210,10.42.0.1,60,3,UPLOAD,0.95,UPLOAD,0.95,1,1448,100.0,34,0.0,49232.0,0,34,0.0,1.0,0.0028040087188203923,0,0,1,1,1,1,1,1,0.9699999999999999,1.0,1.0,1.0,0.8,skip,attack_already_active,1785296228.3423624,1785296228342362378,1384896559060581,21.9,53.359375,-1.0,0,0
2026-07-28T23:37:08.343,10.42.0.210,10.42.0.1,60,3,UPLOAD,0.95,UPLOAD,0.95,1,1448,100.0,35,0.0,50680.0,0,35,0.0,1.0,0.002529864016109047,0,0,1,1,1,1,1,1,0.9699999999999999,1.0,1.0,1.0,0.8,skip,attack_already_active,1785296228.343086,1785296228343086174,1384896559784579,21.9,53.359375,-1.0,0,0
2026-07-28T23:37:08.343,10.42.0.210,10.42.0.1,60,3,UPLOAD,0.95,UPLOAD,0.95,1,1448,100.0,36,0.0,52128.0,0,36,0.0,1.0,0.0022868492063923963,0,0,1,1,1,1,1,1,0.9699999999999999,1.0,1.0,1.0,0.8,skip,attack_already_active,1785296228.3437717,1785296228343771569,1384896560469660,21.9,53.359375,-1.0,0,0
2026-07-28T23:37:08.344,10.42.0.210,10.42.0.1,60,3,UPLOAD,0.95,UPLOAD,0.95,1,1448,100.0,37,0.0,53576.0,0,37,0.0,1.0,0.0020788422048866402,0,0,1,1,1,1,1,1,0.9699999999999999,1.0,1.0,1.0,0.8,skip,attack_already_active,1785296228.34448,1785296228344479972,1384896561178313,21.9,53.359375,-1.0,0,0
2026-07-28T23:37:08.345,10.42.0.210,10.42.0.1,60,3,UPLOAD,0.95,UPLOAD,0.95,1,1448,100.0,38,0.0,55024.0,0,38,0.0,1.0,0.001932238930610636,0,0,1,1,1,1,1,1,0.9699999999999999,1.0,1.0,1.0,0.8,skip,attack_already_active,1785296228.3454463,1785296228345446423,1384896562144660,21.9,53.359375,-1.0,0,0
2026-07-28T23:37:08.354,10.42.0.1,10.42.0.1,61,3,UPLOAD,0.95,UPLOAD,0.95,1,7240,100.0,1,0.0,7240.0,0,1,0.0,1.0,0.1768622151934681,1,0,1,1,1,1,1,1,0.9699999999999999,1.0,1.0,1.0,0.8,skip,attack_already_active,1785296228.3544002,1785296228354400158,1384896571098666,21.9,53.359375,-1.0,0,0
2026-07-28T23:37:08.355,10.42.0.1,10.42.0.1,61,3,UPLOAD,0.95,UPLOAD,0.95,1,7240,100.0,2,0.0,14480.0,0,2,0.0,1.0,0.15365026042525057,1,0,1,1,1,1,1,1,0.9699999999999999,1.0,1.0,1.0,0.8,skip,attack_already_active,1785296228.3551133,1785296228355113336,1384896571811492,21.9,53.359375,-1.0,0,0
2026-07-28T23:37:08.374,10.42.0.1,10.42.0.1,61,3,UPLOAD,0.95,UPLOAD,0.95,1,1448,100.0,3,0.0,15928.0,0,3,0.0,1.0,0.1360005821057264,1,0,1,1,1,1,1,1,0.9699999999999999,1.0,1.0,1.0,0.8,skip,attack_already_active,1785296228.374825,1785296228374825059,1384896591523642,21.9,53.359375,-1.0,0,0
2026-07-28T23:37:08.458,10.42.0.1,10.42.0.1,61,3,UPLOAD,0.9505242200305668,UPLOAD,0.9505242200305668,1,10136,100.0,4,0.0,26064.0,0,4,0.0,1.0,0.12911799256502032,1,0,1,1,1,1,1,1,0.9699999999999999,1.0,1.0,1.0,0.8,skip,attack_already_active,1785296228.4585955,1785296228458595518,1384896675293905,21.9,53.359375,-1.0,0,0
2026-07-28T23:37:08.459,10.42.0.1,10.42.0.1,61,3,UPLOAD,0.9527124620519646,UPLOAD,0.9527124620519646,1,14480,100.0,5,0.0,40544.0,0,5,0.0,1.0,0.11220551882915299,1,0,1,1,1,1,1,1,0.9699999999999999,1.0,1.0,1.0,0.8,skip,attack_already_active,1785296228.4593694,1785296228459369525,1384896676067753,21.9,53.359375,-1.0,0,0
2026-07-28T23:37:08.461,10.42.0.1,10.42.0.1,61,3,UPLOAD,0.9535990566836768,UPLOAD,0.9535990566836768,1,18824,100.0,6,0.0,59368.0,0,6,0.0,1.0,0.09763631972610905,1,0,1,1,1,1,1,1,0.9699999999999999,1.0,1.0,1.0,0.8,skip,attack_already_active,1785296228.4610133,1785296228461013342,1384896677711803,21.9,53.359375,-1.0,0,0
2026-07-28T23:37:08.462,10.42.0.1,10.42.0.1,61,3,UPLOAD,0.9544989252495012,UPLOAD,0.9544989252495012,1,20161,100.0,7,0.0,79529.0,0,7,0.0,1.0,0.08500471997263895,1,0,1,1,1,1,1,1,0.9699999999999999,1.0,1.0,1.0,0.8,skip,attack_already_active,1785296228.462792,1785296228462791841,1384896679490193,21.9,53.359375,-1.0,0,0
2026-07-28T23:37:08.644,10.42.0.1,10.42.0.1,61,3,UPLOAD,0.9502341678403629,UPLOAD,0.9502341678403629,0,43,100.0,7,0.0,79529.0,0,7,0.0,1.0,0.09861629244983591,1,0,1,1,1,1,1,1,0.8374999999999999,0.8500000000000001,1.0,0.6000000000000001,0.8,skip,attack_already_active,1785296228.6441195,1785296228644119575,1384896860818751,21.9,53.359375,-1.0,0,0
2026-07-28T23:37:11.986,10.42.0.47,10.42.0.1|10.42.0.47,61,3,UPLOAD,0.95,UPLOAD,0.95,1,7240,100.0,1,0.0,7240.0,0,1,0.0,1.0,0.7975319561963368,1,0,0,1,1,1,1,1,0.9699999999999999,1.0,1.0,1.0,0.8,trigger,training_upload_trigger_confirmed,1785296231.986079,1785296231986078892,1384900202777624,7.6,53.359375,6.6428,1785296231992723161,1384900209420424
2026-07-28T23:37:11.987,10.42.0.47,10.42.0.1|10.42.0.47,61,3,UPLOAD,0.95,UPLOAD,0.95,1,7240,100.0,2,0.0,14480.0,0,2,0.0,1.0,0.6925720417312564,1,0,1,1,1,1,1,1,0.9699999999999999,1.0,1.0,1.0,0.8,skip,attack_already_active,1785296231.9870992,1785296231987099028,1384900203797657,7.6,53.359375,-1.0,0,0
2026-07-28T23:37:11.994,10.42.0.47,10.42.0.1|10.42.0.47,61,3,UPLOAD,0.95,UPLOAD,0.95,1,10136,100.0,3,0.0,24616.0,0,3,0.0,1.0,0.602294986417699,1,0,1,1,1,1,1,1,0.9699999999999999,1.0,1.0,1.0,0.8,skip,attack_already_active,1785296231.9945836,1785296231994583528,1384900211282774,7.6,53.359375,-1.0,0,0
2026-07-28T23:37:11.995,10.42.0.47,10.42.0.1|10.42.0.47,61,3,UPLOAD,0.95,UPLOAD,0.95,1,4344,100.0,4,0.0,28960.0,0,4,0.0,1.0,0.5230547797373086,1,0,1,1,1,1,1,1,0.9699999999999999,1.0,1.0,1.0,0.8,skip,attack_already_active,1785296231.9955466,1785296231995546619,1384900212245122,7.6,53.359375,-1.0,0,0
2026-07-28T23:37:11.997,10.42.0.47,10.42.0.1|10.42.0.47,61,3,UPLOAD,0.95,UPLOAD,0.95,1,13032,100.0,5,0.0,41992.0,0,5,0.0,1.0,0.4543472685556613,1,0,1,1,1,1,1,1,0.9699999999999999,1.0,1.0,1.0,0.8,skip,attack_already_active,1785296231.997199,1785296231997199197,1384900213897536,7.6,53.359375,-1.0,0,0
2026-07-28T23:37:11.999,10.42.0.47,10.42.0.1|10.42.0.47,61,3,UPLOAD,0.95,UPLOAD,0.95,1,1448,100.0,6,0.0,43440.0,0,6,0.0,1.0,0.394783130149318,1,0,1,1,1,1,1,1,0.9699999999999999,1.0,1.0,1.0,0.8,skip,attack_already_active,1785296231.9995306,1785296231999530558,1384900216228958,7.6,53.359375,-1.0,0,0
2026-07-28T23:37:12.000,10.42.0.47,10.42.0.1|10.42.0.47,61,3,UPLOAD,0.95,UPLOAD,0.95,1,18824,100.0,7,0.0,62264.0,0,7,0.0,1.0,0.34288938463982477,1,0,1,1,1,1,1,1,0.9699999999999999,1.0,1.0,1.0,0.8,skip,attack_already_active,1785296232.0005064,1785296232000506449,1384900217205348,7.6,53.359375,-1.0,0,0
2026-07-28T23:37:12.002,10.42.0.47,10.42.0.1|10.42.0.47,61,3,UPLOAD,0.95,UPLOAD,0.95,1,7240,100.0,8,0.0,69504.0,0,8,0.0,1.0,0.2979297960321171,1,0,1,1,1,1,1,1,0.9699999999999999,1.0,1.0,1.0,0.8,skip,attack_already_active,1785296232.00221,1785296232002209798,1384900218908351,7.6,53.359375,-1.0,0,0
2026-07-28T23:37:12.003,10.42.0.47,10.42.0.1|10.42.0.47,61,3,UPLOAD,0.95,UPLOAD,0.95,1,10024,100.0,9,0.0,79528.0,0,9,0.0,1.0,0.25884826687479673,1,0,1,1,1,1,1,1,0.9699999999999999,1.0,1.0,1.0,0.8,skip,attack_already_active,1785296232.0035608,1785296232003560830,1384900220259457,7.6,53.359375,-1.0,0,0
2026-07-28T23:37:12.005,10.42.0.1,10.42.0.1|10.42.0.47,61,3,UPLOAD,0.95,UPLOAD,0.95,1,7240,100.0,1,0.0,7240.0,0,1,0.0,1.0,0.17505160981655482,1,0,0,1,1,1,1,1,0.9699999999999999,1.0,1.0,1.0,0.8,skip,already_attacked_this_round,1785296232.0050793,1785296232005079316,1384900221779127,7.6,53.359375,-1.0,0,0
2026-07-28T23:37:12.006,10.42.0.1,10.42.0.1|10.42.0.47,61,3,UPLOAD,0.95,UPLOAD,0.95,1,7240,100.0,2,0.0,14480.0,0,2,0.0,1.0,0.15216989140392093,1,0,0,1,1,1,1,1,0.9699999999999999,1.0,1.0,1.0,0.8,skip,already_attacked_this_round,1785296232.0064878,1785296232006487899,1384900223190125,7.6,53.359375,-1.0,0,0
2026-07-28T23:37:12.061,10.42.0.1,10.42.0.1|10.42.0.47,61,3,UPLOAD,0.95,UPLOAD,0.95,1,10136,100.0,3,0.0,24616.0,0,3,0.0,1.0,0.1394040957162612,1,0,0,1,1,1,1,1,0.9699999999999999,1.0,1.0,1.0,0.8,skip,already_attacked_this_round,1785296232.0617816,1785296232061781851,1384900278480675,7.6,53.359375,-1.0,0,0
2026-07-28T23:37:12.063,10.42.0.1,10.42.0.1|10.42.0.47,61,3,UPLOAD,0.95,UPLOAD,0.95,1,14480,100.0,4,0.0,39096.0,0,4,0.0,1.0,0.12124214736721606,1,0,0,1,1,1,1,1,0.9699999999999999,1.0,1.0,1.0,0.8,skip,already_attacked_this_round,1785296232.0633597,1785296232063359841,1384900280058732,7.6,53.359375,-1.0,0,0
2026-07-28T23:37:12.065,10.42.0.1,10.42.0.1|10.42.0.47,61,3,UPLOAD,0.95,UPLOAD,0.95,1,17376,100.0,5,0.0,56472.0,0,5,0.0,1.0,0.10551680482115425,1,0,0,1,1,1,1,1,0.9699999999999999,1.0,1.0,1.0,0.8,skip,already_attacked_this_round,1785296232.0652666,1785296232065266588,1384900281965184,7.6,53.359375,-1.0,0,0
2026-07-28T23:37:12.066,10.42.0.1,10.42.0.1|10.42.0.47,61,3,UPLOAD,0.9527465745059388,UPLOAD,0.9527465745059388,1,20272,100.0,6,0.0,76744.0,0,6,0.0,1.0,0.09181128799375823,1,0,0,1,1,1,1,1,0.9699999999999999,1.0,1.0,1.0,0.8,skip,already_attacked_this_round,1785296232.066776,1785296232066776060,1384900283474459,7.6,53.359375,-1.0,0,0
2026-07-28T23:37:12.068,10.42.0.1,10.42.0.1|10.42.0.47,61,3,UPLOAD,0.9549142931647808,UPLOAD,0.9549142931647808,1,2784,100.0,7,0.0,79528.0,0,7,0.0,1.0,0.07996430697752219,1,0,0,1,1,1,1,1,0.9699999999999999,1.0,1.0,1.0,0.8,skip,already_attacked_this_round,1785296232.0686839,1785296232068683851,1384900285382287,7.6,53.359375,-1.0,0,0
2026-07-28T23:37:12.362,10.42.0.1,10.42.0.1,62,1,DOWNLOAD,0.95,DOWNLOAD,0.95,-1,1448,54.92265189646225,8,1448.0,79528.0,1,7,0.017881841533293814,0.9821181584667061,0.20870869750444576,0,0,0,0,1,0,0,0,0.44,0.8500000000000001,0.0,0.6000000000000001,0.15,skip,training_upload_trigger_not_confirmed,1785296232.3627152,1785296232362715218,1384900579414248,21.2,53.359375,-1.0,0,0
2026-07-28T23:37:12.366,10.42.0.1,10.42.0.1,62,1,DOWNLOAD,0.95,DOWNLOAD,0.95,-1,5792,10.984530385361252,9,7240.0,79528.0,2,7,0.08344089987092015,0.9165591001290798,0.18171882738940204,0,0,0,0,1,0,0,0,0.44,0.8500000000000001,0.0,0.6000000000000001,0.15,skip,training_upload_trigger_not_confirmed,1785296232.3666053,1785296232366605356,1384900583303946,21.2,53.359375,-1.0,0,0
2026-07-28T23:37:12.367,10.42.0.1,10.42.0.1,62,1,DOWNLOAD,0.95,DOWNLOAD,0.95,-1,7240,5.492265193059926,10,14480.0,79528.0,3,7,0.15402944430261253,0.8459705556973874,0.15791289032203537,0,0,0,0,1,0,0,0,0.44,0.8500000000000001,0.0,0.6000000000000001,0.15,skip,training_upload_trigger_not_confirmed,1785296232.3676674,1785296232367667520,1384900584366089,21.2,53.359375,-1.0,0,0
2026-07-28T23:37:12.369,10.42.0.1,10.42.0.1,62,1,DOWNLOAD,0.95,DOWNLOAD,0.95,-1,7240,3.661510128790906,11,21720.0,79528.0,4,7,0.21452275600505688,0.7854772439949431,0.13738559797281025,0,0,0,0,1,0,0,0,0.4,0.8500000000000001,0.0,0.4,0.15,skip,training_upload_trigger_not_confirmed,1785296232.3698044,1785296232369804195,1384900586504054,21.2,53.359375,-1.0,0,0
2026-07-28T23:37:12.371,10.42.0.1,10.42.0.1,62,1,DOWNLOAD,0.95,DOWNLOAD,0.95,-1,7240,2.746132596624788,12,28960.0,79528.0,5,7,0.26694196593171593,0.7330580340682841,0.11950650727928196,0,0,0,0,1,0,0,0,0.4,0.8500000000000001,0.0,0.4,0.15,skip,training_upload_trigger_not_confirmed,1785296232.3715105,1785296232371510529,1384900588209614,21.2,53.359375,-1.0,0,0
2026-07-28T23:37:12.372,10.42.0.1,10.42.0.1,62,1,DOWNLOAD,0.95,DOWNLOAD,0.95,-1,7240,2.196906077315002,13,36200.0,79528.0,6,7,0.31280243329185675,0.6871975667081432,0.10394930487926962,0,0,0,0,1,0,0,0,0.4,0.8500000000000001,0.0,0.4,0.15,skip,training_upload_trigger_not_confirmed,1785296232.3729577,1785296232372957754,1384900589656335,21.2,53.359375,-1.0,0,0
2026-07-28T23:37:12.373,10.42.0.1,10.42.0.1,62,1,DOWNLOAD,0.95,DOWNLOAD,0.95,-1,7240,1.8307550644375976,14,43440.0,79528.0,7,7,0.3532626374341292,0.6467373625658708,0.09037403146120884,0,0,0,0,1,0,0,0,0.32,0.8500000000000001,0.0,0.0,0.15,skip,training_upload_trigger_not_confirmed,1785296232.373888,1785296232373887955,1384900590586712,21.2,53.359375,-1.0,0,0
2026-07-28T23:37:12.375,10.42.0.1,10.42.0.1,62,1,DOWNLOAD,0.95,DOWNLOAD,0.95,-1,7240,1.5692186266659585,15,50680.0,79528.0,8,7,0.3892233964118948,0.6107766035881051,0.07861876721073485,0,0,0,0,1,0,0,0,0.32,0.8500000000000001,0.0,0.0,0.15,skip,training_upload_trigger_not_confirmed,1785296232.3750546,1785296232375054472,1384900591753243,21.2,53.359375,-1.0,0,0
2026-07-28T23:37:12.376,10.42.0.1,10.42.0.1,62,1,DOWNLOAD,0.95,DOWNLOAD,0.95,-1,7240,1.3730662983361002,16,57920.0,79528.0,9,7,0.4213957278388918,0.5786042721611082,0.06839611531944255,0,0,0,0,1,0,0,0,0.32,0.8500000000000001,0.0,0.0,0.15,skip,training_upload_trigger_not_confirmed,1785296232.3760965,1785296232376096386,1384900592794750,21.2,53.359375,-1.0,0,0
2026-07-28T23:37:12.377,10.42.0.1,10.42.0.1,62,1,DOWNLOAD,0.95,DOWNLOAD,0.95,-1,10136,1.1685670624167073,17,68056.0,79528.0,10,7,0.46113399826539464,0.5388660017346054,0.05951624375574503,0,0,0,0,1,0,0,0,0.30250000000000005,0.8000000000000002,0.0,0.0,0.15,skip,training_upload_trigger_not_confirmed,1785296232.3771057,1785296232377105719,1384900593804080,21.2,53.359375,-1.0,0,0
2026-07-28T23:37:12.378,10.42.0.1,10.42.0.1,62,1,DOWNLOAD,0.95,DOWNLOAD,0.95,-1,14480,0.9635552970829268,18,82536.0,79528.0,11,7,0.5092802843321157,0.4907197156678843,0.05180016621897041,0,0,0,0,1,0,0,0,0.30250000000000005,0.8000000000000002,0.0,0.0,0.15,skip,training_upload_trigger_not_confirmed,1785296232.3780668,1785296232378066786,1384900594765204,21.2,53.359375,-1.0,0,0
2026-07-28T23:37:12.379,10.42.0.1,10.42.0.1,62,1,DOWNLOAD,0.95,DOWNLOAD,0.95,-1,14480,0.8197410736391962,19,97016.0,79528.0,12,7,0.5495287293819104,0.45047127061808956,0.045099236991684305,0,0,0,0,1,0,0,0,0.30250000000000005,0.8000000000000002,0.0,0.0,0.15,skip,training_upload_trigger_not_confirmed,1785296232.3790154,1785296232379015353,1384900595713729,21.2,53.359375,-1.0,0,0
2026-07-28T23:37:12.379,10.42.0.1,10.42.0.1,62,1,DOWNLOAD,0.95,DOWNLOAD,0.95,-1,11584,0.7323020257851537,20,108600.0,79528.0,13,7,0.5772665419288995,0.4227334580711005,0.039278680085251726,0,0,0,0,1,0,0,0,0.28500000000000003,0.7500000000000001,0.0,0.0,0.15,skip,training_upload_trigger_not_confirmed,1785296232.379944,1785296232379944283,1384900596642581,21.2,53.359375,-1.0,0,0
2026-07-28T23:37:12.380,10.42.0.1,10.42.0.1,62,1,DOWNLOAD,0.95,DOWNLOAD,0.95,-1,2896,0.7132811939467489,21,111496.0,79528.0,14,7,0.5836753496942793,0.41632465030572074,0.0342221393124592,0,0,0,0,1,0,0,0,0.28500000000000003,0.7500000000000001,0.0,0.0,0.15,skip,training_upload_trigger_not_confirmed,1785296232.38085,1785296232380850081,1384900597548568,21.2,53.359375,-1.0,0,0
2026-07-28T23:37:12.381,10.42.0.1,10.42.0.1,62,1,DOWNLOAD,0.95,DOWNLOAD,0.95,-1,14480,0.6312948498155895,22,125976.0,79528.0,15,7,0.6130099657427592,0.3869900342572407,0.029837042563406607,0,0,0,0,1,0,0,0,0.28500000000000003,0.7500000000000001,0.0,0.0,0.15,skip,training_upload_trigger_not_confirmed,1785296232.381795,1785296232381794915,1384900598493506,21.2,53.359375,-1.0,0,0
2026-07-28T23:37:12.382,10.42.0.1,10.42.0.1,62,1,DOWNLOAD,0.95,DOWNLOAD,0.95,-1,14480,0.5662129065360951,23,140456.0,79528.0,16,7,0.6384827987489999,0.36151720125100006,0.026027716055256278,0,0,0,0,1,0,0,0,0.28500000000000003,0.7500000000000001,0.0,0.0,0.15,skip,training_upload_trigger_not_confirmed,1785296232.382724,1785296232382724156,1384900599422416,21.2,53.359375,-1.0,0,0
2026-07-28T23:37:12.387,10.42.0.1,10.42.0.1,62,1,DOWNLOAD,0.95,DOWNLOAD,0.95,-1,4344,0.5492265193401296,24,144800.0,79528.0,17,7,0.6454833993081559,0.3545166006918441,0.02324339975800247,0,0,0,0,1,0,0,0,0.28500000000000003,0.7500000000000001,0.0,0.0,0.15,skip,training_upload_trigger_not_confirmed,1785296232.3876224,1785296232387622480,1384900604321447,21.2,53.359375,-1.0,0,0
2026-07-28T23:37:12.388,10.42.0.1,10.42.0.1,62,1,DOWNLOAD,0.95,DOWNLOAD,0.95,-1,18824,0.48604116755802296,25,163624.0,79528.0,18,7,0.672928867539646,0.327071132460354,0.02032377681821687,0,0,0,0,1,0,0,0,0.28500000000000003,0.7500000000000001,0.0,0.0,0.15,skip,training_upload_trigger_not_confirmed,1785296232.3887095,1785296232388709646,1384900605407956,21.2,53.359375,-1.0,0,0
2026-07-28T23:37:12.390,10.42.0.1,10.42.0.1,62,1,DOWNLOAD,0.95,DOWNLOAD,0.95,-1,18824,0.435894062968978,26,182448.0,79528.0,19,7,0.6964302073472379,0.30356979265276207,0.017894134203775707,0,0,0,0,1,0,0,0,0.28500000000000003,0.7500000000000001,0.0,0.0,0.15,skip,training_upload_trigger_not_confirmed,1785296232.3905954,1785296232390595344,1384900607293927,21.2,53.359375,-1.0,0,0
2026-07-28T23:37:12.391,10.42.0.1,10.42.0.1,62,1,DOWNLOAD,0.95,DOWNLOAD,0.95,-1,18824,0.3951269923317941,27,201272.0,79528.0,20,7,0.7167806267806268,0.28321937321937324,0.01569074960166331,0,0,0,0,1,0,0,0,0.28500000000000003,0.7500000000000001,0.0,0.0,0.15,skip,training_upload_trigger_not_confirmed,1785296232.3917687,1785296232391768681,1384900608467263,21.2,53.359375,-1.0,0,0
2026-07-28T23:37:12.392,10.42.0.1,10.42.0.1,62,1,DOWNLOAD,0.95,DOWNLOAD,0.95,-1,8232,0.3796013441300423,28,209504.0,79528.0,21,7,0.7248470757563177,0.2751529242436824,0.013762006094223905,0,0,0,0,1,0,0,0,0.28500000000000003,0.7500000000000001,0.0,0.0,0.15,skip,training_upload_trigger_not_confirmed,1785296232.3928227,1785296232392822912,1384900609521162,21.2,53.359375,-1.0,0,0
2026-07-28T23:37:12.393,10.42.0.1,10.42.0.1,62,1,DOWNLOAD,0.95,DOWNLOAD,0.95,-1,1448,0.3769957146679007,29,210952.0,79528.0,22,7,0.7262186725419995,0.27378132745800055,0.012083997232409306,0,0,0,0,1,0,0,0,0.28500000000000003,0.7500000000000001,0.0,0.0,0.15,skip,training_upload_trigger_not_confirmed,1785296232.3938508,1785296232393850900,1384900610549362,21.2,53.359375,-1.0,0,0
2026-07-28T23:37:12.394,10.42.0.1,10.42.0.1,62,1,DOWNLOAD,0.95,DOWNLOAD,0.95,-1,15472,0.35123485143204236,30,226424.0,79528.0,23,7,0.7400638008576509,0.2599361991423491,0.010625504805419055,0,0,0,0,1,0,0,0,0.28500000000000003,0.7500000000000001,0.0,0.0,0.15,skip,training_upload_trigger_not_confirmed,1785296232.3948667,1785296232394866570,1384900611564840,21.2,53.359375,-1.0,0,0
2026-07-28T23:37:12.397,10.42.0.1,10.42.0.1,62,1,DOWNLOAD,0.95,DOWNLOAD,0.95,-1,20272,0.322372474627386,31,246696.0,79528.0,24,7,0.7562165873755456,0.24378341262445435,0.009533602883644358,0,0,0,0,1,0,0,0,0.28500000000000003,0.7500000000000001,0.0,0.0,0.15,skip,training_upload_trigger_not_confirmed,1785296232.397206,1785296232397205903,1384900613904413,21.2,53.359375,-1.0,0,0
2026-07-28T23:37:12.398,10.42.0.1,10.42.0.1,62,1,DOWNLOAD,0.95,DOWNLOAD,0.95,-1,6784,0.3137446741387338,32,253480.0,79528.0,25,7,0.761182914524576,0.23881708547542402,0.008409270850783229,0,0,0,0,1,0,0,0,0.28500000000000003,0.7500000000000001,0.0,0.0,0.15,skip,training_upload_trigger_not_confirmed,1785296232.3982074,1785296232398207588,1384900614905777,21.2,53.359375,-1.0,0,0
2026-07-28T23:37:12.399,10.42.0.210,10.42.0.1,61,1,DOWNLOAD,0.9833715006551436,DOWNLOAD,0.9833715006551436,-1,7240,1.381215469422484e-10,1,7240.0,0.0,1,0,1.0,0.0,0.1456734883059039,0,0,0,0,0,0,0,0,0.0225,0.0,0.0,0.0,0.15,skip,training_upload_trigger_not_confirmed,1785296232.3996274,1785296232399627588,1384900616325966,21.2,53.359375,-1.0,0,0
2026-07-28T23:37:12.400,10.42.0.47,10.42.0.1,62,1,DOWNLOAD,0.95,DOWNLOAD,0.95,-1,7240,10.984530385361252,10,7240.0,79528.0,1,9,0.08344089987092015,0.9165591001290798,0.7443784788715798,0,0,0,0,0,0,0,0,0.057499999999999996,0.1,0.0,0.0,0.15,skip,training_upload_trigger_not_confirmed,1785296232.4006133,1785296232400613268,1384900617311491,21.2,53.359375,-1.0,0,0
2026-07-28T23:37:12.401,10.42.0.47,10.42.0.1,62,1,DOWNLOAD,0.9829981496648164,DOWNLOAD,0.9829981496648164,-1,5792,6.102516881130868,11,13032.0,79528.0,2,9,0.1407951598962835,0.8592048401037166,0.6464124364587689,0,0,0,0,0,0,0,0,0.057499999999999996,0.1,0.0,0.0,0.15,skip,training_upload_trigger_not_confirmed,1785296232.4015546,1785296232401554599,1384900618252757,21.2,53.359375,-1.0,0,0
2026-07-28T23:37:12.402,10.42.0.145,10.42.0.1,27,3,UPLOAD,0.9855087254685951,UPLOAD,0.9855087254685951,0,43,1.0,0,0.0,0.0,0,0,0.0,0.0,0.6631636080110699,0,0,0,0,0,0,0,0,0.4375,0.05,1.0,0.0,0.8,skip,already_attacked_this_round,1785296232.4029253,1785296232402925253,1384900619623377,21.2,53.359375,-1.0,0,0
2026-07-28T23:37:12.404,10.42.0.145,10.42.0.1,28,1,DOWNLOAD,0.95,DOWNLOAD,0.95,-1,14600,6.84931506802402e-11,1,14600.0,0.0,1,0,1.0,0.0,0.957844260892366,0,0,0,0,0,0,0,0,0.0225,0.0,0.0,0.0,0.15,skip,training_upload_trigger_not_confirmed,1785296232.404423,1785296232404423032,1384900621122722,21.2,53.359375,-1.0,0,0
2026-07-28T23:37:12.405,10.42.0.145,10.42.0.1,28,1,DOWNLOAD,0.95,DOWNLOAD,0.95,-1,14600,3.424657534129292e-11,2,29200.0,0.0,2,0,1.0,0.0,0.8317815212128339,0,0,0,0,0,0,0,0,0.0225,0.0,0.0,0.0,0.15,skip,training_upload_trigger_not_confirmed,1785296232.405612,1785296232405611942,1384900622310455,21.2,53.359375,-1.0,0,0
2026-07-28T23:37:12.408,10.42.0.18,10.42.0.1,46,1,DOWNLOAD,0.95,DOWNLOAD,0.95,-1,10220,9.784735811175661e-11,1,10220.0,0.0,1,0,1.0,0.0,0.679895674892269,0,0,0,0,0,0,0,0,0.0225,0.0,0.0,0.0,0.15,skip,training_upload_trigger_not_confirmed,1785296232.4085464,1785296232408546662,1384900625244991,21.2,53.359375,-1.0,0,0
2026-07-28T23:37:12.409,10.42.0.18,10.42.0.1,46,1,DOWNLOAD,0.95,DOWNLOAD,0.95,-1,4380,6.84931506802402e-11,2,14600.0,0.0,2,0,1.0,0.0,0.5904329147111976,0,0,0,0,0,0,0,0,0.0225,0.0,0.0,0.0,0.15,skip,training_upload_trigger_not_confirmed,1785296232.409534,1785296232409533862,1384900626232070,21.2,53.359375,-1.0,0,0
2026-07-28T23:37:12.412,10.42.0.59,10.42.0.1,23,1,DOWNLOAD,0.95,DOWNLOAD,0.95,-1,14600,6.84931506802402e-11,1,14600.0,0.0,1,0,1.0,0.0,0.5197122485219294,0,0,0,0,0,0,0,0,0.0225,0.0,0.0,0.0,0.15,skip,training_upload_trigger_not_confirmed,1785296232.4123125,1785296232412312544,1384900629011178,21.2,53.359375,-1.0,0,0
2026-07-28T23:37:12.413,10.42.0.59,10.42.0.1,23,1,DOWNLOAD,0.9508348181779027,DOWNLOAD,0.9508348181779027,-1,14600,3.424657534129292e-11,2,29200.0,0.0,2,0,1.0,0.0,0.45135424400633306,0,0,0,0,0,0,0,0,0.0225,0.0,0.0,0.0,0.15,skip,training_upload_trigger_not_confirmed,1785296232.4132748,1785296232413274893,1384900629973167,21.2,53.359375,-1.0,0,0
2026-07-28T23:37:12.414,10.42.0.18,10.42.0.1,46,1,DOWNLOAD,0.944547673211869,DOWNLOAD,0.944547673211869,0,43,6.84931506802402e-11,2,14600.0,0.0,2,0,1.0,0.0,1.0977291637873374,0,0,0,0,0,0,0,0,0.0225,0.0,0.0,0.0,0.15,skip,training_upload_trigger_not_confirmed,1785296232.4141858,1785296232414185668,1384900630883959,21.2,53.359375,-1.0,0,0
2026-07-28T23:37:12.415,10.42.0.18,10.42.0.1,46,1,DOWNLOAD,0.95,DOWNLOAD,0.95,-1,14600,3.424657534129292e-11,3,29200.0,0.0,3,0,1.0,0.0,0.9538194783792281,0,0,0,0,0,0,0,0,0.0225,0.0,0.0,0.0,0.15,skip,training_upload_trigger_not_confirmed,1785296232.4151723,1785296232415172331,1384900631870550,21.2,53.359375,-1.0,0,0
2026-07-28T23:37:12.420,10.42.0.145,10.42.0.1,28,1,DOWNLOAD,0.95,DOWNLOAD,0.95,-1,29200,1.7123287670939668e-11,3,58400.0,0.0,3,0,1.0,0.0,0.7241098354895461,0,0,0,0,0,0,0,0,0.0225,0.0,0.0,0.0,0.15,skip,training_upload_trigger_not_confirmed,1785296232.4203029,1785296232420302921,1384900637008852,21.2,53.359375,-1.0,0,0
2026-07-28T23:37:12.421,10.42.0.145,10.42.0.1,28,1,DOWNLOAD,0.95,DOWNLOAD,0.95,-1,6201,1.5479636537894463e-11,4,64601.0,0.0,4,0,1.0,0.0,0.6288686580248538,0,0,0,0,0,0,0,0,0.0225,0.0,0.0,0.0,0.15,skip,training_upload_trigger_not_confirmed,1785296232.4216537,1785296232421653806,1384900638353679,21.2,53.359375,-1.0,0,0
2026-07-28T23:37:12.423,10.42.0.47,10.42.0.1,62,1,DOWNLOAD,0.9842257140988042,DOWNLOAD,0.9842257140988042,0,43,6.102516881130868,11,13032.0,79528.0,2,9,0.1407951598962835,0.8592048401037166,0.6166025161312116,0,0,0,0,0,0,0,0,0.057499999999999996,0.1,0.0,0.0,0.15,skip,training_upload_trigger_not_confirmed,1785296232.423754,1785296232423753966,1384900640452970,21.2,53.359375,-1.0,0,0
2026-07-28T23:37:12.425,10.42.0.47,10.42.0.1,62,1,DOWNLOAD,0.9842586901286671,DOWNLOAD,0.9842586901286671,-1,5792,4.224819379344197,12,18824.0,79528.0,3,9,0.19139417602082318,0.8086058239791768,0.5384854489446715,0,0,0,0,0,0,0,0,0.057499999999999996,0.1,0.0,0.0,0.15,skip,training_upload_trigger_not_confirmed,1785296232.4253483,1785296232425348408,1384900642046823,21.2,53.359375,-1.0,0,0
2026-07-28T23:37:12.426,10.42.0.47,10.42.0.1,62,1,DOWNLOAD,0.9842595481342594,DOWNLOAD,0.9842595481342594,-1,11584,2.6153643777421935,13,30408.0,79528.0,4,9,0.27659729297045554,0.7234027070295445,0.4676600564996557,0,0,0,0,0,0,0,0,0.057499999999999996,0.1,0.0,0.0,0.15,skip,training_upload_trigger_not_confirmed,1785296232.4263594,1785296232426359194,1384900643057545,21.2,53.359375,-1.0,0,0
2026-07-28T23:37:12.429,10.42.0.18,10.42.0.1,46,1,DOWNLOAD,0.95,DOWNLOAD,0.95,-1,14600,2.2831050227789245e-11,4,43800.0,0.0,4,0,1.0,0.0,0.8299781482250193,0,0,0,0,0,0,0,0,0.0225,0.0,0.0,0.0,0.15,skip,training_upload_trigger_not_confirmed,1785296232.4291942,1785296232429194317,1384900645892525,21.2,53.359375,-1.0,0,0
2026-07-28T23:37:12.430,10.42.0.18,10.42.0.1,46,1,DOWNLOAD,0.95,DOWNLOAD,0.95,-1,5840,2.014504431869168e-11,5,49640.0,0.0,5,0,1.0,0.0,0.7207920737397523,0,0,0,0,0,0,0,0,0.0225,0.0,0.0,0.0,0.15,skip,training_upload_trigger_not_confirmed,1785296232.4305894,1785296232430589412,1384900647288185,21.2,53.359375,-1.0,0,0
2026-07-28T23:37:12.432,10.42.0.18,10.42.0.1,46,1,DOWNLOAD,0.95,DOWNLOAD,0.95,-1,8760,1.7123287670939668e-11,6,58400.0,0.0,6,0,1.0,0.0,0.6260539436086578,0,0,0,0,0,0,0,0,0.0225,0.0,0.0,0.0,0.15,skip,training_upload_trigger_not_confirmed,1785296232.43244,1785296232432439939,1384900649138480,21.2,53.359375,-1.0,0,0
2026-07-28T23:37:12.435,10.42.0.59,10.42.0.1,23,1,DOWNLOAD,0.9537389226871495,DOWNLOAD,0.9537389226871495,-1,24820,1.8511662346936104e-11,3,54020.0,0.0,3,0,1.0,0.0,0.3948446908229443,0,0,0,0,0,0,0,0,0.0225,0.0,0.0,0.0,0.15,skip,training_upload_trigger_not_confirmed,1785296232.4357936,1785296232435793545,1384900652491814,21.2,53.359375,-1.0,0,0
2026-07-28T23:37:12.436,10.42.0.59,10.42.0.1,23,1,DOWNLOAD,0.9615387336045139,DOWNLOAD,0.9615387336045139,-1,10564,1.5483711135645304e-11,4,64584.0,0.0,4,0,1.0,0.0,0.3429420163338639,0,0,0,0,0,0,0,0,0.0225,0.0,0.0,0.0,0.15,skip,training_upload_trigger_not_confirmed,1785296232.4367633,1785296232436763336,1384900653461563,21.2,53.359375,-1.0,0,0
2026-07-28T23:37:12.438,10.42.0.210,10.42.0.1,61,1,DOWNLOAD,0.95,DOWNLOAD,0.95,-1,1448,1.1510128912119e-10,2,8688.0,0.0,2,0,1.0,0.0,0.13156176423441981,0,0,0,0,0,0,0,0,0.0225,0.0,0.0,0.0,0.15,skip,training_upload_trigger_not_confirmed,1785296232.438211,1785296232438211078,1384900654909284,21.2,53.359375,-1.0,0,0
2026-07-28T23:37:12.439,10.42.0.18,10.42.0.1,46,1,DOWNLOAD,0.95,DOWNLOAD,0.95,-1,6201,1.5479636537894463e-11,7,64601.0,0.0,7,0,1.0,0.0,0.5444533638670089,0,0,0,0,0,0,0,0,0.0225,0.0,0.0,0.0,0.15,skip,training_upload_trigger_not_confirmed,1785296232.4392498,1785296232439249635,1384900655947912,21.2,53.359375,-1.0,0,0
2026-07-28T23:37:12.444,10.42.0.47,10.42.0.1,62,1,DOWNLOAD,0.9842595696464124,DOWNLOAD,0.9842595696464124,-1,8688,2.0341722938143496,14,39096.0,79528.0,5,9,0.3295791745346642,0.6704208254653359,0.4083877588587382,0,0,0,0,0,0,0,0,0.057499999999999996,0.1,0.0,0.0,0.15,skip,training_upload_trigger_not_confirmed,1785296232.4442184,1785296232444218241,1384900660916496,21.2,53.359375,-1.0,0,0
2026-07-28T23:37:12.446,10.42.0.47,10.42.0.1,62,1,DOWNLOAD,0.9842595701605352,DOWNLOAD,0.9842595701605352,-1,20272,1.3395768764260279,15,59368.0,79528.0,6,9,0.4274277157009561,0.5725722842990439,0.3549367132351957,0,0,0,0,0,0,0,0,0.057499999999999996,0.1,0.0,0.0,0.15,skip,training_upload_trigger_not_confirmed,1785296232.446981,1785296232446980902,1384900663679460,21.2,53.359375,-1.0,0,0
2026-07-28T23:37:12.448,10.42.0.47,10.42.0.1,62,1,DOWNLOAD,0.9842595701720059,DOWNLOAD,0.9842595701720059,-1,17376,1.0362764515788039,16,76744.0,79528.0,7,9,0.4910924541824511,0.5089075458175489,0.30830486135362095,0,0,0,0,0,0,0,0,0.039999999999999994,0.05,0.0,0.0,0.15,skip,training_upload_trigger_not_confirmed,1785296232.4480414,1785296232448041469,1384900664739746,21.2,53.359375,-1.0,0,0
2026-07-28T23:37:12.449,10.42.0.47,10.42.0.1,62,1,DOWNLOAD,0.9842595701722343,DOWNLOAD,0.9842595701722343,-1,2470,1.0039639457671123,17,79214.0,79528.0,8,9,0.4990109737813559,0.500989026218644,0.2679215118366722,0,0,0,0,0,0,0,0,0.039999999999999994,0.05,0.0,0.0,0.15,skip,training_upload_trigger_not_confirmed,1785296232.4498882,1785296232449888363,1384900666586601,21.2,53.359375,-1.0,0,0
2026-07-28T23:37:12.553,10.42.0.210,10.42.0.1,61,1,DOWNLOAD,0.9557926560077417,DOWNLOAD,0.9557926560077417,-1,10136,5.3123671905380167e-11,3,18824.0,0.0,3,0,1.0,0.0,0.1294298985348541,0,0,0,0,0,0,0,0,0.0225,0.0,0.0,0.0,0.15,skip,training_upload_trigger_not_confirmed,1785296232.5535946,1785296232553594638,1384900770293146,21.2,53.359375,-1.0,0,0
2026-07-28T23:37:12.554,10.42.0.210,10.42.0.1,61,1,DOWNLOAD,0.9846998846180315,DOWNLOAD,0.9846998846180315,-1,14480,3.002642325156058e-11,4,33304.0,0.0,4,0,1.0,0.0,0.11254666729682547,0,0,0,0,0,0,0,0,0.0225,0.0,0.0,0.0,0.15,skip,training_upload_trigger_not_confirmed,1785296232.5549023,1785296232554902241,1384900771600622,21.2,53.359375,-1.0,0,0
2026-07-28T23:37:12.555,10.42.0.210,10.42.0.1,61,1,DOWNLOAD,0.9854895428954357,DOWNLOAD,0.9854895428954357,-1,5792,2.557806425144316e-11,5,39096.0,0.0,5,0,1.0,0.0,0.09781652019357145,0,0,0,0,0,0,0,0,0.0225,0.0,0.0,0.0,0.15,skip,training_upload_trigger_not_confirmed,1785296232.555666,1785296232555665848,1384900772363973,21.2,53.359375,-1.0,0,0
2026-07-28T23:37:12.556,10.42.0.210,10.42.0.1,61,1,DOWNLOAD,0.9855083405864443,DOWNLOAD,0.9855083405864443,-1,14480,1.8665073913344312e-11,6,53576.0,0.0,6,0,1.0,0.0,0.08507110069944979,0,0,0,0,0,0,0,0,0.0225,0.0,0.0,0.0,0.15,skip,training_upload_trigger_not_confirmed,1785296232.556761,1785296232556761206,1384900773459337,21.2,53.359375,-1.0,0,0
2026-07-28T23:37:12.558,10.42.0.210,10.42.0.1,61,1,DOWNLOAD,0.9855087208476458,DOWNLOAD,0.9855087208476458,-1,18368,1.3899699766291844e-11,7,71944.0,0.0,7,0,1.0,0.0,0.07403363490949808,0,0,0,0,0,0,0,0,0.0225,0.0,0.0,0.0,0.15,skip,training_upload_trigger_not_confirmed,1785296232.5580719,1785296232558071728,1384900774770041,21.2,53.359375,-1.0,0,0
2026-07-28T23:37:12.741,10.42.0.145,10.42.0.1,28,3,UPLOAD,0.95,UPLOAD,0.95,1,64240,0.9944118512098201,5,64601.0,64240.0,4,1,0.5014009515604505,0.4985990484395495,0.5906674720683619,0,0,0,1,1,1,1,1,0.85,1.0,1.0,0.4,0.8,trigger,training_upload_trigger_confirmed,1785296232.7418957,1785296232741895727,1384900958594398,21.2,53.359375,6.360665,1785296232748257815,1384900964955063
2026-07-28T23:37:12.744,10.42.0.145,10.42.0.1,28,3,UPLOAD,0.9841010226033655,UPLOAD,0.9841010226033655,1,6529,1.095478398165733,6,64601.0,70769.0,4,2,0.47721799512447366,0.5227820048755263,0.5131266159168416,0,0,1,1,1,1,1,1,0.85,1.0,1.0,0.4,0.8,skip,attack_already_active,1785296232.744127,1785296232744126873,1384900960827345,21.2,53.359375,-1.0,0,0
2026-07-28T23:37:12.745,10.42.0.1,10.42.0.1,62,3,UPLOAD,0.95,UPLOAD,0.95,1,7240,0.34230708537422155,33,253480.0,86768.0,25,8,0.7449860102043215,0.25501398979567846,0.026487548331025203,1,0,0,0,1,0,0,0,0.85,1.0,1.0,0.4,0.8,trigger,training_upload_trigger_confirmed,1785296232.7458594,1785296232745859359,1384900962557983,21.2,53.359375,15.255297,1785296232761116032,1384900977813280
2026-07-28T23:37:12.747,10.42.0.1,10.42.0.1,62,3,UPLOAD,0.95,UPLOAD,0.95,1,7240,0.3708694966097093,34,253480.0,94008.0,25,9,0.7294640390459527,0.27053596095404736,0.023148095301874443,1,0,1,1,1,1,1,1,0.85,1.0,1.0,0.4,0.8,skip,attack_already_active,1785296232.7470047,1785296232747004747,1384900963703786,21.2,53.359375,-1.0,0,0
2026-07-28T23:37:12.748,10.42.0.1,10.42.0.1,62,3,UPLOAD,0.95,UPLOAD,0.95,1,14480,0.42799431908068486,35,253480.0,108488.0,25,10,0.7002828979357292,0.2997171020642709,0.020302232310344868,1,0,1,1,1,1,1,1,0.9699999999999999,1.0,1.0,1.0,0.8,skip,attack_already_active,1785296232.7485564,1785296232748556174,1384900965255372,21.2,53.359375,-1.0,0,0
2026-07-28T23:37:12.749,10.42.0.1,10.42.0.1,62,3,UPLOAD,0.95,UPLOAD,0.95,1,14480,0.48511914155166036,36,253480.0,122968.0,25,11,0.673346650799048,0.32665334920095207,0.017767226905318307,1,0,1,1,1,1,1,1,0.9699999999999999,1.0,1.0,1.0,0.8,skip,attack_already_active,1785296232.7496212,1785296232749621289,1384900966320534,21.2,53.359375,-1.0,0,0
2026-07-28T23:37:12.750,10.42.0.1,10.42.0.1,62,3,UPLOAD,0.95,UPLOAD,0.95,1,21720,0.5708063752581237,37,253480.0,144688.0,25,12,0.6366156999055675,0.3633843000944325,0.015587665795889306,1,0,1,1,1,1,1,1,0.9699999999999999,1.0,1.0,1.0,0.8,skip,attack_already_active,1785296232.7508483,1785296232750848242,1384900967546668,21.2,53.359375,-1.0,0,0
2026-07-28T23:37:12.751,10.42.0.1,10.42.0.1,62,3,UPLOAD,0.95,UPLOAD,0.95,1,7240,0.5993687864936115,38,253480.0,151928.0,25,13,0.6252466650880101,0.3747533349119899,0.013634679454337694,1,0,1,1,1,1,1,1,0.9699999999999999,1.0,1.0,1.0,0.8,skip,attack_already_active,1785296232.7516153,1785296232751615182,1384900968313715,21.2,53.359375,-1.0,0,0
2026-07-28T23:37:12.752,10.42.0.1,10.42.0.1,62,3,UPLOAD,0.95,UPLOAD,0.95,1,7129,0.6274932933579475,39,253480.0,159057.0,25,14,0.6144418561244204,0.38555814387557963,0.01200851090233359,1,0,1,1,1,1,1,1,0.9699999999999999,1.0,1.0,1.0,0.8,skip,attack_already_active,1785296232.7529094,1785296232752909356,1384900969607693,21.2,53.359375,-1.0,0,0
2026-07-28T23:37:12.755,10.42.0.59,10.42.0.1,23,3,UPLOAD,0.95,UPLOAD,0.95,1,48180,0.7460052025308744,5,64584.0,48180.0,4,1,0.5727359795679472,0.4272640204320528,0.6208516940213693,0,0,0,1,1,1,1,1,0.85,1.0,1.0,0.4,0.8,trigger,training_upload_trigger_confirmed,1785296232.7555146,1785296232755514669,1384900972213407,21.2,53.359375,48.675887,1785296232804192029,1384901020889294
2026-07-28T23:37:12.758,10.42.0.59,10.42.0.1,23,3,UPLOAD,0.9841010226033655,UPLOAD,0.9841010226033655,1,24820,1.1303109129175908,6,64584.0,73000.0,4,2,0.46941504826142577,0.5305849517385742,0.5394610715364522,0,0,1,1,1,1,1,1,0.85,1.0,1.0,0.4,0.8,skip,attack_already_active,1785296232.7587154,1785296232758715473,1384900975414189,21.2,53.359375,-1.0,0,0
2026-07-28T23:37:12.760,10.42.0.59,10.42.0.1,23,3,UPLOAD,0.9854688349332961,UPLOAD,0.9854688349332961,1,6554,1.23179115570061,7,64584.0,79554.0,4,3,0.44807059900928276,0.5519294009907172,0.4686696081575552,0,0,1,1,1,1,1,1,0.85,1.0,1.0,0.4,0.8,skip,attack_already_active,1785296232.7609596,1785296232760959796,1384900977658717,21.2,53.359375,-1.0,0,0
2026-07-28T23:37:12.762,10.42.0.1,10.42.0.1,62,3,UPLOAD,0.95,UPLOAD,0.95,1,7240,0.6560557045934352,40,253480.0,166297.0,25,15,0.6038444221574788,0.39615557784252114,0.01120993050594156,1,0,1,1,1,1,1,1,0.9699999999999999,1.0,1.0,1.0,0.8,skip,attack_already_active,1785296232.7625725,1785296232762572570,1384900979271648,21.2,53.359375,-1.0,0,0
2026-07-28T23:37:12.763,10.42.0.1,10.42.0.1,62,3,UPLOAD,0.95,UPLOAD,0.95,1,5792,0.6789056335818254,41,253480.0,172089.0,25,16,0.5956260911861532,0.4043739088138469,0.009882954847953797,1,0,1,1,1,1,1,1,0.9699999999999999,1.0,1.0,1.0,0.8,skip,attack_already_active,1785296232.7637124,1785296232763712523,1384900980411077,21.2,53.359375,-1.0,0,0
2026-07-28T23:37:12.766,10.42.0.1,10.42.0.1,62,3,UPLOAD,0.95,UPLOAD,0.95,1,11584,0.7246054915586058,42,253480.0,183673.0,25,17,0.5798427552824754,0.4201572447175245,0.00892035095146413,1,0,1,1,1,1,1,1,0.9699999999999999,1.0,1.0,1.0,0.8,skip,attack_already_active,1785296232.7662904,1785296232766290316,1384900982989599,21.2,53.359375,-1.0,0,0
2026-07-28T23:37:12.767,10.42.0.1,10.42.0.1,62,3,UPLOAD,0.95,UPLOAD,0.95,1,5792,0.747455420546996,43,253480.0,189465.0,25,18,0.5722606644165754,0.4277393355834246,0.007905733949280389,1,0,1,1,1,1,1,1,0.9699999999999999,1.0,1.0,1.0,0.8,skip,attack_already_active,1785296232.7675111,1785296232767511088,1384900984210077,21.2,53.359375,-1.0,0,0
2026-07-28T23:37:12.769,10.42.0.1,10.42.0.1,62,3,UPLOAD,0.95,UPLOAD,0.95,1,11584,0.7931552785237764,44,253480.0,201049.0,25,19,0.5576761878780012,0.44232381212199884,0.0071055919088020714,1,0,1,1,1,1,1,1,0.9699999999999999,1.0,1.0,1.0,0.8,skip,attack_already_active,1785296232.7693448,1785296232769344760,1384900986044306,21.2,53.359375,-1.0,0,0
2026-07-28T23:37:12.771,10.42.0.1,10.42.0.1,62,3,UPLOAD,0.95,UPLOAD,0.95,1,14480,0.8502801009947519,45,253480.0,215529.0,25,20,0.5404587118797294,0.4595412881202706,0.0064956839435283175,1,0,1,1,1,1,1,1,0.9699999999999999,1.0,1.0,1.0,0.8,skip,attack_already_active,1785296232.771822,1785296232771822137,1384900988522025,21.2,53.359375,-1.0,0,0
2026-07-28T23:37:12.773,10.42.0.1,10.42.0.1,62,3,UPLOAD,0.95,UPLOAD,0.95,1,8688,0.8845549944773372,46,253480.0,224217.0,25,21,0.5306292482473199,0.46937075175268006,0.005870480044884773,1,0,1,1,1,1,1,1,0.9699999999999999,1.0,1.0,1.0,0.8,skip,attack_already_active,1785296232.7735732,1785296232773573174,1384900990272154,21.2,53.359375,-1.0,0,0
2026-07-28T23:37:12.775,10.42.0.1,10.42.0.1,62,3,UPLOAD,0.95,UPLOAD,0.95,1,11584,0.9302548524541177,47,253480.0,235801.0,25,22,0.5180663054563738,0.4819336945436263,0.005375290959989964,1,0,1,1,1,1,1,1,0.9699999999999999,1.0,1.0,1.0,0.8,skip,attack_already_active,1785296232.7756858,1785296232775686009,1384900992384878,21.2,53.359375,-1.0,0,0
2026-07-28T23:37:12.777,10.42.0.1,10.42.0.1,62,3,UPLOAD,0.95,UPLOAD,0.95,1,2797,0.9412892535902585,48,253480.0,238598.0,25,23,0.5151215864151618,0.4848784135848382,0.0048746658200836315,1,0,1,1,1,1,1,1,0.9699999999999999,1.0,1.0,1.0,0.8,skip,attack_already_active,1785296232.777262,1785296232777262034,1384900993960616,21.2,53.359375,-1.0,0,0
2026-07-28T23:37:12.859,10.42.0.18,10.42.0.1,46,3,UPLOAD,0.95,UPLOAD,0.95,1,1460,0.022600269360805558,8,64601.0,1460.0,7,1,0.9778992143624832,0.02210078563751684,0.5313581515589245,0,0,0,1,1,1,1,1,0.9174999999999999,0.85,1.0,1.0,0.8,trigger,training_upload_trigger_confirmed,1785296232.8592632,1785296232859263239,1384901075961963,79.5,53.359375,13.736336,1785296232873000743,1384901089698299
2026-07-28T23:37:12.860,10.42.0.18,10.42.0.1,46,3,UPLOAD,0.9841010226033655,UPLOAD,0.9841010226033655,1,1460,0.04520053870613147,9,64601.0,2920.0,7,2,0.956754194991188,0.043245805008812074,0.46143774130333304,0,0,1,1,1,1,1,1,0.9699999999999999,1.0,1.0,1.0,0.8,skip,attack_already_active,1785296232.8600147,1785296232860014623,1384901076712868,79.5,53.359375,-1.0,0,0
2026-07-28T23:37:12.860,10.42.0.18,10.42.0.1,46,3,UPLOAD,0.9854688349332961,UPLOAD,0.9854688349332961,1,1460,0.0678008080514574,10,64601.0,4380.0,7,3,0.9365042547947986,0.06349574520520143,0.4007570068063917,0,0,1,1,1,1,1,1,0.9699999999999999,1.0,1.0,1.0,0.8,skip,attack_already_active,1785296232.860963,1785296232860963156,1384901077661198,79.5,53.359375,-1.0,0,0
2026-07-28T23:37:12.861,10.42.0.18,10.42.0.1,46,3,UPLOAD,0.9855076450773014,UPLOAD,0.9855076450773014,1,1460,0.09040107739678332,11,64601.0,5840.0,7,4,0.9170937380218906,0.08290626197810934,0.3480354969050513,0,0,1,1,1,1,1,1,0.9699999999999999,1.0,1.0,1.0,0.8,skip,attack_already_active,1785296232.8616312,1785296232861631133,1384901078329201,79.5,53.359375,-1.0,0,0
2026-07-28T23:37:12.862,10.42.0.18,10.42.0.1,46,3,UPLOAD,0.9855086980780915,UPLOAD,0.9855086980780915,1,1460,0.11300134674210924,12,64601.0,7300.0,7,5,0.8984715094365864,0.10152849056341358,0.3022949212524804,0,0,1,1,1,1,1,1,0.9699999999999999,1.0,1.0,1.0,0.8,skip,attack_already_active,1785296232.862554,1785296232862554183,1384901079252278,79.5,53.359375,-1.0,0,0
2026-07-28T23:37:12.863,10.42.0.18,10.42.0.1,46,3,UPLOAD,0.9855087254685951,UPLOAD,0.9855087254685951,1,1460,0.13560161608743515,13,64601.0,8760.0,7,6,0.8805905044914873,0.1194094955085127,0.262542702311442,0,0,1,1,1,1,1,1,0.9699999999999999,1.0,1.0,1.0,0.8,skip,attack_already_active,1785296232.8631804,1785296232863180404,1384901079878432,79.5,53.359375,-1.0,0,0
2026-07-28T23:37:12.864,10.42.0.18,10.42.0.1,46,3,UPLOAD,0.9855087261493067,UPLOAD,0.9855087261493067,1,1460,0.1582018854327611,14,64601.0,10220.0,7,7,0.8634073321661031,0.1365926678338969,0.22806918236835552,0,0,1,1,1,1,1,1,0.9699999999999999,1.0,1.0,1.0,0.8,skip,attack_already_active,1785296232.864113,1785296232864113145,1384901080811271,79.5,53.359375,-1.0,0,0
2026-07-28T23:37:12.864,10.42.0.18,10.42.0.1,46,3,UPLOAD,0.9855087261653082,UPLOAD,0.9855087261653082,1,1460,0.180802154778087,15,64601.0,11680.0,7,8,0.8468819234147429,0.15311807658525714,0.1981027647788613,0,0,1,1,1,1,1,1,0.9699999999999999,1.0,1.0,1.0,0.8,skip,attack_already_active,1785296232.8647754,1785296232864775504,1384901081473609,79.5,53.359375,-1.0,0,0
2026-07-28T23:37:12.865,10.42.0.18,10.42.0.1,46,3,UPLOAD,0.985508726165656,UPLOAD,0.985508726165656,1,1460,0.20340242412341292,16,64601.0,13140.0,7,9,0.8309772192279492,0.1690227807720508,0.17213215650117825,0,0,1,1,1,1,1,1,0.9699999999999999,1.0,1.0,1.0,0.8,skip,attack_already_active,1785296232.8657944,1785296232865794297,1384901082492465,79.5,53.359375,-1.0,0,0
2026-07-28T23:37:12.866,10.42.0.18,10.42.0.1,46,3,UPLOAD,0.9855087261656625,UPLOAD,0.9855087261656625,1,1460,0.22600269346873883,17,64601.0,14600.0,7,10,0.815658893195793,0.184341106804207,0.14954548200581275,0,0,1,1,1,1,1,1,0.9699999999999999,1.0,1.0,1.0,0.8,skip,attack_already_active,1785296232.8665226,1785296232866522595,1384901083220731,79.5,53.359375,-1.0,0,0
2026-07-28T23:37:12.867,10.42.0.18,10.42.0.1,46,3,UPLOAD,0.9855087261656628,UPLOAD,0.9855087261656628,1,1460,0.24860296281406474,18,64601.0,16060.0,7,11,0.8008951042015349,0.1991048957984652,0.12996961952107836,0,0,1,1,1,1,1,1,0.9699999999999999,1.0,1.0,1.0,0.8,skip,attack_already_active,1785296232.8675122,1785296232867512436,1384901084210625,79.5,53.359375,-1.0,0,0
2026-07-28T23:37:12.868,10.42.0.18,10.42.0.1,46,3,UPLOAD,0.9855087261656628,UPLOAD,0.9855087261656628,1,1460,0.2712032321593907,19,64601.0,17520.0,7,12,0.7866562754959145,0.21334372450408542,0.112932293267864,0,0,1,1,1,1,1,1,0.9699999999999999,1.0,1.0,1.0,0.8,skip,attack_already_active,1785296232.8681903,1785296232868190183,1384901084888467,79.5,53.359375,-1.0,0,0
2026-07-28T23:37:12.869,10.42.0.1,10.42.0.1,62,3,UPLOAD,0.8028871447582551,UPLOAD,0.8028871447582551,0,43,0.9412892535902585,48,253480.0,238598.0,25,23,0.5151215864151618,0.4848784135848382,0.040486794982547175,1,0,1,1,1,1,1,1,0.8200000000000001,0.8000000000000002,1.0,0.6000000000000001,0.8,skip,attack_already_active,1785296232.8691366,1785296232869136681,1384901085835009,79.5,53.359375,-1.0,0,0
2026-07-28T23:37:12.870,10.42.0.18,10.42.0.1,46,3,UPLOAD,0.9855087261656628,UPLOAD,0.9855087261656628,1,1460,0.29380350150471657,20,64601.0,18980.0,7,13,0.772914896926335,0.22708510307366506,0.09838963210513903,0,0,1,1,1,1,1,1,0.9699999999999999,1.0,1.0,1.0,0.8,skip,attack_already_active,1785296232.8707623,1785296232870762228,1384901087460325,79.5,53.359375,-1.0,0,0
2026-07-28T23:37:12.871,10.42.0.18,10.42.0.1,46,3,UPLOAD,0.9855087261656628,UPLOAD,0.9855087261656628,1,1460,0.3164037708500425,21,64601.0,20440.0,7,14,0.7596453475382463,0.24035465246175375,0.08551204537397153,0,0,1,1,1,1,1,1,0.9699999999999999,1.0,1.0,1.0,0.8,skip,attack_already_active,1785296232.8714275,1785296232871427518,1384901088125625,79.5,53.359375,-1.0,0,0
2026-07-28T23:37:12.872,10.42.0.18,10.42.0.1,46,3,UPLOAD,0.9855087261656628,UPLOAD,0.9855087261656628,1,1460,0.33900404019536845,22,64601.0,21900.0,7,15,0.7468237361417787,0.2531762638582213,0.07443400528850849,0,0,1,1,1,1,1,1,0.9699999999999999,1.0,1.0,1.0,0.8,skip,attack_already_active,1785296232.8728714,1785296232872871454,1384901089570092,79.5,53.359375,-1.0,0,0
2026-07-28T23:37:12.873,10.42.0.18,10.42.0.1,46,3,UPLOAD,0.9855087261656628,UPLOAD,0.9855087261656628,1,1460,0.36160430954069434,23,64601.0,23360.0,7,16,0.7344277577562783,0.26557224224372167,0.06473301440395358,0,0,1,1,1,1,1,1,0.9699999999999999,1.0,1.0,1.0,0.8,skip,attack_already_active,1785296232.8736873,1785296232873687361,1384901090385669,79.5,53.359375,-1.0,0,0
2026-07-28T23:37:12.874,10.42.0.18,10.42.0.1,46,3,UPLOAD,0.9855087261656628,UPLOAD,0.9855087261656628,1,1460,0.3842045788860203,24,64601.0,24820.0,7,17,0.7224365641180484,0.27756343588195165,0.05634146974671814,0,0,1,1,1,1,1,1,0.9699999999999999,1.0,1.0,1.0,0.8,skip,attack_already_active,1785296232.8747392,1785296232874739290,1384901091437691,79.5,53.359375,-1.0,0,0
2026-07-28T23:37:12.875,10.42.0.18,10.42.0.1,46,3,UPLOAD,0.9855087261656628,UPLOAD,0.9855087261656628,1,1460,0.4068048482313462,25,64601.0,26280.0,7,18,0.710830646669821,0.289169353330179,0.04901870663566032,0,0,1,1,1,1,1,1,0.9699999999999999,1.0,1.0,1.0,0.8,skip,attack_already_active,1785296232.8755102,1785296232875510240,1384901092208642,79.5,53.359375,-1.0,0,0
2026-07-28T23:37:12.876,10.42.0.18,10.42.0.1,46,3,UPLOAD,0.9855087261656628,UPLOAD,0.9855087261656628,1,1460,0.4294051175766721,26,64601.0,27740.0,7,19,0.6995917306505236,0.3004082693494764,0.04269460770138716,0,0,1,1,1,1,1,1,0.9699999999999999,1.0,1.0,1.0,0.8,skip,attack_already_active,1785296232.876537,1785296232876537173,1384901093235473,79.5,53.359375,-1.0,0,0
2026-07-28T23:37:12.877,10.42.0.18,10.42.0.1,46,3,UPLOAD,0.9855087261656628,UPLOAD,0.9855087261656628,1,1460,0.45200538692199804,27,64601.0,29200.0,7,20,0.688702679075916,0.31129732092408396,0.03716349208086883,0,0,1,1,1,1,1,1,0.9699999999999999,1.0,1.0,1.0,0.8,skip,attack_already_active,1785296232.8772576,1785296232877257374,1384901093955605,79.5,53.359375,-1.0,0,0
2026-07-28T23:37:12.878,10.42.0.18,10.42.0.1,46,3,UPLOAD,0.9855087261656628,UPLOAD,0.9855087261656628,1,1460,0.4746056562673239,28,64601.0,30660.0,7,21,0.6781474055489655,0.32185259445103453,0.03240069663994939,0,0,1,1,1,1,1,1,0.9699999999999999,1.0,1.0,1.0,0.8,skip,attack_already_active,1785296232.8782775,1785296232878277648,1384901094975937,79.5,53.359375,-1.0,0,0
2026-07-28T23:37:12.879,10.42.0.18,10.42.0.1,46,3,UPLOAD,0.9855087261656628,UPLOAD,0.9855087261656628,1,1460,0.49720592561264987,29,64601.0,32120.0,7,22,0.6679107949669668,0.33208920503303313,0.02822674686589403,0,0,1,1,1,1,1,1,0.9699999999999999,1.0,1.0,1.0,0.8,skip,attack_already_active,1785296232.8790033,1785296232879003422,1384901095701603,79.5,53.359375,-1.0,0,0
2026-07-28T23:37:12.880,10.42.0.18,10.42.0.1,46,3,UPLOAD,0.9855087261656628,UPLOAD,0.9855087261656628,1,1460,0.5198061949579758,30,64601.0,33580.0,7,23,0.6579786313034091,0.342021368696591,0.02464183761822071,0,0,1,1,1,1,1,1,0.9699999999999999,1.0,1.0,1.0,0.8,skip,attack_already_active,1785296232.8800251,1785296232880025184,1384901096723444,79.5,53.359375,-1.0,0,0
2026-07-28T23:37:12.880,10.42.0.18,10.42.0.1,46,3,UPLOAD,0.9855087261656628,UPLOAD,0.9855087261656628,1,1460,0.5424064643033017,31,64601.0,35040.0,7,24,0.6483375317389428,0.3516624682610572,0.021493166360977884,0,0,1,1,1,1,1,1,0.9699999999999999,1.0,1.0,1.0,0.8,skip,attack_already_active,1785296232.8807726,1785296232880772705,1384901097471178,79.5,53.359375,-1.0,0,0
2026-07-28T23:37:12.881,10.42.0.18,10.42.0.1,46,3,UPLOAD,0.9855087261656628,UPLOAD,0.9855087261656628,1,1460,0.5650067336486276,32,64601.0,36500.0,7,25,0.638974886499639,0.36102511350036104,0.018800377982064645,0,0,1,1,1,1,1,1,0.9699999999999999,1.0,1.0,1.0,0.8,skip,attack_already_active,1785296232.881831,1785296232881830877,1384901098529110,79.5,53.359375,-1.0,0,0
2026-07-28T23:37:12.882,10.42.0.18,10.42.0.1,46,3,UPLOAD,0.9855087261656628,UPLOAD,0.9855087261656628,1,1460,0.5876070029939535,33,64601.0,37960.0,7,26,0.629878803833816,0.37012119616618405,0.016420488023390446,0,0,1,1,1,1,1,1,0.9699999999999999,1.0,1.0,1.0,0.8,skip,attack_already_active,1785296232.882571,1785296232882570905,1384901099269117,79.5,53.359375,-1.0,0,0
2026-07-28T23:37:12.883,10.42.0.18,10.42.0.1,46,3,UPLOAD,0.9855087261656628,UPLOAD,0.9855087261656628,1,1460,0.6102072723392795,34,64601.0,39420.0,7,27,0.6210380596225762,0.3789619403774238,0.014391844942762449,0,0,1,1,1,1,1,1,0.9699999999999999,1.0,1.0,1.0,0.8,skip,attack_already_active,1785296232.8835967,1785296232883596644,1384901100294851,79.5,53.359375,-1.0,0,0
2026-07-28T23:37:12.884,10.42.0.18,10.42.0.1,46,3,UPLOAD,0.9855087261656628,UPLOAD,0.9855087261656628,1,1460,0.6328075416846054,35,64601.0,40880.0,7,28,0.6124420511750931,0.38755794882490685,0.012592541491177073,0,0,1,1,1,1,1,1,0.9699999999999999,1.0,1.0,1.0,0.8,skip,attack_already_active,1785296232.884334,1785296232884334196,1384901101032448,79.5,53.359375,-1.0,0,0
2026-07-28T23:37:12.885,10.42.0.18,10.42.0.1,46,3,UPLOAD,0.9855087261656628,UPLOAD,0.9855087261656628,1,1460,0.6554078110299313,36,64601.0,42340.0,7,29,0.6040807548087264,0.3959192451912737,0.011068669623676457,0,0,1,1,1,1,1,1,0.9699999999999999,1.0,1.0,1.0,0.8,skip,attack_already_active,1785296232.8853624,1785296232885362482,1384901102060832,79.5,53.359375,-1.0,0,0
2026-07-28T23:37:12.886,10.42.0.18,10.42.0.1,46,3,UPLOAD,0.9855087261656628,UPLOAD,0.9855087261656628,1,1460,0.6780080803752572,37,64601.0,43800.0,7,30,0.5959446868571323,0.4040553131428677,0.009723550089925712,0,0,1,1,1,1,1,1,0.9699999999999999,1.0,1.0,1.0,0.8,skip,attack_already_active,1785296232.8862233,1785296232886223349,1384901102921975,79.5,53.359375,-1.0,0,0
2026-07-28T23:37:12.887,10.42.0.18,10.42.0.1,46,3,UPLOAD,0.9855087261656628,UPLOAD,0.9855087261656628,1,1460,0.7006083497205832,38,64601.0,45260.0,7,31,0.5880248677874769,0.4119751322125231,0.008660962949066538,0,0,1,1,1,1,1,1,0.9699999999999999,1.0,1.0,1.0,0.8,skip,attack_already_active,1785296232.8878832,1785296232887883212,1384901104583134,79.5,53.359375,-1.0,0,0
2026-07-28T23:37:12.889,10.42.0.18,10.42.0.1,46,3,UPLOAD,0.9855087261656628,UPLOAD,0.9855087261656628,1,1460,0.723208619065909,39,64601.0,46720.0,7,32,0.580312789141312,0.41968721085868793,0.007700068336670153,0,0,1,1,1,1,1,1,0.9699999999999999,1.0,1.0,1.0,0.8,skip,attack_already_active,1785296232.8892522,1785296232889252070,1384901105950988,79.5,53.359375,-1.0,0,0
2026-07-28T23:37:12.890,10.42.0.18,10.42.0.1,46,3,UPLOAD,0.9855087261656628,UPLOAD,0.9855087261656628,1,1460,0.7458088884112349,40,64601.0,48180.0,7,33,0.5728003830432431,0.4271996169567569,0.0069048470310246225,0,0,1,1,1,1,1,1,0.9699999999999999,1.0,1.0,1.0,0.8,skip,attack_already_active,1785296232.8909175,1785296232890917641,1384901107616228,79.5,53.359375,-1.0,0,0
2026-07-28T23:37:12.892,10.42.0.18,10.42.0.1,46,3,UPLOAD,0.9855087261656628,UPLOAD,0.9855087261656628,1,1460,0.7684091577565609,41,64601.0,49640.0,7,34,0.5654799940476711,0.43452000595232887,0.006141809790497929,0,0,1,1,1,1,1,1,0.9699999999999999,1.0,1.0,1.0,0.8,skip,attack_already_active,1785296232.892032,1785296232892032068,1384901108730913,79.5,53.359375,-1.0,0,0
2026-07-28T23:37:12.893,10.42.0.18,10.42.0.1,46,3,UPLOAD,0.9855087261656628,UPLOAD,0.9855087261656628,1,1460,0.7910094271018868,42,64601.0,51100.0,7,35,0.5583443531170863,0.4416556468829137,0.0055034814203650225,0,0,1,1,1,1,1,1,0.9699999999999999,1.0,1.0,1.0,0.8,skip,attack_already_active,1785296232.8933296,1785296232893329633,1384901110028183,79.5,53.359375,-1.0,0,0
2026-07-28T23:37:12.894,10.42.0.18,10.42.0.1,46,3,UPLOAD,0.9855087261656628,UPLOAD,0.9855087261656628,1,1460,0.8136096964472127,43,64601.0,52560.0,7,36,0.5513865535459752,0.4486134464540248,0.004924071611867042,0,0,1,1,1,1,1,1,0.9699999999999999,1.0,1.0,1.0,0.8,skip,attack_already_active,1785296232.8944361,1785296232894436096,1384901111135930,79.5,53.359375,-1.0,0,0
2026-07-28T23:37:12.895,10.42.0.18,10.42.0.1,46,3,UPLOAD,0.9855087261656628,UPLOAD,0.9855087261656628,1,1460,0.8362099657925387,44,64601.0,54020.0,7,37,0.5446000286627157,0.45539997133728427,0.0044530590543365965,0,0,1,1,1,1,1,1,0.9699999999999999,1.0,1.0,1.0,0.8,skip,attack_already_active,1785296232.8957858,1785296232895785659,1384901112484389,79.5,53.359375,-1.0,0,0
2026-07-28T23:37:12.896,10.42.0.18,10.42.0.1,46,3,UPLOAD,0.9855087261656628,UPLOAD,0.9855087261656628,1,1460,0.8588102351378646,45,64601.0,55480.0,7,38,0.5379785311581349,0.46202146884186507,0.003968209290796767,0,0,1,1,1,1,1,1,0.9699999999999999,1.0,1.0,1.0,0.8,skip,attack_already_active,1785296232.8965595,1785296232896559362,1384901113257685,79.5,53.359375,-1.0,0,0
2026-07-28T23:37:12.897,10.42.0.18,10.42.0.1,46,3,UPLOAD,0.9855087261656628,UPLOAD,0.9855087261656628,1,1460,0.8814105044831905,46,64601.0,56940.0,7,39,0.5315161139039501,0.4684838860960499,0.0036305380910378157,0,0,1,1,1,1,1,1,0.9699999999999999,1.0,1.0,1.0,0.8,skip,attack_already_active,1785296232.8979652,1785296232897965342,1384901114663796,79.5,53.359375,-1.0,0,0
2026-07-28T23:37:12.898,10.42.0.18,10.42.0.1,46,3,UPLOAD,0.9855087261656628,UPLOAD,0.9855087261656628,1,1460,0.9040107738285165,47,64601.0,58400.0,7,40,0.5252071121372996,0.4747928878627003,0.0032525675513860406,0,0,1,1,1,1,1,1,0.9699999999999999,1.0,1.0,1.0,0.8,skip,attack_already_active,1785296232.8987274,1785296232898727540,1384901115426014,79.5,53.359375,-1.0,0,0
2026-07-28T23:37:12.899,10.42.0.18,10.42.0.1,46,3,UPLOAD,0.9855087261656628,UPLOAD,0.9855087261656628,1,1460,0.9266110431738424,48,64601.0,59860.0,7,41,0.5190461268991893,0.48095387310081067,0.0029594657882912132,0,0,1,1,1,1,1,1,0.9699999999999999,1.0,1.0,1.0,0.8,skip,attack_already_active,1785296232.8997557,1785296232899755843,1384901116454161,79.5,53.359375,-1.0,0,0
2026-07-28T23:37:12.900,10.42.0.18,10.42.0.1,46,3,UPLOAD,0.9855087261656628,UPLOAD,0.9855087261656628,1,1460,0.9492113125191682,49,64601.0,61320.0,7,42,0.5130280096250824,0.4869719903749176,0.0026679775609920967,0,0,1,1,1,1,1,1,0.9699999999999999,1.0,1.0,1.0,0.8,skip,attack_already_active,1785296232.9005032,1785296232900503014,1384901117201437,79.5,53.359375,-1.0,0,0
2026-07-28T23:37:12.901,10.42.0.18,10.42.0.1,46,3,UPLOAD,0.9855087261656628,UPLOAD,0.9855087261656628,1,1460,0.9718115818644942,50,64601.0,62780.0,7,43,0.5071478477951971,0.49285215220480294,0.002452883775269883,0,0,1,1,1,1,1,1,0.9699999999999999,1.0,1.0,1.0,0.8,skip,attack_already_active,1785296232.9015388,1785296232901538707,1384901118237053,79.5,53.359375,-1.0,0,0
2026-07-28T23:37:12.902,10.42.0.18,10.42.0.1,46,3,UPLOAD,0.9855087261656628,UPLOAD,0.9855087261656628,1,1460,0.9944118512098201,51,64601.0,64240.0,7,44,0.5014009515604505,0.4985990484395495,0.002223406083910854,0,0,1,1,1,1,1,1,0.9699999999999999,1.0,1.0,1.0,0.8,skip,attack_already_active,1785296232.9022503,1785296232902250315,1384901118948558,79.5,53.359375,-1.0,0,0
2026-07-28T23:37:12.903,10.42.0.18,10.42.0.1,46,3,UPLOAD,0.9855087261656628,UPLOAD,0.9855087261656628,1,1460,1.017012120555146,52,64601.0,65700.0,7,45,0.49578284126752675,0.5042171587324733,0.002066549876121418,0,0,1,1,1,1,1,1,0.9699999999999999,1.0,1.0,1.0,0.8,skip,attack_already_active,1785296232.9032834,1785296232903283405,1384901119982169,79.5,53.359375,-1.0,0,0
2026-07-28T23:37:12.904,10.42.0.18,10.42.0.1,46,3,UPLOAD,0.9855087261656628,UPLOAD,0.9855087261656628,1,1460,1.039612389900472,53,64601.0,67160.0,7,46,0.49028923581332867,0.5097107641866713,0.0018918140618537562,0,0,1,1,1,1,1,1,0.9699999999999999,1.0,1.0,1.0,0.8,skip,attack_already_active,1785296232.904024,1785296232904023774,1384901120721996,79.5,53.359375,-1.0,0,0
2026-07-28T23:37:12.905,10.42.0.18,10.42.0.1,46,3,UPLOAD,0.9855087261656628,UPLOAD,0.9855087261656628,1,1460,1.0622126592457977,54,64601.0,68620.0,7,47,0.48491604176518716,0.5150839582348128,0.0017742861866812754,0,0,1,1,1,1,1,1,0.9699999999999999,1.0,1.0,1.0,0.8,skip,attack_already_active,1785296232.9050238,1785296232905023792,1384901121722082,79.5,53.359375,-1.0,0,0
2026-07-28T23:37:12.905,10.42.0.18,10.42.0.1,46,3,UPLOAD,0.9855087261656628,UPLOAD,0.9855087261656628,1,1460,1.0848129285911237,55,64601.0,70080.0,7,48,0.47965934318872,0.52034065681128,0.0016374663326848924,0,0,1,1,1,1,1,1,0.9699999999999999,1.0,1.0,1.0,0.8,skip,attack_already_active,1785296232.9057598,1785296232905759651,1384901122457807,79.5,53.359375,-1.0,0,0
2026-07-28T23:37:12.906,10.42.0.18,10.42.0.1,46,3,UPLOAD,0.9855087261656628,UPLOAD,0.9855087261656628,1,1460,1.1074131979364497,56,64601.0,71540.0,7,49,0.47451539213021793,0.525484607869782,0.0015536120818190166,0,0,1,1,1,1,1,1,0.9699999999999999,1.0,1.0,1.0,0.8,skip,attack_already_active,1785296232.906761,1785296232906760991,1384901123459308,79.5,53.359375,-1.0,0,0
2026-07-28T23:37:12.907,10.42.0.18,10.42.0.1,46,3,UPLOAD,0.9855087261656628,UPLOAD,0.9855087261656628,1,1460,1.1300134672817754,57,64601.0,73000.0,7,50,0.469480599704944,0.530519400295056,0.0014496101210776456,0,0,1,1,1,1,1,1,0.9699999999999999,1.0,1.0,1.0,0.8,skip,attack_already_active,1785296232.9075253,1785296232907525329,1384901124223634,79.5,53.359375,-1.0,0,0
2026-07-28T23:37:12.908,10.42.0.18,10.42.0.1,46,3,UPLOAD,0.9855087261656628,UPLOAD,0.9855087261656628,1,1460,1.1526137366271014,58,64601.0,74460.0,7,51,0.46455152774681613,0.5354484722531838,0.0013928982513071366,0,0,1,1,1,1,1,1,0.9699999999999999,1.0,1.0,1.0,0.8,skip,attack_already_active,1785296232.9085445,1785296232908544565,1384901125242891,79.5,53.359375,-1.0,0,0
2026-07-28T23:37:12.909,10.42.0.18,10.42.0.1,46,3,UPLOAD,0.9855087261656628,UPLOAD,0.9855087261656628,1,1460,1.1752140059724274,59,64601.0,75920.0,7,52,0.4597248809786438,0.5402751190213563,0.0013027539969931094,0,0,1,1,1,1,1,1,0.9699999999999999,1.0,1.0,1.0,0.8,skip,attack_already_active,1785296232.9092534,1785296232909253290,1384901125951478,79.5,53.359375,-1.0,0,0
2026-07-28T23:37:12.910,10.42.0.18,10.42.0.1,46,3,UPLOAD,0.9855087261656628,UPLOAD,0.9855087261656628,1,1460,1.1978142753177532,60,64601.0,77380.0,7,53,0.45499749966544817,0.5450025003345518,0.001256691372556018,0,0,1,1,1,1,1,1,0.9699999999999999,1.0,1.0,1.0,0.8,skip,attack_already_active,1785296232.9102066,1785296232910206557,1384901126904702,79.5,53.359375,-1.0,0,0
2026-07-28T23:37:12.910,10.42.0.18,10.42.0.1,46,3,UPLOAD,0.9855087261656628,UPLOAD,0.9855087261656628,1,1460,1.2204145446630792,61,64601.0,78840.0,7,54,0.45036635271644787,0.5496336472835521,0.0011778352012332717,0,0,1,1,1,1,1,1,0.9699999999999999,1.0,1.0,1.0,0.8,skip,attack_already_active,1785296232.9108648,1785296232910865023,1384901127563174,79.5,53.359375,-1.0,0,0
2026-07-28T23:37:12.911,10.42.0.18,10.42.0.1,46,3,UPLOAD,0.9855087261656628,UPLOAD,0.9855087261656628,1,688,1.2310645346011506,62,64601.0,79528.0,7,55,0.44821652824899916,0.5517834717510008,0.0011456574512569808,0,0,1,1,1,1,1,1,0.9699999999999999,1.0,1.0,1.0,0.8,skip,attack_already_active,1785296232.9117985,1785296232911798647,1384901128496823,79.5,53.359375,-1.0,0,0
2026-07-28T23:37:12.912,10.42.0.1,10.42.0.1,62,3,UPLOAD,0.95,UPLOAD,0.95,1,7240,0.9698516648257463,49,253480.0,245838.0,25,24,0.5076524379253301,0.49234756207466984,0.05297411521368011,1,0,1,1,1,1,1,1,0.9699999999999999,1.0,1.0,1.0,0.8,skip,attack_already_active,1785296232.9125116,1785296232912511526,1384901129210169,79.5,53.359375,-1.0,0,0
2026-07-28T23:37:12.913,10.42.0.1,10.42.0.1,62,3,UPLOAD,0.95,UPLOAD,0.95,1,7240,0.998414076061234,50,253480.0,253078.0,25,25,0.5003967956285361,0.4996032043714639,0.046082233707454255,1,0,1,1,1,1,1,1,0.9699999999999999,1.0,1.0,1.0,0.8,skip,attack_already_active,1785296232.9131851,1785296232913184957,1384901129883110,79.5,53.359375,-1.0,0,0
2026-07-28T23:37:12.914,10.42.0.1,10.42.0.1,62,3,UPLOAD,0.95,UPLOAD,0.95,1,14480,1.0555388985322094,51,253480.0,267558.0,25,26,0.48649042872112974,0.5135095712788702,0.04015325547862321,1,0,1,1,1,1,1,1,0.9699999999999999,1.0,1.0,1.0,0.8,skip,attack_already_active,1785296232.914274,1785296232914274061,1384901130972274,79.5,53.359375,-1.0,0,0
2026-07-28T23:37:12.915,10.42.0.1,10.42.0.1,62,3,UPLOAD,0.95,UPLOAD,0.95,1,14480,1.1126637210031851,52,253480.0,282038.0,25,27,0.4733360970126121,0.526663902987388,0.03499701965135152,1,0,1,1,1,1,1,1,0.9699999999999999,1.0,1.0,1.0,0.8,skip,attack_already_active,1785296232.915298,1785296232915297933,1384901131996185,79.5,53.359375,-1.0,0,0
2026-07-28T23:37:13.674,10.42.0.1,10.42.0.1,62,3,UPLOAD,0.9115539933440294,UPLOAD,0.9115539933440294,0,43,100.0,20,0.0,202510.0,0,20,0.0,1.0,0.1365758911404084,1,0,1,0,0,0,0,0,0.45499999999999996,0.1,1.0,0.0,0.8,skip,attack_already_active,1785296233.6749876,1785296233674987625,1384901891686329,65.7,53.359375,-1.0,0,0
2026-07-28T23:37:14.435,10.42.0.210,10.42.0.1,61,2,TRAINING,0.9293977297375461,TRAINING,0.9293977297375461,0,43,1.0,0,0.0,0.0,0,0,0.0,0.0,0.4741233066318572,0,0,0,0,0,0,0,0,0.039999999999999994,0.05,0.0,0.0,0.15,skip,training_upload_trigger_not_confirmed,1785296234.4350727,1785296234435072721,1384902651771304,7.9,53.359375,-1.0,0,0
2026-07-28T23:37:14.650,10.42.0.210,10.42.0.1,61,3,UPLOAD,0.95,UPLOAD,0.95,1,1448,100.0,1,0.0,1448.0,0,1,0.0,1.0,0.44004488115520557,0,0,0,1,1,1,1,1,0.9525,0.95,1.0,1.0,0.8,trigger,training_upload_trigger_confirmed,1785296234.6505842,1785296234650584240,1384902867282704,7.9,53.359375,8.738353,1785296234659323728,1384902876021057
2026-07-28T23:37:14.651,10.42.0.210,10.42.0.1,61,3,UPLOAD,0.9841010226033655,UPLOAD,0.9841010226033655,1,1448,100.0,2,0.0,2896.0,0,2,0.0,1.0,0.3822382542853934,0,0,1,1,1,1,1,1,0.9699999999999999,1.0,1.0,1.0,0.8,skip,attack_already_active,1785296234.6519506,1785296234651950655,1384902868649286,7.9,53.359375,-1.0,0,0
2026-07-28T23:37:14.653,10.42.0.210,10.42.0.1,61,3,UPLOAD,0.9854688349332961,UPLOAD,0.9854688349332961,1,1448,100.0,3,0.0,4344.0,0,3,0.0,1.0,0.3320640196849989,0,0,1,1,1,1,1,1,0.9699999999999999,1.0,1.0,1.0,0.8,skip,attack_already_active,1785296234.6534305,1785296234653430442,1384902870128734,7.9,53.359375,-1.0,0,0
2026-07-28T23:37:14.654,10.42.0.210,10.42.0.1,61,3,UPLOAD,0.9855076450773014,UPLOAD,0.9855076450773014,1,1448,100.0,4,0.0,5792.0,0,4,0.0,1.0,0.28849421075764276,0,0,1,1,1,1,1,1,0.9699999999999999,1.0,1.0,1.0,0.8,skip,attack_already_active,1785296234.6548553,1785296234654855072,1384902871553427,7.9,53.359375,-1.0,0,0
2026-07-28T23:37:14.656,10.42.0.210,10.42.0.1,61,3,UPLOAD,0.9855086980780915,UPLOAD,0.9855086980780915,1,1448,100.0,5,0.0,7240.0,0,5,0.0,1.0,0.2506671726260561,0,0,1,1,1,1,1,1,0.9699999999999999,1.0,1.0,1.0,0.8,skip,attack_already_active,1785296234.6562905,1785296234656290495,1384902872989036,7.9,53.359375,-1.0,0,0
2026-07-28T23:37:14.657,10.42.0.210,10.42.0.1,61,3,UPLOAD,0.9855087254685951,UPLOAD,0.9855087254685951,1,1448,100.0,6,0.0,8688.0,0,6,0.0,1.0,0.21783052174920142,0,0,1,1,1,1,1,1,0.9699999999999999,1.0,1.0,1.0,0.8,skip,attack_already_active,1785296234.6577694,1785296234657769560,1384902874468004,7.9,53.359375,-1.0,0,0
2026-07-28T23:37:14.659,10.42.0.210,10.42.0.1,61,3,UPLOAD,0.9855087261493067,UPLOAD,0.9855087261493067,1,1448,100.0,7,0.0,10136.0,0,7,0.0,1.0,0.18931590771883142,0,0,1,1,1,1,1,1,0.9699999999999999,1.0,1.0,1.0,0.8,skip,attack_already_active,1785296234.6592104,1785296234659210425,1384902875909260,7.9,53.359375,-1.0,0,0
2026-07-28T23:37:14.660,10.42.0.210,10.42.0.1,61,3,UPLOAD,0.9855087261653082,UPLOAD,0.9855087261653082,1,1448,100.0,8,0.0,11584.0,0,8,0.0,1.0,0.16451867168098003,0,0,1,1,1,1,1,1,0.9699999999999999,1.0,1.0,1.0,0.8,skip,attack_already_active,1785296234.660347,1785296234660346930,1384902877045072,7.9,53.359375,-1.0,0,0
2026-07-28T23:37:14.661,10.42.0.210,10.42.0.1,61,3,UPLOAD,0.985508726165656,UPLOAD,0.985508726165656,1,1448,100.0,9,0.0,13032.0,0,9,0.0,1.0,0.14296309599212506,0,0,1,1,1,1,1,1,0.9699999999999999,1.0,1.0,1.0,0.8,skip,attack_already_active,1785296234.6612864,1785296234661286487,1384902877984771,7.9,53.359375,-1.0,0,0
2026-07-28T23:37:14.662,10.42.0.210,10.42.0.1,61,3,UPLOAD,0.9855087261656625,UPLOAD,0.9855087261656625,1,1448,100.0,10,0.0,14480.0,0,10,0.0,1.0,0.12424067456586423,0,0,1,1,1,1,1,1,0.9699999999999999,1.0,1.0,1.0,0.8,skip,attack_already_active,1785296234.6621702,1785296234662170174,1384902878868370,7.9,53.359375,-1.0,0,0
2026-07-28T23:37:14.663,10.42.0.210,10.42.0.1,61,3,UPLOAD,0.95,UPLOAD,0.95,1,1448,100.0,11,0.0,15928.0,0,11,0.0,1.0,0.10798564161731897,0,0,1,1,1,1,1,1,0.9699999999999999,1.0,1.0,1.0,0.8,skip,attack_already_active,1785296234.663056,1785296234663055801,1384902879754021,7.9,53.359375,-1.0,0,0
2026-07-28T23:37:14.663,10.42.0.210,10.42.0.1,61,3,UPLOAD,0.95,UPLOAD,0.95,1,1448,100.0,12,0.0,17376.0,0,12,0.0,1.0,0.09387119321402038,0,0,1,1,1,1,1,1,0.9699999999999999,1.0,1.0,1.0,0.8,skip,attack_already_active,1785296234.663931,1785296234663930789,1384902880628974,7.9,53.359375,-1.0,0,0
2026-07-28T23:37:14.664,10.42.0.210,10.42.0.1,61,3,UPLOAD,0.95,UPLOAD,0.95,1,1448,100.0,13,0.0,18824.0,0,13,0.0,1.0,0.08161707717855707,0,0,1,1,1,1,1,1,0.9699999999999999,1.0,1.0,1.0,0.8,skip,attack_already_active,1785296234.664809,1785296234664808952,1384902881507022,7.9,53.359375,-1.0,0,0
2026-07-28T23:37:14.665,10.42.0.210,10.42.0.1,61,3,UPLOAD,0.95,UPLOAD,0.95,1,1448,100.0,14,0.0,20272.0,0,14,0.0,1.0,0.07097802353146278,0,0,1,1,1,1,1,1,0.9699999999999999,1.0,1.0,1.0,0.8,skip,attack_already_active,1785296234.6656892,1785296234665689318,1384902882387401,7.9,53.359375,-1.0,0,0
2026-07-28T23:37:14.666,10.42.0.210,10.42.0.1,61,3,UPLOAD,0.95,UPLOAD,0.95,1,1448,100.0,15,0.0,21720.0,0,15,0.0,1.0,0.06173982591526053,0,0,1,1,1,1,1,1,0.9699999999999999,1.0,1.0,1.0,0.8,skip,attack_already_active,1785296234.6665611,1785296234666560986,1384902883259002,7.9,53.359375,-1.0,0,0
2026-07-28T23:37:14.667,10.42.0.210,10.42.0.1,61,3,UPLOAD,0.95,UPLOAD,0.95,1,1448,100.0,16,0.0,23168.0,0,16,0.0,1.0,0.05371813861048454,0,0,1,1,1,1,1,1,0.9699999999999999,1.0,1.0,1.0,0.8,skip,attack_already_active,1785296234.6674266,1785296234667426596,1384902884124579,7.9,53.359375,-1.0,0,0
2026-07-28T23:37:14.668,10.42.0.210,10.42.0.1,61,3,UPLOAD,0.95,UPLOAD,0.95,1,1448,100.0,17,0.0,24616.0,0,17,0.0,1.0,0.04671938550404678,0,0,1,1,1,1,1,1,0.9699999999999999,1.0,1.0,1.0,0.8,skip,attack_already_active,1785296234.6680331,1785296234668032987,1384902884731012,7.9,53.359375,-1.0,0,0
2026-07-28T23:37:14.669,10.42.0.210,10.42.0.1,61,3,UPLOAD,0.95,UPLOAD,0.95,1,1448,100.0,18,0.0,26064.0,0,18,0.0,1.0,0.040721967171598136,0,0,1,1,1,1,1,1,0.9699999999999999,1.0,1.0,1.0,0.8,skip,attack_already_active,1785296234.6692398,1785296234669239932,1384902885938223,7.9,53.359375,-1.0,0,0
2026-07-28T23:37:14.669,10.42.0.210,10.42.0.1,61,3,UPLOAD,0.95,UPLOAD,0.95,1,1448,100.0,19,0.0,27512.0,0,19,0.0,1.0,0.035442029731632366,0,0,1,1,1,1,1,1,0.9699999999999999,1.0,1.0,1.0,0.8,skip,attack_already_active,1785296234.6698937,1785296234669893546,1384902886591716,7.9,53.359375,-1.0,0,0
2026-07-28T23:37:14.670,10.42.0.210,10.42.0.1,61,3,UPLOAD,0.95,UPLOAD,0.95,1,1448,100.0,20,0.0,28960.0,0,20,0.0,1.0,0.030883898335304583,0,0,1,1,1,1,1,1,0.9699999999999999,1.0,1.0,1.0,0.8,skip,attack_already_active,1785296234.6707454,1785296234670745371,1384902887443381,7.9,53.359375,-1.0,0,0
2026-07-28T23:37:14.671,10.42.0.210,10.42.0.1,61,3,UPLOAD,0.95,UPLOAD,0.95,1,1448,100.0,21,0.0,30408.0,0,21,0.0,1.0,0.026891413207878113,0,0,1,1,1,1,1,1,0.9699999999999999,1.0,1.0,1.0,0.8,skip,attack_already_active,1785296234.6713314,1785296234671331358,1384902888029444,7.9,53.359375,-1.0,0,0
2026-07-28T23:37:14.672,10.42.0.210,10.42.0.1,61,3,UPLOAD,0.95,UPLOAD,0.95,1,1448,100.0,22,0.0,31856.0,0,22,0.0,1.0,0.02345915507228925,0,0,1,1,1,1,1,1,0.9699999999999999,1.0,1.0,1.0,0.8,skip,attack_already_active,1785296234.6721764,1785296234672176334,1384902888874462,7.9,53.359375,-1.0,0,0
2026-07-28T23:37:14.672,10.42.0.210,10.42.0.1,61,3,UPLOAD,0.95,UPLOAD,0.95,1,1448,100.0,23,0.0,33304.0,0,23,0.0,1.0,0.020447260767943492,0,0,1,1,1,1,1,1,0.9699999999999999,1.0,1.0,1.0,0.8,skip,attack_already_active,1785296234.672779,1785296234672779046,1384902889477031,7.9,53.359375,-1.0,0,0
2026-07-28T23:37:14.673,10.42.0.210,10.42.0.1,61,3,UPLOAD,0.95,UPLOAD,0.95,1,1448,100.0,24,0.0,34752.0,0,24,0.0,1.0,0.017863863222097088,0,0,1,1,1,1,1,1,0.9699999999999999,1.0,1.0,1.0,0.8,skip,attack_already_active,1785296234.6736217,1785296234673621741,1384902890319766,7.9,53.359375,-1.0,0,0
2026-07-28T23:37:14.674,10.42.0.210,10.42.0.1,61,3,UPLOAD,0.95,UPLOAD,0.95,1,1448,100.0,25,0.0,36200.0,0,25,0.0,1.0,0.015622116797304523,0,0,1,1,1,1,1,1,0.9699999999999999,1.0,1.0,1.0,0.8,skip,attack_already_active,1785296234.6744735,1785296234674473463,1384902891171672,7.9,53.359375,-1.0,0,0
2026-07-28T23:37:14.675,10.42.0.210,10.42.0.1,61,3,UPLOAD,0.95,UPLOAD,0.95,1,1448,100.0,26,0.0,37648.0,0,26,0.0,1.0,0.013642661291178304,0,0,1,1,1,1,1,1,0.9699999999999999,1.0,1.0,1.0,0.8,skip,attack_already_active,1785296234.675074,1785296234675074020,1384902891772033,7.9,53.359375,-1.0,0,0
2026-07-28T23:37:14.676,10.42.0.210,10.42.0.1,61,3,UPLOAD,0.95,UPLOAD,0.95,1,1448,100.0,27,0.0,39096.0,0,27,0.0,1.0,0.01201415282011856,0,0,1,1,1,1,1,1,0.9699999999999999,1.0,1.0,1.0,0.8,skip,attack_already_active,1785296234.6763585,1785296234676358496,1384902893056975,7.9,53.359375,-1.0,0,0
2026-07-28T23:37:14.677,10.42.0.210,10.42.0.1,61,3,UPLOAD,0.95,UPLOAD,0.95,1,1448,100.0,28,0.0,40544.0,0,28,0.0,1.0,0.010592291564901405,0,0,1,1,1,1,1,1,0.9699999999999999,1.0,1.0,1.0,0.8,skip,attack_already_active,1785296234.6775825,1785296234677582473,1384902894282286,7.9,53.359375,-1.0,0,0
2026-07-28T23:37:14.679,10.42.0.210,10.42.0.1,61,3,UPLOAD,0.95,UPLOAD,0.95,1,1448,100.0,29,0.0,41992.0,0,29,0.0,1.0,0.009422012653691376,0,0,1,1,1,1,1,1,0.9699999999999999,1.0,1.0,1.0,0.8,skip,attack_already_active,1785296234.6792939,1785296234679293999,1384902895992745,7.9,53.359375,-1.0,0,0
2026-07-28T23:37:14.680,10.42.0.210,10.42.0.1,61,3,UPLOAD,0.95,UPLOAD,0.95,1,1448,100.0,30,0.0,43440.0,0,30,0.0,1.0,0.008321936278513685,0,0,1,1,1,1,1,1,0.9699999999999999,1.0,1.0,1.0,0.8,skip,attack_already_active,1785296234.6803677,1785296234680367628,1384902897066694,7.9,53.359375,-1.0,0,0
2026-07-28T23:37:14.681,10.42.0.210,10.42.0.1,61,3,UPLOAD,0.95,UPLOAD,0.95,1,1448,100.0,31,0.0,44888.0,0,31,0.0,1.0,0.007389253965170478,0,0,1,1,1,1,1,1,0.9699999999999999,1.0,1.0,1.0,0.8,skip,attack_already_active,1785296234.6816118,1785296234681611789,1384902898310481,7.9,53.359375,-1.0,0,0
2026-07-28T23:37:14.682,10.42.0.210,10.42.0.1,61,3,UPLOAD,0.95,UPLOAD,0.95,1,1448,100.0,32,0.0,46336.0,0,32,0.0,1.0,0.006515886385436603,0,0,1,1,1,1,1,1,0.9699999999999999,1.0,1.0,1.0,0.8,skip,attack_already_active,1785296234.6823733,1785296234682373267,1384902899071605,7.9,53.359375,-1.0,0,0
2026-07-28T23:37:14.683,10.42.0.210,10.42.0.1,61,3,UPLOAD,0.95,UPLOAD,0.95,1,1448,100.0,33,0.0,47784.0,0,33,0.0,1.0,0.005800868226755695,0,0,1,1,1,1,1,1,0.9699999999999999,1.0,1.0,1.0,0.8,skip,attack_already_active,1785296234.683463,1785296234683463054,1384902900162803,7.9,53.359375,-1.0,0,0
2026-07-28T23:37:14.684,10.42.0.210,10.42.0.1,61,3,UPLOAD,0.95,UPLOAD,0.95,1,1448,100.0,34,0.0,49232.0,0,34,0.0,1.0,0.005145983238561371,0,0,1,1,1,1,1,1,0.9699999999999999,1.0,1.0,1.0,0.8,skip,attack_already_active,1785296234.6842942,1785296234684294251,1384902900992570,7.9,53.359375,-1.0,0,0
2026-07-28T23:37:14.685,10.42.0.210,10.42.0.1,61,3,UPLOAD,0.95,UPLOAD,0.95,1,1448,100.0,35,0.0,50680.0,0,35,0.0,1.0,0.004561341038700503,0,0,1,1,1,1,1,1,0.9699999999999999,1.0,1.0,1.0,0.8,skip,attack_already_active,1785296234.6850035,1785296234685003573,1384902901701695,7.9,53.359375,-1.0,0,0
2026-07-28T23:37:14.685,10.42.0.210,10.42.0.1,61,3,UPLOAD,0.95,UPLOAD,0.95,1,1448,100.0,36,0.0,52128.0,0,36,0.0,1.0,0.00404547695649362,0,0,1,1,1,1,1,1,0.9699999999999999,1.0,1.0,1.0,0.8,skip,attack_already_active,1785296234.68565,1785296234685650089,1384902902348131,7.9,53.359375,-1.0,0,0
2026-07-28T23:37:14.690,10.42.0.1,10.42.0.1,62,3,UPLOAD,0.9513300797461771,UPLOAD,0.9513300797461771,1,7240,100.0,1,0.0,7240.0,0,1,0.0,1.0,0.1253853358620035,1,0,1,1,1,1,1,1,0.9699999999999999,1.0,1.0,1.0,0.8,skip,attack_already_active,1785296234.6902318,1785296234690231767,1384902906930018,7.9,53.359375,-1.0,0,0
2026-07-28T23:37:14.691,10.42.0.1,10.42.0.1,62,3,UPLOAD,0.9580479811138473,UPLOAD,0.9580479811138473,1,7240,100.0,2,0.0,14480.0,0,2,0.0,1.0,0.10896557925234608,1,0,1,1,1,1,1,1,0.9699999999999999,1.0,1.0,1.0,0.8,skip,attack_already_active,1785296234.6910121,1785296234691012057,1384902907710274,7.9,53.359375,-1.0,0,0
2026-07-28T23:37:14.692,10.42.0.1,10.42.0.1,62,3,UPLOAD,0.9596320272030748,UPLOAD,0.9596320272030748,1,14480,100.0,3,0.0,28960.0,0,3,0.0,1.0,0.09483293521531244,1,0,1,1,1,1,1,1,0.9699999999999999,1.0,1.0,1.0,0.8,skip,attack_already_active,1785296234.692729,1785296234692729155,1384902909427351,7.9,53.359375,-1.0,0,0
2026-07-28T23:37:14.693,10.42.0.1,10.42.0.1,62,3,UPLOAD,0.9599371565434506,UPLOAD,0.9599371565434506,1,14480,100.0,4,0.0,43440.0,0,4,0.0,1.0,0.08246933433592217,1,0,1,1,1,1,1,1,0.9699999999999999,1.0,1.0,1.0,0.8,skip,attack_already_active,1785296234.693738,1785296234693737960,1384902910436320,7.9,53.359375,-1.0,0,0
2026-07-28T23:37:14.694,10.42.0.1,10.42.0.1,62,3,UPLOAD,0.9594338532820378,UPLOAD,0.9594338532820378,1,14480,100.0,5,0.0,57920.0,0,5,0.0,1.0,0.07173041627736332,1,0,1,1,1,1,1,1,0.9699999999999999,1.0,1.0,1.0,0.8,skip,attack_already_active,1785296234.6947126,1785296234694712533,1384902911410652,7.9,53.359375,-1.0,0,0
2026-07-28T23:37:14.695,10.42.0.1,10.42.0.1,62,3,UPLOAD,0.9609406870536902,UPLOAD,0.9609406870536902,1,14480,100.0,6,0.0,72400.0,0,6,0.0,1.0,0.062403157518347276,1,0,1,1,1,1,1,1,0.9699999999999999,1.0,1.0,1.0,0.8,skip,attack_already_active,1785296234.695661,1785296234695661135,1384902912359274,7.9,53.359375,-1.0,0,0
2026-07-28T23:37:14.696,10.42.0.1,10.42.0.1,62,3,UPLOAD,0.9626690595036674,UPLOAD,0.9626690595036674,1,7129,100.0,7,0.0,79529.0,0,7,0.0,1.0,0.054340683586654046,1,0,1,1,1,1,1,1,0.9699999999999999,1.0,1.0,1.0,0.8,skip,attack_already_active,1785296234.6968803,1785296234696880404,1384902913578468,7.9,53.359375,-1.0,0,0
2026-07-28T23:37:15.770,10.42.0.1,10.42.0.1,62,3,UPLOAD,0.6141828363356401,UPLOAD,0.6141828363356401,0,43,1.0,0,0.0,0.0,0,0,0.0,0.0,0.19615682837685794,1,0,1,0,0,0,0,0,0.4375,0.05,1.0,0.0,0.8,skip,attack_already_active,1785296235.7706146,1785296235770614622,1384903987313158,10.3,53.359375,-1.0,0,0
2026-07-28T23:37:18.173,10.42.0.47,10.42.0.1|10.42.0.47,62,3,UPLOAD,0.95,UPLOAD,0.95,1,7240,100.0,1,0.0,7240.0,0,1,0.0,1.0,0.967227297890412,1,0,0,1,1,1,1,1,0.9699999999999999,1.0,1.0,1.0,0.8,trigger,training_upload_trigger_confirmed,1785296238.1739252,1785296238173925205,1384906390623862,8.1,53.359375,9.978451,1785296238183904496,1384906400602313
2026-07-28T23:37:18.174,10.42.0.47,10.42.0.1|10.42.0.47,62,3,UPLOAD,0.95,UPLOAD,0.95,1,2896,100.0,2,0.0,10136.0,0,2,0.0,1.0,0.8399065925199453,1,0,1,1,1,1,1,1,0.9699999999999999,1.0,1.0,1.0,0.8,skip,attack_already_active,1785296238.1749508,1785296238174950866,1384906391650271,8.1,53.359375,-1.0,0,0
2026-07-28T23:37:18.177,10.42.0.47,10.42.0.1|10.42.0.47,62,3,UPLOAD,0.95,UPLOAD,0.95,1,4344,100.0,3,0.0,14480.0,0,3,0.0,1.0,0.7295201844461217,1,0,1,1,1,1,1,1,0.9699999999999999,1.0,1.0,1.0,0.8,skip,attack_already_active,1785296238.1771655,1785296238177165662,1384906393864370,8.1,53.359375,-1.0,0,0
2026-07-28T23:37:18.179,10.42.0.47,10.42.0.1|10.42.0.47,62,3,UPLOAD,0.95,UPLOAD,0.95,1,10136,100.0,4,0.0,24616.0,0,4,0.0,1.0,0.6336457672725663,1,0,1,1,1,1,1,1,0.9699999999999999,1.0,1.0,1.0,0.8,skip,attack_already_active,1785296238.1791213,1785296238179121110,1384906395819682,8.1,53.359375,-1.0,0,0
2026-07-28T23:37:18.180,10.42.0.47,10.42.0.1|10.42.0.47,62,3,UPLOAD,0.95,UPLOAD,0.95,1,10136,100.0,5,0.0,34752.0,0,5,0.0,1.0,0.5502871778489286,1,0,1,1,1,1,1,1,0.9699999999999999,1.0,1.0,1.0,0.8,skip,attack_already_active,1785296238.1801817,1785296238180181639,1384906396880062,8.1,53.359375,-1.0,0,0
2026-07-28T23:37:18.182,10.42.0.47,10.42.0.1|10.42.0.47,62,3,UPLOAD,0.95,UPLOAD,0.95,1,7240,100.0,6,0.0,41992.0,0,6,0.0,1.0,0.4780220152567335,1,0,1,1,1,1,1,1,0.9699999999999999,1.0,1.0,1.0,0.8,skip,attack_already_active,1785296238.1820686,1785296238182068433,1384906398766881,8.1,53.359375,-1.0,0,0
2026-07-28T23:37:18.183,10.42.0.47,10.42.0.1|10.42.0.47,62,3,UPLOAD,0.95,UPLOAD,0.95,1,1448,100.0,7,0.0,43440.0,0,7,0.0,1.0,0.41522331878489066,1,0,1,1,1,1,1,1,0.9699999999999999,1.0,1.0,1.0,0.8,skip,attack_already_active,1785296238.1835287,1785296238183528725,1384906400227456,8.1,53.359375,-1.0,0,0
2026-07-28T23:37:18.185,10.42.0.47,10.42.0.1|10.42.0.47,62,3,UPLOAD,0.95,UPLOAD,0.95,1,10136,100.0,8,0.0,53576.0,0,8,0.0,1.0,0.36074572528684656,1,0,1,1,1,1,1,1,0.9699999999999999,1.0,1.0,1.0,0.8,skip,attack_already_active,1785296238.1853366,1785296238185336502,1384906402035342,8.1,53.359375,-1.0,0,0
2026-07-28T23:37:18.186,10.42.0.47,10.42.0.1|10.42.0.47,62,3,UPLOAD,0.95,UPLOAD,0.95,1,8688,100.0,9,0.0,62264.0,0,9,0.0,1.0,0.3134143706393663,1,0,1,1,1,1,1,1,0.9699999999999999,1.0,1.0,1.0,0.8,skip,attack_already_active,1785296238.1868978,1785296238186897740,1384906403596519,8.1,53.359375,-1.0,0,0
2026-07-28T23:37:18.187,10.42.0.47,10.42.0.1|10.42.0.47,62,3,UPLOAD,0.95,UPLOAD,0.95,1,2896,100.0,10,0.0,65160.0,0,10,0.0,1.0,0.27225658537722,1,0,1,1,1,1,1,1,0.9699999999999999,1.0,1.0,1.0,0.8,skip,attack_already_active,1785296238.187977,1785296238187977035,1384906404675507,8.1,53.359375,-1.0,0,0
2026-07-28T23:37:18.190,10.42.0.47,10.42.0.1|10.42.0.47,62,3,UPLOAD,0.95,UPLOAD,0.95,1,10136,100.0,11,0.0,75296.0,0,11,0.0,1.0,0.23669366493168664,1,0,1,1,1,1,1,1,0.9699999999999999,1.0,1.0,1.0,0.8,skip,attack_already_active,1785296238.1903565,1785296238190356568,1384906407055184,8.1,53.359375,-1.0,0,0
2026-07-28T23:37:18.191,10.42.0.47,10.42.0.1|10.42.0.47,62,3,UPLOAD,0.95,UPLOAD,0.95,1,4232,100.0,12,0.0,79528.0,0,12,0.0,1.0,0.20570898471714089,1,0,1,1,1,1,1,1,0.9699999999999999,1.0,1.0,1.0,0.8,skip,attack_already_active,1785296238.191916,1785296238191915940,1384906408614425,8.1,53.359375,-1.0,0,0
2026-07-28T23:37:18.193,10.42.0.1,10.42.0.1|10.42.0.47,62,3,UPLOAD,0.95,UPLOAD,0.95,1,7240,100.0,1,0.0,7240.0,0,1,0.0,1.0,0.4891900240453308,1,0,0,1,1,1,1,1,0.9699999999999999,1.0,1.0,1.0,0.8,skip,already_attacked_this_round,1785296238.1932566,1785296238193256625,1384906409955107,8.1,53.359375,-1.0,0,0
2026-07-28T23:37:18.194,10.42.0.1,10.42.0.1|10.42.0.47,62,3,UPLOAD,0.95,UPLOAD,0.95,1,7240,100.0,2,0.0,14480.0,0,2,0.0,1.0,0.4248562058351029,1,0,0,1,1,1,1,1,0.9699999999999999,1.0,1.0,1.0,0.8,skip,already_attacked_this_round,1785296238.194235,1785296238194235011,1384906410933405,8.1,53.359375,-1.0,0,0
2026-07-28T23:37:18.218,10.42.0.1,10.42.0.1|10.42.0.47,62,3,UPLOAD,0.95,UPLOAD,0.95,1,1448,100.0,3,0.0,15928.0,0,3,0.0,1.0,0.3720128159960592,1,0,0,1,1,1,1,1,0.9699999999999999,1.0,1.0,1.0,0.8,skip,already_attacked_this_round,1785296238.2180774,1785296238218077342,1384906434776365,8.1,53.359375,-1.0,0,0
2026-07-28T23:37:18.308,10.42.0.1,10.42.0.1|10.42.0.47,62,3,UPLOAD,0.95,UPLOAD,0.95,1,10136,100.0,4,0.0,26064.0,0,4,0.0,1.0,0.334862245882347,1,0,0,1,1,1,1,1,0.9699999999999999,1.0,1.0,1.0,0.8,skip,already_attacked_this_round,1785296238.3081648,1785296238308164767,1384906524863309,8.1,53.359375,-1.0,0,0
2026-07-28T23:37:18.310,10.42.0.1,10.42.0.1|10.42.0.47,62,3,UPLOAD,0.95,UPLOAD,0.95,1,14480,100.0,5,0.0,40544.0,0,5,0.0,1.0,0.2909885792838129,1,0,0,1,1,1,1,1,0.9699999999999999,1.0,1.0,1.0,0.8,skip,already_attacked_this_round,1785296238.310082,1785296238310082060,1384906526780477,8.1,53.359375,-1.0,0,0
2026-07-28T23:37:18.311,10.42.0.1,10.42.0.1|10.42.0.47,62,3,UPLOAD,0.9302717190035213,UPLOAD,0.9302717190035213,0,43,100.0,5,0.0,40544.0,0,5,0.0,1.0,0.5874163021332821,1,0,0,1,1,1,1,1,0.8374999999999999,0.8500000000000001,1.0,0.6000000000000001,0.8,skip,already_attacked_this_round,1785296238.3111112,1785296238311111263,1384906527809576,8.1,53.359375,-1.0,0,0
2026-07-28T23:37:18.313,10.42.0.1,10.42.0.1|10.42.0.47,62,3,UPLOAD,0.95,UPLOAD,0.95,1,18824,100.0,6,0.0,59368.0,0,6,0.0,1.0,0.5104754380399684,1,0,0,1,1,1,1,1,0.9699999999999999,1.0,1.0,1.0,0.8,skip,already_attacked_this_round,1785296238.3136153,1785296238313615357,1384906530313685,8.1,53.359375,-1.0,0,0
2026-07-28T23:37:18.316,10.42.0.1,10.42.0.1|10.42.0.47,62,3,UPLOAD,0.95,UPLOAD,0.95,1,18824,100.0,7,0.0,78192.0,0,7,0.0,1.0,0.4435298061321682,1,0,0,1,1,1,1,1,0.9699999999999999,1.0,1.0,1.0,0.8,skip,already_attacked_this_round,1785296238.3160589,1785296238316058857,1384906532757267,8.1,53.359375,-1.0,0,0
2026-07-28T23:37:18.317,10.42.0.1,10.42.0.1|10.42.0.47,62,3,UPLOAD,0.95,UPLOAD,0.95,1,1336,100.0,8,0.0,79528.0,0,8,0.0,1.0,0.385323208495069,1,0,0,1,1,1,1,1,0.9699999999999999,1.0,1.0,1.0,0.8,skip,already_attacked_this_round,1785296238.317875,1785296238317874891,1384906534573440,8.1,53.359375,-1.0,0,0
2026-07-28T23:37:18.610,10.42.0.1,10.42.0.1,63,1,DOWNLOAD,0.95,DOWNLOAD,0.95,-1,1448,54.92265189646225,9,1448.0,79528.0,1,8,0.017881841533293814,0.9821181584667061,0.37399156144852175,0,0,0,0,1,0,0,0,0.44,0.8500000000000001,0.0,0.6000000000000001,0.15,skip,training_upload_trigger_not_confirmed,1785296238.6104417,1785296238610441794,1384906827140349,8.1,53.359375,-1.0,0,0
2026-07-28T23:37:18.614,10.42.0.1,10.42.0.1,63,1,DOWNLOAD,0.95,DOWNLOAD,0.95,-1,5792,10.984530385361252,10,7240.0,79528.0,2,8,0.08344089987092015,0.9165591001290798,0.32525471234569336,0,0,0,0,1,0,0,0,0.44,0.8500000000000001,0.0,0.6000000000000001,0.15,skip,training_upload_trigger_not_confirmed,1785296238.6145828,1785296238614582844,1384906831281819,8.1,53.359375,-1.0,0,0
2026-07-28T23:37:18.615,10.42.0.1,10.42.0.1,63,1,DOWNLOAD,0.95,DOWNLOAD,0.95,-1,7240,5.492265193059926,11,14480.0,79528.0,3,8,0.15402944430261253,0.8459705556973874,0.2825221888859101,0,0,0,0,1,0,0,0,0.44,0.8500000000000001,0.0,0.6000000000000001,0.15,skip,training_upload_trigger_not_confirmed,1785296238.6155522,1785296238615552186,1384906832251495,8.1,53.359375,-1.0,0,0
2026-07-28T23:37:18.617,10.42.0.1,10.42.0.1,63,1,DOWNLOAD,0.95,DOWNLOAD,0.95,-1,7240,3.661510128790906,12,21720.0,79528.0,4,8,0.21452275600505688,0.7854772439949431,0.24548908544497627,0,0,0,0,1,0,0,0,0.4,0.8500000000000001,0.0,0.4,0.15,skip,training_upload_trigger_not_confirmed,1785296238.6170404,1785296238617040377,1384906833738656,8.1,53.359375,-1.0,0,0
2026-07-28T23:37:18.617,10.42.0.1,10.42.0.1,63,1,DOWNLOAD,0.95,DOWNLOAD,0.95,-1,7240,2.746132596624788,13,28960.0,79528.0,5,8,0.26694196593171593,0.7330580340682841,0.21322591268196484,0,0,0,0,1,0,0,0,0.4,0.8500000000000001,0.0,0.4,0.15,skip,training_upload_trigger_not_confirmed,1785296238.6176932,1785296238617693087,1384906834391301,8.1,53.359375,-1.0,0,0
2026-07-28T23:37:18.618,10.42.0.1,10.42.0.1,63,1,DOWNLOAD,0.9506774300347692,DOWNLOAD,0.9506774300347692,-1,7240,2.196906077315002,14,36200.0,79528.0,6,8,0.31280243329185675,0.6871975667081432,0.18524153558020195,0,0,0,0,1,0,0,0,0.4,0.8500000000000001,0.0,0.4,0.15,skip,training_upload_trigger_not_confirmed,1785296238.6185534,1785296238618553323,1384906835251527,8.1,53.359375,-1.0,0,0
2026-07-28T23:37:18.619,10.42.0.1,10.42.0.1,63,1,DOWNLOAD,0.9511777150199602,DOWNLOAD,0.9511777150199602,-1,7240,1.8307550644375976,15,43440.0,79528.0,7,8,0.3532626374341292,0.6467373625658708,0.16091016284064072,0,0,0,0,1,0,0,0,0.32,0.8500000000000001,0.0,0.0,0.15,skip,training_upload_trigger_not_confirmed,1785296238.6191509,1785296238619150826,1384906835848797,8.1,53.359375,-1.0,0,0
2026-07-28T23:37:18.620,10.42.0.1,10.42.0.1,63,1,DOWNLOAD,0.9529566578875488,DOWNLOAD,0.9529566578875488,-1,7240,1.5692186266659585,16,50680.0,79528.0,8,8,0.3892233964118948,0.6107766035881051,0.13985554464744102,0,0,0,0,1,0,0,0,0.32,0.8500000000000001,0.0,0.0,0.15,skip,training_upload_trigger_not_confirmed,1785296238.6202834,1785296238620283428,1384906836981717,8.1,53.359375,-1.0,0,0
2026-07-28T23:37:18.621,10.42.0.1,10.42.0.1,63,1,DOWNLOAD,0.95,DOWNLOAD,0.95,-1,7240,1.3730662983361002,17,57920.0,79528.0,9,8,0.4213957278388918,0.5786042721611082,0.1215280100199073,0,0,0,0,1,0,0,0,0.32,0.8500000000000001,0.0,0.0,0.15,skip,training_upload_trigger_not_confirmed,1785296238.6210563,1785296238621056157,1384906837754295,8.1,53.359375,-1.0,0,0
2026-07-28T23:37:18.621,10.42.0.1,10.42.0.1,63,1,DOWNLOAD,0.95,DOWNLOAD,0.95,-1,4344,1.2772709751979108,18,62264.0,79528.0,10,8,0.4391220943353645,0.5608779056646355,0.10559245326563768,0,0,0,0,1,0,0,0,0.32,0.8500000000000001,0.0,0.0,0.15,skip,training_upload_trigger_not_confirmed,1785296238.6216538,1785296238621653883,1384906838352035,8.1,53.359375,-1.0,0,0
2026-07-28T23:37:18.622,10.42.0.1,10.42.0.1,63,1,DOWNLOAD,0.95,DOWNLOAD,0.95,-1,10136,1.0984530386726734,19,72400.0,79528.0,11,8,0.4765415196672108,0.5234584803327892,0.09175431405644904,0,0,0,0,1,0,0,0,0.30250000000000005,0.8000000000000002,0.0,0.0,0.15,skip,training_upload_trigger_not_confirmed,1785296238.6222324,1785296238622232241,1384906838930247,8.1,53.359375,-1.0,0,0
2026-07-28T23:37:18.622,10.42.0.1,10.42.0.1,63,1,DOWNLOAD,0.95,DOWNLOAD,0.95,-1,14480,0.9153775322293349,20,86880.0,79528.0,12,8,0.5220902841209557,0.4779097158790443,0.07974176184434606,0,0,0,0,1,0,0,0,0.30250000000000005,0.8000000000000002,0.0,0.0,0.15,skip,training_upload_trigger_not_confirmed,1785296238.6228268,1785296238622826713,1384906839524766,41.9,53.359375,-1.0,0,0
2026-07-28T23:37:18.623,10.42.0.1,10.42.0.1,63,1,DOWNLOAD,0.95,DOWNLOAD,0.95,-1,14480,0.7846093133407201,21,101360.0,79528.0,13,8,0.5603467338905842,0.4396532661094158,0.06931162322158863,0,0,0,0,1,0,0,0,0.28500000000000003,0.7500000000000001,0.0,0.0,0.15,skip,training_upload_trigger_not_confirmed,1785296238.6234171,1785296238623417120,1384906840115566,41.9,53.359375,-1.0,0,0
2026-07-28T23:37:18.624,10.42.0.1,10.42.0.1,63,1,DOWNLOAD,0.95,DOWNLOAD,0.95,-1,4344,0.7523650949845572,22,105704.0,79528.0,14,8,0.5706573378249978,0.42934266217500217,0.060291946426632756,0,0,0,0,1,0,0,0,0.28500000000000003,0.7500000000000001,0.0,0.0,0.15,skip,training_upload_trigger_not_confirmed,1785296238.624281,1785296238624280893,1384906840979041,41.9,53.359375,-1.0,0,0
2026-07-28T23:37:18.625,10.42.0.1,10.42.0.1,63,1,DOWNLOAD,0.95,DOWNLOAD,0.95,-1,14480,0.6617186979992202,23,120184.0,79528.0,15,8,0.6017865726646371,0.3982134273353629,0.052509372759055595,0,0,0,0,1,0,0,0,0.28500000000000003,0.7500000000000001,0.0,0.0,0.15,skip,training_upload_trigger_not_confirmed,1785296238.625513,1785296238625512980,1384906842211207,41.9,53.359375,-1.0,0,0
2026-07-28T23:37:18.626,10.42.0.1,10.42.0.1,63,1,DOWNLOAD,0.95,DOWNLOAD,0.95,-1,4344,0.638635487604084,24,124528.0,79528.0,16,8,0.6102638491394519,0.3897361508605481,0.04570590856450374,0,0,0,0,1,0,0,0,0.28500000000000003,0.7500000000000001,0.0,0.0,0.15,skip,training_upload_trigger_not_confirmed,1785296238.6263928,1785296238626392940,1384906843090997,41.9,53.359375,-1.0,0,0
2026-07-28T23:37:18.627,10.42.0.1,10.42.0.1,63,1,DOWNLOAD,0.95,DOWNLOAD,0.95,-1,14480,0.5721109576458037,25,139008.0,79528.0,17,8,0.6360874180912984,0.3639125819087015,0.039763968175590504,0,0,0,0,1,0,0,0,0.28500000000000003,0.7500000000000001,0.0,0.0,0.15,skip,training_upload_trigger_not_confirmed,1785296238.627007,1785296238627007063,1384906843705193,41.9,53.359375,-1.0,0,0
2026-07-28T23:37:18.628,10.42.0.1,10.42.0.1,63,1,DOWNLOAD,0.95,DOWNLOAD,0.95,-1,14480,0.5181382257927776,26,153488.0,79528.0,18,8,0.6587015483915267,0.3412984516084732,0.034677221197734004,0,0,0,0,1,0,0,0,0.28500000000000003,0.7500000000000001,0.0,0.0,0.15,skip,training_upload_trigger_not_confirmed,1785296238.628169,1785296238628169079,1384906844867350,41.9,53.359375,-1.0,0,0
2026-07-28T23:37:18.629,10.42.0.1,10.42.0.1,63,1,DOWNLOAD,0.95,DOWNLOAD,0.95,-1,14480,0.4734711373626317,27,167968.0,79528.0,19,8,0.6786695542554223,0.3213304457445777,0.030226721050675906,0,0,0,0,1,0,0,0,0.28500000000000003,0.7500000000000001,0.0,0.0,0.15,skip,training_upload_trigger_not_confirmed,1785296238.6290727,1785296238629072620,1384906845770753,41.9,53.359375,-1.0,0,0
2026-07-28T23:37:18.629,10.42.0.1,10.42.0.1,63,1,DOWNLOAD,0.95,DOWNLOAD,0.95,-1,18824,0.42575699173719556,28,186792.0,79528.0,20,8,0.7013817963352358,0.2986182036647642,0.026327778374266496,0,0,0,0,1,0,0,0,0.28500000000000003,0.7500000000000001,0.0,0.0,0.15,skip,training_upload_trigger_not_confirmed,1785296238.6297114,1785296238629711232,1384906846409269,41.9,53.359375,-1.0,0,0
2026-07-28T23:37:18.630,10.42.0.1,10.42.0.1,63,1,DOWNLOAD,0.95,DOWNLOAD,0.95,-1,18824,0.38677923897271227,29,205616.0,79528.0,21,8,0.7210953062312375,0.2789046937687624,0.022940480409124664,0,0,0,0,1,0,0,0,0.28500000000000003,0.7500000000000001,0.0,0.0,0.15,skip,training_upload_trigger_not_confirmed,1785296238.630334,1785296238630333934,1384906847032023,41.9,53.359375,-1.0,0,0
2026-07-28T23:37:18.631,10.42.0.1,10.42.0.1,63,1,DOWNLOAD,0.95,DOWNLOAD,0.95,-1,18824,0.35433968989772613,30,224440.0,79528.0,22,8,0.738367196547005,0.26163280345299506,0.02009021268589167,0,0,0,0,1,0,0,0,0.28500000000000003,0.7500000000000001,0.0,0.0,0.15,skip,training_upload_trigger_not_confirmed,1785296238.6316445,1785296238631644357,1384906848342938,41.9,53.359375,-1.0,0,0
2026-07-28T23:37:18.633,10.42.0.1,10.42.0.1,63,1,DOWNLOAD,0.95,DOWNLOAD,0.95,-1,6784,0.3439435352759923,31,231224.0,79528.0,23,8,0.7440788796210484,0.2559211203789517,0.01764195957982426,0,0,0,0,1,0,0,0,0.28500000000000003,0.7500000000000001,0.0,0.0,0.15,skip,training_upload_trigger_not_confirmed,1785296238.6331556,1785296238633155481,1384906849854417,41.9,53.359375,-1.0,0,0
2026-07-28T23:37:18.634,10.42.0.145,10.42.0.1,29,1,DOWNLOAD,0.95,DOWNLOAD,0.95,-1,7300,1.3698630135109776e-10,1,7300.0,0.0,1,0,1.0,0.0,1.0933660296270582,0,0,0,0,0,0,0,0,0.0225,0.0,0.0,0.0,0.15,skip,training_upload_trigger_not_confirmed,1785296238.634728,1785296238634727956,1384906851426619,41.9,53.359375,-1.0,0,0
2026-07-28T23:37:18.635,10.42.0.145,10.42.0.1,29,1,DOWNLOAD,0.95,DOWNLOAD,0.95,-1,7300,6.84931506802402e-11,2,14600.0,0.0,2,0,1.0,0.0,0.9494286437729218,0,0,0,0,0,0,0,0,0.0225,0.0,0.0,0.0,0.15,skip,training_upload_trigger_not_confirmed,1785296238.635793,1785296238635793016,1384906852491444,41.9,53.359375,-1.0,0,0
2026-07-28T23:37:18.636,10.42.0.1,10.42.0.1,63,1,DOWNLOAD,0.95,DOWNLOAD,0.95,-1,16920,0.32049132761896115,32,248144.0,79528.0,24,8,0.7572938792450987,0.24270612075490125,0.015801531624323798,0,0,0,0,1,0,0,0,0.28500000000000003,0.7500000000000001,0.0,0.0,0.15,skip,training_upload_trigger_not_confirmed,1785296238.636831,1785296238636831014,1384906853529394,41.9,53.359375,-1.0,0,0
2026-07-28T23:37:18.638,10.42.0.18,10.42.0.1,47,1,DOWNLOAD,0.95,DOWNLOAD,0.95,-1,7300,1.3698630135109776e-10,1,7300.0,0.0,1,0,1.0,0.0,0.7500937359766033,0,0,0,0,0,0,0,0,0.0225,0.0,0.0,0.0,0.15,skip,training_upload_trigger_not_confirmed,1785296238.638328,1785296238638328106,1384906855026907,41.9,53.359375,-1.0,0,0
2026-07-28T23:37:18.639,10.42.0.18,10.42.0.1,47,1,DOWNLOAD,0.9545523052529651,DOWNLOAD,0.9545523052529651,-1,7300,6.84931506802402e-11,2,14600.0,0.0,2,0,1.0,0.0,0.6513839310043134,0,0,0,0,0,0,0,0,0.0225,0.0,0.0,0.0,0.15,skip,training_upload_trigger_not_confirmed,1785296238.6393404,1785296238639340348,1384906856038804,41.9,53.359375,-1.0,0,0
2026-07-28T23:37:18.640,10.42.0.1,10.42.0.1,63,1,DOWNLOAD,0.95,DOWNLOAD,0.95,-1,16920,0.300033199531811,33,265064.0,79528.0,25,8,0.7692111250406277,0.23078887495937225,0.014185717120483405,0,0,0,0,1,0,0,0,0.28500000000000003,0.7500000000000001,0.0,0.0,0.15,skip,training_upload_trigger_not_confirmed,1785296238.6403706,1785296238640370771,1384906857069257,41.9,53.359375,-1.0,0,0
2026-07-28T23:37:18.641,10.42.0.59,10.42.0.1,24,1,DOWNLOAD,0.95,DOWNLOAD,0.95,-1,7300,1.3698630135109776e-10,1,7300.0,0.0,1,0,1.0,0.0,0.9341280554162164,0,0,0,0,0,0,0,0,0.0225,0.0,0.0,0.0,0.15,skip,training_upload_trigger_not_confirmed,1785296238.6418853,1785296238641885308,1384906858583843,41.9,53.359375,-1.0,0,0
2026-07-28T23:37:18.642,10.42.0.1,10.42.0.1,63,1,DOWNLOAD,0.95,DOWNLOAD,0.95,-1,21720,0.2773097522899558,34,286784.0,79528.0,26,8,0.7828954552403415,0.21710454475965843,0.012660988720861497,0,0,0,0,1,0,0,0,0.28500000000000003,0.7500000000000001,0.0,0.0,0.15,skip,training_upload_trigger_not_confirmed,1785296238.6429856,1785296238642985522,1384906859683838,41.9,53.359375,-1.0,0,0
2026-07-28T23:37:18.644,10.42.0.210,10.42.0.1,62,1,DOWNLOAD,0.9832127214188982,DOWNLOAD,0.9832127214188982,-1,7240,1.381215469422484e-10,1,7240.0,0.0,1,0,1.0,0.0,0.3820258377892763,0,0,0,0,0,0,0,0,0.0225,0.0,0.0,0.0,0.15,skip,training_upload_trigger_not_confirmed,1785296238.6440136,1785296238644013603,1384906860712388,41.9,53.359375,-1.0,0,0
2026-07-28T23:37:18.645,10.42.0.1,10.42.0.1,63,1,DOWNLOAD,0.95,DOWNLOAD,0.95,-1,21720,0.2577859606382485,35,308504.0,79528.0,27,8,0.7950478311067128,0.20495216889328716,0.011264983223404867,0,0,0,0,1,0,0,0,0.28500000000000003,0.7500000000000001,0.0,0.0,0.15,skip,training_upload_trigger_not_confirmed,1785296238.6450527,1785296238645052701,1384906861751036,41.9,53.359375,-1.0,0,0
2026-07-28T23:37:18.646,10.42.0.145,10.42.0.1,29,1,DOWNLOAD,0.95,DOWNLOAD,0.95,-1,14600,3.424657534129292e-11,3,29200.0,0.0,3,0,1.0,0.0,0.8257288020948503,0,0,0,0,0,0,0,0,0.0225,0.0,0.0,0.0,0.15,skip,training_upload_trigger_not_confirmed,1785296238.6464977,1785296238646497854,1384906863196401,41.9,53.359375,-1.0,0,0
2026-07-28T23:37:18.647,10.42.0.145,10.42.0.1,29,1,DOWNLOAD,0.95,DOWNLOAD,0.95,-1,14600,2.2831050227789245e-11,4,43800.0,0.0,4,0,1.0,0.0,0.7170503414142184,0,0,0,0,0,0,0,0,0.0225,0.0,0.0,0.0,0.15,skip,training_upload_trigger_not_confirmed,1785296238.6474957,1785296238647495596,1384906864193972,41.9,53.359375,-1.0,0,0
2026-07-28T23:37:18.649,10.42.0.18,10.42.0.1,47,1,DOWNLOAD,0.9559384668929564,DOWNLOAD,0.9559384668929564,-1,10220,4.029008863657171e-11,3,24820.0,0.0,3,0,1.0,0.0,0.5668223583211202,0,0,0,0,0,0,0,0,0.0225,0.0,0.0,0.0,0.15,skip,training_upload_trigger_not_confirmed,1785296238.64901,1785296238649009992,1384906865708309,41.9,53.359375,-1.0,0,0
2026-07-28T23:37:18.650,10.42.0.18,10.42.0.1,47,1,DOWNLOAD,0.9562363318408517,DOWNLOAD,0.9562363318408517,-1,4380,3.424657534129292e-11,4,29200.0,0.0,4,0,1.0,0.0,0.4923216668040337,0,0,0,0,0,0,0,0,0.0225,0.0,0.0,0.0,0.15,skip,training_upload_trigger_not_confirmed,1785296238.6504672,1785296238650466951,1384906867166362,41.9,53.359375,-1.0,0,0
2026-07-28T23:37:18.651,10.42.0.145,10.42.0.1,29,1,DOWNLOAD,0.935411602599156,DOWNLOAD,0.935411602599156,0,43,2.2831050227789245e-11,4,43800.0,0.0,4,0,1.0,0.0,1.2725175704897702,0,0,0,0,0,0,0,0,0.0225,0.0,0.0,0.0,0.15,skip,training_upload_trigger_not_confirmed,1785296238.6516066,1785296238651606404,1384906868305395,41.9,53.359375,-1.0,0,0
2026-07-28T23:37:18.654,10.42.0.18,10.42.0.1,47,1,DOWNLOAD,0.9564526258002152,DOWNLOAD,0.9564526258002152,-1,14600,2.2831050227789245e-11,5,43800.0,0.0,5,0,1.0,0.0,0.42798297694414567,0,0,0,0,0,0,0,0,0.0225,0.0,0.0,0.0,0.15,skip,training_upload_trigger_not_confirmed,1785296238.6545403,1785296238654540215,1384906871239307,41.9,53.359375,-1.0,0,0
2026-07-28T23:37:18.655,10.42.0.18,10.42.0.1,47,1,DOWNLOAD,0.9513921315417092,DOWNLOAD,0.9513921315417092,0,43,2.2831050227789245e-11,5,43800.0,0.0,5,0,1.0,0.0,1.122846694179164,0,0,0,0,0,0,0,0,0.0225,0.0,0.0,0.0,0.15,skip,training_upload_trigger_not_confirmed,1785296238.6556551,1785296238655655118,1384906872354610,41.9,53.359375,-1.0,0,0
2026-07-28T23:37:18.659,10.42.0.59,10.42.0.1,24,1,DOWNLOAD,0.95,DOWNLOAD,0.95,-1,14600,4.566210045453598e-11,2,21900.0,0.0,2,0,1.0,0.0,0.8132901992459337,0,0,0,0,0,0,0,0,0.0225,0.0,0.0,0.0,0.15,skip,training_upload_trigger_not_confirmed,1785296238.6590083,1785296238659008229,1384906875706659,41.9,53.359375,-1.0,0,0
2026-07-28T23:37:18.660,10.42.0.59,10.42.0.1,24,1,DOWNLOAD,0.95,DOWNLOAD,0.95,-1,14600,2.739726027322199e-11,3,36500.0,0.0,3,0,1.0,0.0,0.7062555728879005,0,0,0,0,0,0,0,0,0.0225,0.0,0.0,0.0,0.15,skip,training_upload_trigger_not_confirmed,1785296238.6600423,1785296238660042276,1384906876740674,41.9,53.359375,-1.0,0,0
2026-07-28T23:37:18.661,10.42.0.18,10.42.0.1,47,1,DOWNLOAD,0.95,DOWNLOAD,0.95,-1,14600,1.7123287670939668e-11,6,58400.0,0.0,6,0,1.0,0.0,0.9757454463646782,0,0,0,0,0,0,0,0,0.0225,0.0,0.0,0.0,0.15,skip,training_upload_trigger_not_confirmed,1785296238.6610763,1785296238661076111,1384906877774464,41.9,53.359375,-1.0,0,0
2026-07-28T23:37:18.661,10.42.0.18,10.42.0.1,47,1,DOWNLOAD,0.9511758794615194,DOWNLOAD,0.9511758794615194,-1,5840,1.556662515542393e-11,7,64240.0,0.0,7,0,1.0,0.0,0.847285772326116,0,0,0,0,0,0,0,0,0.0225,0.0,0.0,0.0,0.15,skip,training_upload_trigger_not_confirmed,1785296238.6619768,1785296238661976845,1384906878674931,41.9,53.359375,-1.0,0,0
2026-07-28T23:37:18.662,10.42.0.18,10.42.0.1,47,1,DOWNLOAD,0.95,DOWNLOAD,0.95,-1,8760,1.369863013679865e-11,8,73000.0,0.0,8,0,1.0,0.0,0.7357522327205303,0,0,0,0,0,0,0,0,0.0225,0.0,0.0,0.0,0.15,skip,training_upload_trigger_not_confirmed,1785296238.6628654,1785296238662865462,1384906879563597,41.9,53.359375,-1.0,0,0
2026-07-28T23:37:18.663,10.42.0.59,10.42.0.1,24,1,DOWNLOAD,0.960642785698369,DOWNLOAD,0.960642785698369,-1,24820,1.630789301995584e-11,4,61320.0,0.0,4,0,1.0,0.0,0.6136808035295302,0,0,0,0,0,0,0,0,0.0225,0.0,0.0,0.0,0.15,skip,training_upload_trigger_not_confirmed,1785296238.6637735,1785296238663773434,1384906880471944,41.9,53.359375,-1.0,0,0
2026-07-28T23:37:18.664,10.42.0.59,10.42.0.1,24,1,DOWNLOAD,0.9629325433822696,DOWNLOAD,0.9629325433822696,-1,10564,1.3911301541178688e-11,5,71884.0,0.0,5,0,1.0,0.0,0.5328976975774156,0,0,0,0,0,0,0,0,0.0225,0.0,0.0,0.0,0.15,skip,training_upload_trigger_not_confirmed,1785296238.6644137,1785296238664413674,1384906881111798,41.9,53.359375,-1.0,0,0
2026-07-28T23:37:18.666,10.42.0.18,10.42.0.1,47,1,DOWNLOAD,0.95,DOWNLOAD,0.95,-1,6184,1.2628813901638856e-11,9,79184.0,0.0,9,0,1.0,0.0,0.6392645744244156,0,0,0,0,0,0,0,0,0.0225,0.0,0.0,0.0,0.15,skip,training_upload_trigger_not_confirmed,1785296238.6663995,1785296238666399553,1384906883097614,41.9,53.359375,-1.0,0,0
2026-07-28T23:37:18.668,10.42.0.145,10.42.0.1,29,1,DOWNLOAD,0.95155124285711,DOWNLOAD,0.95155124285711,-1,29200,1.369863013679865e-11,5,73000.0,0.0,5,0,1.0,0.0,1.1075541285524022,0,0,0,0,0,0,0,0,0.0225,0.0,0.0,0.0,0.15,skip,training_upload_trigger_not_confirmed,1785296238.6681514,1785296238668151319,1384906884849859,41.9,53.359375,-1.0,0,0
2026-07-28T23:37:18.668,10.42.0.145,10.42.0.1,29,1,DOWNLOAD,0.9633305102588553,DOWNLOAD,0.9633305102588553,-1,6184,1.2628813901638856e-11,6,79184.0,0.0,6,0,1.0,0.0,0.9616919444015655,0,0,0,0,0,0,0,0,0.0225,0.0,0.0,0.0,0.15,skip,training_upload_trigger_not_confirmed,1785296238.6687977,1785296238668797814,1384906885495928,41.9,53.359375,-1.0,0,0
2026-07-28T23:37:18.669,10.42.0.47,10.42.0.1,63,1,DOWNLOAD,0.95,DOWNLOAD,0.95,-1,1448,54.92265189646225,13,1448.0,79528.0,1,12,0.017881841533293814,0.9821181584667061,0.22025430421296732,0,0,0,0,0,0,0,0,0.057499999999999996,0.1,0.0,0.0,0.15,skip,training_upload_trigger_not_confirmed,1785296238.6694825,1785296238669482603,1384906886180863,41.9,53.359375,-1.0,0,0
2026-07-28T23:37:18.670,10.42.0.210,10.42.0.1,62,1,DOWNLOAD,0.95,DOWNLOAD,0.95,-1,1448,1.1510128912119e-10,2,8688.0,0.0,2,0,1.0,0.0,0.33519395006480557,0,0,0,0,0,0,0,0,0.0225,0.0,0.0,0.0,0.15,skip,training_upload_trigger_not_confirmed,1785296238.6706452,1785296238670645177,1384906887343292,41.9,53.359375,-1.0,0,0
2026-07-28T23:37:18.680,10.42.0.47,10.42.0.1,63,1,DOWNLOAD,0.9829981496648164,DOWNLOAD,0.9829981496648164,0,43,54.92265189646225,13,1448.0,79528.0,1,12,0.017881841533293814,0.9821181584667061,0.23415668091580788,0,0,0,0,0,0,0,0,0.057499999999999996,0.1,0.0,0.0,0.15,skip,training_upload_trigger_not_confirmed,1785296238.6802998,1785296238680299865,1384906896998176,41.9,53.359375,-1.0,0,0
2026-07-28T23:37:18.681,10.42.0.47,10.42.0.1,63,1,DOWNLOAD,0.9842257140988042,DOWNLOAD,0.9842257140988042,-1,10136,6.865331491206376,14,11584.0,79528.0,2,12,0.12714022302221442,0.8728597769777856,0.2048233312513766,0,0,0,0,0,0,0,0,0.057499999999999996,0.1,0.0,0.0,0.15,skip,training_upload_trigger_not_confirmed,1785296238.6810365,1785296238681036604,1384906897734751,41.9,53.359375,-1.0,0,0
2026-07-28T23:37:18.686,10.42.0.47,10.42.0.1,63,1,DOWNLOAD,0.9842586901286671,DOWNLOAD,0.9842586901286671,-1,20272,2.496484178757644,15,31856.0,79528.0,3,12,0.28600158011922716,0.7139984198807728,0.17855064078277247,0,0,0,0,0,0,0,0,0.057499999999999996,0.1,0.0,0.0,0.15,skip,training_upload_trigger_not_confirmed,1785296238.6864836,1785296238686483606,1384906903181958,41.9,53.359375,-1.0,0,0
2026-07-28T23:37:18.687,10.42.0.47,10.42.0.1,63,1,DOWNLOAD,0.9842595481342594,DOWNLOAD,0.9842595481342594,-1,20272,1.525629220370518,16,52128.0,79528.0,4,12,0.39594093698730026,0.6040590630126997,0.15511939921256127,0,0,0,0,0,0,0,0,0.057499999999999996,0.1,0.0,0.0,0.15,skip,training_upload_trigger_not_confirmed,1785296238.687221,1785296238687221114,1384906903919484,41.9,53.359375,-1.0,0,0
2026-07-28T23:37:18.692,10.42.0.47,10.42.0.1,63,1,DOWNLOAD,0.9842595696464124,DOWNLOAD,0.9842595696464124,-1,8688,1.3076821888925991,17,60816.0,79528.0,5,12,0.43333523342643787,0.5666647665735621,0.1353659116103824,0,0,0,0,0,0,0,0,0.057499999999999996,0.1,0.0,0.0,0.15,skip,training_upload_trigger_not_confirmed,1785296238.6924367,1785296238692436714,1384906909134988,41.9,53.359375,-1.0,0,0
2026-07-28T23:37:18.693,10.42.0.47,10.42.0.1,63,1,DOWNLOAD,0.9842595701605352,DOWNLOAD,0.9842595701605352,-1,3905,1.2287820027467315,18,64721.0,79528.0,6,12,0.4486755540766314,0.5513244459233686,0.11762255004821662,0,0,0,0,0,0,0,0,0.057499999999999996,0.1,0.0,0.0,0.15,skip,training_upload_trigger_not_confirmed,1785296238.6931531,1785296238693153131,1384906909851294,41.9,53.359375,-1.0,0,0
2026-07-28T23:37:18.697,10.42.0.210,10.42.0.1,62,1,DOWNLOAD,0.9557926560077417,DOWNLOAD,0.9557926560077417,-1,10136,5.3123671905380167e-11,3,18824.0,0.0,3,0,1.0,0.0,0.2946063865297718,0,0,0,0,0,0,0,0,0.0225,0.0,0.0,0.0,0.15,skip,training_upload_trigger_not_confirmed,1785296238.6978314,1785296238697831361,1384906914529762,41.9,53.359375,-1.0,0,0
2026-07-28T23:37:18.698,10.42.0.210,10.42.0.1,62,1,DOWNLOAD,0.9846998846180315,DOWNLOAD,0.9846998846180315,-1,14480,3.002642325156058e-11,4,33304.0,0.0,4,0,1.0,0.0,0.25592094980868174,0,0,0,0,0,0,0,0,0.0225,0.0,0.0,0.0,0.15,skip,training_upload_trigger_not_confirmed,1785296238.6988647,1785296238698864651,1384906915562754,41.9,53.359375,-1.0,0,0
2026-07-28T23:37:18.699,10.42.0.210,10.42.0.1,62,1,DOWNLOAD,0.9854895428954357,DOWNLOAD,0.9854895428954357,-1,5792,2.557806425144316e-11,5,39096.0,0.0,5,0,1.0,0.0,0.22233116099006095,0,0,0,0,0,0,0,0,0.0225,0.0,0.0,0.0,0.15,skip,training_upload_trigger_not_confirmed,1785296238.699882,1785296238699881861,1384906916580120,41.9,53.359375,-1.0,0,0
2026-07-28T23:37:18.700,10.42.0.210,10.42.0.1,62,1,DOWNLOAD,0.9855083405864443,DOWNLOAD,0.9855083405864443,-1,14480,1.8665073913344312e-11,6,53576.0,0.0,6,0,1.0,0.0,0.19316365872953634,0,0,0,0,0,0,0,0,0.0225,0.0,0.0,0.0,0.15,skip,training_upload_trigger_not_confirmed,1785296238.700869,1785296238700869103,1384906917567229,41.9,53.359375,-1.0,0,0
2026-07-28T23:37:18.702,10.42.0.210,10.42.0.1,62,1,DOWNLOAD,0.9855087208476458,DOWNLOAD,0.9855087208476458,-1,18368,1.3899699766291844e-11,7,71944.0,0.0,7,0,1.0,0.0,0.16787236276612744,0,0,0,0,0,0,0,0,0.0225,0.0,0.0,0.0,0.15,skip,training_upload_trigger_not_confirmed,1785296238.702104,1785296238702104063,1384906918802122,41.9,53.359375,-1.0,0,0
2026-07-28T23:37:18.738,10.42.0.210,10.42.0.1,62,1,DOWNLOAD,0.9855087261970161,DOWNLOAD,0.9855087261970161,0,43,1.3899699766291844e-11,7,71944.0,0.0,7,0,1.0,0.0,0.5365243152571169,0,0,0,0,0,0,0,0,0.0225,0.0,0.0,0.0,0.15,skip,training_upload_trigger_not_confirmed,1785296238.7380815,1785296238738081458,1384906954780315,41.9,53.359375,-1.0,0,0
2026-07-28T23:37:18.975,10.42.0.59,10.42.0.1,24,1,DOWNLOAD,0.9601519068979276,DOWNLOAD,0.9601519068979276,0,43,1.3911301541178688e-11,5,71884.0,0.0,5,0,1.0,0.0,1.0343026407666651,0,0,0,0,0,0,0,0,0.0225,0.0,0.0,0.0,0.15,skip,training_upload_trigger_not_confirmed,1785296238.9753463,1785296238975346313,1384907192045396,41.9,53.359375,-1.0,0,0
2026-07-28T23:37:18.978,10.42.0.59,10.42.0.1,24,2,TRAINING,0.95,TRAINING,0.95,1,51100,0.7108675087681423,6,71884.0,51100.0,5,1,0.5844987965914266,0.4155012034085735,0.8984047625067852,0,0,0,0,1,0,0,0,0.4525,1.0,0.0,0.4,0.15,skip,training_upload_trigger_not_confirmed,1785296238.9783576,1785296238978357625,1384907195056284,41.9,53.359375,-1.0,0,0
2026-07-28T23:37:18.979,10.42.0.59,10.42.0.1,24,3,UPLOAD,0.95,UPLOAD,0.95,1,28428,1.1063379889807698,7,71884.0,79528.0,5,2,0.4747576149842813,0.5252423850157187,0.7802270669288207,0,0,0,1,1,1,1,1,0.85,1.0,1.0,0.4,0.8,trigger,training_upload_trigger_confirmed,1785296238.9799445,1785296238979944459,1384907196643038,41.9,53.359375,14.370652,1785296238994316445,1384907211013690
2026-07-28T23:37:18.981,10.42.0.1,10.42.0.1,63,2,TRAINING,0.95,TRAINING,0.95,1,7240,0.2812540518136515,36,308504.0,86768.0,27,9,0.7804853366795523,0.2195146633204477,0.010481187300628726,0,0,0,0,1,0,0,0,0.4525,1.0,0.0,0.4,0.15,skip,training_upload_trigger_not_confirmed,1785296238.9814744,1785296238981474266,1384907198172811,41.9,53.359375,-1.0,0,0
2026-07-28T23:37:18.982,10.42.0.1,10.42.0.1,63,3,UPLOAD,0.95,UPLOAD,0.95,1,5792,0.3000285247539739,37,308504.0,92560.0,27,10,0.7692138910498075,0.2307861089501925,0.00924072189447573,1,0,0,0,1,0,0,0,0.85,1.0,1.0,0.4,0.8,trigger,training_upload_trigger_confirmed,1785296238.982542,1785296238982541995,1384907199241372,41.9,53.359375,24.017855,1785296239006561894,1384907223259227
2026-07-28T23:37:18.984,10.42.0.145,10.42.0.1,29,2,TRAINING,0.95,TRAINING,0.95,1,64240,0.811275005053909,7,79184.0,64240.0,6,1,0.5520972780008925,0.4479027219991075,0.8788528306918938,0,0,0,0,1,0,0,0,0.4525,1.0,0.0,0.4,0.15,skip,training_upload_trigger_not_confirmed,1785296238.9846554,1785296238984655302,1384907201353997,41.9,53.359375,-1.0,0,0
2026-07-28T23:37:18.987,10.42.0.1,10.42.0.1,63,3,UPLOAD,0.95,UPLOAD,0.95,1,11584,0.33757747063461874,38,308504.0,104144.0,27,11,0.7476202477656502,0.25237975223434983,0.008663350368314884,1,0,1,1,1,1,1,1,0.85,1.0,1.0,0.4,0.8,skip,attack_already_active,1785296238.9874012,1785296238987401305,1384907204099777,41.9,53.359375,-1.0,0,0
2026-07-28T23:37:18.988,10.42.0.1,10.42.0.1,63,3,UPLOAD,0.95,UPLOAD,0.95,1,5792,0.35635194357494115,39,308504.0,109936.0,27,12,0.7372717713411719,0.262728228658828,0.007626896286558851,1,0,1,1,1,1,1,1,0.85,1.0,1.0,0.4,0.8,skip,attack_already_active,1785296238.9881992,1785296238988199286,1384907204897810,41.9,53.359375,-1.0,0,0
2026-07-28T23:37:18.988,10.42.0.145,10.42.0.1,29,3,UPLOAD,0.95,UPLOAD,0.95,1,6529,0.893728531017709,8,79184.0,70769.0,6,2,0.5280587917547498,0.47194120824525015,0.7636083888812545,0,0,0,1,1,1,1,1,0.85,1.0,1.0,0.4,0.8,trigger,training_upload_trigger_confirmed,1785296238.98895,1785296238988950024,1384907205648207,41.9,53.359375,50.733643,1785296239039684571,1384907256381850
2026-07-28T23:37:18.989,10.42.0.1,10.42.0.1,63,3,UPLOAD,0.95,UPLOAD,0.95,1,7240,0.37982003475034415,40,308504.0,117176.0,27,13,0.7247321931967675,0.2752678068032325,0.006857151599678374,1,0,1,1,1,1,1,1,0.85,1.0,1.0,0.4,0.8,skip,attack_already_active,1785296238.9899848,1785296238989984793,1384907206682964,41.9,53.359375,-1.0,0,0
2026-07-28T23:37:18.990,10.42.0.1,10.42.0.1,63,3,UPLOAD,0.95,UPLOAD,0.95,1,7240,0.40328812592574714,41,308504.0,124416.0,27,14,0.7126120299362468,0.2873879700637531,0.006049660166480458,1,0,1,1,1,1,1,1,0.85,1.0,1.0,0.4,0.8,skip,attack_already_active,1785296238.990714,1785296238990714185,1384907207412704,41.9,53.359375,-1.0,0,0
2026-07-28T23:37:18.991,10.42.0.1,10.42.0.1,63,3,UPLOAD,0.9328000679295378,UPLOAD,0.9328000679295378,0,47,0.40328812592574714,41,308504.0,124416.0,27,14,0.7126120299362468,0.2873879700637531,0.03812363789599858,1,0,1,0,1,1,0,0,0.6825,0.7500000000000001,1.0,0.0,0.8,skip,attack_already_active,1785296238.9917905,1785296238991790571,1384907208488858,41.9,53.359375,-1.0,0,0
2026-07-28T23:37:18.992,10.42.0.1,10.42.0.1,63,3,UPLOAD,0.95,UPLOAD,0.95,1,11584,0.44083707180639203,42,308504.0,136000.0,27,15,0.6940409985062002,0.30595900149379984,0.03334720276175725,1,0,1,1,1,1,1,1,0.85,1.0,1.0,0.4,0.8,skip,attack_already_active,1785296238.9925907,1785296238992590584,1384907209289020,41.9,53.359375,-1.0,0,0
2026-07-28T23:37:18.995,10.42.0.1,10.42.0.1,63,3,UPLOAD,0.95,UPLOAD,0.95,1,14480,0.4877732541571981,43,308504.0,150480.0,27,16,0.6721454342635037,0.32785456573649624,0.02928943689528346,1,0,1,1,1,1,1,1,0.9699999999999999,1.0,1.0,1.0,0.8,skip,attack_already_active,1785296238.9951446,1785296238995144609,1384907211842836,41.9,53.359375,-1.0,0,0
2026-07-28T23:37:18.996,10.42.0.1,10.42.0.1,63,3,UPLOAD,0.95,UPLOAD,0.95,1,8688,0.5159349635676816,44,308504.0,159168.0,27,17,0.6596589062419815,0.34034109375801846,0.025562795689494544,1,0,1,1,1,1,1,1,0.9699999999999999,1.0,1.0,1.0,0.8,skip,attack_already_active,1785296238.9961536,1785296238996153619,1384907212851806,41.9,53.359375,-1.0,0,0
2026-07-28T23:37:18.997,10.42.0.1,10.42.0.1,63,3,UPLOAD,0.95,UPLOAD,0.95,1,11584,0.5534839094483265,45,308504.0,170752.0,27,18,0.6437144240239037,0.3562855759760963,0.022325911114732734,1,0,1,1,1,1,1,1,0.9699999999999999,1.0,1.0,1.0,0.8,skip,attack_already_active,1785296238.9971526,1785296238997152624,1384907213850739,41.9,53.359375,-1.0,0,0
2026-07-28T23:37:18.998,10.42.0.1,10.42.0.1,63,3,UPLOAD,0.8675114060351269,UPLOAD,0.8675114060351269,0,43,0.5534839094483265,45,308504.0,170752.0,27,18,0.6437144240239037,0.3562855759760963,0.019890313005983304,1,0,1,1,1,1,1,1,0.8025,0.7500000000000001,1.0,0.6000000000000001,0.8,skip,attack_already_active,1785296238.9981384,1785296238998138252,1384907214836440,41.9,53.359375,-1.0,0,0
2026-07-28T23:37:18.998,10.42.0.1,10.42.0.1,63,3,UPLOAD,0.95,UPLOAD,0.95,1,14480,0.6004200917991326,46,308504.0,185232.0,27,19,0.6248359447153945,0.37516405528460556,0.017493252802000293,1,0,1,1,1,1,1,1,0.9699999999999999,1.0,1.0,1.0,0.8,skip,attack_already_active,1785296238.9988523,1785296238998852367,1384907215550689,41.9,53.359375,-1.0,0,0
2026-07-28T23:37:18.999,10.42.0.1,10.42.0.1,63,3,UPLOAD,0.95,UPLOAD,0.95,1,14480,0.6473562741499386,47,308504.0,199712.0,27,20,0.6070332299652117,0.39296677003478836,0.015282812413704635,1,0,1,1,1,1,1,1,0.9699999999999999,1.0,1.0,1.0,0.8,skip,attack_already_active,1785296238.999571,1785296238999571077,1384907216269680,41.9,53.359375,-1.0,0,0
2026-07-28T23:37:19.001,10.42.0.1,10.42.0.1,63,3,UPLOAD,0.95,UPLOAD,0.95,1,2814,0.6564777117973949,48,308504.0,202526.0,27,21,0.6036905856799014,0.39630941432009864,0.013529190343967375,1,0,1,1,1,1,1,1,0.9699999999999999,1.0,1.0,1.0,0.8,skip,attack_already_active,1785296239.0015461,1785296239001546214,1384907218244857,41.9,53.359375,-1.0,0,0
2026-07-28T23:37:19.005,10.42.0.1,10.42.0.1,63,3,UPLOAD,0.95,UPLOAD,0.95,1,14480,0.703413894148201,49,308504.0,217006.0,27,22,0.5870563833228674,0.4129436166771327,0.012239925691879636,1,0,1,1,1,1,1,1,0.9699999999999999,1.0,1.0,1.0,0.8,skip,attack_already_active,1785296239.0052915,1785296239005291552,1384907221990260,41.9,53.359375,-1.0,0,0
2026-07-28T23:37:19.006,10.42.0.1,10.42.0.1,63,3,UPLOAD,0.95,UPLOAD,0.95,1,14480,0.750350076499007,50,308504.0,231486.0,27,23,0.5713142835978444,0.4286857164021556,0.010830161421924302,1,0,1,1,1,1,1,1,0.9699999999999999,1.0,1.0,1.0,0.8,skip,attack_already_active,1785296239.006833,1785296239006833158,1384907223531935,41.9,53.359375,-1.0,0,0
2026-07-28T23:37:19.009,10.42.0.1,10.42.0.1,63,3,UPLOAD,0.95,UPLOAD,0.95,1,7129,0.7734583668290412,51,308504.0,238615.0,27,24,0.5638700173088487,0.4361299826911513,0.009764575032036657,1,0,1,1,1,1,1,1,0.9699999999999999,1.0,1.0,1.0,0.8,skip,attack_already_active,1785296239.0095768,1785296239009576669,1384907226275932,41.9,53.359375,-1.0,0,0
2026-07-28T23:37:19.039,10.42.0.59,10.42.0.1,24,3,UPLOAD,0.9841010226033655,UPLOAD,0.9841010226033655,0,56,1.1063379889807698,7,71884.0,79528.0,5,2,0.4747576149842813,0.5252423850157187,0.6835063231214749,0,0,1,1,1,1,1,1,0.8200000000000001,0.8000000000000002,1.0,0.6000000000000001,0.8,skip,attack_already_active,1785296239.0398371,1785296239039837273,1384907256535977,41.9,53.359375,-1.0,0,0
2026-07-28T23:37:19.083,10.42.0.18,10.42.0.1,47,2,TRAINING,0.95,TRAINING,0.95,1,40880,0.5162659123116253,10,79184.0,40880.0,9,1,0.6595149253731343,0.34048507462686567,0.6114023590756711,0,0,0,0,1,1,0,0,0.5725,1.0,0.0,1.0,0.15,skip,training_upload_trigger_not_confirmed,1785296239.083481,1785296239083481009,1384907300179574,41.9,53.359375,-1.0,0,0
2026-07-28T23:37:19.085,10.42.0.18,10.42.0.1,47,3,UPLOAD,0.95,UPLOAD,0.95,1,38648,1.0043443119821638,11,79184.0,79528.0,9,2,0.4989162760219769,0.501083723978023,0.5311293941257634,0,0,0,1,1,1,1,1,0.9699999999999999,1.0,1.0,1.0,0.8,trigger,training_upload_trigger_confirmed,1785296239.085714,1785296239085714208,1384907302413076,41.9,53.359375,53.85565,1785296239139571453,1384907356268726
2026-07-28T23:37:19.087,10.42.0.1,10.42.0.1,63,3,UPLOAD,0.95,UPLOAD,0.95,1,7240,0.7969264580044443,52,308504.0,245855.0,27,25,0.5565058021967714,0.4434941978032286,0.013240869226285975,1,0,1,1,1,1,1,1,0.9699999999999999,1.0,1.0,1.0,0.8,skip,attack_already_active,1785296239.0873394,1785296239087339527,1384907304038257,41.9,53.359375,-1.0,0,0
2026-07-28T23:37:19.088,10.42.0.1,10.42.0.1,63,3,UPLOAD,0.95,UPLOAD,0.95,1,7240,0.8203945491798473,53,308504.0,253095.0,27,26,0.5493314624847979,0.45066853751520214,0.01164890676573996,1,0,1,1,1,1,1,1,0.9699999999999999,1.0,1.0,1.0,0.8,skip,attack_already_active,1785296239.0884993,1785296239088499176,1384907305198169,41.9,53.359375,-1.0,0,0
2026-07-28T23:37:19.090,10.42.0.1,10.42.0.1,63,3,UPLOAD,0.6382323429470104,UPLOAD,0.6382323429470104,0,43,0.8203945491798473,53,308504.0,253095.0,27,26,0.5493314624847979,0.45066853751520214,0.022233800145494483,1,0,1,1,1,1,1,1,0.8200000000000001,0.8000000000000002,1.0,0.6000000000000001,0.8,skip,attack_already_active,1785296239.0901132,1785296239090113229,1384907306811993,41.9,53.359375,-1.0,0,0
2026-07-28T23:37:19.091,10.42.0.1,10.42.0.1,63,3,UPLOAD,0.95,UPLOAD,0.95,1,10136,0.8532498768254115,54,308504.0,263231.0,27,27,0.5395926434449526,0.46040735655504733,0.0196703750302125,1,0,1,1,1,1,1,1,0.9699999999999999,1.0,1.0,1.0,0.8,skip,attack_already_active,1785296239.09128,1785296239091279862,1384907307978250,41.9,53.359375,-1.0,0,0
2026-07-28T23:37:19.092,10.42.0.1,10.42.0.1,63,3,UPLOAD,0.95,UPLOAD,0.95,1,4344,0.8673307315306533,55,308504.0,267575.0,27,28,0.5355237736491002,0.4644762263508998,0.017174113711183298,1,0,1,1,1,1,1,1,0.9699999999999999,1.0,1.0,1.0,0.8,skip,attack_already_active,1785296239.092007,1785296239092006881,1384907308705002,41.9,53.359375,-1.0,0,0
2026-07-28T23:37:19.094,10.42.0.1,10.42.0.1,63,3,UPLOAD,0.95,UPLOAD,0.95,1,14480,0.9142669138814593,56,308504.0,282055.0,27,29,0.5223931901808286,0.4776068098191713,0.01520453753067873,1,0,1,1,1,1,1,1,0.9699999999999999,1.0,1.0,1.0,0.8,skip,attack_already_active,1785296239.0942345,1785296239094234369,1384907310932672,89.5,53.359375,-1.0,0,0
2026-07-28T23:37:19.094,10.42.0.1,10.42.0.1,63,3,UPLOAD,0.95,UPLOAD,0.95,1,14480,0.9612030962322654,57,308504.0,296535.0,27,30,0.5098910979292244,0.4901089020707756,0.013294057672423759,1,0,1,1,1,1,1,1,0.9699999999999999,1.0,1.0,1.0,0.8,skip,attack_already_active,1785296239.094941,1785296239094941020,1384907311639316,89.5,53.359375,-1.0,0,0
2026-07-28T23:37:19.095,10.42.0.1,10.42.0.1,63,3,UPLOAD,0.95,UPLOAD,0.95,1,5792,0.9799775691725878,58,308504.0,302327.0,27,31,0.5050562266813571,0.494943773318643,0.011670580696986345,1,0,1,1,1,1,1,1,0.9699999999999999,1.0,1.0,1.0,0.8,skip,attack_already_active,1785296239.0959148,1785296239095914876,1384907312613076,89.5,53.359375,-1.0,0,0
2026-07-28T23:37:19.096,10.42.0.1,10.42.0.1,63,3,UPLOAD,0.95,UPLOAD,0.95,1,8688,1.0081392785830714,59,308504.0,311015.0,27,32,0.497973427772191,0.502026572227809,0.010260094013127757,1,0,1,1,1,1,1,1,0.9699999999999999,1.0,1.0,1.0,0.8,skip,attack_already_active,1785296239.0968816,1785296239096881607,1384907313579885,89.5,53.359375,-1.0,0,0
2026-07-28T23:37:19.098,10.42.0.1,10.42.0.1,63,3,UPLOAD,0.95,UPLOAD,0.95,1,7128,1.0312443274640484,60,308504.0,318143.0,27,33,0.49230906714625616,0.5076909328537438,0.009073111605735602,1,0,1,1,1,1,1,1,0.9699999999999999,1.0,1.0,1.0,0.8,skip,attack_already_active,1785296239.098134,1785296239098134035,1384907314832194,89.5,53.359375,-1.0,0,0
2026-07-28T23:37:19.110,10.42.0.1,10.42.0.1,63,3,UPLOAD,0.95,UPLOAD,0.95,1,1336,1.0355749034047028,61,308504.0,319479.0,27,34,0.49126170612898756,0.5087382938710124,0.009557337050373428,1,0,1,1,1,1,1,1,0.9699999999999999,1.0,1.0,1.0,0.8,skip,attack_already_active,1785296239.1108818,1785296239110881818,1384907327580568,89.5,53.359375,-1.0,0,0
2026-07-28T23:37:20.079,10.42.0.47,10.42.0.1|10.42.0.47,63,3,UPLOAD,0.95,UPLOAD,0.95,1,7240,100.0,1,0.0,7240.0,0,1,0.0,1.0,0.28646079582095285,1,0,0,1,1,1,1,1,0.9699999999999999,1.0,1.0,1.0,0.8,trigger,training_upload_trigger_confirmed,1785296240.079189,1785296240079189002,1384908295887920,11.6,53.359375,7.801562,1785296240086992231,1384908303689482
2026-07-28T23:37:20.080,10.42.0.47,10.42.0.1|10.42.0.47,63,3,UPLOAD,0.95,UPLOAD,0.95,1,1448,100.0,2,0.0,8688.0,0,2,0.0,1.0,0.24884996527026126,1,0,1,1,1,1,1,1,0.9699999999999999,1.0,1.0,1.0,0.8,skip,attack_already_active,1785296240.0802317,1785296240080231662,1384908296929884,11.6,53.359375,-1.0,0,0
2026-07-28T23:37:20.081,10.42.0.47,10.42.0.1|10.42.0.47,63,3,UPLOAD,0.95,UPLOAD,0.95,1,5792,100.0,3,0.0,14480.0,0,3,0.0,1.0,0.21625321577213588,1,0,1,1,1,1,1,1,0.9699999999999999,1.0,1.0,1.0,0.8,skip,attack_already_active,1785296240.081714,1785296240081713915,1384908298412722,11.6,53.359375,-1.0,0,0
2026-07-28T23:37:20.083,10.42.0.47,10.42.0.1|10.42.0.47,63,3,UPLOAD,0.95,UPLOAD,0.95,1,4344,100.0,4,0.0,18824.0,0,4,0.0,1.0,0.1879416435243228,1,0,1,1,1,1,1,1,0.9699999999999999,1.0,1.0,1.0,0.8,skip,attack_already_active,1785296240.0831184,1785296240083118449,1384908299816705,11.6,53.359375,-1.0,0,0
2026-07-28T23:37:20.084,10.42.0.47,10.42.0.1|10.42.0.47,63,3,UPLOAD,0.95,UPLOAD,0.95,1,7240,100.0,5,0.0,26064.0,0,5,0.0,1.0,0.16341397204889088,1,0,1,1,1,1,1,1,0.9699999999999999,1.0,1.0,1.0,0.8,skip,attack_already_active,1785296240.0849264,1785296240084926502,1384908301625003,11.6,53.359375,-1.0,0,0
2026-07-28T23:37:20.086,10.42.0.47,10.42.0.1|10.42.0.47,63,3,UPLOAD,0.95,UPLOAD,0.95,1,2896,100.0,6,0.0,28960.0,0,6,0.0,1.0,0.14202885021265957,1,0,1,1,1,1,1,1,0.9699999999999999,1.0,1.0,1.0,0.8,skip,attack_already_active,1785296240.0860546,1785296240086054662,1384908302753850,11.6,53.359375,-1.0,0,0
2026-07-28T23:37:20.087,10.42.0.47,10.42.0.1|10.42.0.47,63,3,UPLOAD,0.95,UPLOAD,0.95,1,2896,100.0,7,0.0,31856.0,0,7,0.0,1.0,0.1235157166797616,1,0,1,1,1,1,1,1,0.9699999999999999,1.0,1.0,1.0,0.8,skip,attack_already_active,1785296240.0875924,1785296240087592459,1384908304290806,11.6,53.359375,-1.0,0,0
2026-07-28T23:37:20.088,10.42.0.47,10.42.0.1|10.42.0.47,63,3,UPLOAD,0.95,UPLOAD,0.95,1,7240,100.0,8,0.0,39096.0,0,8,0.0,1.0,0.10736645677055581,1,0,1,1,1,1,1,1,0.9699999999999999,1.0,1.0,1.0,0.8,skip,attack_already_active,1785296240.0885558,1785296240088555702,1384908305253958,11.6,53.359375,-1.0,0,0
2026-07-28T23:37:20.089,10.42.0.47,10.42.0.1|10.42.0.47,63,3,UPLOAD,0.95,UPLOAD,0.95,1,4344,100.0,9,0.0,43440.0,0,9,0.0,1.0,0.09339417402606522,1,0,1,1,1,1,1,1,0.9699999999999999,1.0,1.0,1.0,0.8,skip,attack_already_active,1785296240.0898905,1785296240089890509,1384908306588670,11.6,53.359375,-1.0,0,0
2026-07-28T23:37:20.090,10.42.0.47,10.42.0.1|10.42.0.47,63,3,UPLOAD,0.95,UPLOAD,0.95,1,8688,100.0,10,0.0,52128.0,0,10,0.0,1.0,0.08120609010633882,1,0,1,1,1,1,1,1,0.9699999999999999,1.0,1.0,1.0,0.8,skip,attack_already_active,1785296240.0907927,1785296240090792775,1384908307491273,11.6,53.359375,-1.0,0,0
2026-07-28T23:37:20.091,10.42.0.47,10.42.0.1|10.42.0.47,63,3,UPLOAD,0.95,UPLOAD,0.95,1,5792,100.0,11,0.0,57920.0,0,11,0.0,1.0,0.07062267068400034,1,0,1,1,1,1,1,1,0.9699999999999999,1.0,1.0,1.0,0.8,skip,attack_already_active,1785296240.091684,1785296240091684037,1384908308382175,11.6,53.359375,-1.0,0,0
2026-07-28T23:37:20.093,10.42.0.47,10.42.0.1|10.42.0.47,63,3,UPLOAD,0.95,UPLOAD,0.95,1,10136,100.0,12,0.0,68056.0,0,12,0.0,1.0,0.0615492721439509,1,0,1,1,1,1,1,1,0.9699999999999999,1.0,1.0,1.0,0.8,skip,attack_already_active,1785296240.0934513,1785296240093451327,1384908310149722,11.6,53.359375,-1.0,0,0
2026-07-28T23:37:20.094,10.42.0.47,10.42.0.1|10.42.0.47,63,3,UPLOAD,0.95,UPLOAD,0.95,1,4344,100.0,13,0.0,72400.0,0,13,0.0,1.0,0.053623886974493405,1,0,1,1,1,1,1,1,0.9699999999999999,1.0,1.0,1.0,0.8,skip,attack_already_active,1785296240.094857,1785296240094857047,1384908311555516,11.6,53.359375,-1.0,0,0
2026-07-28T23:37:20.095,10.42.0.47,10.42.0.1|10.42.0.47,63,3,UPLOAD,0.95,UPLOAD,0.95,1,7128,100.0,14,0.0,79528.0,0,14,0.0,1.0,0.04668354902039807,1,0,1,1,1,1,1,1,0.9699999999999999,1.0,1.0,1.0,0.8,skip,attack_already_active,1785296240.0958126,1785296240095812535,1384908312510668,11.6,53.359375,-1.0,0,0
2026-07-28T23:37:20.097,10.42.0.1,10.42.0.1|10.42.0.47,63,3,UPLOAD,0.9713380768742086,UPLOAD,0.9713380768742086,1,7240,100.0,3,0.0,15704.0,0,3,0.0,1.0,0.13316764722171534,1,0,1,1,1,1,1,1,0.9699999999999999,1.0,1.0,1.0,0.8,skip,attack_already_active,1785296240.0971625,1785296240097162406,1384908313860605,11.6,53.359375,-1.0,0,0
2026-07-28T23:37:20.098,10.42.0.1,10.42.0.1|10.42.0.47,63,3,UPLOAD,0.9751523548340679,UPLOAD,0.9751523548340679,1,7240,100.0,4,0.0,22944.0,0,4,0.0,1.0,0.11574207942766195,1,0,1,1,1,1,1,1,0.9699999999999999,1.0,1.0,1.0,0.8,skip,attack_already_active,1785296240.0980923,1785296240098092166,1384908314790294,11.6,53.359375,-1.0,0,0
2026-07-28T23:37:20.123,10.42.0.1,10.42.0.1|10.42.0.47,63,3,UPLOAD,0.9743883874000192,UPLOAD,0.9743883874000192,1,1448,100.0,3,0.0,15928.0,0,3,0.0,1.0,0.10377304104816165,1,0,1,1,1,1,1,1,0.9699999999999999,1.0,1.0,1.0,0.8,skip,attack_already_active,1785296240.1230047,1785296240123004742,1384908339703272,11.6,53.359375,-1.0,0,0
2026-07-28T23:37:20.157,10.42.0.1,10.42.0.1|10.42.0.47,63,3,UPLOAD,0.9754714185152733,UPLOAD,0.9754714185152733,1,14480,100.0,4,0.0,30408.0,0,4,0.0,1.0,0.09461545210807476,1,0,1,1,1,1,1,1,0.9699999999999999,1.0,1.0,1.0,0.8,skip,attack_already_active,1785296240.1572833,1785296240157283318,1384908373982101,11.6,53.359375,-1.0,0,0
2026-07-28T23:37:20.158,10.42.0.1,10.42.0.1|10.42.0.47,63,3,UPLOAD,0.9765074197991067,UPLOAD,0.9765074197991067,1,14480,100.0,5,0.0,44888.0,0,5,0.0,1.0,0.08228613367881923,1,0,1,1,1,1,1,1,0.9699999999999999,1.0,1.0,1.0,0.8,skip,attack_already_active,1785296240.158335,1785296240158335030,1384908375033271,11.6,53.359375,-1.0,0,0
2026-07-28T23:37:20.159,10.42.0.1,10.42.0.1|10.42.0.47,63,3,UPLOAD,0.9776321868424439,UPLOAD,0.9776321868424439,1,15928,100.0,6,0.0,60816.0,0,6,0.0,1.0,0.0716334063157118,1,0,1,1,1,1,1,1,0.9699999999999999,1.0,1.0,1.0,0.8,skip,attack_already_active,1785296240.1597805,1785296240159780510,1384908376478786,11.6,53.359375,-1.0,0,0
2026-07-28T23:37:20.161,10.42.0.1,10.42.0.1|10.42.0.47,63,3,UPLOAD,0.9785431114767753,UPLOAD,0.9785431114767753,1,13032,100.0,7,0.0,73848.0,0,7,0.0,1.0,0.06238848929714447,1,0,1,1,1,1,1,1,0.9699999999999999,1.0,1.0,1.0,0.8,skip,attack_already_active,1785296240.1612568,1785296240161256626,1384908377954963,11.6,53.359375,-1.0,0,0
2026-07-28T23:37:20.163,10.42.0.1,10.42.0.1|10.42.0.47,63,3,UPLOAD,0.9793497060792205,UPLOAD,0.9793497060792205,1,5680,100.0,8,0.0,79528.0,0,8,0.0,1.0,0.05441387507471218,1,0,1,1,1,1,1,1,0.9699999999999999,1.0,1.0,1.0,0.8,skip,attack_already_active,1785296240.1631281,1785296240163127940,1384908379826187,11.6,53.359375,-1.0,0,0
2026-07-28T23:37:20.574,10.42.0.210,10.42.0.1|10.42.0.47,62,3,UPLOAD,0.95,UPLOAD,0.95,1,1448,100.0,1,0.0,1448.0,0,1,0.0,1.0,0.7078374935831951,0,0,0,1,1,1,1,1,0.9525,0.95,1.0,1.0,0.8,trigger,training_upload_trigger_confirmed,1785296240.574654,1785296240574654230,1384908791353419,25.7,53.359375,10.58363,1785296240585239743,1384908801937049
2026-07-28T23:37:20.575,10.42.0.210,10.42.0.1|10.42.0.47,62,3,UPLOAD,0.9841010226033655,UPLOAD,0.9841010226033655,1,1448,100.0,2,0.0,2896.0,0,2,0.0,1.0,0.6147096805272377,0,0,1,1,1,1,1,1,0.9699999999999999,1.0,1.0,1.0,0.8,skip,attack_already_active,1785296240.5757704,1785296240575770409,1384908792469115,25.7,53.359375,-1.0,0,0
2026-07-28T23:37:20.577,10.42.0.210,10.42.0.1|10.42.0.47,62,3,UPLOAD,0.9854688349332961,UPLOAD,0.9854688349332961,1,1448,100.0,3,0.0,4344.0,0,3,0.0,1.0,0.5339940146214674,0,0,1,1,1,1,1,1,0.9699999999999999,1.0,1.0,1.0,0.8,skip,attack_already_active,1785296240.5779512,1785296240577951205,1384908794650675,25.7,53.359375,-1.0,0,0
2026-07-28T23:37:20.579,10.42.0.210,10.42.0.1|10.42.0.47,62,3,UPLOAD,0.9855076450773014,UPLOAD,0.9855076450773014,1,1448,100.0,4,0.0,5792.0,0,4,0.0,1.0,0.46377229152157157,0,0,1,1,1,1,1,1,0.9699999999999999,1.0,1.0,1.0,0.8,skip,attack_already_active,1785296240.579052,1785296240579052117,1384908795750514,25.7,53.359375,-1.0,0,0
2026-07-28T23:37:20.580,10.42.0.210,10.42.0.1|10.42.0.47,62,3,UPLOAD,0.9855086980780915,UPLOAD,0.9855086980780915,1,1448,100.0,5,0.0,7240.0,0,5,0.0,1.0,0.4028496168638109,0,0,1,1,1,1,1,1,0.9699999999999999,1.0,1.0,1.0,0.8,skip,attack_already_active,1785296240.580499,1785296240580498942,1384908797197750,25.7,53.359375,-1.0,0,0
2026-07-28T23:37:20.581,10.42.0.210,10.42.0.1|10.42.0.47,62,3,UPLOAD,0.9855087254685951,UPLOAD,0.9855087254685951,1,1448,100.0,6,0.0,8688.0,0,6,0.0,1.0,0.3498733726789718,0,0,1,1,1,1,1,1,0.9699999999999999,1.0,1.0,1.0,0.8,skip,attack_already_active,1785296240.5813265,1785296240581326615,1384908798024906,25.7,53.359375,-1.0,0,0
2026-07-28T23:37:20.582,10.42.0.210,10.42.0.1|10.42.0.47,62,3,UPLOAD,0.9855087261493067,UPLOAD,0.9855087261493067,1,1448,100.0,7,0.0,10136.0,0,7,0.0,1.0,0.3039008540215999,0,0,1,1,1,1,1,1,0.9699999999999999,1.0,1.0,1.0,0.8,skip,attack_already_active,1785296240.5823271,1785296240582327068,1384908799025365,25.7,53.359375,-1.0,0,0
2026-07-28T23:37:20.583,10.42.0.210,10.42.0.1|10.42.0.47,62,3,UPLOAD,0.9855087261653082,UPLOAD,0.9855087261653082,1,1448,100.0,8,0.0,11584.0,0,8,0.0,1.0,0.26394672214481973,0,0,1,1,1,1,1,1,0.9699999999999999,1.0,1.0,1.0,0.8,skip,attack_already_active,1785296240.5830271,1785296240583027176,1384908799725293,25.7,53.359375,-1.0,0,0
2026-07-28T23:37:20.584,10.42.0.210,10.42.0.1|10.42.0.47,62,3,UPLOAD,0.985508726165656,UPLOAD,0.985508726165656,1,1448,100.0,9,0.0,13032.0,0,9,0.0,1.0,0.22929707938131838,0,0,1,1,1,1,1,1,0.9699999999999999,1.0,1.0,1.0,0.8,skip,attack_already_active,1785296240.5840273,1785296240584027286,1384908800725946,25.7,53.359375,-1.0,0,0
2026-07-28T23:37:20.585,10.42.0.210,10.42.0.1|10.42.0.47,62,3,UPLOAD,0.9855087261656625,UPLOAD,0.9855087261656625,1,1448,100.0,10,0.0,14480.0,0,10,0.0,1.0,0.1992409280180289,0,0,1,1,1,1,1,1,0.9699999999999999,1.0,1.0,1.0,0.8,skip,attack_already_active,1785296240.5852365,1785296240585236442,1384908801936626,25.7,53.359375,-1.0,0,0
2026-07-28T23:37:20.586,10.42.0.210,10.42.0.1|10.42.0.47,62,3,UPLOAD,0.95,UPLOAD,0.95,1,1448,100.0,11,0.0,15928.0,0,11,0.0,1.0,0.17314537861695434,0,0,1,1,1,1,1,1,0.9699999999999999,1.0,1.0,1.0,0.8,skip,attack_already_active,1785296240.5864456,1785296240586445605,1384908803143710,25.7,53.359375,-1.0,0,0
2026-07-28T23:37:20.587,10.42.0.210,10.42.0.1|10.42.0.47,62,3,UPLOAD,0.95,UPLOAD,0.95,1,1448,100.0,12,0.0,17376.0,0,12,0.0,1.0,0.15042138580024378,0,0,1,1,1,1,1,1,0.9699999999999999,1.0,1.0,1.0,0.8,skip,attack_already_active,1785296240.5871449,1785296240587145081,1384908803843171,25.7,53.359375,-1.0,0,0
2026-07-28T23:37:20.588,10.42.0.210,10.42.0.1|10.42.0.47,62,3,UPLOAD,0.95,UPLOAD,0.95,1,1448,100.0,13,0.0,18824.0,0,13,0.0,1.0,0.130723912314412,0,0,1,1,1,1,1,1,0.9699999999999999,1.0,1.0,1.0,0.8,skip,attack_already_active,1785296240.5880876,1785296240588087566,1384908804785740,25.7,53.359375,-1.0,0,0
2026-07-28T23:37:20.588,10.42.0.210,10.42.0.1|10.42.0.47,62,3,UPLOAD,0.95,UPLOAD,0.95,1,1448,100.0,14,0.0,20272.0,0,14,0.0,1.0,0.11358420486829282,0,0,1,1,1,1,1,1,0.9699999999999999,1.0,1.0,1.0,0.8,skip,attack_already_active,1785296240.588743,1785296240588743019,1384908805441140,25.7,53.359375,-1.0,0,0
2026-07-28T23:37:20.589,10.42.0.210,10.42.0.1|10.42.0.47,62,3,UPLOAD,0.95,UPLOAD,0.95,1,1448,100.0,15,0.0,21720.0,0,15,0.0,1.0,0.09873257428129248,0,0,1,1,1,1,1,1,0.9699999999999999,1.0,1.0,1.0,0.8,skip,attack_already_active,1785296240.5896223,1785296240589622267,1384908806320353,25.7,53.359375,-1.0,0,0
2026-07-28T23:37:20.590,10.42.0.210,10.42.0.1|10.42.0.47,62,3,UPLOAD,0.95,UPLOAD,0.95,1,1448,100.0,16,0.0,23168.0,0,16,0.0,1.0,0.08580184790419013,0,0,1,1,1,1,1,1,0.9699999999999999,1.0,1.0,1.0,0.8,skip,attack_already_active,1785296240.5902271,1785296240590227156,1384908806925184,25.7,53.359375,-1.0,0,0
2026-07-28T23:37:20.591,10.42.0.210,10.42.0.1|10.42.0.47,62,3,UPLOAD,0.95,UPLOAD,0.95,1,1448,100.0,17,0.0,24616.0,0,17,0.0,1.0,0.07461012303594494,0,0,1,1,1,1,1,1,0.9699999999999999,1.0,1.0,1.0,0.8,skip,attack_already_active,1785296240.591098,1785296240591098027,1384908807796064,25.7,53.359375,-1.0,0,0
2026-07-28T23:37:20.591,10.42.0.210,10.42.0.1|10.42.0.47,62,3,UPLOAD,0.95,UPLOAD,0.95,1,1448,100.0,18,0.0,26064.0,0,18,0.0,1.0,0.0648587167897031,0,0,1,1,1,1,1,1,0.9699999999999999,1.0,1.0,1.0,0.8,skip,attack_already_active,1785296240.5917075,1785296240591707457,1384908808405504,25.7,53.359375,-1.0,0,0
2026-07-28T23:37:20.592,10.42.0.210,10.42.0.1|10.42.0.47,62,3,UPLOAD,0.95,UPLOAD,0.95,1,1448,100.0,19,0.0,27512.0,0,19,0.0,1.0,0.05643515036640797,0,0,1,1,1,1,1,1,0.9699999999999999,1.0,1.0,1.0,0.8,skip,attack_already_active,1785296240.592642,1785296240592641928,1384908809340346,25.7,53.359375,-1.0,0,0
2026-07-28T23:37:20.593,10.42.0.210,10.42.0.1|10.42.0.47,62,3,UPLOAD,0.95,UPLOAD,0.95,1,1448,100.0,20,0.0,28960.0,0,20,0.0,1.0,0.04908153764478643,0,0,1,1,1,1,1,1,0.9699999999999999,1.0,1.0,1.0,0.8,skip,attack_already_active,1785296240.5932727,1785296240593272620,1384908809970595,25.7,53.359375,-1.0,0,0
2026-07-28T23:37:20.594,10.42.0.210,10.42.0.1|10.42.0.47,62,3,UPLOAD,0.95,UPLOAD,0.95,1,1448,100.0,21,0.0,30408.0,0,21,0.0,1.0,0.042732382252482444,0,0,1,1,1,1,1,1,0.9699999999999999,1.0,1.0,1.0,0.8,skip,attack_already_active,1785296240.5941722,1785296240594172184,1384908810870275,25.7,53.359375,-1.0,0,0
2026-07-28T23:37:20.595,10.42.0.210,10.42.0.1|10.42.0.47,62,3,UPLOAD,0.95,UPLOAD,0.95,1,1448,100.0,22,0.0,31856.0,0,22,0.0,1.0,0.0372435722203832,0,0,1,1,1,1,1,1,0.9699999999999999,1.0,1.0,1.0,0.8,skip,attack_already_active,1785296240.5952516,1785296240595251462,1384908811949738,25.7,53.359375,-1.0,0,0
2026-07-28T23:37:20.596,10.42.0.210,10.42.0.1|10.42.0.47,62,3,UPLOAD,0.95,UPLOAD,0.95,1,1448,100.0,23,0.0,33304.0,0,23,0.0,1.0,0.032468621970056705,0,0,1,1,1,1,1,1,0.9699999999999999,1.0,1.0,1.0,0.8,skip,attack_already_active,1785296240.5962594,1785296240596259454,1384908812957690,25.7,53.359375,-1.0,0,0
2026-07-28T23:37:20.596,10.42.0.210,10.42.0.1|10.42.0.47,62,3,UPLOAD,0.95,UPLOAD,0.95,1,1448,100.0,24,0.0,34752.0,0,24,0.0,1.0,0.02827620187478134,0,0,1,1,1,1,1,1,0.9699999999999999,1.0,1.0,1.0,0.8,skip,attack_already_active,1785296240.5969129,1785296240596912820,1384908813611106,25.7,53.359375,-1.0,0,0
2026-07-28T23:37:20.597,10.42.0.210,10.42.0.1|10.42.0.47,62,3,UPLOAD,0.95,UPLOAD,0.95,1,1448,100.0,25,0.0,36200.0,0,25,0.0,1.0,0.024690839293533776,0,0,1,1,1,1,1,1,0.9699999999999999,1.0,1.0,1.0,0.8,skip,attack_already_active,1785296240.5979807,1785296240597980632,1384908814680651,25.7,53.359375,-1.0,0,0
2026-07-28T23:37:20.599,10.42.0.210,10.42.0.1|10.42.0.47,62,3,UPLOAD,0.95,UPLOAD,0.95,1,1448,100.0,26,0.0,37648.0,0,26,0.0,1.0,0.021600179538820992,0,0,1,1,1,1,1,1,0.9699999999999999,1.0,1.0,1.0,0.8,skip,attack_already_active,1785296240.5992174,1785296240599217380,1384908815916880,25.7,53.359375,-1.0,0,0
2026-07-28T23:37:20.601,10.42.0.210,10.42.0.1|10.42.0.47,62,3,UPLOAD,0.95,UPLOAD,0.95,1,1448,100.0,27,0.0,39096.0,0,27,0.0,1.0,0.019018676724350505,0,0,1,1,1,1,1,1,0.9699999999999999,1.0,1.0,1.0,0.8,skip,attack_already_active,1785296240.6012273,1785296240601227277,1384908817925997,25.7,53.359375,-1.0,0,0
2026-07-28T23:37:20.602,10.42.0.210,10.42.0.1|10.42.0.47,62,3,UPLOAD,0.95,UPLOAD,0.95,1,1448,100.0,28,0.0,40544.0,0,28,0.0,1.0,0.0166482556399942,0,0,1,1,1,1,1,1,0.9699999999999999,1.0,1.0,1.0,0.8,skip,attack_already_active,1785296240.6022575,1785296240602257437,1384908818956116,25.7,53.359375,-1.0,0,0
2026-07-28T23:37:20.603,10.42.0.210,10.42.0.1|10.42.0.47,62,3,UPLOAD,0.95,UPLOAD,0.95,1,1448,100.0,29,0.0,41992.0,0,29,0.0,1.0,0.014633143232192964,0,0,1,1,1,1,1,1,0.9699999999999999,1.0,1.0,1.0,0.8,skip,attack_already_active,1785296240.6036136,1785296240603613763,1384908820312492,25.7,53.359375,-1.0,0,0
2026-07-28T23:37:20.604,10.42.0.210,10.42.0.1|10.42.0.47,62,3,UPLOAD,0.95,UPLOAD,0.95,1,1448,100.0,30,0.0,43440.0,0,30,0.0,1.0,0.012808074983167689,0,0,1,1,1,1,1,1,0.9699999999999999,1.0,1.0,1.0,0.8,skip,attack_already_active,1785296240.6043968,1785296240604396916,1384908821095232,25.7,53.359375,-1.0,0,0
2026-07-28T23:37:20.605,10.42.0.210,10.42.0.1|10.42.0.47,62,3,UPLOAD,0.95,UPLOAD,0.95,1,1448,100.0,31,0.0,44888.0,0,31,0.0,1.0,0.011248449613557292,0,0,1,1,1,1,1,1,0.9699999999999999,1.0,1.0,1.0,0.8,skip,attack_already_active,1785296240.6053693,1785296240605369423,1384908822067668,39.8,53.359375,-1.0,0,0
2026-07-28T23:37:20.606,10.42.0.210,10.42.0.1|10.42.0.47,62,3,UPLOAD,0.95,UPLOAD,0.95,1,1448,100.0,32,0.0,46336.0,0,32,0.0,1.0,0.00987417302534119,0,0,1,1,1,1,1,1,0.9699999999999999,1.0,1.0,1.0,0.8,skip,attack_already_active,1785296240.6061888,1785296240606188734,1384908822887316,39.8,53.359375,-1.0,0,0
2026-07-28T23:37:20.607,10.42.0.210,10.42.0.1|10.42.0.47,62,3,UPLOAD,0.95,UPLOAD,0.95,1,1448,100.0,33,0.0,47784.0,0,33,0.0,1.0,0.008743951637651305,0,0,1,1,1,1,1,1,0.9699999999999999,1.0,1.0,1.0,0.8,skip,attack_already_active,1785296240.607486,1785296240607486062,1384908824184689,39.8,53.359375,-1.0,0,0
2026-07-28T23:37:20.608,10.42.0.210,10.42.0.1|10.42.0.47,62,3,UPLOAD,0.95,UPLOAD,0.95,1,1448,100.0,34,0.0,49232.0,0,34,0.0,1.0,0.0077020602509105425,0,0,1,1,1,1,1,1,0.9699999999999999,1.0,1.0,1.0,0.8,skip,attack_already_active,1785296240.6083233,1785296240608323275,1384908825022089,39.8,53.359375,-1.0,0,0
2026-07-28T23:37:20.609,10.42.0.210,10.42.0.1|10.42.0.47,62,3,UPLOAD,0.95,UPLOAD,0.95,1,1448,100.0,35,0.0,50680.0,0,35,0.0,1.0,0.006777010767663659,0,0,1,1,1,1,1,1,0.9699999999999999,1.0,1.0,1.0,0.8,skip,attack_already_active,1785296240.6090055,1785296240609005445,1384908825703817,39.8,53.359375,-1.0,0,0
2026-07-28T23:37:20.609,10.42.0.210,10.42.0.1|10.42.0.47,62,3,UPLOAD,0.95,UPLOAD,0.95,1,1448,100.0,36,0.0,52128.0,0,36,0.0,1.0,0.00596939790628521,0,0,1,1,1,1,1,1,0.9699999999999999,1.0,1.0,1.0,0.8,skip,attack_already_active,1785296240.6096537,1785296240609653764,1384908826352206,39.8,53.359375,-1.0,0,0
2026-07-28T23:37:20.610,10.42.0.210,10.42.0.1|10.42.0.47,62,3,UPLOAD,0.95,UPLOAD,0.95,1,1448,100.0,37,0.0,53576.0,0,37,0.0,1.0,0.005263715100830663,0,0,1,1,1,1,1,1,0.9699999999999999,1.0,1.0,1.0,0.8,skip,attack_already_active,1785296240.6102679,1785296240610267832,1384908826965958,39.8,53.359375,-1.0,0,0
2026-07-28T23:37:20.611,10.42.0.210,10.42.0.1|10.42.0.47,62,3,UPLOAD,0.95,UPLOAD,0.95,1,1448,100.0,38,0.0,55024.0,0,38,0.0,1.0,0.004687593220791687,0,0,1,1,1,1,1,1,0.9699999999999999,1.0,1.0,1.0,0.8,skip,attack_already_active,1785296240.6111596,1785296240611159558,1384908827857575,39.8,53.359375,-1.0,0,0
2026-07-28T23:37:20.618,10.42.0.1,10.42.0.1|10.42.0.47,63,3,UPLOAD,0.980430295462937,UPLOAD,0.980430295462937,1,7240,100.0,9,0.0,86768.0,0,9,0.0,1.0,0.10720349648779598,1,0,1,1,1,1,1,1,0.9699999999999999,1.0,1.0,1.0,0.8,skip,attack_already_active,1785296240.6181479,1785296240618147790,1384908834846454,39.8,53.359375,-1.0,0,0
2026-07-28T23:37:20.618,10.42.0.1,10.42.0.1|10.42.0.47,63,3,UPLOAD,0.9814277473706252,UPLOAD,0.9814277473706252,1,7240,100.0,10,0.0,94008.0,0,10,0.0,1.0,0.09317477239360625,1,0,1,1,1,1,1,1,0.9699999999999999,1.0,1.0,1.0,0.8,skip,attack_already_active,1785296240.6188912,1785296240618891304,1384908835589449,39.8,53.359375,-1.0,0,0
2026-07-28T23:37:20.644,10.42.0.1,10.42.0.1|10.42.0.47,63,3,UPLOAD,0.982349781958347,UPLOAD,0.982349781958347,1,1448,100.0,11,0.0,95456.0,0,11,0.0,1.0,0.08432260412173766,1,0,1,1,1,1,1,1,0.9699999999999999,1.0,1.0,1.0,0.8,skip,attack_already_active,1785296240.6448894,1785296240644889235,1384908861587834,39.8,53.359375,-1.0,0,0
2026-07-28T23:37:20.662,10.42.0.1,10.42.0.1|10.42.0.47,63,3,UPLOAD,0.9832582913169717,UPLOAD,0.9832582913169717,1,14480,100.0,12,0.0,109936.0,0,12,0.0,1.0,0.07546866656783761,1,0,1,1,1,1,1,1,0.9699999999999999,1.0,1.0,1.0,0.8,skip,attack_already_active,1785296240.6620219,1785296240662022005,1384908878720443,39.8,53.359375,-1.0,0,0
2026-07-28T23:37:20.662,10.42.0.1,10.42.0.1|10.42.0.47,63,3,UPLOAD,0.9840028639238347,UPLOAD,0.9840028639238347,1,14480,100.0,13,0.0,124416.0,0,13,0.0,1.0,0.06561716445861784,1,0,1,1,1,1,1,1,0.9699999999999999,1.0,1.0,1.0,0.8,skip,attack_already_active,1785296240.6627302,1785296240662730141,1384908879428438,39.8,53.359375,-1.0,0,0
2026-07-28T23:37:20.663,10.42.0.1,10.42.0.1|10.42.0.47,63,3,UPLOAD,0.9835063674859376,UPLOAD,0.9835063674859376,0,43,100.0,13,0.0,124416.0,0,13,0.0,1.0,0.2642809805148196,1,0,1,1,1,1,1,1,0.8374999999999999,0.8500000000000001,1.0,0.6000000000000001,0.8,skip,attack_already_active,1785296240.663335,1785296240663335092,1384908880033393,39.8,53.359375,-1.0,0,0
2026-07-28T23:37:20.665,10.42.0.1,10.42.0.1|10.42.0.47,63,3,UPLOAD,0.9847523339431579,UPLOAD,0.9847523339431579,1,1448,100.0,14,0.0,125864.0,0,14,0.0,1.0,0.2298005843148253,1,0,1,1,1,1,1,1,0.9699999999999999,1.0,1.0,1.0,0.8,skip,attack_already_active,1785296240.665349,1785296240665349072,1384908882047621,39.8,53.359375,-1.0,0,0
2026-07-28T23:37:20.666,10.42.0.1,10.42.0.1|10.42.0.47,63,3,UPLOAD,0.9853735730805869,UPLOAD,0.9853735730805869,1,14480,100.0,15,0.0,140344.0,0,15,0.0,1.0,0.199660678571579,1,0,1,1,1,1,1,1,0.9699999999999999,1.0,1.0,1.0,0.8,skip,attack_already_active,1785296240.6664262,1785296240666425997,1384908883124303,39.8,53.359375,-1.0,0,0
2026-07-28T23:37:20.667,10.42.0.1,10.42.0.1|10.42.0.47,63,3,UPLOAD,0.9854046732827447,UPLOAD,0.9854046732827447,1,14480,100.0,16,0.0,154824.0,0,16,0.0,1.0,0.1734698537276789,1,0,1,1,1,1,1,1,0.9699999999999999,1.0,1.0,1.0,0.8,skip,attack_already_active,1785296240.667332,1785296240667331727,1384908884029743,39.8,53.359375,-1.0,0,0
2026-07-28T23:37:20.668,10.42.0.1,10.42.0.1|10.42.0.47,63,3,UPLOAD,0.9854046212526223,UPLOAD,0.9854046212526223,1,4233,100.0,17,0.0,159057.0,0,17,0.0,1.0,0.15076703795069457,1,0,1,1,1,1,1,1,0.9699999999999999,1.0,1.0,1.0,0.8,skip,attack_already_active,1785296240.6685164,1785296240668516323,1384908885214500,39.8,53.359375,-1.0,0,0
2026-07-28T23:37:20.998,10.42.0.1,10.42.0.47,64,1,DOWNLOAD,0.9853342191536846,DOWNLOAD,0.9853342191536846,-1,1448,100.0,18,1448.0,159057.0,1,17,0.009021525809164823,0.9909784741908352,0.17506711561131313,0,0,0,0,1,0,0,0,0.44,0.8500000000000001,0.0,0.6000000000000001,0.15,skip,training_upload_trigger_not_confirmed,1785296240.9985087,1785296240998508681,1384909215207265,39.8,53.359375,-1.0,0,0
2026-07-28T23:37:21.003,10.42.0.1,10.42.0.47,64,1,DOWNLOAD,0.95,DOWNLOAD,0.95,-1,5792,21.969198892131327,19,7240.0,159057.0,2,17,0.04353656409917196,0.956463435900828,0.152615752730213,0,0,0,0,1,0,0,0,0.44,0.8500000000000001,0.0,0.6000000000000001,0.15,skip,training_upload_trigger_not_confirmed,1785296241.0031986,1785296241003198823,1384909219898166,39.8,53.359375,-1.0,0,0
2026-07-28T23:37:21.005,10.42.0.1,10.42.0.47,64,1,DOWNLOAD,0.95,DOWNLOAD,0.95,-1,7240,10.984599446824268,20,14480.0,159057.0,3,17,0.08344041904608239,0.9165595809539177,0.13277087338488472,0,0,0,0,1,0,0,0,0.44,0.8500000000000001,0.0,0.6000000000000001,0.15,skip,training_upload_trigger_not_confirmed,1785296241.005217,1785296241005216970,1384909221916357,39.8,53.359375,-1.0,0,0
2026-07-28T23:37:21.008,10.42.0.1,10.42.0.47,64,1,DOWNLOAD,0.9619672685642544,DOWNLOAD,0.9619672685642544,-1,7240,7.323066298051424,21,21720.0,159057.0,4,17,0.12014802768051246,0.8798519723194875,0.11571167081606563,0,0,0,0,1,0,0,0,0.4,0.8500000000000001,0.0,0.4,0.15,skip,training_upload_trigger_not_confirmed,1785296241.0085304,1785296241008530332,1384909225229888,39.8,53.359375,-1.0,0,0
2026-07-28T23:37:21.011,10.42.0.1,10.42.0.47,64,1,DOWNLOAD,0.9720287779931608,DOWNLOAD,0.9720287779931608,-1,7240,5.492299723601786,22,28960.0,159057.0,5,17,0.15402862507113718,0.8459713749288628,0.10085425190572539,0,0,0,0,1,0,0,0,0.4,0.8500000000000001,0.0,0.4,0.15,skip,training_upload_trigger_not_confirmed,1785296241.0114932,1785296241011493107,1384909228192388,39.8,53.359375,-1.0,0,0
2026-07-28T23:37:21.012,10.42.0.1,10.42.0.47,64,1,DOWNLOAD,0.965290640782658,DOWNLOAD,0.965290640782658,-1,7240,4.393839778911772,23,36200.0,159057.0,6,17,0.1853966823212484,0.8146033176787516,0.0877145062504214,0,0,0,0,1,0,0,0,0.32,0.8500000000000001,0.0,0.0,0.15,skip,training_upload_trigger_not_confirmed,1785296241.0126336,1785296241012633485,1384909229332267,39.8,53.359375,-1.0,0,0
2026-07-28T23:37:21.014,10.42.0.1,10.42.0.47,64,1,DOWNLOAD,0.9517372772565315,DOWNLOAD,0.9517372772565315,-1,7240,3.6615331491100016,24,43440.0,159057.0,7,17,0.21452169661772766,0.7854783033822723,0.07639747996544499,0,0,0,0,1,0,0,0,0.32,0.8500000000000001,0.0,0.0,0.15,skip,training_upload_trigger_not_confirmed,1785296241.0144663,1785296241014466349,1384909231165731,39.8,53.359375,-1.0,0,0
2026-07-28T23:37:21.016,10.42.0.1,10.42.0.47,64,1,DOWNLOAD,0.95,DOWNLOAD,0.95,-1,7240,3.138456984961751,25,50680.0,159057.0,8,17,0.24163595359903117,0.7583640464009689,0.06660093564784228,0,0,0,0,1,0,0,0,0.32,0.8500000000000001,0.0,0.0,0.15,skip,training_upload_trigger_not_confirmed,1785296241.0165205,1785296241016520472,1384909233219288,39.8,53.359375,-1.0,0,0
2026-07-28T23:37:21.018,10.42.0.1,10.42.0.47,64,1,DOWNLOAD,0.95,DOWNLOAD,0.95,-1,10136,2.6153808208100604,26,60816.0,159057.0,9,17,0.27659603498383156,0.7234039650161684,0.05803663789799779,0,0,0,0,1,0,0,0,0.32,0.8500000000000001,0.0,0.0,0.15,skip,training_upload_trigger_not_confirmed,1785296241.0181293,1785296241018129371,1384909234828288,39.8,53.359375,-1.0,0,0
2026-07-28T23:37:21.019,10.42.0.1,10.42.0.47,64,1,DOWNLOAD,0.95,DOWNLOAD,0.95,-1,14480,2.112422970660959,27,75296.0,159057.0,10,17,0.32129309204490664,0.6787069079550934,0.050598948050817875,0,0,0,0,0,0,0,0,0.057499999999999996,0.1,0.0,0.0,0.15,skip,training_upload_trigger_not_confirmed,1785296241.0197234,1785296241019723635,1384909236422646,39.8,53.359375,-1.0,0,0
2026-07-28T23:37:21.023,10.42.0.1,10.42.0.47,64,1,DOWNLOAD,0.95,DOWNLOAD,0.95,-1,14480,1.7717095883000837,28,89776.0,159057.0,11,17,0.3607881591268039,0.639211840873196,0.044424458759046354,0,0,0,0,0,0,0,0,0.057499999999999996,0.1,0.0,0.0,0.15,skip,training_upload_trigger_not_confirmed,1785296241.0234659,1785296241023465909,1384909240165320,39.8,53.359375,-1.0,0,0
2026-07-28T23:37:21.025,10.42.0.1,10.42.0.47,64,1,DOWNLOAD,0.95,DOWNLOAD,0.95,-1,18824,1.4646132596642303,29,108600.0,159057.0,12,17,0.4057431712975936,0.5942568287024065,0.03884811700736827,0,0,0,0,0,0,0,0,0.057499999999999996,0.1,0.0,0.0,0.15,skip,training_upload_trigger_not_confirmed,1785296241.025573,1785296241025573211,1384909242272242,39.8,53.359375,-1.0,0,0
2026-07-28T23:37:21.026,10.42.0.1,10.42.0.47,64,1,DOWNLOAD,0.95,DOWNLOAD,0.95,-1,5792,1.390455626264158,30,114392.0,159057.0,13,17,0.4183302919374362,0.5816697080625638,0.033904990592268175,0,0,0,0,0,0,0,0,0.057499999999999996,0.1,0.0,0.0,0.15,skip,training_upload_trigger_not_confirmed,1785296241.026909,1785296241026909251,1384909243607861,39.8,53.359375,-1.0,0,0
2026-07-28T23:37:21.028,10.42.0.1,10.42.0.47,64,1,DOWNLOAD,0.95,DOWNLOAD,0.95,-1,10136,1.2772790055226353,31,124528.0,159057.0,14,17,0.43912054586808186,0.5608794541319181,0.02965072309022871,0,0,0,0,0,0,0,0,0.057499999999999996,0.1,0.0,0.0,0.15,skip,training_upload_trigger_not_confirmed,1785296241.0285296,1785296241028529687,1384909245229147,39.8,53.359375,-1.0,0,0
2026-07-28T23:37:21.029,10.42.0.1,10.42.0.47,64,1,DOWNLOAD,0.95,DOWNLOAD,0.95,-1,6810,1.2110508763631922,32,131338.0,159057.0,15,17,0.45227362730074555,0.5477263726992545,0.025925704781703775,0,0,0,0,0,0,0,0,0.057499999999999996,0.1,0.0,0.0,0.15,skip,training_upload_trigger_not_confirmed,1785296241.0299122,1785296241029912245,1384909246611014,39.8,53.359375,-1.0,0,0
2026-07-28T23:37:21.031,10.42.0.47,10.42.0.47,64,1,DOWNLOAD,0.95,DOWNLOAD,0.95,-1,7240,10.984530385361252,15,7240.0,79528.0,1,14,0.08344089987092015,0.9165591001290798,0.34873162576150174,0,0,0,0,0,0,0,0,0.057499999999999996,0.1,0.0,0.0,0.15,skip,training_upload_trigger_not_confirmed,1785296241.031996,1785296241031996023,1384909248695174,39.8,53.359375,-1.0,0,0
2026-07-28T23:37:21.033,10.42.0.47,10.42.0.47,64,1,DOWNLOAD,0.9829981496648164,DOWNLOAD,0.9829981496648164,-1,7240,5.492265193059926,16,14480.0,79528.0,2,14,0.15402944430261253,0.8459705556973874,0.30299228242674897,0,0,0,0,0,0,0,0,0.057499999999999996,0.1,0.0,0.0,0.15,skip,training_upload_trigger_not_confirmed,1785296241.0336244,1785296241033624238,1384909250323544,39.8,53.359375,-1.0,0,0
2026-07-28T23:37:21.035,10.42.0.1,10.42.0.47,64,1,DOWNLOAD,0.95,DOWNLOAD,0.95,-1,14024,1.094213068063908,33,145362.0,159057.0,16,17,0.4775063317335646,0.5224936682664354,0.023236485000537595,0,0,0,0,0,0,0,0,0.039999999999999994,0.05,0.0,0.0,0.15,skip,training_upload_trigger_not_confirmed,1785296241.0354302,1785296241035430254,1384909252128941,39.8,53.359375,-1.0,0,0
2026-07-28T23:37:21.037,10.42.0.18,10.42.0.47,47,1,DOWNLOAD,0.95,DOWNLOAD,0.95,-1,7300,1.3698630135109776e-10,1,7300.0,0.0,1,0,1.0,0.0,0.7101469224720619,0,0,0,0,0,0,0,0,0.0225,0.0,0.0,0.0,0.15,skip,already_attacked_this_round,1785296241.0374424,1785296241037442479,1384909254142066,39.8,53.359375,-1.0,0,0
2026-07-28T23:37:21.039,10.42.0.18,10.42.0.47,47,1,DOWNLOAD,0.95,DOWNLOAD,0.95,-1,7300,6.84931506802402e-11,2,14600.0,0.0,2,0,1.0,0.0,0.6167981048123016,0,0,0,0,0,0,0,0,0.0225,0.0,0.0,0.0,0.15,skip,already_attacked_this_round,1785296241.039191,1785296241039190938,1384909255890362,39.8,53.359375,-1.0,0,0
2026-07-28T23:37:21.040,10.42.0.1,10.42.0.47,64,1,DOWNLOAD,0.95,DOWNLOAD,0.95,-1,21720,0.9519696915289979,34,167082.0,159057.0,17,17,0.5123030364353849,0.48769696356461506,0.02083741839507639,0,0,0,0,0,0,0,0,0.039999999999999994,0.05,0.0,0.0,0.15,skip,training_upload_trigger_not_confirmed,1785296241.0404608,1785296241040460854,1384909257159513,39.8,53.359375,-1.0,0,0
2026-07-28T23:37:21.042,10.42.0.145,10.42.0.47,29,1,DOWNLOAD,0.95,DOWNLOAD,0.95,-1,7300,1.3698630135109776e-10,1,7300.0,0.0,1,0,1.0,0.0,0.925847204521405,0,0,0,0,0,0,0,0,0.0225,0.0,0.0,0.0,0.15,skip,already_attacked_this_round,1785296241.0425305,1785296241042530519,1384909259229734,39.8,53.359375,-1.0,0,0
2026-07-28T23:37:21.043,10.42.0.145,10.42.0.47,29,1,DOWNLOAD,0.95,DOWNLOAD,0.95,-1,7300,6.84931506802402e-11,2,14600.0,0.0,2,0,1.0,0.0,0.8040076147064688,0,0,0,0,0,0,0,0,0.0225,0.0,0.0,0.0,0.15,skip,already_attacked_this_round,1785296241.0437708,1785296241043770814,1384909260469545,39.8,53.359375,-1.0,0,0
2026-07-28T23:37:21.046,10.42.0.18,10.42.0.47,47,1,DOWNLOAD,0.95,DOWNLOAD,0.95,-1,10220,4.029008863657171e-11,3,24820.0,0.0,3,0,1.0,0.0,0.5364343308387035,0,0,0,0,0,0,0,0,0.0225,0.0,0.0,0.0,0.15,skip,already_attacked_this_round,1785296241.0461307,1785296241046130762,1384909262829869,39.8,53.359375,-1.0,0,0
2026-07-28T23:37:21.047,10.42.0.18,10.42.0.47,47,1,DOWNLOAD,0.95,DOWNLOAD,0.95,-1,4380,3.424657534129292e-11,4,29200.0,0.0,4,0,1.0,0.0,0.4659144109719256,0,0,0,0,0,0,0,0,0.0225,0.0,0.0,0.0,0.15,skip,already_attacked_this_round,1785296241.0474088,1785296241047408783,1384909264108011,39.8,53.359375,-1.0,0,0
2026-07-28T23:37:21.049,10.42.0.18,10.42.0.47,47,1,DOWNLOAD,0.95,DOWNLOAD,0.95,-1,14600,2.2831050227789245e-11,5,43800.0,0.0,5,0,1.0,0.0,0.4047496426204944,0,0,0,0,0,0,0,0,0.0225,0.0,0.0,0.0,0.15,skip,already_attacked_this_round,1785296241.0491607,1785296241049160790,1384909265860895,39.8,53.359375,-1.0,0,0
2026-07-28T23:37:21.051,10.42.0.59,10.42.0.47,24,1,DOWNLOAD,0.95,DOWNLOAD,0.95,-1,14600,6.84931506802402e-11,1,14600.0,0.0,1,0,1.0,0.0,0.8585572322124868,0,0,0,0,0,0,0,0,0.0225,0.0,0.0,0.0,0.15,skip,already_attacked_this_round,1785296241.0517564,1785296241051756278,1384909268455202,39.8,53.359375,-1.0,0,0
2026-07-28T23:37:21.054,10.42.0.145,10.42.0.47,29,1,DOWNLOAD,0.95,DOWNLOAD,0.95,-1,14600,3.424657534129292e-11,3,29200.0,0.0,3,0,1.0,0.0,0.6994463918408139,0,0,0,0,0,0,0,0,0.0225,0.0,0.0,0.0,0.15,skip,already_attacked_this_round,1785296241.0542922,1785296241054292231,1384909270991744,39.8,53.359375,-1.0,0,0
2026-07-28T23:37:21.055,10.42.0.145,10.42.0.47,29,1,DOWNLOAD,0.95,DOWNLOAD,0.95,-1,14600,2.2831050227789245e-11,4,43800.0,0.0,4,0,1.0,0.0,0.6074690188358326,0,0,0,0,0,0,0,0,0.0225,0.0,0.0,0.0,0.15,skip,already_attacked_this_round,1785296241.0557477,1785296241055747959,1384909272446544,39.8,53.359375,-1.0,0,0
2026-07-28T23:37:21.058,10.42.0.210,10.42.0.47,63,1,DOWNLOAD,0.9839128081939887,DOWNLOAD,0.9839128081939887,-1,10136,5.428571428134513,39,10136.0,55024.0,1,38,0.15555555555555556,0.8444444444444444,0.05599531935037337,0,0,0,0,0,0,0,0,0.057499999999999996,0.1,0.0,0.0,0.15,skip,training_upload_trigger_not_confirmed,1785296241.0586162,1785296241058616095,1384909275314859,39.8,53.359375,-1.0,0,0
2026-07-28T23:37:21.059,10.42.0.210,10.42.0.47,63,1,DOWNLOAD,0.95,DOWNLOAD,0.95,-1,4344,3.7999999998066296,40,14480.0,55024.0,2,38,0.20833333333333334,0.7916666666666666,0.048767872479821825,0,0,0,0,0,0,0,0,0.057499999999999996,0.1,0.0,0.0,0.15,skip,training_upload_trigger_not_confirmed,1785296241.0597644,1785296241059764433,1384909276463069,39.8,53.359375,-1.0,0,0
2026-07-28T23:37:21.061,10.42.0.210,10.42.0.47,63,1,DOWNLOAD,0.9557926560077417,DOWNLOAD,0.9557926560077417,-1,14480,1.8999999999689225,41,28960.0,55024.0,3,38,0.3448275862068966,0.6551724137931034,0.042566712498074845,0,0,0,0,0,0,0,0,0.057499999999999996,0.1,0.0,0.0,0.15,skip,training_upload_trigger_not_confirmed,1785296241.0614734,1785296241061473314,1384909278172456,39.8,53.359375,-1.0,0,0
2026-07-28T23:37:21.063,10.42.0.18,10.42.0.47,47,1,DOWNLOAD,0.95,DOWNLOAD,0.95,-1,14600,1.7123287670939668e-11,6,58400.0,0.0,6,0,1.0,0.0,0.3533379486285435,0,0,0,0,0,0,0,0,0.0225,0.0,0.0,0.0,0.15,skip,already_attacked_this_round,1785296241.0637612,1785296241063761227,1384909280460131,39.8,53.359375,-1.0,0,0
2026-07-28T23:37:21.069,10.42.0.145,10.42.0.47,29,1,DOWNLOAD,0.9503334798704356,DOWNLOAD,0.9503334798704356,-1,24820,1.4573010783815608e-11,5,68620.0,0.0,5,0,1.0,0.0,0.5292472580518336,0,0,0,0,0,0,0,0,0.0225,0.0,0.0,0.0,0.15,skip,already_attacked_this_round,1785296241.0696135,1785296241069613512,1384909286312416,39.8,53.359375,-1.0,0,0
2026-07-28T23:37:21.070,10.42.0.145,10.42.0.47,29,1,DOWNLOAD,0.9639157602193403,DOWNLOAD,0.9639157602193403,-1,10564,1.2628813901638856e-11,6,79184.0,0.0,6,0,1.0,0.0,0.45966617950350125,0,0,0,0,0,0,0,0,0.0225,0.0,0.0,0.0,0.15,skip,already_attacked_this_round,1785296241.0708292,1785296241070828981,1384909287527641,39.8,53.359375,-1.0,0,0
2026-07-28T23:37:21.076,10.42.0.47,10.42.0.47,64,1,DOWNLOAD,0.9842257140988042,DOWNLOAD,0.9842257140988042,-1,2896,4.576887660935952,17,17376.0,79528.0,3,14,0.17931148353009163,0.8206885164699084,0.2686816358709775,0,0,0,0,0,0,0,0,0.057499999999999996,0.1,0.0,0.0,0.15,skip,training_upload_trigger_not_confirmed,1785296241.0762427,1785296241076242778,1384909292941801,39.8,53.359375,-1.0,0,0
2026-07-28T23:37:21.077,10.42.0.47,10.42.0.47,64,1,DOWNLOAD,0.9842586901286671,DOWNLOAD,0.9842586901286671,-1,8688,3.051258440682502,18,26064.0,79528.0,4,14,0.24683688158193803,0.7531631184180619,0.2334296990112861,0,0,0,0,0,0,0,0,0.057499999999999996,0.1,0.0,0.0,0.15,skip,training_upload_trigger_not_confirmed,1785296241.0774071,1785296241077407350,1384909294105864,39.8,53.359375,-1.0,0,0
2026-07-28T23:37:21.078,10.42.0.47,10.42.0.47,64,1,DOWNLOAD,0.9842595481342594,DOWNLOAD,0.9842595481342594,-1,8688,2.2884438305338266,19,34752.0,79528.0,5,14,0.304095204760238,0.695904795239762,0.20284270333102017,0,0,0,0,0,0,0,0,0.057499999999999996,0.1,0.0,0.0,0.15,skip,training_upload_trigger_not_confirmed,1785296241.0787206,1785296241078720457,1384909295419145,39.8,53.359375,-1.0,0,0
2026-07-28T23:37:21.081,10.42.0.210,,63,1,DOWNLOAD,0.9846998846180315,DOWNLOAD,0.9846998846180315,-1,14480,1.266666666660528,42,43440.0,55024.0,4,38,0.4411764705882353,0.5588235294117647,0.03965545138640157,0,0,0,0,0,0,0,0,0.057499999999999996,0.1,0.0,0.0,0.15,skip,training_upload_trigger_not_confirmed,1785296241.0819473,1785296241081947424,1384909298646455,39.8,53.359375,-1.0,0,0
2026-07-28T23:37:21.086,10.42.0.47,,64,1,DOWNLOAD,0.9842595696464124,DOWNLOAD,0.9842595696464124,-1,8688,1.164088397786278,14,43440.0,50568.0,6,8,0.46208833290783763,0.5379116670921623,0.17714534095799686,0,0,0,0,0,0,0,0,0.039999999999999994,0.05,0.0,0.0,0.15,skip,training_upload_trigger_not_confirmed,1785296241.086553,1785296241086552992,1384909303251617,39.8,53.359375,-1.0,0,0
2026-07-28T23:37:21.090,10.42.0.47,,64,1,DOWNLOAD,0.9842595701605352,DOWNLOAD,0.9842595701605352,-1,14480,0.6230662983490493,12,57920.0,36088.0,7,5,0.6161177772104501,0.3838822227895498,0.15435156809094314,0,0,0,0,0,0,0,0,0.0225,0.0,0.0,0.0,0.15,skip,training_upload_trigger_not_confirmed,1785296241.0907228,1785296241090722858,1384909307421414,39.8,53.359375,-1.0,0,0
2026-07-28T23:37:21.092,10.42.0.47,,64,1,DOWNLOAD,0.9842595701720059,DOWNLOAD,0.9842595701720059,-1,5792,0.33915118032177377,11,63712.0,21608.0,8,3,0.746741678387248,0.25325832161275197,0.13422410303506144,0,0,0,0,0,0,0,0,0.0225,0.0,0.0,0.0,0.15,skip,training_upload_trigger_not_confirmed,1785296241.0923326,1785296241092332616,1384909309031145,63.9,53.359375,-1.0,0,0
2026-07-28T23:37:21.096,10.42.0.47,,64,1,DOWNLOAD,0.9842595701722343,DOWNLOAD,0.9842595701722343,-1,15485,1.2626740911743795e-11,9,79197.0,0.0,9,0,1.0,0.0,0.11707896463927422,0,0,0,0,0,0,0,0,0.0225,0.0,0.0,0.0,0.15,skip,training_upload_trigger_not_confirmed,1785296241.096447,1785296241096447044,1384909313145489,63.9,53.359375,-1.0,0,0
2026-07-28T23:37:21.372,10.42.0.59,,24,3,UPLOAD,0.95,UPLOAD,0.95,1,64240,4.3999999997671235,2,14600.0,64240.0,1,1,0.18518518518518517,0.8148148148148148,1.0526340111911092,0,0,0,1,1,1,1,1,0.9699999999999999,1.0,1.0,1.0,0.8,skip,already_attacked_this_round,1785296241.3720558,1785296241372055818,1384909588754875,63.9,53.359375,-1.0,0,0
2026-07-28T23:37:21.373,10.42.0.59,,24,3,UPLOAD,0.9841010226033655,UPLOAD,0.9841010226033655,1,5095,4.748972602482946,3,14600.0,69335.0,1,2,0.17394412342884374,0.8260558765711562,0.9141387447828033,0,0,0,1,1,1,1,1,0.9699999999999999,1.0,1.0,1.0,0.8,skip,already_attacked_this_round,1785296241.3736875,1785296241373687498,1384909590388500,63.9,53.359375,-1.0,0,0
2026-07-28T23:37:21.375,10.42.0.1,10.42.0.1,64,3,UPLOAD,0.95,UPLOAD,0.95,1,7240,0.5193198549244123,27,167082.0,86769.0,17,10,0.6581892527506293,0.3418107472493707,0.018433872117303792,1,0,0,0,1,0,0,0,0.85,1.0,1.0,0.4,0.8,trigger,training_upload_trigger_confirmed,1785296241.3754761,1785296241375476132,1384909592176059,63.9,53.359375,16.346552,1785296241391825373,1384909608522611
2026-07-28T23:37:21.376,10.42.0.1,10.42.0.1,64,3,UPLOAD,0.95,UPLOAD,0.95,1,5792,0.553985468215882,28,167082.0,92561.0,17,11,0.6435066610692374,0.3564933389307626,0.016107839168510992,1,0,1,0,1,0,0,0,0.85,1.0,1.0,0.4,0.8,skip,attack_already_active,1785296241.3762584,1785296241376258229,1384909592956436,63.9,53.359375,-1.0,0,0
2026-07-28T23:37:21.377,10.42.0.145,10.42.0.1,29,3,UPLOAD,0.95,UPLOAD,0.95,1,64240,0.811275005053909,7,79184.0,64240.0,6,1,0.5520972780008925,0.4479027219991075,0.7056935343208267,0,0,0,1,1,1,1,1,0.85,1.0,1.0,0.4,0.8,skip,already_attacked_this_round,1785296241.3771088,1785296241377108847,1384909593807084,63.9,53.359375,-1.0,0,0
2026-07-28T23:37:21.378,10.42.0.1,10.42.0.1,64,3,UPLOAD,0.95,UPLOAD,0.95,1,7240,0.5973174848302191,29,167082.0,99801.0,17,12,0.6260496172480076,0.37395038275199244,0.014104749318809902,1,0,1,1,1,1,1,1,0.85,1.0,1.0,0.4,0.8,skip,attack_already_active,1785296241.3787909,1785296241378791024,1384909595490167,63.9,53.359375,-1.0,0,0
2026-07-28T23:37:21.379,10.42.0.1,10.42.0.1,64,3,UPLOAD,0.95,UPLOAD,0.95,1,5792,0.6319830981216887,30,167082.0,105593.0,17,13,0.6127514440267718,0.3872485559732282,0.012362850831605265,1,0,1,1,1,1,1,1,0.85,1.0,1.0,0.4,0.8,skip,attack_already_active,1785296241.3796768,1785296241379676962,1384909596375873,63.9,53.359375,-1.0,0,0
2026-07-28T23:37:21.400,10.42.0.1,10.42.0.1,64,3,UPLOAD,0.95,UPLOAD,0.95,1,1448,0.6406495014445562,31,167082.0,107041.0,17,14,0.6095147069016463,0.39048529309835367,0.013412648552508741,1,0,1,1,1,1,1,1,0.9699999999999999,1.0,1.0,1.0,0.8,skip,attack_already_active,1785296241.4000063,1785296241400006437,1384909616705748,63.9,53.359375,-1.0,0,0
2026-07-28T23:37:21.405,10.42.0.1,10.42.0.1,64,3,UPLOAD,0.95,UPLOAD,0.95,1,1448,0.6493159047674236,32,167082.0,108489.0,17,15,0.6063119849331026,0.39368801506689743,0.012422849419283032,1,0,1,1,1,1,1,1,0.9699999999999999,1.0,1.0,1.0,0.8,skip,attack_already_active,1785296241.4059076,1785296241405907755,1384909622607103,63.9,53.359375,-1.0,0,0
2026-07-28T23:37:21.466,10.42.0.18,10.42.0.1,47,3,UPLOAD,0.95,UPLOAD,0.95,1,49640,0.8500000000025685,7,58400.0,49640.0,6,1,0.5405405405405406,0.4594594594594595,0.6121794864497829,0,0,0,1,1,1,1,1,0.9699999999999999,1.0,1.0,1.0,0.8,skip,already_attacked_this_round,1785296241.466298,1785296241466298134,1384909682997192,63.9,53.359375,-1.0,0,0
2026-07-28T23:37:21.467,10.42.0.18,10.42.0.1,47,3,UPLOAD,0.9841010226033655,UPLOAD,0.9841010226033655,1,29915,1.3622431506787285,8,58400.0,79555.0,6,2,0.4233264470298286,0.5766735529701714,0.5317180006358778,0,0,0,1,1,1,1,1,0.9699999999999999,1.0,1.0,1.0,0.8,skip,already_attacked_this_round,1785296241.4678776,1785296241467877559,1384909684575875,63.9,53.359375,-1.0,0,0
2026-07-28T23:37:21.468,10.42.0.1,10.42.0.1,64,3,UPLOAD,0.95,UPLOAD,0.95,1,7240,0.6926479213817607,33,167082.0,115729.0,17,16,0.5907903157939401,0.40920968420605985,0.01103309061650119,1,0,1,1,1,1,1,1,0.9699999999999999,1.0,1.0,1.0,0.8,skip,attack_already_active,1785296241.4689426,1785296241468942469,1384909685641011,63.9,53.359375,-1.0,0,0
2026-07-28T23:37:21.469,10.42.0.1,10.42.0.1,64,3,UPLOAD,0.95,UPLOAD,0.95,1,5792,0.7273135346732303,34,167082.0,121521.0,17,17,0.5789336909179739,0.4210663090820262,0.009673400571293903,1,0,1,1,1,1,1,1,0.9699999999999999,1.0,1.0,1.0,0.8,skip,attack_already_active,1785296241.4696574,1785296241469657316,1384909686355517,63.9,53.359375,-1.0,0,0
2026-07-28T23:37:21.480,10.42.0.1,10.42.0.1,64,3,UPLOAD,0.95,UPLOAD,0.95,1,1448,0.7359799379960977,35,167082.0,122969.0,17,18,0.576043523380371,0.423956476619629,0.009804311476882434,1,0,1,1,1,1,1,1,0.9699999999999999,1.0,1.0,1.0,0.8,skip,attack_already_active,1785296241.4803243,1785296241480324437,1384909697023776,63.9,53.359375,-1.0,0,0
2026-07-28T23:37:21.483,10.42.0.1,10.42.0.1,64,3,UPLOAD,0.95,UPLOAD,0.95,1,11584,0.8053111645790372,36,167082.0,134553.0,17,19,0.5539211298423592,0.44607887015764086,0.008929043598784346,1,0,1,1,1,1,1,1,0.9699999999999999,1.0,1.0,1.0,0.8,skip,attack_already_active,1785296241.4834864,1785296241483486578,1384909700184847,63.9,53.359375,-1.0,0,0
2026-07-28T23:37:21.484,10.42.0.1,10.42.0.1,64,3,UPLOAD,0.95,UPLOAD,0.95,1,14480,0.8919751978077113,37,167082.0,149033.0,17,20,0.5285481549436123,0.4714518450563877,0.00784098950243256,1,0,1,1,1,1,1,1,0.9699999999999999,1.0,1.0,1.0,0.8,skip,attack_already_active,1785296241.4841585,1785296241484158461,1384909700856695,63.9,53.359375,-1.0,0,0
2026-07-28T23:37:21.484,10.42.0.1,10.42.0.1,64,3,UPLOAD,0.95,UPLOAD,0.95,1,1448,0.9006416011305788,38,167082.0,150481.0,17,21,0.5261381206248839,0.47386187937511615,0.006891286359582047,1,0,1,1,1,1,1,1,0.9699999999999999,1.0,1.0,1.0,0.8,skip,attack_already_active,1785296241.4847925,1785296241484792696,1384909701490844,63.9,53.359375,-1.0,0,0
2026-07-28T23:37:21.485,10.42.0.1,10.42.0.1,64,3,UPLOAD,0.95,UPLOAD,0.95,1,11584,0.9699728277135181,39,167082.0,162065.0,17,22,0.5076212148371396,0.4923787851628604,0.006067923708187742,1,0,1,1,1,1,1,1,0.9699999999999999,1.0,1.0,1.0,0.8,skip,attack_already_active,1785296241.4854355,1785296241485435390,1384909702133648,63.9,53.359375,-1.0,0,0
2026-07-28T23:37:21.486,10.42.0.1,10.42.0.1,64,3,UPLOAD,0.95,UPLOAD,0.95,1,14480,1.0566368609421923,40,167082.0,176545.0,17,23,0.48623070946113084,0.5137692905388692,0.005361353447945545,1,0,1,1,1,1,1,1,0.9699999999999999,1.0,1.0,1.0,0.8,skip,attack_already_active,1785296241.4861414,1785296241486141432,1384909702839722,63.9,53.359375,-1.0,0,0
2026-07-28T23:37:21.486,10.42.0.1,10.42.0.1,64,3,UPLOAD,0.95,UPLOAD,0.95,1,2896,1.0739696675879271,41,167082.0,179441.0,17,24,0.4821671288774482,0.5178328711225517,0.004751001439087275,1,0,1,1,1,1,1,1,0.9699999999999999,1.0,1.0,1.0,0.8,skip,attack_already_active,1785296241.486871,1785296241486870951,1384909703569439,63.9,53.359375,-1.0,0,0
2026-07-28T23:37:21.487,10.42.0.1,10.42.0.1,64,3,UPLOAD,0.95,UPLOAD,0.95,1,11584,1.1433008941708664,42,167082.0,191025.0,17,25,0.4665700474997696,0.5334299525002304,0.004224754087318127,1,0,1,1,1,1,1,1,0.9699999999999999,1.0,1.0,1.0,0.8,skip,attack_already_active,1785296241.4876285,1785296241487628535,1384909704326855,63.9,53.359375,-1.0,0,0
2026-07-28T23:37:21.488,10.42.0.1,10.42.0.1,64,3,UPLOAD,0.95,UPLOAD,0.95,1,14480,1.2299649273995406,43,167082.0,205505.0,17,26,0.44843754613016557,0.5515624538698344,0.003771685633535673,1,0,1,1,1,1,1,1,0.9699999999999999,1.0,1.0,1.0,0.8,skip,attack_already_active,1785296241.488415,1785296241488414870,1384909705113399,63.9,53.359375,-1.0,0,0
2026-07-28T23:37:21.489,10.42.0.1,10.42.0.1,64,3,UPLOAD,0.95,UPLOAD,0.95,1,5792,1.26463054069101,44,167082.0,211297.0,17,27,0.44157313170128365,0.5584268682987164,0.0034761540723089665,1,0,1,1,1,1,1,1,0.9699999999999999,1.0,1.0,1.0,0.8,skip,attack_already_active,1785296241.489944,1785296241489944043,1384909706643007,63.9,53.359375,-1.0,0,0
2026-07-28T23:37:21.491,10.42.0.1,10.42.0.1,64,3,UPLOAD,0.95,UPLOAD,0.95,1,14480,1.3512945739196844,45,167082.0,225777.0,17,28,0.42529762586576864,0.5747023741342314,0.003184441281132672,1,0,1,1,1,1,1,1,0.9699999999999999,1.0,1.0,1.0,0.8,skip,attack_already_active,1785296241.4912064,1785296241491206469,1384909707905158,63.9,53.359375,-1.0,0,0
2026-07-28T23:37:21.492,10.42.0.1,10.42.0.1,64,3,UPLOAD,0.95,UPLOAD,0.95,1,15928,1.446625010471226,46,167082.0,241705.0,17,29,0.4087263048971714,0.5912736951028286,0.0028979290925085863,1,0,1,1,1,1,1,1,0.9699999999999999,1.0,1.0,1.0,0.8,skip,attack_already_active,1785296241.4922166,1785296241492216635,1384909708915050,63.9,53.359375,-1.0,0,0
2026-07-28T23:37:21.493,10.42.0.1,10.42.0.1,64,3,UPLOAD,0.95,UPLOAD,0.95,1,18824,1.5592882536685024,47,167082.0,260529.0,17,30,0.3907336340739597,0.6092663659260402,0.002749362244196526,1,0,1,1,1,1,1,1,0.9699999999999999,1.0,1.0,1.0,0.8,skip,attack_already_active,1785296241.493987,1785296241493987095,1384909710685424,63.9,53.359375,-1.0,0,0
2026-07-28T23:37:21.494,10.42.0.1,10.42.0.1,64,3,UPLOAD,0.95,UPLOAD,0.95,1,10136,1.6199530769285742,48,167082.0,270665.0,17,31,0.38168622514831624,0.6183137748516837,0.002488230785747741,1,0,1,1,1,1,1,1,0.9699999999999999,1.0,1.0,1.0,0.8,skip,attack_already_active,1785296241.4947548,1785296241494754881,1384909711453593,63.9,53.359375,-1.0,0,0
2026-07-28T23:37:21.496,10.42.0.1,10.42.0.1,64,3,UPLOAD,0.95,UPLOAD,0.95,1,5792,1.654618690220044,49,167082.0,276457.0,17,32,0.376701936019155,0.623298063980845,0.0023929605295768368,1,0,1,1,1,1,1,1,0.9699999999999999,1.0,1.0,1.0,0.8,skip,attack_already_active,1785296241.49652,1785296241496520035,1384909713218483,63.9,53.359375,-1.0,0,0
2026-07-28T23:37:21.497,10.42.0.1,10.42.0.1,64,3,UPLOAD,0.95,UPLOAD,0.95,1,14480,1.741282723448718,50,167082.0,290937.0,17,33,0.36479272693927545,0.6352072730607246,0.002177505601001025,1,0,1,1,1,1,1,1,0.9699999999999999,1.0,1.0,1.0,0.8,skip,attack_already_active,1785296241.497278,1785296241497277939,1384909713976079,63.9,53.359375,-1.0,0,0
2026-07-28T23:37:21.499,10.42.0.1,10.42.0.1,64,3,UPLOAD,0.95,UPLOAD,0.95,1,17278,1.84469302497669,51,167082.0,308215.0,17,34,0.35153177907708233,0.6484682209229177,0.0021180913589681897,1,0,1,1,1,1,1,1,0.9699999999999999,1.0,1.0,1.0,0.8,skip,attack_already_active,1785296241.4990046,1785296241499004735,1384909715703049,63.9,53.359375,-1.0,0,0
2026-07-28T23:37:21.500,10.42.0.1,10.42.0.1,64,3,UPLOAD,0.95,UPLOAD,0.95,1,1350,1.8527728899531202,52,167082.0,309565.0,17,35,0.3505361410016217,0.6494638589983782,0.0020099863477009024,1,0,1,1,1,1,1,1,0.9699999999999999,1.0,1.0,1.0,0.8,skip,attack_already_active,1785296241.5003023,1785296241500302343,1384909717009760,63.9,53.359375,-1.0,0,0
2026-07-28T23:37:21.502,10.42.0.1,10.42.0.1,64,3,UPLOAD,0.95,UPLOAD,0.95,1,8591,1.9041907566290552,53,167082.0,318156.0,17,36,0.34432999888714405,0.655670001112856,0.0020080857855396855,1,0,1,1,1,1,1,1,0.9699999999999999,1.0,1.0,1.0,0.8,skip,attack_already_active,1785296241.5022979,1785296241502297797,1384909718996130,63.9,53.359375,-1.0,0,0
2026-07-28T23:37:22.368,10.42.0.47,10.42.0.1|10.42.0.47,64,3,UPLOAD,0.95,UPLOAD,0.95,1,7240,100.0,1,0.0,7240.0,0,1,0.0,1.0,0.40115527507938376,1,0,0,1,1,1,1,1,0.9699999999999999,1.0,1.0,1.0,0.8,trigger,training_upload_trigger_confirmed,1785296242.368668,1785296242368668036,1384910585366431,7.6,53.359375,6.658192,1785296242375327237,1384910592024623
2026-07-28T23:37:22.369,10.42.0.47,10.42.0.1|10.42.0.47,64,3,UPLOAD,0.95,UPLOAD,0.95,1,7240,100.0,2,0.0,14480.0,0,2,0.0,1.0,0.34842319450840287,1,0,1,1,1,1,1,1,0.9699999999999999,1.0,1.0,1.0,0.8,skip,attack_already_active,1785296242.3696542,1785296242369654225,1384910586353206,7.6,53.359375,-1.0,0,0
2026-07-28T23:37:22.372,10.42.0.47,10.42.0.1|10.42.0.47,64,3,UPLOAD,0.95,UPLOAD,0.95,1,10136,100.0,3,0.0,24616.0,0,3,0.0,1.0,0.3028845666069886,1,0,1,1,1,1,1,1,0.9699999999999999,1.0,1.0,1.0,0.8,skip,attack_already_active,1785296242.3724973,1785296242372497445,1384910589195996,7.6,53.359375,-1.0,0,0
2026-07-28T23:37:22.373,10.42.0.47,10.42.0.1|10.42.0.47,64,3,UPLOAD,0.95,UPLOAD,0.95,1,4344,100.0,4,0.0,28960.0,0,4,0.0,1.0,0.26313319116661227,1,0,1,1,1,1,1,1,0.9699999999999999,1.0,1.0,1.0,0.8,skip,attack_already_active,1785296242.3737197,1785296242373719720,1384910590418127,7.6,53.359375,-1.0,0,0
2026-07-28T23:37:22.374,10.42.0.47,10.42.0.1|10.42.0.47,64,3,UPLOAD,0.95,UPLOAD,0.95,1,5792,100.0,5,0.0,34752.0,0,5,0.0,1.0,0.22855449524182825,1,0,1,1,1,1,1,1,0.9699999999999999,1.0,1.0,1.0,0.8,skip,attack_already_active,1785296242.3744447,1785296242374444690,1384910591143206,7.6,53.359375,-1.0,0,0
2026-07-28T23:37:22.375,10.42.0.47,10.42.0.1|10.42.0.47,64,3,UPLOAD,0.95,UPLOAD,0.95,1,8688,100.0,6,0.0,43440.0,0,6,0.0,1.0,0.19860838749191492,1,0,1,1,1,1,1,1,0.9699999999999999,1.0,1.0,1.0,0.8,skip,attack_already_active,1785296242.3757465,1785296242375746470,1384910592444777,7.6,53.359375,-1.0,0,0
2026-07-28T23:37:22.377,10.42.0.47,10.42.0.1|10.42.0.47,64,3,UPLOAD,0.95,UPLOAD,0.95,1,18824,100.0,7,0.0,62264.0,0,7,0.0,1.0,0.17266289009611407,1,0,1,1,1,1,1,1,0.9699999999999999,1.0,1.0,1.0,0.8,skip,attack_already_active,1785296242.3774617,1785296242377461835,1384910594160294,7.6,53.359375,-1.0,0,0
2026-07-28T23:37:22.378,10.42.0.47,10.42.0.1|10.42.0.47,64,3,UPLOAD,0.95,UPLOAD,0.95,1,1448,100.0,8,0.0,63712.0,0,8,0.0,1.0,0.15000260261785978,1,0,1,1,1,1,1,1,0.9699999999999999,1.0,1.0,1.0,0.8,skip,attack_already_active,1785296242.378162,1785296242378161826,1384910594860182,7.6,53.359375,-1.0,0,0
2026-07-28T23:37:22.378,10.42.0.47,10.42.0.1|10.42.0.47,64,3,UPLOAD,0.95,UPLOAD,0.95,1,8688,100.0,9,0.0,72400.0,0,9,0.0,1.0,0.13032889658181362,1,0,1,1,1,1,1,1,0.9699999999999999,1.0,1.0,1.0,0.8,skip,attack_already_active,1785296242.3788662,1785296242378866068,1384910595564163,7.6,53.359375,-1.0,0,0
2026-07-28T23:37:22.379,10.42.0.47,10.42.0.1|10.42.0.47,64,3,UPLOAD,0.95,UPLOAD,0.95,1,7155,100.0,10,0.0,79555.0,0,10,0.0,1.0,0.11324994476642636,1,0,1,1,1,1,1,1,0.9699999999999999,1.0,1.0,1.0,0.8,skip,attack_already_active,1785296242.3795877,1785296242379587490,1384910596285850,7.6,53.359375,-1.0,0,0
2026-07-28T23:37:22.381,10.42.0.1,10.42.0.1|10.42.0.47,64,3,UPLOAD,0.9829933314605552,UPLOAD,0.9829933314605552,1,7240,100.0,24,0.0,219803.0,0,24,0.0,1.0,0.003021754422144417,1,0,1,1,1,1,1,1,0.9699999999999999,1.0,1.0,1.0,0.8,skip,attack_already_active,1785296242.3811705,1785296242381170519,1384910597869073,7.6,53.359375,-1.0,0,0
2026-07-28T23:37:22.382,10.42.0.1,10.42.0.1|10.42.0.47,64,3,UPLOAD,0.9846695175566175,UPLOAD,0.9846695175566175,1,5792,100.0,25,0.0,225595.0,0,25,0.0,1.0,0.0028027382359827775,1,0,1,1,1,1,1,1,0.9699999999999999,1.0,1.0,1.0,0.8,skip,attack_already_active,1785296242.3825302,1785296242382530322,1384910599229238,7.6,53.359375,-1.0,0,0
2026-07-28T23:37:22.399,10.42.0.1,10.42.0.1|10.42.0.47,64,3,UPLOAD,0.9841834313202806,UPLOAD,0.9841834313202806,1,1448,100.0,26,0.0,227043.0,0,26,0.0,1.0,0.004718873593519338,1,0,1,1,1,1,1,1,0.9699999999999999,1.0,1.0,1.0,0.8,skip,attack_already_active,1785296242.399874,1785296242399874066,1384910616572527,7.6,53.359375,-1.0,0,0
2026-07-28T23:37:22.402,10.42.0.1,10.42.0.1|10.42.0.47,64,3,UPLOAD,0.9835569557622604,UPLOAD,0.9835569557622604,1,14480,100.0,26,0.0,240075.0,0,26,0.0,1.0,0.004430888692047556,1,0,1,1,1,1,1,1,0.9699999999999999,1.0,1.0,1.0,0.8,skip,attack_already_active,1785296242.4024074,1785296242402407479,1384910619106244,7.6,53.359375,-1.0,0,0
2026-07-28T23:37:22.403,10.42.0.1,10.42.0.1|10.42.0.47,64,3,UPLOAD,0.9838477285525759,UPLOAD,0.9838477285525759,1,14480,100.0,27,0.0,254555.0,0,27,0.0,1.0,0.003946384182729157,1,0,1,1,1,1,1,1,0.9699999999999999,1.0,1.0,1.0,0.8,skip,attack_already_active,1785296242.4031615,1785296242403161725,1384910619859974,7.6,53.359375,-1.0,0,0
2026-07-28T23:37:22.403,10.42.0.1,10.42.0.1|10.42.0.47,64,3,UPLOAD,0.9841024439598751,UPLOAD,0.9841024439598751,1,1448,100.0,28,0.0,256003.0,0,28,0.0,1.0,0.003519661423800608,1,0,1,1,1,1,1,1,0.9699999999999999,1.0,1.0,1.0,0.8,skip,attack_already_active,1785296242.4038696,1785296242403869688,1384910620568000,7.6,53.359375,-1.0,0,0
2026-07-28T23:37:22.404,10.42.0.1,10.42.0.1|10.42.0.47,64,3,UPLOAD,0.9847486021596759,UPLOAD,0.9847486021596759,1,14480,100.0,29,0.0,270483.0,0,29,0.0,1.0,0.00318275511759074,1,0,1,1,1,1,1,1,0.9699999999999999,1.0,1.0,1.0,0.8,skip,attack_already_active,1785296242.4048326,1785296242404832467,1384910621530661,7.6,53.359375,-1.0,0,0
2026-07-28T23:37:22.405,10.42.0.1,10.42.0.1|10.42.0.47,64,3,UPLOAD,0.985482033577446,UPLOAD,0.985482033577446,1,14480,100.0,30,0.0,284963.0,0,30,0.0,1.0,0.002889741781207099,1,0,1,1,1,1,1,1,0.9699999999999999,1.0,1.0,1.0,0.8,skip,attack_already_active,1785296242.4057918,1785296242405791859,1384910622490009,7.6,53.359375,-1.0,0,0
2026-07-28T23:37:22.406,10.42.0.1,10.42.0.1|10.42.0.47,64,3,UPLOAD,0.9854864892326629,UPLOAD,0.9854864892326629,1,5694,100.0,30,0.0,289209.0,0,30,0.0,1.0,0.0026338006649741885,1,0,1,1,1,1,1,1,0.9699999999999999,1.0,1.0,1.0,0.8,skip,attack_already_active,1785296242.4067392,1785296242406739165,1384910623437295,7.6,53.359375,-1.0,0,0
2026-07-28T23:37:22.662,10.42.0.1,10.42.0.1|10.42.0.47,64,3,UPLOAD,0.973277321430727,UPLOAD,0.973277321430727,0,43,100.0,9,0.0,79542.0,0,9,0.0,1.0,0.21608451755278296,1,0,1,1,1,1,1,1,0.8374999999999999,0.8500000000000001,1.0,0.6000000000000001,0.8,skip,attack_already_active,1785296242.662913,1785296242662912978,1384910879611616,7.6,53.359375,-1.0,0,0
2026-07-28T23:37:22.965,10.42.0.18,10.42.0.1|10.42.0.47,47,3,UPLOAD,0.9854688349332961,UPLOAD,0.9854688349332961,0,39,1.0,0,0.0,0.0,0,0,0.0,0.0,0.4676396925619748,0,0,0,0,0,0,0,0,0.4375,0.05,1.0,0.0,0.8,skip,already_attacked_this_round,1785296242.965609,1785296242965608970,1384911182307444,21.8,53.359375,-1.0,0,0
2026-07-28T23:37:22.996,10.42.0.210,10.42.0.1|10.42.0.47,63,3,UPLOAD,0.95,UPLOAD,0.95,1,1448,100.0,1,0.0,1448.0,0,1,0.0,1.0,0.3410230562027118,0,0,0,1,1,1,1,1,0.9525,0.95,1.0,1.0,0.8,trigger,training_upload_trigger_confirmed,1785296242.9960501,1785296242996050081,1384911212748804,21.8,53.359375,8.936178,1785296243004987622,1384911221684982
2026-07-28T23:37:22.998,10.42.0.210,10.42.0.1|10.42.0.47,63,3,UPLOAD,0.9841010226033655,UPLOAD,0.9841010226033655,1,1448,100.0,2,0.0,2896.0,0,2,0.0,1.0,0.29640456558518513,0,0,1,1,1,1,1,1,0.9699999999999999,1.0,1.0,1.0,0.8,skip,attack_already_active,1785296242.9984758,1785296242998475886,1384911215174297,21.8,53.359375,-1.0,0,0
2026-07-28T23:37:22.999,10.42.0.210,10.42.0.1|10.42.0.47,63,3,UPLOAD,0.9854688349332961,UPLOAD,0.9854688349332961,1,1448,100.0,3,0.0,4344.0,0,3,0.0,1.0,0.257539888688001,0,0,1,1,1,1,1,1,0.9699999999999999,1.0,1.0,1.0,0.8,skip,attack_already_active,1785296242.999947,1785296242999947028,1384911216645655,21.8,53.359375,-1.0,0,0
2026-07-28T23:37:23.001,10.42.0.210,10.42.0.1|10.42.0.47,63,3,UPLOAD,0.9855076450773014,UPLOAD,0.9855076450773014,1,1448,100.0,4,0.0,5792.0,0,4,0.0,1.0,0.22379780922532694,0,0,1,1,1,1,1,1,0.9699999999999999,1.0,1.0,1.0,0.8,skip,attack_already_active,1785296243.0014277,1785296243001427588,1384911218126016,21.8,53.359375,-1.0,0,0
2026-07-28T23:37:23.002,10.42.0.210,10.42.0.1|10.42.0.47,63,3,UPLOAD,0.9855086980780915,UPLOAD,0.9855086980780915,1,1448,100.0,5,0.0,7240.0,0,5,0.0,1.0,0.19450285979667528,0,0,1,1,1,1,1,1,0.9699999999999999,1.0,1.0,1.0,0.8,skip,attack_already_active,1785296243.0029142,1785296243002914339,1384911219612683,21.8,53.359375,-1.0,0,0
2026-07-28T23:37:23.004,10.42.0.210,10.42.0.1|10.42.0.47,63,3,UPLOAD,0.9855087254685951,UPLOAD,0.9855087254685951,1,1448,100.0,6,0.0,8688.0,0,6,0.0,1.0,0.16905918853243943,0,0,1,1,1,1,1,1,0.9699999999999999,1.0,1.0,1.0,0.8,skip,attack_already_active,1785296243.004332,1785296243004331998,1384911221030685,21.8,53.359375,-1.0,0,0
2026-07-28T23:37:23.005,10.42.0.210,10.42.0.1|10.42.0.47,63,3,UPLOAD,0.9855087261493067,UPLOAD,0.9855087261493067,1,1448,100.0,7,0.0,10136.0,0,7,0.0,1.0,0.14696916038757588,0,0,1,1,1,1,1,1,0.9699999999999999,1.0,1.0,1.0,0.8,skip,attack_already_active,1785296243.0057561,1785296243005756154,1384911222454643,21.8,53.359375,-1.0,0,0
2026-07-28T23:37:23.007,10.42.0.210,10.42.0.1|10.42.0.47,63,3,UPLOAD,0.9855087261653082,UPLOAD,0.9855087261653082,1,1448,100.0,8,0.0,11584.0,0,8,0.0,1.0,0.12786053479573767,0,0,1,1,1,1,1,1,0.9699999999999999,1.0,1.0,1.0,0.8,skip,attack_already_active,1785296243.0077152,1785296243007715216,1384911224414037,21.8,53.359375,-1.0,0,0
2026-07-28T23:37:23.009,10.42.0.210,10.42.0.1|10.42.0.47,63,3,UPLOAD,0.985508726165656,UPLOAD,0.985508726165656,1,1448,100.0,9,0.0,13032.0,0,9,0.0,1.0,0.11121410932570334,0,0,1,1,1,1,1,1,0.9699999999999999,1.0,1.0,1.0,0.8,skip,attack_already_active,1785296243.0092506,1785296243009250590,1384911225949215,21.8,53.359375,-1.0,0,0
2026-07-28T23:37:23.010,10.42.0.210,10.42.0.1|10.42.0.47,63,3,UPLOAD,0.9855087261656625,UPLOAD,0.9855087261656625,1,1448,100.0,10,0.0,14480.0,0,10,0.0,1.0,0.09676097497186031,0,0,1,1,1,1,1,1,0.9699999999999999,1.0,1.0,1.0,0.8,skip,attack_already_active,1785296243.010784,1785296243010784011,1384911227482630,21.8,53.359375,-1.0,0,0
2026-07-28T23:37:23.012,10.42.0.210,10.42.0.1|10.42.0.47,63,3,UPLOAD,0.9855087261656628,UPLOAD,0.9855087261656628,1,1448,100.0,11,0.0,15928.0,0,11,0.0,1.0,0.08421390275892773,0,0,1,1,1,1,1,1,0.9699999999999999,1.0,1.0,1.0,0.8,skip,attack_already_active,1785296243.0123286,1785296243012328669,1384911229027461,21.8,53.359375,-1.0,0,0
2026-07-28T23:37:23.013,10.42.0.210,10.42.0.1|10.42.0.47,63,3,UPLOAD,0.95,UPLOAD,0.95,1,1448,100.0,12,0.0,17376.0,0,12,0.0,1.0,0.07331908329235576,0,0,1,1,1,1,1,1,0.9699999999999999,1.0,1.0,1.0,0.8,skip,attack_already_active,1785296243.0138648,1785296243013864593,1384911230563401,21.8,53.359375,-1.0,0,0
2026-07-28T23:37:23.015,10.42.0.210,10.42.0.1|10.42.0.47,63,3,UPLOAD,0.95,UPLOAD,0.95,1,1448,100.0,13,0.0,18824.0,0,13,0.0,1.0,0.0638541420569116,0,0,1,1,1,1,1,1,0.9699999999999999,1.0,1.0,1.0,0.8,skip,attack_already_active,1785296243.015357,1785296243015356973,1384911232055474,21.8,53.359375,-1.0,0,0
2026-07-28T23:37:23.016,10.42.0.210,10.42.0.1|10.42.0.47,63,3,UPLOAD,0.95,UPLOAD,0.95,1,1448,100.0,14,0.0,20272.0,0,14,0.0,1.0,0.0556406169499279,0,0,1,1,1,1,1,1,0.9699999999999999,1.0,1.0,1.0,0.8,skip,attack_already_active,1785296243.016881,1785296243016880897,1384911233579611,21.8,53.359375,-1.0,0,0
2026-07-28T23:37:23.018,10.42.0.210,10.42.0.1|10.42.0.47,63,3,UPLOAD,0.95,UPLOAD,0.95,1,1448,100.0,15,0.0,21720.0,0,15,0.0,1.0,0.04851017877034905,0,0,1,1,1,1,1,1,0.9699999999999999,1.0,1.0,1.0,0.8,skip,attack_already_active,1785296243.0184107,1785296243018410849,1384911235109334,21.8,53.359375,-1.0,0,0
2026-07-28T23:37:23.019,10.42.0.210,10.42.0.1|10.42.0.47,63,3,UPLOAD,0.95,UPLOAD,0.95,1,1448,100.0,16,0.0,23168.0,0,16,0.0,1.0,0.04232029281855518,0,0,1,1,1,1,1,1,0.9699999999999999,1.0,1.0,1.0,0.8,skip,attack_already_active,1785296243.0199475,1785296243019947513,1384911236646145,21.8,53.359375,-1.0,0,0
2026-07-28T23:37:23.021,10.42.0.210,10.42.0.1|10.42.0.47,63,3,UPLOAD,0.95,UPLOAD,0.95,1,1448,100.0,17,0.0,24616.0,0,17,0.0,1.0,0.03695660065625406,0,0,1,1,1,1,1,1,0.9699999999999999,1.0,1.0,1.0,0.8,skip,attack_already_active,1785296243.0215642,1785296243021564050,1384911238262602,21.8,53.359375,-1.0,0,0
2026-07-28T23:37:23.022,10.42.0.210,10.42.0.1|10.42.0.47,63,3,UPLOAD,0.95,UPLOAD,0.95,1,1448,100.0,18,0.0,26064.0,0,18,0.0,1.0,0.032228419913606726,0,0,1,1,1,1,1,1,0.9699999999999999,1.0,1.0,1.0,0.8,skip,attack_already_active,1785296243.02264,1785296243022639896,1384911239338534,21.8,53.359375,-1.0,0,0
2026-07-28T23:37:23.024,10.42.0.210,10.42.0.1|10.42.0.47,63,3,UPLOAD,0.95,UPLOAD,0.95,1,1448,100.0,19,0.0,27512.0,0,19,0.0,1.0,0.028184808105646168,0,0,1,1,1,1,1,1,0.9699999999999999,1.0,1.0,1.0,0.8,skip,attack_already_active,1785296243.0241826,1785296243024182531,1384911240881592,21.8,53.359375,-1.0,0,0
2026-07-28T23:37:23.025,10.42.0.210,10.42.0.1|10.42.0.47,63,3,UPLOAD,0.95,UPLOAD,0.95,1,1448,100.0,20,0.0,28960.0,0,20,0.0,1.0,0.024631878835341906,0,0,1,1,1,1,1,1,0.9699999999999999,1.0,1.0,1.0,0.8,skip,attack_already_active,1785296243.0254052,1785296243025405277,1384911242103843,21.8,53.359375,-1.0,0,0
2026-07-28T23:37:23.026,10.42.0.210,10.42.0.1|10.42.0.47,63,3,UPLOAD,0.95,UPLOAD,0.95,1,1448,100.0,21,0.0,30408.0,0,21,0.0,1.0,0.021590773814228394,0,0,1,1,1,1,1,1,0.9699999999999999,1.0,1.0,1.0,0.8,skip,attack_already_active,1785296243.026959,1785296243026958844,1384911243657616,21.8,53.359375,-1.0,0,0
2026-07-28T23:37:23.028,10.42.0.210,10.42.0.1|10.42.0.47,63,3,UPLOAD,0.95,UPLOAD,0.95,1,1448,100.0,22,0.0,31856.0,0,22,0.0,1.0,0.018892160780894042,0,0,1,1,1,1,1,1,0.9699999999999999,1.0,1.0,1.0,0.8,skip,attack_already_active,1785296243.0280707,1785296243028070652,1384911244769879,21.8,53.359375,-1.0,0,0
2026-07-28T23:37:23.029,10.42.0.210,10.42.0.1|10.42.0.47,63,3,UPLOAD,0.95,UPLOAD,0.95,1,1448,100.0,23,0.0,33304.0,0,23,0.0,1.0,0.016627888255405718,0,0,1,1,1,1,1,1,0.9699999999999999,1.0,1.0,1.0,0.8,skip,attack_already_active,1785296243.02978,1785296243029780038,1384911246483166,21.8,53.359375,-1.0,0,0
2026-07-28T23:37:23.031,10.42.0.210,10.42.0.1|10.42.0.47,63,3,UPLOAD,0.95,UPLOAD,0.95,1,1448,100.0,24,0.0,34752.0,0,24,0.0,1.0,0.01460257858142904,0,0,1,1,1,1,1,1,0.9699999999999999,1.0,1.0,1.0,0.8,skip,attack_already_active,1785296243.0310383,1785296243031038275,1384911247736977,21.8,53.359375,-1.0,0,0
2026-07-28T23:37:23.032,10.42.0.210,10.42.0.1|10.42.0.47,63,3,UPLOAD,0.95,UPLOAD,0.95,1,1448,100.0,25,0.0,36200.0,0,25,0.0,1.0,0.012870292358570668,0,0,1,1,1,1,1,1,0.9699999999999999,1.0,1.0,1.0,0.8,skip,attack_already_active,1785296243.032495,1785296243032495084,1384911249193582,21.8,53.359375,-1.0,0,0
2026-07-28T23:37:23.033,10.42.0.210,10.42.0.1|10.42.0.47,63,3,UPLOAD,0.95,UPLOAD,0.95,1,1448,100.0,26,0.0,37648.0,0,26,0.0,1.0,0.01130639551256846,0,0,1,1,1,1,1,1,0.9699999999999999,1.0,1.0,1.0,0.8,skip,attack_already_active,1785296243.0334973,1785296243033497267,1384911250195887,21.8,53.359375,-1.0,0,0
2026-07-28T23:37:23.035,10.42.0.210,10.42.0.1|10.42.0.47,63,3,UPLOAD,0.95,UPLOAD,0.95,1,1448,100.0,27,0.0,39096.0,0,27,0.0,1.0,0.010021814492320133,0,0,1,1,1,1,1,1,0.9699999999999999,1.0,1.0,1.0,0.8,skip,attack_already_active,1785296243.0350554,1785296243035055358,1384911251754090,21.8,53.359375,-1.0,0,0
2026-07-28T23:37:23.036,10.42.0.210,10.42.0.1|10.42.0.47,63,3,UPLOAD,0.95,UPLOAD,0.95,1,1448,100.0,28,0.0,40544.0,0,28,0.0,1.0,0.008899533772712171,0,0,1,1,1,1,1,1,0.9699999999999999,1.0,1.0,1.0,0.8,skip,attack_already_active,1785296243.0365605,1785296243036560743,1384911253259123,21.8,53.359375,-1.0,0,0
2026-07-28T23:37:23.038,10.42.0.210,10.42.0.1|10.42.0.47,63,3,UPLOAD,0.95,UPLOAD,0.95,1,1448,100.0,29,0.0,41992.0,0,29,0.0,1.0,0.007931927174788894,0,0,1,1,1,1,1,1,0.9699999999999999,1.0,1.0,1.0,0.8,skip,attack_already_active,1785296243.0381172,1785296243038117240,1384911254815854,21.8,53.359375,-1.0,0,0
2026-07-28T23:37:23.039,10.42.0.210,10.42.0.1|10.42.0.47,63,3,UPLOAD,0.95,UPLOAD,0.95,1,1448,100.0,30,0.0,43440.0,0,30,0.0,1.0,0.00702650947803471,0,0,1,1,1,1,1,1,0.9699999999999999,1.0,1.0,1.0,0.8,skip,attack_already_active,1785296243.0391781,1785296243039178310,1384911255876695,21.8,53.359375,-1.0,0,0
2026-07-28T23:37:23.040,10.42.0.210,10.42.0.1|10.42.0.47,63,3,UPLOAD,0.95,UPLOAD,0.95,1,1448,100.0,31,0.0,44888.0,0,31,0.0,1.0,0.006297551116350131,0,0,1,1,1,1,1,1,0.9699999999999999,1.0,1.0,1.0,0.8,skip,attack_already_active,1785296243.0406728,1785296243040672836,1384911257371404,21.8,53.359375,-1.0,0,0
2026-07-28T23:37:23.041,10.42.0.210,10.42.0.1|10.42.0.47,63,3,UPLOAD,0.95,UPLOAD,0.95,1,1448,100.0,32,0.0,46336.0,0,32,0.0,1.0,0.0055999936783910145,0,0,1,1,1,1,1,1,0.9699999999999999,1.0,1.0,1.0,0.8,skip,attack_already_active,1785296243.0416768,1785296243041676686,1384911258375110,21.8,53.359375,-1.0,0,0
2026-07-28T23:37:23.042,10.42.0.210,10.42.0.1|10.42.0.47,63,3,UPLOAD,0.95,UPLOAD,0.95,1,1448,100.0,33,0.0,47784.0,0,33,0.0,1.0,0.00499529902571609,0,0,1,1,1,1,1,1,0.9699999999999999,1.0,1.0,1.0,0.8,skip,attack_already_active,1785296243.042688,1785296243042688028,1384911259386444,21.8,53.359375,-1.0,0,0
2026-07-28T23:37:23.043,10.42.0.210,10.42.0.1|10.42.0.47,63,3,UPLOAD,0.95,UPLOAD,0.95,1,1448,100.0,34,0.0,49232.0,0,34,0.0,1.0,0.004473806447616435,0,0,1,1,1,1,1,1,0.9699999999999999,1.0,1.0,1.0,0.8,skip,attack_already_active,1785296243.0437257,1785296243043725858,1384911260424095,21.8,53.359375,-1.0,0,0
2026-07-28T23:37:23.046,10.42.0.145,10.42.0.1|10.42.0.47,29,3,UPLOAD,0.9841010226033655,UPLOAD,0.9841010226033655,0,39,1.0,0,0.0,0.0,0,0,0.0,0.0,0.6223179405773078,0,0,0,0,0,0,0,0,0.4375,0.05,1.0,0.0,0.8,skip,already_attacked_this_round,1785296243.0466475,1785296243046647610,1384911263346175,21.8,53.359375,-1.0,0,0
2026-07-28T23:37:23.047,10.42.0.1,10.42.0.1|10.42.0.47,64,3,UPLOAD,0.9743859823067059,UPLOAD,0.9743859823067059,1,7240,100.0,10,0.0,86782.0,0,10,0.0,1.0,0.1942371729399735,1,0,1,1,1,1,1,1,0.9699999999999999,1.0,1.0,1.0,0.8,skip,attack_already_active,1785296243.047725,1785296243047724997,1384911264423347,21.8,53.359375,-1.0,0,0
2026-07-28T23:37:23.048,10.42.0.1,10.42.0.1|10.42.0.47,64,3,UPLOAD,0.9751436126683225,UPLOAD,0.9751436126683225,1,7240,100.0,11,0.0,94022.0,0,11,0.0,1.0,0.1687795954012763,1,0,1,1,1,1,1,1,0.9699999999999999,1.0,1.0,1.0,0.8,skip,attack_already_active,1785296243.0487716,1785296243048771651,1384911265470035,21.8,53.359375,-1.0,0,0
2026-07-28T23:37:23.050,10.42.0.1,10.42.0.1|10.42.0.47,64,3,UPLOAD,0.9758834760192957,UPLOAD,0.9758834760192957,1,10136,100.0,12,0.0,104158.0,0,12,0.0,1.0,0.14679241862161146,1,0,1,1,1,1,1,1,0.9699999999999999,1.0,1.0,1.0,0.8,skip,attack_already_active,1785296243.0506966,1785296243050696781,1384911267395214,21.8,53.359375,-1.0,0,0
2026-07-28T23:37:23.051,10.42.0.1,10.42.0.1|10.42.0.47,64,3,UPLOAD,0.9767029385443999,UPLOAD,0.9767029385443999,1,4344,100.0,13,0.0,108502.0,0,13,0.0,1.0,0.1275850890010034,1,0,1,1,1,1,1,1,0.9699999999999999,1.0,1.0,1.0,0.8,skip,attack_already_active,1785296243.05173,1785296243051729996,1384911268428419,21.8,53.359375,-1.0,0,0
2026-07-28T23:37:23.052,10.42.0.1,10.42.0.1|10.42.0.47,64,3,UPLOAD,0.9772368404929941,UPLOAD,0.9772368404929941,1,14480,100.0,14,0.0,122982.0,0,14,0.0,1.0,0.11091523562170896,1,0,1,1,1,1,1,1,0.9699999999999999,1.0,1.0,1.0,0.8,skip,attack_already_active,1785296243.052812,1785296243052812114,1384911269510586,21.8,53.359375,-1.0,0,0
2026-07-28T23:37:23.055,10.42.0.1,10.42.0.1|10.42.0.47,64,3,UPLOAD,0.9775043444760998,UPLOAD,0.9775043444760998,1,14480,100.0,15,0.0,137462.0,0,15,0.0,1.0,0.0966245160494299,1,0,1,1,1,1,1,1,0.9699999999999999,1.0,1.0,1.0,0.8,skip,attack_already_active,1785296243.055279,1785296243055279022,1384911271977419,21.8,53.359375,-1.0,0,0
2026-07-28T23:37:23.056,10.42.0.1,10.42.0.1|10.42.0.47,64,3,UPLOAD,0.977988988029399,UPLOAD,0.977988988029399,1,5792,100.0,16,0.0,143254.0,0,16,0.0,1.0,0.0840337845395927,1,0,1,1,1,1,1,1,0.9699999999999999,1.0,1.0,1.0,0.8,skip,attack_already_active,1785296243.056356,1785296243056355818,1384911273054088,21.8,53.359375,-1.0,0,0
2026-07-28T23:37:23.057,10.42.0.1,10.42.0.1|10.42.0.47,64,3,UPLOAD,0.9786905336570066,UPLOAD,0.9786905336570066,1,8688,100.0,17,0.0,151942.0,0,17,0.0,1.0,0.07309669192682955,1,0,1,1,1,1,1,1,0.9699999999999999,1.0,1.0,1.0,0.8,skip,attack_already_active,1785296243.0573912,1785296243057391189,1384911274089641,21.8,53.359375,-1.0,0,0
2026-07-28T23:37:23.058,10.42.0.1,10.42.0.1|10.42.0.47,64,3,UPLOAD,0.9791831301658938,UPLOAD,0.9791831301658938,1,7143,100.0,18,0.0,159085.0,0,18,0.0,1.0,0.06366042784580835,1,0,1,1,1,1,1,1,0.9699999999999999,1.0,1.0,1.0,0.8,skip,attack_already_active,1785296243.0588787,1785296243058878790,1384911275577222,21.8,53.359375,-1.0,0,0
2026-07-28T23:37:23.319,10.42.0.1,10.42.0.1|10.42.0.47,64,3,UPLOAD,0.9780630408921183,UPLOAD,0.9780630408921183,0,43,100.0,18,0.0,159085.0,0,18,0.0,1.0,0.07543635384047334,1,0,1,1,1,1,1,1,0.8374999999999999,0.8500000000000001,1.0,0.6000000000000001,0.8,skip,attack_already_active,1785296243.3195853,1785296243319585355,1384911536284437,21.8,53.359375,-1.0,0,0
2026-07-28T23:37:23.322,10.42.0.1,10.42.0.47,65,1,DOWNLOAD,0.9748924144422403,DOWNLOAD,0.9748924144422403,-1,7240,21.973066295445708,19,7240.0,159085.0,1,18,0.0435292349316098,0.9564707650683902,0.06585920581313995,0,0,0,0,1,0,0,0,0.44,0.8500000000000001,0.0,0.6000000000000001,0.15,skip,training_upload_trigger_not_confirmed,1785296243.3223433,1785296243322343367,1384911539042383,21.8,53.359375,-1.0,0,0
2026-07-28T23:37:23.324,10.42.0.1,10.42.0.47,65,1,DOWNLOAD,0.95,DOWNLOAD,0.95,-1,7240,10.986533148481593,20,14480.0,159085.0,2,18,0.08342695820009795,0.9165730417999021,0.057407226829714386,0,0,0,0,1,0,0,0,0.44,0.8500000000000001,0.0,0.6000000000000001,0.15,skip,training_upload_trigger_not_confirmed,1785296243.3240628,1785296243324062738,1384911540761458,21.8,53.359375,-1.0,0,0
2026-07-28T23:37:23.325,10.42.0.1,10.42.0.47,65,1,DOWNLOAD,0.95,DOWNLOAD,0.95,-1,10136,6.462666558114127,21,24616.0,159085.0,3,18,0.13400035927948134,0.8659996407205187,0.05006667799339435,0,0,0,0,1,0,0,0,0.44,0.8500000000000001,0.0,0.6000000000000001,0.15,skip,training_upload_trigger_not_confirmed,1785296243.3257647,1785296243325764559,1384911542463338,21.8,53.359375,-1.0,0,0
2026-07-28T23:37:23.327,10.42.0.1,10.42.0.47,65,1,DOWNLOAD,0.95,DOWNLOAD,0.95,-1,14480,4.069086351466414,22,39096.0,159085.0,4,18,0.19727420893022035,0.8027257910697796,0.04372487497968147,0,0,0,0,1,0,0,0,0.4,0.8500000000000001,0.0,0.4,0.15,skip,training_upload_trigger_not_confirmed,1785296243.3277051,1785296243327705009,1384911544404706,21.8,53.359375,-1.0,0,0
2026-07-28T23:37:23.329,10.42.0.1,10.42.0.47,65,1,DOWNLOAD,0.95,DOWNLOAD,0.95,-1,7240,3.433291609063508,23,46336.0,159085.0,5,18,0.22556603268409753,0.7744339673159024,0.03822020489341014,0,0,0,0,1,0,0,0,0.4,0.8500000000000001,0.0,0.4,0.15,skip,training_upload_trigger_not_confirmed,1785296243.3296566,1785296243329656469,1384911546355263,21.8,53.359375,-1.0,0,0
2026-07-28T23:37:23.330,10.42.0.1,10.42.0.47,65,1,DOWNLOAD,0.95,DOWNLOAD,0.95,-1,7240,2.9693332835230453,24,53576.0,159085.0,6,18,0.25193147779799774,0.7480685222020023,0.03333707500688638,0,0,0,0,1,0,0,0,0.32,0.8500000000000001,0.0,0.0,0.15,skip,training_upload_trigger_not_confirmed,1785296243.33082,1785296243330820169,1384911547518745,21.8,53.359375,-1.0,0,0
2026-07-28T23:37:23.332,10.42.0.1,10.42.0.47,65,1,DOWNLOAD,0.95,DOWNLOAD,0.95,-1,7240,2.6158412259665904,25,60816.0,159085.0,7,18,0.27656081600356525,0.7234391839964348,0.02915758144446357,0,0,0,0,1,0,0,0,0.32,0.8500000000000001,0.0,0.0,0.15,skip,training_upload_trigger_not_confirmed,1785296243.3324401,1785296243332440131,1384911549138702,21.8,53.359375,-1.0,0,0
2026-07-28T23:37:23.333,10.42.0.1,10.42.0.47,65,1,DOWNLOAD,0.95,DOWNLOAD,0.95,-1,7240,2.337560244484872,26,68056.0,159085.0,8,18,0.29962005978665235,0.7003799402133477,0.025452902372978276,0,0,0,0,1,0,0,0,0.32,0.8500000000000001,0.0,0.0,0.15,skip,training_upload_trigger_not_confirmed,1785296243.333484,1785296243333484145,1384911550182715,21.8,53.359375,-1.0,0,0
2026-07-28T23:37:23.334,10.42.0.1,10.42.0.47,65,1,DOWNLOAD,0.95,DOWNLOAD,0.95,-1,7240,2.112794836364312,27,75296.0,159085.0,9,18,0.3212547092127775,0.6787452907872226,0.022234017689564043,0,0,0,0,1,0,0,0,0.32,0.8500000000000001,0.0,0.0,0.15,skip,training_upload_trigger_not_confirmed,1785296243.3345096,1785296243334509690,1384911551208338,21.8,53.359375,-1.0,0,0
2026-07-28T23:37:23.335,10.42.0.1,10.42.0.47,65,1,DOWNLOAD,0.95,DOWNLOAD,0.95,-1,7240,1.927461955983723,28,82536.0,159085.0,10,18,0.34159282512695505,0.658407174873045,0.019449039244694353,0,0,0,0,1,0,0,0,0.32,0.8500000000000001,0.0,0.0,0.15,skip,training_upload_trigger_not_confirmed,1785296243.3356092,1785296243335609008,1384911552307515,21.8,53.359375,-1.0,0,0
2026-07-28T23:37:23.337,10.42.0.1,10.42.0.47,65,1,DOWNLOAD,0.95,DOWNLOAD,0.95,-1,4344,1.8310888581856462,29,86880.0,159085.0,11,18,0.35322098672575364,0.6467790132742464,0.017145346653080124,0,0,0,0,1,0,0,0,0.32,0.8500000000000001,0.0,0.0,0.15,skip,training_upload_trigger_not_confirmed,1785296243.3375762,1785296243337576212,1384911554274961,21.8,53.359375,-1.0,0,0
2026-07-28T23:37:23.338,10.42.0.1,10.42.0.47,65,1,DOWNLOAD,0.95,DOWNLOAD,0.95,-1,18824,1.5050045409775885,30,105704.0,159085.0,12,18,0.39920087314805375,0.6007991268519463,0.014985495452469492,0,0,0,0,1,0,0,0,0.32,0.8500000000000001,0.0,0.0,0.15,skip,training_upload_trigger_not_confirmed,1785296243.338331,1785296243338330944,1384911555029189,21.8,53.359375,-1.0,0,0
2026-07-28T23:37:23.339,10.42.0.1,10.42.0.47,65,1,DOWNLOAD,0.95,DOWNLOAD,0.95,-1,16920,1.297339835592565,31,122624.0,159085.0,13,18,0.4352860575984438,0.5647139424015563,0.013104916524605806,0,0,0,0,1,0,0,0,0.32,0.8500000000000001,0.0,0.0,0.15,skip,training_upload_trigger_not_confirmed,1785296243.3390453,1785296243339045439,1384911555743620,21.8,53.359375,-1.0,0,0
2026-07-28T23:37:23.339,10.42.0.1,10.42.0.47,65,1,DOWNLOAD,0.95,DOWNLOAD,0.95,-1,14480,1.1603235500046656,32,137104.0,159085.0,14,18,0.46289362535408135,0.5371063746459187,0.011469447982555994,0,0,0,0,1,0,0,0,0.30250000000000005,0.8000000000000002,0.0,0.0,0.15,skip,training_upload_trigger_not_confirmed,1785296243.339739,1785296243339739235,1384911556437317,21.8,53.359375,-1.0,0,0
2026-07-28T23:37:23.340,10.42.0.1,10.42.0.47,65,1,DOWNLOAD,0.95,DOWNLOAD,0.95,-1,14480,1.0494841144180818,33,151584.0,159085.0,15,18,0.4879276657793343,0.5120723342206657,0.0100492096815191,0,0,0,0,1,0,0,0,0.30250000000000005,0.8000000000000002,0.0,0.0,0.15,skip,training_upload_trigger_not_confirmed,1785296243.3404307,1785296243340430965,1384911557129272,21.8,53.359375,-1.0,0,0
2026-07-28T23:37:23.341,10.42.0.1,10.42.0.47,65,1,DOWNLOAD,0.95,DOWNLOAD,0.95,-1,14480,0.9579740341075852,34,166064.0,159085.0,16,18,0.5107320028663782,0.4892679971336218,0.008852409719412892,0,0,0,0,1,0,0,0,0.30250000000000005,0.8000000000000002,0.0,0.0,0.15,skip,training_upload_trigger_not_confirmed,1785296243.3413978,1785296243341397847,1384911558096032,21.8,53.359375,-1.0,0,0
2026-07-28T23:37:23.342,10.42.0.1,10.42.0.47,65,1,DOWNLOAD,0.95,DOWNLOAD,0.95,-1,21720,0.8471701529424915,35,187784.0,159085.0,17,18,0.5413686434936532,0.4586313565063468,0.007816899029461788,0,0,0,0,1,0,0,0,0.30250000000000005,0.8000000000000002,0.0,0.0,0.15,skip,training_upload_trigger_not_confirmed,1785296243.342392,1785296243342392116,1384911559090346,21.8,53.359375,-1.0,0,0
2026-07-28T23:37:23.343,10.42.0.1,10.42.0.47,65,1,DOWNLOAD,0.95,DOWNLOAD,0.95,-1,14024,0.7882987790385501,36,201808.0,159085.0,18,18,0.5591906742441666,0.4408093257558334,0.006975964551581714,0,0,0,0,1,0,0,0,0.28500000000000003,0.7500000000000001,0.0,0.0,0.15,skip,training_upload_trigger_not_confirmed,1785296243.3438272,1785296243343827293,1384911560526218,83.6,53.359375,-1.0,0,0
2026-07-28T23:37:23.345,10.42.0.210,10.42.0.47,64,1,DOWNLOAD,0.9836129987768853,DOWNLOAD,0.9836129987768853,-1,7240,6.799999999198895,35,7240.0,49232.0,1,34,0.1282051282051282,0.8717948717948718,0.027558539237108423,0,0,0,0,1,0,0,0,0.44,0.8500000000000001,0.0,0.6000000000000001,0.15,skip,training_upload_trigger_not_confirmed,1785296243.3452065,1785296243345206652,1384911561905001,83.6,53.359375,-1.0,0,0
2026-07-28T23:37:23.346,10.42.0.210,10.42.0.47,64,1,DOWNLOAD,0.95,DOWNLOAD,0.95,-1,7240,3.3999999998342543,36,14480.0,49232.0,2,34,0.22727272727272727,0.7727272727272727,0.024036454457025146,0,0,0,0,1,0,0,0,0.44,0.8500000000000001,0.0,0.6000000000000001,0.15,skip,training_upload_trigger_not_confirmed,1785296243.346037,1785296243346037103,1384911562736089,83.6,53.359375,-1.0,0,0
2026-07-28T23:37:23.346,10.42.0.1,10.42.0.47,65,1,DOWNLOAD,0.95,DOWNLOAD,0.95,-1,18824,0.7210422785465344,37,220632.0,159085.0,19,18,0.5810432506313913,0.4189567493686087,0.006460739342023198,0,0,0,0,1,0,0,0,0.28500000000000003,0.7500000000000001,0.0,0.0,0.15,skip,training_upload_trigger_not_confirmed,1785296243.3468933,1785296243346893344,1384911563591832,83.6,53.359375,-1.0,0,0
2026-07-28T23:37:23.348,10.42.0.1,10.42.0.47,65,1,DOWNLOAD,0.95,DOWNLOAD,0.95,-1,21720,0.6564212385304994,38,242352.0,159085.0,20,18,0.6037111676302882,0.3962888323697118,0.005757292350673893,0,0,0,0,1,0,0,0,0.28500000000000003,0.7500000000000001,0.0,0.0,0.15,skip,training_upload_trigger_not_confirmed,1785296243.3480158,1785296243348015891,1384911564714107,83.6,53.359375,-1.0,0,0
2026-07-28T23:37:23.349,10.42.0.1,10.42.0.47,65,1,DOWNLOAD,0.95,DOWNLOAD,0.95,-1,14024,0.620514400725417,39,256376.0,159085.0,21,18,0.6170880058537384,0.38291199414626165,0.005240291478054693,0,0,0,0,1,0,0,0,0.28500000000000003,0.7500000000000001,0.0,0.0,0.15,skip,training_upload_trigger_not_confirmed,1785296243.3498497,1785296243349849697,1384911566549101,83.6,53.359375,-1.0,0,0
2026-07-28T23:37:23.351,10.42.0.1,10.42.0.47,65,1,DOWNLOAD,0.95,DOWNLOAD,0.95,-1,10136,0.5969149606787052,40,266512.0,159085.0,22,18,0.6262074215748701,0.37379257842512986,0.004808069386041007,0,0,0,0,1,0,0,0,0.28500000000000003,0.7500000000000001,0.0,0.0,0.15,skip,training_upload_trigger_not_confirmed,1785296243.35181,1785296243351810007,1384911568510006,83.6,53.359375,-1.0,0,0
2026-07-28T23:37:23.353,10.42.0.18,10.42.0.47,48,1,DOWNLOAD,0.95,DOWNLOAD,0.95,-1,7300,1.3698630135109776e-10,1,7300.0,0.0,1,0,1.0,0.0,0.4571242604280196,0,0,0,0,0,0,0,0,0.0225,0.0,0.0,0.0,0.15,skip,training_upload_trigger_not_confirmed,1785296243.35345,1785296243353449969,1384911570149404,83.6,53.359375,-1.0,0,0
2026-07-28T23:37:23.354,10.42.0.18,10.42.0.47,48,1,DOWNLOAD,0.95,DOWNLOAD,0.95,-1,7300,6.84931506802402e-11,2,14600.0,0.0,2,0,1.0,0.0,0.39702453099217383,0,0,0,0,0,0,0,0,0.0225,0.0,0.0,0.0,0.15,skip,training_upload_trigger_not_confirmed,1785296243.354494,1785296243354494288,1384911571192845,83.6,53.359375,-1.0,0,0
2026-07-28T23:37:23.355,10.42.0.145,10.42.0.47,29,1,DOWNLOAD,0.95,DOWNLOAD,0.95,-1,14600,6.84931506802402e-11,1,14600.0,0.0,1,0,1.0,0.0,0.5810441469239263,0,0,0,0,0,0,0,0,0.0225,0.0,0.0,0.0,0.15,skip,already_attacked_this_round,1785296243.35575,1785296243355750179,1384911572448417,83.6,53.359375,-1.0,0,0
2026-07-28T23:37:23.356,10.42.0.145,10.42.0.47,29,1,DOWNLOAD,0.95,DOWNLOAD,0.95,-1,14600,3.424657534129292e-11,2,29200.0,0.0,2,0,1.0,0.0,0.5045764852753745,0,0,0,0,0,0,0,0,0.0225,0.0,0.0,0.0,0.15,skip,already_attacked_this_round,1785296243.3565023,1785296243356502392,1384911573200564,83.6,53.359375,-1.0,0,0
2026-07-28T23:37:23.357,10.42.0.1,10.42.0.47,65,1,DOWNLOAD,0.95,DOWNLOAD,0.95,-1,6784,0.5820977987252572,41,273296.0,159085.0,23,18,0.632072177084562,0.367927822915438,0.0049020860534122026,0,0,0,0,1,0,0,0,0.28500000000000003,0.7500000000000001,0.0,0.0,0.15,skip,training_upload_trigger_not_confirmed,1785296243.3573315,1785296243357331522,1384911574029935,83.6,53.359375,-1.0,0,0
2026-07-28T23:37:23.358,10.42.0.47,10.42.0.47,65,1,DOWNLOAD,0.95,DOWNLOAD,0.95,-1,7240,10.988259667128691,11,7240.0,79555.0,1,10,0.08341494325710007,0.9165850567428999,0.16194742781244548,0,0,0,0,0,0,0,0,0.057499999999999996,0.1,0.0,0.0,0.15,skip,training_upload_trigger_not_confirmed,1785296243.3587701,1785296243358770068,1384911575468400,83.6,53.359375,-1.0,0,0
2026-07-28T23:37:23.359,10.42.0.47,10.42.0.47,65,1,DOWNLOAD,0.9829981496648164,DOWNLOAD,0.9829981496648164,-1,7240,5.4941298339437745,12,14480.0,79555.0,2,10,0.15398521826979317,0.8460147817302068,0.14070230643259596,0,0,0,0,0,0,0,0,0.057499999999999996,0.1,0.0,0.0,0.15,skip,training_upload_trigger_not_confirmed,1785296243.3594942,1785296243359494053,1384911576192389,83.6,53.359375,-1.0,0,0
2026-07-28T23:37:23.360,10.42.0.1,10.42.0.47,65,1,DOWNLOAD,0.95,DOWNLOAD,0.95,-1,21720,0.5392419394217967,42,295016.0,159085.0,24,18,0.6496704477638234,0.3503295522361765,0.004633345969466456,0,0,0,0,1,0,0,0,0.28500000000000003,0.7500000000000001,0.0,0.0,0.15,skip,training_upload_trigger_not_confirmed,1785296243.3601942,1785296243360194382,1384911576892729,83.6,53.359375,-1.0,0,0
2026-07-28T23:37:23.361,10.42.0.18,10.42.0.47,48,1,DOWNLOAD,0.95,DOWNLOAD,0.95,-1,10220,4.029008863657171e-11,3,24820.0,0.0,3,0,1.0,0.0,0.3456867769939464,0,0,0,0,0,0,0,0,0.0225,0.0,0.0,0.0,0.15,skip,training_upload_trigger_not_confirmed,1785296243.3619306,1785296243361930494,1384911578629182,83.6,53.359375,-1.0,0,0
2026-07-28T23:37:23.363,10.42.0.18,10.42.0.47,48,1,DOWNLOAD,0.95,DOWNLOAD,0.95,-1,4380,3.424657534129292e-11,4,29200.0,0.0,4,0,1.0,0.0,0.3003994690558404,0,0,0,0,0,0,0,0,0.0225,0.0,0.0,0.0,0.15,skip,training_upload_trigger_not_confirmed,1785296243.3639445,1785296243363944519,1384911580643668,83.6,53.359375,-1.0,0,0
2026-07-28T23:37:23.364,10.42.0.18,10.42.0.47,48,1,DOWNLOAD,0.95,DOWNLOAD,0.95,-1,14600,2.2831050227789245e-11,5,43800.0,0.0,5,0,1.0,0.0,0.2609357600759519,0,0,0,0,0,0,0,0,0.0225,0.0,0.0,0.0,0.15,skip,training_upload_trigger_not_confirmed,1785296243.3648648,1785296243364864675,1384911581563209,83.6,53.359375,-1.0,0,0
2026-07-28T23:37:23.366,10.42.0.210,10.42.0.47,64,1,DOWNLOAD,0.9557926560077417,DOWNLOAD,0.9557926560077417,-1,18824,1.478260869550857,37,33304.0,49232.0,3,34,0.40350877192982454,0.5964912280701754,0.02351168207009239,0,0,0,0,1,0,0,0,0.32,0.8500000000000001,0.0,0.0,0.15,skip,training_upload_trigger_not_confirmed,1785296243.366091,1785296243366091118,1384911582789498,83.6,53.359375,-1.0,0,0
2026-07-28T23:37:23.367,10.42.0.210,10.42.0.47,64,1,DOWNLOAD,0.9846998846180315,DOWNLOAD,0.9846998846180315,-1,1448,1.416666666654677,38,34752.0,49232.0,4,34,0.41379310344827586,0.5862068965517241,0.020561481828350787,0,0,0,0,1,0,0,0,0.32,0.8500000000000001,0.0,0.0,0.15,skip,training_upload_trigger_not_confirmed,1785296243.3672144,1785296243367214416,1384911583914181,83.6,53.359375,-1.0,0,0
2026-07-28T23:37:23.368,10.42.0.210,10.42.0.47,64,1,DOWNLOAD,0.9854895428954357,DOWNLOAD,0.9854895428954357,-1,14480,1.0,39,49232.0,49232.0,5,34,0.5,0.5,0.018004095511409385,0,0,0,0,1,0,0,0,0.30250000000000005,0.8000000000000002,0.0,0.0,0.15,skip,training_upload_trigger_not_confirmed,1785296243.3683686,1785296243368368599,1384911585066899,83.6,53.359375,-1.0,0,0
2026-07-28T23:37:23.369,10.42.0.210,,64,1,DOWNLOAD,0.9855083405864443,DOWNLOAD,0.9855083405864443,-1,992,0.9802484867796223,40,50224.0,49232.0,6,34,0.50498712998713,0.49501287001287003,0.01576023855910474,0,0,0,0,1,0,0,0,0.30250000000000005,0.8000000000000002,0.0,0.0,0.15,skip,training_upload_trigger_not_confirmed,1785296243.3693447,1785296243369344781,1384911586042957,83.6,53.359375,-1.0,0,0
2026-07-28T23:37:23.370,10.42.0.145,,29,1,DOWNLOAD,0.95,DOWNLOAD,0.95,-1,29200,1.7123287670939668e-11,3,58400.0,0.0,3,0,1.0,0.0,0.43995263671300733,0,0,0,0,0,0,0,0,0.0225,0.0,0.0,0.0,0.15,skip,already_attacked_this_round,1785296243.3706663,1785296243370666159,1384911587364310,83.6,53.359375,-1.0,0,0
2026-07-28T23:37:23.371,10.42.0.145,,29,1,DOWNLOAD,0.95,DOWNLOAD,0.95,-1,6184,1.5483711135645304e-11,4,64584.0,0.0,4,0,1.0,0.0,0.3820832974468873,0,0,0,0,0,0,0,0,0.0225,0.0,0.0,0.0,0.15,skip,already_attacked_this_round,1785296243.3714645,1785296243371464351,1384911588162673,83.6,53.359375,-1.0,0,0
2026-07-28T23:37:23.374,10.42.0.47,,65,1,DOWNLOAD,0.9842257140988042,DOWNLOAD,0.9842257140988042,-1,2896,2.578441528454279,8,17376.0,44803.0,3,5,0.2794512616799884,0.7205487383200115,0.12413881387276263,0,0,0,0,0,0,0,0,0.057499999999999996,0.1,0.0,0.0,0.15,skip,training_upload_trigger_not_confirmed,1785296243.3745008,1785296243374500845,1384911591199283,83.6,53.359375,-1.0,0,0
2026-07-28T23:37:23.375,10.42.0.47,,65,1,DOWNLOAD,0.9842586901286671,DOWNLOAD,0.9842586901286671,-1,8688,1.7189610190024953,9,26064.0,44803.0,4,5,0.36778754568416894,0.6322124543158311,0.10787621668522555,0,0,0,0,0,0,0,0,0.057499999999999996,0.1,0.0,0.0,0.15,skip,training_upload_trigger_not_confirmed,1785296243.3752272,1785296243375227252,1384911591925538,83.6,53.359375,-1.0,0,0
2026-07-28T23:37:23.375,10.42.0.47,,65,1,DOWNLOAD,0.9842595481342594,DOWNLOAD,0.9842595481342594,-1,8688,1.0392207642714313,9,34752.0,36115.0,5,4,0.4903833942455586,0.5096166057544415,0.09375369277739279,0,0,0,0,0,0,0,0,0.039999999999999994,0.05,0.0,0.0,0.15,skip,training_upload_trigger_not_confirmed,1785296243.3759315,1785296243375931505,1384911592629764,83.6,53.359375,-1.0,0,0
2026-07-28T23:37:23.377,10.42.0.18,,48,1,DOWNLOAD,0.9511801632154964,DOWNLOAD,0.9511801632154964,-1,14600,1.7123287670939668e-11,6,58400.0,0.0,6,0,1.0,0.0,0.2282105917003926,0,0,0,0,0,0,0,0,0.0225,0.0,0.0,0.0,0.15,skip,training_upload_trigger_not_confirmed,1785296243.3774583,1785296243377458506,1384911594156797,83.6,53.359375,-1.0,0,0
2026-07-28T23:37:23.378,10.42.0.18,,48,1,DOWNLOAD,0.962071779788797,DOWNLOAD,0.962071779788797,-1,5840,1.556662515542393e-11,7,64240.0,0.0,7,0,1.0,0.0,0.19826399496877845,0,0,0,0,0,0,0,0,0.0225,0.0,0.0,0.0,0.15,skip,training_upload_trigger_not_confirmed,1785296243.3784125,1785296243378412542,1384911595110742,83.6,53.359375,-1.0,0,0
2026-07-28T23:37:23.379,10.42.0.59,,25,1,DOWNLOAD,0.95,DOWNLOAD,0.95,-1,2920,3.4246575330737476e-10,1,2920.0,0.0,1,0,1.0,0.0,0.801395641881337,0,0,0,0,0,0,0,0,0.0225,0.0,0.0,0.0,0.15,skip,training_upload_trigger_not_confirmed,1785296243.3793457,1785296243379345741,1384911596044182,83.6,53.359375,-1.0,0,0
2026-07-28T23:37:23.381,10.42.0.18,,48,1,DOWNLOAD,0.9692095139280316,DOWNLOAD,0.9692095139280316,-1,14600,1.2683916793344953e-11,8,78840.0,0.0,8,0,1.0,0.0,0.1724799358918364,0,0,0,0,0,0,0,0,0.0225,0.0,0.0,0.0,0.15,skip,training_upload_trigger_not_confirmed,1785296243.3810084,1785296243381008383,1384911597706520,83.6,53.359375,-1.0,0,0
2026-07-28T23:37:23.384,10.42.0.59,,25,1,DOWNLOAD,0.95,DOWNLOAD,0.95,-1,14600,5.70776255675184e-11,2,17520.0,0.0,2,0,1.0,0.0,0.6964196896614256,0,0,0,0,0,0,0,0,0.0225,0.0,0.0,0.0,0.15,skip,training_upload_trigger_not_confirmed,1785296243.3841078,1785296243384107834,1384911600806122,83.6,53.359375,-1.0,0,0
2026-07-28T23:37:23.384,10.42.0.59,,25,1,DOWNLOAD,0.95,DOWNLOAD,0.95,-1,11680,3.424657534129292e-11,3,29200.0,0.0,3,0,1.0,0.0,0.6047517131581672,0,0,0,0,0,0,0,0,0.0225,0.0,0.0,0.0,0.15,skip,training_upload_trigger_not_confirmed,1785296243.3848846,1785296243384884537,1384911601582715,83.6,53.359375,-1.0,0,0
2026-07-28T23:37:23.389,10.42.0.1,,65,1,DOWNLOAD,0.8330041347694362,DOWNLOAD,0.8330041347694362,0,39,0.4950680641067092,40,295016.0,146053.0,24,16,0.6688658690590361,0.3311341309409639,0.004469891446425669,0,0,0,0,1,0,0,0,0.28500000000000003,0.7500000000000001,0.0,0.0,0.15,skip,training_upload_trigger_not_confirmed,1785296243.3895135,1785296243389513519,1384911606211819,83.6,53.359375,-1.0,0,0
2026-07-28T23:37:23.390,10.42.0.47,,65,1,DOWNLOAD,0.9842595696464124,DOWNLOAD,0.9842595696464124,-1,8688,2.3020257826357728e-11,6,43440.0,0.0,6,0,1.0,0.0,0.08328468136872438,0,0,0,0,0,0,0,0,0.0225,0.0,0.0,0.0,0.15,skip,training_upload_trigger_not_confirmed,1785296243.3902388,1785296243390238611,1384911606936788,83.6,53.359375,-1.0,0,0
2026-07-28T23:37:23.393,10.42.0.47,,65,1,DOWNLOAD,0.9842595701605352,DOWNLOAD,0.9842595701605352,-1,11584,1.8173887757738915e-11,7,55024.0,0.0,7,0,1.0,0.0,0.07269710718406369,0,0,0,0,0,0,0,0,0.0225,0.0,0.0,0.0,0.15,skip,training_upload_trigger_not_confirmed,1785296243.3931773,1785296243393177411,1384911609875799,83.6,53.359375,-1.0,0,0
2026-07-28T23:37:23.393,10.42.0.47,,65,1,DOWNLOAD,0.9842595701720059,DOWNLOAD,0.9842595701720059,-1,17376,1.3812154695941821e-11,8,72400.0,0.0,8,0,1.0,0.0,0.06321748634645531,0,0,0,0,0,0,0,0,0.0225,0.0,0.0,0.0,0.15,skip,training_upload_trigger_not_confirmed,1785296243.3939362,1785296243393936078,1384911610634303,83.6,53.359375,-1.0,0,0
2026-07-28T23:37:23.395,10.42.0.18,,48,1,DOWNLOAD,0.9735177782069966,DOWNLOAD,0.9735177782069966,-1,344,1.2628813901638856e-11,9,79184.0,0.0,9,0,1.0,0.0,0.15161856206030494,0,0,0,0,0,0,0,0,0.0225,0.0,0.0,0.0,0.15,skip,training_upload_trigger_not_confirmed,1785296243.3951771,1785296243395177114,1384911611876285,83.6,53.359375,-1.0,0,0
2026-07-28T23:37:23.397,10.42.0.47,,65,1,DOWNLOAD,0.9842595701722343,DOWNLOAD,0.9842595701722343,-1,6784,1.2628813901638856e-11,9,79184.0,0.0,9,0,1.0,0.0,0.05536656068688163,0,0,0,0,0,0,0,0,0.0225,0.0,0.0,0.0,0.15,skip,training_upload_trigger_not_confirmed,1785296243.3975751,1785296243397575176,1384911614273993,83.6,53.359375,-1.0,0,0
2026-07-28T23:37:23.399,10.42.0.59,,25,1,DOWNLOAD,0.95,DOWNLOAD,0.95,-1,24820,1.8511662346936104e-11,4,54020.0,0.0,4,0,1.0,0.0,0.5269857322541838,0,0,0,0,0,0,0,0,0.0225,0.0,0.0,0.0,0.15,skip,training_upload_trigger_not_confirmed,1785296243.3994918,1785296243399491744,1384911616190623,83.6,53.359375,-1.0,0,0
2026-07-28T23:37:23.400,10.42.0.59,,25,1,DOWNLOAD,0.958179307371963,DOWNLOAD,0.958179307371963,-1,12054,1.513454611473296e-11,5,66074.0,0.0,5,0,1.0,0.0,0.4576415266472727,0,0,0,0,0,0,0,0,0.0225,0.0,0.0,0.0,0.15,skip,training_upload_trigger_not_confirmed,1785296243.4002435,1785296243400243471,1384911616941796,83.6,53.359375,-1.0,0,0
2026-07-28T23:37:23.443,10.42.0.1,,65,1,DOWNLOAD,0.9118934388143163,DOWNLOAD,0.9118934388143163,0,39,0.2696226645359247,33,295016.0,79543.0,24,9,0.7876355927904549,0.21236440720954508,0.0083823706406439,0,0,0,0,0,0,0,0,0.0225,0.0,0.0,0.0,0.15,skip,training_upload_trigger_not_confirmed,1785296243.4432042,1785296243443204204,1384911659903107,83.6,53.359375,-1.0,0,0
2026-07-28T23:37:23.585,10.42.0.1,,65,1,DOWNLOAD,0.9216755394261478,DOWNLOAD,0.9216755394261478,0,39,0.2696226645359247,33,295016.0,79543.0,24,9,0.7876355927904549,0.21236440720954508,0.012521334465552827,0,0,0,0,0,0,0,0,0.0225,0.0,0.0,0.0,0.15,skip,training_upload_trigger_not_confirmed,1785296243.585727,1785296243585726913,1384911802425746,83.6,53.359375,-1.0,0,0
2026-07-28T23:37:23.703,10.42.0.59,,25,2,TRAINING,0.95,TRAINING,0.95,1,64240,0.9722432424255799,6,66074.0,64240.0,5,1,0.5070368494559295,0.49296315054407047,0.42869764748860506,0,0,0,0,1,0,0,0,0.4525,1.0,0.0,0.4,0.15,skip,training_upload_trigger_not_confirmed,1785296243.7033675,1785296243703367471,1384911920066801,83.6,53.359375,-1.0,0,0
2026-07-28T23:37:23.705,10.42.0.59,,25,3,UPLOAD,0.95,UPLOAD,0.95,1,689,0.9826709446986309,7,66074.0,64929.0,5,2,0.5043701289283452,0.49562987107165485,0.372435841675917,0,0,0,1,1,1,1,1,0.85,1.0,1.0,0.4,0.8,trigger,training_upload_trigger_confirmed,1785296243.7051098,1785296243705109765,1384911921808789,83.6,53.359375,22.710803,1785296243727822322,1384911944519592
2026-07-28T23:37:23.706,10.42.0.1,,65,2,TRAINING,0.95,TRAINING,0.95,1,7240,0.29416370637763994,34,295016.0,86783.0,24,10,0.7726997713456557,0.2273002286543443,0.026758094523745196,0,0,0,0,1,0,0,0,0.4525,1.0,0.0,0.4,0.15,skip,training_upload_trigger_not_confirmed,1785296243.7062871,1785296243706287118,1384911922985767,83.6,53.359375,-1.0,0,0
2026-07-28T23:37:23.707,10.42.0.1,10.42.0.1,65,3,UPLOAD,0.95,UPLOAD,0.95,1,7240,0.3187047482193552,35,295016.0,94023.0,24,11,0.7583198599626259,0.24168014003737415,0.023391127541503295,1,0,0,1,1,1,1,1,0.85,1.0,1.0,0.4,0.8,trigger,training_upload_trigger_confirmed,1785296243.7074943,1785296243707494244,1384911924193072,83.6,53.359375,33.517037,1785296243741012826,1384911957710109
2026-07-28T23:37:23.709,10.42.0.145,10.42.0.1,29,2,TRAINING,0.95,TRAINING,0.95,1,64240,0.994673603369338,5,64584.0,64240.0,4,1,0.5013351549400733,0.4986648450599267,0.37143143584963206,0,0,0,0,1,0,0,0,0.5325,1.0,0.0,0.8,0.15,skip,already_attacked_this_round,1785296243.7096043,1785296243709604255,1384911926303175,83.6,53.359375,-1.0,0,0
2026-07-28T23:37:23.711,10.42.0.1,10.42.0.1,65,3,UPLOAD,0.95,UPLOAD,0.95,1,14480,0.3677868319027856,36,295016.0,108503.0,24,12,0.7311080766952733,0.26889192330472667,0.02086759688077979,1,0,1,1,1,1,1,1,0.9699999999999999,1.0,1.0,1.0,0.8,skip,attack_already_active,1785296243.711735,1785296243711735150,1384911928434291,83.6,53.359375,-1.0,0,0
2026-07-28T23:37:23.712,10.42.0.1,10.42.0.1,65,3,UPLOAD,0.95,UPLOAD,0.95,1,14480,0.4168689155862161,37,295016.0,122983.0,24,13,0.70578159277893,0.2942184072210699,0.018269589658082185,1,0,1,1,1,1,1,1,0.9699999999999999,1.0,1.0,1.0,0.8,skip,attack_already_active,1785296243.712887,1785296243712887155,1384911929586052,83.6,53.359375,-1.0,0,0
2026-07-28T23:37:23.713,10.42.0.145,10.42.0.1,29,3,UPLOAD,0.95,UPLOAD,0.95,1,3610,1.0505698005690174,6,64584.0,67850.0,4,2,0.4876693296283432,0.5123306703716568,0.3230640860213141,0,0,0,1,1,1,1,1,0.9299999999999999,1.0,1.0,0.8,0.8,skip,already_attacked_this_round,1785296243.7139893,1785296243713989431,1384911930687972,83.6,53.359375,-1.0,0,0
2026-07-28T23:37:23.715,10.42.0.1,10.42.0.1,65,3,UPLOAD,0.95,UPLOAD,0.95,1,7240,0.4414099574279313,38,295016.0,130223.0,24,14,0.693765153243235,0.30623484675676504,0.01621330879536016,1,0,1,1,1,1,1,1,0.9699999999999999,1.0,1.0,1.0,0.8,skip,attack_already_active,1785296243.715552,1785296243715552024,1384911932250675,83.6,53.359375,-1.0,0,0
2026-07-28T23:37:23.716,10.42.0.1,10.42.0.1,65,3,UPLOAD,0.95,UPLOAD,0.95,1,7240,0.46595099926964656,39,295016.0,137463.0,24,15,0.6821510408597874,0.3178489591402126,0.014217904551474,1,0,1,1,1,1,1,1,0.9699999999999999,1.0,1.0,1.0,0.8,skip,attack_already_active,1785296243.7166228,1785296243716622882,1384911933321556,83.6,53.359375,-1.0,0,0
2026-07-28T23:37:23.718,10.42.0.1,10.42.0.1,65,3,UPLOAD,0.95,UPLOAD,0.95,1,14480,0.515033082953077,40,295016.0,151943.0,24,16,0.6600515930991433,0.3399484069008567,0.012631283591476958,1,0,1,1,1,1,1,1,0.9699999999999999,1.0,1.0,1.0,0.8,skip,attack_already_active,1785296243.7188003,1785296243718800317,1384911935499758,83.6,53.359375,-1.0,0,0
2026-07-28T23:37:23.719,10.42.0.1,10.42.0.1,65,3,UPLOAD,0.95,UPLOAD,0.95,1,14480,0.5641151666365075,41,295016.0,166423.0,24,17,0.6393391109117348,0.3606608890882652,0.011119177691914285,1,0,1,1,1,1,1,1,0.9699999999999999,1.0,1.0,1.0,0.8,skip,attack_already_active,1785296243.7199566,1785296243719956651,1384911936655048,83.6,53.359375,-1.0,0,0
2026-07-28T23:37:23.721,10.42.0.1,10.42.0.1,65,3,UPLOAD,0.95,UPLOAD,0.95,1,7129,0.5882799576986052,42,295016.0,173552.0,24,18,0.6296119239896877,0.37038807601031226,0.009865205104554558,1,0,1,1,1,1,1,1,0.9699999999999999,1.0,1.0,1.0,0.8,skip,attack_already_active,1785296243.7215598,1785296243721559724,1384911938258385,83.6,53.359375,-1.0,0,0
2026-07-28T23:37:23.723,10.42.0.1,10.42.0.1,65,3,UPLOAD,0.95,UPLOAD,0.95,1,10136,0.6226374162770065,43,295016.0,183688.0,24,19,0.6162806243524181,0.3837193756475818,0.00887100929093343,1,0,1,1,1,1,1,1,0.9699999999999999,1.0,1.0,1.0,0.8,skip,attack_already_active,1785296243.7238803,1785296243723880127,1384911940579344,83.6,53.359375,-1.0,0,0
2026-07-28T23:37:23.725,10.42.0.1,10.42.0.1,65,3,UPLOAD,0.95,UPLOAD,0.95,1,4344,0.6373620413820357,44,295016.0,188032.0,24,20,0.6107384773355857,0.38926152266441433,0.007862265910223014,1,0,1,1,1,1,1,1,0.9699999999999999,1.0,1.0,1.0,0.8,skip,attack_already_active,1785296243.7250962,1785296243725096111,1384911941794622,83.6,53.359375,-1.0,0,0
2026-07-28T23:37:23.727,10.42.0.1,10.42.0.1,65,3,UPLOAD,0.95,UPLOAD,0.95,1,14480,0.6864441250654661,45,295016.0,202512.0,24,21,0.5929636120982136,0.4070363879017864,0.007161444525217499,1,0,1,1,1,1,1,1,0.9699999999999999,1.0,1.0,1.0,0.8,skip,attack_already_active,1785296243.7276402,1785296243727640056,1384911944339136,83.6,53.359375,-1.0,0,0
2026-07-28T23:37:23.731,10.42.0.1,10.42.0.1,65,3,UPLOAD,0.95,UPLOAD,0.95,1,18824,0.7502508338539258,46,295016.0,221336.0,24,22,0.5713466782350025,0.42865332176499754,0.0066812510833504975,1,0,1,1,1,1,1,1,0.9699999999999999,1.0,1.0,1.0,0.8,skip,attack_already_active,1785296243.7311575,1785296243731157538,1384911947856161,83.6,53.359375,-1.0,0,0
2026-07-28T23:37:23.732,10.42.0.1,10.42.0.1,65,3,UPLOAD,0.95,UPLOAD,0.95,1,10136,0.784608292432327,47,295016.0,231472.0,24,23,0.560347054443786,0.439652945556214,0.006008376654522519,1,0,1,1,1,1,1,1,0.9699999999999999,1.0,1.0,1.0,0.8,skip,attack_already_active,1785296243.7327325,1785296243732732533,1384911949430992,83.6,53.359375,-1.0,0,0
2026-07-28T23:37:23.734,10.42.0.1,10.42.0.1,65,3,UPLOAD,0.95,UPLOAD,0.95,1,7130,0.808776473141088,48,295016.0,238602.0,24,24,0.5528599110224918,0.44714008897750823,0.005419048846611631,1,0,1,1,1,1,1,1,0.9699999999999999,1.0,1.0,1.0,0.8,skip,attack_already_active,1785296243.7342687,1785296243734268704,1384911950966911,83.6,53.359375,-1.0,0,0
2026-07-28T23:37:23.751,10.42.0.1,10.42.0.1,65,3,UPLOAD,0.95,UPLOAD,0.95,1,1338,0.8133118203764769,49,295016.0,239940.0,24,25,0.5514771308294514,0.4485228691705486,0.006929000086701333,1,0,1,1,1,1,1,1,0.9699999999999999,1.0,1.0,1.0,0.8,skip,attack_already_active,1785296243.7511463,1785296243751146261,1384911967845270,83.6,53.359375,-1.0,0,0
2026-07-28T23:37:23.843,10.42.0.18,10.42.0.1,48,2,TRAINING,0.95,TRAINING,0.95,1,17520,0.2212568195693416,10,79184.0,17520.0,9,1,0.8188285903375249,0.1811714096624752,0.1706706462823824,0,0,0,0,1,1,0,0,0.5725,1.0,0.0,1.0,0.15,skip,training_upload_trigger_not_confirmed,1785296243.8433485,1785296243843348576,1384912060047585,83.6,53.359375,-1.0,0,0
2026-07-28T23:37:23.846,10.42.0.18,10.42.0.1,48,3,UPLOAD,0.95,UPLOAD,0.95,1,39420,0.7190846635719453,11,79184.0,56940.0,9,2,0.5817049161059035,0.4182950838940966,0.14858816010233628,0,0,0,1,1,1,1,1,0.9699999999999999,1.0,1.0,1.0,0.8,trigger,training_upload_trigger_confirmed,1785296243.8464413,1785296243846441207,1384912063140559,83.6,53.359375,16.884407,1785296243863327639,1384912080024966
2026-07-28T23:37:23.848,10.42.0.18,10.42.0.1,48,3,UPLOAD,0.9841010226033655,UPLOAD,0.9841010226033655,1,22589,1.0043569407960653,12,79184.0,79529.0,9,3,0.49891313250962427,0.5010868674903757,0.12925525839951793,0,0,1,1,1,1,1,1,0.9699999999999999,1.0,1.0,1.0,0.8,skip,attack_already_active,1785296243.8483174,1785296243848317411,1384912065016276,83.6,53.359375,-1.0,0,0
2026-07-28T23:37:23.850,10.42.0.1,10.42.0.1,65,3,UPLOAD,0.95,UPLOAD,0.95,1,7240,0.8378528622181921,50,295016.0,247180.0,24,26,0.5441131989169968,0.45588680108300317,0.019059310698781654,1,0,1,1,1,1,1,1,0.9699999999999999,1.0,1.0,1.0,0.8,skip,attack_already_active,1785296243.850129,1785296243850129004,1384912066827726,83.6,53.359375,-1.0,0,0
2026-07-28T23:37:23.851,10.42.0.1,10.42.0.1,65,3,UPLOAD,0.95,UPLOAD,0.95,1,7240,0.8623939040599072,51,295016.0,254420.0,24,27,0.5369433382595972,0.4630566617404029,0.016703799369668534,1,0,1,1,1,1,1,1,0.9699999999999999,1.0,1.0,1.0,0.8,skip,attack_already_active,1785296243.8513129,1785296243851312776,1384912068011268,83.6,53.359375,-1.0,0,0
2026-07-28T23:37:23.852,10.42.0.1,10.42.0.1,65,3,UPLOAD,0.95,UPLOAD,0.95,1,10136,0.8967513626383086,52,295016.0,264556.0,24,28,0.5272172303117383,0.4727827696882617,0.014720136888701966,1,0,1,1,1,1,1,1,0.9699999999999999,1.0,1.0,1.0,0.8,skip,attack_already_active,1785296243.8529632,1785296243852963453,1384912069661733,83.6,53.359375,-1.0,0,0
2026-07-28T23:37:23.853,10.42.0.1,10.42.0.1,65,3,UPLOAD,0.95,UPLOAD,0.95,1,4344,0.9114759877433377,53,295016.0,268900.0,24,29,0.5231559310251882,0.47684406897481185,0.012900162109610903,1,0,1,1,1,1,1,1,0.9699999999999999,1.0,1.0,1.0,0.8,skip,attack_already_active,1785296243.853872,1785296243853872138,1384912070570594,83.6,53.359375,-1.0,0,0
2026-07-28T23:37:23.854,10.42.0.1,10.42.0.1,65,3,UPLOAD,0.95,UPLOAD,0.95,1,14480,0.9605580714267682,54,295016.0,283380.0,24,30,0.510058852412534,0.48994114758746604,0.011343450981522563,1,0,1,1,1,1,1,1,0.9699999999999999,1.0,1.0,1.0,0.8,skip,attack_already_active,1785296243.8549588,1785296243854958753,1384912071657123,83.6,53.359375,-1.0,0,0
2026-07-28T23:37:23.856,10.42.0.1,10.42.0.1,65,3,UPLOAD,0.95,UPLOAD,0.95,1,14480,1.0096401551101986,55,295016.0,297860.0,24,31,0.49760152207206904,0.502398477927931,0.010045881286281705,1,0,1,1,1,1,1,1,0.9699999999999999,1.0,1.0,1.0,0.8,skip,attack_already_active,1785296243.8564553,1785296243856455375,1384912073153778,83.6,53.359375,-1.0,0,0
2026-07-28T23:37:23.857,10.42.0.1,10.42.0.1,65,3,UPLOAD,0.95,UPLOAD,0.95,1,5792,1.0292729885835707,56,295016.0,303652.0,24,32,0.4927873211863671,0.507212678813633,0.008819296304380811,1,0,1,1,1,1,1,1,0.9699999999999999,1.0,1.0,1.0,0.8,skip,attack_already_active,1785296243.857193,1785296243857192899,1384912073891148,83.6,53.359375,-1.0,0,0
2026-07-28T23:37:23.859,10.42.0.1,10.42.0.1,65,3,UPLOAD,0.95,UPLOAD,0.95,1,8688,1.058722238793629,57,295016.0,312340.0,24,33,0.4857381832072129,0.5142618167927872,0.007941340757436625,1,0,1,1,1,1,1,1,0.9699999999999999,1.0,1.0,1.0,0.8,skip,attack_already_active,1785296243.8593497,1785296243859349829,1384912076048266,83.6,53.359375,-1.0,0,0
2026-07-28T23:37:23.860,10.42.0.1,10.42.0.1,65,3,UPLOAD,0.95,UPLOAD,0.95,1,7129,1.082887029855727,58,295016.0,319469.0,24,34,0.4801028503543618,0.5198971496456383,0.007000908798098686,1,0,1,1,1,1,1,1,0.9699999999999999,1.0,1.0,1.0,0.8,skip,attack_already_active,1785296243.8601544,1785296243860154273,1384912076852570,83.6,53.359375,-1.0,0,0
2026-07-28T23:37:24.995,10.42.0.210,10.42.0.1,64,3,UPLOAD,0.95,UPLOAD,0.95,1,1448,100.0,1,0.0,1448.0,0,1,0.0,1.0,0.25562029347051485,0,0,0,1,1,1,1,1,0.9525,0.95,1.0,1.0,0.8,trigger,training_upload_trigger_confirmed,1785296244.9956586,1785296244995658837,1384913212358009,7.3,53.359375,11.230308,1785296245006890940,1384913223588317
2026-07-28T23:37:24.998,10.42.0.210,10.42.0.1,64,3,UPLOAD,0.9841010226033655,UPLOAD,0.9841010226033655,1,1448,100.0,2,0.0,2896.0,0,2,0.0,1.0,0.22227983517089167,0,0,1,1,1,1,1,1,0.9699999999999999,1.0,1.0,1.0,0.8,skip,attack_already_active,1785296244.9982674,1785296244998267441,1384913214969192,7.3,53.359375,-1.0,0,0
2026-07-28T23:37:25.000,10.42.0.210,10.42.0.1,64,3,UPLOAD,0.9854688349332961,UPLOAD,0.9854688349332961,1,1448,100.0,3,0.0,4344.0,0,3,0.0,1.0,0.19323754024859363,0,0,1,1,1,1,1,1,0.9699999999999999,1.0,1.0,1.0,0.8,skip,attack_already_active,1785296245.0001533,1785296245000153240,1384913216852459,7.3,53.359375,-1.0,0,0
2026-07-28T23:37:25.001,10.42.0.210,10.42.0.1,64,3,UPLOAD,0.9855076450773014,UPLOAD,0.9855076450773014,1,1448,100.0,4,0.0,5792.0,0,4,0.0,1.0,0.16798203251811092,0,0,1,1,1,1,1,1,0.9699999999999999,1.0,1.0,1.0,0.8,skip,attack_already_active,1785296245.0017338,1785296245001733914,1384913218434136,7.3,53.359375,-1.0,0,0
2026-07-28T23:37:25.003,10.42.0.210,10.42.0.1,64,3,UPLOAD,0.9855086980780915,UPLOAD,0.9855086980780915,1,1448,100.0,5,0.0,7240.0,0,5,0.0,1.0,0.1460627558654734,0,0,1,1,1,1,1,1,0.9699999999999999,1.0,1.0,1.0,0.8,skip,attack_already_active,1785296245.0033765,1785296245003376441,1384913220075100,20.0,53.359375,-1.0,0,0
2026-07-28T23:37:25.004,10.42.0.210,10.42.0.1,64,3,UPLOAD,0.9855087254685951,UPLOAD,0.9855087254685951,1,1448,100.0,6,0.0,8688.0,0,6,0.0,1.0,0.12695569285704045,0,0,1,1,1,1,1,1,0.9699999999999999,1.0,1.0,1.0,0.8,skip,attack_already_active,1785296245.004441,1785296245004441094,1384913221139684,20.0,53.359375,-1.0,0,0
2026-07-28T23:37:25.005,10.42.0.210,10.42.0.1,64,3,UPLOAD,0.9855087261493067,UPLOAD,0.9855087261493067,1,1448,100.0,7,0.0,10136.0,0,7,0.0,1.0,0.11042966489963424,0,0,1,1,1,1,1,1,0.9699999999999999,1.0,1.0,1.0,0.8,skip,attack_already_active,1785296245.0059853,1785296245005985257,1384913222684048,20.0,53.359375,-1.0,0,0
2026-07-28T23:37:25.007,10.42.0.210,10.42.0.1,64,3,UPLOAD,0.9855087261653082,UPLOAD,0.9855087261653082,1,1448,100.0,8,0.0,11584.0,0,8,0.0,1.0,0.0960199871558992,0,0,1,1,1,1,1,1,0.9699999999999999,1.0,1.0,1.0,0.8,skip,attack_already_active,1785296245.0070639,1785296245007063744,1384913223762191,20.0,53.359375,-1.0,0,0
2026-07-28T23:37:25.008,10.42.0.210,10.42.0.1,64,3,UPLOAD,0.985508726165656,UPLOAD,0.985508726165656,1,1448,100.0,9,0.0,13032.0,0,9,0.0,1.0,0.083565154411956,0,0,1,1,1,1,1,1,0.9699999999999999,1.0,1.0,1.0,0.8,skip,attack_already_active,1785296245.0085676,1785296245008567629,1384913225266640,20.0,53.359375,-1.0,0,0
2026-07-28T23:37:25.009,10.42.0.210,10.42.0.1,64,3,UPLOAD,0.9855087261656625,UPLOAD,0.9855087261656625,1,1448,100.0,10,0.0,14480.0,0,10,0.0,1.0,0.07269754398579613,0,0,1,1,1,1,1,1,0.9699999999999999,1.0,1.0,1.0,0.8,skip,attack_already_active,1785296245.0096614,1785296245009661406,1384913226360352,20.0,53.359375,-1.0,0,0
2026-07-28T23:37:25.011,10.42.0.210,10.42.0.1,64,3,UPLOAD,0.95,UPLOAD,0.95,1,1448,100.0,11,0.0,15928.0,0,11,0.0,1.0,0.06335814464426102,0,0,1,1,1,1,1,1,0.9699999999999999,1.0,1.0,1.0,0.8,skip,attack_already_active,1785296245.0114849,1785296245011484912,1384913228184596,20.0,53.359375,-1.0,0,0
2026-07-28T23:37:25.013,10.42.0.210,10.42.0.1,64,3,UPLOAD,0.95,UPLOAD,0.95,1,1448,100.0,12,0.0,17376.0,0,12,0.0,1.0,0.05521324675093682,0,0,1,1,1,1,1,1,0.9699999999999999,1.0,1.0,1.0,0.8,skip,attack_already_active,1785296245.0130336,1785296245013033738,1384913229733409,20.0,53.359375,-1.0,0,0
2026-07-28T23:37:25.014,10.42.0.210,10.42.0.1,64,3,UPLOAD,0.95,UPLOAD,0.95,1,1448,100.0,13,0.0,18824.0,0,13,0.0,1.0,0.04817079387376874,0,0,1,1,1,1,1,1,0.9699999999999999,1.0,1.0,1.0,0.8,skip,attack_already_active,1785296245.0148036,1785296245014803654,1384913231502558,20.0,53.359375,-1.0,0,0
2026-07-28T23:37:25.016,10.42.0.210,10.42.0.1,64,3,UPLOAD,0.95,UPLOAD,0.95,1,1448,100.0,14,0.0,20272.0,0,14,0.0,1.0,0.042002758259824045,0,0,1,1,1,1,1,1,0.9699999999999999,1.0,1.0,1.0,0.8,skip,attack_already_active,1785296245.016167,1785296245016166816,1384913232866737,20.0,53.359375,-1.0,0,0
2026-07-28T23:37:25.018,10.42.0.210,10.42.0.1,64,3,UPLOAD,0.95,UPLOAD,0.95,1,1448,100.0,15,0.0,21720.0,0,15,0.0,1.0,0.03673365899694494,0,0,1,1,1,1,1,1,0.9699999999999999,1.0,1.0,1.0,0.8,skip,attack_already_active,1785296245.018184,1785296245018183852,1384913234882425,20.0,53.359375,-1.0,0,0
2026-07-28T23:37:25.019,10.42.0.210,10.42.0.1,64,3,UPLOAD,0.95,UPLOAD,0.95,1,1448,100.0,16,0.0,23168.0,0,16,0.0,1.0,0.03204308765320556,0,0,1,1,1,1,1,1,0.9699999999999999,1.0,1.0,1.0,0.8,skip,attack_already_active,1785296245.0193222,1785296245019322160,1384913236021333,20.0,53.359375,-1.0,0,0
2026-07-28T23:37:25.020,10.42.0.210,10.42.0.1,64,3,UPLOAD,0.95,UPLOAD,0.95,1,1448,100.0,17,0.0,24616.0,0,17,0.0,1.0,0.02802747949831213,0,0,1,1,1,1,1,1,0.9699999999999999,1.0,1.0,1.0,0.8,skip,attack_already_active,1785296245.020892,1785296245020891812,1384913237590861,20.0,53.359375,-1.0,0,0
2026-07-28T23:37:25.022,10.42.0.210,10.42.0.1,64,3,UPLOAD,0.95,UPLOAD,0.95,1,1448,100.0,18,0.0,26064.0,0,18,0.0,1.0,0.024480421652862776,0,0,1,1,1,1,1,1,0.9699999999999999,1.0,1.0,1.0,0.8,skip,attack_already_active,1785296245.0220017,1785296245022001585,1384913238700730,20.0,53.359375,-1.0,0,0
2026-07-28T23:37:25.023,10.42.0.210,10.42.0.1,64,3,UPLOAD,0.95,UPLOAD,0.95,1,1448,100.0,19,0.0,27512.0,0,19,0.0,1.0,0.021465621152799774,0,0,1,1,1,1,1,1,0.9699999999999999,1.0,1.0,1.0,0.8,skip,attack_already_active,1785296245.0236037,1785296245023603776,1384913240302303,20.0,53.359375,-1.0,0,0
2026-07-28T23:37:25.024,10.42.0.210,10.42.0.1,64,3,UPLOAD,0.95,UPLOAD,0.95,1,1448,100.0,20,0.0,28960.0,0,20,0.0,1.0,0.018782683190420667,0,0,1,1,1,1,1,1,0.9699999999999999,1.0,1.0,1.0,0.8,skip,attack_already_active,1785296245.0247092,1785296245024709182,1384913241407623,20.0,53.359375,-1.0,0,0
2026-07-28T23:37:25.026,10.42.0.210,10.42.0.1,64,3,UPLOAD,0.95,UPLOAD,0.95,1,1448,100.0,21,0.0,30408.0,0,21,0.0,1.0,0.01651134745883974,0,0,1,1,1,1,1,1,0.9699999999999999,1.0,1.0,1.0,0.8,skip,attack_already_active,1785296245.0262554,1785296245026255241,1384913242953875,20.0,53.359375,-1.0,0,0
2026-07-28T23:37:25.027,10.42.0.210,10.42.0.1,64,3,UPLOAD,0.95,UPLOAD,0.95,1,1448,100.0,22,0.0,31856.0,0,22,0.0,1.0,0.014486440165176171,0,0,1,1,1,1,1,1,0.9699999999999999,1.0,1.0,1.0,0.8,skip,attack_already_active,1785296245.0274003,1785296245027400088,1384913244098919,20.0,53.359375,-1.0,0,0
2026-07-28T23:37:25.030,10.42.0.210,10.42.0.1,64,3,UPLOAD,0.95,UPLOAD,0.95,1,1448,100.0,23,0.0,33304.0,0,23,0.0,1.0,0.012925540069064812,0,0,1,1,1,1,1,1,0.9699999999999999,1.0,1.0,1.0,0.8,skip,attack_already_active,1785296245.0300415,1785296245030041295,1384913246740090,20.0,53.359375,-1.0,0,0
2026-07-28T23:37:25.031,10.42.0.210,10.42.0.1,64,3,UPLOAD,0.95,UPLOAD,0.95,1,1448,100.0,24,0.0,34752.0,0,24,0.0,1.0,0.011382450213920026,0,0,1,1,1,1,1,1,0.9699999999999999,1.0,1.0,1.0,0.8,skip,attack_already_active,1785296245.031257,1785296245031256764,1384913247955590,20.0,53.359375,-1.0,0,0
2026-07-28T23:37:25.033,10.42.0.210,10.42.0.1,64,3,UPLOAD,0.95,UPLOAD,0.95,1,1448,100.0,25,0.0,36200.0,0,25,0.0,1.0,0.010119327442375717,0,0,1,1,1,1,1,1,0.9699999999999999,1.0,1.0,1.0,0.8,skip,attack_already_active,1785296245.0330539,1785296245033053979,1384913249752595,20.0,53.359375,-1.0,0,0
2026-07-28T23:37:25.034,10.42.0.210,10.42.0.1,64,3,UPLOAD,0.95,UPLOAD,0.95,1,1448,100.0,26,0.0,37648.0,0,26,0.0,1.0,0.00894429680392932,0,0,1,1,1,1,1,1,0.9699999999999999,1.0,1.0,1.0,0.8,skip,attack_already_active,1785296245.0342562,1785296245034256129,1384913250955257,20.0,53.359375,-1.0,0,0
2026-07-28T23:37:25.035,10.42.0.210,10.42.0.1,64,3,UPLOAD,0.95,UPLOAD,0.95,1,1448,100.0,27,0.0,39096.0,0,27,0.0,1.0,0.007984112593548804,0,0,1,1,1,1,1,1,0.9699999999999999,1.0,1.0,1.0,0.8,skip,attack_already_active,1785296245.035914,1785296245035913983,1384913252612599,20.0,53.359375,-1.0,0,0
2026-07-28T23:37:25.037,10.42.0.210,10.42.0.1,64,3,UPLOAD,0.95,UPLOAD,0.95,1,1448,100.0,28,0.0,40544.0,0,28,0.0,1.0,0.007086270232499766,0,0,1,1,1,1,1,1,0.9699999999999999,1.0,1.0,1.0,0.8,skip,attack_already_active,1785296245.0370846,1785296245037084710,1384913253783915,20.0,53.359375,-1.0,0,0
2026-07-28T23:37:25.038,10.42.0.210,10.42.0.1,64,3,UPLOAD,0.95,UPLOAD,0.95,1,1448,100.0,29,0.0,41992.0,0,29,0.0,1.0,0.006373754059907502,0,0,1,1,1,1,1,1,0.9699999999999999,1.0,1.0,1.0,0.8,skip,attack_already_active,1785296245.0387638,1785296245038763704,1384913255462382,20.0,53.359375,-1.0,0,0
2026-07-28T23:37:25.039,10.42.0.210,10.42.0.1,64,3,UPLOAD,0.95,UPLOAD,0.95,1,1448,100.0,30,0.0,43440.0,0,30,0.0,1.0,0.005676397118545987,0,0,1,1,1,1,1,1,0.9699999999999999,1.0,1.0,1.0,0.8,skip,attack_already_active,1785296245.0398455,1785296245039845493,1384913256543775,20.0,53.359375,-1.0,0,0
2026-07-28T23:37:25.040,10.42.0.210,10.42.0.1,64,3,UPLOAD,0.95,UPLOAD,0.95,1,1448,100.0,31,0.0,44888.0,0,31,0.0,1.0,0.0050731018239188195,0,0,1,1,1,1,1,1,0.9699999999999999,1.0,1.0,1.0,0.8,skip,attack_already_active,1785296245.0409436,1785296245040943628,1384913257641972,20.0,53.359375,-1.0,0,0
2026-07-28T23:37:25.041,10.42.0.210,10.42.0.1,64,3,UPLOAD,0.95,UPLOAD,0.95,1,1448,100.0,32,0.0,46336.0,0,32,0.0,1.0,0.004539974454224964,0,0,1,1,1,1,1,1,0.9699999999999999,1.0,1.0,1.0,0.8,skip,attack_already_active,1785296245.041971,1785296245041970844,1384913258669186,20.0,53.359375,-1.0,0,0
2026-07-28T23:37:25.042,10.42.0.210,10.42.0.1,64,3,UPLOAD,0.95,UPLOAD,0.95,1,1448,100.0,33,0.0,47784.0,0,33,0.0,1.0,0.004076596980762872,0,0,1,1,1,1,1,1,0.9699999999999999,1.0,1.0,1.0,0.8,skip,attack_already_active,1785296245.0429945,1785296245042994350,1384913259692762,20.0,53.359375,-1.0,0,0
2026-07-28T23:37:25.044,10.42.0.210,10.42.0.1,64,3,UPLOAD,0.95,UPLOAD,0.95,1,1448,100.0,34,0.0,49232.0,0,34,0.0,1.0,0.0036895183062953234,0,0,1,1,1,1,1,1,0.9699999999999999,1.0,1.0,1.0,0.8,skip,attack_already_active,1785296245.0441337,1785296245044133601,1384913260832907,20.0,53.359375,-1.0,0,0
2026-07-28T23:37:25.048,10.42.0.47,10.42.0.1|10.42.0.47,65,3,UPLOAD,0.95,UPLOAD,0.95,1,7240,100.0,1,0.0,7240.0,0,1,0.0,1.0,0.335044756184827,1,0,0,1,1,1,1,1,0.9699999999999999,1.0,1.0,1.0,0.8,trigger,training_upload_trigger_confirmed,1785296245.0480237,1785296245048023704,1384913264722539,20.0,53.359375,210.688104,1785296245258713379,1384913475410643
2026-07-28T23:37:25.049,10.42.0.47,10.42.0.1|10.42.0.47,65,3,UPLOAD,0.95,UPLOAD,0.95,1,8688,100.0,2,0.0,15928.0,0,2,0.0,1.0,0.29105165591396676,1,0,1,1,1,1,1,1,0.9699999999999999,1.0,1.0,1.0,0.8,skip,attack_already_active,1785296245.049217,1785296245049216966,1384913265915883,20.0,53.359375,-1.0,0,0
2026-07-28T23:37:25.050,10.42.0.47,10.42.0.1|10.42.0.47,65,3,UPLOAD,0.95,UPLOAD,0.95,1,2896,100.0,3,0.0,18824.0,0,3,0.0,1.0,0.25284450702068295,1,0,1,1,1,1,1,1,0.9699999999999999,1.0,1.0,1.0,0.8,skip,attack_already_active,1785296245.0503252,1785296245050325364,1384913267023938,20.0,53.359375,-1.0,0,0
2026-07-28T23:37:25.051,10.42.0.1,10.42.0.1|10.42.0.47,65,3,UPLOAD,0.95,UPLOAD,0.95,1,7240,100.0,1,0.0,7240.0,0,1,0.0,1.0,0.013265619358237415,1,0,1,1,1,1,1,1,0.9699999999999999,1.0,1.0,1.0,0.8,skip,attack_already_active,1785296245.0514135,1785296245051413591,1384913268112042,20.0,53.359375,-1.0,0,0
2026-07-28T23:37:25.052,10.42.0.1,10.42.0.1|10.42.0.47,65,3,UPLOAD,0.9682815843255319,UPLOAD,0.9682815843255319,1,5792,100.0,2,0.0,13032.0,0,2,0.0,1.0,0.011656257595476487,1,0,1,1,1,1,1,1,0.9699999999999999,1.0,1.0,1.0,0.8,skip,attack_already_active,1785296245.0524662,1785296245052466269,1384913269164813,20.0,53.359375,-1.0,0,0
2026-07-28T23:37:25.053,10.42.0.1,10.42.0.1|10.42.0.47,65,3,UPLOAD,0.9712671486244092,UPLOAD,0.9712671486244092,1,1448,100.0,3,0.0,14480.0,0,3,0.0,1.0,0.010256392390598385,1,0,1,1,1,1,1,1,0.9699999999999999,1.0,1.0,1.0,0.8,skip,attack_already_active,1785296245.0534992,1785296245053499077,1384913270197837,20.0,53.359375,-1.0,0,0
2026-07-28T23:37:25.054,10.42.0.1,10.42.0.1|10.42.0.47,65,3,UPLOAD,0.9719305223252975,UPLOAD,0.9719305223252975,1,1448,100.0,4,0.0,15928.0,0,4,0.0,1.0,0.009038731620791374,1,0,1,1,1,1,1,1,0.9699999999999999,1.0,1.0,1.0,0.8,skip,attack_already_active,1785296245.0545151,1785296245054515176,1384913271213587,20.0,53.359375,-1.0,0,0
2026-07-28T23:37:25.067,10.42.0.1,10.42.0.1|10.42.0.47,65,3,UPLOAD,0.9726517109795496,UPLOAD,0.9726517109795496,1,14480,100.0,5,0.0,30408.0,0,5,0.0,1.0,0.009493053909837373,1,0,1,1,1,1,1,1,0.9699999999999999,1.0,1.0,1.0,0.8,skip,attack_already_active,1785296245.0670016,1785296245067001493,1384913283701362,20.0,53.359375,-1.0,0,0
2026-07-28T23:37:25.068,10.42.0.1,10.42.0.1|10.42.0.47,65,3,UPLOAD,0.9733109212702834,UPLOAD,0.9733109212702834,1,14480,100.0,6,0.0,44888.0,0,6,0.0,1.0,0.008405419843106518,1,0,1,1,1,1,1,1,0.9699999999999999,1.0,1.0,1.0,0.8,skip,attack_already_active,1785296245.068241,1785296245068240901,1384913284939591,20.0,53.359375,-1.0,0,0
2026-07-28T23:37:25.070,10.42.0.1,10.42.0.1|10.42.0.47,65,3,UPLOAD,0.9740282864349858,UPLOAD,0.9740282864349858,1,14480,100.0,7,0.0,59368.0,0,7,0.0,1.0,0.007560952934311602,1,0,1,1,1,1,1,1,0.9699999999999999,1.0,1.0,1.0,0.8,skip,attack_already_active,1785296245.0702379,1785296245070237913,1384913286936786,20.0,53.359375,-1.0,0,0
2026-07-28T23:37:25.071,10.42.0.1,10.42.0.1|10.42.0.47,65,3,UPLOAD,0.974584010513457,UPLOAD,0.974584010513457,1,14480,100.0,8,0.0,73848.0,0,8,0.0,1.0,0.006720977183838763,1,0,1,1,1,1,1,1,0.9699999999999999,1.0,1.0,1.0,0.8,skip,attack_already_active,1785296245.0714245,1785296245071424537,1384913288123012,20.0,53.359375,-1.0,0,0
2026-07-28T23:37:25.072,10.42.0.1,10.42.0.1|10.42.0.47,65,3,UPLOAD,0.9749369428299544,UPLOAD,0.9749369428299544,1,1448,100.0,9,0.0,75296.0,0,9,0.0,1.0,0.005983143236680956,1,0,1,1,1,1,1,1,0.9699999999999999,1.0,1.0,1.0,0.8,skip,attack_already_active,1785296245.0725462,1785296245072546198,1384913289244704,20.0,53.359375,-1.0,0,0
2026-07-28T23:37:25.075,10.42.0.1,10.42.0.1|10.42.0.47,65,3,UPLOAD,0.9755608828410748,UPLOAD,0.9755608828410748,1,14480,100.0,10,0.0,89776.0,0,10,0.0,1.0,0.005544048693011118,1,0,1,1,1,1,1,1,0.9699999999999999,1.0,1.0,1.0,0.8,skip,attack_already_active,1785296245.0751972,1785296245075197108,1384913291895964,20.0,53.359375,-1.0,0,0
2026-07-28T23:37:25.076,10.42.0.1,10.42.0.1|10.42.0.47,65,3,UPLOAD,0.9759115854597012,UPLOAD,0.9759115854597012,1,14480,100.0,11,0.0,104256.0,0,11,0.0,1.0,0.004968906903082758,1,0,1,1,1,1,1,1,0.9699999999999999,1.0,1.0,1.0,0.8,skip,attack_already_active,1785296245.0763767,1785296245076376669,1384913293075497,20.0,53.359375,-1.0,0,0
2026-07-28T23:37:25.078,10.42.0.1,10.42.0.1|10.42.0.47,65,3,UPLOAD,0.976410966009721,UPLOAD,0.976410966009721,1,5695,100.0,12,0.0,109951.0,0,12,0.0,1.0,0.004552779025785158,1,0,1,1,1,1,1,1,0.9699999999999999,1.0,1.0,1.0,0.8,skip,attack_already_active,1785296245.0781877,1785296245078187860,1384913294887213,20.0,53.359375,-1.0,0,0
2026-07-28T23:37:25.079,10.42.0.1,10.42.0.1|10.42.0.47,65,3,UPLOAD,0.9768507363790538,UPLOAD,0.9768507363790538,1,1448,100.0,13,0.0,111399.0,0,13,0.0,1.0,0.004183443303173941,1,0,1,1,1,1,1,1,0.9699999999999999,1.0,1.0,1.0,0.8,skip,attack_already_active,1785296245.0799377,1785296245079937667,1384913296636923,20.0,53.359375,-1.0,0,0
2026-07-28T23:37:25.082,10.42.0.1,10.42.0.1|10.42.0.47,65,3,UPLOAD,0.9774064257257471,UPLOAD,0.9774064257257471,1,14480,100.0,14,0.0,125879.0,0,14,0.0,1.0,0.003994384429679212,1,0,1,1,1,1,1,1,0.9699999999999999,1.0,1.0,1.0,0.8,skip,attack_already_active,1785296245.0826864,1785296245082686580,1384913299386175,20.0,53.359375,-1.0,0,0
2026-07-28T23:37:25.084,10.42.0.1,10.42.0.1|10.42.0.47,65,3,UPLOAD,0.9780236526810464,UPLOAD,0.9780236526810464,1,20174,100.0,15,0.0,146053.0,0,15,0.0,1.0,0.003668218736145039,1,0,1,1,1,1,1,1,0.9699999999999999,1.0,1.0,1.0,0.8,skip,attack_already_active,1785296245.0842056,1785296245084205617,1384913300904878,20.0,53.359375,-1.0,0,0
2026-07-28T23:37:25.107,10.42.0.1,10.42.0.1|10.42.0.47,65,3,UPLOAD,0.9783525799373165,UPLOAD,0.9783525799373165,1,1350,100.0,16,0.0,147403.0,0,16,0.0,1.0,0.006195358501126851,1,0,1,1,1,1,1,1,0.9699999999999999,1.0,1.0,1.0,0.8,skip,attack_already_active,1785296245.1070516,1785296245107051551,1384913323750550,20.0,53.359375,-1.0,0,0
2026-07-28T23:37:25.276,10.42.0.1,10.42.0.1|10.42.0.47,65,3,UPLOAD,0.9772878710958851,UPLOAD,0.9772878710958851,0,43,100.0,16,0.0,147403.0,0,16,0.0,1.0,0.23386888693217642,1,0,1,1,1,1,1,1,0.8374999999999999,0.8500000000000001,1.0,0.6000000000000001,0.8,skip,attack_already_active,1785296245.2765486,1785296245276548553,1384913493247424,20.0,53.359375,-1.0,0,0
2026-07-28T23:37:25.386,10.42.0.1,,66,1,DOWNLOAD,0.9731232009374068,DOWNLOAD,0.9731232009374068,-1,7240,20.359530384066364,17,7240.0,147403.0,1,16,0.04681750871361782,0.9531824912863822,0.21757407789232144,0,0,0,0,1,0,0,0,0.44,0.8500000000000001,0.0,0.6000000000000001,0.15,skip,training_upload_trigger_not_confirmed,1785296245.3867607,1785296245386760653,1384913603459065,20.0,53.359375,-1.0,0,0
2026-07-28T23:37:25.387,10.42.0.1,,66,1,DOWNLOAD,0.95,DOWNLOAD,0.95,-1,7240,10.179765192736204,18,14480.0,147403.0,2,16,0.08944731688935836,0.9105526831106416,0.189004407976972,0,0,0,0,1,0,0,0,0.44,0.8500000000000001,0.0,0.6000000000000001,0.15,skip,training_upload_trigger_not_confirmed,1785296245.3875275,1785296245387527393,1384913604225448,20.0,53.359375,-1.0,0,0
2026-07-28T23:37:25.389,10.42.0.1,,66,1,DOWNLOAD,0.95,DOWNLOAD,0.95,-1,7240,6.78651012864703,19,21720.0,147403.0,3,16,0.12842723934651112,0.8715727606534889,0.16433119322106413,0,0,0,0,1,0,0,0,0.44,0.8500000000000001,0.0,0.6000000000000001,0.15,skip,training_upload_trigger_not_confirmed,1785296245.3892937,1785296245389293589,1384913605991707,20.0,53.359375,-1.0,0,0
2026-07-28T23:37:25.389,10.42.0.1,,66,1,DOWNLOAD,0.95,DOWNLOAD,0.95,-1,7240,5.089882596543858,20,28960.0,147403.0,4,16,0.16420677806569406,0.8357932219343059,0.14276039078754713,0,0,0,0,1,0,0,0,0.44,0.8500000000000001,0.0,0.6000000000000001,0.15,skip,training_upload_trigger_not_confirmed,1785296245.38993,1785296245389929866,1384913606627807,20.0,53.359375,-1.0,0,0
2026-07-28T23:37:25.391,10.42.0.1,,66,1,DOWNLOAD,0.95,DOWNLOAD,0.95,-1,10136,3.770283404881055,21,39096.0,147403.0,5,16,0.2096311508372699,0.7903688491627301,0.12410121926305268,0,0,0,0,1,0,0,0,0.44,0.8500000000000001,0.0,0.6000000000000001,0.15,skip,training_upload_trigger_not_confirmed,1785296245.391091,1785296245391091085,1384913607789141,20.0,53.359375,-1.0,0,0
2026-07-28T23:37:25.391,10.42.0.1,,66,1,DOWNLOAD,0.95,DOWNLOAD,0.95,-1,4344,3.393255064401629,22,43440.0,147403.0,6,16,0.2276216575928905,0.7723783424071096,0.10783323973378965,0,0,0,0,1,0,0,0,0.44,0.8500000000000001,0.0,0.6000000000000001,0.15,skip,training_upload_trigger_not_confirmed,1785296245.3917391,1785296245391739143,1384913608437265,20.0,53.359375,-1.0,0,0
2026-07-28T23:37:25.392,10.42.0.1,,66,1,DOWNLOAD,0.95,DOWNLOAD,0.95,-1,7240,2.908504340925247,23,50680.0,147403.0,7,16,0.2558523447241813,0.7441476552758187,0.09377544395632964,0,0,0,0,1,0,0,0,0.4,0.8500000000000001,0.0,0.4,0.15,skip,training_upload_trigger_not_confirmed,1785296245.3928916,1785296245392891772,1384913609589853,20.0,53.359375,-1.0,0,0
2026-07-28T23:37:25.393,10.42.0.1,,66,1,DOWNLOAD,0.95,DOWNLOAD,0.95,-1,7240,2.5449412983158677,24,57920.0,147403.0,8,16,0.2820921182721858,0.7179078817278143,0.08150790013618049,0,0,0,0,1,0,0,0,0.4,0.8500000000000001,0.0,0.4,0.15,skip,training_upload_trigger_not_confirmed,1785296245.393572,1785296245393572037,1384913610270267,20.0,53.359375,-1.0,0,0
2026-07-28T23:37:25.395,10.42.0.1,,66,1,DOWNLOAD,0.95,DOWNLOAD,0.95,-1,7240,2.262170042951778,25,65160.0,147403.0,9,16,0.3065444127152891,0.6934555872847109,0.07100453613234615,0,0,0,0,1,0,0,0,0.4,0.8500000000000001,0.0,0.4,0.15,skip,training_upload_trigger_not_confirmed,1785296245.3953729,1785296245395372903,1384913612070984,20.0,53.359375,-1.0,0,0
2026-07-28T23:37:25.395,10.42.0.1,,66,1,DOWNLOAD,0.95,DOWNLOAD,0.95,-1,7240,2.035953038659725,26,72400.0,147403.0,10,16,0.3293858591556985,0.6706141408443015,0.06172784575773256,0,0,0,0,1,0,0,0,0.4,0.8500000000000001,0.0,0.4,0.15,skip,training_upload_trigger_not_confirmed,1785296245.3959792,1785296245395979389,1384913612677504,20.0,53.359375,-1.0,0,0
2026-07-28T23:37:25.397,10.42.0.1,,66,1,DOWNLOAD,0.95,DOWNLOAD,0.95,-1,7240,1.850866398783892,27,79640.0,147403.0,11,16,0.35077055888091685,0.6492294411190832,0.053792470079753504,0,0,0,0,1,0,0,0,0.4,0.8500000000000001,0.0,0.4,0.15,skip,training_upload_trigger_not_confirmed,1785296245.3974876,1785296245397487703,1384913614187109,20.0,53.359375,-1.0,0,0
2026-07-28T23:37:25.398,10.42.0.1,,66,1,DOWNLOAD,0.95,DOWNLOAD,0.95,-1,7240,1.696627532220343,28,86880.0,147403.0,12,16,0.3708335645351989,0.6291664354648011,0.046835603740687404,0,0,0,0,1,0,0,0,0.4,0.8500000000000001,0.0,0.4,0.15,skip,training_upload_trigger_not_confirmed,1785296245.3984864,1785296245398486256,1384913615184673,20.0,53.359375,-1.0,0,0
2026-07-28T23:37:25.399,10.42.0.1,,66,1,DOWNLOAD,0.95,DOWNLOAD,0.95,-1,14480,1.4542521704769709,29,101360.0,147403.0,13,16,0.40745609274691175,0.5925439072530883,0.04075818221720662,0,0,0,0,1,0,0,0,0.32,0.8500000000000001,0.0,0.0,0.15,skip,training_upload_trigger_not_confirmed,1785296245.399202,1785296245399201947,1384913615900157,20.0,53.359375,-1.0,0,0
2026-07-28T23:37:25.399,10.42.0.1,,66,1,DOWNLOAD,0.95,DOWNLOAD,0.95,-1,10136,1.322047427707523,30,111496.0,147403.0,14,16,0.43065442508468554,0.5693455749153145,0.03548182960895198,0,0,0,0,1,0,0,0,0.32,0.8500000000000001,0.0,0.0,0.15,skip,training_upload_trigger_not_confirmed,1785296245.3999195,1785296245399919659,1384913616618267,20.0,53.359375,-1.0,0,0
2026-07-28T23:37:25.401,10.42.0.1,,66,1,DOWNLOAD,0.95,DOWNLOAD,0.95,-1,4344,1.2724706491689188,31,115840.0,147403.0,15,16,0.44004968793092314,0.5599503120690769,0.03096309784630068,0,0,0,0,1,0,0,0,0.32,0.8500000000000001,0.0,0.0,0.15,skip,training_upload_trigger_not_confirmed,1785296245.40111,1785296245401110014,1384913617808767,20.0,53.359375,-1.0,0,0
2026-07-28T23:37:25.402,10.42.0.1,,66,1,DOWNLOAD,0.95,DOWNLOAD,0.95,-1,18824,1.0945984078885627,32,134664.0,147403.0,16,16,0.4774184856789344,0.5225815143210656,0.027015313925610362,0,0,0,0,1,0,0,0,0.30250000000000005,0.8000000000000002,0.0,0.0,0.15,skip,training_upload_trigger_not_confirmed,1785296245.4021144,1785296245402114399,1384913618814123,20.0,53.359375,-1.0,0,0
2026-07-28T23:37:25.403,10.42.0.1,,66,1,DOWNLOAD,0.95,DOWNLOAD,0.95,-1,14480,0.988326717803007,33,149144.0,147403.0,17,16,0.5029354537392049,0.4970645462607951,0.023604366981728946,0,0,0,0,1,0,0,0,0.30250000000000005,0.8000000000000002,0.0,0.0,0.15,skip,training_upload_trigger_not_confirmed,1785296245.403245,1785296245403245046,1384913619944315,20.0,53.359375,-1.0,0,0
2026-07-28T23:37:25.404,10.42.0.1,,66,1,DOWNLOAD,0.95,DOWNLOAD,0.95,-1,4344,0.9603552069219721,34,153488.0,147403.0,18,16,0.5101116351103888,0.4898883648896112,0.020705447965326022,0,0,0,0,1,0,0,0,0.30250000000000005,0.8000000000000002,0.0,0.0,0.15,skip,training_upload_trigger_not_confirmed,1785296245.4048502,1785296245404850213,1384913621548561,20.0,53.359375,-1.0,0,0
2026-07-28T23:37:25.406,10.42.0.1,,66,1,DOWNLOAD,0.95,DOWNLOAD,0.95,-1,14480,0.8775659649464329,35,167968.0,147403.0,19,16,0.5326044563387249,0.4673955436612751,0.018240025714726917,0,0,0,0,1,0,0,0,0.30250000000000005,0.8000000000000002,0.0,0.0,0.15,skip,training_upload_trigger_not_confirmed,1785296245.4068463,1785296245406846311,1384913623544795,20.0,53.359375,-1.0,0,0
2026-07-28T23:37:25.408,10.42.0.1,,66,1,DOWNLOAD,0.95,DOWNLOAD,0.95,-1,14480,0.8079178724907485,36,182448.0,147403.0,20,16,0.5531224704487784,0.4468775295512216,0.01603561143142405,0,0,0,0,1,0,0,0,0.30250000000000005,0.8000000000000002,0.0,0.0,0.15,skip,training_upload_trigger_not_confirmed,1785296245.4083576,1785296245408357757,1384913625056321,20.0,53.359375,-1.0,0,0
2026-07-28T23:37:25.409,10.42.0.1,,66,1,DOWNLOAD,0.95,DOWNLOAD,0.95,-1,10136,0.7653958792019825,37,192584.0,147403.0,21,16,0.5664451876101145,0.43355481238988547,0.014119640532986508,0,0,0,0,1,0,0,0,0.28500000000000003,0.7500000000000001,0.0,0.0,0.15,skip,training_upload_trigger_not_confirmed,1785296245.4098535,1785296245409853405,1384913626552221,20.0,53.359375,-1.0,0,0
2026-07-28T23:37:25.411,10.42.0.1,,66,1,DOWNLOAD,0.95,DOWNLOAD,0.95,-1,14480,0.7118716918454591,38,207064.0,147403.0,22,16,0.5841559298891011,0.4158440701108989,0.012460167119549137,0,0,0,0,1,0,0,0,0.28500000000000003,0.7500000000000001,0.0,0.0,0.15,skip,training_upload_trigger_not_confirmed,1785296245.4113798,1785296245411379736,1384913628078405,20.0,53.359375,-1.0,0,0
2026-07-28T23:37:25.412,10.42.0.1,,66,1,DOWNLOAD,0.95,DOWNLOAD,0.95,-1,6810,0.6892048589370882,39,213874.0,147403.0,23,16,0.5919945083689246,0.4080054916310753,0.011014971486209158,0,0,0,0,1,0,0,0,0.28500000000000003,0.7500000000000001,0.0,0.0,0.15,skip,training_upload_trigger_not_confirmed,1785296245.4128728,1785296245412872620,1384913629570971,20.0,53.359375,-1.0,0,0
2026-07-28T23:37:25.413,10.42.0.1,,66,1,DOWNLOAD,0.95,DOWNLOAD,0.95,-1,18824,0.6334519420036552,40,232698.0,147403.0,24,16,0.6122004414616116,0.3877995585383885,0.009700459689724087,0,0,0,0,1,0,0,0,0.28500000000000003,0.7500000000000001,0.0,0.0,0.15,skip,training_upload_trigger_not_confirmed,1785296245.4139123,1785296245413912270,1384913630610560,20.0,53.359375,-1.0,0,0
2026-07-28T23:37:25.414,10.42.0.1,,66,1,DOWNLOAD,0.95,DOWNLOAD,0.95,-1,4344,0.6218433864056925,41,237042.0,147403.0,25,16,0.6165823459792689,0.3834176540207312,0.008563157007100336,0,0,0,0,1,0,0,0,0.28500000000000003,0.7500000000000001,0.0,0.0,0.15,skip,training_upload_trigger_not_confirmed,1785296245.414982,1785296245414982121,1384913631680810,20.0,53.359375,-1.0,0,0
2026-07-28T23:37:25.416,10.42.0.1,,66,1,DOWNLOAD,0.95,DOWNLOAD,0.95,-1,16920,0.5804136051866798,42,253962.0,147403.0,26,16,0.6327457551106848,0.3672542448893152,0.007578298014822053,0,0,0,0,1,0,0,0,0.28500000000000003,0.7500000000000001,0.0,0.0,0.15,skip,training_upload_trigger_not_confirmed,1785296245.4160714,1785296245416071474,1384913632769871,20.0,53.359375,-1.0,0,0
2026-07-28T23:37:25.417,10.42.0.1,,66,1,DOWNLOAD,0.95,DOWNLOAD,0.95,-1,18824,0.5403613088665095,43,272786.0,147403.0,27,16,0.6491983369388538,0.3508016630611463,0.006739775305890485,0,0,0,0,1,0,0,0,0.28500000000000003,0.7500000000000001,0.0,0.0,0.15,skip,training_upload_trigger_not_confirmed,1785296245.4172864,1785296245417286502,1384913633986720,95.4,53.36328125,-1.0,0,0
2026-07-28T23:37:25.418,10.42.0.1,,66,1,DOWNLOAD,0.95,DOWNLOAD,0.95,-1,16946,0.5087563679555287,44,289732.0,147403.0,28,16,0.6627975339426035,0.33720246605739645,0.0060112772192705425,0,0,0,0,1,0,0,0,0.28500000000000003,0.7500000000000001,0.0,0.0,0.15,skip,training_upload_trigger_not_confirmed,1785296245.4184978,1785296245418497907,1384913635196554,95.4,53.36328125,-1.0,0,0
2026-07-28T23:37:25.419,10.42.0.1,,66,1,DOWNLOAD,0.95,DOWNLOAD,0.95,-1,21720,0.4732767810144957,45,311452.0,147403.0,29,16,0.6787590851140338,0.3212409148859662,0.005365926831049139,0,0,0,0,1,0,0,0,0.28500000000000003,0.7500000000000001,0.0,0.0,0.15,skip,training_upload_trigger_not_confirmed,1785296245.4196117,1785296245419611638,1384913636311245,95.4,53.36328125,-1.0,0,0
2026-07-28T23:37:25.420,10.42.0.1,,66,1,DOWNLOAD,0.95,DOWNLOAD,0.95,-1,14050,0.4528482159880651,46,325502.0,147403.0,30,16,0.688303147566636,0.311696852433364,0.004816299091164936,0,0,0,0,1,0,0,0,0.28500000000000003,0.7500000000000001,0.0,0.0,0.15,skip,training_upload_trigger_not_confirmed,1785296245.4208066,1785296245420806544,1384913637505928,95.4,53.36328125,-1.0,0,0
2026-07-28T23:37:25.421,10.42.0.1,,66,1,DOWNLOAD,0.95,DOWNLOAD,0.95,-1,18824,0.4280914017546509,47,344326.0,147403.0,31,16,0.7002352922036325,0.2997647077963675,0.004331746564038105,0,0,0,0,1,0,0,0,0.28500000000000003,0.7500000000000001,0.0,0.0,0.15,skip,training_upload_trigger_not_confirmed,1785296245.4219458,1785296245421945732,1384913638644289,95.4,53.36328125,-1.0,0,0
2026-07-28T23:37:25.423,10.42.0.1,,66,1,DOWNLOAD,0.95,DOWNLOAD,0.95,-1,11584,0.41415807367195595,48,355910.0,147403.0,32,16,0.7071345266265723,0.29286547337342766,0.00390303423096249,0,0,0,0,1,0,0,0,0.28500000000000003,0.7500000000000001,0.0,0.0,0.15,skip,training_upload_trigger_not_confirmed,1785296245.4230242,1785296245423024112,1384913639722523,95.4,53.36328125,-1.0,0,0
2026-07-28T23:37:25.424,10.42.0.1,,66,1,DOWNLOAD,0.95,DOWNLOAD,0.95,-1,5362,0.4080111384236586,49,361272.0,147403.0,33,16,0.7102216542979309,0.2897783457020691,0.003593021851428789,0,0,0,0,1,0,0,0,0.28500000000000003,0.7500000000000001,0.0,0.0,0.15,skip,training_upload_trigger_not_confirmed,1785296245.4245746,1785296245424574692,1384913641273529,95.4,53.36328125,-1.0,0,0
2026-07-28T23:37:25.426,10.42.0.59,,25,1,DOWNLOAD,0.95,DOWNLOAD,0.95,-1,7300,1.3698630135109776e-10,1,7300.0,0.0,1,0,1.0,0.0,0.5811958914923387,0,0,0,0,0,0,0,0,0.0225,0.0,0.0,0.0,0.15,skip,already_attacked_this_round,1785296245.426222,1785296245426221953,1384913642920696,95.4,53.36328125,-1.0,0,0
2026-07-28T23:37:25.427,10.42.0.59,,25,1,DOWNLOAD,0.95,DOWNLOAD,0.95,-1,5840,7.610350075524325e-11,2,13140.0,0.0,2,0,1.0,0.0,0.5047675185716914,0,0,0,0,0,0,0,0,0.0225,0.0,0.0,0.0,0.15,skip,already_attacked_this_round,1785296245.4274242,1785296245427424244,1384913644124326,95.4,53.36328125,-1.0,0,0
2026-07-28T23:37:25.430,10.42.0.18,,49,1,DOWNLOAD,0.95,DOWNLOAD,0.95,-1,11680,8.56164383488342e-11,1,11680.0,0.0,1,0,1.0,0.0,0.11773107960167302,0,0,0,0,0,0,0,0,0.0225,0.0,0.0,0.0,0.15,skip,training_upload_trigger_not_confirmed,1785296245.4304655,1785296245430465590,1384913647164389,95.4,53.36328125,-1.0,0,0
2026-07-28T23:37:25.431,10.42.0.18,,49,1,DOWNLOAD,0.9537854085762268,DOWNLOAD,0.9537854085762268,-1,5840,5.70776255675184e-11,2,17520.0,0.0,2,0,1.0,0.0,0.10236403727138374,0,0,0,0,0,0,0,0,0.0225,0.0,0.0,0.0,0.15,skip,training_upload_trigger_not_confirmed,1785296245.4315803,1785296245431580320,1384913648279321,95.4,53.36328125,-1.0,0,0
2026-07-28T23:37:25.432,10.42.0.18,,49,1,DOWNLOAD,0.9568006690842836,DOWNLOAD,0.9568006690842836,-1,11680,3.424657534129292e-11,3,29200.0,0.0,3,0,1.0,0.0,0.08902342398515864,0,0,0,0,0,0,0,0,0.0225,0.0,0.0,0.0,0.15,skip,training_upload_trigger_not_confirmed,1785296245.432706,1785296245432706157,1384913649404818,95.4,53.36328125,-1.0,0,0
2026-07-28T23:37:25.434,10.42.0.210,,65,1,DOWNLOAD,0.983579481788589,DOWNLOAD,0.983579481788589,-1,10136,4.8571428567623185,35,10136.0,49232.0,1,34,0.17073170731707318,0.8292682926829268,0.023795482468062693,0,0,0,0,0,0,0,0,0.057499999999999996,0.1,0.0,0.0,0.15,skip,training_upload_trigger_not_confirmed,1785296245.4342873,1785296245434287439,1384913650986074,95.4,53.36328125,-1.0,0,0
2026-07-28T23:37:25.435,10.42.0.210,,65,1,DOWNLOAD,0.95,DOWNLOAD,0.95,-1,14480,1.999999999959376,36,24616.0,49232.0,2,34,0.3333333333333333,0.6666666666666666,0.02085400544264062,0,0,0,0,0,0,0,0,0.057499999999999996,0.1,0.0,0.0,0.15,skip,training_upload_trigger_not_confirmed,1785296245.4357607,1785296245435760618,1384913652459217,95.4,53.36328125,-1.0,0,0
2026-07-28T23:37:25.436,10.42.0.210,,65,1,DOWNLOAD,0.9557926560077417,DOWNLOAD,0.9557926560077417,-1,4344,1.6999999999758286,37,28960.0,49232.0,3,34,0.37037037037037035,0.6296296296296297,0.01824924366948589,0,0,0,0,0,0,0,0,0.057499999999999996,0.1,0.0,0.0,0.15,skip,training_upload_trigger_not_confirmed,1785296245.436848,1785296245436847926,1384913653546393,95.4,53.36328125,-1.0,0,0
2026-07-28T23:37:25.438,10.42.0.18,,49,1,DOWNLOAD,0.9583022902186676,DOWNLOAD,0.9583022902186676,-1,14600,2.2831050227789245e-11,4,43800.0,0.0,4,0,1.0,0.0,0.07808855998134702,0,0,0,0,0,0,0,0,0.0225,0.0,0.0,0.0,0.15,skip,training_upload_trigger_not_confirmed,1785296245.438748,1785296245438747860,1384913655446394,95.4,53.36328125,-1.0,0,0
2026-07-28T23:37:25.440,10.42.0.18,,49,1,DOWNLOAD,0.9597632993340799,DOWNLOAD,0.9597632993340799,-1,20440,1.556662515542393e-11,5,64240.0,0.0,5,0,1.0,0.0,0.06799226449798977,0,0,0,0,0,0,0,0,0.0225,0.0,0.0,0.0,0.15,skip,training_upload_trigger_not_confirmed,1785296245.4402184,1785296245440218318,1384913656916741,95.4,53.36328125,-1.0,0,0
2026-07-28T23:37:25.442,10.42.0.47,,66,1,DOWNLOAD,0.95,DOWNLOAD,0.95,-1,1448,12.999999991712706,4,1448.0,18824.0,1,3,0.07142857142857142,0.9285714285714286,0.22576424873573298,0,0,0,0,0,0,0,0,0.057499999999999996,0.1,0.0,0.0,0.15,skip,training_upload_trigger_not_confirmed,1785296245.4420464,1785296245442046472,1384913658744992,95.4,53.36328125,-1.0,0,0
2026-07-28T23:37:25.443,10.42.0.210,,65,1,DOWNLOAD,0.9846998846180315,DOWNLOAD,0.9846998846180315,-1,18824,1.0303030303023961,38,47784.0,49232.0,4,34,0.4925373134328358,0.5074626865671642,0.01673464220310765,0,0,0,0,0,0,0,0,0.039999999999999994,0.05,0.0,0.0,0.15,skip,training_upload_trigger_not_confirmed,1785296245.4436033,1785296245443603091,1384913660302877,95.4,53.36328125,-1.0,0,0
2026-07-28T23:37:25.445,10.42.0.210,,65,1,DOWNLOAD,0.9854895428954357,DOWNLOAD,0.9854895428954357,-1,15928,0.77272727273084,39,63712.0,49232.0,5,34,0.5641025641025641,0.4358974358974359,0.014777578886200292,0,0,0,0,0,0,0,0,0.0225,0.0,0.0,0.0,0.15,skip,training_upload_trigger_not_confirmed,1785296245.4454863,1785296245445486318,1384913662185145,95.4,53.36328125,-1.0,0,0
2026-07-28T23:37:25.447,10.42.0.210,,65,1,DOWNLOAD,0.9855083405864443,DOWNLOAD,0.9855083405864443,-1,992,0.7608803165219943,40,64704.0,49232.0,6,34,0.5678977671675326,0.43210223283246735,0.013030526306288115,0,0,0,0,0,0,0,0,0.0225,0.0,0.0,0.0,0.15,skip,training_upload_trigger_not_confirmed,1785296245.447006,1785296245447006028,1384913663704875,95.4,53.36328125,-1.0,0,0
2026-07-28T23:37:25.448,10.42.0.59,,25,1,DOWNLOAD,0.95,DOWNLOAD,0.95,-1,14600,3.604902667498021e-11,3,27740.0,0.0,3,0,1.0,0.0,0.4410871919086686,0,0,0,0,0,0,0,0,0.0225,0.0,0.0,0.0,0.15,skip,already_attacked_this_round,1785296245.4489393,1785296245448939363,1384913665638034,95.4,53.36328125,-1.0,0,0
2026-07-28T23:37:25.449,10.42.0.59,,25,1,DOWNLOAD,0.95,DOWNLOAD,0.95,-1,14600,2.361832782183235e-11,4,42340.0,0.0,4,0,1.0,0.0,0.3830963716279264,0,0,0,0,0,0,0,0,0.0225,0.0,0.0,0.0,0.15,skip,already_attacked_this_round,1785296245.4499502,1785296245449950210,1384913666648511,95.4,53.36328125,-1.0,0,0
2026-07-28T23:37:25.451,10.42.0.145,,29,1,DOWNLOAD,0.95,DOWNLOAD,0.95,-1,14600,6.84931506802402e-11,1,14600.0,0.0,1,0,1.0,0.0,0.5499265793493713,0,0,0,0,0,0,0,0,0.0225,0.0,0.0,0.0,0.15,skip,already_attacked_this_round,1785296245.4514074,1785296245451407237,1384913668105713,95.4,53.36328125,-1.0,0,0
2026-07-28T23:37:25.452,10.42.0.18,,49,1,DOWNLOAD,0.9612802674691092,DOWNLOAD,0.9612802674691092,-1,1817,1.5138441043112185e-11,6,66057.0,0.0,6,0,1.0,0.0,0.06064119502054477,0,0,0,0,0,0,0,0,0.0225,0.0,0.0,0.0,0.15,skip,training_upload_trigger_not_confirmed,1785296245.4524255,1785296245452425552,1384913669124170,95.4,53.36328125,-1.0,0,0
2026-07-28T23:37:25.455,10.42.0.59,,25,1,DOWNLOAD,0.9633574453499743,DOWNLOAD,0.9633574453499743,-1,24820,1.4889815366067752e-11,5,67160.0,0.0,5,0,1.0,0.0,0.3333029418814745,0,0,0,0,0,0,0,0,0.0225,0.0,0.0,0.0,0.15,skip,already_attacked_this_round,1785296245.455178,1785296245455177917,1384913671876720,95.4,53.36328125,-1.0,0,0
2026-07-28T23:37:25.456,10.42.0.59,,25,1,DOWNLOAD,0.972202596126883,DOWNLOAD,0.972202596126883,-1,12037,1.2626740911743795e-11,6,79197.0,0.0,6,0,1.0,0.0,0.2895970193439199,0,0,0,0,0,0,0,0,0.0225,0.0,0.0,0.0,0.15,skip,already_attacked_this_round,1785296245.4568088,1785296245456808750,1384913673507643,95.4,53.36328125,-1.0,0,0
2026-07-28T23:37:25.460,10.42.0.145,,29,1,DOWNLOAD,0.95,DOWNLOAD,0.95,-1,29200,2.2831050227789245e-11,2,43800.0,0.0,2,0,1.0,0.0,0.47867404805048464,0,0,0,0,0,0,0,0,0.0225,0.0,0.0,0.0,0.15,skip,already_attacked_this_round,1785296245.4606183,1785296245460618121,1384913677316672,95.4,53.36328125,-1.0,0,0
2026-07-28T23:37:25.461,10.42.0.145,,29,1,DOWNLOAD,0.95,DOWNLOAD,0.95,-1,7657,1.943370192550219e-11,3,51457.0,0.0,3,0,1.0,0.0,0.41573394703108957,0,0,0,0,0,0,0,0,0.0225,0.0,0.0,0.0,0.15,skip,already_attacked_this_round,1785296245.4616573,1785296245461657226,1384913678355538,95.4,53.36328125,-1.0,0,0
2026-07-28T23:37:25.465,10.42.0.47,,66,1,DOWNLOAD,0.9829981496648164,DOWNLOAD,0.9829981496648164,-1,1448,6.499999998100829,5,2896.0,18824.0,2,3,0.13333333333333333,0.8666666666666667,0.199062848697919,0,0,0,0,0,0,0,0,0.057499999999999996,0.1,0.0,0.0,0.15,skip,training_upload_trigger_not_confirmed,1785296245.465181,1785296245465181220,1384913681879548,95.4,53.36328125,-1.0,0,0
2026-07-28T23:37:25.465,10.42.0.47,,66,1,DOWNLOAD,0.9842257140988042,DOWNLOAD,0.9842257140988042,-1,8688,1.6249999999460463,6,11584.0,18824.0,3,3,0.38095238095238093,0.6190476190476191,0.17292130155281382,0,0,0,0,0,0,0,0,0.057499999999999996,0.1,0.0,0.0,0.15,skip,training_upload_trigger_not_confirmed,1785296245.465863,1785296245465862808,1384913682561124,95.4,53.36328125,-1.0,0,0
2026-07-28T23:37:25.468,10.42.0.47,,66,1,DOWNLOAD,0.9842586901286671,DOWNLOAD,0.9842586901286671,-1,5792,1.0833333333285375,7,17376.0,18824.0,4,3,0.48,0.52,0.15053953456666416,0,0,0,0,0,0,0,0,0.039999999999999994,0.05,0.0,0.0,0.15,skip,training_upload_trigger_not_confirmed,1785296245.4689353,1785296245468935202,1384913685633627,95.4,53.36328125,-1.0,0,0
2026-07-28T23:37:25.469,10.42.0.47,,66,1,DOWNLOAD,0.9842595481342594,DOWNLOAD,0.9842595481342594,-1,11584,0.6500000000120857,8,28960.0,18824.0,5,3,0.6060606060606061,0.3939393939393939,0.13079011064619483,0,0,0,0,0,0,0,0,0.0225,0.0,0.0,0.0,0.15,skip,training_upload_trigger_not_confirmed,1785296245.4696019,1785296245469601707,1384913686299784,95.4,53.36328125,-1.0,0,0
2026-07-28T23:37:25.470,10.42.0.47,,66,1,DOWNLOAD,0.9842595696464124,DOWNLOAD,0.9842595696464124,-1,14480,0.43333333334637814,9,43440.0,18824.0,6,3,0.6976744186046512,0.3023255813953488,0.11373700058927569,0,0,0,0,0,0,0,0,0.0225,0.0,0.0,0.0,0.15,skip,training_upload_trigger_not_confirmed,1785296245.4709806,1785296245470980675,1384913687678806,95.4,53.36328125,-1.0,0,0
2026-07-28T23:37:25.472,10.42.0.47,,66,1,DOWNLOAD,0.9842595701605352,DOWNLOAD,0.9842595701605352,-1,20272,0.29545454546560374,10,63712.0,18824.0,7,3,0.7719298245614035,0.22807017543859648,0.09895568635686558,0,0,0,0,0,0,0,0,0.0225,0.0,0.0,0.0,0.15,skip,training_upload_trigger_not_confirmed,1785296245.4725463,1785296245472546257,1384913689244441,95.4,53.36328125,-1.0,0,0
2026-07-28T23:37:25.473,10.42.0.47,,66,1,DOWNLOAD,0.9842595701720059,DOWNLOAD,0.9842595701720059,-1,1005,0.2908663875134684,11,64717.0,18824.0,8,3,0.7746735136040986,0.22532648639590142,0.08604340832901682,0,0,0,0,0,0,0,0,0.0225,0.0,0.0,0.0,0.15,skip,training_upload_trigger_not_confirmed,1785296245.4735143,1785296245473514114,1384913690212452,95.4,53.36328125,-1.0,0,0
2026-07-28T23:37:25.781,10.42.0.59,,25,3,UPLOAD,0.95,UPLOAD,0.95,1,64240,0.8111418361830481,7,79197.0,64240.0,6,1,0.5521378723760257,0.4478621276239743,0.5250823877143806,0,0,0,1,1,1,1,1,0.85,1.0,1.0,0.4,0.8,skip,already_attacked_this_round,1785296245.7817402,1785296245781740232,1384913998439624,95.4,53.36328125,-1.0,0,0
2026-07-28T23:37:25.785,10.42.0.145,,29,3,UPLOAD,0.95,UPLOAD,0.95,1,64240,1.2484210117136945,4,51457.0,64240.0,3,1,0.4447565624000622,0.5552434375999378,0.6339624901178813,0,0,0,1,1,1,1,1,0.85,1.0,1.0,0.4,0.8,skip,already_attacked_this_round,1785296245.7857993,1785296245785799079,1384914002498569,95.4,53.36328125,-1.0,0,0
2026-07-28T23:37:25.788,10.42.0.59,,25,3,UPLOAD,0.9841010226033655,UPLOAD,0.9841010226033655,1,3635,0.8570400393972367,8,79197.0,67875.0,6,2,0.5384913511749347,0.46150864882506526,0.4568412249292801,0,0,0,1,1,1,1,1,0.85,1.0,1.0,0.4,0.8,skip,already_attacked_this_round,1785296245.7889593,1785296245788959160,1384914005658202,95.4,53.36328125,-1.0,0,0
2026-07-28T23:37:25.790,10.42.0.1,10.42.0.1,66,3,UPLOAD,0.95,UPLOAD,0.95,1,7240,0.4280514404674925,50,361272.0,154643.0,33,17,0.7002548869484314,0.2997451130515686,0.0034860696460791646,1,0,0,1,1,1,1,1,0.9699999999999999,1.0,1.0,1.0,0.8,trigger,training_upload_trigger_confirmed,1785296245.7904704,1785296245790470388,1384914007169065,95.4,53.36328125,18.124055,1785296245808595859,1384914025293120
2026-07-28T23:37:25.791,10.42.0.1,10.42.0.1,66,3,UPLOAD,0.95,UPLOAD,0.95,1,5792,0.4440836821025596,51,361272.0,160435.0,33,18,0.6924806452664043,0.30751935473359565,0.0031616641713079906,1,0,1,1,1,1,1,1,0.9699999999999999,1.0,1.0,1.0,0.8,skip,attack_already_active,1785296245.7914946,1785296245791494639,1384914008193099,95.4,53.36328125,-1.0,0,0
2026-07-28T23:37:25.792,10.42.0.145,10.42.0.1,29,3,UPLOAD,0.9841010226033655,UPLOAD,0.9841010226033655,1,3636,1.3190819519148202,5,51457.0,67876.0,3,2,0.43120511509808684,0.5687948849019131,0.5513063820139317,0,0,0,1,1,1,1,1,0.85,1.0,1.0,0.4,0.8,skip,already_attacked_this_round,1785296245.7925074,1785296245792507341,1384914009206198,95.4,53.36328125,-1.0,0,0
2026-07-28T23:37:25.794,10.42.0.1,10.42.0.1,66,3,UPLOAD,0.95,UPLOAD,0.95,1,7240,0.4641239841463935,52,361272.0,167675.0,33,19,0.683002266767748,0.316997733232252,0.003125094829687722,1,0,1,1,1,1,1,1,0.9699999999999999,1.0,1.0,1.0,0.8,skip,attack_already_active,1785296245.7943788,1785296245794378781,1384914011077876,95.4,53.36328125,-1.0,0,0
2026-07-28T23:37:25.795,10.42.0.1,10.42.0.1,66,3,UPLOAD,0.95,UPLOAD,0.95,1,5792,0.48015622578146067,53,361272.0,173467.0,33,20,0.675604360257995,0.32439563974200497,0.002866384506481308,1,0,1,1,1,1,1,1,0.9699999999999999,1.0,1.0,1.0,0.8,skip,attack_already_active,1785296245.7955406,1785296245795540556,1384914012239065,95.4,53.36328125,-1.0,0,0
2026-07-28T23:37:25.806,10.42.0.1,10.42.0.1,66,3,UPLOAD,0.95,UPLOAD,0.95,1,1448,0.48416428619022744,54,361272.0,174915.0,33,21,0.673779856654488,0.3262201433455119,0.0038716657512796876,1,0,1,1,1,1,1,1,0.9699999999999999,1.0,1.0,1.0,0.8,skip,attack_already_active,1785296245.8060358,1785296245806035797,1384914022734386,95.4,53.36328125,-1.0,0,0
2026-07-28T23:37:25.814,10.42.0.1,10.42.0.1,66,3,UPLOAD,0.95,UPLOAD,0.95,1,1448,0.4881723465989942,55,361272.0,176363.0,33,22,0.671965180838301,0.3280348191616989,0.004424897971123715,1,0,1,1,1,1,1,1,0.9699999999999999,1.0,1.0,1.0,0.8,skip,attack_already_active,1785296245.8141057,1785296245814105836,1384914030805292,95.4,53.36328125,-1.0,0,0
2026-07-28T23:37:25.883,10.42.0.1,10.42.0.1,66,3,UPLOAD,0.95,UPLOAD,0.95,1,1448,0.492180407007761,56,361272.0,177811.0,33,23,0.6701602536158625,0.3298397463841375,0.013002298757069802,1,0,1,1,1,1,1,1,0.9699999999999999,1.0,1.0,1.0,0.8,skip,attack_already_active,1785296245.8836222,1785296245883622271,1384914100322045,95.4,53.36328125,-1.0,0,0
2026-07-28T23:37:25.886,10.42.0.1,10.42.0.1,66,3,UPLOAD,0.95,UPLOAD,0.95,1,11584,0.5242448902778952,57,361272.0,189395.0,33,24,0.6560625568628591,0.343937443137141,0.011681929022801501,1,0,1,1,1,1,1,1,0.9699999999999999,1.0,1.0,1.0,0.8,skip,attack_already_active,1785296245.8866045,1785296245886604487,1384914103303551,95.4,53.36328125,-1.0,0,0
2026-07-28T23:37:25.887,10.42.0.1,10.42.0.1,66,3,UPLOAD,0.95,UPLOAD,0.95,1,14480,0.564325494365563,58,361272.0,203875.0,33,25,0.6392531500653812,0.3607468499346188,0.010300704633833374,1,0,1,1,1,1,1,1,0.9699999999999999,1.0,1.0,1.0,0.8,skip,attack_already_active,1785296245.8878047,1785296245887804618,1384914104504033,95.4,53.36328125,-1.0,0,0
2026-07-28T23:37:25.889,10.42.0.1,10.42.0.1,66,3,UPLOAD,0.95,UPLOAD,0.95,1,14480,0.6044060984532308,59,361272.0,218355.0,33,26,0.623283594449534,0.3767164055504661,0.009145789004068348,1,0,1,1,1,1,1,1,0.9699999999999999,1.0,1.0,1.0,0.8,skip,attack_already_active,1785296245.889341,1785296245889341118,1384914106039813,95.4,53.36328125,-1.0,0,0
2026-07-28T23:37:25.890,10.42.0.1,10.42.0.1,66,3,UPLOAD,0.95,UPLOAD,0.95,1,13032,0.6404786421321318,60,361272.0,231387.0,33,27,0.609578189144179,0.39042181085582095,0.008077681988679258,1,0,1,1,1,1,1,1,0.9699999999999999,1.0,1.0,1.0,0.8,skip,attack_already_active,1785296245.8903813,1785296245890381267,1384914107079697,95.4,53.36328125,-1.0,0,0
2026-07-28T23:37:25.892,10.42.0.1,10.42.0.1,66,3,UPLOAD,0.95,UPLOAD,0.95,1,18824,0.6925834274460999,61,361272.0,250211.0,33,28,0.5908128271758986,0.4091871728241014,0.007261133665490519,1,0,1,1,1,1,1,1,0.9699999999999999,1.0,1.0,1.0,0.8,skip,attack_already_active,1785296245.8922625,1785296245892262464,1384914108960818,95.4,53.36328125,-1.0,0,0
2026-07-28T23:37:25.893,10.42.0.1,10.42.0.1,66,3,UPLOAD,0.95,UPLOAD,0.95,1,10136,0.7206398503074674,62,361272.0,260347.0,33,29,0.5811791467120535,0.4188208532879465,0.006516778062054671,1,0,1,1,1,1,1,1,0.9699999999999999,1.0,1.0,1.0,0.8,skip,attack_already_active,1785296245.893875,1785296245893875020,1384914110573915,95.4,53.36328125,-1.0,0,0
2026-07-28T23:37:25.896,10.42.0.1,10.42.0.1,66,3,UPLOAD,0.95,UPLOAD,0.95,1,17376,0.7687365752126688,63,361272.0,277723.0,33,30,0.5653753159257897,0.4346246840742103,0.0059681550556951336,1,0,1,1,1,1,1,1,0.9699999999999999,1.0,1.0,1.0,0.8,skip,attack_already_active,1785296245.8962283,1785296245896228224,1384914112926647,95.4,53.36328125,-1.0,0,0
2026-07-28T23:37:25.898,10.42.0.1,10.42.0.1,66,3,UPLOAD,0.95,UPLOAD,0.95,1,14480,0.8088171793003366,64,361272.0,292203.0,33,31,0.552847469298749,0.447152530701251,0.005424530308954225,1,0,1,1,1,1,1,1,0.9699999999999999,1.0,1.0,1.0,0.8,skip,attack_already_active,1785296245.898071,1785296245898071149,1384914114769984,95.4,53.36328125,-1.0,0,0
2026-07-28T23:37:25.900,10.42.0.1,10.42.0.1,66,3,UPLOAD,0.95,UPLOAD,0.95,1,8591,0.8325970459935101,65,361272.0,300794.0,33,32,0.5456736941634218,0.45432630583657824,0.004973496884668883,1,0,1,1,1,1,1,1,0.9699999999999999,1.0,1.0,1.0,0.8,skip,attack_already_active,1785296245.9000728,1785296245900072610,1384914116771372,95.4,53.36328125,-1.0,0,0
2026-07-28T23:37:25.902,10.42.0.1,10.42.0.1,66,3,UPLOAD,0.95,UPLOAD,0.95,1,5694,0.8483580238716304,66,361272.0,306488.0,33,33,0.5410207260093447,0.4589792739906553,0.004645769890387717,1,0,1,1,1,1,1,1,0.9699999999999999,1.0,1.0,1.0,0.8,skip,attack_already_active,1785296245.9025593,1785296245902559320,1384914119258185,95.4,53.36328125,-1.0,0,0
2026-07-28T23:37:25.926,10.42.0.18,10.42.0.1,49,3,UPLOAD,0.95,UPLOAD,0.95,1,49640,0.7514722133952274,7,66057.0,49640.0,6,1,0.5709482527636844,0.42905174723631556,0.32649625093296736,0,0,0,1,1,1,1,1,0.9699999999999999,1.0,1.0,1.0,0.8,trigger,training_upload_trigger_confirmed,1785296245.926459,1785296245926459040,1384914143158647,95.4,53.36328125,45.516015,1785296245971977352,1384914188674662
2026-07-28T23:37:25.928,10.42.0.18,10.42.0.1,49,3,UPLOAD,0.9841010226033655,UPLOAD,0.9841010226033655,1,5840,0.8398807090870025,8,66057.0,55480.0,6,2,0.5435134979471272,0.4564865020528728,0.2837573374633442,0,0,1,1,1,1,1,1,0.9699999999999999,1.0,1.0,1.0,0.8,skip,attack_already_active,1785296245.9286215,1785296245928621620,1384914145319986,95.4,53.36328125,-1.0,0,0
2026-07-28T23:37:25.930,10.42.0.18,10.42.0.1,49,3,UPLOAD,0.9854688349332961,UPLOAD,0.9854688349332961,1,24075,1.2043386771999283,9,66057.0,79555.0,6,3,0.45365079801115293,0.5463492019888471,0.24661403442147914,0,0,1,1,1,1,1,1,0.9699999999999999,1.0,1.0,1.0,0.8,skip,attack_already_active,1785296245.9305086,1785296245930508614,1384914147207381,95.4,53.36328125,-1.0,0,0
2026-07-28T23:37:25.932,10.42.0.1,10.42.0.1,66,3,UPLOAD,0.95,UPLOAD,0.95,1,7240,0.8683983259154643,67,361272.0,313728.0,33,34,0.5352177777777778,0.4647822222222222,0.004616087557507223,1,0,1,1,1,1,1,1,0.9699999999999999,1.0,1.0,1.0,0.8,skip,attack_already_active,1785296245.9320316,1785296245932031814,1384914148730431,95.4,53.36328125,-1.0,0,0
2026-07-28T23:37:25.933,10.42.0.1,10.42.0.1,66,3,UPLOAD,0.95,UPLOAD,0.95,1,5792,0.8844305675505314,68,361272.0,319520.0,33,35,0.5306642851267347,0.46933571487326525,0.004150157680915564,1,0,1,1,1,1,1,1,0.9699999999999999,1.0,1.0,1.0,0.8,skip,attack_already_active,1785296245.933112,1785296245933111858,1384914149810176,95.4,53.36328125,-1.0,0,0
2026-07-28T23:37:25.935,10.42.0.1,10.42.0.1,66,3,UPLOAD,0.95,UPLOAD,0.95,1,2896,0.892446688368065,69,361272.0,322416.0,33,36,0.5284164706708323,0.4715835293291677,0.003947985465355316,1,0,1,1,1,1,1,1,0.9699999999999999,1.0,1.0,1.0,0.8,skip,attack_already_active,1785296245.9357278,1785296245935727952,1384914152427091,95.4,53.36328125,-1.0,0,0
2026-07-28T23:37:25.936,10.42.0.1,10.42.0.1,66,3,UPLOAD,0.95,UPLOAD,0.95,1,11584,0.9245111716381992,70,361272.0,334000.0,33,37,0.5196124682138789,0.4803875317861211,0.003579362544127853,1,0,1,1,1,1,1,1,0.9699999999999999,1.0,1.0,1.0,0.8,skip,attack_already_active,1785296245.9368784,1785296245936878431,1384914153577788,95.4,53.36328125,-1.0,0,0
2026-07-28T23:37:25.938,10.42.0.1,10.42.0.1,66,3,UPLOAD,0.95,UPLOAD,0.95,1,2896,0.9325272924557327,71,361272.0,336896.0,33,38,0.5174571163387609,0.48254288366123915,0.0032652526165523913,1,0,1,1,1,1,1,1,0.9699999999999999,1.0,1.0,1.0,0.8,skip,attack_already_active,1785296245.938074,1785296245938074182,1384914154773898,95.4,53.36328125,-1.0,0,0
2026-07-28T23:37:25.939,10.42.0.1,10.42.0.1,66,3,UPLOAD,0.95,UPLOAD,0.95,1,11584,0.964591775725867,72,361272.0,348480.0,33,39,0.5090115984174755,0.4909884015825246,0.003049431417020159,1,0,1,1,1,1,1,1,0.9699999999999999,1.0,1.0,1.0,0.8,skip,attack_already_active,1785296245.9397016,1785296245939701597,1384914156400235,95.4,53.36328125,-1.0,0,0
2026-07-28T23:37:25.941,10.42.0.1,10.42.0.1,66,3,UPLOAD,0.95,UPLOAD,0.95,1,5792,0.9806240173609341,73,361272.0,354272.0,33,40,0.5048913833391099,0.4951086166608902,0.002837167295974108,1,0,1,1,1,1,1,1,0.9699999999999999,1.0,1.0,1.0,0.8,skip,attack_already_active,1785296245.9411402,1785296245941140348,1384914157838445,95.4,53.36328125,-1.0,0,0
2026-07-28T23:37:25.942,10.42.0.1,10.42.0.1,66,3,UPLOAD,0.95,UPLOAD,0.95,1,14480,1.020704621448602,74,361272.0,368752.0,33,41,0.4948768807600846,0.5051231192399154,0.002653125506574444,1,0,1,1,1,1,1,1,0.9699999999999999,1.0,1.0,1.0,0.8,skip,attack_already_active,1785296245.9425807,1785296245942580628,1384914159279331,95.4,53.36328125,-1.0,0,0
2026-07-28T23:37:25.944,10.42.0.1,10.42.0.1,66,3,UPLOAD,0.95,UPLOAD,0.95,1,8688,1.0447529839012026,75,361272.0,377440.0,33,42,0.48905662829357044,0.5109433717064296,0.0025103954187219732,1,0,1,1,1,1,1,1,0.9699999999999999,1.0,1.0,1.0,0.8,skip,attack_already_active,1785296245.9441507,1785296245944150876,1384914160849469,77.0,53.36328125,-1.0,0,0
2026-07-28T23:37:25.945,10.42.0.1,10.42.0.1,66,3,UPLOAD,0.95,UPLOAD,0.95,1,5792,1.0607852255362697,76,361272.0,383232.0,33,43,0.4852519261145676,0.5147480738854324,0.0023691624800090474,1,0,1,1,1,1,1,1,0.9699999999999999,1.0,1.0,1.0,0.8,skip,attack_already_active,1785296245.9455893,1785296245945589250,1384914162287543,77.0,53.36328125,-1.0,0,0
2026-07-28T23:37:25.947,10.42.0.1,10.42.0.1,66,3,UPLOAD,0.95,UPLOAD,0.95,1,2798,1.0685300825968562,77,361272.0,386030.0,33,44,0.48343507711741707,0.5165649228825829,0.0022930383095534183,1,0,1,1,1,1,1,1,0.9699999999999999,1.0,1.0,1.0,0.8,skip,attack_already_active,1785296245.9473808,1785296245947380669,1384914164079117,77.0,53.36328125,-1.0,0,0
2026-07-28T23:37:27.051,10.42.0.47,10.42.0.1,66,2,TRAINING,0.9,TRAINING,0.9,0,43,1.0,0,0.0,0.0,0,0,0.0,0.0,0.33835773058573976,0,0,0,0,0,0,0,0,0.039999999999999994,0.05,0.0,0.0,0.15,skip,training_upload_trigger_not_confirmed,1785296247.0511122,1785296247051112307,1384915267811133,11.9,53.36328125,-1.0,0,0
2026-07-28T23:37:27.095,10.42.0.47,10.42.0.1|10.42.0.47,66,3,UPLOAD,0.95,UPLOAD,0.95,1,7240,100.0,1,0.0,7240.0,0,1,0.0,1.0,0.2942903712710212,1,0,0,1,1,1,1,1,0.9699999999999999,1.0,1.0,1.0,0.8,trigger,training_upload_trigger_confirmed,1785296247.0950694,1785296247095069426,1384915311767917,11.9,53.36328125,7.584365,1785296247102654947,1384915319352282
2026-07-28T23:37:27.095,10.42.0.47,10.42.0.1|10.42.0.47,66,3,UPLOAD,0.95,UPLOAD,0.95,1,1448,100.0,2,0.0,8688.0,0,2,0.0,1.0,0.2556275068814444,1,0,1,1,1,1,1,1,0.9699999999999999,1.0,1.0,1.0,0.8,skip,attack_already_active,1785296247.095958,1785296247095957931,1384915312656542,11.9,53.36328125,-1.0,0,0
2026-07-28T23:37:27.097,10.42.0.47,10.42.0.1|10.42.0.47,66,3,UPLOAD,0.95,UPLOAD,0.95,1,4344,100.0,3,0.0,13032.0,0,3,0.0,1.0,0.22211264212245796,1,0,1,1,1,1,1,1,0.9699999999999999,1.0,1.0,1.0,0.8,skip,attack_already_active,1785296247.0972505,1785296247097250634,1384915313948952,11.9,53.36328125,-1.0,0,0
2026-07-28T23:37:27.098,10.42.0.47,10.42.0.1|10.42.0.47,66,3,UPLOAD,0.95,UPLOAD,0.95,1,2896,100.0,4,0.0,15928.0,0,4,0.0,1.0,0.1929616194168406,1,0,1,1,1,1,1,1,0.9699999999999999,1.0,1.0,1.0,0.8,skip,attack_already_active,1785296247.098144,1785296247098144094,1384915314842425,11.9,53.36328125,-1.0,0,0
2026-07-28T23:37:27.099,10.42.0.47,10.42.0.1|10.42.0.47,66,3,UPLOAD,0.95,UPLOAD,0.95,1,2896,100.0,5,0.0,18824.0,0,5,0.0,1.0,0.1676520200778338,1,0,1,1,1,1,1,1,0.9699999999999999,1.0,1.0,1.0,0.8,skip,attack_already_active,1785296247.0990381,1785296247099038262,1384915315736444,11.9,53.36328125,-1.0,0,0
2026-07-28T23:37:27.100,10.42.0.47,10.42.0.1|10.42.0.47,66,3,UPLOAD,0.95,UPLOAD,0.95,1,8688,100.0,6,0.0,27512.0,0,6,0.0,1.0,0.14578590722354307,1,0,1,1,1,1,1,1,0.9699999999999999,1.0,1.0,1.0,0.8,skip,attack_already_active,1785296247.1007543,1785296247100754233,1384915317452609,11.9,53.36328125,-1.0,0,0
2026-07-28T23:37:27.101,10.42.0.47,10.42.0.1|10.42.0.47,66,3,UPLOAD,0.95,UPLOAD,0.95,1,1448,100.0,7,0.0,28960.0,0,7,0.0,1.0,0.12669141709432968,1,0,1,1,1,1,1,1,0.9699999999999999,1.0,1.0,1.0,0.8,skip,attack_already_active,1785296247.1016374,1785296247101637257,1384915318335825,11.9,53.36328125,-1.0,0,0
2026-07-28T23:37:27.102,10.42.0.47,10.42.0.1|10.42.0.47,66,3,UPLOAD,0.95,UPLOAD,0.95,1,4344,100.0,8,0.0,33304.0,0,8,0.0,1.0,0.11016763400673835,1,0,1,1,1,1,1,1,0.9699999999999999,1.0,1.0,1.0,0.8,skip,attack_already_active,1785296247.1029344,1785296247102934326,1384915319632634,11.9,53.36328125,-1.0,0,0
2026-07-28T23:37:27.103,10.42.0.47,10.42.0.1|10.42.0.47,66,3,UPLOAD,0.95,UPLOAD,0.95,1,8688,100.0,9,0.0,41992.0,0,9,0.0,1.0,0.09576889071603133,1,0,1,1,1,1,1,1,0.9699999999999999,1.0,1.0,1.0,0.8,skip,attack_already_active,1785296247.103834,1785296247103833898,1384915320532233,11.9,53.36328125,-1.0,0,0
2026-07-28T23:37:27.104,10.42.0.47,10.42.0.1|10.42.0.47,66,3,UPLOAD,0.95,UPLOAD,0.95,1,4344,100.0,10,0.0,46336.0,0,10,0.0,1.0,0.0832667801541073,1,0,1,1,1,1,1,1,0.9699999999999999,1.0,1.0,1.0,0.8,skip,attack_already_active,1785296247.1047277,1785296247104727692,1384915321426008,11.9,53.36328125,-1.0,0,0
2026-07-28T23:37:27.105,10.42.0.47,10.42.0.1|10.42.0.47,66,3,UPLOAD,0.95,UPLOAD,0.95,1,7240,100.0,11,0.0,53576.0,0,11,0.0,1.0,0.0724528770438528,1,0,1,1,1,1,1,1,0.9699999999999999,1.0,1.0,1.0,0.8,skip,attack_already_active,1785296247.1059308,1785296247105930638,1384915322628850,11.9,53.36328125,-1.0,0,0
2026-07-28T23:37:27.106,10.42.0.47,10.42.0.1|10.42.0.47,66,3,UPLOAD,0.95,UPLOAD,0.95,1,2896,100.0,12,0.0,56472.0,0,12,0.0,1.0,0.06301162874710983,1,0,1,1,1,1,1,1,0.9699999999999999,1.0,1.0,1.0,0.8,skip,attack_already_active,1785296247.1067367,1785296247106736754,1384915323434821,11.9,53.36328125,-1.0,0,0
2026-07-28T23:37:27.107,10.42.0.47,10.42.0.1|10.42.0.47,66,3,UPLOAD,0.95,UPLOAD,0.95,1,10136,100.0,13,0.0,66608.0,0,13,0.0,1.0,0.05485898308332184,1,0,1,1,1,1,1,1,0.9699999999999999,1.0,1.0,1.0,0.8,skip,attack_already_active,1785296247.10788,1785296247107880119,1384915324578222,11.9,53.36328125,-1.0,0,0
2026-07-28T23:37:27.109,10.42.0.47,10.42.0.1|10.42.0.47,66,3,UPLOAD,0.95,UPLOAD,0.95,1,7240,100.0,14,0.0,73848.0,0,14,0.0,1.0,0.04778441806888609,1,0,1,1,1,1,1,1,0.9699999999999999,1.0,1.0,1.0,0.8,skip,attack_already_active,1785296247.1090522,1785296247109052285,1384915325750373,11.9,53.36328125,-1.0,0,0
2026-07-28T23:37:27.109,10.42.0.47,10.42.0.1|10.42.0.47,66,3,UPLOAD,0.95,UPLOAD,0.95,1,2896,100.0,15,0.0,76744.0,0,15,0.0,1.0,0.04159968650095704,1,0,1,1,1,1,1,1,0.9699999999999999,1.0,1.0,1.0,0.8,skip,attack_already_active,1785296247.1099024,1785296247109902333,1384915326600525,11.9,53.36328125,-1.0,0,0
2026-07-28T23:37:27.111,10.42.0.47,10.42.0.1|10.42.0.47,66,3,UPLOAD,0.95,UPLOAD,0.95,1,2785,100.0,16,0.0,79529.0,0,16,0.0,1.0,0.03628175207716081,1,0,1,1,1,1,1,1,0.9699999999999999,1.0,1.0,1.0,0.8,skip,attack_already_active,1785296247.1111457,1785296247111145810,1384915327844058,11.9,53.36328125,-1.0,0,0
2026-07-28T23:37:27.112,10.42.0.1,10.42.0.1|10.42.0.47,66,3,UPLOAD,0.9551704583065099,UPLOAD,0.9551704583065099,1,7240,100.0,1,0.0,7240.0,0,1,0.0,1.0,0.0045127242357714025,1,0,1,1,1,1,1,1,0.9699999999999999,1.0,1.0,1.0,0.8,skip,attack_already_active,1785296247.1124392,1785296247112439023,1384915329137593,11.9,53.36328125,-1.0,0,0
2026-07-28T23:37:27.113,10.42.0.1,10.42.0.1|10.42.0.47,66,3,UPLOAD,0.9597004071795748,UPLOAD,0.9597004071795748,1,5792,100.0,2,0.0,13032.0,0,2,0.0,1.0,0.004089036331740491,1,0,1,1,1,1,1,1,0.9699999999999999,1.0,1.0,1.0,0.8,skip,attack_already_active,1785296247.1137366,1785296247113736640,1384915330435132,11.9,53.36328125,-1.0,0,0
2026-07-28T23:37:27.115,10.42.0.1,10.42.0.1|10.42.0.47,66,3,UPLOAD,0.9621496050236247,UPLOAD,0.9621496050236247,1,14480,100.0,3,0.0,27512.0,0,3,0.0,1.0,0.0037185091902581084,1,0,1,1,1,1,1,1,0.9699999999999999,1.0,1.0,1.0,0.8,skip,attack_already_active,1785296247.1150138,1785296247115013893,1384915331712212,11.9,53.36328125,-1.0,0,0
2026-07-28T23:37:27.115,10.42.0.1,10.42.0.1|10.42.0.47,66,3,UPLOAD,0.9643533244404786,UPLOAD,0.9643533244404786,1,14480,100.0,4,0.0,41992.0,0,4,0.0,1.0,0.003345943163289037,1,0,1,1,1,1,1,1,0.9699999999999999,1.0,1.0,1.0,0.8,skip,attack_already_active,1785296247.115905,1785296247115904996,1384915332603283,11.9,53.36328125,-1.0,0,0
2026-07-28T23:37:27.117,10.42.0.1,10.42.0.1|10.42.0.47,66,3,UPLOAD,0.9662231369244535,UPLOAD,0.9662231369244535,1,14480,100.0,5,0.0,56472.0,0,5,0.0,1.0,0.003065670863826135,1,0,1,1,1,1,1,1,0.9699999999999999,1.0,1.0,1.0,0.8,skip,attack_already_active,1785296247.117124,1785296247117124005,1384915333822250,11.9,53.36328125,-1.0,0,0
2026-07-28T23:37:27.118,10.42.0.1,10.42.0.1|10.42.0.47,66,3,UPLOAD,0.9681047000072948,UPLOAD,0.9681047000072948,1,14480,100.0,6,0.0,70952.0,0,6,0.0,1.0,0.0028233366571523565,1,0,1,1,1,1,1,1,0.9699999999999999,1.0,1.0,1.0,0.8,skip,attack_already_active,1785296247.1183507,1785296247118350857,1384915335049248,11.9,53.36328125,-1.0,0,0
2026-07-28T23:37:27.119,10.42.0.1,10.42.0.1|10.42.0.47,66,3,UPLOAD,0.9696197644382365,UPLOAD,0.9696197644382365,1,8577,100.0,7,0.0,79529.0,0,7,0.0,1.0,0.002611710630049277,1,0,1,1,1,1,1,1,0.9699999999999999,1.0,1.0,1.0,0.8,skip,attack_already_active,1785296247.119568,1785296247119568140,1384915336266810,11.9,53.36328125,-1.0,0,0
2026-07-28T23:37:27.219,10.42.0.210,10.42.0.1|10.42.0.47,65,3,UPLOAD,0.95,UPLOAD,0.95,1,1448,100.0,1,0.0,1448.0,0,1,0.0,1.0,0.26688318114242426,0,0,0,1,1,1,1,1,0.9525,0.95,1.0,1.0,0.8,trigger,training_upload_trigger_confirmed,1785296247.2191632,1785296247219163198,1384915435861992,11.9,53.36328125,13.721164,1785296247232885908,1384915449583156
2026-07-28T23:37:27.221,10.42.0.210,10.42.0.1|10.42.0.47,65,3,UPLOAD,0.9841010226033655,UPLOAD,0.9841010226033655,1,1448,100.0,2,0.0,2896.0,0,2,0.0,1.0,0.23203311364271678,0,0,1,1,1,1,1,1,0.9699999999999999,1.0,1.0,1.0,0.8,skip,attack_already_active,1785296247.2215788,1785296247221578733,1384915438277116,11.9,53.36328125,-1.0,0,0
2026-07-28T23:37:27.222,10.42.0.210,10.42.0.1|10.42.0.47,65,3,UPLOAD,0.9854688349332961,UPLOAD,0.9854688349332961,1,1448,100.0,3,0.0,4344.0,0,3,0.0,1.0,0.20164290775504431,0,0,1,1,1,1,1,1,0.9699999999999999,1.0,1.0,1.0,0.8,skip,attack_already_active,1785296247.222989,1785296247222988994,1384915439687566,11.9,53.36328125,-1.0,0,0
2026-07-28T23:37:27.224,10.42.0.210,10.42.0.1|10.42.0.47,65,3,UPLOAD,0.9855076450773014,UPLOAD,0.9855076450773014,1,1448,100.0,4,0.0,5792.0,0,4,0.0,1.0,0.175267188776309,0,0,1,1,1,1,1,1,0.9699999999999999,1.0,1.0,1.0,0.8,skip,attack_already_active,1785296247.224474,1785296247224473871,1384915441172633,11.9,53.36328125,-1.0,0,0
2026-07-28T23:37:27.225,10.42.0.210,10.42.0.1|10.42.0.47,65,3,UPLOAD,0.9855086980780915,UPLOAD,0.9855086980780915,1,1448,100.0,5,0.0,7240.0,0,5,0.0,1.0,0.1523640372416892,0,0,1,1,1,1,1,1,0.9699999999999999,1.0,1.0,1.0,0.8,skip,attack_already_active,1785296247.2259355,1785296247225935297,1384915442633706,11.9,53.36328125,-1.0,0,0
2026-07-28T23:37:27.227,10.42.0.210,10.42.0.1|10.42.0.47,65,3,UPLOAD,0.9855087254685951,UPLOAD,0.9855087254685951,1,1448,100.0,6,0.0,8688.0,0,6,0.0,1.0,0.13247673711039262,0,0,1,1,1,1,1,1,0.9699999999999999,1.0,1.0,1.0,0.8,skip,attack_already_active,1785296247.2273803,1785296247227380204,1384915444078548,11.9,53.36328125,-1.0,0,0
2026-07-28T23:37:27.229,10.42.0.210,10.42.0.1|10.42.0.47,65,3,UPLOAD,0.9855087261493067,UPLOAD,0.9855087261493067,1,1448,100.0,7,0.0,10136.0,0,7,0.0,1.0,0.11527020844931869,0,0,1,1,1,1,1,1,0.9699999999999999,1.0,1.0,1.0,0.8,skip,attack_already_active,1785296247.2292814,1785296247229281447,1384915445980140,11.9,53.36328125,-1.0,0,0
2026-07-28T23:37:27.230,10.42.0.210,10.42.0.1|10.42.0.47,65,3,UPLOAD,0.9855087261653082,UPLOAD,0.9855087261653082,1,1448,100.0,8,0.0,11584.0,0,8,0.0,1.0,0.10027824817564927,0,0,1,1,1,1,1,1,0.9699999999999999,1.0,1.0,1.0,0.8,skip,attack_already_active,1785296247.2307818,1785296247230781669,1384915447480152,11.9,53.36328125,-1.0,0,0
2026-07-28T23:37:27.232,10.42.0.210,10.42.0.1|10.42.0.47,65,3,UPLOAD,0.985508726165656,UPLOAD,0.985508726165656,1,1448,100.0,9,0.0,13032.0,0,9,0.0,1.0,0.08725097505448999,0,0,1,1,1,1,1,1,0.9699999999999999,1.0,1.0,1.0,0.8,skip,attack_already_active,1785296247.2321997,1785296247232199707,1384915448898048,11.9,53.36328125,-1.0,0,0
2026-07-28T23:37:27.233,10.42.0.210,10.42.0.1|10.42.0.47,65,3,UPLOAD,0.9855087261656625,UPLOAD,0.9855087261656625,1,1448,100.0,10,0.0,14480.0,0,10,0.0,1.0,0.0759379762000198,0,0,1,1,1,1,1,1,0.9699999999999999,1.0,1.0,1.0,0.8,skip,attack_already_active,1785296247.2335994,1785296247233599382,1384915450297773,11.9,53.36328125,-1.0,0,0
2026-07-28T23:37:27.234,10.42.0.210,10.42.0.1|10.42.0.47,65,3,UPLOAD,0.95,UPLOAD,0.95,1,1448,100.0,11,0.0,15928.0,0,11,0.0,1.0,0.06611288276916537,0,0,1,1,1,1,1,1,0.9699999999999999,1.0,1.0,1.0,0.8,skip,attack_already_active,1785296247.2349775,1785296247234977551,1384915451676086,11.9,53.36328125,-1.0,0,0
2026-07-28T23:37:27.236,10.42.0.210,10.42.0.1|10.42.0.47,65,3,UPLOAD,0.95,UPLOAD,0.95,1,1448,100.0,12,0.0,17376.0,0,12,0.0,1.0,0.0575833969129168,0,0,1,1,1,1,1,1,0.9699999999999999,1.0,1.0,1.0,0.8,skip,attack_already_active,1785296247.2363625,1785296247236362430,1384915453060997,11.9,53.36328125,-1.0,0,0
2026-07-28T23:37:27.237,10.42.0.210,10.42.0.1|10.42.0.47,65,3,UPLOAD,0.95,UPLOAD,0.95,1,1448,100.0,13,0.0,18824.0,0,13,0.0,1.0,0.05016317614301298,0,0,1,1,1,1,1,1,0.9699999999999999,1.0,1.0,1.0,0.8,skip,attack_already_active,1785296247.2376359,1785296247237635834,1384915454334311,11.9,53.36328125,-1.0,0,0
2026-07-28T23:37:27.238,10.42.0.210,10.42.0.1|10.42.0.47,65,3,UPLOAD,0.95,UPLOAD,0.95,1,1448,100.0,14,0.0,20272.0,0,14,0.0,1.0,0.043716918090593346,0,0,1,1,1,1,1,1,0.9699999999999999,1.0,1.0,1.0,0.8,skip,attack_already_active,1785296247.2388802,1785296247238880160,1384915455578370,11.9,53.36328125,-1.0,0,0
2026-07-28T23:37:27.240,10.42.0.210,10.42.0.1|10.42.0.47,65,3,UPLOAD,0.95,UPLOAD,0.95,1,1448,100.0,15,0.0,21720.0,0,15,0.0,1.0,0.03812265708470938,0,0,1,1,1,1,1,1,0.9699999999999999,1.0,1.0,1.0,0.8,skip,attack_already_active,1785296247.2401438,1785296247240143969,1384915456842581,11.9,53.36328125,-1.0,0,0
2026-07-28T23:37:27.241,10.42.0.210,10.42.0.1|10.42.0.47,65,3,UPLOAD,0.95,UPLOAD,0.95,1,1448,100.0,16,0.0,23168.0,0,16,0.0,1.0,0.03327585036762138,0,0,1,1,1,1,1,1,0.9699999999999999,1.0,1.0,1.0,0.8,skip,attack_already_active,1785296247.2414854,1785296247241485291,1384915458183962,11.9,53.36328125,-1.0,0,0
2026-07-28T23:37:27.242,10.42.0.210,10.42.0.1|10.42.0.47,65,3,UPLOAD,0.95,UPLOAD,0.95,1,1448,100.0,17,0.0,24616.0,0,17,0.0,1.0,0.02907655734332618,0,0,1,1,1,1,1,1,0.9699999999999999,1.0,1.0,1.0,0.8,skip,attack_already_active,1785296247.242894,1785296247242893923,1384915459593056,11.9,53.36328125,-1.0,0,0
2026-07-28T23:37:27.244,10.42.0.210,10.42.0.1|10.42.0.47,65,3,UPLOAD,0.95,UPLOAD,0.95,1,1448,100.0,18,0.0,26064.0,0,18,0.0,1.0,0.0254464583373224,0,0,1,1,1,1,1,1,0.9699999999999999,1.0,1.0,1.0,0.8,skip,attack_already_active,1785296247.2444227,1785296247244422768,1384915461121644,11.9,53.36328125,-1.0,0,0
2026-07-28T23:37:27.245,10.42.0.210,10.42.0.1|10.42.0.47,65,3,UPLOAD,0.95,UPLOAD,0.95,1,1448,100.0,19,0.0,27512.0,0,19,0.0,1.0,0.0222235845211156,0,0,1,1,1,1,1,1,0.9699999999999999,1.0,1.0,1.0,0.8,skip,attack_already_active,1785296247.2454116,1785296247245411484,1384915462110087,11.9,53.36328125,-1.0,0,0
2026-07-28T23:37:27.246,10.42.0.210,10.42.0.1|10.42.0.47,65,3,UPLOAD,0.95,UPLOAD,0.95,1,1448,100.0,20,0.0,28960.0,0,20,0.0,1.0,0.019490940056647716,0,0,1,1,1,1,1,1,0.9699999999999999,1.0,1.0,1.0,0.8,skip,attack_already_active,1785296247.246898,1785296247246897878,1384915463596494,11.9,53.36328125,-1.0,0,0
2026-07-28T23:37:27.248,10.42.0.210,10.42.0.1|10.42.0.47,65,3,UPLOAD,0.95,UPLOAD,0.95,1,1448,100.0,21,0.0,30408.0,0,21,0.0,1.0,0.017072330336829856,0,0,1,1,1,1,1,1,0.9699999999999999,1.0,1.0,1.0,0.8,skip,attack_already_active,1785296247.2480347,1785296247248034921,1384915464735016,11.9,53.36328125,-1.0,0,0
2026-07-28T23:37:27.249,10.42.0.210,10.42.0.1|10.42.0.47,65,3,UPLOAD,0.95,UPLOAD,0.95,1,1448,100.0,22,0.0,31856.0,0,22,0.0,1.0,0.01503818841705561,0,0,1,1,1,1,1,1,0.9699999999999999,1.0,1.0,1.0,0.8,skip,attack_already_active,1785296247.2496705,1785296247249670325,1384915466369427,11.9,53.36328125,-1.0,0,0
2026-07-28T23:37:27.250,10.42.0.210,10.42.0.1|10.42.0.47,65,3,UPLOAD,0.95,UPLOAD,0.95,1,1448,100.0,23,0.0,33304.0,0,23,0.0,1.0,0.013193330841801394,0,0,1,1,1,1,1,1,0.9699999999999999,1.0,1.0,1.0,0.8,skip,attack_already_active,1785296247.2507086,1785296247250708372,1384915467406877,11.9,53.36328125,-1.0,0,0
2026-07-28T23:37:27.252,10.42.0.210,10.42.0.1|10.42.0.47,65,3,UPLOAD,0.95,UPLOAD,0.95,1,1448,100.0,24,0.0,34752.0,0,24,0.0,1.0,0.011644831024844328,0,0,1,1,1,1,1,1,0.9699999999999999,1.0,1.0,1.0,0.8,skip,attack_already_active,1785296247.2521508,1785296247252150895,1384915468849299,11.9,53.36328125,-1.0,0,0
2026-07-28T23:37:27.253,10.42.0.210,10.42.0.1|10.42.0.47,65,3,UPLOAD,0.95,UPLOAD,0.95,1,1448,100.0,25,0.0,36200.0,0,25,0.0,1.0,0.010307986979234109,0,0,1,1,1,1,1,1,0.9699999999999999,1.0,1.0,1.0,0.8,skip,attack_already_active,1785296247.2536507,1785296247253650778,1384915470349310,11.9,53.36328125,-1.0,0,0
2026-07-28T23:37:27.254,10.42.0.210,10.42.0.1|10.42.0.47,65,3,UPLOAD,0.95,UPLOAD,0.95,1,1448,100.0,26,0.0,37648.0,0,26,0.0,1.0,0.009098639168571817,0,0,1,1,1,1,1,1,0.9699999999999999,1.0,1.0,1.0,0.8,skip,attack_already_active,1785296247.2547812,1785296247254781082,1384915471479683,11.9,53.36328125,-1.0,0,0
2026-07-28T23:37:27.256,10.42.0.210,10.42.0.1|10.42.0.47,65,3,UPLOAD,0.95,UPLOAD,0.95,1,1448,100.0,27,0.0,39096.0,0,27,0.0,1.0,0.008140203064651085,0,0,1,1,1,1,1,1,0.9699999999999999,1.0,1.0,1.0,0.8,skip,attack_already_active,1785296247.2566066,1785296247256606343,1384915473304903,11.9,53.36328125,-1.0,0,0
2026-07-28T23:37:27.257,10.42.0.210,10.42.0.1|10.42.0.47,65,3,UPLOAD,0.95,UPLOAD,0.95,1,1448,100.0,28,0.0,40544.0,0,28,0.0,1.0,0.007247994144352647,0,0,1,1,1,1,1,1,0.9699999999999999,1.0,1.0,1.0,0.8,skip,attack_already_active,1785296247.257976,1785296247257975966,1384915474674394,11.9,53.36328125,-1.0,0,0
2026-07-28T23:37:27.259,10.42.0.210,10.42.0.1|10.42.0.47,65,3,UPLOAD,0.95,UPLOAD,0.95,1,1448,100.0,29,0.0,41992.0,0,29,0.0,1.0,0.0064723502211625475,0,0,1,1,1,1,1,1,0.9699999999999999,1.0,1.0,1.0,0.8,skip,attack_already_active,1785296247.259338,1785296247259338074,1384915476036573,11.9,53.36328125,-1.0,0,0
2026-07-28T23:37:27.260,10.42.0.210,10.42.0.1|10.42.0.47,65,3,UPLOAD,0.95,UPLOAD,0.95,1,1448,100.0,30,0.0,43440.0,0,30,0.0,1.0,0.005796748557688033,0,0,1,1,1,1,1,1,0.9699999999999999,1.0,1.0,1.0,0.8,skip,attack_already_active,1785296247.2606833,1785296247260683343,1384915477381703,11.9,53.36328125,-1.0,0,0
2026-07-28T23:37:27.262,10.42.0.210,10.42.0.1|10.42.0.47,65,3,UPLOAD,0.95,UPLOAD,0.95,1,1448,100.0,31,0.0,44888.0,0,31,0.0,1.0,0.00520913716763674,0,0,1,1,1,1,1,1,0.9699999999999999,1.0,1.0,1.0,0.8,skip,attack_already_active,1785296247.2620208,1785296247262020911,1384915478719430,11.9,53.36328125,-1.0,0,0
2026-07-28T23:37:27.262,10.42.0.210,10.42.0.1|10.42.0.47,65,3,UPLOAD,0.95,UPLOAD,0.95,1,1448,100.0,32,0.0,46336.0,0,32,0.0,1.0,0.004648721403268281,0,0,1,1,1,1,1,1,0.9699999999999999,1.0,1.0,1.0,0.8,skip,attack_already_active,1785296247.2629771,1785296247262977095,1384915479675477,11.9,53.36328125,-1.0,0,0
2026-07-28T23:37:27.263,10.42.0.210,10.42.0.1|10.42.0.47,65,3,UPLOAD,0.95,UPLOAD,0.95,1,1448,100.0,33,0.0,47784.0,0,33,0.0,1.0,0.004154205505702281,0,0,1,1,1,1,1,1,0.9699999999999999,1.0,1.0,1.0,0.8,skip,attack_already_active,1785296247.263873,1785296247263872899,1384915480571196,11.9,53.36328125,-1.0,0,0
2026-07-28T23:37:27.264,10.42.0.210,10.42.0.1|10.42.0.47,65,3,UPLOAD,0.95,UPLOAD,0.95,1,1448,100.0,34,0.0,49232.0,0,34,0.0,1.0,0.003727398993855478,0,0,1,1,1,1,1,1,0.9699999999999999,1.0,1.0,1.0,0.8,skip,attack_already_active,1785296247.2647884,1785296247264788608,1384915481487098,11.9,53.36328125,-1.0,0,0
2026-07-28T23:37:27.265,10.42.0.210,10.42.0.1|10.42.0.47,65,3,UPLOAD,0.95,UPLOAD,0.95,1,1448,100.0,35,0.0,50680.0,0,35,0.0,1.0,0.0033604476937675403,0,0,1,1,1,1,1,1,0.9699999999999999,1.0,1.0,1.0,0.8,skip,attack_already_active,1785296247.265731,1785296247265731038,1384915482429447,11.9,53.36328125,-1.0,0,0
2026-07-28T23:37:27.266,10.42.0.210,10.42.0.1|10.42.0.47,65,3,UPLOAD,0.95,UPLOAD,0.95,1,1448,100.0,36,0.0,52128.0,0,36,0.0,1.0,0.0030451814593702824,0,0,1,1,1,1,1,1,0.9699999999999999,1.0,1.0,1.0,0.8,skip,attack_already_active,1785296247.266699,1785296247266698957,1384915483397272,11.9,53.36328125,-1.0,0,0
2026-07-28T23:37:27.269,10.42.0.1,10.42.0.1|10.42.0.47,66,3,UPLOAD,0.9710910575791547,UPLOAD,0.9710910575791547,1,7240,100.0,8,0.0,86769.0,0,8,0.0,1.0,0.008698995092089604,1,0,1,1,1,1,1,1,0.9699999999999999,1.0,1.0,1.0,0.8,skip,attack_already_active,1785296247.269435,1785296247269434807,1384915486133199,11.9,53.36328125,-1.0,0,0
2026-07-28T23:37:27.270,10.42.0.1,10.42.0.1|10.42.0.47,66,3,UPLOAD,0.9736868166852528,UPLOAD,0.9736868166852528,1,7240,100.0,9,0.0,94009.0,0,9,0.0,1.0,0.007677574124244281,1,0,1,1,1,1,1,1,0.9699999999999999,1.0,1.0,1.0,0.8,skip,attack_already_active,1785296247.2703826,1785296247270382510,1384915487080962,11.9,53.36328125,-1.0,0,0
2026-07-28T23:37:27.271,10.42.0.1,10.42.0.1|10.42.0.47,66,3,UPLOAD,0.9756174258964173,UPLOAD,0.9756174258964173,1,10136,100.0,10,0.0,104145.0,0,10,0.0,1.0,0.006843091886207859,1,0,1,1,1,1,1,1,0.9699999999999999,1.0,1.0,1.0,0.8,skip,attack_already_active,1785296247.2717276,1785296247271727680,1384915488426216,11.9,53.36328125,-1.0,0,0
2026-07-28T23:37:27.272,10.42.0.1,10.42.0.1|10.42.0.47,66,3,UPLOAD,0.9764714388593961,UPLOAD,0.9764714388593961,1,4344,100.0,11,0.0,108489.0,0,11,0.0,1.0,0.006068933480857243,1,0,1,1,1,1,1,1,0.9699999999999999,1.0,1.0,1.0,0.8,skip,attack_already_active,1785296247.2726958,1785296247272695699,1384915489394045,11.9,53.36328125,-1.0,0,0
2026-07-28T23:37:27.274,10.42.0.1,10.42.0.1|10.42.0.47,66,3,UPLOAD,0.9773733951924126,UPLOAD,0.9773733951924126,1,14480,100.0,12,0.0,122969.0,0,12,0.0,1.0,0.005452272660652753,1,0,1,1,1,1,1,1,0.9699999999999999,1.0,1.0,1.0,0.8,skip,attack_already_active,1785296247.274085,1785296247274085101,1384915490783362,11.9,53.36328125,-1.0,0,0
2026-07-28T23:37:27.277,10.42.0.1,10.42.0.1|10.42.0.47,66,3,UPLOAD,0.9782196510543195,UPLOAD,0.9782196510543195,1,18824,100.0,13,0.0,141793.0,0,13,0.0,1.0,0.00491973098327935,1,0,1,1,1,1,1,1,0.9699999999999999,1.0,1.0,1.0,0.8,skip,attack_already_active,1785296247.2773635,1785296247277363479,1384915494062051,11.9,53.36328125,-1.0,0,0
2026-07-28T23:37:27.278,10.42.0.1,10.42.0.1|10.42.0.47,66,3,UPLOAD,0.9784624121694717,UPLOAD,0.9784624121694717,1,1448,100.0,14,0.0,143241.0,0,14,0.0,1.0,0.004399399448978258,1,0,1,1,1,1,1,1,0.9699999999999999,1.0,1.0,1.0,0.8,skip,attack_already_active,1785296247.2783346,1785296247278334732,1384915495033148,11.9,53.36328125,-1.0,0,0
2026-07-28T23:37:27.279,10.42.0.1,10.42.0.1|10.42.0.47,66,3,UPLOAD,0.9787606054086976,UPLOAD,0.9787606054086976,1,8688,100.0,15,0.0,151929.0,0,15,0.0,1.0,0.004004971230141729,1,0,1,1,1,1,1,1,0.9699999999999999,1.0,1.0,1.0,0.8,skip,attack_already_active,1785296247.2797408,1785296247279740919,1384915496439572,11.9,53.36328125,-1.0,0,0
2026-07-28T23:37:27.281,10.42.0.1,10.42.0.1|10.42.0.47,66,3,UPLOAD,0.9791747609039374,UPLOAD,0.9791747609039374,1,7143,100.0,16,0.0,159072.0,0,16,0.0,1.0,0.003669430426271458,1,0,1,1,1,1,1,1,0.9699999999999999,1.0,1.0,1.0,0.8,skip,attack_already_active,1785296247.2811995,1785296247281199273,1384915497897819,11.9,53.36328125,-1.0,0,0
2026-07-28T23:37:27.322,10.42.0.145,10.42.0.1|10.42.0.47,29,3,UPLOAD,0.9854688349332961,UPLOAD,0.9854688349332961,0,39,1.0,0,0.0,0.0,0,0,0.0,0.0,0.4824397787238923,0,0,0,0,0,0,0,0,0.4375,0.05,1.0,0.0,0.8,skip,already_attacked_this_round,1785296247.32202,1785296247322020112,1384915538718607,11.9,53.36328125,-1.0,0,0
2026-07-28T23:37:27.329,10.42.0.18,10.42.0.1|10.42.0.47,49,3,UPLOAD,0.9855076450773014,UPLOAD,0.9855076450773014,0,39,1.0,0,0.0,0.0,0,0,0.0,0.0,0.22008080149646225,0,0,1,0,0,0,0,0,0.4375,0.05,1.0,0.0,0.8,skip,attack_already_active,1785296247.3299258,1785296247329925799,1384915546624531,11.9,53.36328125,-1.0,0,0
2026-07-28T23:37:27.570,10.42.0.1,,67,1,DOWNLOAD,0.9774905222735257,DOWNLOAD,0.9774905222735257,-1,1448,100.0,17,1448.0,159072.0,1,16,0.009020682780961874,0.9909793172190381,0.03954066344381834,0,0,0,0,1,0,0,0,0.44,0.8500000000000001,0.0,0.6000000000000001,0.15,skip,training_upload_trigger_not_confirmed,1785296247.5701394,1785296247570139510,1384915786838332,77.3,53.36328125,-1.0,0,0
2026-07-28T23:37:27.573,10.42.0.1,,67,1,DOWNLOAD,0.95,DOWNLOAD,0.95,-1,5792,21.97127071533546,18,7240.0,159072.0,2,16,0.04353263745249892,0.9564673625475011,0.03483056833512477,0,0,0,0,1,0,0,0,0.44,0.8500000000000001,0.0,0.6000000000000001,0.15,skip,training_upload_trigger_not_confirmed,1785296247.5739365,1785296247573936463,1384915790635697,77.3,53.36328125,-1.0,0,0
2026-07-28T23:37:27.575,10.42.0.1,,67,1,DOWNLOAD,0.95,DOWNLOAD,0.95,-1,7240,10.985635358426407,19,14480.0,159072.0,3,16,0.0834332073384346,0.9165667926615654,0.030395299869753208,0,0,0,0,1,0,0,0,0.44,0.8500000000000001,0.0,0.6000000000000001,0.15,skip,training_upload_trigger_not_confirmed,1785296247.575109,1785296247575109123,1384915791807584,77.3,53.36328125,-1.0,0,0
2026-07-28T23:37:27.577,10.42.0.1,,67,1,DOWNLOAD,0.95,DOWNLOAD,0.95,-1,7240,7.323756905786199,20,21720.0,159072.0,4,16,0.12013805920615957,0.8798619407938404,0.026685645295210902,0,0,0,0,1,0,0,0,0.44,0.8500000000000001,0.0,0.6000000000000001,0.15,skip,training_upload_trigger_not_confirmed,1785296247.5773528,1785296247577352718,1384915794051510,77.3,53.36328125,-1.0,0,0
2026-07-28T23:37:27.578,10.42.0.1,,67,1,DOWNLOAD,0.95,DOWNLOAD,0.95,-1,7240,5.492817679402872,21,28960.0,159072.0,5,16,0.15401633764465622,0.8459836623553437,0.023313773230032486,0,0,0,0,1,0,0,0,0.4,0.8500000000000001,0.0,0.4,0.15,skip,training_upload_trigger_not_confirmed,1785296247.5784502,1785296247578450229,1384915795148601,77.3,53.36328125,-1.0,0,0
2026-07-28T23:37:27.580,10.42.0.1,,67,1,DOWNLOAD,0.95,DOWNLOAD,0.95,-1,7240,4.394254143552645,22,36200.0,159072.0,6,16,0.18538244090294564,0.8146175590970544,0.020574826957168647,0,0,0,0,1,0,0,0,0.4,0.8500000000000001,0.0,0.4,0.15,skip,training_upload_trigger_not_confirmed,1785296247.5809789,1785296247580978844,1384915797677271,77.3,53.36328125,-1.0,0,0
2026-07-28T23:37:27.582,10.42.0.1,,67,1,DOWNLOAD,0.95,DOWNLOAD,0.95,-1,7240,3.661878452977397,23,43440.0,159072.0,7,16,0.21450580706328515,0.7854941929367149,0.018001167216462458,0,0,0,0,1,0,0,0,0.4,0.8500000000000001,0.0,0.4,0.15,skip,training_upload_trigger_not_confirmed,1785296247.582023,1785296247582022839,1384915798721117,77.3,53.36328125,-1.0,0,0
2026-07-28T23:37:27.583,10.42.0.1,,67,1,DOWNLOAD,0.95,DOWNLOAD,0.95,-1,7240,3.1387529597052337,24,50680.0,159072.0,8,16,0.24161867348106336,0.7583813265189366,0.015825275141612433,0,0,0,0,1,0,0,0,0.4,0.8500000000000001,0.0,0.4,0.15,skip,training_upload_trigger_not_confirmed,1785296247.5835118,1785296247583511930,1384915800210167,77.3,53.36328125,-1.0,0,0
2026-07-28T23:37:27.584,10.42.0.1,,67,1,DOWNLOAD,0.95,DOWNLOAD,0.95,-1,7240,2.7464088397488537,25,57920.0,159072.0,9,16,0.26692228284913727,0.7330777171508627,0.013878867437571092,0,0,0,0,1,0,0,0,0.32,0.8500000000000001,0.0,0.0,0.15,skip,training_upload_trigger_not_confirmed,1785296247.5845664,1785296247584566300,1384915801264705,77.3,53.36328125,-1.0,0,0
2026-07-28T23:37:27.585,10.42.0.1,,67,1,DOWNLOAD,0.95,DOWNLOAD,0.95,-1,10136,2.337369225324184,26,68056.0,159072.0,10,16,0.29963720897467505,0.700362791025325,0.01219105154604173,0,0,0,0,1,0,0,0,0.32,0.8500000000000001,0.0,0.0,0.15,skip,training_upload_trigger_not_confirmed,1785296247.5856369,1785296247585636748,1384915802335112,77.3,53.36328125,-1.0,0,0
2026-07-28T23:37:27.586,10.42.0.1,,67,1,DOWNLOAD,0.95,DOWNLOAD,0.95,-1,14480,1.9273044489564883,27,82536.0,159072.0,11,16,0.34161120492698915,0.6583887950730108,0.010721342502049286,0,0,0,0,1,0,0,0,0.32,0.8500000000000001,0.0,0.0,0.15,skip,training_upload_trigger_not_confirmed,1785296247.5866747,1785296247586674597,1384915803372885,77.3,53.36328125,-1.0,0,0
2026-07-28T23:37:27.587,10.42.0.1,,67,1,DOWNLOAD,0.95,DOWNLOAD,0.95,-1,4344,1.830939226509773,28,86880.0,159072.0,12,16,0.35323965651834505,0.646760343481655,0.00944112506154709,0,0,0,0,1,0,0,0,0.32,0.8500000000000001,0.0,0.0,0.15,skip,training_upload_trigger_not_confirmed,1785296247.5876808,1785296247587680787,1384915804379318,77.3,53.36328125,-1.0,0,0
2026-07-28T23:37:27.591,10.42.0.1,,67,1,DOWNLOAD,0.95,DOWNLOAD,0.95,-1,14480,1.5693764798681002,29,101360.0,159072.0,13,16,0.38919948393438597,0.610800516065614,0.008658234451842332,0,0,0,0,1,0,0,0,0.32,0.8500000000000001,0.0,0.0,0.15,skip,training_upload_trigger_not_confirmed,1785296247.5911808,1785296247591180811,1384915807879080,77.3,53.36328125,-1.0,0,0
2026-07-28T23:37:27.592,10.42.0.1,,67,1,DOWNLOAD,0.95,DOWNLOAD,0.95,-1,14480,1.3732044198862812,30,115840.0,159072.0,14,16,0.4213712024211384,0.5786287975788617,0.007715921525052169,0,0,0,0,1,0,0,0,0.32,0.8500000000000001,0.0,0.0,0.15,skip,training_upload_trigger_not_confirmed,1785296247.592688,1785296247592688016,1384915809386631,77.3,53.36328125,-1.0,0,0
2026-07-28T23:37:27.594,10.42.0.1,,67,1,DOWNLOAD,0.95,DOWNLOAD,0.95,-1,18824,1.1812511138820974,31,134664.0,159072.0,15,16,0.4584524879483618,0.5415475120516382,0.006915186668433497,0,0,0,0,1,0,0,0,0.30250000000000005,0.8000000000000002,0.0,0.0,0.15,skip,training_upload_trigger_not_confirmed,1785296247.5943274,1785296247594327551,1384915811026114,77.3,53.36328125,-1.0,0,0
2026-07-28T23:37:27.595,10.42.0.1,,67,1,DOWNLOAD,0.95,DOWNLOAD,0.95,-1,5792,1.132539727742976,32,140456.0,159072.0,16,16,0.4689244411206966,0.5310755588793035,0.006153771588432762,0,0,0,0,1,0,0,0,0.30250000000000005,0.8000000000000002,0.0,0.0,0.15,skip,training_upload_trigger_not_confirmed,1785296247.5954645,1785296247595464491,1384915812163015,77.3,53.36328125,-1.0,0,0
2026-07-28T23:37:27.596,10.42.0.1,,67,1,DOWNLOAD,0.95,DOWNLOAD,0.95,-1,18824,0.9986941235560102,33,159280.0,159072.0,17,16,0.5003266824144343,0.49967331758556566,0.005491529129306398,0,0,0,0,1,0,0,0,0.30250000000000005,0.8000000000000002,0.0,0.0,0.15,skip,training_upload_trigger_not_confirmed,1785296247.5965927,1785296247596592599,1384915813291090,77.3,53.36328125,-1.0,0,0
2026-07-28T23:37:27.597,10.42.0.1,,67,1,DOWNLOAD,0.95,DOWNLOAD,0.95,-1,18824,0.8931410861075937,34,178104.0,159072.0,18,16,0.5282226492988825,0.47177735070111754,0.004912469045830665,0,0,0,0,1,0,0,0,0.30250000000000005,0.8000000000000002,0.0,0.0,0.15,skip,training_upload_trigger_not_confirmed,1785296247.5976899,1785296247597689951,1384915814388598,77.3,53.36328125,-1.0,0,0
2026-07-28T23:37:27.598,10.42.0.1,,67,1,DOWNLOAD,0.95,DOWNLOAD,0.95,-1,16946,0.8155447321209149,35,195050.0,159072.0,19,16,0.5507988772231039,0.4492011227768961,0.0044105939867361225,0,0,0,0,1,0,0,0,0.30250000000000005,0.8000000000000002,0.0,0.0,0.15,skip,training_upload_trigger_not_confirmed,1785296247.5987937,1785296247598793749,1384915815492213,77.3,53.36328125,-1.0,0,0
2026-07-28T23:37:27.600,10.42.0.1,,67,1,DOWNLOAD,0.95,DOWNLOAD,0.95,-1,23168,0.7289591142814573,36,218218.0,159072.0,20,16,0.5783826764557767,0.42161732354422327,0.004037122695502909,0,0,0,0,1,0,0,0,0.28500000000000003,0.7500000000000001,0.0,0.0,0.15,skip,training_upload_trigger_not_confirmed,1785296247.6003702,1785296247600370247,1384915817068733,77.3,53.36328125,-1.0,0,0
2026-07-28T23:37:27.601,10.42.0.1,,67,1,DOWNLOAD,0.95,DOWNLOAD,0.95,-1,4344,0.7147311760331291,37,222562.0,159072.0,21,16,0.5831817919787021,0.4168182080212979,0.003716635483072588,0,0,0,0,1,0,0,0,0.28500000000000003,0.7500000000000001,0.0,0.0,0.15,skip,training_upload_trigger_not_confirmed,1785296247.6019752,1785296247601975327,1384915818673824,77.3,53.36328125,-1.0,0,0
2026-07-28T23:37:27.603,10.42.0.1,,67,1,DOWNLOAD,0.95,DOWNLOAD,0.95,-1,8275,0.6891096314729046,38,230837.0,159072.0,22,16,0.5920278834292104,0.4079721165707896,0.0033729062711378315,0,0,0,0,1,0,0,0,0.28500000000000003,0.7500000000000001,0.0,0.0,0.15,skip,training_upload_trigger_not_confirmed,1785296247.6030834,1785296247603083196,1384915819781722,77.3,53.36328125,-1.0,0,0
2026-07-28T23:37:27.605,10.42.0.210,,66,1,DOWNLOAD,0.9836993053870621,DOWNLOAD,0.9836993053870621,-1,7240,7.199999999143646,37,7240.0,52128.0,1,36,0.12195121951219512,0.8780487804878049,0.047054116837776425,0,0,0,0,1,0,0,0,0.4,0.8500000000000001,0.0,0.4,0.15,skip,training_upload_trigger_not_confirmed,1785296247.6050913,1785296247605091342,1384915821789773,77.3,53.36328125,-1.0,0,0
2026-07-28T23:37:27.606,10.42.0.210,,66,1,DOWNLOAD,0.95,DOWNLOAD,0.95,-1,7240,3.599999999820442,38,14480.0,52128.0,2,36,0.21739130434782608,0.782608695652174,0.04099138266155212,0,0,0,0,1,0,0,0,0.32,0.8500000000000001,0.0,0.0,0.15,skip,training_upload_trigger_not_confirmed,1785296247.606137,1785296247606137188,1384915822835480,77.3,53.36328125,-1.0,0,0
2026-07-28T23:37:27.607,10.42.0.1,,67,1,DOWNLOAD,0.95,DOWNLOAD,0.95,-1,16920,0.6420484587735481,39,247757.0,159072.0,23,16,0.6089954255965037,0.3910045744034963,0.0034651795948169683,0,0,0,0,1,0,0,0,0.28500000000000003,0.7500000000000001,0.0,0.0,0.15,skip,training_upload_trigger_not_confirmed,1785296247.6071565,1785296247607156408,1384915823854606,77.3,53.36328125,-1.0,0,0
2026-07-28T23:37:27.608,10.42.0.18,,50,1,DOWNLOAD,0.95,DOWNLOAD,0.95,-1,7300,1.3698630135109776e-10,1,7300.0,0.0,1,0,1.0,0.0,0.22780570717938614,0,0,0,0,0,0,0,0,0.0225,0.0,0.0,0.0,0.15,skip,training_upload_trigger_not_confirmed,1785296247.6086287,1785296247608628681,1384915825327238,77.3,53.36328125,-1.0,0,0
2026-07-28T23:37:27.609,10.42.0.18,,50,1,DOWNLOAD,0.95,DOWNLOAD,0.95,-1,7300,6.84931506802402e-11,2,14600.0,0.0,2,0,1.0,0.0,0.19792575348516905,0,0,0,0,0,0,0,0,0.0225,0.0,0.0,0.0,0.15,skip,training_upload_trigger_not_confirmed,1785296247.6096838,1785296247609683780,1384915826382052,77.3,53.36328125,-1.0,0,0
2026-07-28T23:37:27.610,10.42.0.1,,67,1,DOWNLOAD,0.95,DOWNLOAD,0.95,-1,15472,0.6043103153542949,40,263229.0,159072.0,24,16,0.6233208067231667,0.37667919327683336,0.0034802908808335238,0,0,0,0,1,0,0,0,0.28500000000000003,0.7500000000000001,0.0,0.0,0.15,skip,training_upload_trigger_not_confirmed,1785296247.6107364,1785296247610736322,1384915827434951,77.3,53.36328125,-1.0,0,0
2026-07-28T23:37:27.612,10.42.0.59,,26,1,DOWNLOAD,0.95,DOWNLOAD,0.95,-1,14600,6.84931506802402e-11,1,14600.0,0.0,1,0,1.0,0.0,0.40092392061713333,0,0,0,0,0,0,0,0,0.0225,0.0,0.0,0.0,0.15,skip,training_upload_trigger_not_confirmed,1785296247.6124325,1785296247612432457,1384915829131458,77.3,53.36328125,-1.0,0,0
2026-07-28T23:37:27.613,10.42.0.59,,26,1,DOWNLOAD,0.95,DOWNLOAD,0.95,-1,14600,3.424657534129292e-11,2,29200.0,0.0,2,0,1.0,0.0,0.3482397319423292,0,0,0,0,0,0,0,0,0.0225,0.0,0.0,0.0,0.15,skip,training_upload_trigger_not_confirmed,1785296247.6135507,1785296247613550549,1384915830248814,77.3,53.36328125,-1.0,0,0
2026-07-28T23:37:27.615,10.42.0.18,,50,1,DOWNLOAD,0.9531734115254137,DOWNLOAD,0.9531734115254137,-1,10220,4.029008863657171e-11,3,24820.0,0.0,3,0,1.0,0.0,0.17255680377816224,0,0,0,0,0,0,0,0,0.0225,0.0,0.0,0.0,0.15,skip,training_upload_trigger_not_confirmed,1785296247.6150916,1785296247615091354,1384915831790412,77.3,53.36328125,-1.0,0,0
2026-07-28T23:37:27.616,10.42.0.18,,50,1,DOWNLOAD,0.9547192030557198,DOWNLOAD,0.9547192030557198,-1,4380,3.424657534129292e-11,4,29200.0,0.0,4,0,1.0,0.0,0.14997323647887725,0,0,0,0,0,0,0,0,0.0225,0.0,0.0,0.0,0.15,skip,training_upload_trigger_not_confirmed,1785296247.616268,1785296247616268056,1384915832966773,77.3,53.36328125,-1.0,0,0
2026-07-28T23:37:27.618,10.42.0.18,,50,1,DOWNLOAD,0.956345449775625,DOWNLOAD,0.956345449775625,-1,14600,2.2831050227789245e-11,5,43800.0,0.0,5,0,1.0,0.0,0.13048640698057526,0,0,0,0,0,0,0,0,0.0225,0.0,0.0,0.0,0.15,skip,training_upload_trigger_not_confirmed,1785296247.618361,1785296247618361025,1384915835059835,77.3,53.36328125,-1.0,0,0
2026-07-28T23:37:27.619,10.42.0.47,,67,1,DOWNLOAD,0.95,DOWNLOAD,0.95,-1,1448,54.923342504196576,17,1448.0,79529.0,1,16,0.017881620707114364,0.9821183792928856,0.10071964470165287,0,0,0,0,0,0,0,0,0.057499999999999996,0.1,0.0,0.0,0.15,skip,training_upload_trigger_not_confirmed,1785296247.6194494,1785296247619449433,1384915836147870,77.3,53.36328125,-1.0,0,0
2026-07-28T23:37:27.620,10.42.0.210,,66,1,DOWNLOAD,0.9557926560077417,DOWNLOAD,0.9557926560077417,-1,10136,2.117647058778126,39,24616.0,52128.0,3,36,0.32075471698113206,0.6792452830188679,0.037538905545554405,0,0,0,0,0,0,0,0,0.057499999999999996,0.1,0.0,0.0,0.15,skip,training_upload_trigger_not_confirmed,1785296247.6209285,1785296247620928451,1384915837626620,77.3,53.36328125,-1.0,0,0
2026-07-28T23:37:27.622,10.42.0.210,,66,1,DOWNLOAD,0.9846998846180315,DOWNLOAD,0.9846998846180315,-1,14480,1.3333333333248074,40,39096.0,52128.0,4,36,0.42857142857142855,0.5714285714285714,0.03279509888717894,0,0,0,0,0,0,0,0,0.057499999999999996,0.1,0.0,0.0,0.15,skip,training_upload_trigger_not_confirmed,1785296247.622468,1785296247622468014,1384915839166587,77.3,53.36328125,-1.0,0,0
2026-07-28T23:37:27.624,10.42.0.210,,66,1,DOWNLOAD,0.9854895428954357,DOWNLOAD,0.9854895428954357,-1,4344,1.1999999999953959,41,43440.0,52128.0,5,36,0.45454545454545453,0.5454545454545454,0.028689160328775623,0,0,0,0,0,0,0,0,0.039999999999999994,0.05,0.0,0.0,0.15,skip,training_upload_trigger_not_confirmed,1785296247.6241043,1785296247624104092,1384915840802751,77.3,53.36328125,-1.0,0,0
2026-07-28T23:37:27.625,10.42.0.145,,30,1,DOWNLOAD,0.95,DOWNLOAD,0.95,-1,14600,6.84931506802402e-11,1,14600.0,0.0,1,0,1.0,0.0,0.45888071742878733,0,0,0,0,0,0,0,0,0.0225,0.0,0.0,0.0,0.15,skip,training_upload_trigger_not_confirmed,1785296247.6256766,1785296247625676502,1384915842374959,77.3,53.36328125,-1.0,0,0
2026-07-28T23:37:27.626,10.42.0.145,,30,1,DOWNLOAD,0.95,DOWNLOAD,0.95,-1,14600,3.424657534129292e-11,2,29200.0,0.0,2,0,1.0,0.0,0.39853985522038116,0,0,0,0,0,0,0,0,0.0225,0.0,0.0,0.0,0.15,skip,training_upload_trigger_not_confirmed,1785296247.6266472,1785296247626647361,1384915843345706,77.3,53.36328125,-1.0,0,0
2026-07-28T23:37:27.628,10.42.0.47,,67,1,DOWNLOAD,0.9829981496648164,DOWNLOAD,0.9829981496648164,-1,4344,13.73083563316111,18,5792.0,79529.0,2,16,0.06788481147665873,0.9321151885233413,0.08868031467292954,0,0,0,0,0,0,0,0,0.057499999999999996,0.1,0.0,0.0,0.15,skip,training_upload_trigger_not_confirmed,1785296247.6288059,1785296247628805937,1384915845504758,77.3,53.36328125,-1.0,0,0
2026-07-28T23:37:27.629,10.42.0.47,,67,1,DOWNLOAD,0.9842257140988042,DOWNLOAD,0.9842257140988042,-1,11584,4.576945211580516,19,17376.0,79529.0,3,16,0.1793096331458645,0.8206903668541355,0.07713884522550621,0,0,0,0,0,0,0,0,0.057499999999999996,0.1,0.0,0.0,0.15,skip,training_upload_trigger_not_confirmed,1785296247.6299012,1785296247629901035,1384915846599679,77.3,53.36328125,-1.0,0,0
2026-07-28T23:37:27.631,10.42.0.18,,50,1,DOWNLOAD,0.9571830345454765,DOWNLOAD,0.9571830345454765,-1,14600,1.7123287670939668e-11,6,58400.0,0.0,6,0,1.0,0.0,0.11501805204867217,0,0,0,0,0,0,0,0,0.0225,0.0,0.0,0.0,0.15,skip,training_upload_trigger_not_confirmed,1785296247.6314623,1785296247631462303,1384915848160767,77.3,53.36328125,-1.0,0,0
2026-07-28T23:37:27.633,10.42.0.18,,50,1,DOWNLOAD,0.9636097911789473,DOWNLOAD,0.9636097911789473,-1,20784,1.2628813901638856e-11,7,79184.0,0.0,7,0,1.0,0.0,0.1000665769890013,0,0,0,0,0,0,0,0,0.0225,0.0,0.0,0.0,0.15,skip,training_upload_trigger_not_confirmed,1785296247.6330178,1785296247633017850,1384915849716591,77.3,53.36328125,-1.0,0,0
2026-07-28T23:37:27.634,10.42.0.59,,26,1,DOWNLOAD,0.95,DOWNLOAD,0.95,-1,24820,1.8511662346936104e-11,3,54020.0,0.0,3,0,1.0,0.0,0.30512535539574953,0,0,0,0,0,0,0,0,0.0225,0.0,0.0,0.0,0.15,skip,training_upload_trigger_not_confirmed,1785296247.6346073,1785296247634607328,1384915851305865,77.3,53.36328125,-1.0,0,0
2026-07-28T23:37:27.635,10.42.0.59,,26,1,DOWNLOAD,0.9510353470345622,DOWNLOAD,0.9510353470345622,-1,12037,1.5138441043112185e-11,4,66057.0,0.0,4,0,1.0,0.0,0.2650550752568982,0,0,0,0,0,0,0,0,0.0225,0.0,0.0,0.0,0.15,skip,training_upload_trigger_not_confirmed,1785296247.6356504,1785296247635650253,1384915852348763,77.3,53.36328125,-1.0,0,0
2026-07-28T23:37:27.642,10.42.0.47,,67,1,DOWNLOAD,0.9842586901286671,DOWNLOAD,0.9842586901286671,-1,11584,2.7461671270115273,20,28960.0,79529.0,4,16,0.266939505387643,0.733060494612357,0.06864818388551695,0,0,0,0,0,0,0,0,0.057499999999999996,0.1,0.0,0.0,0.15,skip,training_upload_trigger_not_confirmed,1785296247.6426067,1785296247642606838,1384915859305447,77.3,53.36328125,-1.0,0,0
2026-07-28T23:37:27.643,10.42.0.47,,67,1,DOWNLOAD,0.9842595481342594,DOWNLOAD,0.9842595481342594,-1,23168,1.5256484039187068,21,52128.0,79529.0,5,16,0.39593792962014934,0.6040620703798507,0.05970625487230877,0,0,0,0,0,0,0,0,0.057499999999999996,0.1,0.0,0.0,0.15,skip,training_upload_trigger_not_confirmed,1785296247.643397,1785296247643397147,1384915860095621,77.3,53.36328125,-1.0,0,0
2026-07-28T23:37:27.645,10.42.0.47,,67,1,DOWNLOAD,0.9842595696464124,DOWNLOAD,0.9842595696464124,-1,11584,1.2482577850287502,22,63712.0,79529.0,6,16,0.44478885235372556,0.5552111476462744,0.052140888113712675,0,0,0,0,0,0,0,0,0.057499999999999996,0.1,0.0,0.0,0.15,skip,training_upload_trigger_not_confirmed,1785296247.6456919,1785296247645691846,1384915862390294,77.3,53.36328125,-1.0,0,0
2026-07-28T23:37:27.651,10.42.0.47,,67,1,DOWNLOAD,0.9842595701605352,DOWNLOAD,0.9842595701605352,-1,2453,1.2019798987349508,23,66165.0,79529.0,7,16,0.45413675237140855,0.5458632476285914,0.04604062685186895,0,0,0,0,0,0,0,0,0.057499999999999996,0.1,0.0,0.0,0.15,skip,training_upload_trigger_not_confirmed,1785296247.6515396,1785296247651539360,1384915868238088,77.3,53.36328125,-1.0,0,0
2026-07-28T23:37:27.695,10.42.0.1,,67,1,DOWNLOAD,0.9,DOWNLOAD,0.9,0,39,0.6043103153542949,40,263229.0,159072.0,24,16,0.6233208067231667,0.37667919327683336,0.007852178031316537,0,0,0,0,0,0,0,0,0.0225,0.0,0.0,0.0,0.15,skip,training_upload_trigger_not_confirmed,1785296247.695222,1785296247695222108,1384915911920952,77.3,53.36328125,-1.0,0,0
2026-07-28T23:37:27.791,10.42.0.1,,67,2,TRAINING,0.9,TRAINING,0.9,0,39,0.6043103153542949,40,263229.0,159072.0,24,16,0.6233208067231667,0.37667919327683336,0.012058023044921711,0,0,0,0,0,0,0,0,0.0225,0.0,0.0,0.0,0.15,skip,training_upload_trigger_not_confirmed,1785296247.791649,1785296247791648917,1384916008347871,77.3,53.36328125,-1.0,0,0
2026-07-28T23:37:27.944,10.42.0.59,,26,3,UPLOAD,0.95,UPLOAD,0.95,1,64240,0.9724934526246652,5,66057.0,64240.0,4,1,0.5069725319846198,0.4930274680153802,0.2680468501099336,0,0,0,1,1,1,1,1,0.85,1.0,1.0,0.4,0.8,trigger,training_upload_trigger_confirmed,1785296247.9448397,1785296247944839746,1384916161538640,77.3,53.36328125,9.747985,1785296247954589307,1384916171286625
2026-07-28T23:37:27.948,10.42.0.1,10.42.0.1,67,3,UPLOAD,0.95,UPLOAD,0.95,1,7240,0.6318148836198451,41,263229.0,166312.0,24,17,0.6128146090827186,0.3871853909172815,0.031181403807369265,1,0,0,0,1,0,0,0,0.85,1.0,1.0,0.4,0.8,trigger,training_upload_trigger_confirmed,1785296247.9488292,1785296247948829163,1384916165528090,77.3,53.36328125,15.233474,1785296247964064255,1384916180761564
2026-07-28T23:37:27.949,10.42.0.1,10.42.0.1,67,3,UPLOAD,0.95,UPLOAD,0.95,1,7240,0.6593194518853952,42,263229.0,173552.0,24,18,0.6026567089685678,0.39734329103143223,0.027222635029217342,1,0,1,0,1,0,0,0,0.85,1.0,1.0,0.4,0.8,skip,attack_already_active,1785296247.9499686,1785296247949968542,1384916166667132,77.3,53.36328125,-1.0,0,0
2026-07-28T23:37:27.952,10.42.0.145,10.42.0.1,30,3,UPLOAD,0.95,UPLOAD,0.95,1,58400,1.9999999999657534,3,29200.0,58400.0,2,1,0.3333333333333333,0.6666666666666666,0.37258445017034186,0,0,0,1,1,1,1,1,0.9299999999999999,1.0,1.0,0.8,0.8,trigger,training_upload_trigger_confirmed,1785296247.9523997,1785296247952399619,1384916169099206,77.3,53.36328125,29.376614,1785296247981778497,1384916198475820
2026-07-28T23:37:27.953,10.42.0.1,10.42.0.1,67,3,UPLOAD,0.95,UPLOAD,0.95,1,4344,0.6758221928447252,43,263229.0,177896.0,24,19,0.5967220175687163,0.40327798243128365,0.02408924369858502,1,0,1,1,1,1,1,1,0.85,1.0,1.0,0.4,0.8,skip,attack_already_active,1785296247.9534128,1785296247953412794,1384916170111504,77.3,53.36328125,-1.0,0,0
2026-07-28T23:37:27.954,10.42.0.145,10.42.0.1,30,3,UPLOAD,0.9841010226033655,UPLOAD,0.9841010226033655,1,21130,2.7236301369272726,4,29200.0,79530.0,2,2,0.2685551365768417,0.7314448634231583,0.323734053653718,0,0,1,1,1,1,1,1,0.9299999999999999,1.0,1.0,0.8,0.8,skip,attack_already_active,1785296247.954272,1785296247954271888,1384916170970652,77.3,53.36328125,-1.0,0,0
2026-07-28T23:37:27.955,10.42.0.1,10.42.0.1,67,3,UPLOAD,0.95,UPLOAD,0.95,1,7240,0.7033267611102754,44,263229.0,185136.0,24,20,0.5870864139707604,0.41291358602923955,0.02122313331878711,1,0,1,1,1,1,1,1,0.85,1.0,1.0,0.4,0.8,skip,attack_already_active,1785296247.955752,1785296247955752022,1384916172450555,77.3,53.36328125,-1.0,0,0
2026-07-28T23:37:27.957,10.42.0.1,10.42.0.1,67,3,UPLOAD,0.95,UPLOAD,0.95,1,7240,0.7308313293758255,45,263229.0,192376.0,24,21,0.5777570483203652,0.42224295167963477,0.018599796445739444,1,0,1,1,1,1,1,1,0.85,1.0,1.0,0.4,0.8,skip,attack_already_active,1785296247.9570673,1785296247957067385,1384916173765777,77.3,53.36328125,-1.0,0,0
2026-07-28T23:37:27.958,10.42.0.1,10.42.0.1,67,3,UPLOAD,0.95,UPLOAD,0.95,1,14480,0.7858404659069258,46,263229.0,206856.0,24,22,0.5599604326877055,0.4400395673122946,0.016280268892602107,1,0,1,1,1,1,1,1,0.9699999999999999,1.0,1.0,1.0,0.8,skip,attack_already_active,1785296247.9580648,1785296247958064806,1384916174763009,77.3,53.36328125,-1.0,0,0
2026-07-28T23:37:27.959,10.42.0.1,10.42.0.1,67,3,UPLOAD,0.95,UPLOAD,0.95,1,18824,0.8573523433973561,47,263229.0,225680.0,24,23,0.5384008066940883,0.46159919330591176,0.014273244861608619,1,0,1,1,1,1,1,1,0.9699999999999999,1.0,1.0,1.0,0.8,skip,attack_already_active,1785296247.9591143,1785296247959114298,1384916175812405,77.3,53.36328125,-1.0,0,0
2026-07-28T23:37:27.960,10.42.0.1,10.42.0.1,67,3,UPLOAD,0.95,UPLOAD,0.95,1,10136,0.8958587389691263,48,263229.0,235816.0,24,24,0.527465459026741,0.4725345409732589,0.012516965916679544,1,0,1,1,1,1,1,1,0.9699999999999999,1.0,1.0,1.0,0.8,skip,attack_already_active,1785296247.9600596,1785296247960059668,1384916176757725,77.3,53.36328125,-1.0,0,0
2026-07-28T23:37:27.961,10.42.0.1,10.42.0.1,67,3,UPLOAD,0.95,UPLOAD,0.95,1,10136,0.9343651345408964,49,263229.0,245952.0,24,25,0.5169654798588321,0.4830345201411679,0.01102730727616473,1,0,1,1,1,1,1,1,0.9699999999999999,1.0,1.0,1.0,0.8,skip,attack_already_active,1785296247.961272,1785296247961271976,1384916177970139,77.3,53.36328125,-1.0,0,0
2026-07-28T23:37:27.962,10.42.0.1,10.42.0.1,67,3,UPLOAD,0.95,UPLOAD,0.95,1,4344,0.9508678755002266,50,263229.0,250296.0,24,26,0.5125923762231634,0.48740762377683655,0.009672872027428357,1,0,1,1,1,1,1,1,0.9699999999999999,1.0,1.0,1.0,0.8,skip,attack_already_active,1785296247.9620209,1785296247962020832,1384916178718941,77.3,53.36328125,-1.0,0,0
2026-07-28T23:37:27.962,10.42.0.1,10.42.0.1,67,3,UPLOAD,0.95,UPLOAD,0.95,1,14480,1.0058770120313267,51,263229.0,264776.0,24,27,0.4985350517514039,0.5014649482485961,0.00849198421948859,1,0,1,1,1,1,1,1,0.9699999999999999,1.0,1.0,1.0,0.8,skip,attack_already_active,1785296247.9627323,1785296247962732202,1384916179430435,77.3,53.36328125,-1.0,0,0
2026-07-28T23:37:27.963,10.42.0.1,10.42.0.1,67,3,UPLOAD,0.95,UPLOAD,0.95,1,7146,1.0330244767862469,52,263229.0,271922.0,24,28,0.4918779933140366,0.5081220066859634,0.007538150628319402,1,0,1,1,1,1,1,1,0.9699999999999999,1.0,1.0,1.0,0.8,skip,attack_already_active,1785296247.963986,1785296247963985825,1384916180684382,77.3,53.36328125,-1.0,0,0
2026-07-28T23:37:27.967,10.42.0.1,10.42.0.1,67,3,UPLOAD,0.95,UPLOAD,0.95,1,14480,1.0880336133173472,53,263229.0,286402.0,24,29,0.47891949326002353,0.5210805067399764,0.00694488504445612,1,0,1,1,1,1,1,1,0.9699999999999999,1.0,1.0,1.0,0.8,skip,attack_already_active,1785296247.967022,1785296247967021903,1384916183720324,77.3,53.36328125,-1.0,0,0
2026-07-28T23:37:27.968,10.42.0.1,10.42.0.1,67,3,UPLOAD,0.95,UPLOAD,0.95,1,5792,1.1100372679297872,54,263229.0,292194.0,24,30,0.47392527857146716,0.5260747214285328,0.006202585490751425,1,0,1,1,1,1,1,1,0.9699999999999999,1.0,1.0,1.0,0.8,skip,attack_already_active,1785296247.9683337,1785296247968333718,1384916185031962,77.3,53.36328125,-1.0,0,0
2026-07-28T23:37:27.968,10.42.0.1,10.42.0.1,67,3,UPLOAD,0.95,UPLOAD,0.95,1,8688,1.1430427498484474,55,263229.0,300882.0,24,31,0.46662624908927497,0.533373750910725,0.005472772186364125,1,0,1,1,1,1,1,1,0.9699999999999999,1.0,1.0,1.0,0.8,skip,attack_already_active,1785296247.968998,1785296247968997896,1384916185695952,77.3,53.36328125,-1.0,0,0
2026-07-28T23:37:27.969,10.42.0.1,10.42.0.1,67,3,UPLOAD,0.95,UPLOAD,0.95,1,7130,1.17012943102709,56,263229.0,308012.0,24,32,0.4608020082592111,0.5391979917407889,0.004876799202927197,1,0,1,1,1,1,1,1,0.9699999999999999,1.0,1.0,1.0,0.8,skip,attack_already_active,1785296247.969948,1785296247969948039,1384916186646309,81.8,53.36328125,-1.0,0,0
2026-07-28T23:37:28.024,10.42.0.59,10.42.0.1,26,3,UPLOAD,0.9841010226033655,UPLOAD,0.9841010226033655,0,39,0.9724934526246652,5,66057.0,64240.0,4,1,0.5069725319846198,0.4930274680153802,0.2395070534942988,0,0,1,1,1,1,1,1,0.8200000000000001,0.8000000000000002,1.0,0.6000000000000001,0.8,skip,attack_already_active,1785296248.0244706,1785296248024470502,1384916241169016,81.8,53.36328125,-1.0,0,0
2026-07-28T23:37:28.057,10.42.0.18,10.42.0.1,50,3,UPLOAD,0.95,UPLOAD,0.95,1,40880,0.5162659123116253,8,79184.0,40880.0,7,1,0.6595149253731343,0.34048507462686567,0.18992887978981066,0,0,0,1,1,1,1,1,0.9699999999999999,1.0,1.0,1.0,0.8,trigger,training_upload_trigger_confirmed,1785296248.0570457,1785296248057045860,1384916273744255,81.8,53.36328125,33.318354,1785296248090365344,1384916307062609
2026-07-28T23:37:28.060,10.42.0.18,10.42.0.1,50,3,UPLOAD,0.9841010226033655,UPLOAD,0.9841010226033655,1,24820,0.8297130733503016,9,79184.0,65700.0,7,2,0.5465337787471356,0.45346622125286434,0.16531923781083865,0,0,1,1,1,1,1,1,0.9699999999999999,1.0,1.0,1.0,0.8,skip,attack_already_active,1785296248.0602188,1785296248060218983,1384916276918208,81.8,53.36328125,-1.0,0,0
2026-07-28T23:37:28.061,10.42.0.18,10.42.0.1,50,3,UPLOAD,0.9854688349332961,UPLOAD,0.9854688349332961,1,13855,1.004685289957508,10,79184.0,79555.0,7,3,0.4988314150901795,0.5011685849098205,0.14373960205782588,0,0,1,1,1,1,1,1,0.9699999999999999,1.0,1.0,1.0,0.8,skip,attack_already_active,1785296248.0617762,1785296248061776051,1384916278474993,81.8,53.36328125,-1.0,0,0
2026-07-28T23:37:28.062,10.42.0.1,10.42.0.1,67,3,UPLOAD,0.95,UPLOAD,0.95,1,7240,1.1976339992926401,57,263229.0,315252.0,24,33,0.4550348239613747,0.5449651760386253,0.00483351287525552,1,0,1,1,1,1,1,1,0.9699999999999999,1.0,1.0,1.0,0.8,skip,attack_already_active,1785296248.0629153,1785296248062915260,1384916279613875,81.8,53.36328125,-1.0,0,0
2026-07-28T23:37:28.063,10.42.0.1,10.42.0.1,67,3,UPLOAD,0.9542717032298177,UPLOAD,0.9542717032298177,1,5792,1.2196376539050802,58,263229.0,321044.0,24,34,0.45052398450724235,0.5494760154927577,0.00429460182636462,1,0,1,1,1,1,1,1,0.9699999999999999,1.0,1.0,1.0,0.8,skip,attack_already_active,1785296248.0636592,1785296248063659189,1384916280357443,81.8,53.36328125,-1.0,0,0
2026-07-28T23:37:28.064,10.42.0.1,10.42.0.1,67,3,UPLOAD,0.962467221842775,UPLOAD,0.962467221842775,1,11584,1.2636449631299604,59,263229.0,332628.0,24,35,0.4417653900180748,0.5582346099819252,0.0038993427121478525,1,0,1,1,1,1,1,1,0.9699999999999999,1.0,1.0,1.0,0.8,skip,attack_already_active,1785296248.0649543,1785296248064954396,1384916281652804,81.8,53.36328125,-1.0,0,0
2026-07-28T23:37:28.065,10.42.0.1,10.42.0.1,67,3,UPLOAD,0.9669611596125628,UPLOAD,0.9669611596125628,1,5792,1.2856486177424005,60,263229.0,338420.0,24,36,0.43751256962115787,0.5624874303788422,0.0034813636340265673,1,0,1,1,1,1,1,1,0.9699999999999999,1.0,1.0,1.0,0.8,skip,attack_already_active,1785296248.0656817,1785296248065681606,1384916282379938,81.8,53.36328125,-1.0,0,0
2026-07-28T23:37:28.066,10.42.0.1,10.42.0.1,67,3,UPLOAD,0.9721729422778908,UPLOAD,0.9721729422778908,1,11584,1.3296559269672807,61,263229.0,350004.0,24,37,0.42924793675487133,0.5707520632451287,0.003155033475483306,1,0,1,1,1,1,1,1,0.9699999999999999,1.0,1.0,1.0,0.8,skip,attack_already_active,1785296248.0666866,1785296248066686618,1384916283385133,81.8,53.36328125,-1.0,0,0
2026-07-28T23:37:28.068,10.42.0.1,10.42.0.1,67,3,UPLOAD,0.9760887607096088,UPLOAD,0.9760887607096088,1,14480,1.384665063498381,62,263229.0,364484.0,24,38,0.4193461024385348,0.5806538975614652,0.0029464474889821096,1,0,1,1,1,1,1,1,0.9699999999999999,1.0,1.0,1.0,0.8,skip,attack_already_active,1785296248.0682588,1785296248068258698,1384916284956940,81.8,53.36328125,-1.0,0,0
2026-07-28T23:37:28.069,10.42.0.1,10.42.0.1,67,3,UPLOAD,0.9785596509568204,UPLOAD,0.9785596509568204,1,8688,1.417670545417041,63,263229.0,373172.0,24,39,0.41362128595021064,0.5863787140497894,0.002656549071232527,1,0,1,1,1,1,1,1,0.9699999999999999,1.0,1.0,1.0,0.8,skip,attack_already_active,1785296248.0690053,1785296248069005419,1384916285703820,81.8,53.36328125,-1.0,0,0
2026-07-28T23:37:28.071,10.42.0.1,10.42.0.1,67,3,UPLOAD,0.981049271359742,UPLOAD,0.981049271359742,1,14382,1.472307382543442,64,263229.0,387554.0,24,40,0.4044804489361277,0.5955195510638723,0.0025976295306444274,1,0,1,1,1,1,1,1,0.9699999999999999,1.0,1.0,1.0,0.8,skip,attack_already_active,1785296248.0712147,1785296248071214550,1384916287912908,81.8,53.36328125,-1.0,0,0
2026-07-28T23:37:28.087,10.42.0.1,10.42.0.1,67,3,UPLOAD,0.98036564488338,UPLOAD,0.98036564488338,0,43,1.472307382543442,64,263229.0,387554.0,24,40,0.4044804489361277,0.5955195510638723,0.017255919048741783,1,0,1,1,1,1,1,1,0.8374999999999999,0.8500000000000001,1.0,0.6000000000000001,0.8,skip,attack_already_active,1785296248.087772,1785296248087771972,1384916304470660,81.8,53.36328125,-1.0,0,0
2026-07-28T23:37:29.425,10.42.0.47,10.42.0.1|10.42.0.47,67,3,UPLOAD,0.95,UPLOAD,0.95,1,4344,100.0,1,0.0,4344.0,0,1,0.0,1.0,0.34498913688908234,1,0,0,1,1,1,1,1,0.9699999999999999,1.0,1.0,1.0,0.8,trigger,training_upload_trigger_confirmed,1785296249.425824,1785296249425824102,1384917642522919,7.5,53.36328125,8.701799,1785296249434527463,1384917651224718
2026-07-28T23:37:29.428,10.42.0.47,10.42.0.1|10.42.0.47,67,3,UPLOAD,0.95,UPLOAD,0.95,1,2896,100.0,2,0.0,7240.0,0,2,0.0,1.0,0.2998638525066721,1,0,1,1,1,1,1,1,0.9699999999999999,1.0,1.0,1.0,0.8,skip,attack_already_active,1785296249.4283698,1785296249428369712,1384917645068527,7.5,53.36328125,-1.0,0,0
2026-07-28T23:37:29.429,10.42.0.47,10.42.0.1|10.42.0.47,67,3,UPLOAD,0.95,UPLOAD,0.95,1,1448,100.0,3,0.0,8688.0,0,3,0.0,1.0,0.26048200298892205,1,0,1,1,1,1,1,1,0.9699999999999999,1.0,1.0,1.0,0.8,skip,attack_already_active,1785296249.4293756,1785296249429375655,1384917646074017,7.5,53.36328125,-1.0,0,0
2026-07-28T23:37:29.430,10.42.0.47,10.42.0.1|10.42.0.47,67,3,UPLOAD,0.95,UPLOAD,0.95,1,4344,100.0,4,0.0,13032.0,0,4,0.0,1.0,0.22633664490625313,1,0,1,1,1,1,1,1,0.9699999999999999,1.0,1.0,1.0,0.8,skip,attack_already_active,1785296249.430738,1785296249430737958,1384917647436952,7.5,53.36328125,-1.0,0,0
2026-07-28T23:37:29.432,10.42.0.47,10.42.0.1|10.42.0.47,67,3,UPLOAD,0.95,UPLOAD,0.95,1,1448,100.0,5,0.0,14480.0,0,5,0.0,1.0,0.19670494253069576,1,0,1,1,1,1,1,1,0.9699999999999999,1.0,1.0,1.0,0.8,skip,attack_already_active,1785296249.4322078,1785296249432207748,1384917648907480,7.5,53.36328125,-1.0,0,0
2026-07-28T23:37:29.433,10.42.0.47,10.42.0.1|10.42.0.47,67,3,UPLOAD,0.95,UPLOAD,0.95,1,2896,100.0,6,0.0,17376.0,0,6,0.0,1.0,0.1709491321643125,1,0,1,1,1,1,1,1,0.9699999999999999,1.0,1.0,1.0,0.8,skip,attack_already_active,1785296249.433459,1785296249433459014,1384917650157988,7.5,53.36328125,-1.0,0,0
2026-07-28T23:37:29.434,10.42.0.47,10.42.0.1|10.42.0.47,67,3,UPLOAD,0.95,UPLOAD,0.95,1,4344,100.0,7,0.0,21720.0,0,7,0.0,1.0,0.1486066017783433,1,0,1,1,1,1,1,1,0.9699999999999999,1.0,1.0,1.0,0.8,skip,attack_already_active,1785296249.434857,1785296249434856986,1384917651555404,7.5,53.36328125,-1.0,0,0
2026-07-28T23:37:29.436,10.42.0.47,10.42.0.1|10.42.0.47,67,3,UPLOAD,0.95,UPLOAD,0.95,1,1448,100.0,8,0.0,23168.0,0,8,0.0,1.0,0.12919900972576212,1,0,1,1,1,1,1,1,0.9699999999999999,1.0,1.0,1.0,0.8,skip,attack_already_active,1785296249.4361846,1785296249436184691,1384917652883129,7.5,53.36328125,-1.0,0,0
2026-07-28T23:37:29.437,10.42.0.47,10.42.0.1|10.42.0.47,67,3,UPLOAD,0.95,UPLOAD,0.95,1,2896,100.0,9,0.0,26064.0,0,9,0.0,1.0,0.11229640702954843,1,0,1,1,1,1,1,1,0.9699999999999999,1.0,1.0,1.0,0.8,skip,attack_already_active,1785296249.4371145,1785296249437114425,1384917653812732,7.5,53.36328125,-1.0,0,0
2026-07-28T23:37:29.438,10.42.0.47,10.42.0.1|10.42.0.47,67,3,UPLOAD,0.95,UPLOAD,0.95,1,2896,100.0,10,0.0,28960.0,0,10,0.0,1.0,0.09766763369753888,1,0,1,1,1,1,1,1,0.9699999999999999,1.0,1.0,1.0,0.8,skip,attack_already_active,1785296249.4383972,1785296249438397096,1384917655095341,7.5,53.36328125,-1.0,0,0
2026-07-28T23:37:29.439,10.42.0.47,10.42.0.1|10.42.0.47,67,3,UPLOAD,0.95,UPLOAD,0.95,1,1448,100.0,11,0.0,30408.0,0,11,0.0,1.0,0.08491283530681534,1,0,1,1,1,1,1,1,0.9699999999999999,1.0,1.0,1.0,0.8,skip,attack_already_active,1785296249.4392722,1785296249439272248,1384917655970374,7.5,53.36328125,-1.0,0,0
2026-07-28T23:37:29.440,10.42.0.47,10.42.0.1|10.42.0.47,67,3,UPLOAD,0.95,UPLOAD,0.95,1,4344,100.0,12,0.0,34752.0,0,12,0.0,1.0,0.07389638194231354,1,0,1,1,1,1,1,1,0.9699999999999999,1.0,1.0,1.0,0.8,skip,attack_already_active,1785296249.4405842,1785296249440584248,1384917657282534,7.5,53.36328125,-1.0,0,0
2026-07-28T23:37:29.441,10.42.0.47,10.42.0.1|10.42.0.47,67,3,UPLOAD,0.95,UPLOAD,0.95,1,4344,100.0,13,0.0,39096.0,0,13,0.0,1.0,0.06433111318813634,1,0,1,1,1,1,1,1,0.9699999999999999,1.0,1.0,1.0,0.8,skip,attack_already_active,1785296249.4418924,1785296249441892412,1384917658590768,7.5,53.36328125,-1.0,0,0
2026-07-28T23:37:29.443,10.42.0.47,10.42.0.1|10.42.0.47,67,3,UPLOAD,0.95,UPLOAD,0.95,1,1448,100.0,14,0.0,40544.0,0,14,0.0,1.0,0.056024951691142015,1,0,1,1,1,1,1,1,0.9699999999999999,1.0,1.0,1.0,0.8,skip,attack_already_active,1785296249.4431903,1785296249443190198,1384917659888433,7.5,53.36328125,-1.0,0,0
2026-07-28T23:37:29.444,10.42.0.47,10.42.0.1|10.42.0.47,67,3,UPLOAD,0.95,UPLOAD,0.95,1,2896,100.0,15,0.0,43440.0,0,15,0.0,1.0,0.048812890368335415,1,0,1,1,1,1,1,1,0.9699999999999999,1.0,1.0,1.0,0.8,skip,attack_already_active,1785296249.444485,1785296249444484939,1384917661183319,7.5,53.36328125,-1.0,0,0
2026-07-28T23:37:29.445,10.42.0.47,10.42.0.1|10.42.0.47,67,3,UPLOAD,0.95,UPLOAD,0.95,1,4344,100.0,16,0.0,47784.0,0,16,0.0,1.0,0.04256171945154451,1,0,1,1,1,1,1,1,0.9699999999999999,1.0,1.0,1.0,0.8,skip,attack_already_active,1785296249.4458594,1785296249445859272,1384917662557780,7.5,53.36328125,-1.0,0,0
2026-07-28T23:37:29.447,10.42.0.47,10.42.0.1|10.42.0.47,67,3,UPLOAD,0.95,UPLOAD,0.95,1,1448,100.0,17,0.0,49232.0,0,17,0.0,1.0,0.03713501586369112,1,0,1,1,1,1,1,1,0.9699999999999999,1.0,1.0,1.0,0.8,skip,attack_already_active,1785296249.4472394,1785296249447239503,1384917663937916,7.5,53.36328125,-1.0,0,0
2026-07-28T23:37:29.448,10.42.0.47,10.42.0.1|10.42.0.47,67,3,UPLOAD,0.95,UPLOAD,0.95,1,2896,100.0,18,0.0,52128.0,0,18,0.0,1.0,0.032364945325118175,1,0,1,1,1,1,1,1,0.9699999999999999,1.0,1.0,1.0,0.8,skip,attack_already_active,1785296249.4481757,1785296249448175665,1384917664874035,7.5,53.36328125,-1.0,0,0
2026-07-28T23:37:29.449,10.42.0.47,10.42.0.1|10.42.0.47,67,3,UPLOAD,0.9508381063357377,UPLOAD,0.9508381063357377,1,4344,100.0,19,0.0,56472.0,0,19,0.0,1.0,0.028277454948732888,1,0,1,1,1,1,1,1,0.9699999999999999,1.0,1.0,1.0,0.8,skip,attack_already_active,1785296249.4495218,1785296249449521603,1384917666219924,7.5,53.36328125,-1.0,0,0
2026-07-28T23:37:29.450,10.42.0.47,10.42.0.1|10.42.0.47,67,3,UPLOAD,0.9551777855479874,UPLOAD,0.9551777855479874,1,1448,100.0,20,0.0,57920.0,0,20,0.0,1.0,0.024722936298680276,1,0,1,1,1,1,1,1,0.9699999999999999,1.0,1.0,1.0,0.8,skip,attack_already_active,1785296249.450825,1785296249450824987,1384917667523666,7.5,53.36328125,-1.0,0,0
2026-07-28T23:37:29.451,10.42.0.47,10.42.0.1|10.42.0.47,67,3,UPLOAD,0.9571646680634252,UPLOAD,0.9571646680634252,1,2896,100.0,21,0.0,60816.0,0,21,0.0,1.0,0.02160385551732479,1,0,1,1,1,1,1,1,0.9699999999999999,1.0,1.0,1.0,0.8,skip,attack_already_active,1785296249.451878,1785296249451878068,1384917668576329,7.5,53.36328125,-1.0,0,0
2026-07-28T23:37:29.453,10.42.0.47,10.42.0.1|10.42.0.47,67,3,UPLOAD,0.9595358977055,UPLOAD,0.9595358977055,1,4344,100.0,22,0.0,65160.0,0,22,0.0,1.0,0.01893446486890012,1,0,1,1,1,1,1,1,0.9699999999999999,1.0,1.0,1.0,0.8,skip,attack_already_active,1785296249.4532247,1785296249453224741,1384917669923015,7.5,53.36328125,-1.0,0,0
2026-07-28T23:37:29.454,10.42.0.47,10.42.0.1|10.42.0.47,67,3,UPLOAD,0.9634026556433612,UPLOAD,0.9634026556433612,1,1448,100.0,23,0.0,66608.0,0,23,0.0,1.0,0.016614192686702882,1,0,1,1,1,1,1,1,0.9699999999999999,1.0,1.0,1.0,0.8,skip,attack_already_active,1785296249.4545512,1785296249454551227,1384917671250634,7.5,53.36328125,-1.0,0,0
2026-07-28T23:37:29.455,10.42.0.47,10.42.0.1|10.42.0.47,67,3,UPLOAD,0.9655246566522209,UPLOAD,0.9655246566522209,1,2896,100.0,24,0.0,69504.0,0,24,0.0,1.0,0.014552295576489103,1,0,1,1,1,1,1,1,0.9699999999999999,1.0,1.0,1.0,0.8,skip,attack_already_active,1785296249.4555182,1785296249455518303,1384917672216477,7.5,53.36328125,-1.0,0,0
2026-07-28T23:37:29.456,10.42.0.47,10.42.0.1|10.42.0.47,67,3,UPLOAD,0.967435280500147,UPLOAD,0.967435280500147,1,4344,100.0,25,0.0,73848.0,0,25,0.0,1.0,0.012815607833850554,1,0,1,1,1,1,1,1,0.9699999999999999,1.0,1.0,1.0,0.8,skip,attack_already_active,1785296249.4568913,1785296249456891373,1384917673590020,7.5,53.36328125,-1.0,0,0
2026-07-28T23:37:29.458,10.42.0.47,10.42.0.1|10.42.0.47,67,3,UPLOAD,0.9672113747591379,UPLOAD,0.9672113747591379,1,1448,100.0,26,0.0,75296.0,0,26,0.0,1.0,0.011347325805295337,1,0,1,1,1,1,1,1,0.9699999999999999,1.0,1.0,1.0,0.8,skip,attack_already_active,1785296249.4585645,1785296249458564714,1384917675263326,7.5,53.36328125,-1.0,0,0
2026-07-28T23:37:29.459,10.42.0.47,10.42.0.1|10.42.0.47,67,3,UPLOAD,0.9657491124953657,UPLOAD,0.9657491124953657,1,2896,100.0,27,0.0,78192.0,0,27,0.0,1.0,0.009983614388126474,1,0,1,1,1,1,1,1,0.9699999999999999,1.0,1.0,1.0,0.8,skip,attack_already_active,1785296249.459563,1785296249459563037,1384917676261409,7.5,53.36328125,-1.0,0,0
2026-07-28T23:37:29.460,10.42.0.47,10.42.0.1|10.42.0.47,67,3,UPLOAD,0.9679127275473335,UPLOAD,0.9679127275473335,1,1363,100.0,28,0.0,79555.0,0,28,0.0,1.0,0.00884239592848768,1,0,1,1,1,1,1,1,0.9699999999999999,1.0,1.0,1.0,0.8,skip,attack_already_active,1785296249.4608862,1785296249460886378,1384917677584759,7.5,53.36328125,-1.0,0,0
2026-07-28T23:37:29.461,10.42.0.1,10.42.0.1|10.42.0.47,67,3,UPLOAD,0.955356615498275,UPLOAD,0.955356615498275,1,7240,100.0,1,0.0,7240.0,0,1,0.0,1.0,0.01953542792738154,1,0,1,1,1,1,1,1,0.9699999999999999,1.0,1.0,1.0,0.8,skip,attack_already_active,1785296249.4618216,1785296249461821528,1384917678519808,7.5,53.36328125,-1.0,0,0
2026-07-28T23:37:29.462,10.42.0.1,10.42.0.1|10.42.0.47,67,3,UPLOAD,0.955677546801296,UPLOAD,0.955677546801296,1,5792,100.0,2,0.0,13032.0,0,2,0.0,1.0,0.017081674749169534,1,0,1,1,1,1,1,1,0.9699999999999999,1.0,1.0,1.0,0.8,skip,attack_already_active,1785296249.4627361,1785296249462736244,1384917679434523,7.5,53.36328125,-1.0,0,0
2026-07-28T23:37:29.468,10.42.0.1,10.42.0.1|10.42.0.47,67,3,UPLOAD,0.9657210595951883,UPLOAD,0.9657210595951883,1,2896,100.0,3,0.0,15928.0,0,3,0.0,1.0,0.015539021838515823,1,0,1,1,1,1,1,1,0.9699999999999999,1.0,1.0,1.0,0.8,skip,attack_already_active,1785296249.468111,1785296249468111068,1384917684809510,7.5,53.36328125,-1.0,0,0
2026-07-28T23:37:29.469,10.42.0.1,10.42.0.1|10.42.0.47,67,3,UPLOAD,0.9717517857387311,UPLOAD,0.9717517857387311,1,11584,100.0,4,0.0,27512.0,0,4,0.0,1.0,0.013730933787544579,1,0,1,1,1,1,1,1,0.9699999999999999,1.0,1.0,1.0,0.8,skip,attack_already_active,1785296249.469929,1785296249469929041,1384917686627350,7.5,53.36328125,-1.0,0,0
2026-07-28T23:37:29.470,10.42.0.1,10.42.0.1|10.42.0.47,67,3,UPLOAD,0.9734909770364846,UPLOAD,0.9734909770364846,1,14480,100.0,5,0.0,41992.0,0,5,0.0,1.0,0.01204690303335817,1,0,1,1,1,1,1,1,0.9699999999999999,1.0,1.0,1.0,0.8,skip,attack_already_active,1785296249.4708803,1785296249470880332,1384917687578674,7.5,53.36328125,-1.0,0,0
2026-07-28T23:37:29.472,10.42.0.1,10.42.0.1|10.42.0.47,67,3,UPLOAD,0.9746756787419132,UPLOAD,0.9746756787419132,1,5792,100.0,6,0.0,47784.0,0,6,0.0,1.0,0.010636874721736328,1,0,1,1,1,1,1,1,0.9699999999999999,1.0,1.0,1.0,0.8,skip,attack_already_active,1785296249.4722269,1785296249472226727,1384917688924984,7.5,53.36328125,-1.0,0,0
2026-07-28T23:37:29.473,10.42.0.1,10.42.0.1|10.42.0.47,67,3,UPLOAD,0.9759408864575634,UPLOAD,0.9759408864575634,1,14480,100.0,7,0.0,62264.0,0,7,0.0,1.0,0.009413311908967714,1,0,1,1,1,1,1,1,0.9699999999999999,1.0,1.0,1.0,0.8,skip,attack_already_active,1785296249.4735785,1785296249473578475,1384917690276799,7.5,53.36328125,-1.0,0,0
2026-07-28T23:37:29.476,10.42.0.1,10.42.0.1|10.42.0.47,67,3,UPLOAD,0.976987495450692,UPLOAD,0.976987495450692,1,8688,100.0,8,0.0,70952.0,0,8,0.0,1.0,0.008523496827401514,1,0,1,1,1,1,1,1,0.9699999999999999,1.0,1.0,1.0,0.8,skip,attack_already_active,1785296249.4762392,1785296249476239216,1384917692937842,7.5,53.36328125,-1.0,0,0
2026-07-28T23:37:29.477,10.42.0.1,10.42.0.1|10.42.0.47,67,3,UPLOAD,0.9787079253502736,UPLOAD,0.9787079253502736,1,8590,100.0,9,0.0,79542.0,0,9,0.0,1.0,0.007530103177289797,1,0,1,1,1,1,1,1,0.9699999999999999,1.0,1.0,1.0,0.8,skip,attack_already_active,1785296249.477224,1785296249477224099,1384917693922356,7.5,53.36328125,-1.0,0,0
2026-07-28T23:37:29.630,10.42.0.210,10.42.0.1|10.42.0.47,66,3,UPLOAD,0.95,UPLOAD,0.95,1,1448,100.0,1,0.0,1448.0,0,1,0.0,1.0,0.29394120628189,0,0,0,1,1,1,1,1,0.9525,0.95,1.0,1.0,0.8,trigger,training_upload_trigger_confirmed,1785296249.6307883,1785296249630788287,1384917847487095,7.5,53.36328125,6.390213,1785296249637180026,1384917853877308
2026-07-28T23:37:29.633,10.42.0.210,10.42.0.1|10.42.0.47,66,3,UPLOAD,0.9841010226033655,UPLOAD,0.9841010226033655,1,1448,100.0,2,0.0,2896.0,0,2,0.0,1.0,0.2555750958440062,0,0,1,1,1,1,1,1,0.9699999999999999,1.0,1.0,1.0,0.8,skip,attack_already_active,1785296249.6335797,1785296249633579779,1384917850278147,7.5,53.36328125,-1.0,0,0
2026-07-28T23:37:29.635,10.42.0.210,10.42.0.1|10.42.0.47,66,3,UPLOAD,0.9854688349332961,UPLOAD,0.9854688349332961,1,1448,100.0,3,0.0,4344.0,0,3,0.0,1.0,0.22208934968113514,0,0,1,1,1,1,1,1,0.9699999999999999,1.0,1.0,1.0,0.8,skip,attack_already_active,1785296249.6350408,1785296249635040822,1384917851739521,7.5,53.36328125,-1.0,0,0
2026-07-28T23:37:29.636,10.42.0.210,10.42.0.1|10.42.0.47,66,3,UPLOAD,0.9855076450773014,UPLOAD,0.9855076450773014,1,1448,100.0,4,0.0,5792.0,0,4,0.0,1.0,0.19295308362775884,0,0,1,1,1,1,1,1,0.9699999999999999,1.0,1.0,1.0,0.8,skip,attack_already_active,1785296249.636023,1785296249636023052,1384917852721425,7.5,53.36328125,-1.0,0,0
2026-07-28T23:37:29.637,10.42.0.210,10.42.0.1|10.42.0.47,66,3,UPLOAD,0.9855086980780915,UPLOAD,0.9855086980780915,1,1448,100.0,5,0.0,7240.0,0,5,0.0,1.0,0.16771875434442407,0,0,1,1,1,1,1,1,0.9699999999999999,1.0,1.0,1.0,0.8,skip,attack_already_active,1785296249.6374798,1785296249637479803,1384917854178365,7.5,53.36328125,-1.0,0,0
2026-07-28T23:37:29.638,10.42.0.210,10.42.0.1|10.42.0.47,66,3,UPLOAD,0.9855087254685951,UPLOAD,0.9855087254685951,1,1448,100.0,6,0.0,8688.0,0,6,0.0,1.0,0.1457527997558971,0,0,1,1,1,1,1,1,0.9699999999999999,1.0,1.0,1.0,0.8,skip,attack_already_active,1785296249.638505,1785296249638504957,1384917855203493,7.5,53.36328125,-1.0,0,0
2026-07-28T23:37:29.640,10.42.0.210,10.42.0.1|10.42.0.47,66,3,UPLOAD,0.9855087261493067,UPLOAD,0.9855087261493067,1,1448,100.0,7,0.0,10136.0,0,7,0.0,1.0,0.12674618001176557,0,0,1,1,1,1,1,1,0.9699999999999999,1.0,1.0,1.0,0.8,skip,attack_already_active,1785296249.6400218,1785296249640021669,1384917856720177,7.5,53.36328125,-1.0,0,0
2026-07-28T23:37:29.641,10.42.0.210,10.42.0.1|10.42.0.47,66,3,UPLOAD,0.9855087261653082,UPLOAD,0.9855087261653082,1,1448,100.0,8,0.0,11584.0,0,8,0.0,1.0,0.11017681982477381,0,0,1,1,1,1,1,1,0.9699999999999999,1.0,1.0,1.0,0.8,skip,attack_already_active,1785296249.6410277,1785296249641027664,1384917857726275,7.5,53.36328125,-1.0,0,0
2026-07-28T23:37:29.642,10.42.0.210,10.42.0.1|10.42.0.47,66,3,UPLOAD,0.985508726165656,UPLOAD,0.985508726165656,1,1448,100.0,9,0.0,13032.0,0,9,0.0,1.0,0.09585754617054978,0,0,1,1,1,1,1,1,0.9699999999999999,1.0,1.0,1.0,0.8,skip,attack_already_active,1785296249.6425395,1785296249642539531,1384917859237969,51.7,53.36328125,-1.0,0,0
2026-07-28T23:37:29.643,10.42.0.210,10.42.0.1|10.42.0.47,66,3,UPLOAD,0.9855087261656625,UPLOAD,0.9855087261656625,1,1448,100.0,10,0.0,14480.0,0,10,0.0,1.0,0.08336719052448266,0,0,1,1,1,1,1,1,0.9699999999999999,1.0,1.0,1.0,0.8,skip,attack_already_active,1785296249.6436112,1785296249643611031,1384917860309964,51.7,53.36328125,-1.0,0,0
2026-07-28T23:37:29.645,10.42.0.210,10.42.0.1|10.42.0.47,66,3,UPLOAD,0.9855087261656628,UPLOAD,0.9855087261656628,1,1448,100.0,11,0.0,15928.0,0,11,0.0,1.0,0.07259399970693589,0,0,1,1,1,1,1,1,0.9699999999999999,1.0,1.0,1.0,0.8,skip,attack_already_active,1785296249.6452236,1785296249645223696,1384917861922430,51.7,53.36328125,-1.0,0,0
2026-07-28T23:37:29.646,10.42.0.210,10.42.0.1|10.42.0.47,66,3,UPLOAD,0.95,UPLOAD,0.95,1,1448,100.0,12,0.0,17376.0,0,12,0.0,1.0,0.06316808592637028,0,0,1,1,1,1,1,1,0.9699999999999999,1.0,1.0,1.0,0.8,skip,attack_already_active,1785296249.646287,1785296249646286967,1384917862985558,51.7,53.36328125,-1.0,0,0
2026-07-28T23:37:29.647,10.42.0.210,10.42.0.1|10.42.0.47,66,3,UPLOAD,0.95,UPLOAD,0.95,1,1448,100.0,13,0.0,18824.0,0,13,0.0,1.0,0.05505900911582688,0,0,1,1,1,1,1,1,0.9699999999999999,1.0,1.0,1.0,0.8,skip,attack_already_active,1785296249.6479175,1785296249647917638,1384917864616482,51.7,53.36328125,-1.0,0,0
2026-07-28T23:37:29.649,10.42.0.210,10.42.0.1|10.42.0.47,66,3,UPLOAD,0.95,UPLOAD,0.95,1,1448,100.0,14,0.0,20272.0,0,14,0.0,1.0,0.047965406050429274,0,0,1,1,1,1,1,1,0.9699999999999999,1.0,1.0,1.0,0.8,skip,attack_already_active,1785296249.6491451,1785296249649145124,1384917865845509,51.7,53.36328125,-1.0,0,0
2026-07-28T23:37:29.650,10.42.0.210,10.42.0.1|10.42.0.47,66,3,UPLOAD,0.95,UPLOAD,0.95,1,1448,100.0,15,0.0,21720.0,0,15,0.0,1.0,0.041880264172621896,0,0,1,1,1,1,1,1,0.9699999999999999,1.0,1.0,1.0,0.8,skip,attack_already_active,1785296249.650932,1785296249650931965,1384917867630722,51.7,53.36328125,-1.0,0,0
2026-07-28T23:37:29.651,10.42.0.210,10.42.0.1|10.42.0.47,66,3,UPLOAD,0.95,UPLOAD,0.95,1,1448,100.0,16,0.0,23168.0,0,16,0.0,1.0,0.03650113389686692,0,0,1,1,1,1,1,1,0.9699999999999999,1.0,1.0,1.0,0.8,skip,attack_already_active,1785296249.6519916,1785296249651991634,1384917868690130,51.7,53.36328125,-1.0,0,0
2026-07-28T23:37:29.653,10.42.0.210,10.42.0.1|10.42.0.47,66,3,UPLOAD,0.95,UPLOAD,0.95,1,1448,100.0,17,0.0,24616.0,0,17,0.0,1.0,0.03189407904622006,0,0,1,1,1,1,1,1,0.9699999999999999,1.0,1.0,1.0,0.8,skip,attack_already_active,1785296249.653531,1785296249653531110,1384917870229715,51.7,53.36328125,-1.0,0,0
2026-07-28T23:37:29.654,10.42.0.210,10.42.0.1|10.42.0.47,66,3,UPLOAD,0.95,UPLOAD,0.95,1,1448,100.0,18,0.0,26064.0,0,18,0.0,1.0,0.027831752700196187,0,0,1,1,1,1,1,1,0.9699999999999999,1.0,1.0,1.0,0.8,skip,attack_already_active,1785296249.6545973,1785296249654597289,1384917871295832,51.7,53.36328125,-1.0,0,0
2026-07-28T23:37:29.656,10.42.0.210,10.42.0.1|10.42.0.47,66,3,UPLOAD,0.95,UPLOAD,0.95,1,1448,100.0,19,0.0,27512.0,0,19,0.0,1.0,0.024359529338389575,0,0,1,1,1,1,1,1,0.9699999999999999,1.0,1.0,1.0,0.8,skip,attack_already_active,1785296249.6560793,1785296249656079424,1384917872778107,51.7,53.36328125,-1.0,0,0
2026-07-28T23:37:29.657,10.42.0.210,10.42.0.1|10.42.0.47,66,3,UPLOAD,0.95,UPLOAD,0.95,1,1448,100.0,20,0.0,28960.0,0,20,0.0,1.0,0.021284314878533998,0,0,1,1,1,1,1,1,0.9699999999999999,1.0,1.0,1.0,0.8,skip,attack_already_active,1785296249.6571019,1785296249657101734,1384917873800103,51.7,53.36328125,-1.0,0,0
2026-07-28T23:37:29.658,10.42.0.210,10.42.0.1|10.42.0.47,66,3,UPLOAD,0.95,UPLOAD,0.95,1,1448,100.0,21,0.0,30408.0,0,21,0.0,1.0,0.018678960930205945,0,0,1,1,1,1,1,1,0.9699999999999999,1.0,1.0,1.0,0.8,skip,attack_already_active,1785296249.6586149,1785296249658614698,1384917875313209,51.7,53.36328125,-1.0,0,0
2026-07-28T23:37:29.659,10.42.0.210,10.42.0.1|10.42.0.47,66,3,UPLOAD,0.95,UPLOAD,0.95,1,1448,100.0,22,0.0,31856.0,0,22,0.0,1.0,0.016352331772231873,0,0,1,1,1,1,1,1,0.9699999999999999,1.0,1.0,1.0,0.8,skip,attack_already_active,1785296249.6596377,1785296249659637832,1384917876349473,51.7,53.36328125,-1.0,0,0
2026-07-28T23:37:29.662,10.42.0.210,10.42.0.1|10.42.0.47,66,3,UPLOAD,0.95,UPLOAD,0.95,1,1448,100.0,23,0.0,33304.0,0,23,0.0,1.0,0.01458074238018897,0,0,1,1,1,1,1,1,0.9699999999999999,1.0,1.0,1.0,0.8,skip,attack_already_active,1785296249.662546,1785296249662545827,1384917879244592,51.7,53.36328125,-1.0,0,0
2026-07-28T23:37:29.663,10.42.0.210,10.42.0.1|10.42.0.47,66,3,UPLOAD,0.95,UPLOAD,0.95,1,1448,100.0,24,0.0,34752.0,0,24,0.0,1.0,0.012805841097777779,0,0,1,1,1,1,1,1,0.9699999999999999,1.0,1.0,1.0,0.8,skip,attack_already_active,1785296249.6636574,1785296249663657505,1384917880356454,51.7,53.36328125,-1.0,0,0
2026-07-28T23:37:29.665,10.42.0.210,10.42.0.1|10.42.0.47,66,3,UPLOAD,0.95,UPLOAD,0.95,1,1448,100.0,25,0.0,36200.0,0,25,0.0,1.0,0.011330489025572028,0,0,1,1,1,1,1,1,0.9699999999999999,1.0,1.0,1.0,0.8,skip,attack_already_active,1785296249.6652672,1785296249665267221,1384917881966107,51.7,53.36328125,-1.0,0,0
2026-07-28T23:37:29.666,10.42.0.210,10.42.0.1|10.42.0.47,66,3,UPLOAD,0.95,UPLOAD,0.95,1,1448,100.0,26,0.0,37648.0,0,26,0.0,1.0,0.009983008462905445,0,0,1,1,1,1,1,1,0.9699999999999999,1.0,1.0,1.0,0.8,skip,attack_already_active,1785296249.666372,1785296249666372094,1384917883070760,51.7,53.36328125,-1.0,0,0
2026-07-28T23:37:29.667,10.42.0.210,10.42.0.1|10.42.0.47,66,3,UPLOAD,0.95,UPLOAD,0.95,1,1448,100.0,27,0.0,39096.0,0,27,0.0,1.0,0.00886772643610597,0,0,1,1,1,1,1,1,0.9699999999999999,1.0,1.0,1.0,0.8,skip,attack_already_active,1785296249.6678915,1785296249667891469,1384917884590428,51.7,53.36328125,-1.0,0,0
2026-07-28T23:37:29.668,10.42.0.210,10.42.0.1|10.42.0.47,66,3,UPLOAD,0.95,UPLOAD,0.95,1,1448,100.0,28,0.0,40544.0,0,28,0.0,1.0,0.007837077822421698,0,0,1,1,1,1,1,1,0.9699999999999999,1.0,1.0,1.0,0.8,skip,attack_already_active,1785296249.668938,1785296249668937949,1384917885636418,51.7,53.36328125,-1.0,0,0
2026-07-28T23:37:29.670,10.42.0.210,10.42.0.1|10.42.0.47,66,3,UPLOAD,0.95,UPLOAD,0.95,1,1448,100.0,29,0.0,41992.0,0,29,0.0,1.0,0.007010198395035183,0,0,1,1,1,1,1,1,0.9699999999999999,1.0,1.0,1.0,0.8,skip,attack_already_active,1785296249.6705,1785296249670500158,1384917887198807,51.7,53.36328125,-1.0,0,0
2026-07-28T23:37:29.671,10.42.0.210,10.42.0.1|10.42.0.47,66,3,UPLOAD,0.95,UPLOAD,0.95,1,1448,100.0,30,0.0,43440.0,0,30,0.0,1.0,0.006226335271044098,0,0,1,1,1,1,1,1,0.9699999999999999,1.0,1.0,1.0,0.8,skip,attack_already_active,1785296249.6715617,1785296249671561723,1384917888260141,51.7,53.36328125,-1.0,0,0
2026-07-28T23:37:29.673,10.42.0.210,10.42.0.1|10.42.0.47,66,3,UPLOAD,0.95,UPLOAD,0.95,1,1448,100.0,31,0.0,44888.0,0,31,0.0,1.0,0.005605709848731367,0,0,1,1,1,1,1,1,0.9699999999999999,1.0,1.0,1.0,0.8,skip,attack_already_active,1785296249.6730783,1785296249673078226,1384917889776686,51.7,53.36328125,-1.0,0,0
2026-07-28T23:37:29.674,10.42.0.210,10.42.0.1|10.42.0.47,66,3,UPLOAD,0.95,UPLOAD,0.95,1,1448,100.0,32,0.0,46336.0,0,32,0.0,1.0,0.005006891039366095,0,0,1,1,1,1,1,1,0.9699999999999999,1.0,1.0,1.0,0.8,skip,attack_already_active,1785296249.6741397,1785296249674139561,1384917890838057,51.7,53.36328125,-1.0,0,0
2026-07-28T23:37:29.675,10.42.0.210,10.42.0.1|10.42.0.47,66,3,UPLOAD,0.95,UPLOAD,0.95,1,1448,100.0,33,0.0,47784.0,0,33,0.0,1.0,0.004507748215849283,0,0,1,1,1,1,1,1,0.9699999999999999,1.0,1.0,1.0,0.8,skip,attack_already_active,1785296249.6753588,1785296249675358771,1384917892057055,51.7,53.36328125,-1.0,0,0
2026-07-28T23:37:29.676,10.42.0.210,10.42.0.1|10.42.0.47,66,3,UPLOAD,0.95,UPLOAD,0.95,1,1448,100.0,34,0.0,49232.0,0,34,0.0,1.0,0.00401075927248988,0,0,1,1,1,1,1,1,0.9699999999999999,1.0,1.0,1.0,0.8,skip,attack_already_active,1785296249.676095,1785296249676095001,1384917892793267,51.7,53.36328125,-1.0,0,0
2026-07-28T23:37:29.676,10.42.0.210,10.42.0.1|10.42.0.47,66,3,UPLOAD,0.95,UPLOAD,0.95,1,1448,100.0,35,0.0,50680.0,0,35,0.0,1.0,0.003573354296592245,0,0,1,1,1,1,1,1,0.9699999999999999,1.0,1.0,1.0,0.8,skip,attack_already_active,1785296249.6767864,1785296249676786538,1384917893484759,51.7,53.36328125,-1.0,0,0
2026-07-28T23:37:29.677,10.42.0.210,10.42.0.1|10.42.0.47,66,3,UPLOAD,0.95,UPLOAD,0.95,1,1448,100.0,36,0.0,52128.0,0,36,0.0,1.0,0.003198583508614586,0,0,1,1,1,1,1,1,0.9699999999999999,1.0,1.0,1.0,0.8,skip,attack_already_active,1785296249.6775157,1785296249677515714,1384917894213861,51.7,53.36328125,-1.0,0,0
2026-07-28T23:37:29.678,10.42.0.210,10.42.0.1|10.42.0.47,66,3,UPLOAD,0.95,UPLOAD,0.95,1,1448,100.0,37,0.0,53576.0,0,37,0.0,1.0,0.0028714071456880036,0,0,1,1,1,1,1,1,0.9699999999999999,1.0,1.0,1.0,0.8,skip,attack_already_active,1785296249.6782315,1785296249678231598,1384917894929828,51.7,53.36328125,-1.0,0,0
2026-07-28T23:37:29.678,10.42.0.210,10.42.0.1|10.42.0.47,66,3,UPLOAD,0.95,UPLOAD,0.95,1,1448,100.0,38,0.0,55024.0,0,38,0.0,1.0,0.002585773400105414,0,0,1,1,1,1,1,1,0.9699999999999999,1.0,1.0,1.0,0.8,skip,attack_already_active,1785296249.6789353,1785296249678935220,1384917895633407,51.7,53.36328125,-1.0,0,0
2026-07-28T23:37:29.680,10.42.0.1,10.42.0.1|10.42.0.47,67,3,UPLOAD,0.9799799060102046,UPLOAD,0.9799799060102046,1,7240,100.0,10,0.0,86782.0,0,10,0.0,1.0,0.01281962760921935,1,0,1,1,1,1,1,1,0.9699999999999999,1.0,1.0,1.0,0.8,skip,attack_already_active,1785296249.680212,1785296249680211886,1384917896910075,51.7,53.36328125,-1.0,0,0
2026-07-28T23:37:29.680,10.42.0.1,10.42.0.1|10.42.0.47,67,3,UPLOAD,0.980552413660804,UPLOAD,0.980552413660804,1,5792,100.0,11,0.0,92574.0,0,11,0.0,1.0,0.011223606493860575,1,0,1,1,1,1,1,1,0.9699999999999999,1.0,1.0,1.0,0.8,skip,attack_already_active,1785296249.68092,1785296249680919721,1384917897617892,51.7,53.36328125,-1.0,0,0
2026-07-28T23:37:29.682,10.42.0.1,10.42.0.1|10.42.0.47,67,3,UPLOAD,0.9810903137912074,UPLOAD,0.9810903137912074,1,11584,100.0,12,0.0,104158.0,0,12,0.0,1.0,0.009912296809604908,1,0,1,1,1,1,1,1,0.9699999999999999,1.0,1.0,1.0,0.8,skip,attack_already_active,1785296249.6821923,1785296249682192472,1384917898890689,51.7,53.36328125,-1.0,0,0
2026-07-28T23:37:29.682,10.42.0.1,10.42.0.1|10.42.0.47,67,3,UPLOAD,0.9815637887045039,UPLOAD,0.9815637887045039,1,5792,100.0,13,0.0,109950.0,0,13,0.0,1.0,0.00869919916106543,1,0,1,1,1,1,1,1,0.9699999999999999,1.0,1.0,1.0,0.8,skip,attack_already_active,1785296249.6828988,1785296249682898738,1384917899596864,51.7,53.36328125,-1.0,0,0
2026-07-28T23:37:29.683,10.42.0.1,10.42.0.1|10.42.0.47,67,3,UPLOAD,0.9819636058488217,UPLOAD,0.9819636058488217,1,11584,100.0,14,0.0,121534.0,0,14,0.0,1.0,0.007641998208066816,1,0,1,1,1,1,1,1,0.9699999999999999,1.0,1.0,1.0,0.8,skip,attack_already_active,1785296249.6835752,1785296249683575000,1384917900273057,51.7,53.36328125,-1.0,0,0
2026-07-28T23:37:29.684,10.42.0.1,10.42.0.1|10.42.0.47,67,3,UPLOAD,0.9823529235852473,UPLOAD,0.9823529235852473,1,14480,100.0,15,0.0,136014.0,0,15,0.0,1.0,0.006766648619151524,1,0,1,1,1,1,1,1,0.9699999999999999,1.0,1.0,1.0,0.8,skip,attack_already_active,1785296249.6845744,1785296249684574476,1384917901272662,51.7,53.36328125,-1.0,0,0
2026-07-28T23:37:29.685,10.42.0.1,10.42.0.1|10.42.0.47,67,3,UPLOAD,0.9823301147485792,UPLOAD,0.9823301147485792,1,8688,100.0,16,0.0,144702.0,0,16,0.0,1.0,0.006005548145462614,1,0,1,1,1,1,1,1,0.9699999999999999,1.0,1.0,1.0,0.8,skip,attack_already_active,1785296249.6855652,1785296249685565115,1384917902263630,51.7,53.36328125,-1.0,0,0
2026-07-28T23:37:29.687,10.42.0.1,10.42.0.1|10.42.0.47,67,3,UPLOAD,0.9825248424535066,UPLOAD,0.9825248424535066,1,11584,100.0,17,0.0,156286.0,0,17,0.0,1.0,0.005448167631848804,1,0,1,1,1,1,1,1,0.9699999999999999,1.0,1.0,1.0,0.8,skip,attack_already_active,1785296249.687341,1785296249687341088,1384917904039306,51.7,53.36328125,-1.0,0,0
2026-07-28T23:37:29.688,10.42.0.1,10.42.0.1|10.42.0.47,67,3,UPLOAD,0.9829220816020001,UPLOAD,0.9829220816020001,1,2799,100.0,18,0.0,159085.0,0,18,0.0,1.0,0.004829360390776423,1,0,1,1,1,1,1,1,0.9699999999999999,1.0,1.0,1.0,0.8,skip,attack_already_active,1785296249.6880932,1785296249688093080,1384917904791427,51.7,53.36328125,-1.0,0,0
2026-07-28T23:37:29.979,10.42.0.1,10.42.0.47,68,1,DOWNLOAD,0.9821594659966203,DOWNLOAD,0.9821594659966203,-1,1448,100.0,19,1448.0,159085.0,1,18,0.009019952283954078,0.990980047716046,0.2534824591874343,0,0,0,0,1,0,0,0,0.44,0.8500000000000001,0.0,0.6000000000000001,0.15,skip,training_upload_trigger_not_confirmed,1785296249.9795609,1785296249979561078,1384918196260198,51.7,53.36328125,-1.0,0,0
2026-07-28T23:37:29.983,10.42.0.1,10.42.0.47,68,1,DOWNLOAD,0.95,DOWNLOAD,0.95,-1,5792,21.973066295445708,20,7240.0,159085.0,2,18,0.0435292349316098,0.9564707650683902,0.22059823697516456,0,0,0,0,1,0,0,0,0.44,0.8500000000000001,0.0,0.6000000000000001,0.15,skip,training_upload_trigger_not_confirmed,1785296249.983494,1785296249983494096,1384918200192828,51.7,53.36328125,-1.0,0,0
2026-07-28T23:37:29.984,10.42.0.1,10.42.0.47,68,1,DOWNLOAD,0.95,DOWNLOAD,0.95,-1,7240,10.986533148481593,21,14480.0,159085.0,3,18,0.08342695820009795,0.9165730417999021,0.19167574112140556,0,0,0,0,1,0,0,0,0.44,0.8500000000000001,0.0,0.6000000000000001,0.15,skip,training_upload_trigger_not_confirmed,1785296249.9846075,1785296249984607458,1384918201306452,51.7,53.36328125,-1.0,0,0
2026-07-28T23:37:29.985,10.42.0.1,10.42.0.47,68,1,DOWNLOAD,0.95,DOWNLOAD,0.95,-1,7240,7.3243554324896705,22,21720.0,159085.0,4,18,0.12012942119963496,0.879870578800365,0.16657115230088795,0,0,0,0,1,0,0,0,0.44,0.8500000000000001,0.0,0.6000000000000001,0.15,skip,training_upload_trigger_not_confirmed,1785296249.9857714,1785296249985771555,1384918202470119,51.7,53.36328125,-1.0,0,0
2026-07-28T23:37:29.986,10.42.0.1,10.42.0.47,68,1,DOWNLOAD,0.95,DOWNLOAD,0.95,-1,7240,5.493266574430481,23,28960.0,159085.0,5,18,0.15400569012736312,0.8459943098726369,0.14476393114013233,0,0,0,0,1,0,0,0,0.4,0.8500000000000001,0.0,0.4,0.15,skip,training_upload_trigger_not_confirmed,1785296249.9868536,1785296249986853724,1384918203552131,51.7,53.36328125,-1.0,0,0
2026-07-28T23:37:29.989,10.42.0.1,10.42.0.47,68,1,DOWNLOAD,0.95,DOWNLOAD,0.95,-1,7240,4.394613259574735,24,36200.0,159085.0,6,18,0.1853701001100955,0.8146298998899045,0.12598903466318162,0,0,0,0,1,0,0,0,0.4,0.8500000000000001,0.0,0.4,0.15,skip,training_upload_trigger_not_confirmed,1785296249.98914,1785296249989139875,1384918205838190,51.7,53.36328125,-1.0,0,0
2026-07-28T23:37:29.989,10.42.0.1,10.42.0.47,68,1,DOWNLOAD,0.9652709983578481,DOWNLOAD,0.9652709983578481,-1,7240,3.66217771632914,25,43440.0,159085.0,7,18,0.21449203801999753,0.7855079619800025,0.1094803635551714,0,0,0,0,1,0,0,0,0.4,0.8500000000000001,0.0,0.4,0.15,skip,training_upload_trigger_not_confirmed,1785296249.9898493,1785296249989849297,1384918206547343,51.7,53.36328125,-1.0,0,0
2026-07-28T23:37:29.991,10.42.0.1,10.42.0.47,68,1,DOWNLOAD,0.9806899038133432,DOWNLOAD,0.9806899038133432,-1,7240,3.1390094711495857,26,50680.0,159085.0,8,18,0.24160369937787524,0.7583963006221247,0.09522301844837833,0,0,0,0,1,0,0,0,0.4,0.8500000000000001,0.0,0.4,0.15,skip,training_upload_trigger_not_confirmed,1785296249.9911346,1785296249991134831,1384918207833449,51.7,53.36328125,-1.0,0,0
2026-07-28T23:37:29.992,10.42.0.1,10.42.0.47,68,1,DOWNLOAD,0.9880228173848732,DOWNLOAD,0.9880228173848732,-1,7240,2.7466332872626618,27,57920.0,159085.0,9,18,0.26690629248174,0.73309370751826,0.0827896667489075,0,0,0,0,1,0,0,0,0.32,0.8500000000000001,0.0,0.0,0.15,skip,training_upload_trigger_not_confirmed,1785296249.9920044,1785296249992004352,1384918208702641,51.7,53.36328125,-1.0,0,0
2026-07-28T23:37:29.992,10.42.0.1,10.42.0.47,68,1,DOWNLOAD,0.9920431006067569,DOWNLOAD,0.9920431006067569,-1,10136,2.337560244484872,28,68056.0,159085.0,10,18,0.29962005978665235,0.7003799402133477,0.07197564295354619,0,0,0,0,1,0,0,0,0.32,0.8500000000000001,0.0,0.0,0.15,skip,training_upload_trigger_not_confirmed,1785296249.9927294,1785296249992729325,1384918209427975,51.7,53.36328125,-1.0,0,0
2026-07-28T23:37:29.993,10.42.0.1,10.42.0.47,68,1,DOWNLOAD,0.9935411031707094,DOWNLOAD,0.9935411031707094,-1,4344,2.1973066298177173,29,72400.0,159085.0,11,18,0.31276324599866084,0.6872367540013392,0.06258292413644485,0,0,0,0,1,0,0,0,0.32,0.8500000000000001,0.0,0.0,0.15,skip,training_upload_trigger_not_confirmed,1785296249.9934263,1785296249993426401,1384918210124778,51.7,53.36328125,-1.0,0,0
2026-07-28T23:37:29.994,10.42.0.1,10.42.0.47,68,1,DOWNLOAD,0.9938601651713965,DOWNLOAD,0.9938601651713965,-1,10136,1.927461955983723,30,82536.0,159085.0,12,18,0.34159282512695505,0.658407174873045,0.05443279556158771,0,0,0,0,1,0,0,0,0.32,0.8500000000000001,0.0,0.0,0.15,skip,training_upload_trigger_not_confirmed,1785296249.9941602,1785296249994160033,1384918210858721,51.7,53.36328125,-1.0,0,0
2026-07-28T23:37:29.994,10.42.0.1,10.42.0.47,68,1,DOWNLOAD,0.9912809088142297,DOWNLOAD,0.9912809088142297,-1,4344,1.8310888581856462,31,86880.0,159085.0,13,18,0.35322098672575364,0.6467790132742464,0.04735705427749377,0,0,0,0,1,0,0,0,0.32,0.8500000000000001,0.0,0.0,0.15,skip,training_upload_trigger_not_confirmed,1785296249.9948971,1785296249994897105,1384918211595146,51.7,53.36328125,-1.0,0,0
2026-07-28T23:37:29.995,10.42.0.1,10.42.0.47,68,1,DOWNLOAD,0.9857336663017808,DOWNLOAD,0.9857336663017808,-1,10136,1.6397810670338937,32,97016.0,159085.0,14,18,0.3788192939504336,0.6211807060495664,0.04121164148860336,0,0,0,0,1,0,0,0,0.32,0.8500000000000001,0.0,0.0,0.15,skip,training_upload_trigger_not_confirmed,1785296249.9956183,1785296249995618419,1384918212316672,51.7,53.36328125,-1.0,0,0
2026-07-28T23:37:29.996,10.42.0.1,10.42.0.47,68,1,DOWNLOAD,0.978344851505233,DOWNLOAD,0.978344851505233,-1,14480,1.4268224869015318,33,111496.0,159085.0,15,18,0.4120614529475462,0.5879385470524537,0.03587757666204828,0,0,0,0,1,0,0,0,0.32,0.8500000000000001,0.0,0.0,0.15,skip,training_upload_trigger_not_confirmed,1785296249.9963512,1785296249996351116,1384918213049327,51.7,53.36328125,-1.0,0,0
2026-07-28T23:37:29.997,10.42.0.1,10.42.0.47,68,1,DOWNLOAD,0.9679007137178398,DOWNLOAD,0.9679007137178398,-1,4344,1.3733166436431863,34,115840.0,159085.0,16,18,0.4213512776211694,0.5786487223788306,0.03127464971045857,0,0,0,0,1,0,0,0,0.32,0.8500000000000001,0.0,0.0,0.15,skip,training_upload_trigger_not_confirmed,1785296249.9972985,1785296249997298546,1384918213996696,51.7,53.36328125,-1.0,0,0
2026-07-28T23:37:29.998,10.42.0.1,10.42.0.47,68,1,DOWNLOAD,0.9529670086383314,DOWNLOAD,0.9529670086383314,-1,14480,1.220725905461781,35,130320.0,159085.0,17,18,0.45030320830669823,0.5496967916933018,0.02733237191611538,0,0,0,0,1,0,0,0,0.32,0.8500000000000001,0.0,0.0,0.15,skip,training_upload_trigger_not_confirmed,1785296249.9986563,1785296249998656276,1384918215354544,51.7,53.36328125,-1.0,0,0
2026-07-28T23:37:29.999,10.42.0.1,10.42.0.47,68,1,DOWNLOAD,0.95,DOWNLOAD,0.95,-1,14480,1.0986533149164457,36,144800.0,159085.0,18,18,0.4764960429109696,0.5235039570890304,0.02386701499635301,0,0,0,0,1,0,0,0,0.30250000000000005,0.8000000000000002,0.0,0.0,0.15,skip,training_upload_trigger_not_confirmed,1785296249.999691,1785296249999690920,1384918216389388,51.7,53.36328125,-1.0,0,0
2026-07-28T23:37:30.000,10.42.0.1,10.42.0.47,68,1,DOWNLOAD,0.95,DOWNLOAD,0.95,-1,4344,1.0666537038025892,37,149144.0,159085.0,19,18,0.4838740027706673,0.5161259972293327,0.02085425078872397,0,0,0,0,1,0,0,0,0.30250000000000005,0.8000000000000002,0.0,0.0,0.15,skip,training_upload_trigger_not_confirmed,1785296250.000695,1785296250000695014,1384918217393292,51.7,53.36328125,-1.0,0,0
2026-07-28T23:37:30.001,10.42.0.1,10.42.0.47,68,1,DOWNLOAD,0.95,DOWNLOAD,0.95,-1,18824,0.9471149266530106,38,167968.0,159085.0,20,18,0.5135803677079862,0.48641963229201385,0.01820075958872363,0,0,0,0,1,0,0,0,0.30250000000000005,0.8000000000000002,0.0,0.0,0.15,skip,training_upload_trigger_not_confirmed,1785296250.0014126,1785296250001412523,1384918218110892,51.7,53.36328125,-1.0,0,0
2026-07-28T23:37:30.002,10.42.0.1,10.42.0.47,68,1,DOWNLOAD,0.95,DOWNLOAD,0.95,-1,18824,0.85166923637066,39,186792.0,159085.0,21,18,0.5400532559262397,0.45994674407376035,0.015896648024701355,0,0,0,0,1,0,0,0,0.30250000000000005,0.8000000000000002,0.0,0.0,0.15,skip,training_upload_trigger_not_confirmed,1785296250.0021281,1785296250002128232,1384918218826450,51.7,53.36328125,-1.0,0,0
2026-07-28T23:37:30.002,10.42.0.1,10.42.0.47,68,1,DOWNLOAD,0.95,DOWNLOAD,0.95,-1,10136,0.807833319792981,40,196928.0,159085.0,22,18,0.5531483400887046,0.4468516599112954,0.01389100707107136,0,0,0,0,1,0,0,0,0.30250000000000005,0.8000000000000002,0.0,0.0,0.15,skip,training_upload_trigger_not_confirmed,1785296250.0028045,1785296250002804362,1384918219502518,51.7,53.36328125,-1.0,0,0
2026-07-28T23:37:30.003,10.42.0.1,10.42.0.47,68,1,DOWNLOAD,0.95,DOWNLOAD,0.95,-1,18824,0.7373512180664034,41,215752.0,159085.0,23,18,0.5755888559560556,0.4244111440439444,0.012155093613003131,0,0,0,0,1,0,0,0,0.28500000000000003,0.7500000000000001,0.0,0.0,0.15,skip,training_upload_trigger_not_confirmed,1785296250.0035222,1785296250003522034,1384918220220292,51.7,53.36328125,-1.0,0,0
2026-07-28T23:37:30.004,10.42.0.1,10.42.0.47,68,1,DOWNLOAD,0.95,DOWNLOAD,0.95,-1,18824,0.6781810585921911,42,234576.0,159085.0,24,18,0.5958832599622518,0.4041167400377482,0.010682111448724947,0,0,0,0,1,0,0,0,0.28500000000000003,0.7500000000000001,0.0,0.0,0.15,skip,training_upload_trigger_not_confirmed,1785296250.0044992,1785296250004499286,1384918221197748,51.7,53.36328125,-1.0,0,0
2026-07-28T23:37:30.005,10.42.0.1,10.42.0.47,68,1,DOWNLOAD,0.95,DOWNLOAD,0.95,-1,16963,0.6324466583725289,43,251539.0,159085.0,25,18,0.6125774431109726,0.38742255688902744,0.009421295778603962,0,0,0,0,1,0,0,0,0.28500000000000003,0.7500000000000001,0.0,0.0,0.15,skip,training_upload_trigger_not_confirmed,1785296250.0056133,1785296250005613425,1384918222311712,51.7,53.36328125,-1.0,0,0
2026-07-28T23:37:30.006,10.42.0.210,10.42.0.47,67,1,DOWNLOAD,0.983707850371204,DOWNLOAD,0.983707850371204,-1,7240,7.599999999088397,39,7240.0,55024.0,1,38,0.11627906976744186,0.8837209302325582,0.3162129350519928,0,0,0,0,1,0,0,0,0.44,0.8500000000000001,0.0,0.6000000000000001,0.15,skip,training_upload_trigger_not_confirmed,1785296250.0067198,1785296250006719839,1384918223418215,51.7,53.36328125,-1.0,0,0
2026-07-28T23:37:30.007,10.42.0.210,10.42.0.47,67,1,DOWNLOAD,0.95,DOWNLOAD,0.95,-1,7240,3.7999999998066296,40,14480.0,55024.0,2,38,0.20833333333333334,0.7916666666666666,0.27464229172430576,0,0,0,0,1,0,0,0,0.4,0.8500000000000001,0.0,0.4,0.15,skip,training_upload_trigger_not_confirmed,1785296250.0074646,1785296250007464778,1384918224163382,51.7,53.36328125,-1.0,0,0
2026-07-28T23:37:30.008,10.42.0.1,10.42.0.47,68,1,DOWNLOAD,0.95,DOWNLOAD,0.95,-1,18824,0.5884126156330992,44,270363.0,159085.0,26,18,0.6295593412939401,0.37044065870605986,0.008567281332786338,0,0,0,0,1,0,0,0,0.28500000000000003,0.7500000000000001,0.0,0.0,0.15,skip,training_upload_trigger_not_confirmed,1785296250.0085537,1785296250008553769,1384918225252528,51.7,53.36328125,-1.0,0,0
2026-07-28T23:37:30.010,10.42.0.1,10.42.0.47,68,1,DOWNLOAD,0.95,DOWNLOAD,0.95,-1,6784,0.5740094606848567,45,277147.0,159085.0,27,18,0.6353201965926388,0.3646798034073612,0.007652034096117246,0,0,0,0,1,0,0,0,0.28500000000000003,0.7500000000000001,0.0,0.0,0.15,skip,training_upload_trigger_not_confirmed,1785296250.0101755,1785296250010175375,1384918226874157,51.7,53.36328125,-1.0,0,0
2026-07-28T23:37:30.011,10.42.0.18,10.42.0.47,51,1,DOWNLOAD,0.95,DOWNLOAD,0.95,-1,7300,1.3698630135109776e-10,1,7300.0,0.0,1,0,1.0,0.0,0.3722545732452543,0,0,0,0,0,0,0,0,0.0225,0.0,0.0,0.0,0.15,skip,training_upload_trigger_not_confirmed,1785296250.0114236,1785296250011423485,1384918228121927,51.7,53.36328125,-1.0,0,0
2026-07-28T23:37:30.012,10.42.0.18,10.42.0.47,51,1,DOWNLOAD,0.95,DOWNLOAD,0.95,-1,7300,6.84931506802402e-11,2,14600.0,0.0,2,0,1.0,0.0,0.32330818388433147,0,0,0,0,0,0,0,0,0.0225,0.0,0.0,0.0,0.15,skip,training_upload_trigger_not_confirmed,1785296250.0122375,1785296250012237577,1384918228935814,51.7,53.36328125,-1.0,0,0
2026-07-28T23:37:30.013,10.42.0.1,10.42.0.47,68,1,DOWNLOAD,0.95,DOWNLOAD,0.95,-1,16920,0.5409821571290183,46,294067.0,159085.0,28,18,0.6489367805945908,0.35106321940540924,0.007021203826985094,0,0,0,0,1,0,0,0,0.28500000000000003,0.7500000000000001,0.0,0.0,0.15,skip,training_upload_trigger_not_confirmed,1785296250.0130403,1785296250013040456,1384918229738807,51.7,53.36328125,-1.0,0,0
2026-07-28T23:37:30.014,10.42.0.59,10.42.0.47,26,1,DOWNLOAD,0.95,DOWNLOAD,0.95,-1,7300,1.3698630135109776e-10,1,7300.0,0.0,1,0,1.0,0.0,0.47012791319461666,0,0,0,0,0,0,0,0,0.0225,0.0,0.0,0.0,0.15,skip,already_attacked_this_round,1785296250.0140955,1785296250014095686,1384918230793928,51.7,53.36328125,-1.0,0,0
2026-07-28T23:37:30.014,10.42.0.59,10.42.0.47,26,1,DOWNLOAD,0.95,DOWNLOAD,0.95,-1,7300,6.84931506802402e-11,2,14600.0,0.0,2,0,1.0,0.0,0.4082843164534006,0,0,0,0,0,0,0,0,0.0225,0.0,0.0,0.0,0.15,skip,already_attacked_this_round,1785296250.0149095,1785296250014909422,1384918231607722,51.7,53.36328125,-1.0,0,0
2026-07-28T23:37:30.015,10.42.0.1,10.42.0.47,68,1,DOWNLOAD,0.95,DOWNLOAD,0.95,-1,21290,0.5044600246720242,47,315357.0,159085.0,29,18,0.6646903098798167,0.3353096901201833,0.006439695671250384,0,0,0,0,1,0,0,0,0.28500000000000003,0.7500000000000001,0.0,0.0,0.15,skip,training_upload_trigger_not_confirmed,1785296250.0156486,1785296250015648574,1384918232346840,51.7,53.36328125,-1.0,0,0
2026-07-28T23:37:30.016,10.42.0.1,10.42.0.47,68,1,DOWNLOAD,0.95,DOWNLOAD,0.95,-1,11584,0.48658626480164135,48,326941.0,159085.0,30,18,0.6726821198865904,0.32731788011340957,0.005681464872128625,0,0,0,0,1,0,0,0,0.28500000000000003,0.7500000000000001,0.0,0.0,0.15,skip,training_upload_trigger_not_confirmed,1785296250.0163343,1785296250016334237,1384918233032401,51.7,53.36328125,-1.0,0,0
2026-07-28T23:37:30.017,10.42.0.1,10.42.0.47,68,1,DOWNLOAD,0.95,DOWNLOAD,0.95,-1,5362,0.4787347691730778,49,332303.0,159085.0,31,18,0.6762537953714783,0.32374620462852166,0.005028804680469353,0,0,0,0,1,0,0,0,0.28500000000000003,0.7500000000000001,0.0,0.0,0.15,skip,training_upload_trigger_not_confirmed,1785296250.017063,1785296250017062959,1384918233761162,51.7,53.36328125,-1.0,0,0
2026-07-28T23:37:30.018,10.42.0.47,10.42.0.47,68,1,DOWNLOAD,0.95,DOWNLOAD,0.95,-1,7240,10.988259667128691,29,7240.0,79555.0,1,28,0.08341494325710007,0.9165850567428999,0.31952227807285527,0,0,0,0,0,0,0,0,0.057499999999999996,0.1,0.0,0.0,0.15,skip,training_upload_trigger_not_confirmed,1785296250.0180457,1785296250018045733,1384918234743980,51.7,53.36328125,-1.0,0,0
2026-07-28T23:37:30.020,10.42.0.210,10.42.0.47,67,1,DOWNLOAD,0.9557926560077417,DOWNLOAD,0.9557926560077417,-1,10136,2.2352941175968764,41,24616.0,55024.0,3,38,0.3090909090909091,0.6909090909090909,0.24013039984298123,0,0,0,0,1,0,0,0,0.32,0.8500000000000001,0.0,0.0,0.15,skip,training_upload_trigger_not_confirmed,1785296250.0202057,1785296250020205779,1384918236904276,51.7,53.36328125,-1.0,0,0
2026-07-28T23:37:30.021,10.42.0.210,10.42.0.47,67,1,DOWNLOAD,0.9846998846180315,DOWNLOAD,0.9846998846180315,-1,14480,1.4074074073969867,42,39096.0,55024.0,4,38,0.4153846153846154,0.5846153846153846,0.20862677474730967,0,0,0,0,1,0,0,0,0.32,0.8500000000000001,0.0,0.0,0.15,skip,training_upload_trigger_not_confirmed,1785296250.0212638,1785296250021263872,1384918237962098,81.4,53.36328125,-1.0,0,0
2026-07-28T23:37:30.021,10.42.0.210,10.42.0.47,67,1,DOWNLOAD,0.9854895428954357,DOWNLOAD,0.9854895428954357,-1,4344,1.266666666660528,43,43440.0,55024.0,5,38,0.4411764705882353,0.5588235294117647,0.1812250719974488,0,0,0,0,1,0,0,0,0.32,0.8500000000000001,0.0,0.0,0.15,skip,training_upload_trigger_not_confirmed,1785296250.0219467,1785296250021946712,1384918238644816,81.4,53.36328125,-1.0,0,0
2026-07-28T23:37:30.023,10.42.0.18,10.42.0.47,51,1,DOWNLOAD,0.9502282309034005,DOWNLOAD,0.9502282309034005,-1,10220,4.029008863657171e-11,3,24820.0,0.0,3,0,1.0,0.0,0.2821594575241101,0,0,0,0,0,0,0,0,0.0225,0.0,0.0,0.0,0.15,skip,training_upload_trigger_not_confirmed,1785296250.0232794,1785296250023279305,1384918239977623,81.4,53.36328125,-1.0,0,0
2026-07-28T23:37:30.024,10.42.0.18,10.42.0.47,51,1,DOWNLOAD,0.9541264407563236,DOWNLOAD,0.9541264407563236,-1,4380,3.424657534129292e-11,4,29200.0,0.0,4,0,1.0,0.0,0.2451017983555418,0,0,0,0,0,0,0,0,0.0225,0.0,0.0,0.0,0.15,skip,training_upload_trigger_not_confirmed,1785296250.0242186,1785296250024218585,1384918240917105,81.4,53.36328125,-1.0,0,0
2026-07-28T23:37:30.025,10.42.0.18,10.42.0.47,51,1,DOWNLOAD,0.9537692471723086,DOWNLOAD,0.9537692471723086,-1,14600,2.2831050227789245e-11,5,43800.0,0.0,5,0,1.0,0.0,0.2129427242694485,0,0,0,0,0,0,0,0,0.0225,0.0,0.0,0.0,0.15,skip,training_upload_trigger_not_confirmed,1785296250.025274,1785296250025274141,1384918241972671,81.4,53.36328125,-1.0,0,0
2026-07-28T23:37:30.027,10.42.0.210,10.42.0.47,67,1,DOWNLOAD,0.9855083405864443,DOWNLOAD,0.9855083405864443,-1,14480,0.9500000000008633,44,57920.0,55024.0,6,38,0.5128205128205128,0.48717948717948717,0.15802882132828056,0,0,0,0,1,0,0,0,0.30250000000000005,0.8000000000000002,0.0,0.0,0.15,skip,training_upload_trigger_not_confirmed,1785296250.0271418,1785296250027141879,1384918243840988,81.4,53.36328125,-1.0,0,0
2026-07-28T23:37:30.028,10.42.0.210,10.42.0.47,67,1,DOWNLOAD,0.9855087208476458,DOWNLOAD,0.9855087208476458,-1,5792,0.8636363636385039,45,63712.0,55024.0,7,38,0.5365853658536586,0.4634146341463415,0.13742244332714115,0,0,0,0,1,0,0,0,0.24999999999999997,0.65,0.0,0.0,0.15,skip,training_upload_trigger_not_confirmed,1785296250.0287945,1785296250028794728,1384918245493214,81.4,53.36328125,-1.0,0,0
2026-07-28T23:37:30.030,10.42.0.210,10.42.0.47,67,1,DOWNLOAD,0.9855087261970161,DOWNLOAD,0.9855087261970161,-1,14480,0.7037037037074931,46,78192.0,55024.0,8,38,0.5869565217391305,0.41304347826086957,0.11952062080958242,0,0,0,0,0,0,0,0,0.0225,0.0,0.0,0.0,0.15,skip,training_upload_trigger_not_confirmed,1785296250.030365,1785296250030364965,1384918247063485,81.4,53.36328125,-1.0,0,0
2026-07-28T23:37:30.031,10.42.0.210,10.42.0.47,67,1,DOWNLOAD,0.9855087261721334,DOWNLOAD,0.9855087261721334,-1,1009,0.694738702798011,47,79201.0,55024.0,9,38,0.590061463959769,0.40993853604023095,0.10392190974481995,0,0,0,0,0,0,0,0,0.0225,0.0,0.0,0.0,0.15,skip,training_upload_trigger_not_confirmed,1785296250.0315113,1785296250031511230,1384918248210034,81.4,53.36328125,-1.0,0,0
2026-07-28T23:37:30.033,10.42.0.59,10.42.0.47,26,1,DOWNLOAD,0.95,DOWNLOAD,0.95,-1,14600,3.424657534129292e-11,3,29200.0,0.0,3,0,1.0,0.0,0.3569091768082465,0,0,0,0,0,0,0,0,0.0225,0.0,0.0,0.0,0.15,skip,already_attacked_this_round,1785296250.033322,1785296250033321918,1384918250020816,81.4,53.36328125,-1.0,0,0
2026-07-28T23:37:30.034,10.42.0.59,10.42.0.47,26,1,DOWNLOAD,0.9555565381961226,DOWNLOAD,0.9555565381961226,-1,14600,2.2831050227789245e-11,4,43800.0,0.0,4,0,1.0,0.0,0.30998865759145683,0,0,0,0,0,0,0,0,0.0225,0.0,0.0,0.0,0.15,skip,already_attacked_this_round,1785296250.0341644,1785296250034164552,1384918250862901,81.4,53.36328125,-1.0,0,0
2026-07-28T23:37:30.035,10.42.0.145,10.42.0.47,31,1,DOWNLOAD,0.95,DOWNLOAD,0.95,-1,14600,6.84931506802402e-11,1,14600.0,0.0,1,0,1.0,0.0,0.2882764398592981,0,0,0,0,0,0,0,0,0.0225,0.0,0.0,0.0,0.15,skip,training_upload_trigger_not_confirmed,1785296250.035218,1785296250035218032,1384918251916370,81.4,53.36328125,-1.0,0,0
2026-07-28T23:37:30.035,10.42.0.145,10.42.0.47,31,1,DOWNLOAD,0.95,DOWNLOAD,0.95,-1,14600,3.424657534129292e-11,2,29200.0,0.0,2,0,1.0,0.0,0.25037935322745736,0,0,0,0,0,0,0,0,0.0225,0.0,0.0,0.0,0.15,skip,training_upload_trigger_not_confirmed,1785296250.035904,1785296250035903957,1384918252602023,81.4,53.36328125,-1.0,0,0
2026-07-28T23:37:30.037,10.42.0.47,10.42.0.47,68,1,DOWNLOAD,0.9829981496648164,DOWNLOAD,0.9829981496648164,-1,5792,6.1045887043351295,30,13032.0,79555.0,2,28,0.1407541015477335,0.8592458984522665,0.2800249877526911,0,0,0,0,0,0,0,0,0.057499999999999996,0.1,0.0,0.0,0.15,skip,training_upload_trigger_not_confirmed,1785296250.037834,1785296250037834055,1384918254532477,81.4,53.36328125,-1.0,0,0
2026-07-28T23:37:30.038,10.42.0.47,10.42.0.47,68,1,DOWNLOAD,0.9842257140988042,DOWNLOAD,0.9842257140988042,-1,11584,3.231841078882359,31,24616.0,79555.0,3,28,0.23630376976317785,0.7636962302368221,0.24322597661763531,0,0,0,0,0,0,0,0,0.057499999999999996,0.1,0.0,0.0,0.15,skip,training_upload_trigger_not_confirmed,1785296250.0386014,1785296250038601376,1384918255299586,81.4,53.36328125,-1.0,0,0
2026-07-28T23:37:30.040,10.42.0.18,10.42.0.47,51,1,DOWNLOAD,0.9559857478777518,DOWNLOAD,0.9559857478777518,-1,14600,1.7123287670939668e-11,6,58400.0,0.0,6,0,1.0,0.0,0.18684436304070062,0,0,0,0,0,0,0,0,0.0225,0.0,0.0,0.0,0.15,skip,training_upload_trigger_not_confirmed,1785296250.0401635,1785296250040163622,1384918256862365,81.4,53.36328125,-1.0,0,0
2026-07-28T23:37:30.041,10.42.0.18,10.42.0.47,51,1,DOWNLOAD,0.9648560162103765,DOWNLOAD,0.9648560162103765,-1,14600,1.369863013679865e-11,7,73000.0,0.0,7,0,1.0,0.0,0.16241585543970066,0,0,0,0,0,0,0,0,0.0225,0.0,0.0,0.0,0.15,skip,training_upload_trigger_not_confirmed,1785296250.0416267,1785296250041626603,1384918258324937,81.4,53.36328125,-1.0,0,0
2026-07-28T23:37:30.042,10.42.0.59,10.42.0.47,26,1,DOWNLOAD,0.9625638076769327,DOWNLOAD,0.9625638076769327,-1,24820,1.4573010783815608e-11,5,68620.0,0.0,5,0,1.0,0.0,0.27026622653548565,0,0,0,0,0,0,0,0,0.0225,0.0,0.0,0.0,0.15,skip,already_attacked_this_round,1785296250.0427105,1785296250042710649,1384918259409069,81.4,53.36328125,-1.0,0,0
2026-07-28T23:37:30.043,10.42.0.59,10.42.0.47,26,1,DOWNLOAD,0.9723287417588038,DOWNLOAD,0.9723287417588038,-1,10564,1.2628813901638856e-11,6,79184.0,0.0,6,0,1.0,0.0,0.2347572866659429,0,0,0,0,0,0,0,0,0.0225,0.0,0.0,0.0,0.15,skip,already_attacked_this_round,1785296250.0435092,1785296250043509296,1384918260207926,81.4,53.36328125,-1.0,0,0
2026-07-28T23:37:30.044,10.42.0.18,10.42.0.47,51,1,DOWNLOAD,0.973359787472321,DOWNLOAD,0.973359787472321,-1,6184,1.2628813901638856e-11,8,79184.0,0.0,8,0,1.0,0.0,0.14143854522271354,0,0,0,0,0,0,0,0,0.0225,0.0,0.0,0.0,0.15,skip,training_upload_trigger_not_confirmed,1785296250.0448515,1785296250044851432,1384918261549804,81.4,53.36328125,-1.0,0,0
2026-07-28T23:37:30.049,10.42.0.145,10.42.0.47,31,1,DOWNLOAD,0.95,DOWNLOAD,0.95,-1,29200,1.7123287670939668e-11,3,58400.0,0.0,3,0,1.0,0.0,0.21923984963775756,0,0,0,0,0,0,0,0,0.0225,0.0,0.0,0.0,0.15,skip,training_upload_trigger_not_confirmed,1785296250.0499742,1785296250049974258,1384918266672445,81.4,53.36328125,-1.0,0,0
2026-07-28T23:37:30.050,10.42.0.47,10.42.0.47,68,1,DOWNLOAD,0.9842586901286671,DOWNLOAD,0.9842586901286671,-1,11584,2.197651933668573,32,36200.0,79555.0,4,28,0.312729471729083,0.6872705282709171,0.2127693456927792,0,0,0,0,0,0,0,0,0.057499999999999996,0.1,0.0,0.0,0.15,skip,training_upload_trigger_not_confirmed,1785296250.0507004,1785296250050700628,1384918267398809,81.4,53.36328125,-1.0,0,0
2026-07-28T23:37:30.052,10.42.0.47,10.42.0.47,68,1,DOWNLOAD,0.9842595481342594,DOWNLOAD,0.9842595481342594,-1,11584,1.6648878285479471,33,47784.0,79555.0,5,28,0.3752503160854098,0.6247496839145902,0.18501349874743125,0,0,0,0,0,0,0,0,0.057499999999999996,0.1,0.0,0.0,0.15,skip,training_upload_trigger_not_confirmed,1785296250.0528383,1785296250052838426,1384918269536563,81.4,53.36328125,-1.0,0,0
2026-07-28T23:37:30.053,10.42.0.47,10.42.0.47,68,1,DOWNLOAD,0.9842595696464124,DOWNLOAD,0.9842595696464124,-1,23168,1.1212509865807694,34,70952.0,79555.0,6,28,0.4714199339565602,0.5285800660434399,0.16077391079173642,0,0,0,0,0,0,0,0,0.039999999999999994,0.05,0.0,0.0,0.15,skip,training_upload_trigger_not_confirmed,1785296250.0539043,1785296250053904299,1384918270602591,81.4,53.36328125,-1.0,0,0
2026-07-28T23:37:30.056,10.42.0.47,10.42.0.47,68,1,DOWNLOAD,0.9842595701605352,DOWNLOAD,0.9842595701605352,-1,2453,1.0837817587346397,35,73405.0,79555.0,7,28,0.4798967050209205,0.5201032949790795,0.13988713994466453,0,0,0,0,0,0,0,0,0.039999999999999994,0.05,0.0,0.0,0.15,skip,training_upload_trigger_not_confirmed,1785296250.0561743,1785296250056174330,1384918272873239,81.4,53.36328125,-1.0,0,0
2026-07-28T23:37:30.091,10.42.0.1,10.42.0.47,68,1,DOWNLOAD,0.8488347065846888,DOWNLOAD,0.8488347065846888,0,39,0.4787347691730778,49,332303.0,159085.0,31,18,0.6762537953714783,0.32374620462852166,0.010098633144623894,0,0,0,0,0,0,0,0,0.0225,0.0,0.0,0.0,0.15,skip,training_upload_trigger_not_confirmed,1785296250.0914555,1785296250091455570,1384918308154256,81.4,53.36328125,-1.0,0,0
2026-07-28T23:37:30.365,10.42.0.145,10.42.0.47,31,3,UPLOAD,0.95,UPLOAD,0.95,1,64240,1.0999999999982877,4,58400.0,64240.0,3,1,0.47619047619047616,0.5238095238095238,0.5080543307454818,0,0,0,1,1,1,1,1,0.85,1.0,1.0,0.4,0.8,trigger,training_upload_trigger_confirmed,1785296250.365245,1785296250365245058,1384918581943934,81.4,53.36328125,16.713035,1785296250381959680,1384918598656969
2026-07-28T23:37:30.366,10.42.0.145,10.42.0.47,31,3,UPLOAD,0.9841010226033655,UPLOAD,0.9841010226033655,1,15316,1.3622602739663996,5,58400.0,79556.0,3,2,0.4233233784684972,0.5766766215315028,0.44122085484888707,0,0,1,1,1,1,1,1,0.85,1.0,1.0,0.4,0.8,skip,attack_already_active,1785296250.3661187,1785296250366118731,1384918582816889,81.4,53.36328125,-1.0,0,0
2026-07-28T23:37:30.368,10.42.0.1,10.42.0.1,68,3,UPLOAD,0.95,UPLOAD,0.95,1,7240,0.5005221138554256,50,332303.0,166325.0,31,19,0.6664346968080412,0.33356530319195876,0.008889885207602847,1,0,0,1,1,1,1,1,0.9699999999999999,1.0,1.0,1.0,0.8,trigger,training_upload_trigger_confirmed,1785296250.3680549,1785296250368054672,1384918584752833,81.4,53.36328125,30.158003,1785296250398213518,1384918614910836
2026-07-28T23:37:30.368,10.42.0.1,10.42.0.1,68,3,UPLOAD,0.95,UPLOAD,0.95,1,5792,0.5179519896013037,51,332303.0,172117.0,31,20,0.6587823639030966,0.34121763609690337,0.007818678490606572,1,0,1,1,1,1,1,1,0.9699999999999999,1.0,1.0,1.0,0.8,skip,attack_already_active,1785296250.3688157,1785296250368815597,1384918585513676,81.4,53.36328125,-1.0,0,0
2026-07-28T23:37:30.369,10.42.0.59,10.42.0.1,26,3,UPLOAD,0.95,UPLOAD,0.95,1,18980,0.23969488786573434,7,79184.0,18980.0,6,1,0.8066500957581191,0.19334990424188092,0.5231314879556477,0,0,0,0,1,0,0,0,0.85,1.0,1.0,0.4,0.8,skip,already_attacked_this_round,1785296250.369513,1785296250369512982,1384918586211287,81.4,53.36328125,-1.0,0,0
2026-07-28T23:37:30.372,10.42.0.59,10.42.0.1,26,3,UPLOAD,0.9841010226033655,UPLOAD,0.9841010226033655,1,60575,1.004685289957508,8,79184.0,79555.0,6,2,0.4988314150901795,0.5011685849098205,0.45458876970940104,0,0,0,1,1,1,1,1,0.85,1.0,1.0,0.4,0.8,skip,already_attacked_this_round,1785296250.3724928,1785296250372492853,1384918589191897,81.4,53.36328125,-1.0,0,0
2026-07-28T23:37:30.373,10.42.0.1,10.42.0.1,68,3,UPLOAD,0.95,UPLOAD,0.95,1,7240,0.5397393342836515,52,332303.0,179357.0,31,21,0.6494605792909354,0.35053942070906463,0.007153321752270082,1,0,1,1,1,1,1,1,0.9699999999999999,1.0,1.0,1.0,0.8,skip,attack_already_active,1785296250.37363,1785296250373630061,1384918590328223,81.4,53.36328125,-1.0,0,0
2026-07-28T23:37:30.374,10.42.0.1,10.42.0.1,68,3,UPLOAD,0.95,UPLOAD,0.95,1,5792,0.5571692100295298,53,332303.0,185149.0,31,22,0.6421909665051058,0.35780903349489424,0.0063172646759198535,1,0,1,1,1,1,1,1,0.9699999999999999,1.0,1.0,1.0,0.8,skip,attack_already_active,1785296250.3744388,1785296250374438628,1384918591136913,81.4,53.36328125,-1.0,0,0
2026-07-28T23:37:30.375,10.42.0.1,10.42.0.1,68,3,UPLOAD,0.95,UPLOAD,0.95,1,2896,0.5658841479024689,54,332303.0,188045.0,31,23,0.6386168487243152,0.3613831512756847,0.005620345494726374,1,0,1,1,1,1,1,1,0.9699999999999999,1.0,1.0,1.0,0.8,skip,attack_already_active,1785296250.3754673,1785296250375467228,1384918592165486,81.4,53.36328125,-1.0,0,0
2026-07-28T23:37:30.377,10.42.0.1,10.42.0.1,68,3,UPLOAD,0.95,UPLOAD,0.95,1,11584,0.6007438993942253,55,332303.0,199629.0,31,24,0.6247095493408932,0.3752904506591068,0.005090852929176676,1,0,1,1,1,1,1,1,0.9699999999999999,1.0,1.0,1.0,0.8,skip,attack_already_active,1785296250.3770695,1785296250377069488,1384918593768102,81.4,53.36328125,-1.0,0,0
2026-07-28T23:37:30.377,10.42.0.1,10.42.0.1,68,3,UPLOAD,0.95,UPLOAD,0.95,1,14480,0.6443185887589209,56,332303.0,214109.0,31,25,0.6081546525332533,0.3918453474667467,0.00451341266158585,1,0,1,1,1,1,1,1,0.9699999999999999,1.0,1.0,1.0,0.8,skip,attack_already_active,1785296250.3777783,1785296250377778285,1384918594476463,81.4,53.36328125,-1.0,0,0
2026-07-28T23:37:30.378,10.42.0.1,10.42.0.1,68,3,UPLOAD,0.95,UPLOAD,0.95,1,11584,0.6791783402506774,57,332303.0,225693.0,31,26,0.5955293586333952,0.40447064136660477,0.004008042840867257,1,0,1,1,1,1,1,1,0.9699999999999999,1.0,1.0,1.0,0.8,skip,attack_already_active,1785296250.3784566,1785296250378456685,1384918595154789,81.4,53.36328125,-1.0,0,0
2026-07-28T23:37:30.379,10.42.0.1,10.42.0.1,68,3,UPLOAD,0.95,UPLOAD,0.95,1,5792,0.6966082159965555,58,332303.0,231485.0,31,27,0.5894112680653011,0.41058873193469886,0.0035659061892828387,1,0,1,1,1,1,1,1,0.9699999999999999,1.0,1.0,1.0,0.8,skip,attack_already_active,1785296250.3791094,1785296250379109321,1384918595807423,81.4,53.36328125,-1.0,0,0
2026-07-28T23:37:30.379,10.42.0.1,10.42.0.1,68,3,UPLOAD,0.95,UPLOAD,0.95,1,11584,0.731467967488312,59,332303.0,243069.0,31,28,0.577544614614545,0.42245538538545496,0.003213198001849792,1,0,1,1,1,1,1,1,0.9699999999999999,1.0,1.0,1.0,0.8,skip,attack_already_active,1785296250.3799987,1785296250379998668,1384918596696634,81.4,53.36328125,-1.0,0,0
2026-07-28T23:37:30.380,10.42.0.1,10.42.0.1,68,3,UPLOAD,0.95,UPLOAD,0.95,1,5792,0.7488978432341902,60,332303.0,248861.0,31,29,0.5717886861539944,0.4282113138460056,0.0029129684874403127,1,0,1,1,1,1,1,1,0.9699999999999999,1.0,1.0,1.0,0.8,skip,attack_already_active,1785296250.3809335,1785296250380933579,1384918597631795,81.4,53.36328125,-1.0,0,0
2026-07-28T23:37:30.381,10.42.0.1,10.42.0.1,68,3,UPLOAD,0.95,UPLOAD,0.95,1,14480,0.7924725325988857,61,332303.0,263341.0,31,30,0.5578886046027492,0.4421113953972507,0.0026561973255261593,1,0,1,1,1,1,1,1,0.9699999999999999,1.0,1.0,1.0,0.8,skip,attack_already_active,1785296250.381898,1785296250381897876,1384918598596078,81.4,53.36328125,-1.0,0,0
2026-07-28T23:37:30.382,10.42.0.1,10.42.0.1,68,3,UPLOAD,0.95,UPLOAD,0.95,1,8688,0.8186173462177031,62,332303.0,272029.0,31,31,0.549868284320539,0.450131715679461,0.0024343302414479595,1,0,1,1,1,1,1,1,0.9699999999999999,1.0,1.0,1.0,0.8,skip,attack_already_active,1785296250.3828704,1785296250382870630,1384918599568793,81.4,53.36328125,-1.0,0,0
2026-07-28T23:37:30.384,10.42.0.1,10.42.0.1,68,3,UPLOAD,0.95,UPLOAD,0.95,1,8591,0.844470257566605,63,332303.0,280620.0,31,32,0.5421610871186103,0.45783891288138967,0.002291684787757438,1,0,1,1,1,1,1,1,0.9699999999999999,1.0,1.0,1.0,0.8,skip,attack_already_active,1785296250.3842223,1785296250384222329,1384918600920968,81.4,53.36328125,-1.0,0,0
2026-07-28T23:37:30.385,10.42.0.1,10.42.0.1,68,3,UPLOAD,0.9503465405727747,UPLOAD,0.9503465405727747,1,14480,0.8880449469313005,64,332303.0,295100.0,31,33,0.5296484078016841,0.4703515921983159,0.002152096204665239,1,0,1,1,1,1,1,1,0.9699999999999999,1.0,1.0,1.0,0.8,skip,attack_already_active,1785296250.3854547,1785296250385454555,1384918602152834,81.4,53.36328125,-1.0,0,0
2026-07-28T23:37:30.386,10.42.0.1,10.42.0.1,68,3,UPLOAD,0.95,UPLOAD,0.95,1,20272,0.9490495120418743,65,332303.0,315372.0,31,34,0.5130705986798935,0.48692940132010654,0.0020590833139631725,1,0,1,1,1,1,1,1,0.9699999999999999,1.0,1.0,1.0,0.8,skip,attack_already_active,1785296250.386901,1785296250386900957,1384918603599272,81.4,53.36328125,-1.0,0,0
2026-07-28T23:37:30.387,10.42.0.1,10.42.0.1,68,3,UPLOAD,0.95,UPLOAD,0.95,1,2798,0.9574695383431463,66,332303.0,318170.0,31,35,0.510863633079313,0.48913636692068696,0.0019080462411617558,1,0,1,1,1,1,1,1,0.9699999999999999,1.0,1.0,1.0,0.8,skip,attack_already_active,1785296250.3878138,1785296250387813972,1384918604512189,81.4,53.36328125,-1.0,0,0
2026-07-28T23:37:30.444,10.42.0.18,10.42.0.1,51,3,UPLOAD,0.95,UPLOAD,0.95,1,49640,0.6268943220899817,9,79184.0,49640.0,8,1,0.6146680742718748,0.3853319257281252,0.42727255422879334,0,0,0,1,1,1,1,1,0.9699999999999999,1.0,1.0,1.0,0.8,trigger,training_upload_trigger_confirmed,1785296250.4448261,1785296250444826057,1384918661524684,81.4,53.36328125,64.841936,1785296250509669330,1384918726366620
2026-07-28T23:37:30.446,10.42.0.18,10.42.0.1,51,3,UPLOAD,0.9841010226033655,UPLOAD,0.9841010226033655,1,24820,0.9403414831286581,10,79184.0,74460.0,8,2,0.5153732003853063,0.4846267996146937,0.3712411728459347,0,0,1,1,1,1,1,1,0.9699999999999999,1.0,1.0,1.0,0.8,skip,attack_already_active,1785296250.446892,1785296250446892014,1384918663590457,81.4,53.36328125,-1.0,0,0
2026-07-28T23:37:30.447,10.42.0.18,10.42.0.1,51,3,UPLOAD,0.9854688349332961,UPLOAD,0.9854688349332961,1,5095,1.004685289957508,11,79184.0,79555.0,8,3,0.4988314150901795,0.5011685849098205,0.3224469857683778,0,0,1,1,1,1,1,1,0.9699999999999999,1.0,1.0,1.0,0.8,skip,attack_already_active,1785296250.4478476,1785296250447847642,1384918664546032,81.4,53.36328125,-1.0,0,0
2026-07-28T23:37:30.448,10.42.0.1,10.42.0.1,68,3,UPLOAD,0.95,UPLOAD,0.95,1,7240,0.9792568830254941,67,332303.0,325410.0,31,36,0.5052401275328297,0.49475987246717035,0.0020470395052804556,1,0,1,1,1,1,1,1,0.9699999999999999,1.0,1.0,1.0,0.8,skip,attack_already_active,1785296250.4487994,1785296250448799602,1384918665497887,81.4,53.36328125,-1.0,0,0
2026-07-28T23:37:30.449,10.42.0.1,10.42.0.1,68,3,UPLOAD,0.95,UPLOAD,0.95,1,5792,0.9966867587713722,68,332303.0,331202.0,31,37,0.5008296847800695,0.4991703152199305,0.0018721099213845128,1,0,1,1,1,1,1,1,0.9699999999999999,1.0,1.0,1.0,0.8,skip,attack_already_active,1785296250.449519,1785296250449518746,1384918666217064,81.4,53.36328125,-1.0,0,0
2026-07-28T23:37:30.450,10.42.0.1,10.42.0.1,68,3,UPLOAD,0.95,UPLOAD,0.95,1,2896,1.0054016966443113,69,332303.0,334098.0,31,38,0.4986532133055022,0.5013467866944977,0.001787936263351666,1,0,1,1,1,1,1,1,0.9699999999999999,1.0,1.0,1.0,0.8,skip,attack_already_active,1785296250.4507523,1785296250450752216,1384918667450631,81.4,53.36328125,-1.0,0,0
2026-07-28T23:37:30.451,10.42.0.1,10.42.0.1,68,3,UPLOAD,0.9553693699722385,UPLOAD,0.9553693699722385,1,11584,1.0402614481360677,70,332303.0,345682.0,31,39,0.4901332625353068,0.5098667374646931,0.0016860132962738432,1,0,1,1,1,1,1,1,0.9699999999999999,1.0,1.0,1.0,0.8,skip,attack_already_active,1785296250.4517667,1785296250451766870,1384918668465169,81.4,53.36328125,-1.0,0,0
2026-07-28T23:37:30.452,10.42.0.1,10.42.0.1,68,3,UPLOAD,0.9619209846629551,UPLOAD,0.9619209846629551,1,2896,1.048976386009007,71,332303.0,348578.0,31,40,0.48804857236433385,0.5119514276356661,0.001595353367808851,1,0,1,1,1,1,1,1,0.9699999999999999,1.0,1.0,1.0,0.8,skip,attack_already_active,1785296250.4527647,1785296250452764727,1384918669462997,81.4,53.36328125,-1.0,0,0
2026-07-28T23:37:30.453,10.42.0.1,10.42.0.1,68,3,UPLOAD,0.9679092733250737,UPLOAD,0.9679092733250737,1,11584,1.0838361375007632,72,332303.0,360162.0,31,41,0.479884181872008,0.520115818127992,0.0015178025500772302,1,0,1,1,1,1,1,1,0.9699999999999999,1.0,1.0,1.0,0.8,skip,attack_already_active,1785296250.4537716,1785296250453771477,1384918670469725,81.4,53.36328125,-1.0,0,0
2026-07-28T23:37:30.455,10.42.0.1,10.42.0.1,68,3,UPLOAD,0.9716248322781766,UPLOAD,0.9716248322781766,1,5792,1.1012660132466416,73,332303.0,365954.0,31,42,0.4759035713211611,0.5240964286788389,0.0015096929029914585,1,0,1,1,1,1,1,1,0.9699999999999999,1.0,1.0,1.0,0.8,skip,attack_already_active,1785296250.4552279,1785296250455227906,1384918671926123,81.4,53.36328125,-1.0,0,0
2026-07-28T23:37:30.455,10.42.0.1,10.42.0.1,68,3,UPLOAD,0.9753654060874704,UPLOAD,0.9753654060874704,1,14480,1.1448407026113372,74,332303.0,380434.0,31,43,0.4662350909241417,0.5337649090758583,0.0014003565802196657,1,0,1,1,1,1,1,1,0.9699999999999999,1.0,1.0,1.0,0.8,skip,attack_already_active,1785296250.4559078,1785296250455907799,1384918672605926,81.4,53.36328125,-1.0,0,0
2026-07-28T23:37:30.456,10.42.0.1,10.42.0.1,68,3,UPLOAD,0.978002209361042,UPLOAD,0.978002209361042,1,8688,1.1709855162301543,75,332303.0,389122.0,31,44,0.46062030010049554,0.5393796998995044,0.0013062762653037884,1,0,1,1,1,1,1,1,0.9699999999999999,1.0,1.0,1.0,0.8,skip,attack_already_active,1785296250.4565942,1785296250456594183,1384918673292391,81.4,53.36328125,-1.0,0,0
2026-07-28T23:37:30.457,10.42.0.1,10.42.0.1,68,3,UPLOAD,0.9682984082034659,UPLOAD,0.9682984082034659,1,5792,1.1884153919760327,76,332303.0,394914.0,31,45,0.4569516389193322,0.5430483610806678,0.0012591525636805362,1,0,1,1,1,1,1,1,0.9699999999999999,1.0,1.0,1.0,0.8,skip,attack_already_active,1785296250.457543,1785296250457542890,1384918674241059,81.4,53.36328125,-1.0,0,0
2026-07-28T23:37:30.459,10.42.0.1,10.42.0.1,68,3,UPLOAD,0.9561625200486517,UPLOAD,0.9561625200486517,1,2798,1.1968354182773047,77,332303.0,397712.0,31,46,0.455200235611597,0.5447997643884029,0.0013133392796400606,1,0,1,1,1,1,1,1,0.9699999999999999,1.0,1.0,1.0,0.8,skip,attack_already_active,1785296250.4592133,1785296250459213423,1384918675911677,81.4,53.36328125,-1.0,0,0
2026-07-28T23:37:31.228,10.42.0.47,10.42.0.1|10.42.0.47,68,3,UPLOAD,0.95,UPLOAD,0.95,1,4344,100.0,1,0.0,4344.0,0,1,0.0,1.0,0.3543957390486712,1,0,0,1,1,1,1,1,0.9699999999999999,1.0,1.0,1.0,0.8,trigger,training_upload_trigger_confirmed,1785296251.2286198,1785296251228619785,1384919445318376,61.8,53.36328125,6.818024,1785296251235439173,1384919452136400
2026-07-28T23:37:31.230,10.42.0.47,10.42.0.1|10.42.0.47,68,3,UPLOAD,0.95,UPLOAD,0.95,1,2896,100.0,2,0.0,7240.0,0,2,0.0,1.0,0.3079953086569207,1,0,1,1,1,1,1,1,0.9699999999999999,1.0,1.0,1.0,0.8,skip,attack_already_active,1785296251.2308955,1785296251230895658,1384919447594309,8.0,53.36328125,-1.0,0,0
2026-07-28T23:37:31.231,10.42.0.47,10.42.0.1|10.42.0.47,68,3,UPLOAD,0.95,UPLOAD,0.95,1,1448,100.0,3,0.0,8688.0,0,3,0.0,1.0,0.26749871036980655,1,0,1,1,1,1,1,1,0.9699999999999999,1.0,1.0,1.0,0.8,skip,attack_already_active,1785296251.2315733,1785296251231573244,1384919448271472,8.0,53.36328125,-1.0,0,0
2026-07-28T23:37:31.232,10.42.0.47,10.42.0.1|10.42.0.47,68,3,UPLOAD,0.95,UPLOAD,0.95,1,4344,100.0,4,0.0,13032.0,0,4,0.0,1.0,0.23239250504308714,1,0,1,1,1,1,1,1,0.9699999999999999,1.0,1.0,1.0,0.8,skip,attack_already_active,1785296251.2326608,1785296251232660749,1384919449358789,8.0,53.36328125,-1.0,0,0
2026-07-28T23:37:31.233,10.42.0.47,10.42.0.1|10.42.0.47,68,3,UPLOAD,0.95,UPLOAD,0.95,1,1448,100.0,5,0.0,14480.0,0,5,0.0,1.0,0.20192512535449597,1,0,1,1,1,1,1,1,0.9699999999999999,1.0,1.0,1.0,0.8,skip,attack_already_active,1785296251.2338448,1785296251233844698,1384919450543411,8.0,53.36328125,-1.0,0,0
2026-07-28T23:37:31.234,10.42.0.47,10.42.0.1|10.42.0.47,68,3,UPLOAD,0.95,UPLOAD,0.95,1,2896,100.0,6,0.0,17376.0,0,6,0.0,1.0,0.17540498943677482,1,0,1,1,1,1,1,1,0.9699999999999999,1.0,1.0,1.0,0.8,skip,attack_already_active,1785296251.234516,1785296251234515916,1384919451214575,8.0,53.36328125,-1.0,0,0
2026-07-28T23:37:31.236,10.42.0.47,10.42.0.1|10.42.0.47,68,3,UPLOAD,0.95,UPLOAD,0.95,1,4344,100.0,7,0.0,21720.0,0,7,0.0,1.0,0.15249319879025144,1,0,1,1,1,1,1,1,0.9699999999999999,1.0,1.0,1.0,0.8,skip,attack_already_active,1785296251.2360497,1785296251236049574,1384919452748307,8.0,53.36328125,-1.0,0,0
2026-07-28T23:37:31.237,10.42.0.47,10.42.0.1|10.42.0.47,68,3,UPLOAD,0.95,UPLOAD,0.95,1,1448,100.0,8,0.0,23168.0,0,8,0.0,1.0,0.13252783429773668,1,0,1,1,1,1,1,1,0.9699999999999999,1.0,1.0,1.0,0.8,skip,attack_already_active,1785296251.2370312,1785296251237031202,1384919453729462,8.0,53.36328125,-1.0,0,0
2026-07-28T23:37:31.237,10.42.0.47,10.42.0.1|10.42.0.47,68,3,UPLOAD,0.95,UPLOAD,0.95,1,2896,100.0,9,0.0,26064.0,0,9,0.0,1.0,0.11514303288235227,1,0,1,1,1,1,1,1,0.9699999999999999,1.0,1.0,1.0,0.8,skip,attack_already_active,1785296251.2376306,1785296251237630657,1384919454328697,8.0,53.36328125,-1.0,0,0
2026-07-28T23:37:31.238,10.42.0.47,10.42.0.1|10.42.0.47,68,3,UPLOAD,0.95,UPLOAD,0.95,1,2896,100.0,10,0.0,28960.0,0,10,0.0,1.0,0.1001083263912929,1,0,1,1,1,1,1,1,0.9699999999999999,1.0,1.0,1.0,0.8,skip,attack_already_active,1785296251.2386794,1785296251238679212,1384919455377416,8.0,53.36328125,-1.0,0,0
2026-07-28T23:37:31.239,10.42.0.47,10.42.0.1|10.42.0.47,68,3,UPLOAD,0.95,UPLOAD,0.95,1,1448,100.0,11,0.0,30408.0,0,11,0.0,1.0,0.08699408036951752,1,0,1,1,1,1,1,1,0.9699999999999999,1.0,1.0,1.0,0.8,skip,attack_already_active,1785296251.2392673,1785296251239267285,1384919455965278,8.0,53.36328125,-1.0,0,0
2026-07-28T23:37:31.240,10.42.0.47,10.42.0.1|10.42.0.47,68,3,UPLOAD,0.95,UPLOAD,0.95,1,1448,100.0,12,0.0,31856.0,0,12,0.0,1.0,0.07567468788175126,1,0,1,1,1,1,1,1,0.9699999999999999,1.0,1.0,1.0,0.8,skip,attack_already_active,1785296251.2403617,1785296251240361797,1384919457059943,8.0,53.36328125,-1.0,0,0
2026-07-28T23:37:31.240,10.42.0.47,10.42.0.1|10.42.0.47,68,3,UPLOAD,0.95,UPLOAD,0.95,1,2896,100.0,13,0.0,34752.0,0,13,0.0,1.0,0.06578673784877498,1,0,1,1,1,1,1,1,0.9699999999999999,1.0,1.0,1.0,0.8,skip,attack_already_active,1785296251.2409995,1785296251240999316,1384919457697357,8.0,53.36328125,-1.0,0,0
2026-07-28T23:37:31.242,10.42.0.47,10.42.0.1|10.42.0.47,68,3,UPLOAD,0.95,UPLOAD,0.95,1,4344,100.0,14,0.0,39096.0,0,14,0.0,1.0,0.05725781596598486,1,0,1,1,1,1,1,1,0.9699999999999999,1.0,1.0,1.0,0.8,skip,attack_already_active,1785296251.2420626,1785296251242062469,1384919458760609,8.0,53.36328125,-1.0,0,0
2026-07-28T23:37:31.242,10.42.0.47,10.42.0.1|10.42.0.47,68,3,UPLOAD,0.95,UPLOAD,0.95,1,1448,100.0,15,0.0,40544.0,0,15,0.0,1.0,0.0498245753351442,1,0,1,1,1,1,1,1,0.9699999999999999,1.0,1.0,1.0,0.8,skip,attack_already_active,1785296251.2429116,1785296251242911407,1384919459609490,8.0,53.36328125,-1.0,0,0
2026-07-28T23:37:31.243,10.42.0.47,10.42.0.1|10.42.0.47,68,3,UPLOAD,0.95,UPLOAD,0.95,1,2896,100.0,16,0.0,43440.0,0,16,0.0,1.0,0.043335878382770664,1,0,1,1,1,1,1,1,0.9699999999999999,1.0,1.0,1.0,0.8,skip,attack_already_active,1785296251.2434952,1785296251243495184,1384919460193393,8.0,53.36328125,-1.0,0,0
2026-07-28T23:37:31.244,10.42.0.47,10.42.0.1|10.42.0.47,68,3,UPLOAD,0.95,UPLOAD,0.95,1,4344,100.0,17,0.0,47784.0,0,17,0.0,1.0,0.037761605064663,1,0,1,1,1,1,1,1,0.9699999999999999,1.0,1.0,1.0,0.8,skip,attack_already_active,1785296251.2445295,1785296251244529460,1384919461227725,8.0,53.36328125,-1.0,0,0
2026-07-28T23:37:31.245,10.42.0.47,10.42.0.1|10.42.0.47,68,3,UPLOAD,0.95,UPLOAD,0.95,1,1448,100.0,18,0.0,49232.0,0,18,0.0,1.0,0.03290959441661616,1,0,1,1,1,1,1,1,0.9699999999999999,1.0,1.0,1.0,0.8,skip,attack_already_active,1785296251.2454705,1785296251245470424,1384919462168513,8.0,53.36328125,-1.0,0,0
2026-07-28T23:37:31.246,10.42.0.47,10.42.0.1|10.42.0.47,68,3,UPLOAD,0.95,UPLOAD,0.95,1,2896,100.0,19,0.0,52128.0,0,19,0.0,1.0,0.028649703001925625,1,0,1,1,1,1,1,1,0.9699999999999999,1.0,1.0,1.0,0.8,skip,attack_already_active,1785296251.246053,1785296251246052792,1384919462750821,8.0,53.36328125,-1.0,0,0
2026-07-28T23:37:31.246,10.42.0.47,10.42.0.1|10.42.0.47,68,3,UPLOAD,0.95,UPLOAD,0.95,1,4344,100.0,20,0.0,56472.0,0,20,0.0,1.0,0.024985841415196358,1,0,1,1,1,1,1,1,0.9699999999999999,1.0,1.0,1.0,0.8,skip,attack_already_active,1785296251.2468987,1785296251246898683,1384919463596824,8.0,53.36328125,-1.0,0,0
2026-07-28T23:37:31.247,10.42.0.47,10.42.0.1|10.42.0.47,68,3,UPLOAD,0.95,UPLOAD,0.95,1,1448,100.0,21,0.0,57920.0,0,21,0.0,1.0,0.021803086698762606,1,0,1,1,1,1,1,1,0.9699999999999999,1.0,1.0,1.0,0.8,skip,attack_already_active,1785296251.2477314,1785296251247731342,1384919464429371,8.0,53.36328125,-1.0,0,0
2026-07-28T23:37:31.248,10.42.0.47,10.42.0.1|10.42.0.47,68,3,UPLOAD,0.9515559562876116,UPLOAD,0.9515559562876116,1,2896,100.0,22,0.0,60816.0,0,22,0.0,1.0,0.019008540235129143,1,0,1,1,1,1,1,1,0.9699999999999999,1.0,1.0,1.0,0.8,skip,attack_already_active,1785296251.2483275,1785296251248327421,1384919465025501,8.0,53.36328125,-1.0,0,0
2026-07-28T23:37:31.249,10.42.0.47,10.42.0.1|10.42.0.47,68,3,UPLOAD,0.9537096040199009,UPLOAD,0.9537096040199009,1,4344,100.0,23,0.0,65160.0,0,23,0.0,1.0,0.016651487776712062,1,0,1,1,1,1,1,1,0.9699999999999999,1.0,1.0,1.0,0.8,skip,attack_already_active,1785296251.249449,1785296251249449086,1384919466147062,8.0,53.36328125,-1.0,0,0
2026-07-28T23:37:31.250,10.42.0.47,10.42.0.1|10.42.0.47,68,3,UPLOAD,0.9576629580028223,UPLOAD,0.9576629580028223,1,1448,100.0,24,0.0,66608.0,0,24,0.0,1.0,0.014576036318381135,1,0,1,1,1,1,1,1,0.9699999999999999,1.0,1.0,1.0,0.8,skip,attack_already_active,1785296251.2503505,1785296251250350528,1384919467048637,8.0,53.36328125,-1.0,0,0
2026-07-28T23:37:31.251,10.42.0.47,10.42.0.1|10.42.0.47,68,3,UPLOAD,0.9596727524791773,UPLOAD,0.9596727524791773,1,2896,100.0,25,0.0,69504.0,0,25,0.0,1.0,0.012755917069095474,1,0,1,1,1,1,1,1,0.9699999999999999,1.0,1.0,1.0,0.8,skip,attack_already_active,1785296251.2511141,1785296251251114209,1384919467812746,8.0,53.36328125,-1.0,0,0
2026-07-28T23:37:31.252,10.42.0.47,10.42.0.1|10.42.0.47,68,3,UPLOAD,0.9619518301316093,UPLOAD,0.9619518301316093,1,2896,100.0,26,0.0,72400.0,0,26,0.0,1.0,0.01125223888718014,1,0,1,1,1,1,1,1,0.9699999999999999,1.0,1.0,1.0,0.8,skip,attack_already_active,1785296251.252459,1785296251252459045,1384919469157774,8.0,53.36328125,-1.0,0,0
2026-07-28T23:37:31.253,10.42.0.47,10.42.0.1|10.42.0.47,68,3,UPLOAD,0.96464666590284,UPLOAD,0.96464666590284,1,1448,100.0,27,0.0,73848.0,0,27,0.0,1.0,0.009893894312327428,1,0,1,1,1,1,1,1,0.9699999999999999,1.0,1.0,1.0,0.8,skip,attack_already_active,1785296251.2534032,1785296251253403084,1384919470101375,8.0,53.36328125,-1.0,0,0
2026-07-28T23:37:31.254,10.42.0.47,10.42.0.1|10.42.0.47,68,3,UPLOAD,0.9667039751002711,UPLOAD,0.9667039751002711,1,1448,100.0,28,0.0,75296.0,0,28,0.0,1.0,0.008764655755424688,1,0,1,1,1,1,1,1,0.9699999999999999,1.0,1.0,1.0,0.8,skip,attack_already_active,1785296251.2547276,1785296251254727643,1384919471426683,8.0,53.36328125,-1.0,0,0
2026-07-28T23:37:31.255,10.42.0.47,10.42.0.1|10.42.0.47,68,3,UPLOAD,0.9681479092760917,UPLOAD,0.9681479092760917,1,2896,100.0,29,0.0,78192.0,0,29,0.0,1.0,0.0077335456116550075,1,0,1,1,1,1,1,1,0.9699999999999999,1.0,1.0,1.0,0.8,skip,attack_already_active,1785296251.2556674,1785296251255667367,1384919472365761,8.0,53.36328125,-1.0,0,0
2026-07-28T23:37:31.256,10.42.0.47,10.42.0.1|10.42.0.47,68,3,UPLOAD,0.9703376650200278,UPLOAD,0.9703376650200278,1,1363,100.0,30,0.0,79555.0,0,30,0.0,1.0,0.006825962389069253,1,0,1,1,1,1,1,1,0.9699999999999999,1.0,1.0,1.0,0.8,skip,attack_already_active,1785296251.2565136,1785296251256513417,1384919473211406,8.0,53.36328125,-1.0,0,0
2026-07-28T23:37:31.257,10.42.0.1,10.42.0.1|10.42.0.47,68,3,UPLOAD,0.9844478098868727,UPLOAD,0.9844478098868727,1,7240,100.0,29,0.0,245867.0,0,29,0.0,1.0,0.004770250518969863,1,0,1,1,1,1,1,1,0.9699999999999999,1.0,1.0,1.0,0.8,skip,attack_already_active,1785296251.2570844,1785296251257084343,1384919473782368,8.0,53.36328125,-1.0,0,0
2026-07-28T23:37:31.257,10.42.0.1,10.42.0.1|10.42.0.47,68,3,UPLOAD,0.9854764266426748,UPLOAD,0.9854764266426748,1,5792,100.0,30,0.0,251659.0,0,30,0.0,1.0,0.00421491885796392,1,0,1,1,1,1,1,1,0.9699999999999999,1.0,1.0,1.0,0.8,skip,attack_already_active,1785296251.2576404,1785296251257640517,1384919474338482,8.0,53.36328125,-1.0,0,0
2026-07-28T23:37:31.267,10.42.0.1,10.42.0.1|10.42.0.47,68,3,UPLOAD,0.9855078356437119,UPLOAD,0.9855078356437119,1,1448,100.0,31,0.0,253107.0,0,31,0.0,1.0,0.00499998985233528,1,0,1,1,1,1,1,1,0.9699999999999999,1.0,1.0,1.0,0.8,skip,attack_already_active,1785296251.267813,1785296251267812846,1384919484511256,8.0,53.36328125,-1.0,0,0
2026-07-28T23:37:31.311,10.42.0.1,10.42.0.1|10.42.0.47,68,3,UPLOAD,0.9855087037068013,UPLOAD,0.9855087037068013,1,1448,100.0,32,0.0,254555.0,0,32,0.0,1.0,0.010155049487494025,1,0,1,1,1,1,1,1,0.9699999999999999,1.0,1.0,1.0,0.8,skip,attack_already_active,1785296251.3119333,1785296251311933278,1384919528632495,8.0,53.36328125,-1.0,0,0
2026-07-28T23:37:31.315,10.42.0.1,10.42.0.1|10.42.0.47,68,3,UPLOAD,0.9855087256557928,UPLOAD,0.9855087256557928,1,11584,100.0,33,0.0,266139.0,0,33,0.0,1.0,0.009347294577792898,1,0,1,1,1,1,1,1,0.9699999999999999,1.0,1.0,1.0,0.8,skip,attack_already_active,1785296251.3159585,1785296251315958413,1384919532657581,8.0,53.36328125,-1.0,0,0
2026-07-28T23:37:31.317,10.42.0.1,10.42.0.1|10.42.0.47,68,3,UPLOAD,0.9855087261558658,UPLOAD,0.9855087261558658,1,14480,100.0,34,0.0,280619.0,0,34,0.0,1.0,0.00832715653884791,1,0,1,1,1,1,1,1,0.9699999999999999,1.0,1.0,1.0,0.8,skip,attack_already_active,1785296251.3175642,1785296251317564044,1384919534262895,8.0,53.36328125,-1.0,0,0
2026-07-28T23:37:31.319,10.42.0.1,10.42.0.1|10.42.0.47,68,3,UPLOAD,0.9855087261655394,UPLOAD,0.9855087261655394,1,5792,100.0,35,0.0,286411.0,0,35,0.0,1.0,0.007490552171831637,1,0,1,1,1,1,1,1,0.9699999999999999,1.0,1.0,1.0,0.8,skip,attack_already_active,1785296251.3195426,1785296251319542470,1384919536241407,8.0,53.36328125,-1.0,0,0
2026-07-28T23:37:31.323,10.42.0.1,10.42.0.1|10.42.0.47,68,3,UPLOAD,0.9855087261656641,UPLOAD,0.9855087261656641,1,14480,100.0,36,0.0,300891.0,0,36,0.0,1.0,0.006984773039249499,1,0,1,1,1,1,1,1,0.9699999999999999,1.0,1.0,1.0,0.8,skip,attack_already_active,1785296251.323195,1785296251323194775,1384919539893540,8.0,53.36328125,-1.0,0,0
2026-07-28T23:37:31.327,10.42.0.1,10.42.0.1|10.42.0.47,68,3,UPLOAD,0.9855087261656629,UPLOAD,0.9855087261656629,1,15928,100.0,37,0.0,316819.0,0,37,0.0,1.0,0.00660219415008557,1,0,1,1,1,1,1,1,0.9699999999999999,1.0,1.0,1.0,0.8,skip,attack_already_active,1785296251.3272765,1785296251327276621,1384919543975510,8.0,53.36328125,-1.0,0,0
2026-07-28T23:37:31.328,10.42.0.1,10.42.0.1|10.42.0.47,68,3,UPLOAD,0.9855087261656628,UPLOAD,0.9855087261656628,1,1350,100.0,38,0.0,318169.0,0,38,0.0,1.0,0.0059477802819347635,1,0,1,1,1,1,1,1,0.9699999999999999,1.0,1.0,1.0,0.8,skip,attack_already_active,1785296251.3289125,1785296251328912370,1384919545611269,8.0,53.36328125,-1.0,0,0
2026-07-28T23:37:31.430,10.42.0.47,10.42.0.1|10.42.0.47,68,3,UPLOAD,0.9691895785793871,UPLOAD,0.9691895785793871,0,39,100.0,30,0.0,79555.0,0,30,0.0,1.0,0.011280045105144947,1,0,1,1,1,1,1,1,0.8374999999999999,0.8500000000000001,1.0,0.6000000000000001,0.8,skip,attack_already_active,1785296251.4303339,1785296251430333945,1384919647032499,8.0,53.36328125,-1.0,0,0
2026-07-28T23:37:31.666,10.42.0.18,10.42.0.1|10.42.0.47,51,3,UPLOAD,0.9855076450773014,UPLOAD,0.9855076450773014,0,39,1.0,0,0.0,0.0,0,0,0.0,0.0,0.2858007340958701,0,0,1,0,0,0,0,0,0.4375,0.05,1.0,0.0,0.8,skip,attack_already_active,1785296251.6667423,1785296251666742222,1384919883440966,8.0,53.36328125,-1.0,0,0
2026-07-28T23:37:31.715,10.42.0.145,10.42.0.1|10.42.0.47,31,3,UPLOAD,0.9854688349332961,UPLOAD,0.9854688349332961,0,39,1.0,0,0.0,0.0,0,0,0.0,0.0,0.38896540193277074,0,0,1,0,0,0,0,0,0.4375,0.05,1.0,0.0,0.8,skip,attack_already_active,1785296251.7156773,1785296251715677243,1384919932376032,8.0,53.36328125,-1.0,0,0
2026-07-28T23:37:31.851,10.42.0.210,10.42.0.1|10.42.0.47,67,3,UPLOAD,0.95,UPLOAD,0.95,1,1448,100.0,1,0.0,1448.0,0,1,0.0,1.0,0.3277964091301151,0,0,0,1,1,1,1,1,0.9525,0.95,1.0,1.0,0.8,trigger,training_upload_trigger_confirmed,1785296251.851478,1785296251851478041,1384920068177011,46.9,53.36328125,5.496905,1785296251856976653,1384920073673916
2026-07-28T23:37:31.852,10.42.0.210,10.42.0.1|10.42.0.47,67,3,UPLOAD,0.9841010226033655,UPLOAD,0.9841010226033655,1,1448,100.0,2,0.0,2896.0,0,2,0.0,1.0,0.2847556597861142,0,0,1,1,1,1,1,1,0.9699999999999999,1.0,1.0,1.0,0.8,skip,attack_already_active,1785296251.8526502,1785296251852650214,1384920069348425,46.9,53.36328125,-1.0,0,0
2026-07-28T23:37:31.854,10.42.0.210,10.42.0.1|10.42.0.47,67,3,UPLOAD,0.9854688349332961,UPLOAD,0.9854688349332961,1,1448,100.0,3,0.0,4344.0,0,3,0.0,1.0,0.24741102512383112,0,0,1,1,1,1,1,1,0.9699999999999999,1.0,1.0,1.0,0.8,skip,attack_already_active,1785296251.8540077,1785296251854007893,1384920070706096,46.9,53.36328125,-1.0,0,0
2026-07-28T23:37:31.854,10.42.0.210,10.42.0.1|10.42.0.47,67,3,UPLOAD,0.9855076450773014,UPLOAD,0.9855076450773014,1,1448,100.0,4,0.0,5792.0,0,4,0.0,1.0,0.2149355267591349,0,0,1,1,1,1,1,1,0.9699999999999999,1.0,1.0,1.0,0.8,skip,attack_already_active,1785296251.8549712,1785296251854971097,1384920071669262,46.9,53.36328125,-1.0,0,0
2026-07-28T23:37:31.856,10.42.0.210,10.42.0.1|10.42.0.47,67,3,UPLOAD,0.9855086980780915,UPLOAD,0.9855086980780915,1,1448,100.0,5,0.0,7240.0,0,5,0.0,1.0,0.18679209422175547,0,0,1,1,1,1,1,1,0.9699999999999999,1.0,1.0,1.0,0.8,skip,attack_already_active,1785296251.856334,1785296251856334071,1384920073032267,46.9,53.36328125,-1.0,0,0
2026-07-28T23:37:31.857,10.42.0.210,10.42.0.1|10.42.0.47,67,3,UPLOAD,0.9855087254685951,UPLOAD,0.9855087254685951,1,1448,100.0,6,0.0,8688.0,0,6,0.0,1.0,0.16230311523603388,0,0,1,1,1,1,1,1,0.9699999999999999,1.0,1.0,1.0,0.8,skip,attack_already_active,1785296251.857286,1785296251857285940,1384920073984485,46.9,53.36328125,-1.0,0,0
2026-07-28T23:37:31.858,10.42.0.210,10.42.0.1|10.42.0.47,67,3,UPLOAD,0.9855087261493067,UPLOAD,0.9855087261493067,1,1448,100.0,7,0.0,10136.0,0,7,0.0,1.0,0.14110352214830219,0,0,1,1,1,1,1,1,0.9699999999999999,1.0,1.0,1.0,0.8,skip,attack_already_active,1785296251.8587112,1785296251858711263,1384920075409690,46.9,53.36328125,-1.0,0,0
2026-07-28T23:37:31.859,10.42.0.210,10.42.0.1|10.42.0.47,67,3,UPLOAD,0.9855087261653082,UPLOAD,0.9855087261653082,1,1448,100.0,8,0.0,11584.0,0,8,0.0,1.0,0.12263384236047688,0,0,1,1,1,1,1,1,0.9699999999999999,1.0,1.0,1.0,0.8,skip,attack_already_active,1785296251.8596535,1785296251859653361,1384920076351902,46.9,53.36328125,-1.0,0,0
2026-07-28T23:37:31.861,10.42.0.210,10.42.0.1|10.42.0.47,67,3,UPLOAD,0.985508726165656,UPLOAD,0.985508726165656,1,1448,100.0,9,0.0,13032.0,0,9,0.0,1.0,0.10670333763120791,0,0,1,1,1,1,1,1,0.9699999999999999,1.0,1.0,1.0,0.8,skip,attack_already_active,1785296251.8613951,1785296251861395322,1384920078093683,46.9,53.36328125,-1.0,0,0
2026-07-28T23:37:31.862,10.42.0.210,10.42.0.1|10.42.0.47,67,3,UPLOAD,0.9855087261656625,UPLOAD,0.9855087261656625,1,1448,100.0,10,0.0,14480.0,0,10,0.0,1.0,0.0927714050890773,0,0,1,1,1,1,1,1,0.9699999999999999,1.0,1.0,1.0,0.8,skip,attack_already_active,1785296251.8623729,1785296251862372895,1384920079071264,46.9,53.36328125,-1.0,0,0
2026-07-28T23:37:31.863,10.42.0.210,10.42.0.1|10.42.0.47,67,3,UPLOAD,0.95,UPLOAD,0.95,1,1448,100.0,11,0.0,15928.0,0,11,0.0,1.0,0.08073060890702266,0,0,1,1,1,1,1,1,0.9699999999999999,1.0,1.0,1.0,0.8,skip,attack_already_active,1785296251.86377,1785296251863770105,1384920080468396,46.9,53.36328125,-1.0,0,0
2026-07-28T23:37:31.864,10.42.0.210,10.42.0.1|10.42.0.47,67,3,UPLOAD,0.95,UPLOAD,0.95,1,1448,100.0,12,0.0,17376.0,0,12,0.0,1.0,0.07022285260452917,0,0,1,1,1,1,1,1,0.9699999999999999,1.0,1.0,1.0,0.8,skip,attack_already_active,1785296251.8647602,1785296251864760154,1384920081458501,46.9,53.36328125,-1.0,0,0
2026-07-28T23:37:31.866,10.42.0.210,10.42.0.1|10.42.0.47,67,3,UPLOAD,0.95,UPLOAD,0.95,1,1448,100.0,13,0.0,18824.0,0,13,0.0,1.0,0.06114860449084993,0,0,1,1,1,1,1,1,0.9699999999999999,1.0,1.0,1.0,0.8,skip,attack_already_active,1785296251.866121,1785296251866121028,1384920082819198,46.9,53.36328125,-1.0,0,0
2026-07-28T23:37:31.867,10.42.0.210,10.42.0.1|10.42.0.47,67,3,UPLOAD,0.95,UPLOAD,0.95,1,1448,100.0,14,0.0,20272.0,0,14,0.0,1.0,0.053215318514069285,0,0,1,1,1,1,1,1,0.9699999999999999,1.0,1.0,1.0,0.8,skip,attack_already_active,1785296251.8670661,1785296251867066052,1384920083764671,46.9,53.36328125,-1.0,0,0
2026-07-28T23:37:31.868,10.42.0.210,10.42.0.1|10.42.0.47,67,3,UPLOAD,0.95,UPLOAD,0.95,1,1448,100.0,15,0.0,21720.0,0,15,0.0,1.0,0.04638735022004949,0,0,1,1,1,1,1,1,0.9699999999999999,1.0,1.0,1.0,0.8,skip,attack_already_active,1785296251.868466,1785296251868466013,1384920085164274,46.9,53.36328125,-1.0,0,0
2026-07-28T23:37:31.869,10.42.0.210,10.42.0.1|10.42.0.47,67,3,UPLOAD,0.95,UPLOAD,0.95,1,1448,100.0,16,0.0,23168.0,0,16,0.0,1.0,0.04042444892117493,0,0,1,1,1,1,1,1,0.9699999999999999,1.0,1.0,1.0,0.8,skip,attack_already_active,1785296251.8696024,1785296251869602678,1384920086301067,46.9,53.36328125,-1.0,0,0
2026-07-28T23:37:31.871,10.42.0.210,10.42.0.1|10.42.0.47,67,3,UPLOAD,0.95,UPLOAD,0.95,1,1448,100.0,17,0.0,24616.0,0,17,0.0,1.0,0.03528704888762922,0,0,1,1,1,1,1,1,0.9699999999999999,1.0,1.0,1.0,0.8,skip,attack_already_active,1785296251.8710406,1785296251871040590,1384920087738778,46.9,53.36328125,-1.0,0,0
2026-07-28T23:37:31.871,10.42.0.210,10.42.0.1|10.42.0.47,67,3,UPLOAD,0.95,UPLOAD,0.95,1,1448,100.0,18,0.0,26064.0,0,18,0.0,1.0,0.030759770613586788,0,0,1,1,1,1,1,1,0.9699999999999999,1.0,1.0,1.0,0.8,skip,attack_already_active,1785296251.8719714,1785296251871971233,1384920088669442,46.9,53.36328125,-1.0,0,0
2026-07-28T23:37:31.873,10.42.0.210,10.42.0.1|10.42.0.47,67,3,UPLOAD,0.95,UPLOAD,0.95,1,1448,100.0,19,0.0,27512.0,0,19,0.0,1.0,0.02689121580778481,0,0,1,1,1,1,1,1,0.9699999999999999,1.0,1.0,1.0,0.8,skip,attack_already_active,1785296251.8733737,1785296251873373708,1384920090071949,46.9,53.36328125,-1.0,0,0
2026-07-28T23:37:31.874,10.42.0.210,10.42.0.1|10.42.0.47,67,3,UPLOAD,0.95,UPLOAD,0.95,1,1448,100.0,20,0.0,28960.0,0,20,0.0,1.0,0.02347773992100967,0,0,1,1,1,1,1,1,0.9699999999999999,1.0,1.0,1.0,0.8,skip,attack_already_active,1785296251.874361,1785296251874361119,1384920091059601,46.9,53.36328125,-1.0,0,0
2026-07-28T23:37:31.875,10.42.0.210,10.42.0.1|10.42.0.47,67,3,UPLOAD,0.95,UPLOAD,0.95,1,1448,100.0,21,0.0,30408.0,0,21,0.0,1.0,0.02059670098256835,0,0,1,1,1,1,1,1,0.9699999999999999,1.0,1.0,1.0,0.8,skip,attack_already_active,1785296251.8759754,1785296251875975506,1384920092673952,46.9,53.36328125,-1.0,0,0
2026-07-28T23:37:31.877,10.42.0.210,10.42.0.1|10.42.0.47,67,3,UPLOAD,0.95,UPLOAD,0.95,1,1448,100.0,22,0.0,31856.0,0,22,0.0,1.0,0.01802047297860097,0,0,1,1,1,1,1,1,0.9699999999999999,1.0,1.0,1.0,0.8,skip,attack_already_active,1785296251.8770218,1785296251877021595,1384920093719979,46.9,53.36328125,-1.0,0,0
2026-07-28T23:37:31.878,10.42.0.210,10.42.0.1|10.42.0.47,67,3,UPLOAD,0.95,UPLOAD,0.95,1,1448,100.0,23,0.0,33304.0,0,23,0.0,1.0,0.0158466552669973,0,0,1,1,1,1,1,1,0.9699999999999999,1.0,1.0,1.0,0.8,skip,attack_already_active,1785296251.8785458,1785296251878545599,1384920095244488,46.9,53.36328125,-1.0,0,0
2026-07-28T23:37:31.879,10.42.0.210,10.42.0.1|10.42.0.47,67,3,UPLOAD,0.95,UPLOAD,0.95,1,1448,100.0,24,0.0,34752.0,0,24,0.0,1.0,0.013928030835379088,0,0,1,1,1,1,1,1,0.9699999999999999,1.0,1.0,1.0,0.8,skip,attack_already_active,1785296251.8798325,1785296251879832492,1384920096531469,46.9,53.36328125,-1.0,0,0
2026-07-28T23:37:31.881,10.42.0.210,10.42.0.1|10.42.0.47,67,3,UPLOAD,0.95,UPLOAD,0.95,1,1448,100.0,25,0.0,36200.0,0,25,0.0,1.0,0.01233753982245988,0,0,1,1,1,1,1,1,0.9699999999999999,1.0,1.0,1.0,0.8,skip,attack_already_active,1785296251.8816907,1785296251881690546,1384920098389216,46.9,53.36328125,-1.0,0,0
2026-07-28T23:37:31.882,10.42.0.210,10.42.0.1|10.42.0.47,67,3,UPLOAD,0.95,UPLOAD,0.95,1,1448,100.0,26,0.0,37648.0,0,26,0.0,1.0,0.01085870662770053,0,0,1,1,1,1,1,1,0.9699999999999999,1.0,1.0,1.0,0.8,skip,attack_already_active,1785296251.8828058,1785296251882805651,1384920099504710,46.9,53.36328125,-1.0,0,0
2026-07-28T23:37:31.884,10.42.0.210,10.42.0.1|10.42.0.47,67,3,UPLOAD,0.95,UPLOAD,0.95,1,1448,100.0,27,0.0,39096.0,0,27,0.0,1.0,0.009655834411641952,0,0,1,1,1,1,1,1,0.9699999999999999,1.0,1.0,1.0,0.8,skip,attack_already_active,1785296251.8845363,1785296251884536363,1384920101236229,46.9,53.36328125,-1.0,0,0
2026-07-28T23:37:31.885,10.42.0.210,10.42.0.1|10.42.0.47,67,3,UPLOAD,0.95,UPLOAD,0.95,1,1448,100.0,28,0.0,40544.0,0,28,0.0,1.0,0.008559631198217003,0,0,1,1,1,1,1,1,0.9699999999999999,1.0,1.0,1.0,0.8,skip,attack_already_active,1785296251.8858733,1785296251885873467,1384920102571948,46.9,53.36328125,-1.0,0,0
2026-07-28T23:37:31.887,10.42.0.210,10.42.0.1|10.42.0.47,67,3,UPLOAD,0.95,UPLOAD,0.95,1,1448,100.0,29,0.0,41992.0,0,29,0.0,1.0,0.0076285522838238735,0,0,1,1,1,1,1,1,0.9699999999999999,1.0,1.0,1.0,0.8,skip,attack_already_active,1785296251.8873672,1785296251887367191,1384920104065530,46.9,53.36328125,-1.0,0,0
2026-07-28T23:37:31.888,10.42.0.210,10.42.0.1|10.42.0.47,67,3,UPLOAD,0.95,UPLOAD,0.95,1,1448,100.0,30,0.0,43440.0,0,30,0.0,1.0,0.006750513242044406,0,0,1,1,1,1,1,1,0.9699999999999999,1.0,1.0,1.0,0.8,skip,attack_already_active,1785296251.8883326,1785296251888332627,1384920105030971,46.9,53.36328125,-1.0,0,0
2026-07-28T23:37:31.889,10.42.0.210,10.42.0.1|10.42.0.47,67,3,UPLOAD,0.95,UPLOAD,0.95,1,1448,100.0,31,0.0,44888.0,0,31,0.0,1.0,0.006049221495338796,0,0,1,1,1,1,1,1,0.9699999999999999,1.0,1.0,1.0,0.8,skip,attack_already_active,1785296251.8897612,1785296251889761214,1384920106459623,46.9,53.36328125,-1.0,0,0
2026-07-28T23:37:31.891,10.42.0.210,10.42.0.1|10.42.0.47,67,3,UPLOAD,0.95,UPLOAD,0.95,1,1448,100.0,32,0.0,46336.0,0,32,0.0,1.0,0.00543547238637085,0,0,1,1,1,1,1,1,0.9699999999999999,1.0,1.0,1.0,0.8,skip,attack_already_active,1785296251.8911529,1785296251891152785,1384920107851160,46.9,53.36328125,-1.0,0,0
2026-07-28T23:37:31.892,10.42.0.210,10.42.0.1|10.42.0.47,67,3,UPLOAD,0.95,UPLOAD,0.95,1,1448,100.0,33,0.0,47784.0,0,33,0.0,1.0,0.004921481646653732,0,0,1,1,1,1,1,1,0.9699999999999999,1.0,1.0,1.0,0.8,skip,attack_already_active,1785296251.8926878,1785296251892687748,1384920109386376,46.9,53.36328125,-1.0,0,0
2026-07-28T23:37:31.893,10.42.0.210,10.42.0.1|10.42.0.47,67,3,UPLOAD,0.95,UPLOAD,0.95,1,1448,100.0,34,0.0,49232.0,0,34,0.0,1.0,0.004405412119486714,0,0,1,1,1,1,1,1,0.9699999999999999,1.0,1.0,1.0,0.8,skip,attack_already_active,1785296251.893693,1785296251893693017,1384920110391265,46.9,53.36328125,-1.0,0,0
2026-07-28T23:37:31.894,10.42.0.210,10.42.0.1|10.42.0.47,67,3,UPLOAD,0.95,UPLOAD,0.95,1,1448,100.0,35,0.0,50680.0,0,35,0.0,1.0,0.003950184194312461,0,0,1,1,1,1,1,1,0.9699999999999999,1.0,1.0,1.0,0.8,skip,attack_already_active,1785296251.8946438,1785296251894643771,1384920111341995,46.9,53.36328125,-1.0,0,0
2026-07-28T23:37:31.895,10.42.0.210,10.42.0.1|10.42.0.47,67,3,UPLOAD,0.95,UPLOAD,0.95,1,1448,100.0,36,0.0,52128.0,0,36,0.0,1.0,0.003555980464048453,0,0,1,1,1,1,1,1,0.9699999999999999,1.0,1.0,1.0,0.8,skip,attack_already_active,1785296251.8956025,1785296251895602364,1384920112300492,46.9,53.36328125,-1.0,0,0
2026-07-28T23:37:31.896,10.42.0.1,10.42.0.1|10.42.0.47,68,3,UPLOAD,0.9813022271342016,UPLOAD,0.9813022271342016,1,7240,100.0,11,0.0,86782.0,0,11,0.0,1.0,0.0351825072663947,1,0,1,1,1,1,1,1,0.9699999999999999,1.0,1.0,1.0,0.8,skip,attack_already_active,1785296251.896598,1785296251896598090,1384920113296364,46.9,53.36328125,-1.0,0,0
2026-07-28T23:37:31.897,10.42.0.1,10.42.0.1|10.42.0.47,68,3,UPLOAD,0.981521399318488,UPLOAD,0.981521399318488,1,7240,100.0,12,0.0,94022.0,0,12,0.0,1.0,0.030674534385720032,1,0,1,1,1,1,1,1,0.9699999999999999,1.0,1.0,1.0,0.8,skip,attack_already_active,1785296251.8975708,1785296251897570859,1384920114269274,46.9,53.36328125,-1.0,0,0
2026-07-28T23:37:31.899,10.42.0.1,10.42.0.1|10.42.0.47,68,3,UPLOAD,0.9818083474442859,UPLOAD,0.9818083474442859,1,10136,100.0,13,0.0,104158.0,0,13,0.0,1.0,0.026824437559337,1,0,1,1,1,1,1,1,0.9699999999999999,1.0,1.0,1.0,0.8,skip,attack_already_active,1785296251.899028,1785296251899027902,1384920115726428,46.9,53.36328125,-1.0,0,0
2026-07-28T23:37:31.900,10.42.0.1,10.42.0.1|10.42.0.47,68,3,UPLOAD,0.9820758621102358,UPLOAD,0.9820758621102358,1,4344,100.0,14,0.0,108502.0,0,14,0.0,1.0,0.023423248681236363,1,0,1,1,1,1,1,1,0.9699999999999999,1.0,1.0,1.0,0.8,skip,attack_already_active,1785296251.9000418,1785296251900041621,1384920116739837,46.9,53.36328125,-1.0,0,0
2026-07-28T23:37:31.901,10.42.0.1,10.42.0.1|10.42.0.47,68,3,UPLOAD,0.9824002979457437,UPLOAD,0.9824002979457437,1,14480,100.0,15,0.0,122982.0,0,15,0.0,1.0,0.020522622602637857,1,0,1,1,1,1,1,1,0.9699999999999999,1.0,1.0,1.0,0.8,skip,attack_already_active,1785296251.901453,1785296251901452946,1384920118151432,46.9,53.36328125,-1.0,0,0
2026-07-28T23:37:31.902,10.42.0.1,10.42.0.1|10.42.0.47,68,3,UPLOAD,0.982561533646354,UPLOAD,0.982561533646354,1,14480,100.0,16,0.0,137462.0,0,16,0.0,1.0,0.018010822655836208,1,0,1,1,1,1,1,1,0.9699999999999999,1.0,1.0,1.0,0.8,skip,attack_already_active,1785296251.9029143,1785296251902914312,1384920119612664,46.9,53.36328125,-1.0,0,0
2026-07-28T23:37:31.904,10.42.0.1,10.42.0.1|10.42.0.47,68,3,UPLOAD,0.9825296655103513,UPLOAD,0.9825296655103513,1,5792,100.0,17,0.0,143254.0,0,17,0.0,1.0,0.015825018433148992,1,0,1,1,1,1,1,1,0.9699999999999999,1.0,1.0,1.0,0.8,skip,attack_already_active,1785296251.9043376,1785296251904337762,1384920121036069,46.9,53.36328125,-1.0,0,0
2026-07-28T23:37:31.905,10.42.0.1,10.42.0.1|10.42.0.47,68,3,UPLOAD,0.9825421659384852,UPLOAD,0.9825421659384852,1,8688,100.0,18,0.0,151942.0,0,18,0.0,1.0,0.013931457343315795,1,0,1,1,1,1,1,1,0.9699999999999999,1.0,1.0,1.0,0.8,skip,attack_already_active,1785296251.905793,1785296251905793126,1384920122491439,46.9,53.36328125,-1.0,0,0
2026-07-28T23:37:31.907,10.42.0.1,10.42.0.1|10.42.0.47,68,3,UPLOAD,0.982607860091448,UPLOAD,0.982607860091448,1,7130,100.0,19,0.0,159072.0,0,19,0.0,1.0,0.012339760784574785,1,0,1,1,1,1,1,1,0.9699999999999999,1.0,1.0,1.0,0.8,skip,attack_already_active,1785296251.9076455,1785296251907645325,1384920124343683,46.9,53.36328125,-1.0,0,0
2026-07-28T23:37:32.051,10.42.0.1,10.42.0.1|10.42.0.47,68,3,UPLOAD,0.9812431600091339,UPLOAD,0.9812431600091339,0,43,100.0,19,0.0,159072.0,0,19,0.0,1.0,0.06075436045908805,1,0,1,1,1,1,1,1,0.8374999999999999,0.8500000000000001,1.0,0.6000000000000001,0.8,skip,attack_already_active,1785296252.05164,1785296252051640109,1384920268338985,46.9,53.36328125,-1.0,0,0
2026-07-28T23:37:32.217,10.42.0.1,,69,1,DOWNLOAD,0.9777610225945849,DOWNLOAD,0.9777610225945849,-1,7240,21.97127071533546,20,7240.0,159072.0,1,19,0.04353263745249892,0.9564673625475011,0.05764009451732561,0,0,0,0,1,0,0,0,0.44,0.8500000000000001,0.0,0.6000000000000001,0.15,skip,training_upload_trigger_not_confirmed,1785296252.2173922,1785296252217392001,1384920434091098,46.9,53.36328125,-1.0,0,0
2026-07-28T23:37:32.218,10.42.0.1,,69,1,DOWNLOAD,0.95,DOWNLOAD,0.95,-1,7240,10.985635358426407,21,14480.0,159072.0,2,19,0.0834332073384346,0.9165667926615654,0.05017796889087451,0,0,0,0,1,0,0,0,0.44,0.8500000000000001,0.0,0.6000000000000001,0.15,skip,training_upload_trigger_not_confirmed,1785296252.2184043,1785296252218404411,1384920435102876,46.9,53.36328125,-1.0,0,0
2026-07-28T23:37:32.220,10.42.0.1,,69,1,DOWNLOAD,0.95,DOWNLOAD,0.95,-1,7240,7.323756905786199,22,21720.0,159072.0,3,19,0.12013805920615957,0.8798619407938404,0.04382910360881496,0,0,0,0,1,0,0,0,0.44,0.8500000000000001,0.0,0.6000000000000001,0.15,skip,training_upload_trigger_not_confirmed,1785296252.2204025,1785296252220402340,1384920437100930,46.9,53.36328125,-1.0,0,0
2026-07-28T23:37:32.221,10.42.0.1,,69,1,DOWNLOAD,0.95,DOWNLOAD,0.95,-1,7240,5.492817679402872,23,28960.0,159072.0,4,19,0.15401633764465622,0.8459836623553437,0.038183363797340976,0,0,0,0,1,0,0,0,0.4,0.8500000000000001,0.0,0.4,0.15,skip,training_upload_trigger_not_confirmed,1785296252.2213876,1785296252221387609,1384920438085960,46.9,53.36328125,-1.0,0,0
2026-07-28T23:37:32.222,10.42.0.1,,69,1,DOWNLOAD,0.95,DOWNLOAD,0.95,-1,7240,4.394254143552645,24,36200.0,159072.0,5,19,0.18538244090294564,0.8146175590970544,0.033276969980640156,0,0,0,0,1,0,0,0,0.4,0.8500000000000001,0.0,0.4,0.15,skip,training_upload_trigger_not_confirmed,1785296252.2223377,1785296252222337712,1384920439036153,46.9,53.36328125,-1.0,0,0
2026-07-28T23:37:32.223,10.42.0.1,,69,1,DOWNLOAD,0.95,DOWNLOAD,0.95,-1,7240,3.661878452977397,25,43440.0,159072.0,6,19,0.21450580706328515,0.7854941929367149,0.029018621641915036,0,0,0,0,1,0,0,0,0.4,0.8500000000000001,0.0,0.4,0.15,skip,training_upload_trigger_not_confirmed,1785296252.2232993,1785296252223299256,1384920439997523,46.9,53.36328125,-1.0,0,0
2026-07-28T23:37:32.224,10.42.0.1,,69,1,DOWNLOAD,0.95,DOWNLOAD,0.95,-1,7240,3.1387529597052337,26,50680.0,159072.0,7,19,0.24161867348106336,0.7583813265189366,0.02531597966911932,0,0,0,0,1,0,0,0,0.4,0.8500000000000001,0.0,0.4,0.15,skip,training_upload_trigger_not_confirmed,1785296252.2242196,1785296252224219731,1384920440918150,46.9,53.36328125,-1.0,0,0
2026-07-28T23:37:32.225,10.42.0.1,,69,1,DOWNLOAD,0.95,DOWNLOAD,0.95,-1,7240,2.7464088397488537,27,57920.0,159072.0,8,19,0.26692228284913727,0.7330777171508627,0.022099806171245285,0,0,0,0,1,0,0,0,0.32,0.8500000000000001,0.0,0.0,0.15,skip,training_upload_trigger_not_confirmed,1785296252.225129,1785296252225128874,1384920441827207,46.9,53.36328125,-1.0,0,0
2026-07-28T23:37:32.227,10.42.0.1,,69,1,DOWNLOAD,0.95,DOWNLOAD,0.95,-1,7240,2.4412523020036643,28,65160.0,159072.0,9,19,0.2905918869742053,0.7094081130257948,0.019466540354456326,0,0,0,0,1,0,0,0,0.32,0.8500000000000001,0.0,0.0,0.15,skip,training_upload_trigger_not_confirmed,1785296252.2272456,1785296252227245579,1384920443944111,46.9,53.36328125,-1.0,0,0
2026-07-28T23:37:32.228,10.42.0.1,,69,1,DOWNLOAD,0.95,DOWNLOAD,0.95,-1,7240,2.19712707180667,29,72400.0,159072.0,10,19,0.3127808115020391,0.6872191884979609,0.017025383557512947,0,0,0,0,1,0,0,0,0.32,0.8500000000000001,0.0,0.0,0.15,skip,training_upload_trigger_not_confirmed,1785296252.2281868,1785296252228186792,1384920444885265,61.7,53.36328125,-1.0,0,0
2026-07-28T23:37:32.229,10.42.0.1,,69,1,DOWNLOAD,0.95,DOWNLOAD,0.95,-1,10136,1.9273044489564883,30,82536.0,159072.0,11,19,0.34161120492698915,0.6583887950730108,0.014906223075530071,0,0,0,0,1,0,0,0,0.32,0.8500000000000001,0.0,0.0,0.15,skip,training_upload_trigger_not_confirmed,1785296252.2291305,1785296252229130608,1384920445828799,61.7,53.36328125,-1.0,0,0
2026-07-28T23:37:32.230,10.42.0.1,,69,1,DOWNLOAD,0.95,DOWNLOAD,0.95,-1,14480,1.6396470685181863,31,97016.0,159072.0,12,19,0.37883852425728654,0.6211614757427134,0.013065748325667134,0,0,0,0,1,0,0,0,0.32,0.8500000000000001,0.0,0.0,0.15,skip,training_upload_trigger_not_confirmed,1785296252.2300699,1785296252230069693,1384920446767959,61.7,53.36328125,-1.0,0,0
2026-07-28T23:37:32.231,10.42.0.1,,69,1,DOWNLOAD,0.95,DOWNLOAD,0.95,-1,14480,1.4267058907904617,32,111496.0,159072.0,13,19,0.412081251293575,0.587918748706425,0.011474650169275359,0,0,0,0,1,0,0,0,0.32,0.8500000000000001,0.0,0.0,0.15,skip,training_upload_trigger_not_confirmed,1785296252.2310612,1785296252231061147,1384920447759673,61.7,53.36328125,-1.0,0,0
2026-07-28T23:37:32.232,10.42.0.1,,69,1,DOWNLOAD,0.95,DOWNLOAD,0.95,-1,14480,1.262716707942285,33,125976.0,159072.0,14,19,0.441946619516713,0.558053380483287,0.010086589038611253,0,0,0,0,1,0,0,0,0.32,0.8500000000000001,0.0,0.0,0.15,skip,training_upload_trigger_not_confirmed,1785296252.2320023,1785296252232002295,1384920448700609,61.7,53.36328125,-1.0,0,0
2026-07-28T23:37:32.232,10.42.0.1,,69,1,DOWNLOAD,0.95,DOWNLOAD,0.95,-1,10136,1.168684612670678,34,136112.0,159072.0,15,19,0.4611090031980053,0.5388909968019947,0.00887895694503789,0,0,0,0,1,0,0,0,0.30250000000000005,0.8000000000000002,0.0,0.0,0.15,skip,training_upload_trigger_not_confirmed,1785296252.2329245,1785296252232924526,1384920449623009,61.7,53.36328125,-1.0,0,0
2026-07-28T23:37:32.234,10.42.0.1,,69,1,DOWNLOAD,0.95,DOWNLOAD,0.95,-1,14480,1.0563110922223204,35,150592.0,159072.0,16,19,0.4863077400020668,0.5136922599979332,0.007940986629390663,0,0,0,0,1,0,0,0,0.30250000000000005,0.8000000000000002,0.0,0.0,0.15,skip,training_upload_trigger_not_confirmed,1785296252.2346854,1785296252234685347,1384920451383848,61.7,53.36328125,-1.0,0,0
2026-07-28T23:37:32.236,10.42.0.1,,69,1,DOWNLOAD,0.95,DOWNLOAD,0.95,-1,4344,1.026694893375157,36,154936.0,159072.0,17,19,0.49341418053043234,0.5065858194695676,0.0070743381644269975,0,0,0,0,1,0,0,0,0.30250000000000005,0.8000000000000002,0.0,0.0,0.15,skip,training_upload_trigger_not_confirmed,1785296252.2360497,1785296252236049572,1384920452748298,61.7,53.36328125,-1.0,0,0
2026-07-28T23:37:32.237,10.42.0.1,,69,1,DOWNLOAD,0.95,DOWNLOAD,0.95,-1,18824,0.915469613260155,37,173760.0,159072.0,18,19,0.5220651860398039,0.47793481396019616,0.006275142627923515,0,0,0,0,1,0,0,0,0.30250000000000005,0.8000000000000002,0.0,0.0,0.15,skip,training_upload_trigger_not_confirmed,1785296252.237059,1785296252237058967,1384920453757377,61.7,53.36328125,-1.0,0,0
2026-07-28T23:37:32.238,10.42.0.1,,69,1,DOWNLOAD,0.95,DOWNLOAD,0.95,-1,16920,0.8342353681569423,38,190680.0,159072.0,19,19,0.5451863034378646,0.45481369656213544,0.005686257882241463,0,0,0,0,1,0,0,0,0.30250000000000005,0.8000000000000002,0.0,0.0,0.15,skip,training_upload_trigger_not_confirmed,1785296252.2388654,1785296252238865509,1384920455564149,61.7,53.36328125,-1.0,0,0
2026-07-28T23:37:32.240,10.42.0.1,,69,1,DOWNLOAD,0.95,DOWNLOAD,0.95,-1,21720,0.7489265536734985,39,212400.0,159072.0,20,19,0.5717792996511177,0.42822070034888227,0.005143021532301201,0,0,0,0,1,0,0,0,0.28500000000000003,0.7500000000000001,0.0,0.0,0.15,skip,training_upload_trigger_not_confirmed,1785296252.2404292,1785296252240429134,1384920457127659,61.7,53.36328125,-1.0,0,0
2026-07-28T23:37:32.241,10.42.0.1,,69,1,DOWNLOAD,0.95,DOWNLOAD,0.95,-1,14024,0.7025403667468885,40,226424.0,159072.0,21,19,0.587357586070932,0.41264241392906803,0.004618242902397575,0,0,0,0,1,0,0,0,0.28500000000000003,0.7500000000000001,0.0,0.0,0.15,skip,training_upload_trigger_not_confirmed,1785296252.2415898,1785296252241589727,1384920458288162,61.7,53.36328125,-1.0,0,0
2026-07-28T23:37:32.242,10.42.0.1,,69,1,DOWNLOAD,0.95,DOWNLOAD,0.95,-1,21720,0.6410471339236853,41,248144.0,159072.0,22,19,0.6093670189776433,0.39063298102235666,0.004165287183617439,0,0,0,0,1,0,0,0,0.28500000000000003,0.7500000000000001,0.0,0.0,0.15,skip,training_upload_trigger_not_confirmed,1785296252.2427707,1785296252242770595,1384920459469218,61.7,53.36328125,-1.0,0,0
2026-07-28T23:37:32.243,10.42.0.210,,68,1,DOWNLOAD,0.9835333669227588,DOWNLOAD,0.9835333669227588,-1,7240,7.199999999143646,37,7240.0,52128.0,1,36,0.12195121951219512,0.8780487804878049,0.011719471769707697,0,0,0,0,1,0,0,0,0.32,0.8500000000000001,0.0,0.0,0.15,skip,training_upload_trigger_not_confirmed,1785296252.2438083,1785296252243808222,1384920460506742,61.7,53.36328125,-1.0,0,0
2026-07-28T23:37:32.244,10.42.0.210,,68,1,DOWNLOAD,0.95,DOWNLOAD,0.95,-1,7240,3.599999999820442,38,14480.0,52128.0,2,36,0.21739130434782608,0.782608695652174,0.010302259733378305,0,0,0,0,1,0,0,0,0.26749999999999996,0.7,0.0,0.0,0.15,skip,training_upload_trigger_not_confirmed,1785296252.244773,1785296252244772804,1384920461471411,61.7,53.36328125,-1.0,0,0
2026-07-28T23:37:32.245,10.42.0.1,,69,1,DOWNLOAD,0.95,DOWNLOAD,0.95,-1,21720,0.5894524649468271,42,269864.0,159072.0,23,19,0.6291474718839174,0.3708525281160826,0.004020123316339583,0,0,0,0,1,0,0,0,0.28500000000000003,0.7500000000000001,0.0,0.0,0.15,skip,training_upload_trigger_not_confirmed,1785296252.2458344,1785296252245834198,1384920462533075,61.7,53.36328125,-1.0,0,0
2026-07-28T23:37:32.246,10.42.0.1,,69,1,DOWNLOAD,0.95,DOWNLOAD,0.95,-1,14024,0.560333652709659,43,283888.0,159072.0,24,19,0.6408885678165072,0.35911143218349284,0.0036334174956396065,0,0,0,0,1,0,0,0,0.28500000000000003,0.7500000000000001,0.0,0.0,0.15,skip,training_upload_trigger_not_confirmed,1785296252.2469199,1785296252246919818,1384920463619389,61.7,53.36328125,-1.0,0,0
2026-07-28T23:37:32.248,10.42.0.1,,69,1,DOWNLOAD,0.95,DOWNLOAD,0.95,-1,18824,0.5254895742503585,44,302712.0,159072.0,25,19,0.6555272594979471,0.3444727405020529,0.003345172861234053,0,0,0,0,1,0,0,0,0.28500000000000003,0.7500000000000001,0.0,0.0,0.15,skip,training_upload_trigger_not_confirmed,1785296252.2483659,1785296252248365835,1384920465064819,61.7,53.36328125,-1.0,0,0
2026-07-28T23:37:32.250,10.42.0.1,,69,1,DOWNLOAD,0.95,DOWNLOAD,0.95,-1,16920,0.49767232317321897,45,319632.0,159072.0,26,19,0.6677027975533941,0.3322972024466058,0.00320606656034504,0,0,0,0,1,0,0,0,0.28500000000000003,0.7500000000000001,0.0,0.0,0.15,skip,training_upload_trigger_not_confirmed,1785296252.2506554,1785296252250655380,1384920467354458,61.7,53.36328125,-1.0,0,0
2026-07-28T23:37:32.252,10.42.0.59,,27,1,DOWNLOAD,0.95,DOWNLOAD,0.95,-1,14600,6.84931506802402e-11,1,14600.0,0.0,1,0,1.0,0.0,0.4144437160739831,0,0,0,0,0,0,0,0,0.0225,0.0,0.0,0.0,0.15,skip,training_upload_trigger_not_confirmed,1785296252.2526963,1785296252252696287,1384920469395114,61.7,53.36328125,-1.0,0,0
2026-07-28T23:37:32.253,10.42.0.59,,27,1,DOWNLOAD,0.95,DOWNLOAD,0.95,-1,14600,3.424657534129292e-11,2,29200.0,0.0,2,0,1.0,0.0,0.3599768010879163,0,0,0,0,0,0,0,0,0.0225,0.0,0.0,0.0,0.15,skip,training_upload_trigger_not_confirmed,1785296252.2538056,1785296252253805610,1384920470504142,61.7,53.36328125,-1.0,0,0
2026-07-28T23:37:32.259,10.42.0.18,,52,1,DOWNLOAD,0.95,DOWNLOAD,0.95,-1,10220,9.784735811175661e-11,1,10220.0,0.0,1,0,1.0,0.0,0.32621312984692913,0,0,0,0,0,0,0,0,0.0225,0.0,0.0,0.0,0.15,skip,training_upload_trigger_not_confirmed,1785296252.2592216,1785296252259221424,1384920475920168,61.7,53.36328125,-1.0,0,0
2026-07-28T23:37:32.260,10.42.0.18,,52,1,DOWNLOAD,0.95,DOWNLOAD,0.95,-1,4380,6.84931506802402e-11,2,14600.0,0.0,2,0,1.0,0.0,0.28336772669469135,0,0,0,0,0,0,0,0,0.0225,0.0,0.0,0.0,0.15,skip,training_upload_trigger_not_confirmed,1785296252.2602928,1785296252260292959,1384920476991300,61.7,53.36328125,-1.0,0,0
2026-07-28T23:37:32.261,10.42.0.18,,52,1,DOWNLOAD,0.95,DOWNLOAD,0.95,-1,14600,3.424657534129292e-11,3,29200.0,0.0,3,0,1.0,0.0,0.2461751970462652,0,0,0,0,0,0,0,0,0.0225,0.0,0.0,0.0,0.15,skip,training_upload_trigger_not_confirmed,1785296252.2614167,1785296252261416633,1384920478115205,61.7,53.36328125,-1.0,0,0
2026-07-28T23:37:32.263,10.42.0.210,,68,1,DOWNLOAD,0.9557926560077417,DOWNLOAD,0.9557926560077417,-1,10136,2.117647058778126,39,24616.0,52128.0,3,36,0.32075471698113206,0.6792452830188679,0.011394934320480034,0,0,0,0,0,0,0,0,0.057499999999999996,0.1,0.0,0.0,0.15,skip,training_upload_trigger_not_confirmed,1785296252.2633672,1785296252263367242,1384920480066145,61.7,53.36328125,-1.0,0,0
2026-07-28T23:37:32.264,10.42.0.210,,68,1,DOWNLOAD,0.9846998846180315,DOWNLOAD,0.9846998846180315,-1,14480,1.3333333333248074,40,39096.0,52128.0,4,36,0.42857142857142855,0.5714285714285714,0.010084328356756215,0,0,0,0,0,0,0,0,0.057499999999999996,0.1,0.0,0.0,0.15,skip,training_upload_trigger_not_confirmed,1785296252.2648163,1785296252264816470,1384920481514851,61.7,53.36328125,-1.0,0,0
2026-07-28T23:37:32.265,10.42.0.210,,68,1,DOWNLOAD,0.9854895428954357,DOWNLOAD,0.9854895428954357,-1,4344,1.1999999999953959,41,43440.0,52128.0,5,36,0.45454545454545453,0.5454545454545454,0.008887864611970525,0,0,0,0,0,0,0,0,0.039999999999999994,0.05,0.0,0.0,0.15,skip,training_upload_trigger_not_confirmed,1785296252.265821,1785296252265820929,1384920482519293,61.7,53.36328125,-1.0,0,0
2026-07-28T23:37:32.267,10.42.0.145,,32,1,DOWNLOAD,0.95,DOWNLOAD,0.95,-1,14600,6.84931506802402e-11,1,14600.0,0.0,1,0,1.0,0.0,0.41040289615133924,0,0,0,0,0,0,0,0,0.0225,0.0,0.0,0.0,0.15,skip,training_upload_trigger_not_confirmed,1785296252.2673259,1785296252267326068,1384920484024605,61.7,53.36328125,-1.0,0,0
2026-07-28T23:37:32.268,10.42.0.145,,32,1,DOWNLOAD,0.95,DOWNLOAD,0.95,-1,14600,3.424657534129292e-11,2,29200.0,0.0,2,0,1.0,0.0,0.35646022668386323,0,0,0,0,0,0,0,0,0.0225,0.0,0.0,0.0,0.15,skip,training_upload_trigger_not_confirmed,1785296252.2683728,1785296252268372770,1384920485071195,61.7,53.36328125,-1.0,0,0
2026-07-28T23:37:32.270,10.42.0.18,,52,1,DOWNLOAD,0.9515661055445662,DOWNLOAD,0.9515661055445662,-1,14600,2.2831050227789245e-11,4,43800.0,0.0,4,0,1.0,0.0,0.21498076027547314,0,0,0,0,0,0,0,0,0.0225,0.0,0.0,0.0,0.15,skip,training_upload_trigger_not_confirmed,1785296252.270866,1785296252270865875,1384920487564411,61.7,53.36328125,-1.0,0,0
2026-07-28T23:37:32.272,10.42.0.18,,52,1,DOWNLOAD,0.9546697981646594,DOWNLOAD,0.9546697981646594,-1,5840,2.014504431869168e-11,5,49640.0,0.0,5,0,1.0,0.0,0.18684453104030152,0,0,0,0,0,0,0,0,0.0225,0.0,0.0,0.0,0.15,skip,training_upload_trigger_not_confirmed,1785296252.2723286,1785296252272328721,1384920489027060,61.7,53.36328125,-1.0,0,0
2026-07-28T23:37:32.273,10.42.0.47,,69,1,DOWNLOAD,0.95,DOWNLOAD,0.95,-1,1448,6.906077343296907e-10,1,1448.0,0.0,1,0,1.0,0.0,0.11204231973360845,0,0,0,0,0,0,0,0,0.0225,0.0,0.0,0.0,0.15,skip,training_upload_trigger_not_confirmed,1785296252.2733257,1785296252273325478,1384920490023909,61.7,53.36328125,-1.0,0,0
2026-07-28T23:37:32.274,10.42.0.59,,27,1,DOWNLOAD,0.95,DOWNLOAD,0.95,-1,24820,1.8511662346936104e-11,3,54020.0,0.0,3,0,1.0,0.0,0.31524006235887325,0,0,0,0,0,0,0,0,0.0225,0.0,0.0,0.0,0.15,skip,training_upload_trigger_not_confirmed,1785296252.2742877,1785296252274287508,1384920490985581,61.7,53.36328125,-1.0,0,0
2026-07-28T23:37:32.275,10.42.0.59,,27,1,DOWNLOAD,0.9526685286294044,DOWNLOAD,0.9526685286294044,-1,10564,1.5483711135645304e-11,4,64584.0,0.0,4,0,1.0,0.0,0.27379585943454976,0,0,0,0,0,0,0,0,0.0225,0.0,0.0,0.0,0.15,skip,training_upload_trigger_not_confirmed,1785296252.2750192,1785296252275019276,1384920491717753,61.7,53.36328125,-1.0,0,0
2026-07-28T23:37:32.276,10.42.0.18,,52,1,DOWNLOAD,0.9517161906292994,DOWNLOAD,0.9517161906292994,-1,8760,1.7123287670939668e-11,6,58400.0,0.0,6,0,1.0,0.0,0.16277683107753652,0,0,0,0,0,0,0,0,0.0225,0.0,0.0,0.0,0.15,skip,training_upload_trigger_not_confirmed,1785296252.27653,1785296252276529880,1384920493228186,61.7,53.36328125,-1.0,0,0
2026-07-28T23:37:32.277,10.42.0.18,,52,1,DOWNLOAD,0.9620365624449175,DOWNLOAD,0.9620365624449175,-1,6184,1.5483711135645304e-11,7,64584.0,0.0,7,0,1.0,0.0,0.14141239334638528,0,0,0,0,0,0,0,0,0.0225,0.0,0.0,0.0,0.15,skip,training_upload_trigger_not_confirmed,1785296252.277178,1785296252277178088,1384920493876291,61.7,53.36328125,-1.0,0,0
2026-07-28T23:37:32.278,10.42.0.210,,68,1,DOWNLOAD,0.9855083405864443,DOWNLOAD,0.9855083405864443,-1,14480,0.9000000000017265,42,57920.0,52128.0,6,36,0.5263157894736842,0.47368421052631576,0.009335456714037625,0,0,0,0,0,0,0,0,0.039999999999999994,0.05,0.0,0.0,0.15,skip,training_upload_trigger_not_confirmed,1785296252.2781055,1785296252278105612,1384920494803708,61.7,53.36328125,-1.0,0,0
2026-07-28T23:37:32.279,10.42.0.210,,68,1,DOWNLOAD,0.9855087208476458,DOWNLOAD,0.9855087208476458,-1,20272,0.6666666666709298,43,78192.0,52128.0,7,36,0.6,0.4,0.008264568496419588,0,0,0,0,0,0,0,0,0.0225,0.0,0.0,0.0,0.15,skip,training_upload_trigger_not_confirmed,1785296252.2793143,1785296252279314292,1384920496012403,61.7,53.36328125,-1.0,0,0
2026-07-28T23:37:32.280,10.42.0.210,,68,1,DOWNLOAD,0.9855087261970161,DOWNLOAD,0.9855087261970161,-1,992,0.6583148110772592,44,79184.0,52128.0,8,36,0.6030218106494456,0.3969781893505544,0.007350002065908379,0,0,0,0,0,0,0,0,0.0225,0.0,0.0,0.0,0.15,skip,training_upload_trigger_not_confirmed,1785296252.2806385,1785296252280638468,1384920497336636,61.7,53.36328125,-1.0,0,0
2026-07-28T23:37:32.281,10.42.0.145,,32,1,DOWNLOAD,0.9518783550816773,DOWNLOAD,0.9518783550816773,-1,29200,1.7123287670939668e-11,3,58400.0,0.0,3,0,1.0,0.0,0.31123100580087604,0,0,0,0,0,0,0,0,0.0225,0.0,0.0,0.0,0.15,skip,training_upload_trigger_not_confirmed,1785296252.281601,1785296252281601071,1384920498299282,61.7,53.36328125,-1.0,0,0
2026-07-28T23:37:32.293,10.42.0.47,,69,1,DOWNLOAD,0.9829981496648164,DOWNLOAD,0.9829981496648164,-1,10136,8.632596684337655e-11,2,11584.0,0.0,2,0,1.0,0.0,0.09999941624354113,0,0,0,0,0,0,0,0,0.0225,0.0,0.0,0.0,0.15,skip,training_upload_trigger_not_confirmed,1785296252.2939777,1785296252293977836,1384920510676196,61.7,53.36328125,-1.0,0,0
2026-07-28T23:37:32.294,10.42.0.47,,69,1,DOWNLOAD,0.9842257140988042,DOWNLOAD,0.9842257140988042,-1,8688,4.932912391232591e-11,3,20272.0,0.0,3,0,1.0,0.0,0.08691416234506166,0,0,0,0,0,0,0,0,0.0225,0.0,0.0,0.0,0.15,skip,training_upload_trigger_not_confirmed,1785296252.2946768,1785296252294676730,1384920511374904,61.7,53.36328125,-1.0,0,0
2026-07-28T23:37:32.302,10.42.0.47,,69,1,DOWNLOAD,0.9842586901286671,DOWNLOAD,0.9842586901286671,-1,11584,3.1391260672043216e-11,4,31856.0,0.0,4,0,1.0,0.0,0.0764382727024458,0,0,0,0,0,0,0,0,0.0225,0.0,0.0,0.0,0.15,skip,training_upload_trigger_not_confirmed,1785296252.3020923,1785296252302092358,1384920518790850,61.7,53.36328125,-1.0,0,0
2026-07-28T23:37:32.303,10.42.0.47,,69,1,DOWNLOAD,0.9842595481342594,DOWNLOAD,0.9842595481342594,-1,11584,2.3020257826357728e-11,5,43440.0,0.0,5,0,1.0,0.0,0.06653575416747856,0,0,0,0,0,0,0,0,0.0225,0.0,0.0,0.0,0.15,skip,training_upload_trigger_not_confirmed,1785296252.303383,1785296252303383061,1384920520081312,61.7,53.36328125,-1.0,0,0
2026-07-28T23:37:32.306,10.42.0.47,,69,1,DOWNLOAD,0.9842595696464124,DOWNLOAD,0.9842595696464124,-1,21264,1.5454995054162724e-11,6,64704.0,0.0,6,0,1.0,0.0,0.05816189005614361,0,0,0,0,0,0,0,0,0.0225,0.0,0.0,0.0,0.15,skip,training_upload_trigger_not_confirmed,1785296252.306372,1785296252306371944,1384920523070460,61.7,53.36328125,-1.0,0,0
2026-07-28T23:37:32.334,10.42.0.1,,69,1,DOWNLOAD,0.9577301627673636,DOWNLOAD,0.9577301627673636,0,39,0.2488173900008484,35,319632.0,79530.0,26,9,0.800757587145069,0.19924241285493108,0.008433928657607163,0,0,0,0,0,0,0,0,0.0225,0.0,0.0,0.0,0.15,skip,training_upload_trigger_not_confirmed,1785296252.33448,1785296252334480146,1384920551178579,61.7,53.36328125,-1.0,0,0
2026-07-28T23:37:32.593,10.42.0.145,,32,3,UPLOAD,0.95,UPLOAD,0.95,1,64240,1.0999999999982877,4,58400.0,64240.0,3,1,0.47619047619047616,0.5238095238095238,0.3100927676414932,0,0,0,1,1,1,1,1,0.85,1.0,1.0,0.4,0.8,trigger,training_upload_trigger_confirmed,1785296252.5935385,1785296252593538599,1384920810237801,61.7,53.36328125,6.368776,1785296252599909208,1384920816606577
2026-07-28T23:37:32.595,10.42.0.145,,32,3,UPLOAD,0.9841010226033655,UPLOAD,0.9841010226033655,1,3610,1.1618150684903799,5,58400.0,67850.0,3,2,0.4625742574257426,0.5374257425742575,0.2694493120875621,0,0,1,1,1,1,1,1,0.85,1.0,1.0,0.4,0.8,skip,attack_already_active,1785296252.5951993,1785296252595199334,1384920811898024,61.7,53.36328125,-1.0,0,0
2026-07-28T23:37:32.597,10.42.0.1,10.42.0.1,69,3,UPLOAD,0.95,UPLOAD,0.95,1,7240,0.27146843870678944,36,319632.0,86770.0,26,10,0.7864921924596828,0.21350780754031723,0.04191828907380707,1,0,0,0,1,0,0,0,0.85,1.0,1.0,0.4,0.8,trigger,training_upload_trigger_confirmed,1785296252.5970175,1785296252597017527,1384920813716129,61.7,53.36328125,17.888753,1785296252614907631,1384920831604882
2026-07-28T23:37:32.598,10.42.0.1,10.42.0.1,69,3,UPLOAD,0.95,UPLOAD,0.95,1,7240,0.2941194874127305,37,319632.0,94010.0,26,11,0.7727261738411476,0.22727382615885233,0.036541122767815175,1,0,1,1,1,1,1,1,0.85,1.0,1.0,0.4,0.8,skip,attack_already_active,1785296252.59813,1785296252598129820,1384920814828274,61.7,53.36328125,-1.0,0,0
2026-07-28T23:37:32.608,10.42.0.59,10.42.0.1,27,3,UPLOAD,0.95,UPLOAD,0.95,1,64240,0.994673603369338,5,64584.0,64240.0,4,1,0.5013351549400733,0.4986648450599267,0.3037801676368723,0,0,0,1,1,1,1,1,0.9299999999999999,1.0,1.0,0.8,0.8,trigger,training_upload_trigger_confirmed,1785296252.6089385,1785296252608938405,1384920825637187,61.7,53.36328125,19.85048,1785296252628790420,1384920845487667
2026-07-28T23:37:32.610,10.42.0.59,10.42.0.1,27,3,UPLOAD,0.9841010226033655,UPLOAD,0.9841010226033655,1,15315,1.2318066394117457,6,64584.0,79555.0,4,2,0.448067490408564,0.551932509591436,0.2639083242829719,0,0,1,1,1,1,1,1,0.9299999999999999,1.0,1.0,0.8,0.8,skip,attack_already_active,1785296252.6101422,1785296252610142163,1384920826840564,61.7,53.36328125,-1.0,0,0
2026-07-28T23:37:32.612,10.42.0.1,10.42.0.1,69,3,UPLOAD,0.9595259325708357,UPLOAD,0.9595259325708357,1,7240,0.3167705361186715,38,319632.0,101250.0,26,12,0.7594337605314554,0.24056623946854463,0.03187133583107664,1,0,1,1,1,1,1,1,0.9699999999999999,1.0,1.0,1.0,0.8,skip,attack_already_active,1785296252.612841,1785296252612841011,1384920829539300,61.7,53.36328125,-1.0,0,0
2026-07-28T23:37:32.613,10.42.0.1,10.42.0.1,69,3,UPLOAD,0.9588741746862912,UPLOAD,0.9588741746862912,1,5792,0.33489137508342437,39,319632.0,107042.0,26,13,0.7491246244205177,0.25087537557948225,0.02781216354755486,1,0,1,1,1,1,1,1,0.9699999999999999,1.0,1.0,1.0,0.8,skip,attack_already_active,1785296252.6139083,1785296252613908316,1384920830606836,61.7,53.36328125,-1.0,0,0
2026-07-28T23:37:32.618,10.42.0.1,10.42.0.1,69,3,UPLOAD,0.95,UPLOAD,0.95,1,1448,0.3394215848246126,40,319632.0,108490.0,26,14,0.7465909250167009,0.2534090749832992,0.024796786902533403,1,0,1,1,1,1,1,1,0.9699999999999999,1.0,1.0,1.0,0.8,skip,attack_already_active,1785296252.6188376,1785296252618837571,1384920835536068,61.7,53.36328125,-1.0,0,0
2026-07-28T23:37:32.639,10.42.0.1,10.42.0.1,69,3,UPLOAD,0.95,UPLOAD,0.95,1,1448,0.3439517945658008,41,319632.0,109938.0,26,15,0.7440743068650045,0.25592569313499547,0.024209680176832126,1,0,1,1,1,1,1,1,0.9699999999999999,1.0,1.0,1.0,0.8,skip,attack_already_active,1785296252.639179,1785296252639179098,1384920855878726,61.7,53.36328125,-1.0,0,0
2026-07-28T23:37:32.644,10.42.0.1,10.42.0.1,69,3,UPLOAD,0.95,UPLOAD,0.95,1,10136,0.37566326275411827,42,319632.0,120074.0,26,16,0.7269220797532897,0.2730779202467103,0.021712280736480988,1,0,1,1,1,1,1,1,0.9699999999999999,1.0,1.0,1.0,0.8,skip,attack_already_active,1785296252.6444366,1785296252644436368,1384920861135521,61.7,53.36328125,-1.0,0,0
2026-07-28T23:37:32.649,10.42.0.1,10.42.0.1,69,3,UPLOAD,0.95,UPLOAD,0.95,1,14480,0.4209653601660004,43,319632.0,134554.0,26,17,0.7037469230667612,0.2962530769332388,0.019461818066321846,1,0,1,1,1,1,1,1,0.9699999999999999,1.0,1.0,1.0,0.8,skip,attack_already_active,1785296252.6490707,1785296252649070966,1384920865770421,61.7,53.36328125,-1.0,0,0
2026-07-28T23:37:32.650,10.42.0.1,10.42.0.1,69,3,UPLOAD,0.95,UPLOAD,0.95,1,1448,0.4254955699071886,44,319632.0,136002.0,26,18,0.7015104228393843,0.29848957716061575,0.017047705648423027,1,0,1,1,1,1,1,1,0.9699999999999999,1.0,1.0,1.0,0.8,skip,attack_already_active,1785296252.6502125,1785296252650212574,1384920866910871,61.7,53.36328125,-1.0,0,0
2026-07-28T23:37:32.651,10.42.0.1,10.42.0.1,69,3,UPLOAD,0.95,UPLOAD,0.95,1,11584,0.4617372478366943,45,319632.0,147586.0,26,19,0.6841174783505772,0.31588252164942277,0.014946182135222925,1,0,1,1,1,1,1,1,0.9699999999999999,1.0,1.0,1.0,0.8,skip,attack_already_active,1785296252.6513124,1785296252651312414,1384920868011180,61.7,53.36328125,-1.0,0,0
2026-07-28T23:37:32.652,10.42.0.1,10.42.0.1,69,3,UPLOAD,0.95,UPLOAD,0.95,1,14480,0.5070393452485764,46,319632.0,162066.0,26,20,0.6635526823860594,0.3364473176139407,0.013102295432910712,1,0,1,1,1,1,1,1,0.9699999999999999,1.0,1.0,1.0,0.8,skip,attack_already_active,1785296252.6522658,1785296252652265659,1384920868964217,61.7,53.36328125,-1.0,0,0
2026-07-28T23:37:32.653,10.42.0.1,10.42.0.1,69,3,UPLOAD,0.95,UPLOAD,0.95,1,5792,0.5251601842133292,47,319632.0,167858.0,26,21,0.6556688342324971,0.34433116576750294,0.011516560564917896,1,0,1,1,1,1,1,1,0.9699999999999999,1.0,1.0,1.0,0.8,skip,attack_already_active,1785296252.6533344,1785296252653334234,1384920870032795,61.7,53.36328125,-1.0,0,0
2026-07-28T23:37:32.655,10.42.0.1,10.42.0.1,69,3,UPLOAD,0.95,UPLOAD,0.95,1,14480,0.5704622816252113,48,319632.0,182338.0,26,22,0.6367551845727832,0.36324481542721676,0.010225177781809291,1,0,1,1,1,1,1,1,0.9699999999999999,1.0,1.0,1.0,0.8,skip,attack_already_active,1785296252.655051,1785296252655051128,1384920871751951,61.7,53.36328125,-1.0,0,0
2026-07-28T23:37:32.658,10.42.0.1,10.42.0.1,69,3,UPLOAD,0.95,UPLOAD,0.95,1,18714,0.6290108624930263,49,319632.0,201052.0,26,23,0.6138694486483165,0.38613055135168356,0.009272395397858516,1,0,1,1,1,1,1,1,0.9699999999999999,1.0,1.0,1.0,0.8,skip,attack_already_active,1785296252.6580458,1785296252658045640,1384920874744509,61.7,53.36328125,-1.0,0,0
2026-07-28T23:37:32.660,10.42.0.1,10.42.0.1,69,3,UPLOAD,0.95,UPLOAD,0.95,1,18824,0.687903589128473,50,319632.0,219876.0,26,24,0.5924508997086234,0.4075491002913766,0.008341173542293263,1,0,1,1,1,1,1,1,0.9699999999999999,1.0,1.0,1.0,0.8,skip,attack_already_active,1785296252.6602514,1785296252660251449,1384920876950353,61.7,53.36328125,-1.0,0,0
2026-07-28T23:37:32.662,10.42.0.1,10.42.0.1,69,3,UPLOAD,0.95,UPLOAD,0.95,1,17376,0.7422661060227316,51,319632.0,237252.0,26,25,0.5739651345702157,0.4260348654297843,0.0075175511434139985,1,0,1,1,1,1,1,1,0.9699999999999999,1.0,1.0,1.0,0.8,skip,attack_already_active,1785296252.6623423,1785296252662342378,1384920879041049,61.7,53.36328125,-1.0,0,0
2026-07-28T23:37:32.663,10.42.0.1,10.42.0.1,69,3,UPLOAD,0.95,UPLOAD,0.95,1,1367,0.7465428993350274,52,319632.0,238619.0,26,26,0.572559655065553,0.42744034493444705,0.006726996357800906,1,0,1,1,1,1,1,1,0.9699999999999999,1.0,1.0,1.0,0.8,skip,attack_already_active,1785296252.6638606,1785296252663860396,1384920880558916,61.7,53.36328125,-1.0,0,0
2026-07-28T23:37:32.679,10.42.0.18,10.42.0.1,52,3,UPLOAD,0.95,UPLOAD,0.95,1,32120,0.49733680169241085,8,64584.0,32120.0,7,1,0.6678524156187955,0.3321475843812045,0.2626776024672377,0,0,0,1,1,1,1,1,0.9699999999999999,1.0,1.0,1.0,0.8,trigger,training_upload_trigger_confirmed,1785296252.67915,1785296252679150004,1384920895849029,61.7,53.36328125,70.405894,1785296252749557620,1384920966254923
2026-07-28T23:37:32.681,10.42.0.18,10.42.0.1,52,3,UPLOAD,0.9841010226033655,UPLOAD,0.9841010226033655,1,47435,1.2318066394117457,9,64584.0,79555.0,7,2,0.448067490408564,0.551932509591436,0.22842338244401245,0,0,1,1,1,1,1,1,0.9699999999999999,1.0,1.0,1.0,0.8,skip,attack_already_active,1785296252.681882,1785296252681881775,1384920898580362,61.7,53.36328125,-1.0,0,0
2026-07-28T23:37:32.686,10.42.0.1,10.42.0.1,69,3,UPLOAD,0.95,UPLOAD,0.95,1,7240,0.7691939480409684,53,319632.0,245859.0,26,27,0.5652291548406606,0.4347708451593394,0.006556020294924748,1,0,1,1,1,1,1,1,0.9699999999999999,1.0,1.0,1.0,0.8,skip,attack_already_active,1785296252.6861181,1785296252686118263,1384920902816925,61.7,53.36328125,-1.0,0,0
2026-07-28T23:37:32.687,10.42.0.1,10.42.0.1,69,3,UPLOAD,0.95,UPLOAD,0.95,1,5792,0.7873147870057212,54,319632.0,251651.0,26,28,0.5594985322510909,0.440501467748909,0.005834519647339483,1,0,1,1,1,1,1,1,0.9699999999999999,1.0,1.0,1.0,0.8,skip,attack_already_active,1785296252.6871989,1785296252687198961,1384920903897647,61.7,53.36328125,-1.0,0,0
2026-07-28T23:37:32.689,10.42.0.1,10.42.0.1,69,3,UPLOAD,0.95,UPLOAD,0.95,1,11584,0.8235564649352269,55,319632.0,263235.0,26,29,0.5483789612381555,0.45162103876184445,0.005390347175140416,1,0,1,1,1,1,1,1,0.9699999999999999,1.0,1.0,1.0,0.8,skip,attack_already_active,1785296252.6896627,1785296252689662643,1384920906361237,61.7,53.36328125,-1.0,0,0
2026-07-28T23:37:32.690,10.42.0.1,10.42.0.1,69,3,UPLOAD,0.95,UPLOAD,0.95,1,5792,0.8416773038999797,56,319632.0,269027.0,26,30,0.5429832891368347,0.45701671086316525,0.004822515318657911,1,0,1,1,1,1,1,1,0.9699999999999999,1.0,1.0,1.0,0.8,skip,attack_already_active,1785296252.690744,1785296252690743856,1384920907442289,79.2,53.36328125,-1.0,0,0
2026-07-28T23:37:32.692,10.42.0.1,10.42.0.1,69,3,UPLOAD,0.95,UPLOAD,0.95,1,11584,0.8779189818294855,57,319632.0,280611.0,26,31,0.5325043357440237,0.46749566425597633,0.00439592575954801,1,0,1,1,1,1,1,1,0.9699999999999999,1.0,1.0,1.0,0.8,skip,attack_already_active,1785296252.6923292,1785296252692329162,1384920909027545,79.2,53.36328125,-1.0,0,0
2026-07-28T23:37:32.693,10.42.0.1,10.42.0.1,69,3,UPLOAD,0.95,UPLOAD,0.95,1,14480,0.9232210792413675,58,319632.0,295091.0,26,32,0.519961023094955,0.48003897690504505,0.004023162084377768,1,0,1,1,1,1,1,1,0.9699999999999999,1.0,1.0,1.0,0.8,skip,attack_already_active,1785296252.6938963,1785296252693896298,1384920910594738,79.2,53.36328125,-1.0,0,0
2026-07-28T23:37:32.695,10.42.0.1,10.42.0.1,69,3,UPLOAD,0.95,UPLOAD,0.95,1,8688,0.9504023376884968,59,319632.0,303779.0,26,33,0.5127147259191769,0.48728527408082306,0.003698639455001305,1,0,1,1,1,1,1,1,0.9699999999999999,1.0,1.0,1.0,0.8,skip,attack_already_active,1785296252.6954567,1785296252695456817,1384920912155312,79.2,53.36328125,-1.0,0,0
2026-07-28T23:37:32.697,10.42.0.1,10.42.0.1,69,3,UPLOAD,0.95,UPLOAD,0.95,1,11584,0.9866440156180024,60,319632.0,315363.0,26,34,0.503361443790896,0.496638556209104,0.003414932738860641,1,0,1,1,1,1,1,1,0.9699999999999999,1.0,1.0,1.0,0.8,skip,attack_already_active,1785296252.6970024,1785296252697002512,1384920913700920,79.2,53.36328125,-1.0,0,0
2026-07-28T23:37:32.698,10.42.0.1,10.42.0.1,69,3,UPLOAD,0.95,UPLOAD,0.95,1,2815,0.9954510186714864,61,319632.0,318178.0,26,35,0.5011398378827551,0.49886016211724493,0.00310634187597947,1,0,1,1,1,1,1,1,0.9699999999999999,1.0,1.0,1.0,0.8,skip,attack_already_active,1785296252.6980755,1785296252698075694,1384920914773935,79.2,53.36328125,-1.0,0,0
2026-07-28T23:37:32.705,10.42.0.59,10.42.0.1,27,3,UPLOAD,0.9854688349332961,UPLOAD,0.9854688349332961,0,39,1.2318066394117457,6,64584.0,79555.0,4,2,0.448067490408564,0.551932509591436,0.23329265638404661,0,0,1,1,1,1,1,1,0.8374999999999999,0.8500000000000001,1.0,0.6000000000000001,0.8,skip,attack_already_active,1785296252.7050335,1785296252705033588,1384920921732435,79.2,53.36328125,-1.0,0,0
2026-07-28T23:37:33.935,10.42.0.210,10.42.0.1,68,3,UPLOAD,0.95,UPLOAD,0.95,1,1448,100.0,1,0.0,1448.0,0,1,0.0,1.0,0.2384451793226931,0,0,0,1,1,1,1,1,0.9525,0.95,1.0,1.0,0.8,trigger,training_upload_trigger_confirmed,1785296253.9357507,1785296253935750599,1384922152449590,9.3,53.36328125,8.563685,1785296253944315738,1384922161013275
2026-07-28T23:37:33.938,10.42.0.210,10.42.0.1,68,3,UPLOAD,0.9841010226033655,UPLOAD,0.9841010226033655,1,1448,100.0,2,0.0,2896.0,0,2,0.0,1.0,0.20732341257734188,0,0,1,1,1,1,1,1,0.9699999999999999,1.0,1.0,1.0,0.8,skip,attack_already_active,1785296253.9380214,1785296253938021251,1384922154720835,9.3,53.36328125,-1.0,0,0
2026-07-28T23:37:33.939,10.42.0.210,10.42.0.1,68,3,UPLOAD,0.9854688349332961,UPLOAD,0.9854688349332961,1,1448,100.0,3,0.0,4344.0,0,3,0.0,1.0,0.18020257259869854,0,0,1,1,1,1,1,1,0.9699999999999999,1.0,1.0,1.0,0.8,skip,attack_already_active,1785296253.9395323,1785296253939532235,1384922156231018,9.3,53.36328125,-1.0,0,0
2026-07-28T23:37:33.940,10.42.0.210,10.42.0.1,68,3,UPLOAD,0.9855076450773014,UPLOAD,0.9855076450773014,1,1448,100.0,4,0.0,5792.0,0,4,0.0,1.0,0.15661217935921018,0,0,1,1,1,1,1,1,0.9699999999999999,1.0,1.0,1.0,0.8,skip,attack_already_active,1785296253.940714,1785296253940713892,1384922157413259,9.3,53.36328125,-1.0,0,0
2026-07-28T23:37:33.942,10.42.0.210,10.42.0.1,68,3,UPLOAD,0.9855086980780915,UPLOAD,0.9855086980780915,1,1448,100.0,5,0.0,7240.0,0,5,0.0,1.0,0.13616643350875235,0,0,1,1,1,1,1,1,0.9699999999999999,1.0,1.0,1.0,0.8,skip,attack_already_active,1785296253.942169,1785296253942168896,1384922158867612,9.3,53.36328125,-1.0,0,0
2026-07-28T23:37:33.943,10.42.0.210,10.42.0.1,68,3,UPLOAD,0.9855087254685951,UPLOAD,0.9855087254685951,1,1448,100.0,6,0.0,8688.0,0,6,0.0,1.0,0.11839006372875077,0,0,1,1,1,1,1,1,0.9699999999999999,1.0,1.0,1.0,0.8,skip,attack_already_active,1785296253.9434354,1785296253943435517,1384922160134829,9.3,53.36328125,-1.0,0,0
2026-07-28T23:37:33.944,10.42.0.210,10.42.0.1,68,3,UPLOAD,0.9855087261493067,UPLOAD,0.9855087261493067,1,1448,100.0,7,0.0,10136.0,0,7,0.0,1.0,0.10299119612547585,0,0,1,1,1,1,1,1,0.9699999999999999,1.0,1.0,1.0,0.8,skip,attack_already_active,1785296253.9449677,1785296253944967718,1384922161666252,9.3,53.36328125,-1.0,0,0
2026-07-28T23:37:33.945,10.42.0.210,10.42.0.1,68,3,UPLOAD,0.9855087261653082,UPLOAD,0.9855087261653082,1,1448,100.0,8,0.0,11584.0,0,8,0.0,1.0,0.08955081678692978,0,0,1,1,1,1,1,1,0.9699999999999999,1.0,1.0,1.0,0.8,skip,attack_already_active,1785296253.9459636,1785296253945963507,1384922162661917,9.3,53.36328125,-1.0,0,0
2026-07-28T23:37:33.947,10.42.0.210,10.42.0.1,68,3,UPLOAD,0.985508726165656,UPLOAD,0.985508726165656,1,1448,100.0,9,0.0,13032.0,0,9,0.0,1.0,0.07793312380082809,0,0,1,1,1,1,1,1,0.9699999999999999,1.0,1.0,1.0,0.8,skip,attack_already_active,1785296253.947351,1785296253947350983,1384922164049450,9.3,53.36328125,-1.0,0,0
2026-07-28T23:37:33.948,10.42.0.210,10.42.0.1,68,3,UPLOAD,0.9855087261656625,UPLOAD,0.9855087261656625,1,1448,100.0,10,0.0,14480.0,0,10,0.0,1.0,0.06779529272889057,0,0,1,1,1,1,1,1,0.9699999999999999,1.0,1.0,1.0,0.8,skip,attack_already_active,1785296253.948351,1785296253948351091,1384922165049675,9.3,53.36328125,-1.0,0,0
2026-07-28T23:37:33.949,10.42.0.210,10.42.0.1,68,3,UPLOAD,0.95,UPLOAD,0.95,1,1448,100.0,11,0.0,15928.0,0,11,0.0,1.0,0.05904907215601069,0,0,1,1,1,1,1,1,0.9699999999999999,1.0,1.0,1.0,0.8,skip,attack_already_active,1785296253.9497736,1785296253949773641,1384922166472045,9.3,53.36328125,-1.0,0,0
2026-07-28T23:37:33.950,10.42.0.210,10.42.0.1,68,3,UPLOAD,0.95,UPLOAD,0.95,1,1448,100.0,12,0.0,17376.0,0,12,0.0,1.0,0.05139458732610532,0,0,1,1,1,1,1,1,0.9699999999999999,1.0,1.0,1.0,0.8,skip,attack_already_active,1785296253.9507349,1785296253950734747,1384922167432996,9.3,53.36328125,-1.0,0,0
2026-07-28T23:37:33.952,10.42.0.210,10.42.0.1,68,3,UPLOAD,0.95,UPLOAD,0.95,1,1448,100.0,13,0.0,18824.0,0,13,0.0,1.0,0.04480657633466607,0,0,1,1,1,1,1,1,0.9699999999999999,1.0,1.0,1.0,0.8,skip,attack_already_active,1785296253.9521348,1785296253952134812,1384922168833512,9.3,53.36328125,-1.0,0,0
2026-07-28T23:37:33.953,10.42.0.210,10.42.0.1,68,3,UPLOAD,0.95,UPLOAD,0.95,1,1448,100.0,14,0.0,20272.0,0,14,0.0,1.0,0.039031402224356505,0,0,1,1,1,1,1,1,0.9699999999999999,1.0,1.0,1.0,0.8,skip,attack_already_active,1785296253.9531152,1785296253953115164,1384922169813408,9.3,53.36328125,-1.0,0,0
2026-07-28T23:37:33.954,10.42.0.210,10.42.0.1,68,3,UPLOAD,0.95,UPLOAD,0.95,1,1448,100.0,15,0.0,21720.0,0,15,0.0,1.0,0.03407804144150449,0,0,1,1,1,1,1,1,0.9699999999999999,1.0,1.0,1.0,0.8,skip,attack_already_active,1785296253.954557,1785296253954557001,1384922171255753,9.3,53.36328125,-1.0,0,0
2026-07-28T23:37:33.955,10.42.0.210,10.42.0.1,68,3,UPLOAD,0.95,UPLOAD,0.95,1,1448,100.0,16,0.0,23168.0,0,16,0.0,1.0,0.029713692491820543,0,0,1,1,1,1,1,1,0.9699999999999999,1.0,1.0,1.0,0.8,skip,attack_already_active,1785296253.9555151,1785296253955515081,1384922172213901,9.3,53.36328125,-1.0,0,0
2026-07-28T23:37:33.956,10.42.0.210,10.42.0.1,68,3,UPLOAD,0.95,UPLOAD,0.95,1,1448,100.0,17,0.0,24616.0,0,17,0.0,1.0,0.025982355725192415,0,0,1,1,1,1,1,1,0.9699999999999999,1.0,1.0,1.0,0.8,skip,attack_already_active,1785296253.9569128,1785296253956912716,1384922173611101,9.3,53.36328125,-1.0,0,0
2026-07-28T23:37:33.957,10.42.0.210,10.42.0.1,68,3,UPLOAD,0.95,UPLOAD,0.95,1,1448,100.0,18,0.0,26064.0,0,18,0.0,1.0,0.022689335577598543,0,0,1,1,1,1,1,1,0.9699999999999999,1.0,1.0,1.0,0.8,skip,attack_already_active,1785296253.9579053,1785296253957905374,1384922174604127,9.3,53.36328125,-1.0,0,0
2026-07-28T23:37:33.960,10.42.0.210,10.42.0.1,68,3,UPLOAD,0.95,UPLOAD,0.95,1,1448,100.0,19,0.0,27512.0,0,19,0.0,1.0,0.01999013497457494,0,0,1,1,1,1,1,1,0.9699999999999999,1.0,1.0,1.0,0.8,skip,attack_already_active,1785296253.9601111,1785296253960111212,1384922176810538,9.3,53.36328125,-1.0,0,0
2026-07-28T23:37:33.961,10.42.0.210,10.42.0.1,68,3,UPLOAD,0.95,UPLOAD,0.95,1,1448,100.0,20,0.0,28960.0,0,20,0.0,1.0,0.01753122368721163,0,0,1,1,1,1,1,1,0.9699999999999999,1.0,1.0,1.0,0.8,skip,attack_already_active,1785296253.9614413,1785296253961441230,1384922178140030,9.3,53.36328125,-1.0,0,0
2026-07-28T23:37:33.963,10.42.0.210,10.42.0.1,68,3,UPLOAD,0.95,UPLOAD,0.95,1,1448,100.0,21,0.0,30408.0,0,21,0.0,1.0,0.015432401397424907,0,0,1,1,1,1,1,1,0.9699999999999999,1.0,1.0,1.0,0.8,skip,attack_already_active,1785296253.9630451,1785296253963045159,1384922179743929,9.3,53.36328125,-1.0,0,0
2026-07-28T23:37:33.964,10.42.0.210,10.42.0.1,68,3,UPLOAD,0.9816520117372727,UPLOAD,0.9816520117372727,1,2896,100.0,22,0.0,33304.0,0,22,0.0,1.0,0.013543890831238452,0,0,1,1,1,1,1,1,0.9699999999999999,1.0,1.0,1.0,0.8,skip,attack_already_active,1785296253.9641461,1785296253964146247,1384922180845675,9.3,53.36328125,-1.0,0,0
2026-07-28T23:37:33.965,10.42.0.210,10.42.0.1,68,3,UPLOAD,0.9853837706294191,UPLOAD,0.9853837706294191,1,1448,100.0,23,0.0,34752.0,0,23,0.0,1.0,0.011951489634052683,0,0,1,1,1,1,1,1,0.9699999999999999,1.0,1.0,1.0,0.8,skip,attack_already_active,1785296253.9656057,1785296253965605513,1384922182304016,9.3,53.36328125,-1.0,0,0
2026-07-28T23:37:33.966,10.42.0.210,10.42.0.1,68,3,UPLOAD,0.9855048668443364,UPLOAD,0.9855048668443364,1,1448,100.0,24,0.0,36200.0,0,24,0.0,1.0,0.01050668822765297,0,0,1,1,1,1,1,1,0.9699999999999999,1.0,1.0,1.0,0.8,skip,attack_already_active,1785296253.966593,1785296253966593107,1384922183291738,9.3,53.36328125,-1.0,0,0
2026-07-28T23:37:33.967,10.42.0.210,10.42.0.1,68,3,UPLOAD,0.9855086108845609,UPLOAD,0.9855086108845609,1,1448,100.0,25,0.0,37648.0,0,25,0.0,1.0,0.009307318186866191,0,0,1,1,1,1,1,1,0.9699999999999999,1.0,1.0,1.0,0.8,skip,attack_already_active,1785296253.967998,1785296253967998072,1384922184696469,9.3,53.36328125,-1.0,0,0
2026-07-28T23:37:33.968,10.42.0.210,10.42.0.1,68,3,UPLOAD,0.9855087228131845,UPLOAD,0.9855087228131845,1,1448,100.0,26,0.0,39096.0,0,26,0.0,1.0,0.008204918911833604,0,0,1,1,1,1,1,1,0.9699999999999999,1.0,1.0,1.0,0.8,skip,attack_already_active,1785296253.9689395,1785296253968939643,1384922185638037,9.3,53.36328125,-1.0,0,0
2026-07-28T23:37:33.970,10.42.0.210,10.42.0.1,68,3,UPLOAD,0.9855087260703745,UPLOAD,0.9855087260703745,1,1448,100.0,27,0.0,40544.0,0,27,0.0,1.0,0.007315115378750899,0,0,1,1,1,1,1,1,0.9699999999999999,1.0,1.0,1.0,0.8,skip,attack_already_active,1785296253.970392,1785296253970391987,1384922187092078,9.3,53.36328125,-1.0,0,0
2026-07-28T23:37:33.971,10.42.0.210,10.42.0.1,68,3,UPLOAD,0.9855087261630094,UPLOAD,0.9855087261630094,1,1448,100.0,28,0.0,41992.0,0,28,0.0,1.0,0.006506309459787311,0,0,1,1,1,1,1,1,0.9699999999999999,1.0,1.0,1.0,0.8,skip,attack_already_active,1785296253.9715693,1785296253971569342,1384922188268342,9.3,53.36328125,-1.0,0,0
2026-07-28T23:37:33.973,10.42.0.210,10.42.0.1,68,3,UPLOAD,0.9855087261655903,UPLOAD,0.9855087261655903,1,1448,100.0,29,0.0,43440.0,0,29,0.0,1.0,0.0058400251101094645,0,0,1,1,1,1,1,1,0.9699999999999999,1.0,1.0,1.0,0.8,skip,attack_already_active,1785296253.9730194,1785296253973019481,1384922189717831,9.3,53.36328125,-1.0,0,0
2026-07-28T23:37:33.973,10.42.0.210,10.42.0.1,68,3,UPLOAD,0.9855087261656608,UPLOAD,0.9855087261656608,1,1448,100.0,30,0.0,44888.0,0,30,0.0,1.0,0.005196003160033021,0,0,1,1,1,1,1,1,0.9699999999999999,1.0,1.0,1.0,0.8,skip,attack_already_active,1785296253.973972,1785296253973971852,1384922190670215,9.3,53.36328125,-1.0,0,0
2026-07-28T23:37:33.975,10.42.0.210,10.42.0.1,68,3,UPLOAD,0.9855087261656628,UPLOAD,0.9855087261656628,1,1448,100.0,31,0.0,46336.0,0,31,0.0,1.0,0.004691356190909134,0,0,1,1,1,1,1,1,0.9699999999999999,1.0,1.0,1.0,0.8,skip,attack_already_active,1785296253.9753385,1785296253975338444,1384922192037262,9.3,53.36328125,-1.0,0,0
2026-07-28T23:37:33.976,10.42.0.210,10.42.0.1,68,3,UPLOAD,0.9855087261656628,UPLOAD,0.9855087261656628,1,1448,100.0,32,0.0,47784.0,0,32,0.0,1.0,0.004199924759255913,0,0,1,1,1,1,1,1,0.9699999999999999,1.0,1.0,1.0,0.8,skip,attack_already_active,1785296253.9763005,1785296253976300632,1384922192998777,9.3,53.36328125,-1.0,0,0
2026-07-28T23:37:33.977,10.42.0.210,10.42.0.1,68,3,UPLOAD,0.9855087261656628,UPLOAD,0.9855087261656628,1,1448,100.0,33,0.0,49232.0,0,33,0.0,1.0,0.003774193967902621,0,0,1,1,1,1,1,1,0.9699999999999999,1.0,1.0,1.0,0.8,skip,attack_already_active,1785296253.9772696,1785296253977269646,1384922193967867,9.3,53.36328125,-1.0,0,0
2026-07-28T23:37:33.978,10.42.0.210,10.42.0.1,68,3,UPLOAD,0.95,UPLOAD,0.95,1,1448,100.0,34,0.0,50680.0,0,34,0.0,1.0,0.0034017988870447264,0,0,1,1,1,1,1,1,0.9699999999999999,1.0,1.0,1.0,0.8,skip,attack_already_active,1785296253.9782178,1785296253978217796,1384922194916244,9.3,53.36328125,-1.0,0,0
2026-07-28T23:37:33.979,10.42.0.210,10.42.0.1,68,3,UPLOAD,0.95,UPLOAD,0.95,1,1448,100.0,35,0.0,52128.0,0,35,0.0,1.0,0.0030786330575540395,0,0,1,1,1,1,1,1,0.9699999999999999,1.0,1.0,1.0,0.8,skip,attack_already_active,1785296253.9791672,1785296253979167164,1384922195865665,9.3,53.36328125,-1.0,0,0
2026-07-28T23:37:33.980,10.42.0.1,10.42.0.1,69,3,UPLOAD,0.95,UPLOAD,0.95,1,7240,100.0,1,0.0,7240.0,0,1,0.0,1.0,0.008454353082913209,1,0,1,1,1,1,1,1,0.9699999999999999,1.0,1.0,1.0,0.8,skip,attack_already_active,1785296253.9805393,1785296253980539456,1384922197237674,9.3,53.36328125,-1.0,0,0
2026-07-28T23:37:33.981,10.42.0.1,10.42.0.1,69,3,UPLOAD,0.95,UPLOAD,0.95,1,5792,100.0,2,0.0,13032.0,0,2,0.0,1.0,0.007463190384528789,1,0,1,1,1,1,1,1,0.9699999999999999,1.0,1.0,1.0,0.8,skip,attack_already_active,1785296253.981472,1785296253981471961,1384922198170241,9.3,53.36328125,-1.0,0,0
2026-07-28T23:37:33.982,10.42.0.1,10.42.0.1,69,3,UPLOAD,0.9631233941750496,UPLOAD,0.9631233941750496,1,14480,100.0,3,0.0,27512.0,0,3,0.0,1.0,0.006662016664449312,1,0,1,1,1,1,1,1,0.9699999999999999,1.0,1.0,1.0,0.8,skip,attack_already_active,1785296253.9828553,1785296253982855342,1384922199553798,9.3,53.36328125,-1.0,0,0
2026-07-28T23:37:33.983,10.42.0.1,10.42.0.1,69,3,UPLOAD,0.9658490213329763,UPLOAD,0.9658490213329763,1,14480,100.0,4,0.0,41992.0,0,4,0.0,1.0,0.005908451932169062,1,0,1,1,1,1,1,1,0.9699999999999999,1.0,1.0,1.0,0.8,skip,attack_already_active,1785296253.9837987,1785296253983798766,1384922200496927,9.3,53.36328125,-1.0,0,0
2026-07-28T23:37:33.985,10.42.0.1,10.42.0.1,69,3,UPLOAD,0.9677730786324684,UPLOAD,0.9677730786324684,1,14480,100.0,5,0.0,56472.0,0,5,0.0,1.0,0.005311084851378163,1,0,1,1,1,1,1,1,0.9699999999999999,1.0,1.0,1.0,0.8,skip,attack_already_active,1785296253.985174,1785296253985174009,1384922201872202,9.3,53.36328125,-1.0,0,0
2026-07-28T23:37:33.986,10.42.0.1,10.42.0.1,69,3,UPLOAD,0.9694198420879634,UPLOAD,0.9694198420879634,1,14480,100.0,6,0.0,70952.0,0,6,0.0,1.0,0.004794132044336622,1,0,1,1,1,1,1,1,0.9699999999999999,1.0,1.0,1.0,0.8,skip,attack_already_active,1785296253.986562,1785296253986562153,1384922203260424,9.3,53.36328125,-1.0,0,0
2026-07-28T23:37:33.988,10.42.0.1,10.42.0.1,69,3,UPLOAD,0.973074058115294,UPLOAD,0.973074058115294,1,8591,100.0,7,0.0,79543.0,0,7,0.0,1.0,0.004479484482788381,1,0,1,1,1,1,1,1,0.9699999999999999,1.0,1.0,1.0,0.8,skip,attack_already_active,1785296253.9889684,1785296253988968482,1384922205667228,9.3,53.36328125,-1.0,0,0
2026-07-28T23:37:34.785,10.42.0.1,10.42.0.1,69,3,UPLOAD,0.9738843099140853,UPLOAD,0.9738843099140853,0,43,100.0,7,0.0,79543.0,0,7,0.0,1.0,0.28090716032837276,1,0,1,0,0,0,0,0,0.45499999999999996,0.1,1.0,0.0,0.8,skip,attack_already_active,1785296254.7852144,1785296254785214341,1384923001912871,43.8,53.36328125,-1.0,0,0
2026-07-28T23:37:35.687,10.42.0.47,10.42.0.1,69,2,TRAINING,0.9,TRAINING,0.9,0,43,1.0,0,0.0,0.0,0,0,0.0,0.0,0.60258482082597,0,0,0,0,0,0,0,0,0.039999999999999994,0.05,0.0,0.0,0.15,skip,training_upload_trigger_not_confirmed,1785296255.6879327,1785296255687932748,1384923904631244,12.4,53.36328125,-1.0,0,0
2026-07-28T23:37:36.122,10.42.0.145,10.42.0.1,32,3,UPLOAD,0.9854688349332961,UPLOAD,0.9854688349332961,0,39,1.0,0,0.0,0.0,0,0,0.0,0.0,0.2395307482361982,0,0,1,0,0,0,0,0,0.4375,0.05,1.0,0.0,0.8,skip,attack_already_active,1785296256.1224017,1785296256122401888,1384924339100668,12.4,53.36328125,-1.0,0,0
2026-07-28T23:37:36.171,10.42.0.18,10.42.0.1,52,3,UPLOAD,0.9854688349332961,UPLOAD,0.9854688349332961,0,39,1.0,0,0.0,0.0,0,0,0.0,0.0,0.20423487149586336,0,0,1,0,0,0,0,0,0.4375,0.05,1.0,0.0,0.8,skip,attack_already_active,1785296256.1714323,1785296256171432077,1384924388130449,12.4,53.36328125,-1.0,0,0
2026-07-28T23:37:39.936,10.42.0.47,10.42.0.1|10.42.0.47,69,3,UPLOAD,0.95,UPLOAD,0.95,1,7240,100.0,1,0.0,7240.0,0,1,0.0,1.0,1.0830923010872204,1,0,0,1,1,1,1,1,0.9699999999999999,1.0,1.0,1.0,0.8,trigger,training_upload_trigger_confirmed,1785296259.936956,1785296259936955809,1384928153654767,8.9,53.36328125,9.396007,1785296259946353415,1384928163050774
2026-07-28T23:37:39.938,10.42.0.47,10.42.0.1|10.42.0.47,69,3,UPLOAD,0.95,UPLOAD,0.95,1,7240,100.0,2,0.0,14480.0,0,2,0.0,1.0,0.9405685178213932,1,0,1,1,1,1,1,1,0.9699999999999999,1.0,1.0,1.0,0.8,skip,attack_already_active,1785296259.9384747,1785296259938474644,1384928155173785,8.9,53.36328125,-1.0,0,0
2026-07-28T23:37:39.939,10.42.0.47,10.42.0.1|10.42.0.47,69,3,UPLOAD,0.95,UPLOAD,0.95,1,7240,100.0,3,0.0,21720.0,0,3,0.0,1.0,0.8168197610635103,1,0,1,1,1,1,1,1,0.9699999999999999,1.0,1.0,1.0,0.8,skip,attack_already_active,1785296259.939948,1785296259939948108,1384928156647032,8.9,53.36328125,-1.0,0,0
2026-07-28T23:37:39.941,10.42.0.47,10.42.0.1|10.42.0.47,69,3,UPLOAD,0.95,UPLOAD,0.95,1,2896,100.0,4,0.0,24616.0,0,4,0.0,1.0,0.7093541479569417,1,0,1,1,1,1,1,1,0.9699999999999999,1.0,1.0,1.0,0.8,skip,attack_already_active,1785296259.941241,1785296259941241058,1384928157939715,8.9,53.36328125,-1.0,0,0
2026-07-28T23:37:39.942,10.42.0.47,10.42.0.1|10.42.0.47,69,3,UPLOAD,0.95,UPLOAD,0.95,1,4344,100.0,5,0.0,28960.0,0,5,0.0,1.0,0.6160065913106902,1,0,1,1,1,1,1,1,0.9699999999999999,1.0,1.0,1.0,0.8,skip,attack_already_active,1785296259.9422064,1785296259942206578,1384928158906452,8.9,53.36328125,-1.0,0,0
2026-07-28T23:37:39.944,10.42.0.47,10.42.0.1|10.42.0.47,69,3,UPLOAD,0.95,UPLOAD,0.95,1,7240,100.0,6,0.0,36200.0,0,6,0.0,1.0,0.5350734963851009,1,0,1,1,1,1,1,1,0.9699999999999999,1.0,1.0,1.0,0.8,skip,attack_already_active,1785296259.944034,1785296259944034160,1384928160732716,8.9,53.36328125,-1.0,0,0
2026-07-28T23:37:39.945,10.42.0.47,10.42.0.1|10.42.0.47,69,3,UPLOAD,0.95,UPLOAD,0.95,1,7240,100.0,7,0.0,43440.0,0,7,0.0,1.0,0.46475627436187233,1,0,1,1,1,1,1,1,0.9699999999999999,1.0,1.0,1.0,0.8,skip,attack_already_active,1785296259.9454896,1785296259945489784,1384928162188669,8.9,53.36328125,-1.0,0,0
2026-07-28T23:37:39.946,10.42.0.47,10.42.0.1|10.42.0.47,69,3,UPLOAD,0.95,UPLOAD,0.95,1,7240,100.0,8,0.0,50680.0,0,8,0.0,1.0,0.4037099366270225,1,0,1,1,1,1,1,1,0.9699999999999999,1.0,1.0,1.0,0.8,skip,attack_already_active,1785296259.9469821,1785296259946982163,1384928163680673,8.9,53.36328125,-1.0,0,0
2026-07-28T23:37:39.948,10.42.0.47,10.42.0.1|10.42.0.47,69,3,UPLOAD,0.95,UPLOAD,0.95,1,7240,100.0,9,0.0,57920.0,0,9,0.0,1.0,0.3507012871125082,1,0,1,1,1,1,1,1,0.9699999999999999,1.0,1.0,1.0,0.8,skip,attack_already_active,1785296259.948424,1785296259948424158,1384928165122781,8.9,53.36328125,-1.0,0,0
2026-07-28T23:37:39.950,10.42.0.47,10.42.0.1|10.42.0.47,69,3,UPLOAD,0.95,UPLOAD,0.95,1,5792,100.0,10,0.0,63712.0,0,10,0.0,1.0,0.3047353496377442,1,0,1,1,1,1,1,1,0.9699999999999999,1.0,1.0,1.0,0.8,skip,attack_already_active,1785296259.9503026,1785296259950302610,1384928167033186,8.9,53.36328125,-1.0,0,0
2026-07-28T23:37:39.951,10.42.0.47,10.42.0.1|10.42.0.47,69,3,UPLOAD,0.95,UPLOAD,0.95,1,1448,100.0,11,0.0,65160.0,0,11,0.0,1.0,0.26474913648135273,1,0,1,1,1,1,1,1,0.9699999999999999,1.0,1.0,1.0,0.8,skip,attack_already_active,1785296259.9515936,1785296259951593703,1384928168293074,8.9,53.36328125,-1.0,0,0
2026-07-28T23:37:39.953,10.42.0.47,10.42.0.1|10.42.0.47,69,3,UPLOAD,0.95,UPLOAD,0.95,1,7240,100.0,12,0.0,72400.0,0,12,0.0,1.0,0.23008241612801117,1,0,1,1,1,1,1,1,0.9699999999999999,1.0,1.0,1.0,0.8,skip,attack_already_active,1785296259.9532666,1785296259953266740,1384928169965530,8.9,53.36328125,-1.0,0,0
2026-07-28T23:37:39.954,10.42.0.47,10.42.0.1|10.42.0.47,69,3,UPLOAD,0.95,UPLOAD,0.95,1,7129,100.0,13,0.0,79529.0,0,13,0.0,1.0,0.19998325608420653,1,0,1,1,1,1,1,1,0.9699999999999999,1.0,1.0,1.0,0.8,skip,attack_already_active,1785296259.9549348,1785296259954934775,1384928171634054,8.9,53.36328125,-1.0,0,0
2026-07-28T23:37:39.956,10.42.0.1,10.42.0.1|10.42.0.47,69,3,UPLOAD,0.96406892036175,UPLOAD,0.96406892036175,1,7240,100.0,1,0.0,7240.0,0,1,0.0,1.0,0.6568938599566421,1,0,0,1,1,1,1,1,0.9699999999999999,1.0,1.0,1.0,0.8,skip,already_attacked_this_round,1785296259.9567447,1785296259956744594,1384928173443464,8.9,53.36328125,-1.0,0,0
2026-07-28T23:37:39.957,10.42.0.1,10.42.0.1|10.42.0.47,69,3,UPLOAD,0.95,UPLOAD,0.95,1,7240,100.0,2,0.0,14480.0,0,2,0.0,1.0,0.5704642252736494,1,0,0,1,1,1,1,1,0.9699999999999999,1.0,1.0,1.0,0.8,skip,already_attacked_this_round,1785296259.957748,1785296259957747869,1384928174446352,8.9,53.36328125,-1.0,0,0
2026-07-28T23:37:39.979,10.42.0.1,10.42.0.1|10.42.0.47,69,3,UPLOAD,0.95,UPLOAD,0.95,1,1448,100.0,3,0.0,15928.0,0,3,0.0,1.0,0.4981022443482267,1,0,0,1,1,1,1,1,0.9699999999999999,1.0,1.0,1.0,0.8,skip,already_attacked_this_round,1785296259.979077,1785296259979077233,1384928195776293,33.8,53.36328125,-1.0,0,0
2026-07-28T23:37:40.015,10.42.0.1,10.42.0.1|10.42.0.47,69,3,UPLOAD,0.9827171111982975,UPLOAD,0.9827171111982975,1,14480,100.0,4,0.0,30408.0,0,4,0.0,1.0,0.43727711285068294,1,0,0,1,1,1,1,1,0.9699999999999999,1.0,1.0,1.0,0.8,skip,already_attacked_this_round,1785296260.0155942,1785296260015594173,1384928232294628,33.8,53.36328125,-1.0,0,0
2026-07-28T23:37:40.017,10.42.0.1,10.42.0.1|10.42.0.47,69,3,UPLOAD,0.9936041687016264,UPLOAD,0.9936041687016264,1,14480,100.0,5,0.0,44888.0,0,5,0.0,1.0,0.37984453817096453,1,0,0,1,1,1,1,1,0.9699999999999999,1.0,1.0,1.0,0.8,skip,already_attacked_this_round,1785296260.0170314,1785296260017031477,1384928233730456,33.8,53.36328125,-1.0,0,0
2026-07-28T23:37:40.018,10.42.0.1,10.42.0.1|10.42.0.47,69,3,UPLOAD,0.9938629787726895,UPLOAD,0.9938629787726895,0,43,100.0,5,0.0,44888.0,0,5,0.0,1.0,0.7514139574901069,1,0,0,1,1,1,1,1,0.8374999999999999,0.8500000000000001,1.0,0.6000000000000001,0.8,skip,already_attacked_this_round,1785296260.0187364,1785296260018736258,1384928235435214,33.8,53.36328125,-1.0,0,0
2026-07-28T23:37:40.022,10.42.0.1,10.42.0.1|10.42.0.47,69,3,UPLOAD,0.9938688273054286,UPLOAD,0.9938688273054286,1,1448,100.0,6,0.0,46336.0,0,6,0.0,1.0,0.6530626759250042,1,0,0,1,1,1,1,1,0.9699999999999999,1.0,1.0,1.0,0.8,skip,already_attacked_this_round,1785296260.0220847,1785296260022084580,1384928238783442,33.8,53.36328125,-1.0,0,0
2026-07-28T23:37:40.024,10.42.0.1,10.42.0.1|10.42.0.47,69,3,UPLOAD,0.9938689566939326,UPLOAD,0.9938689566939326,1,14480,100.0,7,0.0,60816.0,0,7,0.0,1.0,0.567319894953576,1,0,0,1,1,1,1,1,0.9699999999999999,1.0,1.0,1.0,0.8,skip,already_attacked_this_round,1785296260.0244691,1785296260024469158,1384928241167927,33.8,53.36328125,-1.0,0,0
2026-07-28T23:37:40.025,10.42.0.1,10.42.0.1|10.42.0.47,69,3,UPLOAD,0.9938689595316491,UPLOAD,0.9938689595316491,1,14480,100.0,8,0.0,75296.0,0,8,0.0,1.0,0.49271631684289247,1,0,0,1,1,1,1,1,0.9699999999999999,1.0,1.0,1.0,0.8,skip,already_attacked_this_round,1785296260.025643,1785296260025643085,1384928242341588,33.8,53.36328125,-1.0,0,0
2026-07-28T23:37:40.027,10.42.0.1,10.42.0.1|10.42.0.47,69,3,UPLOAD,0.9938689595938373,UPLOAD,0.9938689595938373,1,4233,100.0,9,0.0,79529.0,0,9,0.0,1.0,0.4280532326182164,1,0,0,1,1,1,1,1,0.9699999999999999,1.0,1.0,1.0,0.8,skip,already_attacked_this_round,1785296260.0276492,1785296260027649255,1384928244347787,33.8,53.36328125,-1.0,0,0
2026-07-28T23:37:40.333,10.42.0.1,10.42.0.1,70,1,DOWNLOAD,0.9938689595952059,DOWNLOAD,0.9938689595952059,-1,1448,54.923342504196576,10,1448.0,79529.0,1,9,0.017881620707114364,0.9821183792928856,0.41316830889555367,0,0,0,0,1,0,0,0,0.44,0.8500000000000001,0.0,0.6000000000000001,0.15,skip,training_upload_trigger_not_confirmed,1785296260.333832,1785296260333832006,1384928550531455,33.8,53.36328125,-1.0,0,0
2026-07-28T23:37:40.336,10.42.0.1,10.42.0.1,70,1,DOWNLOAD,0.9703396651641985,DOWNLOAD,0.9703396651641985,-1,5792,10.984668506908193,11,7240.0,79529.0,2,9,0.08343993822678607,0.9165600617732139,0.35913795381075303,0,0,0,0,1,0,0,0,0.44,0.8500000000000001,0.0,0.6000000000000001,0.15,skip,training_upload_trigger_not_confirmed,1785296260.336979,1785296260336978996,1384928553678348,33.8,53.36328125,-1.0,0,0
2026-07-28T23:37:40.338,10.42.0.1,10.42.0.1,70,1,DOWNLOAD,0.9936322268971038,DOWNLOAD,0.9936322268971038,-1,7240,5.492334253833402,12,14480.0,79529.0,3,9,0.15402780584837622,0.8459721941516238,0.31196219368590294,0,0,0,0,1,0,0,0,0.44,0.8500000000000001,0.0,0.6000000000000001,0.15,skip,training_upload_trigger_not_confirmed,1785296260.338113,1785296260338113013,1384928554811653,33.8,53.36328125,-1.0,0,0
2026-07-28T23:37:40.340,10.42.0.1,10.42.0.1,70,1,DOWNLOAD,0.9938686289976952,DOWNLOAD,0.9938686289976952,-1,7240,3.6615561693065577,13,21720.0,79529.0,4,9,0.21452063724086165,0.7854793627591383,0.27112586806173267,0,0,0,0,1,0,0,0,0.4,0.8500000000000001,0.0,0.4,0.15,skip,training_upload_trigger_not_confirmed,1785296260.3401797,1785296260340179761,1384928556879001,33.8,53.36328125,-1.0,0,0
2026-07-28T23:37:40.341,10.42.0.1,10.42.0.1,70,1,DOWNLOAD,0.9938690331557405,DOWNLOAD,0.9938690331557405,-1,7240,2.7461671270115273,14,28960.0,79529.0,5,9,0.266939505387643,0.733060494612357,0.2355477909483833,0,0,0,0,1,0,0,0,0.4,0.8500000000000001,0.0,0.4,0.15,skip,training_upload_trigger_not_confirmed,1785296260.3413134,1785296260341313387,1384928558011997,33.8,53.36328125,-1.0,0,0
2026-07-28T23:37:40.342,10.42.0.1,10.42.0.1,70,1,DOWNLOAD,0.9938689625161989,DOWNLOAD,0.9938689625161989,-1,7240,2.1969337016243937,15,36200.0,79529.0,6,9,0.31279973040465225,0.6872002695953477,0.20465102136621158,0,0,0,0,1,0,0,0,0.4,0.8500000000000001,0.0,0.4,0.15,skip,training_upload_trigger_not_confirmed,1785296260.342394,1785296260342394069,1384928559092594,33.8,53.36328125,-1.0,0,0
2026-07-28T23:37:40.343,10.42.0.1,10.42.0.1,70,1,DOWNLOAD,0.9938689596799906,DOWNLOAD,0.9938689596799906,-1,7240,1.8307780846954238,16,43440.0,79529.0,7,9,0.35325976465613285,0.6467402353438672,0.17782540584312986,0,0,0,0,1,0,0,0,0.32,0.8500000000000001,0.0,0.0,0.15,skip,training_upload_trigger_not_confirmed,1785296260.343473,1785296260343472841,1384928560171562,33.8,53.36328125,-1.0,0,0
2026-07-28T23:37:40.345,10.42.0.1,10.42.0.1,70,1,DOWNLOAD,0.9938689595974184,DOWNLOAD,0.9938689595974184,-1,7240,1.569238358315524,17,50680.0,79529.0,8,9,0.3892204071915152,0.6107795928084848,0.1547136126957905,0,0,0,0,1,0,0,0,0.32,0.8500000000000001,0.0,0.0,0.15,skip,training_upload_trigger_not_confirmed,1785296260.3459094,1785296260345909260,1384928562607863,33.8,53.36328125,-1.0,0,0
2026-07-28T23:37:40.347,10.42.0.1,10.42.0.1,70,1,DOWNLOAD,0.9938689595952899,DOWNLOAD,0.9938689595952899,-1,7240,1.37308356352947,18,57920.0,79529.0,9,9,0.42139266200554387,0.5786073379944561,0.13447532168387274,0,0,0,0,1,0,0,0,0.32,0.8500000000000001,0.0,0.0,0.15,skip,training_upload_trigger_not_confirmed,1785296260.3470402,1785296260347040219,1384928563738943,33.8,53.36328125,-1.0,0,0
2026-07-28T23:37:40.348,10.42.0.1,10.42.0.1,70,1,DOWNLOAD,0.9938689595952381,DOWNLOAD,0.9938689595952381,-1,10136,1.1685817561982987,19,68056.0,79529.0,10,9,0.46113087373378053,0.5388691262662194,0.11690027629135209,0,0,0,0,1,0,0,0,0.30250000000000005,0.8000000000000002,0.0,0.0,0.15,skip,training_upload_trigger_not_confirmed,1785296260.3481433,1785296260348143286,1384928564842000,33.8,53.36328125,-1.0,0,0
2026-07-28T23:37:40.349,10.42.0.1,10.42.0.1,70,1,DOWNLOAD,0.993868959595237,DOWNLOAD,0.993868959595237,-1,4344,1.0984668508273692,20,72400.0,79529.0,11,9,0.47653838306050855,0.5234616169394914,0.10168276991500033,0,0,0,0,1,0,0,0,0.30250000000000005,0.8000000000000002,0.0,0.0,0.15,skip,training_upload_trigger_not_confirmed,1785296260.3495622,1785296260349562195,1384928566261783,33.8,53.36328125,-1.0,0,0
2026-07-28T23:37:40.350,10.42.0.1,10.42.0.1,70,1,DOWNLOAD,0.9938689595952368,DOWNLOAD,0.9938689595952368,-1,14480,0.9153890423582483,21,86880.0,79529.0,12,9,0.5220871467288428,0.47791285327115723,0.08844386891577685,0,0,0,0,1,0,0,0,0.30250000000000005,0.8000000000000002,0.0,0.0,0.15,skip,training_upload_trigger_not_confirmed,1785296260.3507786,1785296260350778649,1384928567477217,33.8,53.36328125,-1.0,0,0
2026-07-28T23:37:40.351,10.42.0.1,10.42.0.1,70,1,DOWNLOAD,0.9938689595952368,DOWNLOAD,0.9938689595952368,-1,14480,0.784619179165503,22,101360.0,79529.0,13,9,0.5603436361525577,0.43965636384744233,0.0769351278564799,0,0,0,0,1,0,0,0,0.28500000000000003,0.7500000000000001,0.0,0.0,0.15,skip,training_upload_trigger_not_confirmed,1785296260.3518858,1785296260351885818,1384928568584375,33.8,53.36328125,-1.0,0,0
2026-07-28T23:37:40.353,10.42.0.1,10.42.0.1,70,1,DOWNLOAD,0.9938689595952368,DOWNLOAD,0.9938689595952368,-1,14480,0.6865417817706617,23,115840.0,79529.0,14,9,0.5929292774186283,0.40707072258137167,0.06694523851284315,0,0,0,0,1,0,0,0,0.28500000000000003,0.7500000000000001,0.0,0.0,0.15,skip,training_upload_trigger_not_confirmed,1785296260.3530104,1785296260353010345,1384928569709010,33.8,53.36328125,-1.0,0,0
2026-07-28T23:37:40.354,10.42.0.1,10.42.0.1,70,1,DOWNLOAD,0.9931363238580889,DOWNLOAD,0.9931363238580889,-1,18824,0.5905735757174109,24,134664.0,79529.0,15,9,0.6287040192723385,0.3712959807276615,0.058286307824696335,0,0,0,0,1,0,0,0,0.28500000000000003,0.7500000000000001,0.0,0.0,0.15,skip,training_upload_trigger_not_confirmed,1785296260.3542454,1785296260354245268,1384928570944591,33.8,53.36328125,-1.0,0,0
2026-07-28T23:37:40.355,10.42.0.1,10.42.0.1,70,1,DOWNLOAD,0.9859715803174212,DOWNLOAD,0.9859715803174212,-1,18824,0.5181447409600871,25,153488.0,79529.0,16,9,0.6586987215525048,0.34130127844749525,0.050784803053649054,0,0,0,0,1,0,0,0,0.28500000000000003,0.7500000000000001,0.0,0.0,0.15,skip,training_upload_trigger_not_confirmed,1785296260.355605,1785296260355605112,1384928572304157,33.8,53.36328125,-1.0,0,0
2026-07-28T23:37:40.356,10.42.0.1,10.42.0.1,70,1,DOWNLOAD,0.9716932705705394,DOWNLOAD,0.9716932705705394,-1,10136,0.4860472791308973,26,163624.0,79529.0,17,9,0.6729261000275547,0.32707389997244535,0.044254431221583575,0,0,0,0,1,0,0,0,0.28500000000000003,0.7500000000000001,0.0,0.0,0.15,skip,training_upload_trigger_not_confirmed,1785296260.3568325,1785296260356832449,1384928573531308,33.8,53.36328125,-1.0,0,0
2026-07-28T23:37:40.357,10.42.0.210,10.42.0.1,69,1,DOWNLOAD,0.9834032218899134,DOWNLOAD,0.9834032218899134,-1,7240,1.381215469422484e-10,1,7240.0,0.0,1,0,1.0,0.0,0.48198511620034007,0,0,0,0,0,0,0,0,0.0225,0.0,0.0,0.0,0.15,skip,training_upload_trigger_not_confirmed,1785296260.3579922,1785296260357992066,1384928574690645,33.8,53.36328125,-1.0,0,0
2026-07-28T23:37:40.359,10.42.0.210,10.42.0.1,69,1,DOWNLOAD,0.95,DOWNLOAD,0.95,-1,7240,6.90607734758936e-11,2,14480.0,0.0,2,0,1.0,0.0,0.418620576742427,0,0,0,0,0,0,0,0,0.0225,0.0,0.0,0.0,0.15,skip,training_upload_trigger_not_confirmed,1785296260.3591213,1785296260359121318,1384928575819867,33.8,53.36328125,-1.0,0,0
2026-07-28T23:37:40.360,10.42.0.1,10.42.0.1,70,1,DOWNLOAD,0.9504291341042799,DOWNLOAD,0.9504291341042799,-1,16920,0.4404964994713726,27,180544.0,79529.0,18,9,0.6942050885712857,0.30579491142871423,0.03887718667490966,0,0,0,0,1,0,0,0,0.28500000000000003,0.7500000000000001,0.0,0.0,0.15,skip,training_upload_trigger_not_confirmed,1785296260.3602805,1785296260360280624,1384928576979123,33.8,53.36328125,-1.0,0,0
2026-07-28T23:37:40.361,10.42.0.145,10.42.0.1,33,1,DOWNLOAD,0.95,DOWNLOAD,0.95,-1,7300,1.3698630135109776e-10,1,7300.0,0.0,1,0,1.0,0.0,0.6747234170792911,0,0,0,0,0,0,0,0,0.0225,0.0,0.0,0.0,0.15,skip,training_upload_trigger_not_confirmed,1785296260.361966,1785296260361965748,1384928578664624,33.8,53.36328125,-1.0,0,0
2026-07-28T23:37:40.363,10.42.0.145,10.42.0.1,33,1,DOWNLOAD,0.95,DOWNLOAD,0.95,-1,7300,6.84931506802402e-11,2,14600.0,0.0,2,0,1.0,0.0,0.585965068933088,0,0,0,0,0,0,0,0,0.0225,0.0,0.0,0.0,0.15,skip,training_upload_trigger_not_confirmed,1785296260.3631268,1785296260363126817,1384928579825754,33.8,53.36328125,-1.0,0,0
2026-07-28T23:37:40.364,10.42.0.1,10.42.0.1,70,1,DOWNLOAD,0.95,DOWNLOAD,0.95,-1,21720,0.39319404343139064,28,202264.0,79529.0,19,9,0.7177751044206208,0.2822248955793792,0.0342501224175665,0,0,0,0,1,0,0,0,0.28500000000000003,0.7500000000000001,0.0,0.0,0.15,skip,training_upload_trigger_not_confirmed,1785296260.3640442,1785296260364044410,1384928580742809,33.8,53.36328125,-1.0,0,0
2026-07-28T23:37:40.365,10.42.0.1,10.42.0.1,70,1,DOWNLOAD,0.95,DOWNLOAD,0.95,-1,21720,0.35506554039862187,29,223984.0,79529.0,20,9,0.7379716849031178,0.2620283150968822,0.029879277591702787,0,0,0,0,1,0,0,0,0.28500000000000003,0.7500000000000001,0.0,0.0,0.15,skip,training_upload_trigger_not_confirmed,1785296260.3651252,1785296260365125003,1384928581825762,33.8,53.36328125,-1.0,0,0
2026-07-28T23:37:40.366,10.42.0.1,10.42.0.1,70,1,DOWNLOAD,0.95,DOWNLOAD,0.95,-1,21720,0.32367808420162597,30,245704.0,79529.0,21,9,0.7554706933183287,0.2445293066816713,0.0261361745306138,0,0,0,0,1,0,0,0,0.28500000000000003,0.7500000000000001,0.0,0.0,0.15,skip,training_upload_trigger_not_confirmed,1785296260.366599,1785296260366599212,1384928583298033,33.8,53.36328125,-1.0,0,0
2026-07-28T23:37:40.368,10.42.0.1,10.42.0.1,70,1,DOWNLOAD,0.95,DOWNLOAD,0.95,-1,14024,0.3062011026947183,31,259728.0,79529.0,22,9,0.7655788974140548,0.23442110258594517,0.02288172993470189,0,0,0,0,1,0,0,0,0.28500000000000003,0.7500000000000001,0.0,0.0,0.15,skip,training_upload_trigger_not_confirmed,1785296260.3680382,1785296260368038271,1384928584738273,33.8,53.36328125,-1.0,0,0
2026-07-28T23:37:40.369,10.42.0.18,10.42.0.1,53,1,DOWNLOAD,0.95,DOWNLOAD,0.95,-1,7300,1.3698630135109776e-10,1,7300.0,0.0,1,0,1.0,0.0,0.7305486247902548,0,0,0,0,0,0,0,0,0.0225,0.0,0.0,0.0,0.15,skip,training_upload_trigger_not_confirmed,1785296260.3697166,1785296260369716649,1384928586415667,33.8,53.36328125,-1.0,0,0
2026-07-28T23:37:40.371,10.42.0.18,10.42.0.1,53,1,DOWNLOAD,0.95,DOWNLOAD,0.95,-1,7300,6.84931506802402e-11,2,14600.0,0.0,2,0,1.0,0.0,0.634455554780331,0,0,0,0,0,0,0,0,0.0225,0.0,0.0,0.0,0.15,skip,training_upload_trigger_not_confirmed,1785296260.3710415,1785296260371041480,1384928587740292,33.8,53.36328125,-1.0,0,0
2026-07-28T23:37:40.372,10.42.0.59,10.42.0.1,28,1,DOWNLOAD,0.95,DOWNLOAD,0.95,-1,14600,6.84931506802402e-11,1,14600.0,0.0,1,0,1.0,0.0,0.7116731920689241,0,0,0,0,0,0,0,0,0.0225,0.0,0.0,0.0,0.15,skip,training_upload_trigger_not_confirmed,1785296260.3725364,1785296260372536421,1384928589235449,33.8,53.36328125,-1.0,0,0
2026-07-28T23:37:40.373,10.42.0.59,10.42.0.1,28,1,DOWNLOAD,0.95,DOWNLOAD,0.95,-1,14600,3.424657534129292e-11,2,29200.0,0.0,2,0,1.0,0.0,0.6179967956803296,0,0,0,0,0,0,0,0,0.0225,0.0,0.0,0.0,0.15,skip,training_upload_trigger_not_confirmed,1785296260.3733253,1785296260373325298,1384928590023789,33.8,53.36328125,-1.0,0,0
2026-07-28T23:37:40.374,10.42.0.59,10.42.0.1,28,1,DOWNLOAD,0.9461071298052819,DOWNLOAD,0.9461071298052819,0,43,3.424657534129292e-11,2,29200.0,0.0,2,0,1.0,0.0,1.0457165759694902,0,0,0,0,0,0,0,0,0.0225,0.0,0.0,0.0,0.15,skip,training_upload_trigger_not_confirmed,1785296260.37402,1785296260374020077,1384928590718262,33.8,53.36328125,-1.0,0,0
2026-07-28T23:37:40.375,10.42.0.145,10.42.0.1,33,1,DOWNLOAD,0.95,DOWNLOAD,0.95,-1,14600,3.424657534129292e-11,3,29200.0,0.0,3,0,1.0,0.0,0.5104290033859739,0,0,0,0,0,0,0,0,0.0225,0.0,0.0,0.0,0.15,skip,training_upload_trigger_not_confirmed,1785296260.3758695,1785296260375869400,1384928592567400,33.8,53.36328125,-1.0,0,0
2026-07-28T23:37:40.376,10.42.0.145,10.42.0.1,33,1,DOWNLOAD,0.9515403337915793,DOWNLOAD,0.9515403337915793,-1,14600,2.2831050227789245e-11,4,43800.0,0.0,4,0,1.0,0.0,0.4432579435405699,0,0,0,0,0,0,0,0,0.0225,0.0,0.0,0.0,0.15,skip,training_upload_trigger_not_confirmed,1785296260.376556,1785296260376556096,1384928593254190,33.8,53.36328125,-1.0,0,0
2026-07-28T23:37:40.379,10.42.0.18,10.42.0.1,53,1,DOWNLOAD,0.95,DOWNLOAD,0.95,-1,10220,4.029008863657171e-11,3,24820.0,0.0,3,0,1.0,0.0,0.5519484578096562,0,0,0,0,0,0,0,0,0.0225,0.0,0.0,0.0,0.15,skip,training_upload_trigger_not_confirmed,1785296260.3793736,1785296260379373510,1384928596072103,33.8,53.36328125,-1.0,0,0
2026-07-28T23:37:40.380,10.42.0.18,10.42.0.1,53,1,DOWNLOAD,0.95,DOWNLOAD,0.95,-1,4380,3.424657534129292e-11,4,29200.0,0.0,4,0,1.0,0.0,0.47931272874939634,0,0,0,0,0,0,0,0,0.0225,0.0,0.0,0.0,0.15,skip,training_upload_trigger_not_confirmed,1785296260.3801095,1785296260380109473,1384928596807704,33.8,53.36328125,-1.0,0,0
2026-07-28T23:37:40.380,10.42.0.18,10.42.0.1,53,1,DOWNLOAD,0.95,DOWNLOAD,0.95,-1,14600,2.2831050227789245e-11,5,43800.0,0.0,5,0,1.0,0.0,0.41624401018369883,0,0,0,0,0,0,0,0,0.0225,0.0,0.0,0.0,0.15,skip,training_upload_trigger_not_confirmed,1785296260.3808112,1785296260380811158,1384928597509541,33.8,53.36328125,-1.0,0,0
2026-07-28T23:37:40.384,10.42.0.59,10.42.0.1,28,1,DOWNLOAD,0.95,DOWNLOAD,0.95,-1,24820,1.8511662346936104e-11,3,54020.0,0.0,3,0,1.0,0.0,0.9093383082647872,0,0,0,0,0,0,0,0,0.0225,0.0,0.0,0.0,0.15,skip,training_upload_trigger_not_confirmed,1785296260.384105,1785296260384104993,1384928600804911,33.8,53.36328125,-1.0,0,0
2026-07-28T23:37:40.385,10.42.0.59,10.42.0.1,28,1,DOWNLOAD,0.95,DOWNLOAD,0.95,-1,10564,1.5483711135645304e-11,4,64584.0,0.0,4,0,1.0,0.0,0.7896773426499787,0,0,0,0,0,0,0,0,0.0225,0.0,0.0,0.0,0.15,skip,training_upload_trigger_not_confirmed,1785296260.3853693,1785296260385369325,1384928602068022,33.8,53.36328125,-1.0,0,0
2026-07-28T23:37:40.387,10.42.0.145,10.42.0.1,33,1,DOWNLOAD,0.9645829016339729,DOWNLOAD,0.9645829016339729,-1,29200,1.369863013679865e-11,5,73000.0,0.0,5,0,1.0,0.0,0.3862242947814613,0,0,0,0,0,0,0,0,0.0225,0.0,0.0,0.0,0.15,skip,training_upload_trigger_not_confirmed,1785296260.3870013,1785296260387001445,1384928603700121,33.8,53.36328125,-1.0,0,0
2026-07-28T23:37:40.387,10.42.0.145,10.42.0.1,33,1,DOWNLOAD,0.9741449115001998,DOWNLOAD,0.9741449115001998,-1,6184,1.2628813901638856e-11,6,79184.0,0.0,6,0,1.0,0.0,0.3354442159718015,0,0,0,0,0,0,0,0,0.0225,0.0,0.0,0.0,0.15,skip,training_upload_trigger_not_confirmed,1785296260.3878696,1785296260387869791,1384928604568398,33.8,53.36328125,-1.0,0,0
2026-07-28T23:37:40.389,10.42.0.18,10.42.0.1,53,1,DOWNLOAD,0.95,DOWNLOAD,0.95,-1,14600,1.7123287670939668e-11,6,58400.0,0.0,6,0,1.0,0.0,0.36249652471269334,0,0,0,0,0,0,0,0,0.0225,0.0,0.0,0.0,0.15,skip,training_upload_trigger_not_confirmed,1785296260.3891804,1785296260389180291,1384928605878484,33.8,53.36328125,-1.0,0,0
2026-07-28T23:37:40.390,10.42.0.18,10.42.0.1,53,1,DOWNLOAD,0.956675496700863,DOWNLOAD,0.956675496700863,-1,14600,1.369863013679865e-11,7,73000.0,0.0,7,0,1.0,0.0,0.3148605969016529,0,0,0,0,0,0,0,0,0.0225,0.0,0.0,0.0,0.15,skip,training_upload_trigger_not_confirmed,1785296260.390181,1785296260390181220,1384928606879486,57.5,53.36328125,-1.0,0,0
2026-07-28T23:37:40.390,10.42.0.210,10.42.0.1,69,1,DOWNLOAD,0.9557926560077417,DOWNLOAD,0.9557926560077417,-1,1448,6.278252134211561e-11,3,15928.0,0.0,3,0,1.0,0.0,0.36763952485800155,0,0,0,0,0,0,0,0,0.0225,0.0,0.0,0.0,0.15,skip,training_upload_trigger_not_confirmed,1785296260.3908608,1785296260390860688,1384928607559163,57.5,53.36328125,-1.0,0,0
2026-07-28T23:37:40.391,10.42.0.47,10.42.0.1,70,1,DOWNLOAD,0.95,DOWNLOAD,0.95,-1,1448,54.923342504196576,14,1448.0,79529.0,1,13,0.017881620707114364,0.9821183792928856,0.2213745531034977,0,0,0,0,0,0,0,0,0.057499999999999996,0.1,0.0,0.0,0.15,skip,training_upload_trigger_not_confirmed,1785296260.3915036,1785296260391503643,1384928608201860,57.5,53.36328125,-1.0,0,0
2026-07-28T23:37:40.393,10.42.0.18,10.42.0.1,53,1,DOWNLOAD,0.9658518494621454,DOWNLOAD,0.9658518494621454,-1,6184,1.2628813901638856e-11,8,79184.0,0.0,8,0,1.0,0.0,0.273769922126214,0,0,0,0,0,0,0,0,0.0225,0.0,0.0,0.0,0.15,skip,training_upload_trigger_not_confirmed,1785296260.393216,1785296260393215913,1384928609914268,57.5,53.36328125,-1.0,0,0
2026-07-28T23:37:40.401,10.42.0.47,10.42.0.1,70,1,DOWNLOAD,0.9829981496648164,DOWNLOAD,0.9829981496648164,0,43,54.923342504196576,14,1448.0,79529.0,1,13,0.017881620707114364,0.9821183792928856,0.24080792515247712,0,0,0,0,0,0,0,0,0.057499999999999996,0.1,0.0,0.0,0.15,skip,training_upload_trigger_not_confirmed,1785296260.4019663,1785296260401966294,1384928618665162,57.5,53.36328125,-1.0,0,0
2026-07-28T23:37:40.404,10.42.0.47,10.42.0.1,70,1,DOWNLOAD,0.9842257140988042,DOWNLOAD,0.9842257140988042,-1,1448,27.461671261580914,15,2896.0,79529.0,2,13,0.0351349711859266,0.9648650288140734,0.21080518393327513,0,0,0,0,0,0,0,0,0.057499999999999996,0.1,0.0,0.0,0.15,skip,training_upload_trigger_not_confirmed,1785296260.404629,1785296260404629102,1384928621327689,57.5,53.36328125,-1.0,0,0
2026-07-28T23:37:40.406,10.42.0.47,10.42.0.1,70,1,DOWNLOAD,0.9842586901286671,DOWNLOAD,0.9842586901286671,-1,11584,5.492334253833402,16,14480.0,79529.0,3,13,0.15402780584837622,0.8459721941516238,0.18323213305490205,0,0,0,0,0,0,0,0,0.057499999999999996,0.1,0.0,0.0,0.15,skip,training_upload_trigger_not_confirmed,1785296260.40619,1785296260406189874,1384928622888381,57.5,53.36328125,-1.0,0,0
2026-07-28T23:37:40.407,10.42.0.47,10.42.0.1,70,1,DOWNLOAD,0.9842595481342594,DOWNLOAD,0.9842595481342594,-1,11584,3.0512968077788787,17,26064.0,79529.0,4,13,0.24683454395651228,0.7531654560434877,0.15923180773440854,0,0,0,0,0,0,0,0,0.057499999999999996,0.1,0.0,0.0,0.15,skip,training_upload_trigger_not_confirmed,1785296260.4072902,1785296260407290106,1384928623989032,57.5,53.36328125,-1.0,0,0
2026-07-28T23:37:40.410,10.42.0.47,10.42.0.1,70,1,DOWNLOAD,0.9842595696464124,DOWNLOAD,0.9842595696464124,-1,17376,1.8307780846954238,18,43440.0,79529.0,5,13,0.35325976465613285,0.6467402353438672,0.13865566306815702,0,0,0,0,0,0,0,0,0.057499999999999996,0.1,0.0,0.0,0.15,skip,training_upload_trigger_not_confirmed,1785296260.4103754,1785296260410375357,1384928627073972,57.5,53.36328125,-1.0,0,0
2026-07-28T23:37:40.413,10.42.0.210,10.42.0.1,69,1,DOWNLOAD,0.9846998846180315,DOWNLOAD,0.9846998846180315,-1,10136,3.8367096376674066e-11,4,26064.0,0.0,4,0,1.0,0.0,0.3221882648493806,0,0,0,0,0,0,0,0,0.0225,0.0,0.0,0.0,0.15,skip,training_upload_trigger_not_confirmed,1785296260.4135833,1785296260413583418,1384928630281806,57.5,53.36328125,-1.0,0,0
2026-07-28T23:37:40.415,10.42.0.210,10.42.0.1,69,1,DOWNLOAD,0.9854895428954357,DOWNLOAD,0.9854895428954357,-1,14480,2.4664561956771294e-11,5,40544.0,0.0,5,0,1.0,0.0,0.27994687872103086,0,0,0,0,0,0,0,0,0.0225,0.0,0.0,0.0,0.15,skip,training_upload_trigger_not_confirmed,1785296260.4152133,1785296260415213334,1384928631911689,57.5,53.36328125,-1.0,0,0
2026-07-28T23:37:40.416,10.42.0.210,10.42.0.1,69,1,DOWNLOAD,0.9855083405864443,DOWNLOAD,0.9855083405864443,-1,5792,2.158149171224142e-11,6,46336.0,0.0,6,0,1.0,0.0,0.24327060352881252,0,0,0,0,0,0,0,0,0.0225,0.0,0.0,0.0,0.15,skip,training_upload_trigger_not_confirmed,1785296260.416834,1785296260416833997,1384928633532405,57.5,53.36328125,-1.0,0,0
2026-07-28T23:37:40.418,10.42.0.210,10.42.0.1,69,1,DOWNLOAD,0.9855087208476458,DOWNLOAD,0.9855087208476458,-1,14480,1.6443041304649383e-11,7,60816.0,0.0,7,0,1.0,0.0,0.21142628824026266,0,0,0,0,0,0,0,0,0.0225,0.0,0.0,0.0,0.15,skip,training_upload_trigger_not_confirmed,1785296260.418447,1785296260418447204,1384928635145695,57.5,53.36328125,-1.0,0,0
2026-07-28T23:37:40.420,10.42.0.210,10.42.0.1,69,1,DOWNLOAD,0.9855087261970161,DOWNLOAD,0.9855087261970161,-1,18368,1.2628813901638856e-11,8,79184.0,0.0,8,0,1.0,0.0,0.18385401964840942,0,0,0,0,0,0,0,0,0.0225,0.0,0.0,0.0,0.15,skip,training_upload_trigger_not_confirmed,1785296260.420635,1785296260420634822,1384928637333303,57.5,53.36328125,-1.0,0,0
2026-07-28T23:37:40.430,10.42.0.47,10.42.0.1,70,1,DOWNLOAD,0.9842595701605352,DOWNLOAD,0.9842595701605352,-1,11584,1.445351119503392,19,55024.0,79529.0,6,13,0.40893922840813657,0.5910607715918634,0.12307535685783784,0,0,0,0,0,0,0,0,0.057499999999999996,0.1,0.0,0.0,0.15,skip,training_upload_trigger_not_confirmed,1785296260.4307964,1785296260430796323,1384928647495235,57.5,53.36328125,-1.0,0,0
2026-07-28T23:37:40.432,10.42.0.47,10.42.0.1,70,1,DOWNLOAD,0.9842595701720059,DOWNLOAD,0.9842595701720059,-1,9697,1.2287974536822854,20,64721.0,79529.0,7,13,0.4486724436741768,0.5513275563258232,0.10707331936053278,0,0,0,0,0,0,0,0,0.057499999999999996,0.1,0.0,0.0,0.15,skip,training_upload_trigger_not_confirmed,1785296260.4324367,1785296260432436610,1384928649135156,57.5,53.36328125,-1.0,0,0
2026-07-28T23:37:40.613,10.42.0.145,10.42.0.1,33,1,DOWNLOAD,0.9739259563977206,DOWNLOAD,0.9739259563977206,0,43,1.2628813901638856e-11,6,79184.0,0.0,6,0,1.0,0.0,0.7909193750093384,0,0,0,0,0,0,0,0,0.0225,0.0,0.0,0.0,0.15,skip,training_upload_trigger_not_confirmed,1785296260.6138206,1785296260613820643,1384928830520037,57.5,53.36328125,-1.0,0,0
2026-07-28T23:37:40.627,10.42.0.18,10.42.0.1,53,1,DOWNLOAD,0.9658712738091879,DOWNLOAD,0.9658712738091879,0,43,1.2628813901638856e-11,8,79184.0,0.0,8,0,1.0,0.0,0.8312276634235501,0,0,0,0,0,0,0,0,0.0225,0.0,0.0,0.0,0.15,skip,training_upload_trigger_not_confirmed,1785296260.6273348,1785296260627334902,1384928844033861,57.5,53.36328125,-1.0,0,0
2026-07-28T23:37:40.697,10.42.0.145,10.42.0.1,33,2,TRAINING,0.95,TRAINING,0.95,1,64240,0.811275005053909,7,79184.0,64240.0,6,1,0.5520972780008925,0.4479027219991075,0.697667976024111,0,0,0,0,1,0,0,0,0.4525,1.0,0.0,0.4,0.15,skip,training_upload_trigger_not_confirmed,1785296260.6970809,1785296260697080735,1384928913779993,57.5,53.36328125,-1.0,0,0
2026-07-28T23:37:40.698,10.42.0.1,10.42.0.1,70,2,TRAINING,0.95,TRAINING,0.95,1,7240,0.3340764184095127,32,259728.0,86769.0,22,10,0.7495822474653461,0.250417752534654,0.02365058070015597,0,0,0,0,1,0,0,0,0.4525,1.0,0.0,0.4,0.15,skip,training_upload_trigger_not_confirmed,1785296260.6987102,1785296260698710237,1384928915408965,57.5,53.36328125,-1.0,0,0
2026-07-28T23:37:40.699,10.42.0.1,10.42.0.1,70,3,UPLOAD,0.95,UPLOAD,0.95,1,7240,0.3619517341243071,33,259728.0,94009.0,22,11,0.7342404102482918,0.2657595897517082,0.02067318601792673,1,0,0,0,1,0,0,0,0.85,1.0,1.0,0.4,0.8,trigger,training_upload_trigger_confirmed,1785296260.6997662,1785296260699766321,1384928916465241,57.5,53.36328125,26.868338,1785296260726636233,1384928943333579
2026-07-28T23:37:40.700,10.42.0.1,10.42.0.1,70,3,UPLOAD,0.95,UPLOAD,0.95,1,14480,0.41770236555389595,34,259728.0,108489.0,22,12,0.7053666723698254,0.2946333276301746,0.01810098568829778,1,0,1,0,1,0,0,0,0.85,1.0,1.0,0.4,0.8,skip,attack_already_active,1785296260.7009196,1785296260700919546,1384928917617850,57.5,53.36328125,-1.0,0,0
2026-07-28T23:37:40.702,10.42.0.1,10.42.0.1,70,3,UPLOAD,0.95,UPLOAD,0.95,1,14480,0.4734529969834848,35,259728.0,122969.0,22,13,0.6786779096778914,0.3213220903221086,0.015922810535983593,1,0,1,0,1,0,0,0,0.85,1.0,1.0,0.4,0.8,skip,attack_already_active,1785296260.702491,1785296260702491144,1384928919190669,57.5,53.36328125,-1.0,0,0
2026-07-28T23:37:40.704,10.42.0.1,10.42.0.1,70,3,UPLOAD,0.95,UPLOAD,0.95,1,14480,0.5292036284130737,36,259728.0,137449.0,22,14,0.6539351473020845,0.34606485269791554,0.0140611956900055,1,0,1,1,1,1,1,1,0.85,1.0,1.0,0.4,0.8,skip,attack_already_active,1785296260.7042866,1785296260704286549,1384928920985623,57.5,53.36328125,-1.0,0,0
2026-07-28T23:37:40.706,10.42.0.1,10.42.0.1,70,3,UPLOAD,0.95,UPLOAD,0.95,1,14480,0.5849542598426625,37,259728.0,151929.0,22,15,0.6309330340550506,0.3690669659449493,0.012519573505230678,1,0,1,1,1,1,1,1,0.85,1.0,1.0,0.4,0.8,skip,attack_already_active,1785296260.7066488,1785296260706648713,1384928923347719,57.5,53.36328125,-1.0,0,0
2026-07-28T23:37:40.708,10.42.0.1,10.42.0.1,70,3,UPLOAD,0.95,UPLOAD,0.95,1,7130,0.612406055567315,38,259728.0,159059.0,22,16,0.6201911711681595,0.37980882883184053,0.011082101280371971,1,0,1,1,1,1,1,1,0.85,1.0,1.0,0.4,0.8,skip,attack_already_active,1785296260.7082598,1785296260708259925,1384928924958779,57.5,53.36328125,-1.0,0,0
2026-07-28T23:37:40.709,10.42.0.59,10.42.0.1,28,2,TRAINING,0.95,TRAINING,0.95,1,64240,0.994673603369338,5,64584.0,64240.0,4,1,0.5013351549400733,0.4986648450599267,0.7298734175068927,0,0,0,0,1,0,0,0,0.4525,1.0,0.0,0.4,0.15,skip,training_upload_trigger_not_confirmed,1785296260.709862,1785296260709861975,1384928926561520,57.5,53.36328125,-1.0,0,0
2026-07-28T23:37:40.716,10.42.0.1,10.42.0.1,70,3,UPLOAD,0.95,UPLOAD,0.95,1,10136,0.6514314975680272,39,259728.0,169195.0,22,17,0.6055352592423349,0.39446474075766513,0.010701519279080085,1,0,1,1,1,1,1,1,0.9299999999999999,1.0,1.0,0.8,0.8,skip,attack_already_active,1785296260.7164538,1785296260716453764,1384928933153311,57.5,53.36328125,-1.0,0,0
2026-07-28T23:37:40.718,10.42.0.1,10.42.0.1,70,3,UPLOAD,0.95,UPLOAD,0.95,1,4344,0.6681566869969039,40,259728.0,173539.0,22,18,0.5994640718079152,0.4005359281920848,0.009512825506211173,1,0,1,1,1,1,1,1,0.9699999999999999,1.0,1.0,1.0,0.8,skip,attack_already_active,1785296260.7181346,1785296260718134511,1384928934833337,57.5,53.36328125,-1.0,0,0
2026-07-28T23:37:40.720,10.42.0.1,10.42.0.1,70,3,UPLOAD,0.95,UPLOAD,0.95,1,14480,0.7239073184264927,41,259728.0,188019.0,22,19,0.5800775884595541,0.41992241154044585,0.00855350269374077,1,0,1,1,1,1,1,1,0.9699999999999999,1.0,1.0,1.0,0.8,skip,attack_already_active,1785296260.7203674,1785296260720367245,1384928937066276,57.5,53.36328125,-1.0,0,0
2026-07-28T23:37:40.722,10.42.0.1,10.42.0.1,70,3,UPLOAD,0.95,UPLOAD,0.95,1,14480,0.7796579498560815,42,259728.0,202499.0,22,20,0.5619057303013455,0.43809426969865456,0.007688988148779602,1,0,1,1,1,1,1,1,0.9699999999999999,1.0,1.0,1.0,0.8,skip,attack_already_active,1785296260.7223604,1785296260722360353,1384928939059410,57.5,53.36328125,-1.0,0,0
2026-07-28T23:37:40.724,10.42.0.1,10.42.0.1,70,3,UPLOAD,0.95,UPLOAD,0.95,1,5792,0.801958202427917,43,259728.0,208291.0,22,21,0.5549518288787421,0.4450481711212579,0.006974995914815707,1,0,1,1,1,1,1,1,0.9699999999999999,1.0,1.0,1.0,0.8,skip,attack_already_active,1785296260.724631,1785296260724631147,1384928941330505,57.5,53.36328125,-1.0,0,0
2026-07-28T23:37:40.726,10.42.0.1,10.42.0.1,70,3,UPLOAD,0.95,UPLOAD,0.95,1,8688,0.8354085812856704,44,259728.0,216979.0,22,22,0.5448378144226957,0.4551621855773043,0.006307712065932683,1,0,1,1,1,1,1,1,0.9699999999999999,1.0,1.0,1.0,0.8,skip,attack_already_active,1785296260.7265422,1785296260726542421,1384928943241956,57.5,53.36328125,-1.0,0,0
2026-07-28T23:37:40.728,10.42.0.1,10.42.0.1,70,3,UPLOAD,0.95,UPLOAD,0.95,1,7129,0.8628565268285943,45,259728.0,224108.0,22,23,0.5368099934688614,0.4631900065311387,0.005719248122099793,1,0,1,1,1,1,1,1,0.9699999999999999,1.0,1.0,1.0,0.8,skip,attack_already_active,1785296260.7283843,1785296260728384274,1384928945082834,57.5,53.36328125,-1.0,0,0
2026-07-28T23:37:40.803,10.42.0.18,10.42.0.1,53,2,TRAINING,0.95,TRAINING,0.95,1,33580,0.42407557082966163,9,79184.0,33580.0,8,1,0.7022099251534177,0.29779007484658226,0.7448469467265657,0,0,0,0,1,1,0,0,0.5725,1.0,0.0,1.0,0.15,skip,training_upload_trigger_not_confirmed,1785296260.8030431,1785296260803043092,1384929019741728,57.5,53.36328125,-1.0,0,0
2026-07-28T23:37:40.805,10.42.0.18,10.42.0.1,53,3,UPLOAD,0.95,UPLOAD,0.95,1,45949,1.0043569407960653,10,79184.0,79529.0,8,2,0.49891313250962427,0.5010868674903757,0.6469907430780932,0,0,0,1,1,1,1,1,0.9699999999999999,1.0,1.0,1.0,0.8,trigger,training_upload_trigger_confirmed,1785296260.8052864,1785296260805286497,1384929021986121,57.5,53.36328125,24.661384,1785296260829950185,1384929046647505
2026-07-28T23:37:40.807,10.42.0.1,10.42.0.1,70,3,UPLOAD,0.95,UPLOAD,0.95,1,7240,0.8907318425433888,46,259728.0,231348.0,22,24,0.5288957310070131,0.47110426899298685,0.01534609025036308,1,0,1,1,1,1,1,1,0.9699999999999999,1.0,1.0,1.0,0.8,skip,attack_already_active,1785296260.807159,1785296260807159134,1384929023858149,57.5,53.36328125,-1.0,0,0
2026-07-28T23:37:40.808,10.42.0.1,10.42.0.1,70,3,UPLOAD,0.95,UPLOAD,0.95,1,7240,0.9186071582581832,47,259728.0,238588.0,22,25,0.521211440130359,0.478788559869641,0.01345726598657215,1,0,1,1,1,1,1,1,0.9699999999999999,1.0,1.0,1.0,0.8,skip,attack_already_active,1785296260.8081713,1785296260808171305,1384929024870192,57.5,53.36328125,-1.0,0,0
2026-07-28T23:37:40.809,10.42.0.1,10.42.0.1,70,3,UPLOAD,0.684923093269719,UPLOAD,0.684923093269719,0,43,0.9186071582581832,47,259728.0,238588.0,22,25,0.521211440130359,0.478788559869641,0.029802906234165184,1,0,1,1,1,1,1,1,0.8200000000000001,0.8000000000000002,1.0,0.6000000000000001,0.8,skip,attack_already_active,1785296260.809521,1785296260809520835,1384929026219524,57.5,53.36328125,-1.0,0,0
2026-07-28T23:37:40.810,10.42.0.1,10.42.0.1,70,3,UPLOAD,0.95,UPLOAD,0.95,1,14480,0.974357789687772,48,259728.0,253068.0,22,26,0.5064938104041373,0.4935061895958627,0.026191232699606496,1,0,1,1,1,1,1,1,0.9699999999999999,1.0,1.0,1.0,0.8,skip,attack_already_active,1785296260.8105662,1785296260810566038,1384929027264670,57.5,53.36328125,-1.0,0,0
2026-07-28T23:37:40.811,10.42.0.1,10.42.0.1,70,3,UPLOAD,0.95,UPLOAD,0.95,1,14480,1.0301084211173608,49,259728.0,267548.0,22,27,0.4925845287856834,0.5074154712143166,0.02286826875358327,1,0,1,1,1,1,1,1,0.9699999999999999,1.0,1.0,1.0,0.8,skip,attack_already_active,1785296260.8115404,1785296260811540543,1384929028239131,57.5,53.36328125,-1.0,0,0
2026-07-28T23:37:40.814,10.42.0.1,10.42.0.1,70,3,UPLOAD,0.95,UPLOAD,0.95,1,14480,1.0858590525469496,50,259728.0,282028.0,22,28,0.4794187789336897,0.5205812210663103,0.020197736598263565,1,0,1,1,1,1,1,1,0.9699999999999999,1.0,1.0,1.0,0.8,skip,attack_already_active,1785296260.8141427,1785296260814142782,1384929030841492,57.5,53.36328125,-1.0,0,0
2026-07-28T23:37:40.815,10.42.0.1,10.42.0.1,70,3,UPLOAD,0.95,UPLOAD,0.95,1,14480,1.1416096839765384,51,259728.0,296508.0,22,29,0.466938493732876,0.533061506267124,0.017684638187924137,1,0,1,1,1,1,1,1,0.9699999999999999,1.0,1.0,1.0,0.8,skip,attack_already_active,1785296260.8152692,1785296260815269198,1384929031967789,57.5,53.36328125,-1.0,0,0
2026-07-28T23:37:40.816,10.42.0.1,10.42.0.1,70,3,UPLOAD,0.95,UPLOAD,0.95,1,7129,1.1690576295194623,52,259728.0,303637.0,22,30,0.46102970543075983,0.5389702945692402,0.015504178607253775,1,0,1,1,1,1,1,1,0.9699999999999999,1.0,1.0,1.0,0.8,skip,attack_already_active,1785296260.816407,1785296260816407147,1384929033105526,57.5,53.36328125,-1.0,0,0
2026-07-28T23:37:41.086,10.42.0.1,,70,3,UPLOAD,0.47556158677190097,UPLOAD,0.47556158677190097,0,43,0.8628565268285943,43,259728.0,224108.0,22,21,0.5368099934688614,0.4631900065311387,0.050010713773481784,0,0,1,1,1,1,1,1,0.8200000000000001,0.8000000000000002,1.0,0.6000000000000001,0.8,skip,attack_already_active,1785296261.0868857,1785296261086885552,1384929303584819,59.2,53.36328125,-1.0,0,0
2026-07-28T23:37:41.409,10.42.0.210,,69,2,TRAINING,0.9293977297375461,TRAINING,0.9293977297375461,0,43,1.5808777032758808e-11,5,63256.0,0.0,5,0,1.0,0.0,0.7784226440958866,0,0,0,0,0,0,0,0,0.0225,0.0,0.0,0.0,0.15,skip,training_upload_trigger_not_confirmed,1785296261.4097476,1785296261409747788,1384929626446449,59.2,53.36328125,-1.0,0,0
2026-07-28T23:37:41.524,10.42.0.1,10.42.0.1,70,3,UPLOAD,0.8968313228812733,UPLOAD,0.8968313228812733,0,43,100.0,21,0.0,224108.0,0,21,0.0,1.0,0.04784529097234739,1,0,1,0,0,0,0,0,0.45499999999999996,0.1,1.0,0.0,0.8,skip,attack_already_active,1785296261.5246055,1785296261524605355,1384929741304033,59.2,53.36328125,-1.0,0,0
2026-07-28T23:37:41.615,10.42.0.47,10.42.0.1|10.42.0.47,70,3,UPLOAD,0.95,UPLOAD,0.95,1,7240,100.0,1,0.0,7240.0,0,1,0.0,1.0,0.2529139899732667,1,0,0,1,1,1,1,1,0.9699999999999999,1.0,1.0,1.0,0.8,trigger,training_upload_trigger_confirmed,1785296261.6157842,1785296261615784275,1384929832482851,7.6,53.36328125,6.079645,1785296261621865062,1384929838562496
2026-07-28T23:37:41.617,10.42.0.47,10.42.0.1|10.42.0.47,70,3,UPLOAD,0.95,UPLOAD,0.95,1,7240,100.0,2,0.0,14480.0,0,2,0.0,1.0,0.21975041396707942,1,0,1,1,1,1,1,1,0.9699999999999999,1.0,1.0,1.0,0.8,skip,attack_already_active,1785296261.617029,1785296261617028799,1384929833727137,7.6,53.36328125,-1.0,0,0
2026-07-28T23:37:41.618,10.42.0.47,10.42.0.1|10.42.0.47,70,3,UPLOAD,0.95,UPLOAD,0.95,1,7240,100.0,3,0.0,21720.0,0,3,0.0,1.0,0.1910048622316595,1,0,1,1,1,1,1,1,0.9699999999999999,1.0,1.0,1.0,0.8,skip,attack_already_active,1785296261.6186373,1785296261618637379,1384929835336313,7.6,53.36328125,-1.0,0,0
2026-07-28T23:37:41.620,10.42.0.47,10.42.0.1|10.42.0.47,70,3,UPLOAD,0.95,UPLOAD,0.95,1,2896,100.0,4,0.0,24616.0,0,4,0.0,1.0,0.16603966869311232,1,0,1,1,1,1,1,1,0.9699999999999999,1.0,1.0,1.0,0.8,skip,attack_already_active,1785296261.6201882,1785296261620188211,1384929836886883,7.6,53.36328125,-1.0,0,0
2026-07-28T23:37:41.621,10.42.0.47,10.42.0.1|10.42.0.47,70,3,UPLOAD,0.95,UPLOAD,0.95,1,4344,100.0,5,0.0,28960.0,0,5,0.0,1.0,0.14430066128850724,1,0,1,1,1,1,1,1,0.9699999999999999,1.0,1.0,1.0,0.8,skip,attack_already_active,1785296261.6212566,1785296261621256779,1384929837955430,7.6,53.36328125,-1.0,0,0
2026-07-28T23:37:41.623,10.42.0.47,10.42.0.1|10.42.0.47,70,3,UPLOAD,0.95,UPLOAD,0.95,1,7240,100.0,6,0.0,36200.0,0,6,0.0,1.0,0.12555759369226224,1,0,1,1,1,1,1,1,0.9699999999999999,1.0,1.0,1.0,0.8,skip,attack_already_active,1785296261.6233213,1785296261623321405,1384929840020739,7.6,53.36328125,-1.0,0,0
2026-07-28T23:37:41.625,10.42.0.47,10.42.0.1|10.42.0.47,70,3,UPLOAD,0.95,UPLOAD,0.95,1,2896,100.0,7,0.0,39096.0,0,7,0.0,1.0,0.10924847369048166,1,0,1,1,1,1,1,1,0.9699999999999999,1.0,1.0,1.0,0.8,skip,attack_already_active,1785296261.6251135,1785296261625113525,1384929841812008,7.6,53.36328125,-1.0,0,0
2026-07-28T23:37:41.625,10.42.0.47,10.42.0.1|10.42.0.47,70,3,UPLOAD,0.95,UPLOAD,0.95,1,4344,100.0,8,0.0,43440.0,0,8,0.0,1.0,0.09496767909653736,1,0,1,1,1,1,1,1,0.9699999999999999,1.0,1.0,1.0,0.8,skip,attack_already_active,1785296261.625989,1785296261625988935,1384929842687436,7.6,53.36328125,-1.0,0,0
2026-07-28T23:37:41.627,10.42.0.47,10.42.0.1|10.42.0.47,70,3,UPLOAD,0.95,UPLOAD,0.95,1,7240,100.0,9,0.0,50680.0,0,9,0.0,1.0,0.08259292008491445,1,0,1,1,1,1,1,1,0.9699999999999999,1.0,1.0,1.0,0.8,skip,attack_already_active,1785296261.627048,1785296261627047863,1384929843746109,7.6,53.36328125,-1.0,0,0
2026-07-28T23:37:41.628,10.42.0.47,10.42.0.1|10.42.0.47,70,3,UPLOAD,0.95,UPLOAD,0.95,1,7240,100.0,10,0.0,57920.0,0,10,0.0,1.0,0.07185461918503872,1,0,1,1,1,1,1,1,0.9699999999999999,1.0,1.0,1.0,0.8,skip,attack_already_active,1785296261.628151,1785296261628151021,1384929844849580,7.6,53.36328125,-1.0,0,0
2026-07-28T23:37:41.629,10.42.0.47,10.42.0.1|10.42.0.47,70,3,UPLOAD,0.95,UPLOAD,0.95,1,7240,100.0,11,0.0,65160.0,0,11,0.0,1.0,0.06253210620148393,1,0,1,1,1,1,1,1,0.9699999999999999,1.0,1.0,1.0,0.8,skip,attack_already_active,1785296261.6292596,1785296261629259585,1384929845957811,7.6,53.36328125,-1.0,0,0
2026-07-28T23:37:41.630,10.42.0.47,10.42.0.1|10.42.0.47,70,3,UPLOAD,0.95,UPLOAD,0.95,1,7240,100.0,12,0.0,72400.0,0,12,0.0,1.0,0.05449301158943861,1,0,1,1,1,1,1,1,0.9699999999999999,1.0,1.0,1.0,0.8,skip,attack_already_active,1785296261.6307852,1785296261630785284,1384929847484051,7.6,53.36328125,-1.0,0,0
2026-07-28T23:37:41.632,10.42.0.47,10.42.0.1|10.42.0.47,70,3,UPLOAD,0.95,UPLOAD,0.95,1,7129,100.0,13,0.0,79529.0,0,13,0.0,1.0,0.04751584063292068,1,0,1,1,1,1,1,1,0.9699999999999999,1.0,1.0,1.0,0.8,skip,attack_already_active,1785296261.6323304,1785296261632330409,1384929849029663,7.6,53.36328125,-1.0,0,0
2026-07-28T23:37:41.633,10.42.0.1,10.42.0.1|10.42.0.47,70,3,UPLOAD,0.9788064638663534,UPLOAD,0.9788064638663534,1,7240,100.0,22,0.0,231348.0,0,22,0.0,1.0,0.049042149506990915,1,0,1,1,1,1,1,1,0.9699999999999999,1.0,1.0,1.0,0.8,skip,attack_already_active,1785296261.6339896,1785296261633989703,1384929850688612,7.6,53.36328125,-1.0,0,0
2026-07-28T23:37:41.635,10.42.0.1,10.42.0.1|10.42.0.47,70,3,UPLOAD,0.9827617998738697,UPLOAD,0.9827617998738697,1,7240,100.0,23,0.0,238588.0,0,23,0.0,1.0,0.042730010374492595,1,0,1,1,1,1,1,1,0.9699999999999999,1.0,1.0,1.0,0.8,skip,attack_already_active,1785296261.6351306,1785296261635130557,1384929851829649,7.6,53.36328125,-1.0,0,0
2026-07-28T23:37:41.636,10.42.0.1,10.42.0.1|10.42.0.47,70,3,UPLOAD,0.9829882723902669,UPLOAD,0.9829882723902669,1,10136,100.0,24,0.0,248724.0,0,24,0.0,1.0,0.03728719391361672,1,0,1,1,1,1,1,1,0.9699999999999999,1.0,1.0,1.0,0.8,skip,attack_already_active,1785296261.6365566,1785296261636556557,1384929853255554,7.6,53.36328125,-1.0,0,0
2026-07-28T23:37:41.637,10.42.0.1,10.42.0.1|10.42.0.47,70,3,UPLOAD,0.9833497727073571,UPLOAD,0.9833497727073571,1,4344,100.0,25,0.0,253068.0,0,25,0.0,1.0,0.03247916222883589,1,0,1,1,1,1,1,1,0.9699999999999999,1.0,1.0,1.0,0.8,skip,attack_already_active,1785296261.637357,1785296261637357171,1384929854055406,7.6,53.36328125,-1.0,0,0
2026-07-28T23:37:41.638,10.42.0.1,10.42.0.1|10.42.0.47,70,3,UPLOAD,0.9837373458176656,UPLOAD,0.9837373458176656,1,14480,100.0,26,0.0,267548.0,0,26,0.0,1.0,0.028336406604175583,1,0,1,1,1,1,1,1,0.9699999999999999,1.0,1.0,1.0,0.8,skip,attack_already_active,1785296261.638398,1785296261638397942,1384929855096172,7.6,53.36328125,-1.0,0,0
2026-07-28T23:37:41.639,10.42.0.1,10.42.0.1|10.42.0.47,70,3,UPLOAD,0.9840434747207476,UPLOAD,0.9840434747207476,1,18824,100.0,27,0.0,286372.0,0,27,0.0,1.0,0.024738774964231387,1,0,1,1,1,1,1,1,0.9699999999999999,1.0,1.0,1.0,0.8,skip,attack_already_active,1785296261.639433,1785296261639432956,1384929856131167,7.6,53.36328125,-1.0,0,0
2026-07-28T23:37:41.640,10.42.0.1,10.42.0.1|10.42.0.47,70,3,UPLOAD,0.984319200092296,UPLOAD,0.984319200092296,1,1448,100.0,28,0.0,287820.0,0,28,0.0,1.0,0.021580031743130803,1,0,1,1,1,1,1,1,0.9699999999999999,1.0,1.0,1.0,0.8,skip,attack_already_active,1785296261.6402009,1785296261640200878,1384929856899625,7.6,53.36328125,-1.0,0,0
2026-07-28T23:37:41.641,10.42.0.1,10.42.0.1|10.42.0.47,70,3,UPLOAD,0.9846292136828813,UPLOAD,0.9846292136828813,1,8688,100.0,29,0.0,296508.0,0,29,0.0,1.0,0.01888852080468046,1,0,1,1,1,1,1,1,0.9699999999999999,1.0,1.0,1.0,0.8,skip,attack_already_active,1785296261.6413558,1785296261641355652,1384929858053884,7.6,53.36328125,-1.0,0,0
2026-07-28T23:37:41.642,10.42.0.1,10.42.0.1|10.42.0.47,70,3,UPLOAD,0.9846876565400604,UPLOAD,0.9846876565400604,1,7129,100.0,30,0.0,303637.0,0,30,0.0,1.0,0.016537010326468406,1,0,1,1,1,1,1,1,0.9699999999999999,1.0,1.0,1.0,0.8,skip,attack_already_active,1785296261.6423993,1785296261642399148,1384929859097513,7.6,53.36328125,-1.0,0,0
2026-07-28T23:37:42.275,10.42.0.210,10.42.0.1|10.42.0.47,69,3,UPLOAD,0.95,UPLOAD,0.95,1,1448,100.0,1,0.0,1448.0,0,1,0.0,1.0,0.7899457214864262,0,0,0,1,1,1,1,1,0.9525,0.95,1.0,1.0,0.8,trigger,training_upload_trigger_confirmed,1785296262.2756157,1785296262275615779,1384930492314777,25.0,53.36328125,9.630552,1785296262285248046,1384930501945329
2026-07-28T23:37:42.277,10.42.0.210,10.42.0.1|10.42.0.47,69,3,UPLOAD,0.9841010226033655,UPLOAD,0.9841010226033655,1,1448,100.0,2,0.0,2896.0,0,2,0.0,1.0,0.6860572994333031,0,0,1,1,1,1,1,1,0.9699999999999999,1.0,1.0,1.0,0.8,skip,attack_already_active,1785296262.277181,1785296262277181054,1384930493879884,25.0,53.36328125,-1.0,0,0
2026-07-28T23:37:42.278,10.42.0.210,10.42.0.1|10.42.0.47,69,3,UPLOAD,0.9854688349332961,UPLOAD,0.9854688349332961,1,1448,100.0,3,0.0,4344.0,0,3,0.0,1.0,0.5958579649898513,0,0,1,1,1,1,1,1,0.9699999999999999,1.0,1.0,1.0,0.8,skip,attack_already_active,1785296262.2787404,1785296262278740500,1384930495438957,25.0,53.36328125,-1.0,0,0
2026-07-28T23:37:42.280,10.42.0.210,10.42.0.1|10.42.0.47,69,3,UPLOAD,0.9855076450773014,UPLOAD,0.9855076450773014,1,1448,100.0,4,0.0,5792.0,0,4,0.0,1.0,0.5175305877308805,0,0,1,1,1,1,1,1,0.9699999999999999,1.0,1.0,1.0,0.8,skip,attack_already_active,1785296262.2801936,1785296262280193508,1384930496891908,25.0,53.36328125,-1.0,0,0
2026-07-28T23:37:42.281,10.42.0.210,10.42.0.1|10.42.0.47,69,3,UPLOAD,0.9855086980780915,UPLOAD,0.9855086980780915,1,1448,100.0,5,0.0,7240.0,0,5,0.0,1.0,0.4495515581135482,0,0,1,1,1,1,1,1,0.9699999999999999,1.0,1.0,1.0,0.8,skip,attack_already_active,1785296262.28185,1785296262281850139,1384930498549795,25.0,53.36328125,-1.0,0,0
2026-07-28T23:37:42.283,10.42.0.210,10.42.0.1|10.42.0.47,69,3,UPLOAD,0.9855087254685951,UPLOAD,0.9855087254685951,1,1448,100.0,6,0.0,8688.0,0,6,0.0,1.0,0.39052753860442674,0,0,1,1,1,1,1,1,0.9699999999999999,1.0,1.0,1.0,0.8,skip,attack_already_active,1785296262.2834847,1785296262283484581,1384930500183285,25.0,53.36328125,-1.0,0,0
2026-07-28T23:37:42.285,10.42.0.210,10.42.0.1|10.42.0.47,69,3,UPLOAD,0.9855087261493067,UPLOAD,0.9855087261493067,1,1448,100.0,7,0.0,10136.0,0,7,0.0,1.0,0.3392857449417713,0,0,1,1,1,1,1,1,0.9699999999999999,1.0,1.0,1.0,0.8,skip,attack_already_active,1785296262.2851524,1785296262285152477,1384930501850843,25.0,53.36328125,-1.0,0,0
2026-07-28T23:37:42.286,10.42.0.210,10.42.0.1|10.42.0.47,69,3,UPLOAD,0.9855087261653082,UPLOAD,0.9855087261653082,1,1448,100.0,8,0.0,11584.0,0,8,0.0,1.0,0.2947670617433558,0,0,1,1,1,1,1,1,0.9699999999999999,1.0,1.0,1.0,0.8,skip,attack_already_active,1785296262.2865982,1785296262286598121,1384930503296699,25.0,53.36328125,-1.0,0,0
2026-07-28T23:37:42.287,10.42.0.210,10.42.0.1|10.42.0.47,69,3,UPLOAD,0.985508726165656,UPLOAD,0.985508726165656,1,1448,100.0,9,0.0,13032.0,0,9,0.0,1.0,0.2561084894607304,0,0,1,1,1,1,1,1,0.9699999999999999,1.0,1.0,1.0,0.8,skip,attack_already_active,1785296262.287996,1785296262287996163,1384930504694789,25.0,53.36328125,-1.0,0,0
2026-07-28T23:37:42.289,10.42.0.210,10.42.0.1|10.42.0.47,69,3,UPLOAD,0.9855087261656625,UPLOAD,0.9855087261656625,1,1448,100.0,10,0.0,14480.0,0,10,0.0,1.0,0.22254494685925602,0,0,1,1,1,1,1,1,0.9699999999999999,1.0,1.0,1.0,0.8,skip,attack_already_active,1785296262.2894,1785296262289400022,1384930506098449,25.0,53.36328125,-1.0,0,0
2026-07-28T23:37:42.290,10.42.0.210,10.42.0.1|10.42.0.47,69,3,UPLOAD,0.95,UPLOAD,0.95,1,1448,100.0,11,0.0,15928.0,0,11,0.0,1.0,0.1933981586807694,0,0,1,1,1,1,1,1,0.9699999999999999,1.0,1.0,1.0,0.8,skip,attack_already_active,1785296262.2907581,1785296262290758127,1384930507456300,25.0,53.36328125,-1.0,0,0
2026-07-28T23:37:42.292,10.42.0.210,10.42.0.1|10.42.0.47,69,3,UPLOAD,0.95,UPLOAD,0.95,1,1448,100.0,12,0.0,17376.0,0,12,0.0,1.0,0.16809163893417955,0,0,1,1,1,1,1,1,0.9699999999999999,1.0,1.0,1.0,0.8,skip,attack_already_active,1785296262.292112,1785296262292112224,1384930508810562,25.0,53.36328125,-1.0,0,0
2026-07-28T23:37:42.293,10.42.0.210,10.42.0.1|10.42.0.47,69,3,UPLOAD,0.95,UPLOAD,0.95,1,1448,100.0,13,0.0,18824.0,0,13,0.0,1.0,0.1461159766163393,0,0,1,1,1,1,1,1,0.9699999999999999,1.0,1.0,1.0,0.8,skip,attack_already_active,1785296262.2934365,1785296262293436502,1384930510134770,25.0,53.36328125,-1.0,0,0
2026-07-28T23:37:42.294,10.42.0.210,10.42.0.1|10.42.0.47,69,3,UPLOAD,0.95,UPLOAD,0.95,1,1448,100.0,14,0.0,20272.0,0,14,0.0,1.0,0.12703887884758772,0,0,1,1,1,1,1,1,0.9699999999999999,1.0,1.0,1.0,0.8,skip,attack_already_active,1785296262.2947817,1785296262294781820,1384930511480147,25.0,53.36328125,-1.0,0,0
2026-07-28T23:37:42.296,10.42.0.210,10.42.0.1|10.42.0.47,69,3,UPLOAD,0.95,UPLOAD,0.95,1,1448,100.0,15,0.0,21720.0,0,15,0.0,1.0,0.1104677382979563,0,0,1,1,1,1,1,1,0.9699999999999999,1.0,1.0,1.0,0.8,skip,attack_already_active,1785296262.2960668,1785296262296066841,1384930512765393,25.0,53.36328125,-1.0,0,0
2026-07-28T23:37:42.297,10.42.0.210,10.42.0.1|10.42.0.47,69,3,UPLOAD,0.95,UPLOAD,0.95,1,1448,100.0,16,0.0,23168.0,0,16,0.0,1.0,0.09613557717657241,0,0,1,1,1,1,1,1,0.9699999999999999,1.0,1.0,1.0,0.8,skip,attack_already_active,1785296262.2977717,1785296262297771657,1384930514470154,25.0,53.36328125,-1.0,0,0
2026-07-28T23:37:42.299,10.42.0.210,10.42.0.1|10.42.0.47,69,3,UPLOAD,0.95,UPLOAD,0.95,1,1448,100.0,17,0.0,24616.0,0,17,0.0,1.0,0.08365165750966777,0,0,1,1,1,1,1,1,0.9699999999999999,1.0,1.0,1.0,0.8,skip,attack_already_active,1785296262.2991703,1785296262299170302,1384930515869234,25.0,53.36328125,-1.0,0,0
2026-07-28T23:37:42.300,10.42.0.210,10.42.0.1|10.42.0.47,69,3,UPLOAD,0.95,UPLOAD,0.95,1,1448,100.0,18,0.0,26064.0,0,18,0.0,1.0,0.07277497307739761,0,0,1,1,1,1,1,1,0.9699999999999999,1.0,1.0,1.0,0.8,skip,attack_already_active,1785296262.3002818,1785296262300281865,1384930516980770,25.0,53.36328125,-1.0,0,0
2026-07-28T23:37:42.301,10.42.0.210,10.42.0.1|10.42.0.47,69,3,UPLOAD,0.95,UPLOAD,0.95,1,1448,100.0,19,0.0,27512.0,0,19,0.0,1.0,0.06337365738371764,0,0,1,1,1,1,1,1,0.9699999999999999,1.0,1.0,1.0,0.8,skip,attack_already_active,1785296262.3017128,1785296262301712634,1384930518411102,25.0,53.36328125,-1.0,0,0
2026-07-28T23:37:42.302,10.42.0.210,10.42.0.1|10.42.0.47,69,3,UPLOAD,0.95,UPLOAD,0.95,1,1448,100.0,20,0.0,28960.0,0,20,0.0,1.0,0.05515326123538746,0,0,1,1,1,1,1,1,0.9699999999999999,1.0,1.0,1.0,0.8,skip,attack_already_active,1785296262.302704,1785296262302704222,1384930519402639,25.0,53.36328125,-1.0,0,0
2026-07-28T23:37:42.304,10.42.0.210,10.42.0.1|10.42.0.47,69,3,UPLOAD,0.95,UPLOAD,0.95,1,1448,100.0,21,0.0,30408.0,0,21,0.0,1.0,0.04806885337435047,0,0,1,1,1,1,1,1,0.9699999999999999,1.0,1.0,1.0,0.8,skip,attack_already_active,1785296262.3040957,1785296262304095654,1384930520795496,25.0,53.36328125,-1.0,0,0
2026-07-28T23:37:42.305,10.42.0.210,10.42.0.1|10.42.0.47,69,3,UPLOAD,0.95,UPLOAD,0.95,1,1448,100.0,22,0.0,31856.0,0,22,0.0,1.0,0.04187039211123672,0,0,1,1,1,1,1,1,0.9699999999999999,1.0,1.0,1.0,0.8,skip,attack_already_active,1785296262.3051262,1785296262305126220,1384930521824840,25.0,53.36328125,-1.0,0,0
2026-07-28T23:37:42.306,10.42.0.210,10.42.0.1|10.42.0.47,69,3,UPLOAD,0.95,UPLOAD,0.95,1,1448,100.0,23,0.0,33304.0,0,23,0.0,1.0,0.03649564163432441,0,0,1,1,1,1,1,1,0.9699999999999999,1.0,1.0,1.0,0.8,skip,attack_already_active,1785296262.306209,1785296262306209090,1384930522907359,25.0,53.36328125,-1.0,0,0
2026-07-28T23:37:42.306,10.42.0.210,10.42.0.1|10.42.0.47,69,3,UPLOAD,0.95,UPLOAD,0.95,1,1448,100.0,24,0.0,34752.0,0,24,0.0,1.0,0.0317795378429105,0,0,1,1,1,1,1,1,0.9699999999999999,1.0,1.0,1.0,0.8,skip,attack_already_active,1785296262.3069155,1785296262306915600,1384930523613988,25.0,53.36328125,-1.0,0,0
2026-07-28T23:37:42.307,10.42.0.210,10.42.0.1|10.42.0.47,69,3,UPLOAD,0.95,UPLOAD,0.95,1,1448,100.0,25,0.0,36200.0,0,25,0.0,1.0,0.027721057644690583,0,0,1,1,1,1,1,1,0.9699999999999999,1.0,1.0,1.0,0.8,skip,attack_already_active,1785296262.3078964,1785296262307896277,1384930524594671,25.0,53.36328125,-1.0,0,0
2026-07-28T23:37:42.308,10.42.0.210,10.42.0.1|10.42.0.47,69,3,UPLOAD,0.95,UPLOAD,0.95,1,1448,100.0,26,0.0,37648.0,0,26,0.0,1.0,0.024202125558399137,0,0,1,1,1,1,1,1,0.9699999999999999,1.0,1.0,1.0,0.8,skip,attack_already_active,1785296262.3089132,1785296262308913206,1384930525611710,25.0,53.36328125,-1.0,0,0
2026-07-28T23:37:42.309,10.42.0.210,10.42.0.1|10.42.0.47,69,3,UPLOAD,0.95,UPLOAD,0.95,1,1448,100.0,27,0.0,39096.0,0,27,0.0,1.0,0.021139327265410256,0,0,1,1,1,1,1,1,0.9699999999999999,1.0,1.0,1.0,0.8,skip,attack_already_active,1785296262.3098726,1785296262309872698,1384930526571305,25.0,53.36328125,-1.0,0,0
2026-07-28T23:37:42.310,10.42.0.210,10.42.0.1|10.42.0.47,69,3,UPLOAD,0.95,UPLOAD,0.95,1,1448,100.0,28,0.0,40544.0,0,28,0.0,1.0,0.018480755940115688,0,0,1,1,1,1,1,1,0.9699999999999999,1.0,1.0,1.0,0.8,skip,attack_already_active,1785296262.3108368,1785296262310836716,1384930527535070,25.0,53.36328125,-1.0,0,0
2026-07-28T23:37:42.311,10.42.0.210,10.42.0.1|10.42.0.47,69,3,UPLOAD,0.95,UPLOAD,0.95,1,1448,100.0,29,0.0,41992.0,0,29,0.0,1.0,0.01613412427641804,0,0,1,1,1,1,1,1,0.9699999999999999,1.0,1.0,1.0,0.8,skip,attack_already_active,1785296262.3115096,1785296262311509379,1384930528207530,25.0,53.36328125,-1.0,0,0
2026-07-28T23:37:42.312,10.42.0.210,10.42.0.1|10.42.0.47,69,3,UPLOAD,0.95,UPLOAD,0.95,1,1448,100.0,30,0.0,43440.0,0,30,0.0,1.0,0.014127476468140644,0,0,1,1,1,1,1,1,0.9699999999999999,1.0,1.0,1.0,0.8,skip,attack_already_active,1785296262.3124158,1785296262312415625,1384930529113833,25.0,53.36328125,-1.0,0,0
2026-07-28T23:37:42.313,10.42.0.210,10.42.0.1|10.42.0.47,69,3,UPLOAD,0.95,UPLOAD,0.95,1,1448,100.0,31,0.0,44888.0,0,31,0.0,1.0,0.012387327162629032,0,0,1,1,1,1,1,1,0.9699999999999999,1.0,1.0,1.0,0.8,skip,attack_already_active,1785296262.3133378,1785296262313337943,1384930530036263,25.0,53.36328125,-1.0,0,0
2026-07-28T23:37:42.314,10.42.0.210,10.42.0.1|10.42.0.47,69,3,UPLOAD,0.95,UPLOAD,0.95,1,1448,100.0,32,0.0,46336.0,0,32,0.0,1.0,0.010844313606293444,0,0,1,1,1,1,1,1,0.9699999999999999,1.0,1.0,1.0,0.8,skip,attack_already_active,1785296262.3140156,1785296262314015844,1384930530714198,25.0,53.36328125,-1.0,0,0
2026-07-28T23:37:42.314,10.42.0.210,10.42.0.1|10.42.0.47,69,3,UPLOAD,0.95,UPLOAD,0.95,1,1448,100.0,33,0.0,47784.0,0,33,0.0,1.0,0.00950164518092304,0,0,1,1,1,1,1,1,0.9699999999999999,1.0,1.0,1.0,0.8,skip,attack_already_active,1785296262.3146708,1785296262314670807,1384930531369028,25.0,53.36328125,-1.0,0,0
2026-07-28T23:37:42.315,10.42.0.210,10.42.0.1|10.42.0.47,69,3,UPLOAD,0.95,UPLOAD,0.95,1,1448,100.0,34,0.0,49232.0,0,34,0.0,1.0,0.008332355998641724,0,0,1,1,1,1,1,1,0.9699999999999999,1.0,1.0,1.0,0.8,skip,attack_already_active,1785296262.315299,1785296262315299146,1384930531997194,25.0,53.36328125,-1.0,0,0
2026-07-28T23:37:42.315,10.42.0.210,10.42.0.1|10.42.0.47,69,3,UPLOAD,0.95,UPLOAD,0.95,1,1448,100.0,35,0.0,50680.0,0,35,0.0,1.0,0.00731714927721459,0,0,1,1,1,1,1,1,0.9699999999999999,1.0,1.0,1.0,0.8,skip,attack_already_active,1785296262.3159273,1785296262315927293,1384930532625535,25.0,53.36328125,-1.0,0,0
2026-07-28T23:37:42.316,10.42.0.210,10.42.0.1|10.42.0.47,69,3,UPLOAD,0.95,UPLOAD,0.95,1,1448,100.0,36,0.0,52128.0,0,36,0.0,1.0,0.0064403078345281846,0,0,1,1,1,1,1,1,0.9699999999999999,1.0,1.0,1.0,0.8,skip,attack_already_active,1785296262.3165903,1785296262316590281,1384930533288486,25.0,53.36328125,-1.0,0,0
2026-07-28T23:37:42.317,10.42.0.210,10.42.0.1|10.42.0.47,69,3,UPLOAD,0.95,UPLOAD,0.95,1,1448,100.0,37,0.0,53576.0,0,37,0.0,1.0,0.005675712871593643,0,0,1,1,1,1,1,1,0.9699999999999999,1.0,1.0,1.0,0.8,skip,attack_already_active,1785296262.3172283,1785296262317228399,1384930533926430,25.0,53.36328125,-1.0,0,0
2026-07-28T23:37:42.319,10.42.0.1,10.42.0.1|10.42.0.47,70,3,UPLOAD,0.9779868386849037,UPLOAD,0.9779868386849037,1,7240,100.0,10,0.0,86769.0,0,10,0.0,1.0,0.1036094846056162,1,0,1,1,1,1,1,1,0.9699999999999999,1.0,1.0,1.0,0.8,skip,attack_already_active,1785296262.3197052,1785296262319705342,1384930536403980,25.0,53.36328125,-1.0,0,0
2026-07-28T23:37:42.320,10.42.0.1,10.42.0.1|10.42.0.47,70,3,UPLOAD,0.9778935005850924,UPLOAD,0.9778935005850924,1,7240,100.0,11,0.0,94009.0,0,11,0.0,1.0,0.09004669365250406,1,0,1,1,1,1,1,1,0.9699999999999999,1.0,1.0,1.0,0.8,skip,attack_already_active,1785296262.3203905,1785296262320390341,1384930537088621,25.0,53.36328125,-1.0,0,0
2026-07-28T23:37:42.370,10.42.0.1,10.42.0.1|10.42.0.47,70,3,UPLOAD,0.9783262332586276,UPLOAD,0.9783262332586276,1,14480,100.0,12,0.0,108489.0,0,12,0.0,1.0,0.08474844303860808,1,0,1,1,1,1,1,1,0.9699999999999999,1.0,1.0,1.0,0.8,skip,attack_already_active,1785296262.3702302,1785296262370230369,1384930586928789,25.0,53.36328125,-1.0,0,0
2026-07-28T23:37:42.371,10.42.0.1,10.42.0.1|10.42.0.47,70,3,UPLOAD,0.978502168479054,UPLOAD,0.978502168479054,1,14480,100.0,13,0.0,122969.0,0,13,0.0,1.0,0.07368264886948303,1,0,1,1,1,1,1,1,0.9699999999999999,1.0,1.0,1.0,0.8,skip,attack_already_active,1785296262.3710034,1785296262371003463,1384930587701678,25.0,53.36328125,-1.0,0,0
2026-07-28T23:37:42.371,10.42.0.1,10.42.0.1|10.42.0.47,70,3,UPLOAD,0.9770794259725278,UPLOAD,0.9770794259725278,0,43,100.0,13,0.0,122969.0,0,13,0.0,1.0,0.1756060039530523,1,0,1,1,1,1,1,1,0.8374999999999999,0.8500000000000001,1.0,0.6000000000000001,0.8,skip,attack_already_active,1785296262.3717563,1785296262371756284,1384930588454583,25.0,53.36328125,-1.0,0,0
2026-07-28T23:37:42.373,10.42.0.1,10.42.0.1|10.42.0.47,70,3,UPLOAD,0.9782052104247213,UPLOAD,0.9782052104247213,1,14480,100.0,14,0.0,137449.0,0,14,0.0,1.0,0.15285572693538327,1,0,1,1,1,1,1,1,0.9699999999999999,1.0,1.0,1.0,0.8,skip,attack_already_active,1785296262.3739638,1785296262373963797,1384930590661936,25.0,53.36328125,-1.0,0,0
2026-07-28T23:37:42.374,10.42.0.1,10.42.0.1|10.42.0.47,70,3,UPLOAD,0.9785569752857417,UPLOAD,0.9785569752857417,1,14480,100.0,15,0.0,151929.0,0,15,0.0,1.0,0.13280115083087934,1,0,1,1,1,1,1,1,0.9699999999999999,1.0,1.0,1.0,0.8,skip,attack_already_active,1785296262.374631,1785296262374630806,1384930591328892,25.0,53.36328125,-1.0,0,0
2026-07-28T23:37:42.375,10.42.0.1,10.42.0.1|10.42.0.47,70,3,UPLOAD,0.9784935227425102,UPLOAD,0.9784935227425102,1,7130,100.0,16,0.0,159059.0,0,16,0.0,1.0,0.11542664264242262,1,0,1,1,1,1,1,1,0.9699999999999999,1.0,1.0,1.0,0.8,skip,attack_already_active,1785296262.3755817,1785296262375581710,1384930592279977,25.0,53.36328125,-1.0,0,0
2026-07-28T23:37:42.721,10.42.0.1,,71,1,DOWNLOAD,0.972130128479142,DOWNLOAD,0.972130128479142,-1,1448,54.92403311193091,8,1448.0,79530.0,1,7,0.017881399886388896,0.9821186001136111,0.14630819137504603,0,0,0,0,1,0,0,0,0.44,0.8500000000000001,0.0,0.6000000000000001,0.15,skip,training_upload_trigger_not_confirmed,1785296262.7215345,1785296262721534468,1384930938233133,55.4,53.36328125,-1.0,0,0
2026-07-28T23:37:42.723,10.42.0.1,,71,1,DOWNLOAD,0.95,DOWNLOAD,0.95,-1,5792,10.984806628455136,9,7240.0,79530.0,2,7,0.08343897660481733,0.9165610233951826,0.1273095051328496,0,0,0,0,1,0,0,0,0.44,0.8500000000000001,0.0,0.6000000000000001,0.15,skip,training_upload_trigger_not_confirmed,1785296262.723667,1785296262723666832,1384930940365892,55.4,53.36328125,-1.0,0,0
2026-07-28T23:37:42.724,10.42.0.1,,71,1,DOWNLOAD,0.95,DOWNLOAD,0.95,-1,7240,5.492403314606878,10,14480.0,79530.0,3,7,0.1540261674289969,0.8459738325710031,0.1106837267893453,0,0,0,0,1,0,0,0,0.32,0.8500000000000001,0.0,0.0,0.15,skip,training_upload_trigger_not_confirmed,1785296262.724808,1785296262724807986,1384930941506504,55.4,53.36328125,-1.0,0,0
2026-07-28T23:37:42.726,10.42.0.1,,71,1,DOWNLOAD,0.95,DOWNLOAD,0.95,-1,7240,3.6616022098222096,11,21720.0,79530.0,4,7,0.21451851851851853,0.7854814814814814,0.09627981060958554,0,0,0,0,0,0,0,0,0.057499999999999996,0.1,0.0,0.0,0.15,skip,training_upload_trigger_not_confirmed,1785296262.7261844,1785296262726184529,1384930942883208,55.4,53.36328125,-1.0,0,0
2026-07-28T23:37:42.727,10.42.0.1,,71,1,DOWNLOAD,0.95,DOWNLOAD,0.95,-1,7240,2.746201657398266,12,28960.0,79530.0,5,7,0.26693704488892983,0.7330629551110701,0.08375237902300822,0,0,0,0,0,0,0,0,0.057499999999999996,0.1,0.0,0.0,0.15,skip,training_upload_trigger_not_confirmed,1785296262.727397,1785296262727396980,1384930944095409,55.4,53.36328125,-1.0,0,0
2026-07-28T23:37:42.729,10.42.0.1,,71,1,DOWNLOAD,0.95,DOWNLOAD,0.95,-1,7240,2.1969613259337852,13,36200.0,79530.0,6,7,0.31279702756415795,0.687202972435842,0.07299849117967591,0,0,0,0,0,0,0,0,0.057499999999999996,0.1,0.0,0.0,0.15,skip,training_upload_trigger_not_confirmed,1785296262.729541,1785296262729541044,1384930946239486,55.4,53.36328125,-1.0,0,0
2026-07-28T23:37:42.730,10.42.0.1,,71,1,DOWNLOAD,0.95,DOWNLOAD,0.95,-1,7240,1.8308011049532502,14,43440.0,79530.0,7,7,0.3532568919248597,0.6467431080751402,0.06347051581870186,0,0,0,0,0,0,0,0,0.057499999999999996,0.1,0.0,0.0,0.15,skip,training_upload_trigger_not_confirmed,1785296262.7302344,1785296262730234482,1384930946932596,55.4,53.36328125,-1.0,0,0
2026-07-28T23:37:42.731,10.42.0.1,,71,1,DOWNLOAD,0.95,DOWNLOAD,0.95,-1,7240,1.5692580899650894,15,50680.0,79530.0,8,7,0.3892174180170494,0.6107825819829507,0.05526029096312948,0,0,0,0,0,0,0,0,0.057499999999999996,0.1,0.0,0.0,0.15,skip,training_upload_trigger_not_confirmed,1785296262.7313998,1785296262731399600,1384930948097703,55.4,53.36328125,-1.0,0,0
2026-07-28T23:37:42.732,10.42.0.1,,71,1,DOWNLOAD,0.95,DOWNLOAD,0.95,-1,7240,1.37310082872284,16,57920.0,79530.0,9,7,0.4213895962168061,0.5786104037831938,0.04806444795854641,0,0,0,0,0,0,0,0,0.057499999999999996,0.1,0.0,0.0,0.15,skip,training_upload_trigger_not_confirmed,1785296262.7320528,1785296262732052649,1384930948750853,55.4,53.36328125,-1.0,0,0
2026-07-28T23:37:42.733,10.42.0.1,,71,1,DOWNLOAD,0.95,DOWNLOAD,0.95,-1,7240,1.2205340699781992,17,65160.0,79530.0,10,7,0.4503421107194692,0.5496578892805308,0.041978193528921064,0,0,0,0,0,0,0,0,0.057499999999999996,0.1,0.0,0.0,0.15,skip,training_upload_trigger_not_confirmed,1785296262.7339303,1785296262733930286,1384930950628437,55.4,53.36328125,-1.0,0,0
2026-07-28T23:37:42.734,10.42.0.1,,71,1,DOWNLOAD,0.95,DOWNLOAD,0.95,-1,10136,1.0562314067140852,18,75296.0,79530.0,11,7,0.486326585973932,0.5136734140260679,0.03653633053842728,0,0,0,0,0,0,0,0,0.039999999999999994,0.05,0.0,0.0,0.15,skip,training_upload_trigger_not_confirmed,1785296262.7346117,1785296262734611701,1384930951309871,55.4,53.36328125,-1.0,0,0
2026-07-28T23:37:42.735,10.42.0.1,,71,1,DOWNLOAD,0.95,DOWNLOAD,0.95,-1,14480,0.8858715024072595,19,89776.0,79530.0,12,7,0.5302588213058014,0.4697411786941987,0.031806916365442285,0,0,0,0,0,0,0,0,0.039999999999999994,0.05,0.0,0.0,0.15,skip,training_upload_trigger_not_confirmed,1785296262.7352579,1785296262735257896,1384930951956252,55.4,53.36328125,-1.0,0,0
2026-07-28T23:37:42.736,10.42.0.1,,71,1,DOWNLOAD,0.95,DOWNLOAD,0.95,-1,10136,0.7960004804248139,20,99912.0,79530.0,13,7,0.556792724111412,0.44320727588858794,0.027744859794441162,0,0,0,0,0,0,0,0,0.0225,0.0,0.0,0.0,0.15,skip,training_upload_trigger_not_confirmed,1785296262.736239,1785296262736238911,1384930952937565,55.4,53.36328125,-1.0,0,0
2026-07-28T23:37:42.737,10.42.0.1,,71,1,DOWNLOAD,0.95,DOWNLOAD,0.95,-1,14480,0.695240925941541,21,114392.0,79530.0,14,7,0.5898866554594115,0.4101133445405885,0.024233190378923308,0,0,0,0,0,0,0,0,0.0225,0.0,0.0,0.0,0.15,skip,training_upload_trigger_not_confirmed,1785296262.7373347,1785296262737334853,1384930954033612,55.4,53.36328125,-1.0,0,0
2026-07-28T23:37:42.738,10.42.0.1,,71,1,DOWNLOAD,0.95,DOWNLOAD,0.95,-1,14480,0.6171239679711875,22,128872.0,79530.0,15,7,0.6183817813648621,0.38161821863513784,0.021182604208667563,0,0,0,0,0,0,0,0,0.0225,0.0,0.0,0.0,0.15,skip,training_upload_trigger_not_confirmed,1785296262.7384179,1785296262738418007,1384930955116410,55.4,53.36328125,-1.0,0,0
2026-07-28T23:37:42.739,10.42.0.1,,71,1,DOWNLOAD,0.95,DOWNLOAD,0.95,-1,4344,0.5970003603201041,23,133216.0,79530.0,16,7,0.6261739351151138,0.3738260648848862,0.01859090446968407,0,0,0,0,0,0,0,0,0.0225,0.0,0.0,0.0,0.15,skip,training_upload_trigger_not_confirmed,1785296262.7399328,1785296262739932772,1384930956631375,55.4,53.36328125,-1.0,0,0
2026-07-28T23:37:42.740,10.42.0.1,,71,1,DOWNLOAD,0.95,DOWNLOAD,0.95,-1,10136,0.5547882136310983,24,143352.0,79530.0,17,7,0.6431744151613858,0.35682558483861415,0.016280842867112996,0,0,0,0,0,0,0,0,0.0225,0.0,0.0,0.0,0.15,skip,training_upload_trigger_not_confirmed,1785296262.7409933,1785296262740993298,1384930957691883,55.4,53.36328125,-1.0,0,0
2026-07-28T23:37:42.742,10.42.0.1,,71,1,DOWNLOAD,0.95,DOWNLOAD,0.95,-1,14480,0.5038902123808613,25,157832.0,79530.0,18,7,0.6649421558631963,0.3350578441368037,0.014314083247320732,0,0,0,0,0,0,0,0,0.0225,0.0,0.0,0.0,0.15,skip,training_upload_trigger_not_confirmed,1785296262.742349,1785296262742348803,1384930959047090,55.4,53.36328125,-1.0,0,0
2026-07-28T23:37:42.743,10.42.0.1,,71,1,DOWNLOAD,0.95,DOWNLOAD,0.95,-1,4344,0.4903931531207429,26,162176.0,79530.0,19,7,0.6709638982896576,0.3290361017103423,0.0125521086709922,0,0,0,0,0,0,0,0,0.0225,0.0,0.0,0.0,0.15,skip,training_upload_trigger_not_confirmed,1785296262.7432919,1785296262743292026,1384930959990468,55.4,53.36328125,-1.0,0,0
2026-07-28T23:37:42.744,10.42.0.1,,71,1,DOWNLOAD,0.95,DOWNLOAD,0.95,-1,18824,0.4393922651964674,27,181000.0,79530.0,20,7,0.694737650174644,0.305262349825356,0.010997843140302235,0,0,0,0,0,0,0,0,0.0225,0.0,0.0,0.0,0.15,skip,training_upload_trigger_not_confirmed,1785296262.744049,1785296262744049218,1384930960747373,55.4,53.36328125,-1.0,0,0
2026-07-28T23:37:42.744,10.42.0.1,,71,1,DOWNLOAD,0.95,DOWNLOAD,0.95,-1,21720,0.3923145224970781,28,202720.0,79530.0,21,7,0.7182285208148804,0.2817714791851196,0.009646379405450732,0,0,0,0,0,0,0,0,0.0225,0.0,0.0,0.0,0.15,skip,training_upload_trigger_not_confirmed,1785296262.744791,1785296262744791122,1384930961489131,55.4,53.36328125,-1.0,0,0
2026-07-28T23:37:42.745,10.42.0.1,,71,1,DOWNLOAD,0.95,DOWNLOAD,0.95,-1,5792,0.38141689687221153,29,208512.0,79530.0,22,7,0.723894432061991,0.27610556793800906,0.008501813916981512,0,0,0,0,0,0,0,0,0.0225,0.0,0.0,0.0,0.15,skip,training_upload_trigger_not_confirmed,1785296262.7457516,1785296262745751551,1384930962449908,55.4,53.36328125,-1.0,0,0
2026-07-28T23:37:42.746,10.42.0.1,,71,1,DOWNLOAD,0.95,DOWNLOAD,0.95,-1,6784,0.36939840963432014,30,215296.0,79530.0,23,7,0.7302476715079402,0.2697523284920597,0.007499213207933843,0,0,0,0,0,0,0,0,0.0225,0.0,0.0,0.0,0.15,skip,training_upload_trigger_not_confirmed,1785296262.746645,1785296262746644888,1384930963343113,55.4,53.36328125,-1.0,0,0
2026-07-28T23:37:42.747,10.42.0.18,,53,1,DOWNLOAD,0.95,DOWNLOAD,0.95,-1,7300,1.3698630135109776e-10,1,7300.0,0.0,1,0,1.0,0.0,0.809902328216418,0,0,0,0,0,0,0,0,0.0225,0.0,0.0,0.0,0.15,skip,already_attacked_this_round,1785296262.7478385,1785296262747838374,1384930964536641,55.4,53.36328125,-1.0,0,0
2026-07-28T23:37:42.748,10.42.0.18,,53,1,DOWNLOAD,0.95,DOWNLOAD,0.95,-1,7300,6.84931506802402e-11,2,14600.0,0.0,2,0,1.0,0.0,0.7033206401823134,0,0,0,0,0,0,0,0,0.0225,0.0,0.0,0.0,0.15,skip,already_attacked_this_round,1785296262.7489219,1785296262748921869,1384930965620197,55.4,53.36328125,-1.0,0,0
2026-07-28T23:37:42.750,10.42.0.1,,71,1,DOWNLOAD,0.95,DOWNLOAD,0.95,-1,14024,0.34680795395365943,31,229320.0,79530.0,24,7,0.7424963574550753,0.2575036425449247,0.007035020546910056,0,0,0,0,0,0,0,0,0.0225,0.0,0.0,0.0,0.15,skip,training_upload_trigger_not_confirmed,1785296262.7506216,1785296262750621379,1384930967320189,55.4,53.36328125,-1.0,0,0
2026-07-28T23:37:42.751,10.42.0.210,,70,1,DOWNLOAD,0.9836077456012364,DOWNLOAD,0.9836077456012364,-1,7240,7.399999999116022,38,7240.0,53576.0,1,37,0.11904761904761904,0.8809523809523809,0.054905126276888816,0,0,0,0,0,0,0,0,0.057499999999999996,0.1,0.0,0.0,0.15,skip,training_upload_trigger_not_confirmed,1785296262.751961,1785296262751960977,1384930968659590,55.4,53.36328125,-1.0,0,0
2026-07-28T23:37:42.752,10.42.0.210,,70,1,DOWNLOAD,0.95,DOWNLOAD,0.95,-1,7240,3.699999999813536,39,14480.0,53576.0,2,37,0.2127659574468085,0.7872340425531915,0.04777905108922427,0,0,0,0,0,0,0,0,0.057499999999999996,0.1,0.0,0.0,0.15,skip,training_upload_trigger_not_confirmed,1785296262.7527883,1785296262752788126,1384930969486464,55.4,53.36328125,-1.0,0,0
2026-07-28T23:37:42.753,10.42.0.1,,71,1,DOWNLOAD,0.95,DOWNLOAD,0.95,-1,18824,0.32049938745518525,32,248144.0,79530.0,25,7,0.7572892570054384,0.24271074299456166,0.006498598000290872,0,0,0,0,0,0,0,0,0.0225,0.0,0.0,0.0,0.15,skip,training_upload_trigger_not_confirmed,1785296262.7535858,1785296262753585946,1384930970284470,55.4,53.36328125,-1.0,0,0
2026-07-28T23:37:42.754,10.42.0.1,,71,1,DOWNLOAD,0.95,DOWNLOAD,0.95,-1,16920,0.30004074487934973,33,265064.0,79530.0,26,7,0.7692066605918849,0.23079333940811506,0.005780925464765936,0,0,0,0,0,0,0,0,0.0225,0.0,0.0,0.0,0.15,skip,training_upload_trigger_not_confirmed,1785296262.7546382,1785296262754637956,1384930971337117,55.4,53.36328125,-1.0,0,0
2026-07-28T23:37:42.755,10.42.0.1,,71,1,DOWNLOAD,0.95,DOWNLOAD,0.95,-1,16946,0.28201127619842553,34,282010.0,79530.0,27,7,0.7800243403219561,0.21997565967804392,0.005127443141656172,0,0,0,0,0,0,0,0,0.0225,0.0,0.0,0.0,0.15,skip,training_upload_trigger_not_confirmed,1785296262.75546,1785296262755460165,1384930972158487,55.4,53.36328125,-1.0,0,0
2026-07-28T23:37:42.756,10.42.0.1,,71,1,DOWNLOAD,0.95,DOWNLOAD,0.95,-1,16920,0.2660489077735053,35,298930.0,79530.0,28,7,0.7898589018654547,0.21014109813454526,0.004547757451745072,0,0,0,0,0,0,0,0,0.0225,0.0,0.0,0.0,0.15,skip,training_upload_trigger_not_confirmed,1785296262.7561884,1785296262756188415,1384930972886610,55.4,53.36328125,-1.0,0,0
2026-07-28T23:37:42.757,10.42.0.59,,28,2,TRAINING,0.95,TRAINING,0.95,-1,7300,1.3698630135109776e-10,1,7300.0,0.0,1,0,1.0,0.0,0.847475334841635,0,0,0,0,0,0,0,0,0.0225,0.0,0.0,0.0,0.15,skip,training_upload_trigger_not_confirmed,1785296262.7571864,1785296262757186199,1384930973884445,55.4,53.36328125,-1.0,0,0
2026-07-28T23:37:42.757,10.42.0.59,,28,2,TRAINING,0.95,TRAINING,0.95,-1,7300,6.84931506802402e-11,2,14600.0,0.0,2,0,1.0,0.0,0.7358862151091763,0,0,0,0,0,0,0,0,0.0225,0.0,0.0,0.0,0.15,skip,training_upload_trigger_not_confirmed,1785296262.7578428,1785296262757842684,1384930974540755,55.4,53.36328125,-1.0,0,0
2026-07-28T23:37:42.758,10.42.0.18,,53,1,DOWNLOAD,0.95,DOWNLOAD,0.95,-1,10220,4.029008863657171e-11,3,24820.0,0.0,3,0,1.0,0.0,0.6119447933392544,0,0,0,0,0,0,0,0,0.0225,0.0,0.0,0.0,0.15,skip,already_attacked_this_round,1785296262.7588165,1785296262758816639,1384930975515135,55.4,53.36328125,-1.0,0,0
2026-07-28T23:37:42.759,10.42.0.18,,53,1,DOWNLOAD,0.95,DOWNLOAD,0.95,-1,4380,3.424657534129292e-11,4,29200.0,0.0,4,0,1.0,0.0,0.5313928369363756,0,0,0,0,0,0,0,0,0.0225,0.0,0.0,0.0,0.15,skip,already_attacked_this_round,1785296262.7594748,1785296262759474674,1384930976172781,55.4,53.36328125,-1.0,0,0
2026-07-28T23:37:42.760,10.42.0.18,,53,1,DOWNLOAD,0.95,DOWNLOAD,0.95,-1,14600,2.2831050227789245e-11,5,43800.0,0.0,5,0,1.0,0.0,0.46149305285384723,0,0,0,0,0,0,0,0,0.0225,0.0,0.0,0.0,0.15,skip,already_attacked_this_round,1785296262.7604175,1785296262760417606,1384930977115692,55.4,53.36328125,-1.0,0,0
2026-07-28T23:37:42.761,10.42.0.210,,70,1,DOWNLOAD,0.9557926560077417,DOWNLOAD,0.9557926560077417,-1,1448,3.3636363634879687,40,15928.0,53576.0,3,37,0.22916666666666666,0.7708333333333334,0.04267079274000392,0,0,0,0,0,0,0,0,0.057499999999999996,0.1,0.0,0.0,0.15,skip,training_upload_trigger_not_confirmed,1785296262.7618022,1785296262761802179,1384930978500239,55.4,53.36328125,-1.0,0,0
2026-07-28T23:37:42.764,10.42.0.210,,70,1,DOWNLOAD,0.9846998846180315,DOWNLOAD,0.9846998846180315,-1,10136,2.055555555515057,41,26064.0,53576.0,4,37,0.32727272727272727,0.6727272727272727,0.03740103560472528,0,0,0,0,0,0,0,0,0.057499999999999996,0.1,0.0,0.0,0.15,skip,training_upload_trigger_not_confirmed,1785296262.7644823,1785296262764482331,1384930981180722,55.4,53.36328125,-1.0,0,0
2026-07-28T23:37:42.765,10.42.0.210,,70,1,DOWNLOAD,0.9854895428954357,DOWNLOAD,0.9854895428954357,-1,14480,1.3214285714206435,42,40544.0,53576.0,5,37,0.4307692307692308,0.5692307692307692,0.032604298923680476,0,0,0,0,0,0,0,0,0.057499999999999996,0.1,0.0,0.0,0.15,skip,training_upload_trigger_not_confirmed,1785296262.7654822,1785296262765482151,1384930982180508,55.4,53.36328125,-1.0,0,0
2026-07-28T23:37:42.766,10.42.0.210,,70,1,DOWNLOAD,0.9855083405864443,DOWNLOAD,0.9855083405864443,-1,2896,1.233333333327962,43,43440.0,53576.0,6,37,0.44776119402985076,0.5522388059701493,0.028397707332744625,0,0,0,0,0,0,0,0,0.057499999999999996,0.1,0.0,0.0,0.15,skip,training_upload_trigger_not_confirmed,1785296262.7661638,1785296262766163759,1384930982862759,55.4,53.36328125,-1.0,0,0
2026-07-28T23:37:42.767,10.42.0.145,,33,2,TRAINING,0.95,TRAINING,0.95,-1,14600,6.84931506802402e-11,1,14600.0,0.0,1,0,1.0,0.0,0.7628070476273245,0,0,0,0,0,0,0,0,0.0225,0.0,0.0,0.0,0.15,skip,training_upload_trigger_not_confirmed,1785296262.7673688,1785296262767368619,1384930984067151,55.4,53.36328125,-1.0,0,0
2026-07-28T23:37:42.768,10.42.0.145,,33,2,TRAINING,0.95,TRAINING,0.95,-1,14600,3.424657534129292e-11,2,29200.0,0.0,2,0,1.0,0.0,0.6623992693440073,0,0,0,0,0,0,0,0,0.0225,0.0,0.0,0.0,0.15,skip,training_upload_trigger_not_confirmed,1785296262.768209,1785296262768208909,1384930984907487,55.4,53.36328125,-1.0,0,0
2026-07-28T23:37:42.769,10.42.0.59,,28,2,TRAINING,0.95,TRAINING,0.95,-1,14600,3.424657534129292e-11,3,29200.0,0.0,3,0,1.0,0.0,0.6404574841973076,0,0,0,0,0,0,0,0,0.0225,0.0,0.0,0.0,0.15,skip,training_upload_trigger_not_confirmed,1785296262.7695467,1785296262769546659,1384930986245096,55.4,53.36328125,-1.0,0,0
2026-07-28T23:37:42.770,10.42.0.59,,28,2,TRAINING,0.95,TRAINING,0.95,-1,14600,2.2831050227789245e-11,4,43800.0,0.0,4,0,1.0,0.0,0.5562022583363107,0,0,0,0,0,0,0,0,0.0225,0.0,0.0,0.0,0.15,skip,training_upload_trigger_not_confirmed,1785296262.7706146,1785296262770614511,1384930987312934,55.4,53.36328125,-1.0,0,0
2026-07-28T23:37:42.772,10.42.0.47,,71,1,DOWNLOAD,0.95,DOWNLOAD,0.95,-1,5792,1.7265193367184875e-10,1,5792.0,0.0,1,0,1.0,0.0,0.046419719873610085,0,0,0,0,0,0,0,0,0.0225,0.0,0.0,0.0,0.15,skip,training_upload_trigger_not_confirmed,1785296262.7724357,1785296262772435640,1384930989134040,55.4,53.36328125,-1.0,0,0
2026-07-28T23:37:42.773,10.42.0.47,,71,1,DOWNLOAD,0.9829981496648164,DOWNLOAD,0.9829981496648164,-1,11584,5.7550644563907074e-11,2,17376.0,0.0,2,0,1.0,0.0,0.04040426441159786,0,0,0,0,0,0,0,0,0.0225,0.0,0.0,0.0,0.15,skip,training_upload_trigger_not_confirmed,1785296262.7732058,1785296262773205817,1384930989904113,55.4,53.36328125,-1.0,0,0
2026-07-28T23:37:42.774,10.42.0.18,,53,1,DOWNLOAD,0.95,DOWNLOAD,0.95,-1,14600,1.7123287670939668e-11,6,58400.0,0.0,6,0,1.0,0.0,0.40253339962254087,0,0,0,0,0,0,0,0,0.0225,0.0,0.0,0.0,0.15,skip,already_attacked_this_round,1785296262.774482,1785296262774481898,1384930991180056,55.4,53.36328125,-1.0,0,0
2026-07-28T23:37:42.775,10.42.0.18,,53,1,DOWNLOAD,0.95,DOWNLOAD,0.95,-1,5840,1.556662515542393e-11,7,64240.0,0.0,7,0,1.0,0.0,0.3496120829739311,0,0,0,0,0,0,0,0,0.0225,0.0,0.0,0.0,0.15,skip,already_attacked_this_round,1785296262.7754102,1785296262775410126,1384930992108387,55.4,53.36328125,-1.0,0,0
2026-07-28T23:37:42.776,10.42.0.18,,53,1,DOWNLOAD,0.956008796701662,DOWNLOAD,0.956008796701662,-1,8760,1.369863013679865e-11,8,73000.0,0.0,8,0,1.0,0.0,0.3036990039440023,0,0,0,0,0,0,0,0,0.0225,0.0,0.0,0.0,0.15,skip,already_attacked_this_round,1785296262.7766006,1785296262776600678,1384930993298856,55.4,53.36328125,-1.0,0,0
2026-07-28T23:37:42.777,10.42.0.59,,28,2,TRAINING,0.95,TRAINING,0.95,-1,24820,1.4573010783815608e-11,5,68620.0,0.0,5,0,1.0,0.0,0.48382412960993376,0,0,0,0,0,0,0,0,0.0225,0.0,0.0,0.0,0.15,skip,training_upload_trigger_not_confirmed,1785296262.7775593,1785296262777559390,1384930994257461,55.4,53.36328125,-1.0,0,0
2026-07-28T23:37:42.778,10.42.0.59,,28,2,TRAINING,0.9549876974980147,TRAINING,0.9549876974980147,-1,10564,1.2628813901638856e-11,6,79184.0,0.0,6,0,1.0,0.0,0.4201704116717974,0,0,0,0,0,0,0,0,0.0225,0.0,0.0,0.0,0.15,skip,training_upload_trigger_not_confirmed,1785296262.778333,1785296262778333048,1384930995031461,55.4,53.36328125,-1.0,0,0
2026-07-28T23:37:42.779,10.42.0.210,,70,1,DOWNLOAD,0.9855087208476458,DOWNLOAD,0.9855087208476458,-1,17376,0.8809523809543385,44,60816.0,53576.0,7,37,0.5316455696202531,0.46835443037974683,0.02638963959669872,0,0,0,0,0,0,0,0,0.039999999999999994,0.05,0.0,0.0,0.15,skip,training_upload_trigger_not_confirmed,1785296262.7793229,1785296262779322950,1384930996021154,55.4,53.36328125,-1.0,0,0
2026-07-28T23:37:42.780,10.42.0.210,,70,1,DOWNLOAD,0.9855087261970161,DOWNLOAD,0.9855087261970161,-1,18368,0.6766013336068323,45,79184.0,53576.0,8,37,0.5964447122627298,0.4035552877372703,0.023075184169423422,0,0,0,0,0,0,0,0,0.0225,0.0,0.0,0.0,0.15,skip,training_upload_trigger_not_confirmed,1785296262.78056,1785296262780560101,1384930997258316,55.4,53.36328125,-1.0,0,0
2026-07-28T23:37:42.781,10.42.0.47,,71,1,DOWNLOAD,0.9842257140988042,DOWNLOAD,0.9842257140988042,-1,11584,3.453038673913914e-11,3,28960.0,0.0,3,0,1.0,0.0,0.03620984940567262,0,0,0,0,0,0,0,0,0.0225,0.0,0.0,0.0,0.15,skip,training_upload_trigger_not_confirmed,1785296262.7817798,1785296262781779770,1384930998477879,55.4,53.36328125,-1.0,0,0
2026-07-28T23:37:42.784,10.42.0.47,,71,1,DOWNLOAD,0.9842586901286671,DOWNLOAD,0.9842586901286671,-1,11584,2.4664561956771294e-11,4,40544.0,0.0,4,0,1.0,0.0,0.03173257186812302,0,0,0,0,0,0,0,0,0.0225,0.0,0.0,0.0,0.15,skip,training_upload_trigger_not_confirmed,1785296262.7840128,1785296262784012717,1384931000710995,55.4,53.36328125,-1.0,0,0
2026-07-28T23:37:42.785,10.42.0.47,,71,1,DOWNLOAD,0.9842595481342594,DOWNLOAD,0.9842595481342594,-1,23168,1.569563033626796e-11,5,63712.0,0.0,5,0,1.0,0.0,0.02768386217918537,0,0,0,0,0,0,0,0,0.0225,0.0,0.0,0.0,0.15,skip,training_upload_trigger_not_confirmed,1785296262.7850208,1785296262785021010,1384931001719249,55.4,53.36328125,-1.0,0,0
2026-07-28T23:37:42.785,10.42.0.145,,33,2,TRAINING,0.95,TRAINING,0.95,-1,29200,1.7123287670939668e-11,3,58400.0,0.0,3,0,1.0,0.0,0.5774555131241518,0,0,0,0,0,0,0,0,0.0225,0.0,0.0,0.0,0.15,skip,training_upload_trigger_not_confirmed,1785296262.7859936,1785296262785993573,1384931002691603,55.4,53.36328125,-1.0,0,0
2026-07-28T23:37:42.786,10.42.0.145,,33,2,TRAINING,0.95,TRAINING,0.95,-1,6184,1.5483711135645304e-11,4,64584.0,0.0,4,0,1.0,0.0,0.5014510966213841,0,0,0,0,0,0,0,0,0.0225,0.0,0.0,0.0,0.15,skip,training_upload_trigger_not_confirmed,1785296262.7866726,1785296262786672648,1384931003370660,55.4,53.36328125,-1.0,0,0
2026-07-28T23:37:42.787,10.42.0.18,,53,1,DOWNLOAD,0.9654031722898572,DOWNLOAD,0.9654031722898572,-1,6184,1.2628813901638856e-11,9,79184.0,0.0,9,0,1.0,0.0,0.26516072037329363,0,0,0,0,0,0,0,0,0.0225,0.0,0.0,0.0,0.15,skip,already_attacked_this_round,1785296262.7878432,1785296262787843416,1384931004542188,55.4,53.36328125,-1.0,0,0
2026-07-28T23:37:42.799,10.42.0.47,,71,1,DOWNLOAD,0.9842595696464124,DOWNLOAD,0.9842595696464124,-1,2453,1.5113730824225592e-11,6,66165.0,0.0,6,0,1.0,0.0,0.02598221176724965,0,0,0,0,0,0,0,0,0.0225,0.0,0.0,0.0,0.15,skip,training_upload_trigger_not_confirmed,1785296262.7997913,1785296262799791398,1384931016489968,55.4,53.36328125,-1.0,0,0
2026-07-28T23:37:43.099,10.42.0.59,,28,3,UPLOAD,0.95,UPLOAD,0.95,1,64240,0.811275005053909,7,79184.0,64240.0,6,1,0.5520972780008925,0.4479027219991075,0.6233740505846963,0,0,0,1,1,1,1,1,0.85,1.0,1.0,0.4,0.8,trigger,training_upload_trigger_confirmed,1785296263.0993414,1785296263099341329,1384931316040548,55.4,53.36328125,9.485516,1785296263108828792,1384931325526064
2026-07-28T23:37:43.100,10.42.0.59,,28,3,UPLOAD,0.9841010226033655,UPLOAD,0.9841010226033655,1,14600,0.9956556880178362,8,79184.0,78840.0,6,2,0.5010884422619349,0.4989115577380651,0.5413714303172231,0,0,1,1,1,1,1,1,0.85,1.0,1.0,0.4,0.8,skip,attack_already_active,1785296263.1004202,1785296263100420452,1384931317119029,55.4,53.36328125,-1.0,0,0
2026-07-28T23:37:43.103,10.42.0.59,,28,3,UPLOAD,0.9854688349332961,UPLOAD,0.9854688349332961,1,715,1.004685289957508,9,79184.0,79555.0,6,3,0.4988314150901795,0.5011685849098205,0.4704791600064518,0,0,1,1,1,1,1,1,0.85,1.0,1.0,0.4,0.8,skip,attack_already_active,1785296263.1038098,1785296263103809855,1384931320508427,55.4,53.36328125,-1.0,0,0
2026-07-28T23:37:43.105,10.42.0.1,10.42.0.1,71,3,UPLOAD,0.95,UPLOAD,0.95,1,7240,0.2902686247640241,36,298930.0,86770.0,28,8,0.7750324086077263,0.2249675913922738,0.004382166045513783,1,0,0,1,1,1,1,1,0.85,1.0,1.0,0.4,0.8,trigger,training_upload_trigger_confirmed,1785296263.1055036,1785296263105503529,1384931322202332,55.4,53.36328125,20.598347,1785296263126103395,1384931342800679
2026-07-28T23:37:43.106,10.42.0.1,10.42.0.1,71,3,UPLOAD,0.95,UPLOAD,0.95,1,5792,0.30964439835643914,37,298930.0,92562.0,28,9,0.7635660498809682,0.23643395011903182,0.0039827827284938415,1,0,1,1,1,1,1,1,0.9699999999999999,1.0,1.0,1.0,0.8,skip,attack_already_active,1785296263.106855,1785296263106855037,1384931323555381,55.4,53.36328125,-1.0,0,0
2026-07-28T23:37:43.108,10.42.0.145,10.42.0.1,33,3,UPLOAD,0.95,UPLOAD,0.95,1,64240,0.994673603369338,5,64584.0,64240.0,4,1,0.5013351549400733,0.4986648450599267,0.6372260054839893,0,0,0,1,1,1,1,1,0.85,1.0,1.0,0.4,0.8,trigger,training_upload_trigger_confirmed,1785296263.1081917,1785296263108191872,1384931324890698,55.4,53.36328125,30.983694,1785296263139177109,1384931355874392
2026-07-28T23:37:43.125,10.42.0.1,10.42.0.1,71,3,UPLOAD,0.95,UPLOAD,0.95,1,1448,0.3144883417545429,38,298930.0,94010.0,28,10,0.7607522777014303,0.23924772229856975,0.00591046509960547,1,0,1,1,1,1,1,1,0.9699999999999999,1.0,1.0,1.0,0.8,skip,attack_already_active,1785296263.1254663,1785296263125466323,1384931342165557,55.4,53.36328125,-1.0,0,0
2026-07-28T23:37:43.137,10.42.0.1,10.42.0.1,71,3,UPLOAD,0.95,UPLOAD,0.95,1,1448,0.3193322851526466,39,298930.0,95458.0,28,11,0.7579591671146181,0.24204083288538192,0.006668936910967628,1,0,1,1,1,1,1,1,0.9699999999999999,1.0,1.0,1.0,0.8,skip,attack_already_active,1785296263.1371326,1785296263137132608,1384931353831291,55.4,53.36328125,-1.0,0,0
2026-07-28T23:37:43.189,10.42.0.1,10.42.0.1,71,3,UPLOAD,0.95,UPLOAD,0.95,1,1448,0.3241762285507504,40,298930.0,96906.0,28,12,0.755186491375216,0.24481350862478402,0.012687378117441729,1,0,1,1,1,1,1,1,0.9699999999999999,1.0,1.0,1.0,0.8,skip,attack_already_active,1785296263.1894739,1785296263189473838,1384931406172437,55.4,53.36328125,-1.0,0,0
2026-07-28T23:37:43.192,10.42.0.1,10.42.0.1,71,3,UPLOAD,0.95,UPLOAD,0.95,1,11584,0.36292777573558044,41,298930.0,108490.0,28,13,0.7337145942761769,0.2662854057238231,0.01136046955378867,1,0,1,1,1,1,1,1,0.9699999999999999,1.0,1.0,1.0,0.8,skip,attack_already_active,1785296263.1920917,1785296263192091773,1384931408790256,55.4,53.36328125,-1.0,0,0
2026-07-28T23:37:43.192,10.42.0.1,10.42.0.1,71,3,UPLOAD,0.95,UPLOAD,0.95,1,14480,0.411367209716618,42,298930.0,122970.0,28,14,0.7085328276842854,0.2914671723157146,0.009960027051630458,1,0,1,1,1,1,1,1,0.9699999999999999,1.0,1.0,1.0,0.8,skip,attack_already_active,1785296263.1928246,1785296263192824630,1384931409522988,55.4,53.36328125,-1.0,0,0
2026-07-28T23:37:43.193,10.42.0.1,10.42.0.1,71,3,UPLOAD,0.95,UPLOAD,0.95,1,1448,0.4162111531147218,43,298930.0,124418.0,28,15,0.7061093946351465,0.2938906053648535,0.008736744008083296,1,0,1,1,1,1,1,1,0.9699999999999999,1.0,1.0,1.0,0.8,skip,attack_already_active,1785296263.1935015,1785296263193501369,1384931410199496,55.4,53.36328125,-1.0,0,0
2026-07-28T23:37:43.194,10.42.0.1,10.42.0.1,71,3,UPLOAD,0.95,UPLOAD,0.95,1,11584,0.4549627002995519,44,298930.0,136002.0,28,16,0.6873028427432334,0.31269715725676656,0.007671453854652173,1,0,1,1,1,1,1,1,0.9699999999999999,1.0,1.0,1.0,0.8,skip,attack_already_active,1785296263.194154,1785296263194153944,1384931410852032,55.4,53.36328125,-1.0,0,0
2026-07-28T23:37:43.194,10.42.0.1,10.42.0.1,71,3,UPLOAD,0.95,UPLOAD,0.95,1,14480,0.5034021342805894,45,298930.0,150482.0,28,17,0.665158028713074,0.33484197128692605,0.006749966250789585,1,0,1,1,1,1,1,1,0.9699999999999999,1.0,1.0,1.0,0.8,skip,attack_already_active,1785296263.1948326,1785296263194832570,1384931411530592,55.4,53.36328125,-1.0,0,0
2026-07-28T23:37:43.196,10.42.0.1,10.42.0.1,71,3,UPLOAD,0.95,UPLOAD,0.95,1,18824,0.5663733984559383,46,298930.0,169306.0,28,18,0.6384173792702825,0.3615826207297175,0.006040672290792189,1,0,1,1,1,1,1,1,0.9699999999999999,1.0,1.0,1.0,0.8,skip,attack_already_active,1785296263.1962,1785296263196200014,1384931412899139,75.7,53.36328125,-1.0,0,0
2026-07-28T23:37:43.197,10.42.0.1,10.42.0.1,71,3,UPLOAD,0.95,UPLOAD,0.95,1,17376,0.6245007192331834,47,298930.0,186682.0,28,19,0.6155737502368146,0.3844262497631854,0.005441873440620415,1,0,1,1,1,1,1,1,0.9699999999999999,1.0,1.0,1.0,0.8,skip,attack_already_active,1785296263.1976964,1785296263197696433,1384931414394795,75.7,53.36328125,-1.0,0,0
2026-07-28T23:37:43.199,10.42.0.1,10.42.0.1,71,3,UPLOAD,0.95,UPLOAD,0.95,1,18824,0.6874719834085322,48,298930.0,205506.0,28,20,0.5926024312301263,0.4073975687698737,0.004927416215159203,1,0,1,1,1,1,1,1,0.9699999999999999,1.0,1.0,1.0,0.8,skip,attack_already_active,1785296263.1992342,1785296263199234266,1384931415932728,75.7,53.36328125,-1.0,0,0
2026-07-28T23:37:43.200,10.42.0.1,10.42.0.1,71,3,UPLOAD,0.95,UPLOAD,0.95,1,10136,0.7213795871952585,49,298930.0,215642.0,28,21,0.5809293937485911,0.41907060625140896,0.004411318682938537,1,0,1,1,1,1,1,1,0.9699999999999999,1.0,1.0,1.0,0.8,skip,attack_already_active,1785296263.2002451,1785296263200245120,1384931416943554,75.7,53.36328125,-1.0,0,0
2026-07-28T23:37:43.201,10.42.0.1,10.42.0.1,71,3,UPLOAD,0.95,UPLOAD,0.95,1,1350,0.725895694645148,50,298930.0,216992.0,28,22,0.5794092905516726,0.42059070944832744,0.004059461375040865,1,0,1,1,1,1,1,1,0.9699999999999999,1.0,1.0,1.0,0.8,skip,attack_already_active,1785296263.2019863,1785296263201986182,1384931418684802,75.7,53.36328125,-1.0,0,0
2026-07-28T23:37:43.203,10.42.0.1,10.42.0.1,71,3,UPLOAD,0.95,UPLOAD,0.95,1,8591,0.7546348643503341,51,298930.0,225583.0,28,23,0.5699191440440943,0.4300808559559058,0.00376729088918316,1,0,1,1,1,1,1,1,0.9699999999999999,1.0,1.0,1.0,0.8,skip,attack_already_active,1785296263.2038286,1785296263203828538,1384931420526946,75.7,53.36328125,-1.0,0,0
2026-07-28T23:37:43.209,10.42.0.18,10.42.0.1,53,3,UPLOAD,0.95,UPLOAD,0.95,1,56940,0.7190846635719453,10,79184.0,56940.0,9,1,0.5817049161059035,0.4182950838940966,0.539108509133611,0,0,0,1,1,1,1,1,0.9699999999999999,1.0,1.0,1.0,0.8,skip,already_attacked_this_round,1785296263.209964,1785296263209964106,1384931426662589,75.7,53.36328125,-1.0,0,0
2026-07-28T23:37:43.212,10.42.0.18,10.42.0.1,53,3,UPLOAD,0.9841010226033655,UPLOAD,0.9841010226033655,1,22615,1.004685289957508,11,79184.0,79555.0,9,2,0.4988314150901795,0.5011685849098205,0.46833727088091837,0,0,0,1,1,1,1,1,0.9699999999999999,1.0,1.0,1.0,0.8,skip,already_attacked_this_round,1785296263.2120092,1785296263212009184,1384931428707700,75.7,53.36328125,-1.0,0,0
2026-07-28T23:37:43.213,10.42.0.1,10.42.0.1,71,3,UPLOAD,0.95,UPLOAD,0.95,1,7240,0.7788545813408528,52,298930.0,232823.0,28,24,0.5621594988650745,0.43784050113492545,0.0036245875589419802,1,0,1,1,1,1,1,1,0.9699999999999999,1.0,1.0,1.0,0.8,skip,attack_already_active,1785296263.2135594,1785296263213559206,1384931430258146,75.7,53.36328125,-1.0,0,0
2026-07-28T23:37:43.215,10.42.0.1,10.42.0.1,71,3,UPLOAD,0.95,UPLOAD,0.95,1,5792,0.7982303549332679,53,298930.0,238615.0,28,25,0.5561022798091323,0.44389772019086776,0.003354817517121403,1,0,1,1,1,1,1,1,0.9699999999999999,1.0,1.0,1.0,0.8,skip,attack_already_active,1785296263.2151368,1785296263215136807,1384931431835470,75.7,53.36328125,-1.0,0,0
2026-07-28T23:37:43.216,10.42.0.1,10.42.0.1,71,3,UPLOAD,0.95,UPLOAD,0.95,1,2896,0.8079182417294755,54,298930.0,241511.0,28,26,0.5531223574821303,0.44687764251786966,0.003136273602580024,1,0,1,1,1,1,1,1,0.9699999999999999,1.0,1.0,1.0,0.8,skip,attack_already_active,1785296263.216833,1785296263216833016,1384931433531504,75.7,53.36328125,-1.0,0,0
2026-07-28T23:37:43.217,10.42.0.1,10.42.0.1,71,3,UPLOAD,0.95,UPLOAD,0.95,1,11584,0.8466697889143054,55,298930.0,253095.0,28,27,0.5415153299216521,0.4584846700783479,0.0028521814990086695,1,0,1,1,1,1,1,1,0.9699999999999999,1.0,1.0,1.0,0.8,skip,attack_already_active,1785296263.2178135,1785296263217813616,1384931434511842,75.7,53.36328125,-1.0,0,0
2026-07-28T23:37:43.218,10.42.0.1,10.42.0.1,71,3,UPLOAD,0.95,UPLOAD,0.95,1,2896,0.856357675710513,56,298930.0,255991.0,28,28,0.5386892909080752,0.4613107090919248,0.0025693639601388385,1,0,1,1,1,1,1,1,0.9699999999999999,1.0,1.0,1.0,0.8,skip,attack_already_active,1785296263.2185194,1785296263218519566,1384931435218054,75.7,53.36328125,-1.0,0,0
2026-07-28T23:37:43.219,10.42.0.1,10.42.0.1,71,3,UPLOAD,0.95,UPLOAD,0.95,1,11584,0.895109222895343,57,298930.0,267575.0,28,29,0.5276740717204614,0.47232592827953856,0.002393467108947198,1,0,1,1,1,1,1,1,0.9699999999999999,1.0,1.0,1.0,0.8,skip,attack_already_active,1785296263.219754,1785296263219753961,1384931436452317,75.7,53.36328125,-1.0,0,0
2026-07-28T23:37:43.220,10.42.0.1,10.42.0.1,71,3,UPLOAD,0.95,UPLOAD,0.95,1,5792,0.914484996487758,58,298930.0,273367.0,28,30,0.5223336833846761,0.4776663166153239,0.002166446627874626,1,0,1,1,1,1,1,1,0.9699999999999999,1.0,1.0,1.0,0.8,skip,attack_already_active,1785296263.2204247,1785296263220424763,1384931437122753,75.7,53.36328125,-1.0,0,0
2026-07-28T23:37:43.221,10.42.0.1,10.42.0.1,71,3,UPLOAD,0.95,UPLOAD,0.95,1,14480,0.9629244304687956,59,298930.0,287847.0,28,31,0.5094439625275019,0.4905560374724981,0.002003146860311865,1,0,1,1,1,1,1,1,0.9699999999999999,1.0,1.0,1.0,0.8,skip,attack_already_active,1785296263.2213519,1785296263221351940,1384931438050023,75.7,53.36328125,-1.0,0,0
2026-07-28T23:37:43.222,10.42.0.1,10.42.0.1,71,3,UPLOAD,0.95,UPLOAD,0.95,1,8688,0.9919880908574181,60,298930.0,296535.0,28,32,0.5020110333940702,0.49798896660592984,0.0018599206287187532,1,0,1,1,1,1,1,1,0.9699999999999999,1.0,1.0,1.0,0.8,skip,attack_already_active,1785296263.222268,1785296263222268048,1384931438966138,75.7,53.36328125,-1.0,0,0
2026-07-28T23:37:43.223,10.42.0.1,10.42.0.1,71,3,UPLOAD,0.95,UPLOAD,0.95,1,5792,1.0113638644498333,61,298930.0,302327.0,28,33,0.49717508486387685,0.5028249151361232,0.0017859615982130273,1,0,1,1,1,1,1,1,0.9699999999999999,1.0,1.0,1.0,0.8,skip,attack_already_active,1785296263.2235668,1785296263223566900,1384931440265465,75.7,53.36328125,-1.0,0,0
2026-07-28T23:37:43.224,10.42.0.1,10.42.0.1,71,3,UPLOAD,0.95,UPLOAD,0.95,1,2798,1.0207239152978265,62,298930.0,305125.0,28,34,0.494872155681188,0.5051278443188121,0.0016930014839909068,1,0,1,1,1,1,1,1,0.9699999999999999,1.0,1.0,1.0,0.8,skip,attack_already_active,1785296263.2246473,1785296263224647051,1384931441345259,75.7,53.36328125,-1.0,0,0
2026-07-28T23:37:44.519,10.42.0.210,10.42.0.1,70,3,UPLOAD,0.95,UPLOAD,0.95,1,1448,100.0,1,0.0,1448.0,0,1,0.0,1.0,0.301806860476621,0,0,0,1,1,1,1,1,0.9525,0.95,1.0,1.0,0.8,trigger,training_upload_trigger_confirmed,1785296264.51912,1785296264519119941,1384932735818488,5.6,53.36328125,8.35994,1785296264527481141,1384932744178428
2026-07-28T23:37:44.521,10.42.0.210,10.42.0.1,70,3,UPLOAD,0.9841010226033655,UPLOAD,0.9841010226033655,1,1448,100.0,2,0.0,2896.0,0,2,0.0,1.0,0.2623802860970911,0,0,1,1,1,1,1,1,0.9699999999999999,1.0,1.0,1.0,0.8,skip,attack_already_active,1785296264.5217295,1785296264521729608,1384932738428119,5.6,53.36328125,-1.0,0,0
2026-07-28T23:37:44.523,10.42.0.210,10.42.0.1,70,3,UPLOAD,0.9854688349332961,UPLOAD,0.9854688349332961,1,1448,100.0,3,0.0,4344.0,0,3,0.0,1.0,0.22797925328947136,0,0,1,1,1,1,1,1,0.9699999999999999,1.0,1.0,1.0,0.8,skip,attack_already_active,1785296264.5230498,1785296264523049666,1384932739747975,5.6,53.36328125,-1.0,0,0
2026-07-28T23:37:44.524,10.42.0.210,10.42.0.1,70,3,UPLOAD,0.9855076450773014,UPLOAD,0.9855076450773014,1,1448,100.0,4,0.0,5792.0,0,4,0.0,1.0,0.19807300614329212,0,0,1,1,1,1,1,1,0.9699999999999999,1.0,1.0,1.0,0.8,skip,attack_already_active,1785296264.5240788,1785296264524078926,1384932740777360,5.6,53.36328125,-1.0,0,0
2026-07-28T23:37:44.525,10.42.0.210,10.42.0.1,70,3,UPLOAD,0.9855086980780915,UPLOAD,0.9855086980780915,1,1448,100.0,5,0.0,7240.0,0,5,0.0,1.0,0.17210138674939027,0,0,1,1,1,1,1,1,0.9699999999999999,1.0,1.0,1.0,0.8,skip,attack_already_active,1785296264.5250604,1785296264525060300,1384932741759490,5.6,53.36328125,-1.0,0,0
2026-07-28T23:37:44.526,10.42.0.210,10.42.0.1,70,3,UPLOAD,0.9855087254685951,UPLOAD,0.9855087254685951,1,1448,100.0,6,0.0,8688.0,0,6,0.0,1.0,0.14959834740263997,0,0,1,1,1,1,1,1,0.9699999999999999,1.0,1.0,1.0,0.8,skip,attack_already_active,1785296264.5263925,1785296264526392608,1384932743091749,5.6,53.36328125,-1.0,0,0
2026-07-28T23:37:44.527,10.42.0.210,10.42.0.1,70,3,UPLOAD,0.9855087261493067,UPLOAD,0.9855087261493067,1,1448,100.0,7,0.0,10136.0,0,7,0.0,1.0,0.1300126910349765,0,0,1,1,1,1,1,1,0.9699999999999999,1.0,1.0,1.0,0.8,skip,attack_already_active,1785296264.5273607,1785296264527360655,1384932744058771,5.6,53.36328125,-1.0,0,0
2026-07-28T23:37:44.528,10.42.0.210,10.42.0.1,70,3,UPLOAD,0.9855087261653082,UPLOAD,0.9855087261653082,1,1448,100.0,8,0.0,11584.0,0,8,0.0,1.0,0.11299281232236344,0,0,1,1,1,1,1,1,0.9699999999999999,1.0,1.0,1.0,0.8,skip,attack_already_active,1785296264.5282142,1785296264528214232,1384932744912322,5.6,53.36328125,-1.0,0,0
2026-07-28T23:37:44.529,10.42.0.210,10.42.0.1,70,3,UPLOAD,0.985508726165656,UPLOAD,0.985508726165656,1,1448,100.0,9,0.0,13032.0,0,9,0.0,1.0,0.09822074588299161,0,0,1,1,1,1,1,1,0.9699999999999999,1.0,1.0,1.0,0.8,skip,attack_already_active,1785296264.529106,1785296264529105900,1384932745803970,5.6,53.36328125,-1.0,0,0
2026-07-28T23:37:44.529,10.42.0.210,10.42.0.1,70,3,UPLOAD,0.9855087261656625,UPLOAD,0.9855087261656625,1,1448,100.0,10,0.0,14480.0,0,10,0.0,1.0,0.08538530130989239,0,0,1,1,1,1,1,1,0.9699999999999999,1.0,1.0,1.0,0.8,skip,attack_already_active,1785296264.529922,1785296264529921921,1384932746619952,5.6,53.36328125,-1.0,0,0
2026-07-28T23:37:44.530,10.42.0.210,10.42.0.1,70,3,UPLOAD,0.9855087261656628,UPLOAD,0.9855087261656628,1,1448,100.0,11,0.0,15928.0,0,11,0.0,1.0,0.07423721918941961,0,0,1,1,1,1,1,1,0.9699999999999999,1.0,1.0,1.0,0.8,skip,attack_already_active,1785296264.5307076,1785296264530707770,1384932747405754,5.6,53.36328125,-1.0,0,0
2026-07-28T23:37:44.531,10.42.0.210,10.42.0.1,70,3,UPLOAD,0.95,UPLOAD,0.95,1,1448,100.0,12,0.0,17376.0,0,12,0.0,1.0,0.06456665238840718,0,0,1,1,1,1,1,1,0.9699999999999999,1.0,1.0,1.0,0.8,skip,attack_already_active,1785296264.5315576,1785296264531557550,1384932748255679,5.6,53.36328125,-1.0,0,0
2026-07-28T23:37:44.532,10.42.0.210,10.42.0.1,70,3,UPLOAD,0.95,UPLOAD,0.95,1,1448,100.0,13,0.0,18824.0,0,13,0.0,1.0,0.056179593295103136,0,0,1,1,1,1,1,1,0.9699999999999999,1.0,1.0,1.0,0.8,skip,attack_already_active,1785296264.5324771,1785296264532477306,1384932749175537,5.6,53.36328125,-1.0,0,0
2026-07-28T23:37:44.534,10.42.0.210,10.42.0.1,70,3,UPLOAD,0.95,UPLOAD,0.95,1,1448,100.0,14,0.0,20272.0,0,14,0.0,1.0,0.04899679377802621,0,0,1,1,1,1,1,1,0.9699999999999999,1.0,1.0,1.0,0.8,skip,attack_already_active,1785296264.5341485,1785296264534148329,1384932750846800,5.6,53.36328125,-1.0,0,0
2026-07-28T23:37:44.535,10.42.0.210,10.42.0.1,70,3,UPLOAD,0.95,UPLOAD,0.95,1,1448,100.0,15,0.0,21720.0,0,15,0.0,1.0,0.04271570252294363,0,0,1,1,1,1,1,1,0.9699999999999999,1.0,1.0,1.0,0.8,skip,attack_already_active,1785296264.5354798,1785296264535479722,1384932752177985,5.6,53.36328125,-1.0,0,0
2026-07-28T23:37:44.536,10.42.0.210,10.42.0.1,70,3,UPLOAD,0.95,UPLOAD,0.95,1,1448,100.0,16,0.0,23168.0,0,16,0.0,1.0,0.03725925123568967,0,0,1,1,1,1,1,1,0.9699999999999999,1.0,1.0,1.0,0.8,skip,attack_already_active,1785296264.536788,1785296264536787884,1384932753486281,5.6,53.36328125,-1.0,0,0
2026-07-28T23:37:44.538,10.42.0.210,10.42.0.1,70,3,UPLOAD,0.95,UPLOAD,0.95,1,1448,100.0,17,0.0,24616.0,0,17,0.0,1.0,0.03251729680092703,0,0,1,1,1,1,1,1,0.9699999999999999,1.0,1.0,1.0,0.8,skip,attack_already_active,1785296264.5380619,1785296264538061697,1384932754760139,5.6,53.36328125,-1.0,0,0
2026-07-28T23:37:44.538,10.42.0.210,10.42.0.1,70,3,UPLOAD,0.95,UPLOAD,0.95,1,1448,100.0,18,0.0,26064.0,0,18,0.0,1.0,0.028352801913070345,0,0,1,1,1,1,1,1,0.9699999999999999,1.0,1.0,1.0,0.8,skip,attack_already_active,1785296264.538976,1785296264538975922,1384932755674236,5.6,53.36328125,-1.0,0,0
2026-07-28T23:37:44.540,10.42.0.210,10.42.0.1,70,3,UPLOAD,0.95,UPLOAD,0.95,1,1448,100.0,19,0.0,27512.0,0,19,0.0,1.0,0.024785244126137997,0,0,1,1,1,1,1,1,0.9699999999999999,1.0,1.0,1.0,0.8,skip,attack_already_active,1785296264.5402555,1785296264540255513,1384932756953747,5.6,53.36328125,-1.0,0,0
2026-07-28T23:37:44.541,10.42.0.210,10.42.0.1,70,3,UPLOAD,0.95,UPLOAD,0.95,1,1448,100.0,20,0.0,28960.0,0,20,0.0,1.0,0.021638254002948366,0,0,1,1,1,1,1,1,0.9699999999999999,1.0,1.0,1.0,0.8,skip,attack_already_active,1785296264.5411592,1785296264541159279,1384932757857648,5.6,53.36328125,-1.0,0,0
2026-07-28T23:37:44.542,10.42.0.210,10.42.0.1,70,3,UPLOAD,0.95,UPLOAD,0.95,1,1448,100.0,21,0.0,30408.0,0,21,0.0,1.0,0.01895788992862346,0,0,1,1,1,1,1,1,0.9699999999999999,1.0,1.0,1.0,0.8,skip,attack_already_active,1785296264.5424569,1785296264542456780,1384932759155054,5.6,53.36328125,-1.0,0,0
2026-07-28T23:37:44.543,10.42.0.210,10.42.0.1,70,3,UPLOAD,0.95,UPLOAD,0.95,1,1448,100.0,22,0.0,31856.0,0,22,0.0,1.0,0.016580807028071427,0,0,1,1,1,1,1,1,0.9699999999999999,1.0,1.0,1.0,0.8,skip,attack_already_active,1785296264.5433757,1785296264543375522,1384932760073954,5.6,53.36328125,-1.0,0,0
2026-07-28T23:37:44.544,10.42.0.210,10.42.0.1,70,3,UPLOAD,0.95,UPLOAD,0.95,1,1448,100.0,23,0.0,33304.0,0,23,0.0,1.0,0.01458517031657941,0,0,1,1,1,1,1,1,0.9699999999999999,1.0,1.0,1.0,0.8,skip,attack_already_active,1785296264.5448122,1785296264544812234,1384932761511750,5.6,53.36328125,-1.0,0,0
2026-07-28T23:37:44.545,10.42.0.210,10.42.0.1,70,3,UPLOAD,0.95,UPLOAD,0.95,1,1448,100.0,24,0.0,34752.0,0,24,0.0,1.0,0.012800511640572367,0,0,1,1,1,1,1,1,0.9699999999999999,1.0,1.0,1.0,0.8,skip,attack_already_active,1785296264.545854,1785296264545854237,1384932762552597,5.6,53.36328125,-1.0,0,0
2026-07-28T23:37:44.547,10.42.0.210,10.42.0.1,70,3,UPLOAD,0.95,UPLOAD,0.95,1,1448,100.0,25,0.0,36200.0,0,25,0.0,1.0,0.011299848179985542,0,0,1,1,1,1,1,1,0.9699999999999999,1.0,1.0,1.0,0.8,skip,attack_already_active,1785296264.5472665,1785296264547266439,1384932763965255,5.6,53.36328125,-1.0,0,0
2026-07-28T23:37:44.548,10.42.0.210,10.42.0.1,70,3,UPLOAD,0.95,UPLOAD,0.95,1,1448,100.0,26,0.0,37648.0,0,26,0.0,1.0,0.01000425412296165,0,0,1,1,1,1,1,1,0.9699999999999999,1.0,1.0,1.0,0.8,skip,attack_already_active,1785296264.5487344,1785296264548734342,1384932765432805,5.6,53.36328125,-1.0,0,0
2026-07-28T23:37:44.549,10.42.0.210,10.42.0.1,70,3,UPLOAD,0.95,UPLOAD,0.95,1,1448,100.0,27,0.0,39096.0,0,27,0.0,1.0,0.008811147514509076,0,0,1,1,1,1,1,1,0.9699999999999999,1.0,1.0,1.0,0.8,skip,attack_already_active,1785296264.5496845,1785296264549684542,1384932766383161,5.6,53.36328125,-1.0,0,0
2026-07-28T23:37:44.551,10.42.0.210,10.42.0.1,70,3,UPLOAD,0.95,UPLOAD,0.95,1,1448,100.0,28,0.0,40544.0,0,28,0.0,1.0,0.007846014064178454,0,0,1,1,1,1,1,1,0.9699999999999999,1.0,1.0,1.0,0.8,skip,attack_already_active,1785296264.5511715,1785296264551171488,1384932767870383,5.6,53.36328125,-1.0,0,0
2026-07-28T23:37:44.552,10.42.0.210,10.42.0.1,70,3,UPLOAD,0.95,UPLOAD,0.95,1,1448,100.0,29,0.0,41992.0,0,29,0.0,1.0,0.006999043744352146,0,0,1,1,1,1,1,1,0.9699999999999999,1.0,1.0,1.0,0.8,skip,attack_already_active,1785296264.5525901,1785296264552590155,1384932769288596,5.6,53.36328125,-1.0,0,0
2026-07-28T23:37:44.553,10.42.0.210,10.42.0.1,70,3,UPLOAD,0.95,UPLOAD,0.95,1,1448,100.0,30,0.0,43440.0,0,30,0.0,1.0,0.006190574008792865,0,0,1,1,1,1,1,1,0.9699999999999999,1.0,1.0,1.0,0.8,skip,attack_already_active,1785296264.553454,1785296264553453948,1384932770152174,5.6,53.36328125,-1.0,0,0
2026-07-28T23:37:44.554,10.42.0.210,10.42.0.1,70,3,UPLOAD,0.95,UPLOAD,0.95,1,1448,100.0,31,0.0,44888.0,0,31,0.0,1.0,0.0055126114816363226,0,0,1,1,1,1,1,1,0.9699999999999999,1.0,1.0,1.0,0.8,skip,attack_already_active,1785296264.5544996,1785296264554499623,1384932771198654,5.6,53.36328125,-1.0,0,0
2026-07-28T23:37:44.555,10.42.0.210,10.42.0.1,70,3,UPLOAD,0.95,UPLOAD,0.95,1,1448,100.0,32,0.0,46336.0,0,32,0.0,1.0,0.004863257114401206,0,0,1,1,1,1,1,1,0.9699999999999999,1.0,1.0,1.0,0.8,skip,attack_already_active,1785296264.5550845,1785296264555084559,1384932771782566,5.6,53.36328125,-1.0,0,0
2026-07-28T23:37:44.555,10.42.0.210,10.42.0.1,70,3,UPLOAD,0.95,UPLOAD,0.95,1,1448,100.0,33,0.0,47784.0,0,33,0.0,1.0,0.004296674918100083,0,0,1,1,1,1,1,1,0.9699999999999999,1.0,1.0,1.0,0.8,skip,attack_already_active,1785296264.555648,1785296264555647989,1384932772346366,5.6,53.36328125,-1.0,0,0
2026-07-28T23:37:44.556,10.42.0.210,10.42.0.1,70,3,UPLOAD,0.95,UPLOAD,0.95,1,1448,100.0,34,0.0,49232.0,0,34,0.0,1.0,0.003803245750623751,0,0,1,1,1,1,1,1,0.9699999999999999,1.0,1.0,1.0,0.8,skip,attack_already_active,1785296264.5562003,1785296264556200224,1384932772898267,5.6,53.36328125,-1.0,0,0
2026-07-28T23:37:44.556,10.42.0.210,10.42.0.1,70,3,UPLOAD,0.95,UPLOAD,0.95,1,1448,100.0,35,0.0,50680.0,0,35,0.0,1.0,0.0033774141830679454,0,0,1,1,1,1,1,1,0.9699999999999999,1.0,1.0,1.0,0.8,skip,attack_already_active,1785296264.556772,1785296264556772017,1384932773469970,5.6,53.36328125,-1.0,0,0
2026-07-28T23:37:44.557,10.42.0.210,10.42.0.1,70,3,UPLOAD,0.95,UPLOAD,0.95,1,1448,100.0,36,0.0,52128.0,0,36,0.0,1.0,0.003007256499377245,0,0,1,1,1,1,1,1,0.9699999999999999,1.0,1.0,1.0,0.8,skip,attack_already_active,1785296264.5573404,1785296264557340348,1384932774038295,5.6,53.36328125,-1.0,0,0
2026-07-28T23:37:44.558,10.42.0.210,10.42.0.1,70,3,UPLOAD,0.95,UPLOAD,0.95,1,1448,100.0,37,0.0,53576.0,0,37,0.0,1.0,0.002729797787113584,0,0,1,1,1,1,1,1,0.9699999999999999,1.0,1.0,1.0,0.8,skip,attack_already_active,1785296264.558242,1785296264558242131,1384932774940452,5.6,53.36328125,-1.0,0,0
2026-07-28T23:37:44.558,10.42.0.210,10.42.0.1,70,3,UPLOAD,0.95,UPLOAD,0.95,1,1448,100.0,38,0.0,55024.0,0,38,0.0,1.0,0.002457703490030026,0,0,1,1,1,1,1,1,0.9699999999999999,1.0,1.0,1.0,0.8,skip,attack_already_active,1785296264.558907,1785296264558907076,1384932775605119,5.6,53.36328125,-1.0,0,0
2026-07-28T23:37:44.559,10.42.0.210,10.42.0.1,70,3,UPLOAD,0.9535672890873679,UPLOAD,0.9535672890873679,1,1364,100.0,39,0.0,56388.0,0,39,0.0,1.0,0.0022156834577885067,0,0,1,1,1,1,1,1,0.9699999999999999,1.0,1.0,1.0,0.8,skip,attack_already_active,1785296264.559528,1785296264559528139,1384932776226428,5.6,53.36328125,-1.0,0,0
2026-07-28T23:37:44.560,10.42.0.1,10.42.0.1,71,3,UPLOAD,0.95,UPLOAD,0.95,1,7240,100.0,1,0.0,7240.0,0,1,0.0,1.0,0.006681690302133884,1,0,1,1,1,1,1,1,0.9699999999999999,1.0,1.0,1.0,0.8,skip,attack_already_active,1785296264.5601068,1785296264560106807,1384932776804788,5.6,53.36328125,-1.0,0,0
2026-07-28T23:37:44.560,10.42.0.1,10.42.0.1,71,3,UPLOAD,0.9695759256345907,UPLOAD,0.9695759256345907,1,5792,100.0,2,0.0,13032.0,0,2,0.0,1.0,0.005876176223089009,1,0,1,1,1,1,1,1,0.9699999999999999,1.0,1.0,1.0,0.8,skip,attack_already_active,1785296264.5606756,1785296264560675468,1384932777373559,5.6,53.36328125,-1.0,0,0
2026-07-28T23:37:44.588,10.42.0.1,10.42.0.1,71,3,UPLOAD,0.9735003627131248,UPLOAD,0.9735003627131248,1,1448,100.0,3,0.0,14480.0,0,3,0.0,1.0,0.008808857712939693,1,0,1,1,1,1,1,1,0.9699999999999999,1.0,1.0,1.0,0.8,skip,attack_already_active,1785296264.588807,1785296264588807226,1384932805505614,5.6,53.36328125,-1.0,0,0
2026-07-28T23:37:44.626,10.42.0.1,10.42.0.1,71,3,UPLOAD,0.9742691135992879,UPLOAD,0.9742691135992879,1,1448,100.0,4,0.0,15928.0,0,4,0.0,1.0,0.012563308747625509,1,0,1,1,1,1,1,1,0.9699999999999999,1.0,1.0,1.0,0.8,skip,attack_already_active,1785296264.6261075,1785296264626107312,1384932842805507,5.6,53.36328125,-1.0,0,0
2026-07-28T23:37:44.626,10.42.0.1,10.42.0.1,71,3,UPLOAD,0.9748599222450312,UPLOAD,0.9748599222450312,1,11584,100.0,5,0.0,27512.0,0,5,0.0,1.0,0.010992424106650694,1,0,1,1,1,1,1,1,0.9699999999999999,1.0,1.0,1.0,0.8,skip,attack_already_active,1785296264.6267498,1785296264626749650,1384932843447749,5.6,53.36328125,-1.0,0,0
2026-07-28T23:37:44.627,10.42.0.1,10.42.0.1,71,3,UPLOAD,0.975424539426436,UPLOAD,0.975424539426436,1,14480,100.0,6,0.0,41992.0,0,6,0.0,1.0,0.00962357799267249,1,0,1,1,1,1,1,1,0.9699999999999999,1.0,1.0,1.0,0.8,skip,attack_already_active,1785296264.6273544,1785296264627354388,1384932844052451,5.6,53.36328125,-1.0,0,0
2026-07-28T23:37:44.628,10.42.0.1,10.42.0.1,71,3,UPLOAD,0.9760085751179763,UPLOAD,0.9760085751179763,1,18824,100.0,7,0.0,60816.0,0,7,0.0,1.0,0.00849951668551661,1,0,1,1,1,1,1,1,0.9699999999999999,1.0,1.0,1.0,0.8,skip,attack_already_active,1785296264.6284478,1785296264628447774,1384932845145814,5.6,53.36328125,-1.0,0,0
2026-07-28T23:37:44.629,10.42.0.1,10.42.0.1,71,3,UPLOAD,0.9769794180816477,UPLOAD,0.9769794180816477,1,10136,100.0,8,0.0,70952.0,0,8,0.0,1.0,0.007500203353677881,1,0,1,1,1,1,1,1,0.9699999999999999,1.0,1.0,1.0,0.8,skip,attack_already_active,1785296264.6293638,1785296264629363665,1384932846062308,5.6,53.36328125,-1.0,0,0
2026-07-28T23:37:44.630,10.42.0.1,10.42.0.1,71,3,UPLOAD,0.9778269567816098,UPLOAD,0.9778269567816098,1,8591,100.0,9,0.0,79543.0,0,9,0.0,1.0,0.0066573938157666,1,0,1,1,1,1,1,1,0.9699999999999999,1.0,1.0,1.0,0.8,skip,attack_already_active,1785296264.6304681,1785296264630468124,1384932847166210,5.6,53.36328125,-1.0,0,0
2026-07-28T23:37:44.676,10.42.0.1,10.42.0.1,71,3,UPLOAD,0.97681849273714,UPLOAD,0.97681849273714,0,39,100.0,9,0.0,79543.0,0,9,0.0,1.0,0.011675923881153932,1,0,1,1,1,1,1,1,0.8374999999999999,0.8500000000000001,1.0,0.6000000000000001,0.8,skip,attack_already_active,1785296264.676747,1785296264676747077,1384932893445394,5.6,53.36328125,-1.0,0,0
2026-07-28T23:37:44.749,10.42.0.47,10.42.0.1|10.42.0.47,71,3,UPLOAD,0.95,UPLOAD,0.95,1,7240,100.0,1,0.0,7240.0,0,1,0.0,1.0,0.03797780541316285,1,0,0,1,1,1,1,1,0.9699999999999999,1.0,1.0,1.0,0.8,trigger,training_upload_trigger_confirmed,1785296264.7498674,1785296264749867640,1384932966566601,5.6,53.36328125,46.097696,1785296264795967039,1384933012664297
2026-07-28T23:37:44.753,10.42.0.47,10.42.0.1|10.42.0.47,71,3,UPLOAD,0.95,UPLOAD,0.95,1,7240,100.0,2,0.0,14480.0,0,2,0.0,1.0,0.03349024352153949,1,0,1,1,1,1,1,1,0.9699999999999999,1.0,1.0,1.0,0.8,skip,attack_already_active,1785296264.7537904,1785296264753790374,1384932970488983,5.6,53.36328125,-1.0,0,0
2026-07-28T23:37:44.754,10.42.0.47,10.42.0.1|10.42.0.47,71,3,UPLOAD,0.95,UPLOAD,0.95,1,4344,100.0,3,0.0,18824.0,0,3,0.0,1.0,0.02920950915690897,1,0,1,1,1,1,1,1,0.9699999999999999,1.0,1.0,1.0,0.8,skip,attack_already_active,1785296264.7547953,1785296264754795323,1384932971493641,5.6,53.36328125,-1.0,0,0
2026-07-28T23:37:44.755,10.42.0.47,10.42.0.1|10.42.0.47,71,3,UPLOAD,0.95,UPLOAD,0.95,1,4344,100.0,4,0.0,23168.0,0,4,0.0,1.0,0.025516146643071527,1,0,1,1,1,1,1,1,0.9699999999999999,1.0,1.0,1.0,0.8,skip,attack_already_active,1785296264.755977,1785296264755976963,1384932972675156,5.6,53.36328125,-1.0,0,0
2026-07-28T23:37:44.756,10.42.0.47,10.42.0.1|10.42.0.47,71,3,UPLOAD,0.95,UPLOAD,0.95,1,1448,100.0,5,0.0,24616.0,0,5,0.0,1.0,0.022283964017467486,1,0,1,1,1,1,1,1,0.9699999999999999,1.0,1.0,1.0,0.8,skip,attack_already_active,1785296264.756965,1785296264756964895,1384932973663267,5.6,53.36328125,-1.0,0,0
2026-07-28T23:37:44.757,10.42.0.47,10.42.0.1|10.42.0.47,71,3,UPLOAD,0.95,UPLOAD,0.95,1,2896,100.0,6,0.0,27512.0,0,6,0.0,1.0,0.01944584321402412,1,0,1,1,1,1,1,1,0.9699999999999999,1.0,1.0,1.0,0.8,skip,attack_already_active,1785296264.7577112,1785296264757711191,1384932974409465,5.6,53.36328125,-1.0,0,0
2026-07-28T23:37:44.758,10.42.0.47,10.42.0.1|10.42.0.47,71,3,UPLOAD,0.95,UPLOAD,0.95,1,1448,100.0,7,0.0,28960.0,0,7,0.0,1.0,0.017009895752813822,1,0,1,1,1,1,1,1,0.9699999999999999,1.0,1.0,1.0,0.8,skip,attack_already_active,1785296264.7586713,1785296264758671424,1384932975369901,5.6,53.36328125,-1.0,0,0
2026-07-28T23:37:44.759,10.42.0.47,10.42.0.1|10.42.0.47,71,3,UPLOAD,0.95,UPLOAD,0.95,1,2896,100.0,8,0.0,31856.0,0,8,0.0,1.0,0.014859159462744947,1,0,1,1,1,1,1,1,0.9699999999999999,1.0,1.0,1.0,0.8,skip,attack_already_active,1785296264.7593598,1785296264759359838,1384932976057939,5.6,53.36328125,-1.0,0,0
2026-07-28T23:37:44.760,10.42.0.47,10.42.0.1|10.42.0.47,71,3,UPLOAD,0.95,UPLOAD,0.95,1,4344,100.0,9,0.0,36200.0,0,9,0.0,1.0,0.013024132475897348,1,0,1,1,1,1,1,1,0.9699999999999999,1.0,1.0,1.0,0.8,skip,attack_already_active,1785296264.7602935,1785296264760293270,1384932976991590,5.6,53.36328125,-1.0,0,0
2026-07-28T23:37:44.761,10.42.0.47,10.42.0.1|10.42.0.47,71,3,UPLOAD,0.95,UPLOAD,0.95,1,4344,100.0,10,0.0,40544.0,0,10,0.0,1.0,0.011432894496793905,1,0,1,1,1,1,1,1,0.9699999999999999,1.0,1.0,1.0,0.8,skip,attack_already_active,1785296264.7612422,1785296264761242009,1384932977940180,5.6,53.36328125,-1.0,0,0
2026-07-28T23:37:44.762,10.42.0.47,10.42.0.1|10.42.0.47,71,3,UPLOAD,0.95,UPLOAD,0.95,1,2896,100.0,11,0.0,43440.0,0,11,0.0,1.0,0.010046157172635755,1,0,1,1,1,1,1,1,0.9699999999999999,1.0,1.0,1.0,0.8,skip,attack_already_active,1785296264.7621515,1785296264762151413,1384932978849524,64.0,53.36328125,-1.0,0,0
2026-07-28T23:37:44.762,10.42.0.47,10.42.0.1|10.42.0.47,71,3,UPLOAD,0.95,UPLOAD,0.95,1,1448,100.0,12,0.0,44888.0,0,12,0.0,1.0,0.008805743561530233,1,0,1,1,1,1,1,1,0.9699999999999999,1.0,1.0,1.0,0.8,skip,attack_already_active,1785296264.7627845,1785296264762784531,1384932979482686,64.0,53.36328125,-1.0,0,0
2026-07-28T23:37:44.763,10.42.0.47,10.42.0.1|10.42.0.47,71,3,UPLOAD,0.95,UPLOAD,0.95,1,4344,100.0,13,0.0,49232.0,0,13,0.0,1.0,0.0077692505114189585,1,0,1,1,1,1,1,1,0.9699999999999999,1.0,1.0,1.0,0.8,skip,attack_already_active,1785296264.7637246,1785296264763724531,1384932980422573,64.0,53.36328125,-1.0,0,0
2026-07-28T23:37:44.764,10.42.0.47,10.42.0.1|10.42.0.47,71,3,UPLOAD,0.95,UPLOAD,0.95,1,2896,100.0,14,0.0,52128.0,0,14,0.0,1.0,0.006886211970012789,1,0,1,1,1,1,1,1,0.9699999999999999,1.0,1.0,1.0,0.8,skip,attack_already_active,1785296264.7647927,1785296264764792685,1384932981491791,64.0,53.36328125,-1.0,0,0
2026-07-28T23:37:44.765,10.42.0.47,10.42.0.1|10.42.0.47,71,3,UPLOAD,0.95,UPLOAD,0.95,1,1448,100.0,15,0.0,53576.0,0,15,0.0,1.0,0.006074734034543235,1,0,1,1,1,1,1,1,0.9699999999999999,1.0,1.0,1.0,0.8,skip,attack_already_active,1785296264.7655208,1785296264765520998,1384932982219545,64.0,53.36328125,-1.0,0,0
2026-07-28T23:37:44.766,10.42.0.47,10.42.0.1|10.42.0.47,71,3,UPLOAD,0.95,UPLOAD,0.95,1,4344,100.0,16,0.0,57920.0,0,16,0.0,1.0,0.005402422509085084,1,0,1,1,1,1,1,1,0.9699999999999999,1.0,1.0,1.0,0.8,skip,attack_already_active,1785296264.7664936,1785296264766493332,1384932983191667,64.0,53.36328125,-1.0,0,0
2026-07-28T23:37:44.767,10.42.0.47,10.42.0.1|10.42.0.47,71,3,UPLOAD,0.95,UPLOAD,0.95,1,2896,100.0,17,0.0,60816.0,0,17,0.0,1.0,0.004861023825482883,1,0,1,1,1,1,1,1,0.9699999999999999,1.0,1.0,1.0,0.8,skip,attack_already_active,1785296264.7677875,1785296264767787557,1384932984485939,64.0,53.36328125,-1.0,0,0
2026-07-28T23:37:44.768,10.42.0.47,10.42.0.1|10.42.0.47,71,3,UPLOAD,0.95,UPLOAD,0.95,1,1448,100.0,18,0.0,62264.0,0,18,0.0,1.0,0.004309250796146533,1,0,1,1,1,1,1,1,0.9699999999999999,1.0,1.0,1.0,0.8,skip,attack_already_active,1785296264.7684612,1785296264768461303,1384932985159478,64.0,53.36328125,-1.0,0,0
2026-07-28T23:37:44.769,10.42.0.47,10.42.0.1|10.42.0.47,71,3,UPLOAD,0.95,UPLOAD,0.95,1,4344,100.0,19,0.0,66608.0,0,19,0.0,1.0,0.003871532770441313,1,0,1,1,1,1,1,1,0.9699999999999999,1.0,1.0,1.0,0.8,skip,attack_already_active,1785296264.7694488,1785296264769448779,1384932986146994,64.0,53.36328125,-1.0,0,0
2026-07-28T23:37:44.770,10.42.0.47,10.42.0.1|10.42.0.47,71,3,UPLOAD,0.95,UPLOAD,0.95,1,4344,100.0,20,0.0,70952.0,0,20,0.0,1.0,0.0034830749199806135,1,0,1,1,1,1,1,1,0.9699999999999999,1.0,1.0,1.0,0.8,skip,attack_already_active,1785296264.7703724,1785296264770372240,1384932987070306,64.0,53.36328125,-1.0,0,0
2026-07-28T23:37:44.771,10.42.0.47,10.42.0.1|10.42.0.47,71,3,UPLOAD,0.95,UPLOAD,0.95,1,4344,100.0,21,0.0,75296.0,0,21,0.0,1.0,0.003138611293122002,1,0,1,1,1,1,1,1,0.9699999999999999,1.0,1.0,1.0,0.8,skip,attack_already_active,1785296264.7712414,1785296264771241574,1384932987939551,64.0,53.36328125,-1.0,0,0
2026-07-28T23:37:44.772,10.42.0.47,10.42.0.1|10.42.0.47,71,3,UPLOAD,0.95,UPLOAD,0.95,1,2896,100.0,22,0.0,78192.0,0,22,0.0,1.0,0.002858860928899598,1,0,1,1,1,1,1,1,0.9699999999999999,1.0,1.0,1.0,0.8,skip,attack_already_active,1785296264.772257,1785296264772256998,1384932988955506,64.0,53.36328125,-1.0,0,0
2026-07-28T23:37:44.772,10.42.0.47,10.42.0.1|10.42.0.47,71,3,UPLOAD,0.95,UPLOAD,0.95,1,1337,100.0,23,0.0,79529.0,0,23,0.0,1.0,0.002570576259388997,1,0,1,1,1,1,1,1,0.9699999999999999,1.0,1.0,1.0,0.8,skip,attack_already_active,1785296264.7729282,1785296264772928357,1384932989626406,64.0,53.36328125,-1.0,0,0
2026-07-28T23:37:44.773,10.42.0.1,10.42.0.1|10.42.0.47,71,3,UPLOAD,0.9781945838297463,UPLOAD,0.9781945838297463,1,7240,100.0,10,0.0,86783.0,0,10,0.0,1.0,0.02293666013469713,1,0,1,1,1,1,1,1,0.9699999999999999,1.0,1.0,1.0,0.8,skip,attack_already_active,1785296264.7738776,1785296264773877554,1384932990575672,64.0,53.36328125,-1.0,0,0
2026-07-28T23:37:44.774,10.42.0.1,10.42.0.1|10.42.0.47,71,3,UPLOAD,0.9787568357120453,UPLOAD,0.9787568357120453,1,7240,100.0,11,0.0,94023.0,0,11,0.0,1.0,0.020002634140418897,1,0,1,1,1,1,1,1,0.9699999999999999,1.0,1.0,1.0,0.8,skip,attack_already_active,1785296264.7745488,1785296264774548635,1384932991246660,64.0,53.36328125,-1.0,0,0
2026-07-28T23:37:44.777,10.42.0.1,10.42.0.1|10.42.0.47,71,3,UPLOAD,0.9793269398972818,UPLOAD,0.9793269398972818,1,10136,100.0,12,0.0,104159.0,0,12,0.0,1.0,0.017782670856287104,1,0,1,1,1,1,1,1,0.9699999999999999,1.0,1.0,1.0,0.8,skip,attack_already_active,1785296264.7777047,1785296264777704650,1384932994403185,64.0,53.36328125,-1.0,0,0
2026-07-28T23:37:44.778,10.42.0.1,10.42.0.1|10.42.0.47,71,3,UPLOAD,0.9797562577169968,UPLOAD,0.9797562577169968,1,4344,100.0,13,0.0,108503.0,0,13,0.0,1.0,0.015532521683549757,1,0,1,1,1,1,1,1,0.9699999999999999,1.0,1.0,1.0,0.8,skip,attack_already_active,1785296264.7784116,1785296264778411548,1384932995109694,64.0,53.36328125,-1.0,0,0
2026-07-28T23:37:44.779,10.42.0.1,10.42.0.1|10.42.0.47,71,3,UPLOAD,0.9803162814511134,UPLOAD,0.9803162814511134,1,14480,100.0,14,0.0,122983.0,0,14,0.0,1.0,0.013587398860259047,1,0,1,1,1,1,1,1,0.9699999999999999,1.0,1.0,1.0,0.8,skip,attack_already_active,1785296264.7791831,1785296264779183067,1384932995881397,64.0,53.36328125,-1.0,0,0
2026-07-28T23:37:44.780,10.42.0.1,10.42.0.1|10.42.0.47,71,3,UPLOAD,0.9808618228920748,UPLOAD,0.9808618228920748,1,14480,100.0,15,0.0,137463.0,0,15,0.0,1.0,0.011987693541580585,1,0,1,1,1,1,1,1,0.9699999999999999,1.0,1.0,1.0,0.8,skip,attack_already_active,1785296264.7806308,1785296264780630668,1384932997328863,64.0,53.36328125,-1.0,0,0
2026-07-28T23:37:44.781,10.42.0.1,10.42.0.1|10.42.0.47,71,3,UPLOAD,0.9812768763410911,UPLOAD,0.9812768763410911,1,5792,100.0,16,0.0,143255.0,0,16,0.0,1.0,0.01049866102759594,1,0,1,1,1,1,1,1,0.9699999999999999,1.0,1.0,1.0,0.8,skip,attack_already_active,1785296264.7813187,1785296264781318699,1384932998017103,64.0,53.36328125,-1.0,0,0
2026-07-28T23:37:44.782,10.42.0.1,10.42.0.1|10.42.0.47,71,3,UPLOAD,0.981672567273695,UPLOAD,0.981672567273695,1,8688,100.0,17,0.0,151943.0,0,17,0.0,1.0,0.009249169689289518,1,0,1,1,1,1,1,1,0.9699999999999999,1.0,1.0,1.0,0.8,skip,attack_already_active,1785296264.7823353,1785296264782335212,1384932999033476,64.0,53.36328125,-1.0,0,0
2026-07-28T23:37:44.786,10.42.0.1,10.42.0.1|10.42.0.47,71,3,UPLOAD,0.9820547967164707,UPLOAD,0.9820547967164707,1,7129,100.0,18,0.0,159072.0,0,18,0.0,1.0,0.008634774777974202,1,0,1,1,1,1,1,1,0.9699999999999999,1.0,1.0,1.0,0.8,skip,attack_already_active,1785296264.786922,1785296264786922007,1384933003620635,64.0,53.36328125,-1.0,0,0
2026-07-28T23:37:44.921,10.42.0.47,10.42.0.1|10.42.0.47,71,3,UPLOAD,0.9444296899355864,UPLOAD,0.9444296899355864,0,39,100.0,23,0.0,79529.0,0,23,0.0,1.0,0.007685789075933917,1,0,1,1,1,1,1,1,0.8374999999999999,0.8500000000000001,1.0,0.6000000000000001,0.8,skip,attack_already_active,1785296264.921404,1785296264921403820,1384933138102436,64.0,53.36328125,-1.0,0,0
2026-07-28T23:37:45.121,10.42.0.1,,72,1,DOWNLOAD,0.9786982362842923,DOWNLOAD,0.9786982362842923,-1,7240,21.97127071533546,19,7240.0,159072.0,1,18,0.04353263745249892,0.9564673625475011,0.039284762801924895,0,0,0,0,1,0,0,0,0.44,0.8500000000000001,0.0,0.6000000000000001,0.15,skip,training_upload_trigger_not_confirmed,1785296265.1218853,1785296265121885149,1384933338583818,64.0,53.36328125,-1.0,0,0
2026-07-28T23:37:45.122,10.42.0.1,,72,1,DOWNLOAD,0.95,DOWNLOAD,0.95,-1,7240,10.985635358426407,20,14480.0,159072.0,2,18,0.0834332073384346,0.9165667926615654,0.03420360603131345,0,0,0,0,1,0,0,0,0.44,0.8500000000000001,0.0,0.6000000000000001,0.15,skip,training_upload_trigger_not_confirmed,1785296265.1226106,1785296265122610747,1384933339308902,64.0,53.36328125,-1.0,0,0
2026-07-28T23:37:45.123,10.42.0.1,,72,1,DOWNLOAD,0.95,DOWNLOAD,0.95,-1,7240,7.323756905786199,21,21720.0,159072.0,3,18,0.12013805920615957,0.8798619407938404,0.029825318525482543,0,0,0,0,1,0,0,0,0.44,0.8500000000000001,0.0,0.6000000000000001,0.15,skip,training_upload_trigger_not_confirmed,1785296265.1235886,1785296265123588609,1384933340286804,64.0,53.36328125,-1.0,0,0
2026-07-28T23:37:45.124,10.42.0.1,,72,1,DOWNLOAD,0.95,DOWNLOAD,0.95,-1,2896,6.462138446316943,22,24616.0,159072.0,4,18,0.13400984277688255,0.8659901572231175,0.025995796048927447,0,0,0,0,1,0,0,0,0.4,0.8500000000000001,0.0,0.4,0.15,skip,training_upload_trigger_not_confirmed,1785296265.1243527,1785296265124352777,1384933341051032,64.0,53.36328125,-1.0,0,0
2026-07-28T23:37:45.125,10.42.0.1,,72,1,DOWNLOAD,0.9611395434515373,DOWNLOAD,0.9611395434515373,-1,1448,6.103130754868665,23,26064.0,159072.0,5,18,0.14078299196266528,0.8592170080373347,0.022658842549492172,0,0,0,0,1,0,0,0,0.4,0.8500000000000001,0.0,0.4,0.15,skip,training_upload_trigger_not_confirmed,1785296265.1250253,1785296265125025222,1384933341723380,64.0,53.36328125,-1.0,0,0
2026-07-28T23:37:45.126,10.42.0.1,,72,1,DOWNLOAD,0.9576971708405343,DOWNLOAD,0.9576971708405343,-1,1448,5.7819133467293575,24,27512.0,159072.0,6,18,0.1474510140204948,0.8525489859795052,0.019879209958480804,0,0,0,0,1,0,0,0,0.4,0.8500000000000001,0.0,0.4,0.15,skip,training_upload_trigger_not_confirmed,1785296265.1265903,1785296265126590086,1384933343288451,64.0,53.36328125,-1.0,0,0
2026-07-28T23:37:45.129,10.42.0.1,,72,1,DOWNLOAD,0.95,DOWNLOAD,0.95,-1,4344,4.99347061765465,25,31856.0,159072.0,7,18,0.16684823598424536,0.8331517640157546,0.01758414879383699,0,0,0,0,1,0,0,0,0.4,0.8500000000000001,0.0,0.4,0.15,skip,training_upload_trigger_not_confirmed,1785296265.1290529,1785296265129052923,1384933345751176,64.0,53.36328125,-1.0,0,0
2026-07-28T23:37:45.129,10.42.0.1,,72,1,DOWNLOAD,0.95,DOWNLOAD,0.95,-1,5792,4.225244368805109,26,37648.0,159072.0,8,18,0.19137860919072794,0.8086213908092721,0.015357457857003144,0,0,0,0,1,0,0,0,0.32,0.8500000000000001,0.0,0.0,0.15,skip,training_upload_trigger_not_confirmed,1785296265.1297393,1785296265129739345,1384933346437687,64.0,53.36328125,-1.0,0,0
2026-07-28T23:37:45.130,10.42.0.1,,72,1,DOWNLOAD,0.95,DOWNLOAD,0.95,-1,5792,3.661878452977397,27,43440.0,159072.0,9,18,0.21450580706328515,0.7854941929367149,0.01342384234322698,0,0,0,0,1,0,0,0,0.32,0.8500000000000001,0.0,0.0,0.15,skip,training_upload_trigger_not_confirmed,1785296265.130423,1785296265130422997,1384933347121569,64.0,53.36328125,-1.0,0,0
2026-07-28T23:37:45.131,10.42.0.1,,72,1,DOWNLOAD,0.95,DOWNLOAD,0.95,-1,7240,3.1387529597052337,28,50680.0,159072.0,10,18,0.24161867348106336,0.7583813265189366,0.011853198375802001,0,0,0,0,1,0,0,0,0.32,0.8500000000000001,0.0,0.0,0.15,skip,training_upload_trigger_not_confirmed,1785296265.1319277,1785296265131927886,1384933348626064,64.0,53.36328125,-1.0,0,0
2026-07-28T23:37:45.132,10.42.0.1,,72,1,DOWNLOAD,0.95,DOWNLOAD,0.95,-1,7240,2.7464088397488537,29,57920.0,159072.0,11,18,0.26692228284913727,0.7330777171508627,0.010387826794866654,0,0,0,0,1,0,0,0,0.32,0.8500000000000001,0.0,0.0,0.15,skip,training_upload_trigger_not_confirmed,1785296265.1326606,1785296265132660815,1384933349359026,64.0,53.36328125,-1.0,0,0
2026-07-28T23:37:45.133,10.42.0.1,,72,1,DOWNLOAD,0.95,DOWNLOAD,0.95,-1,7240,2.4412523020036643,30,65160.0,159072.0,12,18,0.2905918869742053,0.7094081130257948,0.009155391142267207,0,0,0,0,1,0,0,0,0.32,0.8500000000000001,0.0,0.0,0.15,skip,training_upload_trigger_not_confirmed,1785296265.1336958,1785296265133695692,1384933350393965,64.0,53.36328125,-1.0,0,0
2026-07-28T23:37:45.134,10.42.0.1,,72,1,DOWNLOAD,0.95,DOWNLOAD,0.95,-1,10136,2.1126221844306126,31,75296.0,159072.0,13,18,0.3212725286728564,0.6787274713271436,0.008039175345136934,0,0,0,0,1,0,0,0,0.32,0.8500000000000001,0.0,0.0,0.15,skip,training_upload_trigger_not_confirmed,1785296265.1343806,1785296265134380477,1384933351078650,64.0,53.36328125,-1.0,0,0
2026-07-28T23:37:45.135,10.42.0.1,,72,1,DOWNLOAD,0.95,DOWNLOAD,0.95,-1,1448,2.072761388498479,32,76744.0,159072.0,14,18,0.32544017369474504,0.6745598263052549,0.007108409036771857,0,0,0,0,1,0,0,0,0.32,0.8500000000000001,0.0,0.0,0.15,skip,training_upload_trigger_not_confirmed,1785296265.1353564,1785296265135356449,1384933352054632,64.0,53.36328125,-1.0,0,0
2026-07-28T23:37:45.136,10.42.0.1,,72,1,DOWNLOAD,0.95,DOWNLOAD,0.95,-1,7240,1.89407506190591,33,83984.0,159072.0,15,18,0.3455335395958133,0.6544664604041867,0.006301707750929422,0,0,0,0,1,0,0,0,0.32,0.8500000000000001,0.0,0.0,0.15,skip,training_upload_trigger_not_confirmed,1785296265.136343,1785296265136343043,1384933353041289,64.0,53.36328125,-1.0,0,0
2026-07-28T23:37:45.137,10.42.0.1,,72,1,DOWNLOAD,0.95,DOWNLOAD,0.95,-1,14480,1.615534611628458,34,98464.0,159072.0,16,18,0.382331013916501,0.617668986083499,0.005601748943241673,0,0,0,0,0,0,0,0,0.057499999999999996,0.1,0.0,0.0,0.15,skip,training_upload_trigger_not_confirmed,1785296265.137333,1785296265137332922,1384933354031230,64.0,53.36328125,-1.0,0,0
2026-07-28T23:37:45.138,10.42.0.1,,72,1,DOWNLOAD,0.95,DOWNLOAD,0.95,-1,14480,1.4084147896266432,35,112944.0,159072.0,17,18,0.41521086994882656,0.5847891300511735,0.004999147885112626,0,0,0,0,0,0,0,0,0.057499999999999996,0.1,0.0,0.0,0.15,skip,training_upload_trigger_not_confirmed,1785296265.1383617,1785296265138361655,1384933355059952,64.0,53.36328125,-1.0,0,0
2026-07-28T23:37:45.139,10.42.0.1,,72,1,DOWNLOAD,0.95,DOWNLOAD,0.95,-1,14480,1.2483676544430535,36,127424.0,159072.0,18,18,0.4447671171674299,0.5552328828325701,0.00443350924365399,0,0,0,0,0,0,0,0,0.057499999999999996,0.1,0.0,0.0,0.15,skip,training_upload_trigger_not_confirmed,1785296265.1390684,1785296265139068408,1384933355766745,64.0,53.36328125,-1.0,0,0
2026-07-28T23:37:45.139,10.42.0.1,,72,1,DOWNLOAD,0.95,DOWNLOAD,0.95,-1,14480,1.1209831999089457,37,141904.0,159072.0,19,18,0.47147945351124343,0.5285205464887566,0.003941119216953275,0,0,0,0,0,0,0,0,0.039999999999999994,0.05,0.0,0.0,0.15,skip,training_upload_trigger_not_confirmed,1785296265.1397653,1785296265139765146,1384933356463265,64.0,53.36328125,-1.0,0,0
2026-07-28T23:37:45.140,10.42.0.1,,72,1,DOWNLOAD,0.95,DOWNLOAD,0.95,-1,14480,1.0171884591772995,38,156384.0,159072.0,20,18,0.4957395009129641,0.504260499087036,0.003553231068767807,0,0,0,0,0,0,0,0,0.039999999999999994,0.05,0.0,0.0,0.15,skip,training_upload_trigger_not_confirmed,1785296265.1407628,1785296265140762779,1384933357461102,64.0,53.36328125,-1.0,0,0
2026-07-28T23:37:45.141,10.42.0.1,,72,1,DOWNLOAD,0.95,DOWNLOAD,0.95,-1,18824,0.9079037486878002,39,175208.0,159072.0,21,18,0.5241354553069283,0.47586454469307166,0.00317718482324573,0,0,0,0,0,0,0,0,0.039999999999999994,0.05,0.0,0.0,0.15,skip,training_upload_trigger_not_confirmed,1785296265.1414623,1785296265141462316,1384933358160602,64.0,53.36328125,-1.0,0,0
2026-07-28T23:37:45.142,10.42.0.1,,72,1,DOWNLOAD,0.95,DOWNLOAD,0.95,-1,18824,0.8198235342633183,40,194032.0,159072.0,22,18,0.5495038289002674,0.45049617109973267,0.002853236687977314,0,0,0,0,0,0,0,0,0.039999999999999994,0.05,0.0,0.0,0.15,skip,training_upload_trigger_not_confirmed,1785296265.1421812,1785296265142181111,1384933358879397,64.0,53.36328125,-1.0,0,0
2026-07-28T23:37:45.143,10.42.0.1,,72,1,DOWNLOAD,0.95,DOWNLOAD,0.95,-1,18824,0.7473221332743859,41,212856.0,159072.0,23,18,0.5723043169645737,0.4276956830354262,0.0026169036448512027,0,0,0,0,0,0,0,0,0.0225,0.0,0.0,0.0,0.15,skip,training_upload_trigger_not_confirmed,1785296265.143241,1785296265143241070,1384933359939443,64.0,53.36328125,-1.0,0,0
2026-07-28T23:37:45.144,10.42.0.1,,72,1,DOWNLOAD,0.95,DOWNLOAD,0.95,-1,10136,0.7133529453984297,42,222992.0,159072.0,24,18,0.5836509066543825,0.4163490933456175,0.0024408058509110295,0,0,0,0,0,0,0,0,0.0225,0.0,0.0,0.0,0.15,skip,training_upload_trigger_not_confirmed,1785296265.1445215,1785296265144521483,1384933361219975,64.0,53.36328125,-1.0,0,0
2026-07-28T23:37:45.145,10.42.0.1,,72,1,DOWNLOAD,0.95,DOWNLOAD,0.95,-1,16946,0.6629712675788622,43,239938.0,159072.0,25,18,0.6013332999172953,0.3986667000827047,0.002253008428153057,0,0,0,0,0,0,0,0,0.0225,0.0,0.0,0.0,0.15,skip,training_upload_trigger_not_confirmed,1785296265.1455371,1785296265145536960,1384933362235462,64.0,53.36328125,-1.0,0,0
2026-07-28T23:37:45.146,10.42.0.145,,33,1,DOWNLOAD,0.95,DOWNLOAD,0.95,-1,7300,1.3698630135109776e-10,1,7300.0,0.0,1,0,1.0,0.0,0.5557351976749749,0,0,0,0,0,0,0,0,0.0225,0.0,0.0,0.0,0.15,skip,already_attacked_this_round,1785296265.1465151,1785296265146515139,1384933363213453,64.0,53.36328125,-1.0,0,0
2026-07-28T23:37:45.147,10.42.0.145,,33,1,DOWNLOAD,0.95,DOWNLOAD,0.95,-1,5840,7.610350075524325e-11,2,13140.0,0.0,2,0,1.0,0.0,0.48264181838632497,0,0,0,0,0,0,0,0,0.0225,0.0,0.0,0.0,0.15,skip,already_attacked_this_round,1785296265.147565,1785296265147564797,1384933364263382,64.0,53.36328125,-1.0,0,0
2026-07-28T23:37:45.148,10.42.0.1,,72,1,DOWNLOAD,0.95,DOWNLOAD,0.95,-1,16946,0.6192366982777471,44,256884.0,159072.0,26,18,0.6175749358105184,0.3824250641894816,0.0023565980774444403,0,0,0,0,0,0,0,0,0.0225,0.0,0.0,0.0,0.15,skip,training_upload_trigger_not_confirmed,1785296265.1485763,1785296265148576278,1384933365274750,64.0,53.36328125,-1.0,0,0
2026-07-28T23:37:45.149,10.42.0.210,,71,1,DOWNLOAD,0.9843711655768926,DOWNLOAD,0.9843711655768926,-1,7240,7.788397789117624,40,7240.0,56388.0,1,39,0.1137863833532407,0.8862136166467592,0.07765253629028376,0,0,0,0,0,0,0,0,0.057499999999999996,0.1,0.0,0.0,0.15,skip,training_upload_trigger_not_confirmed,1785296265.1499045,1785296265149904344,1384933366602831,64.0,53.36328125,-1.0,0,0
2026-07-28T23:37:45.150,10.42.0.210,,71,1,DOWNLOAD,0.95,DOWNLOAD,0.95,-1,7240,3.8941988948277486,41,14480.0,56388.0,2,39,0.2043235310718519,0.7956764689281481,0.06752802212484417,0,0,0,0,0,0,0,0,0.057499999999999996,0.1,0.0,0.0,0.15,skip,training_upload_trigger_not_confirmed,1785296265.150725,1785296265150724929,1384933367423584,64.0,53.36328125,-1.0,0,0
2026-07-28T23:37:45.151,10.42.0.1,,72,1,DOWNLOAD,0.95,DOWNLOAD,0.95,-1,6810,0.6032446699598655,45,263694.0,159072.0,27,18,0.6237351158797065,0.3762648841202935,0.0024400966719984696,0,0,0,0,0,0,0,0,0.0225,0.0,0.0,0.0,0.15,skip,training_upload_trigger_not_confirmed,1785296265.1515665,1785296265151566532,1384933368264731,64.0,53.36328125,-1.0,0,0
2026-07-28T23:37:45.152,10.42.0.59,,29,1,DOWNLOAD,0.95,DOWNLOAD,0.95,-1,7300,1.3698630135109776e-10,1,7300.0,0.0,1,0,1.0,0.0,0.4116850622886168,0,0,0,0,0,0,0,0,0.0225,0.0,0.0,0.0,0.15,skip,training_upload_trigger_not_confirmed,1785296265.1526525,1785296265152652627,1384933369350846,64.0,53.36328125,-1.0,0,0
2026-07-28T23:37:45.153,10.42.0.59,,29,1,DOWNLOAD,0.95,DOWNLOAD,0.95,-1,5840,7.610350075524325e-11,2,13140.0,0.0,2,0,1.0,0.0,0.35753435271238054,0,0,0,0,0,0,0,0,0.0225,0.0,0.0,0.0,0.15,skip,training_upload_trigger_not_confirmed,1785296265.1534028,1785296265153402981,1384933370101456,64.0,53.36328125,-1.0,0,0
2026-07-28T23:37:45.154,10.42.0.1,,72,1,DOWNLOAD,0.95,DOWNLOAD,0.95,-1,21720,0.5573377619894002,46,285414.0,159072.0,28,18,0.6421214616433364,0.35787853835666367,0.002513063545834785,0,0,0,0,0,0,0,0,0.0225,0.0,0.0,0.0,0.15,skip,training_upload_trigger_not_confirmed,1785296265.1545603,1785296265154560350,1384933371258810,64.0,53.36328125,-1.0,0,0
2026-07-28T23:37:45.156,10.42.0.1,,72,1,DOWNLOAD,0.95,DOWNLOAD,0.95,-1,14050,0.5311890577848049,47,299464.0,159072.0,29,18,0.6530872167070851,0.34691278329291486,0.002377856764855781,0,0,0,0,0,0,0,0,0.0225,0.0,0.0,0.0,0.15,skip,training_upload_trigger_not_confirmed,1785296265.1560473,1785296265156047239,1384933372746216,64.0,53.36328125,-1.0,0,0
2026-07-28T23:37:45.157,10.42.0.18,,54,1,DOWNLOAD,0.95,DOWNLOAD,0.95,-1,7300,1.3698630135109776e-10,1,7300.0,0.0,1,0,1.0,0.0,0.718905890923685,0,0,0,0,0,0,0,0,0.0225,0.0,0.0,0.0,0.15,skip,training_upload_trigger_not_confirmed,1785296265.1576765,1785296265157676646,1384933374376222,64.0,53.36328125,-1.0,0,0
2026-07-28T23:37:45.158,10.42.0.18,,54,1,DOWNLOAD,0.95,DOWNLOAD,0.95,-1,5840,7.610350075524325e-11,2,13140.0,0.0,2,0,1.0,0.0,0.6243096177636658,0,0,0,0,0,0,0,0,0.0225,0.0,0.0,0.0,0.15,skip,training_upload_trigger_not_confirmed,1785296265.1587174,1785296265158717331,1384933375416081,64.0,53.36328125,-1.0,0,0
2026-07-28T23:37:45.159,10.42.0.1,,72,1,DOWNLOAD,0.95,DOWNLOAD,0.95,-1,21720,0.4952675102137863,48,321184.0,159072.0,30,18,0.6687766524520256,0.3312233475479744,0.00255887002595042,0,0,0,0,0,0,0,0,0.0225,0.0,0.0,0.0,0.15,skip,training_upload_trigger_not_confirmed,1785296265.1597989,1785296265159798818,1384933376497423,64.0,53.36328125,-1.0,0,0
2026-07-28T23:37:45.161,10.42.0.210,,71,1,DOWNLOAD,0.9557926560077417,DOWNLOAD,0.9557926560077417,-1,10136,2.2907052323167574,42,24616.0,56388.0,3,39,0.3038862278406005,0.6961137721593995,0.060065143285763366,0,0,0,0,0,0,0,0,0.057499999999999996,0.1,0.0,0.0,0.15,skip,training_upload_trigger_not_confirmed,1785296265.1616192,1785296265161619319,1384933378319375,64.0,53.36328125,-1.0,0,0
2026-07-28T23:37:45.162,10.42.0.210,,71,1,DOWNLOAD,0.9846998846180315,DOWNLOAD,0.9846998846180315,-1,4344,1.9470994474811085,43,28960.0,56388.0,4,39,0.33931667994563436,0.6606833200543657,0.05232942192166313,0,0,0,0,0,0,0,0,0.057499999999999996,0.1,0.0,0.0,0.15,skip,training_upload_trigger_not_confirmed,1785296265.16298,1785296265162980182,1384933379679369,64.0,53.36328125,-1.0,0,0
2026-07-28T23:37:45.164,10.42.0.210,,71,1,DOWNLOAD,0.9854895428954357,DOWNLOAD,0.9854895428954357,-1,14480,1.2980662983356799,44,43440.0,56388.0,5,39,0.4351484553431903,0.5648515446568098,0.04565966325623385,0,0,0,0,0,0,0,0,0.057499999999999996,0.1,0.0,0.0,0.15,skip,training_upload_trigger_not_confirmed,1785296265.1646945,1785296265164694426,1384933381393599,64.0,53.36328125,-1.0,0,0
2026-07-28T23:37:45.166,10.42.0.59,,29,1,DOWNLOAD,0.95,DOWNLOAD,0.95,-1,14600,3.604902667498021e-11,3,27740.0,0.0,3,0,1.0,0.0,0.3120907323027205,0,0,0,0,0,0,0,0,0.0225,0.0,0.0,0.0,0.15,skip,training_upload_trigger_not_confirmed,1785296265.166078,1785296265166078162,1384933382776654,64.0,53.36328125,-1.0,0,0
2026-07-28T23:37:45.166,10.42.0.59,,29,1,DOWNLOAD,0.95,DOWNLOAD,0.95,-1,14600,2.361832782183235e-11,4,42340.0,0.0,4,0,1.0,0.0,0.27106859960694557,0,0,0,0,0,0,0,0,0.0225,0.0,0.0,0.0,0.15,skip,training_upload_trigger_not_confirmed,1785296265.1668632,1785296265166863196,1384933383561360,64.0,53.36328125,-1.0,0,0
2026-07-28T23:37:45.169,10.42.0.47,,72,1,DOWNLOAD,0.95,DOWNLOAD,0.95,-1,2896,27.461671261580914,24,2896.0,79529.0,1,23,0.0351349711859266,0.9648650288140734,0.0394058041985295,0,0,0,0,0,0,0,0,0.057499999999999996,0.1,0.0,0.0,0.15,skip,training_upload_trigger_not_confirmed,1785296265.169804,1785296265169804056,1384933386502516,74.0,53.36328125,-1.0,0,0
2026-07-28T23:37:45.170,10.42.0.47,,72,1,DOWNLOAD,0.9829981496648164,DOWNLOAD,0.9829981496648164,-1,2896,13.73083563316111,25,5792.0,79529.0,2,23,0.06788481147665873,0.9321151885233413,0.03431441524383223,0,0,0,0,0,0,0,0,0.057499999999999996,0.1,0.0,0.0,0.15,skip,training_upload_trigger_not_confirmed,1785296265.1705728,1785296265170572750,1384933387271051,74.0,53.36328125,-1.0,0,0
2026-07-28T23:37:45.171,10.42.0.47,,72,1,DOWNLOAD,0.9842257140988042,DOWNLOAD,0.9842257140988042,-1,2896,9.15389042263422,26,8688.0,79529.0,3,23,0.098484419102894,0.901515580897106,0.02988759503274588,0,0,0,0,0,0,0,0,0.057499999999999996,0.1,0.0,0.0,0.15,skip,training_upload_trigger_not_confirmed,1785296265.1712933,1785296265171293164,1384933387991489,74.0,53.36328125,-1.0,0,0
2026-07-28T23:37:45.171,10.42.0.47,,72,1,DOWNLOAD,0.9842586901286671,DOWNLOAD,0.9842586901286671,-1,2896,6.86541781717322,27,11584.0,79529.0,4,23,0.12713882760967152,0.8728611723903285,0.026039624003523287,0,0,0,0,0,0,0,0,0.057499999999999996,0.1,0.0,0.0,0.15,skip,training_upload_trigger_not_confirmed,1785296265.1719797,1785296265171979702,1384933388677917,74.0,53.36328125,-1.0,0,0
2026-07-28T23:37:45.172,10.42.0.47,,72,1,DOWNLOAD,0.9842595481342594,DOWNLOAD,0.9842595481342594,-1,2896,5.492334253833402,28,14480.0,79529.0,5,23,0.15402780584837622,0.8459721941516238,0.022695638399388693,0,0,0,0,0,0,0,0,0.057499999999999996,0.1,0.0,0.0,0.15,skip,training_upload_trigger_not_confirmed,1785296265.1726427,1785296265172642732,1384933389340949,74.0,53.36328125,-1.0,0,0
2026-07-28T23:37:45.173,10.42.0.47,,72,1,DOWNLOAD,0.9842595696464124,DOWNLOAD,0.9842595696464124,-1,2896,4.576945211580516,29,17376.0,79529.0,6,23,0.1793096331458645,0.8206903668541355,0.019790482507938852,0,0,0,0,0,0,0,0,0.057499999999999996,0.1,0.0,0.0,0.15,skip,training_upload_trigger_not_confirmed,1785296265.173292,1785296265173292072,1384933389990171,74.0,53.36328125,-1.0,0,0
2026-07-28T23:37:45.173,10.42.0.47,,72,1,DOWNLOAD,0.9842595701605352,DOWNLOAD,0.9842595701605352,-1,2896,3.923095895672696,30,20272.0,79529.0,7,23,0.2031242171922125,0.7968757828077875,0.017269251602686275,0,0,0,0,0,0,0,0,0.057499999999999996,0.1,0.0,0.0,0.15,skip,training_upload_trigger_not_confirmed,1785296265.1739495,1785296265173949530,1384933390647609,74.0,53.36328125,-1.0,0,0
2026-07-28T23:37:45.175,10.42.0.210,,71,1,DOWNLOAD,0.9855083405864443,DOWNLOAD,0.9855083405864443,-1,18824,0.90562765000794,45,62264.0,56388.0,6,39,0.5247614873748441,0.47523851262515593,0.041081617538481316,0,0,0,0,0,0,0,0,0.039999999999999994,0.05,0.0,0.0,0.15,skip,training_upload_trigger_not_confirmed,1785296265.1756127,1785296265175612723,1384933392311181,74.0,53.36328125,-1.0,0,0
2026-07-28T23:37:45.176,10.42.0.210,,71,1,DOWNLOAD,0.9855087208476458,DOWNLOAD,0.9855087208476458,-1,1448,0.8850452034171734,46,63712.0,56388.0,7,39,0.5304912572855953,0.4695087427144047,0.03576361835450848,0,0,0,0,0,0,0,0,0.039999999999999994,0.05,0.0,0.0,0.15,skip,training_upload_trigger_not_confirmed,1785296265.1763375,1785296265176337354,1384933393035594,74.0,53.36328125,-1.0,0,0
2026-07-28T23:37:45.177,10.42.0.210,,71,1,DOWNLOAD,0.9855087261970161,DOWNLOAD,0.9855087261970161,-1,8688,0.7788397790085796,47,72400.0,56388.0,8,39,0.5621641767866571,0.43783582321334286,0.031184725015580884,0,0,0,0,0,0,0,0,0.0225,0.0,0.0,0.0,0.15,skip,training_upload_trigger_not_confirmed,1785296265.1773531,1785296265177353154,1384933394051464,74.0,53.36328125,-1.0,0,0
2026-07-28T23:37:45.178,10.42.0.210,,71,1,DOWNLOAD,0.9855087261721334,DOWNLOAD,0.9855087261721334,-1,6784,0.7121135582982407,48,79184.0,56388.0,9,39,0.584073407488272,0.4159265925117281,0.0272315507434503,0,0,0,0,0,0,0,0,0.0225,0.0,0.0,0.0,0.15,skip,training_upload_trigger_not_confirmed,1785296265.1785383,1785296265178538148,1384933395237842,74.0,53.36328125,-1.0,0,0
2026-07-28T23:37:45.181,10.42.0.18,,54,1,DOWNLOAD,0.95,DOWNLOAD,0.95,-1,11680,4.029008863657171e-11,3,24820.0,0.0,3,0,1.0,0.0,0.5449888863086986,0,0,0,0,0,0,0,0,0.0225,0.0,0.0,0.0,0.15,skip,training_upload_trigger_not_confirmed,1785296265.181084,1785296265181083853,1384933397782492,74.0,53.36328125,-1.0,0,0
2026-07-28T23:37:45.182,10.42.0.18,,54,1,DOWNLOAD,0.95,DOWNLOAD,0.95,-1,5840,3.2615786039379785e-11,4,30660.0,0.0,4,0,1.0,0.0,0.4733016371500952,0,0,0,0,0,0,0,0,0.0225,0.0,0.0,0.0,0.15,skip,training_upload_trigger_not_confirmed,1785296265.182058,1785296265182058020,1384933398756209,74.0,53.36328125,-1.0,0,0
2026-07-28T23:37:45.182,10.42.0.18,,54,1,DOWNLOAD,0.95,DOWNLOAD,0.95,-1,11680,2.361832782183235e-11,5,42340.0,0.0,5,0,1.0,0.0,0.4110256239188797,0,0,0,0,0,0,0,0,0.0225,0.0,0.0,0.0,0.15,skip,training_upload_trigger_not_confirmed,1785296265.1827643,1785296265182764220,1384933399462409,74.0,53.36328125,-1.0,0,0
2026-07-28T23:37:45.183,10.42.0.59,,29,1,DOWNLOAD,0.9510210269649085,DOWNLOAD,0.9510210269649085,-1,24820,1.4889815366067752e-11,5,67160.0,0.0,5,0,1.0,0.0,0.2375765239272083,0,0,0,0,0,0,0,0,0.0225,0.0,0.0,0.0,0.15,skip,training_upload_trigger_not_confirmed,1785296265.1837697,1785296265183769483,1384933400467827,74.0,53.36328125,-1.0,0,0
2026-07-28T23:37:45.184,10.42.0.47,,72,1,DOWNLOAD,0.9842595701720059,DOWNLOAD,0.9842595701720059,-1,8688,2.7461671270115273,31,28960.0,79529.0,8,23,0.266939505387643,0.733060494612357,0.01638854132987603,0,0,0,0,0,0,0,0,0.057499999999999996,0.1,0.0,0.0,0.15,skip,training_upload_trigger_not_confirmed,1785296265.1845353,1785296265184535215,1384933401233387,74.0,53.36328125,-1.0,0,0
2026-07-28T23:37:45.185,10.42.0.18,,54,1,DOWNLOAD,0.95,DOWNLOAD,0.95,-1,14600,1.756234632916118e-11,6,56940.0,0.0,6,0,1.0,0.0,0.35722907999957165,0,0,0,0,0,0,0,0,0.0225,0.0,0.0,0.0,0.15,skip,training_upload_trigger_not_confirmed,1785296265.1855428,1785296265185542815,1384933402241095,74.0,53.36328125,-1.0,0,0
2026-07-28T23:37:45.188,10.42.0.18,,54,1,DOWNLOAD,0.9529412818695108,DOWNLOAD,0.9529412818695108,-1,1817,1.7019248770069622e-11,7,58757.0,0.0,7,0,1.0,0.0,0.3105844762935033,0,0,0,0,0,0,0,0,0.0225,0.0,0.0,0.0,0.15,skip,training_upload_trigger_not_confirmed,1785296265.188799,1785296265188799031,1384933405497870,74.0,53.36328125,-1.0,0,0
2026-07-28T23:37:45.192,10.42.0.47,,72,1,DOWNLOAD,0.9842595701722343,DOWNLOAD,0.9842595701722343,-1,12576,1.914700500748394,32,41536.0,79529.0,9,23,0.34308842357411307,0.6569115764258869,0.015330258402292211,0,0,0,0,0,0,0,0,0.057499999999999996,0.1,0.0,0.0,0.15,skip,training_upload_trigger_not_confirmed,1785296265.1928928,1785296265192892735,1384933409591114,74.0,53.36328125,-1.0,0,0
2026-07-28T23:37:45.194,10.42.0.145,,33,1,DOWNLOAD,0.95,DOWNLOAD,0.95,-1,1460,6.84931506802402e-11,3,14600.0,0.0,3,0,1.0,0.0,0.42526644344537173,0,0,0,0,0,0,0,0,0.0225,0.0,0.0,0.0,0.15,skip,already_attacked_this_round,1785296265.1948009,1785296265194800907,1384933411500231,74.0,53.36328125,-1.0,0,0
2026-07-28T23:37:45.197,10.42.0.59,,29,1,DOWNLOAD,0.9524617674107311,DOWNLOAD,0.9524617674107311,0,43,1.4889815366067752e-11,5,67160.0,0.0,5,0,1.0,0.0,0.4821121619747854,0,0,0,0,0,0,0,0,0.0225,0.0,0.0,0.0,0.15,skip,training_upload_trigger_not_confirmed,1785296265.1970997,1785296265197099847,1384933413798096,74.0,53.36328125,-1.0,0,0
2026-07-28T23:37:45.203,10.42.0.145,,33,1,DOWNLOAD,0.95,DOWNLOAD,0.95,-1,1460,6.226650061878788e-11,4,16060.0,0.0,4,0,1.0,0.0,0.3703768436717371,0,0,0,0,0,0,0,0,0.0225,0.0,0.0,0.0,0.15,skip,already_attacked_this_round,1785296265.2035253,1785296265203525459,1384933420223565,74.0,53.36328125,-1.0,0,0
2026-07-28T23:37:45.206,10.42.0.145,,33,1,DOWNLOAD,0.9614853796620636,DOWNLOAD,0.9614853796620636,-1,16060,3.113325031036322e-11,5,32120.0,0.0,5,0,1.0,0.0,0.3219535795290207,0,0,0,0,0,0,0,0,0.0225,0.0,0.0,0.0,0.15,skip,already_attacked_this_round,1785296265.2064314,1785296265206431564,1384933423129874,74.0,53.36328125,-1.0,0,0
2026-07-28T23:37:45.207,10.42.0.145,,33,1,DOWNLOAD,0.9739629247824108,DOWNLOAD,0.9739629247824108,-1,16060,2.075550020712421e-11,6,48180.0,0.0,6,0,1.0,0.0,0.27962571180531626,0,0,0,0,0,0,0,0,0.0225,0.0,0.0,0.0,0.15,skip,already_attacked_this_round,1785296265.2071705,1785296265207170451,1384933423868721,74.0,53.36328125,-1.0,0,0
2026-07-28T23:37:45.208,10.42.0.145,,33,1,DOWNLOAD,0.9797809478618887,DOWNLOAD,0.9797809478618887,-1,27740,1.3171759746928718e-11,7,75920.0,0.0,7,0,1.0,0.0,0.2429099470906954,0,0,0,0,0,0,0,0,0.0225,0.0,0.0,0.0,0.15,skip,already_attacked_this_round,1785296265.2081704,1785296265208170472,1384933424868636,74.0,53.36328125,-1.0,0,0
2026-07-28T23:37:45.209,10.42.0.145,,33,1,DOWNLOAD,0.9833937770930933,DOWNLOAD,0.9833937770930933,-1,3294,1.2624031105453278e-11,8,79214.0,0.0,8,0,1.0,0.0,0.21102594218374335,0,0,0,0,0,0,0,0,0.0225,0.0,0.0,0.0,0.15,skip,already_attacked_this_round,1785296265.2091215,1785296265209121534,1384933425819773,74.0,53.36328125,-1.0,0,0
2026-07-28T23:37:45.354,10.42.0.18,,54,1,DOWNLOAD,0.9517353876703518,DOWNLOAD,0.9517353876703518,0,43,1.7019248770069622e-11,7,58757.0,0.0,7,0,1.0,0.0,0.5519767781318726,0,0,0,0,0,0,0,0,0.0225,0.0,0.0,0.0,0.15,skip,training_upload_trigger_not_confirmed,1785296265.354453,1785296265354452941,1384933571151870,74.0,53.36328125,-1.0,0,0
2026-07-28T23:37:45.483,10.42.0.59,,29,2,TRAINING,0.95,TRAINING,0.95,1,64240,0.9565217391310823,6,67160.0,64240.0,5,1,0.5111111111111111,0.4888888888888889,0.45637565318506956,0,0,0,0,1,0,0,0,0.4525,1.0,0.0,0.4,0.15,skip,training_upload_trigger_not_confirmed,1785296265.4839046,1785296265483904459,1384933700603187,74.0,53.36328125,-1.0,0,0
2026-07-28T23:37:45.485,10.42.0.1,,72,2,TRAINING,0.95,TRAINING,0.95,1,7240,0.5178091063081667,49,321184.0,166312.0,30,19,0.6588443802615817,0.34115561973841835,0.018879884804424932,0,0,0,0,1,0,0,0,0.4525,1.0,0.0,0.4,0.15,skip,training_upload_trigger_not_confirmed,1785296265.4850993,1785296265485099265,1384933701797594,74.0,53.36328125,-1.0,0,0
2026-07-28T23:37:45.485,10.42.0.1,10.42.0.1,72,3,UPLOAD,0.95,UPLOAD,0.95,1,7240,0.540350702402547,50,321184.0,173552.0,30,20,0.6492028071537143,0.3507971928462857,0.016490020556174982,1,0,0,0,1,0,0,0,0.85,1.0,1.0,0.4,0.8,trigger,training_upload_trigger_confirmed,1785296265.4858432,1785296265485843092,1384933702541320,74.0,53.36328125,18.479164,1785296265504323179,1384933721020484
2026-07-28T23:37:45.486,10.42.0.1,10.42.0.1,72,3,UPLOAD,0.95,UPLOAD,0.95,1,10136,0.5719089369346795,51,321184.0,183688.0,30,21,0.6361691676306074,0.3638308323693926,0.014448224842811353,1,0,1,0,1,0,0,0,0.85,1.0,1.0,0.4,0.8,skip,attack_already_active,1785296265.4868386,1785296265486838512,1384933703536669,74.0,53.36328125,-1.0,0,0
2026-07-28T23:37:45.487,10.42.0.1,10.42.0.1,72,3,UPLOAD,0.95,UPLOAD,0.95,1,4344,0.5854338945913077,52,321184.0,188032.0,30,22,0.6307421604977063,0.36925783950229374,0.01263420310411317,1,0,1,0,1,0,0,0,0.85,1.0,1.0,0.4,0.8,skip,attack_already_active,1785296265.4875207,1785296265487520765,1384933704218993,74.0,53.36328125,-1.0,0,0
2026-07-28T23:37:45.488,10.42.0.1,10.42.0.1,72,3,UPLOAD,0.95,UPLOAD,0.95,1,14480,0.6305170867800683,53,321184.0,202512.0,30,23,0.6133023738963063,0.38669762610369374,0.011142667947557744,1,0,1,0,1,0,0,0,0.85,1.0,1.0,0.4,0.8,skip,attack_already_active,1785296265.488836,1785296265488836027,1384933705534210,74.0,53.36328125,-1.0,0,0
2026-07-28T23:37:45.489,10.42.0.1,10.42.0.1,72,3,UPLOAD,0.95,UPLOAD,0.95,1,14480,0.6756002789688291,54,321184.0,216992.0,30,24,0.5968010464978,0.40319895350220003,0.009769041087465083,1,0,1,0,1,0,0,0,0.85,1.0,1.0,0.4,0.8,skip,attack_already_active,1785296265.4895546,1785296265489554769,1384933706253072,74.0,53.36328125,-1.0,0,0
2026-07-28T23:37:45.490,10.42.0.1,10.42.0.1,72,3,UPLOAD,0.95,UPLOAD,0.95,1,5792,0.6936335558443334,55,321184.0,222784.0,30,25,0.5904464968527561,0.409553503147244,0.008609348697900969,1,0,1,1,1,1,1,1,0.85,1.0,1.0,0.4,0.8,skip,attack_already_active,1785296265.490523,1785296265490523109,1384933707221301,74.0,53.36328125,-1.0,0,0
2026-07-28T23:37:45.491,10.42.0.1,10.42.0.1,72,3,UPLOAD,0.95,UPLOAD,0.95,1,8688,0.7206834711575898,56,321184.0,231472.0,30,26,0.5811644133059263,0.4188355866940737,0.007618905499810796,1,0,1,1,1,1,1,1,0.85,1.0,1.0,0.4,0.8,skip,attack_already_active,1785296265.4916162,1785296265491616166,1384933708314357,74.0,53.36328125,-1.0,0,0
2026-07-28T23:37:45.492,10.42.0.1,10.42.0.1,72,3,UPLOAD,0.95,UPLOAD,0.95,1,7129,0.7428794709582579,57,321184.0,238601.0,30,27,0.5737631412059987,0.42623685879400125,0.0067432686872081265,1,0,1,1,1,1,1,1,0.85,1.0,1.0,0.4,0.8,skip,attack_already_active,1785296265.4925902,1785296265492590073,1384933709288263,74.0,53.36328125,-1.0,0,0
2026-07-28T23:37:45.528,10.42.0.145,10.42.0.1,33,2,TRAINING,0.95,TRAINING,0.95,1,64240,0.8109677582269427,9,79214.0,64240.0,8,1,0.552190946226665,0.447809053773335,0.2261774954163815,0,0,0,0,1,0,0,0,0.4525,1.0,0.0,0.4,0.15,skip,already_attacked_this_round,1785296265.5288477,1785296265528847620,1384933745547090,74.0,53.36328125,-1.0,0,0
2026-07-28T23:37:45.531,10.42.0.1,10.42.0.1,72,3,UPLOAD,0.95,UPLOAD,0.95,1,7240,0.7654210670526383,58,321184.0,245841.0,30,28,0.5664371059477096,0.4335628940522905,0.006004979270082551,1,0,1,1,1,1,1,1,0.9699999999999999,1.0,1.0,1.0,0.8,skip,attack_already_active,1785296265.5318646,1785296265531864519,1384933748563257,74.0,53.36328125,-1.0,0,0
2026-07-28T23:37:45.533,10.42.0.1,10.42.0.1,72,3,UPLOAD,0.95,UPLOAD,0.95,1,5792,0.7834543439281426,59,321184.0,251633.0,30,29,0.5607096158109832,0.4392903841890167,0.005366019685014851,1,0,1,1,1,1,1,1,0.9699999999999999,1.0,1.0,1.0,0.8,skip,attack_already_active,1785296265.5330207,1785296265533020725,1384933749719610,74.0,53.36328125,-1.0,0,0
2026-07-28T23:37:45.537,10.42.0.1,10.42.0.1,72,3,UPLOAD,0.95,UPLOAD,0.95,1,14480,0.8285375361169033,60,321184.0,266113.0,30,30,0.5468851364812012,0.4531148635187988,0.005310419607668999,1,0,1,1,1,1,1,1,0.9699999999999999,1.0,1.0,1.0,0.8,skip,attack_already_active,1785296265.5379648,1785296265537964876,1384933754663529,74.0,53.36328125,-1.0,0,0
2026-07-28T23:37:45.538,10.42.0.1,10.42.0.1,72,3,UPLOAD,0.95,UPLOAD,0.95,1,14480,0.873620728305664,61,321184.0,280593.0,30,31,0.533725948316403,0.4662740516835971,0.004712842952507249,1,0,1,1,1,1,1,1,0.9699999999999999,1.0,1.0,1.0,0.8,skip,attack_already_active,1785296265.5387404,1785296265538740382,1384933755438556,74.0,53.36328125,-1.0,0,0
2026-07-28T23:37:45.557,10.42.0.145,10.42.0.1,33,3,UPLOAD,0.95,UPLOAD,0.95,1,1460,0.8293988436409044,10,79214.0,65700.0,8,2,0.5466276550229792,0.45337234497702084,0.20015074551247466,0,0,0,1,1,1,1,1,0.9299999999999999,1.0,1.0,0.8,0.8,skip,already_attacked_this_round,1785296265.5575154,1785296265557515284,1384933774213793,74.0,53.36328125,-1.0,0,0
2026-07-28T23:37:45.559,10.42.0.1,10.42.0.1,72,3,UPLOAD,0.95,UPLOAD,0.95,1,14480,0.9187039204944247,62,321184.0,295073.0,30,32,0.5211851548947922,0.4788148451052077,0.006812344561033167,1,0,1,1,1,1,1,1,0.9699999999999999,1.0,1.0,1.0,0.8,skip,attack_already_active,1785296265.5593858,1785296265559385749,1384933776084973,74.0,53.36328125,-1.0,0,0
2026-07-28T23:37:45.560,10.42.0.1,10.42.0.1,72,3,UPLOAD,0.95,UPLOAD,0.95,1,14480,0.9232122397133008,61,321184.0,296521.0,30,31,0.5199634129560227,0.4800365870439773,0.006088515818535907,1,0,1,1,1,1,1,1,0.9699999999999999,1.0,1.0,1.0,0.8,skip,attack_already_active,1785296265.5607052,1785296265560705157,1384933777404787,74.0,53.36328125,-1.0,0,0
2026-07-28T23:37:45.563,10.42.0.1,10.42.0.1,72,3,UPLOAD,0.95,UPLOAD,0.95,1,8591,0.9499601474545745,62,321184.0,305112.0,30,32,0.5128309936515641,0.4871690063484359,0.005617062379680561,1,0,1,1,1,1,1,1,0.9699999999999999,1.0,1.0,1.0,0.8,skip,attack_already_active,1785296265.563216,1785296265563215859,1384933779914592,74.0,53.36328125,-1.0,0,0
2026-07-28T23:37:45.605,10.42.0.18,10.42.0.1,54,2,TRAINING,0.95,TRAINING,0.95,1,56940,0.9690760249847835,8,58757.0,56940.0,7,1,0.5078524075818733,0.49214759241812667,0.4830318873436296,0,0,0,0,1,1,0,0,0.5725,1.0,0.0,1.0,0.15,skip,training_upload_trigger_not_confirmed,1785296265.6054428,1785296265605442829,1384933822142387,74.0,53.36328125,-1.0,0,0
2026-07-28T23:37:45.606,10.42.0.18,10.42.0.1,54,3,UPLOAD,0.95,UPLOAD,0.95,1,22589,1.3535238354518861,9,58757.0,79529.0,7,2,0.42489478327524116,0.5751052167247588,0.41954012353559644,0,0,0,1,1,1,1,1,0.9699999999999999,1.0,1.0,1.0,0.8,trigger,training_upload_trigger_confirmed,1785296265.6066532,1785296265606653186,1384933823351704,74.0,53.36328125,28.573612,1785296265635228026,1384933851925316
2026-07-28T23:37:45.608,10.42.0.1,10.42.0.1,72,3,UPLOAD,0.95,UPLOAD,0.95,1,7240,0.9679934243300787,62,321184.0,310904.0,30,32,0.5081317791193631,0.49186822088063686,0.008900733760640744,1,0,1,1,1,1,1,1,0.9699999999999999,1.0,1.0,1.0,0.8,skip,attack_already_active,1785296265.6083498,1785296265608349690,1384933825048245,74.0,53.36328125,-1.0,0,0
2026-07-28T23:37:45.609,10.42.0.1,10.42.0.1,72,3,UPLOAD,0.95,UPLOAD,0.95,1,5792,0.986026701205583,63,321184.0,316696.0,30,33,0.5035179030538659,0.49648209694613404,0.00793840425926419,1,0,1,1,1,1,1,1,0.9699999999999999,1.0,1.0,1.0,0.8,skip,attack_already_active,1785296265.6099477,1785296265609947548,1384933826646133,74.0,53.36328125,-1.0,0,0
2026-07-28T23:37:45.612,10.42.0.1,10.42.0.1,72,3,UPLOAD,0.95,UPLOAD,0.95,1,11584,1.0220932549565915,64,321184.0,328280.0,30,34,0.49453703361541207,0.5054629663845879,0.007182748454983269,1,0,1,1,1,1,1,1,0.9699999999999999,1.0,1.0,1.0,0.8,skip,attack_already_active,1785296265.6121516,1785296265612151531,1384933828850090,74.0,53.36328125,-1.0,0,0
2026-07-28T23:37:45.613,10.42.0.1,10.42.0.1,72,3,UPLOAD,0.95,UPLOAD,0.95,1,5792,1.0401265318320958,65,321184.0,334072.0,30,35,0.49016567570537317,0.5098343242946268,0.006383247989347165,1,0,1,1,1,1,1,1,0.9699999999999999,1.0,1.0,1.0,0.8,skip,attack_already_active,1785296265.6132672,1785296265613267298,1384933829965855,74.0,53.36328125,-1.0,0,0
2026-07-28T23:37:45.614,10.42.0.1,10.42.0.1,72,3,UPLOAD,0.95,UPLOAD,0.95,1,11584,1.0761930855831043,66,321184.0,345656.0,30,36,0.4816507707995921,0.5183492292004079,0.005685205505146015,1,0,1,1,1,1,1,1,0.9699999999999999,1.0,1.0,1.0,0.8,skip,attack_already_active,1785296265.6143532,1785296265614353061,1384933831051812,74.0,53.36328125,-1.0,0,0
2026-07-28T23:37:45.615,10.42.0.1,10.42.0.1,72,3,UPLOAD,0.95,UPLOAD,0.95,1,20272,1.1393095546473695,67,321184.0,365928.0,30,37,0.4674405337121168,0.5325594662878832,0.005144526977722454,1,0,1,1,1,1,1,1,0.9699999999999999,1.0,1.0,1.0,0.8,skip,attack_already_active,1785296265.6159353,1785296265615935138,1384933832633987,74.0,53.36328125,-1.0,0,0
2026-07-28T23:37:45.617,10.42.0.1,10.42.0.1,72,3,UPLOAD,0.95,UPLOAD,0.95,1,2896,1.1483261930851216,68,321184.0,368824.0,30,38,0.46547866111697256,0.5345213388830274,0.004611224335921452,1,0,1,1,1,1,1,1,0.9699999999999999,1.0,1.0,1.0,0.8,skip,attack_already_active,1785296265.6170328,1785296265617032587,1384933833731027,74.0,53.36328125,-1.0,0,0
2026-07-28T23:37:45.618,10.42.0.1,10.42.0.1,72,3,UPLOAD,0.95,UPLOAD,0.95,1,11584,1.1843927468361302,69,321184.0,380408.0,30,39,0.4577931333310528,0.5422068666689472,0.004221400098598549,1,0,1,1,1,1,1,1,0.9699999999999999,1.0,1.0,1.0,0.8,skip,attack_already_active,1785296265.6186857,1785296265618685583,1384933835383967,74.0,53.36328125,-1.0,0,0
2026-07-28T23:37:45.620,10.42.0.1,10.42.0.1,72,3,UPLOAD,0.95,UPLOAD,0.95,1,2785,1.19306378898017,70,321184.0,383193.0,30,40,0.4559830886017005,0.5440169113982994,0.003871917207024215,1,0,1,1,1,1,1,1,0.9699999999999999,1.0,1.0,1.0,0.8,skip,attack_already_active,1785296265.620255,1785296265620255035,1384933836953397,74.0,53.36328125,-1.0,0,0
2026-07-28T23:37:45.701,10.42.0.1,,72,3,UPLOAD,0.47779323894439224,UPLOAD,0.47779323894439224,0,43,0.9904914317027296,64,321184.0,318130.0,30,34,0.5023884976709411,0.497611502329059,0.020142119894183373,0,0,1,1,1,1,1,1,0.8200000000000001,0.8000000000000002,1.0,0.6000000000000001,0.8,skip,attack_already_active,1785296265.7011566,1785296265701156586,1384933917856439,74.0,53.36328125,-1.0,0,0
2026-07-28T23:37:46.180,10.42.0.210,,71,2,TRAINING,0.9293977297375461,TRAINING,0.9293977297375461,0,43,1.0,0,0.0,0.0,0,0,0.0,0.0,0.23728109145234721,0,0,0,0,0,0,0,0,0.039999999999999994,0.05,0.0,0.0,0.15,skip,training_upload_trigger_not_confirmed,1785296266.1807675,1785296266180767361,1384934397466638,64.9,53.36328125,-1.0,0,0
2026-07-28T23:37:46.278,10.42.0.1,10.42.0.1,72,3,UPLOAD,0.9310965558459026,UPLOAD,0.9310965558459026,0,43,100.0,25,0.0,238601.0,0,25,0.0,1.0,0.019659761831102997,1,0,1,0,0,0,0,0,0.45499999999999996,0.1,1.0,0.0,0.8,skip,attack_already_active,1785296266.2781732,1785296266278173099,1384934494871788,64.9,53.36328125,-1.0,0,0
2026-07-28T23:37:46.771,10.42.0.47,10.42.0.1|10.42.0.47,72,3,UPLOAD,0.95,UPLOAD,0.95,1,7240,100.0,1,0.0,7240.0,0,1,0.0,1.0,0.26341919478445525,1,0,0,1,1,1,1,1,0.9699999999999999,1.0,1.0,1.0,0.8,trigger,training_upload_trigger_confirmed,1785296266.7717261,1785296266771726022,1384934988424363,6.6,53.36328125,7.833367,1785296266779560464,1384934996257730
2026-07-28T23:37:46.772,10.42.0.47,10.42.0.1|10.42.0.47,72,3,UPLOAD,0.95,UPLOAD,0.95,1,4344,100.0,2,0.0,11584.0,0,2,0.0,1.0,0.2288033135645644,1,0,1,1,1,1,1,1,0.9699999999999999,1.0,1.0,1.0,0.8,skip,attack_already_active,1785296266.772455,1785296266772454871,1384934989152896,6.6,53.36328125,-1.0,0,0
2026-07-28T23:37:46.774,10.42.0.47,10.42.0.1|10.42.0.47,72,3,UPLOAD,0.95,UPLOAD,0.95,1,2896,100.0,3,0.0,14480.0,0,3,0.0,1.0,0.19887132421239193,1,0,1,1,1,1,1,1,0.9699999999999999,1.0,1.0,1.0,0.8,skip,attack_already_active,1785296266.7741127,1785296266774112813,1384934990811092,6.6,53.36328125,-1.0,0,0
2026-07-28T23:37:46.774,10.42.0.47,10.42.0.1|10.42.0.47,72,3,UPLOAD,0.95,UPLOAD,0.95,1,1448,100.0,4,0.0,15928.0,0,4,0.0,1.0,0.17274998830756927,1,0,1,1,1,1,1,1,0.9699999999999999,1.0,1.0,1.0,0.8,skip,attack_already_active,1785296266.7747564,1785296266774756356,1384934991454413,6.6,53.36328125,-1.0,0,0
2026-07-28T23:37:46.780,10.42.0.47,10.42.0.1|10.42.0.47,72,3,UPLOAD,0.95,UPLOAD,0.95,1,5792,100.0,5,0.0,21720.0,0,5,0.0,1.0,0.15074631625520896,1,0,1,1,1,1,1,1,0.9699999999999999,1.0,1.0,1.0,0.8,skip,attack_already_active,1785296266.7805266,1785296266780526687,1384934997225303,6.6,53.36328125,-1.0,0,0
2026-07-28T23:37:46.782,10.42.0.47,10.42.0.1|10.42.0.47,72,3,UPLOAD,0.95,UPLOAD,0.95,1,5792,100.0,6,0.0,27512.0,0,6,0.0,1.0,0.1310799191480284,1,0,1,1,1,1,1,1,0.9699999999999999,1.0,1.0,1.0,0.8,skip,attack_already_active,1785296266.78203,1785296266782030145,1384934998729308,6.6,53.36328125,-1.0,0,0
2026-07-28T23:37:46.788,10.42.0.47,10.42.0.1|10.42.0.47,72,3,UPLOAD,0.95,UPLOAD,0.95,1,10136,100.0,7,0.0,37648.0,0,7,0.0,1.0,0.11461696936193398,1,0,1,1,1,1,1,1,0.9699999999999999,1.0,1.0,1.0,0.8,skip,attack_already_active,1785296266.7881773,1785296266788177213,1384935004875759,6.6,53.36328125,-1.0,0,0
2026-07-28T23:37:46.788,10.42.0.47,10.42.0.1|10.42.0.47,72,3,UPLOAD,0.95,UPLOAD,0.95,1,5792,100.0,8,0.0,43440.0,0,8,0.0,1.0,0.09960159939858443,1,0,1,1,1,1,1,1,0.9699999999999999,1.0,1.0,1.0,0.8,skip,attack_already_active,1785296266.7888467,1785296266788846783,1384935005544965,6.6,53.36328125,-1.0,0,0
2026-07-28T23:37:46.793,10.42.0.47,10.42.0.1|10.42.0.47,72,3,UPLOAD,0.95,UPLOAD,0.95,1,11584,100.0,9,0.0,55024.0,0,9,0.0,1.0,0.08703330648661227,1,0,1,1,1,1,1,1,0.9699999999999999,1.0,1.0,1.0,0.8,skip,attack_already_active,1785296266.793071,1785296266793071226,1384935009770033,6.6,53.36328125,-1.0,0,0
2026-07-28T23:37:46.796,10.42.0.47,10.42.0.1|10.42.0.47,72,3,UPLOAD,0.95,UPLOAD,0.95,1,2896,100.0,10,0.0,57920.0,0,10,0.0,1.0,0.07603055426223651,1,0,1,1,1,1,1,1,0.9699999999999999,1.0,1.0,1.0,0.8,skip,attack_already_active,1785296266.7966075,1785296266796607549,1384935013306171,6.6,53.36328125,-1.0,0,0
2026-07-28T23:37:46.797,10.42.0.47,10.42.0.1|10.42.0.47,72,3,UPLOAD,0.95,UPLOAD,0.95,1,8688,100.0,11,0.0,66608.0,0,11,0.0,1.0,0.06612976667607788,1,0,1,1,1,1,1,1,0.9699999999999999,1.0,1.0,1.0,0.8,skip,attack_already_active,1785296266.7975037,1785296266797503762,1384935014202379,6.6,53.36328125,-1.0,0,0
2026-07-28T23:37:46.798,10.42.0.47,10.42.0.1|10.42.0.47,72,3,UPLOAD,0.95,UPLOAD,0.95,1,2896,100.0,12,0.0,69504.0,0,12,0.0,1.0,0.05754945310791389,1,0,1,1,1,1,1,1,0.9699999999999999,1.0,1.0,1.0,0.8,skip,attack_already_active,1785296266.7985198,1785296266798519901,1384935015218539,6.6,53.36328125,-1.0,0,0
2026-07-28T23:37:46.799,10.42.0.47,10.42.0.1|10.42.0.47,72,3,UPLOAD,0.95,UPLOAD,0.95,1,4344,100.0,13,0.0,73848.0,0,13,0.0,1.0,0.05004730719045491,1,0,1,1,1,1,1,1,0.9699999999999999,1.0,1.0,1.0,0.8,skip,attack_already_active,1785296266.7991376,1785296266799137483,1384935015835537,6.6,53.36328125,-1.0,0,0
2026-07-28T23:37:46.801,10.42.0.47,10.42.0.1|10.42.0.47,72,3,UPLOAD,0.95,UPLOAD,0.95,1,5707,100.0,14,0.0,79555.0,0,14,0.0,1.0,0.04377331086331374,1,0,1,1,1,1,1,1,0.9699999999999999,1.0,1.0,1.0,0.8,skip,attack_already_active,1785296266.8015733,1785296266801573490,1384935018273136,6.6,53.36328125,-1.0,0,0
2026-07-28T23:37:46.802,10.42.0.1,10.42.0.1|10.42.0.47,72,3,UPLOAD,0.9734497003486715,UPLOAD,0.9734497003486715,1,7240,100.0,1,0.0,7240.0,0,1,0.0,1.0,0.02091778007404991,1,0,1,1,1,1,1,1,0.9699999999999999,1.0,1.0,1.0,0.8,skip,attack_already_active,1785296266.8025918,1785296266802591826,1384935019290160,6.6,53.36328125,-1.0,0,0
2026-07-28T23:37:46.803,10.42.0.1,10.42.0.1|10.42.0.47,72,3,UPLOAD,0.9759161787955019,UPLOAD,0.9759161787955019,1,5792,100.0,2,0.0,13032.0,0,2,0.0,1.0,0.01824501547010455,1,0,1,1,1,1,1,1,0.9699999999999999,1.0,1.0,1.0,0.8,skip,attack_already_active,1785296266.8032267,1785296266803226723,1384935019924788,6.6,53.36328125,-1.0,0,0
2026-07-28T23:37:46.814,10.42.0.1,10.42.0.1|10.42.0.47,72,3,UPLOAD,0.9763839950269755,UPLOAD,0.9763839950269755,1,1448,100.0,3,0.0,14480.0,0,3,0.0,1.0,0.0173699084959603,1,0,1,1,1,1,1,1,0.9699999999999999,1.0,1.0,1.0,0.8,skip,attack_already_active,1785296266.8148308,1785296266814830960,1384935031529569,6.6,53.36328125,-1.0,0,0
2026-07-28T23:37:46.877,10.42.0.1,10.42.0.1|10.42.0.47,72,3,UPLOAD,0.9767537667354697,UPLOAD,0.9767537667354697,1,14480,100.0,4,0.0,28960.0,0,4,0.0,1.0,0.023327238681689687,1,0,1,1,1,1,1,1,0.9699999999999999,1.0,1.0,1.0,0.8,skip,attack_already_active,1785296266.8774092,1785296266877409156,1384935094107621,6.6,53.36328125,-1.0,0,0
2026-07-28T23:37:46.878,10.42.0.1,10.42.0.1|10.42.0.47,72,3,UPLOAD,0.9771981978536983,UPLOAD,0.9771981978536983,1,14480,100.0,5,0.0,43440.0,0,5,0.0,1.0,0.02037391590803053,1,0,1,1,1,1,1,1,0.9699999999999999,1.0,1.0,1.0,0.8,skip,attack_already_active,1785296266.8783245,1785296266878324373,1384935095022648,6.6,53.36328125,-1.0,0,0
2026-07-28T23:37:46.880,10.42.0.1,10.42.0.1|10.42.0.47,72,3,UPLOAD,0.9776185257454713,UPLOAD,0.9776185257454713,1,15928,100.0,6,0.0,59368.0,0,6,0.0,1.0,0.01795230678809403,1,0,1,1,1,1,1,1,0.9699999999999999,1.0,1.0,1.0,0.8,skip,attack_already_active,1785296266.8803215,1785296266880321579,1384935097020068,6.6,53.36328125,-1.0,0,0
2026-07-28T23:37:46.881,10.42.0.1,10.42.0.1|10.42.0.47,72,3,UPLOAD,0.9778596723818008,UPLOAD,0.9778596723818008,1,14480,100.0,7,0.0,73848.0,0,7,0.0,1.0,0.01572325430762244,1,0,1,1,1,1,1,1,0.9699999999999999,1.0,1.0,1.0,0.8,skip,attack_already_active,1785296266.8813581,1785296266881358190,1384935098056531,6.6,53.36328125,-1.0,0,0
2026-07-28T23:37:46.882,10.42.0.1,10.42.0.1|10.42.0.47,72,3,UPLOAD,0.9781991095767815,UPLOAD,0.9781991095767815,1,5694,100.0,8,0.0,79542.0,0,8,0.0,1.0,0.013841155247512305,1,0,1,1,1,1,1,1,0.9699999999999999,1.0,1.0,1.0,0.8,skip,attack_already_active,1785296266.8827987,1785296266882798684,1384935099497026,6.6,53.36328125,-1.0,0,0
2026-07-28T23:37:47.140,10.42.0.210,10.42.0.1|10.42.0.47,71,3,UPLOAD,0.95,UPLOAD,0.95,1,1448,100.0,1,0.0,1448.0,0,1,0.0,1.0,0.33243556262341595,0,0,0,1,1,1,1,1,0.9525,0.95,1.0,1.0,0.8,trigger,training_upload_trigger_confirmed,1785296267.1401496,1785296267140149579,1384935356848541,23.6,53.36328125,9.230989,1785296267149382157,1384935366079530
2026-07-28T23:37:47.141,10.42.0.210,10.42.0.1|10.42.0.47,71,3,UPLOAD,0.9841010226033655,UPLOAD,0.9841010226033655,1,1448,100.0,2,0.0,2896.0,0,2,0.0,1.0,0.2888274757664656,0,0,1,1,1,1,1,1,0.9699999999999999,1.0,1.0,1.0,0.8,skip,attack_already_active,1785296267.1416554,1785296267141655641,1384935358354787,23.6,53.36328125,-1.0,0,0
2026-07-28T23:37:47.143,10.42.0.210,10.42.0.1|10.42.0.47,71,3,UPLOAD,0.9854688349332961,UPLOAD,0.9854688349332961,1,1448,100.0,3,0.0,4344.0,0,3,0.0,1.0,0.2509880649669125,0,0,1,1,1,1,1,1,0.9699999999999999,1.0,1.0,1.0,0.8,skip,attack_already_active,1785296267.14333,1785296267143329976,1384935360028609,23.6,53.36328125,-1.0,0,0
2026-07-28T23:37:47.144,10.42.0.210,10.42.0.1|10.42.0.47,71,3,UPLOAD,0.9855076450773014,UPLOAD,0.9855076450773014,1,1448,100.0,4,0.0,5792.0,0,4,0.0,1.0,0.21811305585750476,0,0,1,1,1,1,1,1,0.9699999999999999,1.0,1.0,1.0,0.8,skip,attack_already_active,1785296267.1448388,1785296267144838978,1384935361537342,23.6,53.36328125,-1.0,0,0
2026-07-28T23:37:47.146,10.42.0.210,10.42.0.1|10.42.0.47,71,3,UPLOAD,0.9855086980780915,UPLOAD,0.9855086980780915,1,1448,100.0,5,0.0,7240.0,0,5,0.0,1.0,0.1895799986991016,0,0,1,1,1,1,1,1,0.9699999999999999,1.0,1.0,1.0,0.8,skip,attack_already_active,1785296267.1464224,1785296267146422213,1384935363120982,23.6,53.36328125,-1.0,0,0
2026-07-28T23:37:47.148,10.42.0.210,10.42.0.1|10.42.0.47,71,3,UPLOAD,0.9855087254685951,UPLOAD,0.9855087254685951,1,1448,100.0,6,0.0,8688.0,0,6,0.0,1.0,0.16483275799547945,0,0,1,1,1,1,1,1,0.9699999999999999,1.0,1.0,1.0,0.8,skip,attack_already_active,1785296267.1482024,1785296267148202419,1384935364902139,23.6,53.36328125,-1.0,0,0
2026-07-28T23:37:47.150,10.42.0.210,10.42.0.1|10.42.0.47,71,3,UPLOAD,0.9855087261493067,UPLOAD,0.9855087261493067,1,1448,100.0,7,0.0,10136.0,0,7,0.0,1.0,0.1433819164563469,0,0,1,1,1,1,1,1,0.9699999999999999,1.0,1.0,1.0,0.8,skip,attack_already_active,1785296267.1502507,1785296267150250701,1384935366949394,23.6,53.36328125,-1.0,0,0
2026-07-28T23:37:47.152,10.42.0.210,10.42.0.1|10.42.0.47,71,3,UPLOAD,0.9855087261653082,UPLOAD,0.9855087261653082,1,1448,100.0,8,0.0,11584.0,0,8,0.0,1.0,0.1247251996551319,0,0,1,1,1,1,1,1,0.9699999999999999,1.0,1.0,1.0,0.8,skip,attack_already_active,1785296267.152052,1785296267152051857,1384935368750332,23.6,53.36328125,-1.0,0,0
2026-07-28T23:37:47.153,10.42.0.210,10.42.0.1|10.42.0.47,71,3,UPLOAD,0.985508726165656,UPLOAD,0.985508726165656,1,1448,100.0,9,0.0,13032.0,0,9,0.0,1.0,0.10848615049110565,0,0,1,1,1,1,1,1,0.9699999999999999,1.0,1.0,1.0,0.8,skip,attack_already_active,1785296267.1535435,1785296267153543312,1384935370242144,23.6,53.36328125,-1.0,0,0
2026-07-28T23:37:47.155,10.42.0.210,10.42.0.1|10.42.0.47,71,3,UPLOAD,0.9855087261656625,UPLOAD,0.9855087261656625,1,1448,100.0,10,0.0,14480.0,0,10,0.0,1.0,0.09438476276308999,0,0,1,1,1,1,1,1,0.9699999999999999,1.0,1.0,1.0,0.8,skip,attack_already_active,1785296267.155018,1785296267155017888,1384935371716863,23.6,53.36328125,-1.0,0,0
2026-07-28T23:37:47.156,10.42.0.210,10.42.0.1|10.42.0.47,71,3,UPLOAD,0.95,UPLOAD,0.95,1,1448,100.0,11,0.0,15928.0,0,11,0.0,1.0,0.08214446832040942,0,0,1,1,1,1,1,1,0.9699999999999999,1.0,1.0,1.0,0.8,skip,attack_already_active,1785296267.1565146,1785296267156514550,1384935373212968,23.6,53.36328125,-1.0,0,0
2026-07-28T23:37:47.157,10.42.0.210,10.42.0.1|10.42.0.47,71,3,UPLOAD,0.95,UPLOAD,0.95,1,1448,100.0,12,0.0,17376.0,0,12,0.0,1.0,0.07150962339761179,0,0,1,1,1,1,1,1,0.9699999999999999,1.0,1.0,1.0,0.8,skip,attack_already_active,1785296267.1579542,1785296267157954375,1384935374653000,23.6,53.36328125,-1.0,0,0
2026-07-28T23:37:47.159,10.42.0.210,10.42.0.1|10.42.0.47,71,3,UPLOAD,0.95,UPLOAD,0.95,1,1448,100.0,13,0.0,18824.0,0,13,0.0,1.0,0.062269581844015945,0,0,1,1,1,1,1,1,0.9699999999999999,1.0,1.0,1.0,0.8,skip,attack_already_active,1785296267.1593437,1785296267159343711,1384935376042167,23.6,53.36328125,-1.0,0,0
2026-07-28T23:37:47.160,10.42.0.210,10.42.0.1|10.42.0.47,71,3,UPLOAD,0.95,UPLOAD,0.95,1,1448,100.0,14,0.0,20272.0,0,14,0.0,1.0,0.054263510365639256,0,0,1,1,1,1,1,1,0.9699999999999999,1.0,1.0,1.0,0.8,skip,attack_already_active,1785296267.1608574,1785296267160857440,1384935377556071,23.6,53.36328125,-1.0,0,0
2026-07-28T23:37:47.162,10.42.0.210,10.42.0.1|10.42.0.47,71,3,UPLOAD,0.95,UPLOAD,0.95,1,1448,100.0,15,0.0,21720.0,0,15,0.0,1.0,0.04731425691733443,0,0,1,1,1,1,1,1,0.9699999999999999,1.0,1.0,1.0,0.8,skip,attack_already_active,1785296267.162385,1785296267162385005,1384935379083514,23.6,53.36328125,-1.0,0,0
2026-07-28T23:37:47.163,10.42.0.210,10.42.0.1|10.42.0.47,71,3,UPLOAD,0.95,UPLOAD,0.95,1,1448,100.0,16,0.0,23168.0,0,16,0.0,1.0,0.041285984370079125,0,0,1,1,1,1,1,1,0.9699999999999999,1.0,1.0,1.0,0.8,skip,attack_already_active,1785296267.1639524,1785296267163952269,1384935380651153,23.6,53.36328125,-1.0,0,0
2026-07-28T23:37:47.165,10.42.0.210,10.42.0.1|10.42.0.47,71,3,UPLOAD,0.95,UPLOAD,0.95,1,1448,100.0,17,0.0,24616.0,0,17,0.0,1.0,0.036084004396761085,0,0,1,1,1,1,1,1,0.9699999999999999,1.0,1.0,1.0,0.8,skip,attack_already_active,1785296267.165762,1785296267165762078,1384935382461354,23.6,53.36328125,-1.0,0,0
2026-07-28T23:37:47.166,10.42.0.210,10.42.0.1|10.42.0.47,71,3,UPLOAD,0.95,UPLOAD,0.95,1,1448,100.0,18,0.0,26064.0,0,18,0.0,1.0,0.031483156632947276,0,0,1,1,1,1,1,1,0.9699999999999999,1.0,1.0,1.0,0.8,skip,attack_already_active,1785296267.1669314,1785296267166931423,1384935383630210,23.6,53.36328125,-1.0,0,0
2026-07-28T23:37:47.168,10.42.0.210,10.42.0.1|10.42.0.47,71,3,UPLOAD,0.95,UPLOAD,0.95,1,1448,100.0,19,0.0,27512.0,0,19,0.0,1.0,0.027542621207552086,0,0,1,1,1,1,1,1,0.9699999999999999,1.0,1.0,1.0,0.8,skip,attack_already_active,1785296267.168511,1785296267168510998,1384935385209628,23.6,53.36328125,-1.0,0,0
2026-07-28T23:37:47.169,10.42.0.210,10.42.0.1|10.42.0.47,71,3,UPLOAD,0.95,UPLOAD,0.95,1,1448,100.0,20,0.0,28960.0,0,20,0.0,1.0,0.024057098994684126,0,0,1,1,1,1,1,1,0.9699999999999999,1.0,1.0,1.0,0.8,skip,attack_already_active,1785296267.1696029,1785296267169602786,1384935386301985,23.6,53.36328125,-1.0,0,0
2026-07-28T23:37:47.171,10.42.0.210,10.42.0.1|10.42.0.47,71,3,UPLOAD,0.95,UPLOAD,0.95,1,1448,100.0,21,0.0,30408.0,0,21,0.0,1.0,0.021090761339813184,0,0,1,1,1,1,1,1,0.9699999999999999,1.0,1.0,1.0,0.8,skip,attack_already_active,1785296267.1711493,1785296267171149216,1384935387847757,23.6,53.36328125,-1.0,0,0
2026-07-28T23:37:47.172,10.42.0.210,10.42.0.1|10.42.0.47,71,3,UPLOAD,0.95,UPLOAD,0.95,1,1448,100.0,22,0.0,31856.0,0,22,0.0,1.0,0.018451062503764597,0,0,1,1,1,1,1,1,0.9699999999999999,1.0,1.0,1.0,0.8,skip,attack_already_active,1785296267.172208,1785296267172208167,1384935388907029,23.6,53.36328125,-1.0,0,0
2026-07-28T23:37:47.173,10.42.0.210,10.42.0.1|10.42.0.47,71,3,UPLOAD,0.95,UPLOAD,0.95,1,1448,100.0,23,0.0,33304.0,0,23,0.0,1.0,0.01622754160209768,0,0,1,1,1,1,1,1,0.9699999999999999,1.0,1.0,1.0,0.8,skip,attack_already_active,1785296267.1737854,1785296267173785403,1384935390483907,23.6,53.36328125,-1.0,0,0
2026-07-28T23:37:47.174,10.42.0.210,10.42.0.1|10.42.0.47,71,3,UPLOAD,0.95,UPLOAD,0.95,1,1448,100.0,24,0.0,34752.0,0,24,0.0,1.0,0.014227999778988393,0,0,1,1,1,1,1,1,0.9699999999999999,1.0,1.0,1.0,0.8,skip,attack_already_active,1785296267.174839,1785296267174839063,1384935391537794,23.6,53.36328125,-1.0,0,0
2026-07-28T23:37:47.176,10.42.0.210,10.42.0.1|10.42.0.47,71,3,UPLOAD,0.95,UPLOAD,0.95,1,1448,100.0,25,0.0,36200.0,0,25,0.0,1.0,0.012561599074167687,0,0,1,1,1,1,1,1,0.9699999999999999,1.0,1.0,1.0,0.8,skip,attack_already_active,1785296267.1764212,1785296267176421078,1384935393120659,23.6,53.36328125,-1.0,0,0
2026-07-28T23:37:47.177,10.42.0.210,10.42.0.1|10.42.0.47,71,3,UPLOAD,0.95,UPLOAD,0.95,1,1448,100.0,26,0.0,37648.0,0,26,0.0,1.0,0.011074541643069313,0,0,1,1,1,1,1,1,0.9699999999999999,1.0,1.0,1.0,0.8,skip,attack_already_active,1785296267.177698,1785296267177697716,1384935394396378,23.6,53.36328125,-1.0,0,0
2026-07-28T23:37:47.179,10.42.0.210,10.42.0.1|10.42.0.47,71,3,UPLOAD,0.95,UPLOAD,0.95,1,1448,100.0,27,0.0,39096.0,0,27,0.0,1.0,0.009883002414233264,0,0,1,1,1,1,1,1,0.9699999999999999,1.0,1.0,1.0,0.8,skip,attack_already_active,1785296267.1797302,1785296267179730083,1384935396428866,23.6,53.36328125,-1.0,0,0
2026-07-28T23:37:47.181,10.42.0.210,10.42.0.1|10.42.0.47,71,3,UPLOAD,0.95,UPLOAD,0.95,1,1448,100.0,28,0.0,40544.0,0,28,0.0,1.0,0.008761011365513856,0,0,1,1,1,1,1,1,0.9699999999999999,1.0,1.0,1.0,0.8,skip,attack_already_active,1785296267.1810987,1785296267181098737,1384935397797241,23.6,53.36328125,-1.0,0,0
2026-07-28T23:37:47.182,10.42.0.210,10.42.0.1|10.42.0.47,71,3,UPLOAD,0.95,UPLOAD,0.95,1,1448,100.0,29,0.0,41992.0,0,29,0.0,1.0,0.007804432463443966,0,0,1,1,1,1,1,1,0.9699999999999999,1.0,1.0,1.0,0.8,skip,attack_already_active,1785296267.1826005,1785296267182600377,1384935399298825,23.6,53.36328125,-1.0,0,0
2026-07-28T23:37:47.183,10.42.0.210,10.42.0.1|10.42.0.47,71,3,UPLOAD,0.95,UPLOAD,0.95,1,1448,100.0,30,0.0,43440.0,0,30,0.0,1.0,0.006908118031555987,0,0,1,1,1,1,1,1,0.9699999999999999,1.0,1.0,1.0,0.8,skip,attack_already_active,1785296267.183603,1785296267183602973,1384935400301239,23.6,53.36328125,-1.0,0,0
2026-07-28T23:37:47.185,10.42.0.210,10.42.0.1|10.42.0.47,71,3,UPLOAD,0.95,UPLOAD,0.95,1,1448,100.0,31,0.0,44888.0,0,31,0.0,1.0,0.0061835760163869045,0,0,1,1,1,1,1,1,0.9699999999999999,1.0,1.0,1.0,0.8,skip,attack_already_active,1785296267.1850128,1785296267185012706,1384935401711217,23.6,53.36328125,-1.0,0,0
2026-07-28T23:37:47.186,10.42.0.210,10.42.0.1|10.42.0.47,71,3,UPLOAD,0.95,UPLOAD,0.95,1,1448,100.0,32,0.0,46336.0,0,32,0.0,1.0,0.0055481323916141394,0,0,1,1,1,1,1,1,0.9699999999999999,1.0,1.0,1.0,0.8,skip,attack_already_active,1785296267.1863742,1785296267186374125,1384935403072344,23.6,53.36328125,-1.0,0,0
2026-07-28T23:37:47.187,10.42.0.210,10.42.0.1|10.42.0.47,71,3,UPLOAD,0.95,UPLOAD,0.95,1,1448,100.0,33,0.0,47784.0,0,33,0.0,1.0,0.004945559110213348,0,0,1,1,1,1,1,1,0.9699999999999999,1.0,1.0,1.0,0.8,skip,attack_already_active,1785296267.1873496,1785296267187349406,1384935404047796,23.6,53.36328125,-1.0,0,0
2026-07-28T23:37:47.188,10.42.0.210,10.42.0.1|10.42.0.47,71,3,UPLOAD,0.95,UPLOAD,0.95,1,1448,100.0,34,0.0,49232.0,0,34,0.0,1.0,0.004423457797249481,0,0,1,1,1,1,1,1,0.9699999999999999,1.0,1.0,1.0,0.8,skip,attack_already_active,1785296267.188333,1785296267188333034,1384935405031330,23.6,53.36328125,-1.0,0,0
2026-07-28T23:37:47.191,10.42.0.1,10.42.0.1|10.42.0.47,72,3,UPLOAD,0.9785792560409896,UPLOAD,0.9785792560409896,1,7240,100.0,9,0.0,86782.0,0,9,0.0,1.0,0.05265003884850253,1,0,1,1,1,1,1,1,0.9699999999999999,1.0,1.0,1.0,0.8,skip,attack_already_active,1785296267.1911497,1785296267191149764,1384935407848121,23.6,53.36328125,-1.0,0,0
2026-07-28T23:37:47.192,10.42.0.1,10.42.0.1|10.42.0.47,72,3,UPLOAD,0.9789401073439614,UPLOAD,0.9789401073439614,1,7240,100.0,10,0.0,94022.0,0,10,0.0,1.0,0.04584484680739883,1,0,1,1,1,1,1,1,0.9699999999999999,1.0,1.0,1.0,0.8,skip,attack_already_active,1785296267.192157,1785296267192156906,1384935408855428,23.6,53.36328125,-1.0,0,0
2026-07-28T23:37:47.193,10.42.0.1,10.42.0.1|10.42.0.47,72,3,UPLOAD,0.9793306970873102,UPLOAD,0.9793306970873102,1,14480,100.0,11,0.0,108502.0,0,11,0.0,1.0,0.03993276090464225,1,0,1,1,1,1,1,1,0.9699999999999999,1.0,1.0,1.0,0.8,skip,attack_already_active,1785296267.1931367,1785296267193136667,1384935409834723,23.6,53.36328125,-1.0,0,0
2026-07-28T23:37:47.193,10.42.0.1,10.42.0.1|10.42.0.47,72,3,UPLOAD,0.9798073892470726,UPLOAD,0.9798073892470726,1,14480,100.0,12,0.0,122982.0,0,12,0.0,1.0,0.03475452722511087,1,0,1,1,1,1,1,1,0.9699999999999999,1.0,1.0,1.0,0.8,skip,attack_already_active,1785296267.1937733,1785296267193773354,1384935410471429,23.6,53.36328125,-1.0,0,0
2026-07-28T23:37:47.194,10.42.0.1,10.42.0.1|10.42.0.47,72,3,UPLOAD,0.9799367559501455,UPLOAD,0.9799367559501455,1,14480,100.0,13,0.0,137462.0,0,13,0.0,1.0,0.030323969482225283,1,0,1,1,1,1,1,1,0.9699999999999999,1.0,1.0,1.0,0.8,skip,attack_already_active,1785296267.1949055,1785296267194905698,1384935411603781,23.6,53.36328125,-1.0,0,0
2026-07-28T23:37:47.195,10.42.0.1,10.42.0.1|10.42.0.47,72,3,UPLOAD,0.9801184461346442,UPLOAD,0.9801184461346442,1,14480,100.0,14,0.0,151942.0,0,14,0.0,1.0,0.026411332255922945,1,0,1,1,1,1,1,1,0.9699999999999999,1.0,1.0,1.0,0.8,skip,attack_already_active,1785296267.1955376,1785296267195537641,1384935412235707,23.6,53.36328125,-1.0,0,0
2026-07-28T23:37:47.196,10.42.0.1,10.42.0.1|10.42.0.47,72,3,UPLOAD,0.9801441621771512,UPLOAD,0.9801441621771512,1,7130,100.0,15,0.0,159072.0,0,15,0.0,1.0,0.02304604379558301,1,0,1,1,1,1,1,1,0.9699999999999999,1.0,1.0,1.0,0.8,skip,attack_already_active,1785296267.1964107,1785296267196410617,1384935413108838,23.6,53.36328125,-1.0,0,0
2026-07-28T23:37:47.210,10.42.0.1,10.42.0.1|10.42.0.47,72,3,UPLOAD,0.9797545892283168,UPLOAD,0.9797545892283168,1,1338,100.0,16,0.0,160410.0,0,16,0.0,1.0,0.021907313603208106,1,0,1,1,1,1,1,1,0.9699999999999999,1.0,1.0,1.0,0.8,skip,attack_already_active,1785296267.2108152,1785296267210815159,1384935427513541,23.6,53.36328125,-1.0,0,0
2026-07-28T23:37:47.295,10.42.0.1,10.42.0.1|10.42.0.47,72,3,UPLOAD,0.9782086650366852,UPLOAD,0.9782086650366852,0,43,100.0,16,0.0,160410.0,0,16,0.0,1.0,0.15306926927192296,1,0,1,1,1,1,1,1,0.8374999999999999,0.8500000000000001,1.0,0.6000000000000001,0.8,skip,attack_already_active,1785296267.2954323,1785296267295432423,1384935512131128,23.6,53.36328125,-1.0,0,0
2026-07-28T23:37:47.495,10.42.0.1,10.42.0.47,73,1,DOWNLOAD,0.9774235456380144,DOWNLOAD,0.9774235456380144,-1,1448,100.0,17,1448.0,160410.0,1,16,0.00894611325977091,0.9910538867402291,0.15930161641378812,0,0,0,0,1,0,0,0,0.44,0.8500000000000001,0.0,0.6000000000000001,0.15,skip,training_upload_trigger_not_confirmed,1785296267.4957972,1785296267495797198,1384935712496441,23.6,53.36328125,-1.0,0,0
2026-07-28T23:37:47.499,10.42.0.1,10.42.0.47,73,1,DOWNLOAD,0.95,DOWNLOAD,0.95,-1,5792,22.156077345144187,18,7240.0,160410.0,2,16,0.04318520727706531,0.9568147927229347,0.13880119419868694,0,0,0,0,1,0,0,0,0.44,0.8500000000000001,0.0,0.6000000000000001,0.15,skip,training_upload_trigger_not_confirmed,1785296267.4995267,1785296267499526604,1384935716225001,23.6,53.36328125,-1.0,0,0
2026-07-28T23:37:47.500,10.42.0.1,10.42.0.47,73,1,DOWNLOAD,0.95,DOWNLOAD,0.95,-1,7240,11.078038673337153,19,14480.0,160410.0,3,16,0.08279489965120933,0.9172051003487907,0.12064850622293419,0,0,0,0,1,0,0,0,0.44,0.8500000000000001,0.0,0.6000000000000001,0.15,skip,training_upload_trigger_not_confirmed,1785296267.5005722,1785296267500572037,1384935717270459,23.6,53.36328125,-1.0,0,0
2026-07-28T23:37:47.501,10.42.0.1,10.42.0.47,73,1,DOWNLOAD,0.95,DOWNLOAD,0.95,-1,7240,7.385359115728114,20,21720.0,160410.0,4,16,0.11925547685718992,0.88074452314281,0.10490060314230505,0,0,0,0,1,0,0,0,0.44,0.8500000000000001,0.0,0.6000000000000001,0.15,skip,training_upload_trigger_not_confirmed,1785296267.5017142,1785296267501714101,1384935718412620,23.6,53.36328125,-1.0,0,0
2026-07-28T23:37:47.502,10.42.0.1,10.42.0.47,73,1,DOWNLOAD,0.95,DOWNLOAD,0.95,-1,7240,5.539019336859841,21,28960.0,160410.0,5,16,0.15292813011564663,0.8470718698843533,0.09123638576216045,0,0,0,0,1,0,0,0,0.4,0.8500000000000001,0.0,0.4,0.15,skip,training_upload_trigger_not_confirmed,1785296267.5029209,1785296267502920910,1384935719621373,23.6,53.36328125,-1.0,0,0
2026-07-28T23:37:47.505,10.42.0.1,10.42.0.47,73,1,DOWNLOAD,0.95,DOWNLOAD,0.95,-1,7240,4.431215469518475,22,36200.0,160410.0,6,16,0.1841208483800417,0.8158791516199583,0.07955847210248027,0,0,0,0,1,0,0,0,0.4,0.8500000000000001,0.0,0.4,0.15,skip,training_upload_trigger_not_confirmed,1785296267.5055368,1785296267505536839,1384935722235928,23.6,53.36328125,-1.0,0,0
2026-07-28T23:37:47.506,10.42.0.1,10.42.0.47,73,1,DOWNLOAD,0.95,DOWNLOAD,0.95,-1,7240,3.692679557949064,23,43440.0,160410.0,7,16,0.21309786607799852,0.7869021339220015,0.06921346771989681,0,0,0,0,1,0,0,0,0.4,0.8500000000000001,0.0,0.4,0.15,skip,training_upload_trigger_not_confirmed,1785296267.50659,1785296267506589947,1384935723288509,23.6,53.36328125,-1.0,0,0
2026-07-28T23:37:47.507,10.42.0.1,10.42.0.47,73,1,DOWNLOAD,0.95,DOWNLOAD,0.95,-1,7240,3.165153906823892,24,50680.0,160410.0,8,16,0.24008716661139798,0.759912833388602,0.0602256386379643,0,0,0,0,1,0,0,0,0.4,0.8500000000000001,0.0,0.4,0.15,skip,training_upload_trigger_not_confirmed,1785296267.5075972,1785296267507597194,1384935724295734,23.6,53.36328125,-1.0,0,0
2026-07-28T23:37:47.508,10.42.0.1,10.42.0.47,73,1,DOWNLOAD,0.95,DOWNLOAD,0.95,-1,7240,2.7695096684777365,25,57920.0,160410.0,9,16,0.2652864929235561,0.7347135070764439,0.052423464075603006,0,0,0,0,1,0,0,0,0.32,0.8500000000000001,0.0,0.0,0.15,skip,training_upload_trigger_not_confirmed,1785296267.5086143,1785296267508614284,1384935725312663,23.6,53.36328125,-1.0,0,0
2026-07-28T23:37:47.509,10.42.0.1,10.42.0.47,73,1,DOWNLOAD,0.95,DOWNLOAD,0.95,-1,10136,2.3570295050934966,26,68056.0,160410.0,10,16,0.29788239825619567,0.7021176017438043,0.045650453698477964,0,0,0,0,1,0,0,0,0.32,0.8500000000000001,0.0,0.0,0.15,skip,training_upload_trigger_not_confirmed,1785296267.5096393,1785296267509639242,1384935726337728,23.6,53.36328125,-1.0,0,0
2026-07-28T23:37:47.510,10.42.0.1,10.42.0.47,73,1,DOWNLOAD,0.95,DOWNLOAD,0.95,-1,10136,2.051488643326025,27,78192.0,160410.0,11,16,0.32770890436794325,0.6722910956320567,0.039769858913446504,0,0,0,0,1,0,0,0,0.32,0.8500000000000001,0.0,0.0,0.15,skip,training_upload_trigger_not_confirmed,1785296267.5106635,1785296267510663548,1384935727361936,23.6,53.36328125,-1.0,0,0
2026-07-28T23:37:47.512,10.42.0.1,10.42.0.47,73,1,DOWNLOAD,0.95,DOWNLOAD,0.95,-1,4344,1.9435155568364897,28,82536.0,160410.0,12,16,0.3397298165024326,0.6602701834975674,0.0347175861011049,0,0,0,0,1,0,0,0,0.32,0.8500000000000001,0.0,0.0,0.15,skip,training_upload_trigger_not_confirmed,1785296267.512093,1785296267512093081,1384935728791610,23.6,53.36328125,-1.0,0,0
2026-07-28T23:37:47.513,10.42.0.1,10.42.0.47,73,1,DOWNLOAD,0.95,DOWNLOAD,0.95,-1,14480,1.653438608057914,29,97016.0,160410.0,13,16,0.37686946928437687,0.6231305307156231,0.030278795165380165,0,0,0,0,1,0,0,0,0.32,0.8500000000000001,0.0,0.0,0.15,skip,training_upload_trigger_not_confirmed,1785296267.513126,1785296267513125916,1384935729824363,71.6,53.36328125,-1.0,0,0
2026-07-28T23:37:47.514,10.42.0.1,10.42.0.47,73,1,DOWNLOAD,0.95,DOWNLOAD,0.95,-1,4344,1.5825769534275596,30,101360.0,160410.0,14,16,0.38721014631164763,0.6127898536883524,0.0264222216438512,0,0,0,0,1,0,0,0,0.32,0.8500000000000001,0.0,0.0,0.15,skip,training_upload_trigger_not_confirmed,1785296267.5141382,1785296267514138175,1384935730836605,71.6,53.36328125,-1.0,0,0
2026-07-28T23:37:47.515,10.42.0.1,10.42.0.47,73,1,DOWNLOAD,0.95,DOWNLOAD,0.95,-1,13032,1.4022833764563758,31,114392.0,160410.0,15,16,0.416270623940146,0.583729376059854,0.023072463680271105,0,0,0,0,1,0,0,0,0.32,0.8500000000000001,0.0,0.0,0.15,skip,training_upload_trigger_not_confirmed,1785296267.51514,1785296267515140201,1384935731838690,71.6,53.36328125,-1.0,0,0
2026-07-28T23:37:47.516,10.42.0.1,10.42.0.47,73,1,DOWNLOAD,0.95,DOWNLOAD,0.95,-1,4344,1.3509803260986477,32,118736.0,160410.0,16,16,0.42535447400285153,0.5746455259971485,0.020165029399875432,0,0,0,0,1,0,0,0,0.32,0.8500000000000001,0.0,0.0,0.15,skip,training_upload_trigger_not_confirmed,1785296267.5161488,1785296267516148787,1384935732847195,71.6,53.36328125,-1.0,0,0
2026-07-28T23:37:47.517,10.42.0.1,10.42.0.47,73,1,DOWNLOAD,0.95,DOWNLOAD,0.95,-1,14480,1.2041346384803318,33,133216.0,160410.0,17,16,0.45369279287256575,0.5463072071274342,0.0176370448819653,0,0,0,0,1,0,0,0,0.32,0.8500000000000001,0.0,0.0,0.15,skip,training_upload_trigger_not_confirmed,1785296267.5171297,1785296267517129617,1384935733827967,71.6,53.36328125,-1.0,0,0
2026-07-28T23:37:47.518,10.42.0.1,10.42.0.47,73,1,DOWNLOAD,0.95,DOWNLOAD,0.95,-1,18824,1.0550513022885093,34,152040.0,160410.0,18,16,0.48660585693710995,0.5133941430628901,0.015446833968284309,0,0,0,0,1,0,0,0,0.30250000000000005,0.8000000000000002,0.0,0.0,0.15,skip,training_upload_trigger_not_confirmed,1785296267.5181458,1785296267518145786,1384935734844194,71.6,53.36328125,-1.0,0,0
2026-07-28T23:37:47.519,10.42.0.1,10.42.0.47,73,1,DOWNLOAD,0.95,DOWNLOAD,0.95,-1,18824,0.9388168367828283,35,170864.0,160410.0,19,16,0.5157784794460175,0.4842215205539825,0.013548661439781898,0,0,0,0,1,0,0,0,0.30250000000000005,0.8000000000000002,0.0,0.0,0.15,skip,training_upload_trigger_not_confirmed,1785296267.519188,1785296267519188041,1384935735886272,71.6,53.36328125,-1.0,0,0
2026-07-28T23:37:47.520,10.42.0.1,10.42.0.47,73,1,DOWNLOAD,0.95,DOWNLOAD,0.95,-1,18824,0.8456518071789166,36,189688.0,160410.0,20,16,0.5418140063639324,0.4581859936360676,0.011964145735705886,0,0,0,0,1,0,0,0,0.30250000000000005,0.8000000000000002,0.0,0.0,0.15,skip,training_upload_trigger_not_confirmed,1785296267.5207121,1785296267520712298,1384935737411306,71.6,53.36328125,-1.0,0,0
2026-07-28T23:37:47.522,10.42.0.1,10.42.0.47,73,1,DOWNLOAD,0.95,DOWNLOAD,0.95,-1,16946,0.7763001248595279,37,206634.0,160410.0,21,16,0.5629679275509203,0.43703207244907966,0.010595089252921429,0,0,0,0,1,0,0,0,0.28500000000000003,0.7500000000000001,0.0,0.0,0.15,skip,training_upload_trigger_not_confirmed,1785296267.522287,1785296267522286960,1384935738985628,71.6,53.36328125,-1.0,0,0
2026-07-28T23:37:47.523,10.42.0.47,10.42.0.47,73,1,DOWNLOAD,0.95,DOWNLOAD,0.95,-1,7240,10.988259667128691,15,7240.0,79555.0,1,14,0.08341494325710007,0.9165850567428999,0.04154968918745276,0,0,0,0,0,0,0,0,0.057499999999999996,0.1,0.0,0.0,0.15,skip,training_upload_trigger_not_confirmed,1785296267.5238528,1785296267523852775,1384935740551421,71.6,53.36328125,-1.0,0,0
2026-07-28T23:37:47.524,10.42.0.47,10.42.0.47,73,1,DOWNLOAD,0.9829981496648164,DOWNLOAD,0.9829981496648164,-1,7240,5.4941298339437745,16,14480.0,79555.0,2,14,0.15398521826979317,0.8460147817302068,0.03621789035255613,0,0,0,0,0,0,0,0,0.057499999999999996,0.1,0.0,0.0,0.15,skip,training_upload_trigger_not_confirmed,1785296267.524941,1785296267524941099,1384935741639718,71.6,53.36328125,-1.0,0,0
2026-07-28T23:37:47.526,10.42.0.1,10.42.0.47,73,1,DOWNLOAD,0.95,DOWNLOAD,0.95,-1,21264,0.7038675196811562,38,227898.0,160410.0,22,16,0.5869000896195803,0.41309991038041965,0.009689196795387862,0,0,0,0,1,0,0,0,0.28500000000000003,0.7500000000000001,0.0,0.0,0.15,skip,training_upload_trigger_not_confirmed,1785296267.5260074,1785296267526007182,1384935742705661,71.6,53.36328125,-1.0,0,0
2026-07-28T23:37:47.527,10.42.0.145,10.42.0.47,33,1,DOWNLOAD,0.95,DOWNLOAD,0.95,-1,7300,1.3698630135109776e-10,1,7300.0,0.0,1,0,1.0,0.0,0.33212301648631626,0,0,0,0,0,0,0,0,0.0225,0.0,0.0,0.0,0.15,skip,already_attacked_this_round,1785296267.527505,1785296267527505003,1384935744203529,71.6,53.36328125,-1.0,0,0
2026-07-28T23:37:47.528,10.42.0.1,10.42.0.47,73,1,DOWNLOAD,0.95,DOWNLOAD,0.95,-1,16920,0.6552214297982369,39,244818.0,160410.0,23,16,0.6041487755041606,0.39585122449583937,0.008748292330591944,0,0,0,0,1,0,0,0,0.28500000000000003,0.7500000000000001,0.0,0.0,0.15,skip,training_upload_trigger_not_confirmed,1785296267.5285563,1785296267528556237,1384935745254577,71.6,53.36328125,-1.0,0,0
2026-07-28T23:37:47.529,10.42.0.1,10.42.0.47,73,1,DOWNLOAD,0.95,DOWNLOAD,0.95,-1,16946,0.6128038996973885,40,261764.0,160410.0,24,16,0.6200381833083042,0.3799618166916958,0.007735455636503175,0,0,0,0,1,0,0,0,0.28500000000000003,0.7500000000000001,0.0,0.0,0.15,skip,training_upload_trigger_not_confirmed,1785296267.5296185,1785296267529618427,1384935746316787,71.6,53.36328125,-1.0,0,0
2026-07-28T23:37:47.530,10.42.0.1,10.42.0.47,73,1,DOWNLOAD,0.95,DOWNLOAD,0.95,-1,21720,0.5658520410338296,41,283484.0,160410.0,25,16,0.6386299431846342,0.3613700568153658,0.006854042823441858,0,0,0,0,1,0,0,0,0.28500000000000003,0.7500000000000001,0.0,0.0,0.15,skip,training_upload_trigger_not_confirmed,1785296267.5306652,1785296267530665238,1384935747363679,71.6,53.36328125,-1.0,0,0
2026-07-28T23:37:47.531,10.42.0.1,10.42.0.47,73,1,DOWNLOAD,0.95,DOWNLOAD,0.95,-1,14024,0.5391787783873403,42,297508.0,160410.0,26,16,0.6496971073423626,0.3503028926576374,0.006083908005954681,0,0,0,0,1,0,0,0,0.28500000000000003,0.7500000000000001,0.0,0.0,0.15,skip,training_upload_trigger_not_confirmed,1785296267.5316749,1785296267531674831,1384935748373117,71.6,53.36328125,-1.0,0,0
2026-07-28T23:37:47.534,10.42.0.18,10.42.0.47,54,1,DOWNLOAD,0.95,DOWNLOAD,0.95,-1,11680,8.56164383488342e-11,1,11680.0,0.0,1,0,1.0,0.0,0.6224659571390516,0,0,0,0,0,0,0,0,0.0225,0.0,0.0,0.0,0.15,skip,already_attacked_this_round,1785296267.5349894,1785296267534989305,1384935751687909,71.6,53.36328125,-1.0,0,0
2026-07-28T23:37:47.536,10.42.0.18,10.42.0.47,54,1,DOWNLOAD,0.95,DOWNLOAD,0.95,-1,5840,5.70776255675184e-11,2,17520.0,0.0,2,0,1.0,0.0,0.5405772824213347,0,0,0,0,0,0,0,0,0.0225,0.0,0.0,0.0,0.15,skip,already_attacked_this_round,1785296267.5360248,1785296267536024828,1384935752723301,71.6,53.36328125,-1.0,0,0
2026-07-28T23:37:47.537,10.42.0.18,10.42.0.47,54,1,DOWNLOAD,0.95,DOWNLOAD,0.95,-1,11680,3.424657534129292e-11,3,29200.0,0.0,3,0,1.0,0.0,0.46954199652014966,0,0,0,0,0,0,0,0,0.0225,0.0,0.0,0.0,0.15,skip,already_attacked_this_round,1785296267.537535,1785296267537534956,1384935754234483,71.6,53.36328125,-1.0,0,0
2026-07-28T23:37:47.539,10.42.0.210,10.42.0.47,72,1,DOWNLOAD,0.9832108673231317,DOWNLOAD,0.9832108673231317,-1,10136,4.8571428567623185,35,10136.0,49232.0,1,34,0.17073170731707318,0.8292682926829268,0.035832320752363075,0,0,0,0,0,0,0,0,0.057499999999999996,0.1,0.0,0.0,0.15,skip,training_upload_trigger_not_confirmed,1785296267.539224,1785296267539223806,1384935755922563,71.6,53.36328125,-1.0,0,0
2026-07-28T23:37:47.540,10.42.0.210,10.42.0.47,72,1,DOWNLOAD,0.95,DOWNLOAD,0.95,-1,14480,1.999999999959376,36,24616.0,49232.0,2,34,0.3333333333333333,0.6666666666666666,0.0313243002646701,0,0,0,0,0,0,0,0,0.057499999999999996,0.1,0.0,0.0,0.15,skip,training_upload_trigger_not_confirmed,1785296267.540846,1785296267540846141,1384935757545413,71.6,53.36328125,-1.0,0,0
2026-07-28T23:37:47.541,10.42.0.210,10.42.0.47,72,1,DOWNLOAD,0.9557926560077417,DOWNLOAD,0.9557926560077417,-1,4344,1.6999999999758286,37,28960.0,49232.0,3,34,0.37037037037037035,0.6296296296296297,0.027344250818200137,0,0,0,0,0,0,0,0,0.057499999999999996,0.1,0.0,0.0,0.15,skip,training_upload_trigger_not_confirmed,1785296267.541967,1785296267541966869,1384935758665542,71.6,53.36328125,-1.0,0,0
2026-07-28T23:37:47.543,10.42.0.47,10.42.0.47,73,1,DOWNLOAD,0.9842257140988042,DOWNLOAD,0.9842257140988042,-1,2896,4.5784415283391775,17,17376.0,79555.0,3,14,0.17926153655693225,0.8207384634430678,0.033927183885502074,0,0,0,0,0,0,0,0,0.057499999999999996,0.1,0.0,0.0,0.15,skip,training_upload_trigger_not_confirmed,1785296267.5437753,1785296267543775304,1384935760474445,71.6,53.36328125,-1.0,0,0
2026-07-28T23:37:47.545,10.42.0.145,10.42.0.47,33,1,DOWNLOAD,0.95,DOWNLOAD,0.95,-1,14600,4.566210045453598e-11,2,21900.0,0.0,2,0,1.0,0.0,0.2907144333822112,0,0,0,0,0,0,0,0,0.0225,0.0,0.0,0.0,0.15,skip,already_attacked_this_round,1785296267.5453897,1785296267545389684,1384935762088457,71.6,53.36328125,-1.0,0,0
2026-07-28T23:37:47.546,10.42.0.145,10.42.0.47,33,1,DOWNLOAD,0.95,DOWNLOAD,0.95,-1,14600,2.739726027322199e-11,3,36500.0,0.0,3,0,1.0,0.0,0.2525528528382507,0,0,0,0,0,0,0,0,0.0225,0.0,0.0,0.0,0.15,skip,already_attacked_this_round,1785296267.5465064,1785296267546506568,1384935763204989,71.6,53.36328125,-1.0,0,0
2026-07-28T23:37:47.548,10.42.0.59,10.42.0.47,29,2,TRAINING,0.95,TRAINING,0.95,-1,14600,6.84931506802402e-11,1,14600.0,0.0,1,0,1.0,0.0,0.6333894347075156,0,0,0,0,0,0,0,0,0.0225,0.0,0.0,0.0,0.15,skip,training_upload_trigger_not_confirmed,1785296267.5480077,1785296267548007792,1384935764706315,71.6,53.36328125,-1.0,0,0
2026-07-28T23:37:47.549,10.42.0.59,10.42.0.47,29,2,TRAINING,0.95,TRAINING,0.95,-1,14600,3.424657534129292e-11,2,29200.0,0.0,2,0,1.0,0.0,0.5500641521092463,0,0,0,0,0,0,0,0,0.0225,0.0,0.0,0.0,0.15,skip,training_upload_trigger_not_confirmed,1785296267.5490646,1785296267549064779,1384935765763228,71.6,53.36328125,-1.0,0,0
2026-07-28T23:37:47.550,10.42.0.18,10.42.0.47,54,1,DOWNLOAD,0.95,DOWNLOAD,0.95,-1,14600,2.2831050227789245e-11,4,43800.0,0.0,4,0,1.0,0.0,0.4093864457545833,0,0,0,0,0,0,0,0,0.0225,0.0,0.0,0.0,0.15,skip,already_attacked_this_round,1785296267.550573,1785296267550573081,1384935767271515,71.6,53.36328125,-1.0,0,0
2026-07-28T23:37:47.552,10.42.0.18,10.42.0.47,54,1,DOWNLOAD,0.95,DOWNLOAD,0.95,-1,8760,1.9025875189896766e-11,5,52560.0,0.0,5,0,1.0,0.0,0.3556380400628803,0,0,0,0,0,0,0,0,0.0225,0.0,0.0,0.0,0.15,skip,already_attacked_this_round,1785296267.5520778,1785296267552077911,1384935768776318,71.6,53.36328125,-1.0,0,0
2026-07-28T23:37:47.554,10.42.0.18,10.42.0.47,54,1,DOWNLOAD,0.95,DOWNLOAD,0.95,-1,11680,1.556662515542393e-11,6,64240.0,0.0,6,0,1.0,0.0,0.3090898661955661,0,0,0,0,0,0,0,0,0.0225,0.0,0.0,0.0,0.15,skip,already_attacked_this_round,1785296267.5544746,1785296267554474403,1384935771173000,71.6,53.36328125,-1.0,0,0
2026-07-28T23:37:47.556,10.42.0.210,10.42.0.47,72,1,DOWNLOAD,0.9846998846180315,DOWNLOAD,0.9846998846180315,-1,14480,1.133333333330264,38,43440.0,49232.0,4,34,0.46875,0.53125,0.025592157543673576,0,0,0,0,0,0,0,0,0.039999999999999994,0.05,0.0,0.0,0.15,skip,training_upload_trigger_not_confirmed,1785296267.556015,1785296267556015159,1384935772713612,71.6,53.36328125,-1.0,0,0
2026-07-28T23:37:47.558,10.42.0.210,10.42.0.47,72,1,DOWNLOAD,0.9854895428954357,DOWNLOAD,0.9854895428954357,-1,20272,0.77272727273084,39,63712.0,49232.0,5,34,0.5641025641025641,0.4358974358974359,0.022482603229378888,0,0,0,0,0,0,0,0,0.0225,0.0,0.0,0.0,0.15,skip,training_upload_trigger_not_confirmed,1785296267.5580096,1785296267558009720,1384935774708557,71.6,53.36328125,-1.0,0,0
2026-07-28T23:37:47.559,10.42.0.210,10.42.0.47,72,1,DOWNLOAD,0.9855083405864443,DOWNLOAD,0.9855083405864443,-1,992,0.7608803165219943,40,64704.0,49232.0,6,34,0.5678977671675326,0.43210223283246735,0.01971658073178221,0,0,0,0,0,0,0,0,0.0225,0.0,0.0,0.0,0.15,skip,training_upload_trigger_not_confirmed,1785296267.5595016,1785296267559501643,1384935776200202,71.6,53.36328125,-1.0,0,0
2026-07-28T23:37:47.561,10.42.0.145,10.42.0.47,33,1,DOWNLOAD,0.9517657491973152,DOWNLOAD,0.9517657491973152,-1,29200,1.5220700151975332e-11,4,65700.0,0.0,4,0,1.0,0.0,0.22124327642633113,0,0,0,0,0,0,0,0,0.0225,0.0,0.0,0.0,0.15,skip,already_attacked_this_round,1785296267.5614595,1785296267561459340,1384935778157995,71.6,53.36328125,-1.0,0,0
2026-07-28T23:37:47.562,10.42.0.145,10.42.0.47,33,1,DOWNLOAD,0.9648546984451168,DOWNLOAD,0.9648546984451168,-1,6184,1.3911301541178688e-11,5,71884.0,0.0,5,0,1.0,0.0,0.19222528740268982,0,0,0,0,0,0,0,0,0.0225,0.0,0.0,0.0,0.15,skip,already_attacked_this_round,1785296267.5624933,1785296267562493332,1384935779191976,71.6,53.36328125,-1.0,0,0
2026-07-28T23:37:47.564,10.42.0.59,10.42.0.47,29,2,TRAINING,0.95,TRAINING,0.95,-1,24820,1.8511662346936104e-11,3,54020.0,0.0,3,0,1.0,0.0,0.4795495225104753,0,0,0,0,0,0,0,0,0.0225,0.0,0.0,0.0,0.15,skip,training_upload_trigger_not_confirmed,1785296267.5640128,1785296267564012820,1384935780711573,71.6,53.36328125,-1.0,0,0
2026-07-28T23:37:47.565,10.42.0.59,10.42.0.47,29,2,TRAINING,0.95,TRAINING,0.95,-1,10564,1.5483711135645304e-11,4,64584.0,0.0,4,0,1.0,0.0,0.4165165512260107,0,0,0,0,0,0,0,0,0.0225,0.0,0.0,0.0,0.15,skip,training_upload_trigger_not_confirmed,1785296267.5652225,1785296267565222350,1384935781921463,71.6,53.36328125,-1.0,0,0
2026-07-28T23:37:47.566,10.42.0.18,10.42.0.47,54,1,DOWNLOAD,0.95,DOWNLOAD,0.95,-1,1817,1.5138441043112185e-11,7,66057.0,0.0,7,0,1.0,0.0,0.26994016968242274,0,0,0,0,0,0,0,0,0.0225,0.0,0.0,0.0,0.15,skip,already_attacked_this_round,1785296267.5664682,1785296267566468417,1384935783167838,71.6,53.36328125,-1.0,0,0
2026-07-28T23:37:47.576,10.42.0.47,10.42.0.47,73,1,DOWNLOAD,0.9842586901286671,DOWNLOAD,0.9842586901286671,-1,2896,3.9243784528944166,18,20272.0,79555.0,4,14,0.2030713133721338,0.7969286866278662,0.03371876272914223,0,0,0,0,0,0,0,0,0.057499999999999996,0.1,0.0,0.0,0.15,skip,training_upload_trigger_not_confirmed,1785296267.5761209,1785296267576120955,1384935792819708,71.6,53.36328125,-1.0,0,0
2026-07-28T23:37:47.577,10.42.0.47,10.42.0.47,73,1,DOWNLOAD,0.9842595481342594,DOWNLOAD,0.9842595481342594,-1,2896,3.433831146303788,19,23168.0,79555.0,5,14,0.22553858434819854,0.7744614156518015,0.02952196082556712,0,0,0,0,0,0,0,0,0.057499999999999996,0.1,0.0,0.0,0.15,skip,training_upload_trigger_not_confirmed,1785296267.5779912,1785296267577991085,1384935794690107,71.6,53.36328125,-1.0,0,0
2026-07-28T23:37:47.579,10.42.0.47,10.42.0.47,73,1,DOWNLOAD,0.9842595696464124,DOWNLOAD,0.9842595696464124,-1,2896,3.0522943522846724,20,26064.0,79555.0,6,14,0.2467737812325434,0.7532262187674567,0.02577812558451384,0,0,0,0,0,0,0,0,0.057499999999999996,0.1,0.0,0.0,0.15,skip,training_upload_trigger_not_confirmed,1785296267.5791023,1785296267579102112,1384935795800932,71.6,53.36328125,-1.0,0,0
2026-07-28T23:37:47.580,10.42.0.47,10.42.0.47,73,1,DOWNLOAD,0.9842595701605352,DOWNLOAD,0.9842595701605352,-1,14480,1.962189226495605,21,40544.0,79555.0,7,14,0.33758815643760565,0.6624118435623944,0.022531496593816622,0,0,0,0,0,0,0,0,0.057499999999999996,0.1,0.0,0.0,0.15,skip,training_upload_trigger_not_confirmed,1785296267.5802426,1785296267580242677,1384935796941074,71.6,53.36328125,-1.0,0,0
2026-07-28T23:37:47.581,10.42.0.47,10.42.0.47,73,1,DOWNLOAD,0.9842595701720059,DOWNLOAD,0.9842595701720059,-1,6797,1.6804672482482315,22,47341.0,79555.0,8,14,0.3730692850838482,0.6269307149161518,0.019764340753486046,0,0,0,0,0,0,0,0,0.057499999999999996,0.1,0.0,0.0,0.15,skip,training_upload_trigger_not_confirmed,1785296267.581775,1785296267581774744,1384935798473110,71.6,53.36328125,-1.0,0,0
2026-07-28T23:37:47.875,10.42.0.59,,29,3,UPLOAD,0.95,UPLOAD,0.95,1,64240,0.994673603369338,5,64584.0,64240.0,4,1,0.5013351549400733,0.4986648450599267,0.641673199445108,0,0,0,1,1,1,1,1,0.85,1.0,1.0,0.4,0.8,trigger,training_upload_trigger_confirmed,1785296267.8758535,1785296267875853649,1384936092552904,71.6,53.36328125,7.236488,1785296267883092132,1384936099789392
2026-07-28T23:37:47.877,10.42.0.59,,29,3,UPLOAD,0.9841010226033655,UPLOAD,0.9841010226033655,1,11680,1.175523349433675,6,64584.0,75920.0,4,2,0.45965951147298295,0.540340488527017,0.5572722253946759,0,0,1,1,1,1,1,1,0.85,1.0,1.0,0.4,0.8,skip,attack_already_active,1785296267.877031,1785296267877031266,1384936093729939,71.6,53.36328125,-1.0,0,0
2026-07-28T23:37:47.879,10.42.0.59,,29,3,UPLOAD,0.9854688349332961,UPLOAD,0.9854688349332961,1,3635,1.2318066394117457,7,64584.0,79555.0,4,3,0.448067490408564,0.551932509591436,0.48420345348679233,0,0,1,1,1,1,1,1,0.85,1.0,1.0,0.4,0.8,skip,attack_already_active,1785296267.8798046,1785296267879804555,1384936096503090,71.6,53.36328125,-1.0,0,0
2026-07-28T23:37:47.881,10.42.0.1,10.42.0.1,73,3,UPLOAD,0.95,UPLOAD,0.95,1,7240,0.3639633219968405,37,297508.0,108282.0,26,11,0.7331575445427437,0.2668424554572562,0.005638729841630031,1,0,0,1,1,1,1,1,0.85,1.0,1.0,0.4,0.8,trigger,training_upload_trigger_confirmed,1785296267.881256,1785296267881256082,1384936097954335,71.6,53.36328125,22.538291,1785296267903795368,1384936120492626
2026-07-28T23:37:47.881,10.42.0.1,10.42.0.1,73,3,UPLOAD,0.95,UPLOAD,0.95,1,5792,0.33476074593175725,37,297508.0,99594.0,26,11,0.7491979390685517,0.25080206093144836,0.004989187637384516,1,0,1,1,1,1,1,1,0.9699999999999999,1.0,1.0,1.0,0.8,skip,attack_already_active,1785296267.8819656,1785296267881965485,1384936098663622,71.6,53.36328125,-1.0,0,0
2026-07-28T23:37:47.883,10.42.0.1,10.42.0.1,73,3,UPLOAD,0.95,UPLOAD,0.95,1,2896,0.3253559568168743,37,297508.0,96796.0,26,11,0.7545142833955527,0.24548571660444732,0.004474029860999203,1,0,1,1,1,1,1,1,0.9699999999999999,1.0,1.0,1.0,0.8,skip,attack_already_active,1785296267.8830454,1785296267883045254,1384936099743563,71.6,53.36328125,-1.0,0,0
2026-07-28T23:37:47.884,10.42.0.1,10.42.0.1,73,3,UPLOAD,0.9506665444139589,UPLOAD,0.9506665444139589,1,11584,0.364292724903652,38,297508.0,108380.0,26,12,0.7329805266477452,0.2670194733522548,0.004068102132737876,1,0,1,1,1,1,1,1,0.9699999999999999,1.0,1.0,1.0,0.8,skip,attack_already_active,1785296267.884439,1785296267884438926,1384936101137943,71.6,53.36328125,-1.0,0,0
2026-07-28T23:37:47.885,10.42.0.1,10.42.0.1,73,3,UPLOAD,0.95,UPLOAD,0.95,1,2896,0.3740269169253464,39,297508.0,111276.0,26,13,0.7277877803436533,0.2722122196563466,0.0036522962548265646,1,0,1,1,1,1,1,1,0.9699999999999999,1.0,1.0,1.0,0.8,skip,attack_already_active,1785296267.8853517,1785296267885351585,1384936102050570,71.6,53.36328125,-1.0,0,0
2026-07-28T23:37:47.886,10.42.0.1,10.42.0.1,73,3,UPLOAD,0.95,UPLOAD,0.95,1,11584,0.4129636850121241,40,297508.0,122860.0,26,14,0.7077322726753702,0.29226772732462986,0.003283240100303558,1,0,1,1,1,1,1,1,0.9699999999999999,1.0,1.0,1.0,0.8,skip,attack_already_active,1785296267.8862033,1785296267886203350,1384936102902033,71.6,53.36328125,-1.0,0,0
2026-07-28T23:37:47.887,10.42.0.1,10.42.0.1,73,3,UPLOAD,0.95,UPLOAD,0.95,1,5792,0.432432069055513,41,297508.0,128652.0,26,15,0.6981133846442651,0.3018866153557349,0.0029933224991391095,1,0,1,1,1,1,1,1,0.9699999999999999,1.0,1.0,1.0,0.8,skip,attack_already_active,1785296267.8872864,1785296267887286451,1384936103985046,71.6,53.36328125,-1.0,0,0
2026-07-28T23:37:47.888,10.42.0.1,10.42.0.1,73,3,UPLOAD,0.95,UPLOAD,0.95,1,14480,0.4811030291639852,42,297508.0,143132.0,26,16,0.6751724763979666,0.32482752360203343,0.002732717488564589,1,0,1,1,1,1,1,1,0.9699999999999999,1.0,1.0,1.0,0.8,skip,attack_already_active,1785296267.888302,1785296267888302139,1384936105009179,71.6,53.36328125,-1.0,0,0
2026-07-28T23:37:47.889,10.42.0.1,10.42.0.1,73,3,UPLOAD,0.95,UPLOAD,0.95,1,8688,0.5103056052290684,43,297508.0,151820.0,26,17,0.6621176512480861,0.337882348751914,0.002497876592342323,1,0,1,1,1,1,1,1,0.9699999999999999,1.0,1.0,1.0,0.8,skip,attack_already_active,1785296267.8892527,1785296267889252487,1384936105950713,71.6,53.36328125,-1.0,0,0
2026-07-28T23:37:47.890,10.42.0.1,10.42.0.1,73,3,UPLOAD,0.95,UPLOAD,0.95,1,5792,0.5297739892724573,44,297508.0,157612.0,26,18,0.6536913341536298,0.3463086658463702,0.002300642236570707,1,0,1,1,1,1,1,1,0.9699999999999999,1.0,1.0,1.0,0.8,skip,attack_already_active,1785296267.8902538,1785296267890253705,1384936106952879,71.6,53.36328125,-1.0,0,0
2026-07-28T23:37:47.891,10.42.0.1,10.42.0.1,73,3,UPLOAD,0.95,UPLOAD,0.95,1,2798,0.5391787783873403,45,297508.0,160410.0,26,19,0.6496971073423626,0.3503028926576374,0.002185132945634046,1,0,1,1,1,1,1,1,0.9699999999999999,1.0,1.0,1.0,0.8,skip,attack_already_active,1785296267.8916779,1785296267891677833,1384936108376989,71.6,53.36328125,-1.0,0,0
2026-07-28T23:37:47.923,10.42.0.145,10.42.0.1,33,3,UPLOAD,0.95,UPLOAD,0.95,1,64240,0.8936620110192303,6,71884.0,64240.0,5,1,0.5280773412476859,0.47192265875231404,0.3661177086927574,0,0,0,1,1,1,1,1,0.9699999999999999,1.0,1.0,1.0,0.8,skip,already_attacked_this_round,1785296267.9237533,1785296267923753328,1384936140451963,71.6,53.36328125,-1.0,0,0
2026-07-28T23:37:47.924,10.42.0.145,10.42.0.1,33,3,UPLOAD,0.9841010226033655,UPLOAD,0.9841010226033655,1,10220,1.0358355127700762,7,71884.0,74460.0,5,2,0.4911988192204668,0.5088011807795332,0.3180279130577167,0,0,0,1,1,1,1,1,0.9699999999999999,1.0,1.0,1.0,0.8,skip,already_attacked_this_round,1785296267.9249308,1785296267924930723,1384936141629861,71.6,53.36328125,-1.0,0,0
2026-07-28T23:37:47.928,10.42.0.145,10.42.0.1,33,3,UPLOAD,0.9854688349332961,UPLOAD,0.9854688349332961,1,5096,1.106727505423923,8,71884.0,79556.0,5,3,0.47466983623877446,0.5253301637612255,0.27652878944310744,0,0,0,1,1,1,1,1,0.9699999999999999,1.0,1.0,1.0,0.8,skip,already_attacked_this_round,1785296267.9280334,1785296267928033337,1384936144732022,71.6,53.36328125,-1.0,0,0
2026-07-28T23:37:47.929,10.42.0.1,10.42.0.1,73,3,UPLOAD,0.95,UPLOAD,0.95,1,7240,0.5635142584415763,46,297508.0,167650.0,26,20,0.639584829240817,0.3604151707591829,0.0022393245872279356,1,0,1,1,1,1,1,1,0.9699999999999999,1.0,1.0,1.0,0.8,skip,attack_already_active,1785296267.9293978,1785296267929397728,1384936146096182,71.6,53.36328125,-1.0,0,0
2026-07-28T23:37:47.930,10.42.0.1,10.42.0.1,73,3,UPLOAD,0.95,UPLOAD,0.95,1,5792,0.5829826424849652,47,297508.0,173442.0,26,21,0.6317188661216689,0.36828113387833106,0.002043046758967083,1,0,1,1,1,1,1,1,0.9699999999999999,1.0,1.0,1.0,0.8,skip,attack_already_active,1785296267.9301476,1785296267930147568,1384936146845884,71.6,53.36328125,-1.0,0,0
2026-07-28T23:37:47.931,10.42.0.1,10.42.0.1,73,3,UPLOAD,0.95,UPLOAD,0.95,1,2896,0.5927168345066596,48,297508.0,176338.0,26,22,0.6278579960577909,0.3721420039422091,0.0019390498933840414,1,0,1,1,1,1,1,1,0.9699999999999999,1.0,1.0,1.0,0.8,skip,attack_already_active,1785296267.9314015,1785296267931401509,1384936148099609,71.6,53.36328125,-1.0,0,0
2026-07-28T23:37:47.932,10.42.0.1,10.42.0.1,73,3,UPLOAD,0.95,UPLOAD,0.95,1,11584,0.6316536025934373,49,297508.0,187922.0,26,23,0.6128751828275961,0.3871248171724038,0.0017715015722393024,1,0,1,1,1,1,1,1,0.9699999999999999,1.0,1.0,1.0,0.8,skip,attack_already_active,1785296267.932069,1785296267932069149,1384936148767299,71.6,53.36328125,-1.0,0,0
2026-07-28T23:37:47.932,10.42.0.1,10.42.0.1,73,3,UPLOAD,0.95,UPLOAD,0.95,1,2896,0.6413877946151317,50,297508.0,190818.0,26,24,0.6092405483222274,0.39075945167777265,0.0016247123078820336,1,0,1,1,1,1,1,1,0.9699999999999999,1.0,1.0,1.0,0.8,skip,attack_already_active,1785296267.9327266,1785296267932726632,1384936149424708,71.6,53.36328125,-1.0,0,0
2026-07-28T23:37:47.933,10.42.0.1,10.42.0.1,73,3,UPLOAD,0.95,UPLOAD,0.95,1,11584,0.6803245627019094,51,297508.0,202402.0,26,25,0.5951231221619891,0.40487687783801085,0.0015366636427983512,1,0,1,1,1,1,1,1,0.9699999999999999,1.0,1.0,1.0,0.8,skip,attack_already_active,1785296267.9336832,1785296267933683154,1384936150381288,71.6,53.36328125,-1.0,0,0
2026-07-28T23:37:47.935,10.42.0.1,10.42.0.1,73,3,UPLOAD,0.95,UPLOAD,0.95,1,5792,0.6997929467452983,52,297508.0,208194.0,26,26,0.5883069475699128,0.4116930524300873,0.0015321635766708788,1,0,1,1,1,1,1,1,0.9699999999999999,1.0,1.0,1.0,0.8,skip,attack_already_active,1785296267.9351857,1785296267935185652,1384936151884090,71.6,53.36328125,-1.0,0,0
2026-07-28T23:37:47.935,10.42.0.1,10.42.0.1,73,3,UPLOAD,0.95,UPLOAD,0.95,1,14480,0.7484639068537704,53,297508.0,222674.0,26,27,0.5719305935230362,0.42806940647696384,0.0014212799794841402,1,0,1,1,1,1,1,1,0.9699999999999999,1.0,1.0,1.0,0.8,skip,attack_already_active,1785296267.9358764,1785296267935876268,1384936152574433,71.6,53.36328125,-1.0,0,0
2026-07-28T23:37:47.936,10.42.0.1,10.42.0.1,73,3,UPLOAD,0.95,UPLOAD,0.95,1,8688,0.7776664829188538,54,297508.0,231362.0,26,28,0.56253521659387,0.43746478340613004,0.0013233114654069892,1,0,1,1,1,1,1,1,0.9699999999999999,1.0,1.0,1.0,0.8,skip,attack_already_active,1785296267.9365542,1785296267936554204,1384936153252601,71.6,53.36328125,-1.0,0,0
2026-07-28T23:37:47.937,10.42.0.1,10.42.0.1,73,3,UPLOAD,0.95,UPLOAD,0.95,1,5792,0.7971348669622426,55,297508.0,237154.0,26,29,0.5564412656968327,0.4435587343031672,0.00127271767755665,1,0,1,1,1,1,1,1,0.9699999999999999,1.0,1.0,1.0,0.8,skip,attack_already_active,1785296267.9374936,1785296267937493523,1384936154191561,71.6,53.36328125,-1.0,0,0
2026-07-28T23:37:47.938,10.42.0.1,10.42.0.1,73,3,UPLOAD,0.95,UPLOAD,0.95,1,2799,0.8065430173312766,56,297508.0,239953.0,26,30,0.5535434198946528,0.44645658010534717,0.0012270000627724593,1,0,1,1,1,1,1,1,0.9699999999999999,1.0,1.0,1.0,0.8,skip,attack_already_active,1785296267.9384193,1785296267938419341,1384936155117427,71.6,53.36328125,-1.0,0,0
2026-07-28T23:37:48.089,10.42.0.18,10.42.0.1,54,3,UPLOAD,0.95,UPLOAD,0.95,1,35040,0.5304509741657895,8,66057.0,35040.0,7,1,0.6534021781061753,0.34659782189382476,0.5614959657061704,0,0,0,1,1,1,1,1,0.9699999999999999,1.0,1.0,1.0,0.8,skip,already_attacked_this_round,1785296268.0891297,1785296268089129833,1384936305828892,79.5,53.36328125,-1.0,0,0
2026-07-28T23:37:48.091,10.42.0.18,10.42.0.1,54,3,UPLOAD,0.9841010226033655,UPLOAD,0.9841010226033655,1,44515,1.2043386771999283,9,66057.0,79555.0,7,2,0.45365079801115293,0.5463492019888471,0.4878571659803138,0,0,0,1,1,1,1,1,0.9699999999999999,1.0,1.0,1.0,0.8,skip,already_attacked_this_round,1785296268.0918012,1785296268091801086,1384936308499486,79.5,53.36328125,-1.0,0,0
2026-07-28T23:37:48.092,10.42.0.18,10.42.0.1,54,3,UPLOAD,0.9854688349332961,UPLOAD,0.9854688349332961,1,1460,1.226440801122872,10,66057.0,81015.0,7,3,0.4491473563968668,0.5508526436031331,0.42371610696105033,0,0,0,1,1,1,1,1,0.9699999999999999,1.0,1.0,1.0,0.8,skip,already_attacked_this_round,1785296268.0929096,1785296268092909618,1384936309608048,79.5,53.36328125,-1.0,0,0
2026-07-28T23:37:48.094,10.42.0.1,10.42.0.1,73,3,UPLOAD,0.95,UPLOAD,0.95,1,14480,0.8552139774397488,57,297508.0,254433.0,26,31,0.5390213809084666,0.4609786190915333,0.001576569459541039,1,0,1,1,1,1,1,1,0.9699999999999999,1.0,1.0,1.0,0.8,skip,attack_already_active,1785296268.094509,1785296268094508801,1384936311207679,79.5,53.36328125,-1.0,0,0
2026-07-28T23:37:48.095,10.42.0.1,10.42.0.1,73,3,UPLOAD,0.95,UPLOAD,0.95,1,14480,0.903884937548221,58,297508.0,268913.0,26,32,0.5252418254266703,0.47475817457332975,0.0015134953593182593,1,0,1,1,1,1,1,1,0.9699999999999999,1.0,1.0,1.0,0.8,skip,attack_already_active,1785296268.0956068,1785296268095606904,1384936312305177,79.5,53.36328125,-1.0,0,0
2026-07-28T23:37:48.097,10.42.0.1,10.42.0.1,73,3,UPLOAD,0.95,UPLOAD,0.95,1,21720,0.9768913777109292,59,297508.0,290633.0,26,33,0.5058446869033106,0.4941553130966894,0.001538910228215815,1,0,1,1,1,1,1,1,0.9699999999999999,1.0,1.0,1.0,0.8,skip,attack_already_active,1785296268.0973132,1785296268097313310,1384936314011874,79.5,53.36328125,-1.0,0,0
2026-07-28T23:37:48.098,10.42.0.1,10.42.0.1,73,3,UPLOAD,0.95,UPLOAD,0.95,1,7240,1.0012268577651653,60,297508.0,297873.0,26,34,0.4996934735908603,0.5003065264091396,0.0014752377589508602,1,0,1,1,1,1,1,1,0.9699999999999999,1.0,1.0,1.0,0.8,skip,attack_already_active,1785296268.098369,1785296268098368802,1384936315067359,79.5,53.36328125,-1.0,0,0
2026-07-28T23:37:48.099,10.42.0.1,10.42.0.1,73,3,UPLOAD,0.95,UPLOAD,0.95,1,8590,1.030100030923437,61,297508.0,306463.0,26,35,0.4925865645867103,0.5074134354132898,0.0014849898824327971,1,0,1,1,1,1,1,1,0.9699999999999999,1.0,1.0,1.0,0.8,skip,attack_already_active,1785296268.0999181,1785296268099917978,1384936316616463,79.5,53.36328125,-1.0,0,0
2026-07-28T23:37:49.288,10.42.0.210,10.42.0.1,72,3,UPLOAD,0.95,UPLOAD,0.95,1,1448,100.0,1,0.0,1448.0,0,1,0.0,1.0,0.2795572710594861,0,0,0,1,1,1,1,1,0.9525,0.95,1.0,1.0,0.8,trigger,training_upload_trigger_confirmed,1785296269.2889605,1785296269288960519,1384937505659203,7.4,53.36328125,9.275787,1785296269298237681,1384937514934990
2026-07-28T23:37:49.291,10.42.0.210,10.42.0.1,72,3,UPLOAD,0.9841010226033655,UPLOAD,0.9841010226033655,1,1448,100.0,2,0.0,2896.0,0,2,0.0,1.0,0.24308816691868998,0,0,1,1,1,1,1,1,0.9699999999999999,1.0,1.0,1.0,0.8,skip,attack_already_active,1785296269.2917638,1785296269291763770,1384937508462533,7.4,53.36328125,-1.0,0,0
2026-07-28T23:37:49.293,10.42.0.210,10.42.0.1,72,3,UPLOAD,0.9854688349332961,UPLOAD,0.9854688349332961,1,1448,100.0,3,0.0,4344.0,0,3,0.0,1.0,0.21124643397758666,0,0,1,1,1,1,1,1,0.9699999999999999,1.0,1.0,1.0,0.8,skip,attack_already_active,1785296269.2932138,1785296269293213937,1384937509912318,7.4,53.36328125,-1.0,0,0
2026-07-28T23:37:49.294,10.42.0.210,10.42.0.1,72,3,UPLOAD,0.9855076450773014,UPLOAD,0.9855076450773014,1,1448,100.0,4,0.0,5792.0,0,4,0.0,1.0,0.18356873973623883,0,0,1,1,1,1,1,1,0.9699999999999999,1.0,1.0,1.0,0.8,skip,attack_already_active,1785296269.294422,1785296269294421984,1384937511120667,7.4,53.36328125,-1.0,0,0
2026-07-28T23:37:49.295,10.42.0.210,10.42.0.1,72,3,UPLOAD,0.9855086980780915,UPLOAD,0.9855086980780915,1,1448,100.0,5,0.0,7240.0,0,5,0.0,1.0,0.15951774333531815,0,0,1,1,1,1,1,1,0.9699999999999999,1.0,1.0,1.0,0.8,skip,attack_already_active,1785296269.2954743,1785296269295474276,1384937512173382,7.4,53.36328125,-1.0,0,0
2026-07-28T23:37:49.296,10.42.0.210,10.42.0.1,72,3,UPLOAD,0.9855087254685951,UPLOAD,0.9855087254685951,1,1448,100.0,6,0.0,8688.0,0,6,0.0,1.0,0.13866586939898884,0,0,1,1,1,1,1,1,0.9699999999999999,1.0,1.0,1.0,0.8,skip,attack_already_active,1785296269.296753,1785296269296752998,1384937513451569,7.4,53.36328125,-1.0,0,0
2026-07-28T23:37:49.297,10.42.0.210,10.42.0.1,72,3,UPLOAD,0.9855087261493067,UPLOAD,0.9855087261493067,1,1448,100.0,7,0.0,10136.0,0,7,0.0,1.0,0.12052790344615069,0,0,1,1,1,1,1,1,0.9699999999999999,1.0,1.0,1.0,0.8,skip,attack_already_active,1785296269.2977748,1785296269297774733,1384937514472996,7.4,53.36328125,-1.0,0,0
2026-07-28T23:37:49.298,10.42.0.210,10.42.0.1,72,3,UPLOAD,0.9855087261653082,UPLOAD,0.9855087261653082,1,1448,100.0,8,0.0,11584.0,0,8,0.0,1.0,0.10477949280696598,0,0,1,1,1,1,1,1,0.9699999999999999,1.0,1.0,1.0,0.8,skip,attack_already_active,1785296269.2987924,1785296269298792464,1384937515490668,7.4,53.36328125,-1.0,0,0
2026-07-28T23:37:49.299,10.42.0.210,10.42.0.1,72,3,UPLOAD,0.985508726165656,UPLOAD,0.985508726165656,1,1448,100.0,9,0.0,13032.0,0,9,0.0,1.0,0.09109714670937831,0,0,1,1,1,1,1,1,0.9699999999999999,1.0,1.0,1.0,0.8,skip,attack_already_active,1785296269.2997403,1785296269299740521,1384937516438610,7.4,53.36328125,-1.0,0,0
2026-07-28T23:37:49.300,10.42.0.210,10.42.0.1,72,3,UPLOAD,0.9855087261656625,UPLOAD,0.9855087261656625,1,1448,100.0,10,0.0,14480.0,0,10,0.0,1.0,0.07921530251952083,0,0,1,1,1,1,1,1,0.9699999999999999,1.0,1.0,1.0,0.8,skip,attack_already_active,1785296269.3006694,1785296269300669445,1384937517367692,7.4,53.36328125,-1.0,0,0
2026-07-28T23:37:49.301,10.42.0.210,10.42.0.1,72,3,UPLOAD,0.95,UPLOAD,0.95,1,1448,100.0,11,0.0,15928.0,0,11,0.0,1.0,0.06891727850540608,0,0,1,1,1,1,1,1,0.9699999999999999,1.0,1.0,1.0,0.8,skip,attack_already_active,1785296269.3017359,1785296269301735894,1384937518434299,7.4,53.36328125,-1.0,0,0
2026-07-28T23:37:49.303,10.42.0.210,10.42.0.1,72,3,UPLOAD,0.95,UPLOAD,0.95,1,1448,100.0,12,0.0,17376.0,0,12,0.0,1.0,0.06002741879537442,0,0,1,1,1,1,1,1,0.9699999999999999,1.0,1.0,1.0,0.8,skip,attack_already_active,1785296269.3031905,1785296269303190641,1384937519889266,7.4,53.36328125,-1.0,0,0
2026-07-28T23:37:49.304,10.42.0.210,10.42.0.1,72,3,UPLOAD,0.95,UPLOAD,0.95,1,1448,100.0,13,0.0,18824.0,0,13,0.0,1.0,0.05231536195751354,0,0,1,1,1,1,1,1,0.9699999999999999,1.0,1.0,1.0,0.8,skip,attack_already_active,1785296269.3046932,1785296269304693203,1384937521391574,7.4,53.36328125,-1.0,0,0
2026-07-28T23:37:49.306,10.42.0.210,10.42.0.1,72,3,UPLOAD,0.95,UPLOAD,0.95,1,1448,100.0,14,0.0,20272.0,0,14,0.0,1.0,0.0456159128848546,0,0,1,1,1,1,1,1,0.9699999999999999,1.0,1.0,1.0,0.8,skip,attack_already_active,1785296269.3061683,1785296269306168441,1384937522866946,7.4,53.36328125,-1.0,0,0
2026-07-28T23:37:49.308,10.42.0.210,10.42.0.1,72,3,UPLOAD,0.95,UPLOAD,0.95,1,1448,100.0,15,0.0,21720.0,0,15,0.0,1.0,0.03984835426118986,0,0,1,1,1,1,1,1,0.9699999999999999,1.0,1.0,1.0,0.8,skip,attack_already_active,1785296269.3080158,1785296269308015947,1384937524714826,7.4,53.36328125,-1.0,0,0
2026-07-28T23:37:49.309,10.42.0.210,10.42.0.1,72,3,UPLOAD,0.95,UPLOAD,0.95,1,1448,100.0,16,0.0,23168.0,0,16,0.0,1.0,0.03480694456618396,0,0,1,1,1,1,1,1,0.9699999999999999,1.0,1.0,1.0,0.8,skip,attack_already_active,1785296269.3096063,1785296269309606489,1384937526305174,7.4,53.36328125,-1.0,0,0
2026-07-28T23:37:49.311,10.42.0.210,10.42.0.1,72,3,UPLOAD,0.95,UPLOAD,0.95,1,1448,100.0,17,0.0,24616.0,0,17,0.0,1.0,0.030421098478308768,0,0,1,1,1,1,1,1,0.9699999999999999,1.0,1.0,1.0,0.8,skip,attack_already_active,1785296269.3111303,1785296269311130278,1384937527829390,7.4,53.36328125,-1.0,0,0
2026-07-28T23:37:49.312,10.42.0.210,10.42.0.1,72,3,UPLOAD,0.95,UPLOAD,0.95,1,1448,100.0,18,0.0,26064.0,0,18,0.0,1.0,0.02655296761660066,0,0,1,1,1,1,1,1,0.9699999999999999,1.0,1.0,1.0,0.8,skip,attack_already_active,1785296269.3121972,1785296269312197052,1384937528895464,7.4,53.36328125,-1.0,0,0
2026-07-28T23:37:49.313,10.42.0.210,10.42.0.1,72,3,UPLOAD,0.95,UPLOAD,0.95,1,1448,100.0,19,0.0,27512.0,0,19,0.0,1.0,0.023244103012894254,0,0,1,1,1,1,1,1,0.9699999999999999,1.0,1.0,1.0,0.8,skip,attack_already_active,1785296269.31364,1785296269313640168,1384937530338854,7.4,53.36328125,-1.0,0,0
2026-07-28T23:37:49.314,10.42.0.210,10.42.0.1,72,3,UPLOAD,0.95,UPLOAD,0.95,1,1448,100.0,20,0.0,28960.0,0,20,0.0,1.0,0.020322502353172255,0,0,1,1,1,1,1,1,0.9699999999999999,1.0,1.0,1.0,0.8,skip,attack_already_active,1785296269.314713,1785296269314713175,1384937531411802,7.4,53.36328125,-1.0,0,0
2026-07-28T23:37:49.316,10.42.0.210,10.42.0.1,72,3,UPLOAD,0.95,UPLOAD,0.95,1,1448,100.0,21,0.0,30408.0,0,21,0.0,1.0,0.01786547454931319,0,0,1,1,1,1,1,1,0.9699999999999999,1.0,1.0,1.0,0.8,skip,attack_already_active,1785296269.3163898,1785296269316389917,1384937533088695,7.4,53.36328125,-1.0,0,0
2026-07-28T23:37:49.317,10.42.0.210,10.42.0.1,72,3,UPLOAD,0.95,UPLOAD,0.95,1,1448,100.0,22,0.0,31856.0,0,22,0.0,1.0,0.015654744769453218,0,0,1,1,1,1,1,1,0.9699999999999999,1.0,1.0,1.0,0.8,skip,attack_already_active,1785296269.3174787,1785296269317478740,1384937534177937,7.4,53.36328125,-1.0,0,0
2026-07-28T23:37:49.319,10.42.0.210,10.42.0.1,72,3,UPLOAD,0.95,UPLOAD,0.95,1,1448,100.0,23,0.0,33304.0,0,23,0.0,1.0,0.013798010607779517,0,0,1,1,1,1,1,1,0.9699999999999999,1.0,1.0,1.0,0.8,skip,attack_already_active,1785296269.3190432,1785296269319043126,1384937535742308,7.4,53.36328125,-1.0,0,0
2026-07-28T23:37:49.320,10.42.0.210,10.42.0.1,72,3,UPLOAD,0.95,UPLOAD,0.95,1,1448,100.0,24,0.0,34752.0,0,24,0.0,1.0,0.012134390516617783,0,0,1,1,1,1,1,1,0.9699999999999999,1.0,1.0,1.0,0.8,skip,attack_already_active,1785296269.3202164,1785296269320216421,1384937536915377,7.4,53.36328125,-1.0,0,0
2026-07-28T23:37:49.321,10.42.0.210,10.42.0.1,72,3,UPLOAD,0.95,UPLOAD,0.95,1,1448,100.0,25,0.0,36200.0,0,25,0.0,1.0,0.01075040889636964,0,0,1,1,1,1,1,1,0.9699999999999999,1.0,1.0,1.0,0.8,skip,attack_already_active,1785296269.3218482,1785296269321847995,1384937538547043,7.4,53.36328125,-1.0,0,0
2026-07-28T23:37:49.322,10.42.0.210,10.42.0.1,72,3,UPLOAD,0.95,UPLOAD,0.95,1,1448,100.0,26,0.0,37648.0,0,26,0.0,1.0,0.009472519073591907,0,0,1,1,1,1,1,1,0.9699999999999999,1.0,1.0,1.0,0.8,skip,attack_already_active,1785296269.322901,1785296269322901068,1384937539599609,7.4,53.36328125,-1.0,0,0
2026-07-28T23:37:49.324,10.42.0.210,10.42.0.1,72,3,UPLOAD,0.95,UPLOAD,0.95,1,1448,100.0,27,0.0,39096.0,0,27,0.0,1.0,0.008426768573566855,0,0,1,1,1,1,1,1,0.9699999999999999,1.0,1.0,1.0,0.8,skip,attack_already_active,1785296269.3244376,1785296269324437582,1384937541137693,7.4,53.36328125,-1.0,0,0
2026-07-28T23:37:49.325,10.42.0.210,10.42.0.1,72,3,UPLOAD,0.95,UPLOAD,0.95,1,1448,100.0,28,0.0,40544.0,0,28,0.0,1.0,0.007498085752304217,0,0,1,1,1,1,1,1,0.9699999999999999,1.0,1.0,1.0,0.8,skip,attack_already_active,1785296269.3258169,1785296269325816770,1384937542516106,7.4,53.36328125,-1.0,0,0
2026-07-28T23:37:49.327,10.42.0.210,10.42.0.1,72,3,UPLOAD,0.95,UPLOAD,0.95,1,1448,100.0,29,0.0,41992.0,0,29,0.0,1.0,0.006719678340155468,0,0,1,1,1,1,1,1,0.9699999999999999,1.0,1.0,1.0,0.8,skip,attack_already_active,1785296269.3274078,1785296269327407772,1384937544106612,7.4,53.36328125,-1.0,0,0
2026-07-28T23:37:49.328,10.42.0.210,10.42.0.1,72,3,UPLOAD,0.95,UPLOAD,0.95,1,1448,100.0,30,0.0,43440.0,0,30,0.0,1.0,0.005973061565175158,0,0,1,1,1,1,1,1,0.9699999999999999,1.0,1.0,1.0,0.8,skip,attack_already_active,1785296269.3284616,1785296269328461614,1384937545160167,7.4,53.36328125,-1.0,0,0
2026-07-28T23:37:49.329,10.42.0.210,10.42.0.1,72,3,UPLOAD,0.95,UPLOAD,0.95,1,1448,100.0,31,0.0,44888.0,0,31,0.0,1.0,0.005383392004827183,0,0,1,1,1,1,1,1,0.9699999999999999,1.0,1.0,1.0,0.8,skip,attack_already_active,1785296269.3299599,1785296269329959849,1384937546658745,7.4,53.36328125,-1.0,0,0
2026-07-28T23:37:49.330,10.42.0.210,10.42.0.1,72,3,UPLOAD,0.95,UPLOAD,0.95,1,1448,100.0,32,0.0,46336.0,0,32,0.0,1.0,0.004782891374376729,0,0,1,1,1,1,1,1,0.9699999999999999,1.0,1.0,1.0,0.8,skip,attack_already_active,1785296269.3307862,1785296269330786336,1384937547484707,7.4,53.36328125,-1.0,0,0
2026-07-28T23:37:49.331,10.42.0.210,10.42.0.1,72,3,UPLOAD,0.95,UPLOAD,0.95,1,1448,100.0,33,0.0,47784.0,0,33,0.0,1.0,0.004239057896159199,0,0,1,1,1,1,1,1,0.9699999999999999,1.0,1.0,1.0,0.8,skip,attack_already_active,1785296269.331442,1785296269331442168,1384937548140262,7.4,53.36328125,-1.0,0,0
2026-07-28T23:37:49.332,10.42.0.210,10.42.0.1,72,3,UPLOAD,0.95,UPLOAD,0.95,1,1448,100.0,34,0.0,49232.0,0,34,0.0,1.0,0.003764060212297767,0,0,1,1,1,1,1,1,0.9699999999999999,1.0,1.0,1.0,0.8,skip,attack_already_active,1785296269.3320765,1785296269332076610,1384937548774616,7.4,53.36328125,-1.0,0,0
2026-07-28T23:37:49.332,10.42.0.210,10.42.0.1,72,3,UPLOAD,0.95,UPLOAD,0.95,1,1448,100.0,35,0.0,50680.0,0,35,0.0,1.0,0.0033538857370968298,0,0,1,1,1,1,1,1,0.9699999999999999,1.0,1.0,1.0,0.8,skip,attack_already_active,1785296269.332728,1785296269332727820,1384937549426026,7.4,53.36328125,-1.0,0,0
2026-07-28T23:37:49.333,10.42.0.210,10.42.0.1,72,3,UPLOAD,0.95,UPLOAD,0.95,1,1448,100.0,36,0.0,52128.0,0,36,0.0,1.0,0.002994871377167581,0,0,1,1,1,1,1,1,0.9699999999999999,1.0,1.0,1.0,0.8,skip,attack_already_active,1785296269.3333573,1785296269333357364,1384937550055614,7.4,53.36328125,-1.0,0,0
2026-07-28T23:37:49.334,10.42.0.210,10.42.0.1,72,3,UPLOAD,0.9527911843818223,UPLOAD,0.9527911843818223,1,1364,100.0,37,0.0,53492.0,0,37,0.0,1.0,0.0026908946442812305,0,0,1,1,1,1,1,1,0.9699999999999999,1.0,1.0,1.0,0.8,skip,attack_already_active,1785296269.3340454,1785296269334045495,1384937550744074,7.4,53.36328125,-1.0,0,0
2026-07-28T23:37:49.334,10.42.0.1,10.42.0.1,73,3,UPLOAD,0.95,UPLOAD,0.95,1,7240,100.0,1,0.0,7240.0,0,1,0.0,1.0,0.007111405316632447,1,0,1,1,1,1,1,1,0.9699999999999999,1.0,1.0,1.0,0.8,skip,attack_already_active,1785296269.3346832,1785296269334683237,1384937551381448,7.4,53.36328125,-1.0,0,0
2026-07-28T23:37:49.335,10.42.0.1,10.42.0.1,73,3,UPLOAD,0.97695265310134,UPLOAD,0.97695265310134,1,5792,100.0,2,0.0,13032.0,0,2,0.0,1.0,0.006255800605996899,1,0,1,1,1,1,1,1,0.9699999999999999,1.0,1.0,1.0,0.8,skip,attack_already_active,1785296269.3353016,1785296269335301513,1384937551999561,7.4,53.36328125,-1.0,0,0
2026-07-28T23:37:49.338,10.42.0.1,10.42.0.1,73,3,UPLOAD,0.9787331131621153,UPLOAD,0.9787331131621153,1,2896,100.0,3,0.0,15928.0,0,3,0.0,1.0,0.005845088367180509,1,0,1,1,1,1,1,1,0.9699999999999999,1.0,1.0,1.0,0.8,skip,attack_already_active,1785296269.3384407,1785296269338440777,1384937555139833,7.4,53.36328125,-1.0,0,0
2026-07-28T23:37:49.339,10.42.0.1,10.42.0.1,73,3,UPLOAD,0.9791802495383984,UPLOAD,0.9791802495383984,1,11584,100.0,4,0.0,27512.0,0,4,0.0,1.0,0.0051948383148481886,1,0,1,1,1,1,1,1,0.9699999999999999,1.0,1.0,1.0,0.8,skip,attack_already_active,1785296269.3393512,1785296269339351211,1384937556049966,7.4,53.36328125,-1.0,0,0
2026-07-28T23:37:49.340,10.42.0.1,10.42.0.1,73,3,UPLOAD,0.9795514000211788,UPLOAD,0.9795514000211788,1,2896,100.0,5,0.0,30408.0,0,5,0.0,1.0,0.004640485299264369,1,0,1,1,1,1,1,1,0.9699999999999999,1.0,1.0,1.0,0.8,skip,attack_already_active,1785296269.3403392,1785296269340339313,1384937557038878,7.4,53.36328125,-1.0,0,0
2026-07-28T23:37:49.341,10.42.0.1,10.42.0.1,73,3,UPLOAD,0.9797877788957683,UPLOAD,0.9797877788957683,1,11584,100.0,6,0.0,41992.0,0,6,0.0,1.0,0.004141650903091409,1,0,1,1,1,1,1,1,0.9699999999999999,1.0,1.0,1.0,0.8,skip,attack_already_active,1785296269.3411942,1785296269341194151,1384937557892808,7.4,53.36328125,-1.0,0,0
2026-07-28T23:37:49.342,10.42.0.1,10.42.0.1,73,3,UPLOAD,0.9800762461233783,UPLOAD,0.9800762461233783,1,5792,100.0,7,0.0,47784.0,0,7,0.0,1.0,0.003792780412684053,1,0,1,1,1,1,1,1,0.9699999999999999,1.0,1.0,1.0,0.8,skip,attack_already_active,1785296269.3426883,1785296269342688313,1384937559387832,7.4,53.36328125,-1.0,0,0
2026-07-28T23:37:49.343,10.42.0.1,10.42.0.1,73,3,UPLOAD,0.9802648033198629,UPLOAD,0.9802648033198629,1,14480,100.0,8,0.0,62264.0,0,8,0.0,1.0,0.003448913749806091,1,0,1,1,1,1,1,1,0.9699999999999999,1.0,1.0,1.0,0.8,skip,attack_already_active,1785296269.3438716,1785296269343871364,1384937560570103,7.4,53.36328125,-1.0,0,0
2026-07-28T23:37:49.345,10.42.0.1,10.42.0.1,73,3,UPLOAD,0.9804660413922756,UPLOAD,0.9804660413922756,1,8688,100.0,9,0.0,70952.0,0,9,0.0,1.0,0.0031478151177522034,1,0,1,1,1,1,1,1,0.9699999999999999,1.0,1.0,1.0,0.8,skip,attack_already_active,1785296269.3450356,1785296269345035557,1384937561734326,7.4,53.36328125,-1.0,0,0
2026-07-28T23:37:49.346,10.42.0.1,10.42.0.1,73,3,UPLOAD,0.9807064489201518,UPLOAD,0.9807064489201518,1,5792,100.0,10,0.0,76744.0,0,10,0.0,1.0,0.002887744549699122,1,0,1,1,1,1,1,1,0.9699999999999999,1.0,1.0,1.0,0.8,skip,attack_already_active,1785296269.3462098,1785296269346209769,1384937562908714,7.4,53.36328125,-1.0,0,0
2026-07-28T23:37:49.347,10.42.0.1,10.42.0.1,73,3,UPLOAD,0.9808396659730034,UPLOAD,0.9808396659730034,1,2799,100.0,11,0.0,79543.0,0,11,0.0,1.0,0.0026974149793364322,1,0,1,1,1,1,1,1,0.9699999999999999,1.0,1.0,1.0,0.8,skip,attack_already_active,1785296269.3476532,1785296269347653156,1384937564352227,7.4,53.36328125,-1.0,0,0
2026-07-28T23:37:49.391,10.42.0.1,10.42.0.1,73,3,UPLOAD,0.9795439820987428,UPLOAD,0.9795439820987428,0,39,100.0,11,0.0,79543.0,0,11,0.0,1.0,0.007406588258825014,1,0,1,1,1,1,1,1,0.8374999999999999,0.8500000000000001,1.0,0.6000000000000001,0.8,skip,attack_already_active,1785296269.3914852,1785296269391485138,1384937608184434,7.4,53.36328125,-1.0,0,0
2026-07-28T23:37:49.930,10.42.0.145,10.42.0.1,33,3,UPLOAD,0.9855076450773014,UPLOAD,0.9855076450773014,0,39,1.0,0,0.0,0.0,0,0,0.0,0.0,0.24549737188925963,0,0,0,0,0,0,0,0,0.4375,0.05,1.0,0.0,0.8,skip,already_attacked_this_round,1785296269.930547,1785296269930546867,1384938147245806,46.4,53.36328125,-1.0,0,0
2026-07-28T23:37:50.044,10.42.0.59,10.42.0.1,29,3,UPLOAD,0.9855076450773014,UPLOAD,0.9855076450773014,0,39,1.0,0,0.0,0.0,0,0,0.0,0.0,0.42589080168570476,0,0,1,0,0,0,0,0,0.4375,0.05,1.0,0.0,0.8,skip,attack_already_active,1785296270.0442727,1785296270044272693,1384938260971310,46.4,53.36328125,-1.0,0,0
2026-07-28T23:37:50.199,10.42.0.18,10.42.0.1,54,3,UPLOAD,0.9855076450773014,UPLOAD,0.9855076450773014,0,39,1.0,0,0.0,0.0,0,0,0.0,0.0,0.37451371800972766,0,0,0,0,0,0,0,0,0.4375,0.05,1.0,0.0,0.8,skip,already_attacked_this_round,1785296270.1995673,1785296270199567478,1384938416266180,46.4,53.36328125,-1.0,0,0
2026-07-28T23:37:50.535,10.42.0.47,10.42.0.1|10.42.0.47,73,3,UPLOAD,0.95,UPLOAD,0.95,1,7240,100.0,1,0.0,7240.0,0,1,0.0,1.0,0.14967793157460557,1,0,0,1,1,1,1,1,0.9699999999999999,1.0,1.0,1.0,0.8,trigger,training_upload_trigger_confirmed,1785296270.5357287,1785296270535728513,1384938752427523,9.8,53.36328125,7.187287,1785296270542917522,1384938759614810
2026-07-28T23:37:50.537,10.42.0.47,10.42.0.1|10.42.0.47,73,3,UPLOAD,0.95,UPLOAD,0.95,1,4344,100.0,2,0.0,11584.0,0,2,0.0,1.0,0.1301306736463429,1,0,1,1,1,1,1,1,0.9699999999999999,1.0,1.0,1.0,0.8,skip,attack_already_active,1785296270.537068,1785296270537067783,1384938753768696,9.8,53.36328125,-1.0,0,0
2026-07-28T23:37:50.539,10.42.0.47,10.42.0.1|10.42.0.47,73,3,UPLOAD,0.95,UPLOAD,0.95,1,2896,100.0,3,0.0,14480.0,0,3,0.0,1.0,0.11325993827639151,1,0,1,1,1,1,1,1,0.9699999999999999,1.0,1.0,1.0,0.8,skip,attack_already_active,1785296270.5391712,1785296270539171367,1384938755870612,9.8,53.36328125,-1.0,0,0
2026-07-28T23:37:50.540,10.42.0.47,10.42.0.1|10.42.0.47,73,3,UPLOAD,0.95,UPLOAD,0.95,1,4344,100.0,4,0.0,18824.0,0,4,0.0,1.0,0.09850677235966102,1,0,1,1,1,1,1,1,0.9699999999999999,1.0,1.0,1.0,0.8,skip,attack_already_active,1785296270.5404735,1785296270540473364,1384938757174317,9.8,53.36328125,-1.0,0,0
2026-07-28T23:37:50.544,10.42.0.47,10.42.0.1|10.42.0.47,73,3,UPLOAD,0.95,UPLOAD,0.95,1,8688,100.0,5,0.0,27512.0,0,5,0.0,1.0,0.086057867053722,1,0,1,1,1,1,1,1,0.9699999999999999,1.0,1.0,1.0,0.8,skip,attack_already_active,1785296270.544509,1785296270544508944,1384938761207959,9.8,53.36328125,-1.0,0,0
2026-07-28T23:37:50.545,10.42.0.47,10.42.0.1|10.42.0.47,73,3,UPLOAD,0.95,UPLOAD,0.95,1,2896,100.0,6,0.0,30408.0,0,6,0.0,1.0,0.07488748024331048,1,0,1,1,1,1,1,1,0.9699999999999999,1.0,1.0,1.0,0.8,skip,attack_already_active,1785296270.5457978,1785296270545797995,1384938762496597,9.8,53.36328125,-1.0,0,0
2026-07-28T23:37:50.549,10.42.0.47,10.42.0.1|10.42.0.47,73,3,UPLOAD,0.95,UPLOAD,0.95,1,7240,100.0,7,0.0,37648.0,0,7,0.0,1.0,0.06555573864886532,1,0,1,1,1,1,1,1,0.9699999999999999,1.0,1.0,1.0,0.8,skip,attack_already_active,1785296270.5498693,1785296270549869281,1384938766568052,9.8,53.36328125,-1.0,0,0
2026-07-28T23:37:50.551,10.42.0.47,10.42.0.1|10.42.0.47,73,3,UPLOAD,0.95,UPLOAD,0.95,1,5792,100.0,8,0.0,43440.0,0,8,0.0,1.0,0.05707406491559511,1,0,1,1,1,1,1,1,0.9699999999999999,1.0,1.0,1.0,0.8,skip,attack_already_active,1785296270.55106,1785296270551059878,1384938767758922,9.8,53.36328125,-1.0,0,0
2026-07-28T23:37:50.552,10.42.0.47,10.42.0.1|10.42.0.47,73,3,UPLOAD,0.95,UPLOAD,0.95,1,4344,100.0,9,0.0,47784.0,0,9,0.0,1.0,0.04970691748479511,1,0,1,1,1,1,1,1,0.9699999999999999,1.0,1.0,1.0,0.8,skip,attack_already_active,1785296270.5522268,1785296270552226942,1384938768925723,9.8,53.36328125,-1.0,0,0
2026-07-28T23:37:50.553,10.42.0.47,10.42.0.1|10.42.0.47,73,3,UPLOAD,0.95,UPLOAD,0.95,1,4344,100.0,10,0.0,52128.0,0,10,0.0,1.0,0.04337978470515582,1,0,1,1,1,1,1,1,0.9699999999999999,1.0,1.0,1.0,0.8,skip,attack_already_active,1785296270.5539188,1785296270553918791,1384938770617559,9.8,53.36328125,-1.0,0,0
2026-07-28T23:37:50.555,10.42.0.47,10.42.0.1|10.42.0.47,73,3,UPLOAD,0.95,UPLOAD,0.95,1,2896,100.0,11,0.0,55024.0,0,11,0.0,1.0,0.03781323517183182,1,0,1,1,1,1,1,1,0.9699999999999999,1.0,1.0,1.0,0.8,skip,attack_already_active,1785296270.5550556,1785296270555055711,1384938771754238,9.8,53.36328125,-1.0,0,0
2026-07-28T23:37:50.556,10.42.0.47,10.42.0.1|10.42.0.47,73,3,UPLOAD,0.95,UPLOAD,0.95,1,13032,100.0,12,0.0,68056.0,0,12,0.0,1.0,0.03304637996251241,1,0,1,1,1,1,1,1,0.9699999999999999,1.0,1.0,1.0,0.8,skip,attack_already_active,1785296270.5566945,1785296270556694436,1384938773392858,9.8,53.36328125,-1.0,0,0
2026-07-28T23:37:50.558,10.42.0.47,10.42.0.1|10.42.0.47,73,3,UPLOAD,0.95,UPLOAD,0.95,1,5792,100.0,13,0.0,73848.0,0,13,0.0,1.0,0.028916534296002442,1,0,1,1,1,1,1,1,0.9699999999999999,1.0,1.0,1.0,0.8,skip,attack_already_active,1785296270.5584006,1785296270558400568,1384938775099810,9.8,53.36328125,-1.0,0,0
2026-07-28T23:37:50.559,10.42.0.47,10.42.0.1|10.42.0.47,73,3,UPLOAD,0.95,UPLOAD,0.95,1,5681,100.0,14,0.0,79529.0,0,14,0.0,1.0,0.025276764527557134,1,0,1,1,1,1,1,1,0.9699999999999999,1.0,1.0,1.0,0.8,skip,attack_already_active,1785296270.559696,1785296270559695925,1384938776395212,9.8,53.36328125,-1.0,0,0
2026-07-28T23:37:50.561,10.42.0.1,10.42.0.1|10.42.0.47,73,3,UPLOAD,0.975167972371868,UPLOAD,0.975167972371868,1,7240,100.0,1,0.0,7240.0,0,1,0.0,1.0,0.018968740421450917,1,0,1,1,1,1,1,1,0.9699999999999999,1.0,1.0,1.0,0.8,skip,attack_already_active,1785296270.5616245,1785296270561624641,1384938778324351,9.8,53.36328125,-1.0,0,0
2026-07-28T23:37:50.563,10.42.0.1,10.42.0.1|10.42.0.47,73,3,UPLOAD,0.9753092664773161,UPLOAD,0.9753092664773161,1,7240,100.0,2,0.0,14480.0,0,2,0.0,1.0,0.01673657033231076,1,0,1,1,1,1,1,1,0.9699999999999999,1.0,1.0,1.0,0.8,skip,attack_already_active,1785296270.563654,1785296270563653795,1384938780354571,9.8,53.36328125,-1.0,0,0
2026-07-28T23:37:50.566,10.42.0.1,10.42.0.1|10.42.0.47,73,3,UPLOAD,0.975712310507114,UPLOAD,0.975712310507114,1,14480,100.0,3,0.0,28960.0,0,3,0.0,1.0,0.01494793339596706,1,0,1,1,1,1,1,1,0.9699999999999999,1.0,1.0,1.0,0.8,skip,attack_already_active,1785296270.566817,1785296270566817019,1384938783517564,9.8,53.36328125,-1.0,0,0
2026-07-28T23:37:50.568,10.42.0.1,10.42.0.1|10.42.0.47,73,3,UPLOAD,0.9756646041129986,UPLOAD,0.9756646041129986,1,14480,100.0,4,0.0,43440.0,0,4,0.0,1.0,0.01315323562077342,1,0,1,1,1,1,1,1,0.9699999999999999,1.0,1.0,1.0,0.8,skip,attack_already_active,1785296270.5681455,1785296270568145532,1384938784844066,9.8,53.36328125,-1.0,0,0
2026-07-28T23:37:50.570,10.42.0.1,10.42.0.1|10.42.0.47,73,3,UPLOAD,0.9757198333465203,UPLOAD,0.9757198333465203,1,21720,100.0,5,0.0,65160.0,0,5,0.0,1.0,0.011717718457227994,1,0,1,1,1,1,1,1,0.9699999999999999,1.0,1.0,1.0,0.8,skip,attack_already_active,1785296270.570405,1785296270570405074,1384938787103389,9.8,53.36328125,-1.0,0,0
2026-07-28T23:37:50.571,10.42.0.1,10.42.0.1|10.42.0.47,73,3,UPLOAD,0.9759703766593217,UPLOAD,0.9759703766593217,1,7240,100.0,6,0.0,72400.0,0,6,0.0,1.0,0.010326751137492476,1,0,1,1,1,1,1,1,0.9699999999999999,1.0,1.0,1.0,0.8,skip,attack_already_active,1785296270.571567,1785296270571567221,1384938788265566,9.8,53.36328125,-1.0,0,0
2026-07-28T23:37:50.572,10.42.0.1,10.42.0.1|10.42.0.47,73,3,UPLOAD,0.9764703830523512,UPLOAD,0.9764703830523512,1,7129,100.0,7,0.0,79529.0,0,7,0.0,1.0,0.009117475505853869,1,0,1,1,1,1,1,1,0.9699999999999999,1.0,1.0,1.0,0.8,skip,attack_already_active,1785296270.572717,1785296270572717022,1384938789415769,9.8,53.36328125,-1.0,0,0
2026-07-28T23:37:50.873,10.42.0.1,10.42.0.47,74,1,DOWNLOAD,0.9743377147980758,DOWNLOAD,0.9743377147980758,-1,1448,54.923342504196576,8,1448.0,79529.0,1,7,0.017881620707114364,0.9821183792928856,0.06203788380738051,0,0,0,0,1,0,0,0,0.44,0.8500000000000001,0.0,0.6000000000000001,0.15,skip,training_upload_trigger_not_confirmed,1785296270.873458,1785296270873457844,1384939090156655,9.8,53.36328125,-1.0,0,0
2026-07-28T23:37:50.877,10.42.0.1,10.42.0.47,74,1,DOWNLOAD,0.95,DOWNLOAD,0.95,-1,5792,10.984668506908193,9,7240.0,79529.0,2,7,0.08343993822678607,0.9165600617732139,0.05436068462007102,0,0,0,0,1,0,0,0,0.44,0.8500000000000001,0.0,0.6000000000000001,0.15,skip,training_upload_trigger_not_confirmed,1785296270.8772357,1785296270877235592,1384939093934785,9.8,53.36328125,-1.0,0,0
2026-07-28T23:37:50.878,10.42.0.1,10.42.0.47,74,1,DOWNLOAD,0.95,DOWNLOAD,0.95,-1,7240,5.492334253833402,10,14480.0,79529.0,3,7,0.15402780584837622,0.8459721941516238,0.047298467154635315,0,0,0,0,1,0,0,0,0.44,0.8500000000000001,0.0,0.6000000000000001,0.15,skip,training_upload_trigger_not_confirmed,1785296270.8780031,1785296270878003299,1384939094701584,9.8,53.36328125,-1.0,0,0
2026-07-28T23:37:50.878,10.42.0.1,10.42.0.47,74,1,DOWNLOAD,0.95,DOWNLOAD,0.95,-1,7240,3.6615561693065577,11,21720.0,79529.0,4,7,0.21452063724086165,0.7854793627591383,0.04117635772361603,0,0,0,0,1,0,0,0,0.44,0.8500000000000001,0.0,0.6000000000000001,0.15,skip,training_upload_trigger_not_confirmed,1785296270.8788426,1785296270878842512,1384939095542618,9.8,53.36328125,-1.0,0,0
2026-07-28T23:37:50.879,10.42.0.1,10.42.0.47,74,1,DOWNLOAD,0.95,DOWNLOAD,0.95,-1,7240,2.7461671270115273,12,28960.0,79529.0,5,7,0.266939505387643,0.733060494612357,0.03588203572340757,0,0,0,0,1,0,0,0,0.4,0.8500000000000001,0.0,0.4,0.15,skip,training_upload_trigger_not_confirmed,1785296270.8798418,1785296270879841883,1384939096540560,9.8,53.36328125,-1.0,0,0
2026-07-28T23:37:50.881,10.42.0.1,10.42.0.47,74,1,DOWNLOAD,0.95,DOWNLOAD,0.95,-1,7240,2.1969337016243937,13,36200.0,79529.0,6,7,0.31279973040465225,0.6872002695953477,0.03138876512434613,0,0,0,0,1,0,0,0,0.4,0.8500000000000001,0.0,0.4,0.15,skip,training_upload_trigger_not_confirmed,1785296270.8816257,1785296270881625612,1384939098323925,9.8,53.36328125,-1.0,0,0
2026-07-28T23:37:50.882,10.42.0.1,10.42.0.47,74,1,DOWNLOAD,0.95,DOWNLOAD,0.95,-1,7240,1.8307780846954238,14,43440.0,79529.0,7,7,0.35325976465613285,0.6467402353438672,0.027335029580895735,0,0,0,0,1,0,0,0,0.4,0.8500000000000001,0.0,0.4,0.15,skip,training_upload_trigger_not_confirmed,1785296270.8822517,1785296270882251899,1384939098950116,9.8,53.36328125,-1.0,0,0
2026-07-28T23:37:50.882,10.42.0.1,10.42.0.47,74,1,DOWNLOAD,0.95,DOWNLOAD,0.95,-1,7240,1.569238358315524,15,50680.0,79529.0,8,7,0.3892204071915152,0.6107795928084848,0.023813305079057736,0,0,0,0,1,0,0,0,0.4,0.8500000000000001,0.0,0.4,0.15,skip,training_upload_trigger_not_confirmed,1785296270.8828614,1785296270882861197,1384939099559400,9.8,53.36328125,-1.0,0,0
2026-07-28T23:37:50.883,10.42.0.1,10.42.0.47,74,1,DOWNLOAD,0.95,DOWNLOAD,0.95,-1,7240,1.37308356352947,16,57920.0,79529.0,9,7,0.42139266200554387,0.5786073379944561,0.020754680010735722,0,0,0,0,1,0,0,0,0.32,0.8500000000000001,0.0,0.0,0.15,skip,training_upload_trigger_not_confirmed,1785296270.8834636,1785296270883463655,1384939100161761,9.8,53.36328125,-1.0,0,0
2026-07-28T23:37:50.884,10.42.0.1,10.42.0.47,74,1,DOWNLOAD,0.95,DOWNLOAD,0.95,-1,10136,1.1685817561982987,17,68056.0,79529.0,10,7,0.46113087373378053,0.5388691262662194,0.01820199588828561,0,0,0,0,1,0,0,0,0.30250000000000005,0.8000000000000002,0.0,0.0,0.15,skip,training_upload_trigger_not_confirmed,1785296270.8848467,1785296270884846608,1384939101547079,9.8,53.36328125,-1.0,0,0
2026-07-28T23:37:50.885,10.42.0.1,10.42.0.47,74,1,DOWNLOAD,0.95,DOWNLOAD,0.95,-1,10136,1.0170989359523084,18,78192.0,79529.0,11,7,0.495761502907032,0.504238497092968,0.015918362696963194,0,0,0,0,1,0,0,0,0.30250000000000005,0.8000000000000002,0.0,0.0,0.15,skip,training_upload_trigger_not_confirmed,1785296270.8857188,1785296270885718704,1384939102416944,9.8,53.36328125,-1.0,0,0
2026-07-28T23:37:50.886,10.42.0.1,10.42.0.47,74,1,DOWNLOAD,0.95,DOWNLOAD,0.95,-1,1448,0.9986062280261351,19,79640.0,79529.0,12,7,0.5003486859878494,0.4996513140121506,0.013902948457976754,0,0,0,0,1,0,0,0,0.30250000000000005,0.8000000000000002,0.0,0.0,0.15,skip,training_upload_trigger_not_confirmed,1785296270.8863428,1785296270886342709,1384939103041134,9.8,53.36328125,-1.0,0,0
2026-07-28T23:37:50.886,10.42.0.1,10.42.0.47,74,1,DOWNLOAD,0.95,DOWNLOAD,0.95,-1,10136,0.8858603635728273,20,89776.0,79529.0,13,7,0.5302619532795841,0.4697380467204158,0.012154528146392132,0,0,0,0,1,0,0,0,0.30250000000000005,0.8000000000000002,0.0,0.0,0.15,skip,training_upload_trigger_not_confirmed,1785296270.8869774,1785296270886977559,1384939103675601,9.8,53.36328125,-1.0,0,0
2026-07-28T23:37:50.887,10.42.0.1,10.42.0.47,74,1,DOWNLOAD,0.95,DOWNLOAD,0.95,-1,14480,0.7628242019666702,21,104256.0,79529.0,14,7,0.5672715401148081,0.43272845988519193,0.010636504992583987,0,0,0,0,1,0,0,0,0.28500000000000003,0.7500000000000001,0.0,0.0,0.15,skip,training_upload_trigger_not_confirmed,1785296270.887612,1785296270887612070,1384939104310262,9.8,53.36328125,-1.0,0,0
2026-07-28T23:37:50.888,10.42.0.1,10.42.0.47,74,1,DOWNLOAD,0.95,DOWNLOAD,0.95,-1,14480,0.6697968602642013,22,118736.0,79529.0,15,7,0.5988752427306887,0.4011247572693113,0.009319775232740562,0,0,0,0,1,0,0,0,0.28500000000000003,0.7500000000000001,0.0,0.0,0.15,skip,training_upload_trigger_not_confirmed,1785296270.8882563,1785296270888256374,1384939104954482,9.8,53.36328125,-1.0,0,0
2026-07-28T23:37:50.888,10.42.0.1,10.42.0.47,74,1,DOWNLOAD,0.95,DOWNLOAD,0.95,-1,4344,0.646156971078598,23,123080.0,79529.0,16,7,0.6074754823329664,0.39252451766703356,0.0081750173809384,0,0,0,0,1,0,0,0,0.28500000000000003,0.7500000000000001,0.0,0.0,0.15,skip,training_upload_trigger_not_confirmed,1785296270.8888888,1785296270888888732,1384939105586905,9.8,53.36328125,-1.0,0,0
2026-07-28T23:37:50.889,10.42.0.1,10.42.0.47,74,1,DOWNLOAD,0.95,DOWNLOAD,0.95,-1,14480,0.578140447807661,24,137560.0,79529.0,17,7,0.6336571636517742,0.36634283634822584,0.007192922360033311,0,0,0,0,1,0,0,0,0.28500000000000003,0.7500000000000001,0.0,0.0,0.15,skip,training_upload_trigger_not_confirmed,1785296270.889611,1785296270889610966,1384939106309251,9.8,53.36328125,-1.0,0,0
2026-07-28T23:37:50.890,10.42.0.1,10.42.0.47,74,1,DOWNLOAD,0.95,DOWNLOAD,0.95,-1,4344,0.5604422708340818,25,141904.0,79529.0,18,7,0.6408439573144021,0.3591560426855979,0.006326889959122582,0,0,0,0,1,0,0,0,0.28500000000000003,0.7500000000000001,0.0,0.0,0.15,skip,training_upload_trigger_not_confirmed,1785296270.8902318,1785296270890231931,1384939106930081,9.8,53.36328125,-1.0,0,0
2026-07-28T23:37:50.890,10.42.0.1,10.42.0.47,74,1,DOWNLOAD,0.95,DOWNLOAD,0.95,-1,14480,0.508549467979406,26,156384.0,79529.0,19,7,0.6628884376867744,0.33711156231322564,0.0055770520715809685,0,0,0,0,1,0,0,0,0.28500000000000003,0.7500000000000001,0.0,0.0,0.15,skip,training_upload_trigger_not_confirmed,1785296270.8908684,1785296270890868457,1384939107566502,9.8,53.36328125,-1.0,0,0
2026-07-28T23:37:50.892,10.42.0.1,10.42.0.47,74,1,DOWNLOAD,0.95,DOWNLOAD,0.95,-1,4344,0.49480488776383197,27,160728.0,79529.0,20,7,0.6689836300295101,0.33101636997048994,0.004994482365775572,0,0,0,0,1,0,0,0,0.28500000000000003,0.7500000000000001,0.0,0.0,0.15,skip,training_upload_trigger_not_confirmed,1785296270.8920245,1785296270892024673,1384939108722932,9.8,53.36328125,-1.0,0,0
2026-07-28T23:37:50.892,10.42.0.1,10.42.0.47,74,1,DOWNLOAD,0.95,DOWNLOAD,0.95,-1,14480,0.45391192183317014,28,175208.0,79529.0,21,7,0.6877995736779502,0.3122004263220498,0.00442405471381224,0,0,0,0,1,0,0,0,0.28500000000000003,0.7500000000000001,0.0,0.0,0.15,skip,training_upload_trigger_not_confirmed,1785296270.8926902,1785296270892690055,1384939109388221,9.8,53.36328125,-1.0,0,0
2026-07-28T23:37:50.893,10.42.0.1,10.42.0.47,74,1,DOWNLOAD,0.95,DOWNLOAD,0.95,-1,18824,0.4098756906107761,29,194032.0,79529.0,22,7,0.7092823903992163,0.29071760960078374,0.004002154682227934,0,0,0,0,1,0,0,0,0.28500000000000003,0.7500000000000001,0.0,0.0,0.15,skip,training_upload_trigger_not_confirmed,1785296270.8939126,1785296270893912492,1384939110610836,9.8,53.36328125,-1.0,0,0
2026-07-28T23:37:50.895,10.42.0.1,10.42.0.47,74,1,DOWNLOAD,0.95,DOWNLOAD,0.95,-1,18824,0.3736281805569322,30,212856.0,79529.0,23,7,0.7279990423585341,0.27200095764146587,0.003631451855761684,0,0,0,0,1,0,0,0,0.28500000000000003,0.7500000000000001,0.0,0.0,0.15,skip,training_upload_trigger_not_confirmed,1785296270.8951015,1785296270895101523,1384939111800005,9.8,53.36328125,-1.0,0,0
2026-07-28T23:37:50.896,10.42.0.1,10.42.0.47,74,1,DOWNLOAD,0.95,DOWNLOAD,0.95,-1,18824,0.3432708908868125,31,231680.0,79529.0,24,7,0.7444514779456892,0.2555485220543108,0.0032784634730553723,0,0,0,0,1,0,0,0,0.28500000000000003,0.7500000000000001,0.0,0.0,0.15,skip,training_upload_trigger_not_confirmed,1785296270.8960543,1785296270896054189,1384939112752450,9.8,53.36328125,-1.0,0,0
2026-07-28T23:37:50.896,10.42.0.1,10.42.0.47,74,1,DOWNLOAD,0.95,DOWNLOAD,0.95,-1,1448,0.34113877355212097,32,233128.0,79529.0,25,7,0.7456349929795271,0.25436500702047293,0.0029660206254624338,0,0,0,0,1,0,0,0,0.28500000000000003,0.7500000000000001,0.0,0.0,0.15,skip,training_upload_trigger_not_confirmed,1785296270.8969617,1785296270896961802,1384939113660057,9.8,53.36328125,-1.0,0,0
2026-07-28T23:37:50.897,10.42.0.1,10.42.0.47,74,1,DOWNLOAD,0.95,DOWNLOAD,0.95,-1,18824,0.31565139391901764,33,251952.0,79529.0,26,7,0.7600797632443489,0.23992023675565116,0.002662798189339962,0,0,0,0,1,0,0,0,0.28500000000000003,0.7500000000000001,0.0,0.0,0.15,skip,training_upload_trigger_not_confirmed,1785296270.8976266,1785296270897626719,1384939114324873,9.8,53.36328125,-1.0,0,0
2026-07-28T23:37:50.898,10.42.0.1,10.42.0.47,74,1,DOWNLOAD,0.95,DOWNLOAD,0.95,-1,1448,0.313847671668059,34,253400.0,79529.0,27,7,0.7611232424931442,0.2388767575068558,0.0024319241522021183,0,0,0,0,1,0,0,0,0.28500000000000003,0.7500000000000001,0.0,0.0,0.15,skip,training_upload_trigger_not_confirmed,1785296270.8985374,1785296270898537597,1384939115235981,59.9,53.36328125,-1.0,0,0
2026-07-28T23:37:50.899,10.42.0.1,10.42.0.47,74,1,DOWNLOAD,0.95,DOWNLOAD,0.95,-1,16946,0.29417487220342015,35,270346.0,79529.0,28,7,0.772693104680243,0.22730689531975706,0.0022386994394353026,0,0,0,0,1,0,0,0,0.28500000000000003,0.7500000000000001,0.0,0.0,0.15,skip,training_upload_trigger_not_confirmed,1785296270.899503,1785296270899503050,1384939116201305,59.9,53.36328125,-1.0,0,0
2026-07-28T23:37:50.900,10.42.0.210,10.42.0.47,73,1,DOWNLOAD,0.9843427291710107,DOWNLOAD,0.9843427291710107,-1,7240,1.381215469422484e-10,1,7240.0,0.0,1,0,1.0,0.0,0.20671493851166897,0,0,0,0,0,0,0,0,0.0225,0.0,0.0,0.0,0.15,skip,training_upload_trigger_not_confirmed,1785296270.900428,1785296270900428058,1384939117126070,59.9,53.36328125,-1.0,0,0
2026-07-28T23:37:50.901,10.42.0.210,10.42.0.47,73,1,DOWNLOAD,0.95,DOWNLOAD,0.95,-1,7240,6.90607734758936e-11,2,14480.0,0.0,2,0,1.0,0.0,0.17955948040199704,0,0,0,0,0,0,0,0,0.0225,0.0,0.0,0.0,0.15,skip,training_upload_trigger_not_confirmed,1785296270.9010677,1785296270901067803,1384939117765789,59.9,53.36328125,-1.0,0,0
2026-07-28T23:37:50.901,10.42.0.1,10.42.0.47,74,1,DOWNLOAD,0.95,DOWNLOAD,0.95,-1,20272,0.27365476330002386,36,290618.0,79529.0,29,7,0.7851421192120969,0.2148578807879032,0.002249231018687838,0,0,0,0,1,0,0,0,0.28500000000000003,0.7500000000000001,0.0,0.0,0.15,skip,training_upload_trigger_not_confirmed,1785296270.9018216,1785296270901821811,1384939118520115,59.9,53.36328125,-1.0,0,0
2026-07-28T23:37:50.903,10.42.0.1,10.42.0.47,74,1,DOWNLOAD,0.95,DOWNLOAD,0.95,-1,15472,0.25982227449684786,37,306090.0,79529.0,30,7,0.7937627554658873,0.20623724453411268,0.0021587185530113294,0,0,0,0,1,0,0,0,0.28500000000000003,0.7500000000000001,0.0,0.0,0.15,skip,training_upload_trigger_not_confirmed,1785296270.903384,1785296270903384092,1384939120082418,59.9,53.36328125,-1.0,0,0
2026-07-28T23:37:50.904,10.42.0.18,10.42.0.47,55,1,DOWNLOAD,0.95,DOWNLOAD,0.95,-1,7300,1.3698630135109776e-10,1,7300.0,0.0,1,0,1.0,0.0,0.3897733966386362,0,0,0,0,0,0,0,0,0.0225,0.0,0.0,0.0,0.15,skip,training_upload_trigger_not_confirmed,1785296270.9043214,1785296270904321586,1384939121019793,59.9,53.36328125,-1.0,0,0
2026-07-28T23:37:50.904,10.42.0.18,10.42.0.47,55,1,DOWNLOAD,0.95,DOWNLOAD,0.95,-1,7300,6.84931506802402e-11,2,14600.0,0.0,2,0,1.0,0.0,0.3384935281508686,0,0,0,0,0,0,0,0,0.0225,0.0,0.0,0.0,0.15,skip,training_upload_trigger_not_confirmed,1785296270.904946,1785296270904946084,1384939121644170,59.9,53.36328125,-1.0,0,0
2026-07-28T23:37:50.905,10.42.0.1,10.42.0.47,74,1,DOWNLOAD,0.95,DOWNLOAD,0.95,-1,16920,0.24621219157534993,38,323010.0,79529.0,31,7,0.8024315656371184,0.1975684343628816,0.002166939821106973,0,0,0,0,1,0,0,0,0.28500000000000003,0.7500000000000001,0.0,0.0,0.15,skip,training_upload_trigger_not_confirmed,1785296270.905605,1785296270905605224,1384939122303273,59.9,53.36328125,-1.0,0,0
2026-07-28T23:37:50.906,10.42.0.145,10.42.0.47,34,1,DOWNLOAD,0.95,DOWNLOAD,0.95,-1,7300,1.3698630135109776e-10,1,7300.0,0.0,1,0,1.0,0.0,0.34176956464735947,0,0,0,0,0,0,0,0,0.0225,0.0,0.0,0.0,0.15,skip,training_upload_trigger_not_confirmed,1785296270.9066274,1785296270906627428,1384939123325926,59.9,53.36328125,-1.0,0,0
2026-07-28T23:37:50.907,10.42.0.145,10.42.0.47,34,1,DOWNLOAD,0.95,DOWNLOAD,0.95,-1,7300,6.84931506802402e-11,2,14600.0,0.0,2,0,1.0,0.0,0.2968163181444588,0,0,0,0,0,0,0,0,0.0225,0.0,0.0,0.0,0.15,skip,training_upload_trigger_not_confirmed,1785296270.9072592,1785296270907259132,1384939123957183,59.9,53.36328125,-1.0,0,0
2026-07-28T23:37:50.907,10.42.0.1,10.42.0.47,74,1,DOWNLOAD,0.95,DOWNLOAD,0.95,-1,11584,0.23768806374520254,39,334594.0,79529.0,32,7,0.8079580221335207,0.19204197786647928,0.0021854822817910543,0,0,0,0,1,0,0,0,0.28500000000000003,0.7500000000000001,0.0,0.0,0.15,skip,training_upload_trigger_not_confirmed,1785296270.9079127,1785296270907912784,1384939124610974,59.9,53.36328125,-1.0,0,0
2026-07-28T23:37:50.908,10.42.0.1,10.42.0.47,74,1,DOWNLOAD,0.95,DOWNLOAD,0.95,-1,3914,0.234939794630452,40,338508.0,79529.0,33,7,0.809756074223095,0.1902439257769049,0.002015495575991276,0,0,0,0,1,0,0,0,0.28500000000000003,0.7500000000000001,0.0,0.0,0.15,skip,training_upload_trigger_not_confirmed,1785296270.9088082,1785296270908808274,1384939125506383,59.9,53.36328125,-1.0,0,0
2026-07-28T23:37:50.909,10.42.0.47,10.42.0.47,74,1,DOWNLOAD,0.95,DOWNLOAD,0.95,-1,7240,10.984668506908193,15,7240.0,79529.0,1,14,0.08343993822678607,0.9165600617732139,0.20298697086432063,0,0,0,0,0,0,0,0,0.057499999999999996,0.1,0.0,0.0,0.15,skip,training_upload_trigger_not_confirmed,1785296270.909771,1785296270909771089,1384939126469106,59.9,53.36328125,-1.0,0,0
2026-07-28T23:37:50.910,10.42.0.47,10.42.0.47,74,1,DOWNLOAD,0.9829981496648164,DOWNLOAD,0.9829981496648164,-1,7240,5.492334253833402,16,14480.0,79529.0,2,14,0.15402780584837622,0.8459721941516238,0.1763199989726536,0,0,0,0,0,0,0,0,0.057499999999999996,0.1,0.0,0.0,0.15,skip,training_upload_trigger_not_confirmed,1785296270.9103897,1785296270910389755,1384939127087678,59.9,53.36328125,-1.0,0,0
2026-07-28T23:37:50.911,10.42.0.1,10.42.0.47,74,1,DOWNLOAD,0.95,DOWNLOAD,0.95,-1,18368,0.22284771181244226,41,356876.0,79529.0,34,7,0.8177633161856532,0.18223668381434677,0.0020387884605270784,0,0,0,0,1,0,0,0,0.28500000000000003,0.7500000000000001,0.0,0.0,0.15,skip,training_upload_trigger_not_confirmed,1785296270.9110005,1785296270911000586,1384939127698595,59.9,53.36328125,-1.0,0,0
2026-07-28T23:37:50.911,10.42.0.59,10.42.0.47,30,1,DOWNLOAD,0.95,DOWNLOAD,0.95,-1,7300,1.3698630135109776e-10,1,7300.0,0.0,1,0,1.0,0.0,0.4287016768567581,0,0,0,0,0,0,0,0,0.0225,0.0,0.0,0.0,0.15,skip,training_upload_trigger_not_confirmed,1785296270.9115894,1785296270911589357,1384939128287411,59.9,53.36328125,-1.0,0,0
2026-07-28T23:37:50.912,10.42.0.210,10.42.0.47,73,1,DOWNLOAD,0.9557926560077417,DOWNLOAD,0.9557926560077417,-1,10136,4.062398439873968e-11,3,24616.0,0.0,3,0,1.0,0.0,0.15739611077942453,0,0,0,0,0,0,0,0,0.0225,0.0,0.0,0.0,0.15,skip,training_upload_trigger_not_confirmed,1785296270.9124355,1785296270912435374,1384939129133504,59.9,53.36328125,-1.0,0,0
2026-07-28T23:37:50.913,10.42.0.210,10.42.0.47,73,1,DOWNLOAD,0.9846998846180315,DOWNLOAD,0.9846998846180315,-1,4344,3.453038673913914e-11,4,28960.0,0.0,4,0,1.0,0.0,0.1367313207802501,0,0,0,0,0,0,0,0,0.0225,0.0,0.0,0.0,0.15,skip,training_upload_trigger_not_confirmed,1785296270.9130123,1785296270913012276,1384939129710263,59.9,53.36328125,-1.0,0,0
2026-07-28T23:37:50.913,10.42.0.210,10.42.0.47,73,1,DOWNLOAD,0.9854895428954357,DOWNLOAD,0.9854895428954357,-1,14480,2.3020257826357728e-11,5,43440.0,0.0,5,0,1.0,0.0,0.11882603536700997,0,0,0,0,0,0,0,0,0.0225,0.0,0.0,0.0,0.15,skip,training_upload_trigger_not_confirmed,1785296270.9138653,1785296270913865218,1384939130563688,59.9,53.36328125,-1.0,0,0
2026-07-28T23:37:50.916,10.42.0.47,10.42.0.47,74,1,DOWNLOAD,0.9842257140988042,DOWNLOAD,0.9842257140988042,-1,2896,4.576945211580516,17,17376.0,79529.0,3,14,0.1793096331458645,0.8206903668541355,0.15391833937392893,0,0,0,0,0,0,0,0,0.057499999999999996,0.1,0.0,0.0,0.15,skip,training_upload_trigger_not_confirmed,1785296270.9167097,1785296270916709684,1384939133408054,59.9,53.36328125,-1.0,0,0
2026-07-28T23:37:50.917,10.42.0.47,10.42.0.47,74,1,DOWNLOAD,0.9842586901286671,DOWNLOAD,0.9842586901286671,-1,2896,3.923095895672696,18,20272.0,79529.0,4,14,0.2031242171922125,0.7968757828077875,0.1337250261965546,0,0,0,0,0,0,0,0,0.057499999999999996,0.1,0.0,0.0,0.15,skip,training_upload_trigger_not_confirmed,1785296270.9173865,1785296270917386376,1384939134084577,59.9,53.36328125,-1.0,0,0
2026-07-28T23:37:50.918,10.42.0.47,10.42.0.47,74,1,DOWNLOAD,0.9842595481342594,DOWNLOAD,0.9842595481342594,-1,2896,3.4327089087347757,19,23168.0,79529.0,5,14,0.22559568439194913,0.7744043156080509,0.11618523019304836,0,0,0,0,0,0,0,0,0.057499999999999996,0.1,0.0,0.0,0.15,skip,training_upload_trigger_not_confirmed,1785296270.918007,1785296270918006864,1384939134704929,59.9,53.36328125,-1.0,0,0
2026-07-28T23:37:50.918,10.42.0.47,10.42.0.47,74,1,DOWNLOAD,0.9842595696464124,DOWNLOAD,0.9842595696464124,-1,2896,3.0512968077788787,20,26064.0,79529.0,6,14,0.24683454395651228,0.7531654560434877,0.10096593681265843,0,0,0,0,0,0,0,0,0.057499999999999996,0.1,0.0,0.0,0.15,skip,training_upload_trigger_not_confirmed,1785296270.918697,1785296270918697135,1384939135395889,59.9,53.36328125,-1.0,0,0
2026-07-28T23:37:50.919,10.42.0.47,10.42.0.47,74,1,DOWNLOAD,0.9842595701605352,DOWNLOAD,0.9842595701605352,-1,2896,2.7461671270115273,21,28960.0,79529.0,7,14,0.266939505387643,0.733060494612357,0.08775058685871119,0,0,0,0,0,0,0,0,0.057499999999999996,0.1,0.0,0.0,0.15,skip,training_upload_trigger_not_confirmed,1785296270.9193754,1785296270919375278,1384939136073383,59.9,53.36328125,-1.0,0,0
2026-07-28T23:37:50.920,10.42.0.47,10.42.0.47,74,1,DOWNLOAD,0.9842595701720059,DOWNLOAD,0.9842595701720059,-1,2896,2.496515570018316,22,31856.0,79529.0,8,14,0.28599901243434933,0.7140009875656507,0.07628635920912323,0,0,0,0,0,0,0,0,0.057499999999999996,0.1,0.0,0.0,0.15,skip,training_upload_trigger_not_confirmed,1785296270.9201272,1785296270920127350,1384939136826676,59.9,53.36328125,-1.0,0,0
2026-07-28T23:37:50.921,10.42.0.47,10.42.0.47,74,1,DOWNLOAD,0.9842595701722343,DOWNLOAD,0.9842595701722343,-1,2896,2.28847260585611,23,34752.0,79529.0,9,14,0.30409254381743245,0.6959074561825676,0.06639072648672718,0,0,0,0,0,0,0,0,0.057499999999999996,0.1,0.0,0.0,0.15,skip,training_upload_trigger_not_confirmed,1785296270.9213183,1785296270921318380,1384939138017186,59.9,53.36328125,-1.0,0,0
2026-07-28T23:37:50.922,10.42.0.210,10.42.0.47,73,1,DOWNLOAD,0.9855083405864443,DOWNLOAD,0.9855083405864443,-1,18824,1.6060644995245073e-11,6,62264.0,0.0,6,0,1.0,0.0,0.10436596617455635,0,0,0,0,0,0,0,0,0.0225,0.0,0.0,0.0,0.15,skip,training_upload_trigger_not_confirmed,1785296270.922958,1785296270922957884,1384939139656205,59.9,53.36328125,-1.0,0,0
2026-07-28T23:37:50.923,10.42.0.210,10.42.0.47,73,1,DOWNLOAD,0.9855087208476458,DOWNLOAD,0.9855087208476458,-1,1448,1.569563033626796e-11,7,63712.0,0.0,7,0,1.0,0.0,0.09069843205001028,0,0,0,0,0,0,0,0,0.0225,0.0,0.0,0.0,0.15,skip,training_upload_trigger_not_confirmed,1785296270.9236047,1785296270923604806,1384939140302922,59.9,53.36328125,-1.0,0,0
2026-07-28T23:37:50.924,10.42.0.210,10.42.0.47,73,1,DOWNLOAD,0.9855087261970161,DOWNLOAD,0.9855087261970161,-1,8688,1.3812154695941821e-11,8,72400.0,0.0,8,0,1.0,0.0,0.07886432139790249,0,0,0,0,0,0,0,0,0.0225,0.0,0.0,0.0,0.15,skip,training_upload_trigger_not_confirmed,1785296270.9244974,1785296270924497426,1384939141195484,59.9,53.36328125,-1.0,0,0
2026-07-28T23:37:50.925,10.42.0.210,10.42.0.47,73,1,DOWNLOAD,0.9855087261721334,DOWNLOAD,0.9855087261721334,-1,6784,1.2628813901638856e-11,9,79184.0,0.0,9,0,1.0,0.0,0.06858760225424496,0,0,0,0,0,0,0,0,0.0225,0.0,0.0,0.0,0.15,skip,training_upload_trigger_not_confirmed,1785296270.9253745,1785296270925374351,1384939142072429,59.9,53.36328125,-1.0,0,0
2026-07-28T23:37:50.926,10.42.0.59,10.42.0.47,30,1,DOWNLOAD,0.95,DOWNLOAD,0.95,-1,14600,4.566210045453598e-11,2,21900.0,0.0,2,0,1.0,0.0,0.3741799942273535,0,0,0,0,0,0,0,0,0.0225,0.0,0.0,0.0,0.15,skip,training_upload_trigger_not_confirmed,1785296270.926541,1785296270926540977,1384939143239154,59.9,53.36328125,-1.0,0,0
2026-07-28T23:37:50.927,10.42.0.59,10.42.0.47,30,1,DOWNLOAD,0.95,DOWNLOAD,0.95,-1,14600,2.739726027322199e-11,3,36500.0,0.0,3,0,1.0,0.0,0.3249555978260374,0,0,0,0,0,0,0,0,0.0225,0.0,0.0,0.0,0.15,skip,training_upload_trigger_not_confirmed,1785296270.9271708,1785296270927170847,1384939143869000,59.9,53.36328125,-1.0,0,0
2026-07-28T23:37:50.927,10.42.0.47,10.42.0.47,74,1,DOWNLOAD,0.9842595701722379,DOWNLOAD,0.9842595701722379,-1,8688,1.8307780846954238,24,43440.0,79529.0,10,14,0.35325976465613285,0.6467402353438672,0.05849435437767553,0,0,0,0,0,0,0,0,0.057499999999999996,0.1,0.0,0.0,0.15,skip,training_upload_trigger_not_confirmed,1785296270.9277856,1785296270927785789,1384939144484029,59.9,53.36328125,-1.0,0,0
2026-07-28T23:37:50.930,10.42.0.47,10.42.0.47,74,1,DOWNLOAD,0.9842595701722379,DOWNLOAD,0.9842595701722379,-1,2896,1.7163544544044294,25,46336.0,79529.0,11,14,0.368140467961705,0.631859532038295,0.05116041127349921,0,0,0,0,0,0,0,0,0.057499999999999996,0.1,0.0,0.0,0.15,skip,training_upload_trigger_not_confirmed,1785296270.9306247,1785296270930624802,1384939147322994,59.9,53.36328125,-1.0,0,0
2026-07-28T23:37:50.931,10.42.0.47,10.42.0.47,74,1,DOWNLOAD,0.9842595701722379,DOWNLOAD,0.9842595701722379,-1,2896,1.6153924276768077,26,49232.0,79529.0,12,14,0.38235179906959404,0.617648200930406,0.044502062998728456,0,0,0,0,0,0,0,0,0.057499999999999996,0.1,0.0,0.0,0.15,skip,training_upload_trigger_not_confirmed,1785296270.9312568,1785296270931256759,1384939147954756,59.9,53.36328125,-1.0,0,0
2026-07-28T23:37:50.931,10.42.0.47,10.42.0.47,74,1,DOWNLOAD,0.9842595701722379,DOWNLOAD,0.9842595701722379,-1,2896,1.5256484039187068,27,52128.0,79529.0,13,14,0.39593792962014934,0.6040620703798507,0.038723157167172964,0,0,0,0,0,0,0,0,0.057499999999999996,0.1,0.0,0.0,0.15,skip,training_upload_trigger_not_confirmed,1785296270.9319043,1785296270931904291,1384939148602292,59.9,53.36328125,-1.0,0,0
2026-07-28T23:37:50.932,10.42.0.47,10.42.0.47,74,1,DOWNLOAD,0.9842595701722379,DOWNLOAD,0.9842595701722379,-1,2896,1.445351119503392,28,55024.0,79529.0,14,14,0.40893922840813657,0.5910607715918634,0.03370057969727846,0,0,0,0,0,0,0,0,0.057499999999999996,0.1,0.0,0.0,0.15,skip,training_upload_trigger_not_confirmed,1785296270.9325125,1785296270932512561,1384939149210637,59.9,53.36328125,-1.0,0,0
2026-07-28T23:37:50.933,10.42.0.47,10.42.0.47,74,1,DOWNLOAD,0.9842595701722379,DOWNLOAD,0.9842595701722379,-1,2896,1.37308356352947,29,57920.0,79529.0,15,14,0.42139266200554387,0.5786073379944561,0.029338655841122573,0,0,0,0,0,0,0,0,0.057499999999999996,0.1,0.0,0.0,0.15,skip,training_upload_trigger_not_confirmed,1785296270.9331117,1785296270933111604,1384939149809693,59.9,53.36328125,-1.0,0,0
2026-07-28T23:37:50.933,10.42.0.47,10.42.0.47,74,1,DOWNLOAD,0.9842595701722379,DOWNLOAD,0.9842595701722379,-1,8688,1.1939857074196194,30,66608.0,79529.0,16,14,0.45579148333413166,0.5442085166658683,0.025570969605120203,0,0,0,0,0,0,0,0,0.039999999999999994,0.05,0.0,0.0,0.15,skip,training_upload_trigger_not_confirmed,1785296270.9338584,1785296270933858233,1384939150556305,59.9,53.36328125,-1.0,0,0
2026-07-28T23:37:50.936,10.42.0.47,10.42.0.47,74,1,DOWNLOAD,0.9842595701722379,DOWNLOAD,0.9842595701722379,-1,12589,1.004192077982699,31,79197.0,79529.0,17,14,0.4989541725993221,0.5010458274006779,0.02260520897763966,0,0,0,0,0,0,0,0,0.039999999999999994,0.05,0.0,0.0,0.15,skip,training_upload_trigger_not_confirmed,1785296270.936923,1785296270936923178,1384939153621758,59.9,53.36328125,-1.0,0,0
2026-07-28T23:37:50.938,10.42.0.59,10.42.0.47,30,1,DOWNLOAD,0.95,DOWNLOAD,0.95,-1,24820,1.630789301995584e-11,4,61320.0,0.0,4,0,1.0,0.0,0.2835625454122184,0,0,0,0,0,0,0,0,0.0225,0.0,0.0,0.0,0.15,skip,training_upload_trigger_not_confirmed,1785296270.938006,1785296270938006055,1384939154704442,59.9,53.36328125,-1.0,0,0
2026-07-28T23:37:50.938,10.42.0.59,10.42.0.47,30,1,DOWNLOAD,0.9514052960219824,DOWNLOAD,0.9514052960219824,-1,10564,1.3911301541178688e-11,5,71884.0,0.0,5,0,1.0,0.0,0.24629841127266616,0,0,0,0,0,0,0,0,0.0225,0.0,0.0,0.0,0.15,skip,training_upload_trigger_not_confirmed,1785296270.9387813,1785296270938781268,1384939155479427,59.9,53.36328125,-1.0,0,0
2026-07-28T23:37:50.944,10.42.0.145,10.42.0.47,34,1,DOWNLOAD,0.95,DOWNLOAD,0.95,-1,14600,3.424657534129292e-11,3,29200.0,0.0,3,0,1.0,0.0,0.26258675607764254,0,0,0,0,0,0,0,0,0.0225,0.0,0.0,0.0,0.15,skip,training_upload_trigger_not_confirmed,1785296270.9443169,1785296270944316952,1384939161015273,59.9,53.36328125,-1.0,0,0
2026-07-28T23:37:50.944,10.42.0.145,10.42.0.47,34,1,DOWNLOAD,0.9507198857302404,DOWNLOAD,0.9507198857302404,-1,14600,2.2831050227789245e-11,4,43800.0,0.0,4,0,1.0,0.0,0.22807161504388127,0,0,0,0,0,0,0,0,0.0225,0.0,0.0,0.0,0.15,skip,training_upload_trigger_not_confirmed,1785296270.9449778,1785296270944977681,1384939161675774,59.9,53.36328125,-1.0,0,0
2026-07-28T23:37:50.945,10.42.0.145,10.42.0.47,34,1,DOWNLOAD,0.9647945060998282,DOWNLOAD,0.9647945060998282,-1,29200,1.369863013679865e-11,5,73000.0,0.0,5,0,1.0,0.0,0.19813811658540548,0,0,0,0,0,0,0,0,0.0225,0.0,0.0,0.0,0.15,skip,training_upload_trigger_not_confirmed,1785296270.9458923,1785296270945892321,1384939162590436,59.9,53.36328125,-1.0,0,0
2026-07-28T23:37:50.946,10.42.0.145,10.42.0.47,34,1,DOWNLOAD,0.9734078668695404,DOWNLOAD,0.9734078668695404,-1,6184,1.2628813901638856e-11,6,79184.0,0.0,6,0,1.0,0.0,0.17211123091990885,0,0,0,0,0,0,0,0,0.0225,0.0,0.0,0.0,0.15,skip,training_upload_trigger_not_confirmed,1785296270.9465196,1785296270946519643,1384939163217670,59.9,53.36328125,-1.0,0,0
2026-07-28T23:37:50.981,10.42.0.18,10.42.0.47,55,1,DOWNLOAD,0.95,DOWNLOAD,0.95,-1,14600,3.424657534129292e-11,3,29200.0,0.0,3,0,1.0,0.0,0.30393408602583605,0,0,0,0,0,0,0,0,0.0225,0.0,0.0,0.0,0.15,skip,training_upload_trigger_not_confirmed,1785296270.9811776,1785296270981177709,1384939197876180,59.9,53.36328125,-1.0,0,0
2026-07-28T23:37:50.981,10.42.0.18,10.42.0.47,55,1,DOWNLOAD,0.95,DOWNLOAD,0.95,-1,14600,2.2831050227789245e-11,4,43800.0,0.0,4,0,1.0,0.0,0.2639818899331546,0,0,0,0,0,0,0,0,0.0225,0.0,0.0,0.0,0.15,skip,training_upload_trigger_not_confirmed,1785296270.9819255,1785296270981925416,1384939198623612,59.9,53.36328125,-1.0,0,0
2026-07-28T23:37:50.984,10.42.0.18,10.42.0.47,55,1,DOWNLOAD,0.95,DOWNLOAD,0.95,-1,27740,1.3978194017137571e-11,5,71540.0,0.0,5,0,1.0,0.0,0.22959051443914108,0,0,0,0,0,0,0,0,0.0225,0.0,0.0,0.0,0.15,skip,training_upload_trigger_not_confirmed,1785296270.9849207,1785296270984920942,1384939201619558,59.9,53.36328125,-1.0,0,0
2026-07-28T23:37:50.985,10.42.0.18,10.42.0.47,55,1,DOWNLOAD,0.9503531911898963,DOWNLOAD,0.9503531911898963,-1,7644,1.2628813901638856e-11,6,79184.0,0.0,6,0,1.0,0.0,0.19943766773844934,0,0,0,0,0,0,0,0,0.0225,0.0,0.0,0.0,0.15,skip,training_upload_trigger_not_confirmed,1785296270.9856896,1785296270985689693,1384939202388241,59.9,53.36328125,-1.0,0,0
2026-07-28T23:37:51.133,10.42.0.210,10.42.0.47,73,1,DOWNLOAD,0.9855087261660103,DOWNLOAD,0.9855087261660103,0,43,1.2628813901638856e-11,9,79184.0,0.0,9,0,1.0,0.0,0.2967012255881938,0,0,0,0,0,0,0,0,0.0225,0.0,0.0,0.0,0.15,skip,training_upload_trigger_not_confirmed,1785296271.1337242,1785296271133724179,1384939350422687,59.9,53.36328125,-1.0,0,0
2026-07-28T23:37:51.248,10.42.0.59,10.42.0.47,30,2,TRAINING,0.95,TRAINING,0.95,1,61320,0.8530410105189884,6,71884.0,61320.0,5,1,0.5396534638599442,0.46034653614005583,0.31701299161956,0,0,0,0,1,0,0,0,0.4525,1.0,0.0,0.4,0.15,skip,training_upload_trigger_not_confirmed,1785296271.2483695,1785296271248369315,1384939465070495,59.9,53.36328125,-1.0,0,0
2026-07-28T23:37:51.250,10.42.0.59,10.42.0.47,30,3,UPLOAD,0.95,UPLOAD,0.95,1,18235,1.1067135941223818,7,71884.0,79555.0,5,2,0.47467297063504116,0.5253270293649588,0.27556381831487053,0,0,0,1,1,1,1,1,0.85,1.0,1.0,0.4,0.8,trigger,training_upload_trigger_confirmed,1785296271.2508361,1785296271250836259,1384939467535023,59.9,53.36328125,46.941382,1785296271297779101,1384939514476405
2026-07-28T23:37:51.252,10.42.0.1,10.42.0.47,74,2,TRAINING,0.95,TRAINING,0.95,1,7240,0.24313487037726508,42,356876.0,86769.0,34,8,0.8044179467817737,0.19558205321822628,0.002148049080459945,0,0,0,0,1,0,0,0,0.4525,1.0,0.0,0.4,0.15,skip,training_upload_trigger_not_confirmed,1785296271.2525153,1785296271252515336,1384939469214059,59.9,53.36328125,-1.0,0,0
2026-07-28T23:37:51.253,10.42.0.1,10.42.0.1,74,3,UPLOAD,0.95,UPLOAD,0.95,1,5792,0.25936459722912336,43,356876.0,92561.0,34,9,0.7940512240870244,0.20594877591297556,0.002015575043310367,1,0,0,0,1,0,0,0,0.85,1.0,1.0,0.4,0.8,trigger,training_upload_trigger_confirmed,1785296271.253658,1785296271253658136,1384939470357116,59.9,53.36328125,59.230481,1785296271312890345,1384939529587597
2026-07-28T23:37:51.255,10.42.0.1,10.42.0.1,74,3,UPLOAD,0.95,UPLOAD,0.95,1,2896,0.2674794606550525,44,356876.0,95457.0,34,10,0.7889674200202064,0.21103257997979366,0.001961067771615561,1,0,1,0,1,0,0,0,0.85,1.0,1.0,0.4,0.8,skip,attack_already_active,1785296271.25526,1785296271255259990,1384939471958494,59.9,53.36328125,-1.0,0,0
2026-07-28T23:37:51.257,10.42.0.1,10.42.0.1,74,3,UPLOAD,0.95,UPLOAD,0.95,1,11584,0.299938914358769,45,356876.0,107041.0,34,11,0.7692669162802829,0.2307330837197171,0.0019792800333322705,1,0,1,1,1,1,1,1,0.85,1.0,1.0,0.4,0.8,skip,attack_already_active,1785296271.2573593,1785296271257359310,1384939474057875,59.9,53.36328125,-1.0,0,0
2026-07-28T23:37:51.258,10.42.0.1,10.42.0.1,74,3,UPLOAD,0.9557217726363333,UPLOAD,0.9557217726363333,1,2896,0.30805377778469817,46,356876.0,109937.0,34,12,0.7644945620623247,0.23550543793767525,0.0018623535241327554,1,0,1,1,1,1,1,1,0.85,1.0,1.0,0.4,0.8,skip,attack_already_active,1785296271.2584512,1785296271258451176,1384939475149919,59.9,53.36328125,-1.0,0,0
2026-07-28T23:37:51.259,10.42.0.1,10.42.0.1,74,3,UPLOAD,0.95,UPLOAD,0.95,1,11584,0.34051323148841467,47,356876.0,121521.0,34,13,0.7459829388562219,0.2540170611437781,0.0017574104380746807,1,0,1,1,1,1,1,1,0.9299999999999999,1.0,1.0,0.8,0.8,skip,attack_already_active,1785296271.2595172,1785296271259517243,1384939476216014,59.9,53.36328125,-1.0,0,0
2026-07-28T23:37:51.261,10.42.0.1,10.42.0.1,74,3,UPLOAD,0.95,UPLOAD,0.95,1,5792,0.3567429583402729,48,356876.0,127313.0,34,14,0.7370592888314274,0.2629407111685726,0.0017990036137563127,1,0,1,1,1,1,1,1,0.9699999999999999,1.0,1.0,1.0,0.8,skip,attack_already_active,1785296271.2615902,1785296271261590172,1384939478288894,59.9,53.36328125,-1.0,0,0
2026-07-28T23:37:51.262,10.42.0.1,10.42.0.1,74,3,UPLOAD,0.95,UPLOAD,0.95,1,14480,0.39731727546991863,49,356876.0,141793.0,34,15,0.7156570791446831,0.28434292085531687,0.00170646128361355,1,0,1,1,1,1,1,1,0.9699999999999999,1.0,1.0,1.0,0.8,skip,attack_already_active,1785296271.262687,1785296271262687084,1384939479385701,59.9,53.36328125,-1.0,0,0
2026-07-28T23:37:51.264,10.42.0.1,10.42.0.1,74,3,UPLOAD,0.95,UPLOAD,0.95,1,8688,0.42166186574770603,50,356876.0,150481.0,34,16,0.7034021408988148,0.29659785910118514,0.0016912421092436542,1,0,1,1,1,1,1,1,0.9699999999999999,1.0,1.0,1.0,0.8,skip,attack_already_active,1785296271.264278,1785296271264277911,1384939480976533,59.9,53.36328125,-1.0,0,0
2026-07-28T23:37:51.267,10.42.0.1,10.42.0.1,74,3,UPLOAD,0.95,UPLOAD,0.95,1,5792,0.4378915925995643,51,356876.0,156273.0,34,17,0.6954627213538368,0.3045372786461632,0.001829712034705771,1,0,1,1,1,1,1,1,0.9699999999999999,1.0,1.0,1.0,0.8,skip,attack_already_active,1785296271.26702,1785296271267020099,1384939483718930,59.9,53.36328125,-1.0,0,0
2026-07-28T23:37:51.268,10.42.0.1,10.42.0.1,74,3,UPLOAD,0.95,UPLOAD,0.95,1,2798,0.4457318508405,52,356876.0,159071.0,34,18,0.6916912008403964,0.30830879915960363,0.0017395322849535684,1,0,1,1,1,1,1,1,0.9699999999999999,1.0,1.0,1.0,0.8,skip,attack_already_active,1785296271.2681653,1785296271268165253,1384939484863845,59.9,53.36328125,-1.0,0,0
2026-07-28T23:37:51.271,10.42.0.145,10.42.0.1,34,2,TRAINING,0.95,TRAINING,0.95,1,64240,0.811275005053909,7,79184.0,64240.0,6,1,0.5520972780008925,0.4479027219991075,0.1553517065451689,0,0,0,0,1,0,0,0,0.4525,1.0,0.0,0.4,0.15,skip,training_upload_trigger_not_confirmed,1785296271.2718792,1785296271271879277,1384939488578095,59.9,53.36328125,-1.0,0,0
2026-07-28T23:37:51.274,10.42.0.1,10.42.0.1,74,3,UPLOAD,0.95,UPLOAD,0.95,1,14480,0.48630616797014564,53,356876.0,173551.0,34,19,0.6728088879336837,0.3271911120663164,0.002405641733092381,1,0,1,1,1,1,1,1,0.9699999999999999,1.0,1.0,1.0,0.8,skip,attack_already_active,1785296271.2749598,1785296271274959824,1384939491659580,59.9,53.36328125,-1.0,0,0
2026-07-28T23:37:51.276,10.42.0.1,10.42.0.1,74,3,UPLOAD,0.95,UPLOAD,0.95,1,8688,0.510650758247933,54,356876.0,182239.0,34,20,0.6619663708114224,0.3380336291885776,0.002245695562190281,1,0,1,1,1,1,1,1,0.9699999999999999,1.0,1.0,1.0,0.8,skip,attack_already_active,1785296271.2761517,1785296271276151663,1384939492850464,59.9,53.36328125,-1.0,0,0
2026-07-28T23:37:51.277,10.42.0.1,10.42.0.1,74,3,UPLOAD,0.95,UPLOAD,0.95,1,5792,0.5268804850997914,55,356876.0,188031.0,34,21,0.6549301073394176,0.34506989266058247,0.0021002599593368814,1,0,1,1,1,1,1,1,0.9699999999999999,1.0,1.0,1.0,0.8,skip,attack_already_active,1785296271.2772937,1785296271277293611,1384939493992320,59.9,53.36328125,-1.0,0,0
2026-07-28T23:37:51.278,10.42.0.1,10.42.0.1,74,3,UPLOAD,0.95,UPLOAD,0.95,1,2825,0.5347963998712864,56,356876.0,190856.0,34,22,0.6515522189684007,0.3484477810315994,0.001967077209838046,1,0,1,1,1,1,1,1,0.9699999999999999,1.0,1.0,1.0,0.8,skip,attack_already_active,1785296271.2783833,1785296271278383276,1384939495082291,59.9,53.36328125,-1.0,0,0
2026-07-28T23:37:51.391,10.42.0.18,10.42.0.1,55,2,TRAINING,0.95,TRAINING,0.95,1,64240,0.811275005053909,7,79184.0,64240.0,6,1,0.5520972780008925,0.4479027219991075,0.30182120162904,0,0,0,0,1,1,0,0,0.5725,1.0,0.0,1.0,0.15,skip,training_upload_trigger_not_confirmed,1785296271.3914652,1785296271391465265,1384939608165228,59.9,53.36328125,-1.0,0,0
2026-07-28T23:37:51.392,10.42.0.18,10.42.0.1,55,3,UPLOAD,0.95,UPLOAD,0.95,1,15315,1.004685289957508,8,79184.0,79555.0,6,2,0.4988314150901795,0.5011685849098205,0.2622348017717139,0,0,0,1,1,1,1,1,0.9699999999999999,1.0,1.0,1.0,0.8,trigger,training_upload_trigger_confirmed,1785296271.3928761,1785296271392875934,1384939609575013,59.9,53.36328125,21.187696,1785296271414065421,1384939630762709
2026-07-28T23:37:51.396,10.42.0.1,10.42.0.1,74,3,UPLOAD,0.95,UPLOAD,0.95,1,7240,0.5550835584361092,57,356876.0,198096.0,34,23,0.6430522620961058,0.3569477379038942,0.00195496514831169,1,0,1,1,1,1,1,1,0.9699999999999999,1.0,1.0,1.0,0.8,skip,attack_already_active,1785296271.3960483,1785296271396048331,1384939612747690,59.9,53.36328125,-1.0,0,0
2026-07-28T23:37:51.397,10.42.0.1,10.42.0.1,74,3,UPLOAD,0.95,UPLOAD,0.95,1,5792,0.5713132852879675,58,356876.0,203888.0,34,24,0.6364103259125051,0.36358967408749493,0.001857297053272204,1,0,1,1,1,1,1,1,0.9699999999999999,1.0,1.0,1.0,0.8,skip,attack_already_active,1785296271.397262,1785296271397262042,1384939613960676,59.9,53.36328125,-1.0,0,0
2026-07-28T23:37:51.401,10.42.0.1,10.42.0.1,74,3,UPLOAD,0.95,UPLOAD,0.95,1,2896,0.5794281487138966,59,356876.0,206784.0,34,25,0.6331405457190505,0.3668594542809495,0.0022335506622036907,1,0,1,1,1,1,1,1,0.9699999999999999,1.0,1.0,1.0,0.8,skip,attack_already_active,1785296271.4019747,1785296271401974734,1384939618673717,59.9,53.36328125,-1.0,0,0
2026-07-28T23:37:51.404,10.42.0.1,10.42.0.1,74,3,UPLOAD,0.95,UPLOAD,0.95,1,11584,0.6118876024176132,60,356876.0,218368.0,34,26,0.620390651619139,0.37960934838086097,0.00222770102632649,1,0,1,1,1,1,1,1,0.9699999999999999,1.0,1.0,1.0,0.8,skip,attack_already_active,1785296271.4041638,1785296271404163862,1384939620862680,59.9,53.36328125,-1.0,0,0
2026-07-28T23:37:51.405,10.42.0.1,10.42.0.1,74,3,UPLOAD,0.95,UPLOAD,0.95,1,2896,0.6200024658435423,61,356876.0,221264.0,34,27,0.6172830110353894,0.38271698896461065,0.0020835684495028738,1,0,1,1,1,1,1,1,0.9699999999999999,1.0,1.0,1.0,0.8,skip,attack_already_active,1785296271.4052978,1785296271405297564,1384939621996107,59.9,53.36328125,-1.0,0,0
2026-07-28T23:37:51.406,10.42.0.1,10.42.0.1,74,3,UPLOAD,0.95,UPLOAD,0.95,1,11584,0.6524619195472589,62,356876.0,232848.0,34,28,0.605157666976416,0.3948423330235839,0.001955192865819324,1,0,1,1,1,1,1,1,0.9699999999999999,1.0,1.0,1.0,0.8,skip,attack_already_active,1785296271.406407,1785296271406407192,1384939623105846,59.9,53.36328125,-1.0,0,0
2026-07-28T23:37:51.408,10.42.0.1,10.42.0.1,74,3,UPLOAD,0.95,UPLOAD,0.95,1,5792,0.668691646399117,63,356876.0,238640.0,34,29,0.5992718919390915,0.4007281080609085,0.0019708490370758287,1,0,1,1,1,1,1,1,0.9699999999999999,1.0,1.0,1.0,0.8,skip,attack_already_active,1785296271.4084811,1785296271408480999,1384939625179530,59.9,53.36328125,-1.0,0,0
2026-07-28T23:37:51.409,10.42.0.1,10.42.0.1,74,3,UPLOAD,0.95,UPLOAD,0.95,1,14480,0.7092659635287627,64,356876.0,253120.0,34,30,0.5850464593210447,0.4149535406789553,0.0018586151108329189,1,0,1,1,1,1,1,1,0.9699999999999999,1.0,1.0,1.0,0.8,skip,attack_already_active,1785296271.4096003,1785296271409600152,1384939626298735,59.9,53.36328125,-1.0,0,0
2026-07-28T23:37:51.411,10.42.0.1,10.42.0.1,74,3,UPLOAD,0.95,UPLOAD,0.95,1,8688,0.7336105538065502,65,356876.0,261808.0,34,31,0.5768308215502583,0.4231691784497417,0.0018213352278841411,1,0,1,1,1,1,1,1,0.9699999999999999,1.0,1.0,1.0,0.8,skip,attack_already_active,1785296271.411176,1785296271411175847,1384939627874340,59.9,53.36328125,-1.0,0,0
2026-07-28T23:37:51.412,10.42.0.1,10.42.0.1,74,3,UPLOAD,0.95,UPLOAD,0.95,1,5792,0.7498402806584085,66,356876.0,267600.0,34,32,0.5714807294435655,0.4285192705564345,0.0017889364642257914,1,0,1,1,1,1,1,1,0.9699999999999999,1.0,1.0,1.0,0.8,skip,attack_already_active,1785296271.4127514,1785296271412751260,1384939629449787,59.9,53.36328125,-1.0,0,0
2026-07-28T23:37:51.414,10.42.0.1,10.42.0.1,74,3,UPLOAD,0.95,UPLOAD,0.95,1,2798,0.7576805388993441,67,356876.0,270398.0,34,33,0.5689315992692189,0.4310684007307811,0.0017602415157689114,1,0,1,1,1,1,1,1,0.9699999999999999,1.0,1.0,1.0,0.8,skip,attack_already_active,1785296271.4143226,1785296271414322753,1384939631021188,59.9,53.36328125,-1.0,0,0
2026-07-28T23:37:51.896,10.42.0.47,10.42.0.1|10.42.0.47,74,3,UPLOAD,0.95,UPLOAD,0.95,1,7240,0.09141760421365182,18,79197.0,7240.0,17,1,0.9162395733308653,0.08376042666913475,0.195774970804082,1,0,0,1,1,1,1,1,0.9699999999999999,1.0,1.0,1.0,0.8,trigger,training_upload_trigger_confirmed,1785296271.8964386,1785296271896438626,1384940113137495,83.0,53.36328125,6.480473,1785296271902920506,1384940119617968
2026-07-28T23:37:51.902,10.42.0.47,10.42.0.1|10.42.0.47,74,3,UPLOAD,0.95,UPLOAD,0.95,1,7240,0.1828352084146769,19,79197.0,14480.0,17,2,0.8454263052830471,0.15457369471695293,0.17078582817593302,1,0,1,1,1,1,1,1,0.9699999999999999,1.0,1.0,1.0,0.8,skip,attack_already_active,1785296271.9025779,1785296271902577992,1384940119277127,83.0,53.36328125,-1.0,0,0
2026-07-28T23:37:51.903,10.42.0.47,10.42.0.1|10.42.0.47,74,3,UPLOAD,0.9827856166486795,UPLOAD,0.9827856166486795,1,4344,0.23768577093529195,20,79197.0,18824.0,17,3,0.8079595188786076,0.19204048112139235,0.14842186938892227,1,0,1,1,1,1,1,1,0.9699999999999999,1.0,1.0,1.0,0.8,skip,attack_already_active,1785296271.9036498,1785296271903649782,1384940120348748,83.0,53.36328125,-1.0,0,0
2026-07-28T23:37:51.906,10.42.0.47,10.42.0.1|10.42.0.47,74,3,UPLOAD,0.9842283506312849,UPLOAD,0.9842283506312849,1,5792,0.31081985429611203,21,79197.0,24616.0,17,4,0.7628813347075992,0.23711866529240075,0.12920547859365666,1,0,1,1,1,1,1,1,0.9699999999999999,1.0,1.0,1.0,0.8,skip,attack_already_active,1785296271.9062438,1785296271906243873,1384940122942910,83.0,53.36328125,-1.0,0,0
2026-07-28T23:37:51.907,10.42.0.47,10.42.0.1|10.42.0.47,74,3,UPLOAD,0.9842590008488418,UPLOAD,0.9842590008488418,1,1448,0.32910337513631704,22,79197.0,26064.0,17,5,0.7523869239319406,0.2476130760680594,0.11231748086676473,1,0,1,1,1,1,1,1,0.9699999999999999,1.0,1.0,1.0,0.8,skip,attack_already_active,1785296271.907291,1785296271907290884,1384940123989456,83.0,53.36328125,-1.0,0,0
2026-07-28T23:37:51.911,10.42.0.47,10.42.0.1|10.42.0.47,74,3,UPLOAD,0.9842595632245429,UPLOAD,0.9842595632245429,1,2896,0.44748675001240035,21,64717.0,28960.0,15,6,0.6908526105660941,0.30914738943390585,0.0980966512781408,1,0,1,1,1,1,1,1,0.9699999999999999,1.0,1.0,1.0,0.8,skip,attack_already_active,1785296271.9116905,1785296271911690438,1384940128389407,83.0,53.36328125,-1.0,0,0
2026-07-28T23:37:51.912,10.42.0.47,10.42.0.1|10.42.0.47,74,3,UPLOAD,0.9842595702371604,UPLOAD,0.9842595702371604,1,5792,0.5369841000117901,22,64717.0,34752.0,15,7,0.6506248177824246,0.3493751822175753,0.08531299812493148,1,0,1,1,1,1,1,1,0.9699999999999999,1.0,1.0,1.0,0.8,skip,attack_already_active,1785296271.9127755,1785296271912775522,1384940129474350,83.0,53.36328125,-1.0,0,0
2026-07-28T23:37:51.915,10.42.0.47,10.42.0.1|10.42.0.47,74,3,UPLOAD,0.984259570181381,UPLOAD,0.984259570181381,1,8688,0.6712301250108745,23,64717.0,43440.0,15,8,0.5983616409478814,0.4016383590521187,0.07438003971790572,1,0,1,1,1,1,1,1,0.9699999999999999,1.0,1.0,1.0,0.8,skip,attack_already_active,1785296271.9151213,1785296271915121535,1384940131820451,83.0,53.36328125,-1.0,0,0
2026-07-28T23:37:51.916,10.42.0.47,10.42.0.1|10.42.0.47,74,3,UPLOAD,0.9842595701726963,UPLOAD,0.9842595701726963,1,4344,0.7383531375104169,24,64717.0,47784.0,15,9,0.5752571088256994,0.4247428911743007,0.06472112777478196,1,0,1,1,1,1,1,1,0.9699999999999999,1.0,1.0,1.0,0.8,skip,attack_already_active,1785296271.9162025,1785296271916202552,1384940132901318,83.0,53.36328125,-1.0,0,0
2026-07-28T23:37:51.917,10.42.0.47,10.42.0.1|10.42.0.47,74,3,UPLOAD,0.9842595701722561,UPLOAD,0.9842595701722561,1,7240,0.9337971998314163,23,58925.0,55024.0,13,10,0.5171173068653521,0.48288269313464793,0.0563743170915237,1,0,1,1,1,1,1,1,0.9699999999999999,1.0,1.0,1.0,0.8,skip,attack_already_active,1785296271.917582,1785296271917582175,1384940134281299,83.0,53.36328125,-1.0,0,0
2026-07-28T23:37:51.923,10.42.0.47,10.42.0.1|10.42.0.47,74,3,UPLOAD,0.9842595701722385,UPLOAD,0.9842595701722385,1,5792,1.368342895705516,19,44445.0,60816.0,8,11,0.4222361558411947,0.5777638441588052,0.04976206749812987,1,0,1,1,1,1,1,1,0.9699999999999999,1.0,1.0,1.0,0.8,skip,attack_already_active,1785296271.9237778,1785296271923777842,1384940140477887,83.0,53.36328125,-1.0,0,0
2026-07-28T23:37:51.925,10.42.0.47,10.42.0.1|10.42.0.47,74,3,UPLOAD,0.9842595701722379,UPLOAD,0.9842595701722379,1,2896,1.433502081214231,20,44445.0,63712.0,8,12,0.4109304067235593,0.5890695932764407,0.04342072409134391,1,0,1,1,1,1,1,1,0.9699999999999999,1.0,1.0,1.0,0.8,skip,attack_already_active,1785296271.9254172,1785296271925417206,1384940142117789,83.0,53.36328125,-1.0,0,0
2026-07-28T23:37:51.926,10.42.0.47,10.42.0.1|10.42.0.47,74,3,UPLOAD,0.9842595701722379,UPLOAD,0.9842595701722379,1,2896,1.498661266722946,21,44445.0,66608.0,8,13,0.40021431208522057,0.5997856879147794,0.037855283210845796,1,0,1,1,1,1,1,1,0.9699999999999999,1.0,1.0,1.0,0.8,skip,attack_already_active,1785296271.9266033,1785296271926603359,1384940143302170,83.0,53.36328125,-1.0,0,0
2026-07-28T23:37:51.931,10.42.0.47,10.42.0.1|10.42.0.47,74,3,UPLOAD,0.9842595701722379,UPLOAD,0.9842595701722379,1,12947,2.4209549313343794,20,32861.0,79555.0,6,14,0.29231604042129233,0.7076839595787077,0.033457666281649805,1,0,1,1,1,1,1,1,0.9699999999999999,1.0,1.0,1.0,0.8,skip,attack_already_active,1785296271.9310863,1785296271931086369,1384940147785090,83.0,53.36328125,-1.0,0,0
2026-07-28T23:37:51.932,10.42.0.1,10.42.0.1|10.42.0.47,74,3,UPLOAD,0.95,UPLOAD,0.95,1,7240,100.0,27,0.0,198109.0,0,27,0.0,1.0,0.0061072903173320925,1,0,1,1,1,1,1,1,0.9699999999999999,1.0,1.0,1.0,0.8,skip,attack_already_active,1785296271.9326777,1785296271932677543,1384940149377251,83.0,53.36328125,-1.0,0,0
2026-07-28T23:37:51.933,10.42.0.1,10.42.0.1|10.42.0.47,74,3,UPLOAD,0.9767716001914309,UPLOAD,0.9767716001914309,1,5792,100.0,28,0.0,203901.0,0,28,0.0,1.0,0.005448785174411216,1,0,1,1,1,1,1,1,0.9699999999999999,1.0,1.0,1.0,0.8,skip,attack_already_active,1785296271.9337878,1785296271933787851,1384940150486981,83.0,53.36328125,-1.0,0,0
2026-07-28T23:37:51.947,10.42.0.1,10.42.0.1|10.42.0.47,74,3,UPLOAD,0.9852840565753098,UPLOAD,0.9852840565753098,1,1448,100.0,29,0.0,205349.0,0,29,0.0,1.0,0.006473502107433207,1,0,1,1,1,1,1,1,0.9699999999999999,1.0,1.0,1.0,0.8,skip,attack_already_active,1785296271.947013,1785296271947012787,1384940163711343,83.0,53.36328125,-1.0,0,0
2026-07-28T23:37:51.995,10.42.0.1,10.42.0.1|10.42.0.47,74,3,UPLOAD,0.9855036987440491,UPLOAD,0.9855036987440491,1,14480,100.0,30,0.0,219829.0,0,30,0.0,1.0,0.01207103429527348,1,0,1,1,1,1,1,1,0.9699999999999999,1.0,1.0,1.0,0.8,skip,attack_already_active,1785296271.9959645,1785296271995964466,1384940212662777,83.0,53.36328125,-1.0,0,0
2026-07-28T23:37:51.996,10.42.0.1,10.42.0.1|10.42.0.47,74,3,UPLOAD,0.9855086362099529,UPLOAD,0.9855086362099529,1,14480,100.0,31,0.0,234309.0,0,31,0.0,1.0,0.01059021567900643,1,0,1,1,1,1,1,1,0.9699999999999999,1.0,1.0,1.0,0.8,skip,attack_already_active,1785296271.996798,1785296271996797964,1384940213496405,83.0,53.36328125,-1.0,0,0
2026-07-28T23:37:51.997,10.42.0.1,10.42.0.1|10.42.0.47,74,3,UPLOAD,0.9855087254156224,UPLOAD,0.9855087254156224,1,1448,100.0,32,0.0,235757.0,0,32,0.0,1.0,0.009343771583799862,1,0,1,1,1,1,1,1,0.9699999999999999,1.0,1.0,1.0,0.8,skip,attack_already_active,1785296271.9979293,1785296271997929105,1384940214627427,83.0,53.36328125,-1.0,0,0
2026-07-28T23:37:51.999,10.42.0.1,10.42.0.1|10.42.0.47,74,3,UPLOAD,0.9855087262015574,UPLOAD,0.9855087262015574,1,14480,100.0,33,0.0,250237.0,0,33,0.0,1.0,0.008350111460290091,1,0,1,1,1,1,1,1,0.9699999999999999,1.0,1.0,1.0,0.8,skip,attack_already_active,1785296271.9997325,1785296271999732491,1384940216430935,83.0,53.36328125,-1.0,0,0
2026-07-28T23:37:52.000,10.42.0.1,10.42.0.1|10.42.0.47,74,3,UPLOAD,0.9855087261684053,UPLOAD,0.9855087261684053,1,14480,100.0,34,0.0,264717.0,0,34,0.0,1.0,0.007376046816884679,1,0,1,1,1,1,1,1,0.9699999999999999,1.0,1.0,1.0,0.8,skip,attack_already_active,1785296272.0006907,1785296272000690753,1384940217389072,83.0,53.36328125,-1.0,0,0
2026-07-28T23:37:52.002,10.42.0.1,10.42.0.1|10.42.0.47,74,3,UPLOAD,0.9855087261657904,UPLOAD,0.9855087261657904,1,5694,100.0,35,0.0,270411.0,0,35,0.0,1.0,0.006589812317116881,1,0,1,1,1,1,1,1,0.9699999999999999,1.0,1.0,1.0,0.8,skip,attack_already_active,1785296272.0021002,1785296272002100158,1384940218798555,83.0,53.36328125,-1.0,0,0
2026-07-28T23:37:52.804,10.42.0.210,10.42.0.1|10.42.0.47,73,3,UPLOAD,0.95,UPLOAD,0.95,1,1448,100.0,1,0.0,1448.0,0,1,0.0,1.0,0.32080022046637796,0,0,0,1,1,1,1,1,0.9525,0.95,1.0,1.0,0.8,trigger,training_upload_trigger_confirmed,1785296272.8040962,1785296272804096153,1384941020795132,7.0,53.36328125,9.441375,1785296272813539133,1384941030236507
2026-07-28T23:37:52.805,10.42.0.210,10.42.0.1|10.42.0.47,73,3,UPLOAD,0.9841010226033655,UPLOAD,0.9841010226033655,1,1448,100.0,2,0.0,2896.0,0,2,0.0,1.0,0.27872364667984445,0,0,1,1,1,1,1,1,0.9699999999999999,1.0,1.0,1.0,0.8,skip,attack_already_active,1785296272.805589,1785296272805588948,1384941022287677,7.0,53.36328125,-1.0,0,0
2026-07-28T23:37:52.807,10.42.0.210,10.42.0.1|10.42.0.47,73,3,UPLOAD,0.9854688349332961,UPLOAD,0.9854688349332961,1,1448,100.0,3,0.0,4344.0,0,3,0.0,1.0,0.24221402888185758,0,0,1,1,1,1,1,1,0.9699999999999999,1.0,1.0,1.0,0.8,skip,attack_already_active,1785296272.8072512,1785296272807251240,1384941023949930,7.0,53.36328125,-1.0,0,0
2026-07-28T23:37:52.808,10.42.0.210,10.42.0.1|10.42.0.47,73,3,UPLOAD,0.9855076450773014,UPLOAD,0.9855076450773014,1,1448,100.0,4,0.0,5792.0,0,4,0.0,1.0,0.21050463896116406,0,0,1,1,1,1,1,1,0.9699999999999999,1.0,1.0,1.0,0.8,skip,attack_already_active,1785296272.8088315,1785296272808831392,1384941025529905,7.0,53.36328125,-1.0,0,0
2026-07-28T23:37:52.810,10.42.0.210,10.42.0.1|10.42.0.47,73,3,UPLOAD,0.9855086980780915,UPLOAD,0.9855086980780915,1,1448,100.0,5,0.0,7240.0,0,5,0.0,1.0,0.18298598987067607,0,0,1,1,1,1,1,1,0.9699999999999999,1.0,1.0,1.0,0.8,skip,attack_already_active,1785296272.8105047,1785296272810504696,1384941027204184,7.0,53.36328125,-1.0,0,0
2026-07-28T23:37:52.812,10.42.0.210,10.42.0.1|10.42.0.47,73,3,UPLOAD,0.9855087254685951,UPLOAD,0.9855087254685951,1,1448,100.0,6,0.0,8688.0,0,6,0.0,1.0,0.15910968189642333,0,0,1,1,1,1,1,1,0.9699999999999999,1.0,1.0,1.0,0.8,skip,attack_already_active,1785296272.8123,1785296272812299999,1384941028999239,7.0,53.36328125,-1.0,0,0
2026-07-28T23:37:52.813,10.42.0.210,10.42.0.1|10.42.0.47,73,3,UPLOAD,0.9855087261493067,UPLOAD,0.9855087261493067,1,1448,100.0,7,0.0,10136.0,0,7,0.0,1.0,0.1383375622967287,0,0,1,1,1,1,1,1,0.9699999999999999,1.0,1.0,1.0,0.8,skip,attack_already_active,1785296272.8137758,1785296272813775800,1384941030474131,7.0,53.36328125,-1.0,0,0
2026-07-28T23:37:52.814,10.42.0.210,10.42.0.1|10.42.0.47,73,3,UPLOAD,0.9855087261653082,UPLOAD,0.9855087261653082,1,1448,100.0,8,0.0,11584.0,0,8,0.0,1.0,0.12024678602309133,0,0,1,1,1,1,1,1,0.9699999999999999,1.0,1.0,1.0,0.8,skip,attack_already_active,1785296272.8148274,1785296272814827430,1384941031525777,7.0,53.36328125,-1.0,0,0
2026-07-28T23:37:52.815,10.42.0.210,10.42.0.1|10.42.0.47,73,3,UPLOAD,0.985508726165656,UPLOAD,0.985508726165656,1,1448,100.0,9,0.0,13032.0,0,9,0.0,1.0,0.10452354367494854,0,0,1,1,1,1,1,1,0.9699999999999999,1.0,1.0,1.0,0.8,skip,attack_already_active,1785296272.815755,1785296272815754885,1384941032453238,7.0,53.36328125,-1.0,0,0
2026-07-28T23:37:52.817,10.42.0.210,10.42.0.1|10.42.0.47,73,3,UPLOAD,0.9855087261656625,UPLOAD,0.9855087261656625,1,1448,100.0,10,0.0,14480.0,0,10,0.0,1.0,0.09091796708807508,0,0,1,1,1,1,1,1,0.9699999999999999,1.0,1.0,1.0,0.8,skip,attack_already_active,1785296272.8170295,1785296272817029286,1384941033727609,7.0,53.36328125,-1.0,0,0
2026-07-28T23:37:52.817,10.42.0.210,10.42.0.1|10.42.0.47,73,3,UPLOAD,0.95,UPLOAD,0.95,1,1448,100.0,11,0.0,15928.0,0,11,0.0,1.0,0.07906045679970944,0,0,1,1,1,1,1,1,0.9699999999999999,1.0,1.0,1.0,0.8,skip,attack_already_active,1785296272.817964,1785296272817964122,1384941034662469,7.0,53.36328125,-1.0,0,0
2026-07-28T23:37:52.818,10.42.0.210,10.42.0.1|10.42.0.47,73,3,UPLOAD,0.95,UPLOAD,0.95,1,1448,100.0,12,0.0,17376.0,0,12,0.0,1.0,0.06876251038746506,0,0,1,1,1,1,1,1,0.9699999999999999,1.0,1.0,1.0,0.8,skip,attack_already_active,1785296272.8188763,1785296272818876151,1384941035574401,7.0,53.36328125,-1.0,0,0
2026-07-28T23:37:52.819,10.42.0.210,10.42.0.1|10.42.0.47,73,3,UPLOAD,0.95,UPLOAD,0.95,1,1448,100.0,13,0.0,18824.0,0,13,0.0,1.0,0.0598245550540501,0,0,1,1,1,1,1,1,0.9699999999999999,1.0,1.0,1.0,0.8,skip,attack_already_active,1785296272.819811,1785296272819811000,1384941036509319,7.0,53.36328125,-1.0,0,0
2026-07-28T23:37:52.820,10.42.0.210,10.42.0.1|10.42.0.47,73,3,UPLOAD,0.95,UPLOAD,0.95,1,1448,100.0,14,0.0,20272.0,0,14,0.0,1.0,0.05207567291264106,0,0,1,1,1,1,1,1,0.9699999999999999,1.0,1.0,1.0,0.8,skip,attack_already_active,1785296272.8208315,1785296272820831554,1384941037529770,7.0,53.36328125,-1.0,0,0
2026-07-28T23:37:52.821,10.42.0.210,10.42.0.1|10.42.0.47,73,3,UPLOAD,0.95,UPLOAD,0.95,1,1448,100.0,15,0.0,21720.0,0,15,0.0,1.0,0.04533658530573408,0,0,1,1,1,1,1,1,0.9699999999999999,1.0,1.0,1.0,0.8,skip,attack_already_active,1785296272.8217661,1785296272821766121,1384941038464287,7.0,53.36328125,-1.0,0,0
2026-07-28T23:37:52.822,10.42.0.210,10.42.0.1|10.42.0.47,73,3,UPLOAD,0.95,UPLOAD,0.95,1,1448,100.0,16,0.0,23168.0,0,16,0.0,1.0,0.03948057342624581,0,0,1,1,1,1,1,1,0.9699999999999999,1.0,1.0,1.0,0.8,skip,attack_already_active,1785296272.822663,1785296272822663117,1384941039361282,7.0,53.36328125,-1.0,0,0
2026-07-28T23:37:52.823,10.42.0.210,10.42.0.1|10.42.0.47,73,3,UPLOAD,0.95,UPLOAD,0.95,1,1448,100.0,17,0.0,24616.0,0,17,0.0,1.0,0.03440264356763933,0,0,1,1,1,1,1,1,0.9699999999999999,1.0,1.0,1.0,0.8,skip,attack_already_active,1785296272.8236086,1785296272823608483,1384941040306731,7.0,53.36328125,-1.0,0,0
2026-07-28T23:37:52.824,10.42.0.210,10.42.0.1|10.42.0.47,73,3,UPLOAD,0.95,UPLOAD,0.95,1,1448,100.0,18,0.0,26064.0,0,18,0.0,1.0,0.029995928772477577,0,0,1,1,1,1,1,1,0.9699999999999999,1.0,1.0,1.0,0.8,skip,attack_already_active,1785296272.82457,1785296272824569754,1384941041268289,7.0,53.36328125,-1.0,0,0
2026-07-28T23:37:52.825,10.42.0.210,10.42.0.1|10.42.0.47,73,3,UPLOAD,0.95,UPLOAD,0.95,1,1448,100.0,19,0.0,27512.0,0,19,0.0,1.0,0.026134373306845492,0,0,1,1,1,1,1,1,0.9699999999999999,1.0,1.0,1.0,0.8,skip,attack_already_active,1785296272.8252616,1785296272825261567,1384941041959940,7.0,53.36328125,-1.0,0,0
2026-07-28T23:37:52.826,10.42.0.210,10.42.0.1|10.42.0.47,73,3,UPLOAD,0.95,UPLOAD,0.95,1,1448,100.0,20,0.0,28960.0,0,20,0.0,1.0,0.02283357394101089,0,0,1,1,1,1,1,1,0.9699999999999999,1.0,1.0,1.0,0.8,skip,attack_already_active,1785296272.826347,1785296272826346989,1384941043045322,7.0,53.36328125,-1.0,0,0
2026-07-28T23:37:52.827,10.42.0.210,10.42.0.1|10.42.0.47,73,3,UPLOAD,0.95,UPLOAD,0.95,1,1448,100.0,21,0.0,30408.0,0,21,0.0,1.0,0.01991693359041983,0,0,1,1,1,1,1,1,0.9699999999999999,1.0,1.0,1.0,0.8,skip,attack_already_active,1785296272.827047,1785296272827047165,1384941043745323,7.0,53.36328125,-1.0,0,0
2026-07-28T23:37:52.827,10.42.0.210,10.42.0.1|10.42.0.47,73,3,UPLOAD,0.95,UPLOAD,0.95,1,1448,100.0,22,0.0,31856.0,0,22,0.0,1.0,0.0174144471627204,0,0,1,1,1,1,1,1,0.9699999999999999,1.0,1.0,1.0,0.8,skip,attack_already_active,1785296272.8279734,1785296272827973308,1384941044671587,7.0,53.36328125,-1.0,0,0
2026-07-28T23:37:52.829,10.42.0.210,10.42.0.1|10.42.0.47,73,3,UPLOAD,0.95,UPLOAD,0.95,1,1448,100.0,23,0.0,33304.0,0,23,0.0,1.0,0.01525639651859115,0,0,1,1,1,1,1,1,0.9699999999999999,1.0,1.0,1.0,0.8,skip,attack_already_active,1785296272.829011,1785296272829011030,1384941045709671,7.0,53.36328125,-1.0,0,0
2026-07-28T23:37:52.830,10.42.0.210,10.42.0.1|10.42.0.47,73,3,UPLOAD,0.95,UPLOAD,0.95,1,1448,100.0,24,0.0,34752.0,0,24,0.0,1.0,0.013492431697491532,0,0,1,1,1,1,1,1,0.9699999999999999,1.0,1.0,1.0,0.8,skip,attack_already_active,1785296272.830881,1785296272830881119,1384941047580241,7.0,53.36328125,-1.0,0,0
2026-07-28T23:37:52.832,10.42.0.210,10.42.0.1|10.42.0.47,73,3,UPLOAD,0.95,UPLOAD,0.95,1,1448,100.0,25,0.0,36200.0,0,25,0.0,1.0,0.011864554987553816,0,0,1,1,1,1,1,1,0.9699999999999999,1.0,1.0,1.0,0.8,skip,attack_already_active,1785296272.83202,1785296272832019866,1384941048718810,7.0,53.36328125,-1.0,0,0
2026-07-28T23:37:52.833,10.42.0.210,10.42.0.1|10.42.0.47,73,3,UPLOAD,0.95,UPLOAD,0.95,1,1448,100.0,26,0.0,37648.0,0,26,0.0,1.0,0.010501333166969688,0,0,1,1,1,1,1,1,0.9699999999999999,1.0,1.0,1.0,0.8,skip,attack_already_active,1785296272.8335395,1785296272833539632,1384941050238149,7.0,53.36328125,-1.0,0,0
2026-07-28T23:37:52.834,10.42.0.210,10.42.0.1|10.42.0.47,73,3,UPLOAD,0.95,UPLOAD,0.95,1,1448,100.0,27,0.0,39096.0,0,27,0.0,1.0,0.009279262762660178,0,0,1,1,1,1,1,1,0.9699999999999999,1.0,1.0,1.0,0.8,skip,attack_already_active,1785296272.8347669,1785296272834766882,1384941051465143,7.0,53.36328125,-1.0,0,0
2026-07-28T23:37:52.835,10.42.0.210,10.42.0.1|10.42.0.47,73,3,UPLOAD,0.95,UPLOAD,0.95,1,1448,100.0,28,0.0,40544.0,0,28,0.0,1.0,0.008151939150502057,0,0,1,1,1,1,1,1,0.9699999999999999,1.0,1.0,1.0,0.8,skip,attack_already_active,1785296272.8354912,1785296272835491025,1384941052189396,7.0,53.36328125,-1.0,0,0
2026-07-28T23:37:52.836,10.42.0.210,10.42.0.1|10.42.0.47,73,3,UPLOAD,0.95,UPLOAD,0.95,1,1448,100.0,29,0.0,41992.0,0,29,0.0,1.0,0.007256487169718011,0,0,1,1,1,1,1,1,0.9699999999999999,1.0,1.0,1.0,0.8,skip,attack_already_active,1785296272.8368478,1785296272836847945,1384941053546895,7.0,53.36328125,-1.0,0,0
2026-07-28T23:37:52.837,10.42.0.210,10.42.0.1|10.42.0.47,73,3,UPLOAD,0.95,UPLOAD,0.95,1,1448,100.0,30,0.0,43440.0,0,30,0.0,1.0,0.0064049504763897215,0,0,1,1,1,1,1,1,0.9699999999999999,1.0,1.0,1.0,0.8,skip,attack_already_active,1785296272.8376422,1785296272837642240,1384941054340902,7.0,53.36328125,-1.0,0,0
2026-07-28T23:37:52.838,10.42.0.210,10.42.0.1|10.42.0.47,73,3,UPLOAD,0.95,UPLOAD,0.95,1,1448,100.0,31,0.0,44888.0,0,31,0.0,1.0,0.005732480979344399,0,0,1,1,1,1,1,1,0.9699999999999999,1.0,1.0,1.0,0.8,skip,attack_already_active,1785296272.838944,1785296272838943950,1384941055642436,7.0,53.36328125,-1.0,0,0
2026-07-28T23:37:52.840,10.42.0.210,10.42.0.1|10.42.0.47,73,3,UPLOAD,0.95,UPLOAD,0.95,1,1448,100.0,32,0.0,46336.0,0,32,0.0,1.0,0.0051242458273185595,0,0,1,1,1,1,1,1,0.9699999999999999,1.0,1.0,1.0,0.8,skip,attack_already_active,1785296272.8400607,1785296272840060759,1384941056759034,7.0,53.36328125,-1.0,0,0
2026-07-28T23:37:52.840,10.42.0.210,10.42.0.1|10.42.0.47,73,3,UPLOAD,0.95,UPLOAD,0.95,1,1448,100.0,33,0.0,47784.0,0,33,0.0,1.0,0.004537001421476855,0,0,1,1,1,1,1,1,0.9699999999999999,1.0,1.0,1.0,0.8,skip,attack_already_active,1785296272.8407285,1785296272840728673,1384941057426890,7.0,53.36328125,-1.0,0,0
2026-07-28T23:37:52.841,10.42.0.210,10.42.0.1|10.42.0.47,73,3,UPLOAD,0.95,UPLOAD,0.95,1,1448,100.0,34,0.0,49232.0,0,34,0.0,1.0,0.004030156913497997,0,0,1,1,1,1,1,1,0.9699999999999999,1.0,1.0,1.0,0.8,skip,attack_already_active,1785296272.8414192,1785296272841419150,1384941058117485,7.0,53.36328125,-1.0,0,0
2026-07-28T23:37:52.842,10.42.0.210,10.42.0.1|10.42.0.47,73,3,UPLOAD,0.95,UPLOAD,0.95,1,1448,100.0,35,0.0,50680.0,0,35,0.0,1.0,0.003583975162401966,0,0,1,1,1,1,1,1,0.9699999999999999,1.0,1.0,1.0,0.8,skip,attack_already_active,1785296272.8420634,1785296272842063432,1384941058761997,7.0,53.36328125,-1.0,0,0
2026-07-28T23:37:52.844,10.42.0.1,10.42.0.1|10.42.0.47,74,3,UPLOAD,0.9825878165093958,UPLOAD,0.9825878165093958,1,7240,100.0,10,0.0,86782.0,0,10,0.0,1.0,0.07419977165424593,1,0,1,1,1,1,1,1,0.9699999999999999,1.0,1.0,1.0,0.8,skip,attack_already_active,1785296272.8448615,1785296272844861404,1384941061560258,7.0,53.36328125,-1.0,0,0
2026-07-28T23:37:52.845,10.42.0.1,10.42.0.1|10.42.0.47,74,3,UPLOAD,0.9823308383147674,UPLOAD,0.9823308383147674,1,7240,100.0,11,0.0,94022.0,0,11,0.0,1.0,0.06451425221642916,1,0,1,1,1,1,1,1,0.9699999999999999,1.0,1.0,1.0,0.8,skip,attack_already_active,1785296272.8455606,1785296272845560532,1384941062258604,7.0,53.36328125,-1.0,0,0
2026-07-28T23:37:52.869,10.42.0.1,10.42.0.1|10.42.0.47,74,3,UPLOAD,0.9820609382557987,UPLOAD,0.9820609382557987,1,1448,100.0,12,0.0,95470.0,0,12,0.0,1.0,0.05921376534530991,1,0,1,1,1,1,1,1,0.9699999999999999,1.0,1.0,1.0,0.8,skip,attack_already_active,1785296272.8698509,1785296272869850850,1384941086549412,7.0,53.36328125,-1.0,0,0
2026-07-28T23:37:52.917,10.42.0.1,10.42.0.1|10.42.0.47,74,3,UPLOAD,0.9818074867363885,UPLOAD,0.9818074867363885,1,10136,100.0,13,0.0,105606.0,0,13,0.0,1.0,0.057662667537632606,1,0,1,1,1,1,1,1,0.9699999999999999,1.0,1.0,1.0,0.8,skip,attack_already_active,1785296272.9172938,1785296272917293835,1384941133992536,7.0,53.36328125,-1.0,0,0
2026-07-28T23:37:52.918,10.42.0.1,10.42.0.1|10.42.0.47,74,3,UPLOAD,0.9818045440852745,UPLOAD,0.9818045440852745,1,14480,100.0,14,0.0,120086.0,0,14,0.0,1.0,0.05023737331262174,1,0,1,1,1,1,1,1,0.9699999999999999,1.0,1.0,1.0,0.8,skip,attack_already_active,1785296272.918608,1785296272918607870,1384941135306290,7.0,53.36328125,-1.0,0,0
2026-07-28T23:37:52.919,10.42.0.1,10.42.0.1|10.42.0.47,74,3,UPLOAD,0.9818001102380517,UPLOAD,0.9818001102380517,1,5792,100.0,15,0.0,125878.0,0,15,0.0,1.0,0.043706061681653335,1,0,1,1,1,1,1,1,0.9699999999999999,1.0,1.0,1.0,0.8,skip,attack_already_active,1785296272.919281,1785296272919280925,1384941135978942,7.0,53.36328125,-1.0,0,0
2026-07-28T23:37:52.920,10.42.0.1,10.42.0.1|10.42.0.47,74,3,UPLOAD,0.9815803642461792,UPLOAD,0.9815803642461792,1,14480,100.0,16,0.0,140358.0,0,16,0.0,1.0,0.03807402225624086,1,0,1,1,1,1,1,1,0.9699999999999999,1.0,1.0,1.0,0.8,skip,attack_already_active,1785296272.920247,1785296272920247064,1384941136945172,7.0,53.36328125,-1.0,0,0
2026-07-28T23:37:52.922,10.42.0.1,10.42.0.1|10.42.0.47,74,3,UPLOAD,0.9812930612422625,UPLOAD,0.9812930612422625,1,5792,100.0,17,0.0,146150.0,0,17,0.0,1.0,0.03330107770085596,1,0,1,1,1,1,1,1,0.9699999999999999,1.0,1.0,1.0,0.8,skip,attack_already_active,1785296272.9221005,1785296272922100409,1384941138799148,7.0,53.36328125,-1.0,0,0
2026-07-28T23:37:52.922,10.42.0.1,10.42.0.1|10.42.0.47,74,3,UPLOAD,0.9810235770883529,UPLOAD,0.9810235770883529,1,12922,100.0,18,0.0,159072.0,0,18,0.0,1.0,0.029013601740295703,1,0,1,1,1,1,1,1,0.9699999999999999,1.0,1.0,1.0,0.8,skip,attack_already_active,1785296272.9228652,1785296272922865209,1384941139563377,7.0,53.36328125,-1.0,0,0
2026-07-28T23:37:53.223,10.42.0.1,,75,1,DOWNLOAD,0.9748584113241721,DOWNLOAD,0.9748584113241721,-1,1448,54.92403311193091,10,1448.0,79530.0,1,9,0.017881399886388896,0.9821186001136111,0.14389725119235786,0,0,0,0,1,0,0,0,0.44,0.8500000000000001,0.0,0.6000000000000001,0.15,skip,training_upload_trigger_not_confirmed,1785296273.2235699,1785296273223569849,1384941440268724,48.1,53.36328125,-1.0,0,0
2026-07-28T23:37:53.227,10.42.0.1,,75,1,DOWNLOAD,0.95,DOWNLOAD,0.95,-1,5792,10.984806628455136,11,7240.0,79530.0,2,9,0.08343897660481733,0.9165610233951826,0.1254501370451201,0,0,0,0,1,0,0,0,0.44,0.8500000000000001,0.0,0.6000000000000001,0.15,skip,training_upload_trigger_not_confirmed,1785296273.227477,1785296273227476898,1384941444175489,48.1,53.36328125,-1.0,0,0
2026-07-28T23:37:53.228,10.42.0.1,,75,1,DOWNLOAD,0.95,DOWNLOAD,0.95,-1,7240,5.492403314606878,12,14480.0,79530.0,3,9,0.1540261674289969,0.8459738325710031,0.10901750568151847,0,0,0,0,1,0,0,0,0.44,0.8500000000000001,0.0,0.6000000000000001,0.15,skip,training_upload_trigger_not_confirmed,1785296273.2282245,1785296273228224591,1384941444923058,48.1,53.36328125,-1.0,0,0
2026-07-28T23:37:53.230,10.42.0.1,,75,1,DOWNLOAD,0.95,DOWNLOAD,0.95,-1,7240,3.6616022098222096,13,21720.0,79530.0,4,9,0.21451851851851853,0.7854814814814814,0.09493953449585738,0,0,0,0,1,0,0,0,0.4,0.8500000000000001,0.0,0.4,0.15,skip,training_upload_trigger_not_confirmed,1785296273.2304082,1785296273230408144,1384941447108842,48.1,53.36328125,-1.0,0,0
2026-07-28T23:37:53.231,10.42.0.1,,75,1,DOWNLOAD,0.95,DOWNLOAD,0.95,-1,7240,2.746201657398266,14,28960.0,79530.0,5,9,0.26693704488892983,0.7330629551110701,0.08256628500032559,0,0,0,0,1,0,0,0,0.4,0.8500000000000001,0.0,0.4,0.15,skip,training_upload_trigger_not_confirmed,1785296273.2314506,1785296273231450722,1384941448149458,48.1,53.36328125,-1.0,0,0
2026-07-28T23:37:53.232,10.42.0.1,,75,1,DOWNLOAD,0.95,DOWNLOAD,0.95,-1,7240,2.1969613259337852,15,36200.0,79530.0,6,9,0.31279702756415795,0.687202972435842,0.07187510138904762,0,0,0,0,1,0,0,0,0.4,0.8500000000000001,0.0,0.4,0.15,skip,training_upload_trigger_not_confirmed,1785296273.2328844,1785296273232884369,1384941449582521,48.1,53.36328125,-1.0,0,0
2026-07-28T23:37:53.233,10.42.0.1,,75,1,DOWNLOAD,0.95,DOWNLOAD,0.95,-1,7240,1.8308011049532502,16,43440.0,79530.0,7,9,0.3532568919248597,0.6467431080751402,0.06249063600362313,0,0,0,0,1,0,0,0,0.32,0.8500000000000001,0.0,0.0,0.15,skip,training_upload_trigger_not_confirmed,1785296273.2335434,1785296273233543368,1384941450241682,48.1,53.36328125,-1.0,0,0
2026-07-28T23:37:53.234,10.42.0.1,,75,1,DOWNLOAD,0.95,DOWNLOAD,0.95,-1,7240,1.5692580899650894,17,50680.0,79530.0,8,9,0.3892174180170494,0.6107825819829507,0.05438223249863916,0,0,0,0,1,0,0,0,0.32,0.8500000000000001,0.0,0.0,0.15,skip,training_upload_trigger_not_confirmed,1785296273.2345016,1785296273234501575,1384941451199858,48.1,53.36328125,-1.0,0,0
2026-07-28T23:37:53.235,10.42.0.1,,75,1,DOWNLOAD,0.9509580745098092,DOWNLOAD,0.9509580745098092,-1,7240,1.37310082872284,18,57920.0,79530.0,9,9,0.4213895962168061,0.5786104037831938,0.04730269211392933,0,0,0,0,1,0,0,0,0.32,0.8500000000000001,0.0,0.0,0.15,skip,training_upload_trigger_not_confirmed,1785296273.2351592,1785296273235159045,1384941451857125,48.1,53.36328125,-1.0,0,0
2026-07-28T23:37:53.235,10.42.0.1,,75,1,DOWNLOAD,0.9636458447629467,DOWNLOAD,0.9636458447629467,-1,10136,1.1685964499798902,19,68056.0,79530.0,10,9,0.4611277492445083,0.5388722507554917,0.04116444287026477,0,0,0,0,1,0,0,0,0.30250000000000005,0.8000000000000002,0.0,0.0,0.15,skip,training_upload_trigger_not_confirmed,1785296273.2358804,1785296273235880469,1384941452578539,48.1,53.36328125,-1.0,0,0
2026-07-28T23:37:53.236,10.42.0.1,,75,1,DOWNLOAD,0.9701759537664739,DOWNLOAD,0.9701759537664739,-1,10136,1.0171117249844344,20,78192.0,79530.0,11,9,0.4957583596454521,0.5042416403545479,0.03583342445092613,0,0,0,0,1,0,0,0,0.30250000000000005,0.8000000000000002,0.0,0.0,0.15,skip,training_upload_trigger_not_confirmed,1785296273.2365892,1785296273236589398,1384941453287687,48.1,53.36328125,-1.0,0,0
2026-07-28T23:37:53.237,10.42.0.1,,75,1,DOWNLOAD,0.9715138278049743,DOWNLOAD,0.9715138278049743,-1,14480,0.8581880179573314,21,92672.0,79530.0,12,9,0.5381586741152832,0.46184132588471677,0.03120188207365806,0,0,0,0,1,0,0,0,0.30250000000000005,0.8000000000000002,0.0,0.0,0.15,skip,training_upload_trigger_not_confirmed,1785296273.2372751,1785296273237275150,1384941453973248,48.1,53.36328125,-1.0,0,0
2026-07-28T23:37:53.237,10.42.0.1,,75,1,DOWNLOAD,0.9568439612767746,DOWNLOAD,0.9568439612767746,-1,14480,0.7422166641803959,22,107152.0,79530.0,13,9,0.573981422954543,0.426018577045457,0.02717823958673766,0,0,0,0,1,0,0,0,0.28500000000000003,0.7500000000000001,0.0,0.0,0.15,skip,training_upload_trigger_not_confirmed,1785296273.2379427,1785296273237942707,1384941454640875,48.1,53.36328125,-1.0,0,0
2026-07-28T23:37:53.238,10.42.0.1,,75,1,DOWNLOAD,0.95,DOWNLOAD,0.95,-1,2896,0.7226846467021419,23,110048.0,79530.0,14,9,0.5804892972813301,0.4195107027186699,0.023680286333770457,0,0,0,0,1,0,0,0,0.28500000000000003,0.7500000000000001,0.0,0.0,0.15,skip,training_upload_trigger_not_confirmed,1785296273.238576,1785296273238575788,1384941455274046,48.1,53.36328125,-1.0,0,0
2026-07-28T23:37:53.239,10.42.0.1,,75,1,DOWNLOAD,0.95,DOWNLOAD,0.95,-1,7240,0.6780744833258469,24,117288.0,79530.0,15,9,0.5959211047770021,0.4040788952229979,0.02064277133285103,0,0,0,0,1,0,0,0,0.28500000000000003,0.7500000000000001,0.0,0.0,0.15,skip,training_upload_trigger_not_confirmed,1785296273.2392054,1785296273239205433,1384941455903453,48.1,53.36328125,-1.0,0,0
2026-07-28T23:37:53.240,10.42.0.1,,75,1,DOWNLOAD,0.95,DOWNLOAD,0.95,-1,14480,0.6035608038400555,25,131768.0,79530.0,16,9,0.6236121496654015,0.37638785033459854,0.018081490728145515,0,0,0,0,1,0,0,0,0.28500000000000003,0.7500000000000001,0.0,0.0,0.15,skip,training_upload_trigger_not_confirmed,1785296273.2404113,1785296273240411415,1384941457109552,48.1,53.36328125,-1.0,0,0
2026-07-28T23:37:53.241,10.42.0.1,,75,1,DOWNLOAD,0.95,DOWNLOAD,0.95,-1,14480,0.5438023084107556,26,146248.0,79530.0,17,9,0.6477513309534144,0.3522486690465856,0.015830639645393007,0,0,0,0,1,0,0,0,0.28500000000000003,0.7500000000000001,0.0,0.0,0.15,skip,training_upload_trigger_not_confirmed,1785296273.2414117,1785296273241411647,1384941458109857,48.1,53.36328125,-1.0,0,0
2026-07-28T23:37:53.242,10.42.0.1,,75,1,DOWNLOAD,0.95,DOWNLOAD,0.95,-1,14480,0.4948111094551365,27,160728.0,79530.0,18,9,0.6689808455909897,0.3310191544090103,0.013874602471938375,0,0,0,0,1,0,0,0,0.28500000000000003,0.7500000000000001,0.0,0.0,0.15,skip,training_upload_trigger_not_confirmed,1785296273.2423985,1785296273242398591,1384941459096833,48.1,53.36328125,-1.0,0,0
2026-07-28T23:37:53.243,10.42.0.1,,75,1,DOWNLOAD,0.95,DOWNLOAD,0.95,-1,18824,0.4429357512060966,28,179552.0,79530.0,19,9,0.693031549856802,0.3069684501431979,0.012174781601345584,0,0,0,0,1,0,0,0,0.28500000000000003,0.7500000000000001,0.0,0.0,0.15,skip,training_upload_trigger_not_confirmed,1785296273.2433736,1785296273243373687,1384941460071880,48.1,53.36328125,-1.0,0,0
2026-07-28T23:37:53.244,10.42.0.1,,75,1,DOWNLOAD,0.95,DOWNLOAD,0.95,-1,10136,0.4192674286226895,29,189688.0,79530.0,20,9,0.704588846213849,0.295411153786151,0.01074403780911983,0,0,0,0,1,0,0,0,0.28500000000000003,0.7500000000000001,0.0,0.0,0.15,skip,training_upload_trigger_not_confirmed,1785296273.244691,1785296273244691009,1384941461389538,48.1,53.36328125,-1.0,0,0
2026-07-28T23:37:53.245,10.42.0.1,,75,1,DOWNLOAD,0.95,DOWNLOAD,0.95,-1,18824,0.38141689687221153,30,208512.0,79530.0,21,9,0.723894432061991,0.27610556793800906,0.009465856503642074,0,0,0,0,1,0,0,0,0.28500000000000003,0.7500000000000001,0.0,0.0,0.15,skip,training_upload_trigger_not_confirmed,1785296273.2457352,1785296273245735107,1384941462433230,48.1,53.36328125,-1.0,0,0
2026-07-28T23:37:53.246,10.42.0.1,,75,1,DOWNLOAD,0.95,DOWNLOAD,0.95,-1,5792,0.3711083320919296,31,214304.0,79530.0,22,9,0.7293369725763527,0.27066302742364734,0.00835255668528591,0,0,0,0,1,0,0,0,0.28500000000000003,0.7500000000000001,0.0,0.0,0.15,skip,training_upload_trigger_not_confirmed,1785296273.2467525,1785296273246752493,1384941463450863,48.1,53.36328125,-1.0,0,0
2026-07-28T23:37:53.247,10.42.0.1,,75,1,DOWNLOAD,0.95,DOWNLOAD,0.95,-1,18824,0.341143063041157,32,233128.0,79530.0,23,9,0.7456326081533177,0.25436739184668233,0.007389574369480109,0,0,0,0,1,0,0,0,0.28500000000000003,0.7500000000000001,0.0,0.0,0.15,skip,training_upload_trigger_not_confirmed,1785296273.2477973,1785296273247797203,1384941464496253,48.1,53.36328125,-1.0,0,0
2026-07-28T23:37:53.249,10.42.0.1,,75,1,DOWNLOAD,0.95,DOWNLOAD,0.95,-1,6810,0.3314606273315128,33,239938.0,79530.0,24,9,0.7510548787358984,0.24894512126410157,0.006655721021951033,0,0,0,0,1,0,0,0,0.28500000000000003,0.7500000000000001,0.0,0.0,0.15,skip,training_upload_trigger_not_confirmed,1785296273.2496178,1785296273249617857,1384941466316445,48.1,53.36328125,-1.0,0,0
2026-07-28T23:37:53.250,10.42.0.47,,75,1,DOWNLOAD,0.9842595701722379,DOWNLOAD,0.9842595701722379,-1,7240,1.381215469422484e-10,1,7240.0,0.0,1,0,1.0,0.0,0.031491163683408485,0,0,0,0,0,0,0,0,0.0225,0.0,0.0,0.0,0.15,skip,training_upload_trigger_not_confirmed,1785296273.2507286,1785296273250728619,1384941467427430,48.1,53.36328125,-1.0,0,0
2026-07-28T23:37:53.251,10.42.0.47,,75,1,DOWNLOAD,0.9829981496648164,DOWNLOAD,0.9829981496648164,-1,7240,6.90607734758936e-11,2,14480.0,0.0,2,0,1.0,0.0,0.02745708006733179,0,0,0,0,0,0,0,0,0.0225,0.0,0.0,0.0,0.15,skip,training_upload_trigger_not_confirmed,1785296273.2516062,1785296273251606361,1384941468304523,48.1,53.36328125,-1.0,0,0
2026-07-28T23:37:53.252,10.42.0.1,,75,1,DOWNLOAD,0.95,DOWNLOAD,0.95,-1,16946,0.30959499229492843,34,256884.0,79530.0,25,9,0.7635948563377267,0.23640514366227328,0.006148356425992313,0,0,0,0,1,0,0,0,0.28500000000000003,0.7500000000000001,0.0,0.0,0.15,skip,training_upload_trigger_not_confirmed,1785296273.2524233,1785296273252423155,1384941469121440,48.1,53.36328125,-1.0,0,0
2026-07-28T23:37:53.253,10.42.0.1,,75,1,DOWNLOAD,0.95,DOWNLOAD,0.95,-1,21720,0.28545893095832986,35,278604.0,79530.0,26,9,0.7779322823300776,0.22206771766992242,0.005496535548837489,0,0,0,0,1,0,0,0,0.28500000000000003,0.7500000000000001,0.0,0.0,0.15,skip,training_upload_trigger_not_confirmed,1785296273.2536252,1785296273253625000,1384941470323296,48.1,53.36328125,-1.0,0,0
2026-07-28T23:37:53.254,10.42.0.210,,74,1,DOWNLOAD,0.9833523254318951,DOWNLOAD,0.9833523254318951,-1,7240,6.99999999917127,36,7240.0,50680.0,1,35,0.125,0.875,0.05520637594880647,0,0,0,0,0,0,0,0,0.057499999999999996,0.1,0.0,0.0,0.15,skip,training_upload_trigger_not_confirmed,1785296273.25462,1785296273254620044,1384941471318254,48.1,53.36328125,-1.0,0,0
2026-07-28T23:37:53.255,10.42.0.1,,75,1,DOWNLOAD,0.95,DOWNLOAD,0.95,-1,14050,0.27175435839157586,36,292654.0,79530.0,27,9,0.7863153708918169,0.21368462910818306,0.005001800034843103,0,0,0,0,1,0,0,0,0.28500000000000003,0.7500000000000001,0.0,0.0,0.15,skip,training_upload_trigger_not_confirmed,1785296273.2553673,1785296273255367134,1384941472065400,48.1,53.36328125,-1.0,0,0
2026-07-28T23:37:53.256,10.42.0.1,,75,1,DOWNLOAD,0.95,DOWNLOAD,0.95,-1,21720,0.2529789359194686,37,314374.0,79530.0,28,9,0.7980980137292335,0.20190198627076647,0.004441309967044373,0,0,0,0,1,0,0,0,0.28500000000000003,0.7500000000000001,0.0,0.0,0.15,skip,training_upload_trigger_not_confirmed,1785296273.2561157,1785296273256115731,1384941472813931,48.1,53.36328125,-1.0,0,0
2026-07-28T23:37:53.256,10.42.0.1,,75,1,DOWNLOAD,0.95,DOWNLOAD,0.95,-1,14050,0.24215648064927603,38,328424.0,79530.0,29,9,0.8050515499296489,0.19494845007035108,0.003955400782267568,0,0,0,0,1,0,0,0,0.28500000000000003,0.7500000000000001,0.0,0.0,0.15,skip,training_upload_trigger_not_confirmed,1785296273.2568696,1785296273256869523,1384941473567812,48.1,53.36328125,-1.0,0,0
2026-07-28T23:37:53.257,10.42.0.1,,75,1,DOWNLOAD,0.95,DOWNLOAD,0.95,-1,15498,0.231244293766519,39,343922.0,79530.0,30,9,0.8121865052001171,0.18781349479988288,0.003541910489783655,0,0,0,0,1,0,0,0,0.28500000000000003,0.7500000000000001,0.0,0.0,0.15,skip,training_upload_trigger_not_confirmed,1785296273.257687,1785296273257686912,1384941474385099,48.1,53.36328125,-1.0,0,0
2026-07-28T23:37:53.258,10.42.0.18,,55,1,DOWNLOAD,0.95,DOWNLOAD,0.95,-1,7300,1.3698630135109776e-10,1,7300.0,0.0,1,0,1.0,0.0,0.23221667119203607,0,0,0,0,0,0,0,0,0.0225,0.0,0.0,0.0,0.15,skip,already_attacked_this_round,1785296273.2587626,1785296273258762394,1384941475460633,48.1,53.36328125,-1.0,0,0
2026-07-28T23:37:53.259,10.42.0.18,,55,1,DOWNLOAD,0.95,DOWNLOAD,0.95,-1,5840,7.610350075524325e-11,2,13140.0,0.0,2,0,1.0,0.0,0.20170837025327723,0,0,0,0,0,0,0,0,0.0225,0.0,0.0,0.0,0.15,skip,already_attacked_this_round,1785296273.2594602,1785296273259460191,1384941476158717,48.1,53.36328125,-1.0,0,0
2026-07-28T23:37:53.266,10.42.0.47,,75,1,DOWNLOAD,0.9842257140988042,DOWNLOAD,0.9842257140988042,-1,2896,5.7550644563907074e-11,3,17376.0,0.0,3,0,1.0,0.0,0.02585465212962981,0,0,0,0,0,0,0,0,0.0225,0.0,0.0,0.0,0.15,skip,training_upload_trigger_not_confirmed,1785296273.266903,1785296273266903119,1384941483604290,48.1,53.36328125,-1.0,0,0
2026-07-28T23:37:53.268,10.42.0.47,,75,1,DOWNLOAD,0.9842586901286671,DOWNLOAD,0.9842586901286671,-1,8688,3.8367096376674066e-11,4,26064.0,0.0,4,0,1.0,0.0,0.02260488215753764,0,0,0,0,0,0,0,0,0.0225,0.0,0.0,0.0,0.15,skip,training_upload_trigger_not_confirmed,1785296273.268096,1785296273268096112,1384941484794982,48.1,53.36328125,-1.0,0,0
2026-07-28T23:37:53.269,10.42.0.47,,75,1,DOWNLOAD,0.9842595481342594,DOWNLOAD,0.9842595481342594,-1,8688,2.8775322282781555e-11,5,34752.0,0.0,5,0,1.0,0.0,0.019770310642331507,0,0,0,0,0,0,0,0,0.0225,0.0,0.0,0.0,0.15,skip,training_upload_trigger_not_confirmed,1785296273.26919,1785296273269190232,1384941485888900,48.1,53.36328125,-1.0,0,0
2026-07-28T23:37:53.271,10.42.0.59,,30,1,DOWNLOAD,0.95,DOWNLOAD,0.95,-1,14600,6.84931506802402e-11,1,14600.0,0.0,1,0,1.0,0.0,0.5466694637063858,0,0,0,0,0,0,0,0,0.0225,0.0,0.0,0.0,0.15,skip,already_attacked_this_round,1785296273.2716908,1785296273271690740,1384941488389349,48.1,53.36328125,-1.0,0,0
2026-07-28T23:37:53.272,10.42.0.59,,30,1,DOWNLOAD,0.95,DOWNLOAD,0.95,-1,14600,3.424657534129292e-11,2,29200.0,0.0,2,0,1.0,0.0,0.4747705281907265,0,0,0,0,0,0,0,0,0.0225,0.0,0.0,0.0,0.15,skip,already_attacked_this_round,1785296273.2727392,1785296273272739093,1384941489437555,48.1,53.36328125,-1.0,0,0
2026-07-28T23:37:53.273,10.42.0.145,,34,2,TRAINING,0.95,TRAINING,0.95,-1,14600,6.84931506802402e-11,1,14600.0,0.0,1,0,1.0,0.0,0.4048937165312063,0,0,0,0,0,0,0,0,0.0225,0.0,0.0,0.0,0.15,skip,training_upload_trigger_not_confirmed,1785296273.2739406,1785296273273940414,1384941490638797,48.1,53.36328125,-1.0,0,0
2026-07-28T23:37:53.274,10.42.0.145,,34,2,TRAINING,0.95,TRAINING,0.95,-1,14600,3.424657534129292e-11,2,29200.0,0.0,2,0,1.0,0.0,0.35164057200296084,0,0,0,0,0,0,0,0,0.0225,0.0,0.0,0.0,0.15,skip,training_upload_trigger_not_confirmed,1785296273.274711,1785296273274710733,1384941491409008,48.1,53.36328125,-1.0,0,0
2026-07-28T23:37:53.275,10.42.0.210,,74,1,DOWNLOAD,0.95,DOWNLOAD,0.95,-1,10136,2.9166666665563614,37,17376.0,50680.0,2,35,0.2553191489361702,0.7446808510638298,0.050708450614064086,0,0,0,0,0,0,0,0,0.057499999999999996,0.1,0.0,0.0,0.15,skip,training_upload_trigger_not_confirmed,1785296273.275693,1785296273275693016,1384941492391326,48.1,53.36328125,-1.0,0,0
2026-07-28T23:37:53.276,10.42.0.210,,74,1,DOWNLOAD,0.9557926560077417,DOWNLOAD,0.9557926560077417,-1,14480,1.5909090908905414,38,31856.0,50680.0,3,35,0.38596491228070173,0.6140350877192983,0.044155245980919675,0,0,0,0,0,0,0,0,0.057499999999999996,0.1,0.0,0.0,0.15,skip,training_upload_trigger_not_confirmed,1785296273.276671,1785296273276671091,1384941493369472,48.1,53.36328125,-1.0,0,0
2026-07-28T23:37:53.277,10.42.0.210,,74,1,DOWNLOAD,0.9846998846180315,DOWNLOAD,0.9846998846180315,-1,4344,1.3999999999889503,39,36200.0,50680.0,4,35,0.4166666666666667,0.5833333333333334,0.038426848652338794,0,0,0,0,0,0,0,0,0.057499999999999996,0.1,0.0,0.0,0.15,skip,training_upload_trigger_not_confirmed,1785296273.277355,1785296273277354977,1384941494053143,48.1,53.36328125,-1.0,0,0
2026-07-28T23:37:53.278,10.42.0.47,,75,1,DOWNLOAD,0.9842595696464124,DOWNLOAD,0.9842595696464124,-1,8688,2.3020257826357728e-11,6,43440.0,0.0,6,0,1.0,0.0,0.01833243640638137,0,0,0,0,0,0,0,0,0.0225,0.0,0.0,0.0,0.15,skip,training_upload_trigger_not_confirmed,1785296273.2780488,1785296273278048819,1384941494747093,48.1,53.36328125,-1.0,0,0
2026-07-28T23:37:53.280,10.42.0.47,,75,1,DOWNLOAD,0.9842595701605352,DOWNLOAD,0.9842595701605352,-1,11584,1.8173887757738915e-11,7,55024.0,0.0,7,0,1.0,0.0,0.016223543880235204,0,0,0,0,0,0,0,0,0.0225,0.0,0.0,0.0,0.15,skip,training_upload_trigger_not_confirmed,1785296273.2803774,1785296273280377340,1384941497075816,48.1,53.36328125,-1.0,0,0
2026-07-28T23:37:53.281,10.42.0.59,,30,1,DOWNLOAD,0.95,DOWNLOAD,0.95,-1,24820,1.8511662346936104e-11,3,54020.0,0.0,3,0,1.0,0.0,0.4133562029952483,0,0,0,0,0,0,0,0,0.0225,0.0,0.0,0.0,0.15,skip,already_attacked_this_round,1785296273.2814534,1785296273281453346,1384941498151776,48.1,53.36328125,-1.0,0,0
2026-07-28T23:37:53.282,10.42.0.59,,30,1,DOWNLOAD,0.95,DOWNLOAD,0.95,-1,12037,1.5138441043112185e-11,4,66057.0,0.0,4,0,1.0,0.0,0.3589841487107884,0,0,0,0,0,0,0,0,0.0225,0.0,0.0,0.0,0.15,skip,already_attacked_this_round,1785296273.282195,1785296273282195212,1384941498893354,48.1,53.36328125,-1.0,0,0
2026-07-28T23:37:53.283,10.42.0.18,,55,1,DOWNLOAD,0.95,DOWNLOAD,0.95,-1,11680,4.029008863657171e-11,3,24820.0,0.0,3,0,1.0,0.0,0.17829514480700656,0,0,0,0,0,0,0,0,0.0225,0.0,0.0,0.0,0.15,skip,already_attacked_this_round,1785296273.283492,1785296273283492019,1384941500190858,48.1,53.36328125,-1.0,0,0
2026-07-28T23:37:53.284,10.42.0.210,,74,1,DOWNLOAD,0.9854895428954357,DOWNLOAD,0.9854895428954357,-1,18824,0.9210526315803822,40,55024.0,50680.0,5,35,0.5205479452054794,0.4794520547945205,0.03431270163070119,0,0,0,0,0,0,0,0,0.039999999999999994,0.05,0.0,0.0,0.15,skip,training_upload_trigger_not_confirmed,1785296273.2845607,1785296273284560614,1384941501258825,48.1,53.36328125,-1.0,0,0
2026-07-28T23:37:53.285,10.42.0.210,,74,1,DOWNLOAD,0.9855083405864443,DOWNLOAD,0.9855083405864443,-1,15928,0.7142857142897412,41,70952.0,50680.0,6,35,0.5833333333333334,0.4166666666666667,0.029929463354696956,0,0,0,0,0,0,0,0,0.0225,0.0,0.0,0.0,0.15,skip,training_upload_trigger_not_confirmed,1785296273.2856102,1785296273285610163,1384941502308503,48.1,53.36328125,-1.0,0,0
2026-07-28T23:37:53.286,10.42.0.145,,34,2,TRAINING,0.95,TRAINING,0.95,-1,29200,1.7123287670939668e-11,3,58400.0,0.0,3,0,1.0,0.0,0.306911866064071,0,0,0,0,0,0,0,0,0.0225,0.0,0.0,0.0,0.15,skip,training_upload_trigger_not_confirmed,1785296273.2869177,1785296273286917548,1384941503615785,48.1,53.36328125,-1.0,0,0
2026-07-28T23:37:53.287,10.42.0.47,,75,1,DOWNLOAD,0.9842595701720059,DOWNLOAD,0.9842595701720059,-1,8688,1.569563033626796e-11,8,63712.0,0.0,8,0,1.0,0.0,0.015047635455506274,0,0,0,0,0,0,0,0,0.0225,0.0,0.0,0.0,0.15,skip,training_upload_trigger_not_confirmed,1785296273.2876773,1785296273287677236,1384941504375537,48.1,53.36328125,-1.0,0,0
2026-07-28T23:37:53.289,10.42.0.18,,55,1,DOWNLOAD,0.954119774562275,DOWNLOAD,0.954119774562275,-1,17520,2.361832782183235e-11,4,42340.0,0.0,4,0,1.0,0.0,0.15557295268545368,0,0,0,0,0,0,0,0,0.0225,0.0,0.0,0.0,0.15,skip,already_attacked_this_round,1785296273.2893548,1785296273289354770,1384941506053321,48.1,53.36328125,-1.0,0,0
2026-07-28T23:37:53.292,10.42.0.47,,75,1,DOWNLOAD,0.9842595701722343,DOWNLOAD,0.9842595701722343,-1,2896,1.5013211626005687e-11,9,66608.0,0.0,9,0,1.0,0.0,0.013669841982660212,0,0,0,0,0,0,0,0,0.0225,0.0,0.0,0.0,0.15,skip,training_upload_trigger_not_confirmed,1785296273.2922692,1785296273292269420,1384941508967638,48.1,53.36328125,-1.0,0,0
2026-07-28T23:37:53.293,10.42.0.47,,75,1,DOWNLOAD,0.9842595701722379,DOWNLOAD,0.9842595701722379,-1,12589,1.2626740911743795e-11,10,79197.0,0.0,10,0,1.0,0.0,0.011973440205563088,0,0,0,0,0,0,0,0,0.0225,0.0,0.0,0.0,0.15,skip,training_upload_trigger_not_confirmed,1785296273.2930655,1785296273293065508,1384941509763764,48.1,53.36328125,-1.0,0,0
2026-07-28T23:37:53.297,10.42.0.18,,55,1,DOWNLOAD,0.9582878439557145,DOWNLOAD,0.9582878439557145,-1,20440,1.5928639693916397e-11,5,62780.0,0.0,5,0,1.0,0.0,0.13608439798775904,0,0,0,0,0,0,0,0,0.0225,0.0,0.0,0.0,0.15,skip,already_attacked_this_round,1785296273.2970345,1785296273297034576,1384941513733173,48.1,53.36328125,-1.0,0,0
2026-07-28T23:37:53.299,10.42.0.18,,55,1,DOWNLOAD,0.9589892140001132,DOWNLOAD,0.9589892140001132,-1,1817,1.5480595073834997e-11,6,64597.0,0.0,6,0,1.0,0.0,0.11844020412641826,0,0,0,0,0,0,0,0,0.0225,0.0,0.0,0.0,0.15,skip,already_attacked_this_round,1785296273.299222,1785296273299221921,1384941515920341,48.1,53.36328125,-1.0,0,0
2026-07-28T23:37:53.593,10.42.0.59,,30,3,UPLOAD,0.95,UPLOAD,0.95,1,64240,0.9724934526246652,5,66057.0,64240.0,4,1,0.5069725319846198,0.4930274680153802,0.6204309535600583,0,0,0,1,1,1,1,1,0.85,1.0,1.0,0.4,0.8,skip,already_attacked_this_round,1785296273.5938678,1785296273593867866,1384941810566640,48.1,53.36328125,-1.0,0,0
2026-07-28T23:37:53.596,10.42.0.1,10.42.0.1,75,3,UPLOAD,0.95,UPLOAD,0.95,1,7240,0.2522955786508211,40,343922.0,86770.0,30,10,0.7985335227958726,0.2014664772041273,0.003275714901617154,1,0,0,0,1,0,0,0,0.85,1.0,1.0,0.4,0.8,trigger,training_upload_trigger_confirmed,1785296273.5964968,1785296273596496834,1384941813196112,48.1,53.36328125,11.174856,1785296273607673683,1384941824370968
2026-07-28T23:37:53.597,10.42.0.1,10.42.0.1,75,3,UPLOAD,0.95,UPLOAD,0.95,1,5792,0.26913660655826277,41,343922.0,92562.0,30,11,0.7879372439768697,0.2120627560231303,0.0030019321556482422,1,0,1,0,1,0,0,0,0.85,1.0,1.0,0.4,0.8,skip,attack_already_active,1785296273.5976949,1785296273597695066,1384941814393716,48.1,53.36328125,-1.0,0,0
2026-07-28T23:37:53.598,10.42.0.145,10.42.0.1,34,3,UPLOAD,0.95,UPLOAD,0.95,1,64240,1.0999999999982877,4,58400.0,64240.0,3,1,0.47619047619047616,0.5238095238095238,0.5731181989332039,0,0,0,1,1,1,1,1,0.85,1.0,1.0,0.4,0.8,trigger,training_upload_trigger_confirmed,1785296273.5989573,1785296273598957411,1384941815656361,48.1,53.36328125,20.380771,1785296273619339808,1384941836037132
2026-07-28T23:37:53.600,10.42.0.1,10.42.0.1,75,3,UPLOAD,0.95,UPLOAD,0.95,1,7240,0.2901878914425649,42,343922.0,99802.0,30,12,0.7750809061488673,0.22491909385113268,0.00272156204556594,1,0,1,0,1,0,0,0,0.85,1.0,1.0,0.4,0.8,skip,attack_already_active,1785296273.6007583,1785296273600758372,1384941817456791,48.1,53.36328125,-1.0,0,0
2026-07-28T23:37:53.601,10.42.0.1,10.42.0.1,75,3,UPLOAD,0.95,UPLOAD,0.95,1,5792,0.3070289193500066,43,343922.0,105594.0,30,13,0.7650940122264835,0.2349059877735164,0.002497050881732987,1,0,1,0,1,0,0,0,0.85,1.0,1.0,0.4,0.8,skip,attack_already_active,1785296273.6017761,1785296273601776050,1384941818475605,48.1,53.36328125,-1.0,0,0
2026-07-28T23:37:53.612,10.42.0.1,10.42.0.1,75,3,UPLOAD,0.95,UPLOAD,0.95,1,1448,0.311239176326867,44,343922.0,107042.0,30,14,0.7626373723844919,0.2373626276155081,0.00362765952386685,1,0,1,1,1,1,1,1,0.9699999999999999,1.0,1.0,1.0,0.8,skip,attack_already_active,1785296273.612853,1785296273612852946,1384941829551485,48.1,53.36328125,-1.0,0,0
2026-07-28T23:37:53.613,10.42.0.1,10.42.0.1,75,3,UPLOAD,0.95,UPLOAD,0.95,1,1448,0.31544943330372743,45,343922.0,108490.0,30,15,0.760196458095718,0.23980354190428194,0.003297540120587907,1,0,1,1,1,1,1,1,0.9699999999999999,1.0,1.0,1.0,0.8,skip,attack_already_active,1785296273.6139755,1785296273613975570,1384941830673911,48.1,53.36328125,-1.0,0,0
2026-07-28T23:37:53.633,10.42.0.1,10.42.0.1,75,3,UPLOAD,0.95,UPLOAD,0.95,1,1448,0.3196596902805878,46,343922.0,109938.0,30,16,0.7577711188472216,0.24222888115277838,0.005466418136520735,1,0,1,1,1,1,1,1,0.9699999999999999,1.0,1.0,1.0,0.8,skip,attack_already_active,1785296273.633732,1785296273633732180,1384941850430613,48.1,53.36328125,-1.0,0,0
2026-07-28T23:37:53.636,10.42.0.1,10.42.0.1,75,3,UPLOAD,0.95,UPLOAD,0.95,1,11584,0.3533417460954712,47,343922.0,121522.0,30,17,0.7389116628423613,0.26108833715763874,0.0051156162091090755,1,0,1,1,1,1,1,1,0.9699999999999999,1.0,1.0,1.0,0.8,skip,attack_already_active,1785296273.6365364,1785296273636536420,1384941853235128,48.1,53.36328125,-1.0,0,0
2026-07-28T23:37:53.637,10.42.0.1,10.42.0.1,75,3,UPLOAD,0.95,UPLOAD,0.95,1,14480,0.39544431586407547,48,343922.0,136002.0,30,18,0.7166176311249282,0.2833823688750719,0.004551658291157955,1,0,1,1,1,1,1,1,0.9699999999999999,1.0,1.0,1.0,0.8,skip,attack_already_active,1785296273.6373723,1785296273637372177,1384941854070525,48.1,53.36328125,-1.0,0,0
2026-07-28T23:37:53.638,10.42.0.1,10.42.0.1,75,3,UPLOAD,0.95,UPLOAD,0.95,1,1448,0.39965457284093586,49,343922.0,137450.0,30,19,0.7144619961277349,0.28553800387226513,0.004086835438735448,1,0,1,1,1,1,1,1,0.9699999999999999,1.0,1.0,1.0,0.8,skip,attack_already_active,1785296273.6383965,1785296273638396453,1384941855096178,48.1,53.36328125,-1.0,0,0
2026-07-28T23:37:53.639,10.42.0.1,10.42.0.1,75,3,UPLOAD,0.95,UPLOAD,0.95,1,11584,0.43333662865581923,50,343922.0,149034.0,30,20,0.6976728146122575,0.3023271853877425,0.0036751272430342024,1,0,1,1,1,1,1,1,0.9699999999999999,1.0,1.0,1.0,0.8,skip,attack_already_active,1785296273.639359,1785296273639359059,1384941856057643,48.1,53.36328125,-1.0,0,0
2026-07-28T23:37:53.640,10.42.0.1,10.42.0.1,75,3,UPLOAD,0.95,UPLOAD,0.95,1,14480,0.47543919842442345,51,343922.0,163514.0,30,21,0.677764289486753,0.322235710513247,0.003305733033105106,1,0,1,1,1,1,1,1,0.9699999999999999,1.0,1.0,1.0,0.8,skip,attack_already_active,1785296273.640231,1785296273640230974,1384941856929865,48.1,53.36328125,-1.0,0,0
2026-07-28T23:37:53.642,10.42.0.1,10.42.0.1,75,3,UPLOAD,0.95,UPLOAD,0.95,1,18824,0.530172539123609,52,343922.0,182338.0,30,22,0.6535210732337627,0.3464789267662372,0.00312287545826817,1,0,1,1,1,1,1,1,0.9699999999999999,1.0,1.0,1.0,0.8,skip,attack_already_active,1785296273.642149,1785296273642148754,1384941858847227,48.1,53.36328125,-1.0,0,0
2026-07-28T23:37:53.643,10.42.0.1,10.42.0.1,75,3,UPLOAD,0.95,UPLOAD,0.95,1,10136,0.5596443379616319,53,343922.0,192474.0,30,23,0.6411718208189472,0.3588281791810528,0.0028572944057444847,1,0,1,1,1,1,1,1,0.9699999999999999,1.0,1.0,1.0,0.8,skip,attack_already_active,1785296273.6432564,1785296273643256420,1384941859955053,48.1,53.36328125,-1.0,0,0
2026-07-28T23:37:53.644,10.42.0.1,10.42.0.1,75,3,UPLOAD,0.95,UPLOAD,0.95,1,8590,0.5846209314914875,54,343922.0,201064.0,30,24,0.6310657521477616,0.3689342478522384,0.0026261760581497806,1,0,1,1,1,1,1,1,0.9699999999999999,1.0,1.0,1.0,0.8,skip,attack_already_active,1785296273.6443598,1785296273644359993,1384941861058802,48.1,53.36328125,-1.0,0,0
2026-07-28T23:37:53.645,10.42.0.1,10.42.0.1,75,3,UPLOAD,0.95,UPLOAD,0.95,1,2896,0.5930414454452084,55,343922.0,203960.0,30,25,0.6277300586622667,0.37226994133773333,0.0023862413560236844,1,0,1,1,1,1,1,1,0.9699999999999999,1.0,1.0,1.0,0.8,skip,attack_already_active,1785296273.6451652,1785296273645165325,1384941861863702,48.1,53.36328125,-1.0,0,0
2026-07-28T23:37:53.646,10.42.0.1,10.42.0.1,75,3,UPLOAD,0.95,UPLOAD,0.95,1,2896,0.6014619593989292,56,343922.0,206856.0,30,26,0.6244294434418223,0.3755705565581777,0.002254456907016402,1,0,1,1,1,1,1,1,0.9699999999999999,1.0,1.0,1.0,0.8,skip,attack_already_active,1785296273.6465514,1785296273646551374,1384941863249750,48.1,53.36328125,-1.0,0,0
2026-07-28T23:37:53.647,10.42.0.1,10.42.0.1,75,3,UPLOAD,0.95,UPLOAD,0.95,1,21720,0.6646158140518356,57,343922.0,228576.0,30,27,0.6007392165562151,0.39926078344378496,0.0021045051120703842,1,0,1,1,1,1,1,1,0.9699999999999999,1.0,1.0,1.0,0.8,skip,attack_already_active,1785296273.647668,1785296273647667948,1384941864366248,48.1,53.36328125,-1.0,0,0
2026-07-28T23:37:53.649,10.42.0.1,10.42.0.1,75,3,UPLOAD,0.95,UPLOAD,0.95,1,10039,0.6938055721945854,58,343922.0,238615.0,30,28,0.5903865333875788,0.4096134666124212,0.0020253037079004726,1,0,1,1,1,1,1,1,0.9699999999999999,1.0,1.0,1.0,0.8,skip,attack_already_active,1785296273.6491714,1785296273649171436,1384941865870016,48.1,53.36328125,-1.0,0,0
2026-07-28T23:37:53.706,10.42.0.18,10.42.0.1,55,3,UPLOAD,0.95,UPLOAD,0.95,1,21900,0.33902503213246704,7,64597.0,21900.0,6,1,0.7468120281628264,0.25318797183717356,0.4077302628494232,0,0,0,1,1,1,1,1,0.9699999999999999,1.0,1.0,1.0,0.8,skip,already_attacked_this_round,1785296273.7066586,1785296273706658465,1384941923357732,48.1,53.36328125,-1.0,0,0
2026-07-28T23:37:53.709,10.42.0.18,10.42.0.1,55,3,UPLOAD,0.9841010226033655,UPLOAD,0.9841010226033655,1,57655,1.2315587411144238,8,64597.0,79555.0,6,2,0.44811726510905153,0.5518827348909484,0.3543184180160068,0,0,0,1,1,1,1,1,0.9699999999999999,1.0,1.0,1.0,0.8,skip,already_attacked_this_round,1785296273.7090611,1785296273709061176,1384941925760348,48.1,53.36328125,-1.0,0,0
2026-07-28T23:37:53.710,10.42.0.1,10.42.0.1,75,3,UPLOAD,0.95,UPLOAD,0.95,1,7240,0.7148568570788875,59,343922.0,245855.0,30,29,0.5831390508615968,0.41686094913840316,0.0020834028174342594,1,0,1,1,1,1,1,1,0.9699999999999999,1.0,1.0,1.0,0.8,skip,attack_already_active,1785296273.7102737,1785296273710273753,1384941926972505,86.0,53.36328125,-1.0,0,0
2026-07-28T23:37:53.711,10.42.0.1,10.42.0.1,75,3,UPLOAD,0.95,UPLOAD,0.95,1,5792,0.7316978849863292,60,343922.0,251647.0,30,30,0.5774679340261162,0.4225320659738838,0.001966610693061118,1,0,1,1,1,1,1,1,0.9699999999999999,1.0,1.0,1.0,0.8,skip,attack_already_active,1785296273.7114708,1785296273711470853,1384941928170220,86.0,53.36328125,-1.0,0,0
2026-07-28T23:37:53.713,10.42.0.1,10.42.0.1,75,3,UPLOAD,0.95,UPLOAD,0.95,1,2896,0.74011839894005,61,343922.0,254543.0,30,31,0.5746735398060037,0.4253264601939963,0.0019263157905676548,1,0,1,1,1,1,1,1,0.9699999999999999,1.0,1.0,1.0,0.8,skip,attack_already_active,1785296273.7131317,1785296273713131659,1384941929830649,86.0,53.36328125,-1.0,0,0
2026-07-28T23:37:53.714,10.42.0.1,10.42.0.1,75,3,UPLOAD,0.95,UPLOAD,0.95,1,11584,0.7738004547549334,62,343922.0,266127.0,30,32,0.5637612716355571,0.43623872836444283,0.0018801146865102742,1,0,1,1,1,1,1,1,0.9699999999999999,1.0,1.0,1.0,0.8,skip,attack_already_active,1785296273.7147074,1785296273714707372,1384941931405756,86.0,53.36328125,-1.0,0,0
2026-07-28T23:37:53.715,10.42.0.1,10.42.0.1,75,3,UPLOAD,0.95,UPLOAD,0.95,1,2896,0.7822209687086542,63,343922.0,269023.0,30,33,0.5610976515021739,0.43890234849782606,0.0017333079408492235,1,0,1,1,1,1,1,1,0.9699999999999999,1.0,1.0,1.0,0.8,skip,attack_already_active,1785296273.7154734,1785296273715473314,1384941932171523,86.0,53.36328125,-1.0,0,0
2026-07-28T23:37:53.716,10.42.0.1,10.42.0.1,75,3,UPLOAD,0.95,UPLOAD,0.95,1,11584,0.8159030245235376,64,343922.0,280607.0,30,34,0.5506902001348216,0.4493097998651784,0.0016802117550834285,1,0,1,1,1,1,1,1,0.9699999999999999,1.0,1.0,1.0,0.8,skip,attack_already_active,1785296273.7168038,1785296273716803928,1384941933502338,86.0,53.36328125,-1.0,0,0
2026-07-28T23:37:53.717,10.42.0.1,10.42.0.1,75,3,UPLOAD,0.95,UPLOAD,0.95,1,5792,0.8327440524309793,65,343922.0,286399.0,30,35,0.5456299250699247,0.4543700749300753,0.0015547831499258188,1,0,1,1,1,1,1,1,0.9699999999999999,1.0,1.0,1.0,0.8,skip,attack_already_active,1785296273.7175322,1785296273717532269,1384941934230536,86.0,53.36328125,-1.0,0,0
2026-07-28T23:37:53.718,10.42.0.1,10.42.0.1,75,3,UPLOAD,0.95,UPLOAD,0.95,1,14480,0.8748466221995835,66,343922.0,300879.0,30,36,0.5333769643657501,0.46662303563424995,0.0015184257976215663,1,0,1,1,1,1,1,1,0.9699999999999999,1.0,1.0,1.0,0.8,skip,attack_already_active,1785296273.718811,1785296273718811021,1384941935509259,86.0,53.36328125,-1.0,0,0
2026-07-28T23:37:53.719,10.42.0.1,10.42.0.1,75,3,UPLOAD,0.95,UPLOAD,0.95,1,8688,0.900108164060746,67,343922.0,309567.0,30,37,0.5262858288356804,0.4737141711643195,0.0014113317903128146,1,0,1,1,1,1,1,1,0.9699999999999999,1.0,1.0,1.0,0.8,skip,attack_already_active,1785296273.7195168,1785296273719516590,1384941936214828,86.0,53.36328125,-1.0,0,0
2026-07-28T23:37:53.720,10.42.0.1,10.42.0.1,75,3,UPLOAD,0.95,UPLOAD,0.95,1,5792,0.9169491919681877,68,343922.0,315359.0,30,38,0.5216622350712367,0.4783377649287633,0.001354982822484997,1,0,1,1,1,1,1,1,0.9699999999999999,1.0,1.0,1.0,0.8,skip,attack_already_active,1785296273.7205005,1785296273720500398,1384941937198682,86.0,53.36328125,-1.0,0,0
2026-07-28T23:37:53.721,10.42.0.1,10.42.0.1,75,3,UPLOAD,0.95,UPLOAD,0.95,1,2798,0.9250847575906017,69,343922.0,318157.0,30,39,0.5194576478033588,0.4805423521966412,0.0013170239110413774,1,0,1,1,1,1,1,1,0.9699999999999999,1.0,1.0,1.0,0.8,skip,attack_already_active,1785296273.7215674,1785296273721567420,1384941938266438,86.0,53.36328125,-1.0,0,0
2026-07-28T23:37:54.085,10.42.0.1,10.42.0.1,75,3,UPLOAD,0.666512194286532,UPLOAD,0.666512194286532,0,39,0.6938404638269903,60,343922.0,238627.0,30,30,0.5903743719412444,0.4096256280587556,0.006850427901794147,1,0,1,0,0,0,0,0,0.42,0.0,1.0,0.0,0.8,skip,attack_already_active,1785296274.0858026,1785296274085802598,1384942302501097,86.0,53.36328125,-1.0,0,0
2026-07-28T23:37:54.424,10.42.0.47,10.42.0.1|10.42.0.47,75,3,UPLOAD,0.95,UPLOAD,0.95,1,7240,100.0,1,0.0,7240.0,0,1,0.0,1.0,0.041340986179474744,1,0,0,1,1,1,1,1,0.9699999999999999,1.0,1.0,1.0,0.8,trigger,training_upload_trigger_confirmed,1785296274.4241118,1785296274424111871,1384942640811060,17.4,53.36328125,6.672974,1785296274430786773,1384942647484034
2026-07-28T23:37:54.428,10.42.0.47,10.42.0.1|10.42.0.47,75,3,UPLOAD,0.95,UPLOAD,0.95,1,7240,100.0,2,0.0,14480.0,0,2,0.0,1.0,0.03644533625589263,1,0,1,1,1,1,1,1,0.9699999999999999,1.0,1.0,1.0,0.8,skip,attack_already_active,1785296274.428301,1785296274428301153,1384942645009878,17.4,53.36328125,-1.0,0,0
2026-07-28T23:37:54.429,10.42.0.47,10.42.0.1|10.42.0.47,75,3,UPLOAD,0.95,UPLOAD,0.95,1,5792,100.0,3,0.0,20272.0,0,3,0.0,1.0,0.03176517393934104,1,0,1,1,1,1,1,1,0.9699999999999999,1.0,1.0,1.0,0.8,skip,attack_already_active,1785296274.42923,1785296274429230002,1384942645928579,17.4,53.36328125,-1.0,0,0
2026-07-28T23:37:54.432,10.42.0.47,10.42.0.1|10.42.0.47,75,3,UPLOAD,0.95,UPLOAD,0.95,1,4344,100.0,4,0.0,24616.0,0,4,0.0,1.0,0.028053896077261387,1,0,1,1,1,1,1,1,0.9699999999999999,1.0,1.0,1.0,0.8,skip,attack_already_active,1785296274.4328313,1785296274432831196,1384942649531215,17.4,53.36328125,-1.0,0,0
2026-07-28T23:37:54.434,10.42.0.47,10.42.0.1|10.42.0.47,75,3,UPLOAD,0.95,UPLOAD,0.95,1,4344,100.0,5,0.0,28960.0,0,5,0.0,1.0,0.024516426873503652,1,0,1,1,1,1,1,1,0.9699999999999999,1.0,1.0,1.0,0.8,skip,attack_already_active,1785296274.4340403,1785296274434040351,1384942650738816,17.4,53.36328125,-1.0,0,0
2026-07-28T23:37:54.435,10.42.0.47,10.42.0.1|10.42.0.47,75,3,UPLOAD,0.95,UPLOAD,0.95,1,4344,100.0,6,0.0,33304.0,0,6,0.0,1.0,0.02142754342270341,1,0,1,1,1,1,1,1,0.9699999999999999,1.0,1.0,1.0,0.8,skip,attack_already_active,1785296274.435116,1785296274435116107,1384942651814650,17.4,53.36328125,-1.0,0,0
2026-07-28T23:37:54.438,10.42.0.47,10.42.0.1|10.42.0.47,75,3,UPLOAD,0.95,UPLOAD,0.95,1,10136,100.0,7,0.0,43440.0,0,7,0.0,1.0,0.019059273831730495,1,0,1,1,1,1,1,1,0.9699999999999999,1.0,1.0,1.0,0.8,skip,attack_already_active,1785296274.4385715,1785296274438571568,1384942655271104,17.4,53.36328125,-1.0,0,0
2026-07-28T23:37:54.439,10.42.0.47,10.42.0.1|10.42.0.47,75,3,UPLOAD,0.95,UPLOAD,0.95,1,7240,100.0,8,0.0,50680.0,0,8,0.0,1.0,0.01670411295305117,1,0,1,1,1,1,1,1,0.9699999999999999,1.0,1.0,1.0,0.8,skip,attack_already_active,1785296274.439758,1785296274439758051,1384942656456846,17.4,53.36328125,-1.0,0,0
2026-07-28T23:37:54.442,10.42.0.47,10.42.0.1|10.42.0.47,75,3,UPLOAD,0.95,UPLOAD,0.95,1,4344,100.0,9,0.0,55024.0,0,9,0.0,1.0,0.01492006724543374,1,0,1,1,1,1,1,1,0.9699999999999999,1.0,1.0,1.0,0.8,skip,attack_already_active,1785296274.4429235,1785296274442923589,1384942659622456,17.4,53.36328125,-1.0,0,0
2026-07-28T23:37:54.444,10.42.0.47,10.42.0.1|10.42.0.47,75,3,UPLOAD,0.95,UPLOAD,0.95,1,11584,100.0,10,0.0,66608.0,0,10,0.0,1.0,0.013112830096912921,1,0,1,1,1,1,1,1,0.9699999999999999,1.0,1.0,1.0,0.8,skip,attack_already_active,1785296274.444129,1785296274444129119,1384942660828052,17.4,53.36328125,-1.0,0,0
2026-07-28T23:37:54.445,10.42.0.47,10.42.0.1|10.42.0.47,75,3,UPLOAD,0.95,UPLOAD,0.95,1,8688,100.0,11,0.0,75296.0,0,11,0.0,1.0,0.011611256831591926,1,0,1,1,1,1,1,1,0.9699999999999999,1.0,1.0,1.0,0.8,skip,attack_already_active,1785296274.4458468,1785296274445846698,1384942662545817,17.4,53.36328125,-1.0,0,0
2026-07-28T23:37:54.448,10.42.0.47,10.42.0.1|10.42.0.47,75,3,UPLOAD,0.95,UPLOAD,0.95,1,2896,100.0,12,0.0,78192.0,0,12,0.0,1.0,0.010369382189463103,1,0,1,1,1,1,1,1,0.9699999999999999,1.0,1.0,1.0,0.8,skip,attack_already_active,1785296274.4480338,1785296274448033689,1384942664733190,17.4,53.36328125,-1.0,0,0
2026-07-28T23:37:54.449,10.42.0.47,10.42.0.1|10.42.0.47,75,3,UPLOAD,0.95,UPLOAD,0.95,1,1337,100.0,13,0.0,79529.0,0,13,0.0,1.0,0.009167495710983832,1,0,1,1,1,1,1,1,0.9699999999999999,1.0,1.0,1.0,0.8,skip,attack_already_active,1785296274.4492824,1785296274449282383,1384942665981236,17.4,53.36328125,-1.0,0,0
2026-07-28T23:37:54.451,10.42.0.1,10.42.0.1|10.42.0.47,75,3,UPLOAD,0.95,UPLOAD,0.95,1,7240,100.0,31,0.0,245867.0,0,31,0.0,1.0,0.04034432929047061,1,0,1,1,1,1,1,1,0.9699999999999999,1.0,1.0,1.0,0.8,skip,attack_already_active,1785296274.4516273,1785296274451627249,1384942668326909,17.4,53.36328125,-1.0,0,0
2026-07-28T23:37:54.452,10.42.0.1,10.42.0.1|10.42.0.47,75,3,UPLOAD,0.9821500190920074,UPLOAD,0.9821500190920074,1,7240,100.0,32,0.0,253107.0,0,32,0.0,1.0,0.03519005951725472,1,0,1,1,1,1,1,1,0.9699999999999999,1.0,1.0,1.0,0.8,skip,attack_already_active,1785296274.4528573,1785296274452857340,1384942669556196,17.4,53.36328125,-1.0,0,0
2026-07-28T23:37:54.457,10.42.0.1,10.42.0.1|10.42.0.47,75,3,UPLOAD,0.9854221940419973,UPLOAD,0.9854221940419973,1,14480,100.0,33,0.0,267587.0,0,33,0.0,1.0,0.031101237424307995,1,0,1,1,1,1,1,1,0.9699999999999999,1.0,1.0,1.0,0.8,skip,attack_already_active,1785296274.4570184,1785296274457018330,1384942673717351,17.4,53.36328125,-1.0,0,0
2026-07-28T23:37:54.458,10.42.0.1,10.42.0.1|10.42.0.47,75,3,UPLOAD,0.985506764607408,UPLOAD,0.985506764607408,1,14480,100.0,34,0.0,282067.0,0,34,0.0,1.0,0.027184575680235232,1,0,1,1,1,1,1,1,0.9699999999999999,1.0,1.0,1.0,0.8,skip,attack_already_active,1785296274.4583972,1785296274458397097,1384942675096048,17.4,53.36328125,-1.0,0,0
2026-07-28T23:37:54.460,10.42.0.1,10.42.0.1|10.42.0.47,75,3,UPLOAD,0.9855086898678682,UPLOAD,0.9855086898678682,1,21720,100.0,35,0.0,303787.0,0,35,0.0,1.0,0.023845922395680376,1,0,1,1,1,1,1,1,0.9699999999999999,1.0,1.0,1.0,0.8,skip,attack_already_active,1785296274.4602456,1785296274460245612,1384942676944492,17.4,53.36328125,-1.0,0,0
2026-07-28T23:37:54.461,10.42.0.1,10.42.0.1|10.42.0.47,75,3,UPLOAD,0.9855087257991112,UPLOAD,0.9855087257991112,1,7240,100.0,36,0.0,311027.0,0,36,0.0,1.0,0.020862234086408055,1,0,1,1,1,1,1,1,0.9699999999999999,1.0,1.0,1.0,0.8,skip,attack_already_active,1785296274.4614491,1785296274461449291,1384942678148064,17.4,53.36328125,-1.0,0,0
2026-07-28T23:37:54.463,10.42.0.1,10.42.0.1|10.42.0.47,75,3,UPLOAD,0.9855087261763331,UPLOAD,0.9855087261763331,1,7129,100.0,37,0.0,318156.0,0,37,0.0,1.0,0.01832406124348039,1,0,1,1,1,1,1,1,0.9699999999999999,1.0,1.0,1.0,0.8,skip,attack_already_active,1785296274.46305,1785296274463050034,1384942679748983,17.4,53.36328125,-1.0,0,0
2026-07-28T23:37:54.474,10.42.0.1,10.42.0.1|10.42.0.47,75,3,UPLOAD,0.9855087261666017,UPLOAD,0.9855087261666017,1,1337,100.0,38,0.0,319493.0,0,38,0.0,1.0,0.017362067904300418,1,0,1,1,1,1,1,1,0.9699999999999999,1.0,1.0,1.0,0.8,skip,attack_already_active,1785296274.4740736,1785296274474073518,1384942690772699,17.4,53.36328125,-1.0,0,0
2026-07-28T23:37:54.609,10.42.0.145,10.42.0.1|10.42.0.47,34,3,UPLOAD,0.9841010226033655,UPLOAD,0.9841010226033655,0,39,1.0,0,0.0,0.0,0,0,0.0,0.0,0.5036766434469779,0,0,1,0,0,0,0,0,0.4375,0.05,1.0,0.0,0.8,skip,attack_already_active,1785296274.6097298,1785296274609729718,1384942826428737,17.4,53.36328125,-1.0,0,0
2026-07-28T23:37:55.121,10.42.0.18,10.42.0.1|10.42.0.47,55,3,UPLOAD,0.9854688349332961,UPLOAD,0.9854688349332961,0,39,1.0,0,0.0,0.0,0,0,0.0,0.0,0.31434604545314804,0,0,0,0,0,0,0,0,0.4375,0.05,1.0,0.0,0.8,skip,already_attacked_this_round,1785296275.1214263,1785296275121426494,1384943338125105,31.6,53.36328125,-1.0,0,0
2026-07-28T23:37:55.126,10.42.0.59,10.42.0.1|10.42.0.47,30,3,UPLOAD,0.9841010226033655,UPLOAD,0.9841010226033655,0,39,1.0,0,0.0,0.0,0,0,0.0,0.0,0.5459522308600926,0,0,0,0,0,0,0,0,0.4375,0.05,1.0,0.0,0.8,skip,already_attacked_this_round,1785296275.126533,1785296275126533062,1384943343232080,31.6,53.36328125,-1.0,0,0
2026-07-28T23:37:55.255,10.42.0.210,10.42.0.1|10.42.0.47,74,3,UPLOAD,0.95,UPLOAD,0.95,1,1448,100.0,1,0.0,1448.0,0,1,0.0,1.0,0.34407250796707567,0,0,0,1,1,1,1,1,0.9525,0.95,1.0,1.0,0.8,trigger,training_upload_trigger_confirmed,1785296275.2559376,1785296275255937614,1384943472637934,31.6,53.36328125,6.450548,1785296275262391181,1384943479088482
2026-07-28T23:37:55.258,10.42.0.210,10.42.0.1|10.42.0.47,74,3,UPLOAD,0.9841010226033655,UPLOAD,0.9841010226033655,1,1448,100.0,2,0.0,2896.0,0,2,0.0,1.0,0.2990437889956167,0,0,1,1,1,1,1,1,0.9699999999999999,1.0,1.0,1.0,0.8,skip,attack_already_active,1785296275.2582996,1785296275258299591,1384943474998242,31.6,53.36328125,-1.0,0,0
2026-07-28T23:37:55.259,10.42.0.210,10.42.0.1|10.42.0.47,74,3,UPLOAD,0.9854688349332961,UPLOAD,0.9854688349332961,1,1448,100.0,3,0.0,4344.0,0,3,0.0,1.0,0.2598548929467188,0,0,1,1,1,1,1,1,0.9699999999999999,1.0,1.0,1.0,0.8,skip,attack_already_active,1785296275.2599497,1785296275259949616,1384943476648742,31.6,53.36328125,-1.0,0,0
2026-07-28T23:37:55.261,10.42.0.210,10.42.0.1|10.42.0.47,74,3,UPLOAD,0.9855076450773014,UPLOAD,0.9855076450773014,1,1448,100.0,4,0.0,5792.0,0,4,0.0,1.0,0.22577533218658952,0,0,1,1,1,1,1,1,0.9699999999999999,1.0,1.0,1.0,0.8,skip,attack_already_active,1785296275.2611842,1785296275261184340,1384943477883057,31.6,53.36328125,-1.0,0,0
2026-07-28T23:37:55.262,10.42.0.210,10.42.0.1|10.42.0.47,74,3,UPLOAD,0.9855086980780915,UPLOAD,0.9855086980780915,1,1448,100.0,5,0.0,7240.0,0,5,0.0,1.0,0.1962464691620893,0,0,1,1,1,1,1,1,0.9699999999999999,1.0,1.0,1.0,0.8,skip,attack_already_active,1785296275.2628732,1785296275262873090,1384943479571755,17.9,53.36328125,-1.0,0,0
2026-07-28T23:37:55.263,10.42.0.210,10.42.0.1|10.42.0.47,74,3,UPLOAD,0.9855087254685951,UPLOAD,0.9855087254685951,1,1448,100.0,6,0.0,8688.0,0,6,0.0,1.0,0.17053074676970564,0,0,1,1,1,1,1,1,0.9699999999999999,1.0,1.0,1.0,0.8,skip,attack_already_active,1785296275.2639701,1785296275263970129,1384943480668894,17.9,53.36328125,-1.0,0,0
2026-07-28T23:37:55.265,10.42.0.210,10.42.0.1|10.42.0.47,74,3,UPLOAD,0.9855087261493067,UPLOAD,0.9855087261493067,1,1448,100.0,7,0.0,10136.0,0,7,0.0,1.0,0.14826807445488646,0,0,1,1,1,1,1,1,0.9699999999999999,1.0,1.0,1.0,0.8,skip,attack_already_active,1785296275.2655556,1785296275265555690,1384943482254442,17.9,53.36328125,-1.0,0,0
2026-07-28T23:37:55.266,10.42.0.210,10.42.0.1|10.42.0.47,74,3,UPLOAD,0.9855087261653082,UPLOAD,0.9855087261653082,1,1448,100.0,8,0.0,11584.0,0,8,0.0,1.0,0.12888008334516216,0,0,1,1,1,1,1,1,0.9699999999999999,1.0,1.0,1.0,0.8,skip,attack_already_active,1785296275.2666936,1785296275266693676,1384943483392484,17.9,53.36328125,-1.0,0,0
2026-07-28T23:37:55.268,10.42.0.210,10.42.0.1|10.42.0.47,74,3,UPLOAD,0.985508726165656,UPLOAD,0.985508726165656,1,1448,100.0,9,0.0,13032.0,0,9,0.0,1.0,0.11209817637728631,0,0,1,1,1,1,1,1,0.9699999999999999,1.0,1.0,1.0,0.8,skip,attack_already_active,1785296275.2682204,1785296275268220433,1384943484918734,17.9,53.36328125,-1.0,0,0
2026-07-28T23:37:55.269,10.42.0.210,10.42.0.1|10.42.0.47,74,3,UPLOAD,0.9855087261656625,UPLOAD,0.9855087261656625,1,1448,100.0,10,0.0,14480.0,0,10,0.0,1.0,0.09753539356833935,0,0,1,1,1,1,1,1,0.9699999999999999,1.0,1.0,1.0,0.8,skip,attack_already_active,1785296275.2698057,1785296275269805528,1384943486504660,17.9,53.36328125,-1.0,0,0
2026-07-28T23:37:55.271,10.42.0.210,10.42.0.1|10.42.0.47,74,3,UPLOAD,0.9855087261656628,UPLOAD,0.9855087261656628,1,1448,100.0,11,0.0,15928.0,0,11,0.0,1.0,0.08496525630500455,0,0,1,1,1,1,1,1,0.9699999999999999,1.0,1.0,1.0,0.8,skip,attack_already_active,1785296275.2719498,1785296275271949812,1384943488650405,17.9,53.36328125,-1.0,0,0
2026-07-28T23:37:55.273,10.42.0.210,10.42.0.1|10.42.0.47,74,3,UPLOAD,0.95,UPLOAD,0.95,1,1448,100.0,12,0.0,17376.0,0,12,0.0,1.0,0.07395103767846163,0,0,1,1,1,1,1,1,0.9699999999999999,1.0,1.0,1.0,0.8,skip,attack_already_active,1785296275.2733312,1785296275273331127,1384943490030745,17.9,53.36328125,-1.0,0,0
2026-07-28T23:37:55.275,10.42.0.210,10.42.0.1|10.42.0.47,74,3,UPLOAD,0.95,UPLOAD,0.95,1,1448,100.0,13,0.0,18824.0,0,13,0.0,1.0,0.06443596643258914,0,0,1,1,1,1,1,1,0.9699999999999999,1.0,1.0,1.0,0.8,skip,attack_already_active,1785296275.275075,1785296275275075024,1384943491774001,17.9,53.36328125,-1.0,0,0
2026-07-28T23:37:55.276,10.42.0.210,10.42.0.1|10.42.0.47,74,3,UPLOAD,0.95,UPLOAD,0.95,1,1448,100.0,14,0.0,20272.0,0,14,0.0,1.0,0.056104332069329015,0,0,1,1,1,1,1,1,0.9699999999999999,1.0,1.0,1.0,0.8,skip,attack_already_active,1785296275.2762845,1785296275276284401,1384943492983319,17.9,53.36328125,-1.0,0,0
2026-07-28T23:37:55.278,10.42.0.210,10.42.0.1|10.42.0.47,74,3,UPLOAD,0.95,UPLOAD,0.95,1,1448,100.0,15,0.0,21720.0,0,15,0.0,1.0,0.04898630498319018,0,0,1,1,1,1,1,1,0.9699999999999999,1.0,1.0,1.0,0.8,skip,attack_already_active,1785296275.278372,1785296275278371983,1384943495071299,17.9,53.36328125,-1.0,0,0
2026-07-28T23:37:55.279,10.42.0.210,10.42.0.1|10.42.0.47,74,3,UPLOAD,0.95,UPLOAD,0.95,1,1448,100.0,16,0.0,23168.0,0,16,0.0,1.0,0.04268661436517125,0,0,1,1,1,1,1,1,0.9699999999999999,1.0,1.0,1.0,0.8,skip,attack_already_active,1785296275.2795517,1785296275279551782,1384943496251079,17.9,53.36328125,-1.0,0,0
2026-07-28T23:37:55.281,10.42.0.210,10.42.0.1|10.42.0.47,74,3,UPLOAD,0.95,UPLOAD,0.95,1,1448,100.0,17,0.0,24616.0,0,17,0.0,1.0,0.03727527872529156,0,0,1,1,1,1,1,1,0.9699999999999999,1.0,1.0,1.0,0.8,skip,attack_already_active,1785296275.2811732,1785296275281173370,1384943497872192,17.9,53.36328125,-1.0,0,0
2026-07-28T23:37:55.282,10.42.0.210,10.42.0.1|10.42.0.47,74,3,UPLOAD,0.95,UPLOAD,0.95,1,1448,100.0,18,0.0,26064.0,0,18,0.0,1.0,0.032503344970412386,0,0,1,1,1,1,1,1,0.9699999999999999,1.0,1.0,1.0,0.8,skip,attack_already_active,1785296275.2822356,1785296275282235733,1384943498934197,17.9,53.36328125,-1.0,0,0
2026-07-28T23:37:55.283,10.42.0.210,10.42.0.1|10.42.0.47,74,3,UPLOAD,0.95,UPLOAD,0.95,1,1448,100.0,19,0.0,27512.0,0,19,0.0,1.0,0.028423285136763596,0,0,1,1,1,1,1,1,0.9699999999999999,1.0,1.0,1.0,0.8,skip,attack_already_active,1785296275.2837765,1785296275283776386,1384943500475042,17.9,53.36328125,-1.0,0,0
2026-07-28T23:37:55.284,10.42.0.210,10.42.0.1|10.42.0.47,74,3,UPLOAD,0.95,UPLOAD,0.95,1,1448,100.0,20,0.0,28960.0,0,20,0.0,1.0,0.024819546096212307,0,0,1,1,1,1,1,1,0.9699999999999999,1.0,1.0,1.0,0.8,skip,attack_already_active,1785296275.284852,1785296275284851889,1384943501550451,17.9,53.36328125,-1.0,0,0
2026-07-28T23:37:55.286,10.42.0.210,10.42.0.1|10.42.0.47,74,3,UPLOAD,0.95,UPLOAD,0.95,1,1448,100.0,21,0.0,30408.0,0,21,0.0,1.0,0.02177328441253193,0,0,1,1,1,1,1,1,0.9699999999999999,1.0,1.0,1.0,0.8,skip,attack_already_active,1785296275.2865543,1785296275286554249,1384943503254148,17.9,53.36328125,-1.0,0,0
2026-07-28T23:37:55.287,10.42.0.210,10.42.0.1|10.42.0.47,74,3,UPLOAD,0.95,UPLOAD,0.95,1,1448,100.0,22,0.0,31856.0,0,22,0.0,1.0,0.019085148954347635,0,0,1,1,1,1,1,1,0.9699999999999999,1.0,1.0,1.0,0.8,skip,attack_already_active,1785296275.287928,1785296275287928120,1384943504627307,17.9,53.36328125,-1.0,0,0
2026-07-28T23:37:55.289,10.42.0.210,10.42.0.1|10.42.0.47,74,3,UPLOAD,0.95,UPLOAD,0.95,1,1448,100.0,23,0.0,33304.0,0,23,0.0,1.0,0.016801666176178995,0,0,1,1,1,1,1,1,0.9699999999999999,1.0,1.0,1.0,0.8,skip,attack_already_active,1785296275.2896845,1785296275289684361,1384943506383711,17.9,53.36328125,-1.0,0,0
2026-07-28T23:37:55.290,10.42.0.210,10.42.0.1|10.42.0.47,74,3,UPLOAD,0.95,UPLOAD,0.95,1,1448,100.0,24,0.0,34752.0,0,24,0.0,1.0,0.014740513006582008,0,0,1,1,1,1,1,1,0.9699999999999999,1.0,1.0,1.0,0.8,skip,attack_already_active,1785296275.2908447,1785296275290844709,1384943507543774,17.9,53.36328125,-1.0,0,0
2026-07-28T23:37:55.292,10.42.0.210,10.42.0.1|10.42.0.47,74,3,UPLOAD,0.95,UPLOAD,0.95,1,1448,100.0,25,0.0,36200.0,0,25,0.0,1.0,0.01301179144539584,0,0,1,1,1,1,1,1,0.9699999999999999,1.0,1.0,1.0,0.8,skip,attack_already_active,1785296275.2924664,1785296275292466491,1384943509165026,17.9,53.36328125,-1.0,0,0
2026-07-28T23:37:55.293,10.42.0.210,10.42.0.1|10.42.0.47,74,3,UPLOAD,0.95,UPLOAD,0.95,1,1448,100.0,26,0.0,37648.0,0,26,0.0,1.0,0.011435720633605019,0,0,1,1,1,1,1,1,0.9699999999999999,1.0,1.0,1.0,0.8,skip,attack_already_active,1785296275.2935178,1785296275293517786,1384943510216205,17.9,53.36328125,-1.0,0,0
2026-07-28T23:37:55.295,10.42.0.210,10.42.0.1|10.42.0.47,74,3,UPLOAD,0.95,UPLOAD,0.95,1,1448,100.0,27,0.0,39096.0,0,27,0.0,1.0,0.010126714756052814,0,0,1,1,1,1,1,1,0.9699999999999999,1.0,1.0,1.0,0.8,skip,attack_already_active,1785296275.2950199,1785296275295019650,1384943511718129,17.9,53.36328125,-1.0,0,0
2026-07-28T23:37:55.296,10.42.0.210,10.42.0.1|10.42.0.47,74,3,UPLOAD,0.95,UPLOAD,0.95,1,1448,100.0,28,0.0,40544.0,0,28,0.0,1.0,0.008926047935206845,0,0,1,1,1,1,1,1,0.9699999999999999,1.0,1.0,1.0,0.8,skip,attack_already_active,1785296275.296035,1785296275296034986,1384943512733489,17.9,53.36328125,-1.0,0,0
2026-07-28T23:37:55.297,10.42.0.210,10.42.0.1|10.42.0.47,74,3,UPLOAD,0.95,UPLOAD,0.95,1,1448,100.0,29,0.0,41992.0,0,29,0.0,1.0,0.007946181970236239,0,0,1,1,1,1,1,1,0.9699999999999999,1.0,1.0,1.0,0.8,skip,attack_already_active,1785296275.2975252,1785296275297525149,1384943514223698,17.9,53.36328125,-1.0,0,0
2026-07-28T23:37:55.298,10.42.0.210,10.42.0.1|10.42.0.47,74,3,UPLOAD,0.95,UPLOAD,0.95,1,1448,100.0,30,0.0,43440.0,0,30,0.0,1.0,0.007092923923753845,0,0,1,1,1,1,1,1,0.9699999999999999,1.0,1.0,1.0,0.8,skip,attack_already_active,1785296275.2989962,1785296275298996313,1384943515694912,17.9,53.36328125,-1.0,0,0
2026-07-28T23:37:55.300,10.42.0.210,10.42.0.1|10.42.0.47,74,3,UPLOAD,0.95,UPLOAD,0.95,1,1448,100.0,31,0.0,44888.0,0,31,0.0,1.0,0.00635423989183489,0,0,1,1,1,1,1,1,0.9699999999999999,1.0,1.0,1.0,0.8,skip,attack_already_active,1785296275.3004835,1785296275300483689,1384943517182066,17.9,53.36328125,-1.0,0,0
2026-07-28T23:37:55.302,10.42.0.210,10.42.0.1|10.42.0.47,74,3,UPLOAD,0.95,UPLOAD,0.95,1,1448,100.0,32,0.0,46336.0,0,32,0.0,1.0,0.005784527413895172,0,0,1,1,1,1,1,1,0.9699999999999999,1.0,1.0,1.0,0.8,skip,attack_already_active,1785296275.3025143,1785296275302514440,1384943519213595,17.9,53.36328125,-1.0,0,0
2026-07-28T23:37:55.303,10.42.0.210,10.42.0.1|10.42.0.47,74,3,UPLOAD,0.95,UPLOAD,0.95,1,1448,100.0,33,0.0,47784.0,0,33,0.0,1.0,0.005196767079604989,0,0,1,1,1,1,1,1,0.9699999999999999,1.0,1.0,1.0,0.8,skip,attack_already_active,1785296275.3038385,1785296275303838591,1384943520537809,17.9,53.36328125,-1.0,0,0
2026-07-28T23:37:55.305,10.42.0.210,10.42.0.1|10.42.0.47,74,3,UPLOAD,0.95,UPLOAD,0.95,1,1448,100.0,34,0.0,49232.0,0,34,0.0,1.0,0.004670467053000714,0,0,1,1,1,1,1,1,0.9699999999999999,1.0,1.0,1.0,0.8,skip,attack_already_active,1785296275.3050413,1785296275305041350,1384943521740354,17.9,53.36328125,-1.0,0,0
2026-07-28T23:37:55.306,10.42.0.210,10.42.0.1|10.42.0.47,74,3,UPLOAD,0.9515949334910662,UPLOAD,0.9515949334910662,1,1364,100.0,35,0.0,50596.0,0,35,0.0,1.0,0.004199319231137297,0,0,1,1,1,1,1,1,0.9699999999999999,1.0,1.0,1.0,0.8,skip,attack_already_active,1785296275.3061364,1785296275306136338,1384943522835183,17.9,53.36328125,-1.0,0,0
2026-07-28T23:37:55.309,10.42.0.1,10.42.0.1|10.42.0.47,75,3,UPLOAD,0.9848615782344142,UPLOAD,0.9848615782344142,1,7240,100.0,9,0.0,88106.0,0,9,0.0,1.0,0.02204020032169682,1,0,1,1,1,1,1,1,0.9699999999999999,1.0,1.0,1.0,0.8,skip,attack_already_active,1785296275.309942,1785296275309942102,1384943526640640,17.9,53.36328125,-1.0,0,0
2026-07-28T23:37:55.311,10.42.0.1,10.42.0.1|10.42.0.47,75,3,UPLOAD,0.9849269601292814,UPLOAD,0.9849269601292814,1,7240,100.0,10,0.0,95346.0,0,10,0.0,1.0,0.019281233319743796,1,0,1,1,1,1,1,1,0.9699999999999999,1.0,1.0,1.0,0.8,skip,attack_already_active,1785296275.3110452,1785296275311045173,1384943527743777,17.9,53.36328125,-1.0,0,0
2026-07-28T23:37:55.312,10.42.0.1,10.42.0.1|10.42.0.47,75,3,UPLOAD,0.9849720331873876,UPLOAD,0.9849720331873876,1,10136,100.0,11,0.0,105482.0,0,11,0.0,1.0,0.016947405992831573,1,0,1,1,1,1,1,1,0.9699999999999999,1.0,1.0,1.0,0.8,skip,attack_already_active,1785296275.3126156,1785296275312615783,1384943529314380,17.9,53.36328125,-1.0,0,0
2026-07-28T23:37:55.313,10.42.0.1,10.42.0.1|10.42.0.47,75,3,UPLOAD,0.9848633642688621,UPLOAD,0.9848633642688621,1,4344,100.0,12,0.0,109826.0,0,12,0.0,1.0,0.014853475684258387,1,0,1,1,1,1,1,1,0.9699999999999999,1.0,1.0,1.0,0.8,skip,attack_already_active,1785296275.3136728,1785296275313672577,1384943530370963,17.9,53.36328125,-1.0,0,0
2026-07-28T23:37:55.315,10.42.0.1,10.42.0.1|10.42.0.47,75,3,UPLOAD,0.985151353754671,UPLOAD,0.985151353754671,1,14480,100.0,13,0.0,124306.0,0,13,0.0,1.0,0.013101260136267397,1,0,1,1,1,1,1,1,0.9699999999999999,1.0,1.0,1.0,0.8,skip,attack_already_active,1785296275.3152292,1785296275315229119,1384943531927486,17.9,53.36328125,-1.0,0,0
2026-07-28T23:37:55.316,10.42.0.1,10.42.0.1|10.42.0.47,75,3,UPLOAD,0.9853458918852881,UPLOAD,0.9853458918852881,1,14480,100.0,14,0.0,138786.0,0,14,0.0,1.0,0.01158060162842807,1,0,1,1,1,1,1,1,0.9699999999999999,1.0,1.0,1.0,0.8,skip,attack_already_active,1785296275.3167906,1785296275316790598,1384943533489115,17.9,53.36328125,-1.0,0,0
2026-07-28T23:37:55.319,10.42.0.1,10.42.0.1|10.42.0.47,75,3,UPLOAD,0.9852435726566292,UPLOAD,0.9852435726566292,1,5792,100.0,15,0.0,144578.0,0,15,0.0,1.0,0.01039237476287424,1,0,1,1,1,1,1,1,0.9699999999999999,1.0,1.0,1.0,0.8,skip,attack_already_active,1785296275.319354,1785296275319354121,1384943536054247,17.9,53.36328125,-1.0,0,0
2026-07-28T23:37:55.320,10.42.0.1,10.42.0.1|10.42.0.47,75,3,UPLOAD,0.9850979371301738,UPLOAD,0.9850979371301738,1,8688,100.0,16,0.0,153266.0,0,16,0.0,1.0,0.009196663772359445,1,0,1,1,1,1,1,1,0.9699999999999999,1.0,1.0,1.0,0.8,skip,attack_already_active,1785296275.3206725,1785296275320672575,1384943537371383,17.9,53.36328125,-1.0,0,0
2026-07-28T23:37:55.321,10.42.0.1,10.42.0.1|10.42.0.47,75,3,UPLOAD,0.9846352477391657,UPLOAD,0.9846352477391657,1,7143,100.0,17,0.0,160409.0,0,17,0.0,1.0,0.008138032764433357,1,0,1,1,1,1,1,1,0.9699999999999999,1.0,1.0,1.0,0.8,skip,attack_already_active,1785296275.3218355,1785296275321835627,1384943538534296,17.9,53.36328125,-1.0,0,0
2026-07-28T23:37:55.591,10.42.0.1,,76,1,DOWNLOAD,0.9796157042026589,DOWNLOAD,0.9796157042026589,-1,1448,54.933011012477195,10,1448.0,79543.0,1,9,0.017878529713178007,0.982121470286822,0.053891393441100735,0,0,0,0,1,0,0,0,0.44,0.8500000000000001,0.0,0.6000000000000001,0.15,skip,training_upload_trigger_not_confirmed,1785296275.5917478,1785296275591747925,1384943808447127,17.9,53.36328125,-1.0,0,0
2026-07-28T23:37:55.592,10.42.0.1,,76,1,DOWNLOAD,0.95,DOWNLOAD,0.95,-1,5792,10.986602208565385,11,7240.0,79543.0,2,9,0.08342647753592293,0.9165735224640771,0.04694967300964677,0,0,0,0,1,0,0,0,0.44,0.8500000000000001,0.0,0.6000000000000001,0.15,skip,training_upload_trigger_not_confirmed,1785296275.5929604,1785296275592960302,1384943809662357,17.9,53.36328125,-1.0,0,0
2026-07-28T23:37:55.594,10.42.0.1,,76,1,DOWNLOAD,0.95,DOWNLOAD,0.95,-1,7240,5.493301104662065,12,14480.0,79543.0,3,9,0.15400487114854877,0.8459951288514512,0.04100378262055545,0,0,0,0,1,0,0,0,0.44,0.8500000000000001,0.0,0.6000000000000001,0.15,skip,training_upload_trigger_not_confirmed,1785296275.5947883,1785296275594788363,1384943811487686,17.9,53.36328125,-1.0,0,0
2026-07-28T23:37:55.596,10.42.0.1,,76,1,DOWNLOAD,0.95,DOWNLOAD,0.95,-1,7240,3.662200736525681,13,21720.0,79543.0,4,9,0.21449097893603783,0.7855090210639621,0.03582526019340816,0,0,0,0,1,0,0,0,0.44,0.8500000000000001,0.0,0.6000000000000001,0.15,skip,training_upload_trigger_not_confirmed,1785296275.5964937,1785296275596493772,1384943813192467,17.9,53.36328125,-1.0,0,0
2026-07-28T23:37:55.597,10.42.0.1,,76,1,DOWNLOAD,0.95,DOWNLOAD,0.95,-1,7240,2.746650552425875,14,28960.0,79543.0,5,9,0.2669050625328332,0.7330949374671668,0.031262058484965,0,0,0,0,1,0,0,0,0.4,0.8500000000000001,0.0,0.4,0.15,skip,training_upload_trigger_not_confirmed,1785296275.59769,1785296275597690212,1384943814389326,17.9,53.36328125,-1.0,0,0
2026-07-28T23:37:55.599,10.42.0.1,,76,1,DOWNLOAD,0.95,DOWNLOAD,0.95,-1,14480,1.831100368304993,15,43440.0,79543.0,6,9,0.35321955066960475,0.6467804493303952,0.02739992076173488,0,0,0,0,1,0,0,0,0.4,0.8500000000000001,0.0,0.4,0.15,skip,training_upload_trigger_not_confirmed,1785296275.5996435,1785296275599643410,1384943816342185,17.9,53.36328125,-1.0,0,0
2026-07-28T23:37:55.601,10.42.0.1,,76,1,DOWNLOAD,0.95,DOWNLOAD,0.95,-1,14480,1.3733252762366484,16,57920.0,79543.0,7,9,0.4213497450222969,0.5786502549777031,0.02400100174962504,0,0,0,0,1,0,0,0,0.32,0.8500000000000001,0.0,0.0,0.15,skip,training_upload_trigger_not_confirmed,1785296275.60125,1785296275601250034,1384943817948762,17.9,53.36328125,-1.0,0,0
2026-07-28T23:37:55.602,10.42.0.1,,76,1,DOWNLOAD,0.95,DOWNLOAD,0.95,-1,7240,1.2207335788793625,17,65160.0,79543.0,8,9,0.4503016523499858,0.5496983476500141,0.020978341626716725,0,0,0,0,1,0,0,0,0.32,0.8500000000000001,0.0,0.0,0.15,skip,training_upload_trigger_not_confirmed,1785296275.6023128,1785296275602312712,1384943819011300,17.9,53.36328125,-1.0,0,0
2026-07-28T23:37:55.603,10.42.0.1,,76,1,DOWNLOAD,0.95,DOWNLOAD,0.95,-1,7240,1.0986602209931124,18,72400.0,79543.0,9,9,0.4764944749017724,0.5235055250982277,0.01835760394621522,0,0,0,0,1,0,0,0,0.30250000000000005,0.8000000000000002,0.0,0.0,0.15,skip,training_upload_trigger_not_confirmed,1785296275.603403,1785296275603403130,1384943820101613,17.9,53.36328125,-1.0,0,0
2026-07-28T23:37:55.604,10.42.0.1,,76,1,DOWNLOAD,0.95,DOWNLOAD,0.95,-1,7240,0.9987820190859018,19,79640.0,79543.0,10,9,0.5003046807762136,0.49969531922378646,0.016078945163305932,0,0,0,0,1,0,0,0,0.30250000000000005,0.8000000000000002,0.0,0.0,0.15,skip,training_upload_trigger_not_confirmed,1785296275.6044686,1785296275604468602,1384943821166937,17.9,53.36328125,-1.0,0,0
2026-07-28T23:37:55.605,10.42.0.1,,76,1,DOWNLOAD,0.95,DOWNLOAD,0.95,-1,14480,0.8451232469204726,20,94120.0,79543.0,11,9,0.54196921624065,0.45803078375935,0.014102346227514446,0,0,0,0,1,0,0,0,0.30250000000000005,0.8000000000000002,0.0,0.0,0.15,skip,training_upload_trigger_not_confirmed,1785296275.6055477,1785296275605547743,1384943822246102,17.9,53.36328125,-1.0,0,0
2026-07-28T23:37:55.606,10.42.0.1,,76,1,DOWNLOAD,0.95,DOWNLOAD,0.95,-1,21720,0.6866626381242519,21,115840.0,79543.0,12,9,0.5928867915837099,0.40711320841629006,0.012388348955242469,0,0,0,0,1,0,0,0,0.28500000000000003,0.7500000000000001,0.0,0.0,0.15,skip,training_upload_trigger_not_confirmed,1785296275.606643,1785296275606643030,1384943823341610,17.9,53.36328125,-1.0,0,0
2026-07-28T23:37:55.612,10.42.0.1,,76,1,DOWNLOAD,0.95,DOWNLOAD,0.95,-1,14050,0.6123874047300609,22,129890.0,79543.0,13,9,0.6201983450554592,0.3798016549445407,0.011481781765113858,0,0,0,0,1,0,0,0,0.28500000000000003,0.7500000000000001,0.0,0.0,0.15,skip,training_upload_trigger_not_confirmed,1785296275.6121516,1785296275612151663,1384943828851156,17.9,53.36328125,-1.0,0,0
2026-07-28T23:37:55.614,10.42.0.1,,76,1,DOWNLOAD,0.95,DOWNLOAD,0.95,-1,14480,0.5509662672331441,23,144370.0,79543.0,14,9,0.6447593484969609,0.35524065150303913,0.010268404594397531,0,0,0,0,1,0,0,0,0.28500000000000003,0.7500000000000001,0.0,0.0,0.15,skip,training_upload_trigger_not_confirmed,1785296275.6144254,1785296275614425429,1384943831124784,17.9,53.36328125,-1.0,0,0
2026-07-28T23:37:55.616,10.42.0.1,,76,1,DOWNLOAD,0.95,DOWNLOAD,0.95,-1,14480,0.5007428391595797,24,158850.0,79543.0,15,9,0.6663366793488064,0.33366332065119364,0.009134647890277268,0,0,0,0,1,0,0,0,0.28500000000000003,0.7500000000000001,0.0,0.0,0.15,skip,training_upload_trigger_not_confirmed,1785296275.61609,1785296275616090213,1384943832789460,17.9,53.36328125,-1.0,0,0
2026-07-28T23:37:55.617,10.42.0.1,,76,1,DOWNLOAD,0.95,DOWNLOAD,0.95,-1,14480,0.4589107482867425,25,173330.0,79543.0,16,9,0.6854428903046194,0.3145571096953807,0.00816801083320496,0,0,0,0,1,0,0,0,0.28500000000000003,0.7500000000000001,0.0,0.0,0.15,skip,training_upload_trigger_not_confirmed,1785296275.6178892,1785296275617889162,1384943834588192,17.9,53.36328125,-1.0,0,0
2026-07-28T23:37:55.619,10.42.0.1,,76,1,DOWNLOAD,0.95,DOWNLOAD,0.95,-1,14480,0.4235290985601217,26,187810.0,79543.0,17,9,0.7024794934038519,0.29752050659614815,0.00724712924361545,0,0,0,0,1,0,0,0,0.28500000000000003,0.7500000000000001,0.0,0.0,0.15,skip,training_upload_trigger_not_confirmed,1785296275.6190689,1785296275619068884,1384943835767412,17.9,53.36328125,-1.0,0,0
2026-07-28T23:37:55.620,10.42.0.145,,34,1,DOWNLOAD,0.95,DOWNLOAD,0.95,-1,7300,1.3698630135109776e-10,1,7300.0,0.0,1,0,1.0,0.0,0.5704692994900553,0,0,0,0,0,0,0,0,0.0225,0.0,0.0,0.0,0.15,skip,already_attacked_this_round,1785296275.6202774,1785296275620277627,1384943836976151,17.9,53.36328125,-1.0,0,0
2026-07-28T23:37:55.621,10.42.0.1,,76,1,DOWNLOAD,0.95,DOWNLOAD,0.95,-1,15498,0.391243827102764,27,203308.0,79543.0,18,9,0.7187812664618474,0.2812187335381526,0.006585456245615904,0,0,0,0,1,0,0,0,0.28500000000000003,0.7500000000000001,0.0,0.0,0.15,skip,training_upload_trigger_not_confirmed,1785296275.6212947,1785296275621294749,1384943837993288,17.9,53.36328125,-1.0,0,0
2026-07-28T23:37:55.622,10.42.0.1,,76,1,DOWNLOAD,0.95,DOWNLOAD,0.95,-1,21720,0.3534804557683778,28,225028.0,79543.0,19,9,0.7388359364483158,0.26116406355168414,0.005821558858810952,0,0,0,0,1,0,0,0,0.28500000000000003,0.7500000000000001,0.0,0.0,0.15,skip,training_upload_trigger_not_confirmed,1785296275.6220832,1785296275622083121,1384943838781471,17.9,53.36328125,-1.0,0,0
2026-07-28T23:37:55.623,10.42.0.1,,76,1,DOWNLOAD,0.95,DOWNLOAD,0.95,-1,21720,0.32236532819182984,29,246748.0,79543.0,20,9,0.7562206741834743,0.24377932581652573,0.005217577014677274,0,0,0,0,1,0,0,0,0.28500000000000003,0.7500000000000001,0.0,0.0,0.15,skip,training_upload_trigger_not_confirmed,1785296275.6233213,1785296275623321228,1384943840020487,17.9,53.36328125,-1.0,0,0
2026-07-28T23:37:55.624,10.42.0.210,,75,1,DOWNLOAD,0.9843007263069133,DOWNLOAD,0.9843007263069133,-1,10136,4.991712706788505,36,10136.0,50596.0,1,35,0.1668971876440756,0.8331028123559244,0.04542027342814719,0,0,0,0,1,0,0,0,0.44,0.8500000000000001,0.0,0.6000000000000001,0.15,skip,training_upload_trigger_not_confirmed,1785296275.6247802,1785296275624780319,1384943841478658,17.9,53.36328125,-1.0,0,0
2026-07-28T23:37:55.625,10.42.0.1,,76,1,DOWNLOAD,0.95,DOWNLOAD,0.95,-1,14024,0.3050289141498894,30,260772.0,79543.0,21,9,0.7662665471695341,0.2337334528304659,0.004843203031900348,0,0,0,0,1,0,0,0,0.28500000000000003,0.7500000000000001,0.0,0.0,0.15,skip,training_upload_trigger_not_confirmed,1785296275.6256979,1785296275625697715,1384943842396631,17.9,53.36328125,-1.0,0,0
2026-07-28T23:37:55.627,10.42.0.18,,56,1,DOWNLOAD,0.95,DOWNLOAD,0.95,-1,7300,1.3698630135109776e-10,1,7300.0,0.0,1,0,1.0,0.0,0.3242668417748064,0,0,0,0,0,0,0,0,0.0225,0.0,0.0,0.0,0.15,skip,training_upload_trigger_not_confirmed,1785296275.6272893,1785296275627289396,1384943843987862,17.9,53.36328125,-1.0,0,0
2026-07-28T23:37:55.628,10.42.0.18,,56,1,DOWNLOAD,0.95,DOWNLOAD,0.95,-1,7300,6.84931506802402e-11,2,14600.0,0.0,2,0,1.0,0.0,0.28168447595303675,0,0,0,0,0,0,0,0,0.0225,0.0,0.0,0.0,0.15,skip,training_upload_trigger_not_confirmed,1785296275.6284103,1785296275628410313,1384943845108817,17.9,53.36328125,-1.0,0,0
2026-07-28T23:37:55.629,10.42.0.1,,76,1,DOWNLOAD,0.95,DOWNLOAD,0.95,-1,14024,0.28946200090507335,31,274796.0,79543.0,22,9,0.77551723067458,0.22448276932542,0.004771606805981205,0,0,0,0,1,0,0,0,0.28500000000000003,0.7500000000000001,0.0,0.0,0.15,skip,training_upload_trigger_not_confirmed,1785296275.6299977,1785296275629997717,1384943846696383,17.9,53.36328125,-1.0,0,0
2026-07-28T23:37:55.631,10.42.0.59,,30,1,DOWNLOAD,0.95,DOWNLOAD,0.95,-1,7300,1.3698630135109776e-10,1,7300.0,0.0,1,0,1.0,0.0,0.5335063957844959,0,0,0,0,0,0,0,0,0.0225,0.0,0.0,0.0,0.15,skip,already_attacked_this_round,1785296275.6316392,1785296275631639200,1384943848337667,17.9,53.36328125,-1.0,0,0
2026-07-28T23:37:55.632,10.42.0.59,,30,1,DOWNLOAD,0.95,DOWNLOAD,0.95,-1,7300,6.84931506802402e-11,2,14600.0,0.0,2,0,1.0,0.0,0.46335540039902445,0,0,0,0,0,0,0,0,0.0225,0.0,0.0,0.0,0.15,skip,already_attacked_this_round,1785296275.6327891,1785296275632789327,1384943849487791,17.9,53.36328125,-1.0,0,0
2026-07-28T23:37:55.634,10.42.0.210,,75,1,DOWNLOAD,0.95,DOWNLOAD,0.95,-1,14480,2.055411114679257,37,24616.0,50596.0,2,35,0.3272881986916981,0.6727118013083019,0.0407563032140834,0,0,0,0,1,0,0,0,0.32,0.8500000000000001,0.0,0.0,0.15,skip,training_upload_trigger_not_confirmed,1785296275.6348069,1785296275634806736,1384943851505573,17.9,53.36328125,-1.0,0,0
2026-07-28T23:37:55.636,10.42.0.210,,75,1,DOWNLOAD,0.9557926560077417,DOWNLOAD,0.9557926560077417,-1,5792,1.6639042357056069,38,30408.0,50596.0,3,35,0.37538886968544766,0.6246111303145524,0.03559590879523753,0,0,0,0,1,0,0,0,0.32,0.8500000000000001,0.0,0.0,0.15,skip,training_upload_trigger_not_confirmed,1785296275.6364024,1785296275636402428,1384943853101523,17.9,53.36328125,-1.0,0,0
2026-07-28T23:37:55.637,10.42.0.210,,75,1,DOWNLOAD,0.9846998846180315,DOWNLOAD,0.9846998846180315,-1,8688,1.2941477388915963,39,39096.0,50596.0,4,35,0.43589171832493423,0.5641082816750658,0.031065286056574756,0,0,0,0,1,0,0,0,0.32,0.8500000000000001,0.0,0.0,0.15,skip,training_upload_trigger_not_confirmed,1785296275.6376166,1785296275637616763,1384943854315651,17.9,53.36328125,-1.0,0,0
2026-07-28T23:37:55.638,10.42.0.210,,75,1,DOWNLOAD,0.9854895428954357,DOWNLOAD,0.9854895428954357,-1,6784,1.102789886658614,40,45880.0,50596.0,5,35,0.4755586881711514,0.5244413118288487,0.027126091410849575,0,0,0,0,1,0,0,0,0.30250000000000005,0.8000000000000002,0.0,0.0,0.15,skip,training_upload_trigger_not_confirmed,1785296275.6387885,1785296275638788412,1384943855486904,17.9,53.36328125,-1.0,0,0
2026-07-28T23:37:55.640,10.42.0.145,,34,1,DOWNLOAD,0.95,DOWNLOAD,0.95,-1,14600,4.566210045453598e-11,2,21900.0,0.0,2,0,1.0,0.0,0.4979381893760674,0,0,0,0,0,0,0,0,0.0225,0.0,0.0,0.0,0.15,skip,already_attacked_this_round,1785296275.6403282,1785296275640328311,1384943857026875,83.8,53.36328125,-1.0,0,0
2026-07-28T23:37:55.641,10.42.0.145,,34,1,DOWNLOAD,0.95,DOWNLOAD,0.95,-1,14600,2.739726027322199e-11,3,36500.0,0.0,3,0,1.0,0.0,0.43242221098121025,0,0,0,0,0,0,0,0,0.0225,0.0,0.0,0.0,0.15,skip,already_attacked_this_round,1785296275.6410837,1785296275641083652,1384943857782048,83.8,53.36328125,-1.0,0,0
2026-07-28T23:37:55.642,10.42.0.47,,76,1,DOWNLOAD,0.95,DOWNLOAD,0.95,-1,5792,1.7265193367184875e-10,1,5792.0,0.0,1,0,1.0,0.0,0.19862278731632602,0,0,0,0,0,0,0,0,0.0225,0.0,0.0,0.0,0.15,skip,training_upload_trigger_not_confirmed,1785296275.6421795,1785296275642179580,1384943858879195,83.8,53.36328125,-1.0,0,0
2026-07-28T23:37:55.645,10.42.0.47,,76,1,DOWNLOAD,0.9829981496648164,DOWNLOAD,0.9829981496648164,-1,8688,6.90607734758936e-11,2,14480.0,0.0,2,0,1.0,0.0,0.172868327145881,0,0,0,0,0,0,0,0,0.0225,0.0,0.0,0.0,0.15,skip,training_upload_trigger_not_confirmed,1785296275.6453588,1785296275645358736,1384943862057475,83.8,53.36328125,-1.0,0,0
2026-07-28T23:37:55.646,10.42.0.47,,76,1,DOWNLOAD,0.9842257140988042,DOWNLOAD,0.9842257140988042,-1,8688,4.316298342355132e-11,3,23168.0,0.0,3,0,1.0,0.0,0.1501863406988797,0,0,0,0,0,0,0,0,0.0225,0.0,0.0,0.0,0.15,skip,training_upload_trigger_not_confirmed,1785296275.6460998,1785296275646099815,1384943862798097,83.8,53.36328125,-1.0,0,0
2026-07-28T23:37:55.647,10.42.0.18,,56,1,DOWNLOAD,0.95,DOWNLOAD,0.95,-1,10220,4.029008863657171e-11,3,24820.0,0.0,3,0,1.0,0.0,0.24702501422906423,0,0,0,0,0,0,0,0,0.0225,0.0,0.0,0.0,0.15,skip,training_upload_trigger_not_confirmed,1785296275.6470737,1785296275647073905,1384943863772055,83.8,53.36328125,-1.0,0,0
2026-07-28T23:37:55.647,10.42.0.18,,56,1,DOWNLOAD,0.9501721295475973,DOWNLOAD,0.9501721295475973,-1,4380,3.424657534129292e-11,4,29200.0,0.0,4,0,1.0,0.0,0.21456481765578939,0,0,0,0,0,0,0,0,0.0225,0.0,0.0,0.0,0.15,skip,training_upload_trigger_not_confirmed,1785296275.6477673,1785296275647767319,1384943864465512,83.8,53.36328125,-1.0,0,0
2026-07-28T23:37:55.650,10.42.0.59,,30,1,DOWNLOAD,0.95,DOWNLOAD,0.95,-1,14600,3.424657534129292e-11,3,29200.0,0.0,3,0,1.0,0.0,0.4046423036537886,0,0,0,0,0,0,0,0,0.0225,0.0,0.0,0.0,0.15,skip,already_attacked_this_round,1785296275.650587,1785296275650587206,1384943867285884,83.8,53.36328125,-1.0,0,0
2026-07-28T23:37:55.651,10.42.0.59,,30,1,DOWNLOAD,0.95,DOWNLOAD,0.95,-1,14600,2.2831050227789245e-11,4,43800.0,0.0,4,0,1.0,0.0,0.3514853438095029,0,0,0,0,0,0,0,0,0.0225,0.0,0.0,0.0,0.15,skip,already_attacked_this_round,1785296275.651836,1785296275651835819,1384943868534465,83.8,53.36328125,-1.0,0,0
2026-07-28T23:37:55.653,10.42.0.18,,56,1,DOWNLOAD,0.9527461390981259,DOWNLOAD,0.9527461390981259,-1,14600,2.2831050227789245e-11,5,43800.0,0.0,5,0,1.0,0.0,0.18703948846287322,0,0,0,0,0,0,0,0,0.0225,0.0,0.0,0.0,0.15,skip,training_upload_trigger_not_confirmed,1785296275.65345,1785296275653449899,1384943870149267,83.8,53.36328125,-1.0,0,0
2026-07-28T23:37:55.654,10.42.0.18,,56,1,DOWNLOAD,0.9542363408184701,DOWNLOAD,0.9542363408184701,-1,14600,1.7123287670939668e-11,6,58400.0,0.0,6,0,1.0,0.0,0.1625405612366882,0,0,0,0,0,0,0,0,0.0225,0.0,0.0,0.0,0.15,skip,training_upload_trigger_not_confirmed,1785296275.654574,1785296275654573738,1384943871272214,83.8,53.36328125,-1.0,0,0
2026-07-28T23:37:55.655,10.42.0.18,,56,1,DOWNLOAD,0.9601716693749376,DOWNLOAD,0.9601716693749376,-1,5840,1.556662515542393e-11,7,64240.0,0.0,7,0,1.0,0.0,0.14125064538040896,0,0,0,0,0,0,0,0,0.0225,0.0,0.0,0.0,0.15,skip,training_upload_trigger_not_confirmed,1785296275.6555512,1785296275655551113,1384943872249362,83.8,53.36328125,-1.0,0,0
2026-07-28T23:37:55.656,10.42.0.18,,56,1,DOWNLOAD,0.9679262974872699,DOWNLOAD,0.9679262974872699,-1,14944,1.2628813901638856e-11,8,79184.0,0.0,8,0,1.0,0.0,0.12279236763880447,0,0,0,0,0,0,0,0,0.0225,0.0,0.0,0.0,0.15,skip,training_upload_trigger_not_confirmed,1785296275.656727,1785296275656727028,1384943873425377,83.8,53.36328125,-1.0,0,0
2026-07-28T23:37:55.657,10.42.0.145,,34,1,DOWNLOAD,0.96287243453999,DOWNLOAD,0.96287243453999,-1,29200,1.5220700151975332e-11,4,65700.0,0.0,4,0,1.0,0.0,0.3776378765982158,0,0,0,0,0,0,0,0,0.0225,0.0,0.0,0.0,0.15,skip,already_attacked_this_round,1785296275.6577628,1785296275657762785,1384943874460927,83.8,53.36328125,-1.0,0,0
2026-07-28T23:37:55.658,10.42.0.145,,34,1,DOWNLOAD,0.9704014645386314,DOWNLOAD,0.9704014645386314,-1,6184,1.3911301541178688e-11,5,71884.0,0.0,5,0,1.0,0.0,0.3279678103435014,0,0,0,0,0,0,0,0,0.0225,0.0,0.0,0.0,0.15,skip,already_attacked_this_round,1785296275.6584682,1785296275658468455,1384943875166918,83.8,53.36328125,-1.0,0,0
2026-07-28T23:37:55.659,10.42.0.59,,30,1,DOWNLOAD,0.9514128730682044,DOWNLOAD,0.9514128730682044,-1,24820,1.4573010783815608e-11,5,68620.0,0.0,5,0,1.0,0.0,0.3061736888315414,0,0,0,0,0,0,0,0,0.0225,0.0,0.0,0.0,0.15,skip,already_attacked_this_round,1785296275.6594636,1785296275659463759,1384943876162165,83.8,53.36328125,-1.0,0,0
2026-07-28T23:37:55.661,10.42.0.47,,76,1,DOWNLOAD,0.9842586901286671,DOWNLOAD,0.9842586901286671,-1,11584,2.8775322282781555e-11,4,34752.0,0.0,4,0,1.0,0.0,0.13247441593983653,0,0,0,0,0,0,0,0,0.0225,0.0,0.0,0.0,0.15,skip,training_upload_trigger_not_confirmed,1785296275.6618752,1785296275661875299,1384943878573936,83.8,53.36328125,-1.0,0,0
2026-07-28T23:37:55.664,10.42.0.47,,76,1,DOWNLOAD,0.9842595481342594,DOWNLOAD,0.9842595481342594,-1,5792,2.4664561956771294e-11,5,40544.0,0.0,5,0,1.0,0.0,0.11539621938734115,0,0,0,0,0,0,0,0,0.0225,0.0,0.0,0.0,0.15,skip,training_upload_trigger_not_confirmed,1785296275.664748,1785296275664748004,1384943881446488,83.8,53.36328125,-1.0,0,0
2026-07-28T23:37:55.666,10.42.0.47,,76,1,DOWNLOAD,0.9842595696464124,DOWNLOAD,0.9842595696464124,-1,24173,1.545189053856866e-11,6,64717.0,0.0,6,0,1.0,0.0,0.10043688528293558,0,0,0,0,0,0,0,0,0.0225,0.0,0.0,0.0,0.15,skip,training_upload_trigger_not_confirmed,1785296275.666622,1785296275666621920,1384943883320087,83.8,53.36328125,-1.0,0,0
2026-07-28T23:37:55.968,10.42.0.59,,30,2,TRAINING,0.95,TRAINING,0.95,1,64240,0.9361702127668877,6,68620.0,64240.0,5,1,0.5164835164835165,0.4835164835164835,0.36953946524030445,0,0,0,0,1,0,0,0,0.4525,1.0,0.0,0.4,0.15,skip,already_attacked_this_round,1785296275.968212,1785296275968211939,1384944184911670,83.8,53.36328125,-1.0,0,0
2026-07-28T23:37:55.969,10.42.0.59,,30,3,UPLOAD,0.95,UPLOAD,0.95,1,10220,1.0851063829774832,7,68620.0,74460.0,5,2,0.47959183673469385,0.5204081632653061,0.3210287731488281,0,0,0,1,1,1,1,1,0.85,1.0,1.0,0.4,0.8,skip,already_attacked_this_round,1785296275.9696171,1785296275969617052,1384944186315695,83.8,53.36328125,-1.0,0,0
2026-07-28T23:37:55.972,10.42.0.59,,30,3,UPLOAD,0.9841010226033655,UPLOAD,0.9841010226033655,1,5095,1.1593558729210236,8,68620.0,79555.0,5,3,0.4631010629323435,0.5368989370676565,0.2790775042355004,0,0,0,1,1,1,1,1,0.85,1.0,1.0,0.4,0.8,skip,already_attacked_this_round,1785296275.9722893,1785296275972289226,1384944188987776,83.8,53.36328125,-1.0,0,0
2026-07-28T23:37:55.973,10.42.0.1,,76,2,TRAINING,0.95,TRAINING,0.95,1,7240,0.31580881818033807,32,274796.0,86783.0,22,10,0.7599888267847413,0.24001117321525864,0.004497377133830919,0,0,0,0,1,0,0,0,0.4525,1.0,0.0,0.4,0.15,skip,training_upload_trigger_not_confirmed,1785296275.9738786,1785296275973878438,1384944190577117,83.8,53.36328125,-1.0,0,0
2026-07-28T23:37:55.975,10.42.0.1,10.42.0.1,76,3,UPLOAD,0.95,UPLOAD,0.95,1,5792,0.3368862720005499,33,274796.0,92575.0,22,11,0.7480067833334695,0.2519932166665306,0.004058808980899357,1,0,0,1,1,1,1,1,0.85,1.0,1.0,0.4,0.8,trigger,training_upload_trigger_confirmed,1785296275.9750478,1785296275975048004,1384944191747027,83.8,53.36328125,39.882365,1785296276014932005,1384944231629392
2026-07-28T23:37:55.983,10.42.0.145,10.42.0.1,34,2,TRAINING,0.95,TRAINING,0.95,1,64240,0.8936620110192303,6,71884.0,64240.0,5,1,0.5280773412476859,0.47192265875231404,0.4722395030116054,0,0,0,0,1,0,0,0,0.4525,1.0,0.0,0.4,0.15,skip,already_attacked_this_round,1785296275.9834087,1785296275983408690,1384944200107572,83.8,53.36328125,-1.0,0,0
2026-07-28T23:37:55.986,10.42.0.145,10.42.0.1,34,3,UPLOAD,0.95,UPLOAD,0.95,1,6556,0.9848645039231976,7,71884.0,70796.0,5,2,0.5038127277824502,0.49618727221754977,0.4104465308414539,0,0,0,1,1,1,1,1,0.85,1.0,1.0,0.4,0.8,skip,already_attacked_this_round,1785296275.9867184,1785296275986718354,1384944203417238,83.8,53.36328125,-1.0,0,0
2026-07-28T23:37:55.988,10.42.0.1,10.42.0.1,76,3,UPLOAD,0.95,UPLOAD,0.95,1,7240,0.36323308927581466,34,274796.0,99815.0,22,12,0.7335502694795402,0.2664497305204599,0.003939614865234007,1,0,1,1,1,1,1,1,0.9699999999999999,1.0,1.0,1.0,0.8,skip,attack_already_active,1785296275.9883895,1785296275988389466,1384944205088286,83.8,53.36328125,-1.0,0,0
2026-07-28T23:37:55.989,10.42.0.1,10.42.0.1,76,3,UPLOAD,0.95,UPLOAD,0.95,1,5792,0.3843105430960264,35,274796.0,105607.0,22,13,0.722381264080462,0.27761873591953795,0.003578975403863596,1,0,1,1,1,1,1,1,0.9699999999999999,1.0,1.0,1.0,0.8,skip,attack_already_active,1785296275.9895923,1785296275989592299,1384944206290797,83.8,53.36328125,-1.0,0,0
2026-07-28T23:37:56.007,10.42.0.1,10.42.0.1,76,3,UPLOAD,0.95,UPLOAD,0.95,1,1448,0.3895799065510794,36,274796.0,107055.0,22,14,0.7196419545843797,0.2803580454156202,0.005418459185943409,1,0,1,1,1,1,1,1,0.9699999999999999,1.0,1.0,1.0,0.8,skip,attack_already_active,1785296276.0071306,1785296276007130525,1384944223829632,83.8,53.36328125,-1.0,0,0
2026-07-28T23:37:56.012,10.42.0.210,10.42.0.1,75,2,TRAINING,0.9855083405864443,TRAINING,0.9855083405864443,0,43,1.102789886658614,40,45880.0,50596.0,5,35,0.4755586881711514,0.5244413118288487,0.11660841769281835,0,0,0,0,0,0,0,0,0.039999999999999994,0.05,0.0,0.0,0.15,skip,training_upload_trigger_not_confirmed,1785296276.012319,1785296276012318900,1384944229018219,83.8,53.36328125,-1.0,0,0
2026-07-28T23:37:56.054,10.42.0.1,10.42.0.1,76,3,UPLOAD,0.95,UPLOAD,0.95,1,2896,0.40011863346118526,37,274796.0,109951.0,22,15,0.71422519213925,0.28577480786075005,0.01014626659477087,1,0,1,1,1,1,1,1,0.9699999999999999,1.0,1.0,1.0,0.8,skip,attack_already_active,1785296276.0548542,1785296276054854158,1384944271552838,83.8,53.36328125,-1.0,0,0
2026-07-28T23:37:56.055,10.42.0.1,10.42.0.1,76,3,UPLOAD,0.95,UPLOAD,0.95,1,11584,0.4422735411016089,38,274796.0,121535.0,22,16,0.6933497505872617,0.30665024941273833,0.008951694565688425,1,0,1,1,1,1,1,1,0.9699999999999999,1.0,1.0,1.0,0.8,skip,attack_already_active,1785296276.0559351,1785296276055935268,1384944272634076,83.8,53.36328125,-1.0,0,0
2026-07-28T23:37:56.058,10.42.0.1,10.42.0.1,76,3,UPLOAD,0.95,UPLOAD,0.95,1,14480,0.49496717565213844,39,274796.0,136015.0,22,17,0.6689110077383517,0.3310889922616483,0.008049631802090666,1,0,1,1,1,1,1,1,0.9699999999999999,1.0,1.0,1.0,0.8,skip,attack_already_active,1785296276.0580413,1785296276058041395,1384944274740259,83.8,53.36328125,-1.0,0,0
2026-07-28T23:37:56.059,10.42.0.1,10.42.0.1,76,3,UPLOAD,0.95,UPLOAD,0.95,1,11584,0.5371220832925621,40,274796.0,147599.0,22,18,0.6505664129546987,0.3494335870453012,0.0072138450157635875,1,0,1,1,1,1,1,1,0.9699999999999999,1.0,1.0,1.0,0.8,skip,attack_already_active,1785296276.0597484,1785296276059748403,1384944276447156,83.8,53.36328125,-1.0,0,0
2026-07-28T23:37:56.061,10.42.0.1,10.42.0.1,76,3,UPLOAD,0.95,UPLOAD,0.95,1,14480,0.5898157178430915,41,274796.0,162079.0,22,19,0.6290037195994278,0.37099628040057225,0.006477982907701122,1,0,1,1,1,1,1,1,0.9699999999999999,1.0,1.0,1.0,0.8,skip,attack_already_active,1785296276.061378,1785296276061377964,1384944278076954,83.8,53.36328125,-1.0,0,0
2026-07-28T23:37:56.066,10.42.0.1,10.42.0.1,76,3,UPLOAD,0.95,UPLOAD,0.95,1,18824,0.6583174427587799,42,274796.0,180903.0,22,20,0.6030208536775371,0.39697914632246284,0.006030326848590768,1,0,1,1,1,1,1,1,0.9699999999999999,1.0,1.0,1.0,0.8,skip,attack_already_active,1785296276.0661275,1785296276066127682,1384944282826208,83.8,53.36328125,-1.0,0,0
2026-07-28T23:37:56.068,10.42.0.1,10.42.0.1,76,3,UPLOAD,0.95,UPLOAD,0.95,1,10136,0.6952029869441506,43,274796.0,191039.0,22,21,0.5898998572455912,0.41010014275440876,0.005554099907621601,1,0,1,1,1,1,1,1,0.9699999999999999,1.0,1.0,1.0,0.8,skip,attack_already_active,1785296276.068544,1785296276068544010,1384944285244293,83.8,53.36328125,-1.0,0,0
2026-07-28T23:37:56.070,10.42.0.1,10.42.0.1,76,3,UPLOAD,0.95,UPLOAD,0.95,1,18824,0.7637047118598389,44,274796.0,209863.0,22,22,0.5669883361291135,0.4330116638708865,0.0050470034236225906,1,0,1,1,1,1,1,1,0.9699999999999999,1.0,1.0,1.0,0.8,skip,attack_already_active,1785296276.0702498,1785296276070249802,1384944286948693,83.8,53.36328125,-1.0,0,0
2026-07-28T23:37:56.072,10.42.0.1,10.42.0.1,76,3,UPLOAD,0.95,UPLOAD,0.95,1,18824,0.8322064367755273,45,274796.0,228687.0,22,23,0.5457900266741876,0.45420997332581237,0.004646158248847397,1,0,1,1,1,1,1,1,0.9699999999999999,1.0,1.0,1.0,0.8,skip,attack_already_active,1785296276.072255,1785296276072254924,1384944288953685,83.8,53.36328125,-1.0,0,0
2026-07-28T23:37:56.073,10.42.0.1,10.42.0.1,76,3,UPLOAD,0.95,UPLOAD,0.95,1,8590,0.8634659893162074,46,274796.0,237277.0,22,24,0.5366344251698488,0.4633655748301512,0.004240608825215996,1,0,1,1,1,1,1,1,0.9699999999999999,1.0,1.0,1.0,0.8,skip,attack_already_active,1785296276.0738235,1785296276073823581,1384944290522505,83.8,53.36328125,-1.0,0,0
2026-07-28T23:37:56.081,10.42.0.1,10.42.0.1,76,3,UPLOAD,0.95,UPLOAD,0.95,1,1368,0.868444227718495,47,274796.0,238645.0,22,25,0.5352046291589492,0.4647953708410509,0.004694578787123572,1,0,1,1,1,1,1,1,0.9699999999999999,1.0,1.0,1.0,0.8,skip,attack_already_active,1785296276.081509,1785296276081509214,1384944298208096,83.8,53.36328125,-1.0,0,0
2026-07-28T23:37:56.087,10.42.0.18,10.42.0.1,56,2,TRAINING,0.95,TRAINING,0.95,1,37960,0.47938977571883984,9,79184.0,37960.0,8,1,0.675954380932869,0.32404561906713103,0.21849917423006093,0,0,0,0,1,1,0,0,0.5725,1.0,0.0,1.0,0.15,skip,training_upload_trigger_not_confirmed,1785296276.0879393,1785296276087939246,1384944304638031,83.8,53.36328125,-1.0,0,0
2026-07-28T23:37:56.090,10.42.0.18,10.42.0.1,56,3,UPLOAD,0.95,UPLOAD,0.95,1,41595,1.004685289957508,10,79184.0,79555.0,8,2,0.4988314150901795,0.5011685849098205,0.19007515150962098,0,0,0,1,1,1,1,1,0.9699999999999999,1.0,1.0,1.0,0.8,trigger,training_upload_trigger_confirmed,1785296276.0907364,1785296276090736374,1384944307435002,83.8,53.36328125,50.976225,1785296276141713808,1384944358411227
2026-07-28T23:37:56.092,10.42.0.1,10.42.0.1,76,3,UPLOAD,0.95,UPLOAD,0.95,1,7240,0.8947910449937597,48,274796.0,245885.0,22,26,0.5277626800286548,0.4722373199713452,0.004457329970535118,1,0,1,1,1,1,1,1,0.9699999999999999,1.0,1.0,1.0,0.8,skip,attack_already_active,1785296276.0924203,1785296276092420475,1384944309119417,83.8,53.36328125,-1.0,0,0
2026-07-28T23:37:56.093,10.42.0.1,10.42.0.1,76,3,UPLOAD,0.95,UPLOAD,0.95,1,5792,0.9158684988139716,49,274796.0,251677.0,22,27,0.5219564915959602,0.4780435084040397,0.004027432099287211,1,0,1,1,1,1,1,1,0.9699999999999999,1.0,1.0,1.0,0.8,skip,attack_already_active,1785296276.0936153,1785296276093615241,1384944310314649,83.8,53.36328125,-1.0,0,0
2026-07-28T23:37:56.094,10.42.0.1,10.42.0.1,76,3,UPLOAD,0.95,UPLOAD,0.95,1,2896,0.9264072257240775,50,274796.0,254573.0,22,28,0.5191010429398019,0.4808989570601981,0.0036545922189168407,1,0,1,1,1,1,1,1,0.9699999999999999,1.0,1.0,1.0,0.8,skip,attack_already_active,1785296276.0948133,1785296276094813424,1384944311512298,83.8,53.36328125,-1.0,0,0
2026-07-28T23:37:56.096,10.42.0.1,10.42.0.1,76,3,UPLOAD,0.95,UPLOAD,0.95,1,11584,0.968562133364501,51,274796.0,266157.0,22,29,0.5079849820594395,0.49201501794056046,0.0033918016125672732,1,0,1,1,1,1,1,1,0.9699999999999999,1.0,1.0,1.0,0.8,skip,attack_already_active,1785296276.0964737,1785296276096473520,1384944313172402,83.8,53.36328125,-1.0,0,0
2026-07-28T23:37:56.097,10.42.0.1,10.42.0.1,76,3,UPLOAD,0.95,UPLOAD,0.95,1,2896,0.979100860274607,52,274796.0,269053.0,22,30,0.5052799582236981,0.49472004177630186,0.0031029415243008836,1,0,1,1,1,1,1,1,0.9699999999999999,1.0,1.0,1.0,0.8,skip,attack_already_active,1785296276.0976734,1785296276097673549,1384944314372411,83.8,53.36328125,-1.0,0,0
2026-07-28T23:37:56.099,10.42.0.1,10.42.0.1,76,3,UPLOAD,0.95,UPLOAD,0.95,1,11584,1.0212557679150305,53,274796.0,280637.0,22,31,0.49474194007197986,0.5052580599280201,0.0028975440816464662,1,0,1,1,1,1,1,1,0.9699999999999999,1.0,1.0,1.0,0.8,skip,attack_already_active,1785296276.0992177,1785296276099217704,1384944315916163,83.8,53.36328125,-1.0,0,0
2026-07-28T23:37:56.100,10.42.0.1,10.42.0.1,76,3,UPLOAD,0.95,UPLOAD,0.95,1,5792,1.0423332217352423,54,274796.0,286429.0,22,32,0.4896360639672146,0.5103639360327854,0.0027209407393767224,1,0,1,1,1,1,1,1,0.9699999999999999,1.0,1.0,1.0,0.8,skip,attack_already_active,1785296276.100775,1785296276100774911,1384944317473918,83.8,53.36328125,-1.0,0,0
2026-07-28T23:37:56.102,10.42.0.1,10.42.0.1,76,3,UPLOAD,0.95,UPLOAD,0.95,1,14480,1.095026856285772,55,274796.0,300909.0,22,33,0.4773208500881528,0.5226791499118472,0.0025961362820227448,1,0,1,1,1,1,1,1,0.9699999999999999,1.0,1.0,1.0,0.8,skip,attack_already_active,1785296276.1025488,1785296276102548798,1384944319247972,83.8,53.36328125,-1.0,0,0
2026-07-28T23:37:56.104,10.42.0.1,10.42.0.1,76,3,UPLOAD,0.95,UPLOAD,0.95,1,8688,1.1266430370160896,56,274796.0,309597.0,22,34,0.47022466045965644,0.5297753395403436,0.002469618561368215,1,0,1,1,1,1,1,1,0.9699999999999999,1.0,1.0,1.0,0.8,skip,attack_already_active,1785296276.1041849,1785296276104184868,1384944320883334,83.8,53.36328125,-1.0,0,0
2026-07-28T23:37:56.105,10.42.0.1,10.42.0.1,76,3,UPLOAD,0.95,UPLOAD,0.95,1,5792,1.1477204908363015,57,274796.0,315389.0,22,35,0.46560993586756694,0.5343900641324331,0.0023540860819737056,1,0,1,1,1,1,1,1,0.9699999999999999,1.0,1.0,1.0,0.8,skip,attack_already_active,1785296276.1057777,1785296276105777615,1384944322476208,83.8,53.36328125,-1.0,0,0
2026-07-28T23:37:56.107,10.42.0.1,10.42.0.1,76,3,UPLOAD,0.95,UPLOAD,0.95,1,2798,1.1579025895567698,58,274796.0,318187.0,22,36,0.4634129477573556,0.5365870522426444,0.0022575793489539534,1,0,1,1,1,1,1,1,0.9699999999999999,1.0,1.0,1.0,0.8,skip,attack_already_active,1785296276.1073995,1785296276107399515,1384944324098223,83.8,53.36328125,-1.0,0,0
2026-07-28T23:37:57.884,10.42.0.47,10.42.0.1|10.42.0.47,76,3,UPLOAD,0.95,UPLOAD,0.95,1,7240,100.0,1,0.0,7240.0,0,1,0.0,1.0,0.5399257359447407,1,0,0,1,1,1,1,1,0.9699999999999999,1.0,1.0,1.0,0.8,trigger,training_upload_trigger_confirmed,1785296277.8848786,1785296277884878535,1384946101577363,7.4,53.36328125,6.787598,1785296277891667696,1384946108364961
2026-07-28T23:37:57.885,10.42.0.47,10.42.0.1|10.42.0.47,76,3,UPLOAD,0.95,UPLOAD,0.95,1,1448,100.0,2,0.0,8688.0,0,2,0.0,1.0,0.4689197243500193,1,0,1,1,1,1,1,1,0.9699999999999999,1.0,1.0,1.0,0.8,skip,attack_already_active,1785296277.8859594,1785296277885959515,1384946102658667,7.4,53.36328125,-1.0,0,0
2026-07-28T23:37:57.888,10.42.0.47,10.42.0.1|10.42.0.47,76,3,UPLOAD,0.95,UPLOAD,0.95,1,5792,100.0,3,0.0,14480.0,0,3,0.0,1.0,0.40746754265857604,1,0,1,1,1,1,1,1,0.9699999999999999,1.0,1.0,1.0,0.8,skip,attack_already_active,1785296277.8885355,1785296277888535464,1384946105234448,7.4,53.36328125,-1.0,0,0
2026-07-28T23:37:57.890,10.42.0.47,10.42.0.1|10.42.0.47,76,3,UPLOAD,0.95,UPLOAD,0.95,1,8688,100.0,4,0.0,23168.0,0,4,0.0,1.0,0.3540055532733639,1,0,1,1,1,1,1,1,0.9699999999999999,1.0,1.0,1.0,0.8,skip,attack_already_active,1785296277.8902948,1785296277890294800,1384946106995480,7.4,53.36328125,-1.0,0,0
2026-07-28T23:37:57.892,10.42.0.47,10.42.0.1|10.42.0.47,76,3,UPLOAD,0.95,UPLOAD,0.95,1,2896,100.0,5,0.0,26064.0,0,5,0.0,1.0,0.307662257386536,1,0,1,1,1,1,1,1,0.9699999999999999,1.0,1.0,1.0,0.8,skip,attack_already_active,1785296277.892614,1785296277892613818,1384946109314084,7.4,53.36328125,-1.0,0,0
2026-07-28T23:37:57.893,10.42.0.47,10.42.0.1|10.42.0.47,76,3,UPLOAD,0.95,UPLOAD,0.95,1,5792,100.0,6,0.0,31856.0,0,6,0.0,1.0,0.2672643074241024,1,0,1,1,1,1,1,1,0.9699999999999999,1.0,1.0,1.0,0.8,skip,attack_already_active,1785296277.8937073,1785296277893707297,1384946110405860,7.4,53.36328125,-1.0,0,0
2026-07-28T23:37:57.895,10.42.0.47,10.42.0.1|10.42.0.47,76,3,UPLOAD,0.95,UPLOAD,0.95,1,8688,100.0,7,0.0,40544.0,0,7,0.0,1.0,0.2322222929515422,1,0,1,1,1,1,1,1,0.9699999999999999,1.0,1.0,1.0,0.8,skip,attack_already_active,1785296277.8950474,1785296277895047385,1384946111746150,7.4,53.36328125,-1.0,0,0
2026-07-28T23:37:57.896,10.42.0.47,10.42.0.1|10.42.0.47,76,3,UPLOAD,0.95,UPLOAD,0.95,1,2896,100.0,8,0.0,43440.0,0,8,0.0,1.0,0.201786579610489,1,0,1,1,1,1,1,1,0.9699999999999999,1.0,1.0,1.0,0.8,skip,attack_already_active,1785296277.8963015,1785296277896301629,1384946113009222,7.4,53.36328125,-1.0,0,0
2026-07-28T23:37:57.897,10.42.0.47,10.42.0.1|10.42.0.47,76,3,UPLOAD,0.95,UPLOAD,0.95,1,8688,100.0,9,0.0,52128.0,0,9,0.0,1.0,0.1753564265951032,1,0,1,1,1,1,1,1,0.9699999999999999,1.0,1.0,1.0,0.8,skip,attack_already_active,1785296277.897517,1785296277897516930,1384946114215121,7.4,53.36328125,-1.0,0,0
2026-07-28T23:37:57.898,10.42.0.47,10.42.0.1|10.42.0.47,76,3,UPLOAD,0.95,UPLOAD,0.95,1,8688,100.0,10,0.0,60816.0,0,10,0.0,1.0,0.15240504009816658,1,0,1,1,1,1,1,1,0.9699999999999999,1.0,1.0,1.0,0.8,skip,attack_already_active,1785296277.8987017,1785296277898701457,1384946115399608,7.4,53.36328125,-1.0,0,0
2026-07-28T23:37:57.899,10.42.0.47,10.42.0.1|10.42.0.47,76,3,UPLOAD,0.95,UPLOAD,0.95,1,8688,100.0,11,0.0,69504.0,0,11,0.0,1.0,0.132489841920406,1,0,1,1,1,1,1,1,0.9699999999999999,1.0,1.0,1.0,0.8,skip,attack_already_active,1785296277.8999758,1785296277899975554,1384946116673939,7.4,53.36328125,-1.0,0,0
2026-07-28T23:37:57.901,10.42.0.47,10.42.0.1|10.42.0.47,76,3,UPLOAD,0.95,UPLOAD,0.95,1,8688,100.0,12,0.0,78192.0,0,12,0.0,1.0,0.11519738752923867,1,0,1,1,1,1,1,1,0.9699999999999999,1.0,1.0,1.0,0.8,skip,attack_already_active,1785296277.901238,1785296277901237934,1384946117936163,7.4,53.36328125,-1.0,0,0
2026-07-28T23:37:57.915,10.42.0.1,10.42.0.1|10.42.0.47,76,3,UPLOAD,0.9779937486117956,UPLOAD,0.9779937486117956,1,1448,100.0,1,0.0,1448.0,0,1,0.0,1.0,0.005712937625319455,1,0,1,1,1,1,1,1,0.9525,0.95,1.0,1.0,0.8,skip,attack_already_active,1785296277.9159825,1785296277915982642,1384946132681258,7.4,53.36328125,-1.0,0,0
2026-07-28T23:37:57.935,10.42.0.1,10.42.0.1|10.42.0.47,76,3,UPLOAD,0.983119849703134,UPLOAD,0.983119849703134,1,1448,100.0,2,0.0,2896.0,0,2,0.0,1.0,0.007593971457835721,1,0,1,1,1,1,1,1,0.9699999999999999,1.0,1.0,1.0,0.8,skip,attack_already_active,1785296277.93597,1785296277935970072,1384946152668580,7.4,53.36328125,-1.0,0,0
2026-07-28T23:37:57.938,10.42.0.1,10.42.0.1|10.42.0.47,76,3,UPLOAD,0.9835686384768927,UPLOAD,0.9835686384768927,1,11584,100.0,3,0.0,14480.0,0,3,0.0,1.0,0.0068933168523687745,1,0,1,1,1,1,1,1,0.9699999999999999,1.0,1.0,1.0,0.8,skip,attack_already_active,1785296277.938247,1785296277938246933,1384946154945658,7.4,53.36328125,-1.0,0,0
2026-07-28T23:37:57.939,10.42.0.1,10.42.0.1|10.42.0.47,76,3,UPLOAD,0.9838482057180561,UPLOAD,0.9838482057180561,1,14480,100.0,4,0.0,28960.0,0,4,0.0,1.0,0.006112100234039888,1,0,1,1,1,1,1,1,0.9699999999999999,1.0,1.0,1.0,0.8,skip,attack_already_active,1785296277.9392118,1785296277939211745,1384946155910591,7.4,53.36328125,-1.0,0,0
2026-07-28T23:37:57.940,10.42.0.1,10.42.0.1|10.42.0.47,76,3,UPLOAD,0.983884892205457,UPLOAD,0.983884892205457,1,18824,100.0,5,0.0,47784.0,0,5,0.0,1.0,0.005535557826053138,1,0,1,1,1,1,1,1,0.9699999999999999,1.0,1.0,1.0,0.8,skip,attack_already_active,1785296277.9409487,1785296277940948744,1384946157647059,23.8,53.36328125,-1.0,0,0
2026-07-28T23:37:57.942,10.42.0.1,10.42.0.1|10.42.0.47,76,3,UPLOAD,0.9839396746238196,UPLOAD,0.9839396746238196,1,10136,100.0,6,0.0,57920.0,0,6,0.0,1.0,0.004979537132570355,1,0,1,1,1,1,1,1,0.9699999999999999,1.0,1.0,1.0,0.8,skip,attack_already_active,1785296277.9422648,1785296277942264777,1384946158963065,23.8,53.36328125,-1.0,0,0
2026-07-28T23:37:57.943,10.42.0.1,10.42.0.1|10.42.0.47,76,3,UPLOAD,0.9841109323788476,UPLOAD,0.9841109323788476,1,8590,100.0,7,0.0,66510.0,0,7,0.0,1.0,0.004499896101285576,1,0,1,1,1,1,1,1,0.9699999999999999,1.0,1.0,1.0,0.8,skip,attack_already_active,1785296277.9436045,1785296277943604463,1384946160302782,23.8,53.36328125,-1.0,0,0
2026-07-28T23:37:58.864,10.42.0.1,10.42.0.1|10.42.0.47,76,3,UPLOAD,0.9840425297199089,UPLOAD,0.9840425297199089,0,43,100.0,7,0.0,66510.0,0,7,0.0,1.0,0.2016573822498556,1,0,1,0,0,0,0,0,0.45499999999999996,0.1,1.0,0.0,0.8,skip,attack_already_active,1785296278.864316,1785296278864315982,1384947081014815,9.9,53.36328125,-1.0,0,0
2026-07-28T23:37:59.117,10.42.0.210,10.42.0.1|10.42.0.47,75,3,UPLOAD,0.95,UPLOAD,0.95,1,1448,100.0,1,0.0,1448.0,0,1,0.0,1.0,0.33200273962771387,0,0,0,1,1,1,1,1,0.9525,0.95,1.0,1.0,0.8,trigger,training_upload_trigger_confirmed,1785296279.117867,1785296279117867117,1384947334565581,7.4,53.36328125,6.494594,1785296279124362755,1384947341060175
2026-07-28T23:37:59.118,10.42.0.210,10.42.0.1|10.42.0.47,75,3,UPLOAD,0.9841010226033655,UPLOAD,0.9841010226033655,1,1448,100.0,2,0.0,2896.0,0,2,0.0,1.0,0.28838671643913133,0,0,1,1,1,1,1,1,0.9699999999999999,1.0,1.0,1.0,0.8,skip,attack_already_active,1785296279.1188798,1785296279118879799,1384947335577898,7.4,53.36328125,-1.0,0,0
2026-07-28T23:37:59.119,10.42.0.210,10.42.0.1|10.42.0.47,75,3,UPLOAD,0.9854688349332961,UPLOAD,0.9854688349332961,1,1448,100.0,3,0.0,4344.0,0,3,0.0,1.0,0.2505056987966517,0,0,1,1,1,1,1,1,0.9699999999999999,1.0,1.0,1.0,0.8,skip,attack_already_active,1785296279.119798,1785296279119797929,1384947336496006,7.4,53.36328125,-1.0,0,0
2026-07-28T23:37:59.121,10.42.0.210,10.42.0.1|10.42.0.47,75,3,UPLOAD,0.9855076450773014,UPLOAD,0.9855076450773014,1,1448,100.0,4,0.0,5792.0,0,4,0.0,1.0,0.2176697161799536,0,0,1,1,1,1,1,1,0.9699999999999999,1.0,1.0,1.0,0.8,skip,attack_already_active,1785296279.1211205,1785296279121120454,1384947337818681,7.4,53.36328125,-1.0,0,0
2026-07-28T23:37:59.122,10.42.0.210,10.42.0.1|10.42.0.47,75,3,UPLOAD,0.9855086980780915,UPLOAD,0.9855086980780915,1,1448,100.0,5,0.0,7240.0,0,5,0.0,1.0,0.18910758218576781,0,0,1,1,1,1,1,1,0.9699999999999999,1.0,1.0,1.0,0.8,skip,attack_already_active,1785296279.12204,1785296279122040131,1384947338738222,7.4,53.36328125,-1.0,0,0
2026-07-28T23:37:59.123,10.42.0.210,10.42.0.1|10.42.0.47,75,3,UPLOAD,0.9855087254685951,UPLOAD,0.9855087254685951,1,1448,100.0,6,0.0,8688.0,0,6,0.0,1.0,0.16431806795591958,0,0,1,1,1,1,1,1,0.9699999999999999,1.0,1.0,1.0,0.8,skip,attack_already_active,1785296279.1230268,1785296279123027050,1384947339725431,7.4,53.36328125,-1.0,0,0
2026-07-28T23:37:59.124,10.42.0.210,10.42.0.1|10.42.0.47,75,3,UPLOAD,0.9855087261493067,UPLOAD,0.9855087261493067,1,1448,100.0,7,0.0,10136.0,0,7,0.0,1.0,0.14279810062100146,0,0,1,1,1,1,1,1,0.9699999999999999,1.0,1.0,1.0,0.8,skip,attack_already_active,1785296279.1240358,1785296279124035755,1384947340733854,7.4,53.36328125,-1.0,0,0
2026-07-28T23:37:59.125,10.42.0.210,10.42.0.1|10.42.0.47,75,3,UPLOAD,0.9855087261653082,UPLOAD,0.9855087261653082,1,1448,100.0,8,0.0,11584.0,0,8,0.0,1.0,0.12411001978224853,0,0,1,1,1,1,1,1,0.9699999999999999,1.0,1.0,1.0,0.8,skip,attack_already_active,1785296279.1250153,1785296279125015422,1384947341713451,7.4,53.36328125,-1.0,0,0
2026-07-28T23:37:59.125,10.42.0.210,10.42.0.1|10.42.0.47,75,3,UPLOAD,0.985508726165656,UPLOAD,0.985508726165656,1,1448,100.0,9,0.0,13032.0,0,9,0.0,1.0,0.1078784244597676,0,0,1,1,1,1,1,1,0.9699999999999999,1.0,1.0,1.0,0.8,skip,attack_already_active,1785296279.1259482,1785296279125948205,1384947342646511,7.4,53.36328125,-1.0,0,0
2026-07-28T23:37:59.126,10.42.0.210,10.42.0.1|10.42.0.47,75,3,UPLOAD,0.9855087261656625,UPLOAD,0.9855087261656625,1,1448,100.0,10,0.0,14480.0,0,10,0.0,1.0,0.09378558190107349,0,0,1,1,1,1,1,1,0.9699999999999999,1.0,1.0,1.0,0.8,skip,attack_already_active,1785296279.12688,1785296279126879911,1384947343578096,7.4,53.36328125,-1.0,0,0
2026-07-28T23:37:59.127,10.42.0.210,10.42.0.1|10.42.0.47,75,3,UPLOAD,0.95,UPLOAD,0.95,1,1448,100.0,11,0.0,15928.0,0,11,0.0,1.0,0.08155185832056293,0,0,1,1,1,1,1,1,0.9699999999999999,1.0,1.0,1.0,0.8,skip,attack_already_active,1785296279.1278272,1785296279127827189,1384947344525210,7.4,53.36328125,-1.0,0,0
2026-07-28T23:37:59.128,10.42.0.210,10.42.0.1|10.42.0.47,75,3,UPLOAD,0.95,UPLOAD,0.95,1,1448,100.0,12,0.0,17376.0,0,12,0.0,1.0,0.07092743101030491,0,0,1,1,1,1,1,1,0.9699999999999999,1.0,1.0,1.0,0.8,skip,attack_already_active,1785296279.1287532,1785296279128753209,1384947345451305,7.4,53.36328125,-1.0,0,0
2026-07-28T23:37:59.129,10.42.0.210,10.42.0.1|10.42.0.47,75,3,UPLOAD,0.95,UPLOAD,0.95,1,1448,100.0,13,0.0,18824.0,0,13,0.0,1.0,0.06170485417896177,0,0,1,1,1,1,1,1,0.9699999999999999,1.0,1.0,1.0,0.8,skip,attack_already_active,1785296279.129693,1785296279129693028,1384947346391168,7.4,53.36328125,-1.0,0,0
2026-07-28T23:37:59.130,10.42.0.210,10.42.0.1|10.42.0.47,75,3,UPLOAD,0.95,UPLOAD,0.95,1,1448,100.0,14,0.0,20272.0,0,14,0.0,1.0,0.05370338974451939,0,0,1,1,1,1,1,1,0.9699999999999999,1.0,1.0,1.0,0.8,skip,attack_already_active,1785296279.130677,1785296279130676901,1384947347374971,7.4,53.36328125,-1.0,0,0
2026-07-28T23:37:59.131,10.42.0.210,10.42.0.1|10.42.0.47,75,3,UPLOAD,0.95,UPLOAD,0.95,1,1448,100.0,15,0.0,21720.0,0,15,0.0,1.0,0.04674421830502842,0,0,1,1,1,1,1,1,0.9699999999999999,1.0,1.0,1.0,0.8,skip,attack_already_active,1785296279.1315691,1785296279131569256,1384947348267306,7.4,53.36328125,-1.0,0,0
2026-07-28T23:37:59.132,10.42.0.210,10.42.0.1|10.42.0.47,75,3,UPLOAD,0.95,UPLOAD,0.95,1,1448,100.0,16,0.0,23168.0,0,16,0.0,1.0,0.04070202515021485,0,0,1,1,1,1,1,1,0.9699999999999999,1.0,1.0,1.0,0.8,skip,attack_already_active,1785296279.1324608,1785296279132460862,1384947349158856,7.4,53.36328125,-1.0,0,0
2026-07-28T23:37:59.133,10.42.0.210,10.42.0.1|10.42.0.47,75,3,UPLOAD,0.95,UPLOAD,0.95,1,1448,100.0,17,0.0,24616.0,0,17,0.0,1.0,0.035452677118156486,0,0,1,1,1,1,1,1,0.9699999999999999,1.0,1.0,1.0,0.8,skip,attack_already_active,1785296279.133327,1785296279133327043,1384947350025186,7.4,53.36328125,-1.0,0,0
2026-07-28T23:37:59.133,10.42.0.210,10.42.0.1|10.42.0.47,75,3,UPLOAD,0.95,UPLOAD,0.95,1,1448,100.0,18,0.0,26064.0,0,18,0.0,1.0,0.030860719827103787,0,0,1,1,1,1,1,1,0.9699999999999999,1.0,1.0,1.0,0.8,skip,attack_already_active,1785296279.1339326,1785296279133932425,1384947350630455,7.4,53.36328125,-1.0,0,0
2026-07-28T23:37:59.134,10.42.0.210,10.42.0.1|10.42.0.47,75,3,UPLOAD,0.95,UPLOAD,0.95,1,1448,100.0,19,0.0,27512.0,0,19,0.0,1.0,0.026905911100017204,0,0,1,1,1,1,1,1,0.9699999999999999,1.0,1.0,1.0,0.8,skip,attack_already_active,1785296279.1347814,1785296279134781328,1384947351479368,7.4,53.36328125,-1.0,0,0
2026-07-28T23:37:59.135,10.42.0.210,10.42.0.1|10.42.0.47,75,3,UPLOAD,0.95,UPLOAD,0.95,1,1448,100.0,20,0.0,28960.0,0,20,0.0,1.0,0.023471491172540288,0,0,1,1,1,1,1,1,0.9699999999999999,1.0,1.0,1.0,0.8,skip,attack_already_active,1785296279.1356244,1785296279135624424,1384947352322417,7.4,53.36328125,-1.0,0,0
2026-07-28T23:37:59.136,10.42.0.210,10.42.0.1|10.42.0.47,75,3,UPLOAD,0.95,UPLOAD,0.95,1,1448,100.0,21,0.0,30408.0,0,21,0.0,1.0,0.02045652608098297,0,0,1,1,1,1,1,1,0.9699999999999999,1.0,1.0,1.0,0.8,skip,attack_already_active,1785296279.1362162,1785296279136216145,1384947352914358,7.4,53.36328125,-1.0,0,0
2026-07-28T23:37:59.137,10.42.0.210,10.42.0.1|10.42.0.47,75,3,UPLOAD,0.95,UPLOAD,0.95,1,1448,100.0,22,0.0,31856.0,0,22,0.0,1.0,0.01788202403251112,0,0,1,1,1,1,1,1,0.9699999999999999,1.0,1.0,1.0,0.8,skip,attack_already_active,1785296279.1371355,1785296279137135540,1384947353833776,7.4,53.36328125,-1.0,0,0
2026-07-28T23:37:59.138,10.42.0.210,10.42.0.1|10.42.0.47,75,3,UPLOAD,0.95,UPLOAD,0.95,1,1448,100.0,23,0.0,33304.0,0,23,0.0,1.0,0.015661698927634023,0,0,1,1,1,1,1,1,0.9699999999999999,1.0,1.0,1.0,0.8,skip,attack_already_active,1785296279.138168,1785296279138168016,1384947354866359,7.4,53.36328125,-1.0,0,0
2026-07-28T23:37:59.139,10.42.0.210,10.42.0.1|10.42.0.47,75,3,UPLOAD,0.95,UPLOAD,0.95,1,1448,100.0,24,0.0,34752.0,0,24,0.0,1.0,0.013722802778016211,0,0,1,1,1,1,1,1,0.9699999999999999,1.0,1.0,1.0,0.8,skip,attack_already_active,1785296279.139116,1785296279139116012,1384947355814065,7.4,53.36328125,-1.0,0,0
2026-07-28T23:37:59.140,10.42.0.210,10.42.0.1|10.42.0.47,75,3,UPLOAD,0.95,UPLOAD,0.95,1,1448,100.0,25,0.0,36200.0,0,25,0.0,1.0,0.012057908535216974,0,0,1,1,1,1,1,1,0.9699999999999999,1.0,1.0,1.0,0.8,skip,attack_already_active,1785296279.1402044,1785296279140204445,1384947356902965,7.4,53.36328125,-1.0,0,0
2026-07-28T23:37:59.141,10.42.0.210,10.42.0.1|10.42.0.47,75,3,UPLOAD,0.95,UPLOAD,0.95,1,1448,100.0,26,0.0,37648.0,0,26,0.0,1.0,0.010606781117641878,0,0,1,1,1,1,1,1,0.9699999999999999,1.0,1.0,1.0,0.8,skip,attack_already_active,1785296279.1412501,1785296279141250149,1384947357949502,7.4,53.36328125,-1.0,0,0
2026-07-28T23:37:59.143,10.42.0.210,10.42.0.1|10.42.0.47,75,3,UPLOAD,0.95,UPLOAD,0.95,1,1448,100.0,27,0.0,39096.0,0,27,0.0,1.0,0.009449578992044566,0,0,1,1,1,1,1,1,0.9699999999999999,1.0,1.0,1.0,0.8,skip,attack_already_active,1785296279.1430752,1785296279143075336,1384947359774565,7.4,53.36328125,-1.0,0,0
2026-07-28T23:37:59.144,10.42.0.210,10.42.0.1|10.42.0.47,75,3,UPLOAD,0.95,UPLOAD,0.95,1,1448,100.0,28,0.0,40544.0,0,28,0.0,1.0,0.008341785804664638,0,0,1,1,1,1,1,1,0.9699999999999999,1.0,1.0,1.0,0.8,skip,attack_already_active,1785296279.144118,1785296279144117907,1384947360816379,7.4,53.36328125,-1.0,0,0
2026-07-28T23:37:59.145,10.42.0.210,10.42.0.1|10.42.0.47,75,3,UPLOAD,0.95,UPLOAD,0.95,1,1448,100.0,29,0.0,41992.0,0,29,0.0,1.0,0.00741358818140111,0,0,1,1,1,1,1,1,0.9699999999999999,1.0,1.0,1.0,0.8,skip,attack_already_active,1785296279.145416,1785296279145415812,1384947362114700,7.4,53.36328125,-1.0,0,0
2026-07-28T23:37:59.146,10.42.0.210,10.42.0.1|10.42.0.47,75,3,UPLOAD,0.95,UPLOAD,0.95,1,1448,100.0,30,0.0,43440.0,0,30,0.0,1.0,0.006543988654167545,0,0,1,1,1,1,1,1,0.9699999999999999,1.0,1.0,1.0,0.8,skip,attack_already_active,1785296279.1462305,1785296279146230438,1384947362928903,7.4,53.36328125,-1.0,0,0
2026-07-28T23:37:59.147,10.42.0.210,10.42.0.1|10.42.0.47,75,3,UPLOAD,0.95,UPLOAD,0.95,1,1448,100.0,31,0.0,44888.0,0,31,0.0,1.0,0.00585046415420427,0,0,1,1,1,1,1,1,0.9699999999999999,1.0,1.0,1.0,0.8,skip,attack_already_active,1785296279.1475115,1785296279147511445,1384947364211879,7.4,53.36328125,-1.0,0,0
2026-07-28T23:37:59.148,10.42.0.210,10.42.0.1|10.42.0.47,75,3,UPLOAD,0.95,UPLOAD,0.95,1,1448,100.0,32,0.0,46336.0,0,32,0.0,1.0,0.005220681092997851,0,0,1,1,1,1,1,1,0.9699999999999999,1.0,1.0,1.0,0.8,skip,attack_already_active,1785296279.1485827,1785296279148582750,1384947365281263,7.4,53.36328125,-1.0,0,0
2026-07-28T23:37:59.149,10.42.0.210,10.42.0.1|10.42.0.47,75,3,UPLOAD,0.95,UPLOAD,0.95,1,1448,100.0,33,0.0,47784.0,0,33,0.0,1.0,0.004661948717121448,0,0,1,1,1,1,1,1,0.9699999999999999,1.0,1.0,1.0,0.8,skip,attack_already_active,1785296279.1495633,1785296279149563425,1384947366261676,7.4,53.36328125,-1.0,0,0
2026-07-28T23:37:59.150,10.42.0.210,10.42.0.1|10.42.0.47,75,3,UPLOAD,0.95,UPLOAD,0.95,1,1448,100.0,34,0.0,49232.0,0,34,0.0,1.0,0.004131601829751895,0,0,1,1,1,1,1,1,0.9699999999999999,1.0,1.0,1.0,0.8,skip,attack_already_active,1785296279.1502006,1785296279150200667,1384947366898977,7.4,53.36328125,-1.0,0,0
2026-07-28T23:37:59.151,10.42.0.210,10.42.0.1|10.42.0.47,75,3,UPLOAD,0.95,UPLOAD,0.95,1,1448,100.0,35,0.0,50680.0,0,35,0.0,1.0,0.0037095647017478827,0,0,1,1,1,1,1,1,0.9699999999999999,1.0,1.0,1.0,0.8,skip,attack_already_active,1785296279.1511295,1785296279151129557,1384947367827707,7.4,53.36328125,-1.0,0,0
2026-07-28T23:37:59.151,10.42.0.210,10.42.0.1|10.42.0.47,75,3,UPLOAD,0.95,UPLOAD,0.95,1,1448,100.0,36,0.0,52128.0,0,36,0.0,1.0,0.0033130433447126646,0,0,1,1,1,1,1,1,0.9699999999999999,1.0,1.0,1.0,0.8,skip,attack_already_active,1785296279.15183,1785296279151830040,1384947368528157,7.4,53.36328125,-1.0,0,0
2026-07-28T23:37:59.152,10.42.0.210,10.42.0.1|10.42.0.47,75,3,UPLOAD,0.95,UPLOAD,0.95,1,1448,100.0,37,0.0,53576.0,0,37,0.0,1.0,0.002960824756016312,0,0,1,1,1,1,1,1,0.9699999999999999,1.0,1.0,1.0,0.8,skip,attack_already_active,1785296279.15247,1785296279152469932,1384947369168428,7.4,53.36328125,-1.0,0,0
2026-07-28T23:37:59.153,10.42.0.210,10.42.0.1|10.42.0.47,75,3,UPLOAD,0.95,UPLOAD,0.95,1,1448,100.0,38,0.0,55024.0,0,38,0.0,1.0,0.0026541713127390567,0,0,1,1,1,1,1,1,0.9699999999999999,1.0,1.0,1.0,0.8,skip,attack_already_active,1785296279.1531038,1785296279153103910,1384947369802059,7.4,53.36328125,-1.0,0,0
2026-07-28T23:37:59.153,10.42.0.210,10.42.0.1|10.42.0.47,75,3,UPLOAD,0.95,UPLOAD,0.95,1,1448,100.0,39,0.0,56472.0,0,39,0.0,1.0,0.0023963468491230763,0,0,1,1,1,1,1,1,0.9699999999999999,1.0,1.0,1.0,0.8,skip,attack_already_active,1785296279.1538014,1785296279153801574,1384947370499788,7.4,53.36328125,-1.0,0,0
2026-07-28T23:37:59.159,10.42.0.1,10.42.0.1|10.42.0.47,76,3,UPLOAD,0.9822315598311323,UPLOAD,0.9822315598311323,1,7240,100.0,1,0.0,7240.0,0,1,0.0,1.0,0.1928225236138313,1,0,1,1,1,1,1,1,0.9699999999999999,1.0,1.0,1.0,0.8,skip,attack_already_active,1785296279.1595142,1785296279159514114,1384947376212916,7.4,53.36328125,-1.0,0,0
2026-07-28T23:37:59.160,10.42.0.1,10.42.0.1|10.42.0.47,76,3,UPLOAD,0.9800985585333484,UPLOAD,0.9800985585333484,1,7240,100.0,2,0.0,14480.0,0,2,0.0,1.0,0.167505836807754,1,0,1,1,1,1,1,1,0.9699999999999999,1.0,1.0,1.0,0.8,skip,attack_already_active,1785296279.1602154,1785296279160215311,1384947376913516,7.4,53.36328125,-1.0,0,0
2026-07-28T23:37:59.165,10.42.0.1,10.42.0.1|10.42.0.47,76,3,UPLOAD,0.9744988418625407,UPLOAD,0.9744988418625407,1,10136,100.0,3,0.0,24616.0,0,3,0.0,1.0,0.14609462197623063,1,0,1,1,1,1,1,1,0.9699999999999999,1.0,1.0,1.0,0.8,skip,attack_already_active,1785296279.1652374,1785296279165237384,1384947381935792,7.4,53.36328125,-1.0,0,0
2026-07-28T23:37:59.165,10.42.0.1,10.42.0.1|10.42.0.47,76,3,UPLOAD,0.9594256374865595,UPLOAD,0.9594256374865595,1,4344,100.0,4,0.0,28960.0,0,4,0.0,1.0,0.1269404749655824,1,0,1,1,1,1,1,1,0.9699999999999999,1.0,1.0,1.0,0.8,skip,attack_already_active,1785296279.1659765,1785296279165976575,1384947382674802,7.4,53.36328125,-1.0,0,0
2026-07-28T23:37:59.167,10.42.0.1,10.42.0.1|10.42.0.47,76,3,UPLOAD,0.95,UPLOAD,0.95,1,14480,100.0,5,0.0,43440.0,0,5,0.0,1.0,0.11037058281458825,1,0,1,1,1,1,1,1,0.9699999999999999,1.0,1.0,1.0,0.8,skip,attack_already_active,1785296279.1671727,1785296279167172504,1384947383870849,7.4,53.36328125,-1.0,0,0
2026-07-28T23:37:59.168,10.42.0.1,10.42.0.1|10.42.0.47,76,3,UPLOAD,0.95,UPLOAD,0.95,1,14480,100.0,6,0.0,57920.0,0,6,0.0,1.0,0.09595577799628321,1,0,1,1,1,1,1,1,0.9699999999999999,1.0,1.0,1.0,0.8,skip,attack_already_active,1785296279.1681533,1785296279168153241,1384947384851561,7.4,53.36328125,-1.0,0,0
2026-07-28T23:37:59.169,10.42.0.1,10.42.0.1|10.42.0.47,76,3,UPLOAD,0.95,UPLOAD,0.95,1,5792,100.0,7,0.0,63712.0,0,7,0.0,1.0,0.0834742188008363,1,0,1,1,1,1,1,1,0.9699999999999999,1.0,1.0,1.0,0.8,skip,attack_already_active,1785296279.16939,1785296279169389984,1384947386088486,7.4,53.36328125,-1.0,0,0
2026-07-28T23:37:59.170,10.42.0.1,10.42.0.1|10.42.0.47,76,3,UPLOAD,0.95,UPLOAD,0.95,1,8688,100.0,8,0.0,72400.0,0,8,0.0,1.0,0.07262211012446596,1,0,1,1,1,1,1,1,0.9699999999999999,1.0,1.0,1.0,0.8,skip,attack_already_active,1785296279.1705105,1785296279170510577,1384947387209083,7.4,53.36328125,-1.0,0,0
2026-07-28T23:37:59.171,10.42.0.1,10.42.0.1|10.42.0.47,76,3,UPLOAD,0.95,UPLOAD,0.95,1,7130,100.0,9,0.0,79530.0,0,9,0.0,1.0,0.06321781459874075,1,0,1,1,1,1,1,1,0.9699999999999999,1.0,1.0,1.0,0.8,skip,attack_already_active,1785296279.171766,1785296279171766113,1384947388464492,7.4,53.36328125,-1.0,0,0
2026-07-28T23:37:59.449,10.42.0.145,10.42.0.1|10.42.0.47,34,3,UPLOAD,0.9841010226033655,UPLOAD,0.9841010226033655,0,39,1.0,0,0.0,0.0,0,0,0.0,0.0,0.3619431380086939,0,0,0,0,0,0,0,0,0.4375,0.05,1.0,0.0,0.8,skip,already_attacked_this_round,1785296279.4497724,1785296279449772300,1384947666471136,7.4,53.36328125,-1.0,0,0
2026-07-28T23:37:59.503,10.42.0.1,,77,1,DOWNLOAD,0.964369212307022,DOWNLOAD,0.964369212307022,-1,1448,54.92403311193091,10,1448.0,79530.0,1,9,0.017881399886388896,0.9821186001136111,0.06746813699806761,0,0,0,0,1,0,0,0,0.44,0.8500000000000001,0.0,0.6000000000000001,0.15,skip,training_upload_trigger_not_confirmed,1785296279.503507,1785296279503506998,1384947720205940,7.4,53.36328125,-1.0,0,0
2026-07-28T23:37:59.507,10.42.0.1,,77,1,DOWNLOAD,0.9684992524671027,DOWNLOAD,0.9684992524671027,-1,5792,10.984806628455136,11,7240.0,79530.0,2,9,0.08343897660481733,0.9165610233951826,0.059101005746167196,0,0,0,0,1,0,0,0,0.44,0.8500000000000001,0.0,0.6000000000000001,0.15,skip,training_upload_trigger_not_confirmed,1785296279.5074792,1785296279507479339,1384947724178362,7.4,53.36328125,-1.0,0,0
2026-07-28T23:37:59.508,10.42.0.1,,77,1,DOWNLOAD,0.9707402325560625,DOWNLOAD,0.9707402325560625,-1,7240,5.492403314606878,12,14480.0,79530.0,3,9,0.1540261674289969,0.8459738325710031,0.05141262694334034,0,0,0,0,1,0,0,0,0.44,0.8500000000000001,0.0,0.6000000000000001,0.15,skip,training_upload_trigger_not_confirmed,1785296279.5082352,1785296279508235262,1384947724933752,7.4,53.36328125,-1.0,0,0
2026-07-28T23:37:59.509,10.42.0.1,,77,1,DOWNLOAD,0.9538982228342695,DOWNLOAD,0.9538982228342695,-1,7240,3.6616022098222096,13,21720.0,79530.0,4,9,0.21451851851851853,0.7854814814814814,0.04477256775249709,0,0,0,0,1,0,0,0,0.44,0.8500000000000001,0.0,0.6000000000000001,0.15,skip,training_upload_trigger_not_confirmed,1785296279.5092583,1785296279509258115,1384947725956510,7.4,53.36328125,-1.0,0,0
2026-07-28T23:37:59.510,10.42.0.1,,77,1,DOWNLOAD,0.95,DOWNLOAD,0.95,-1,7240,2.746201657398266,14,28960.0,79530.0,5,9,0.26693704488892983,0.7330629551110701,0.03897972578050187,0,0,0,0,1,0,0,0,0.4,0.8500000000000001,0.0,0.4,0.15,skip,training_upload_trigger_not_confirmed,1785296279.5100706,1785296279510070505,1384947726768993,7.4,53.36328125,-1.0,0,0
2026-07-28T23:37:59.511,10.42.0.1,,77,1,DOWNLOAD,0.95,DOWNLOAD,0.95,-1,7240,2.1969613259337852,15,36200.0,79530.0,6,9,0.31279702756415795,0.687202972435842,0.034063681008231136,0,0,0,0,1,0,0,0,0.4,0.8500000000000001,0.0,0.4,0.15,skip,training_upload_trigger_not_confirmed,1785296279.5117438,1785296279511743685,1384947728442194,7.4,53.36328125,-1.0,0,0
2026-07-28T23:37:59.512,10.42.0.1,,77,1,DOWNLOAD,0.95,DOWNLOAD,0.95,-1,7240,1.8308011049532502,16,43440.0,79530.0,7,9,0.3532568919248597,0.6467431080751402,0.02972469325577616,0,0,0,0,1,0,0,0,0.32,0.8500000000000001,0.0,0.0,0.15,skip,training_upload_trigger_not_confirmed,1785296279.51288,1785296279512880017,1384947729578555,7.4,53.36328125,-1.0,0,0
2026-07-28T23:37:59.514,10.42.0.1,,77,1,DOWNLOAD,0.95,DOWNLOAD,0.95,-1,7240,1.5692580899650894,17,50680.0,79530.0,8,9,0.3892174180170494,0.6107825819829507,0.0260848711974061,0,0,0,0,1,0,0,0,0.32,0.8500000000000001,0.0,0.0,0.15,skip,training_upload_trigger_not_confirmed,1785296279.5149832,1785296279514983177,1384947731681410,7.4,53.36328125,-1.0,0,0
2026-07-28T23:37:59.515,10.42.0.1,,77,1,DOWNLOAD,0.95,DOWNLOAD,0.95,-1,7240,1.37310082872284,18,57920.0,79530.0,9,9,0.4213895962168061,0.5786104037831938,0.02273793924656805,0,0,0,0,1,0,0,0,0.32,0.8500000000000001,0.0,0.0,0.15,skip,training_upload_trigger_not_confirmed,1785296279.515669,1785296279515668884,1384947732367069,7.4,53.36328125,-1.0,0,0
2026-07-28T23:37:59.516,10.42.0.1,,77,1,DOWNLOAD,0.95,DOWNLOAD,0.95,-1,2896,1.3077150749752084,19,60816.0,79530.0,10,9,0.4333290581847719,0.566670941815228,0.01984191256484546,0,0,0,0,1,0,0,0,0.32,0.8500000000000001,0.0,0.0,0.15,skip,training_upload_trigger_not_confirmed,1785296279.51643,1785296279516429884,1384947733128182,7.4,53.36328125,-1.0,0,0
2026-07-28T23:37:59.517,10.42.0.1,,77,1,DOWNLOAD,0.95,DOWNLOAD,0.95,-1,10136,1.120898635695669,20,70952.0,79530.0,11,9,0.471498252282665,0.5285017477173349,0.0173271626684038,0,0,0,0,1,0,0,0,0.30250000000000005,0.8000000000000002,0.0,0.0,0.15,skip,training_upload_trigger_not_confirmed,1785296279.517188,1785296279517188172,1384947733886404,7.4,53.36328125,-1.0,0,0
2026-07-28T23:37:59.517,10.42.0.1,,77,1,DOWNLOAD,0.95,DOWNLOAD,0.95,-1,10136,0.9807863062354382,21,81088.0,79530.0,12,9,0.5048500168100711,0.4951499831899289,0.01513722635004283,0,0,0,0,1,0,0,0,0.30250000000000005,0.8000000000000002,0.0,0.0,0.15,skip,training_upload_trigger_not_confirmed,1785296279.5178964,1785296279517896504,1384947734594611,7.4,53.36328125,-1.0,0,0
2026-07-28T23:37:59.518,10.42.0.1,,77,1,DOWNLOAD,0.95,DOWNLOAD,0.95,-1,14480,0.832182320443745,22,95568.0,79530.0,13,9,0.5457972107048624,0.4542027892951376,0.01323888380494708,0,0,0,0,1,0,0,0,0.30250000000000005,0.8000000000000002,0.0,0.0,0.15,skip,training_upload_trigger_not_confirmed,1785296279.5186276,1785296279518627550,1384947735325827,7.4,53.36328125,-1.0,0,0
2026-07-28T23:37:59.519,10.42.0.1,,77,1,DOWNLOAD,0.95,DOWNLOAD,0.95,-1,14480,0.7226846467021419,23,110048.0,79530.0,14,9,0.5804892972813301,0.4195107027186699,0.011590317330528859,0,0,0,0,1,0,0,0,0.28500000000000003,0.7500000000000001,0.0,0.0,0.15,skip,training_upload_trigger_not_confirmed,1785296279.519356,1785296279519355938,1384947736054164,7.4,53.36328125,-1.0,0,0
2026-07-28T23:37:59.520,10.42.0.1,,77,1,DOWNLOAD,0.95,DOWNLOAD,0.95,-1,4344,0.695240925941541,24,114392.0,79530.0,15,9,0.5898866554594115,0.4101133445405885,0.01015270633121607,0,0,0,0,1,0,0,0,0.28500000000000003,0.7500000000000001,0.0,0.0,0.15,skip,training_upload_trigger_not_confirmed,1785296279.5200367,1785296279520036534,1384947736734660,7.4,53.36328125,-1.0,0,0
2026-07-28T23:37:59.520,10.42.0.1,,77,1,DOWNLOAD,0.95,DOWNLOAD,0.95,-1,14480,0.6171239679711875,25,128872.0,79530.0,16,9,0.6183817813648621,0.38161821863513784,0.008915500458742863,0,0,0,0,1,0,0,0,0.28500000000000003,0.7500000000000001,0.0,0.0,0.15,skip,training_upload_trigger_not_confirmed,1785296279.5208006,1785296279520800592,1384947737499061,7.4,53.36328125,-1.0,0,0
2026-07-28T23:37:59.521,10.42.0.1,,77,1,DOWNLOAD,0.95,DOWNLOAD,0.95,-1,14480,0.5547882136310983,26,143352.0,79530.0,17,9,0.6431744151613858,0.35682558483861415,0.007845662345357891,0,0,0,0,1,0,0,0,0.28500000000000003,0.7500000000000001,0.0,0.0,0.15,skip,training_upload_trigger_not_confirmed,1785296279.5215974,1785296279521597546,1384947738295774,7.4,53.36328125,-1.0,0,0
2026-07-28T23:37:59.522,10.42.0.1,,77,1,DOWNLOAD,0.95,DOWNLOAD,0.95,-1,4344,0.5384709132302941,27,147696.0,79530.0,18,9,0.6499960391856565,0.35000396081434343,0.006903449151368596,0,0,0,0,0,0,0,0,0.0225,0.0,0.0,0.0,0.15,skip,training_upload_trigger_not_confirmed,1785296279.5222929,1785296279522292768,1384947738991018,7.4,53.36328125,-1.0,0,0
2026-07-28T23:37:59.522,10.42.0.1,,77,1,DOWNLOAD,0.95,DOWNLOAD,0.95,-1,14480,0.4903931531207429,28,162176.0,79530.0,19,9,0.6709638982896576,0.3290361017103423,0.006085364183020278,0,0,0,0,0,0,0,0,0.0225,0.0,0.0,0.0,0.15,skip,training_upload_trigger_not_confirmed,1785296279.522988,1785296279522988094,1384947739686230,7.4,53.36328125,-1.0,0,0
2026-07-28T23:37:59.524,10.42.0.1,,77,1,DOWNLOAD,0.95,DOWNLOAD,0.95,-1,14480,0.45019699302910626,29,176656.0,79530.0,20,9,0.6895614904795734,0.31043850952042656,0.005446713784870412,0,0,0,0,0,0,0,0,0.0225,0.0,0.0,0.0,0.15,skip,training_upload_trigger_not_confirmed,1785296279.524227,1785296279524226881,1384947740925002,7.4,53.36328125,-1.0,0,0
2026-07-28T23:37:59.524,10.42.0.1,,77,1,DOWNLOAD,0.95,DOWNLOAD,0.95,-1,5792,0.4359050249965145,30,182448.0,79530.0,21,9,0.6964248906396721,0.30357510936032794,0.004824767870660626,0,0,0,0,0,0,0,0,0.0225,0.0,0.0,0.0,0.15,skip,training_upload_trigger_not_confirmed,1785296279.5249538,1785296279524953890,1384947741652243,7.4,53.36328125,-1.0,0,0
2026-07-28T23:37:59.526,10.42.0.1,,77,1,DOWNLOAD,0.95,DOWNLOAD,0.95,-1,20272,0.3923145224970781,31,202720.0,79530.0,22,9,0.7182285208148804,0.2817714791851196,0.004334700927189043,0,0,0,0,0,0,0,0,0.0225,0.0,0.0,0.0,0.15,skip,training_upload_trigger_not_confirmed,1785296279.5260596,1785296279526059574,1384947742757731,7.4,53.36328125,-1.0,0,0
2026-07-28T23:37:59.527,10.42.0.1,,77,1,DOWNLOAD,0.95,DOWNLOAD,0.95,-1,18824,0.35898060882100624,32,221544.0,79530.0,23,9,0.7358456724924769,0.26415432750752305,0.0038920269324230023,0,0,0,0,0,0,0,0,0.0225,0.0,0.0,0.0,0.15,skip,training_upload_trigger_not_confirmed,1785296279.527035,1785296279527034912,1384947743733231,7.4,53.36328125,-1.0,0,0
2026-07-28T23:37:59.528,10.42.0.1,,77,1,DOWNLOAD,0.95,DOWNLOAD,0.95,-1,18824,0.33086766957610464,33,240368.0,79530.0,24,9,0.7513895054048478,0.2486104945951522,0.0035192162839142744,0,0,0,0,0,0,0,0,0.0225,0.0,0.0,0.0,0.15,skip,training_upload_trigger_not_confirmed,1785296279.5280979,1785296279528097707,1384947744796052,7.4,53.36328125,-1.0,0,0
2026-07-28T23:37:59.529,10.42.0.1,,77,1,DOWNLOAD,0.95,DOWNLOAD,0.95,-1,9680,0.3180589326876517,34,250048.0,79530.0,25,9,0.7586914175096638,0.24130858249033613,0.0031883693747640114,0,0,0,0,0,0,0,0,0.0225,0.0,0.0,0.0,0.15,skip,training_upload_trigger_not_confirmed,1785296279.5291064,1785296279529106358,1384947745804574,75.3,53.36328125,-1.0,0,0
2026-07-28T23:37:59.530,10.42.0.47,,77,1,DOWNLOAD,0.95,DOWNLOAD,0.95,-1,7240,1.381215469422484e-10,1,7240.0,0.0,1,0,1.0,0.0,0.1658900953341049,0,0,0,0,0,0,0,0,0.0225,0.0,0.0,0.0,0.15,skip,training_upload_trigger_not_confirmed,1785296279.5301352,1785296279530135160,1384947746833626,75.3,53.36328125,-1.0,0,0
2026-07-28T23:37:59.530,10.42.0.47,,77,1,DOWNLOAD,0.9829981496648164,DOWNLOAD,0.9829981496648164,-1,7240,6.90607734758936e-11,2,14480.0,0.0,2,0,1.0,0.0,0.1441423650585706,0,0,0,0,0,0,0,0,0.0225,0.0,0.0,0.0,0.15,skip,training_upload_trigger_not_confirmed,1785296279.5309877,1785296279530987787,1384947747686162,75.3,53.36328125,-1.0,0,0
2026-07-28T23:37:59.532,10.42.0.1,,77,1,DOWNLOAD,0.95,DOWNLOAD,0.95,-1,14480,0.30064870259745413,35,264528.0,79530.0,26,9,0.7688471129867639,0.23115288701323614,0.003157140698958537,0,0,0,0,0,0,0,0,0.0225,0.0,0.0,0.0,0.15,skip,training_upload_trigger_not_confirmed,1785296279.5320578,1785296279532057890,1384947748756424,75.3,53.36328125,-1.0,0,0
2026-07-28T23:37:59.533,10.42.0.1,,77,1,DOWNLOAD,0.95,DOWNLOAD,0.95,-1,4344,0.2957913059028244,36,268872.0,79530.0,27,9,0.7717292093615995,0.22827079063840047,0.002928861030568173,0,0,0,0,0,0,0,0,0.0225,0.0,0.0,0.0,0.15,skip,training_upload_trigger_not_confirmed,1785296279.5334826,1785296279533482605,1384947750181525,75.3,53.36328125,-1.0,0,0
2026-07-28T23:37:59.535,10.42.0.1,,77,1,DOWNLOAD,0.95,DOWNLOAD,0.95,-1,16920,0.27827930803074163,37,285792.0,79530.0,28,9,0.7823016407443296,0.21769835925567035,0.0027796740655268624,0,0,0,0,0,0,0,0,0.0225,0.0,0.0,0.0,0.15,skip,training_upload_trigger_not_confirmed,1785296279.5352793,1785296279535279326,1384947751978169,75.3,53.36328125,-1.0,0,0
2026-07-28T23:37:59.536,10.42.0.145,,34,1,DOWNLOAD,0.95,DOWNLOAD,0.95,-1,7300,1.3698630135109776e-10,1,7300.0,0.0,1,0,1.0,0.0,0.3256881637576023,0,0,0,0,0,0,0,0,0.0225,0.0,0.0,0.0,0.15,skip,already_attacked_this_round,1785296279.5365865,1785296279536586612,1384947753284907,75.3,53.36328125,-1.0,0,0
2026-07-28T23:37:59.537,10.42.0.145,,34,1,DOWNLOAD,0.95,DOWNLOAD,0.95,-1,7300,6.84931506802402e-11,2,14600.0,0.0,2,0,1.0,0.0,0.28287414250254,0,0,0,0,0,0,0,0,0.0225,0.0,0.0,0.0,0.15,skip,already_attacked_this_round,1785296279.537371,1785296279537370903,1384947754069161,75.3,53.36328125,-1.0,0,0
2026-07-28T23:37:59.538,10.42.0.1,,77,1,DOWNLOAD,0.95,DOWNLOAD,0.95,-1,16946,0.2627024027401162,38,302738.0,79530.0,29,9,0.7919522429290445,0.20804775707095546,0.002787440528190465,0,0,0,0,0,0,0,0,0.0225,0.0,0.0,0.0,0.15,skip,training_upload_trigger_not_confirmed,1785296279.538118,1785296279538117817,1384947754816140,75.3,53.36328125,-1.0,0,0
2026-07-28T23:37:59.539,10.42.0.59,,31,1,DOWNLOAD,0.95,DOWNLOAD,0.95,-1,7300,1.3698630135109776e-10,1,7300.0,0.0,1,0,1.0,0.0,0.24558995956236654,0,0,0,0,0,0,0,0,0.0225,0.0,0.0,0.0,0.15,skip,training_upload_trigger_not_confirmed,1785296279.5392122,1785296279539212346,1384947755910741,75.3,53.36328125,-1.0,0,0
2026-07-28T23:37:59.539,10.42.0.59,,31,1,DOWNLOAD,0.95,DOWNLOAD,0.95,-1,5840,7.610350075524325e-11,2,13140.0,0.0,2,0,1.0,0.0,0.2133268151783243,0,0,0,0,0,0,0,0,0.0225,0.0,0.0,0.0,0.15,skip,training_upload_trigger_not_confirmed,1785296279.539966,1785296279539966177,1384947756664567,75.3,53.36328125,-1.0,0,0
2026-07-28T23:37:59.540,10.42.0.1,,77,1,DOWNLOAD,0.95,DOWNLOAD,0.95,-1,21720,0.245116471163463,39,324458.0,79530.0,30,9,0.80313771696189,0.19686228303811004,0.002759750009517436,0,0,0,0,0,0,0,0,0.0225,0.0,0.0,0.0,0.15,skip,training_upload_trigger_not_confirmed,1785296279.5406952,1785296279540695236,1384947757393396,75.3,53.36328125,-1.0,0,0
2026-07-28T23:37:59.541,10.42.0.1,,77,1,DOWNLOAD,0.95,DOWNLOAD,0.95,-1,14050,0.2349427487703837,40,338508.0,79530.0,31,9,0.809754137183701,0.190245862816299,0.0024898351831515913,0,0,0,0,0,0,0,0,0.0225,0.0,0.0,0.0,0.15,skip,training_upload_trigger_not_confirmed,1785296279.5414066,1785296279541406596,1384947758104724,75.3,53.36328125,-1.0,0,0
2026-07-28T23:37:59.544,10.42.0.210,,76,1,DOWNLOAD,0.9838521851551975,DOWNLOAD,0.9838521851551975,-1,10136,5.571428570977562,40,10136.0,56472.0,1,39,0.15217391304347827,0.8478260869565217,0.050807763959237966,0,0,0,0,0,0,0,0,0.057499999999999996,0.1,0.0,0.0,0.15,skip,training_upload_trigger_not_confirmed,1785296279.5449488,1785296279544948771,1384947761647496,75.3,53.36328125,-1.0,0,0
2026-07-28T23:37:59.546,10.42.0.210,,76,1,DOWNLOAD,0.95,DOWNLOAD,0.95,-1,4344,3.8999999997997237,41,14480.0,56472.0,2,39,0.20408163265306123,0.7959183673469388,0.044294882081527084,0,0,0,0,0,0,0,0,0.057499999999999996,0.1,0.0,0.0,0.15,skip,training_upload_trigger_not_confirmed,1785296279.5463321,1785296279546332193,1384947763032544,75.3,53.36328125,-1.0,0,0
2026-07-28T23:37:59.548,10.42.0.210,,76,1,DOWNLOAD,0.9557926560077417,DOWNLOAD,0.9557926560077417,-1,14480,1.9499999999671962,42,28960.0,56472.0,3,39,0.3389830508474576,0.6610169491525424,0.038690751063956995,0,0,0,0,0,0,0,0,0.057499999999999996,0.1,0.0,0.0,0.15,skip,training_upload_trigger_not_confirmed,1785296279.5480988,1785296279548098733,1384947764797340,75.3,53.36328125,-1.0,0,0
2026-07-28T23:37:59.551,10.42.0.47,,77,1,DOWNLOAD,0.9842257140988042,DOWNLOAD,0.9842257140988042,-1,2896,5.7550644563907074e-11,3,17376.0,0.0,3,0,1.0,0.0,0.12784480100720358,0,0,0,0,0,0,0,0,0.0225,0.0,0.0,0.0,0.15,skip,training_upload_trigger_not_confirmed,1785296279.5514524,1785296279551452530,1384947768152661,75.3,53.36328125,-1.0,0,0
2026-07-28T23:37:59.552,10.42.0.47,,77,1,DOWNLOAD,0.9842586901286671,DOWNLOAD,0.9842586901286671,-1,8688,3.8367096376674066e-11,4,26064.0,0.0,4,0,1.0,0.0,0.11115479924801573,0,0,0,0,0,0,0,0,0.0225,0.0,0.0,0.0,0.15,skip,training_upload_trigger_not_confirmed,1785296279.5526414,1785296279552641326,1384947769339656,75.3,53.36328125,-1.0,0,0
2026-07-28T23:37:59.553,10.42.0.145,,34,1,DOWNLOAD,0.95,DOWNLOAD,0.95,-1,14600,3.424657534129292e-11,3,29200.0,0.0,3,0,1.0,0.0,0.24776029529767896,0,0,0,0,0,0,0,0,0.0225,0.0,0.0,0.0,0.15,skip,already_attacked_this_round,1785296279.5537758,1785296279553775928,1384947770474353,75.3,53.36328125,-1.0,0,0
2026-07-28T23:37:59.554,10.42.0.145,,34,1,DOWNLOAD,0.95,DOWNLOAD,0.95,-1,14600,2.2831050227789245e-11,4,43800.0,0.0,4,0,1.0,0.0,0.21523405941911905,0,0,0,0,0,0,0,0,0.0225,0.0,0.0,0.0,0.15,skip,already_attacked_this_round,1785296279.5547035,1785296279554703482,1384947771402453,75.3,53.36328125,-1.0,0,0
2026-07-28T23:37:59.556,10.42.0.59,,31,1,DOWNLOAD,0.95,DOWNLOAD,0.95,-1,14600,3.604902667498021e-11,3,27740.0,0.0,3,0,1.0,0.0,0.18733885516734544,0,0,0,0,0,0,0,0,0.0225,0.0,0.0,0.0,0.15,skip,training_upload_trigger_not_confirmed,1785296279.5560775,1785296279556077623,1384947772776257,75.3,53.36328125,-1.0,0,0
2026-07-28T23:37:59.557,10.42.0.59,,31,1,DOWNLOAD,0.95,DOWNLOAD,0.95,-1,14600,2.361832782183235e-11,4,42340.0,0.0,4,0,1.0,0.0,0.16278175423366623,0,0,0,0,0,0,0,0,0.0225,0.0,0.0,0.0,0.15,skip,training_upload_trigger_not_confirmed,1785296279.5570593,1785296279557059307,1384947773758285,75.3,53.36328125,-1.0,0,0
2026-07-28T23:37:59.557,10.42.0.47,,77,1,DOWNLOAD,0.9842595481342594,DOWNLOAD,0.9842595481342594,-1,8688,2.8775322282781555e-11,5,34752.0,0.0,5,0,1.0,0.0,0.09719940465638316,0,0,0,0,0,0,0,0,0.0225,0.0,0.0,0.0,0.15,skip,training_upload_trigger_not_confirmed,1785296279.5578926,1785296279557892706,1384947774590997,75.3,53.36328125,-1.0,0,0
2026-07-28T23:37:59.558,10.42.0.18,,56,1,DOWNLOAD,0.95,DOWNLOAD,0.95,-1,11680,8.56164383488342e-11,1,11680.0,0.0,1,0,1.0,0.0,0.6792382722436794,0,0,0,0,0,0,0,0,0.0225,0.0,0.0,0.0,0.15,skip,already_attacked_this_round,1785296279.5589259,1785296279558925867,1384947775624233,75.3,53.36328125,-1.0,0,0
2026-07-28T23:37:59.559,10.42.0.18,,56,1,DOWNLOAD,0.95,DOWNLOAD,0.95,-1,5840,5.70776255675184e-11,2,17520.0,0.0,2,0,1.0,0.0,0.589832200087431,0,0,0,0,0,0,0,0,0.0225,0.0,0.0,0.0,0.15,skip,already_attacked_this_round,1785296279.5596862,1785296279559686031,1384947776384332,75.3,53.36328125,-1.0,0,0
2026-07-28T23:37:59.561,10.42.0.18,,56,1,DOWNLOAD,0.95,DOWNLOAD,0.95,-1,11680,3.424657534129292e-11,3,29200.0,0.0,3,0,1.0,0.0,0.5122921728739324,0,0,0,0,0,0,0,0,0.0225,0.0,0.0,0.0,0.15,skip,already_attacked_this_round,1785296279.5610886,1785296279561088408,1384947777786855,75.3,53.36328125,-1.0,0,0
2026-07-28T23:37:59.562,10.42.0.210,,76,1,DOWNLOAD,0.9846998846180315,DOWNLOAD,0.9846998846180315,-1,18824,1.181818181814377,43,47784.0,56472.0,4,39,0.4583333333333333,0.5416666666666666,0.03544492395110176,0,0,0,0,0,0,0,0,0.039999999999999994,0.05,0.0,0.0,0.15,skip,training_upload_trigger_not_confirmed,1785296279.5621579,1785296279562157845,1384947778856066,75.3,53.36328125,-1.0,0,0
2026-07-28T23:37:59.563,10.42.0.210,,76,1,DOWNLOAD,0.9854895428954357,DOWNLOAD,0.9854895428954357,-1,6784,1.0348922445382844,44,54568.0,56472.0,5,39,0.4914265129682997,0.5085734870317002,0.03090947160204273,0,0,0,0,0,0,0,0,0.039999999999999994,0.05,0.0,0.0,0.15,skip,training_upload_trigger_not_confirmed,1785296279.5631845,1785296279563184261,1384947779882485,75.3,53.36328125,-1.0,0,0
2026-07-28T23:37:59.564,10.42.0.18,,56,1,DOWNLOAD,0.950058204438129,DOWNLOAD,0.950058204438129,-1,14600,2.2831050227789245e-11,4,43800.0,0.0,4,0,1.0,0.0,0.44523174343052463,0,0,0,0,0,0,0,0,0.0225,0.0,0.0,0.0,0.15,skip,already_attacked_this_round,1785296279.5644777,1785296279564477717,1384947781175997,75.3,53.36328125,-1.0,0,0
2026-07-28T23:37:59.565,10.42.0.18,,56,1,DOWNLOAD,0.9503974515198997,DOWNLOAD,0.9503974515198997,-1,8760,1.9025875189896766e-11,5,52560.0,0.0,5,0,1.0,0.0,0.3867270742457224,0,0,0,0,0,0,0,0,0.0225,0.0,0.0,0.0,0.15,skip,already_attacked_this_round,1785296279.5657337,1785296279565733682,1384947782431822,75.3,53.36328125,-1.0,0,0
2026-07-28T23:37:59.566,10.42.0.59,,31,1,DOWNLOAD,0.953892240870489,DOWNLOAD,0.953892240870489,-1,24820,1.4889815366067752e-11,5,67160.0,0.0,5,0,1.0,0.0,0.14260581943517722,0,0,0,0,0,0,0,0,0.0225,0.0,0.0,0.0,0.15,skip,training_upload_trigger_not_confirmed,1785296279.5667315,1785296279566731592,1384947783429693,75.3,53.36328125,-1.0,0,0
2026-07-28T23:37:59.567,10.42.0.59,,31,1,DOWNLOAD,0.966448047560622,DOWNLOAD,0.966448047560622,-1,12037,1.2626740911743795e-11,6,79197.0,0.0,6,0,1.0,0.0,0.12390945964222122,0,0,0,0,0,0,0,0,0.0225,0.0,0.0,0.0,0.15,skip,training_upload_trigger_not_confirmed,1785296279.5674558,1785296279567455862,1384947784153976,75.3,53.36328125,-1.0,0,0
2026-07-28T23:37:59.570,10.42.0.145,,34,1,DOWNLOAD,0.9652027075739882,DOWNLOAD,0.9652027075739882,-1,29200,1.369863013679865e-11,5,73000.0,0.0,5,0,1.0,0.0,0.18891509857809782,0,0,0,0,0,0,0,0,0.0225,0.0,0.0,0.0,0.15,skip,already_attacked_this_round,1785296279.5702102,1785296279570210337,1384947786908849,75.3,53.36328125,-1.0,0,0
2026-07-28T23:37:59.570,10.42.0.145,,34,1,DOWNLOAD,0.9738295038975368,DOWNLOAD,0.9738295038975368,-1,6184,1.2628813901638856e-11,6,79184.0,0.0,6,0,1.0,0.0,0.16412188760291116,0,0,0,0,0,0,0,0,0.0225,0.0,0.0,0.0,0.15,skip,already_attacked_this_round,1785296279.5709765,1785296279570976398,1384947787674555,75.3,53.36328125,-1.0,0,0
2026-07-28T23:37:59.571,10.42.0.18,,56,1,DOWNLOAD,0.9517970998973987,DOWNLOAD,0.9517970998973987,-1,11680,1.556662515542393e-11,6,64240.0,0.0,6,0,1.0,0.0,0.3365522591911787,0,0,0,0,0,0,0,0,0.0225,0.0,0.0,0.0,0.15,skip,already_attacked_this_round,1785296279.571698,1785296279571697950,1384947788396118,75.3,53.36328125,-1.0,0,0
2026-07-28T23:37:59.572,10.42.0.18,,56,1,DOWNLOAD,0.957432128826356,DOWNLOAD,0.957432128826356,-1,1817,1.5138441043112185e-11,7,66057.0,0.0,7,0,1.0,0.0,0.2923294052056667,0,0,0,0,0,0,0,0,0.0225,0.0,0.0,0.0,0.15,skip,already_attacked_this_round,1785296279.5726552,1785296279572655067,1384947789353502,75.3,53.36328125,-1.0,0,0
2026-07-28T23:37:59.577,10.42.0.47,,77,1,DOWNLOAD,0.9842595696464124,DOWNLOAD,0.9842595696464124,-1,2896,2.6561835953395613e-11,6,37648.0,0.0,6,0,1.0,0.0,0.08696293403837502,0,0,0,0,0,0,0,0,0.0225,0.0,0.0,0.0,0.15,skip,training_upload_trigger_not_confirmed,1785296279.5774102,1785296279577410352,1384947794108744,75.3,53.36328125,-1.0,0,0
2026-07-28T23:37:59.578,10.42.0.47,,77,1,DOWNLOAD,0.9842595701605352,DOWNLOAD,0.9842595701605352,-1,11584,2.0311992199782418e-11,7,49232.0,0.0,7,0,1.0,0.0,0.07560227899840462,0,0,0,0,0,0,0,0,0.0225,0.0,0.0,0.0,0.15,skip,training_upload_trigger_not_confirmed,1785296279.5781603,1785296279578160278,1384947794858544,75.3,53.36328125,-1.0,0,0
2026-07-28T23:37:59.579,10.42.0.47,,77,1,DOWNLOAD,0.9842595701720059,DOWNLOAD,0.9842595701720059,-1,21720,1.4094035404018295e-11,8,70952.0,0.0,8,0,1.0,0.0,0.06588029824850401,0,0,0,0,0,0,0,0,0.0225,0.0,0.0,0.0,0.15,skip,training_upload_trigger_not_confirmed,1785296279.5799851,1785296279579985278,1384947796683522,75.3,53.36328125,-1.0,0,0
2026-07-28T23:37:59.582,10.42.0.47,,77,1,DOWNLOAD,0.9842595701722343,DOWNLOAD,0.9842595701722343,-1,8232,1.2628813901638856e-11,9,79184.0,0.0,9,0,1.0,0.0,0.05746729365367287,0,0,0,0,0,0,0,0,0.0225,0.0,0.0,0.0,0.15,skip,training_upload_trigger_not_confirmed,1785296279.5820215,1785296279582021426,1384947798720112,75.3,53.36328125,-1.0,0,0
2026-07-28T23:37:59.881,10.42.0.18,,56,2,TRAINING,0.9,TRAINING,0.9,0,43,1.5138441043112185e-11,7,66057.0,0.0,7,0,1.0,0.0,0.7533837002086652,0,0,0,0,0,0,0,0,0.0225,0.0,0.0,0.0,0.15,skip,already_attacked_this_round,1785296279.8818793,1785296279881879180,1384948098577523,75.3,53.36328125,-1.0,0,0
2026-07-28T23:37:59.887,10.42.0.145,,34,3,UPLOAD,0.95,UPLOAD,0.95,1,64240,0.811275005053909,7,79184.0,64240.0,6,1,0.5520972780008925,0.4479027219991075,0.2065108536541903,0,0,0,1,1,1,1,1,0.85,1.0,1.0,0.4,0.8,skip,already_attacked_this_round,1785296279.8874884,1785296279887488369,1384948104188450,75.3,53.36328125,-1.0,0,0
2026-07-28T23:37:59.889,10.42.0.145,,34,3,UPLOAD,0.9841010226033655,UPLOAD,0.9841010226033655,1,3636,0.8571933724002678,8,79184.0,67876.0,6,2,0.5384468924248605,0.4615531075751394,0.17957927632789616,0,0,0,1,1,1,1,1,0.85,1.0,1.0,0.4,0.8,skip,already_attacked_this_round,1785296279.889623,1785296279889622928,1384948106322621,75.3,53.36328125,-1.0,0,0
2026-07-28T23:37:59.890,10.42.0.1,10.42.0.1,77,3,UPLOAD,0.95,UPLOAD,0.95,1,7240,0.2563307218758306,41,338508.0,86770.0,31,10,0.7959687545558435,0.20403124544415652,0.002452255926972665,1,0,0,1,1,1,1,1,0.85,1.0,1.0,0.4,0.8,trigger,training_upload_trigger_confirmed,1785296279.8909297,1785296279890929764,1384948107628461,75.3,53.36328125,20.768444,1785296279911699600,1384948128396905
2026-07-28T23:37:59.891,10.42.0.1,10.42.0.1,77,3,UPLOAD,0.95,UPLOAD,0.95,1,5792,0.2734411003601881,42,338508.0,92562.0,31,11,0.785273853434477,0.214726146565523,0.0022276678446758414,1,0,1,1,1,1,1,1,0.9699999999999999,1.0,1.0,1.0,0.8,skip,attack_already_active,1785296279.8916776,1785296279891677780,1384948108376098,75.3,53.36328125,-1.0,0,0
2026-07-28T23:37:59.894,10.42.0.1,10.42.0.1,77,3,UPLOAD,0.95,UPLOAD,0.95,1,11584,0.3076618573289031,43,338508.0,104146.0,31,12,0.7647236893826781,0.23527631061732188,0.002301074283015621,1,0,1,1,1,1,1,1,0.9699999999999999,1.0,1.0,1.0,0.8,skip,attack_already_active,1785296279.8944623,1785296279894462502,1384948111160680,75.3,53.36328125,-1.0,0,0
2026-07-28T23:37:59.895,10.42.0.1,10.42.0.1,77,3,UPLOAD,0.95,UPLOAD,0.95,1,5792,0.3247722358132606,44,338508.0,109938.0,31,13,0.7548467373998207,0.24515326260017928,0.0020900931677380204,1,0,1,1,1,1,1,1,0.9699999999999999,1.0,1.0,1.0,0.8,skip,attack_already_active,1785296279.8951623,1785296279895162394,1384948111860500,75.3,53.36328125,-1.0,0,0
2026-07-28T23:37:59.896,10.42.0.1,10.42.0.1,77,3,UPLOAD,0.95,UPLOAD,0.95,1,11584,0.3589929927819756,45,338508.0,121522.0,31,14,0.7358389670238897,0.26416103297611027,0.0020354428941176546,1,0,1,1,1,1,1,1,0.9699999999999999,1.0,1.0,1.0,0.8,skip,attack_already_active,1785296279.8968377,1785296279896837598,1384948113536062,75.3,53.36328125,-1.0,0,0
2026-07-28T23:37:59.897,10.42.0.1,10.42.0.1,77,3,UPLOAD,0.95,UPLOAD,0.95,1,20272,0.4188793174772269,46,338508.0,141794.0,31,15,0.7047815749257759,0.29521842507422413,0.0018880237047890595,1,0,1,1,1,1,1,1,0.9699999999999999,1.0,1.0,1.0,0.8,skip,attack_already_active,1785296279.8977544,1785296279897754269,1384948114452867,75.3,53.36328125,-1.0,0,0
2026-07-28T23:37:59.898,10.42.0.59,10.42.0.1,31,3,UPLOAD,0.95,UPLOAD,0.95,1,45260,0.571486293678151,7,79197.0,45260.0,6,1,0.6363402620985561,0.36365973790144385,0.6250110671195555,0,0,0,1,1,1,1,1,0.85,1.0,1.0,0.4,0.8,trigger,training_upload_trigger_confirmed,1785296279.8989203,1785296279898920115,1384948115618740,75.3,53.36328125,73.955193,1785296279972876581,1384948189573933
2026-07-28T23:37:59.900,10.42.0.59,10.42.0.1,31,3,UPLOAD,0.9841010226033655,UPLOAD,0.9841010226033655,1,34295,1.0045203732464043,8,79197.0,79555.0,6,2,0.4988724551501713,0.5011275448498287,0.5428009926654682,0,0,1,1,1,1,1,1,0.85,1.0,1.0,0.4,0.8,skip,attack_already_active,1785296279.9000618,1785296279900061876,1384948116760513,75.3,53.36328125,-1.0,0,0
2026-07-28T23:37:59.901,10.42.0.1,10.42.0.1,77,3,UPLOAD,0.95,UPLOAD,0.95,1,2896,0.42743450671940564,47,338508.0,144690.0,31,16,0.7005575354202626,0.2994424645797375,0.00208824903120507,1,0,1,1,1,1,1,1,0.9699999999999999,1.0,1.0,1.0,0.8,skip,attack_already_active,1785296279.901162,1785296279901161991,1384948117860432,75.3,53.36328125,-1.0,0,0
2026-07-28T23:37:59.902,10.42.0.1,10.42.0.1,77,3,UPLOAD,0.95,UPLOAD,0.95,1,11584,0.46165526368812065,48,338508.0,156274.0,31,17,0.6841558504553521,0.31584414954464796,0.002022311551945763,1,0,1,1,1,1,1,1,0.9699999999999999,1.0,1.0,1.0,0.8,skip,attack_already_active,1785296279.9027498,1785296279902749674,1384948119448564,75.3,53.36328125,-1.0,0,0
2026-07-28T23:37:59.904,10.42.0.1,10.42.0.1,77,3,UPLOAD,0.95,UPLOAD,0.95,1,2799,0.46992390135692536,49,338508.0,159073.0,31,18,0.6803073268472872,0.3196926731527128,0.0020221485130747724,1,0,1,1,1,1,1,1,0.9699999999999999,1.0,1.0,1.0,0.8,skip,attack_already_active,1785296279.9047709,1785296279904770728,1384948121470082,75.3,53.36328125,-1.0,0,0
2026-07-28T23:37:59.906,10.42.0.1,10.42.0.1,77,3,UPLOAD,0.95,UPLOAD,0.95,1,2896,0.4784790905991041,50,338508.0,161969.0,31,19,0.6763707423118345,0.3236292576881655,0.001979059261203258,1,0,1,1,1,1,1,1,0.9699999999999999,1.0,1.0,1.0,0.8,skip,attack_already_active,1785296279.906466,1785296279906466024,1384948123164872,75.3,53.36328125,-1.0,0,0
2026-07-28T23:37:59.909,10.42.0.1,10.42.0.1,77,3,UPLOAD,0.95,UPLOAD,0.95,1,11584,0.5126998475678191,51,338508.0,173553.0,31,20,0.6610696772454844,0.33893032275451557,0.002077214505755569,1,0,1,1,1,1,1,1,0.9699999999999999,1.0,1.0,1.0,0.8,skip,attack_already_active,1785296279.90919,1785296279909189953,1384948125888971,75.3,53.36328125,-1.0,0,0
2026-07-28T23:37:59.910,10.42.0.1,10.42.0.1,77,3,UPLOAD,0.95,UPLOAD,0.95,1,2896,0.5212550368099979,52,338508.0,176449.0,31,21,0.6573519730773637,0.34264802692263624,0.0019726423886910808,1,0,1,1,1,1,1,1,0.9699999999999999,1.0,1.0,1.0,0.8,skip,attack_already_active,1785296279.9104736,1785296279910473477,1384948127172505,75.3,53.36328125,-1.0,0,0
2026-07-28T23:37:59.912,10.42.0.1,10.42.0.1,77,3,UPLOAD,0.95,UPLOAD,0.95,1,11584,0.5554757937787128,53,338508.0,188033.0,31,22,0.6428901073230765,0.35710989267692356,0.0019772650984529283,1,0,1,1,1,1,1,1,0.9699999999999999,1.0,1.0,1.0,0.8,skip,attack_already_active,1785296279.9124813,1785296279912481320,1384948129180355,75.3,53.36328125,-1.0,0,0
2026-07-28T23:37:59.915,10.42.0.1,10.42.0.1,77,3,UPLOAD,0.95,UPLOAD,0.95,1,5792,0.5725861722630703,54,338508.0,193825.0,31,23,0.6358952009362561,0.36410479906374393,0.0021208036889224366,1,0,1,1,1,1,1,1,0.9699999999999999,1.0,1.0,1.0,0.8,skip,attack_already_active,1785296279.9155478,1785296279915547788,1384948132246765,75.3,53.36328125,-1.0,0,0
2026-07-28T23:37:59.917,10.42.0.1,10.42.0.1,77,3,UPLOAD,0.95,UPLOAD,0.95,1,21720,0.636750091579411,55,338508.0,215545.0,31,24,0.610966820863708,0.38903317913629204,0.0020750819725918164,1,0,1,1,1,1,1,1,0.9699999999999999,1.0,1.0,1.0,0.8,skip,attack_already_active,1785296279.9173217,1785296279917321788,1384948134020834,75.3,53.36328125,-1.0,0,0
2026-07-28T23:37:59.919,10.42.0.1,10.42.0.1,77,3,UPLOAD,0.95,UPLOAD,0.95,1,7240,0.6581380646848579,56,338508.0,222785.0,31,25,0.6030860887272779,0.3969139112727221,0.0020357936384036526,1,0,1,1,1,1,1,1,0.9699999999999999,1.0,1.0,1.0,0.8,skip,attack_already_active,1785296279.9190986,1785296279919098702,1384948135797765,75.3,53.36328125,-1.0,0,0
2026-07-28T23:37:59.920,10.42.0.1,10.42.0.1,77,3,UPLOAD,0.95,UPLOAD,0.95,1,2798,0.6664037482137308,57,338508.0,225583.0,31,26,0.600094665577008,0.39990533442299203,0.0020176425842406633,1,0,1,1,1,1,1,1,0.9699999999999999,1.0,1.0,1.0,0.8,skip,attack_already_active,1785296279.9209967,1785296279920996514,1384948137695727,75.3,53.36328125,-1.0,0,0
2026-07-28T23:37:59.974,10.42.0.18,10.42.0.1,56,3,UPLOAD,0.95,UPLOAD,0.95,1,59860,0.9061870808558339,8,66057.0,59860.0,7,1,0.5246074795301667,0.4753925204698333,0.6663607865078368,0,0,0,1,1,1,1,1,0.9699999999999999,1.0,1.0,1.0,0.8,skip,already_attacked_this_round,1785296279.9748702,1785296279974870279,1384948191568827,75.3,53.36328125,-1.0,0,0
2026-07-28T23:37:59.976,10.42.0.18,10.42.0.1,56,3,UPLOAD,0.9841010226033655,UPLOAD,0.9841010226033655,1,19669,1.2039450777328073,9,66057.0,79529.0,7,2,0.4537318148723091,0.5462681851276908,0.5787125566905909,0,0,0,1,1,1,1,1,0.9699999999999999,1.0,1.0,1.0,0.8,skip,already_attacked_this_round,1785296279.9760928,1785296279976092959,1384948192792069,75.3,53.36328125,-1.0,0,0
2026-07-28T23:37:59.977,10.42.0.1,10.42.0.1,77,3,UPLOAD,0.95,UPLOAD,0.95,1,7240,0.6877917213191778,58,338508.0,232823.0,31,27,0.5924901676961342,0.4075098323038659,0.00923776923516899,1,0,1,1,1,1,1,1,0.9699999999999999,1.0,1.0,1.0,0.8,skip,attack_already_active,1785296279.9778059,1785296279977805706,1384948194504455,75.3,53.36328125,-1.0,0,0
2026-07-28T23:37:59.978,10.42.0.1,10.42.0.1,77,3,UPLOAD,0.95,UPLOAD,0.95,1,7240,0.7091796944246246,59,338508.0,240063.0,31,28,0.585075988945177,0.414924011054823,0.008168223517435123,1,0,1,1,1,1,1,1,0.9699999999999999,1.0,1.0,1.0,0.8,skip,attack_already_active,1785296279.9789271,1785296279978927085,1384948195625649,75.3,53.36328125,-1.0,0,0
2026-07-28T23:37:59.981,10.42.0.1,10.42.0.1,77,3,UPLOAD,0.95,UPLOAD,0.95,1,10136,0.7391228567722502,60,338508.0,250199.0,31,29,0.5750025054908469,0.4249974945091531,0.007365569302274947,1,0,1,1,1,1,1,1,0.9699999999999999,1.0,1.0,1.0,0.8,skip,attack_already_active,1785296279.9810042,1785296279981004271,1384948197702793,75.3,53.36328125,-1.0,0,0
2026-07-28T23:37:59.981,10.42.0.1,10.42.0.1,77,3,UPLOAD,0.95,UPLOAD,0.95,1,4344,0.7519556406355183,61,338508.0,254543.0,31,30,0.5707907077131646,0.42920929228683535,0.006497710485014918,1,0,1,1,1,1,1,1,0.9699999999999999,1.0,1.0,1.0,0.8,skip,attack_already_active,1785296279.9817839,1785296279981783836,1384948198482076,75.3,53.36328125,-1.0,0,0
2026-07-28T23:37:59.982,10.42.0.1,10.42.0.1,77,3,UPLOAD,0.95,UPLOAD,0.95,1,14480,0.7947315868464121,62,338508.0,269023.0,31,31,0.5571863822586831,0.4428136177413169,0.0057364531844242275,1,0,1,1,1,1,1,1,0.9699999999999999,1.0,1.0,1.0,0.8,skip,attack_already_active,1785296279.9825046,1785296279982504716,1384948199203038,75.3,53.36328125,-1.0,0,0
2026-07-28T23:37:59.983,10.42.0.1,10.42.0.1,77,3,UPLOAD,0.95,UPLOAD,0.95,1,18824,0.850340316920574,63,338508.0,287847.0,31,32,0.5404411236439399,0.4595588763560601,0.005150786446167574,1,0,1,1,1,1,1,1,0.9699999999999999,1.0,1.0,1.0,0.8,skip,attack_already_active,1785296279.9837966,1785296279983796396,1384948200494651,75.3,53.36328125,-1.0,0,0
2026-07-28T23:37:59.984,10.42.0.1,10.42.0.1,77,3,UPLOAD,0.95,UPLOAD,0.95,1,1448,0.8546179115416633,64,338508.0,289295.0,31,33,0.5391946199683658,0.4608053800316341,0.004573994026210676,1,0,1,1,1,1,1,1,0.9699999999999999,1.0,1.0,1.0,0.8,skip,attack_already_active,1785296279.9845703,1785296279984570440,1384948201268840,75.3,53.36328125,-1.0,0,0
2026-07-28T23:37:59.985,10.42.0.1,10.42.0.1,77,3,UPLOAD,0.95,UPLOAD,0.95,1,8688,0.8802834792681996,65,338508.0,297983.0,31,34,0.531834699940769,0.468165300059231,0.004067584391786073,1,0,1,1,1,1,1,1,0.9699999999999999,1.0,1.0,1.0,0.8,skip,attack_already_active,1785296279.9853013,1785296279985301127,1384948202009536,75.3,53.36328125,-1.0,0,0
2026-07-28T23:37:59.986,10.42.0.1,10.42.0.1,77,3,UPLOAD,0.95,UPLOAD,0.95,1,7129,0.9013435428412288,66,338508.0,305112.0,31,35,0.5259438799291507,0.47405612007084924,0.003746570445968401,1,0,1,1,1,1,1,1,0.9699999999999999,1.0,1.0,1.0,0.8,skip,attack_already_active,1785296279.9869328,1785296279986932828,1384948203631849,75.3,53.36328125,-1.0,0,0
2026-07-28T23:38:00.039,10.42.0.1,10.42.0.1,77,3,UPLOAD,0.7702176735969634,UPLOAD,0.7702176735969634,0,43,0.9013435428412288,66,338508.0,305112.0,31,35,0.5259438799291507,0.47405612007084924,0.022601104242944602,1,0,1,1,1,1,1,1,0.8200000000000001,0.8000000000000002,1.0,0.6000000000000001,0.8,skip,attack_already_active,1785296280.039483,1785296280039483053,1384948256181265,75.3,53.36328125,-1.0,0,0
2026-07-28T23:38:00.085,10.42.0.59,10.42.0.1,31,3,UPLOAD,0.9854688349332961,UPLOAD,0.9854688349332961,0,47,1.0045203732464043,8,79197.0,79555.0,6,2,0.4988724551501713,0.5011275448498287,0.477228455411558,0,0,1,1,1,1,1,1,0.8200000000000001,0.8000000000000002,1.0,0.6000000000000001,0.8,skip,attack_already_active,1785296280.0853672,1785296280085367399,1384948302066110,75.3,53.36328125,-1.0,0,0
2026-07-28T23:38:00.243,10.42.0.1,10.42.0.1,77,3,UPLOAD,0.5343840134940839,UPLOAD,0.5343840134940839,0,43,0.6664007940737992,57,338508.0,225582.0,31,26,0.6000957294048822,0.3999042705951178,0.04630845618975882,1,0,1,1,1,1,1,1,0.8025,0.7500000000000001,1.0,0.6000000000000001,0.8,skip,attack_already_active,1785296280.2436798,1785296280243679758,1384948460378550,78.9,53.36328125,-1.0,0,0
2026-07-28T23:38:00.683,10.42.0.47,10.42.0.1|10.42.0.47,77,3,UPLOAD,0.95,UPLOAD,0.95,1,7240,100.0,1,0.0,7240.0,0,1,0.0,1.0,0.26856256846041493,1,0,0,1,1,1,1,1,0.9699999999999999,1.0,1.0,1.0,0.8,trigger,training_upload_trigger_confirmed,1785296280.683402,1785296280683401964,1384948900100369,9.7,53.36328125,5.867827,1785296280689270645,1384948905968196
2026-07-28T23:38:00.684,10.42.0.47,10.42.0.1|10.42.0.47,77,3,UPLOAD,0.95,UPLOAD,0.95,1,4344,100.0,2,0.0,11584.0,0,2,0.0,1.0,0.23326841922689273,1,0,1,1,1,1,1,1,0.9699999999999999,1.0,1.0,1.0,0.8,skip,attack_already_active,1785296280.684127,1785296280684126879,1384948900824984,9.7,53.36328125,-1.0,0,0
2026-07-28T23:38:00.685,10.42.0.47,10.42.0.1|10.42.0.47,77,3,UPLOAD,0.95,UPLOAD,0.95,1,2896,100.0,3,0.0,14480.0,0,3,0.0,1.0,0.20275083910384983,1,0,1,1,1,1,1,1,0.9699999999999999,1.0,1.0,1.0,0.8,skip,attack_already_active,1785296280.685806,1785296280685806097,1384948902504588,9.7,53.36328125,-1.0,0,0
2026-07-28T23:38:00.687,10.42.0.47,10.42.0.1|10.42.0.47,77,3,UPLOAD,0.95,UPLOAD,0.95,1,7240,100.0,4,0.0,21720.0,0,4,0.0,1.0,0.17619629179188992,1,0,1,1,1,1,1,1,0.9699999999999999,1.0,1.0,1.0,0.8,skip,attack_already_active,1785296280.6870418,1785296280687041684,1384948903739797,9.7,53.36328125,-1.0,0,0
2026-07-28T23:38:00.691,10.42.0.47,10.42.0.1|10.42.0.47,77,3,UPLOAD,0.95,UPLOAD,0.95,1,5792,100.0,5,0.0,27512.0,0,5,0.0,1.0,0.15352691960743942,1,0,1,1,1,1,1,1,0.9699999999999999,1.0,1.0,1.0,0.8,skip,attack_already_active,1785296280.6912065,1785296280691206275,1384948907905571,9.7,53.36328125,-1.0,0,0
2026-07-28T23:38:00.692,10.42.0.47,10.42.0.1|10.42.0.47,77,3,UPLOAD,0.95,UPLOAD,0.95,1,10136,100.0,6,0.0,37648.0,0,6,0.0,1.0,0.13344676382582318,1,0,1,1,1,1,1,1,0.9699999999999999,1.0,1.0,1.0,0.8,skip,attack_already_active,1785296280.6923506,1785296280692350795,1384948909049195,9.7,53.36328125,-1.0,0,0
2026-07-28T23:38:00.693,10.42.0.47,10.42.0.1|10.42.0.47,77,3,UPLOAD,0.95,UPLOAD,0.95,1,5792,100.0,7,0.0,43440.0,0,7,0.0,1.0,0.11605400531130028,1,0,1,1,1,1,1,1,0.9699999999999999,1.0,1.0,1.0,0.8,skip,attack_already_active,1785296280.6938086,1785296280693808674,1384948910507263,9.7,53.36328125,-1.0,0,0
2026-07-28T23:38:00.694,10.42.0.47,10.42.0.1|10.42.0.47,77,3,UPLOAD,0.95,UPLOAD,0.95,1,1448,100.0,8,0.0,44888.0,0,8,0.0,1.0,0.10088913948325767,1,0,1,1,1,1,1,1,0.9699999999999999,1.0,1.0,1.0,0.8,skip,attack_already_active,1785296280.6947806,1785296280694780729,1384948911479149,9.7,53.36328125,-1.0,0,0
2026-07-28T23:38:00.698,10.42.0.47,10.42.0.1|10.42.0.47,77,3,UPLOAD,0.95,UPLOAD,0.95,1,13032,100.0,9,0.0,57920.0,0,9,0.0,1.0,0.0881438299698882,1,0,1,1,1,1,1,1,0.9699999999999999,1.0,1.0,1.0,0.8,skip,attack_already_active,1785296280.698949,1785296280698949206,1384948915647637,9.7,53.36328125,-1.0,0,0
2026-07-28T23:38:00.699,10.42.0.47,10.42.0.1|10.42.0.47,77,3,UPLOAD,0.95,UPLOAD,0.95,1,10136,100.0,10,0.0,68056.0,0,10,0.0,1.0,0.07666582948845047,1,0,1,1,1,1,1,1,0.9699999999999999,1.0,1.0,1.0,0.8,skip,attack_already_active,1785296280.6999896,1785296280699989540,1384948916688098,9.7,53.36328125,-1.0,0,0
2026-07-28T23:38:00.701,10.42.0.47,10.42.0.1|10.42.0.47,77,3,UPLOAD,0.95,UPLOAD,0.95,1,7240,100.0,11,0.0,75296.0,0,11,0.0,1.0,0.06681912592116591,1,0,1,1,1,1,1,1,0.9699999999999999,1.0,1.0,1.0,0.8,skip,attack_already_active,1785296280.7019315,1785296280701931603,1384948918630694,9.7,53.36328125,-1.0,0,0
2026-07-28T23:38:00.703,10.42.0.47,10.42.0.1|10.42.0.47,77,3,UPLOAD,0.95,UPLOAD,0.95,1,4259,100.0,12,0.0,79555.0,0,12,0.0,1.0,0.058214546048208644,1,0,1,1,1,1,1,1,0.9699999999999999,1.0,1.0,1.0,0.8,skip,attack_already_active,1785296280.7034528,1785296280703452856,1384948920151602,9.7,53.36328125,-1.0,0,0
2026-07-28T23:38:00.704,10.42.0.1,10.42.0.1|10.42.0.47,77,3,UPLOAD,0.9584222243681164,UPLOAD,0.9584222243681164,1,7240,100.0,27,0.0,232822.0,0,27,0.0,1.0,0.04283130306840218,1,0,1,1,1,1,1,1,0.9699999999999999,1.0,1.0,1.0,0.8,skip,attack_already_active,1785296280.7049677,1785296280704967776,1384948921666534,9.7,53.36328125,-1.0,0,0
2026-07-28T23:38:00.705,10.42.0.1,10.42.0.1|10.42.0.47,77,3,UPLOAD,0.9846908752580839,UPLOAD,0.9846908752580839,1,5792,100.0,28,0.0,238614.0,0,28,0.0,1.0,0.03731271228063484,1,0,1,1,1,1,1,1,0.9699999999999999,1.0,1.0,1.0,0.8,skip,attack_already_active,1785296280.70592,1785296280705920128,1384948922618419,9.7,53.36328125,-1.0,0,0
2026-07-28T23:38:00.718,10.42.0.1,10.42.0.1|10.42.0.47,77,3,UPLOAD,0.985487112199769,UPLOAD,0.985487112199769,1,1448,100.0,29,0.0,240062.0,0,29,0.0,1.0,0.033994025312859576,1,0,1,1,1,1,1,1,0.9699999999999999,1.0,1.0,1.0,0.8,skip,attack_already_active,1785296280.718048,1785296280718047903,1384948934746481,9.7,53.36328125,-1.0,0,0
2026-07-28T23:38:00.802,10.42.0.1,10.42.0.1|10.42.0.47,77,3,UPLOAD,0.9855082171474511,UPLOAD,0.9855082171474511,1,14480,100.0,30,0.0,254542.0,0,30,0.0,1.0,0.04065222925597395,1,0,1,1,1,1,1,1,0.9699999999999999,1.0,1.0,1.0,0.8,skip,attack_already_active,1785296280.8025694,1785296280802569477,1384949019268466,9.7,53.36328125,-1.0,0,0
2026-07-28T23:38:00.803,10.42.0.1,10.42.0.1|10.42.0.47,77,3,UPLOAD,0.9855087160095732,UPLOAD,0.9855087160095732,1,14480,100.0,31,0.0,269022.0,0,31,0.0,1.0,0.035389210193270015,1,0,1,1,1,1,1,1,0.9699999999999999,1.0,1.0,1.0,0.8,skip,attack_already_active,1785296280.803282,1785296280803281864,1384949019979928,9.7,53.36328125,-1.0,0,0
2026-07-28T23:38:00.804,10.42.0.1,10.42.0.1|10.42.0.47,77,3,UPLOAD,0.9855087260278591,UPLOAD,0.9855087260278591,1,15928,100.0,32,0.0,284950.0,0,32,0.0,1.0,0.03084708729825527,1,0,1,1,1,1,1,1,0.9699999999999999,1.0,1.0,1.0,0.8,skip,attack_already_active,1785296280.8042023,1785296280804202172,1384949020900234,9.7,53.36328125,-1.0,0,0
2026-07-28T23:38:00.805,10.42.0.1,10.42.0.1|10.42.0.47,77,3,UPLOAD,0.9855087261665988,UPLOAD,0.9855087261665988,1,14480,100.0,33,0.0,299430.0,0,33,0.0,1.0,0.026907333167655437,1,0,1,1,1,1,1,1,0.9699999999999999,1.0,1.0,1.0,0.8,skip,attack_already_active,1785296280.8051517,1785296280805151826,1384949021849953,9.7,53.36328125,-1.0,0,0
2026-07-28T23:38:00.806,10.42.0.1,10.42.0.1|10.42.0.47,77,3,UPLOAD,0.9855087261658371,UPLOAD,0.9855087261658371,1,5694,100.0,34,0.0,305124.0,0,34,0.0,1.0,0.023510426825903152,1,0,1,1,1,1,1,1,0.9699999999999999,1.0,1.0,1.0,0.8,skip,attack_already_active,1785296280.8062809,1785296280806281040,1384949022979326,9.7,53.36328125,-1.0,0,0
2026-07-28T23:38:01.043,10.42.0.1,10.42.0.1|10.42.0.47,77,3,UPLOAD,0.9836552948580828,UPLOAD,0.9836552948580828,0,43,100.0,8,0.0,79542.0,0,8,0.0,1.0,0.12587367539957678,1,0,1,1,1,1,1,1,0.8374999999999999,0.8500000000000001,1.0,0.6000000000000001,0.8,skip,attack_already_active,1785296281.0439966,1785296281043996735,1384949260695663,9.7,53.36328125,-1.0,0,0
2026-07-28T23:38:01.104,10.42.0.210,10.42.0.1|10.42.0.47,76,2,TRAINING,0.9293977297375461,TRAINING,0.9293977297375461,0,43,1.0,0,0.0,0.0,0,0,0.0,0.0,0.2839095272493598,0,0,0,0,0,0,0,0,0.039999999999999994,0.05,0.0,0.0,0.15,skip,training_upload_trigger_not_confirmed,1785296281.1046584,1785296281104658552,1384949321357186,9.7,53.36328125,-1.0,0,0
2026-07-28T23:38:01.830,10.42.0.210,10.42.0.1|10.42.0.47,76,3,UPLOAD,0.95,UPLOAD,0.95,1,1448,100.0,1,0.0,1448.0,0,1,0.0,1.0,0.3421030644584054,0,0,0,1,1,1,1,1,0.9525,0.95,1.0,1.0,0.8,trigger,training_upload_trigger_confirmed,1785296281.8301826,1785296281830182659,1384950046881573,7.4,53.3671875,8.396422,1785296281838580677,1384950055277995
2026-07-28T23:38:01.830,10.42.0.210,10.42.0.1|10.42.0.47,76,3,UPLOAD,0.9841010226033655,UPLOAD,0.9841010226033655,1,1448,100.0,2,0.0,2896.0,0,2,0.0,1.0,0.297116301798958,0,0,1,1,1,1,1,1,0.9699999999999999,1.0,1.0,1.0,0.8,skip,attack_already_active,1785296281.8308935,1785296281830893600,1384950047591861,7.4,53.3671875,-1.0,0,0
2026-07-28T23:38:01.831,10.42.0.210,10.42.0.1|10.42.0.47,76,3,UPLOAD,0.9854688349332961,UPLOAD,0.9854688349332961,1,1448,100.0,3,0.0,4344.0,0,3,0.0,1.0,0.25808607871228934,0,0,1,1,1,1,1,1,0.9699999999999999,1.0,1.0,1.0,0.8,skip,attack_already_active,1785296281.8318202,1785296281831820317,1384950048518608,7.4,53.3671875,-1.0,0,0
2026-07-28T23:38:01.832,10.42.0.210,10.42.0.1|10.42.0.47,76,3,UPLOAD,0.9855076450773014,UPLOAD,0.9855076450773014,1,1448,100.0,4,0.0,5792.0,0,4,0.0,1.0,0.22417353154445965,0,0,1,1,1,1,1,1,0.9699999999999999,1.0,1.0,1.0,0.8,skip,attack_already_active,1785296281.8325534,1785296281832553506,1384950049251829,7.4,53.3671875,-1.0,0,0
2026-07-28T23:38:01.833,10.42.0.210,10.42.0.1|10.42.0.47,76,3,UPLOAD,0.9855086980780915,UPLOAD,0.9855086980780915,1,1448,100.0,5,0.0,7240.0,0,5,0.0,1.0,0.1947518787544764,0,0,1,1,1,1,1,1,0.9699999999999999,1.0,1.0,1.0,0.8,skip,attack_already_active,1785296281.8334541,1785296281833453970,1384950050152294,7.4,53.3671875,-1.0,0,0
2026-07-28T23:38:01.834,10.42.0.210,10.42.0.1|10.42.0.47,76,3,UPLOAD,0.9855087254685951,UPLOAD,0.9855087254685951,1,1448,100.0,6,0.0,8688.0,0,6,0.0,1.0,0.16916810244965944,0,0,1,1,1,1,1,1,0.9699999999999999,1.0,1.0,1.0,0.8,skip,attack_already_active,1785296281.8340578,1785296281834057730,1384950050755766,7.4,53.3671875,-1.0,0,0
2026-07-28T23:38:01.837,10.42.0.210,10.42.0.1|10.42.0.47,76,3,UPLOAD,0.9855087261493067,UPLOAD,0.9855087261493067,1,1448,100.0,7,0.0,10136.0,0,7,0.0,1.0,0.1473094069374024,0,0,1,1,1,1,1,1,0.9699999999999999,1.0,1.0,1.0,0.8,skip,attack_already_active,1785296281.8373463,1785296281837346416,1384950054046348,7.4,53.3671875,-1.0,0,0
2026-07-28T23:38:01.838,10.42.0.210,10.42.0.1|10.42.0.47,76,3,UPLOAD,0.9855087261653082,UPLOAD,0.9855087261653082,1,1448,100.0,8,0.0,11584.0,0,8,0.0,1.0,0.1280517651681846,0,0,1,1,1,1,1,1,0.9699999999999999,1.0,1.0,1.0,0.8,skip,attack_already_active,1785296281.8385148,1785296281838514794,1384950055213146,7.4,53.3671875,-1.0,0,0
2026-07-28T23:38:01.839,10.42.0.210,10.42.0.1|10.42.0.47,76,3,UPLOAD,0.985508726165656,UPLOAD,0.985508726165656,1,1448,100.0,9,0.0,13032.0,0,9,0.0,1.0,0.11132302343583768,0,0,1,1,1,1,1,1,0.9699999999999999,1.0,1.0,1.0,0.8,skip,attack_already_active,1785296281.8396168,1785296281839616798,1384950056314958,7.4,53.3671875,-1.0,0,0
2026-07-28T23:38:01.840,10.42.0.210,10.42.0.1|10.42.0.47,76,3,UPLOAD,0.9855087261656625,UPLOAD,0.9855087261656625,1,1448,100.0,10,0.0,14480.0,0,10,0.0,1.0,0.09673725016472583,0,0,1,1,1,1,1,1,0.9699999999999999,1.0,1.0,1.0,0.8,skip,attack_already_active,1785296281.8402524,1785296281840252404,1384950056950425,7.4,53.3671875,-1.0,0,0
2026-07-28T23:38:01.841,10.42.0.210,10.42.0.1|10.42.0.47,76,3,UPLOAD,0.95,UPLOAD,0.95,1,1448,100.0,11,0.0,15928.0,0,11,0.0,1.0,0.08410348169572693,0,0,1,1,1,1,1,1,0.9699999999999999,1.0,1.0,1.0,0.8,skip,attack_already_active,1785296281.8411155,1785296281841115282,1384950057813392,7.4,53.3671875,-1.0,0,0
2026-07-28T23:38:01.841,10.42.0.210,10.42.0.1|10.42.0.47,76,3,UPLOAD,0.95,UPLOAD,0.95,1,1448,100.0,12,0.0,17376.0,0,12,0.0,1.0,0.07309908243625932,0,0,1,1,1,1,1,1,0.9699999999999999,1.0,1.0,1.0,0.8,skip,attack_already_active,1785296281.8417096,1785296281841709672,1384950058407684,7.4,53.3671875,-1.0,0,0
2026-07-28T23:38:01.842,10.42.0.210,10.42.0.1|10.42.0.47,76,3,UPLOAD,0.95,UPLOAD,0.95,1,1448,100.0,13,0.0,18824.0,0,13,0.0,1.0,0.06358018954530915,0,0,1,1,1,1,1,1,0.9699999999999999,1.0,1.0,1.0,0.8,skip,attack_already_active,1785296281.8425725,1785296281842572446,1384950059270500,7.4,53.3671875,-1.0,0,0
2026-07-28T23:38:01.843,10.42.0.210,10.42.0.1|10.42.0.47,76,3,UPLOAD,0.95,UPLOAD,0.95,1,1448,100.0,14,0.0,20272.0,0,14,0.0,1.0,0.05527816265294884,0,0,1,1,1,1,1,1,0.9699999999999999,1.0,1.0,1.0,0.8,skip,attack_already_active,1785296281.8431509,1785296281843150883,1384950059848935,7.4,53.3671875,-1.0,0,0
2026-07-28T23:38:01.844,10.42.0.210,10.42.0.1|10.42.0.47,76,3,UPLOAD,0.95,UPLOAD,0.95,1,1448,100.0,15,0.0,21720.0,0,15,0.0,1.0,0.048110942252801145,0,0,1,1,1,1,1,1,0.9699999999999999,1.0,1.0,1.0,0.8,skip,attack_already_active,1785296281.844039,1785296281844039010,1384950060737145,7.4,53.3671875,-1.0,0,0
2026-07-28T23:38:01.844,10.42.0.210,10.42.0.1|10.42.0.47,76,3,UPLOAD,0.95,UPLOAD,0.95,1,1448,100.0,16,0.0,23168.0,0,16,0.0,1.0,0.04185914876055858,0,0,1,1,1,1,1,1,0.9699999999999999,1.0,1.0,1.0,0.8,skip,attack_already_active,1785296281.8447068,1785296281844706709,1384950061404767,7.4,53.3671875,-1.0,0,0
2026-07-28T23:38:01.845,10.42.0.210,10.42.0.1|10.42.0.47,76,3,UPLOAD,0.95,UPLOAD,0.95,1,1448,100.0,17,0.0,24616.0,0,17,0.0,1.0,0.03646310219604188,0,0,1,1,1,1,1,1,0.9699999999999999,1.0,1.0,1.0,0.8,skip,attack_already_active,1785296281.8456168,1785296281845616806,1384950062315001,7.4,53.3671875,-1.0,0,0
2026-07-28T23:38:01.846,10.42.0.210,10.42.0.1|10.42.0.47,76,3,UPLOAD,0.95,UPLOAD,0.95,1,1448,100.0,18,0.0,26064.0,0,18,0.0,1.0,0.03174261504689788,0,0,1,1,1,1,1,1,0.9699999999999999,1.0,1.0,1.0,0.8,skip,attack_already_active,1785296281.8462574,1785296281846257327,1384950062955378,7.4,53.3671875,-1.0,0,0
2026-07-28T23:38:01.847,10.42.0.210,10.42.0.1|10.42.0.47,76,3,UPLOAD,0.95,UPLOAD,0.95,1,1448,100.0,19,0.0,27512.0,0,19,0.0,1.0,0.02767803562942672,0,0,1,1,1,1,1,1,0.9699999999999999,1.0,1.0,1.0,0.8,skip,attack_already_active,1785296281.847155,1785296281847155257,1384950063853236,7.4,53.3671875,-1.0,0,0
2026-07-28T23:38:01.847,10.42.0.210,10.42.0.1|10.42.0.47,76,3,UPLOAD,0.95,UPLOAD,0.95,1,1448,100.0,20,0.0,28960.0,0,20,0.0,1.0,0.02410862970670542,0,0,1,1,1,1,1,1,0.9699999999999999,1.0,1.0,1.0,0.8,skip,attack_already_active,1785296281.847746,1785296281847745822,1384950064444103,7.4,53.3671875,-1.0,0,0
2026-07-28T23:38:01.848,10.42.0.210,10.42.0.1|10.42.0.47,76,3,UPLOAD,0.95,UPLOAD,0.95,1,1448,100.0,21,0.0,30408.0,0,21,0.0,1.0,0.02104228595169417,0,0,1,1,1,1,1,1,0.9699999999999999,1.0,1.0,1.0,0.8,skip,attack_already_active,1785296281.848585,1785296281848584894,1384950065282882,7.4,53.3671875,-1.0,0,0
2026-07-28T23:38:01.849,10.42.0.210,10.42.0.1|10.42.0.47,76,3,UPLOAD,0.95,UPLOAD,0.95,1,1448,100.0,22,0.0,31856.0,0,22,0.0,1.0,0.018344851854197822,0,0,1,1,1,1,1,1,0.9699999999999999,1.0,1.0,1.0,0.8,skip,attack_already_active,1785296281.849157,1785296281849157087,1384950065855183,7.4,53.3671875,-1.0,0,0
2026-07-28T23:38:01.850,10.42.0.210,10.42.0.1|10.42.0.47,76,3,UPLOAD,0.95,UPLOAD,0.95,1,1448,100.0,23,0.0,33304.0,0,23,0.0,1.0,0.016038969388358675,0,0,1,1,1,1,1,1,0.9699999999999999,1.0,1.0,1.0,0.8,skip,attack_already_active,1785296281.8500032,1785296281850003140,1384950066701387,7.4,53.3671875,-1.0,0,0
2026-07-28T23:38:01.850,10.42.0.210,10.42.0.1|10.42.0.47,76,3,UPLOAD,0.95,UPLOAD,0.95,1,1448,100.0,24,0.0,34752.0,0,24,0.0,1.0,0.014009327393206709,0,0,1,1,1,1,1,1,0.9699999999999999,1.0,1.0,1.0,0.8,skip,attack_already_active,1785296281.8506398,1785296281850639961,1384950067338210,7.4,53.3671875,-1.0,0,0
2026-07-28T23:38:01.851,10.42.0.210,10.42.0.1|10.42.0.47,76,3,UPLOAD,0.95,UPLOAD,0.95,1,1448,100.0,25,0.0,36200.0,0,25,0.0,1.0,0.01228314482772014,0,0,1,1,1,1,1,1,0.9699999999999999,1.0,1.0,1.0,0.8,skip,attack_already_active,1785296281.8515496,1785296281851549627,1384950068247862,7.4,53.3671875,-1.0,0,0
2026-07-28T23:38:01.852,10.42.0.210,10.42.0.1|10.42.0.47,76,3,UPLOAD,0.95,UPLOAD,0.95,1,1448,100.0,26,0.0,37648.0,0,26,0.0,1.0,0.010745565628079129,0,0,1,1,1,1,1,1,0.9699999999999999,1.0,1.0,1.0,0.8,skip,attack_already_active,1785296281.8521645,1785296281852164678,1384950068862824,7.4,53.3671875,-1.0,0,0
2026-07-28T23:38:01.853,10.42.0.210,10.42.0.1|10.42.0.47,76,3,UPLOAD,0.95,UPLOAD,0.95,1,1448,100.0,27,0.0,39096.0,0,27,0.0,1.0,0.009445787690093063,0,0,1,1,1,1,1,1,0.9699999999999999,1.0,1.0,1.0,0.8,skip,attack_already_active,1785296281.8530464,1785296281853046415,1384950069744493,7.4,53.3671875,-1.0,0,0
2026-07-28T23:38:01.853,10.42.0.210,10.42.0.1|10.42.0.47,76,3,UPLOAD,0.95,UPLOAD,0.95,1,1448,100.0,28,0.0,40544.0,0,28,0.0,1.0,0.008320334795143113,0,0,1,1,1,1,1,1,0.9699999999999999,1.0,1.0,1.0,0.8,skip,attack_already_active,1785296281.8539515,1785296281853951615,1384950070650228,7.4,53.3671875,-1.0,0,0
2026-07-28T23:38:01.855,10.42.0.210,10.42.0.1|10.42.0.47,76,3,UPLOAD,0.95,UPLOAD,0.95,1,1448,100.0,29,0.0,41992.0,0,29,0.0,1.0,0.007452143683794801,0,0,1,1,1,1,1,1,0.9699999999999999,1.0,1.0,1.0,0.8,skip,attack_already_active,1785296281.8556833,1785296281855683324,1384950072382821,7.4,53.3671875,-1.0,0,0
2026-07-28T23:38:01.857,10.42.0.210,10.42.0.1|10.42.0.47,76,3,UPLOAD,0.95,UPLOAD,0.95,1,1448,100.0,30,0.0,43440.0,0,30,0.0,1.0,0.006672061562842774,0,0,1,1,1,1,1,1,0.9699999999999999,1.0,1.0,1.0,0.8,skip,attack_already_active,1785296281.8572156,1785296281857215839,1384950073914505,7.4,53.3671875,-1.0,0,0
2026-07-28T23:38:01.858,10.42.0.210,10.42.0.1|10.42.0.47,76,3,UPLOAD,0.95,UPLOAD,0.95,1,1448,100.0,31,0.0,44888.0,0,31,0.0,1.0,0.005986197376510304,0,0,1,1,1,1,1,1,0.9699999999999999,1.0,1.0,1.0,0.8,skip,attack_already_active,1785296281.8586829,1785296281858682910,1384950075381445,7.4,53.3671875,-1.0,0,0
2026-07-28T23:38:01.859,10.42.0.210,10.42.0.1|10.42.0.47,76,3,UPLOAD,0.95,UPLOAD,0.95,1,1448,100.0,32,0.0,46336.0,0,32,0.0,1.0,0.005304377339527397,0,0,1,1,1,1,1,1,0.9699999999999999,1.0,1.0,1.0,0.8,skip,attack_already_active,1785296281.859495,1785296281859494994,1384950076193325,7.4,53.3671875,-1.0,0,0
2026-07-28T23:38:01.860,10.42.0.210,10.42.0.1|10.42.0.47,76,3,UPLOAD,0.95,UPLOAD,0.95,1,1448,100.0,33,0.0,47784.0,0,33,0.0,1.0,0.004737349256125137,0,0,1,1,1,1,1,1,0.9699999999999999,1.0,1.0,1.0,0.8,skip,attack_already_active,1785296281.8604963,1785296281860496310,1384950077194615,7.4,53.3671875,-1.0,0,0
2026-07-28T23:38:01.861,10.42.0.210,10.42.0.1|10.42.0.47,76,3,UPLOAD,0.95,UPLOAD,0.95,1,1448,100.0,34,0.0,49232.0,0,34,0.0,1.0,0.004217299360939043,0,0,1,1,1,1,1,1,0.9699999999999999,1.0,1.0,1.0,0.8,skip,attack_already_active,1785296281.861287,1785296281861287228,1384950077985963,7.4,53.3671875,-1.0,0,0
2026-07-28T23:38:01.862,10.42.0.210,10.42.0.1|10.42.0.47,76,3,UPLOAD,0.95,UPLOAD,0.95,1,1448,100.0,35,0.0,50680.0,0,35,0.0,1.0,0.0038563867813979427,0,0,1,1,1,1,1,1,0.9699999999999999,1.0,1.0,1.0,0.8,skip,attack_already_active,1785296281.8627656,1785296281862765659,1384950079464297,7.4,53.3671875,-1.0,0,0
2026-07-28T23:38:01.863,10.42.0.210,10.42.0.1|10.42.0.47,76,3,UPLOAD,0.95,UPLOAD,0.95,1,1448,100.0,36,0.0,52128.0,0,36,0.0,1.0,0.003486827390703982,0,0,1,1,1,1,1,1,0.9699999999999999,1.0,1.0,1.0,0.8,skip,attack_already_active,1785296281.8638175,1785296281863817394,1384950080516943,7.4,53.3671875,-1.0,0,0
2026-07-28T23:38:01.865,10.42.0.210,10.42.0.1|10.42.0.47,76,3,UPLOAD,0.95,UPLOAD,0.95,1,1448,100.0,37,0.0,53576.0,0,37,0.0,1.0,0.0032215440173726183,0,0,1,1,1,1,1,1,0.9699999999999999,1.0,1.0,1.0,0.8,skip,attack_already_active,1785296281.865291,1785296281865291025,1384950081989611,7.4,53.3671875,-1.0,0,0
2026-07-28T23:38:01.866,10.42.0.210,10.42.0.1|10.42.0.47,76,3,UPLOAD,0.95,UPLOAD,0.95,1,1448,100.0,38,0.0,55024.0,0,38,0.0,1.0,0.0028970914447360202,0,0,1,1,1,1,1,1,0.9699999999999999,1.0,1.0,1.0,0.8,skip,attack_already_active,1785296281.8660505,1785296281866050502,1384950082748908,7.4,53.3671875,-1.0,0,0
2026-07-28T23:38:01.866,10.42.0.210,10.42.0.1|10.42.0.47,76,3,UPLOAD,0.95,UPLOAD,0.95,1,1448,100.0,39,0.0,56472.0,0,39,0.0,1.0,0.002633552741876067,0,0,1,1,1,1,1,1,0.9699999999999999,1.0,1.0,1.0,0.8,skip,attack_already_active,1785296281.8669477,1785296281866947598,1384950083645652,7.4,53.3671875,-1.0,0,0
2026-07-28T23:38:01.867,10.42.0.210,10.42.0.1|10.42.0.47,76,3,UPLOAD,0.95,UPLOAD,0.95,1,1448,100.0,40,0.0,57920.0,0,40,0.0,1.0,0.0023982068754155304,0,0,1,1,1,1,1,1,0.9699999999999999,1.0,1.0,1.0,0.8,skip,attack_already_active,1785296281.8677952,1785296281867795078,1384950084494063,7.4,53.3671875,-1.0,0,0
2026-07-28T23:38:01.869,10.42.0.210,10.42.0.1|10.42.0.47,76,3,UPLOAD,0.95,UPLOAD,0.95,1,1448,100.0,41,0.0,59368.0,0,41,0.0,1.0,0.002284575854897824,0,0,1,1,1,1,1,1,0.9699999999999999,1.0,1.0,1.0,0.8,skip,attack_already_active,1785296281.8693311,1785296281869331100,1384950086029779,7.4,53.3671875,-1.0,0,0
2026-07-28T23:38:01.870,10.42.0.210,10.42.0.1|10.42.0.47,76,3,UPLOAD,0.95,UPLOAD,0.95,1,1448,100.0,42,0.0,60816.0,0,42,0.0,1.0,0.0021198475379203834,0,0,1,1,1,1,1,1,0.9699999999999999,1.0,1.0,1.0,0.8,skip,attack_already_active,1785296281.8703656,1785296281870365580,1384950087064118,7.4,53.3671875,-1.0,0,0
2026-07-28T23:38:01.871,10.42.0.210,10.42.0.1|10.42.0.47,76,3,UPLOAD,0.95,UPLOAD,0.95,1,1448,100.0,43,0.0,62264.0,0,43,0.0,1.0,0.0020361424126869696,0,0,1,1,1,1,1,1,0.9699999999999999,1.0,1.0,1.0,0.8,skip,attack_already_active,1785296281.8718503,1785296281871850355,1384950088548760,7.4,53.3671875,-1.0,0,0
2026-07-28T23:38:01.872,10.42.0.210,10.42.0.1|10.42.0.47,76,3,UPLOAD,0.95,UPLOAD,0.95,1,1448,100.0,44,0.0,63712.0,0,44,0.0,1.0,0.0018995329107892346,0,0,1,1,1,1,1,1,0.9699999999999999,1.0,1.0,1.0,0.8,skip,attack_already_active,1785296281.8728497,1785296281872849596,1384950089548152,7.4,53.3671875,-1.0,0,0
2026-07-28T23:38:01.873,10.42.0.210,10.42.0.1|10.42.0.47,76,3,UPLOAD,0.95,UPLOAD,0.95,1,1448,100.0,45,0.0,65160.0,0,45,0.0,1.0,0.001785166413452786,0,0,1,1,1,1,1,1,0.9699999999999999,1.0,1.0,1.0,0.8,skip,attack_already_active,1785296281.8738813,1785296281873881412,1384950090579833,7.4,53.3671875,-1.0,0,0
2026-07-28T23:38:01.874,10.42.0.210,10.42.0.1|10.42.0.47,76,3,UPLOAD,0.95,UPLOAD,0.95,1,1448,100.0,46,0.0,66608.0,0,46,0.0,1.0,0.0016848651411384176,0,0,1,1,1,1,1,1,0.9699999999999999,1.0,1.0,1.0,0.8,skip,attack_already_active,1785296281.8749053,1785296281874905394,1384950091604058,7.4,53.3671875,-1.0,0,0
2026-07-28T23:38:01.876,10.42.0.210,10.42.0.1|10.42.0.47,76,3,UPLOAD,0.95,UPLOAD,0.95,1,1448,100.0,47,0.0,68056.0,0,47,0.0,1.0,0.0016637577270834083,0,0,1,1,1,1,1,1,0.9699999999999999,1.0,1.0,1.0,0.8,skip,attack_already_active,1785296281.87643,1785296281876430136,1384950093129071,7.4,53.3671875,-1.0,0,0
2026-07-28T23:38:01.877,10.42.0.210,10.42.0.1|10.42.0.47,76,3,UPLOAD,0.95,UPLOAD,0.95,1,1448,100.0,48,0.0,69504.0,0,48,0.0,1.0,0.0015807431366675804,0,0,1,1,1,1,1,1,0.9699999999999999,1.0,1.0,1.0,0.8,skip,attack_already_active,1785296281.8774638,1785296281877463692,1384950094162181,7.4,53.3671875,-1.0,0,0
2026-07-28T23:38:01.878,10.42.0.210,10.42.0.1|10.42.0.47,76,3,UPLOAD,0.95,UPLOAD,0.95,1,1448,100.0,49,0.0,70952.0,0,49,0.0,1.0,0.0015692720718314878,0,0,1,1,1,1,1,1,0.9699999999999999,1.0,1.0,1.0,0.8,skip,attack_already_active,1785296281.8789575,1785296281878957503,1384950095656064,7.4,53.3671875,-1.0,0,0
2026-07-28T23:38:01.879,10.42.0.210,10.42.0.1|10.42.0.47,76,3,UPLOAD,0.95,UPLOAD,0.95,1,1448,100.0,50,0.0,72400.0,0,50,0.0,1.0,0.0014988967833341892,0,0,1,1,1,1,1,1,0.9699999999999999,1.0,1.0,1.0,0.8,skip,attack_already_active,1785296281.8799927,1785296281879992728,1384950096691109,7.4,53.3671875,-1.0,0,0
2026-07-28T23:38:01.881,10.42.0.210,10.42.0.1|10.42.0.47,76,3,UPLOAD,0.9511590672172291,UPLOAD,0.9511590672172291,1,1448,100.0,51,0.0,73848.0,0,51,0.0,1.0,0.0015180354091268392,0,0,1,1,1,1,1,1,0.9699999999999999,1.0,1.0,1.0,0.8,skip,attack_already_active,1785296281.8816369,1785296281881636817,1384950098335334,7.4,53.3671875,-1.0,0,0
2026-07-28T23:38:01.882,10.42.0.210,10.42.0.1|10.42.0.47,76,3,UPLOAD,0.9509848950745556,UPLOAD,0.9509848950745556,1,1448,100.0,52,0.0,75296.0,0,52,0.0,1.0,0.0014689580986254154,0,0,1,1,1,1,1,1,0.9699999999999999,1.0,1.0,1.0,0.8,skip,attack_already_active,1785296281.8827825,1785296281882782424,1384950099481409,7.4,53.3671875,-1.0,0,0
2026-07-28T23:38:01.884,10.42.0.210,10.42.0.1|10.42.0.47,76,3,UPLOAD,0.9506625733151515,UPLOAD,0.9506625733151515,1,1448,100.0,53,0.0,76744.0,0,53,0.0,1.0,0.0015452002575762173,0,0,1,1,1,1,1,1,0.9699999999999999,1.0,1.0,1.0,0.8,skip,attack_already_active,1785296281.88483,1785296281884830060,1384950101528690,7.4,53.3671875,-1.0,0,0
2026-07-28T23:38:01.885,10.42.0.210,10.42.0.1|10.42.0.47,76,3,UPLOAD,0.951754085711659,UPLOAD,0.951754085711659,1,1448,100.0,54,0.0,78192.0,0,54,0.0,1.0,0.0014788138741370254,0,0,1,1,1,1,1,1,0.9699999999999999,1.0,1.0,1.0,0.8,skip,attack_already_active,1785296281.8858714,1785296281885871385,1384950102570026,7.4,53.3671875,-1.0,0,0
2026-07-28T23:38:01.887,10.42.0.210,10.42.0.1|10.42.0.47,76,3,UPLOAD,0.9639939466734342,UPLOAD,0.9639939466734342,1,1338,100.0,55,0.0,79530.0,0,55,0.0,1.0,0.0014972372440885497,0,0,1,1,1,1,1,1,0.9699999999999999,1.0,1.0,1.0,0.8,skip,attack_already_active,1785296281.88749,1785296281887490023,1384950104190152,7.4,53.3671875,-1.0,0,0
2026-07-28T23:38:01.891,10.42.0.1,10.42.0.1|10.42.0.47,77,3,UPLOAD,0.980175572077879,UPLOAD,0.980175572077879,1,7240,100.0,1,0.0,7240.0,0,1,0.0,1.0,0.21274959526385906,1,0,1,1,1,1,1,1,0.9699999999999999,1.0,1.0,1.0,0.8,skip,attack_already_active,1785296281.8919275,1785296281891927482,1384950108625909,7.4,53.3671875,-1.0,0,0
2026-07-28T23:38:01.892,10.42.0.1,10.42.0.1|10.42.0.47,77,3,UPLOAD,0.9764240445777426,UPLOAD,0.9764240445777426,1,7240,100.0,2,0.0,14480.0,0,2,0.0,1.0,0.18485277302983177,1,0,1,1,1,1,1,1,0.9699999999999999,1.0,1.0,1.0,0.8,skip,attack_already_active,1785296281.8929758,1785296281892975882,1384950109674186,7.4,53.3671875,-1.0,0,0
2026-07-28T23:38:01.894,10.42.0.1,10.42.0.1|10.42.0.47,77,3,UPLOAD,0.9674965112079053,UPLOAD,0.9674965112079053,1,1448,100.0,3,0.0,15928.0,0,3,0.0,1.0,0.16075739547817963,1,0,1,1,1,1,1,1,0.9699999999999999,1.0,1.0,1.0,0.8,skip,attack_already_active,1785296281.8949754,1785296281894975500,1384950111673967,7.4,53.3671875,-1.0,0,0
2026-07-28T23:38:01.930,10.42.0.1,10.42.0.1|10.42.0.47,77,3,UPLOAD,0.95,UPLOAD,0.95,1,14480,100.0,4,0.0,30408.0,0,4,0.0,1.0,0.14419355292118421,1,0,1,1,1,1,1,1,0.9699999999999999,1.0,1.0,1.0,0.8,skip,attack_already_active,1785296281.9300344,1785296281930034325,1384950146733050,7.4,53.3671875,-1.0,0,0
2026-07-28T23:38:01.931,10.42.0.1,10.42.0.1|10.42.0.47,77,3,UPLOAD,0.95,UPLOAD,0.95,1,14480,100.0,5,0.0,44888.0,0,5,0.0,1.0,0.12533349432238655,1,0,1,1,1,1,1,1,0.9699999999999999,1.0,1.0,1.0,0.8,skip,attack_already_active,1785296281.9311042,1785296281931104152,1384950147802675,7.4,53.3671875,-1.0,0,0
2026-07-28T23:38:01.932,10.42.0.1,10.42.0.1|10.42.0.47,77,3,UPLOAD,0.95,UPLOAD,0.95,1,1448,100.0,6,0.0,46336.0,0,6,0.0,1.0,0.10894934751722822,1,0,1,1,1,1,1,1,0.9699999999999999,1.0,1.0,1.0,0.8,skip,attack_already_active,1785296281.932103,1785296281932102936,1384950148801298,7.4,53.3671875,-1.0,0,0
2026-07-28T23:38:01.933,10.42.0.1,10.42.0.1|10.42.0.47,77,3,UPLOAD,0.95,UPLOAD,0.95,1,14480,100.0,7,0.0,60816.0,0,7,0.0,1.0,0.09479172912183764,1,0,1,1,1,1,1,1,0.9699999999999999,1.0,1.0,1.0,0.8,skip,attack_already_active,1785296281.933614,1785296281933614147,1384950150312538,7.4,53.3671875,-1.0,0,0
2026-07-28T23:38:01.935,10.42.0.1,10.42.0.1|10.42.0.47,77,3,UPLOAD,0.95,UPLOAD,0.95,1,14480,100.0,8,0.0,75296.0,0,8,0.0,1.0,0.0824975555635658,1,0,1,1,1,1,1,1,0.9699999999999999,1.0,1.0,1.0,0.8,skip,attack_already_active,1785296281.9351087,1785296281935108663,1384950151807191,7.4,53.3671875,-1.0,0,0
2026-07-28T23:38:01.936,10.42.0.1,10.42.0.1|10.42.0.47,77,3,UPLOAD,0.95,UPLOAD,0.95,1,4234,100.0,9,0.0,79530.0,0,9,0.0,1.0,0.07182563941883024,1,0,1,1,1,1,1,1,0.9699999999999999,1.0,1.0,1.0,0.8,skip,attack_already_active,1785296281.93662,1785296281936619956,1384950153318310,7.4,53.3671875,-1.0,0,0
2026-07-28T23:38:02.240,10.42.0.1,,78,1,DOWNLOAD,0.974814277814606,DOWNLOAD,0.974814277814606,-1,1448,54.92403311193091,10,1448.0,79530.0,1,9,0.017881399886388896,0.9821186001136111,0.21155952086264285,0,0,0,0,1,0,0,0,0.44,0.8500000000000001,0.0,0.6000000000000001,0.15,skip,training_upload_trigger_not_confirmed,1785296282.2405581,1785296282240558006,1384950457256613,7.4,53.3671875,-1.0,0,0
2026-07-28T23:38:02.244,10.42.0.1,,78,1,DOWNLOAD,0.9701706911423893,DOWNLOAD,0.9701706911423893,-1,5792,10.984806628455136,11,7240.0,79530.0,2,9,0.08343897660481733,0.9165610233951826,0.1842162600084271,0,0,0,0,1,0,0,0,0.44,0.8500000000000001,0.0,0.6000000000000001,0.15,skip,training_upload_trigger_not_confirmed,1785296282.2446172,1785296282244617150,1384950461316155,7.4,53.3671875,-1.0,0,0
2026-07-28T23:38:02.245,10.42.0.1,,78,1,DOWNLOAD,0.9936274662240643,DOWNLOAD,0.9936274662240643,-1,7240,5.492403314606878,12,14480.0,79530.0,3,9,0.1540261674289969,0.8459738325710031,0.16009482885389287,0,0,0,0,1,0,0,0,0.44,0.8500000000000001,0.0,0.6000000000000001,0.15,skip,training_upload_trigger_not_confirmed,1785296282.2457826,1785296282245782594,1384950462481365,7.4,53.3671875,-1.0,0,0
2026-07-28T23:38:02.248,10.42.0.1,,78,1,DOWNLOAD,0.9938685131813845,DOWNLOAD,0.9938685131813845,-1,7240,3.6616022098222096,13,21720.0,79530.0,4,9,0.21451851851851853,0.7854814814814814,0.13937542760535523,0,0,0,0,1,0,0,0,0.4,0.8500000000000001,0.0,0.4,0.15,skip,training_upload_trigger_not_confirmed,1785296282.2486436,1785296282248643681,1384950465344341,7.4,53.3671875,-1.0,0,0
2026-07-28T23:38:02.249,10.42.0.1,,78,1,DOWNLOAD,0.99386903049538,DOWNLOAD,0.99386903049538,-1,7240,2.746201657398266,14,28960.0,79530.0,5,9,0.26693704488892983,0.7330629551110701,0.12117559740078075,0,0,0,0,1,0,0,0,0.4,0.8500000000000001,0.0,0.4,0.15,skip,training_upload_trigger_not_confirmed,1785296282.2499056,1785296282249905666,1384950466604327,7.4,53.3671875,-1.0,0,0
2026-07-28T23:38:02.251,10.42.0.1,,78,1,DOWNLOAD,0.993659544081642,DOWNLOAD,0.993659544081642,-1,7240,2.1969613259337852,15,36200.0,79530.0,6,9,0.31279702756415795,0.687202972435842,0.1054289264938112,0,0,0,0,1,0,0,0,0.4,0.8500000000000001,0.0,0.4,0.15,skip,training_upload_trigger_not_confirmed,1785296282.251584,1785296282251583884,1384950468283134,7.4,53.3671875,-1.0,0,0
2026-07-28T23:38:02.252,10.42.0.1,,78,1,DOWNLOAD,0.9938632461631696,DOWNLOAD,0.9938632461631696,-1,7240,1.8308011049532502,16,43440.0,79530.0,7,9,0.3532568919248597,0.6467431080751402,0.09168101455291244,0,0,0,0,1,0,0,0,0.32,0.8500000000000001,0.0,0.0,0.15,skip,training_upload_trigger_not_confirmed,1785296282.2526839,1785296282252683679,1384950469382217,7.4,53.3671875,-1.0,0,0
2026-07-28T23:38:02.254,10.42.0.1,,78,1,DOWNLOAD,0.9933392254428048,DOWNLOAD,0.9933392254428048,-1,7240,1.5692580899650894,17,50680.0,79530.0,8,9,0.3892174180170494,0.6107825819829507,0.07987115035096345,0,0,0,0,1,0,0,0,0.32,0.8500000000000001,0.0,0.0,0.15,skip,training_upload_trigger_not_confirmed,1785296282.254743,1785296282254743036,1384950471441557,7.4,53.3671875,-1.0,0,0
2026-07-28T23:38:02.255,10.42.0.1,,78,1,DOWNLOAD,0.9927735729429491,DOWNLOAD,0.9927735729429491,-1,7240,1.37310082872284,18,57920.0,79530.0,9,9,0.4213895962168061,0.5786104037831938,0.06948663950229164,0,0,0,0,1,0,0,0,0.32,0.8500000000000001,0.0,0.0,0.15,skip,training_upload_trigger_not_confirmed,1785296282.255809,1785296282255808903,1384950472507203,7.4,53.3671875,-1.0,0,0
2026-07-28T23:38:02.256,10.42.0.1,,78,1,DOWNLOAD,0.9929336704465364,DOWNLOAD,0.9929336704465364,-1,4344,1.2773030964879013,19,62264.0,79530.0,10,9,0.43911590053175736,0.5608840994682427,0.06045857199382892,0,0,0,0,1,0,0,0,0.32,0.8500000000000001,0.0,0.0,0.15,skip,training_upload_trigger_not_confirmed,1785296282.2567842,1785296282256784040,1384950473482438,84.8,53.3671875,-1.0,0,0
2026-07-28T23:38:02.257,10.42.0.1,,78,1,DOWNLOAD,0.9935006470606514,DOWNLOAD,0.9935006470606514,-1,14480,1.0363025122480416,20,76744.0,79530.0,11,9,0.49108616916441633,0.5089138308355836,0.05263239468581863,0,0,0,0,1,0,0,0,0.30250000000000005,0.8000000000000002,0.0,0.0,0.15,skip,training_upload_trigger_not_confirmed,1785296282.257852,1785296282257852240,1384950474550659,84.8,53.3671875,-1.0,0,0
2026-07-28T23:38:02.258,10.42.0.1,,78,1,DOWNLOAD,0.9926107934630398,DOWNLOAD,0.9926107934630398,-1,4344,0.9807863062354382,21,81088.0,79530.0,12,9,0.5048500168100711,0.4951499831899289,0.04584105791063075,0,0,0,0,1,0,0,0,0.30250000000000005,0.8000000000000002,0.0,0.0,0.15,skip,training_upload_trigger_not_confirmed,1785296282.258947,1785296282258946817,1384950475645322,84.8,53.3671875,-1.0,0,0
2026-07-28T23:38:02.260,10.42.0.1,,78,1,DOWNLOAD,0.9869866784196926,DOWNLOAD,0.9869866784196926,-1,14480,0.832182320443745,22,95568.0,79530.0,13,9,0.5457972107048624,0.4542027892951376,0.03994725358232444,0,0,0,0,1,0,0,0,0.30250000000000005,0.8000000000000002,0.0,0.0,0.15,skip,training_upload_trigger_not_confirmed,1785296282.2600615,1785296282260061351,1384950476759730,84.8,53.3671875,-1.0,0,0
2026-07-28T23:38:02.261,10.42.0.1,,78,1,DOWNLOAD,0.9758025640001083,DOWNLOAD,0.9758025640001083,-1,14480,0.7226846467021419,23,110048.0,79530.0,14,9,0.5804892972813301,0.4195107027186699,0.03482806005221396,0,0,0,0,1,0,0,0,0.28500000000000003,0.7500000000000001,0.0,0.0,0.15,skip,training_upload_trigger_not_confirmed,1785296282.2611606,1785296282261160786,1384950477859243,84.8,53.3671875,-1.0,0,0
2026-07-28T23:38:02.262,10.42.0.1,,78,1,DOWNLOAD,0.9570263596125725,DOWNLOAD,0.9570263596125725,-1,18824,0.6171239679711875,24,128872.0,79530.0,15,9,0.6183817813648621,0.38161821863513784,0.030448668221977372,0,0,0,0,1,0,0,0,0.28500000000000003,0.7500000000000001,0.0,0.0,0.15,skip,training_upload_trigger_not_confirmed,1785296282.2627547,1785296282262754615,1384950479453137,84.8,53.3671875,-1.0,0,0
2026-07-28T23:38:02.264,10.42.0.1,,78,1,DOWNLOAD,0.95,DOWNLOAD,0.95,-1,10136,0.5721253453069454,25,139008.0,79530.0,16,9,0.6360815967932351,0.36391840320676494,0.026656453435379743,0,0,0,0,1,0,0,0,0.28500000000000003,0.7500000000000001,0.0,0.0,0.15,skip,training_upload_trigger_not_confirmed,1785296282.2644253,1785296282264425148,1384950481124124,84.8,53.3671875,-1.0,0,0
2026-07-28T23:38:02.265,10.42.0.1,,78,1,DOWNLOAD,0.95,DOWNLOAD,0.95,-1,18824,0.5038902123808613,26,157832.0,79530.0,17,9,0.6649421558631963,0.3350578441368037,0.023295057200643253,0,0,0,0,1,0,0,0,0.28500000000000003,0.7500000000000001,0.0,0.0,0.15,skip,training_upload_trigger_not_confirmed,1785296282.265573,1785296282265573063,1384950482271510,84.8,53.3671875,-1.0,0,0
2026-07-28T23:38:02.267,10.42.0.1,,78,1,DOWNLOAD,0.95,DOWNLOAD,0.95,-1,18824,0.45019699302910626,27,176656.0,79530.0,18,9,0.6895614904795734,0.31043850952042656,0.020503031115123166,0,0,0,0,1,0,0,0,0.28500000000000003,0.7500000000000001,0.0,0.0,0.15,skip,training_upload_trigger_not_confirmed,1785296282.2676802,1785296282267680255,1384950484378901,84.8,53.3671875,-1.0,0,0
2026-07-28T23:38:02.268,10.42.0.1,,78,1,DOWNLOAD,0.95,DOWNLOAD,0.95,-1,5792,0.4359050249965145,28,182448.0,79530.0,19,9,0.6964248906396721,0.30357510936032794,0.01795042528407784,0,0,0,0,1,0,0,0,0.28500000000000003,0.7500000000000001,0.0,0.0,0.15,skip,training_upload_trigger_not_confirmed,1785296282.2688122,1785296282268812401,1384950485511212,84.8,53.3671875,-1.0,0,0
2026-07-28T23:38:02.270,10.42.0.1,,78,1,DOWNLOAD,0.95,DOWNLOAD,0.95,-1,16946,0.3988585413833973,29,199394.0,79530.0,20,9,0.7148685663478224,0.28513143365217763,0.015802206578128666,0,0,0,0,1,0,0,0,0.28500000000000003,0.7500000000000001,0.0,0.0,0.15,skip,training_upload_trigger_not_confirmed,1785296282.2704604,1785296282270460288,1384950487159798,84.8,53.3671875,-1.0,0,0
2026-07-28T23:38:02.272,10.42.0.1,,78,1,DOWNLOAD,0.95,DOWNLOAD,0.95,-1,18824,0.3644520617026805,30,218218.0,79530.0,21,9,0.7328949312841732,0.2671050687158268,0.01393537170698853,0,0,0,0,1,0,0,0,0.28500000000000003,0.7500000000000001,0.0,0.0,0.15,skip,training_upload_trigger_not_confirmed,1785296282.2720957,1785296282272095772,1384950488794556,84.8,53.3671875,-1.0,0,0
2026-07-28T23:38:02.273,10.42.0.47,,78,1,DOWNLOAD,0.95,DOWNLOAD,0.95,-1,7240,1.381215469422484e-10,1,7240.0,0.0,1,0,1.0,0.0,0.40523773714638645,0,0,0,0,0,0,0,0,0.0225,0.0,0.0,0.0,0.15,skip,training_upload_trigger_not_confirmed,1785296282.273699,1785296282273699005,1384950490397527,84.8,53.3671875,-1.0,0,0
2026-07-28T23:38:02.274,10.42.0.47,,78,1,DOWNLOAD,0.9829981496648164,DOWNLOAD,0.9829981496648164,-1,7240,6.90607734758936e-11,2,14480.0,0.0,2,0,1.0,0.0,0.3519906270667563,0,0,0,0,0,0,0,0,0.0225,0.0,0.0,0.0,0.15,skip,training_upload_trigger_not_confirmed,1785296282.2748592,1785296282274859239,1384950491557716,84.8,53.3671875,-1.0,0,0
2026-07-28T23:38:02.275,10.42.0.1,,78,1,DOWNLOAD,0.95,DOWNLOAD,0.95,-1,16920,0.33822691355995954,31,235138.0,79530.0,22,9,0.7472574268753098,0.2527425731246902,0.012612941249640672,0,0,0,0,1,0,0,0,0.28500000000000003,0.7500000000000001,0.0,0.0,0.15,skip,training_upload_trigger_not_confirmed,1785296282.2759955,1785296282275995388,1384950492694219,84.8,53.3671875,-1.0,0,0
2026-07-28T23:38:02.277,10.42.0.1,,78,1,DOWNLOAD,0.95,DOWNLOAD,0.95,-1,14480,0.3186068312408616,32,249618.0,79530.0,23,9,0.7583761712056583,0.24162382879434174,0.011163322627268494,0,0,0,0,1,0,0,0,0.28500000000000003,0.7500000000000001,0.0,0.0,0.15,skip,training_upload_trigger_not_confirmed,1785296282.2776077,1785296282277607800,1384950494306330,84.8,53.3671875,-1.0,0,0
2026-07-28T23:38:02.278,10.42.0.1,,78,1,DOWNLOAD,0.95,DOWNLOAD,0.95,-1,5792,0.31138170001444193,33,255410.0,79530.0,24,9,0.7625544873708724,0.2374455126291276,0.009841828930620376,0,0,0,0,1,0,0,0,0.28500000000000003,0.7500000000000001,0.0,0.0,0.15,skip,training_upload_trigger_not_confirmed,1785296282.2787426,1785296282278742543,1384950495441043,84.8,53.3671875,-1.0,0,0
2026-07-28T23:38:02.280,10.42.0.1,,78,1,DOWNLOAD,0.95,DOWNLOAD,0.95,-1,15472,0.2935964737439416,34,270882.0,79530.0,25,9,0.7730385945686792,0.22696140543132085,0.008747821247628313,0,0,0,0,1,0,0,0,0.28500000000000003,0.7500000000000001,0.0,0.0,0.15,skip,training_upload_trigger_not_confirmed,1785296282.2802823,1785296282280282378,1384950496980843,84.8,53.3671875,-1.0,0,0
2026-07-28T23:38:02.281,10.42.0.210,,77,1,DOWNLOAD,0.9847427880496793,DOWNLOAD,0.9847427880496793,-1,10136,7.846290449206166,56,10136.0,79530.0,1,55,0.11304173265228738,0.8869582673477127,0.05288150650151995,0,0,0,0,0,0,0,0,0.057499999999999996,0.1,0.0,0.0,0.15,skip,training_upload_trigger_not_confirmed,1785296282.2818365,1785296282281836475,1384950498534815,84.8,53.3671875,-1.0,0,0
2026-07-28T23:38:02.283,10.42.0.210,,77,1,DOWNLOAD,0.95,DOWNLOAD,0.95,-1,14480,3.2308254792723905,57,24616.0,79530.0,2,55,0.23636049392199412,0.7636395060780059,0.04612542483179862,0,0,0,0,0,0,0,0,0.057499999999999996,0.1,0.0,0.0,0.15,skip,training_upload_trigger_not_confirmed,1785296282.283448,1785296282283448043,1384950500146643,84.8,53.3671875,-1.0,0,0
2026-07-28T23:38:02.284,10.42.0.210,,77,1,DOWNLOAD,0.9557926560077417,DOWNLOAD,0.9557926560077417,-1,4344,2.746201657398266,58,28960.0,79530.0,3,55,0.26693704488892983,0.7330629551110701,0.040210516711433573,0,0,0,0,0,0,0,0,0.057499999999999996,0.1,0.0,0.0,0.15,skip,training_upload_trigger_not_confirmed,1785296282.2846868,1785296282284686812,1384950501385585,84.8,53.3671875,-1.0,0,0
2026-07-28T23:38:02.286,10.42.0.18,,57,1,DOWNLOAD,0.95,DOWNLOAD,0.95,-1,10220,9.784735811175661e-11,1,10220.0,0.0,1,0,1.0,0.0,0.7649768963546476,0,0,0,0,0,0,0,0,0.0225,0.0,0.0,0.0,0.15,skip,training_upload_trigger_not_confirmed,1785296282.2863357,1785296282286335794,1384950503035509,84.8,53.3671875,-1.0,0,0
2026-07-28T23:38:02.287,10.42.0.18,,57,1,DOWNLOAD,0.95,DOWNLOAD,0.95,-1,4380,6.84931506802402e-11,2,14600.0,0.0,2,0,1.0,0.0,0.6643309419799854,0,0,0,0,0,0,0,0,0.0225,0.0,0.0,0.0,0.15,skip,training_upload_trigger_not_confirmed,1785296282.2875383,1785296282287538247,1384950504237717,84.8,53.3671875,-1.0,0,0
2026-07-28T23:38:02.289,10.42.0.18,,57,1,DOWNLOAD,0.95,DOWNLOAD,0.95,-1,14600,3.424657534129292e-11,3,29200.0,0.0,3,0,1.0,0.0,0.5770120548684089,0,0,0,0,0,0,0,0,0.0225,0.0,0.0,0.0,0.15,skip,training_upload_trigger_not_confirmed,1785296282.2892303,1785296282289230330,1384950505928994,84.8,53.3671875,-1.0,0,0
2026-07-28T23:38:02.290,10.42.0.210,,77,1,DOWNLOAD,0.9846998846180315,DOWNLOAD,0.9846998846180315,-1,14480,1.8308011049532502,59,43440.0,79530.0,4,55,0.3532568919248597,0.6467431080751402,0.035727709229527206,0,0,0,0,0,0,0,0,0.057499999999999996,0.1,0.0,0.0,0.15,skip,training_upload_trigger_not_confirmed,1785296282.2908785,1785296282290878454,1384950507576864,84.8,53.3671875,-1.0,0,0
2026-07-28T23:38:02.292,10.42.0.210,,77,1,DOWNLOAD,0.9854895428954357,DOWNLOAD,0.9854895428954357,-1,5792,1.6154127396690074,60,49232.0,79530.0,5,55,0.38234882962364675,0.6176511703763533,0.03122794439292159,0,0,0,0,0,0,0,0,0.057499999999999996,0.1,0.0,0.0,0.15,skip,training_upload_trigger_not_confirmed,1785296282.2924588,1785296282292458733,1384950509157081,84.8,53.3671875,-1.0,0,0
2026-07-28T23:38:02.294,10.42.0.210,,77,1,DOWNLOAD,0.9855083405864443,DOWNLOAD,0.9855083405864443,-1,14480,1.2482734806590865,61,63712.0,79530.0,6,55,0.44478574719705116,0.5552142528029489,0.02732034824028845,0,0,0,0,0,0,0,0,0.057499999999999996,0.1,0.0,0.0,0.15,skip,training_upload_trigger_not_confirmed,1785296282.294033,1785296282294033251,1384950510731649,84.8,53.3671875,-1.0,0,0
2026-07-28T23:38:02.295,10.42.0.210,,77,1,DOWNLOAD,0.9855087208476458,DOWNLOAD,0.9855087208476458,-1,992,1.2291357566730166,62,64704.0,79530.0,7,55,0.44860435126253173,0.5513956487374683,0.023925945533416364,0,0,0,0,0,0,0,0,0.057499999999999996,0.1,0.0,0.0,0.15,skip,training_upload_trigger_not_confirmed,1785296282.2955942,1785296282295594271,1384950512292636,84.8,53.3671875,-1.0,0,0
2026-07-28T23:38:02.297,10.42.0.59,,32,1,DOWNLOAD,0.95,DOWNLOAD,0.95,-1,14600,6.84931506802402e-11,1,14600.0,0.0,1,0,1.0,0.0,0.7058527081749504,0,0,0,0,0,0,0,0,0.0225,0.0,0.0,0.0,0.15,skip,training_upload_trigger_not_confirmed,1785296282.297562,1785296282297561975,1384950514260502,84.8,53.3671875,-1.0,0,0
2026-07-28T23:38:02.298,10.42.0.59,,32,1,DOWNLOAD,0.95,DOWNLOAD,0.95,-1,14600,3.424657534129292e-11,2,29200.0,0.0,2,0,1.0,0.0,0.61298094110254,0,0,0,0,0,0,0,0,0.0225,0.0,0.0,0.0,0.15,skip,training_upload_trigger_not_confirmed,1785296282.2986364,1785296282298636637,1384950515335044,84.8,53.3671875,-1.0,0,0
2026-07-28T23:38:02.300,10.42.0.145,,35,1,DOWNLOAD,0.95,DOWNLOAD,0.95,-1,14600,6.84931506802402e-11,1,14600.0,0.0,1,0,1.0,0.0,0.31454981168244894,0,0,0,0,0,0,0,0,0.0225,0.0,0.0,0.0,0.15,skip,training_upload_trigger_not_confirmed,1785296282.3001566,1785296282300156745,1384950516855417,84.8,53.3671875,-1.0,0,0
2026-07-28T23:38:02.301,10.42.0.145,,35,1,DOWNLOAD,0.95,DOWNLOAD,0.95,-1,14600,3.424657534129292e-11,2,29200.0,0.0,2,0,1.0,0.0,0.2732439437366097,0,0,0,0,0,0,0,0,0.0225,0.0,0.0,0.0,0.15,skip,training_upload_trigger_not_confirmed,1785296282.3012476,1785296282301247452,1384950517945801,84.8,53.3671875,-1.0,0,0
2026-07-28T23:38:02.304,10.42.0.47,,78,1,DOWNLOAD,0.9842257140988042,DOWNLOAD,0.9842257140988042,-1,2896,5.7550644563907074e-11,3,17376.0,0.0,3,0,1.0,0.0,0.30953968108753155,0,0,0,0,0,0,0,0,0.0225,0.0,0.0,0.0,0.15,skip,training_upload_trigger_not_confirmed,1785296282.3047013,1785296282304701329,1384950521399943,84.8,53.3671875,-1.0,0,0
2026-07-28T23:38:02.305,10.42.0.47,,78,1,DOWNLOAD,0.9842586901286671,DOWNLOAD,0.9842586901286671,-1,8688,3.8367096376674066e-11,4,26064.0,0.0,4,0,1.0,0.0,0.2688904388464904,0,0,0,0,0,0,0,0,0.0225,0.0,0.0,0.0,0.15,skip,training_upload_trigger_not_confirmed,1785296282.3057652,1785296282305765027,1384950522463477,84.8,53.3671875,-1.0,0,0
2026-07-28T23:38:02.308,10.42.0.18,,57,1,DOWNLOAD,0.95,DOWNLOAD,0.95,-1,14600,2.2831050227789245e-11,4,43800.0,0.0,4,0,1.0,0.0,0.5034836814691075,0,0,0,0,0,0,0,0,0.0225,0.0,0.0,0.0,0.15,skip,training_upload_trigger_not_confirmed,1785296282.308256,1785296282308256026,1384950524954603,84.8,53.3671875,-1.0,0,0
2026-07-28T23:38:02.309,10.42.0.18,,57,1,DOWNLOAD,0.95,DOWNLOAD,0.95,-1,14600,1.7123287670939668e-11,5,58400.0,0.0,5,0,1.0,0.0,0.43734590462574846,0,0,0,0,0,0,0,0,0.0225,0.0,0.0,0.0,0.15,skip,training_upload_trigger_not_confirmed,1785296282.3098383,1785296282309838225,1384950526536704,84.8,53.3671875,-1.0,0,0
2026-07-28T23:38:02.311,10.42.0.18,,57,1,DOWNLOAD,0.95,DOWNLOAD,0.95,-1,6184,1.5483711135645304e-11,6,64584.0,0.0,6,0,1.0,0.0,0.37997115276476195,0,0,0,0,0,0,0,0,0.0225,0.0,0.0,0.0,0.15,skip,training_upload_trigger_not_confirmed,1785296282.311783,1785296282311783204,1384950528481793,84.8,53.3671875,-1.0,0,0
2026-07-28T23:38:02.313,10.42.0.59,,32,1,DOWNLOAD,0.95,DOWNLOAD,0.95,-1,24820,1.8511662346936104e-11,3,54020.0,0.0,3,0,1.0,0.0,0.5341418997685162,0,0,0,0,0,0,0,0,0.0225,0.0,0.0,0.0,0.15,skip,training_upload_trigger_not_confirmed,1785296282.3133297,1785296282313329552,1384950530028008,84.8,53.3671875,-1.0,0,0
2026-07-28T23:38:02.317,10.42.0.145,,35,1,DOWNLOAD,0.95,DOWNLOAD,0.95,-1,29200,1.7123287670939668e-11,3,58400.0,0.0,3,0,1.0,0.0,0.23941315447272765,0,0,0,0,0,0,0,0,0.0225,0.0,0.0,0.0,0.15,skip,training_upload_trigger_not_confirmed,1785296282.317759,1785296282317759022,1384950534457627,84.8,53.3671875,-1.0,0,0
2026-07-28T23:38:02.331,10.42.0.47,,78,1,DOWNLOAD,0.9842595481342594,DOWNLOAD,0.9842595481342594,-1,2896,3.453038673913914e-11,5,28960.0,0.0,5,0,1.0,0.0,0.23679445766221763,0,0,0,0,0,0,0,0,0.0225,0.0,0.0,0.0,0.15,skip,training_upload_trigger_not_confirmed,1785296282.331088,1785296282331088147,1384950547786811,84.8,53.3671875,-1.0,0,0
2026-07-28T23:38:02.419,10.42.0.47,,78,1,DOWNLOAD,0.9842595696464124,DOWNLOAD,0.9842595696464124,-1,1448,3.2886082608758017e-11,6,30408.0,0.0,6,0,1.0,0.0,0.21727031691060072,0,0,0,0,0,0,0,0,0.0225,0.0,0.0,0.0,0.15,skip,training_upload_trigger_not_confirmed,1785296282.4197192,1785296282419719282,1384950636417900,84.8,53.3671875,-1.0,0,0
2026-07-28T23:38:02.420,10.42.0.47,,78,1,DOWNLOAD,0.9842595701605352,DOWNLOAD,0.9842595701605352,-1,1448,3.1391260672043216e-11,7,31856.0,0.0,7,0,1.0,0.0,0.18873596231501438,0,0,0,0,0,0,0,0,0.0225,0.0,0.0,0.0,0.15,skip,training_upload_trigger_not_confirmed,1785296282.4204502,1785296282420450197,1384950637148326,84.8,53.3671875,-1.0,0,0
2026-07-28T23:38:02.421,10.42.0.47,,78,1,DOWNLOAD,0.9842595701720059,DOWNLOAD,0.9842595701720059,-1,1448,3.002642325156058e-11,8,33304.0,0.0,8,0,1.0,0.0,0.16395193630167706,0,0,0,0,0,0,0,0,0.0225,0.0,0.0,0.0,0.15,skip,training_upload_trigger_not_confirmed,1785296282.421107,1785296282421106825,1384950637804974,84.8,53.3671875,-1.0,0,0
2026-07-28T23:38:02.421,10.42.0.47,,78,1,DOWNLOAD,0.9842595701722343,DOWNLOAD,0.9842595701722343,-1,1448,2.8775322282781555e-11,9,34752.0,0.0,9,0,1.0,0.0,0.14243566578207978,0,0,0,0,0,0,0,0,0.0225,0.0,0.0,0.0,0.15,skip,training_upload_trigger_not_confirmed,1785296282.421778,1785296282421777991,1384950638476517,84.8,53.3671875,-1.0,0,0
2026-07-28T23:38:02.422,10.42.0.47,,78,1,DOWNLOAD,0.9842595701722379,DOWNLOAD,0.9842595701722379,-1,4344,2.557806425144316e-11,10,39096.0,0.0,10,0,1.0,0.0,0.12376122521666719,0,0,0,0,0,0,0,0,0.0225,0.0,0.0,0.0,0.15,skip,training_upload_trigger_not_confirmed,1785296282.4224985,1785296282422498512,1384950639196891,84.8,53.3671875,-1.0,0,0
2026-07-28T23:38:02.424,10.42.0.47,,78,1,DOWNLOAD,0.9842595701722379,DOWNLOAD,0.9842595701722379,-1,1448,2.4664561956771294e-11,11,40544.0,0.0,11,0,1.0,0.0,0.10767669356860335,0,0,0,0,0,0,0,0,0.0225,0.0,0.0,0.0,0.15,skip,training_upload_trigger_not_confirmed,1785296282.4241986,1785296282424198780,1384950640897176,84.8,53.3671875,-1.0,0,0
2026-07-28T23:38:02.425,10.42.0.47,,78,1,DOWNLOAD,0.9842595701722379,DOWNLOAD,0.9842595701722379,-1,4344,2.22776688642337e-11,12,44888.0,0.0,12,0,1.0,0.0,0.09369755466743553,0,0,0,0,0,0,0,0,0.0225,0.0,0.0,0.0,0.15,skip,training_upload_trigger_not_confirmed,1785296282.4257915,1785296282425791443,1384950642489600,84.8,53.3671875,-1.0,0,0
2026-07-28T23:38:02.426,10.42.0.47,,78,1,DOWNLOAD,0.9842595701722379,DOWNLOAD,0.9842595701722379,-1,4344,2.0311992199782418e-11,13,49232.0,0.0,13,0,1.0,0.0,0.08148114881052951,0,0,0,0,0,0,0,0,0.0225,0.0,0.0,0.0,0.15,skip,training_upload_trigger_not_confirmed,1785296282.4267821,1785296282426782113,1384950643480208,84.8,53.3671875,-1.0,0,0
2026-07-28T23:38:02.429,10.42.0.47,,78,1,DOWNLOAD,0.9842595701722379,DOWNLOAD,0.9842595701722379,-1,1448,1.973164956551437e-11,14,50680.0,0.0,14,0,1.0,0.0,0.07104351656201038,0,0,0,0,0,0,0,0,0.0225,0.0,0.0,0.0,0.15,skip,training_upload_trigger_not_confirmed,1785296282.429055,1785296282429055002,1384950645753412,84.8,53.3671875,-1.0,0,0
2026-07-28T23:38:02.429,10.42.0.47,,78,1,DOWNLOAD,0.9842595701722379,DOWNLOAD,0.9842595701722379,-1,1448,1.918354818870504e-11,15,52128.0,0.0,15,0,1.0,0.0,0.06177450789448164,0,0,0,0,0,0,0,0,0.0225,0.0,0.0,0.0,0.15,skip,training_upload_trigger_not_confirmed,1785296282.4297585,1785296282429758336,1384950646456521,84.8,53.3671875,-1.0,0,0
2026-07-28T23:38:02.430,10.42.0.47,,78,1,DOWNLOAD,0.9842595701722379,DOWNLOAD,0.9842595701722379,-1,2896,1.8173887757738915e-11,16,55024.0,0.0,16,0,1.0,0.0,0.053722519472878524,0,0,0,0,0,0,0,0,0.0225,0.0,0.0,0.0,0.15,skip,training_upload_trigger_not_confirmed,1785296282.4304287,1785296282430428597,1384950647126811,84.8,53.3671875,-1.0,0,0
2026-07-28T23:38:02.431,10.42.0.47,,78,1,DOWNLOAD,0.9842595701722379,DOWNLOAD,0.9842595701722379,-1,4344,1.6844091092560906e-11,17,59368.0,0.0,17,0,1.0,0.0,0.04672956682939284,0,0,0,0,0,0,0,0,0.0225,0.0,0.0,0.0,0.15,skip,training_upload_trigger_not_confirmed,1785296282.4310837,1785296282431083834,1384950647781881,84.8,53.3671875,-1.0,0,0
2026-07-28T23:38:02.432,10.42.0.47,,78,1,DOWNLOAD,0.9842595701722379,DOWNLOAD,0.9842595701722379,-1,2896,1.6060644995245073e-11,18,62264.0,0.0,18,0,1.0,0.0,0.04081107852371922,0,0,0,0,0,0,0,0,0.0225,0.0,0.0,0.0,0.15,skip,training_upload_trigger_not_confirmed,1785296282.4328995,1785296282432899594,1384950649597771,84.8,53.3671875,-1.0,0,0
2026-07-28T23:38:02.433,10.42.0.47,,78,1,DOWNLOAD,0.9842595701722379,DOWNLOAD,0.9842595701722379,-1,1448,1.569563033626796e-11,19,63712.0,0.0,19,0,1.0,0.0,0.035534384621392814,0,0,0,0,0,0,0,0,0.0225,0.0,0.0,0.0,0.15,skip,training_upload_trigger_not_confirmed,1785296282.4336672,1785296282433667116,1384950650365384,84.8,53.3671875,-1.0,0,0
2026-07-28T23:38:02.434,10.42.0.47,,78,1,DOWNLOAD,0.9842595701722379,DOWNLOAD,0.9842595701722379,-1,4344,1.4693781591414516e-11,20,68056.0,0.0,20,0,1.0,0.0,0.03094831163275859,0,0,0,0,0,0,0,0,0.0225,0.0,0.0,0.0,0.15,skip,training_upload_trigger_not_confirmed,1785296282.4343991,1785296282434399191,1384950651097795,84.8,53.3671875,-1.0,0,0
2026-07-28T23:38:02.435,10.42.0.47,,78,1,DOWNLOAD,0.9842595701722379,DOWNLOAD,0.9842595701722379,-1,2896,1.4094035404018295e-11,21,70952.0,0.0,21,0,1.0,0.0,0.026957015061613205,0,0,0,0,0,0,0,0,0.0225,0.0,0.0,0.0,0.15,skip,training_upload_trigger_not_confirmed,1785296282.4350586,1785296282435058779,1384950651756909,84.8,53.3671875,-1.0,0,0
2026-07-28T23:38:02.437,10.42.0.47,,78,1,DOWNLOAD,0.9842595701722379,DOWNLOAD,0.9842595701722379,-1,4344,1.3280917976874192e-11,22,75296.0,0.0,22,0,1.0,0.0,0.02368177665712749,0,0,0,0,0,0,0,0,0.0225,0.0,0.0,0.0,0.15,skip,training_upload_trigger_not_confirmed,1785296282.4371607,1785296282437160816,1384950653859159,84.8,53.3671875,-1.0,0,0
2026-07-28T23:38:02.437,10.42.0.47,,78,1,DOWNLOAD,0.9842595701722379,DOWNLOAD,0.9842595701722379,-1,2896,1.2789032125885141e-11,23,78192.0,0.0,23,0,1.0,0.0,0.020670675876563203,0,0,0,0,0,0,0,0,0.0225,0.0,0.0,0.0,0.15,skip,training_upload_trigger_not_confirmed,1785296282.437992,1785296282437992313,1384950654690804,84.8,53.3671875,-1.0,0,0
2026-07-28T23:38:02.438,10.42.0.47,,78,1,DOWNLOAD,0.9842595701722379,DOWNLOAD,0.9842595701722379,-1,5792,1.1907029910317358e-11,24,83984.0,0.0,24,0,1.0,0.0,0.018048192756604985,0,0,0,0,0,0,0,0,0.0225,0.0,0.0,0.0,0.15,skip,training_upload_trigger_not_confirmed,1785296282.4387615,1785296282438761351,1384950655459520,84.8,53.3671875,-1.0,0,0
2026-07-28T23:38:02.439,10.42.0.47,,78,1,DOWNLOAD,0.9842595701722379,DOWNLOAD,0.9842595701722379,-1,2453,1.1569119705547751e-11,25,86437.0,0.0,25,0,1.0,0.0,0.015760289838120084,0,0,0,0,0,0,0,0,0.0225,0.0,0.0,0.0,0.15,skip,training_upload_trigger_not_confirmed,1785296282.4394474,1785296282439447232,1384950656145642,84.8,53.3671875,-1.0,0,0
2026-07-28T23:38:02.613,10.42.0.145,,35,2,TRAINING,0.95,TRAINING,0.95,1,64240,1.0999999999982877,4,58400.0,64240.0,3,1,0.47619047619047616,0.5238095238095238,0.407594309294721,0,0,0,0,1,0,0,0,0.4525,1.0,0.0,0.4,0.15,skip,training_upload_trigger_not_confirmed,1785296282.6134932,1785296282613493321,1384950830192536,84.8,53.3671875,-1.0,0,0
2026-07-28T23:38:02.614,10.42.0.145,,35,3,UPLOAD,0.95,UPLOAD,0.95,1,13140,1.3249999999944349,5,58400.0,77380.0,3,2,0.43010752688172044,0.5698924731182796,0.354042506823664,0,0,0,1,1,1,1,1,0.85,1.0,1.0,0.4,0.8,trigger,training_upload_trigger_confirmed,1785296282.6146977,1785296282614697838,1384950831396421,84.8,53.3671875,22.580972,1785296282637280089,1384950853977393
2026-07-28T23:38:02.617,10.42.0.145,,35,3,UPLOAD,0.9841010226033655,UPLOAD,0.9841010226033655,1,2176,1.3622602739663996,6,58400.0,79556.0,3,3,0.4233233784684972,0.5766766215315028,0.3077472170239255,0,0,1,1,1,1,1,1,0.85,1.0,1.0,0.4,0.8,skip,attack_already_active,1785296282.617418,1785296282617418076,1384950834116847,84.8,53.3671875,-1.0,0,0
2026-07-28T23:38:02.618,10.42.0.1,,78,2,TRAINING,0.95,TRAINING,0.95,1,7240,0.32032397870910456,35,270882.0,86770.0,25,10,0.757389865008444,0.24261013499155604,0.007932568337130144,0,0,0,0,1,0,0,0,0.4525,1.0,0.0,0.4,0.15,skip,training_upload_trigger_not_confirmed,1785296282.6188178,1785296282618817877,1384950835516378,84.8,53.3671875,-1.0,0,0
2026-07-28T23:38:02.619,10.42.0.1,10.42.0.1,78,3,UPLOAD,0.95,UPLOAD,0.95,1,5792,0.3417059826812349,36,270882.0,92562.0,25,11,0.745319774160531,0.2546802258394691,0.00699756513631706,1,0,0,0,1,0,0,0,0.85,1.0,1.0,0.4,0.8,trigger,training_upload_trigger_confirmed,1785296282.619655,1785296282619654834,1384950836353542,84.8,53.3671875,37.313746,1785296282656970043,1384950873667288
2026-07-28T23:38:02.621,10.42.0.1,10.42.0.1,78,3,UPLOAD,0.95,UPLOAD,0.95,1,2896,0.35239698466730013,37,270882.0,95458.0,25,12,0.7394278539062074,0.26057214609379264,0.006255141285001121,1,0,1,0,1,0,0,0,0.85,1.0,1.0,0.4,0.8,skip,attack_already_active,1785296282.6210184,1785296282621018438,1384950837716741,84.8,53.3671875,-1.0,0,0
2026-07-28T23:38:02.621,10.42.0.1,10.42.0.1,78,3,UPLOAD,0.95,UPLOAD,0.95,1,11584,0.39516099261156085,38,270882.0,107042.0,25,13,0.7167631587303267,0.28323684126967325,0.0055254399846255435,1,0,1,1,1,1,1,1,0.85,1.0,1.0,0.4,0.8,skip,attack_already_active,1785296282.621736,1785296282621735903,1384950838434151,84.8,53.3671875,-1.0,0,0
2026-07-28T23:38:02.622,10.42.0.1,10.42.0.1,78,3,UPLOAD,0.95,UPLOAD,0.95,1,2896,0.40585199459762605,39,270882.0,109938.0,25,14,0.7113124310697968,0.28868756893020325,0.004887716160426406,1,0,1,1,1,1,1,1,0.85,1.0,1.0,0.4,0.8,skip,attack_already_active,1785296282.622422,1785296282622422034,1384950839120247,84.8,53.3671875,-1.0,0,0
2026-07-28T23:38:02.623,10.42.0.1,10.42.0.1,78,3,UPLOAD,0.95,UPLOAD,0.95,1,11584,0.44861600254188677,40,270882.0,121522.0,25,15,0.6903140640768188,0.3096859359231812,0.004409964107446141,1,0,1,1,1,1,1,1,0.85,1.0,1.0,0.4,0.8,skip,attack_already_active,1785296282.6236842,1785296282623684040,1384950840382194,84.8,53.3671875,-1.0,0,0
2026-07-28T23:38:02.624,10.42.0.1,10.42.0.1,78,3,UPLOAD,0.95,UPLOAD,0.95,1,5792,0.46999800651401713,41,270882.0,127314.0,25,16,0.6802730313714854,0.3197269686285146,0.003928562516445906,1,0,1,1,1,1,1,1,0.85,1.0,1.0,0.4,0.8,skip,attack_already_active,1785296282.624441,1785296282624440812,1384950841139120,84.8,53.3671875,-1.0,0,0
2026-07-28T23:38:02.625,10.42.0.1,10.42.0.1,78,3,UPLOAD,0.95,UPLOAD,0.95,1,14480,0.5234530164443432,42,270882.0,141794.0,25,17,0.6564035708400779,0.34359642915992206,0.003596712681466774,1,0,1,1,1,1,1,1,0.85,1.0,1.0,0.4,0.8,skip,attack_already_active,1785296282.6258512,1785296282625851033,1384950842550104,84.8,53.3671875,-1.0,0,0
2026-07-28T23:38:02.628,10.42.0.1,10.42.0.1,78,3,UPLOAD,0.95,UPLOAD,0.95,1,8688,0.5555260224025387,43,270882.0,150482.0,25,18,0.6428693481170674,0.3571306518829326,0.0034765186214157687,1,0,1,1,1,1,1,1,0.9699999999999999,1.0,1.0,1.0,0.8,skip,attack_already_active,1785296282.6285357,1785296282628535735,1384950845234580,84.8,53.3671875,-1.0,0,0
2026-07-28T23:38:02.629,10.42.0.1,10.42.0.1,78,3,UPLOAD,0.95,UPLOAD,0.95,1,5792,0.576908026374669,44,270882.0,156274.0,25,19,0.634152393973162,0.36584760602683797,0.003165153283449815,1,0,1,1,1,1,1,1,0.9699999999999999,1.0,1.0,1.0,0.8,skip,attack_already_active,1785296282.6296494,1785296282629649282,1384950846348001,84.8,53.3671875,-1.0,0,0
2026-07-28T23:38:02.631,10.42.0.1,10.42.0.1,78,3,UPLOAD,0.95,UPLOAD,0.95,1,2799,0.5872409388605103,45,270882.0,159073.0,25,20,0.6300240722866346,0.36997592771336535,0.0029265181864378785,1,0,1,1,1,1,1,1,0.9699999999999999,1.0,1.0,1.0,0.8,skip,attack_already_active,1785296282.6310036,1785296282631003721,1384950847702666,84.8,53.3671875,-1.0,0,0
2026-07-28T23:38:02.631,10.42.0.59,10.42.0.1,32,2,TRAINING,0.95,TRAINING,0.95,1,64240,1.189189189185687,4,54020.0,64240.0,3,1,0.4567901234567901,0.5432098765432098,0.7991492523361667,0,0,0,0,1,0,0,0,0.4525,1.0,0.0,0.4,0.15,skip,training_upload_trigger_not_confirmed,1785296282.6318262,1785296282631826104,1384950848524432,84.8,53.3671875,-1.0,0,0
2026-07-28T23:38:02.634,10.42.0.1,10.42.0.1,78,3,UPLOAD,0.95,UPLOAD,0.95,1,11584,0.630004946804771,46,270882.0,170657.0,25,21,0.6134950706506107,0.3865049293493893,0.0029538291853072776,1,0,1,1,1,1,1,1,0.9699999999999999,1.0,1.0,1.0,0.8,skip,attack_already_active,1785296282.6341374,1785296282634137424,1384950850835698,84.8,53.3671875,-1.0,0,0
2026-07-28T23:38:02.634,10.42.0.1,10.42.0.1,78,3,UPLOAD,0.95,UPLOAD,0.95,1,2896,0.6406959487908362,47,270882.0,173553.0,25,22,0.6094974518208512,0.3905025481791488,0.0026589680282811997,1,0,1,1,1,1,1,1,0.9699999999999999,1.0,1.0,1.0,0.8,skip,attack_already_active,1785296282.6348536,1785296282634853591,1384950851551854,84.8,53.3671875,-1.0,0,0
2026-07-28T23:38:02.635,10.42.0.1,10.42.0.1,78,3,UPLOAD,0.95,UPLOAD,0.95,1,11584,0.683459956735097,48,270882.0,185137.0,25,23,0.5940147230707492,0.40598527692925074,0.00240076281987561,1,0,1,1,1,1,1,1,0.9699999999999999,1.0,1.0,1.0,0.8,skip,attack_already_active,1785296282.6355531,1785296282635553113,1384950852251267,84.8,53.3671875,-1.0,0,0
2026-07-28T23:38:02.636,10.42.0.1,10.42.0.1,78,3,UPLOAD,0.95,UPLOAD,0.95,1,5792,0.7048419607072274,49,270882.0,190929.0,25,24,0.5865646335838687,0.41343536641613127,0.002212869656905631,1,0,1,1,1,1,1,1,0.9699999999999999,1.0,1.0,1.0,0.8,skip,attack_already_active,1785296282.636528,1785296282636528119,1384950853226510,84.8,53.3671875,-1.0,0,0
2026-07-28T23:38:02.637,10.42.0.1,10.42.0.1,78,3,UPLOAD,0.95,UPLOAD,0.95,1,14480,0.7582969706375533,50,270882.0,205409.0,25,25,0.5687321406451098,0.4312678593548902,0.0020785772637930003,1,0,1,1,1,1,1,1,0.9699999999999999,1.0,1.0,1.0,0.8,skip,attack_already_active,1785296282.6377218,1785296282637721913,1384950854420581,84.8,53.3671875,-1.0,0,0
2026-07-28T23:38:02.638,10.42.0.1,10.42.0.1,78,3,UPLOAD,0.95,UPLOAD,0.95,1,8688,0.7903699765957488,51,270882.0,214097.0,25,26,0.5585437719983752,0.4414562280016248,0.0019480632350916817,1,0,1,1,1,1,1,1,0.9699999999999999,1.0,1.0,1.0,0.8,skip,attack_already_active,1785296282.63881,1785296282638809797,1384950855508098,84.8,53.3671875,-1.0,0,0
2026-07-28T23:38:02.639,10.42.0.1,10.42.0.1,78,3,UPLOAD,0.95,UPLOAD,0.95,1,5792,0.8117519805678792,52,270882.0,219889.0,25,27,0.5519519286999436,0.4480480713000564,0.0018288097191674786,1,0,1,1,1,1,1,1,0.9699999999999999,1.0,1.0,1.0,0.8,skip,attack_already_active,1785296282.639853,1785296282639853068,1384950856551360,84.8,53.3671875,-1.0,0,0
2026-07-28T23:38:02.640,10.42.0.1,10.42.0.1,78,3,UPLOAD,0.95,UPLOAD,0.95,1,2798,0.8220812014093883,53,270882.0,222687.0,25,28,0.5488229609233968,0.4511770390766033,0.0017176049064423502,1,0,1,1,1,1,1,1,0.9699999999999999,1.0,1.0,1.0,0.8,skip,attack_already_active,1785296282.640838,1785296282640837973,1384950857536389,84.8,53.3671875,-1.0,0,0
2026-07-28T23:38:02.720,10.42.0.18,10.42.0.1,57,2,TRAINING,0.95,TRAINING,0.95,1,2920,0.04521243653156799,7,64584.0,2920.0,6,1,0.9567433041004978,0.043256695899502255,0.6495749765424965,0,0,0,0,1,1,0,0,0.5725,1.0,0.0,1.0,0.15,skip,training_upload_trigger_not_confirmed,1785296282.7208393,1785296282720839293,1384950937537980,84.8,53.3671875,-1.0,0,0
2026-07-28T23:38:02.723,10.42.0.18,10.42.0.1,57,3,UPLOAD,0.95,UPLOAD,0.95,1,64240,1.0398860398854222,8,64584.0,67160.0,6,2,0.49022346368715086,0.5097765363128491,0.5642723064658907,0,0,0,1,1,1,1,1,0.9699999999999999,1.0,1.0,1.0,0.8,trigger,training_upload_trigger_confirmed,1785296282.7230759,1785296282723075817,1384950939774153,84.8,53.3671875,61.985287,1785296282785062165,1384951001759440
2026-07-28T23:38:02.724,10.42.0.1,10.42.0.1,78,3,UPLOAD,0.95,UPLOAD,0.95,1,7240,0.8488087063745513,54,270882.0,229927.0,25,29,0.5408888418538804,0.4591111581461196,0.0017986570723831448,1,0,1,1,1,1,1,1,0.9699999999999999,1.0,1.0,1.0,0.8,skip,attack_already_active,1785296282.7241278,1785296282724127752,1384950940826125,84.8,53.3671875,-1.0,0,0
2026-07-28T23:38:02.724,10.42.0.1,10.42.0.1,78,3,UPLOAD,0.95,UPLOAD,0.95,1,5792,0.8701907103466816,55,270882.0,235719.0,25,30,0.5347048268755885,0.46529517312441154,0.001654949912521122,1,0,1,1,1,1,1,1,0.9699999999999999,1.0,1.0,1.0,0.8,skip,attack_already_active,1785296282.7248359,1785296282724835852,1384950941533912,84.8,53.3671875,-1.0,0,0
2026-07-28T23:38:02.725,10.42.0.1,10.42.0.1,78,3,UPLOAD,0.95,UPLOAD,0.95,1,2896,0.8808817123327468,56,270882.0,238615.0,25,31,0.5316655446450126,0.46833445535498736,0.001564361907302784,1,0,1,1,1,1,1,1,0.9699999999999999,1.0,1.0,1.0,0.8,skip,attack_already_active,1785296282.7258034,1785296282725803199,1384950942501376,84.8,53.3671875,-1.0,0,0
2026-07-28T23:38:02.726,10.42.0.1,10.42.0.1,78,3,UPLOAD,0.95,UPLOAD,0.95,1,11584,0.9236457202770075,57,270882.0,250199.0,25,32,0.5198462427146643,0.48015375728533566,0.0014856482533873983,1,0,1,1,1,1,1,1,0.9699999999999999,1.0,1.0,1.0,0.8,skip,attack_already_active,1785296282.7267704,1785296282726770400,1384950943468716,84.8,53.3671875,-1.0,0,0
2026-07-28T23:38:02.727,10.42.0.1,10.42.0.1,78,3,UPLOAD,0.95,UPLOAD,0.95,1,2896,0.9343367222630727,58,270882.0,253095.0,25,33,0.5169730732455814,0.4830269267544186,0.0013959745793897178,1,0,1,1,1,1,1,1,0.9699999999999999,1.0,1.0,1.0,0.8,skip,attack_already_active,1785296282.7275755,1785296282727575659,1384950944274388,84.8,53.3671875,-1.0,0,0
2026-07-28T23:38:02.728,10.42.0.1,10.42.0.1,78,3,UPLOAD,0.95,UPLOAD,0.95,1,11584,0.9771007302073335,59,270882.0,264679.0,25,34,0.5057911237001947,0.49420887629980526,0.0013473044465631856,1,0,1,1,1,1,1,1,0.9699999999999999,1.0,1.0,1.0,0.8,skip,attack_already_active,1785296282.7286022,1785296282728602072,1384950945300190,84.8,53.3671875,-1.0,0,0
2026-07-28T23:38:02.729,10.42.0.1,10.42.0.1,78,3,UPLOAD,0.95,UPLOAD,0.95,1,5792,0.9984827341794638,60,270882.0,270471.0,25,35,0.5003796044355532,0.4996203955644469,0.0012980731137182267,1,0,1,1,1,1,1,1,0.9699999999999999,1.0,1.0,1.0,0.8,skip,attack_already_active,1785296282.7295759,1785296282729576051,1384950946274614,95.6,53.3671875,-1.0,0,0
2026-07-28T23:38:02.730,10.42.0.1,10.42.0.1,78,3,UPLOAD,0.95,UPLOAD,0.95,1,14480,1.0519377441097897,61,270882.0,284951.0,25,36,0.48734422029638397,0.512655779703616,0.001309398699457767,1,0,1,1,1,1,1,1,0.9699999999999999,1.0,1.0,1.0,0.8,skip,attack_already_active,1785296282.73096,1785296282730959783,1384950947657874,95.6,53.3671875,-1.0,0,0
2026-07-28T23:38:02.731,10.42.0.1,10.42.0.1,78,3,UPLOAD,0.95,UPLOAD,0.95,1,8688,1.0840107500679852,62,270882.0,293639.0,25,37,0.4798439739177108,0.5201560260822893,0.0012288123500786223,1,0,1,1,1,1,1,1,0.9699999999999999,1.0,1.0,1.0,0.8,skip,attack_already_active,1785296282.7316577,1785296282731657699,1384950948355987,95.6,53.3671875,-1.0,0,0
2026-07-28T23:38:02.732,10.42.0.1,10.42.0.1,78,3,UPLOAD,0.95,UPLOAD,0.95,1,5792,1.1053927540401156,63,270882.0,299431.0,25,38,0.4749707616694692,0.5250292383305308,0.0011906397154699646,1,0,1,1,1,1,1,1,0.9699999999999999,1.0,1.0,1.0,0.8,skip,attack_already_active,1785296282.7325969,1785296282732597006,1384950949295080,95.6,53.3671875,-1.0,0,0
2026-07-28T23:38:02.733,10.42.0.1,10.42.0.1,78,3,UPLOAD,0.95,UPLOAD,0.95,1,2798,1.1157219748816247,64,270882.0,302229.0,25,39,0.4726518946591498,0.5273481053408502,0.0011921193242435228,1,0,1,1,1,1,1,1,0.9699999999999999,1.0,1.0,1.0,0.8,skip,attack_already_active,1785296282.7337987,1785296282733798538,1384950950496698,95.6,53.3671875,-1.0,0,0
2026-07-28T23:38:03.739,10.42.0.1,10.42.0.1,78,3,UPLOAD,0.6788597180603264,UPLOAD,0.6788597180603264,0,39,1.0,0,0.0,0.0,0,0,0.0,0.0,0.006484076444032599,1,0,1,0,0,0,0,0,0.4375,0.05,1.0,0.0,0.8,skip,attack_already_active,1785296283.7390718,1785296283739071639,1384951955770318,10.0,53.3671875,-1.0,0,0
2026-07-28T23:38:04.081,10.42.0.210,10.42.0.1,77,3,UPLOAD,0.95,UPLOAD,0.95,1,1448,100.0,1,0.0,1448.0,0,1,0.0,1.0,0.21843802453500155,0,0,0,1,1,1,1,1,0.9525,0.95,1.0,1.0,0.8,trigger,training_upload_trigger_confirmed,1785296284.0811675,1785296284081167266,1384952297865891,6.8,53.3671875,5.723198,1785296284086891827,1384952303589089
2026-07-28T23:38:04.081,10.42.0.210,10.42.0.1,77,3,UPLOAD,0.9841010226033655,UPLOAD,0.9841010226033655,1,1448,100.0,2,0.0,2896.0,0,2,0.0,1.0,0.18975391157760152,0,0,1,1,1,1,1,1,0.9699999999999999,1.0,1.0,1.0,0.8,skip,attack_already_active,1785296284.0819297,1785296284081929660,1384952298627769,6.8,53.3671875,-1.0,0,0
2026-07-28T23:38:04.082,10.42.0.210,10.42.0.1,77,3,UPLOAD,0.9854688349332961,UPLOAD,0.9854688349332961,1,1448,100.0,3,0.0,4344.0,0,3,0.0,1.0,0.1648795732277803,0,0,1,1,1,1,1,1,0.9699999999999999,1.0,1.0,1.0,0.8,skip,attack_already_active,1785296284.0829191,1785296284082919099,1384952299618429,6.8,53.3671875,-1.0,0,0
2026-07-28T23:38:04.083,10.42.0.210,10.42.0.1,77,3,UPLOAD,0.9855076450773014,UPLOAD,0.9855076450773014,1,1448,100.0,4,0.0,5792.0,0,4,0.0,1.0,0.14325554730404033,0,0,1,1,1,1,1,1,0.9699999999999999,1.0,1.0,1.0,0.8,skip,attack_already_active,1785296284.0837,1785296284083699922,1384952300398139,6.8,53.3671875,-1.0,0,0
2026-07-28T23:38:04.084,10.42.0.210,10.42.0.1,77,3,UPLOAD,0.9855086980780915,UPLOAD,0.9855086980780915,1,1448,100.0,5,0.0,7240.0,0,5,0.0,1.0,0.12450065183545639,0,0,1,1,1,1,1,1,0.9699999999999999,1.0,1.0,1.0,0.8,skip,attack_already_active,1785296284.0846298,1785296284084629733,1384952301327826,6.8,53.3671875,-1.0,0,0
2026-07-28T23:38:04.085,10.42.0.210,10.42.0.1,77,3,UPLOAD,0.9855087254685951,UPLOAD,0.9855087254685951,1,1448,100.0,6,0.0,8688.0,0,6,0.0,1.0,0.10817482198920111,0,0,1,1,1,1,1,1,0.9699999999999999,1.0,1.0,1.0,0.8,skip,attack_already_active,1785296284.0852382,1785296284085238394,1384952301936490,6.8,53.3671875,-1.0,0,0
2026-07-28T23:38:04.086,10.42.0.210,10.42.0.1,77,3,UPLOAD,0.9855087261493067,UPLOAD,0.9855087261493067,1,1448,100.0,7,0.0,10136.0,0,7,0.0,1.0,0.09409466639572794,0,0,1,1,1,1,1,1,0.9699999999999999,1.0,1.0,1.0,0.8,skip,attack_already_active,1785296284.0865626,1785296284086562576,1384952303261271,6.8,53.3671875,-1.0,0,0
2026-07-28T23:38:04.087,10.42.0.210,10.42.0.1,77,3,UPLOAD,0.9855087261653082,UPLOAD,0.9855087261653082,1,1448,100.0,8,0.0,11584.0,0,8,0.0,1.0,0.08188094336207632,0,0,1,1,1,1,1,1,0.9699999999999999,1.0,1.0,1.0,0.8,skip,attack_already_active,1785296284.0879707,1785296284087970898,1384952304671690,6.8,53.3671875,-1.0,0,0
2026-07-28T23:38:04.089,10.42.0.210,10.42.0.1,77,3,UPLOAD,0.985508726165656,UPLOAD,0.985508726165656,1,1448,100.0,9,0.0,13032.0,0,9,0.0,1.0,0.07125631866501936,0,0,1,1,1,1,1,1,0.9699999999999999,1.0,1.0,1.0,0.8,skip,attack_already_active,1785296284.0892243,1785296284089224325,1384952305923260,6.8,53.3671875,-1.0,0,0
2026-07-28T23:38:04.090,10.42.0.210,10.42.0.1,77,3,UPLOAD,0.9855087261656625,UPLOAD,0.9855087261656625,1,1448,100.0,10,0.0,14480.0,0,10,0.0,1.0,0.06197444275702745,0,0,1,1,1,1,1,1,0.9699999999999999,1.0,1.0,1.0,0.8,skip,attack_already_active,1785296284.090043,1785296284090043077,1384952306741477,6.8,53.3671875,-1.0,0,0
2026-07-28T23:38:04.091,10.42.0.210,10.42.0.1,77,3,UPLOAD,0.95,UPLOAD,0.95,1,1448,100.0,11,0.0,15928.0,0,11,0.0,1.0,0.053950020423563345,0,0,1,1,1,1,1,1,0.9699999999999999,1.0,1.0,1.0,0.8,skip,attack_already_active,1785296284.0911224,1785296284091122340,1384952307820709,6.8,53.3671875,-1.0,0,0
2026-07-28T23:38:04.092,10.42.0.210,10.42.0.1,77,3,UPLOAD,0.95,UPLOAD,0.95,1,1448,100.0,12,0.0,17376.0,0,12,0.0,1.0,0.046958160852464986,0,0,1,1,1,1,1,1,0.9699999999999999,1.0,1.0,1.0,0.8,skip,attack_already_active,1785296284.0920131,1785296284092013120,1384952308711154,6.8,53.3671875,-1.0,0,0
2026-07-28T23:38:04.092,10.42.0.210,10.42.0.1,77,3,UPLOAD,0.95,UPLOAD,0.95,1,1448,100.0,13,0.0,18824.0,0,13,0.0,1.0,0.040887838367075116,0,0,1,1,1,1,1,1,0.9699999999999999,1.0,1.0,1.0,0.8,skip,attack_already_active,1785296284.0929053,1785296284092905159,1384952309603813,6.8,53.3671875,-1.0,0,0
2026-07-28T23:38:04.093,10.42.0.210,10.42.0.1,77,3,UPLOAD,0.95,UPLOAD,0.95,1,1448,100.0,14,0.0,20272.0,0,14,0.0,1.0,0.03560646470148483,0,0,1,1,1,1,1,1,0.9699999999999999,1.0,1.0,1.0,0.8,skip,attack_already_active,1785296284.0937142,1785296284093714269,1384952310412658,6.8,53.3671875,-1.0,0,0
2026-07-28T23:38:04.094,10.42.0.210,10.42.0.1,77,3,UPLOAD,0.95,UPLOAD,0.95,1,1448,100.0,15,0.0,21720.0,0,15,0.0,1.0,0.031047589017107028,0,0,1,1,1,1,1,1,0.9699999999999999,1.0,1.0,1.0,0.8,skip,attack_already_active,1785296284.0947247,1785296284094724565,1384952311423151,6.8,53.3671875,-1.0,0,0
2026-07-28T23:38:04.095,10.42.0.210,10.42.0.1,77,3,UPLOAD,0.95,UPLOAD,0.95,1,1448,100.0,16,0.0,23168.0,0,16,0.0,1.0,0.02707701543158908,0,0,1,1,1,1,1,1,0.9699999999999999,1.0,1.0,1.0,0.8,skip,attack_already_active,1785296284.0956407,1785296284095640615,1384952312339590,6.8,53.3671875,-1.0,0,0
2026-07-28T23:38:04.096,10.42.0.210,10.42.0.1,77,3,UPLOAD,0.95,UPLOAD,0.95,1,1448,100.0,17,0.0,24616.0,0,17,0.0,1.0,0.023648324055161207,0,0,1,1,1,1,1,1,0.9699999999999999,1.0,1.0,1.0,0.8,skip,attack_already_active,1785296284.0966983,1785296284096698460,1384952313396782,6.8,53.3671875,-1.0,0,0
2026-07-28T23:38:04.097,10.42.0.210,10.42.0.1,77,3,UPLOAD,0.95,UPLOAD,0.95,1,1448,100.0,18,0.0,26064.0,0,18,0.0,1.0,0.0206176285175004,0,0,1,1,1,1,1,1,0.9699999999999999,1.0,1.0,1.0,0.8,skip,attack_already_active,1785296284.0973475,1785296284097347469,1384952314045564,6.8,53.3671875,-1.0,0,0
2026-07-28T23:38:04.098,10.42.0.210,10.42.0.1,77,3,UPLOAD,0.95,UPLOAD,0.95,1,1448,100.0,19,0.0,27512.0,0,19,0.0,1.0,0.018012597706479463,0,0,1,1,1,1,1,1,0.9699999999999999,1.0,1.0,1.0,0.8,skip,attack_already_active,1785296284.0981963,1785296284098196309,1384952314894270,6.8,53.3671875,-1.0,0,0
2026-07-28T23:38:04.098,10.42.0.210,10.42.0.1,77,3,UPLOAD,0.95,UPLOAD,0.95,1,1448,100.0,20,0.0,28960.0,0,20,0.0,1.0,0.01573083051097039,0,0,1,1,1,1,1,1,0.9699999999999999,1.0,1.0,1.0,0.8,skip,attack_already_active,1785296284.0988932,1785296284098893035,1384952315591819,6.8,53.3671875,-1.0,0,0
2026-07-28T23:38:04.099,10.42.0.210,10.42.0.1,77,3,UPLOAD,0.95,UPLOAD,0.95,1,1448,100.0,21,0.0,30408.0,0,21,0.0,1.0,0.01378392419553834,0,0,1,1,1,1,1,1,0.9699999999999999,1.0,1.0,1.0,0.8,skip,attack_already_active,1785296284.0998495,1785296284099849549,1384952316547642,6.8,53.3671875,-1.0,0,0
2026-07-28T23:38:04.100,10.42.0.210,10.42.0.1,77,3,UPLOAD,0.95,UPLOAD,0.95,1,1448,100.0,22,0.0,31856.0,0,22,0.0,1.0,0.012052979039361155,0,0,1,1,1,1,1,1,0.9699999999999999,1.0,1.0,1.0,0.8,skip,attack_already_active,1785296284.1004977,1785296284100497748,1384952317195755,6.8,53.3671875,-1.0,0,0
2026-07-28T23:38:04.102,10.42.0.210,10.42.0.1,77,3,UPLOAD,0.95,UPLOAD,0.95,1,1448,100.0,23,0.0,33304.0,0,23,0.0,1.0,0.010706995747319367,0,0,1,1,1,1,1,1,0.9699999999999999,1.0,1.0,1.0,0.8,skip,attack_already_active,1785296284.1023364,1785296284102336411,1384952319034680,6.8,53.3671875,-1.0,0,0
2026-07-28T23:38:04.102,10.42.0.210,10.42.0.1,77,3,UPLOAD,0.95,UPLOAD,0.95,1,1448,100.0,24,0.0,34752.0,0,24,0.0,1.0,0.009379688988970233,0,0,1,1,1,1,1,1,0.9699999999999999,1.0,1.0,1.0,0.8,skip,attack_already_active,1785296284.1029708,1785296284102970902,1384952319668838,6.8,53.3671875,-1.0,0,0
2026-07-28T23:38:04.103,10.42.0.210,10.42.0.1,77,3,UPLOAD,0.95,UPLOAD,0.95,1,1448,100.0,25,0.0,36200.0,0,25,0.0,1.0,0.008260150059384986,0,0,1,1,1,1,1,1,0.9699999999999999,1.0,1.0,1.0,0.8,skip,attack_already_active,1785296284.1038547,1785296284103854530,1384952320552545,6.8,53.3671875,-1.0,0,0
2026-07-28T23:38:04.104,10.42.0.210,10.42.0.1,77,3,UPLOAD,0.95,UPLOAD,0.95,1,1448,100.0,26,0.0,37648.0,0,26,0.0,1.0,0.007296149235343449,0,0,1,1,1,1,1,1,0.9699999999999999,1.0,1.0,1.0,0.8,skip,attack_already_active,1785296284.1047993,1785296284104799228,1384952321497316,6.8,53.3671875,-1.0,0,0
2026-07-28T23:38:04.105,10.42.0.210,10.42.0.1,77,3,UPLOAD,0.95,UPLOAD,0.95,1,1448,100.0,27,0.0,39096.0,0,27,0.0,1.0,0.006450382212949917,0,0,1,1,1,1,1,1,0.9699999999999999,1.0,1.0,1.0,0.8,skip,attack_already_active,1785296284.1056771,1785296284105677099,1384952322375624,6.8,53.3671875,-1.0,0,0
2026-07-28T23:38:04.106,10.42.0.210,10.42.0.1,77,3,UPLOAD,0.95,UPLOAD,0.95,1,1448,100.0,28,0.0,40544.0,0,28,0.0,1.0,0.005720998235263147,0,0,1,1,1,1,1,1,0.9699999999999999,1.0,1.0,1.0,0.8,skip,attack_already_active,1785296284.1065924,1785296284106592453,1384952323290590,6.8,53.3671875,-1.0,0,0
2026-07-28T23:38:04.107,10.42.0.210,10.42.0.1,77,3,UPLOAD,0.95,UPLOAD,0.95,1,1448,100.0,29,0.0,41992.0,0,29,0.0,1.0,0.0050907445220128005,0,0,1,1,1,1,1,1,0.9699999999999999,1.0,1.0,1.0,0.8,skip,attack_already_active,1785296284.1075306,1785296284107530493,1384952324228691,6.8,53.3671875,-1.0,0,0
2026-07-28T23:38:04.108,10.42.0.210,10.42.0.1,77,3,UPLOAD,0.95,UPLOAD,0.95,1,1448,100.0,30,0.0,43440.0,0,30,0.0,1.0,0.004503296363084754,0,0,1,1,1,1,1,1,0.9699999999999999,1.0,1.0,1.0,0.8,skip,attack_already_active,1785296284.1081634,1785296284108163201,1384952324861531,6.8,53.3671875,-1.0,0,0
2026-07-28T23:38:04.109,10.42.0.210,10.42.0.1,77,3,UPLOAD,0.95,UPLOAD,0.95,1,1448,100.0,31,0.0,44888.0,0,31,0.0,1.0,0.0040286977924959945,0,0,1,1,1,1,1,1,0.9699999999999999,1.0,1.0,1.0,0.8,skip,attack_already_active,1785296284.109065,1785296284109064975,1384952325763141,6.8,53.3671875,-1.0,0,0
2026-07-28T23:38:04.109,10.42.0.210,10.42.0.1,77,3,UPLOAD,0.95,UPLOAD,0.95,1,1448,100.0,32,0.0,46336.0,0,32,0.0,1.0,0.003579503733170659,0,0,1,1,1,1,1,1,0.9699999999999999,1.0,1.0,1.0,0.8,skip,attack_already_active,1785296284.109685,1785296284109684881,1384952326382959,6.8,53.3671875,-1.0,0,0
2026-07-28T23:38:04.110,10.42.0.210,10.42.0.1,77,3,UPLOAD,0.95,UPLOAD,0.95,1,1448,100.0,33,0.0,47784.0,0,33,0.0,1.0,0.0032235271149793,0,0,1,1,1,1,1,1,0.9699999999999999,1.0,1.0,1.0,0.8,skip,attack_already_active,1785296284.110563,1785296284110563138,1384952327261234,6.8,53.3671875,-1.0,0,0
2026-07-28T23:38:04.111,10.42.0.210,10.42.0.1,77,3,UPLOAD,0.95,UPLOAD,0.95,1,1448,100.0,34,0.0,49232.0,0,34,0.0,1.0,0.0028844240141315566,0,0,1,1,1,1,1,1,0.9699999999999999,1.0,1.0,1.0,0.8,skip,attack_already_active,1785296284.1112132,1785296284111213355,1384952327911513,6.8,53.3671875,-1.0,0,0
2026-07-28T23:38:04.112,10.42.0.210,10.42.0.1,77,3,UPLOAD,0.95,UPLOAD,0.95,1,1448,100.0,35,0.0,50680.0,0,35,0.0,1.0,0.0026242510992173606,0,0,1,1,1,1,1,1,0.9699999999999999,1.0,1.0,1.0,0.8,skip,attack_already_active,1785296284.1121233,1785296284112123232,1384952328821359,6.8,53.3671875,-1.0,0,0
2026-07-28T23:38:04.112,10.42.0.210,10.42.0.1,77,3,UPLOAD,0.95,UPLOAD,0.95,1,1448,100.0,36,0.0,52128.0,0,36,0.0,1.0,0.002361792383364629,0,0,1,1,1,1,1,1,0.9699999999999999,1.0,1.0,1.0,0.8,skip,attack_already_active,1785296284.1127558,1785296284112755656,1384952329454199,6.8,53.3671875,-1.0,0,0
2026-07-28T23:38:04.113,10.42.0.210,10.42.0.1,77,3,UPLOAD,0.95,UPLOAD,0.95,1,1448,100.0,37,0.0,53576.0,0,37,0.0,1.0,0.0021677870705478536,0,0,1,1,1,1,1,1,0.9699999999999999,1.0,1.0,1.0,0.8,skip,attack_already_active,1785296284.1136453,1785296284113645340,1384952330343516,6.8,53.3671875,-1.0,0,0
2026-07-28T23:38:04.114,10.42.0.210,10.42.0.1,77,3,UPLOAD,0.95,UPLOAD,0.95,1,1448,100.0,38,0.0,55024.0,0,38,0.0,1.0,0.0019625568338039355,0,0,1,1,1,1,1,1,0.9699999999999999,1.0,1.0,1.0,0.8,skip,attack_already_active,1785296284.1142557,1785296284114255631,1384952330953642,6.8,53.3671875,-1.0,0,0
2026-07-28T23:38:04.115,10.42.0.210,10.42.0.1,77,3,UPLOAD,0.95,UPLOAD,0.95,1,1448,100.0,39,0.0,56472.0,0,39,0.0,1.0,0.0018215061657493497,0,0,1,1,1,1,1,1,0.9699999999999999,1.0,1.0,1.0,0.8,skip,attack_already_active,1785296284.1151478,1785296284115147838,1384952331845890,6.8,53.3671875,-1.0,0,0
2026-07-28T23:38:04.115,10.42.0.210,10.42.0.1,77,3,UPLOAD,0.95,UPLOAD,0.95,1,1448,100.0,40,0.0,57920.0,0,40,0.0,1.0,0.0016705153012477306,0,0,1,1,1,1,1,1,0.9699999999999999,1.0,1.0,1.0,0.8,skip,attack_already_active,1785296284.1158235,1785296284115823563,1384952332521828,6.8,53.3671875,-1.0,0,0
2026-07-28T23:38:04.116,10.42.0.210,10.42.0.1,77,3,UPLOAD,0.95,UPLOAD,0.95,1,1448,100.0,41,0.0,59368.0,0,41,0.0,1.0,0.001571781183766093,0,0,1,1,1,1,1,1,0.9699999999999999,1.0,1.0,1.0,0.8,skip,attack_already_active,1785296284.1167448,1785296284116744757,1384952333442835,6.8,53.3671875,-1.0,0,0
2026-07-28T23:38:04.117,10.42.0.210,10.42.0.1,77,3,UPLOAD,0.95,UPLOAD,0.95,1,1448,100.0,42,0.0,60816.0,0,42,0.0,1.0,0.0014474456172678758,0,0,1,1,1,1,1,1,0.9699999999999999,1.0,1.0,1.0,0.8,skip,attack_already_active,1785296284.117373,1785296284117372911,1384952334070979,6.8,53.3671875,-1.0,0,0
2026-07-28T23:38:04.118,10.42.0.210,10.42.0.1,77,3,UPLOAD,0.95,UPLOAD,0.95,1,1448,100.0,43,0.0,62264.0,0,43,0.0,1.0,0.001373048174356055,0,0,1,1,1,1,1,1,0.9699999999999999,1.0,1.0,1.0,0.8,skip,attack_already_active,1785296284.1182559,1785296284118255901,1384952334953918,6.8,53.3671875,-1.0,0,0
2026-07-28T23:38:04.118,10.42.0.210,10.42.0.1,77,3,UPLOAD,0.95,UPLOAD,0.95,1,1448,100.0,44,0.0,63712.0,0,44,0.0,1.0,0.001278796312323067,0,0,1,1,1,1,1,1,0.9699999999999999,1.0,1.0,1.0,0.8,skip,attack_already_active,1785296284.1189137,1785296284118913492,1384952335611647,6.8,53.3671875,-1.0,0,0
2026-07-28T23:38:04.119,10.42.0.210,10.42.0.1,77,3,UPLOAD,0.95,UPLOAD,0.95,1,1448,100.0,45,0.0,65160.0,0,45,0.0,1.0,0.0012329688732670024,0,0,1,1,1,1,1,1,0.9699999999999999,1.0,1.0,1.0,0.8,skip,attack_already_active,1785296284.1198447,1785296284119844554,1384952336542611,6.8,53.3671875,-1.0,0,0
2026-07-28T23:38:04.120,10.42.0.210,10.42.0.1,77,3,UPLOAD,0.95,UPLOAD,0.95,1,1448,100.0,46,0.0,66608.0,0,46,0.0,1.0,0.001156139109830023,0,0,1,1,1,1,1,1,0.9699999999999999,1.0,1.0,1.0,0.8,skip,attack_already_active,1785296284.1204946,1785296284120494466,1384952337192512,6.8,53.3671875,-1.0,0,0
2026-07-28T23:38:04.121,10.42.0.210,10.42.0.1,77,3,UPLOAD,0.95,UPLOAD,0.95,1,1448,100.0,47,0.0,68056.0,0,47,0.0,1.0,0.0011250295543213805,0,0,1,1,1,1,1,1,0.9699999999999999,1.0,1.0,1.0,0.8,skip,attack_already_active,1785296284.1214147,1785296284121414552,1384952338112613,6.8,53.3671875,-1.0,0,0
2026-07-28T23:38:04.122,10.42.0.210,10.42.0.1,77,3,UPLOAD,0.95,UPLOAD,0.95,1,1448,100.0,48,0.0,69504.0,0,48,0.0,1.0,0.0011066906688885218,0,0,1,1,1,1,1,1,0.9699999999999999,1.0,1.0,1.0,0.8,skip,attack_already_active,1785296284.1224005,1785296284122400450,1384952339098765,6.8,53.3671875,-1.0,0,0
2026-07-28T23:38:04.123,10.42.0.210,10.42.0.1,77,3,UPLOAD,0.95,UPLOAD,0.95,1,1448,100.0,49,0.0,70952.0,0,49,0.0,1.0,0.001085490243431221,0,0,1,1,1,1,1,1,0.9699999999999999,1.0,1.0,1.0,0.8,skip,attack_already_active,1785296284.1233463,1785296284123346328,1384952340044583,6.8,53.3671875,-1.0,0,0
2026-07-28T23:38:04.124,10.42.0.210,10.42.0.1,77,3,UPLOAD,0.95,UPLOAD,0.95,1,1448,100.0,50,0.0,72400.0,0,50,0.0,1.0,0.0010923745654728358,0,0,1,1,1,1,1,1,0.9699999999999999,1.0,1.0,1.0,0.8,skip,attack_already_active,1785296284.124484,1785296284124483987,1384952341182495,6.8,53.3671875,-1.0,0,0
2026-07-28T23:38:04.126,10.42.0.210,10.42.0.1,77,3,UPLOAD,0.95,UPLOAD,0.95,1,1448,100.0,51,0.0,73848.0,0,51,0.0,1.0,0.0011500648843648395,0,0,1,1,1,1,1,1,0.9699999999999999,1.0,1.0,1.0,0.8,skip,attack_already_active,1785296284.1260142,1785296284126014181,1384952342712890,6.8,53.3671875,-1.0,0,0
2026-07-28T23:38:04.127,10.42.0.210,10.42.0.1,77,3,UPLOAD,0.95,UPLOAD,0.95,1,1448,100.0,52,0.0,75296.0,0,52,0.0,1.0,0.0011386376631378964,0,0,1,1,1,1,1,1,0.9699999999999999,1.0,1.0,1.0,0.8,skip,attack_already_active,1785296284.1270776,1785296284127077506,1384952343776179,6.8,53.3671875,-1.0,0,0
2026-07-28T23:38:04.128,10.42.0.210,10.42.0.1,77,3,UPLOAD,0.95,UPLOAD,0.95,1,1448,100.0,53,0.0,76744.0,0,53,0.0,1.0,0.0011948186392257078,0,0,1,1,1,1,1,1,0.9699999999999999,1.0,1.0,1.0,0.8,skip,attack_already_active,1785296284.1286426,1785296284128642668,1384952345341364,6.8,53.3671875,-1.0,0,0
2026-07-28T23:38:04.129,10.42.0.210,10.42.0.1,77,3,UPLOAD,0.95,UPLOAD,0.95,1,1448,100.0,54,0.0,78192.0,0,54,0.0,1.0,0.0011721530438519908,0,0,1,1,1,1,1,1,0.9699999999999999,1.0,1.0,1.0,0.8,skip,attack_already_active,1785296284.1296654,1785296284129665254,1384952346363841,6.8,53.3671875,-1.0,0,0
2026-07-28T23:38:04.131,10.42.0.210,10.42.0.1,77,3,UPLOAD,0.9619025190672973,UPLOAD,0.9619025190672973,1,1338,100.0,55,0.0,79530.0,0,55,0.0,1.0,0.001213455527073793,0,0,1,1,1,1,1,1,0.9699999999999999,1.0,1.0,1.0,0.8,skip,attack_already_active,1785296284.131151,1785296284131150934,1384952347849500,6.8,53.3671875,-1.0,0,0
2026-07-28T23:38:04.145,10.42.0.1,10.42.0.1,78,3,UPLOAD,0.9585104515012657,UPLOAD,0.9585104515012657,1,7240,100.0,1,0.0,7240.0,0,1,0.0,1.0,0.043706623067190135,1,0,1,1,1,1,1,1,0.9699999999999999,1.0,1.0,1.0,0.8,skip,attack_already_active,1785296284.1456735,1785296284145673390,1384952362371890,6.8,53.3671875,-1.0,0,0
2026-07-28T23:38:04.146,10.42.0.1,10.42.0.1,78,3,UPLOAD,0.9784370372232523,UPLOAD,0.9784370372232523,1,7240,100.0,2,0.0,14480.0,0,2,0.0,1.0,0.038044348883150975,1,0,1,1,1,1,1,1,0.9699999999999999,1.0,1.0,1.0,0.8,skip,attack_already_active,1785296284.1464107,1785296284146410779,1384952363108973,6.8,53.3671875,-1.0,0,0
2026-07-28T23:38:04.169,10.42.0.1,10.42.0.1,78,3,UPLOAD,0.980001216245327,UPLOAD,0.980001216245327,1,1448,100.0,3,0.0,15928.0,0,3,0.0,1.0,0.036121581267217984,1,0,1,1,1,1,1,1,0.9699999999999999,1.0,1.0,1.0,0.8,skip,attack_already_active,1785296284.1698637,1785296284169863738,1384952386563277,6.8,53.3671875,-1.0,0,0
2026-07-28T23:38:04.182,10.42.0.1,10.42.0.1,78,3,UPLOAD,0.9807072862655204,UPLOAD,0.9807072862655204,1,10136,100.0,4,0.0,26064.0,0,4,0.0,1.0,0.03303252359095653,1,0,1,1,1,1,1,1,0.9699999999999999,1.0,1.0,1.0,0.8,skip,attack_already_active,1785296284.1825433,1785296284182543235,1384952399241762,65.3,53.3671875,-1.0,0,0
2026-07-28T23:38:04.183,10.42.0.1,10.42.0.1,78,3,UPLOAD,0.9813490877764339,UPLOAD,0.9813490877764339,1,14480,100.0,5,0.0,40544.0,0,5,0.0,1.0,0.02885093703430227,1,0,1,1,1,1,1,1,0.9699999999999999,1.0,1.0,1.0,0.8,skip,attack_already_active,1785296284.183843,1785296284183842828,1384952400541106,65.3,53.3671875,-1.0,0,0
2026-07-28T23:38:04.184,10.42.0.1,10.42.0.1,78,3,UPLOAD,0.9818893897268459,UPLOAD,0.9818893897268459,1,5792,100.0,6,0.0,46336.0,0,6,0.0,1.0,0.025137937353095247,1,0,1,1,1,1,1,1,0.9699999999999999,1.0,1.0,1.0,0.8,skip,attack_already_active,1785296284.184517,1785296284184516938,1384952401215325,65.3,53.3671875,-1.0,0,0
2026-07-28T23:38:04.185,10.42.0.1,10.42.0.1,78,3,UPLOAD,0.9824677422345783,UPLOAD,0.9824677422345783,1,14480,100.0,7,0.0,60816.0,0,7,0.0,1.0,0.02194767585040259,1,0,1,1,1,1,1,1,0.9699999999999999,1.0,1.0,1.0,0.8,skip,attack_already_active,1785296284.1854448,1785296284185444782,1384952402142901,65.3,53.3671875,-1.0,0,0
2026-07-28T23:38:04.186,10.42.0.1,10.42.0.1,78,3,UPLOAD,0.9829910264322247,UPLOAD,0.9829910264322247,1,18714,100.0,8,0.0,79530.0,0,8,0.0,1.0,0.019217144049496683,1,0,1,1,1,1,1,1,0.9699999999999999,1.0,1.0,1.0,0.8,skip,attack_already_active,1785296284.1866713,1785296284186671270,1384952403369428,65.3,53.3671875,-1.0,0,0
2026-07-28T23:38:04.292,10.42.0.145,10.42.0.1,35,3,UPLOAD,0.9854688349332961,UPLOAD,0.9854688349332961,0,39,1.0,0,0.0,0.0,0,0,0.0,0.0,0.2730987181434891,0,0,1,0,0,0,0,0,0.4375,0.05,1.0,0.0,0.8,skip,attack_already_active,1785296284.2929533,1785296284292953294,1384952509651926,65.3,53.3671875,-1.0,0,0
2026-07-28T23:38:04.945,10.42.0.1,10.42.0.1,78,3,UPLOAD,0.9821364227371207,UPLOAD,0.9821364227371207,0,43,100.0,8,0.0,79530.0,0,8,0.0,1.0,0.02254869953841361,1,0,1,0,0,0,0,0,0.45499999999999996,0.1,1.0,0.0,0.8,skip,attack_already_active,1785296284.9455004,1785296284945500303,1384953162198905,13.1,53.3671875,-1.0,0,0
2026-07-28T23:38:04.953,10.42.0.18,10.42.0.1,57,3,UPLOAD,0.9841010226033655,UPLOAD,0.9841010226033655,0,39,1.0,0,0.0,0.0,0,0,0.0,0.0,0.4969472952589111,0,0,1,0,0,0,0,0,0.4375,0.05,1.0,0.0,0.8,skip,attack_already_active,1785296284.9537773,1785296284953777384,1384953170476057,13.1,53.3671875,-1.0,0,0
2026-07-28T23:38:06.145,10.42.0.47,10.42.0.1|10.42.0.47,78,3,UPLOAD,0.95,UPLOAD,0.95,1,7240,100.0,1,0.0,7240.0,0,1,0.0,1.0,0.3153843994726716,1,0,0,1,1,1,1,1,0.9699999999999999,1.0,1.0,1.0,0.8,trigger,training_upload_trigger_confirmed,1785296286.1455624,1785296286145562469,1384954362260475,7.4,53.3671875,6.659757,1785296286152222970,1384954368920232
2026-07-28T23:38:06.146,10.42.0.47,10.42.0.1|10.42.0.47,78,3,UPLOAD,0.9563273945627796,UPLOAD,0.9563273945627796,1,2896,100.0,2,0.0,10136.0,0,2,0.0,1.0,0.27391058891054837,1,0,1,1,1,1,1,1,0.9699999999999999,1.0,1.0,1.0,0.8,skip,attack_already_active,1785296286.1462135,1785296286146213526,1384954362913390,7.4,53.3671875,-1.0,0,0
2026-07-28T23:38:06.147,10.42.0.47,10.42.0.1|10.42.0.47,78,3,UPLOAD,0.9579657319415283,UPLOAD,0.9579657319415283,1,4344,100.0,3,0.0,14480.0,0,3,0.0,1.0,0.2379962829836394,1,0,1,1,1,1,1,1,0.9699999999999999,1.0,1.0,1.0,0.8,skip,attack_already_active,1785296286.1475804,1785296286147580331,1384954364279001,7.4,53.3671875,-1.0,0,0
2026-07-28T23:38:06.152,10.42.0.47,10.42.0.1|10.42.0.47,78,3,UPLOAD,0.959119616474187,UPLOAD,0.959119616474187,1,11584,100.0,4,0.0,26064.0,0,4,0.0,1.0,0.2073283985538582,1,0,1,1,1,1,1,1,0.9699999999999999,1.0,1.0,1.0,0.8,skip,attack_already_active,1785296286.1528466,1785296286152846557,1384954369545124,7.4,53.3671875,-1.0,0,0
2026-07-28T23:38:06.153,10.42.0.47,10.42.0.1|10.42.0.47,78,3,UPLOAD,0.9604419243139933,UPLOAD,0.9604419243139933,1,5792,100.0,5,0.0,31856.0,0,5,0.0,1.0,0.18009961085110923,1,0,1,1,1,1,1,1,0.9699999999999999,1.0,1.0,1.0,0.8,skip,attack_already_active,1785296286.1535432,1785296286153543213,1384954370241514,7.4,53.3671875,-1.0,0,0
2026-07-28T23:38:06.155,10.42.0.47,10.42.0.1|10.42.0.47,78,3,UPLOAD,0.9616084477470362,UPLOAD,0.9616084477470362,1,2896,100.0,6,0.0,34752.0,0,6,0.0,1.0,0.15667151569915755,1,0,1,1,1,1,1,1,0.9699999999999999,1.0,1.0,1.0,0.8,skip,attack_already_active,1785296286.1558535,1785296286155853602,1384954372552082,7.4,53.3671875,-1.0,0,0
2026-07-28T23:38:06.156,10.42.0.47,10.42.0.1|10.42.0.47,78,3,UPLOAD,0.9630527495220397,UPLOAD,0.9630527495220397,1,5792,100.0,7,0.0,40544.0,0,7,0.0,1.0,0.13611659803834886,1,0,1,1,1,1,1,1,0.9699999999999999,1.0,1.0,1.0,0.8,skip,attack_already_active,1785296286.1565394,1785296286156539516,1384954373237866,7.4,53.3671875,-1.0,0,0
2026-07-28T23:38:06.158,10.42.0.47,10.42.0.1|10.42.0.47,78,3,UPLOAD,0.9643206268451948,UPLOAD,0.9643206268451948,1,2896,100.0,8,0.0,43440.0,0,8,0.0,1.0,0.1184115467305851,1,0,1,1,1,1,1,1,0.9699999999999999,1.0,1.0,1.0,0.8,skip,attack_already_active,1785296286.1582973,1785296286158297396,1384954374995726,7.4,53.3671875,-1.0,0,0
2026-07-28T23:38:06.159,10.42.0.47,10.42.0.1|10.42.0.47,78,3,UPLOAD,0.9665132035269606,UPLOAD,0.9665132035269606,1,15928,100.0,9,0.0,59368.0,0,9,0.0,1.0,0.10290240042904861,1,0,1,1,1,1,1,1,0.9699999999999999,1.0,1.0,1.0,0.8,skip,attack_already_active,1785296286.1590142,1785296286159014058,1384954375712239,7.4,53.3671875,-1.0,0,0
2026-07-28T23:38:06.162,10.42.0.47,10.42.0.1|10.42.0.47,78,3,UPLOAD,0.9680469403839234,UPLOAD,0.9680469403839234,1,7240,100.0,10,0.0,66608.0,0,10,0.0,1.0,0.08977155982189453,1,0,1,1,1,1,1,1,0.9699999999999999,1.0,1.0,1.0,0.8,skip,attack_already_active,1785296286.1622703,1785296286162270180,1384954378968911,7.4,53.3671875,-1.0,0,0
2026-07-28T23:38:06.163,10.42.0.47,10.42.0.1|10.42.0.47,78,3,UPLOAD,0.9688094140080907,UPLOAD,0.9688094140080907,1,11584,100.0,11,0.0,78192.0,0,11,0.0,1.0,0.07807513891867769,1,0,1,1,1,1,1,1,0.9699999999999999,1.0,1.0,1.0,0.8,skip,attack_already_active,1785296286.163281,1785296286163280945,1384954379979527,7.4,53.3671875,-1.0,0,0
2026-07-28T23:38:06.164,10.42.0.47,10.42.0.1|10.42.0.47,78,3,UPLOAD,0.9532798012211537,UPLOAD,0.9532798012211537,1,1337,100.0,12,0.0,79529.0,0,12,0.0,1.0,0.06799459276804079,1,0,1,1,1,1,1,1,0.9699999999999999,1.0,1.0,1.0,0.8,skip,attack_already_active,1785296286.1648576,1785296286164857568,1384954381556593,7.4,53.3671875,-1.0,0,0
2026-07-28T23:38:06.165,10.42.0.1,10.42.0.1|10.42.0.47,78,3,UPLOAD,0.9790655324591262,UPLOAD,0.9790655324591262,1,7240,100.0,1,0.0,7240.0,0,1,0.0,1.0,0.02269723822870751,1,0,1,1,1,1,1,1,0.9699999999999999,1.0,1.0,1.0,0.8,skip,attack_already_active,1785296286.1659875,1785296286165987677,1384954382687209,7.4,53.3671875,-1.0,0,0
2026-07-28T23:38:06.167,10.42.0.1,10.42.0.1|10.42.0.47,78,3,UPLOAD,0.9797812651287333,UPLOAD,0.9797812651287333,1,7240,100.0,2,0.0,14480.0,0,2,0.0,1.0,0.0198617125822185,1,0,1,1,1,1,1,1,0.9699999999999999,1.0,1.0,1.0,0.8,skip,attack_already_active,1785296286.1671667,1785296286167166746,1384954383866346,7.4,53.3671875,-1.0,0,0
2026-07-28T23:38:06.168,10.42.0.1,10.42.0.1|10.42.0.47,78,3,UPLOAD,0.9804015278906579,UPLOAD,0.9804015278906579,1,10136,100.0,3,0.0,24616.0,0,3,0.0,1.0,0.01745626261850105,1,0,1,1,1,1,1,1,0.9699999999999999,1.0,1.0,1.0,0.8,skip,attack_already_active,1785296286.1687741,1785296286168774110,1384954385474544,7.4,53.3671875,-1.0,0,0
2026-07-28T23:38:06.169,10.42.0.1,10.42.0.1|10.42.0.47,78,3,UPLOAD,0.9805688400320557,UPLOAD,0.9805688400320557,1,4344,100.0,4,0.0,28960.0,0,4,0.0,1.0,0.015304420485539797,1,0,1,1,1,1,1,1,0.9699999999999999,1.0,1.0,1.0,0.8,skip,attack_already_active,1785296286.1699007,1785296286169900481,1384954386599506,7.4,53.3671875,-1.0,0,0
2026-07-28T23:38:06.171,10.42.0.1,10.42.0.1|10.42.0.47,78,3,UPLOAD,0.9805519840554551,UPLOAD,0.9805519840554551,1,14480,100.0,5,0.0,43440.0,0,5,0.0,1.0,0.013448797451653153,1,0,1,1,1,1,1,1,0.9699999999999999,1.0,1.0,1.0,0.8,skip,attack_already_active,1785296286.1711233,1785296286171123215,1384954387821456,7.4,53.3671875,-1.0,0,0
2026-07-28T23:38:06.172,10.42.0.1,10.42.0.1|10.42.0.47,78,3,UPLOAD,0.9805893137779774,UPLOAD,0.9805893137779774,1,14480,100.0,6,0.0,57920.0,0,6,0.0,1.0,0.011799400247244084,1,0,1,1,1,1,1,1,0.9699999999999999,1.0,1.0,1.0,0.8,skip,attack_already_active,1785296286.1720552,1785296286172055349,1384954388753449,7.4,53.3671875,-1.0,0,0
2026-07-28T23:38:06.173,10.42.0.1,10.42.0.1|10.42.0.47,78,3,UPLOAD,0.9807545737068982,UPLOAD,0.9807545737068982,1,5792,100.0,7,0.0,63712.0,0,7,0.0,1.0,0.010398266285170172,1,0,1,1,1,1,1,1,0.9699999999999999,1.0,1.0,1.0,0.8,skip,attack_already_active,1785296286.1732218,1785296286173222010,1384954389920413,7.4,53.3671875,-1.0,0,0
2026-07-28T23:38:06.173,10.42.0.1,10.42.0.1|10.42.0.47,78,3,UPLOAD,0.9810181029461217,UPLOAD,0.9810181029461217,1,8688,100.0,8,0.0,72400.0,0,8,0.0,1.0,0.009120376247582457,1,0,1,1,1,1,1,1,0.9699999999999999,1.0,1.0,1.0,0.8,skip,attack_already_active,1785296286.1739225,1785296286173922625,1384954390620861,7.4,53.3671875,-1.0,0,0
2026-07-28T23:38:06.174,10.42.0.1,10.42.0.1|10.42.0.47,78,3,UPLOAD,0.9812747064345609,UPLOAD,0.9812747064345609,1,7129,100.0,9,0.0,79529.0,0,9,0.0,1.0,0.00803419126222157,1,0,1,1,1,1,1,1,0.9699999999999999,1.0,1.0,1.0,0.8,skip,attack_already_active,1785296286.1748002,1785296286174800031,1384954391498057,7.4,53.3671875,-1.0,0,0
2026-07-28T23:38:06.469,10.42.0.1,10.42.0.47,79,1,DOWNLOAD,0.9794956145510787,DOWNLOAD,0.9794956145510787,-1,1448,54.923342504196576,10,1448.0,79529.0,1,9,0.017881620707114364,0.9821183792928856,0.04972773918454762,0,0,0,0,1,0,0,0,0.44,0.8500000000000001,0.0,0.6000000000000001,0.15,skip,training_upload_trigger_not_confirmed,1785296286.469117,1785296286469116954,1384954685815653,7.4,53.3671875,-1.0,0,0
2026-07-28T23:38:06.470,10.42.0.1,10.42.0.47,79,1,DOWNLOAD,0.95,DOWNLOAD,0.95,-1,5792,10.984668506908193,11,7240.0,79529.0,2,9,0.08343993822678607,0.9165600617732139,0.04341099514379725,0,0,0,0,1,0,0,0,0.44,0.8500000000000001,0.0,0.6000000000000001,0.15,skip,training_upload_trigger_not_confirmed,1785296286.4709086,1785296286470908690,1384954687608300,7.4,53.3671875,-1.0,0,0
2026-07-28T23:38:06.471,10.42.0.1,10.42.0.47,79,1,DOWNLOAD,0.95,DOWNLOAD,0.95,-1,7240,5.492334253833402,12,14480.0,79529.0,3,9,0.15402780584837622,0.8459721941516238,0.03781479045895156,0,0,0,0,1,0,0,0,0.44,0.8500000000000001,0.0,0.6000000000000001,0.15,skip,training_upload_trigger_not_confirmed,1785296286.4718516,1785296286471851428,1384954688550235,7.4,53.3671875,-1.0,0,0
2026-07-28T23:38:06.472,10.42.0.1,10.42.0.47,79,1,DOWNLOAD,0.95,DOWNLOAD,0.95,-1,7240,3.6615561693065577,13,21720.0,79529.0,4,9,0.21452063724086165,0.7854793627591383,0.03294791696342253,0,0,0,0,1,0,0,0,0.44,0.8500000000000001,0.0,0.6000000000000001,0.15,skip,training_upload_trigger_not_confirmed,1785296286.472733,1785296286472732842,1384954689431015,7.4,53.3671875,-1.0,0,0
2026-07-28T23:38:06.473,10.42.0.1,10.42.0.47,79,1,DOWNLOAD,0.95,DOWNLOAD,0.95,-1,7240,2.7461671270115273,14,28960.0,79529.0,5,9,0.266939505387643,0.733060494612357,0.028701574764597237,0,0,0,0,1,0,0,0,0.4,0.8500000000000001,0.0,0.4,0.15,skip,training_upload_trigger_not_confirmed,1785296286.4734566,1785296286473456758,1384954690154969,7.4,53.3671875,-1.0,0,0
2026-07-28T23:38:06.476,10.42.0.1,10.42.0.47,79,1,DOWNLOAD,0.95,DOWNLOAD,0.95,-1,7240,2.1969337016243937,15,36200.0,79529.0,6,9,0.31279973040465225,0.6872002695953477,0.02532133242138312,0,0,0,0,1,0,0,0,0.4,0.8500000000000001,0.0,0.4,0.15,skip,training_upload_trigger_not_confirmed,1785296286.4765065,1785296286476506270,1384954693204803,7.4,53.3671875,-1.0,0,0
2026-07-28T23:38:06.477,10.42.0.1,10.42.0.47,79,1,DOWNLOAD,0.95,DOWNLOAD,0.95,-1,7240,1.8307780846954238,16,43440.0,79529.0,7,9,0.35325976465613285,0.6467402353438672,0.022107846655436872,0,0,0,0,1,0,0,0,0.4,0.8500000000000001,0.0,0.4,0.15,skip,training_upload_trigger_not_confirmed,1785296286.4774415,1785296286477441472,1384954694147555,35.6,53.3671875,-1.0,0,0
2026-07-28T23:38:06.479,10.42.0.1,10.42.0.47,79,1,DOWNLOAD,0.95,DOWNLOAD,0.95,-1,7240,1.569238358315524,17,50680.0,79529.0,8,9,0.3892204071915152,0.6107795928084848,0.01943635442736991,0,0,0,0,1,0,0,0,0.4,0.8500000000000001,0.0,0.4,0.15,skip,training_upload_trigger_not_confirmed,1785296286.4792762,1785296286479276239,1384954695975050,35.6,53.3671875,-1.0,0,0
2026-07-28T23:38:06.480,10.42.0.1,10.42.0.47,79,1,DOWNLOAD,0.95,DOWNLOAD,0.95,-1,7240,1.37308356352947,18,57920.0,79529.0,9,9,0.42139266200554387,0.5786073379944561,0.01699037847008235,0,0,0,0,1,0,0,0,0.32,0.8500000000000001,0.0,0.0,0.15,skip,training_upload_trigger_not_confirmed,1785296286.4801507,1785296286480150779,1384954696849342,35.6,53.3671875,-1.0,0,0
2026-07-28T23:38:06.481,10.42.0.1,10.42.0.47,79,1,DOWNLOAD,0.95,DOWNLOAD,0.95,-1,14480,1.0984668508273692,19,72400.0,79529.0,10,9,0.47653838306050855,0.5234616169394914,0.014886198533831867,0,0,0,0,1,0,0,0,0.30250000000000005,0.8000000000000002,0.0,0.0,0.15,skip,training_upload_trigger_not_confirmed,1785296286.481173,1785296286481172943,1384954697872162,35.6,53.3671875,-1.0,0,0
2026-07-28T23:38:06.482,10.42.0.1,10.42.0.47,79,1,DOWNLOAD,0.95,DOWNLOAD,0.95,-1,14480,0.9153890423582483,20,86880.0,79529.0,11,9,0.5220871467288428,0.47791285327115723,0.013059578548248765,0,0,0,0,1,0,0,0,0.30250000000000005,0.8000000000000002,0.0,0.0,0.15,skip,training_upload_trigger_not_confirmed,1785296286.4821975,1785296286482197579,1384954698895957,35.6,53.3671875,-1.0,0,0
2026-07-28T23:38:06.482,10.42.0.1,10.42.0.47,79,1,DOWNLOAD,0.95,DOWNLOAD,0.95,-1,4344,0.8717990879607143,21,91224.0,79529.0,12,9,0.5342453719700386,0.4657546280299614,0.011439226881097874,0,0,0,0,1,0,0,0,0.30250000000000005,0.8000000000000002,0.0,0.0,0.15,skip,training_upload_trigger_not_confirmed,1785296286.4829607,1785296286482960764,1384954699659074,35.6,53.3671875,-1.0,0,0
2026-07-28T23:38:06.483,10.42.0.1,10.42.0.47,79,1,DOWNLOAD,0.95,DOWNLOAD,0.95,-1,14480,0.7523745553644859,22,105704.0,79529.0,13,9,0.5706542570708243,0.4293457429291757,0.010033495805991215,0,0,0,0,1,0,0,0,0.28500000000000003,0.7500000000000001,0.0,0.0,0.15,skip,training_upload_trigger_not_confirmed,1785296286.4837322,1785296286483732144,1384954700430450,35.6,53.3671875,-1.0,0,0
2026-07-28T23:38:06.484,10.42.0.1,10.42.0.47,79,1,DOWNLOAD,0.95,DOWNLOAD,0.95,-1,14480,0.6617270185743382,23,120184.0,79529.0,14,9,0.6017835594077501,0.39821644059224987,0.008818785013181204,0,0,0,0,1,0,0,0,0.28500000000000003,0.7500000000000001,0.0,0.0,0.15,skip,training_upload_trigger_not_confirmed,1785296286.4845476,1785296286484547695,1384954701246429,35.6,53.3671875,-1.0,0,0
2026-07-28T23:38:06.485,10.42.0.1,10.42.0.47,79,1,DOWNLOAD,0.95,DOWNLOAD,0.95,-1,14480,0.5905735757174109,24,134664.0,79529.0,15,9,0.6287040192723385,0.3712959807276615,0.007812085166761431,0,0,0,0,1,0,0,0,0.28500000000000003,0.7500000000000001,0.0,0.0,0.15,skip,training_upload_trigger_not_confirmed,1785296286.4857268,1785296286485726652,1384954702425043,35.6,53.3671875,-1.0,0,0
2026-07-28T23:38:06.486,10.42.0.1,10.42.0.47,79,1,DOWNLOAD,0.95,DOWNLOAD,0.95,-1,21720,0.508549467979406,25,156384.0,79529.0,16,9,0.6628884376867744,0.33711156231322564,0.006949352951211832,0,0,0,0,1,0,0,0,0.28500000000000003,0.7500000000000001,0.0,0.0,0.15,skip,training_upload_trigger_not_confirmed,1785296286.486992,1785296286486991758,1384954703690812,35.6,53.3671875,-1.0,0,0
2026-07-28T23:38:06.487,10.42.0.1,10.42.0.47,79,1,DOWNLOAD,0.95,DOWNLOAD,0.95,-1,14024,0.4666975728870317,26,170408.0,79529.0,17,9,0.6818038145612695,0.31819618543873057,0.006137534686815037,0,0,0,0,1,0,0,0,0.28500000000000003,0.7500000000000001,0.0,0.0,0.15,skip,training_upload_trigger_not_confirmed,1785296286.4877806,1785296286487780599,1384954704479013,35.6,53.3671875,-1.0,0,0
2026-07-28T23:38:06.488,10.42.0.1,10.42.0.47,79,1,DOWNLOAD,0.95,DOWNLOAD,0.95,-1,10136,0.4404964994713726,27,180544.0,79529.0,18,9,0.6942050885712857,0.30579491142871423,0.005424367710334482,0,0,0,0,1,0,0,0,0.28500000000000003,0.7500000000000001,0.0,0.0,0.15,skip,training_upload_trigger_not_confirmed,1785296286.488506,1785296286488506027,1384954705204287,35.6,53.3671875,-1.0,0,0
2026-07-28T23:38:06.489,10.42.0.1,10.42.0.47,79,1,DOWNLOAD,0.95,DOWNLOAD,0.95,-1,14480,0.4077908360027084,28,195024.0,79529.0,19,9,0.7103327954893955,0.2896672045106045,0.004806340380156072,0,0,0,0,1,0,0,0,0.28500000000000003,0.7500000000000001,0.0,0.0,0.15,skip,training_upload_trigger_not_confirmed,1785296286.4892404,1785296286489240415,1384954705938833,35.6,53.3671875,-1.0,0,0
2026-07-28T23:38:06.490,10.42.0.1,10.42.0.47,79,1,DOWNLOAD,0.95,DOWNLOAD,0.95,-1,4344,0.3989055415141903,29,199368.0,79529.0,20,9,0.7148445483458051,0.2851554516541949,0.004304626677695446,0,0,0,0,1,0,0,0,0.28500000000000003,0.7500000000000001,0.0,0.0,0.15,skip,training_upload_trigger_not_confirmed,1785296286.4902394,1785296286490239546,1384954706938134,35.6,53.3671875,-1.0,0,0
2026-07-28T23:38:06.491,10.42.0.1,10.42.0.47,79,1,DOWNLOAD,0.95,DOWNLOAD,0.95,-1,18824,0.36449090709391496,30,218192.0,79529.0,21,9,0.7328740666597251,0.26712593334027496,0.0038913638612848695,0,0,0,0,1,0,0,0,0.28500000000000003,0.7500000000000001,0.0,0.0,0.15,skip,training_upload_trigger_not_confirmed,1785296286.4914079,1785296286491407975,1384954708107656,35.6,53.3671875,-1.0,0,0
2026-07-28T23:38:06.492,10.42.0.1,10.42.0.47,79,1,DOWNLOAD,0.95,DOWNLOAD,0.95,-1,10136,0.3483103254995081,31,228328.0,79529.0,22,9,0.7416690216561586,0.25833097834384144,0.003527186143621111,0,0,0,0,1,0,0,0,0.28500000000000003,0.7500000000000001,0.0,0.0,0.15,skip,training_upload_trigger_not_confirmed,1785296286.4925356,1785296286492535540,1384954709233881,35.6,53.3671875,-1.0,0,0
2026-07-28T23:38:06.493,10.42.0.1,10.42.0.47,79,1,DOWNLOAD,0.95,DOWNLOAD,0.95,-1,6810,0.33822266073821233,32,235138.0,79529.0,23,9,0.747259801631566,0.2527401983684339,0.0032139824119997358,0,0,0,0,1,0,0,0,0.28500000000000003,0.7500000000000001,0.0,0.0,0.15,skip,training_upload_trigger_not_confirmed,1785296286.493686,1785296286493686116,1384954710384515,35.6,53.3671875,-1.0,0,0
2026-07-28T23:38:06.495,10.42.0.47,10.42.0.47,79,1,DOWNLOAD,0.95,DOWNLOAD,0.95,-1,7240,10.984668506908193,13,7240.0,79529.0,1,12,0.08343993822678607,0.9165600617732139,0.061620488667013425,0,0,0,0,1,0,0,0,0.44,0.8500000000000001,0.0,0.6000000000000001,0.15,skip,training_upload_trigger_not_confirmed,1785296286.4952705,1785296286495270522,1384954711969872,35.6,53.3671875,-1.0,0,0
2026-07-28T23:38:06.496,10.42.0.47,10.42.0.47,79,1,DOWNLOAD,0.9632659552484952,DOWNLOAD,0.9632659552484952,-1,5792,6.102593615323618,14,13032.0,79529.0,2,12,0.140793638789555,0.859206361210445,0.05364968312665357,0,0,0,0,1,0,0,0,0.44,0.8500000000000001,0.0,0.6000000000000001,0.15,skip,training_upload_trigger_not_confirmed,1785296286.4964027,1785296286496402594,1384954713101319,35.6,53.3671875,-1.0,0,0
2026-07-28T23:38:06.497,10.42.0.1,10.42.0.47,79,1,DOWNLOAD,0.95,DOWNLOAD,0.95,-1,21720,0.3096224373026745,33,256858.0,79529.0,24,9,0.7635788541174302,0.23642114588256977,0.00330061865335224,0,0,0,0,1,0,0,0,0.28500000000000003,0.7500000000000001,0.0,0.0,0.15,skip,training_upload_trigger_not_confirmed,1785296286.4975574,1785296286497557605,1384954714257992,35.6,53.3671875,-1.0,0,0
2026-07-28T23:38:06.499,10.42.0.1,10.42.0.47,79,1,DOWNLOAD,0.95,DOWNLOAD,0.95,-1,14024,0.29359278209960943,34,270882.0,79529.0,25,9,0.7730408006597966,0.22695919934020337,0.0031591520793572323,0,0,0,0,1,0,0,0,0.28500000000000003,0.7500000000000001,0.0,0.0,0.15,skip,training_upload_trigger_not_confirmed,1785296286.4997845,1785296286499784448,1384954716483235,35.6,53.3671875,-1.0,0,0
2026-07-28T23:38:06.500,10.42.0.210,10.42.0.47,78,1,DOWNLOAD,0.9846684406530131,DOWNLOAD,0.9846684406530131,-1,7240,1.381215469422484e-10,1,7240.0,0.0,1,0,1.0,0.0,0.04811524397766537,0,0,0,0,0,0,0,0,0.0225,0.0,0.0,0.0,0.15,skip,training_upload_trigger_not_confirmed,1785296286.5008633,1785296286500863339,1384954717561668,35.6,53.3671875,-1.0,0,0
2026-07-28T23:38:06.501,10.42.0.210,10.42.0.47,78,1,DOWNLOAD,0.95,DOWNLOAD,0.95,-1,7240,6.90607734758936e-11,2,14480.0,0.0,2,0,1.0,0.0,0.04187202611506252,0,0,0,0,0,0,0,0,0.0225,0.0,0.0,0.0,0.15,skip,training_upload_trigger_not_confirmed,1785296286.5016005,1785296286501600390,1384954718298713,35.6,53.3671875,-1.0,0,0
2026-07-28T23:38:06.502,10.42.0.1,10.42.0.47,79,1,DOWNLOAD,0.95,DOWNLOAD,0.95,-1,21720,0.2717992358245268,35,292602.0,79529.0,26,9,0.7862876245193225,0.2137123754806775,0.0031073621139222725,0,0,0,0,1,0,0,0,0.28500000000000003,0.7500000000000001,0.0,0.0,0.15,skip,training_upload_trigger_not_confirmed,1785296286.5025506,1785296286502550454,1384954719249641,35.6,53.3671875,-1.0,0,0
2026-07-28T23:38:06.503,10.42.0.145,10.42.0.47,36,1,DOWNLOAD,0.95,DOWNLOAD,0.95,-1,7300,1.3698630135109776e-10,1,7300.0,0.0,1,0,1.0,0.0,0.2924874813798437,0,0,0,0,0,0,0,0,0.0225,0.0,0.0,0.0,0.15,skip,training_upload_trigger_not_confirmed,1785296286.5033185,1785296286503318582,1384954720017137,35.6,53.3671875,-1.0,0,0
2026-07-28T23:38:06.504,10.42.0.145,10.42.0.47,36,1,DOWNLOAD,0.95,DOWNLOAD,0.95,-1,7300,6.84931506802402e-11,2,14600.0,0.0,2,0,1.0,0.0,0.2540630401199628,0,0,0,0,0,0,0,0,0.0225,0.0,0.0,0.0,0.15,skip,training_upload_trigger_not_confirmed,1785296286.5042136,1785296286504213412,1384954720914147,35.6,53.3671875,-1.0,0,0
2026-07-28T23:38:06.505,10.42.0.1,10.42.0.47,79,1,DOWNLOAD,0.95,DOWNLOAD,0.95,-1,18824,0.2553704571896522,36,311426.0,79529.0,27,9,0.7965776112340295,0.20342238876597052,0.0031093344611966664,0,0,0,0,1,0,0,0,0.28500000000000003,0.7500000000000001,0.0,0.0,0.15,skip,training_upload_trigger_not_confirmed,1785296286.505673,1785296286505672872,1384954722372212,35.6,53.3671875,-1.0,0,0
2026-07-28T23:38:06.506,10.42.0.1,10.42.0.47,79,1,DOWNLOAD,0.95,DOWNLOAD,0.95,-1,16920,0.24221096039165327,37,328346.0,79529.0,28,9,0.805016242721422,0.194983757278578,0.002829106423486799,0,0,0,0,1,0,0,0,0.28500000000000003,0.7500000000000001,0.0,0.0,0.15,skip,training_upload_trigger_not_confirmed,1785296286.5066557,1785296286506655708,1384954723354933,35.6,53.3671875,-1.0,0,0
2026-07-28T23:38:06.507,10.42.0.59,10.42.0.47,32,2,TRAINING,0.95,TRAINING,0.95,-1,7300,1.3698630135109776e-10,1,7300.0,0.0,1,0,1.0,0.0,0.8660771623544045,0,0,0,0,0,0,0,0,0.0225,0.0,0.0,0.0,0.15,skip,training_upload_trigger_not_confirmed,1785296286.507908,1785296286507908118,1384954724607279,35.6,53.3671875,-1.0,0,0
2026-07-28T23:38:06.508,10.42.0.59,10.42.0.47,32,2,TRAINING,0.95,TRAINING,0.95,-1,7300,6.84931506802402e-11,2,14600.0,0.0,2,0,1.0,0.0,0.7520703505533322,0,0,0,0,0,0,0,0,0.0225,0.0,0.0,0.0,0.15,skip,training_upload_trigger_not_confirmed,1785296286.508819,1785296286508819226,1384954725518069,35.6,53.3671875,-1.0,0,0
2026-07-28T23:38:06.509,10.42.0.145,10.42.0.47,36,1,DOWNLOAD,0.95,DOWNLOAD,0.95,-1,14600,3.424657534129292e-11,3,29200.0,0.0,3,0,1.0,0.0,0.22133407892555934,0,0,0,0,0,0,0,0,0.0225,0.0,0.0,0.0,0.15,skip,training_upload_trigger_not_confirmed,1785296286.5099056,1785296286509905756,1384954726604350,35.6,53.3671875,-1.0,0,0
2026-07-28T23:38:06.510,10.42.0.145,10.42.0.47,36,1,DOWNLOAD,0.9515155389899367,DOWNLOAD,0.9515155389899367,-1,14600,2.2831050227789245e-11,4,43800.0,0.0,4,0,1.0,0.0,0.19228543104925958,0,0,0,0,0,0,0,0,0.0225,0.0,0.0,0.0,0.15,skip,training_upload_trigger_not_confirmed,1785296286.5107975,1785296286510797575,1384954727496259,35.6,53.3671875,-1.0,0,0
2026-07-28T23:38:06.513,10.42.0.47,10.42.0.47,79,1,DOWNLOAD,0.95,DOWNLOAD,0.95,-1,2896,4.9930311398798946,15,15928.0,79529.0,3,12,0.16686047120693087,0.8331395287930692,0.04888418273330879,0,0,0,0,1,0,0,0,0.26749999999999996,0.7,0.0,0.0,0.15,skip,training_upload_trigger_not_confirmed,1785296286.5138884,1785296286513888169,1384954730586951,35.6,53.3671875,-1.0,0,0
2026-07-28T23:38:06.514,10.42.0.47,10.42.0.47,79,1,DOWNLOAD,0.95,DOWNLOAD,0.95,-1,5792,3.6615561693065577,16,21720.0,79529.0,4,12,0.21452063724086165,0.7854793627591383,0.042542591617922204,0,0,0,0,1,0,0,0,0.26749999999999996,0.7,0.0,0.0,0.15,skip,training_upload_trigger_not_confirmed,1785296286.514648,1785296286514648088,1384954731346400,35.6,53.3671875,-1.0,0,0
2026-07-28T23:38:06.516,10.42.0.47,10.42.0.47,79,1,DOWNLOAD,0.95,DOWNLOAD,0.95,-1,7240,2.7461671270115273,17,28960.0,79529.0,5,12,0.266939505387643,0.733060494612357,0.03713044148564015,0,0,0,0,0,0,0,0,0.057499999999999996,0.1,0.0,0.0,0.15,skip,training_upload_trigger_not_confirmed,1785296286.5161192,1785296286516119174,1384954732817529,35.6,53.3671875,-1.0,0,0
2026-07-28T23:38:06.517,10.42.0.18,10.42.0.47,57,1,DOWNLOAD,0.95,DOWNLOAD,0.95,-1,14600,6.84931506802402e-11,1,14600.0,0.0,1,0,1.0,0.0,0.5914114616091604,0,0,0,0,0,0,0,0,0.0225,0.0,0.0,0.0,0.15,skip,already_attacked_this_round,1785296286.5173886,1785296286517388633,1384954734086988,35.6,53.3671875,-1.0,0,0
2026-07-28T23:38:06.518,10.42.0.18,10.42.0.47,57,1,DOWNLOAD,0.95,DOWNLOAD,0.95,-1,14600,3.424657534129292e-11,2,29200.0,0.0,2,0,1.0,0.0,0.5136117719602369,0,0,0,0,0,0,0,0,0.0225,0.0,0.0,0.0,0.15,skip,already_attacked_this_round,1785296286.5183997,1785296286518399841,1384954735098152,35.6,53.3671875,-1.0,0,0
2026-07-28T23:38:06.519,10.42.0.18,10.42.0.47,57,1,DOWNLOAD,0.95,DOWNLOAD,0.95,-1,6184,2.8261361066350288e-11,3,35384.0,0.0,3,0,1.0,0.0,0.4461377062460514,0,0,0,0,0,0,0,0,0.0225,0.0,0.0,0.0,0.15,skip,already_attacked_this_round,1785296286.5199695,1785296286519969541,1384954736668596,35.6,53.3671875,-1.0,0,0
2026-07-28T23:38:06.521,10.42.0.59,10.42.0.47,32,2,TRAINING,0.95,TRAINING,0.95,-1,14600,3.424657534129292e-11,3,29200.0,0.0,3,0,1.0,0.0,0.6545934139810918,0,0,0,0,0,0,0,0,0.0225,0.0,0.0,0.0,0.15,skip,training_upload_trigger_not_confirmed,1785296286.521164,1785296286521164058,1384954737862330,35.6,53.3671875,-1.0,0,0
2026-07-28T23:38:06.521,10.42.0.59,10.42.0.47,32,2,TRAINING,0.95,TRAINING,0.95,-1,14600,2.2831050227789245e-11,4,43800.0,0.0,4,0,1.0,0.0,0.568434182328664,0,0,0,0,0,0,0,0,0.0225,0.0,0.0,0.0,0.15,skip,training_upload_trigger_not_confirmed,1785296286.5219188,1785296286521918753,1384954738617129,35.6,53.3671875,-1.0,0,0
2026-07-28T23:38:06.522,10.42.0.145,10.42.0.47,36,1,DOWNLOAD,0.9643166708039154,DOWNLOAD,0.9643166708039154,-1,14600,1.7123287670939668e-11,5,58400.0,0.0,5,0,1.0,0.0,0.16854787262267407,0,0,0,0,0,0,0,0,0.0225,0.0,0.0,0.0,0.15,skip,training_upload_trigger_not_confirmed,1785296286.5229452,1785296286522945378,1384954739644036,35.6,53.3671875,-1.0,0,0
2026-07-28T23:38:06.523,10.42.0.210,10.42.0.47,78,1,DOWNLOAD,0.9557926560077417,DOWNLOAD,0.9557926560077417,-1,1448,6.278252134211561e-11,3,15928.0,0.0,3,0,1.0,0.0,0.03926365233127646,0,0,0,0,0,0,0,0,0.0225,0.0,0.0,0.0,0.15,skip,training_upload_trigger_not_confirmed,1785296286.5236783,1785296286523678191,1384954740376364,35.6,53.3671875,-1.0,0,0
2026-07-28T23:38:06.524,10.42.0.145,10.42.0.47,36,1,DOWNLOAD,0.9739365248744857,DOWNLOAD,0.9739365248744857,-1,20784,1.2628813901638856e-11,6,79184.0,0.0,6,0,1.0,0.0,0.14656326943043244,0,0,0,0,0,0,0,0,0.0225,0.0,0.0,0.0,0.15,skip,training_upload_trigger_not_confirmed,1785296286.524658,1785296286524658003,1384954741356410,35.6,53.3671875,-1.0,0,0
2026-07-28T23:38:06.525,10.42.0.210,10.42.0.47,78,1,DOWNLOAD,0.9846998846180315,DOWNLOAD,0.9846998846180315,-1,10136,3.8367096376674066e-11,4,26064.0,0.0,4,0,1.0,0.0,0.03436705893031717,0,0,0,0,0,0,0,0,0.0225,0.0,0.0,0.0,0.15,skip,training_upload_trigger_not_confirmed,1785296286.525783,1785296286525783008,1384954742481573,35.6,53.3671875,-1.0,0,0
2026-07-28T23:38:06.526,10.42.0.210,10.42.0.47,78,1,DOWNLOAD,0.9854895428954357,DOWNLOAD,0.9854895428954357,-1,14480,2.4664561956771294e-11,5,40544.0,0.0,5,0,1.0,0.0,0.029982501401610812,0,0,0,0,0,0,0,0,0.0225,0.0,0.0,0.0,0.15,skip,training_upload_trigger_not_confirmed,1785296286.526877,1785296286526876827,1384954743575316,35.6,53.3671875,-1.0,0,0
2026-07-28T23:38:06.529,10.42.0.59,10.42.0.47,32,2,TRAINING,0.95,TRAINING,0.95,-1,24820,1.4573010783815608e-11,5,68620.0,0.0,5,0,1.0,0.0,0.49456308206635774,0,0,0,0,0,0,0,0,0.0225,0.0,0.0,0.0,0.15,skip,training_upload_trigger_not_confirmed,1785296286.5297656,1785296286529765572,1384954746465538,35.6,53.3671875,-1.0,0,0
2026-07-28T23:38:06.530,10.42.0.59,10.42.0.47,32,2,TRAINING,0.9533070323595492,TRAINING,0.9533070323595492,-1,10564,1.2628813901638856e-11,6,79184.0,0.0,6,0,1.0,0.0,0.42952817525308007,0,0,0,0,0,0,0,0,0.0225,0.0,0.0,0.0,0.15,skip,training_upload_trigger_not_confirmed,1785296286.5307968,1785296286530796815,1384954747496954,35.6,53.3671875,-1.0,0,0
2026-07-28T23:38:06.531,10.42.0.210,10.42.0.47,78,1,DOWNLOAD,0.9855083405864443,DOWNLOAD,0.9855083405864443,-1,2896,2.3020257826357728e-11,6,43440.0,0.0,6,0,1.0,0.0,0.02666947375310418,0,0,0,0,0,0,0,0,0.0225,0.0,0.0,0.0,0.15,skip,training_upload_trigger_not_confirmed,1785296286.5317178,1785296286531717765,1384954748416411,35.6,53.3671875,-1.0,0,0
2026-07-28T23:38:06.532,10.42.0.210,10.42.0.47,78,1,DOWNLOAD,0.9855087208476458,DOWNLOAD,0.9855087208476458,-1,2896,2.158149171224142e-11,7,46336.0,0.0,7,0,1.0,0.0,0.02330724146240119,0,0,0,0,0,0,0,0,0.0225,0.0,0.0,0.0,0.15,skip,training_upload_trigger_not_confirmed,1785296286.5328722,1785296286532872134,1384954749570788,35.6,53.3671875,-1.0,0,0
2026-07-28T23:38:06.534,10.42.0.210,10.42.0.47,78,1,DOWNLOAD,0.9855087261970161,DOWNLOAD,0.9855087261970161,-1,14480,1.6443041304649383e-11,8,60816.0,0.0,8,0,1.0,0.0,0.020389730672271372,0,0,0,0,0,0,0,0,0.0225,0.0,0.0,0.0,0.15,skip,training_upload_trigger_not_confirmed,1785296286.5340393,1785296286534039274,1384954750737557,35.6,53.3671875,-1.0,0,0
2026-07-28T23:38:06.535,10.42.0.210,10.42.0.47,78,1,DOWNLOAD,0.9855087261721334,DOWNLOAD,0.9855087261721334,-1,5792,1.5013211626005687e-11,9,66608.0,0.0,9,0,1.0,0.0,0.01786327098783108,0,0,0,0,0,0,0,0,0.0225,0.0,0.0,0.0,0.15,skip,training_upload_trigger_not_confirmed,1785296286.5352564,1785296286535256295,1384954751954651,35.6,53.3671875,-1.0,0,0
2026-07-28T23:38:06.536,10.42.0.210,10.42.0.47,78,1,DOWNLOAD,0.9855087261660103,DOWNLOAD,0.9855087261660103,-1,12576,1.2628813901638856e-11,10,79184.0,0.0,10,0,1.0,0.0,0.015651700551776886,0,0,0,0,0,0,0,0,0.0225,0.0,0.0,0.0,0.15,skip,training_upload_trigger_not_confirmed,1785296286.5363367,1785296286536336631,1384954753034940,35.6,53.3671875,-1.0,0,0
2026-07-28T23:38:06.542,10.42.0.47,10.42.0.47,79,1,DOWNLOAD,0.95,DOWNLOAD,0.95,-1,1448,2.6153972638248026,18,30408.0,79529.0,6,12,0.2765947770086504,0.7234052229913496,0.03572286418796732,0,0,0,0,0,0,0,0,0.057499999999999996,0.1,0.0,0.0,0.15,skip,training_upload_trigger_not_confirmed,1785296286.542568,1785296286542567921,1384954759266789,35.6,53.3671875,-1.0,0,0
2026-07-28T23:38:06.543,10.42.0.47,10.42.0.47,79,1,DOWNLOAD,0.95,DOWNLOAD,0.95,-1,5792,2.1969337016243937,19,36200.0,79529.0,7,12,0.31279973040465225,0.6872002695953477,0.031136365787781554,0,0,0,0,0,0,0,0,0.057499999999999996,0.1,0.0,0.0,0.15,skip,training_upload_trigger_not_confirmed,1785296286.5434852,1785296286543485131,1384954760184724,35.6,53.3671875,-1.0,0,0
2026-07-28T23:38:06.544,10.42.0.47,10.42.0.47,79,1,DOWNLOAD,0.95,DOWNLOAD,0.95,-1,7240,1.8307780846954238,20,43440.0,79529.0,8,12,0.35325976465613285,0.6467402353438672,0.02720747199172302,0,0,0,0,0,0,0,0,0.057499999999999996,0.1,0.0,0.0,0.15,skip,training_upload_trigger_not_confirmed,1785296286.5448062,1785296286544806120,1384954761505448,35.6,53.3671875,-1.0,0,0
2026-07-28T23:38:06.546,10.42.0.47,10.42.0.47,79,1,DOWNLOAD,0.95,DOWNLOAD,0.95,-1,1448,1.7717207271259194,21,44888.0,79529.0,9,12,0.36078670921176365,0.6392132907882363,0.023805794168009188,0,0,0,0,0,0,0,0,0.057499999999999996,0.1,0.0,0.0,0.15,skip,training_upload_trigger_not_confirmed,1785296286.5461993,1785296286546199291,1384954762897789,35.6,53.3671875,-1.0,0,0
2026-07-28T23:38:06.547,10.42.0.47,10.42.0.47,79,1,DOWNLOAD,0.95,DOWNLOAD,0.95,-1,2896,1.6643437133629593,22,47784.0,79529.0,10,12,0.3753269501150707,0.6246730498849292,0.020894375805414568,0,0,0,0,0,0,0,0,0.057499999999999996,0.1,0.0,0.0,0.15,skip,training_upload_trigger_not_confirmed,1785296286.5479112,1785296286547911144,1384954764609664,35.6,53.3671875,-1.0,0,0
2026-07-28T23:38:06.548,10.42.0.47,10.42.0.47,79,1,DOWNLOAD,0.95,DOWNLOAD,0.95,-1,2896,1.569238358315524,23,50680.0,79529.0,11,12,0.3892204071915152,0.6107795928084848,0.018236256919768545,0,0,0,0,0,0,0,0,0.057499999999999996,0.1,0.0,0.0,0.15,skip,training_upload_trigger_not_confirmed,1785296286.5486338,1785296286548633867,1384954765332190,35.6,53.3671875,-1.0,0,0
2026-07-28T23:38:06.549,10.42.0.47,10.42.0.47,79,1,DOWNLOAD,0.95,DOWNLOAD,0.95,-1,7240,1.37308356352947,24,57920.0,79529.0,12,12,0.42139266200554387,0.5786073379944561,0.01601320602111868,0,0,0,0,0,0,0,0,0.057499999999999996,0.1,0.0,0.0,0.15,skip,training_upload_trigger_not_confirmed,1785296286.55,1785296286549999985,1384954766698723,35.6,53.3671875,-1.0,0,0
2026-07-28T23:38:06.552,10.42.0.47,10.42.0.47,79,1,DOWNLOAD,0.95,DOWNLOAD,0.95,-1,2896,1.307698631933904,25,60816.0,79529.0,13,12,0.4333321457836047,0.5666678542163953,0.01421878857680059,0,0,0,0,0,0,0,0,0.057499999999999996,0.1,0.0,0.0,0.15,skip,training_upload_trigger_not_confirmed,1785296286.5523958,1785296286552395833,1384954769094281,35.6,53.3671875,-1.0,0,0
2026-07-28T23:38:06.553,10.42.0.47,10.42.0.47,79,1,DOWNLOAD,0.95,DOWNLOAD,0.95,-1,2896,1.2482577850287502,26,63712.0,79529.0,14,12,0.44478885235372556,0.5552111476462744,0.012442760798134299,0,0,0,0,0,0,0,0,0.057499999999999996,0.1,0.0,0.0,0.15,skip,training_upload_trigger_not_confirmed,1785296286.5531368,1785296286553136935,1384954769835084,35.6,53.3671875,-1.0,0,0
2026-07-28T23:38:06.553,10.42.0.47,10.42.0.47,79,1,DOWNLOAD,0.95,DOWNLOAD,0.95,-1,1448,1.2205187231396482,27,65160.0,79529.0,15,12,0.4503452232028696,0.5496547767971304,0.010915565770392145,0,0,0,0,0,0,0,0,0.057499999999999996,0.1,0.0,0.0,0.15,skip,training_upload_trigger_not_confirmed,1785296286.5539901,1785296286553990203,1384954770689350,35.6,53.3671875,-1.0,0,0
2026-07-28T23:38:06.554,10.42.0.47,10.42.0.47,79,1,DOWNLOAD,0.95,DOWNLOAD,0.95,-1,4344,1.1442363029445177,28,69504.0,79529.0,16,12,0.4663665094307972,0.5336334905692028,0.009575352519514715,0,0,0,0,0,0,0,0,0.039999999999999994,0.05,0.0,0.0,0.15,skip,training_upload_trigger_not_confirmed,1785296286.5547352,1785296286554735046,1384954771433474,35.6,53.3671875,-1.0,0,0
2026-07-28T23:38:06.555,10.42.0.47,10.42.0.47,79,1,DOWNLOAD,0.95,DOWNLOAD,0.95,-1,2896,1.0984668508273692,29,72400.0,79529.0,17,12,0.47653838306050855,0.5234616169394914,0.008407692302706016,0,0,0,0,0,0,0,0,0.039999999999999994,0.05,0.0,0.0,0.15,skip,training_upload_trigger_not_confirmed,1785296286.5554495,1785296286555449647,1384954772147844,35.6,53.3671875,-1.0,0,0
2026-07-28T23:38:06.556,10.42.0.47,10.42.0.47,79,1,DOWNLOAD,0.95,DOWNLOAD,0.95,-1,4344,1.0362894819134227,30,76744.0,79529.0,18,12,0.49108931165332464,0.5089106883466754,0.0073896271131926854,0,0,0,0,0,0,0,0,0.039999999999999994,0.05,0.0,0.0,0.15,skip,training_upload_trigger_not_confirmed,1785296286.5561314,1785296286556131305,1384954772829741,35.6,53.3671875,-1.0,0,0
2026-07-28T23:38:06.559,10.42.0.47,10.42.0.47,79,1,DOWNLOAD,0.95,DOWNLOAD,0.95,-1,1448,1.0170989359523084,31,78192.0,79529.0,19,12,0.495761502907032,0.504238497092968,0.006881815595574274,0,0,0,0,0,0,0,0,0.039999999999999994,0.05,0.0,0.0,0.15,skip,training_upload_trigger_not_confirmed,1785296286.5596673,1785296286559667421,1384954776365852,35.6,53.3671875,-1.0,0,0
2026-07-28T23:38:06.560,10.42.0.47,10.42.0.47,79,1,DOWNLOAD,0.95,DOWNLOAD,0.95,-1,1005,1.004192077982699,32,79197.0,79529.0,20,12,0.4989541725993221,0.5010458274006779,0.006075441107362815,0,0,0,0,0,0,0,0,0.039999999999999994,0.05,0.0,0.0,0.15,skip,training_upload_trigger_not_confirmed,1785296286.5604298,1785296286560429950,1384954777128324,35.6,53.3671875,-1.0,0,0
2026-07-28T23:38:06.852,10.42.0.145,10.42.0.47,36,2,TRAINING,0.95,TRAINING,0.95,1,64240,0.811275005053909,7,79184.0,64240.0,6,1,0.5520972780008925,0.4479027219991075,0.22834841220084784,0,0,0,0,1,0,0,0,0.4525,1.0,0.0,0.4,0.15,skip,training_upload_trigger_not_confirmed,1785296286.8521912,1785296286852191152,1384955068890258,35.6,53.3671875,-1.0,0,0
2026-07-28T23:38:06.853,10.42.0.145,10.42.0.47,36,3,UPLOAD,0.95,UPLOAD,0.95,1,15316,1.0046979187714096,8,79184.0,79556.0,6,2,0.4988282726470959,0.5011717273529042,0.19842946093418584,0,0,0,1,1,1,1,1,0.85,1.0,1.0,0.4,0.8,trigger,training_upload_trigger_confirmed,1785296286.853493,1785296286853493100,1384955070191634,35.6,53.3671875,51.189154,1785296286904683527,1384955121380788
2026-07-28T23:38:06.856,10.42.0.1,10.42.0.47,79,2,TRAINING,0.95,TRAINING,0.95,1,7240,0.26426087115645,38,328346.0,86769.0,28,10,0.790975994603905,0.20902400539609506,0.0026125729809174237,0,0,0,0,1,0,0,0,0.4525,1.0,0.0,0.4,0.15,skip,training_upload_trigger_not_confirmed,1785296286.8563442,1785296286856344279,1384955073042887,35.6,53.3671875,-1.0,0,0
2026-07-28T23:38:06.857,10.42.0.1,10.42.0.1,79,3,UPLOAD,0.95,UPLOAD,0.95,1,5792,0.2819007997682874,39,328346.0,92561.0,28,11,0.7800915641697572,0.21990843583024278,0.0023814997504297926,1,0,0,1,1,1,1,1,0.9699999999999999,1.0,1.0,1.0,0.8,trigger,training_upload_trigger_confirmed,1785296286.8572032,1785296286857203189,1384955073901473,35.6,53.3671875,62.4855,1785296286919689692,1384955136386973
2026-07-28T23:38:06.858,10.42.0.1,10.42.0.1,79,3,UPLOAD,0.95,UPLOAD,0.95,1,2896,0.2907207640742061,40,328346.0,95457.0,28,12,0.7747609148590264,0.22523908514097352,0.002199380968809105,1,0,1,1,1,1,1,1,0.9699999999999999,1.0,1.0,1.0,0.8,skip,attack_already_active,1785296286.8582027,1785296286858202551,1384955074900952,35.6,53.3671875,-1.0,0,0
2026-07-28T23:38:06.859,10.42.0.1,10.42.0.1,79,3,UPLOAD,0.95,UPLOAD,0.95,1,11584,0.3260006212978809,41,328346.0,107041.0,28,13,0.7541474596163873,0.24585254038361273,0.0020961471332657396,1,0,1,1,1,1,1,1,0.9699999999999999,1.0,1.0,1.0,0.8,skip,attack_already_active,1785296286.8596187,1785296286859618488,1384955076316885,35.6,53.3671875,-1.0,0,0
2026-07-28T23:38:06.860,10.42.0.1,10.42.0.1,79,3,UPLOAD,0.95,UPLOAD,0.95,1,2896,0.33482058560379957,42,328346.0,109937.0,28,14,0.749164352712745,0.25083564728725505,0.0019175739911235358,1,0,1,1,1,1,1,1,0.9699999999999999,1.0,1.0,1.0,0.8,skip,attack_already_active,1785296286.8603597,1785296286860359734,1384955077058380,35.6,53.3671875,-1.0,0,0
2026-07-28T23:38:06.861,10.42.0.1,10.42.0.1,79,3,UPLOAD,0.95,UPLOAD,0.95,1,11584,0.37010044282747434,43,328346.0,121521.0,28,15,0.7298734959443569,0.2701265040556431,0.001767967454245414,1,0,1,1,1,1,1,1,0.9699999999999999,1.0,1.0,1.0,0.8,skip,attack_already_active,1785296286.861142,1785296286861142031,1384955077840679,35.6,53.3671875,-1.0,0,0
2026-07-28T23:38:06.862,10.42.0.1,10.42.0.1,79,3,UPLOAD,0.95,UPLOAD,0.95,1,5792,0.3877403714393117,44,328346.0,127313.0,28,16,0.7205958842028798,0.2794041157971202,0.001678038275899727,1,0,1,1,1,1,1,1,0.9699999999999999,1.0,1.0,1.0,0.8,skip,attack_already_active,1785296286.8622274,1785296286862227559,1384955078925895,35.6,53.3671875,-1.0,0,0
2026-07-28T23:38:06.863,10.42.0.1,10.42.0.1,79,3,UPLOAD,0.95,UPLOAD,0.95,1,14480,0.43184019296890525,45,328346.0,141793.0,28,17,0.6984019619729485,0.3015980380270516,0.001597980165917604,1,0,1,1,1,1,1,1,0.9699999999999999,1.0,1.0,1.0,0.8,skip,attack_already_active,1785296286.863298,1785296286863297942,1384955079996612,35.6,53.3671875,-1.0,0,0
2026-07-28T23:38:06.864,10.42.0.1,10.42.0.1,79,3,UPLOAD,0.95,UPLOAD,0.95,1,8688,0.4583000858866613,46,328346.0,150481.0,28,18,0.6857299191566056,0.31427008084339436,0.001537394235627809,1,0,1,1,1,1,1,1,0.9699999999999999,1.0,1.0,1.0,0.8,skip,attack_already_active,1785296286.8644361,1785296286864436224,1384955081134682,35.6,53.3671875,-1.0,0,0
2026-07-28T23:38:06.866,10.42.0.1,10.42.0.1,79,3,UPLOAD,0.95,UPLOAD,0.95,1,5792,0.4759400144984987,47,328346.0,156273.0,28,19,0.6775343104583188,0.3224656895416812,0.00163697826503775,1,0,1,1,1,1,1,1,0.9699999999999999,1.0,1.0,1.0,0.8,skip,attack_already_active,1785296286.8667293,1785296286866729203,1384955083427851,35.6,53.3671875,-1.0,0,0
2026-07-28T23:38:06.867,10.42.0.1,10.42.0.1,79,3,UPLOAD,0.95,UPLOAD,0.95,1,2799,0.4844645587292537,48,328346.0,159072.0,28,20,0.6736435667127599,0.3263564332872401,0.001541783783202307,1,0,1,1,1,1,1,1,0.9699999999999999,1.0,1.0,1.0,0.8,skip,attack_already_active,1785296286.8676438,1785296286867643964,1384955084342391,35.6,53.3671875,-1.0,0,0
2026-07-28T23:38:06.910,10.42.0.59,10.42.0.1,32,3,UPLOAD,0.95,UPLOAD,0.95,1,59860,0.7559608001647308,7,79184.0,59860.0,6,1,0.5694887949138402,0.43051120508615975,0.5990755446444758,0,0,0,1,1,1,1,1,0.9699999999999999,1.0,1.0,1.0,0.8,trigger,training_upload_trigger_confirmed,1785296286.9100437,1785296286910043629,1384955126742409,35.6,53.3671875,73.695177,1785296286983740322,1384955200437586
2026-07-28T23:38:06.911,10.42.0.59,10.42.0.1,32,3,UPLOAD,0.9841010226033655,UPLOAD,0.9841010226033655,1,19695,1.004685289957508,8,79184.0,79555.0,6,2,0.4988314150901795,0.5011685849098205,0.520381320934784,0,0,1,1,1,1,1,1,0.9699999999999999,1.0,1.0,1.0,0.8,skip,attack_already_active,1785296286.9119306,1785296286911930551,1384955128629684,35.6,53.3671875,-1.0,0,0
2026-07-28T23:38:06.913,10.42.0.1,10.42.0.1,79,3,UPLOAD,0.95,UPLOAD,0.95,1,7240,0.5065144694940504,49,328346.0,166312.0,28,21,0.6637838668332464,0.3362161331667536,0.0016202737668209418,1,0,1,1,1,1,1,1,0.9699999999999999,1.0,1.0,1.0,0.8,skip,attack_already_active,1785296286.913133,1785296286913132677,1384955129831445,35.6,53.3671875,-1.0,0,0
2026-07-28T23:38:06.914,10.42.0.1,10.42.0.1,79,3,UPLOAD,0.95,UPLOAD,0.95,1,5792,0.5241543981058878,50,328346.0,172104.0,28,22,0.656101508642222,0.343898491357778,0.0015301080847092995,1,0,1,1,1,1,1,1,0.9699999999999999,1.0,1.0,1.0,0.8,skip,attack_already_active,1785296286.914069,1785296286914069074,1384955130767741,35.6,53.3671875,-1.0,0,0
2026-07-28T23:38:06.915,10.42.0.18,10.42.0.1,57,2,TRAINING,0.95,TRAINING,0.95,1,64240,1.815509834930604,4,35384.0,64240.0,3,1,0.35517545972857945,0.6448245402714206,0.5997271495186626,0,0,0,0,1,1,0,0,0.5725,1.0,0.0,1.0,0.15,skip,already_attacked_this_round,1785296286.915988,1785296286915988029,1384955132687876,35.6,53.3671875,-1.0,0,0
2026-07-28T23:38:06.917,10.42.0.18,10.42.0.1,57,3,UPLOAD,0.95,UPLOAD,0.95,1,13140,2.1868641193424465,5,35384.0,77380.0,3,2,0.3137880883970061,0.6862119116029939,0.5208785393954235,0,0,0,1,1,1,1,1,0.9699999999999999,1.0,1.0,1.0,0.8,skip,already_attacked_this_round,1785296286.9173548,1785296286917354627,1384955134054256,95.3,53.3671875,-1.0,0,0
2026-07-28T23:38:06.920,10.42.0.18,10.42.0.1,57,3,UPLOAD,0.9841010226033655,UPLOAD,0.9841010226033655,1,2175,2.2483325796617586,6,35384.0,79555.0,3,3,0.3078502510027058,0.6921497489972942,0.4526552914181839,0,0,0,1,1,1,1,1,0.9699999999999999,1.0,1.0,1.0,0.8,skip,already_attacked_this_round,1785296286.920506,1785296286920506174,1384955137206622,95.3,53.3671875,-1.0,0,0
2026-07-28T23:38:06.922,10.42.0.1,10.42.0.1,79,3,UPLOAD,0.95,UPLOAD,0.95,1,7240,0.5462043088706846,51,328346.0,179344.0,28,23,0.6467450609623984,0.3532549390376017,0.0017877710683186316,1,0,1,1,1,1,1,1,0.9699999999999999,1.0,1.0,1.0,0.8,skip,attack_already_active,1785296286.9227102,1785296286922710316,1384955139410922,95.3,53.3671875,-1.0,0,0
2026-07-28T23:38:06.924,10.42.0.1,10.42.0.1,79,3,UPLOAD,0.95,UPLOAD,0.95,1,5792,0.563844237482522,52,328346.0,185136.0,28,24,0.639449873608033,0.360550126391967,0.0017400650255061244,1,0,1,1,1,1,1,1,0.9699999999999999,1.0,1.0,1.0,0.8,skip,attack_already_active,1785296286.924136,1785296286924135818,1384955140834707,95.3,53.3671875,-1.0,0,0
2026-07-28T23:38:06.925,10.42.0.1,10.42.0.1,79,3,UPLOAD,0.95,UPLOAD,0.95,1,14480,0.6079440590121155,53,328346.0,199616.0,28,25,0.6219121830737818,0.3780878169262182,0.0016799834370667354,1,0,1,1,1,1,1,1,0.9699999999999999,1.0,1.0,1.0,0.8,skip,attack_already_active,1785296286.92542,1785296286925420160,1384955142119507,95.3,53.3671875,-1.0,0,0
2026-07-28T23:38:06.926,10.42.0.1,10.42.0.1,79,3,UPLOAD,0.95,UPLOAD,0.95,1,14480,0.6520438805417089,54,328346.0,214096.0,28,26,0.6053107982051538,0.3946892017948463,0.0016258083492048082,1,0,1,1,1,1,1,1,0.9699999999999999,1.0,1.0,1.0,0.8,skip,attack_already_active,1785296286.926689,1785296286926688954,1384955143388782,95.3,53.3671875,-1.0,0,0
2026-07-28T23:38:06.928,10.42.0.1,10.42.0.1,79,3,UPLOAD,0.95,UPLOAD,0.95,1,2896,0.6608638448476276,55,328346.0,216992.0,28,27,0.6020963145792151,0.3979036854207849,0.001618546686485917,1,0,1,1,1,1,1,1,0.9699999999999999,1.0,1.0,1.0,0.8,skip,attack_already_active,1785296286.9282596,1785296286928259674,1384955144958046,95.3,53.3671875,-1.0,0,0
2026-07-28T23:38:06.929,10.42.0.1,10.42.0.1,79,3,UPLOAD,0.95,UPLOAD,0.95,1,11584,0.6961437020713024,56,328346.0,228576.0,28,28,0.589572687019008,0.41042731298099194,0.0015212254812895796,1,0,1,1,1,1,1,1,0.9699999999999999,1.0,1.0,1.0,0.8,skip,attack_already_active,1785296286.9291396,1785296286929139732,1384955145838548,95.3,53.3671875,-1.0,0,0
2026-07-28T23:38:06.930,10.42.0.1,10.42.0.1,79,3,UPLOAD,0.95,UPLOAD,0.95,1,2896,0.7049636663772211,57,328346.0,231472.0,28,29,0.5865227627550382,0.41347723724496177,0.0014434834847559489,1,0,1,1,1,1,1,1,0.9699999999999999,1.0,1.0,1.0,0.8,skip,attack_already_active,1785296286.9300709,1785296286930070706,1384955146770410,95.3,53.3671875,-1.0,0,0
2026-07-28T23:38:06.931,10.42.0.1,10.42.0.1,79,3,UPLOAD,0.95,UPLOAD,0.95,1,11584,0.7402435236008958,58,328346.0,243056.0,28,30,0.5746322203982486,0.4253677796017515,0.0014917907357332116,1,0,1,1,1,1,1,1,0.9699999999999999,1.0,1.0,1.0,0.8,skip,attack_already_active,1785296286.931881,1785296286931881055,1384955148579975,95.3,53.3671875,-1.0,0,0
2026-07-28T23:38:06.933,10.42.0.1,10.42.0.1,79,3,UPLOAD,0.95,UPLOAD,0.95,1,14480,0.7843433451304893,59,328346.0,257536.0,28,31,0.5604302572873036,0.4395697427126964,0.0014545602707166593,1,0,1,1,1,1,1,1,0.9699999999999999,1.0,1.0,1.0,0.8,skip,attack_already_active,1785296286.9330902,1785296286933090199,1384955149788809,95.3,53.3671875,-1.0,0,0
2026-07-28T23:38:06.934,10.42.0.1,10.42.0.1,79,3,UPLOAD,0.95,UPLOAD,0.95,1,14480,0.8284431666600829,60,328346.0,272016.0,28,32,0.5469133622714296,0.45308663772857044,0.0014214189759285125,1,0,1,1,1,1,1,1,0.9699999999999999,1.0,1.0,1.0,0.8,skip,attack_already_active,1785296286.9342933,1785296286934293164,1384955150991531,95.3,53.3671875,-1.0,0,0
2026-07-28T23:38:06.936,10.42.0.1,10.42.0.1,79,3,UPLOAD,0.95,UPLOAD,0.95,1,8590,0.85460459393489,61,328346.0,280606.0,28,33,0.5391984918351529,0.46080150816484716,0.001517843521872644,1,0,1,1,1,1,1,1,0.9699999999999999,1.0,1.0,1.0,0.8,skip,attack_already_active,1785296286.9364464,1785296286936446514,1384955153145168,95.3,53.3671875,-1.0,0,0
2026-07-28T23:38:06.937,10.42.0.1,10.42.0.1,79,3,UPLOAD,0.95,UPLOAD,0.95,1,5792,0.8722445225467274,62,328346.0,286398.0,28,34,0.5341182671160678,0.4658817328839322,0.0014382537050870968,1,0,1,1,1,1,1,1,0.9699999999999999,1.0,1.0,1.0,0.8,skip,attack_already_active,1785296286.9373603,1785296286937360335,1384955154058729,95.3,53.3671875,-1.0,0,0
2026-07-28T23:38:06.938,10.42.0.1,10.42.0.1,79,3,UPLOAD,0.95,UPLOAD,0.95,1,14480,0.9163443440763209,63,328346.0,300878.0,28,35,0.5218268851792048,0.47817311482079516,0.0014048420532385502,1,0,1,1,1,1,1,1,0.9699999999999999,1.0,1.0,1.0,0.8,skip,attack_already_active,1785296286.938545,1785296286938544845,1384955155243174,95.3,53.3671875,-1.0,0,0
2026-07-28T23:38:06.939,10.42.0.1,10.42.0.1,79,3,UPLOAD,0.95,UPLOAD,0.95,1,8688,0.942804236994077,64,328346.0,309566.0,28,36,0.5147198986694089,0.4852801013305911,0.0013726286209394213,1,0,1,1,1,1,1,1,0.9699999999999999,1.0,1.0,1.0,0.8,skip,attack_already_active,1785296286.9397054,1785296286939705223,1384955156403443,95.3,53.3671875,-1.0,0,0
2026-07-28T23:38:06.941,10.42.0.1,10.42.0.1,79,3,UPLOAD,0.95,UPLOAD,0.95,1,5792,0.9604441656059144,65,328346.0,315358.0,28,37,0.5100884878764153,0.48991151212358475,0.0013629450708664698,1,0,1,1,1,1,1,1,0.9699999999999999,1.0,1.0,1.0,0.8,skip,attack_already_active,1785296286.9410045,1785296286941004609,1384955157704439,95.3,53.3671875,-1.0,0,0
2026-07-28T23:38:06.942,10.42.0.1,10.42.0.1,79,3,UPLOAD,0.95,UPLOAD,0.95,1,2798,0.9689656642688842,66,328346.0,318156.0,28,38,0.507880872758321,0.49211912724167906,0.0013792317060059747,1,0,1,1,1,1,1,1,0.9699999999999999,1.0,1.0,1.0,0.8,skip,attack_already_active,1785296286.942491,1785296286942491065,1384955159191421,95.3,53.3671875,-1.0,0,0
2026-07-28T23:38:07.800,10.42.0.47,10.42.0.1|10.42.0.47,79,3,UPLOAD,0.95,UPLOAD,0.95,1,7240,100.0,1,0.0,7240.0,0,1,0.0,1.0,0.22078658694588071,1,0,0,1,1,1,1,1,0.9699999999999999,1.0,1.0,1.0,0.8,trigger,training_upload_trigger_confirmed,1785296287.8003166,1785296287800316652,1384956017015632,24.2,53.3671875,5.981622,1785296287806299999,1384956022997254
2026-07-28T23:38:07.801,10.42.0.47,10.42.0.1|10.42.0.47,79,3,UPLOAD,0.9556899777459259,UPLOAD,0.9556899777459259,1,1448,100.0,2,0.0,8688.0,0,2,0.0,1.0,0.19178975742376678,1,0,1,1,1,1,1,1,0.9699999999999999,1.0,1.0,1.0,0.8,skip,attack_already_active,1785296287.8010542,1785296287801054257,1384956017752413,24.2,53.3671875,-1.0,0,0
2026-07-28T23:38:07.802,10.42.0.47,10.42.0.1|10.42.0.47,79,3,UPLOAD,0.9569924359619119,UPLOAD,0.9569924359619119,1,5792,100.0,3,0.0,14480.0,0,3,0.0,1.0,0.166768103873233,1,0,1,1,1,1,1,1,0.9699999999999999,1.0,1.0,1.0,0.8,skip,attack_already_active,1785296287.8029616,1785296287802961549,1384956019659550,24.2,53.3671875,-1.0,0,0
2026-07-28T23:38:07.803,10.42.0.47,10.42.0.1|10.42.0.47,79,3,UPLOAD,0.957800399444252,UPLOAD,0.957800399444252,1,8688,100.0,4,0.0,23168.0,0,4,0.0,1.0,0.14491620470461505,1,0,1,1,1,1,1,1,0.9699999999999999,1.0,1.0,1.0,0.8,skip,attack_already_active,1785296287.8039017,1785296287803901707,1384956020599798,24.2,53.3671875,-1.0,0,0
2026-07-28T23:38:07.804,10.42.0.47,10.42.0.1|10.42.0.47,79,3,UPLOAD,0.9587316724424014,UPLOAD,0.9587316724424014,1,1448,100.0,5,0.0,24616.0,0,5,0.0,1.0,0.12594725244643698,1,0,1,1,1,1,1,1,0.9699999999999999,1.0,1.0,1.0,0.8,skip,attack_already_active,1785296287.8048677,1785296287804867828,1384956021565998,24.2,53.3671875,-1.0,0,0
2026-07-28T23:38:07.805,10.42.0.47,10.42.0.1|10.42.0.47,79,3,UPLOAD,0.9599588421968408,UPLOAD,0.9599588421968408,1,7240,100.0,6,0.0,31856.0,0,6,0.0,1.0,0.10944521819718103,1,0,1,1,1,1,1,1,0.9699999999999999,1.0,1.0,1.0,0.8,skip,attack_already_active,1785296287.8055856,1785296287805585682,1384956022284011,24.2,53.3671875,-1.0,0,0
2026-07-28T23:38:07.806,10.42.0.47,10.42.0.1|10.42.0.47,79,3,UPLOAD,0.9611832626192749,UPLOAD,0.9611832626192749,1,8688,100.0,7,0.0,40544.0,0,7,0.0,1.0,0.09520189817826893,1,0,1,1,1,1,1,1,0.9699999999999999,1.0,1.0,1.0,0.8,skip,attack_already_active,1785296287.8069422,1785296287806942295,1384956023640523,24.2,53.3671875,-1.0,0,0
2026-07-28T23:38:07.807,10.42.0.47,10.42.0.1|10.42.0.47,79,3,UPLOAD,0.9627349764820167,UPLOAD,0.9627349764820167,1,2896,100.0,8,0.0,43440.0,0,8,0.0,1.0,0.08279504978978813,1,0,1,1,1,1,1,1,0.9699999999999999,1.0,1.0,1.0,0.8,skip,attack_already_active,1785296287.807992,1785296287807992170,1384956024690774,24.2,53.3671875,-1.0,0,0
2026-07-28T23:38:07.808,10.42.0.47,10.42.0.1|10.42.0.47,79,3,UPLOAD,0.9642536917865728,UPLOAD,0.9642536917865728,1,5792,100.0,9,0.0,49232.0,0,9,0.0,1.0,0.07201745211033757,1,0,1,1,1,1,1,1,0.9699999999999999,1.0,1.0,1.0,0.8,skip,attack_already_active,1785296287.8089988,1785296287808998793,1384956025698410,24.2,53.3671875,-1.0,0,0
2026-07-28T23:38:07.810,10.42.0.47,10.42.0.1|10.42.0.47,79,3,UPLOAD,0.965690770432915,UPLOAD,0.965690770432915,1,8688,100.0,10,0.0,57920.0,0,10,0.0,1.0,0.06274699881151825,1,0,1,1,1,1,1,1,0.9699999999999999,1.0,1.0,1.0,0.8,skip,attack_already_active,1785296287.8106654,1785296287810665530,1384956027364403,24.2,53.3671875,-1.0,0,0
2026-07-28T23:38:07.812,10.42.0.47,10.42.0.1|10.42.0.47,79,3,UPLOAD,0.9671200384564625,UPLOAD,0.9671200384564625,1,2896,100.0,11,0.0,60816.0,0,11,0.0,1.0,0.05468052936438759,1,0,1,1,1,1,1,1,0.9699999999999999,1.0,1.0,1.0,0.8,skip,attack_already_active,1785296287.8121982,1785296287812198244,1384956028897027,24.2,53.3671875,-1.0,0,0
2026-07-28T23:38:07.813,10.42.0.47,10.42.0.1|10.42.0.47,79,3,UPLOAD,0.9684721717370464,UPLOAD,0.9684721717370464,1,5792,100.0,12,0.0,66608.0,0,12,0.0,1.0,0.047640004850306984,1,0,1,1,1,1,1,1,0.9699999999999999,1.0,1.0,1.0,0.8,skip,attack_already_active,1785296287.81345,1785296287813449999,1384956030148980,24.2,53.3671875,-1.0,0,0
2026-07-28T23:38:07.814,10.42.0.47,10.42.0.1|10.42.0.47,79,3,UPLOAD,0.9697442115320681,UPLOAD,0.9697442115320681,1,8688,100.0,13,0.0,75296.0,0,13,0.0,1.0,0.041544395659014445,1,0,1,1,1,1,1,1,0.9699999999999999,1.0,1.0,1.0,0.8,skip,attack_already_active,1785296287.8148322,1785296287814832080,1384956031530359,24.2,53.3671875,-1.0,0,0
2026-07-28T23:38:07.815,10.42.0.47,10.42.0.1|10.42.0.47,79,3,UPLOAD,0.9709185828375955,UPLOAD,0.9709185828375955,1,2896,100.0,14,0.0,78192.0,0,14,0.0,1.0,0.03619629751846467,1,0,1,1,1,1,1,1,0.9699999999999999,1.0,1.0,1.0,0.8,skip,attack_already_active,1785296287.8157914,1785296287815791318,1384956032489499,24.2,53.3671875,-1.0,0,0
2026-07-28T23:38:07.816,10.42.0.47,10.42.0.1|10.42.0.47,79,3,UPLOAD,0.9720177307717912,UPLOAD,0.9720177307717912,1,1363,100.0,15,0.0,79555.0,0,15,0.0,1.0,0.03151932546408676,1,0,1,1,1,1,1,1,0.9699999999999999,1.0,1.0,1.0,0.8,skip,attack_already_active,1785296287.8164954,1785296287816495463,1384956033193718,24.2,53.3671875,-1.0,0,0
2026-07-28T23:38:07.817,10.42.0.1,10.42.0.1|10.42.0.47,79,3,UPLOAD,0.9766857838144716,UPLOAD,0.9766857838144716,1,7240,100.0,30,0.0,245867.0,0,30,0.0,1.0,0.003227116327594038,1,0,1,1,1,1,1,1,0.9699999999999999,1.0,1.0,1.0,0.8,skip,attack_already_active,1785296287.8176556,1785296287817655428,1384956034353548,24.2,53.3671875,-1.0,0,0
2026-07-28T23:38:07.818,10.42.0.1,10.42.0.1|10.42.0.47,79,3,UPLOAD,0.9852440550391804,UPLOAD,0.9852440550391804,1,5792,100.0,31,0.0,251659.0,0,31,0.0,1.0,0.0028832360651800254,1,0,1,1,1,1,1,1,0.9699999999999999,1.0,1.0,1.0,0.8,skip,attack_already_active,1785296287.818273,1785296287818273047,1384956034971128,24.2,53.3671875,-1.0,0,0
2026-07-28T23:38:07.819,10.42.0.1,10.42.0.1|10.42.0.47,79,3,UPLOAD,0.9855016325995762,UPLOAD,0.9855016325995762,1,14480,100.0,32,0.0,266139.0,0,32,0.0,1.0,0.00266384249532985,1,0,1,1,1,1,1,1,0.9699999999999999,1.0,1.0,1.0,0.8,skip,attack_already_active,1785296287.8194914,1785296287819491302,1384956036189593,24.2,53.3671875,-1.0,0,0
2026-07-28T23:38:07.820,10.42.0.1,10.42.0.1|10.42.0.47,79,3,UPLOAD,0.9855085548631212,UPLOAD,0.9855085548631212,1,14480,100.0,33,0.0,280619.0,0,33,0.0,1.0,0.002399591149781348,1,0,1,1,1,1,1,1,0.9699999999999999,1.0,1.0,1.0,0.8,skip,attack_already_active,1785296287.82015,1785296287820149949,1384956036848035,24.2,53.3671875,-1.0,0,0
2026-07-28T23:38:07.821,10.42.0.1,10.42.0.1|10.42.0.47,79,3,UPLOAD,0.9855087225676891,UPLOAD,0.9855087225676891,1,14480,100.0,34,0.0,295099.0,0,34,0.0,1.0,0.002200793429488845,1,0,1,1,1,1,1,1,0.9699999999999999,1.0,1.0,1.0,0.8,skip,attack_already_active,1785296287.8210409,1785296287821040945,1384956037739012,24.2,53.3671875,-1.0,0,0
2026-07-28T23:38:07.821,10.42.0.1,10.42.0.1|10.42.0.47,79,3,UPLOAD,0.9855087261083791,UPLOAD,0.9855087261083791,1,14480,100.0,35,0.0,309579.0,0,35,0.0,1.0,0.0020275638235518643,1,0,1,1,1,1,1,1,0.9699999999999999,1.0,1.0,1.0,0.8,skip,attack_already_active,1785296287.821927,1785296287821927264,1384956038625359,24.2,53.3671875,-1.0,0,0
2026-07-28T23:38:07.822,10.42.0.1,10.42.0.1|10.42.0.47,79,3,UPLOAD,0.9855087261654919,UPLOAD,0.9855087261654919,1,8590,100.0,36,0.0,318169.0,0,36,0.0,1.0,0.0018744281360154236,1,0,1,1,1,1,1,1,0.9699999999999999,1.0,1.0,1.0,0.8,skip,attack_already_active,1785296287.8227925,1785296287822792375,1384956039490406,24.2,53.3671875,-1.0,0,0
2026-07-28T23:38:07.834,10.42.0.1,10.42.0.1|10.42.0.47,79,3,UPLOAD,0.9855087261657025,UPLOAD,0.9855087261657025,0,39,100.0,36,0.0,318169.0,0,36,0.0,1.0,0.0032099249128171546,1,0,1,1,1,1,1,1,0.8374999999999999,0.8500000000000001,1.0,0.6000000000000001,0.8,skip,attack_already_active,1785296287.8348017,1785296287834801745,1384956051500287,24.2,53.3671875,-1.0,0,0
2026-07-28T23:38:08.534,10.42.0.210,10.42.0.1|10.42.0.47,78,3,UPLOAD,0.95,UPLOAD,0.95,1,1448,100.0,1,0.0,1448.0,0,1,0.0,1.0,0.1110670637710848,0,0,0,1,1,1,1,1,0.9525,0.95,1.0,1.0,0.8,trigger,training_upload_trigger_confirmed,1785296288.5349092,1785296288534909062,1384956751607758,29.4,53.3671875,9.204804,1785296288544115201,1384956760812562
2026-07-28T23:38:08.535,10.42.0.210,10.42.0.1|10.42.0.47,78,3,UPLOAD,0.9841010226033655,UPLOAD,0.9841010226033655,1,1448,100.0,2,0.0,2896.0,0,2,0.0,1.0,0.09653358718045843,0,0,1,1,1,1,1,1,0.9699999999999999,1.0,1.0,1.0,0.8,skip,attack_already_active,1785296288.5356858,1785296288535685933,1384956752384609,29.4,53.3671875,-1.0,0,0
2026-07-28T23:38:08.536,10.42.0.210,10.42.0.1|10.42.0.47,78,3,UPLOAD,0.9854688349332961,UPLOAD,0.9854688349332961,1,1448,100.0,3,0.0,4344.0,0,3,0.0,1.0,0.08394754891829384,0,0,1,1,1,1,1,1,0.9699999999999999,1.0,1.0,1.0,0.8,skip,attack_already_active,1785296288.5367074,1785296288536707423,1384956753405926,29.4,53.3671875,-1.0,0,0
2026-07-28T23:38:08.537,10.42.0.210,10.42.0.1|10.42.0.47,78,3,UPLOAD,0.9855076450773014,UPLOAD,0.9855076450773014,1,1448,100.0,4,0.0,5792.0,0,4,0.0,1.0,0.07298286228152126,0,0,1,1,1,1,1,1,0.9699999999999999,1.0,1.0,1.0,0.8,skip,attack_already_active,1785296288.537447,1785296288537446805,1384956754145283,29.4,53.3671875,-1.0,0,0
2026-07-28T23:38:08.538,10.42.0.210,10.42.0.1|10.42.0.47,78,3,UPLOAD,0.9855086980780915,UPLOAD,0.9855086980780915,1,1448,100.0,5,0.0,7240.0,0,5,0.0,1.0,0.06349053169814056,0,0,1,1,1,1,1,1,0.9699999999999999,1.0,1.0,1.0,0.8,skip,attack_already_active,1785296288.5383952,1785296288538395180,1384956755093384,29.4,53.3671875,-1.0,0,0
2026-07-28T23:38:08.539,10.42.0.210,10.42.0.1|10.42.0.47,78,3,UPLOAD,0.9855087254685951,UPLOAD,0.9855087254685951,1,1448,100.0,6,0.0,8688.0,0,6,0.0,1.0,0.055221840395866514,0,0,1,1,1,1,1,1,0.9699999999999999,1.0,1.0,1.0,0.8,skip,attack_already_active,1785296288.539137,1785296288539136671,1384956755835971,29.4,53.3671875,-1.0,0,0
2026-07-28T23:38:08.540,10.42.0.210,10.42.0.1|10.42.0.47,78,3,UPLOAD,0.9855087261493067,UPLOAD,0.9855087261493067,1,1448,100.0,7,0.0,10136.0,0,7,0.0,1.0,0.048087144399033305,0,0,1,1,1,1,1,1,0.9699999999999999,1.0,1.0,1.0,0.8,skip,attack_already_active,1785296288.5402155,1785296288540215569,1384956756914779,29.4,53.3671875,-1.0,0,0
2026-07-28T23:38:08.541,10.42.0.210,10.42.0.1|10.42.0.47,78,3,UPLOAD,0.9855087261653082,UPLOAD,0.9855087261653082,1,1448,100.0,8,0.0,11584.0,0,8,0.0,1.0,0.041915334016347824,0,0,1,1,1,1,1,1,0.9699999999999999,1.0,1.0,1.0,0.8,skip,attack_already_active,1785296288.5414665,1785296288541466289,1384956758165085,25.8,53.3671875,-1.0,0,0
2026-07-28T23:38:08.542,10.42.0.210,10.42.0.1|10.42.0.47,78,3,UPLOAD,0.985508726165656,UPLOAD,0.985508726165656,1,1448,100.0,9,0.0,13032.0,0,9,0.0,1.0,0.036527623827882515,0,0,1,1,1,1,1,1,0.9699999999999999,1.0,1.0,1.0,0.8,skip,attack_already_active,1785296288.542496,1785296288542496102,1384956759194822,25.8,53.3671875,-1.0,0,0
2026-07-28T23:38:08.543,10.42.0.210,10.42.0.1|10.42.0.47,78,3,UPLOAD,0.9855087261656625,UPLOAD,0.9855087261656625,1,1448,100.0,10,0.0,14480.0,0,10,0.0,1.0,0.03179533553940834,0,0,1,1,1,1,1,1,0.9699999999999999,1.0,1.0,1.0,0.8,skip,attack_already_active,1785296288.5431116,1785296288543111612,1384956759809834,25.8,53.3671875,-1.0,0,0
2026-07-28T23:38:08.544,10.42.0.210,10.42.0.1|10.42.0.47,78,3,UPLOAD,0.9855087261656628,UPLOAD,0.9855087261656628,1,1448,100.0,11,0.0,15928.0,0,11,0.0,1.0,0.027734428015826637,0,0,1,1,1,1,1,1,0.9699999999999999,1.0,1.0,1.0,0.8,skip,attack_already_active,1785296288.5440898,1785296288544089793,1384956760788038,25.8,53.3671875,-1.0,0,0
2026-07-28T23:38:08.544,10.42.0.210,10.42.0.1|10.42.0.47,78,3,UPLOAD,0.95,UPLOAD,0.95,1,1448,100.0,12,0.0,17376.0,0,12,0.0,1.0,0.02418878857558275,0,0,1,1,1,1,1,1,0.9699999999999999,1.0,1.0,1.0,0.8,skip,attack_already_active,1785296288.5449173,1785296288544917248,1384956761615682,25.8,53.3671875,-1.0,0,0
2026-07-28T23:38:08.546,10.42.0.210,10.42.0.1|10.42.0.47,78,3,UPLOAD,0.95,UPLOAD,0.95,1,1448,100.0,13,0.0,18824.0,0,13,0.0,1.0,0.02119334745802182,0,0,1,1,1,1,1,1,0.9699999999999999,1.0,1.0,1.0,0.8,skip,attack_already_active,1785296288.5463746,1785296288546374580,1384956763073533,25.8,53.3671875,-1.0,0,0
2026-07-28T23:38:08.547,10.42.0.210,10.42.0.1|10.42.0.47,78,3,UPLOAD,0.95,UPLOAD,0.95,1,1448,100.0,14,0.0,20272.0,0,14,0.0,1.0,0.01854182693474826,0,0,1,1,1,1,1,1,0.9699999999999999,1.0,1.0,1.0,0.8,skip,attack_already_active,1785296288.5474463,1785296288547446400,1384956764145247,25.8,53.3671875,-1.0,0,0
2026-07-28T23:38:08.548,10.42.0.210,10.42.0.1|10.42.0.47,78,3,UPLOAD,0.95,UPLOAD,0.95,1,1448,100.0,15,0.0,21720.0,0,15,0.0,1.0,0.016297234528736708,0,0,1,1,1,1,1,1,0.9699999999999999,1.0,1.0,1.0,0.8,skip,attack_already_active,1785296288.5489545,1785296288548954453,1384956765652996,25.8,53.3671875,-1.0,0,0
2026-07-28T23:38:08.550,10.42.0.210,10.42.0.1|10.42.0.47,78,3,UPLOAD,0.95,UPLOAD,0.95,1,1448,100.0,16,0.0,23168.0,0,16,0.0,1.0,0.014289011636947076,0,0,1,1,1,1,1,1,0.9699999999999999,1.0,1.0,1.0,0.8,skip,attack_already_active,1785296288.5500119,1785296288550012031,1384956766710612,25.8,53.3671875,-1.0,0,0
2026-07-28T23:38:08.551,10.42.0.210,10.42.0.1|10.42.0.47,78,3,UPLOAD,0.95,UPLOAD,0.95,1,1448,100.0,17,0.0,24616.0,0,17,0.0,1.0,0.012608601805448184,0,0,1,1,1,1,1,1,0.9699999999999999,1.0,1.0,1.0,0.8,skip,attack_already_active,1785296288.5515487,1785296288551548665,1384956768247507,25.8,53.3671875,-1.0,0,0
2026-07-28T23:38:08.552,10.42.0.210,10.42.0.1|10.42.0.47,78,3,UPLOAD,0.95,UPLOAD,0.95,1,1448,100.0,18,0.0,26064.0,0,18,0.0,1.0,0.011084812822278646,0,0,1,1,1,1,1,1,0.9699999999999999,1.0,1.0,1.0,0.8,skip,attack_already_active,1785296288.5525937,1785296288552593620,1384956769292133,25.8,53.3671875,-1.0,0,0
2026-07-28T23:38:08.554,10.42.0.210,10.42.0.1|10.42.0.47,78,3,UPLOAD,0.95,UPLOAD,0.95,1,1448,100.0,19,0.0,27512.0,0,19,0.0,1.0,0.009812590973192717,0,0,1,1,1,1,1,1,0.9699999999999999,1.0,1.0,1.0,0.8,skip,attack_already_active,1785296288.554024,1785296288554023963,1384956770722380,25.8,53.3671875,-1.0,0,0
2026-07-28T23:38:08.555,10.42.0.210,10.42.0.1|10.42.0.47,78,3,UPLOAD,0.95,UPLOAD,0.95,1,1448,100.0,20,0.0,28960.0,0,20,0.0,1.0,0.008654260171414989,0,0,1,1,1,1,1,1,0.9699999999999999,1.0,1.0,1.0,0.8,skip,attack_already_active,1785296288.5550463,1785296288555046319,1384956771745123,25.8,53.3671875,-1.0,0,0
2026-07-28T23:38:08.556,10.42.0.210,10.42.0.1|10.42.0.47,78,3,UPLOAD,0.95,UPLOAD,0.95,1,1448,100.0,21,0.0,30408.0,0,21,0.0,1.0,0.0077147330119928855,0,0,1,1,1,1,1,1,0.9699999999999999,1.0,1.0,1.0,0.8,skip,attack_already_active,1785296288.5565708,1785296288556570917,1384956773269476,25.8,53.3671875,-1.0,0,0
2026-07-28T23:38:08.557,10.42.0.210,10.42.0.1|10.42.0.47,78,3,UPLOAD,0.95,UPLOAD,0.95,1,1448,100.0,22,0.0,31856.0,0,22,0.0,1.0,0.0068400095144511815,0,0,1,1,1,1,1,1,0.9699999999999999,1.0,1.0,1.0,0.8,skip,attack_already_active,1785296288.5576475,1785296288557647420,1384956774346202,25.8,53.3671875,-1.0,0,0
2026-07-28T23:38:08.559,10.42.0.210,10.42.0.1|10.42.0.47,78,3,UPLOAD,0.95,UPLOAD,0.95,1,1448,100.0,23,0.0,33304.0,0,23,0.0,1.0,0.00614445539872919,0,0,1,1,1,1,1,1,0.9699999999999999,1.0,1.0,1.0,0.8,skip,attack_already_active,1785296288.559209,1785296288559209313,1384956775908503,25.8,53.3671875,-1.0,0,0
2026-07-28T23:38:08.560,10.42.0.210,10.42.0.1|10.42.0.47,78,3,UPLOAD,0.95,UPLOAD,0.95,1,1448,100.0,24,0.0,34752.0,0,24,0.0,1.0,0.005507129356686228,0,0,1,1,1,1,1,1,0.9699999999999999,1.0,1.0,1.0,0.8,skip,attack_already_active,1785296288.560517,1785296288560517189,1384956777215891,25.8,53.3671875,-1.0,0,0
2026-07-28T23:38:08.562,10.42.0.210,10.42.0.1|10.42.0.47,78,3,UPLOAD,0.95,UPLOAD,0.95,1,1448,100.0,25,0.0,36200.0,0,25,0.0,1.0,0.004983696057770874,0,0,1,1,1,1,1,1,0.9699999999999999,1.0,1.0,1.0,0.8,skip,attack_already_active,1785296288.562052,1785296288562052166,1384956778751562,25.8,53.3671875,-1.0,0,0
2026-07-28T23:38:08.563,10.42.0.210,10.42.0.1|10.42.0.47,78,3,UPLOAD,0.95,UPLOAD,0.95,1,1448,100.0,26,0.0,37648.0,0,26,0.0,1.0,0.004467345464993732,0,0,1,1,1,1,1,1,0.9699999999999999,1.0,1.0,1.0,0.8,skip,attack_already_active,1785296288.5631173,1785296288563117187,1384956779815774,25.8,53.3671875,-1.0,0,0
2026-07-28T23:38:08.564,10.42.0.210,10.42.0.1|10.42.0.47,78,3,UPLOAD,0.95,UPLOAD,0.95,1,1448,100.0,27,0.0,39096.0,0,27,0.0,1.0,0.004109142034545996,0,0,1,1,1,1,1,1,0.9699999999999999,1.0,1.0,1.0,0.8,skip,attack_already_active,1785296288.5648663,1785296288564866428,1384956781566678,25.8,53.3671875,-1.0,0,0
2026-07-28T23:38:08.566,10.42.0.210,10.42.0.1|10.42.0.47,78,3,UPLOAD,0.95,UPLOAD,0.95,1,1448,100.0,28,0.0,40544.0,0,28,0.0,1.0,0.003746521748577844,0,0,1,1,1,1,1,1,0.9699999999999999,1.0,1.0,1.0,0.8,skip,attack_already_active,1785296288.5662236,1785296288566223712,1384956782922778,25.8,53.3671875,-1.0,0,0
2026-07-28T23:38:08.567,10.42.0.210,10.42.0.1|10.42.0.47,78,3,UPLOAD,0.95,UPLOAD,0.95,1,1448,100.0,29,0.0,41992.0,0,29,0.0,1.0,0.0034669673900129963,0,0,1,1,1,1,1,1,0.9699999999999999,1.0,1.0,1.0,0.8,skip,attack_already_active,1785296288.5678487,1785296288567848654,1384956784547240,25.8,53.3671875,-1.0,0,0
2026-07-28T23:38:08.569,10.42.0.210,10.42.0.1|10.42.0.47,78,3,UPLOAD,0.95,UPLOAD,0.95,1,1448,100.0,30,0.0,43440.0,0,30,0.0,1.0,0.003203578455645774,0,0,1,1,1,1,1,1,0.9699999999999999,1.0,1.0,1.0,0.8,skip,attack_already_active,1785296288.5693169,1785296288569316880,1384956786015472,25.8,53.3671875,-1.0,0,0
2026-07-28T23:38:08.570,10.42.0.210,10.42.0.1|10.42.0.47,78,3,UPLOAD,0.95,UPLOAD,0.95,1,1448,100.0,31,0.0,44888.0,0,31,0.0,1.0,0.0029779449539055077,0,0,1,1,1,1,1,1,0.9699999999999999,1.0,1.0,1.0,0.8,skip,attack_already_active,1785296288.5708082,1785296288570808172,1384956787506531,25.8,53.3671875,-1.0,0,0
2026-07-28T23:38:08.571,10.42.0.210,10.42.0.1|10.42.0.47,78,3,UPLOAD,0.95,UPLOAD,0.95,1,1448,100.0,32,0.0,46336.0,0,32,0.0,1.0,0.002713648329532346,0,0,1,1,1,1,1,1,0.9699999999999999,1.0,1.0,1.0,0.8,skip,attack_already_active,1785296288.5717804,1785296288571780278,1384956788478613,25.8,53.3671875,-1.0,0,0
2026-07-28T23:38:08.573,10.42.0.210,10.42.0.1|10.42.0.47,78,3,UPLOAD,0.95,UPLOAD,0.95,1,1448,100.0,33,0.0,47784.0,0,33,0.0,1.0,0.0025468257107690417,0,0,1,1,1,1,1,1,0.9699999999999999,1.0,1.0,1.0,0.8,skip,attack_already_active,1785296288.5732281,1785296288573227910,1384956789926382,25.8,53.3671875,-1.0,0,0
2026-07-28T23:38:08.574,10.42.0.210,10.42.0.1|10.42.0.47,78,3,UPLOAD,0.95,UPLOAD,0.95,1,1448,100.0,34,0.0,49232.0,0,34,0.0,1.0,0.0023458430143376017,0,0,1,1,1,1,1,1,0.9699999999999999,1.0,1.0,1.0,0.8,skip,attack_already_active,1785296288.5742497,1785296288574249830,1384956790948138,25.8,53.3671875,-1.0,0,0
2026-07-28T23:38:08.575,10.42.0.210,10.42.0.1|10.42.0.47,78,3,UPLOAD,0.95,UPLOAD,0.95,1,1448,100.0,35,0.0,50680.0,0,35,0.0,1.0,0.002182874921714852,0,0,1,1,1,1,1,1,0.9699999999999999,1.0,1.0,1.0,0.8,skip,attack_already_active,1785296288.5753589,1785296288575358938,1384956792057878,25.8,53.3671875,-1.0,0,0
2026-07-28T23:38:08.576,10.42.0.210,10.42.0.1|10.42.0.47,78,3,UPLOAD,0.95,UPLOAD,0.95,1,1448,100.0,36,0.0,52128.0,0,36,0.0,1.0,0.002047539689322389,0,0,1,1,1,1,1,1,0.9699999999999999,1.0,1.0,1.0,0.8,skip,attack_already_active,1785296288.5765147,1785296288576514755,1384956793213316,25.8,53.3671875,-1.0,0,0
2026-07-28T23:38:08.577,10.42.0.210,10.42.0.1|10.42.0.47,78,3,UPLOAD,0.95,UPLOAD,0.95,1,1448,100.0,37,0.0,53576.0,0,37,0.0,1.0,0.0019132926675884507,0,0,1,1,1,1,1,1,0.9699999999999999,1.0,1.0,1.0,0.8,skip,attack_already_active,1785296288.5775435,1785296288577543445,1384956794241763,25.8,53.3671875,-1.0,0,0
2026-07-28T23:38:08.578,10.42.0.210,10.42.0.1|10.42.0.47,78,3,UPLOAD,0.95,UPLOAD,0.95,1,1448,100.0,38,0.0,55024.0,0,38,0.0,1.0,0.0017911750815848117,0,0,1,1,1,1,1,1,0.9699999999999999,1.0,1.0,1.0,0.8,skip,attack_already_active,1785296288.57853,1785296288578530104,1384956795228538,25.8,53.3671875,-1.0,0,0
2026-07-28T23:38:08.579,10.42.0.210,10.42.0.1|10.42.0.47,78,3,UPLOAD,0.95,UPLOAD,0.95,1,1448,100.0,39,0.0,56472.0,0,39,0.0,1.0,0.0017000727793712676,0,0,1,1,1,1,1,1,0.9699999999999999,1.0,1.0,1.0,0.8,skip,attack_already_active,1785296288.57963,1785296288579629823,1384956796328287,25.8,53.3671875,-1.0,0,0
2026-07-28T23:38:08.580,10.42.0.1,10.42.0.1|10.42.0.47,79,3,UPLOAD,0.9855087261656651,UPLOAD,0.9855087261656651,1,7240,100.0,8,0.0,86782.0,0,8,0.0,1.0,0.10107197444525241,1,0,1,1,1,1,1,1,0.9699999999999999,1.0,1.0,1.0,0.8,skip,attack_already_active,1785296288.5806596,1785296288580659687,1384956797358185,25.8,53.3671875,-1.0,0,0
2026-07-28T23:38:08.581,10.42.0.1,10.42.0.1|10.42.0.47,79,3,UPLOAD,0.9854405971021747,UPLOAD,0.9854405971021747,1,7240,100.0,9,0.0,94022.0,0,9,0.0,1.0,0.08788252022276194,1,0,1,1,1,1,1,1,0.9699999999999999,1.0,1.0,1.0,0.8,skip,attack_already_active,1785296288.5816405,1785296288581640515,1384956798338835,25.8,53.3671875,-1.0,0,0
2026-07-28T23:38:08.591,10.42.0.1,10.42.0.1|10.42.0.47,79,3,UPLOAD,0.9851277879324334,UPLOAD,0.9851277879324334,1,1448,100.0,10,0.0,95470.0,0,10,0.0,1.0,0.07754582298904965,1,0,1,1,1,1,1,1,0.9699999999999999,1.0,1.0,1.0,0.8,skip,attack_already_active,1785296288.5910807,1785296288591080744,1384956807779697,25.8,53.3671875,-1.0,0,0
2026-07-28T23:38:08.625,10.42.0.1,10.42.0.1|10.42.0.47,79,3,UPLOAD,0.9829421294089012,UPLOAD,0.9829421294089012,0,43,100.0,10,0.0,95470.0,0,10,0.0,1.0,0.1772033704534633,1,0,1,1,1,1,1,1,0.8374999999999999,0.8500000000000001,1.0,0.6000000000000001,0.8,skip,attack_already_active,1785296288.6256647,1785296288625664727,1384956842363737,25.8,53.3671875,-1.0,0,0
2026-07-28T23:38:08.628,10.42.0.1,10.42.0.1|10.42.0.47,79,3,UPLOAD,0.978786904270386,UPLOAD,0.978786904270386,1,10136,100.0,11,0.0,105606.0,0,11,0.0,1.0,0.15882019121931257,1,0,1,1,1,1,1,1,0.9699999999999999,1.0,1.0,1.0,0.8,skip,attack_already_active,1785296288.6287792,1785296288628779391,1384956845477764,25.8,53.3671875,-1.0,0,0
2026-07-28T23:38:08.630,10.42.0.1,10.42.0.1|10.42.0.47,79,3,UPLOAD,0.9724865541519299,UPLOAD,0.9724865541519299,1,14480,100.0,12,0.0,120086.0,0,12,0.0,1.0,0.1380921255863559,1,0,1,1,1,1,1,1,0.9699999999999999,1.0,1.0,1.0,0.8,skip,attack_already_active,1785296288.6302998,1785296288630299878,1384956846998324,25.8,53.3671875,-1.0,0,0
2026-07-28T23:38:08.633,10.42.0.1,10.42.0.1|10.42.0.47,79,3,UPLOAD,0.9593829145981114,UPLOAD,0.9593829145981114,1,5792,100.0,13,0.0,125878.0,0,13,0.0,1.0,0.12029037242960419,1,0,1,1,1,1,1,1,0.9699999999999999,1.0,1.0,1.0,0.8,skip,attack_already_active,1785296288.6332994,1785296288633299356,1384956849997856,25.8,53.3671875,-1.0,0,0
2026-07-28T23:38:08.635,10.42.0.1,10.42.0.1|10.42.0.47,79,3,UPLOAD,0.95,UPLOAD,0.95,1,14480,100.0,14,0.0,140358.0,0,14,0.0,1.0,0.10469673301667355,1,0,1,1,1,1,1,1,0.9699999999999999,1.0,1.0,1.0,0.8,skip,attack_already_active,1785296288.635254,1785296288635254129,1384956851952602,25.8,53.3671875,-1.0,0,0
2026-07-28T23:38:08.636,10.42.0.1,10.42.0.1|10.42.0.47,79,3,UPLOAD,0.95,UPLOAD,0.95,1,18714,100.0,15,0.0,159072.0,0,15,0.0,1.0,0.09110795194060506,1,0,1,1,1,1,1,1,0.9699999999999999,1.0,1.0,1.0,0.8,skip,attack_already_active,1785296288.6368291,1785296288636829216,1384956853527651,25.8,53.3671875,-1.0,0,0
2026-07-28T23:38:08.951,10.42.0.1,,80,1,DOWNLOAD,0.95,DOWNLOAD,0.95,-1,1448,54.92403311193091,9,1448.0,79530.0,1,8,0.017881399886388896,0.9821186001136111,0.09975032156523525,0,0,0,0,1,0,0,0,0.44,0.8500000000000001,0.0,0.6000000000000001,0.15,skip,training_upload_trigger_not_confirmed,1785296288.951835,1785296288951834786,1384957168533875,25.8,53.3671875,-1.0,0,0
2026-07-28T23:38:08.955,10.42.0.1,,80,1,DOWNLOAD,0.9596222516210968,DOWNLOAD,0.9596222516210968,-1,5792,10.984806628455136,10,7240.0,79530.0,2,8,0.08343897660481733,0.9165610233951826,0.08709855912864221,0,0,0,0,1,0,0,0,0.44,0.8500000000000001,0.0,0.6000000000000001,0.15,skip,training_upload_trigger_not_confirmed,1785296288.9555745,1785296288955574603,1384957172273825,25.8,53.3671875,-1.0,0,0
2026-07-28T23:38:08.956,10.42.0.1,,80,1,DOWNLOAD,0.9611488528381918,DOWNLOAD,0.9611488528381918,-1,7240,5.492403314606878,11,14480.0,79530.0,3,8,0.1540261674289969,0.8459738325710031,0.07578635446812672,0,0,0,0,1,0,0,0,0.44,0.8500000000000001,0.0,0.6000000000000001,0.15,skip,training_upload_trigger_not_confirmed,1785296288.9568279,1785296288956827925,1384957173526698,25.8,53.3671875,-1.0,0,0
2026-07-28T23:38:08.958,10.42.0.1,,80,1,DOWNLOAD,0.9581947127102521,DOWNLOAD,0.9581947127102521,-1,7240,3.6616022098222096,12,21720.0,79530.0,4,8,0.21451851851851853,0.7854814814814814,0.06596590917942338,0,0,0,0,1,0,0,0,0.4,0.8500000000000001,0.0,0.4,0.15,skip,training_upload_trigger_not_confirmed,1785296288.9580896,1785296288958089568,1384957174789268,25.8,53.3671875,-1.0,0,0
2026-07-28T23:38:08.959,10.42.0.1,,80,1,DOWNLOAD,0.9612040607047933,DOWNLOAD,0.9612040607047933,-1,7240,2.746201657398266,13,28960.0,79530.0,5,8,0.26693704488892983,0.7330629551110701,0.0574444803965092,0,0,0,0,1,0,0,0,0.4,0.8500000000000001,0.0,0.4,0.15,skip,training_upload_trigger_not_confirmed,1785296288.9593887,1785296288959388774,1384957176087285,25.8,53.3671875,-1.0,0,0
2026-07-28T23:38:08.963,10.42.0.1,,80,1,DOWNLOAD,0.9645107141998078,DOWNLOAD,0.9645107141998078,-1,7240,2.1969613259337852,14,36200.0,79530.0,6,8,0.31279702756415795,0.687202972435842,0.05036173547243881,0,0,0,0,1,0,0,0,0.4,0.8500000000000001,0.0,0.4,0.15,skip,training_upload_trigger_not_confirmed,1785296288.9630842,1785296288963084302,1384957179782760,25.8,53.3671875,-1.0,0,0
2026-07-28T23:38:08.964,10.42.0.1,,80,1,DOWNLOAD,0.95,DOWNLOAD,0.95,-1,7240,1.8308011049532502,15,43440.0,79530.0,7,8,0.3532568919248597,0.6467431080751402,0.043856575354023444,0,0,0,0,1,0,0,0,0.32,0.8500000000000001,0.0,0.0,0.15,skip,training_upload_trigger_not_confirmed,1785296288.96408,1785296288964080192,1384957180779139,25.8,53.3671875,-1.0,0,0
2026-07-28T23:38:08.965,10.42.0.1,,80,1,DOWNLOAD,0.95,DOWNLOAD,0.95,-1,7240,1.5692580899650894,16,50680.0,79530.0,8,8,0.3892174180170494,0.6107825819829507,0.03823247512313254,0,0,0,0,1,0,0,0,0.32,0.8500000000000001,0.0,0.0,0.15,skip,training_upload_trigger_not_confirmed,1785296288.965257,1785296288965257033,1384957181955378,25.8,53.3671875,-1.0,0,0
2026-07-28T23:38:08.965,10.42.0.1,,80,1,DOWNLOAD,0.95,DOWNLOAD,0.95,-1,7240,1.37310082872284,17,57920.0,79530.0,9,8,0.4213895962168061,0.5786104037831938,0.03328649566194694,0,0,0,0,1,0,0,0,0.32,0.8500000000000001,0.0,0.0,0.15,skip,training_upload_trigger_not_confirmed,1785296288.9659557,1785296288965955938,1384957182654411,25.8,53.3671875,-1.0,0,0
2026-07-28T23:38:08.966,10.42.0.1,,80,1,DOWNLOAD,0.95,DOWNLOAD,0.95,-1,10136,1.1685964499798902,18,68056.0,79530.0,10,8,0.4611277492445083,0.5388722507554917,0.02899776807617513,0,0,0,0,1,0,0,0,0.30250000000000005,0.8000000000000002,0.0,0.0,0.15,skip,training_upload_trigger_not_confirmed,1785296288.9666963,1785296288966696303,1384957183394351,25.8,53.3671875,-1.0,0,0
2026-07-28T23:38:08.967,10.42.0.1,,80,1,DOWNLOAD,0.95,DOWNLOAD,0.95,-1,10136,1.0171117249844344,19,78192.0,79530.0,11,8,0.4957583596454521,0.5042416403545479,0.02526287499641336,0,0,0,0,1,0,0,0,0.30250000000000005,0.8000000000000002,0.0,0.0,0.15,skip,training_upload_trigger_not_confirmed,1785296288.967351,1785296288967351075,1384957184049202,25.8,53.3671875,-1.0,0,0
2026-07-28T23:38:08.968,10.42.0.1,,80,1,DOWNLOAD,0.95,DOWNLOAD,0.95,-1,14480,0.8581880179573314,20,92672.0,79530.0,12,8,0.5381586741152832,0.46184132588471677,0.022068811147229795,0,0,0,0,1,0,0,0,0.30250000000000005,0.8000000000000002,0.0,0.0,0.15,skip,training_upload_trigger_not_confirmed,1785296288.968375,1785296288968374926,1384957185073136,25.8,53.3671875,-1.0,0,0
2026-07-28T23:38:08.969,10.42.0.1,,80,1,DOWNLOAD,0.95,DOWNLOAD,0.95,-1,4344,0.8197616887954589,21,97016.0,79530.0,13,8,0.549522504049936,0.45047749595006403,0.019252727085166472,0,0,0,0,1,0,0,0,0.30250000000000005,0.8000000000000002,0.0,0.0,0.15,skip,training_upload_trigger_not_confirmed,1785296288.9690733,1785296288969073474,1384957185771669,25.8,53.3671875,-1.0,0,0
2026-07-28T23:38:08.969,10.42.0.1,,80,1,DOWNLOAD,0.95,DOWNLOAD,0.95,-1,14480,0.7132991318099905,22,111496.0,79530.0,14,8,0.5836692387423702,0.41633076125762986,0.016805626033174825,0,0,0,0,1,0,0,0,0.28500000000000003,0.7500000000000001,0.0,0.0,0.15,skip,training_upload_trigger_not_confirmed,1785296288.9697556,1785296288969755699,1384957186453771,25.8,53.3671875,-1.0,0,0
2026-07-28T23:38:08.970,10.42.0.1,,80,1,DOWNLOAD,0.95,DOWNLOAD,0.95,-1,14480,0.63131072585547,23,125976.0,79530.0,15,8,0.6130039998832151,0.3869960001167849,0.014684760520172126,0,0,0,0,1,0,0,0,0.28500000000000003,0.7500000000000001,0.0,0.0,0.15,skip,training_upload_trigger_not_confirmed,1785296288.9704666,1785296288970466619,1384957187164921,25.8,53.3671875,-1.0,0,0
2026-07-28T23:38:08.971,10.42.0.1,,80,1,DOWNLOAD,0.95,DOWNLOAD,0.95,-1,14480,0.5662271458708333,24,140456.0,79530.0,16,8,0.6384769939905267,0.36152300600947335,0.012880003717072742,0,0,0,0,1,0,0,0,0.28500000000000003,0.7500000000000001,0.0,0.0,0.15,skip,training_upload_trigger_not_confirmed,1785296288.9714556,1785296288971455394,1384957188153445,25.8,53.3671875,-1.0,0,0
2026-07-28T23:38:08.972,10.42.0.1,,80,1,DOWNLOAD,0.95,DOWNLOAD,0.95,-1,18824,0.49930939226833676,25,159280.0,79530.0,17,8,0.6669737448180562,0.3330262551819438,0.011279231155298365,0,0,0,0,1,0,0,0,0.28500000000000003,0.7500000000000001,0.0,0.0,0.15,skip,training_upload_trigger_not_confirmed,1785296288.9721878,1785296288972187540,1384957188885713,25.8,53.3671875,-1.0,0,0
2026-07-28T23:38:08.973,10.42.0.1,,80,1,DOWNLOAD,0.95,DOWNLOAD,0.95,-1,5792,0.4817897644695539,26,165072.0,79530.0,18,8,0.6748595677876714,0.3251404322123286,0.009927131942915383,0,0,0,0,1,0,0,0,0.28500000000000003,0.7500000000000001,0.0,0.0,0.15,skip,training_upload_trigger_not_confirmed,1785296288.9732063,1785296288973206249,1384957189904291,25.8,53.3671875,-1.0,0,0
2026-07-28T23:38:08.973,10.42.0.1,,80,1,DOWNLOAD,0.95,DOWNLOAD,0.95,-1,18824,0.4324727019650646,27,183896.0,79530.0,19,8,0.6980935822583951,0.30190641774160487,0.008710916955744948,0,0,0,0,1,0,0,0,0.28500000000000003,0.7500000000000001,0.0,0.0,0.15,skip,training_upload_trigger_not_confirmed,1785296288.973904,1785296288973903751,1384957190601869,25.8,53.3671875,-1.0,0,0
2026-07-28T23:38:08.975,10.42.0.1,,80,1,DOWNLOAD,0.95,DOWNLOAD,0.95,-1,2896,0.4257676988338592,28,186792.0,79530.0,20,8,0.7013765291639444,0.2986234708360556,0.007731249697789946,0,0,0,0,1,0,0,0,0.28500000000000003,0.7500000000000001,0.0,0.0,0.15,skip,training_upload_trigger_not_confirmed,1785296288.9751804,1785296288975180386,1384957191878882,25.8,53.3671875,-1.0,0,0
2026-07-28T23:38:08.976,10.42.0.1,,80,1,DOWNLOAD,0.95,DOWNLOAD,0.95,-1,15928,0.3923145224970781,29,202720.0,79530.0,21,8,0.7182285208148804,0.2817714791851196,0.006873325881643763,0,0,0,0,1,0,0,0,0.28500000000000003,0.7500000000000001,0.0,0.0,0.15,skip,training_upload_trigger_not_confirmed,1785296288.976401,1785296288976401125,1384957193099490,25.8,53.3671875,-1.0,0,0
2026-07-28T23:38:08.977,10.42.0.1,,80,1,DOWNLOAD,0.95,DOWNLOAD,0.95,-1,18824,0.35898060882100624,30,221544.0,79530.0,22,8,0.7358456724924769,0.26415432750752305,0.006102849273118143,0,0,0,0,1,0,0,0,0.28500000000000003,0.7500000000000001,0.0,0.0,0.15,skip,training_upload_trigger_not_confirmed,1785296288.9774275,1785296288977427386,1384957194125780,25.8,53.3671875,-1.0,0,0
2026-07-28T23:38:08.979,10.42.0.1,,80,1,DOWNLOAD,0.95,DOWNLOAD,0.95,-1,16946,0.333473101600346,31,238490.0,79530.0,23,8,0.7499213885919125,0.2500786114080875,0.005510246290707023,0,0,0,0,1,0,0,0,0.28500000000000003,0.7500000000000001,0.0,0.0,0.15,skip,training_upload_trigger_not_confirmed,1785296288.9790332,1785296288979033246,1384957195732083,25.8,53.3671875,-1.0,0,0
2026-07-28T23:38:08.980,10.42.0.18,,58,1,DOWNLOAD,0.95,DOWNLOAD,0.95,-1,7300,1.3698630135109776e-10,1,7300.0,0.0,1,0,1.0,0.0,0.3954189579982892,0,0,0,0,0,0,0,0,0.0225,0.0,0.0,0.0,0.15,skip,training_upload_trigger_not_confirmed,1785296288.9804225,1785296288980422325,1384957197120823,25.8,53.3671875,-1.0,0,0
2026-07-28T23:38:08.981,10.42.0.18,,58,1,DOWNLOAD,0.95,DOWNLOAD,0.95,-1,5840,7.610350075524325e-11,2,13140.0,0.0,2,0,1.0,0.0,0.3434016520800389,0,0,0,0,0,0,0,0,0.0225,0.0,0.0,0.0,0.15,skip,training_upload_trigger_not_confirmed,1785296288.9810965,1785296288981096478,1384957197794595,25.8,53.3671875,-1.0,0,0
2026-07-28T23:38:08.981,10.42.0.1,,80,1,DOWNLOAD,0.95,DOWNLOAD,0.95,-1,10136,0.3198780497642246,32,248626.0,79530.0,24,8,0.7576457538487792,0.24235424615122075,0.005154831378379103,0,0,0,0,1,0,0,0,0.28500000000000003,0.7500000000000001,0.0,0.0,0.15,skip,training_upload_trigger_not_confirmed,1785296288.9818463,1785296288981846214,1384957198544387,25.8,53.3671875,-1.0,0,0
2026-07-28T23:38:08.983,10.42.0.1,,80,1,DOWNLOAD,0.95,DOWNLOAD,0.95,-1,15498,0.3011085702196653,33,264124.0,79530.0,25,8,0.7685753694122577,0.23142463058774232,0.004637481912022615,0,0,0,0,1,0,0,0,0.28500000000000003,0.7500000000000001,0.0,0.0,0.15,skip,training_upload_trigger_not_confirmed,1785296288.9830751,1785296288983074978,1384957199773398,25.8,53.3671875,-1.0,0,0
2026-07-28T23:38:08.984,10.42.0.210,,79,1,DOWNLOAD,0.9831381962467343,DOWNLOAD,0.9831381962467343,-1,7240,7.799999999060773,40,7240.0,56472.0,1,39,0.11363636363636363,0.8863636363636364,0.053141686672678434,0,0,0,0,0,0,0,0,0.057499999999999996,0.1,0.0,0.0,0.15,skip,training_upload_trigger_not_confirmed,1785296288.9846234,1785296288984623362,1384957201321925,75.3,53.3671875,-1.0,0,0
2026-07-28T23:38:08.985,10.42.0.210,,79,1,DOWNLOAD,0.95,DOWNLOAD,0.95,-1,7240,3.8999999997997237,41,14480.0,56472.0,2,39,0.20408163265306123,0.7959183673469388,0.04625559083264736,0,0,0,0,0,0,0,0,0.057499999999999996,0.1,0.0,0.0,0.15,skip,training_upload_trigger_not_confirmed,1785296288.9855084,1785296288985508358,1384957202206679,75.3,53.3671875,-1.0,0,0
2026-07-28T23:38:08.986,10.42.0.1,,80,1,DOWNLOAD,0.95,DOWNLOAD,0.95,-1,16946,0.2829544241673499,34,281070.0,79530.0,26,8,0.7794509151414309,0.22054908485856906,0.004447185945240819,0,0,0,0,1,0,0,0,0.28500000000000003,0.7500000000000001,0.0,0.0,0.15,skip,training_upload_trigger_not_confirmed,1785296288.9862685,1785296288986268300,1384957202966535,75.3,53.3671875,-1.0,0,0
2026-07-28T23:38:08.986,10.42.0.1,,80,1,DOWNLOAD,0.95,DOWNLOAD,0.95,-1,6784,0.27628589493536204,35,287854.0,79530.0,27,8,0.7835235067395423,0.21647649326045773,0.003954501717571023,0,0,0,0,0,0,0,0,0.0225,0.0,0.0,0.0,0.15,skip,training_upload_trigger_not_confirmed,1785296288.9869769,1785296288986976869,1384957203675056,75.3,53.3671875,-1.0,0,0
2026-07-28T23:38:08.987,10.42.0.47,,80,1,DOWNLOAD,0.95,DOWNLOAD,0.95,-1,7240,1.381215469422484e-10,1,7240.0,0.0,1,0,1.0,0.0,0.052601032673456866,0,0,0,0,0,0,0,0,0.0225,0.0,0.0,0.0,0.15,skip,training_upload_trigger_not_confirmed,1785296288.9877243,1785296288987724207,1384957204422440,75.3,53.3671875,-1.0,0,0
2026-07-28T23:38:08.988,10.42.0.47,,80,1,DOWNLOAD,0.9826631798105605,DOWNLOAD,0.9826631798105605,-1,7240,6.90607734758936e-11,2,14480.0,0.0,2,0,1.0,0.0,0.04576098440671971,0,0,0,0,0,0,0,0,0.0225,0.0,0.0,0.0,0.15,skip,training_upload_trigger_not_confirmed,1785296288.988418,1785296288988418118,1384957205116216,75.3,53.3671875,-1.0,0,0
2026-07-28T23:38:08.989,10.42.0.1,,80,1,DOWNLOAD,0.95,DOWNLOAD,0.95,-1,21720,0.2569014193722441,36,309574.0,79530.0,28,8,0.7956073440519759,0.20439265594802417,0.003716533698689636,0,0,0,0,0,0,0,0,0.0225,0.0,0.0,0.0,0.15,skip,training_upload_trigger_not_confirmed,1785296288.9891255,1785296288989125312,1384957205823582,75.3,53.3671875,-1.0,0,0
2026-07-28T23:38:08.990,10.42.0.18,,58,1,DOWNLOAD,0.95,DOWNLOAD,0.95,-1,11680,4.029008863657171e-11,3,24820.0,0.0,3,0,1.0,0.0,0.29939025546549597,0,0,0,0,0,0,0,0,0.0225,0.0,0.0,0.0,0.15,skip,training_upload_trigger_not_confirmed,1785296288.9905078,1785296288990507896,1384957207206133,75.3,53.3671875,-1.0,0,0
2026-07-28T23:38:08.991,10.42.0.18,,58,1,DOWNLOAD,0.95,DOWNLOAD,0.95,-1,5840,3.2615786039379785e-11,4,30660.0,0.0,4,0,1.0,0.0,0.2600427581351884,0,0,0,0,0,0,0,0,0.0225,0.0,0.0,0.0,0.15,skip,training_upload_trigger_not_confirmed,1785296288.9913008,1785296288991300862,1384957207999163,75.3,53.3671875,-1.0,0,0
2026-07-28T23:38:08.992,10.42.0.210,,79,1,DOWNLOAD,0.9557926560077417,DOWNLOAD,0.9557926560077417,-1,10136,2.294117647006251,42,24616.0,56472.0,3,39,0.30357142857142855,0.6964285714285714,0.041082890687184744,0,0,0,0,0,0,0,0,0.057499999999999996,0.1,0.0,0.0,0.15,skip,training_upload_trigger_not_confirmed,1785296288.9925098,1785296288992509944,1384957209208359,75.3,53.3671875,-1.0,0,0
2026-07-28T23:38:08.994,10.42.0.210,,79,1,DOWNLOAD,0.9846998846180315,DOWNLOAD,0.9846998846180315,-1,14480,1.4444444444330764,43,39096.0,56472.0,4,39,0.4090909090909091,0.5909090909090909,0.03587889486288928,0,0,0,0,0,0,0,0,0.057499999999999996,0.1,0.0,0.0,0.15,skip,training_upload_trigger_not_confirmed,1785296288.994101,1785296288994100949,1384957210800005,75.3,53.3671875,-1.0,0,0
2026-07-28T23:38:08.995,10.42.0.210,,79,1,DOWNLOAD,0.9854895428954357,DOWNLOAD,0.9854895428954357,-1,4344,1.299999999993094,44,43440.0,56472.0,5,39,0.43478260869565216,0.5652173913043478,0.031346703462078206,0,0,0,0,0,0,0,0,0.057499999999999996,0.1,0.0,0.0,0.15,skip,training_upload_trigger_not_confirmed,1785296288.9955864,1785296288995586220,1384957212284900,75.3,53.3671875,-1.0,0,0
2026-07-28T23:38:08.997,10.42.0.18,,58,1,DOWNLOAD,0.95,DOWNLOAD,0.95,-1,11680,2.361832782183235e-11,5,42340.0,0.0,5,0,1.0,0.0,0.22655478969387371,0,0,0,0,0,0,0,0,0.0225,0.0,0.0,0.0,0.15,skip,training_upload_trigger_not_confirmed,1785296288.9972126,1785296288997212642,1384957213911432,75.3,53.3671875,-1.0,0,0
2026-07-28T23:38:09.000,10.42.0.47,,80,1,DOWNLOAD,0.9841436521193172,DOWNLOAD,0.9841436521193172,-1,2896,5.7550644563907074e-11,3,17376.0,0.0,3,0,1.0,0.0,0.041344079841047994,0,0,0,0,0,0,0,0,0.0225,0.0,0.0,0.0,0.15,skip,training_upload_trigger_not_confirmed,1785296289.0006604,1785296289000660466,1384957217360502,75.3,53.3671875,-1.0,0,0
2026-07-28T23:38:09.001,10.42.0.47,,80,1,DOWNLOAD,0.9842019159198053,DOWNLOAD,0.9842019159198053,-1,7240,4.062398439873968e-11,4,24616.0,0.0,4,0,1.0,0.0,0.036013298558815146,0,0,0,0,0,0,0,0,0.0225,0.0,0.0,0.0,0.15,skip,training_upload_trigger_not_confirmed,1785296289.0015507,1785296289001550527,1384957218248905,75.3,53.3671875,-1.0,0,0
2026-07-28T23:38:09.002,10.42.0.18,,58,1,DOWNLOAD,0.95,DOWNLOAD,0.95,-1,14600,1.756234632916118e-11,6,56940.0,0.0,6,0,1.0,0.0,0.19742608228106145,0,0,0,0,0,0,0,0,0.0225,0.0,0.0,0.0,0.15,skip,training_upload_trigger_not_confirmed,1785296289.0027177,1785296289002717759,1384957219415991,75.3,53.3671875,-1.0,0,0
2026-07-28T23:38:09.003,10.42.0.18,,58,1,DOWNLOAD,0.9515091495032378,DOWNLOAD,0.9515091495032378,-1,8760,1.5220700151975332e-11,7,65700.0,0.0,7,0,1.0,0.0,0.17154417221783969,0,0,0,0,0,0,0,0,0.0225,0.0,0.0,0.0,0.15,skip,training_upload_trigger_not_confirmed,1785296289.0037332,1785296289003733347,1384957220431442,75.3,53.3671875,-1.0,0,0
2026-07-28T23:38:09.004,10.42.0.59,,33,1,DOWNLOAD,0.95,DOWNLOAD,0.95,-1,14600,6.84931506802402e-11,1,14600.0,0.0,1,0,1.0,0.0,0.7778098360110169,0,0,0,0,0,0,0,0,0.0225,0.0,0.0,0.0,0.15,skip,training_upload_trigger_not_confirmed,1785296289.004732,1785296289004731963,1384957221430076,75.3,53.3671875,-1.0,0,0
2026-07-28T23:38:09.005,10.42.0.59,,33,1,DOWNLOAD,0.95,DOWNLOAD,0.95,-1,14600,3.424657534129292e-11,2,29200.0,0.0,2,0,1.0,0.0,0.6754094587697459,0,0,0,0,0,0,0,0,0.0225,0.0,0.0,0.0,0.15,skip,training_upload_trigger_not_confirmed,1785296289.0054536,1785296289005453596,1384957222151679,75.3,53.3671875,-1.0,0,0
2026-07-28T23:38:09.006,10.42.0.210,,79,1,DOWNLOAD,0.9855083405864443,DOWNLOAD,0.9855083405864443,-1,18824,0.9069767441875405,45,62264.0,56472.0,6,39,0.524390243902439,0.47560975609756095,0.028654300573235956,0,0,0,0,0,0,0,0,0.039999999999999994,0.05,0.0,0.0,0.15,skip,training_upload_trigger_not_confirmed,1785296289.0065012,1785296289006500997,1384957223199219,75.3,53.3671875,-1.0,0,0
2026-07-28T23:38:09.007,10.42.0.210,,79,1,DOWNLOAD,0.9855087208476458,DOWNLOAD,0.9855087208476458,-1,15928,0.7222222222257748,46,78192.0,56472.0,7,39,0.5806451612903226,0.41935483870967744,0.02501116561400288,0,0,0,0,0,0,0,0,0.0225,0.0,0.0,0.0,0.15,skip,training_upload_trigger_not_confirmed,1785296289.0075088,1785296289007508746,1384957224206863,75.3,53.3671875,-1.0,0,0
2026-07-28T23:38:09.008,10.42.0.210,,79,1,DOWNLOAD,0.9855087261970161,DOWNLOAD,0.9855087261970161,-1,992,0.7131743786659783,47,79184.0,56472.0,8,39,0.5837117414637023,0.4162882585362977,0.021845746517623436,0,0,0,0,0,0,0,0,0.0225,0.0,0.0,0.0,0.15,skip,training_upload_trigger_not_confirmed,1785296289.0084984,1785296289008498492,1384957225196752,75.3,53.3671875,-1.0,0,0
2026-07-28T23:38:09.009,10.42.0.145,,36,1,DOWNLOAD,0.95,DOWNLOAD,0.95,-1,14600,6.84931506802402e-11,1,14600.0,0.0,1,0,1.0,0.0,0.499754292000976,0,0,0,0,0,0,0,0,0.0225,0.0,0.0,0.0,0.15,skip,already_attacked_this_round,1785296289.0097582,1785296289009758164,1384957226456322,75.3,53.3671875,-1.0,0,0
2026-07-28T23:38:09.010,10.42.0.145,,36,1,DOWNLOAD,0.95,DOWNLOAD,0.95,-1,14600,3.424657534129292e-11,2,29200.0,0.0,2,0,1.0,0.0,0.43399610723914966,0,0,0,0,0,0,0,0,0.0225,0.0,0.0,0.0,0.15,skip,already_attacked_this_round,1785296289.0104918,1785296289010491978,1384957227190075,75.3,53.3671875,-1.0,0,0
2026-07-28T23:38:09.012,10.42.0.18,,58,1,DOWNLOAD,0.960114447700187,DOWNLOAD,0.960114447700187,-1,11680,1.2923235978121954e-11,8,77380.0,0.0,8,0,1.0,0.0,0.15004304035401136,0,0,0,0,0,0,0,0,0.0225,0.0,0.0,0.0,0.15,skip,training_upload_trigger_not_confirmed,1785296289.0121112,1785296289012111044,1384957228809384,75.3,53.3671875,-1.0,0,0
2026-07-28T23:38:09.012,10.42.0.18,,58,1,DOWNLOAD,0.9668903241515119,DOWNLOAD,0.9668903241515119,-1,1817,1.2626740911743795e-11,9,79197.0,0.0,9,0,1.0,0.0,0.13038002857238606,0,0,0,0,0,0,0,0,0.0225,0.0,0.0,0.0,0.15,skip,training_upload_trigger_not_confirmed,1785296289.012937,1785296289012936978,1384957229635286,75.3,53.3671875,-1.0,0,0
2026-07-28T23:38:09.016,10.42.0.59,,33,1,DOWNLOAD,0.95,DOWNLOAD,0.95,-1,24820,1.8511662346936104e-11,3,54020.0,0.0,3,0,1.0,0.0,0.5879128848352382,0,0,0,0,0,0,0,0,0.0225,0.0,0.0,0.0,0.15,skip,training_upload_trigger_not_confirmed,1785296289.0168757,1785296289016875831,1384957233574219,75.3,53.3671875,-1.0,0,0
2026-07-28T23:38:09.017,10.42.0.59,,33,1,DOWNLOAD,0.95,DOWNLOAD,0.95,-1,12037,1.5138441043112185e-11,4,66057.0,0.0,4,0,1.0,0.0,0.5105391249552522,0,0,0,0,0,0,0,0,0.0225,0.0,0.0,0.0,0.15,skip,training_upload_trigger_not_confirmed,1785296289.0176206,1785296289017620409,1384957234318858,75.3,53.3671875,-1.0,0,0
2026-07-28T23:38:09.018,10.42.0.145,,36,1,DOWNLOAD,0.95,DOWNLOAD,0.95,-1,29200,1.7123287670939668e-11,3,58400.0,0.0,3,0,1.0,0.0,0.3778795334187485,0,0,0,0,0,0,0,0,0.0225,0.0,0.0,0.0,0.15,skip,already_attacked_this_round,1785296289.0186348,1785296289018634868,1384957235333174,75.3,53.3671875,-1.0,0,0
2026-07-28T23:38:09.019,10.42.0.145,,36,1,DOWNLOAD,0.95560527383853,DOWNLOAD,0.95560527383853,-1,7657,1.5138441043112185e-11,4,66057.0,0.0,4,0,1.0,0.0,0.32818371795631196,0,0,0,0,0,0,0,0,0.0225,0.0,0.0,0.0,0.15,skip,already_attacked_this_round,1785296289.0193865,1785296289019386573,1384957236084969,75.3,53.3671875,-1.0,0,0
2026-07-28T23:38:09.022,10.42.0.47,,80,1,DOWNLOAD,0.9842101207899937,DOWNLOAD,0.9842101207899937,-1,7240,3.1391260672043216e-11,5,31856.0,0.0,5,0,1.0,0.0,0.034020465010624334,0,0,0,0,0,0,0,0,0.0225,0.0,0.0,0.0,0.15,skip,training_upload_trigger_not_confirmed,1785296289.022441,1785296289022441062,1384957239139987,75.3,53.3671875,-1.0,0,0
2026-07-28T23:38:09.023,10.42.0.47,,80,1,DOWNLOAD,0.9842173377326435,DOWNLOAD,0.9842173377326435,-1,7240,2.557806425144316e-11,6,39096.0,0.0,6,0,1.0,0.0,0.029640014383400214,0,0,0,0,0,0,0,0,0.0225,0.0,0.0,0.0,0.15,skip,training_upload_trigger_not_confirmed,1785296289.0232193,1785296289023219426,1384957239917574,75.3,53.3671875,-1.0,0,0
2026-07-28T23:38:09.025,10.42.0.47,,80,1,DOWNLOAD,0.9842044156825399,DOWNLOAD,0.9842044156825399,-1,5792,2.22776688642337e-11,7,44888.0,0.0,7,0,1.0,0.0,0.025990301125776192,0,0,0,0,0,0,0,0,0.0225,0.0,0.0,0.0,0.15,skip,training_upload_trigger_not_confirmed,1785296289.0251627,1785296289025162767,1384957241861120,75.3,53.3671875,-1.0,0,0
2026-07-28T23:38:09.026,10.42.0.47,,80,1,DOWNLOAD,0.9841505593837424,DOWNLOAD,0.9841505593837424,-1,2896,2.092750711491446e-11,8,47784.0,0.0,8,0,1.0,0.0,0.022749832200868087,0,0,0,0,0,0,0,0,0.0225,0.0,0.0,0.0,0.15,skip,training_upload_trigger_not_confirmed,1785296289.026562,1785296289026561969,1384957243261076,75.3,53.3671875,-1.0,0,0
2026-07-28T23:38:09.027,10.42.0.47,,80,1,DOWNLOAD,0.9841413988406617,DOWNLOAD,0.9841413988406617,-1,4344,1.918354818870504e-11,9,52128.0,0.0,9,0,1.0,0.0,0.019852678176152834,0,0,0,0,0,0,0,0,0.0225,0.0,0.0,0.0,0.15,skip,training_upload_trigger_not_confirmed,1785296289.027326,1785296289027326265,1384957244024537,75.3,53.3671875,-1.0,0,0
2026-07-28T23:38:09.029,10.42.0.47,,80,1,DOWNLOAD,0.9841581474019312,DOWNLOAD,0.9841581474019312,-1,7240,1.6844091092560906e-11,10,59368.0,0.0,10,0,1.0,0.0,0.01747747988698493,0,0,0,0,0,0,0,0,0.0225,0.0,0.0,0.0,0.15,skip,training_upload_trigger_not_confirmed,1785296289.029154,1785296289029154106,1384957245853155,75.3,53.3671875,-1.0,0,0
2026-07-28T23:38:09.030,10.42.0.47,,80,1,DOWNLOAD,0.984196044053576,DOWNLOAD,0.984196044053576,-1,10136,1.4387661141597784e-11,11,69504.0,0.0,11,0,1.0,0.0,0.015338801940398071,0,0,0,0,0,0,0,0,0.0225,0.0,0.0,0.0,0.15,skip,training_upload_trigger_not_confirmed,1785296289.0304017,1785296289030401725,1384957247100135,75.3,53.3671875,-1.0,0,0
2026-07-28T23:38:09.031,10.42.0.47,,80,1,DOWNLOAD,0.984202955738208,DOWNLOAD,0.984202955738208,-1,2896,1.3812154695941821e-11,12,72400.0,0.0,12,0,1.0,0.0,0.01343343855252426,0,0,0,0,0,0,0,0,0.0225,0.0,0.0,0.0,0.15,skip,training_upload_trigger_not_confirmed,1785296289.0312812,1785296289031281147,1384957247979580,75.3,53.3671875,-1.0,0,0
2026-07-28T23:38:09.033,10.42.0.47,,80,1,DOWNLOAD,0.9842085562181064,DOWNLOAD,0.9842085562181064,-1,6784,1.2628813901638856e-11,13,79184.0,0.0,13,0,1.0,0.0,0.011902152853438742,0,0,0,0,0,0,0,0,0.0225,0.0,0.0,0.0,0.15,skip,training_upload_trigger_not_confirmed,1785296289.0330942,1785296289033094033,1384957249792974,75.3,53.3671875,-1.0,0,0
2026-07-28T23:38:09.236,10.42.0.145,,36,1,DOWNLOAD,0.9566492993454999,DOWNLOAD,0.9566492993454999,0,43,1.5138441043112185e-11,4,66057.0,0.0,4,0,1.0,0.0,0.598929072207112,0,0,0,0,0,0,0,0,0.0225,0.0,0.0,0.0,0.15,skip,already_attacked_this_round,1785296289.2362883,1785296289236288383,1384957452986957,75.3,53.3671875,-1.0,0,0
2026-07-28T23:38:09.325,10.42.0.145,,36,2,TRAINING,0.95,TRAINING,0.95,1,64240,0.9724934526246652,5,66057.0,64240.0,4,1,0.5069725319846198,0.4930274680153802,0.5317925655386886,0,0,0,0,1,0,0,0,0.4525,1.0,0.0,0.4,0.15,skip,already_attacked_this_round,1785296289.325737,1785296289325737052,1384957542436478,75.3,53.3671875,-1.0,0,0
2026-07-28T23:38:09.327,10.42.0.1,,80,2,TRAINING,0.95,TRAINING,0.95,1,7240,0.2802883963146766,37,309574.0,86770.0,28,9,0.7810740165109097,0.2189259834890903,0.014465890811156106,0,0,0,0,1,0,0,0,0.4525,1.0,0.0,0.4,0.15,skip,training_upload_trigger_not_confirmed,1785296289.3270571,1785296289327057061,1384957543755952,75.3,53.3671875,-1.0,0,0
2026-07-28T23:38:09.327,10.42.0.1,10.42.0.1,80,3,UPLOAD,0.95,UPLOAD,0.95,1,7240,0.3036753732571092,38,309574.0,94010.0,28,10,0.7670621233745639,0.23293787662543608,0.012681147135363535,1,0,0,0,1,0,0,0,0.85,1.0,1.0,0.4,0.8,trigger,training_upload_trigger_confirmed,1785296289.327979,1785296289327978961,1384957544678016,75.3,53.3671875,19.176253,1785296289347156937,1384957563854269
2026-07-28T23:38:09.329,10.42.0.1,10.42.0.1,80,3,UPLOAD,0.95,UPLOAD,0.95,1,14480,0.35044932714197424,39,309574.0,108490.0,28,11,0.740494278387998,0.25950572161200197,0.011162690416164614,1,0,1,1,1,1,1,1,0.85,1.0,1.0,0.4,0.8,skip,attack_already_active,1785296289.329137,1785296289329137249,1384957545835683,75.3,53.3671875,-1.0,0,0
2026-07-28T23:38:09.329,10.42.0.1,10.42.0.1,80,3,UPLOAD,0.95,UPLOAD,0.95,1,14480,0.39722328102683935,40,309574.0,122970.0,28,12,0.7157052230524524,0.2842947769475475,0.009804018895609178,1,0,1,1,1,1,1,1,0.85,1.0,1.0,0.4,0.8,skip,attack_already_active,1785296289.3299892,1785296289329989092,1384957546687650,75.3,53.3671875,-1.0,0,0
2026-07-28T23:38:09.332,10.42.0.1,10.42.0.1,80,3,UPLOAD,0.95,UPLOAD,0.95,1,14480,0.4439972349117045,41,309574.0,137450.0,28,13,0.6925221017216078,0.3074778982783922,0.008792500537027913,1,0,1,1,1,1,1,1,0.85,1.0,1.0,0.4,0.8,skip,attack_already_active,1785296289.332117,1785296289332116971,1384957548815625,75.3,53.3671875,-1.0,0,0
2026-07-28T23:38:09.333,10.42.0.1,10.42.0.1,80,3,UPLOAD,0.95,UPLOAD,0.95,1,14480,0.49077118879656956,42,309574.0,151930.0,28,14,0.6707937526001941,0.32920624739980586,0.007828724670393009,1,0,1,1,1,1,1,1,0.9299999999999999,1.0,1.0,0.8,0.8,skip,attack_already_active,1785296289.3335958,1785296289333595695,1384957550295065,75.3,53.3671875,-1.0,0,0
2026-07-28T23:38:09.334,10.42.0.1,10.42.0.1,80,3,UPLOAD,0.95,UPLOAD,0.95,1,7130,0.513802838741258,43,309574.0,159060.0,28,15,0.6605880068454274,0.33941199315457266,0.006914882774224392,1,0,1,1,1,1,1,1,0.9299999999999999,1.0,1.0,0.8,0.8,skip,attack_already_active,1785296289.3344896,1785296289334489526,1384957551188199,75.3,53.3671875,-1.0,0,0
2026-07-28T23:38:09.351,10.42.0.59,10.42.0.1,33,2,TRAINING,0.95,TRAINING,0.95,1,64240,0.9724934526246652,5,66057.0,64240.0,4,1,0.5069725319846198,0.4930274680153802,0.7647088354225413,0,0,0,0,1,0,0,0,0.4525,1.0,0.0,0.4,0.15,skip,training_upload_trigger_not_confirmed,1785296289.3512933,1785296289351293515,1384957567993599,75.3,53.3671875,-1.0,0,0
2026-07-28T23:38:09.354,10.42.0.1,10.42.0.1,80,3,UPLOAD,0.95,UPLOAD,0.95,1,7240,0.5371898156836905,44,309574.0,166300.0,28,16,0.6505377473869134,0.34946225261308667,0.006170441762309526,1,0,1,1,1,1,1,1,0.9699999999999999,1.0,1.0,1.0,0.8,skip,attack_already_active,1785296289.354258,1785296289354258097,1384957570957352,75.3,53.3671875,-1.0,0,0
2026-07-28T23:38:09.355,10.42.0.1,10.42.0.1,80,3,UPLOAD,0.95,UPLOAD,0.95,1,5792,0.5558993972376366,45,309574.0,172092.0,28,17,0.6427150764222511,0.3572849235777489,0.005472794321813976,1,0,1,1,1,1,1,1,0.9699999999999999,1.0,1.0,1.0,0.8,skip,attack_already_active,1785296289.3551342,1785296289355134179,1384957571832418,75.3,53.3671875,-1.0,0,0
2026-07-28T23:38:09.356,10.42.0.1,10.42.0.1,80,3,UPLOAD,0.95,UPLOAD,0.95,1,2896,0.5652541880146096,46,309574.0,174988.0,28,18,0.6388738695976985,0.36112613040230146,0.00494015606441606,1,0,1,1,1,1,1,1,0.9699999999999999,1.0,1.0,1.0,0.8,skip,attack_already_active,1785296289.356565,1785296289356564915,1384957573263275,75.3,53.3671875,-1.0,0,0
2026-07-28T23:38:09.357,10.42.0.1,10.42.0.1,80,3,UPLOAD,0.95,UPLOAD,0.95,1,11584,0.6026733511225016,47,309574.0,186572.0,28,19,0.6239574641335414,0.37604253586645864,0.0044242019592605295,1,0,1,1,1,1,1,1,0.9699999999999999,1.0,1.0,1.0,0.8,skip,attack_already_active,1785296289.3575897,1785296289357589653,1384957574288790,75.3,53.3671875,-1.0,0,0
2026-07-28T23:38:09.358,10.42.0.1,10.42.0.1,80,3,UPLOAD,0.95,UPLOAD,0.95,1,2896,0.6120281418994746,48,309574.0,189468.0,28,20,0.6203365648582685,0.37966343514173156,0.003999015106398033,1,0,1,1,1,1,1,1,0.9699999999999999,1.0,1.0,1.0,0.8,skip,attack_already_active,1785296289.3587873,1785296289358787382,1384957575487559,75.3,53.3671875,-1.0,0,0
2026-07-28T23:38:09.361,10.42.0.1,10.42.0.1,80,3,UPLOAD,0.95,UPLOAD,0.95,1,11584,0.6494473050073668,49,309574.0,201052.0,28,21,0.6062636841837274,0.39373631581627255,0.0037655805457630074,1,0,1,1,1,1,1,1,0.9699999999999999,1.0,1.0,1.0,0.8,skip,attack_already_active,1785296289.3610148,1785296289361014726,1384957577714137,75.3,53.3671875,-1.0,0,0
2026-07-28T23:38:09.362,10.42.0.1,10.42.0.1,80,3,UPLOAD,0.95,UPLOAD,0.95,1,5792,0.6681568865613128,50,309574.0,206844.0,28,22,0.599464000092948,0.400535999907052,0.0034160299738246504,1,0,1,1,1,1,1,1,0.9699999999999999,1.0,1.0,1.0,0.8,skip,attack_already_active,1785296289.3621278,1785296289362127823,1384957578826912,75.3,53.3671875,-1.0,0,0
2026-07-28T23:38:09.363,10.42.0.1,10.42.0.1,80,3,UPLOAD,0.95,UPLOAD,0.95,1,21720,0.7383178173886105,51,309574.0,228564.0,28,23,0.5752687972230172,0.42473120277698284,0.0031104362715499816,1,0,1,1,1,1,1,1,0.9699999999999999,1.0,1.0,1.0,0.8,skip,attack_already_active,1785296289.3632247,1785296289363224913,1384957579924307,75.3,53.3671875,-1.0,0,0
2026-07-28T23:38:09.364,10.42.0.1,10.42.0.1,80,3,UPLOAD,0.95,UPLOAD,0.95,1,1448,0.7429952127770969,52,309574.0,230012.0,28,24,0.5737250410499902,0.42627495895000983,0.002850295901523069,1,0,1,1,1,1,1,1,0.9699999999999999,1.0,1.0,1.0,0.8,skip,attack_already_active,1785296289.364361,1785296289364360884,1384957581059717,75.3,53.3671875,-1.0,0,0
2026-07-28T23:38:09.366,10.42.0.1,10.42.0.1,80,3,UPLOAD,0.95,UPLOAD,0.95,1,5792,0.761704794331043,53,309574.0,235804.0,28,25,0.5676319910227402,0.4323680089772598,0.0027101108629176657,1,0,1,1,1,1,1,1,0.9699999999999999,1.0,1.0,1.0,0.8,skip,attack_already_active,1785296289.3661475,1785296289366147667,1384957582847696,75.3,53.3671875,-1.0,0,0
2026-07-28T23:38:09.367,10.42.0.1,10.42.0.1,80,3,UPLOAD,0.95,UPLOAD,0.95,1,2798,0.7707430210554803,54,309574.0,238602.0,28,26,0.564734683751204,0.435265316248796,0.0024921040521712,1,0,1,1,1,1,1,1,0.9699999999999999,1.0,1.0,1.0,0.8,skip,attack_already_active,1785296289.3672032,1785296289367203381,1384957583901697,75.3,53.3671875,-1.0,0,0
2026-07-28T23:38:09.423,10.42.0.18,10.42.0.1,58,2,TRAINING,0.95,TRAINING,0.95,1,49640,0.6267914188715887,10,79197.0,49640.0,9,1,0.6147069553001079,0.3852930446998921,0.4430146505387314,0,0,0,0,1,1,0,0,0.5725,1.0,0.0,1.0,0.15,skip,training_upload_trigger_not_confirmed,1785296289.4233837,1785296289423383935,1384957640083097,75.3,53.3671875,-1.0,0,0
2026-07-28T23:38:09.425,10.42.0.18,10.42.0.1,58,3,UPLOAD,0.95,UPLOAD,0.95,1,29915,1.0045203732464043,11,79197.0,79555.0,9,2,0.4988724551501713,0.5011275448498287,0.3848950390851193,0,0,0,1,1,1,1,1,0.9699999999999999,1.0,1.0,1.0,0.8,trigger,training_upload_trigger_confirmed,1785296289.4253447,1785296289425344675,1384957642043389,75.3,53.3671875,45.955155,1785296289471301242,1384957687998544
2026-07-28T23:38:09.426,10.42.0.1,10.42.0.1,80,3,UPLOAD,0.95,UPLOAD,0.95,1,7240,0.7941299979979128,55,309574.0,245842.0,28,27,0.5573732121508923,0.4426267878491077,0.0024596924587826402,1,0,1,1,1,1,1,1,0.9699999999999999,1.0,1.0,1.0,0.8,skip,attack_already_active,1785296289.4266315,1785296289426631344,1384957643329976,75.3,53.3671875,-1.0,0,0
2026-07-28T23:38:09.427,10.42.0.1,10.42.0.1,80,3,UPLOAD,0.95,UPLOAD,0.95,1,5792,0.8128395795518589,56,309574.0,251634.0,28,28,0.5516207894399224,0.44837921056007757,0.0022747158176973105,1,0,1,1,1,1,1,1,0.9699999999999999,1.0,1.0,1.0,0.8,skip,attack_already_active,1785296289.4276874,1785296289427687339,1384957644387081,75.3,53.3671875,-1.0,0,0
2026-07-28T23:38:09.429,10.42.0.1,10.42.0.1,80,3,UPLOAD,0.95,UPLOAD,0.95,1,2896,0.8221943703288319,57,309574.0,254530.0,28,29,0.5487888758101342,0.4512111241898657,0.002149773216856685,1,0,1,1,1,1,1,1,0.9699999999999999,1.0,1.0,1.0,0.8,skip,attack_already_active,1785296289.429014,1785296289429014141,1384957645712496,75.3,53.3671875,-1.0,0,0
2026-07-28T23:38:09.431,10.42.0.1,10.42.0.1,80,3,UPLOAD,0.95,UPLOAD,0.95,1,11584,0.859613533436724,58,309574.0,266114.0,28,30,0.5377461402704242,0.4622538597295757,0.0021554345715606195,1,0,1,1,1,1,1,1,0.9699999999999999,1.0,1.0,1.0,0.8,skip,attack_already_active,1785296289.4312067,1785296289431206602,1384957647906101,75.3,53.3671875,-1.0,0,0
2026-07-28T23:38:09.432,10.42.0.1,10.42.0.1,80,3,UPLOAD,0.95,UPLOAD,0.95,1,2896,0.868968324213697,59,309574.0,269010.0,28,31,0.5350545469629302,0.4649454530370698,0.002032512171583931,1,0,1,1,1,1,1,1,0.9699999999999999,1.0,1.0,1.0,0.8,skip,attack_already_active,1785296289.4324293,1785296289432429254,1384957649129260,75.3,53.3671875,-1.0,0,0
2026-07-28T23:38:09.433,10.42.0.1,10.42.0.1,80,3,UPLOAD,0.95,UPLOAD,0.95,1,11584,0.906387487321589,60,309574.0,280594.0,28,32,0.5245523308617207,0.4754476691382793,0.0018982975091573417,1,0,1,1,1,1,1,1,0.9699999999999999,1.0,1.0,1.0,0.8,skip,attack_already_active,1785296289.4334433,1785296289433443254,1384957650141654,75.3,53.3671875,-1.0,0,0
2026-07-28T23:38:09.434,10.42.0.1,10.42.0.1,80,3,UPLOAD,0.95,UPLOAD,0.95,1,5792,0.9250970688755351,61,309574.0,286386.0,28,33,0.5194543257936775,0.48054567420632255,0.0017993312847956208,1,0,1,1,1,1,1,1,0.9699999999999999,1.0,1.0,1.0,0.8,skip,attack_already_active,1785296289.4345906,1785296289434590461,1384957651289020,75.3,53.3671875,-1.0,0,0
2026-07-28T23:38:09.436,10.42.0.1,10.42.0.1,80,3,UPLOAD,0.95,UPLOAD,0.95,1,14480,0.9718710227604002,62,309574.0,300866.0,28,34,0.5071325601205687,0.4928674398794312,0.0018484386180377074,1,0,1,1,1,1,1,1,0.9699999999999999,1.0,1.0,1.0,0.8,skip,attack_already_active,1785296289.4367626,1785296289436762670,1384957653461097,75.3,53.3671875,-1.0,0,0
2026-07-28T23:38:09.437,10.42.0.1,10.42.0.1,80,3,UPLOAD,0.95,UPLOAD,0.95,1,8688,0.9999353950913192,63,309574.0,309554.0,28,35,0.5000161517489113,0.4999838482510886,0.0017233055067297882,1,0,1,1,1,1,1,1,0.9699999999999999,1.0,1.0,1.0,0.8,skip,attack_already_active,1785296289.4376614,1785296289437661442,1384957654359749,75.3,53.3671875,-1.0,0,0
2026-07-28T23:38:09.438,10.42.0.1,10.42.0.1,80,3,UPLOAD,0.95,UPLOAD,0.95,1,5792,1.0186449766452652,64,309574.0,315346.0,28,36,0.49538180887153554,0.5046181911284644,0.001607687063774743,1,0,1,1,1,1,1,1,0.9699999999999999,1.0,1.0,1.0,0.8,skip,attack_already_active,1785296289.4385073,1785296289438507288,1384957655205829,75.3,53.3671875,-1.0,0,0
2026-07-28T23:38:09.439,10.42.0.1,10.42.0.1,80,3,UPLOAD,0.95,UPLOAD,0.95,1,2798,1.0276832033697025,65,309574.0,318144.0,28,37,0.4931736862731354,0.5068263137268646,0.0014892391277962823,1,0,1,1,1,1,1,1,0.9699999999999999,1.0,1.0,1.0,0.8,skip,attack_already_active,1785296289.4392161,1785296289439216164,1384957655914292,75.3,53.3671875,-1.0,0,0
2026-07-28T23:38:09.970,10.42.0.18,10.42.0.1,58,3,UPLOAD,0.9841010226033655,UPLOAD,0.9841010226033655,0,39,1.0045203732464043,11,79197.0,79555.0,9,2,0.4988724551501713,0.5011275448498287,0.3410582017971231,0,0,1,0,0,0,0,0,0.4375,0.05,1.0,0.0,0.8,skip,attack_already_active,1785296289.9700158,1785296289970015763,1384958186714489,74.6,53.3671875,-1.0,0,0
2026-07-28T23:38:09.976,10.42.0.1,10.42.0.1,80,3,UPLOAD,0.9816804284565466,UPLOAD,0.9816804284565466,0,43,2.23308439551881,36,106854.0,238614.0,7,29,0.3093021640209802,0.6906978359790198,0.008934261057620683,1,0,1,0,0,0,0,0,0.45499999999999996,0.1,1.0,0.0,0.8,skip,attack_already_active,1785296289.976796,1785296289976795821,1384958193494976,74.6,53.3671875,-1.0,0,0
2026-07-28T23:38:10.268,10.42.0.47,10.42.0.1|10.42.0.47,80,3,UPLOAD,0.95,UPLOAD,0.95,1,7240,100.0,1,0.0,7240.0,0,1,0.0,1.0,0.20508538051348957,1,0,0,1,1,1,1,1,0.9699999999999999,1.0,1.0,1.0,0.8,trigger,training_upload_trigger_confirmed,1785296290.2687104,1785296290268710449,1384958485409448,5.8,53.3671875,8.8279,1785296290277539958,1384958494237348
2026-07-28T23:38:10.269,10.42.0.47,10.42.0.1|10.42.0.47,80,3,UPLOAD,0.9569759236635647,UPLOAD,0.9569759236635647,1,2896,100.0,2,0.0,10136.0,0,2,0.0,1.0,0.17822027842162202,1,0,1,1,1,1,1,1,0.9699999999999999,1.0,1.0,1.0,0.8,skip,attack_already_active,1785296290.269924,1785296290269923898,1384958486622504,5.8,53.3671875,-1.0,0,0
2026-07-28T23:38:10.272,10.42.0.47,10.42.0.1|10.42.0.47,80,3,UPLOAD,0.9587121976663172,UPLOAD,0.9587121976663172,1,4344,100.0,3,0.0,14480.0,0,3,0.0,1.0,0.1550881513889578,1,0,1,1,1,1,1,1,0.9699999999999999,1.0,1.0,1.0,0.8,skip,attack_already_active,1785296290.272601,1785296290272600860,1384958489299225,5.8,53.3671875,-1.0,0,0
2026-07-28T23:38:10.274,10.42.0.47,10.42.0.1|10.42.0.47,80,3,UPLOAD,0.9600940865520255,UPLOAD,0.9600940865520255,1,10136,100.0,4,0.0,24616.0,0,4,0.0,1.0,0.1348463438453768,1,0,1,1,1,1,1,1,0.9699999999999999,1.0,1.0,1.0,0.8,skip,attack_already_active,1785296290.2740796,1785296290274079538,1384958490778656,5.8,53.3671875,-1.0,0,0
2026-07-28T23:38:10.276,10.42.0.47,10.42.0.1|10.42.0.47,80,3,UPLOAD,0.9612173191682594,UPLOAD,0.9612173191682594,1,1448,100.0,5,0.0,26064.0,0,5,0.0,1.0,0.11733255689514088,1,0,1,1,1,1,1,1,0.9699999999999999,1.0,1.0,1.0,0.8,skip,attack_already_active,1785296290.2760186,1785296290276018725,1384958492719238,5.8,53.3671875,-1.0,0,0
2026-07-28T23:38:10.277,10.42.0.47,10.42.0.1|10.42.0.47,80,3,UPLOAD,0.9627527083697055,UPLOAD,0.9627527083697055,1,8688,100.0,6,0.0,34752.0,0,6,0.0,1.0,0.10204652533862513,1,0,1,1,1,1,1,1,0.9699999999999999,1.0,1.0,1.0,0.8,skip,attack_already_active,1785296290.2773497,1785296290277349633,1384958494050146,5.8,53.3671875,-1.0,0,0
2026-07-28T23:38:10.278,10.42.0.47,10.42.0.1|10.42.0.47,80,3,UPLOAD,0.9644926080917778,UPLOAD,0.9644926080917778,1,8688,100.0,7,0.0,43440.0,0,7,0.0,1.0,0.08874737500889368,1,0,1,1,1,1,1,1,0.9699999999999999,1.0,1.0,1.0,0.8,skip,attack_already_active,1785296290.2784727,1785296290278472698,1384958495171049,5.8,53.3671875,-1.0,0,0
2026-07-28T23:38:10.279,10.42.0.47,10.42.0.1|10.42.0.47,80,3,UPLOAD,0.9663897371534514,UPLOAD,0.9663897371534514,1,15928,100.0,8,0.0,59368.0,0,8,0.0,1.0,0.07718852316632399,1,0,1,1,1,1,1,1,0.9699999999999999,1.0,1.0,1.0,0.8,skip,attack_already_active,1785296290.279503,1785296290279503091,1384958496201856,5.8,53.3671875,-1.0,0,0
2026-07-28T23:38:10.281,10.42.0.47,10.42.0.1|10.42.0.47,80,3,UPLOAD,0.967604516787009,UPLOAD,0.967604516787009,1,2896,100.0,9,0.0,62264.0,0,9,0.0,1.0,0.067264239274893,1,0,1,1,1,1,1,1,0.9699999999999999,1.0,1.0,1.0,0.8,skip,attack_already_active,1785296290.281379,1785296290281379146,1384958498078292,5.8,53.3671875,-1.0,0,0
2026-07-28T23:38:10.282,10.42.0.47,10.42.0.1|10.42.0.47,80,3,UPLOAD,0.9686182556889409,UPLOAD,0.9686182556889409,1,1448,100.0,10,0.0,63712.0,0,10,0.0,1.0,0.05853012698768548,1,0,1,1,1,1,1,1,0.9699999999999999,1.0,1.0,1.0,0.8,skip,attack_already_active,1785296290.2823625,1785296290282362374,1384958499060737,5.8,53.3671875,-1.0,0,0
2026-07-28T23:38:10.283,10.42.0.47,10.42.0.1|10.42.0.47,80,3,UPLOAD,0.9688907746940377,UPLOAD,0.9688907746940377,1,5792,100.0,11,0.0,69504.0,0,11,0.0,1.0,0.05095602735964114,1,0,1,1,1,1,1,1,0.9699999999999999,1.0,1.0,1.0,0.8,skip,attack_already_active,1785296290.2834148,1785296290283414701,1384958500113280,5.8,53.3671875,-1.0,0,0
2026-07-28T23:38:10.285,10.42.0.47,10.42.0.1|10.42.0.47,80,3,UPLOAD,0.969083612297114,UPLOAD,0.969083612297114,1,10051,100.0,12,0.0,79555.0,0,12,0.0,1.0,0.044462817168151016,1,0,1,1,1,1,1,1,0.9699999999999999,1.0,1.0,1.0,0.8,skip,attack_already_active,1785296290.2850957,1785296290285095593,1384958501794043,5.8,53.3671875,-1.0,0,0
2026-07-28T23:38:10.286,10.42.0.1,10.42.0.1|10.42.0.47,80,3,UPLOAD,0.9853815886630873,UPLOAD,0.9853815886630873,1,7240,100.0,30,0.0,245854.0,0,30,0.0,1.0,0.009741438778651303,1,0,1,1,1,1,1,1,0.9699999999999999,1.0,1.0,1.0,0.8,skip,attack_already_active,1785296290.2866378,1785296290286637849,1384958503336525,5.8,53.3671875,-1.0,0,0
2026-07-28T23:38:10.287,10.42.0.1,10.42.0.1|10.42.0.47,80,3,UPLOAD,0.9855050610423531,UPLOAD,0.9855050610423531,1,5792,100.0,31,0.0,251646.0,0,31,0.0,1.0,0.008591635747508864,1,0,1,1,1,1,1,1,0.9699999999999999,1.0,1.0,1.0,0.8,skip,attack_already_active,1785296290.2876537,1785296290287653733,1384958504352198,5.8,53.3671875,-1.0,0,0
2026-07-28T23:38:10.289,10.42.0.1,10.42.0.1|10.42.0.47,80,3,UPLOAD,0.985508631439537,UPLOAD,0.985508631439537,1,14480,100.0,32,0.0,266126.0,0,32,0.0,1.0,0.007656904965302997,1,0,1,1,1,1,1,1,0.9699999999999999,1.0,1.0,1.0,0.8,skip,attack_already_active,1785296290.289152,1785296290289151965,1384958505850538,5.8,53.3671875,-1.0,0,0
2026-07-28T23:38:10.290,10.42.0.1,10.42.0.1|10.42.0.47,80,3,UPLOAD,0.985508723994008,UPLOAD,0.985508723994008,1,14480,100.0,33,0.0,280606.0,0,33,0.0,1.0,0.006787476834255722,1,0,1,1,1,1,1,1,0.9699999999999999,1.0,1.0,1.0,0.8,skip,attack_already_active,1785296290.290211,1785296290290211097,1384958506909304,5.8,53.3671875,-1.0,0,0
2026-07-28T23:38:10.291,10.42.0.1,10.42.0.1|10.42.0.47,80,3,UPLOAD,0.985508726124371,UPLOAD,0.985508726124371,1,14480,100.0,34,0.0,295086.0,0,34,0.0,1.0,0.006083324948645038,1,0,1,1,1,1,1,1,0.9699999999999999,1.0,1.0,1.0,0.8,skip,attack_already_active,1785296290.2916548,1785296290291654932,1384958508353532,5.8,53.3671875,-1.0,0,0
2026-07-28T23:38:10.293,10.42.0.1,10.42.0.1|10.42.0.47,80,3,UPLOAD,0.9855087261651894,UPLOAD,0.9855087261651894,1,14480,100.0,35,0.0,309566.0,0,35,0.0,1.0,0.005532880800548646,1,0,1,1,1,1,1,1,0.9699999999999999,1.0,1.0,1.0,0.8,skip,attack_already_active,1785296290.293561,1785296290293561044,1384958510259632,5.8,53.3671875,-1.0,0,0
2026-07-28T23:38:10.294,10.42.0.1,10.42.0.1|10.42.0.47,80,3,UPLOAD,0.9855087261656716,UPLOAD,0.9855087261656716,1,8590,100.0,36,0.0,318156.0,0,36,0.0,1.0,0.004963452013734382,1,0,1,1,1,1,1,1,0.9699999999999999,1.0,1.0,1.0,0.8,skip,attack_already_active,1785296290.2947726,1785296290294772701,1384958511472713,5.8,53.3671875,-1.0,0,0
2026-07-28T23:38:11.187,10.42.0.1,10.42.0.1|10.42.0.47,80,3,UPLOAD,0.9855087261656635,UPLOAD,0.9855087261656635,0,43,100.0,7,0.0,79542.0,0,7,0.0,1.0,0.09368927195145757,1,0,1,0,0,0,0,0,0.45499999999999996,0.1,1.0,0.0,0.8,skip,attack_already_active,1785296291.1878848,1785296291187884886,1384959404583865,9.6,53.3671875,-1.0,0,0
2026-07-28T23:38:11.305,10.42.0.210,10.42.0.1|10.42.0.47,79,2,TRAINING,0.9293977297375461,TRAINING,0.9293977297375461,0,43,1.0,0,0.0,0.0,0,0,0.0,0.0,0.3781765802239956,0,0,0,0,0,0,0,0,0.039999999999999994,0.05,0.0,0.0,0.15,skip,training_upload_trigger_not_confirmed,1785296291.3055718,1785296291305571727,1384959522270430,9.6,53.3671875,-1.0,0,0
2026-07-28T23:38:11.391,10.42.0.210,10.42.0.1|10.42.0.47,79,3,UPLOAD,0.95,UPLOAD,0.95,1,1448,100.0,1,0.0,1448.0,0,1,0.0,1.0,0.33969888224730566,0,0,0,1,1,1,1,1,0.9525,0.95,1.0,1.0,0.8,trigger,training_upload_trigger_confirmed,1785296291.3917518,1785296291391751577,1384959608450673,9.6,53.3671875,8.760167,1785296291400513480,1384959617210840
2026-07-28T23:38:11.393,10.42.0.210,10.42.0.1|10.42.0.47,79,3,UPLOAD,0.9841010226033655,UPLOAD,0.9841010226033655,1,1448,100.0,2,0.0,2896.0,0,2,0.0,1.0,0.2951522116194329,0,0,1,1,1,1,1,1,0.9699999999999999,1.0,1.0,1.0,0.8,skip,attack_already_active,1785296291.3933983,1785296291393398221,1384959610097215,9.6,53.3671875,-1.0,0,0
2026-07-28T23:38:11.394,10.42.0.210,10.42.0.1|10.42.0.47,79,3,UPLOAD,0.9854688349332961,UPLOAD,0.9854688349332961,1,1448,100.0,3,0.0,4344.0,0,3,0.0,1.0,0.2564675177220662,0,0,1,1,1,1,1,1,0.9699999999999999,1.0,1.0,1.0,0.8,skip,attack_already_active,1785296291.394983,1785296291394983237,1384959611682321,9.6,53.3671875,-1.0,0,0
2026-07-28T23:38:11.396,10.42.0.210,10.42.0.1|10.42.0.47,79,3,UPLOAD,0.9855076450773014,UPLOAD,0.9855076450773014,1,1448,100.0,4,0.0,5792.0,0,4,0.0,1.0,0.22282361317152066,0,0,1,1,1,1,1,1,0.9699999999999999,1.0,1.0,1.0,0.8,skip,attack_already_active,1785296291.3961363,1785296291396136151,1384959612834834,9.6,53.3671875,-1.0,0,0
2026-07-28T23:38:11.397,10.42.0.210,10.42.0.1|10.42.0.47,79,3,UPLOAD,0.9855086980780915,UPLOAD,0.9855086980780915,1,1448,100.0,5,0.0,7240.0,0,5,0.0,1.0,0.19367874739014693,0,0,1,1,1,1,1,1,0.9699999999999999,1.0,1.0,1.0,0.8,skip,attack_already_active,1785296291.3977876,1785296291397787767,1384959614486886,9.6,53.3671875,-1.0,0,0
2026-07-28T23:38:11.398,10.42.0.210,10.42.0.1|10.42.0.47,79,3,UPLOAD,0.9855087254685951,UPLOAD,0.9855087254685951,1,1448,100.0,6,0.0,8688.0,0,6,0.0,1.0,0.1683054694428646,0,0,1,1,1,1,1,1,0.9699999999999999,1.0,1.0,1.0,0.8,skip,attack_already_active,1785296291.3989155,1785296291398915456,1384959615614285,9.6,53.3671875,-1.0,0,0
2026-07-28T23:38:11.400,10.42.0.210,10.42.0.1|10.42.0.47,79,3,UPLOAD,0.9855087261493067,UPLOAD,0.9855087261493067,1,1448,100.0,7,0.0,10136.0,0,7,0.0,1.0,0.14636169994817047,0,0,1,1,1,1,1,1,0.9699999999999999,1.0,1.0,1.0,0.8,skip,attack_already_active,1785296291.4006958,1785296291400695691,1384959617394314,9.6,53.3671875,-1.0,0,0
2026-07-28T23:38:11.401,10.42.0.210,10.42.0.1|10.42.0.47,79,3,UPLOAD,0.9855087261653082,UPLOAD,0.9855087261653082,1,1448,100.0,8,0.0,11584.0,0,8,0.0,1.0,0.1272157778392303,0,0,1,1,1,1,1,1,0.9699999999999999,1.0,1.0,1.0,0.8,skip,attack_already_active,1785296291.4017644,1785296291401764283,1384959618462708,9.6,53.3671875,-1.0,0,0
2026-07-28T23:38:11.403,10.42.0.210,10.42.0.1|10.42.0.47,79,3,UPLOAD,0.985508726165656,UPLOAD,0.985508726165656,1,1448,100.0,9,0.0,13032.0,0,9,0.0,1.0,0.11065371794248623,0,0,1,1,1,1,1,1,0.9699999999999999,1.0,1.0,1.0,0.8,skip,attack_already_active,1785296291.4032953,1785296291403295137,1384959619993504,9.6,53.3671875,-1.0,0,0
2026-07-28T23:38:11.404,10.42.0.210,10.42.0.1|10.42.0.47,79,3,UPLOAD,0.95,UPLOAD,0.95,1,1448,100.0,10,0.0,14480.0,0,10,0.0,1.0,0.09620678702757302,0,0,1,1,1,1,1,1,0.9699999999999999,1.0,1.0,1.0,0.8,skip,attack_already_active,1785296291.4043152,1785296291404315200,1384959621013686,9.6,53.3671875,-1.0,0,0
2026-07-28T23:38:11.405,10.42.0.210,10.42.0.1|10.42.0.47,79,3,UPLOAD,0.95,UPLOAD,0.95,1,1448,100.0,11,0.0,15928.0,0,11,0.0,1.0,0.08372878403392449,0,0,1,1,1,1,1,1,0.9699999999999999,1.0,1.0,1.0,0.8,skip,attack_already_active,1785296291.40583,1785296291405829852,1384959622528521,9.6,53.3671875,-1.0,0,0
2026-07-28T23:38:11.407,10.42.0.210,10.42.0.1|10.42.0.47,79,3,UPLOAD,0.95,UPLOAD,0.95,1,1448,100.0,12,0.0,17376.0,0,12,0.0,1.0,0.07286213773556632,0,0,1,1,1,1,1,1,0.9699999999999999,1.0,1.0,1.0,0.8,skip,attack_already_active,1785296291.4070947,1785296291407094727,1384959623793413,9.6,53.3671875,-1.0,0,0
2026-07-28T23:38:11.408,10.42.0.210,10.42.0.1|10.42.0.47,79,3,UPLOAD,0.95,UPLOAD,0.95,1,1448,100.0,13,0.0,18824.0,0,13,0.0,1.0,0.06346790369699074,0,0,1,1,1,1,1,1,0.9699999999999999,1.0,1.0,1.0,0.8,skip,attack_already_active,1785296291.4086666,1785296291408666674,1384959625365603,9.6,53.3671875,-1.0,0,0
2026-07-28T23:38:11.409,10.42.0.210,10.42.0.1|10.42.0.47,79,3,UPLOAD,0.95,UPLOAD,0.95,1,1448,100.0,14,0.0,20272.0,0,14,0.0,1.0,0.05527813024059978,0,0,1,1,1,1,1,1,0.9699999999999999,1.0,1.0,1.0,0.8,skip,attack_already_active,1785296291.4099846,1785296291409984416,1384959626683017,9.6,53.3671875,-1.0,0,0
2026-07-28T23:38:11.411,10.42.0.210,10.42.0.1|10.42.0.47,79,3,UPLOAD,0.95,UPLOAD,0.95,1,1448,100.0,15,0.0,21720.0,0,15,0.0,1.0,0.04820431828439928,0,0,1,1,1,1,1,1,0.9699999999999999,1.0,1.0,1.0,0.8,skip,attack_already_active,1785296291.4115815,1785296291411581549,1384959628280519,9.6,53.3671875,-1.0,0,0
2026-07-28T23:38:11.412,10.42.0.210,10.42.0.1|10.42.0.47,79,3,UPLOAD,0.95,UPLOAD,0.95,1,1448,100.0,16,0.0,23168.0,0,16,0.0,1.0,0.04200223832389391,0,0,1,1,1,1,1,1,0.9699999999999999,1.0,1.0,1.0,0.8,skip,attack_already_active,1785296291.41272,1785296291412719834,1384959629419125,9.6,53.3671875,-1.0,0,0
2026-07-28T23:38:11.414,10.42.0.210,10.42.0.1|10.42.0.47,79,3,UPLOAD,0.95,UPLOAD,0.95,1,1448,100.0,17,0.0,24616.0,0,17,0.0,1.0,0.03669396714076466,0,0,1,1,1,1,1,1,0.9699999999999999,1.0,1.0,1.0,0.8,skip,attack_already_active,1785296291.4144392,1785296291414439145,1384959631137827,9.6,53.3671875,-1.0,0,0
2026-07-28T23:38:11.416,10.42.0.210,10.42.0.1|10.42.0.47,79,3,UPLOAD,0.95,UPLOAD,0.95,1,1448,100.0,18,0.0,26064.0,0,18,0.0,1.0,0.03207680210538275,0,0,1,1,1,1,1,1,0.9699999999999999,1.0,1.0,1.0,0.8,skip,attack_already_active,1785296291.4160948,1785296291416094780,1384959632794536,9.6,53.3671875,-1.0,0,0
2026-07-28T23:38:11.418,10.42.0.210,10.42.0.1|10.42.0.47,79,3,UPLOAD,0.95,UPLOAD,0.95,1,1448,100.0,19,0.0,27512.0,0,19,0.0,1.0,0.028122727957844623,0,0,1,1,1,1,1,1,0.9699999999999999,1.0,1.0,1.0,0.8,skip,attack_already_active,1785296291.4181652,1785296291418165266,1384959634865420,9.6,53.3671875,-1.0,0,0
2026-07-28T23:38:11.419,10.42.0.210,10.42.0.1|10.42.0.47,79,3,UPLOAD,0.95,UPLOAD,0.95,1,1448,100.0,20,0.0,28960.0,0,20,0.0,1.0,0.024587750102819935,0,0,1,1,1,1,1,1,0.9699999999999999,1.0,1.0,1.0,0.8,skip,attack_already_active,1785296291.419462,1785296291419461862,1384959636160846,9.6,53.3671875,-1.0,0,0
2026-07-28T23:38:11.421,10.42.0.210,10.42.0.1|10.42.0.47,79,3,UPLOAD,0.95,UPLOAD,0.95,1,1448,100.0,21,0.0,30408.0,0,21,0.0,1.0,0.021571907543109486,0,0,1,1,1,1,1,1,0.9699999999999999,1.0,1.0,1.0,0.8,skip,attack_already_active,1785296291.4211633,1785296291421163226,1384959637862779,9.6,53.3671875,-1.0,0,0
2026-07-28T23:38:11.422,10.42.0.210,10.42.0.1|10.42.0.47,79,3,UPLOAD,0.95,UPLOAD,0.95,1,1448,100.0,22,0.0,31856.0,0,22,0.0,1.0,0.01887697446693102,0,0,1,1,1,1,1,1,0.9699999999999999,1.0,1.0,1.0,0.8,skip,attack_already_active,1785296291.4222841,1785296291422283976,1384959638983170,9.6,53.3671875,-1.0,0,0
2026-07-28T23:38:11.424,10.42.0.210,10.42.0.1|10.42.0.47,79,3,UPLOAD,0.95,UPLOAD,0.95,1,1448,100.0,23,0.0,33304.0,0,23,0.0,1.0,0.016640748202152868,0,0,1,1,1,1,1,1,0.9699999999999999,1.0,1.0,1.0,0.8,skip,attack_already_active,1785296291.424191,1785296291424191000,1384959640890549,9.6,53.3671875,-1.0,0,0
2026-07-28T23:38:11.425,10.42.0.210,10.42.0.1|10.42.0.47,79,3,UPLOAD,0.95,UPLOAD,0.95,1,1448,100.0,24,0.0,34752.0,0,24,0.0,1.0,0.014609628225434011,0,0,1,1,1,1,1,1,0.9699999999999999,1.0,1.0,1.0,0.8,skip,attack_already_active,1785296291.4254181,1785296291425418216,1384959642116860,9.6,53.3671875,-1.0,0,0
2026-07-28T23:38:11.426,10.42.0.210,10.42.0.1|10.42.0.47,79,3,UPLOAD,0.95,UPLOAD,0.95,1,1448,100.0,25,0.0,36200.0,0,25,0.0,1.0,0.012885178516850986,0,0,1,1,1,1,1,1,0.9699999999999999,1.0,1.0,1.0,0.8,skip,attack_already_active,1785296291.4269414,1785296291426941535,1384959643640144,9.6,53.3671875,-1.0,0,0
2026-07-28T23:38:11.428,10.42.0.210,10.42.0.1|10.42.0.47,79,3,UPLOAD,0.95,UPLOAD,0.95,1,1448,100.0,26,0.0,37648.0,0,26,0.0,1.0,0.011368425579005841,0,0,1,1,1,1,1,1,0.9699999999999999,1.0,1.0,1.0,0.8,skip,attack_already_active,1785296291.4283164,1785296291428316494,1384959645015274,9.6,53.3671875,-1.0,0,0
2026-07-28T23:38:11.429,10.42.0.210,10.42.0.1|10.42.0.47,79,3,UPLOAD,0.95,UPLOAD,0.95,1,1448,100.0,27,0.0,39096.0,0,27,0.0,1.0,0.010083713454996082,0,0,1,1,1,1,1,1,0.9699999999999999,1.0,1.0,1.0,0.8,skip,attack_already_active,1785296291.4299355,1785296291429935487,1384959646634490,9.6,53.3671875,-1.0,0,0
2026-07-28T23:38:11.431,10.42.0.210,10.42.0.1|10.42.0.47,79,3,UPLOAD,0.95,UPLOAD,0.95,1,1448,100.0,28,0.0,40544.0,0,28,0.0,1.0,0.00890963715050643,0,0,1,1,1,1,1,1,0.9699999999999999,1.0,1.0,1.0,0.8,skip,attack_already_active,1785296291.4311094,1785296291431109273,1384959647808284,9.6,53.3671875,-1.0,0,0
2026-07-28T23:38:11.432,10.42.0.210,10.42.0.1|10.42.0.47,79,3,UPLOAD,0.95,UPLOAD,0.95,1,1448,100.0,29,0.0,41992.0,0,29,0.0,1.0,0.007948427885817462,0,0,1,1,1,1,1,1,0.9699999999999999,1.0,1.0,1.0,0.8,skip,attack_already_active,1785296291.4327247,1785296291432724707,1384959649423663,9.6,53.3671875,-1.0,0,0
2026-07-28T23:38:11.433,10.42.0.210,10.42.0.1|10.42.0.47,79,3,UPLOAD,0.95,UPLOAD,0.95,1,1448,100.0,30,0.0,43440.0,0,30,0.0,1.0,0.007066409646663573,0,0,1,1,1,1,1,1,0.9699999999999999,1.0,1.0,1.0,0.8,skip,attack_already_active,1785296291.4339797,1785296291433979568,1384959650678715,9.6,53.3671875,-1.0,0,0
2026-07-28T23:38:11.435,10.42.0.210,10.42.0.1|10.42.0.47,79,3,UPLOAD,0.95,UPLOAD,0.95,1,1448,100.0,31,0.0,44888.0,0,31,0.0,1.0,0.006333418743236188,0,0,1,1,1,1,1,1,0.9699999999999999,1.0,1.0,1.0,0.8,skip,attack_already_active,1785296291.4354837,1785296291435483720,1384959652182321,9.6,53.3671875,-1.0,0,0
2026-07-28T23:38:11.436,10.42.0.210,10.42.0.1|10.42.0.47,79,3,UPLOAD,0.95,UPLOAD,0.95,1,1448,100.0,32,0.0,46336.0,0,32,0.0,1.0,0.005639240578052921,0,0,1,1,1,1,1,1,0.9699999999999999,1.0,1.0,1.0,0.8,skip,attack_already_active,1785296291.4365492,1785296291436549162,1384959653264243,9.6,53.3671875,-1.0,0,0
2026-07-28T23:38:11.437,10.42.0.210,10.42.0.1|10.42.0.47,79,3,UPLOAD,0.95,UPLOAD,0.95,1,1448,100.0,33,0.0,47784.0,0,33,0.0,1.0,0.0050271121273475555,0,0,1,1,1,1,1,1,0.9699999999999999,1.0,1.0,1.0,0.8,skip,attack_already_active,1785296291.4375432,1785296291437543173,1384959654241464,9.6,53.3671875,-1.0,0,0
2026-07-28T23:38:11.438,10.42.0.210,10.42.0.1|10.42.0.47,79,3,UPLOAD,0.95,UPLOAD,0.95,1,1448,100.0,34,0.0,49232.0,0,34,0.0,1.0,0.004492944674645175,0,0,1,1,1,1,1,1,0.9699999999999999,1.0,1.0,1.0,0.8,skip,attack_already_active,1785296291.4385166,1785296291438516773,1384959655215119,9.6,53.3671875,-1.0,0,0
2026-07-28T23:38:11.439,10.42.0.210,10.42.0.1|10.42.0.47,79,3,UPLOAD,0.95,UPLOAD,0.95,1,1448,100.0,35,0.0,50680.0,0,35,0.0,1.0,0.00404424724543916,0,0,1,1,1,1,1,1,0.9699999999999999,1.0,1.0,1.0,0.8,skip,attack_already_active,1785296291.4396045,1785296291439604392,1384959656303753,9.6,53.3671875,-1.0,0,0
2026-07-28T23:38:11.443,10.42.0.1,10.42.0.1|10.42.0.47,80,3,UPLOAD,0.9848673528179138,UPLOAD,0.9848673528179138,1,7240,100.0,1,0.0,7240.0,0,1,0.0,1.0,0.09897814458920805,1,0,1,1,1,1,1,1,0.9699999999999999,1.0,1.0,1.0,0.8,skip,attack_already_active,1785296291.4434037,1785296291443403711,1384959660102210,9.6,53.3671875,-1.0,0,0
2026-07-28T23:38:11.444,10.42.0.1,10.42.0.1|10.42.0.47,80,3,UPLOAD,0.9854042960447663,UPLOAD,0.9854042960447663,1,7240,100.0,2,0.0,14480.0,0,2,0.0,1.0,0.08610814831324112,1,0,1,1,1,1,1,1,0.9699999999999999,1.0,1.0,1.0,0.8,skip,attack_already_active,1785296291.444715,1785296291444715099,1384959661413868,9.6,53.3671875,-1.0,0,0
2026-07-28T23:38:11.446,10.42.0.1,10.42.0.1|10.42.0.47,80,3,UPLOAD,0.9853622382319547,UPLOAD,0.9853622382319547,1,14480,100.0,3,0.0,28960.0,0,3,0.0,1.0,0.07504053138753321,1,0,1,1,1,1,1,1,0.9699999999999999,1.0,1.0,1.0,0.8,skip,attack_already_active,1785296291.446834,1785296291446834092,1384959663532948,9.6,53.3671875,-1.0,0,0
2026-07-28T23:38:11.448,10.42.0.1,10.42.0.1|10.42.0.47,80,3,UPLOAD,0.9851979974182976,UPLOAD,0.9851979974182976,1,14480,100.0,4,0.0,43440.0,0,4,0.0,1.0,0.06531893205375358,1,0,1,1,1,1,1,1,0.9699999999999999,1.0,1.0,1.0,0.8,skip,attack_already_active,1785296291.4481,1785296291448099985,1384959664798983,9.6,53.3671875,-1.0,0,0
2026-07-28T23:38:11.449,10.42.0.1,10.42.0.1|10.42.0.47,80,3,UPLOAD,0.9849840858250767,UPLOAD,0.9849840858250767,1,14480,100.0,5,0.0,57920.0,0,5,0.0,1.0,0.05685627340089485,1,0,1,1,1,1,1,1,0.9699999999999999,1.0,1.0,1.0,0.8,skip,attack_already_active,1785296291.4491982,1785296291449198450,1384959665897003,9.6,53.3671875,-1.0,0,0
2026-07-28T23:38:11.450,10.42.0.1,10.42.0.1|10.42.0.47,80,3,UPLOAD,0.9847408414856684,UPLOAD,0.9847408414856684,1,14480,100.0,6,0.0,72400.0,0,6,0.0,1.0,0.04952684214847305,1,0,1,1,1,1,1,1,0.9699999999999999,1.0,1.0,1.0,0.8,skip,attack_already_active,1785296291.4504335,1785296291450433611,1384959667132668,9.6,53.3671875,-1.0,0,0
2026-07-28T23:38:11.451,10.42.0.1,10.42.0.1|10.42.0.47,80,3,UPLOAD,0.9843263433938091,UPLOAD,0.9843263433938091,1,7130,100.0,7,0.0,79530.0,0,7,0.0,1.0,0.04318045958577659,1,0,1,1,1,1,1,1,0.9699999999999999,1.0,1.0,1.0,0.8,skip,attack_already_active,1785296291.4517994,1785296291451799254,1384959668497577,9.6,53.3671875,-1.0,0,0
2026-07-28T23:38:11.728,10.42.0.1,,81,1,DOWNLOAD,0.9826124522845281,DOWNLOAD,0.9826124522845281,-1,1448,54.92403311193091,8,1448.0,79530.0,1,7,0.017881399886388896,0.9821186001136111,0.092537481088272,0,0,0,0,1,0,0,0,0.44,0.8500000000000001,0.0,0.6000000000000001,0.15,skip,training_upload_trigger_not_confirmed,1785296291.7288969,1785296291728896834,1384959945596163,54.9,53.3671875,-1.0,0,0
2026-07-28T23:38:11.732,10.42.0.1,,81,1,DOWNLOAD,0.95,DOWNLOAD,0.95,-1,5792,10.984806628455136,9,7240.0,79530.0,2,7,0.08343897660481733,0.9165610233951826,0.08077841012529918,0,0,0,0,1,0,0,0,0.44,0.8500000000000001,0.0,0.6000000000000001,0.15,skip,training_upload_trigger_not_confirmed,1785296291.732198,1785296291732197949,1384959948897949,54.9,53.3671875,-1.0,0,0
2026-07-28T23:38:11.733,10.42.0.1,,81,1,DOWNLOAD,0.95,DOWNLOAD,0.95,-1,7240,5.492403314606878,10,14480.0,79530.0,3,7,0.1540261674289969,0.8459738325710031,0.07032784957299411,0,0,0,0,1,0,0,0,0.44,0.8500000000000001,0.0,0.6000000000000001,0.15,skip,training_upload_trigger_not_confirmed,1785296291.73367,1785296291733669971,1384959950369482,54.9,53.3671875,-1.0,0,0
2026-07-28T23:38:11.735,10.42.0.1,,81,1,DOWNLOAD,0.95,DOWNLOAD,0.95,-1,7240,3.6616022098222096,11,21720.0,79530.0,4,7,0.21451851851851853,0.7854814814814814,0.06133417507180974,0,0,0,0,1,0,0,0,0.44,0.8500000000000001,0.0,0.6000000000000001,0.15,skip,training_upload_trigger_not_confirmed,1785296291.7357473,1785296291735747360,1384959952446358,54.9,53.3671875,-1.0,0,0
2026-07-28T23:38:11.737,10.42.0.1,,81,1,DOWNLOAD,0.95,DOWNLOAD,0.95,-1,7240,2.746201657398266,12,28960.0,79530.0,5,7,0.26693704488892983,0.7330629551110701,0.0534352491558748,0,0,0,0,1,0,0,0,0.4,0.8500000000000001,0.0,0.4,0.15,skip,training_upload_trigger_not_confirmed,1785296291.7371387,1785296291737138744,1384959953838585,54.9,53.3671875,-1.0,0,0
2026-07-28T23:38:11.739,10.42.0.1,,81,1,DOWNLOAD,0.95,DOWNLOAD,0.95,-1,7240,2.1969613259337852,13,36200.0,79530.0,6,7,0.31279702756415795,0.687202972435842,0.04667208080096742,0,0,0,0,1,0,0,0,0.4,0.8500000000000001,0.0,0.4,0.15,skip,training_upload_trigger_not_confirmed,1785296291.7392502,1785296291739250116,1384959955949222,54.9,53.3671875,-1.0,0,0
2026-07-28T23:38:11.740,10.42.0.1,,81,1,DOWNLOAD,0.95,DOWNLOAD,0.95,-1,7240,1.8308011049532502,14,43440.0,79530.0,7,7,0.3532568919248597,0.6467431080751402,0.04068758794422119,0,0,0,0,1,0,0,0,0.4,0.8500000000000001,0.0,0.4,0.15,skip,training_upload_trigger_not_confirmed,1785296291.7405076,1785296291740507531,1384959957207313,54.9,53.3671875,-1.0,0,0
2026-07-28T23:38:11.742,10.42.0.1,,81,1,DOWNLOAD,0.95,DOWNLOAD,0.95,-1,7240,1.5692580899650894,15,50680.0,79530.0,8,7,0.3892174180170494,0.6107825819829507,0.03557127893555438,0,0,0,0,1,0,0,0,0.4,0.8500000000000001,0.0,0.4,0.15,skip,training_upload_trigger_not_confirmed,1785296291.742369,1785296291742369011,1384959959068158,54.9,53.3671875,-1.0,0,0
2026-07-28T23:38:11.743,10.42.0.1,,81,1,DOWNLOAD,0.95,DOWNLOAD,0.95,-1,7240,1.37310082872284,16,57920.0,79530.0,9,7,0.4213895962168061,0.5786104037831938,0.03100651498045153,0,0,0,0,1,0,0,0,0.32,0.8500000000000001,0.0,0.0,0.15,skip,training_upload_trigger_not_confirmed,1785296291.7432995,1785296291743299512,1384959959998043,54.9,53.3671875,-1.0,0,0
2026-07-28T23:38:11.744,10.42.0.1,,81,1,DOWNLOAD,0.95,DOWNLOAD,0.95,-1,10136,1.1685964499798902,17,68056.0,79530.0,10,7,0.4611277492445083,0.5388722507554917,0.027058068004511448,0,0,0,0,1,0,0,0,0.30250000000000005,0.8000000000000002,0.0,0.0,0.15,skip,training_upload_trigger_not_confirmed,1785296291.7443423,1785296291744342166,1384959961040700,54.9,53.3671875,-1.0,0,0
2026-07-28T23:38:11.745,10.42.0.1,,81,1,DOWNLOAD,0.95,DOWNLOAD,0.95,-1,10136,1.0171117249844344,18,78192.0,79530.0,11,7,0.4957583596454521,0.5042416403545479,0.02364318370860129,0,0,0,0,1,0,0,0,0.30250000000000005,0.8000000000000002,0.0,0.0,0.15,skip,training_upload_trigger_not_confirmed,1785296291.7454858,1785296291745485929,1384959962184512,54.9,53.3671875,-1.0,0,0
2026-07-28T23:38:11.746,10.42.0.1,,81,1,DOWNLOAD,0.95,DOWNLOAD,0.95,-1,14480,0.8581880179573314,19,92672.0,79530.0,12,7,0.5381586741152832,0.46184132588471677,0.02072344089782959,0,0,0,0,1,0,0,0,0.30250000000000005,0.8000000000000002,0.0,0.0,0.15,skip,training_upload_trigger_not_confirmed,1785296291.7469718,1785296291746972014,1384959963671254,54.9,53.3671875,-1.0,0,0
2026-07-28T23:38:11.748,10.42.0.1,,81,1,DOWNLOAD,0.95,DOWNLOAD,0.95,-1,4344,0.8197616887954589,20,97016.0,79530.0,13,7,0.549522504049936,0.45047749595006403,0.018163280242173917,0,0,0,0,1,0,0,0,0.30250000000000005,0.8000000000000002,0.0,0.0,0.15,skip,training_upload_trigger_not_confirmed,1785296291.748267,1785296291748266978,1384959964966130,54.9,53.3671875,-1.0,0,0
2026-07-28T23:38:11.749,10.42.0.1,,81,1,DOWNLOAD,0.95,DOWNLOAD,0.95,-1,4344,0.7846290449902859,21,101360.0,79530.0,14,7,0.5603405384487811,0.439659461551219,0.01590931725517081,0,0,0,0,1,0,0,0,0.28500000000000003,0.7500000000000001,0.0,0.0,0.15,skip,training_upload_trigger_not_confirmed,1785296291.7493255,1785296291749325625,1384959966024754,54.9,53.3671875,-1.0,0,0
2026-07-28T23:38:11.750,10.42.0.1,,81,1,DOWNLOAD,0.95,DOWNLOAD,0.95,-1,14480,0.6865504143673468,22,115840.0,79530.0,15,7,0.5929262425142038,0.40707375748579616,0.01394105875006723,0,0,0,0,1,0,0,0,0.28500000000000003,0.7500000000000001,0.0,0.0,0.15,skip,training_upload_trigger_not_confirmed,1785296291.7502983,1785296291750298350,1384959966997930,54.9,53.3671875,-1.0,0,0
2026-07-28T23:38:11.751,10.42.0.1,,81,1,DOWNLOAD,0.95,DOWNLOAD,0.95,-1,4344,0.6617353391494564,23,120184.0,79530.0,16,7,0.6017805461810389,0.3982194538189611,0.0122771248800945,0,0,0,0,1,0,0,0,0.28500000000000003,0.7500000000000001,0.0,0.0,0.15,skip,training_upload_trigger_not_confirmed,1785296291.7516122,1785296291751612148,1384959968311554,54.9,53.3671875,-1.0,0,0
2026-07-28T23:38:11.752,10.42.0.1,,81,1,DOWNLOAD,0.95,DOWNLOAD,0.95,-1,14480,0.5905810016070324,24,134664.0,79530.0,17,7,0.6287010840639794,0.3712989159360206,0.010809583085322861,0,0,0,0,1,0,0,0,0.28500000000000003,0.7500000000000001,0.0,0.0,0.15,skip,training_upload_trigger_not_confirmed,1785296291.7527525,1785296291752752694,1384959969451413,54.9,53.3671875,-1.0,0,0
2026-07-28T23:38:11.753,10.42.0.1,,81,1,DOWNLOAD,0.95,DOWNLOAD,0.95,-1,11584,0.5438023084107556,25,146248.0,79530.0,18,7,0.6477513309534144,0.3522486690465856,0.00951698376927564,0,0,0,0,1,0,0,0,0.28500000000000003,0.7500000000000001,0.0,0.0,0.15,skip,training_upload_trigger_not_confirmed,1785296291.753753,1785296291753752731,1384959970451390,54.9,53.3671875,-1.0,0,0
2026-07-28T23:38:11.754,10.42.0.1,,81,1,DOWNLOAD,0.95,DOWNLOAD,0.95,-1,18824,0.4817897644695539,26,165072.0,79530.0,19,7,0.6748595677876714,0.3251404322123286,0.008372786639291809,0,0,0,0,1,0,0,0,0.28500000000000003,0.7500000000000001,0.0,0.0,0.15,skip,training_upload_trigger_not_confirmed,1785296291.754587,1785296291754586845,1384959971285227,54.9,53.3671875,-1.0,0,0
2026-07-28T23:38:11.755,10.42.0.1,,81,1,DOWNLOAD,0.95,DOWNLOAD,0.95,-1,9706,0.4550343864819654,27,174778.0,79530.0,20,7,0.6872689809207733,0.3127310190792268,0.007433717721485511,0,0,0,0,1,0,0,0,0.28500000000000003,0.7500000000000001,0.0,0.0,0.15,skip,training_upload_trigger_not_confirmed,1785296291.7558334,1785296291755833251,1384959972532391,54.9,53.3671875,-1.0,0,0
2026-07-28T23:38:11.757,10.42.0.1,,81,1,DOWNLOAD,0.95,DOWNLOAD,0.95,-1,16946,0.4148150466325821,28,191724.0,79530.0,21,7,0.7068061669136676,0.29319383308633234,0.006699168456697883,0,0,0,0,1,0,0,0,0.28500000000000003,0.7500000000000001,0.0,0.0,0.15,skip,training_upload_trigger_not_confirmed,1785296291.7576928,1785296291757692913,1384959974392804,54.9,53.3671875,-1.0,0,0
2026-07-28T23:38:11.759,10.42.0.1,,81,1,DOWNLOAD,0.95,DOWNLOAD,0.95,-1,16920,0.3811755909617282,29,208644.0,79530.0,22,7,0.7240209040371443,0.27597909596285575,0.0060025376705384395,0,0,0,0,1,0,0,0,0.28500000000000003,0.7500000000000001,0.0,0.0,0.15,skip,training_upload_trigger_not_confirmed,1785296291.7591054,1785296291759105430,1384959975804474,54.9,53.3671875,-1.0,0,0
2026-07-28T23:38:11.761,10.42.0.145,,36,2,TRAINING,0.95,TRAINING,0.95,-1,7300,1.3698630135109776e-10,1,7300.0,0.0,1,0,1.0,0.0,0.5316112965722994,0,0,0,0,0,0,0,0,0.0225,0.0,0.0,0.0,0.15,skip,already_attacked_this_round,1785296291.7610095,1785296291761009473,1384959977708146,54.9,53.3671875,-1.0,0,0
2026-07-28T23:38:11.761,10.42.0.145,,36,2,TRAINING,0.95,TRAINING,0.95,-1,7300,6.84931506802402e-11,2,14600.0,0.0,2,0,1.0,0.0,0.4616862124277544,0,0,0,0,0,0,0,0,0.0225,0.0,0.0,0.0,0.15,skip,already_attacked_this_round,1785296291.7619786,1785296291761978641,1384959978677321,54.9,53.3671875,-1.0,0,0
2026-07-28T23:38:11.763,10.42.0.1,,81,1,DOWNLOAD,0.95,DOWNLOAD,0.95,-1,14480,0.35643857227659753,30,223124.0,79530.0,23,7,0.7372246856145962,0.2627753143854038,0.005791083323407514,0,0,0,0,1,0,0,0,0.28500000000000003,0.7500000000000001,0.0,0.0,0.15,skip,training_upload_trigger_not_confirmed,1785296291.7635033,1785296291763503447,1384959980202424,54.9,53.3671875,-1.0,0,0
2026-07-28T23:38:11.764,10.42.0.1,,81,1,DOWNLOAD,0.95,DOWNLOAD,0.95,-1,16920,0.33131425905529266,31,240044.0,79530.0,24,7,0.751137451732619,0.24886254826738094,0.005172832402465507,0,0,0,0,1,0,0,0,0.28500000000000003,0.7500000000000001,0.0,0.0,0.15,skip,training_upload_trigger_not_confirmed,1785296291.7646027,1785296291764602736,1384959981301232,54.9,53.3671875,-1.0,0,0
2026-07-28T23:38:11.765,10.42.0.59,,33,2,TRAINING,0.95,TRAINING,0.95,-1,7300,1.3698630135109776e-10,1,7300.0,0.0,1,0,1.0,0.0,0.856546679422671,0,0,0,0,0,0,0,0,0.0225,0.0,0.0,0.0,0.15,skip,training_upload_trigger_not_confirmed,1785296291.765921,1785296291765920995,1384959982620334,54.9,53.3671875,-1.0,0,0
2026-07-28T23:38:11.767,10.42.0.59,,33,2,TRAINING,0.95,TRAINING,0.95,-1,7300,6.84931506802402e-11,2,14600.0,0.0,2,0,1.0,0.0,0.7438673423878066,0,0,0,0,0,0,0,0,0.0225,0.0,0.0,0.0,0.15,skip,training_upload_trigger_not_confirmed,1785296291.7673755,1785296291767375404,1384959984074445,54.9,53.3671875,-1.0,0,0
2026-07-28T23:38:11.768,10.42.0.1,,81,1,DOWNLOAD,0.95,DOWNLOAD,0.95,-1,21720,0.3038232912115347,32,261764.0,79530.0,25,7,0.7669751006463635,0.23302489935363646,0.004982680242813373,0,0,0,0,1,0,0,0,0.28500000000000003,0.7500000000000001,0.0,0.0,0.15,skip,training_upload_trigger_not_confirmed,1785296291.7683325,1785296291768332518,1384959985031582,54.9,53.3671875,-1.0,0,0
2026-07-28T23:38:11.770,10.42.0.47,,81,1,DOWNLOAD,0.95,DOWNLOAD,0.95,-1,1448,6.906077343296907e-10,1,1448.0,0.0,1,0,1.0,0.0,0.04388302099486987,0,0,0,0,0,0,0,0,0.0225,0.0,0.0,0.0,0.15,skip,training_upload_trigger_not_confirmed,1785296291.7705963,1785296291770596254,1384959987295933,54.9,53.3671875,-1.0,0,0
2026-07-28T23:38:11.772,10.42.0.59,,33,2,TRAINING,0.95,TRAINING,0.95,-1,14600,3.424657534129292e-11,3,29200.0,0.0,3,0,1.0,0.0,0.6465436574620527,0,0,0,0,0,0,0,0,0.0225,0.0,0.0,0.0,0.15,skip,training_upload_trigger_not_confirmed,1785296291.7726803,1785296291772680096,1384959989379425,54.9,53.3671875,-1.0,0,0
2026-07-28T23:38:11.774,10.42.0.59,,33,2,TRAINING,0.95,TRAINING,0.95,-1,14600,2.2831050227789245e-11,4,43800.0,0.0,4,0,1.0,0.0,0.5615693715035956,0,0,0,0,0,0,0,0,0.0225,0.0,0.0,0.0,0.15,skip,training_upload_trigger_not_confirmed,1785296291.7743776,1785296291774377415,1384959991078598,54.9,53.3671875,-1.0,0,0
2026-07-28T23:38:11.776,10.42.0.210,,80,1,DOWNLOAD,0.9827682720391185,DOWNLOAD,0.9827682720391185,-1,10136,4.999999999605367,36,10136.0,50680.0,1,35,0.16666666666666666,0.8333333333333334,0.04770563032697696,0,0,0,0,1,0,0,0,0.4,0.8500000000000001,0.0,0.4,0.15,skip,training_upload_trigger_not_confirmed,1785296291.7767227,1785296291776722773,1384959993421589,54.9,53.3671875,-1.0,0,0
2026-07-28T23:38:11.778,10.42.0.210,,80,1,DOWNLOAD,0.95,DOWNLOAD,0.95,-1,14480,2.058823529368751,37,24616.0,50680.0,2,35,0.3269230769230769,0.6730769230769231,0.0416559141214326,0,0,0,0,1,0,0,0,0.32,0.8500000000000001,0.0,0.0,0.15,skip,training_upload_trigger_not_confirmed,1785296291.7785187,1785296291778518668,1384959995217421,54.9,53.3671875,-1.0,0,0
2026-07-28T23:38:11.779,10.42.0.210,,80,1,DOWNLOAD,0.9557926560077417,DOWNLOAD,0.9557926560077417,-1,4344,1.7499999999741023,38,28960.0,50680.0,3,35,0.36363636363636365,0.6363636363636364,0.03630945778517497,0,0,0,0,1,0,0,0,0.32,0.8500000000000001,0.0,0.0,0.15,skip,training_upload_trigger_not_confirmed,1785296291.7796018,1785296291779601917,1384959996301070,54.9,53.3671875,-1.0,0,0
2026-07-28T23:38:11.781,10.42.0.145,,36,2,TRAINING,0.95,TRAINING,0.95,-1,14600,3.424657534129292e-11,3,29200.0,0.0,3,0,1.0,0.0,0.40337095782161625,0,0,0,0,0,0,0,0,0.0225,0.0,0.0,0.0,0.15,skip,already_attacked_this_round,1785296291.7811265,1785296291781126311,1384959997824933,54.9,53.3671875,-1.0,0,0
2026-07-28T23:38:11.782,10.42.0.145,,36,2,TRAINING,0.95,TRAINING,0.95,-1,14600,2.2831050227789245e-11,4,43800.0,0.0,4,0,1.0,0.0,0.3503662285854662,0,0,0,0,0,0,0,0,0.0225,0.0,0.0,0.0,0.15,skip,already_attacked_this_round,1785296291.7822592,1785296291782259078,1384959998957718,54.9,53.3671875,-1.0,0,0
2026-07-28T23:38:11.783,10.42.0.18,,58,1,DOWNLOAD,0.95,DOWNLOAD,0.95,-1,10220,9.784735811175661e-11,1,10220.0,0.0,1,0,1.0,0.0,0.4637782535479756,0,0,0,0,0,0,0,0,0.0225,0.0,0.0,0.0,0.15,skip,already_attacked_this_round,1785296291.7838073,1785296291783807177,1384960000506545,54.9,53.3671875,-1.0,0,0
2026-07-28T23:38:11.785,10.42.0.18,,58,1,DOWNLOAD,0.95,DOWNLOAD,0.95,-1,4380,6.84931506802402e-11,2,14600.0,0.0,2,0,1.0,0.0,0.4028541334802388,0,0,0,0,0,0,0,0,0.0225,0.0,0.0,0.0,0.15,skip,already_attacked_this_round,1785296291.7852492,1785296291785249251,1384960001948105,54.9,53.3671875,-1.0,0,0
2026-07-28T23:38:11.786,10.42.0.18,,58,1,DOWNLOAD,0.95,DOWNLOAD,0.95,-1,14600,3.424657534129292e-11,3,29200.0,0.0,3,0,1.0,0.0,0.3499226923815959,0,0,0,0,0,0,0,0,0.0225,0.0,0.0,0.0,0.15,skip,already_attacked_this_round,1785296291.7864213,1785296291786421257,1384960003119668,54.9,53.3671875,-1.0,0,0
2026-07-28T23:38:11.787,10.42.0.210,,80,1,DOWNLOAD,0.9846998846180315,DOWNLOAD,0.9846998846180315,-1,14480,1.16666666666283,39,43440.0,50680.0,4,35,0.46153846153846156,0.5384615384615384,0.03259827078522577,0,0,0,0,1,0,0,0,0.30250000000000005,0.8000000000000002,0.0,0.0,0.15,skip,training_upload_trigger_not_confirmed,1785296291.787748,1785296291787748111,1384960004446443,54.9,53.3671875,-1.0,0,0
2026-07-28T23:38:11.789,10.42.0.210,,80,1,DOWNLOAD,0.9854895428954357,DOWNLOAD,0.9854895428954357,-1,20272,0.795454545457756,40,63712.0,50680.0,5,35,0.5569620253164557,0.4430379746835443,0.02853290969183015,0,0,0,0,1,0,0,0,0.23249999999999998,0.6,0.0,0.0,0.15,skip,training_upload_trigger_not_confirmed,1785296291.7894955,1785296291789495533,1384960006195007,54.9,53.3671875,-1.0,0,0
2026-07-28T23:38:11.790,10.42.0.210,,80,1,DOWNLOAD,0.9855083405864443,DOWNLOAD,0.9855083405864443,-1,992,0.783259149360422,41,64704.0,50680.0,6,35,0.5607709907786175,0.4392290092213825,0.02495952626254503,0,0,0,0,0,0,0,0,0.0225,0.0,0.0,0.0,0.15,skip,training_upload_trigger_not_confirmed,1785296291.790911,1785296291790911062,1384960007610198,54.9,53.3671875,-1.0,0,0
2026-07-28T23:38:11.792,10.42.0.59,,33,2,TRAINING,0.95,TRAINING,0.95,-1,24820,1.4573010783815608e-11,5,68620.0,0.0,5,0,1.0,0.0,0.4899717691323279,0,0,0,0,0,0,0,0,0.0225,0.0,0.0,0.0,0.15,skip,training_upload_trigger_not_confirmed,1785296291.7926126,1785296291792612703,1384960009311072,54.9,53.3671875,-1.0,0,0
2026-07-28T23:38:11.793,10.42.0.59,,33,2,TRAINING,0.9541577978804623,TRAINING,0.9541577978804623,-1,10564,1.2628813901638856e-11,6,79184.0,0.0,6,0,1.0,0.0,0.4255403406853706,0,0,0,0,0,0,0,0,0.0225,0.0,0.0,0.0,0.15,skip,training_upload_trigger_not_confirmed,1785296291.793632,1785296291793632031,1384960010330677,54.9,53.3671875,-1.0,0,0
2026-07-28T23:38:11.795,10.42.0.145,,36,2,TRAINING,0.963253988552104,TRAINING,0.963253988552104,-1,29200,1.369863013679865e-11,5,73000.0,0.0,5,0,1.0,0.0,0.3059473613379029,0,0,0,0,0,0,0,0,0.0225,0.0,0.0,0.0,0.15,skip,already_attacked_this_round,1785296291.795543,1785296291795543113,1384960012242319,54.9,53.3671875,-1.0,0,0
2026-07-28T23:38:11.799,10.42.0.18,,58,1,DOWNLOAD,0.9513062392439362,DOWNLOAD,0.9513062392439362,-1,24820,1.8511662346936104e-11,4,54020.0,0.0,4,0,1.0,0.0,0.30554213327597357,0,0,0,0,0,0,0,0,0.0225,0.0,0.0,0.0,0.15,skip,already_attacked_this_round,1785296291.7995522,1785296291799552302,1384960016251551,54.9,53.3671875,-1.0,0,0
2026-07-28T23:38:11.800,10.42.0.18,,58,1,DOWNLOAD,0.9520091744610147,DOWNLOAD,0.9520091744610147,-1,10564,1.5483711135645304e-11,5,64584.0,0.0,5,0,1.0,0.0,0.2654175293855039,0,0,0,0,0,0,0,0,0.0225,0.0,0.0,0.0,0.15,skip,already_attacked_this_round,1785296291.8005998,1785296291800599711,1384960017298672,54.9,53.3671875,-1.0,0,0
2026-07-28T23:38:11.807,10.42.0.47,,81,1,DOWNLOAD,0.9748868149442336,DOWNLOAD,0.9748868149442336,-1,1448,3.4530386728408016e-10,2,2896.0,0.0,2,0,1.0,0.0,0.042921843029785724,0,0,0,0,0,0,0,0,0.0225,0.0,0.0,0.0,0.15,skip,training_upload_trigger_not_confirmed,1785296291.8071852,1785296291807185225,1384960023885501,54.9,53.3671875,-1.0,0,0
2026-07-28T23:38:11.808,10.42.0.47,,81,1,DOWNLOAD,0.9758554552222517,DOWNLOAD,0.9758554552222517,-1,7240,9.865824781978509e-11,3,10136.0,0.0,3,0,1.0,0.0,0.03738635742460861,0,0,0,0,0,0,0,0,0.0225,0.0,0.0,0.0,0.15,skip,training_upload_trigger_not_confirmed,1785296291.8080997,1785296291808099945,1384960024798394,54.9,53.3671875,-1.0,0,0
2026-07-28T23:38:11.808,10.42.0.47,,81,1,DOWNLOAD,0.9765465701070779,DOWNLOAD,0.9765465701070779,-1,8688,5.3123671905380167e-11,4,18824.0,0.0,4,0,1.0,0.0,0.032572892968874986,0,0,0,0,0,0,0,0,0.0225,0.0,0.0,0.0,0.15,skip,training_upload_trigger_not_confirmed,1785296291.808958,1785296291808957894,1384960025656179,54.9,53.3671875,-1.0,0,0
2026-07-28T23:38:11.813,10.42.0.47,,81,1,DOWNLOAD,0.9785694342730251,DOWNLOAD,0.9785694342730251,-1,5792,4.062398439873968e-11,5,24616.0,0.0,5,0,1.0,0.0,0.028934666433187935,0,0,0,0,0,0,0,0,0.0225,0.0,0.0,0.0,0.15,skip,training_upload_trigger_not_confirmed,1785296291.8139215,1785296291813921648,1384960030620589,54.9,53.3671875,-1.0,0,0
2026-07-28T23:38:11.817,10.42.0.47,,81,1,DOWNLOAD,0.9783397055478026,DOWNLOAD,0.9783397055478026,-1,1448,3.8367096376674066e-11,6,26064.0,0.0,6,0,1.0,0.0,0.02559556033960899,0,0,0,0,0,0,0,0,0.0225,0.0,0.0,0.0,0.15,skip,training_upload_trigger_not_confirmed,1785296291.8175166,1785296291817516589,1384960034215100,54.9,53.3671875,-1.0,0,0
2026-07-28T23:38:11.818,10.42.0.47,,81,1,DOWNLOAD,0.978959007134371,DOWNLOAD,0.978959007134371,-1,1448,3.634777551481725e-11,7,27512.0,0.0,7,0,1.0,0.0,0.02234053452857485,0,0,0,0,0,0,0,0,0.0225,0.0,0.0,0.0,0.15,skip,training_upload_trigger_not_confirmed,1785296291.8184106,1785296291818410668,1384960035109224,54.9,53.3671875,-1.0,0,0
2026-07-28T23:38:11.819,10.42.0.47,,81,1,DOWNLOAD,0.9798419758713692,DOWNLOAD,0.9798419758713692,-1,1448,3.453038673913914e-11,8,28960.0,0.0,8,0,1.0,0.0,0.019499263371061865,0,0,0,0,0,0,0,0,0.0225,0.0,0.0,0.0,0.15,skip,training_upload_trigger_not_confirmed,1785296291.8191895,1785296291819189519,1384960035887817,54.9,53.3671875,-1.0,0,0
2026-07-28T23:38:11.819,10.42.0.47,,81,1,DOWNLOAD,0.9807232117858016,DOWNLOAD,0.9807232117858016,-1,1448,3.2886082608758017e-11,9,30408.0,0.0,9,0,1.0,0.0,0.017029697307593142,0,0,0,0,0,0,0,0,0.0225,0.0,0.0,0.0,0.15,skip,training_upload_trigger_not_confirmed,1785296291.819948,1785296291819948017,1384960036646219,54.9,53.3671875,-1.0,0,0
2026-07-28T23:38:11.820,10.42.0.47,,81,1,DOWNLOAD,0.9806311996032403,DOWNLOAD,0.9806311996032403,-1,2896,3.002642325156058e-11,10,33304.0,0.0,10,0,1.0,0.0,0.014883766203822061,0,0,0,0,0,0,0,0,0.0225,0.0,0.0,0.0,0.15,skip,training_upload_trigger_not_confirmed,1785296291.8206928,1785296291820692613,1384960037391116,54.9,53.3671875,-1.0,0,0
2026-07-28T23:38:11.821,10.42.0.47,,81,1,DOWNLOAD,0.9806830576305225,DOWNLOAD,0.9806830576305225,-1,8688,2.381405982035116e-11,11,41992.0,0.0,11,0,1.0,0.0,0.01302300175990753,0,0,0,0,0,0,0,0,0.0225,0.0,0.0,0.0,0.15,skip,training_upload_trigger_not_confirmed,1785296291.8214557,1785296291821455497,1384960038153736,54.9,53.3671875,-1.0,0,0
2026-07-28T23:38:11.822,10.42.0.47,,81,1,DOWNLOAD,0.9819091453142437,DOWNLOAD,0.9819091453142437,-1,7240,2.0311992199782418e-11,12,49232.0,0.0,12,0,1.0,0.0,0.01149320828692449,0,0,0,0,0,0,0,0,0.0225,0.0,0.0,0.0,0.15,skip,training_upload_trigger_not_confirmed,1785296291.8228695,1785296291822869397,1384960039567977,54.9,53.3671875,-1.0,0,0
2026-07-28T23:38:11.827,10.42.0.47,,81,1,DOWNLOAD,0.9831653299227912,DOWNLOAD,0.9831653299227912,-1,2896,1.918354818870504e-11,13,52128.0,0.0,13,0,1.0,0.0,0.010540567111366797,0,0,0,0,0,0,0,0,0.0225,0.0,0.0,0.0,0.15,skip,training_upload_trigger_not_confirmed,1785296291.8271334,1785296291827133364,1384960043832262,54.9,53.3671875,-1.0,0,0
2026-07-28T23:38:11.828,10.42.0.47,,81,1,DOWNLOAD,0.9837409429625398,DOWNLOAD,0.9837409429625398,-1,2896,1.8173887757738915e-11,14,55024.0,0.0,14,0,1.0,0.0,0.009312132810574728,0,0,0,0,0,0,0,0,0.0225,0.0,0.0,0.0,0.15,skip,training_upload_trigger_not_confirmed,1785296291.8283517,1785296291828351783,1384960045050506,54.9,53.3671875,-1.0,0,0
2026-07-28T23:38:11.829,10.42.0.47,,81,1,DOWNLOAD,0.9838411333874217,DOWNLOAD,0.9838411333874217,-1,2896,1.7265193369867658e-11,15,57920.0,0.0,15,0,1.0,0.0,0.008196909108195777,0,0,0,0,0,0,0,0,0.0225,0.0,0.0,0.0,0.15,skip,training_upload_trigger_not_confirmed,1785296291.8292007,1785296291829200567,1384960045899117,54.9,53.3671875,-1.0,0,0
2026-07-28T23:38:11.830,10.42.0.47,,81,1,DOWNLOAD,0.9839280370983718,DOWNLOAD,0.9839280370983718,-1,2896,1.6443041304649383e-11,16,60816.0,0.0,16,0,1.0,0.0,0.007238320001113071,0,0,0,0,0,0,0,0,0.0225,0.0,0.0,0.0,0.15,skip,training_upload_trigger_not_confirmed,1785296291.8301232,1785296291830123271,1384960046821687,54.9,53.3671875,-1.0,0,0
2026-07-28T23:38:11.830,10.42.0.47,,81,1,DOWNLOAD,0.983995705172358,DOWNLOAD,0.983995705172358,-1,2896,1.569563033626796e-11,17,63712.0,0.0,17,0,1.0,0.0,0.00639219335501165,0,0,0,0,0,0,0,0,0.0225,0.0,0.0,0.0,0.15,skip,training_upload_trigger_not_confirmed,1785296291.8309405,1785296291830940376,1384960047638672,54.9,53.3671875,-1.0,0,0
2026-07-28T23:38:11.831,10.42.0.47,,81,1,DOWNLOAD,0.9841112360937507,DOWNLOAD,0.9841112360937507,-1,1005,1.545189053856866e-11,18,64717.0,0.0,18,0,1.0,0.0,0.005657281840892768,0,0,0,0,0,0,0,0,0.0225,0.0,0.0,0.0,0.15,skip,training_upload_trigger_not_confirmed,1785296291.8317556,1785296291831755397,1384960048453997,54.9,53.3671875,-1.0,0,0
2026-07-28T23:38:12.105,10.42.0.59,,33,3,UPLOAD,0.95,UPLOAD,0.95,1,64240,0.811275005053909,7,79184.0,64240.0,6,1,0.5520972780008925,0.4479027219991075,0.6074863738387384,0,0,0,1,1,1,1,1,0.85,1.0,1.0,0.4,0.8,trigger,training_upload_trigger_confirmed,1785296292.105459,1785296292105458866,1384960322158802,54.9,53.3671875,56.230245,1785296292161691699,1384960378389047
2026-07-28T23:38:12.106,10.42.0.59,,33,3,UPLOAD,0.9841010226033655,UPLOAD,0.9841010226033655,1,13140,0.9772176197214435,8,79184.0,77380.0,6,2,0.5057612222477709,0.49423877775222913,0.527577469404659,0,0,1,1,1,1,1,1,0.85,1.0,1.0,0.4,0.8,skip,attack_already_active,1785296292.1065388,1785296292106538835,1384960323237133,54.9,53.3671875,-1.0,0,0
2026-07-28T23:38:12.108,10.42.0.59,,33,3,UPLOAD,0.9854688349332961,UPLOAD,0.9854688349332961,1,2175,1.004685289957508,9,79184.0,79555.0,6,3,0.4988314150901795,0.5011685849098205,0.45831611403744477,0,0,1,1,1,1,1,1,0.85,1.0,1.0,0.4,0.8,skip,attack_already_active,1785296292.108511,1785296292108510894,1384960325209130,54.9,53.3671875,-1.0,0,0
2026-07-28T23:38:12.109,10.42.0.1,,81,2,TRAINING,0.95,TRAINING,0.95,1,7240,0.33148179276244444,33,261764.0,86770.0,25,8,0.7510429398566567,0.24895706014334326,0.0045924161922879245,0,0,0,0,1,0,0,0,0.4525,1.0,0.0,0.4,0.15,skip,training_upload_trigger_not_confirmed,1785296292.1097143,1785296292109714098,1384960326412646,54.9,53.3671875,-1.0,0,0
2026-07-28T23:38:12.110,10.42.0.1,10.42.0.1,81,3,UPLOAD,0.95,UPLOAD,0.95,1,5792,0.35360859400317224,34,261764.0,92562.0,25,9,0.7387659951570023,0.2612340048429977,0.004116473089960453,1,0,0,0,1,0,0,0,0.85,1.0,1.0,0.4,0.8,trigger,training_upload_trigger_confirmed,1785296292.110695,1785296292110695008,1384960327393503,54.9,53.3671875,80.535032,1785296292191231255,1384960407928535
2026-07-28T23:38:12.117,10.42.0.1,10.42.0.1,81,3,UPLOAD,0.95,UPLOAD,0.95,1,1448,0.3591402943133542,35,261764.0,94010.0,25,10,0.7357592179304839,0.26424078206951607,0.004520447251278146,1,0,1,1,1,1,1,1,0.85,1.0,1.0,0.4,0.8,skip,attack_already_active,1785296292.117877,1785296292117876888,1384960334575592,54.9,53.3671875,-1.0,0,0
2026-07-28T23:38:12.118,10.42.0.145,10.42.0.1,36,3,UPLOAD,0.95,UPLOAD,0.95,1,64240,0.8800000000016439,6,73000.0,64240.0,5,1,0.5319148936170213,0.46808510638297873,0.3825794925265862,0,0,0,1,1,1,1,1,0.85,1.0,1.0,0.4,0.8,skip,already_attacked_this_round,1785296292.1188653,1785296292118865082,1384960335563463,54.9,53.3671875,-1.0,0,0
2026-07-28T23:38:12.120,10.42.0.145,10.42.0.1,36,3,UPLOAD,0.9841010226033655,UPLOAD,0.9841010226033655,1,8760,1.0,7,73000.0,73000.0,5,2,0.5,0.5,0.3323491696497385,0,0,0,1,1,1,1,1,0.85,1.0,1.0,0.4,0.8,skip,already_attacked_this_round,1785296292.1202607,1785296292120260603,1384960336959230,54.9,53.3671875,-1.0,0,0
2026-07-28T23:38:12.123,10.42.0.145,10.42.0.1,36,3,UPLOAD,0.9854688349332961,UPLOAD,0.9854688349332961,1,6556,1.0898082191768519,8,73000.0,79556.0,5,3,0.4785128084113375,0.5214871915886625,0.2889349713316751,0,0,0,1,1,1,1,1,0.85,1.0,1.0,0.4,0.8,skip,already_attacked_this_round,1785296292.1231515,1785296292123151630,1384960339850167,54.9,53.3671875,-1.0,0,0
2026-07-28T23:38:12.124,10.42.0.1,10.42.0.1,81,3,UPLOAD,0.95,UPLOAD,0.95,1,7240,0.38679879586426397,36,261764.0,101250.0,25,11,0.7210851372123389,0.2789148627876611,0.004267940867686889,1,0,1,1,1,1,1,1,0.9699999999999999,1.0,1.0,1.0,0.8,skip,attack_already_active,1785296292.1246061,1785296292124606103,1384960341304542,54.9,53.3671875,-1.0,0,0
2026-07-28T23:38:12.125,10.42.0.1,10.42.0.1,81,3,UPLOAD,0.95,UPLOAD,0.95,1,5792,0.40892559710499177,37,261764.0,107042.0,25,12,0.7097606871905555,0.29023931280944454,0.003853417312969853,1,0,1,1,1,1,1,1,0.9699999999999999,1.0,1.0,1.0,0.8,skip,attack_already_active,1785296292.1257284,1785296292125728270,1384960342426873,95.2,53.3671875,-1.0,0,0
2026-07-28T23:38:12.139,10.42.0.1,10.42.0.1,81,3,UPLOAD,0.95,UPLOAD,0.95,1,1448,0.41445729741517373,38,261764.0,108490.0,25,13,0.7069849346664722,0.2930150653335278,0.005212681973185607,1,0,1,1,1,1,1,1,0.9699999999999999,1.0,1.0,1.0,0.8,skip,attack_already_active,1785296292.1398969,1785296292139896777,1384960356595484,95.2,53.3671875,-1.0,0,0
2026-07-28T23:38:12.168,10.42.0.1,10.42.0.1,81,3,UPLOAD,0.95,UPLOAD,0.95,1,1448,0.41998899772535564,39,261764.0,109938.0,25,14,0.704230808550936,0.29576919144906405,0.00831319240080142,1,0,1,1,1,1,1,1,0.9699999999999999,1.0,1.0,1.0,0.8,skip,attack_already_active,1785296292.1686385,1785296292168638362,1384960385337922,95.2,53.3671875,-1.0,0,0
2026-07-28T23:38:12.172,10.42.0.1,10.42.0.1,81,3,UPLOAD,0.95,UPLOAD,0.95,1,11584,0.4642426002068113,40,261764.0,121522.0,25,15,0.6829469377957974,0.3170530622042026,0.007714813282293427,1,0,1,1,1,1,1,1,0.9699999999999999,1.0,1.0,1.0,0.8,skip,attack_already_active,1785296292.1724107,1785296292172410669,1384960389109937,95.2,53.3671875,-1.0,0,0
2026-07-28T23:38:12.173,10.42.0.1,10.42.0.1,81,3,UPLOAD,0.95,UPLOAD,0.95,1,14480,0.5195596033086308,41,261764.0,136002.0,25,16,0.6580854069980843,0.3419145930019157,0.006881675952827412,1,0,1,1,1,1,1,1,0.9699999999999999,1.0,1.0,1.0,0.8,skip,attack_already_active,1785296292.173803,1785296292173803085,1384960390501765,95.2,53.3671875,-1.0,0,0
2026-07-28T23:38:12.175,10.42.0.1,10.42.0.1,81,3,UPLOAD,0.95,UPLOAD,0.95,1,14480,0.5748766064104504,42,261764.0,150482.0,25,17,0.6349703817623458,0.36502961823765423,0.006142773198981834,1,0,1,1,1,1,1,1,0.9699999999999999,1.0,1.0,1.0,0.8,skip,attack_already_active,1785296292.1750774,1785296292175077363,1384960391777082,95.2,53.3671875,-1.0,0,0
2026-07-28T23:38:12.176,10.42.0.1,10.42.0.1,81,3,UPLOAD,0.95,UPLOAD,0.95,1,13032,0.6246619092020879,43,261764.0,163514.0,25,18,0.6155126764140162,0.38448732358598375,0.005512455003944777,1,0,1,1,1,1,1,1,0.9699999999999999,1.0,1.0,1.0,0.8,skip,attack_already_active,1785296292.176437,1785296292176436898,1384960393144304,95.2,53.3671875,-1.0,0,0
2026-07-28T23:38:12.178,10.42.0.1,10.42.0.1,81,3,UPLOAD,0.95,UPLOAD,0.95,1,5792,0.6467887104428157,44,261764.0,169306.0,25,19,0.6072424432226784,0.39275755677732155,0.00510937147733507,1,0,1,1,1,1,1,1,0.9699999999999999,1.0,1.0,1.0,0.8,skip,attack_already_active,1785296292.1788905,1785296292178890453,1384960395589582,95.2,53.3671875,-1.0,0,0
2026-07-28T23:38:12.180,10.42.0.1,10.42.0.1,81,3,UPLOAD,0.95,UPLOAD,0.95,1,14480,0.7021057135446352,45,261764.0,183786.0,25,20,0.5875075749074178,0.4124924250925822,0.004675896402201475,1,0,1,1,1,1,1,1,0.9699999999999999,1.0,1.0,1.0,0.8,skip,attack_already_active,1785296292.1807103,1785296292180710345,1384960397409268,95.2,53.3671875,-1.0,0,0
2026-07-28T23:38:12.182,10.42.0.1,10.42.0.1,81,3,UPLOAD,0.95,UPLOAD,0.95,1,8688,0.7352959154057269,46,261764.0,192474.0,25,21,0.5762705894266882,0.4237294105733118,0.0043193038707590795,1,0,1,1,1,1,1,1,0.9699999999999999,1.0,1.0,1.0,0.8,skip,attack_already_active,1785296292.1826801,1785296292182679948,1384960399378644,95.2,53.3671875,-1.0,0,0
2026-07-28T23:38:12.184,10.42.0.1,10.42.0.1,81,3,UPLOAD,0.95,UPLOAD,0.95,1,8591,0.7681155544697967,47,261764.0,201065.0,25,22,0.5655738944621016,0.43442610553789845,0.004046208244352173,1,0,1,1,1,1,1,1,0.9699999999999999,1.0,1.0,1.0,0.8,skip,attack_already_active,1785296292.184927,1785296292184927066,1384960401625873,95.2,53.3671875,-1.0,0,0
2026-07-28T23:38:12.186,10.42.0.1,10.42.0.1,81,3,UPLOAD,0.95,UPLOAD,0.95,1,17376,0.8344959581919802,48,261764.0,218441.0,25,23,0.5451088597578118,0.45489114024218824,0.0037417719859525944,1,0,1,1,1,1,1,1,0.9699999999999999,1.0,1.0,1.0,0.8,skip,attack_already_active,1785296292.186663,1785296292186662794,1384960403362076,95.2,53.3671875,-1.0,0,0
2026-07-28T23:38:12.188,10.42.0.1,10.42.0.1,81,3,UPLOAD,0.95,UPLOAD,0.95,1,14480,0.8898129612937997,49,261764.0,232921.0,25,24,0.5291528952767923,0.4708471047232077,0.003478835022974147,1,0,1,1,1,1,1,1,0.9699999999999999,1.0,1.0,1.0,0.8,skip,attack_already_active,1785296292.1884093,1785296292188409226,1384960405107772,95.2,53.3671875,-1.0,0,0
2026-07-28T23:38:12.190,10.42.0.1,10.42.0.1,81,3,UPLOAD,0.95,UPLOAD,0.95,1,5694,0.9115653795024848,50,261764.0,238615.0,25,25,0.5231314663485078,0.4768685336514922,0.0033125645473153337,1,0,1,1,1,1,1,1,0.9699999999999999,1.0,1.0,1.0,0.8,skip,attack_already_active,1785296292.1906264,1785296292190626219,1384960407324808,95.2,53.3671875,-1.0,0,0
2026-07-28T23:38:12.266,10.42.0.18,10.42.0.1,58,2,TRAINING,0.95,TRAINING,0.95,1,49640,0.7686114207889165,6,64584.0,49640.0,5,1,0.5654153242751085,0.43458467572489146,0.46159909829426504,0,0,0,0,1,1,0,0,0.5725,1.0,0.0,1.0,0.15,skip,already_attacked_this_round,1785296292.2669322,1785296292266932240,1384960483630906,95.2,53.3671875,-1.0,0,0
2026-07-28T23:38:12.268,10.42.0.18,10.42.0.1,58,3,UPLOAD,0.95,UPLOAD,0.95,1,29915,1.2318066394117457,7,64584.0,79555.0,5,2,0.448067490408564,0.551932509591436,0.40100011898775834,0,0,0,1,1,1,1,1,0.9699999999999999,1.0,1.0,1.0,0.8,skip,already_attacked_this_round,1785296292.2686625,1785296292268662437,1384960485361057,95.2,53.3671875,-1.0,0,0
2026-07-28T23:38:12.269,10.42.0.1,10.42.0.1,81,3,UPLOAD,0.95,UPLOAD,0.95,1,7240,0.9392238810533946,51,261764.0,245855.0,25,26,0.5156702172298515,0.4843297827701485,0.0031446725815354806,1,0,1,1,1,1,1,1,0.9699999999999999,1.0,1.0,1.0,0.8,skip,attack_already_active,1785296292.2697804,1785296292269780481,1384960486478917,95.2,53.3671875,-1.0,0,0
2026-07-28T23:38:12.270,10.42.0.1,10.42.0.1,81,3,UPLOAD,0.95,UPLOAD,0.95,1,5792,0.9613506822941223,52,261764.0,251647.0,25,27,0.5098527300739564,0.4901472699260437,0.00283204624552821,1,0,1,1,1,1,1,1,0.9699999999999999,1.0,1.0,1.0,0.8,skip,attack_already_active,1785296292.2705526,1785296292270552514,1384960487250816,95.2,53.3671875,-1.0,0,0
2026-07-28T23:38:12.271,10.42.0.1,10.42.0.1,81,3,UPLOAD,0.95,UPLOAD,0.95,1,2896,0.9724140829144863,53,261764.0,254543.0,25,28,0.5069929324994625,0.49300706750053747,0.0026413275891339024,1,0,1,1,1,1,1,1,0.9699999999999999,1.0,1.0,1.0,0.8,skip,attack_already_active,1785296292.2719374,1785296292271937370,1384960488635769,95.2,53.3671875,-1.0,0,0
2026-07-28T23:38:12.272,10.42.0.1,10.42.0.1,81,3,UPLOAD,0.95,UPLOAD,0.95,1,11584,1.016667685395942,54,261764.0,266127.0,25,29,0.49586751810506335,0.5041324818949366,0.002396537311234527,1,0,1,1,1,1,1,1,0.9699999999999999,1.0,1.0,1.0,0.8,skip,attack_already_active,1785296292.272721,1785296292272721062,1384960489419400,95.2,53.3671875,-1.0,0,0
2026-07-28T23:38:12.273,10.42.0.1,10.42.0.1,81,3,UPLOAD,0.95,UPLOAD,0.95,1,2896,1.0277310860163058,55,261764.0,269023.0,25,30,0.49316204051719426,0.5068379594828057,0.00217991986956038,1,0,1,1,1,1,1,1,0.9699999999999999,1.0,1.0,1.0,0.8,skip,attack_already_active,1785296292.2734737,1785296292273473773,1384960490172098,95.2,53.3671875,-1.0,0,0
2026-07-28T23:38:12.274,10.42.0.1,10.42.0.1,81,3,UPLOAD,0.95,UPLOAD,0.95,1,11584,1.0719846884977613,56,261764.0,280607.0,25,31,0.48262904911951415,0.5173709508804859,0.0020404499202439437,1,0,1,1,1,1,1,1,0.9699999999999999,1.0,1.0,1.0,0.8,skip,attack_already_active,1785296292.2745953,1785296292274595280,1384960491293638,95.2,53.3671875,-1.0,0,0
2026-07-28T23:38:12.275,10.42.0.1,10.42.0.1,81,3,UPLOAD,0.95,UPLOAD,0.95,1,5792,1.0941114897384892,57,261764.0,286399.0,25,32,0.4775294939643865,0.5224705060356135,0.0019142060824264388,1,0,1,1,1,1,1,1,0.9699999999999999,1.0,1.0,1.0,0.8,skip,attack_already_active,1785296292.2756777,1785296292275677583,1384960492375912,95.2,53.3671875,-1.0,0,0
2026-07-28T23:38:12.276,10.42.0.1,10.42.0.1,81,3,UPLOAD,0.95,UPLOAD,0.95,1,14480,1.1494284928403087,58,261764.0,300879.0,25,33,0.4652399478888034,0.5347600521111966,0.001810033183593605,1,0,1,1,1,1,1,1,0.9699999999999999,1.0,1.0,1.0,0.8,skip,attack_already_active,1785296292.2768013,1785296292276801206,1384960493499700,95.2,53.3671875,-1.0,0,0
2026-07-28T23:38:12.278,10.42.0.1,10.42.0.1,81,3,UPLOAD,0.95,UPLOAD,0.95,1,8688,1.1826186947014004,59,261764.0,309567.0,25,34,0.458165231713315,0.541834768286685,0.0017538640856032553,1,0,1,1,1,1,1,1,0.9699999999999999,1.0,1.0,1.0,0.8,skip,attack_already_active,1785296292.2781851,1785296292278185096,1384960494883376,95.2,53.3671875,-1.0,0,0
2026-07-28T23:38:12.279,10.42.0.1,10.42.0.1,81,3,UPLOAD,0.95,UPLOAD,0.95,1,5792,1.2047454959421282,60,261764.0,315359.0,25,35,0.4535670905508878,0.5464329094491123,0.0016383344922411916,1,0,1,1,1,1,1,1,0.9699999999999999,1.0,1.0,1.0,0.8,skip,attack_already_active,1785296292.2790623,1785296292279062177,1384960495760667,95.2,53.3671875,-1.0,0,0
2026-07-28T23:38:12.280,10.42.0.1,10.42.0.1,81,3,UPLOAD,0.95,UPLOAD,0.95,1,2798,1.2154345135304494,61,261764.0,318157.0,25,36,0.4513787222742408,0.5486212777257592,0.0016060790148413467,1,0,1,1,1,1,1,1,0.9699999999999999,1.0,1.0,1.0,0.8,skip,attack_already_active,1785296292.2804558,1785296292280455891,1384960497154257,95.2,53.3671875,-1.0,0,0
2026-07-28T23:38:13.239,10.42.0.1,10.42.0.1,81,3,UPLOAD,0.983150034020412,UPLOAD,0.983150034020412,0,39,100.0,11,0.0,79542.0,0,11,0.0,1.0,0.00652786679604638,1,0,1,0,0,0,0,0,0.45499999999999996,0.1,1.0,0.0,0.8,skip,attack_already_active,1785296293.239082,1785296293239081969,1384961455780441,35.1,53.3671875,-1.0,0,0
2026-07-28T23:38:13.509,10.42.0.210,10.42.0.1,80,3,UPLOAD,0.95,UPLOAD,0.95,1,1448,100.0,1,0.0,1448.0,0,1,0.0,1.0,0.062303795108951864,0,0,0,1,1,1,1,1,0.9525,0.95,1.0,1.0,0.8,trigger,training_upload_trigger_confirmed,1785296293.509212,1785296293509211984,1384961725910675,7.6,53.3671875,5.95686,1785296293515170200,1384961731867535
2026-07-28T23:38:13.510,10.42.0.210,10.42.0.1,80,3,UPLOAD,0.9841010226033655,UPLOAD,0.9841010226033655,1,1448,100.0,2,0.0,2896.0,0,2,0.0,1.0,0.05422522776555829,0,0,1,1,1,1,1,1,0.9699999999999999,1.0,1.0,1.0,0.8,skip,attack_already_active,1785296293.5102098,1785296293510209875,1384961726908589,7.6,53.3671875,-1.0,0,0
2026-07-28T23:38:13.512,10.42.0.210,10.42.0.1,80,3,UPLOAD,0.9854688349332961,UPLOAD,0.9854688349332961,1,1448,100.0,3,0.0,4344.0,0,3,0.0,1.0,0.04733794746322062,0,0,1,1,1,1,1,1,0.9699999999999999,1.0,1.0,1.0,0.8,skip,attack_already_active,1785296293.5121694,1785296293512169587,1384961728868252,7.6,53.3671875,-1.0,0,0
2026-07-28T23:38:13.513,10.42.0.210,10.42.0.1,80,3,UPLOAD,0.9855076450773014,UPLOAD,0.9855076450773014,1,1448,100.0,4,0.0,5792.0,0,4,0.0,1.0,0.041230742723740464,0,0,1,1,1,1,1,1,0.9699999999999999,1.0,1.0,1.0,0.8,skip,attack_already_active,1785296293.5131614,1785296293513161514,1384961729859835,7.6,53.3671875,-1.0,0,0
2026-07-28T23:38:13.514,10.42.0.210,10.42.0.1,80,3,UPLOAD,0.9855086980780915,UPLOAD,0.9855086980780915,1,1448,100.0,5,0.0,7240.0,0,5,0.0,1.0,0.03596343638902249,0,0,1,1,1,1,1,1,0.9699999999999999,1.0,1.0,1.0,0.8,skip,attack_already_active,1785296293.51442,1785296293514419850,1384961731118274,7.6,53.3671875,-1.0,0,0
2026-07-28T23:38:13.515,10.42.0.210,10.42.0.1,80,3,UPLOAD,0.9855087254685951,UPLOAD,0.9855087254685951,1,1448,100.0,6,0.0,8688.0,0,6,0.0,1.0,0.03131271962137106,0,0,1,1,1,1,1,1,0.9699999999999999,1.0,1.0,1.0,0.8,skip,attack_already_active,1785296293.5150905,1785296293515090437,1384961731788711,7.6,53.3671875,-1.0,0,0
2026-07-28T23:38:13.516,10.42.0.210,10.42.0.1,80,3,UPLOAD,0.9855087261493067,UPLOAD,0.9855087261493067,1,1448,100.0,7,0.0,10136.0,0,7,0.0,1.0,0.027362157766653124,0,0,1,1,1,1,1,1,0.9699999999999999,1.0,1.0,1.0,0.8,skip,attack_already_active,1785296293.5164235,1785296293516423401,1384961733123375,7.6,53.3671875,-1.0,0,0
2026-07-28T23:38:13.517,10.42.0.210,10.42.0.1,80,3,UPLOAD,0.9855087261653082,UPLOAD,0.9855087261653082,1,1448,100.0,8,0.0,11584.0,0,8,0.0,1.0,0.023932556111532437,0,0,1,1,1,1,1,1,0.9699999999999999,1.0,1.0,1.0,0.8,skip,attack_already_active,1785296293.5177593,1785296293517759308,1384961734459028,7.6,53.3671875,-1.0,0,0
2026-07-28T23:38:13.519,10.42.0.210,10.42.0.1,80,3,UPLOAD,0.985508726165656,UPLOAD,0.985508726165656,1,1448,100.0,9,0.0,13032.0,0,9,0.0,1.0,0.021001920362638742,0,0,1,1,1,1,1,1,0.9699999999999999,1.0,1.0,1.0,0.8,skip,attack_already_active,1785296293.519452,1785296293519452152,1384961736150715,7.6,53.3671875,-1.0,0,0
2026-07-28T23:38:13.520,10.42.0.210,10.42.0.1,80,3,UPLOAD,0.9855087261656625,UPLOAD,0.9855087261656625,1,1448,100.0,10,0.0,14480.0,0,10,0.0,1.0,0.01837025265381549,0,0,1,1,1,1,1,1,0.9699999999999999,1.0,1.0,1.0,0.8,skip,attack_already_active,1785296293.520483,1785296293520483196,1384961737182125,7.6,53.3671875,-1.0,0,0
2026-07-28T23:38:13.522,10.42.0.210,10.42.0.1,80,3,UPLOAD,0.95,UPLOAD,0.95,1,1448,100.0,11,0.0,15928.0,0,11,0.0,1.0,0.016161181942473256,0,0,1,1,1,1,1,1,0.9699999999999999,1.0,1.0,1.0,0.8,skip,attack_already_active,1785296293.5220892,1785296293522089157,1384961738789115,7.6,53.3671875,-1.0,0,0
2026-07-28T23:38:13.523,10.42.0.210,10.42.0.1,80,3,UPLOAD,0.95,UPLOAD,0.95,1,1448,100.0,12,0.0,17376.0,0,12,0.0,1.0,0.014195958458290605,0,0,1,1,1,1,1,1,0.9699999999999999,1.0,1.0,1.0,0.8,skip,attack_already_active,1785296293.523337,1785296293523337083,1384961740036017,7.6,53.3671875,-1.0,0,0
2026-07-28T23:38:13.524,10.42.0.210,10.42.0.1,80,3,UPLOAD,0.95,UPLOAD,0.95,1,1448,100.0,13,0.0,18824.0,0,13,0.0,1.0,0.012517505726010021,0,0,1,1,1,1,1,1,0.9699999999999999,1.0,1.0,1.0,0.8,skip,attack_already_active,1785296293.5247955,1785296293524795733,1384961741494376,7.6,53.3671875,-1.0,0,0
2026-07-28T23:38:13.525,10.42.0.210,10.42.0.1,80,3,UPLOAD,0.95,UPLOAD,0.95,1,1448,100.0,14,0.0,20272.0,0,14,0.0,1.0,0.010997835092432918,0,0,1,1,1,1,1,1,0.9699999999999999,1.0,1.0,1.0,0.8,skip,attack_already_active,1785296293.5257807,1785296293525780847,1384961742479302,7.6,53.3671875,-1.0,0,0
2026-07-28T23:38:13.527,10.42.0.210,10.42.0.1,80,3,UPLOAD,0.95,UPLOAD,0.95,1,1448,100.0,15,0.0,21720.0,0,15,0.0,1.0,0.009735126803633927,0,0,1,1,1,1,1,1,0.9699999999999999,1.0,1.0,1.0,0.8,skip,attack_already_active,1785296293.5271962,1785296293527196149,1384961743894486,7.6,53.3671875,-1.0,0,0
2026-07-28T23:38:13.528,10.42.0.210,10.42.0.1,80,3,UPLOAD,0.95,UPLOAD,0.95,1,1448,100.0,16,0.0,23168.0,0,16,0.0,1.0,0.008637711616968738,0,0,1,1,1,1,1,1,0.9699999999999999,1.0,1.0,1.0,0.8,skip,attack_already_active,1785296293.5286033,1785296293528603464,1384961745301820,7.6,53.3671875,-1.0,0,0
2026-07-28T23:38:13.530,10.42.0.210,10.42.0.1,80,3,UPLOAD,0.95,UPLOAD,0.95,1,1448,100.0,17,0.0,24616.0,0,17,0.0,1.0,0.007686133015348573,0,0,1,1,1,1,1,1,0.9699999999999999,1.0,1.0,1.0,0.8,skip,attack_already_active,1785296293.5300198,1785296293530019961,1384961746718330,7.6,53.3671875,-1.0,0,0
2026-07-28T23:38:13.530,10.42.0.210,10.42.0.1,80,3,UPLOAD,0.95,UPLOAD,0.95,1,1448,100.0,18,0.0,26064.0,0,18,0.0,1.0,0.006801825837487665,0,0,1,1,1,1,1,1,0.9699999999999999,1.0,1.0,1.0,0.8,skip,attack_already_active,1785296293.5309951,1785296293530995211,1384961747693423,7.6,53.3671875,-1.0,0,0
2026-07-28T23:38:13.532,10.42.0.210,10.42.0.1,80,3,UPLOAD,0.95,UPLOAD,0.95,1,1448,100.0,19,0.0,27512.0,0,19,0.0,1.0,0.006094400750407612,0,0,1,1,1,1,1,1,0.9699999999999999,1.0,1.0,1.0,0.8,skip,attack_already_active,1785296293.5324285,1785296293532428658,1384961749127195,7.6,53.3671875,-1.0,0,0
2026-07-28T23:38:13.533,10.42.0.210,10.42.0.1,80,3,UPLOAD,0.95,UPLOAD,0.95,1,1448,100.0,20,0.0,28960.0,0,20,0.0,1.0,0.005421225615402197,0,0,1,1,1,1,1,1,0.9699999999999999,1.0,1.0,1.0,0.8,skip,attack_already_active,1785296293.5334144,1785296293533414467,1384961750112820,7.6,53.3671875,-1.0,0,0
2026-07-28T23:38:13.534,10.42.0.210,10.42.0.1,80,3,UPLOAD,0.95,UPLOAD,0.95,1,1448,100.0,21,0.0,30408.0,0,21,0.0,1.0,0.004890764427101057,0,0,1,1,1,1,1,1,0.9699999999999999,1.0,1.0,1.0,0.8,skip,attack_already_active,1785296293.53481,1785296293534810046,1384961751508534,7.6,53.3671875,-1.0,0,0
2026-07-28T23:38:13.535,10.42.0.210,10.42.0.1,80,3,UPLOAD,0.95,UPLOAD,0.95,1,1448,100.0,22,0.0,31856.0,0,22,0.0,1.0,0.004381507383604921,0,0,1,1,1,1,1,1,0.9699999999999999,1.0,1.0,1.0,0.8,skip,attack_already_active,1785296293.5358362,1785296293535836096,1384961752534576,7.6,53.3671875,-1.0,0,0
2026-07-28T23:38:13.537,10.42.0.210,10.42.0.1,80,3,UPLOAD,0.95,UPLOAD,0.95,1,1448,100.0,23,0.0,33304.0,0,23,0.0,1.0,0.003995594708574075,0,0,1,1,1,1,1,1,0.9699999999999999,1.0,1.0,1.0,0.8,skip,attack_already_active,1785296293.5372891,1785296293537289235,1384961753987586,7.6,53.3671875,-1.0,0,0
2026-07-28T23:38:13.538,10.42.0.210,10.42.0.1,80,3,UPLOAD,0.95,UPLOAD,0.95,1,1448,100.0,24,0.0,34752.0,0,24,0.0,1.0,0.003605397791067915,0,0,1,1,1,1,1,1,0.9699999999999999,1.0,1.0,1.0,0.8,skip,attack_already_active,1785296293.5383236,1785296293538323648,1384961755022184,7.6,53.3671875,-1.0,0,0
2026-07-28T23:38:13.539,10.42.0.210,10.42.0.1,80,3,UPLOAD,0.95,UPLOAD,0.95,1,1448,100.0,25,0.0,36200.0,0,25,0.0,1.0,0.0033228875746525435,0,0,1,1,1,1,1,1,0.9699999999999999,1.0,1.0,1.0,0.8,skip,attack_already_active,1785296293.5397851,1785296293539785342,1384961756484342,7.6,53.3671875,-1.0,0,0
2026-07-28T23:38:13.540,10.42.0.210,10.42.0.1,80,3,UPLOAD,0.95,UPLOAD,0.95,1,1448,100.0,26,0.0,37648.0,0,26,0.0,1.0,0.0030307929443331772,0,0,1,1,1,1,1,1,0.9699999999999999,1.0,1.0,1.0,0.8,skip,attack_already_active,1785296293.5408914,1785296293540891419,1384961757589815,7.6,53.3671875,-1.0,0,0
2026-07-28T23:38:13.542,10.42.0.210,10.42.0.1,80,3,UPLOAD,0.95,UPLOAD,0.95,1,1448,100.0,27,0.0,39096.0,0,27,0.0,1.0,0.002820984898124465,0,0,1,1,1,1,1,1,0.9699999999999999,1.0,1.0,1.0,0.8,skip,attack_already_active,1785296293.54233,1785296293542330169,1384961759028743,7.6,53.3671875,-1.0,0,0
2026-07-28T23:38:13.543,10.42.0.210,10.42.0.1,80,3,UPLOAD,0.95,UPLOAD,0.95,1,1448,100.0,28,0.0,40544.0,0,28,0.0,1.0,0.002582021389001028,0,0,1,1,1,1,1,1,0.9699999999999999,1.0,1.0,1.0,0.8,skip,attack_already_active,1785296293.5433376,1785296293543337516,1384961760036082,7.6,53.3671875,-1.0,0,0
2026-07-28T23:38:13.544,10.42.0.210,10.42.0.1,80,3,UPLOAD,0.95,UPLOAD,0.95,1,1448,100.0,29,0.0,41992.0,0,29,0.0,1.0,0.0024381361521309875,0,0,1,1,1,1,1,1,0.9699999999999999,1.0,1.0,1.0,0.8,skip,attack_already_active,1785296293.5448277,1785296293544827747,1384961761526308,7.6,53.3671875,-1.0,0,0
2026-07-28T23:38:13.545,10.42.0.210,10.42.0.1,80,3,UPLOAD,0.95,UPLOAD,0.95,1,1448,100.0,30,0.0,43440.0,0,30,0.0,1.0,0.0022518215568495454,0,0,1,1,1,1,1,1,0.9699999999999999,1.0,1.0,1.0,0.8,skip,attack_already_active,1785296293.545852,1785296293545851912,1384961762550270,7.6,53.3671875,-1.0,0,0
2026-07-28T23:38:13.547,10.42.0.210,10.42.0.1,80,3,UPLOAD,0.95,UPLOAD,0.95,1,1448,100.0,31,0.0,44888.0,0,31,0.0,1.0,0.002143342517199583,0,0,1,1,1,1,1,1,0.9699999999999999,1.0,1.0,1.0,0.8,skip,attack_already_active,1785296293.5472806,1785296293547280713,1384961763979301,7.6,53.3671875,-1.0,0,0
2026-07-28T23:38:13.548,10.42.0.210,10.42.0.1,80,3,UPLOAD,0.95,UPLOAD,0.95,1,1448,100.0,32,0.0,46336.0,0,32,0.0,1.0,0.0019951515944861514,0,0,1,1,1,1,1,1,0.9699999999999999,1.0,1.0,1.0,0.8,skip,attack_already_active,1785296293.5482993,1785296293548299350,1384961764997683,7.6,53.3671875,-1.0,0,0
2026-07-28T23:38:13.549,10.42.0.210,10.42.0.1,80,3,UPLOAD,0.95,UPLOAD,0.95,1,1448,100.0,33,0.0,47784.0,0,33,0.0,1.0,0.0019225058216034057,0,0,1,1,1,1,1,1,0.9699999999999999,1.0,1.0,1.0,0.8,skip,attack_already_active,1785296293.5497432,1785296293549743044,1384961766441513,7.6,53.3671875,-1.0,0,0
2026-07-28T23:38:13.550,10.42.0.210,10.42.0.1,80,3,UPLOAD,0.95,UPLOAD,0.95,1,1448,100.0,34,0.0,49232.0,0,34,0.0,1.0,0.0017911627193129874,0,0,1,1,1,1,1,1,0.9699999999999999,1.0,1.0,1.0,0.8,skip,attack_already_active,1785296293.550669,1785296293550669066,1384961767367339,7.6,53.3671875,-1.0,0,0
2026-07-28T23:38:13.551,10.42.0.210,10.42.0.1,80,3,UPLOAD,0.95,UPLOAD,0.95,1,1448,100.0,35,0.0,50680.0,0,35,0.0,1.0,0.0016811173047202967,0,0,1,1,1,1,1,1,0.9699999999999999,1.0,1.0,1.0,0.8,skip,attack_already_active,1785296293.551625,1785296293551624847,1384961768323255,7.6,53.3671875,-1.0,0,0
2026-07-28T23:38:13.552,10.42.0.210,10.42.0.1,80,3,UPLOAD,0.95,UPLOAD,0.95,1,1448,100.0,36,0.0,52128.0,0,36,0.0,1.0,0.0015927990869484122,0,0,1,1,1,1,1,1,0.9699999999999999,1.0,1.0,1.0,0.8,skip,attack_already_active,1785296293.552636,1785296293552635795,1384961769334219,7.6,53.3671875,-1.0,0,0
2026-07-28T23:38:13.553,10.42.0.210,10.42.0.1,80,3,UPLOAD,0.95,UPLOAD,0.95,1,1448,100.0,37,0.0,53576.0,0,37,0.0,1.0,0.0015150507610329367,0,0,1,1,1,1,1,1,0.9699999999999999,1.0,1.0,1.0,0.8,skip,attack_already_active,1785296293.5536387,1785296293553638577,1384961770336946,7.6,53.3671875,-1.0,0,0
2026-07-28T23:38:13.554,10.42.0.1,10.42.0.1,81,3,UPLOAD,0.9841993842160314,UPLOAD,0.9841993842160314,1,7240,100.0,1,0.0,7240.0,0,1,0.0,1.0,0.04725039407178479,1,0,1,1,1,1,1,1,0.9699999999999999,1.0,1.0,1.0,0.8,skip,attack_already_active,1785296293.554642,1785296293554641861,1384961771340153,7.6,53.3671875,-1.0,0,0
2026-07-28T23:38:13.555,10.42.0.1,10.42.0.1,81,3,UPLOAD,0.9847107221495379,UPLOAD,0.9847107221495379,1,7240,100.0,2,0.0,14480.0,0,2,0.0,1.0,0.041159879100935715,1,0,1,1,1,1,1,1,0.9699999999999999,1.0,1.0,1.0,0.8,skip,attack_already_active,1785296293.5556731,1785296293555673205,1384961772371716,7.6,53.3671875,-1.0,0,0
2026-07-28T23:38:13.560,10.42.0.1,10.42.0.1,81,3,UPLOAD,0.9851767695857162,UPLOAD,0.9851767695857162,1,10136,100.0,3,0.0,24616.0,0,3,0.0,1.0,0.03638262966858683,1,0,1,1,1,1,1,1,0.9699999999999999,1.0,1.0,1.0,0.8,skip,attack_already_active,1785296293.5605798,1785296293560579940,1384961777278542,7.6,53.3671875,-1.0,0,0
2026-07-28T23:38:13.561,10.42.0.1,10.42.0.1,81,3,UPLOAD,0.9854971115958714,UPLOAD,0.9854971115958714,1,4344,100.0,4,0.0,28960.0,0,4,0.0,1.0,0.03174777169008537,1,0,1,1,1,1,1,1,0.9699999999999999,1.0,1.0,1.0,0.8,skip,attack_already_active,1785296293.5617898,1785296293561789709,1384961778488964,7.6,53.3671875,-1.0,0,0
2026-07-28T23:38:13.562,10.42.0.1,10.42.0.1,81,3,UPLOAD,0.9855052447611515,UPLOAD,0.9855052447611515,1,14480,100.0,5,0.0,43440.0,0,5,0.0,1.0,0.02771603521157553,1,0,1,1,1,1,1,1,0.9699999999999999,1.0,1.0,1.0,0.8,skip,attack_already_active,1785296293.5629418,1785296293562941803,1384961779640263,7.6,53.3671875,-1.0,0,0
2026-07-28T23:38:13.566,10.42.0.1,10.42.0.1,81,3,UPLOAD,0.9854937952761695,UPLOAD,0.9854937952761695,1,14480,100.0,6,0.0,57920.0,0,6,0.0,1.0,0.024257112576501507,1,0,1,1,1,1,1,1,0.9699999999999999,1.0,1.0,1.0,0.8,skip,attack_already_active,1785296293.5668721,1785296293566871939,1384961783570559,7.6,53.3671875,-1.0,0,0
2026-07-28T23:38:13.568,10.42.0.1,10.42.0.1,81,3,UPLOAD,0.9854793769588698,UPLOAD,0.9854793769588698,1,5792,100.0,7,0.0,63712.0,0,7,0.0,1.0,0.021238530233289477,1,0,1,1,1,1,1,1,0.9699999999999999,1.0,1.0,1.0,0.8,skip,attack_already_active,1785296293.568222,1785296293568221876,1384961784920433,7.6,53.3671875,-1.0,0,0
2026-07-28T23:38:13.569,10.42.0.1,10.42.0.1,81,3,UPLOAD,0.9854656740727791,UPLOAD,0.9854656740727791,1,8688,100.0,8,0.0,72400.0,0,8,0.0,1.0,0.01863138657934621,1,0,1,1,1,1,1,1,0.9699999999999999,1.0,1.0,1.0,0.8,skip,attack_already_active,1785296293.5696757,1785296293569675721,1384961786374154,7.6,53.3671875,-1.0,0,0
2026-07-28T23:38:13.572,10.42.0.1,10.42.0.1,81,3,UPLOAD,0.9854501914627269,UPLOAD,0.9854501914627269,1,7130,100.0,9,0.0,79530.0,0,9,0.0,1.0,0.016562240689139737,1,0,1,1,1,1,1,1,0.9699999999999999,1.0,1.0,1.0,0.8,skip,attack_already_active,1785296293.572605,1785296293572604988,1384961789303549,7.6,53.3671875,-1.0,0,0
2026-07-28T23:38:13.574,10.42.0.1,10.42.0.1,81,3,UPLOAD,0.9854230448264009,UPLOAD,0.9854230448264009,0,39,100.0,9,0.0,79530.0,0,9,0.0,1.0,0.014630880150906644,1,0,1,1,1,1,1,1,0.8374999999999999,0.8500000000000001,1.0,0.6000000000000001,0.8,skip,attack_already_active,1785296293.5745106,1785296293574510597,1384961791209055,57.8,53.3671875,-1.0,0,0
2026-07-28T23:38:14.372,10.42.0.145,10.42.0.1,36,3,UPLOAD,0.9855076450773014,UPLOAD,0.9855076450773014,0,39,1.0,0,0.0,0.0,0,0,0.0,0.0,0.25768227108238523,0,0,0,0,0,0,0,0,0.4375,0.05,1.0,0.0,0.8,skip,already_attacked_this_round,1785296294.372992,1785296294372991987,1384962589690723,8.6,53.3671875,-1.0,0,0
2026-07-28T23:38:14.444,10.42.0.47,10.42.0.1|10.42.0.47,81,3,UPLOAD,0.95,UPLOAD,0.95,1,7240,100.0,1,0.0,7240.0,0,1,0.0,1.0,0.09981825907679984,1,0,0,1,1,1,1,1,0.9699999999999999,1.0,1.0,1.0,0.8,trigger,training_upload_trigger_confirmed,1785296294.4442892,1785296294444289345,1384962660987924,8.6,53.3671875,8.838504,1785296294453129063,1384962669826428
2026-07-28T23:38:14.444,10.42.0.47,10.42.0.1|10.42.0.47,81,3,UPLOAD,0.9585078577482138,UPLOAD,0.9585078577482138,1,7240,100.0,2,0.0,14480.0,0,2,0.0,1.0,0.08675631155306579,1,0,1,1,1,1,1,1,0.9699999999999999,1.0,1.0,1.0,0.8,skip,attack_already_active,1785296294.444984,1785296294444984082,1384962661682192,8.6,53.3671875,-1.0,0,0
2026-07-28T23:38:14.445,10.42.0.47,10.42.0.1|10.42.0.47,81,3,UPLOAD,0.9611019485772069,UPLOAD,0.9611019485772069,1,8688,100.0,3,0.0,23168.0,0,3,0.0,1.0,0.07543818439488076,1,0,1,1,1,1,1,1,0.9699999999999999,1.0,1.0,1.0,0.8,skip,attack_already_active,1785296294.4458501,1785296294445850165,1384962662548288,8.6,53.3671875,-1.0,0,0
2026-07-28T23:38:14.447,10.42.0.47,10.42.0.1|10.42.0.47,81,3,UPLOAD,0.9636478945309738,UPLOAD,0.9636478945309738,1,5792,100.0,4,0.0,28960.0,0,4,0.0,1.0,0.06578046064673546,1,0,1,1,1,1,1,1,0.9699999999999999,1.0,1.0,1.0,0.8,skip,attack_already_active,1785296294.4479985,1785296294447998500,1384962664696832,8.6,53.3671875,-1.0,0,0
2026-07-28T23:38:14.448,10.42.0.47,10.42.0.1|10.42.0.47,81,3,UPLOAD,0.9660490094530652,UPLOAD,0.9660490094530652,1,4344,100.0,5,0.0,33304.0,0,5,0.0,1.0,0.05719446352030197,1,0,1,1,1,1,1,1,0.9699999999999999,1.0,1.0,1.0,0.8,skip,attack_already_active,1785296294.4486222,1785296294448622289,1384962665320390,8.6,53.3671875,-1.0,0,0
2026-07-28T23:38:14.449,10.42.0.47,10.42.0.1|10.42.0.47,81,3,UPLOAD,0.9682485643484517,UPLOAD,0.9682485643484517,1,10136,100.0,6,0.0,43440.0,0,6,0.0,1.0,0.04980494720863065,1,0,1,1,1,1,1,1,0.9699999999999999,1.0,1.0,1.0,0.8,skip,attack_already_active,1785296294.4497397,1785296294449739769,1384962666437761,8.6,53.3671875,-1.0,0,0
2026-07-28T23:38:14.451,10.42.0.47,10.42.0.1|10.42.0.47,81,3,UPLOAD,0.9703762585736498,UPLOAD,0.9703762585736498,1,17376,100.0,7,0.0,60816.0,0,7,0.0,1.0,0.04348682601637146,1,0,1,1,1,1,1,1,0.9699999999999999,1.0,1.0,1.0,0.8,skip,attack_already_active,1785296294.4515982,1785296294451598179,1384962668296238,8.6,53.3671875,-1.0,0,0
2026-07-28T23:38:14.453,10.42.0.47,10.42.0.1|10.42.0.47,81,3,UPLOAD,0.9723969918610916,UPLOAD,0.9723969918610916,1,10136,100.0,8,0.0,70952.0,0,8,0.0,1.0,0.037997093362903606,1,0,1,1,1,1,1,1,0.9699999999999999,1.0,1.0,1.0,0.8,skip,attack_already_active,1785296294.453425,1785296294453424856,1384962670123120,8.6,53.3671875,-1.0,0,0
2026-07-28T23:38:14.454,10.42.0.47,10.42.0.1|10.42.0.47,81,3,UPLOAD,0.9740565800164152,UPLOAD,0.9740565800164152,1,1448,100.0,9,0.0,72400.0,0,9,0.0,1.0,0.0331346612373867,1,0,1,1,1,1,1,1,0.9699999999999999,1.0,1.0,1.0,0.8,skip,attack_already_active,1785296294.4545224,1785296294454522351,1384962671220575,8.6,53.3671875,-1.0,0,0
2026-07-28T23:38:14.455,10.42.0.47,10.42.0.1|10.42.0.47,81,3,UPLOAD,0.9756573112316371,UPLOAD,0.9756573112316371,1,7129,100.0,10,0.0,79529.0,0,10,0.0,1.0,0.028853908656798277,1,0,1,1,1,1,1,1,0.9699999999999999,1.0,1.0,1.0,0.8,skip,attack_already_active,1785296294.4551716,1785296294455171512,1384962671869847,8.6,53.3671875,-1.0,0,0
2026-07-28T23:38:14.456,10.42.0.1,10.42.0.1|10.42.0.47,81,3,UPLOAD,0.9853925684324455,UPLOAD,0.9853925684324455,1,7240,100.0,10,0.0,86770.0,0,10,0.0,1.0,0.042440681064516206,1,0,1,1,1,1,1,1,0.9699999999999999,1.0,1.0,1.0,0.8,skip,attack_already_active,1785296294.4560926,1785296294456092549,1384962672790922,8.6,53.3671875,-1.0,0,0
2026-07-28T23:38:14.456,10.42.0.1,10.42.0.1|10.42.0.47,81,3,UPLOAD,0.9853664113961628,UPLOAD,0.9853664113961628,1,7240,100.0,11,0.0,94010.0,0,11,0.0,1.0,0.03693027099414883,1,0,1,1,1,1,1,1,0.9699999999999999,1.0,1.0,1.0,0.8,skip,attack_already_active,1785296294.4567163,1785296294456716416,1384962673414512,8.6,53.3671875,-1.0,0,0
2026-07-28T23:38:14.461,10.42.0.1,10.42.0.1|10.42.0.47,81,3,UPLOAD,0.9854020454547454,UPLOAD,0.9854020454547454,1,14480,100.0,12,0.0,108490.0,0,12,0.0,1.0,0.03274012827833628,1,0,1,1,1,1,1,1,0.9699999999999999,1.0,1.0,1.0,0.8,skip,attack_already_active,1785296294.4618487,1785296294461848929,1384962678547098,8.6,53.3671875,-1.0,0,0
2026-07-28T23:38:14.462,10.42.0.1,10.42.0.1|10.42.0.47,81,3,UPLOAD,0.9854216312660503,UPLOAD,0.9854216312660503,1,14480,100.0,13,0.0,122970.0,0,13,0.0,1.0,0.02852022479865999,1,0,1,1,1,1,1,1,0.9699999999999999,1.0,1.0,1.0,0.8,skip,attack_already_active,1785296294.4625652,1785296294462565112,1384962679263186,8.6,53.3671875,-1.0,0,0
2026-07-28T23:38:14.464,10.42.0.1,10.42.0.1|10.42.0.47,81,3,UPLOAD,0.9854377030364636,UPLOAD,0.9854377030364636,1,21720,100.0,14,0.0,144690.0,0,14,0.0,1.0,0.024962525111232144,1,0,1,1,1,1,1,1,0.9699999999999999,1.0,1.0,1.0,0.8,skip,attack_already_active,1785296294.464087,1785296294464087007,1384962680785143,8.6,53.3671875,-1.0,0,0
2026-07-28T23:38:14.464,10.42.0.1,10.42.0.1|10.42.0.47,81,3,UPLOAD,0.9854504830056653,UPLOAD,0.9854504830056653,1,7240,100.0,15,0.0,151930.0,0,15,0.0,1.0,0.021761793175688535,1,0,1,1,1,1,1,1,0.9699999999999999,1.0,1.0,1.0,0.8,skip,attack_already_active,1785296294.46476,1785296294464759986,1384962681458065,8.6,53.3671875,-1.0,0,0
2026-07-28T23:38:14.466,10.42.0.1,10.42.0.1|10.42.0.47,81,3,UPLOAD,0.9854557810415444,UPLOAD,0.9854557810415444,1,7129,100.0,16,0.0,159059.0,0,16,0.0,1.0,0.019184379135212037,1,0,1,1,1,1,1,1,0.9699999999999999,1.0,1.0,1.0,0.8,skip,attack_already_active,1785296294.4669626,1785296294466962698,1384962683660943,8.6,53.3671875,-1.0,0,0
2026-07-28T23:38:14.801,10.42.0.1,,82,1,DOWNLOAD,0.98414666511291,DOWNLOAD,0.98414666511291,-1,1448,54.923342504196576,8,1448.0,79529.0,1,7,0.017881620707114364,0.9821183792928856,0.0798040291805115,0,0,0,0,1,0,0,0,0.44,0.8500000000000001,0.0,0.6000000000000001,0.15,skip,training_upload_trigger_not_confirmed,1785296294.801054,1785296294801053827,1384963017752799,8.6,53.3671875,-1.0,0,0
2026-07-28T23:38:14.804,10.42.0.1,,82,1,DOWNLOAD,0.95,DOWNLOAD,0.95,-1,5792,10.984668506908193,9,7240.0,79529.0,2,7,0.08343993822678607,0.9165600617732139,0.06980760360893709,0,0,0,0,1,0,0,0,0.44,0.8500000000000001,0.0,0.6000000000000001,0.15,skip,training_upload_trigger_not_confirmed,1785296294.804998,1785296294804997801,1384963021696601,8.6,53.3671875,-1.0,0,0
2026-07-28T23:38:14.805,10.42.0.1,,82,1,DOWNLOAD,0.95,DOWNLOAD,0.95,-1,7240,5.492334253833402,10,14480.0,79529.0,3,7,0.15402780584837622,0.8459721941516238,0.060707426035773206,0,0,0,0,1,0,0,0,0.44,0.8500000000000001,0.0,0.6000000000000001,0.15,skip,training_upload_trigger_not_confirmed,1785296294.8057468,1785296294805746797,1384963022445031,8.6,53.3671875,-1.0,0,0
2026-07-28T23:38:14.807,10.42.0.1,,82,1,DOWNLOAD,0.95,DOWNLOAD,0.95,-1,7240,3.6615561693065577,11,21720.0,79529.0,4,7,0.21452063724086165,0.7854793627591383,0.05291889411235013,0,0,0,0,1,0,0,0,0.4,0.8500000000000001,0.0,0.4,0.15,skip,training_upload_trigger_not_confirmed,1785296294.8073492,1785296294807349224,1384963024047698,8.6,53.3671875,-1.0,0,0
2026-07-28T23:38:14.808,10.42.0.1,,82,1,DOWNLOAD,0.95,DOWNLOAD,0.95,-1,7240,2.7461671270115273,12,28960.0,79529.0,5,7,0.266939505387643,0.733060494612357,0.0460370540757996,0,0,0,0,1,0,0,0,0.4,0.8500000000000001,0.0,0.4,0.15,skip,training_upload_trigger_not_confirmed,1785296294.8080437,1785296294808043875,1384963024741984,8.6,53.3671875,-1.0,0,0
2026-07-28T23:38:14.809,10.42.0.1,,82,1,DOWNLOAD,0.95,DOWNLOAD,0.95,-1,7240,2.1969337016243937,13,36200.0,79529.0,6,7,0.31279973040465225,0.6872002695953477,0.04020869024102139,0,0,0,0,1,0,0,0,0.4,0.8500000000000001,0.0,0.4,0.15,skip,training_upload_trigger_not_confirmed,1785296294.809851,1785296294809850898,1384963026548988,8.6,53.3671875,-1.0,0,0
2026-07-28T23:38:14.810,10.42.0.1,,82,1,DOWNLOAD,0.95,DOWNLOAD,0.95,-1,7240,1.8307780846954238,14,43440.0,79529.0,7,7,0.35325976465613285,0.6467402353438672,0.0349921168184243,0,0,0,0,1,0,0,0,0.32,0.8500000000000001,0.0,0.0,0.15,skip,training_upload_trigger_not_confirmed,1785296294.8104725,1785296294810472571,1384963027170544,8.6,53.3671875,-1.0,0,0
2026-07-28T23:38:14.811,10.42.0.1,,82,1,DOWNLOAD,0.95,DOWNLOAD,0.95,-1,7240,1.569238358315524,15,50680.0,79529.0,8,7,0.3892204071915152,0.6107795928084848,0.030496288535469755,0,0,0,0,1,0,0,0,0.32,0.8500000000000001,0.0,0.0,0.15,skip,training_upload_trigger_not_confirmed,1785296294.811347,1785296294811346867,1384963028045048,8.6,53.3671875,-1.0,0,0
2026-07-28T23:38:14.811,10.42.0.1,,82,1,DOWNLOAD,0.95,DOWNLOAD,0.95,-1,7240,1.37308356352947,16,57920.0,79529.0,9,7,0.42139266200554387,0.5786073379944561,0.026558901921159485,0,0,0,0,1,0,0,0,0.32,0.8500000000000001,0.0,0.0,0.15,skip,training_upload_trigger_not_confirmed,1785296294.8119636,1785296294811963716,1384963028662330,8.6,53.3671875,-1.0,0,0
2026-07-28T23:38:14.812,10.42.0.1,,82,1,DOWNLOAD,0.95,DOWNLOAD,0.95,-1,10136,1.1685817561982987,17,68056.0,79529.0,10,7,0.46113087373378053,0.5388691262662194,0.023143849676820004,0,0,0,0,1,0,0,0,0.30250000000000005,0.8000000000000002,0.0,0.0,0.15,skip,training_upload_trigger_not_confirmed,1785296294.8126066,1785296294812606586,1384963029304574,8.6,53.3671875,-1.0,0,0
2026-07-28T23:38:14.813,10.42.0.1,,82,1,DOWNLOAD,0.95,DOWNLOAD,0.95,-1,10136,1.0170989359523084,18,78192.0,79529.0,11,7,0.495761502907032,0.504238497092968,0.0201733160685784,0,0,0,0,1,0,0,0,0.30250000000000005,0.8000000000000002,0.0,0.0,0.15,skip,training_upload_trigger_not_confirmed,1785296294.8132079,1785296294813207783,1384963029905734,8.6,53.3671875,-1.0,0,0
2026-07-28T23:38:14.813,10.42.0.1,,82,1,DOWNLOAD,0.95,DOWNLOAD,0.95,-1,10136,0.9003826646148403,19,88328.0,79529.0,12,7,0.5262098095402634,0.4737901904597366,0.017603899532914424,0,0,0,0,1,0,0,0,0.30250000000000005,0.8000000000000002,0.0,0.0,0.15,skip,training_upload_trigger_not_confirmed,1785296294.8138826,1785296294813882523,1384963030580575,8.6,53.3671875,-1.0,0,0
2026-07-28T23:38:14.814,10.42.0.1,,82,1,DOWNLOAD,0.95,DOWNLOAD,0.95,-1,14480,0.7735682048111667,20,102808.0,79529.0,13,7,0.5638350965519889,0.4361649034480111,0.015370176088023449,0,0,0,0,1,0,0,0,0.28500000000000003,0.7500000000000001,0.0,0.0,0.15,skip,training_upload_trigger_not_confirmed,1785296294.8145354,1785296294814535314,1384963031233411,8.6,53.3671875,-1.0,0,0
2026-07-28T23:38:14.815,10.42.0.1,,82,1,DOWNLOAD,0.95,DOWNLOAD,0.95,-1,4344,0.7422073316434391,21,107152.0,79529.0,14,7,0.5739844976189329,0.42601550238106717,0.01345904467946891,0,0,0,0,1,0,0,0,0.28500000000000003,0.7500000000000001,0.0,0.0,0.15,skip,training_upload_trigger_not_confirmed,1785296294.8154025,1785296294815402606,1384963032100729,8.6,53.3671875,-1.0,0,0
2026-07-28T23:38:14.816,10.42.0.1,,82,1,DOWNLOAD,0.95,DOWNLOAD,0.95,-1,14480,0.6538493159723275,22,121632.0,79529.0,15,7,0.6046500067110424,0.3953499932889576,0.011768334115449704,0,0,0,0,1,0,0,0,0.28500000000000003,0.7500000000000001,0.0,0.0,0.15,skip,training_upload_trigger_not_confirmed,1785296294.8160312,1785296294816031308,1384963032729312,8.6,53.3671875,-1.0,0,0
2026-07-28T23:38:14.817,10.42.0.1,,82,1,DOWNLOAD,0.95,DOWNLOAD,0.95,-1,4344,0.6313027878355297,23,125976.0,79529.0,16,7,0.6130069827984721,0.38699301720152796,0.010365890069553328,0,0,0,0,0,0,0,0,0.0225,0.0,0.0,0.0,0.15,skip,training_upload_trigger_not_confirmed,1785296294.8171568,1785296294817156848,1384963033855155,8.6,53.3671875,-1.0,0,0
2026-07-28T23:38:14.817,10.42.0.1,,82,1,DOWNLOAD,0.95,DOWNLOAD,0.95,-1,14480,0.5662200262034642,24,140456.0,79529.0,17,7,0.6384798963565698,0.36152010364343024,0.009084286350250886,0,0,0,0,0,0,0,0,0.0225,0.0,0.0,0.0,0.15,skip,training_upload_trigger_not_confirmed,1785296294.817797,1785296294817796862,1384963034494859,39.7,53.3671875,-1.0,0,0
2026-07-28T23:38:14.818,10.42.0.1,,82,1,DOWNLOAD,0.95,DOWNLOAD,0.95,-1,4344,0.5492334254174775,25,144800.0,79529.0,18,7,0.6454805219120131,0.35451947808798684,0.008041029332095854,0,0,0,0,0,0,0,0,0.0225,0.0,0.0,0.0,0.15,skip,training_upload_trigger_not_confirmed,1785296294.8189642,1785296294818964350,1384963035662481,39.7,53.3671875,-1.0,0,0
2026-07-28T23:38:14.819,10.42.0.1,,82,1,DOWNLOAD,0.95,DOWNLOAD,0.95,-1,14480,0.4993031140162022,26,159280.0,79529.0,19,7,0.6669765377351775,0.3330234622648225,0.007066442668590783,0,0,0,0,0,0,0,0,0.0225,0.0,0.0,0.0,0.15,skip,training_upload_trigger_not_confirmed,1785296294.8196094,1785296294819609383,1384963036307504,39.7,53.3671875,-1.0,0,0
2026-07-28T23:38:14.821,10.42.0.1,,82,1,DOWNLOAD,0.95,DOWNLOAD,0.95,-1,14480,0.45769452118175813,27,173760.0,79529.0,20,7,0.6860147894302555,0.31398521056974443,0.006333918675940634,0,0,0,0,0,0,0,0,0.0225,0.0,0.0,0.0,0.15,skip,training_upload_trigger_not_confirmed,1785296294.821117,1785296294821116831,1384963037815458,39.7,53.3671875,-1.0,0,0
2026-07-28T23:38:14.822,10.42.0.1,,82,1,DOWNLOAD,0.95,DOWNLOAD,0.95,-1,4344,0.4465312401773877,28,178104.0,79529.0,21,7,0.6913089549863566,0.3086910450136434,0.005621609580464946,0,0,0,0,0,0,0,0,0.0225,0.0,0.0,0.0,0.15,skip,training_upload_trigger_not_confirmed,1785296294.8220453,1785296294822045315,1384963038743467,39.7,53.3671875,-1.0,0,0
2026-07-28T23:38:14.822,10.42.0.1,,82,1,DOWNLOAD,0.95,DOWNLOAD,0.95,-1,4344,0.4358995439827463,29,182448.0,79529.0,22,7,0.6964275489833077,0.3035724510166923,0.004968511155442078,0,0,0,0,0,0,0,0,0.0225,0.0,0.0,0.0,0.15,skip,training_upload_trigger_not_confirmed,1785296294.8227108,1785296294822710760,1384963039409094,39.7,53.3671875,-1.0,0,0
2026-07-28T23:38:14.824,10.42.0.1,,82,1,DOWNLOAD,0.95,DOWNLOAD,0.95,-1,18824,0.3951319607327639,30,201272.0,79529.0,23,7,0.7167780741521576,0.28322192584784245,0.00450279580663549,0,0,0,0,0,0,0,0,0.0225,0.0,0.0,0.0,0.15,skip,training_upload_trigger_not_confirmed,1785296294.824145,1785296294824145165,1384963040843490,39.7,53.3671875,-1.0,0,0
2026-07-28T23:38:14.825,10.42.0.1,,82,1,DOWNLOAD,0.95,DOWNLOAD,0.95,-1,18824,0.36133777988077315,31,220096.0,79529.0,24,7,0.7345715477680433,0.2654284522319566,0.004030588090246085,0,0,0,0,0,0,0,0,0.0225,0.0,0.0,0.0,0.15,skip,training_upload_trigger_not_confirmed,1785296294.8250644,1785296294825064453,1384963041762549,39.7,53.3671875,-1.0,0,0
2026-07-28T23:38:14.825,10.42.0.1,,82,1,DOWNLOAD,0.95,DOWNLOAD,0.95,-1,1448,0.3589760950449618,32,221544.0,79529.0,25,7,0.7358481165697356,0.2641518834302644,0.0035803595008986264,0,0,0,0,0,0,0,0,0.0225,0.0,0.0,0.0,0.15,skip,training_upload_trigger_not_confirmed,1785296294.8256783,1785296294825678446,1384963042376427,39.7,53.3671875,-1.0,0,0
2026-07-28T23:38:14.826,10.42.0.1,,82,1,DOWNLOAD,0.95,DOWNLOAD,0.95,-1,11584,0.34113877355212097,33,233128.0,79529.0,26,7,0.7456349929795271,0.25436500702047293,0.003257635479839539,0,0,0,0,0,0,0,0,0.0225,0.0,0.0,0.0,0.15,skip,training_upload_trigger_not_confirmed,1785296294.8268096,1785296294826809528,1384963043507622,39.7,53.3671875,-1.0,0,0
2026-07-28T23:38:14.827,10.42.0.1,,82,1,DOWNLOAD,0.95,DOWNLOAD,0.95,-1,7240,0.3308635092885456,34,240368.0,79529.0,27,7,0.7513918542530877,0.24860814574691228,0.0029189388944623157,0,0,0,0,0,0,0,0,0.0225,0.0,0.0,0.0,0.15,skip,training_upload_trigger_not_confirmed,1785296294.827497,1785296294827496962,1384963044195305,39.7,53.3671875,-1.0,0,0
2026-07-28T23:38:14.828,10.42.0.1,,82,1,DOWNLOAD,0.95,DOWNLOAD,0.95,-1,18824,0.306834315876621,35,259192.0,79529.0,28,7,0.76520794400111,0.23479205599888994,0.0026614438202976127,0,0,0,0,0,0,0,0,0.0225,0.0,0.0,0.0,0.15,skip,training_upload_trigger_not_confirmed,1785296294.828462,1785296294828461878,1384963045160038,39.7,53.3671875,-1.0,0,0
2026-07-28T23:38:14.829,10.42.0.1,,82,1,DOWNLOAD,0.95,DOWNLOAD,0.95,-1,18824,0.2860590757392162,36,278016.0,79529.0,29,7,0.7775692570165993,0.22243074298340068,0.0024415558680947747,0,0,0,0,0,0,0,0,0.0225,0.0,0.0,0.0,0.15,skip,training_upload_trigger_not_confirmed,1785296294.8294547,1785296294829454673,1384963046153027,39.7,53.3671875,-1.0,0,0
2026-07-28T23:38:14.830,10.42.0.1,,82,1,DOWNLOAD,0.95,DOWNLOAD,0.95,-1,16946,0.26962456181043787,37,294962.0,79529.0,30,7,0.7876344157803525,0.21236558421964746,0.0023044302625029123,0,0,0,0,0,0,0,0,0.0225,0.0,0.0,0.0,0.15,skip,training_upload_trigger_not_confirmed,1785296294.8308556,1785296294830855689,1384963047554378,39.7,53.3671875,-1.0,0,0
2026-07-28T23:38:14.831,10.42.0.1,,82,1,DOWNLOAD,0.95,DOWNLOAD,0.95,-1,1448,0.2683074120331017,38,296410.0,79529.0,31,7,0.7884523819023831,0.2115476180976169,0.002127063464876566,0,0,0,0,0,0,0,0,0.0225,0.0,0.0,0.0,0.15,skip,training_upload_trigger_not_confirmed,1785296294.831814,1785296294831814172,1384963048512888,39.7,53.3671875,-1.0,0,0
2026-07-28T23:38:14.833,10.42.0.210,,81,1,DOWNLOAD,0.9832134676897887,DOWNLOAD,0.9832134676897887,-1,7240,1.381215469422484e-10,1,7240.0,0.0,1,0,1.0,0.0,0.16656915979773834,0,0,0,0,0,0,0,0,0.0225,0.0,0.0,0.0,0.15,skip,training_upload_trigger_not_confirmed,1785296294.8330839,1785296294833083793,1384963049782183,39.7,53.3671875,-1.0,0,0
2026-07-28T23:38:14.833,10.42.0.210,,81,1,DOWNLOAD,0.95,DOWNLOAD,0.95,-1,7240,6.90607734758936e-11,2,14480.0,0.0,2,0,1.0,0.0,0.14471205889737693,0,0,0,0,0,0,0,0,0.0225,0.0,0.0,0.0,0.15,skip,training_upload_trigger_not_confirmed,1785296294.8337855,1785296294833785493,1384963050483589,39.7,53.3671875,-1.0,0,0
2026-07-28T23:38:14.834,10.42.0.1,,82,1,DOWNLOAD,0.95,DOWNLOAD,0.95,-1,15498,0.25497582620755166,39,311908.0,79529.0,32,7,0.7968280974971707,0.20317190250282932,0.002199117862973357,0,0,0,0,0,0,0,0,0.0225,0.0,0.0,0.0,0.15,skip,training_upload_trigger_not_confirmed,1785296294.834488,1785296294834487890,1384963051185987,39.7,53.3671875,-1.0,0,0
2026-07-28T23:38:14.835,10.42.0.47,,82,1,DOWNLOAD,0.9561523319156862,DOWNLOAD,0.9561523319156862,-1,7240,10.984668506908193,11,7240.0,79529.0,1,10,0.08343993822678607,0.9165600617732139,0.028519184781457665,0,0,0,0,0,0,0,0,0.057499999999999996,0.1,0.0,0.0,0.15,skip,training_upload_trigger_not_confirmed,1785296294.8355322,1785296294835532414,1384963052230870,39.7,53.3671875,-1.0,0,0
2026-07-28T23:38:14.836,10.42.0.47,,82,1,DOWNLOAD,0.95,DOWNLOAD,0.95,-1,5792,6.102593615323618,12,13032.0,79529.0,2,10,0.140793638789555,0.859206361210445,0.024850749849141797,0,0,0,0,0,0,0,0,0.057499999999999996,0.1,0.0,0.0,0.15,skip,training_upload_trigger_not_confirmed,1785296294.8362126,1785296294836212791,1384963052910864,39.7,53.3671875,-1.0,0,0
2026-07-28T23:38:14.837,10.42.0.1,,82,1,DOWNLOAD,0.95,DOWNLOAD,0.95,-1,16920,0.24185592468025272,40,328828.0,79529.0,33,7,0.8052463898010809,0.19475361019891907,0.002241255967990506,0,0,0,0,0,0,0,0,0.0225,0.0,0.0,0.0,0.15,skip,training_upload_trigger_not_confirmed,1785296294.8370068,1785296294837006826,1384963053705239,39.7,53.3671875,-1.0,0,0
2026-07-28T23:38:14.837,10.42.0.145,,37,1,DOWNLOAD,0.95,DOWNLOAD,0.95,-1,7300,1.3698630135109776e-10,1,7300.0,0.0,1,0,1.0,0.0,0.28499962115652433,0,0,0,0,0,0,0,0,0.0225,0.0,0.0,0.0,0.15,skip,training_upload_trigger_not_confirmed,1785296294.8379781,1785296294837978172,1384963054676379,39.7,53.3671875,-1.0,0,0
2026-07-28T23:38:14.838,10.42.0.1,,82,1,DOWNLOAD,0.95,DOWNLOAD,0.95,-1,15498,0.23097006906469167,41,344326.0,79529.0,34,7,0.8123674369772682,0.18763256302273182,0.002173975152399992,0,0,0,0,0,0,0,0,0.0225,0.0,0.0,0.0,0.15,skip,training_upload_trigger_not_confirmed,1785296294.8387375,1785296294838737358,1384963055435573,39.7,53.3671875,-1.0,0,0
2026-07-28T23:38:14.839,10.42.0.1,,82,1,DOWNLOAD,0.95,DOWNLOAD,0.95,-1,8688,0.22528568272299315,42,353014.0,79529.0,35,7,0.8161361991755733,0.18386380082442672,0.0020533536169553214,0,0,0,0,0,0,0,0,0.0225,0.0,0.0,0.0,0.15,skip,training_upload_trigger_not_confirmed,1785296294.839996,1785296294839996125,1384963056694427,39.7,53.3671875,-1.0,0,0
2026-07-28T23:38:14.840,10.42.0.59,,34,1,DOWNLOAD,0.95,DOWNLOAD,0.95,-1,7300,1.3698630135109776e-10,1,7300.0,0.0,1,0,1.0,0.0,0.7994486025150049,0,0,0,0,0,0,0,0,0.0225,0.0,0.0,0.0,0.15,skip,training_upload_trigger_not_confirmed,1785296294.8407083,1785296294840708346,1384963057406483,39.7,53.3671875,-1.0,0,0
2026-07-28T23:38:14.842,10.42.0.210,,81,1,DOWNLOAD,0.9557926560077417,DOWNLOAD,0.9557926560077417,-1,10136,4.062398439873968e-11,3,24616.0,0.0,3,0,1.0,0.0,0.12680725599986353,0,0,0,0,0,0,0,0,0.0225,0.0,0.0,0.0,0.15,skip,training_upload_trigger_not_confirmed,1785296294.842623,1785296294842623090,1384963059321529,39.7,53.3671875,-1.0,0,0
2026-07-28T23:38:14.843,10.42.0.210,,81,1,DOWNLOAD,0.9846998846180315,DOWNLOAD,0.9846998846180315,-1,14480,2.557806425144316e-11,4,39096.0,0.0,4,0,1.0,0.0,0.11023500002396856,0,0,0,0,0,0,0,0,0.0225,0.0,0.0,0.0,0.15,skip,training_upload_trigger_not_confirmed,1785296294.843668,1785296294843667946,1384963060366112,39.7,53.3671875,-1.0,0,0
2026-07-28T23:38:14.844,10.42.0.210,,81,1,DOWNLOAD,0.9854895428954357,DOWNLOAD,0.9854895428954357,-1,4344,2.3020257826357728e-11,5,43440.0,0.0,5,0,1.0,0.0,0.09580095751009253,0,0,0,0,0,0,0,0,0.0225,0.0,0.0,0.0,0.15,skip,training_upload_trigger_not_confirmed,1785296294.844367,1785296294844367165,1384963061065578,39.7,53.3671875,-1.0,0,0
2026-07-28T23:38:14.848,10.42.0.210,,81,1,DOWNLOAD,0.9855083405864443,DOWNLOAD,0.9855083405864443,-1,14480,1.7265193369867658e-11,6,57920.0,0.0,6,0,1.0,0.0,0.08368815673806469,0,0,0,0,0,0,0,0,0.0225,0.0,0.0,0.0,0.15,skip,training_upload_trigger_not_confirmed,1785296294.8482473,1785296294848247202,1384963064945702,39.7,53.3671875,-1.0,0,0
2026-07-28T23:38:14.849,10.42.0.210,,81,1,DOWNLOAD,0.9855087208476458,DOWNLOAD,0.9855087208476458,-1,5792,1.569563033626796e-11,7,63712.0,0.0,7,0,1.0,0.0,0.07278840908254584,0,0,0,0,0,0,0,0,0.0225,0.0,0.0,0.0,0.15,skip,training_upload_trigger_not_confirmed,1785296294.8492203,1785296294849220259,1384963065918322,39.7,53.3671875,-1.0,0,0
2026-07-28T23:38:14.850,10.42.0.210,,81,1,DOWNLOAD,0.9855087261970161,DOWNLOAD,0.9855087261970161,-1,14480,1.2789032125885141e-11,8,78192.0,0.0,8,0,1.0,0.0,0.06332013159208368,0,0,0,0,0,0,0,0,0.0225,0.0,0.0,0.0,0.15,skip,training_upload_trigger_not_confirmed,1785296294.8501565,1785296294850156426,1384963066854493,39.7,53.3671875,-1.0,0,0
2026-07-28T23:38:14.851,10.42.0.210,,81,1,DOWNLOAD,0.9855087261721334,DOWNLOAD,0.9855087261721334,-1,992,1.2628813901638856e-11,9,79184.0,0.0,9,0,1.0,0.0,0.05509613825024664,0,0,0,0,0,0,0,0,0.0225,0.0,0.0,0.0,0.15,skip,training_upload_trigger_not_confirmed,1785296294.851067,1785296294851067049,1384963067765118,39.7,53.3671875,-1.0,0,0
2026-07-28T23:38:14.852,10.42.0.145,,37,1,DOWNLOAD,0.95,DOWNLOAD,0.95,-1,14600,4.566210045453598e-11,2,21900.0,0.0,2,0,1.0,0.0,0.24932104774772676,0,0,0,0,0,0,0,0,0.0225,0.0,0.0,0.0,0.15,skip,training_upload_trigger_not_confirmed,1785296294.852223,1785296294852222861,1384963068920982,39.7,53.3671875,-1.0,0,0
2026-07-28T23:38:14.852,10.42.0.145,,37,1,DOWNLOAD,0.95,DOWNLOAD,0.95,-1,14600,2.739726027322199e-11,3,36500.0,0.0,3,0,1.0,0.0,0.21655134931377584,0,0,0,0,0,0,0,0,0.0225,0.0,0.0,0.0,0.15,skip,training_upload_trigger_not_confirmed,1785296294.8528638,1785296294852863758,1384963069561816,39.7,53.3671875,-1.0,0,0
2026-07-28T23:38:14.853,10.42.0.59,,34,1,DOWNLOAD,0.95,DOWNLOAD,0.95,-1,14600,4.566210045453598e-11,2,21900.0,0.0,2,0,1.0,0.0,0.6958194384026559,0,0,0,0,0,0,0,0,0.0225,0.0,0.0,0.0,0.15,skip,training_upload_trigger_not_confirmed,1785296294.8537438,1785296294853743973,1384963070442137,39.7,53.3671875,-1.0,0,0
2026-07-28T23:38:14.854,10.42.0.59,,34,1,DOWNLOAD,0.95,DOWNLOAD,0.95,-1,14600,2.739726027322199e-11,3,36500.0,0.0,3,0,1.0,0.0,0.604212494638235,0,0,0,0,0,0,0,0,0.0225,0.0,0.0,0.0,0.15,skip,training_upload_trigger_not_confirmed,1785296294.8543835,1785296294854383320,1384963071081324,39.7,53.3671875,-1.0,0,0
2026-07-28T23:38:14.855,10.42.0.18,,58,1,DOWNLOAD,0.95,DOWNLOAD,0.95,-1,11680,8.56164383488342e-11,1,11680.0,0.0,1,0,1.0,0.0,0.7507213837221187,0,0,0,0,0,0,0,0,0.0225,0.0,0.0,0.0,0.15,skip,already_attacked_this_round,1785296294.855538,1785296294855537808,1384963072235931,39.7,53.3671875,-1.0,0,0
2026-07-28T23:38:14.856,10.42.0.18,,58,1,DOWNLOAD,0.9558965709788512,DOWNLOAD,0.9558965709788512,-1,5840,5.70776255675184e-11,2,17520.0,0.0,2,0,1.0,0.0,0.6518792625981152,0,0,0,0,0,0,0,0,0.0225,0.0,0.0,0.0,0.15,skip,already_attacked_this_round,1785296294.8561738,1785296294856173823,1384963072872118,39.7,53.3671875,-1.0,0,0
2026-07-28T23:38:14.856,10.42.0.18,,58,1,DOWNLOAD,0.9506278740916265,DOWNLOAD,0.9506278740916265,-1,11680,3.424657534129292e-11,3,29200.0,0.0,3,0,1.0,0.0,0.5660659994992292,0,0,0,0,0,0,0,0,0.0225,0.0,0.0,0.0,0.15,skip,already_attacked_this_round,1785296294.85684,1785296294856839909,1384963073538474,39.7,53.3671875,-1.0,0,0
2026-07-28T23:38:14.859,10.42.0.18,,58,1,DOWNLOAD,0.95,DOWNLOAD,0.95,-1,14600,2.2831050227789245e-11,4,43800.0,0.0,4,0,1.0,0.0,0.4918714838707341,0,0,0,0,0,0,0,0,0.0225,0.0,0.0,0.0,0.15,skip,already_attacked_this_round,1785296294.8598642,1785296294859864339,1384963076562649,39.7,53.3671875,-1.0,0,0
2026-07-28T23:38:14.860,10.42.0.18,,58,1,DOWNLOAD,0.95,DOWNLOAD,0.95,-1,8760,1.9025875189896766e-11,5,52560.0,0.0,5,0,1.0,0.0,0.42714636539865336,0,0,0,0,0,0,0,0,0.0225,0.0,0.0,0.0,0.15,skip,already_attacked_this_round,1785296294.8605547,1785296294860554710,1384963077252899,39.7,53.3671875,-1.0,0,0
2026-07-28T23:38:14.861,10.42.0.18,,58,1,DOWNLOAD,0.9568401475952876,DOWNLOAD,0.9568401475952876,-1,11680,1.556662515542393e-11,6,64240.0,0.0,6,0,1.0,0.0,0.37097710130729444,0,0,0,0,0,0,0,0,0.0225,0.0,0.0,0.0,0.15,skip,already_attacked_this_round,1785296294.861448,1785296294861447997,1384963078146241,39.7,53.3671875,-1.0,0,0
2026-07-28T23:38:14.865,10.42.0.145,,37,1,DOWNLOAD,0.9524432529551277,DOWNLOAD,0.9524432529551277,-1,29200,1.5220700151975332e-11,4,65700.0,0.0,4,0,1.0,0.0,0.18964402970442915,0,0,0,0,0,0,0,0,0.0225,0.0,0.0,0.0,0.15,skip,training_upload_trigger_not_confirmed,1785296294.865223,1785296294865222991,1384963081921416,39.7,53.3671875,-1.0,0,0
2026-07-28T23:38:14.865,10.42.0.145,,37,1,DOWNLOAD,0.9625507548644083,DOWNLOAD,0.9625507548644083,-1,6184,1.3911301541178688e-11,5,71884.0,0.0,5,0,1.0,0.0,0.16474348534138938,0,0,0,0,0,0,0,0,0.0225,0.0,0.0,0.0,0.15,skip,training_upload_trigger_not_confirmed,1785296294.8659036,1785296294865903558,1384963082601644,39.7,53.3671875,-1.0,0,0
2026-07-28T23:38:14.866,10.42.0.18,,58,1,DOWNLOAD,0.9643631376821109,DOWNLOAD,0.9643631376821109,-1,1817,1.5138441043112185e-11,7,66057.0,0.0,7,0,1.0,0.0,0.322761737228026,0,0,0,0,0,0,0,0,0.0225,0.0,0.0,0.0,0.15,skip,already_attacked_this_round,1785296294.866532,1785296294866531975,1384963083230123,39.7,53.3671875,-1.0,0,0
2026-07-28T23:38:14.867,10.42.0.59,,34,1,DOWNLOAD,0.95,DOWNLOAD,0.95,-1,24820,1.630789301995584e-11,4,61320.0,0.0,4,0,1.0,0.0,0.5263131668329202,0,0,0,0,0,0,0,0,0.0225,0.0,0.0,0.0,0.15,skip,training_upload_trigger_not_confirmed,1785296294.8674395,1785296294867439488,1384963084137638,39.7,53.3671875,-1.0,0,0
2026-07-28T23:38:14.868,10.42.0.59,,34,1,DOWNLOAD,0.95,DOWNLOAD,0.95,-1,12037,1.3631964229540032e-11,5,73357.0,0.0,5,0,1.0,0.0,0.45704329322298837,0,0,0,0,0,0,0,0,0.0225,0.0,0.0,0.0,0.15,skip,training_upload_trigger_not_confirmed,1785296294.8680828,1785296294868082733,1384963084780905,39.7,53.3671875,-1.0,0,0
2026-07-28T23:38:14.872,10.42.0.47,,82,1,DOWNLOAD,0.95,DOWNLOAD,0.95,-1,2896,4.9930311398798946,13,15928.0,79529.0,3,10,0.16686047120693087,0.8331395287930692,0.02639574850765534,0,0,0,0,0,0,0,0,0.057499999999999996,0.1,0.0,0.0,0.15,skip,training_upload_trigger_not_confirmed,1785296294.872788,1785296294872787988,1384963089486462,39.7,53.3671875,-1.0,0,0
2026-07-28T23:38:14.879,10.42.0.47,,82,1,DOWNLOAD,0.95,DOWNLOAD,0.95,-1,2896,4.224872503016103,14,18824.0,79529.0,4,10,0.19139223002857056,0.8086077699714295,0.02385932745100066,0,0,0,0,0,0,0,0,0.057499999999999996,0.1,0.0,0.0,0.15,skip,training_upload_trigger_not_confirmed,1785296294.8799355,1785296294879935464,1384963096634105,39.7,53.3671875,-1.0,0,0
2026-07-28T23:38:14.880,10.42.0.47,,82,1,DOWNLOAD,0.95,DOWNLOAD,0.95,-1,8688,2.8907022389542485,15,27512.0,79529.0,5,10,0.2570230098747209,0.7429769901252791,0.020815373346926253,0,0,0,0,0,0,0,0,0.057499999999999996,0.1,0.0,0.0,0.15,skip,training_upload_trigger_not_confirmed,1785296294.880695,1785296294880694944,1384963097393098,39.7,53.3671875,-1.0,0,0
2026-07-28T23:38:14.881,10.42.0.47,,82,1,DOWNLOAD,0.95,DOWNLOAD,0.95,-1,8688,2.1969337016243937,16,36200.0,79529.0,6,10,0.31279973040465225,0.6872002695953477,0.018165371492122894,0,0,0,0,0,0,0,0,0.057499999999999996,0.1,0.0,0.0,0.15,skip,training_upload_trigger_not_confirmed,1785296294.8814003,1785296294881400434,1384963098098527,39.7,53.3671875,-1.0,0,0
2026-07-28T23:38:14.883,10.42.0.47,,82,1,DOWNLOAD,0.95,DOWNLOAD,0.95,-1,5792,1.8939083634765213,17,41992.0,79529.0,7,10,0.34555344343775973,0.6544465565622403,0.015997970850939246,0,0,0,0,0,0,0,0,0.057499999999999996,0.1,0.0,0.0,0.15,skip,training_upload_trigger_not_confirmed,1785296294.883118,1785296294883117804,1384963099816048,39.7,53.3671875,-1.0,0,0
2026-07-28T23:38:14.886,10.42.0.47,,82,1,DOWNLOAD,0.95,DOWNLOAD,0.95,-1,1448,1.8307780846954238,18,43440.0,79529.0,8,10,0.35325976465613285,0.6467402353438672,0.014322716802002868,0,0,0,0,0,0,0,0,0.057499999999999996,0.1,0.0,0.0,0.15,skip,training_upload_trigger_not_confirmed,1785296294.8864028,1785296294886402888,1384963103101182,39.7,53.3671875,-1.0,0,0
2026-07-28T23:38:14.887,10.42.0.47,,82,1,DOWNLOAD,0.95,DOWNLOAD,0.95,-1,1448,1.7717207271259194,19,44888.0,79529.0,9,10,0.36078670921176365,0.6392132907882363,0.012539246015508942,0,0,0,0,0,0,0,0,0.057499999999999996,0.1,0.0,0.0,0.15,skip,training_upload_trigger_not_confirmed,1785296294.8871913,1785296294887191298,1384963103889684,39.7,53.3671875,-1.0,0,0
2026-07-28T23:38:14.887,10.42.0.47,,82,1,DOWNLOAD,0.95,DOWNLOAD,0.95,-1,1448,1.7163544544044294,20,46336.0,79529.0,10,10,0.368140467961705,0.631859532038295,0.010981303065057138,0,0,0,0,0,0,0,0,0.057499999999999996,0.1,0.0,0.0,0.15,skip,training_upload_trigger_not_confirmed,1785296294.8879077,1785296294887907817,1384963104606011,39.7,53.3671875,-1.0,0,0
2026-07-28T23:38:14.888,10.42.0.47,,82,1,DOWNLOAD,0.95,DOWNLOAD,0.95,-1,1448,1.6643437133629593,21,47784.0,79529.0,11,10,0.3753269501150707,0.6246730498849292,0.009625766810994333,0,0,0,0,0,0,0,0,0.057499999999999996,0.1,0.0,0.0,0.15,skip,training_upload_trigger_not_confirmed,1785296294.8886023,1785296294888602300,1384963105300458,39.7,53.3671875,-1.0,0,0
2026-07-28T23:38:14.889,10.42.0.47,,82,1,DOWNLOAD,0.95,DOWNLOAD,0.95,-1,5792,1.4844146632730248,22,53576.0,79529.0,12,10,0.40250929717140604,0.597490702828594,0.00844894987917779,0,0,0,0,0,0,0,0,0.057499999999999996,0.1,0.0,0.0,0.15,skip,training_upload_trigger_not_confirmed,1785296294.8892975,1785296294889297293,1384963105995426,39.7,53.3671875,-1.0,0,0
2026-07-28T23:38:14.890,10.42.0.47,,82,1,DOWNLOAD,0.95,DOWNLOAD,0.95,-1,8688,1.277287035842906,23,62264.0,79529.0,13,10,0.4391189974117199,0.5608810025882801,0.007429846441866856,0,0,0,0,0,0,0,0,0.057499999999999996,0.1,0.0,0.0,0.15,skip,training_upload_trigger_not_confirmed,1785296294.8900127,1785296294890012710,1384963106710776,39.7,53.3671875,-1.0,0,0
2026-07-28T23:38:14.890,10.42.0.47,,82,1,DOWNLOAD,0.95,DOWNLOAD,0.95,-1,2896,1.2205187231396482,24,65160.0,79529.0,14,10,0.4503452232028696,0.5496547767971304,0.006544971983683945,0,0,0,0,0,0,0,0,0.057499999999999996,0.1,0.0,0.0,0.15,skip,training_upload_trigger_not_confirmed,1785296294.8907275,1785296294890727367,1384963107425626,39.7,53.3671875,-1.0,0,0
2026-07-28T23:38:14.893,10.42.0.47,,82,1,DOWNLOAD,0.95,DOWNLOAD,0.95,-1,4344,1.1442363029445177,25,69504.0,79529.0,15,10,0.4663665094307972,0.5336334905692028,0.006059615809071613,0,0,0,0,0,0,0,0,0.039999999999999994,0.05,0.0,0.0,0.15,skip,training_upload_trigger_not_confirmed,1785296294.8935893,1785296294893589347,1384963110287602,39.7,53.3671875,-1.0,0,0
2026-07-28T23:38:14.894,10.42.0.47,,82,1,DOWNLOAD,0.95,DOWNLOAD,0.95,-1,2896,1.0984668508273692,26,72400.0,79529.0,16,10,0.47653838306050855,0.5234616169394914,0.005358098920505069,0,0,0,0,0,0,0,0,0.039999999999999994,0.05,0.0,0.0,0.15,skip,training_upload_trigger_not_confirmed,1785296294.8943253,1785296294894325308,1384963111024059,39.7,53.3671875,-1.0,0,0
2026-07-28T23:38:14.895,10.42.0.47,,82,1,DOWNLOAD,0.95,DOWNLOAD,0.95,-1,2896,1.0562181257961085,27,75296.0,79529.0,17,10,0.48632972711125466,0.5136702728887453,0.0047446570173310795,0,0,0,0,0,0,0,0,0.039999999999999994,0.05,0.0,0.0,0.15,skip,training_upload_trigger_not_confirmed,1785296294.895028,1785296294895028186,1384963111726410,39.7,53.3671875,-1.0,0,0
2026-07-28T23:38:14.895,10.42.0.47,,82,1,DOWNLOAD,0.95,DOWNLOAD,0.95,-1,2896,1.0170989359523084,28,78192.0,79529.0,18,10,0.495761502907032,0.504238497092968,0.004214218901310987,0,0,0,0,0,0,0,0,0.039999999999999994,0.05,0.0,0.0,0.15,skip,training_upload_trigger_not_confirmed,1785296294.8957474,1785296294895747221,1384963112445526,39.7,53.3671875,-1.0,0,0
2026-07-28T23:38:14.896,10.42.0.47,,82,1,DOWNLOAD,0.95,DOWNLOAD,0.95,-1,1005,1.004192077982699,29,79197.0,79529.0,19,10,0.4989541725993221,0.5010458274006779,0.003754150248478279,0,0,0,0,0,0,0,0,0.039999999999999994,0.05,0.0,0.0,0.15,skip,training_upload_trigger_not_confirmed,1785296294.8964703,1785296294896470259,1384963113168486,39.7,53.3671875,-1.0,0,0
2026-07-28T23:38:14.949,10.42.0.18,,58,1,DOWNLOAD,0.9615389218794141,DOWNLOAD,0.9615389218794141,0,43,1.5138441043112185e-11,7,66057.0,0.0,7,0,1.0,0.0,0.6335034757159346,0,0,0,0,0,0,0,0,0.0225,0.0,0.0,0.0,0.15,skip,already_attacked_this_round,1785296294.9495573,1785296294949557264,1384963166255838,39.7,53.3671875,-1.0,0,0
2026-07-28T23:38:15.046,10.42.0.1,,82,1,DOWNLOAD,0.9289937679089224,DOWNLOAD,0.9289937679089224,0,39,0.22528568272299315,42,353014.0,79529.0,35,7,0.8161361991755733,0.18386380082442672,0.007128144356007003,0,0,0,0,0,0,0,0,0.0225,0.0,0.0,0.0,0.15,skip,training_upload_trigger_not_confirmed,1785296295.0468376,1785296295046837378,1384963263535979,39.7,53.3671875,-1.0,0,0
2026-07-28T23:38:15.187,10.42.0.59,,34,2,TRAINING,0.95,TRAINING,0.95,1,64240,0.8757173821192836,6,73357.0,64240.0,5,1,0.5331293560179364,0.46687064398206357,0.42081087793590705,0,0,0,0,1,0,0,0,0.4525,1.0,0.0,0.4,0.15,skip,training_upload_trigger_not_confirmed,1785296295.1876762,1785296295187676105,1384963404374770,39.7,53.3671875,-1.0,0,0
2026-07-28T23:38:15.188,10.42.0.59,,34,3,UPLOAD,0.95,UPLOAD,0.95,1,2149,0.905012473248565,7,73357.0,66389.0,5,2,0.524930946145149,0.47506905385485093,0.3655177519102977,0,0,0,1,1,1,1,1,0.85,1.0,1.0,0.4,0.8,trigger,training_upload_trigger_confirmed,1785296295.1888828,1785296295188883007,1384963405581292,39.7,53.3671875,72.538012,1785296295261422026,1384963478119304
2026-07-28T23:38:15.189,10.42.0.1,,82,2,TRAINING,0.95,TRAINING,0.95,1,7240,0.24579478434496704,43,353014.0,86769.0,35,8,0.8027004227084721,0.19729957729152786,0.025041116682623356,0,0,0,0,1,0,0,0,0.4525,1.0,0.0,0.4,0.15,skip,training_upload_trigger_not_confirmed,1785296295.1899023,1785296295189902292,1384963406600609,39.7,53.3671875,-1.0,0,0
2026-07-28T23:38:15.190,10.42.0.1,10.42.0.1,82,3,UPLOAD,0.95,UPLOAD,0.95,1,7240,0.26630388596694093,44,353014.0,94009.0,35,9,0.7896998588439521,0.2103001411560479,0.021845862795240027,1,0,0,1,1,1,1,1,0.9699999999999999,1.0,1.0,1.0,0.8,trigger,training_upload_trigger_confirmed,1785296295.1906955,1785296295190695433,1384963407393728,39.7,53.3671875,82.982583,1785296295273679036,1384963490376311
2026-07-28T23:38:15.193,10.42.0.1,10.42.0.1,82,3,UPLOAD,0.95,UPLOAD,0.95,1,10136,0.29501662823770436,45,353014.0,104145.0,35,10,0.7721908570103618,0.22780914298963817,0.01933597706429467,1,0,1,1,1,1,1,1,0.9699999999999999,1.0,1.0,1.0,0.8,skip,attack_already_active,1785296295.1934946,1785296295193494507,1384963410194147,39.7,53.3671875,-1.0,0,0
2026-07-28T23:38:15.194,10.42.0.1,10.42.0.1,82,3,UPLOAD,0.95,UPLOAD,0.95,1,4344,0.3073220892108887,46,353014.0,108489.0,35,11,0.7649224382073356,0.2350775617926644,0.016967979710303265,1,0,1,1,1,1,1,1,0.9699999999999999,1.0,1.0,1.0,0.8,skip,attack_already_active,1785296295.1948605,1785296295194860420,1384963411559215,39.7,53.3671875,-1.0,0,0
2026-07-28T23:38:15.195,10.42.0.1,10.42.0.1,82,3,UPLOAD,0.95,UPLOAD,0.95,1,14480,0.3483402924548365,47,353014.0,122969.0,35,12,0.7416525380108113,0.2583474619891887,0.01488044938070622,1,0,1,1,1,1,1,1,0.9699999999999999,1.0,1.0,1.0,0.8,skip,attack_already_active,1785296295.1959867,1785296295195986753,1384963412685352,39.7,53.3671875,-1.0,0,0
2026-07-28T23:38:15.197,10.42.0.1,10.42.0.1,82,3,UPLOAD,0.95,UPLOAD,0.95,1,18824,0.40166395667196864,48,353014.0,141793.0,35,13,0.7134377646233784,0.28656223537662157,0.013176141223072084,1,0,1,1,1,1,1,1,0.9699999999999999,1.0,1.0,1.0,0.8,skip,attack_already_active,1785296295.1979337,1785296295197933664,1384963414632283,39.7,53.3671875,-1.0,0,0
2026-07-28T23:38:15.198,10.42.0.1,10.42.0.1,82,3,UPLOAD,0.95,UPLOAD,0.95,1,1448,0.4057657769963634,49,353014.0,143241.0,35,14,0.7113560568659257,0.2886439431340742,0.011557143671582516,1,0,1,1,1,1,1,1,0.9699999999999999,1.0,1.0,1.0,0.8,skip,attack_already_active,1785296295.1988237,1785296295198823618,1384963415524087,39.7,53.3671875,-1.0,0,0
2026-07-28T23:38:15.200,10.42.0.1,10.42.0.1,82,3,UPLOAD,0.95,UPLOAD,0.95,1,8688,0.4303766989427321,50,353014.0,151929.0,35,15,0.6991165339454156,0.3008834660545844,0.01022054428698809,1,0,1,1,1,1,1,1,0.9699999999999999,1.0,1.0,1.0,0.8,skip,attack_already_active,1785296295.2002378,1785296295200237942,1384963416936891,39.7,53.3671875,-1.0,0,0
2026-07-28T23:38:15.201,10.42.0.1,10.42.0.1,82,3,UPLOAD,0.95,UPLOAD,0.95,1,7129,0.4505713654431536,51,353014.0,159058.0,35,16,0.6893835241919105,0.3106164758080895,0.008975907143046679,1,0,1,1,1,1,1,1,0.9699999999999999,1.0,1.0,1.0,0.8,skip,attack_already_active,1785296295.201013,1785296295201012881,1384963417711030,39.7,53.3671875,-1.0,0,0
2026-07-28T23:38:15.202,10.42.0.145,10.42.0.1,37,2,TRAINING,0.95,TRAINING,0.95,1,64240,0.8936620110192303,6,71884.0,64240.0,5,1,0.5280773412476859,0.47192265875231404,0.27130431737079275,0,0,0,0,1,0,0,0,0.4525,1.0,0.0,0.4,0.15,skip,training_upload_trigger_not_confirmed,1785296295.2026737,1785296295202673706,1384963419372166,39.7,53.3671875,-1.0,0,0
2026-07-28T23:38:15.203,10.42.0.145,10.42.0.1,37,3,UPLOAD,0.95,UPLOAD,0.95,1,11680,1.0561460130201972,7,71884.0,75920.0,5,2,0.4863467835782523,0.5136532164217478,0.2356969757954018,0,0,0,1,1,1,1,1,0.9299999999999999,1.0,1.0,0.8,0.8,trigger,training_upload_trigger_confirmed,1785296295.2037637,1785296295203763628,1384963420462136,39.7,53.3671875,123.36791,1785296295327132787,1384963543830046
2026-07-28T23:38:15.206,10.42.0.145,10.42.0.1,37,3,UPLOAD,0.9841010226033655,UPLOAD,0.9841010226033655,1,3636,1.106727505423923,8,71884.0,79556.0,5,3,0.47466983623877446,0.5253301637612255,0.2049960399656274,0,0,1,1,1,1,1,1,0.9299999999999999,1.0,1.0,0.8,0.8,skip,attack_already_active,1785296295.2064798,1785296295206479873,1384963423178717,39.7,53.3671875,-1.0,0,0
2026-07-28T23:38:15.207,10.42.0.1,10.42.0.1,82,3,UPLOAD,0.95,UPLOAD,0.95,1,7240,0.4710804670651275,52,353014.0,166298.0,35,17,0.6797724681886804,0.3202275318113196,0.008131603694253342,1,0,1,1,1,1,1,1,0.9699999999999999,1.0,1.0,1.0,0.8,skip,attack_already_active,1785296295.2079587,1785296295207958860,1384963424657236,39.7,53.3671875,-1.0,0,0
2026-07-28T23:38:15.208,10.42.0.1,10.42.0.1,82,3,UPLOAD,0.95,UPLOAD,0.95,1,5792,0.48748774836270664,53,353014.0,172090.0,35,18,0.6722744446814345,0.32772555531856545,0.007152213410614708,1,0,1,1,1,1,1,1,0.9699999999999999,1.0,1.0,1.0,0.8,skip,attack_already_active,1785296295.208658,1785296295208658025,1384963425356091,39.7,53.3671875,-1.0,0,0
2026-07-28T23:38:15.210,10.42.0.1,10.42.0.1,82,3,UPLOAD,0.95,UPLOAD,0.95,1,11584,0.5203023109578648,54,353014.0,183674.0,35,19,0.6577639149748085,0.34223608502519154,0.0065105252567115935,1,0,1,1,1,1,1,1,0.9699999999999999,1.0,1.0,1.0,0.8,skip,attack_already_active,1785296295.2109406,1785296295210940556,1384963427638541,39.7,53.3671875,-1.0,0,0
2026-07-28T23:38:15.211,10.42.0.1,10.42.0.1,82,3,UPLOAD,0.95,UPLOAD,0.95,1,5792,0.536709592255444,55,353014.0,189466.0,35,20,0.650741041144374,0.349258958855626,0.005742049819624544,1,0,1,1,1,1,1,1,0.9699999999999999,1.0,1.0,1.0,0.8,skip,attack_already_active,1785296295.2116194,1785296295211619440,1384963428317978,39.7,53.3671875,-1.0,0,0
2026-07-28T23:38:15.212,10.42.0.1,10.42.0.1,82,3,UPLOAD,0.95,UPLOAD,0.95,1,11584,0.5695241548506021,56,353014.0,201050.0,35,21,0.6371357821479107,0.3628642178520893,0.0051094304722887705,1,0,1,1,1,1,1,1,0.9699999999999999,1.0,1.0,1.0,0.8,skip,attack_already_active,1785296295.2125607,1785296295212560688,1384963429258817,39.7,53.3671875,-1.0,0,0
2026-07-28T23:38:15.214,10.42.0.1,10.42.0.1,82,3,UPLOAD,0.95,UPLOAD,0.95,1,14480,0.6105423580945499,57,353014.0,215530.0,35,22,0.6209088478640176,0.37909115213598243,0.004668281757613603,1,0,1,1,1,1,1,1,0.9699999999999999,1.0,1.0,1.0,0.8,skip,attack_already_active,1785296295.2143223,1785296295214322505,1384963431020789,39.7,53.3671875,-1.0,0,0
2026-07-28T23:38:15.215,10.42.0.1,10.42.0.1,82,3,UPLOAD,0.95,UPLOAD,0.95,1,8688,0.6351532800409186,58,353014.0,224218.0,35,23,0.6115634614851567,0.3884365385148433,0.004144766202710274,1,0,1,1,1,1,1,1,0.9699999999999999,1.0,1.0,1.0,0.8,skip,attack_already_active,1785296295.2150178,1785296295215017826,1384963431715948,39.7,53.3671875,-1.0,0,0
2026-07-28T23:38:15.215,10.42.0.1,10.42.0.1,82,3,UPLOAD,0.95,UPLOAD,0.95,1,11584,0.6679678426360769,59,353014.0,235802.0,35,24,0.5995319420667916,0.40046805793320833,0.0036896082823241623,1,0,1,1,1,1,1,1,0.9699999999999999,1.0,1.0,1.0,0.8,skip,attack_already_active,1785296295.2157085,1785296295215708437,1384963432406593,39.7,53.3671875,-1.0,0,0
2026-07-28T23:38:15.216,10.42.0.1,10.42.0.1,82,3,UPLOAD,0.95,UPLOAD,0.95,1,2799,0.6758967066471134,60,353014.0,238601.0,35,25,0.5966954860847004,0.40330451391529964,0.003293737370515965,1,0,1,1,1,1,1,1,0.9699999999999999,1.0,1.0,1.0,0.8,skip,attack_already_active,1785296295.216394,1785296295216393864,1384963433092373,85.3,53.3671875,-1.0,0,0
2026-07-28T23:38:15.282,10.42.0.18,10.42.0.1,58,2,TRAINING,0.95,TRAINING,0.95,1,64240,0.9724934526246652,8,66057.0,64240.0,7,1,0.5069725319846198,0.4930274680153802,0.5938833244058509,0,0,0,0,1,1,0,0,0.5725,1.0,0.0,1.0,0.15,skip,already_attacked_this_round,1785296295.2823944,1785296295282394488,1384963499093067,85.3,53.3671875,-1.0,0,0
2026-07-28T23:38:15.283,10.42.0.18,10.42.0.1,58,3,UPLOAD,0.95,UPLOAD,0.95,1,12369,1.1597408298869198,9,66057.0,76609.0,7,2,0.4630185187781251,0.5369814812218748,0.515768525458762,0,0,0,1,1,1,1,1,0.9699999999999999,1.0,1.0,1.0,0.8,skip,already_attacked_this_round,1785296295.2834861,1785296295283486206,1384963500184779,85.3,53.3671875,-1.0,0,0
2026-07-28T23:38:15.285,10.42.0.1,10.42.0.1,82,3,UPLOAD,0.95,UPLOAD,0.95,1,7240,0.6964058082690874,61,353014.0,245841.0,35,26,0.5894815940419634,0.41051840595803657,0.011915104767734466,1,0,1,1,1,1,1,1,0.9699999999999999,1.0,1.0,1.0,0.8,skip,attack_already_active,1785296295.2851129,1785296295285112781,1384963501812062,85.3,53.3671875,-1.0,0,0
2026-07-28T23:38:15.286,10.42.0.1,10.42.0.1,82,3,UPLOAD,0.95,UPLOAD,0.95,1,7240,0.7169149098910612,62,353014.0,253081.0,35,27,0.5824400465273596,0.4175599534726404,0.010492974504801945,1,0,1,1,1,1,1,1,0.9699999999999999,1.0,1.0,1.0,0.8,skip,attack_already_active,1785296295.2862358,1785296295286236024,1384963502934680,85.3,53.3671875,-1.0,0,0
2026-07-28T23:38:15.287,10.42.0.1,10.42.0.1,82,3,UPLOAD,0.95,UPLOAD,0.95,1,14480,0.757933113135009,63,353014.0,267561.0,35,28,0.5688498569874713,0.4311501430125287,0.009329782307440517,1,0,1,1,1,1,1,1,0.9699999999999999,1.0,1.0,1.0,0.8,skip,attack_already_active,1785296295.2879016,1785296295287901657,1384963504600248,85.3,53.3671875,-1.0,0,0
2026-07-28T23:38:15.288,10.42.0.1,10.42.0.1,82,3,UPLOAD,0.95,UPLOAD,0.95,1,14480,0.7989513163789568,64,353014.0,282041.0,35,29,0.5558794120194314,0.44412058798056864,0.008211887259689998,1,0,1,1,1,1,1,1,0.9699999999999999,1.0,1.0,1.0,0.8,skip,attack_already_active,1785296295.288748,1785296295288747991,1384963505446358,85.3,53.3671875,-1.0,0,0
2026-07-28T23:38:15.289,10.42.0.1,10.42.0.1,82,3,UPLOAD,0.95,UPLOAD,0.95,1,21720,0.8604786212448785,65,353014.0,303761.0,35,30,0.5374960983594077,0.4625039016405923,0.007272594049700825,1,0,1,1,1,1,1,1,0.9699999999999999,1.0,1.0,1.0,0.8,skip,attack_already_active,1785296295.2898319,1785296295289832022,1384963506530453,85.3,53.3671875,-1.0,0,0
2026-07-28T23:38:15.290,10.42.0.1,10.42.0.1,82,3,UPLOAD,0.95,UPLOAD,0.95,1,7240,0.8809877228668523,66,353014.0,311001.0,35,31,0.5316355805215244,0.4683644194784756,0.006410326490857781,1,0,1,1,1,1,1,1,0.9699999999999999,1.0,1.0,1.0,0.8,skip,attack_already_active,1785296295.290561,1785296295290561100,1384963507259256,85.3,53.3671875,-1.0,0,0
2026-07-28T23:38:15.291,10.42.0.1,10.42.0.1,82,3,UPLOAD,0.95,UPLOAD,0.95,1,7129,0.9011823893672739,67,353014.0,318130.0,35,32,0.5259884614926156,0.4740115385073844,0.005694138040037374,1,0,1,1,1,1,1,1,0.9699999999999999,1.0,1.0,1.0,0.8,skip,attack_already_active,1785296295.2915363,1785296295291536466,1384963508234587,85.3,53.3671875,-1.0,0,0
2026-07-28T23:38:15.638,10.42.0.59,10.42.0.1,34,3,UPLOAD,0.9841010226033655,UPLOAD,0.9841010226033655,0,39,0.905012473248565,7,73357.0,66389.0,5,2,0.524930946145149,0.47506905385485093,0.3230447234051378,0,0,1,0,0,0,0,0,0.4375,0.05,1.0,0.0,0.8,skip,attack_already_active,1785296295.638386,1785296295638385995,1384963855084866,85.3,53.3671875,-1.0,0,0
2026-07-28T23:38:15.716,10.42.0.1,10.42.0.1,82,3,UPLOAD,0.6672640460285,UPLOAD,0.6672640460285,0,43,0.6758967066471134,60,353014.0,238601.0,35,25,0.5966954860847004,0.40330451391529964,0.020894200098252755,1,0,1,0,0,0,0,0,0.42,0.0,1.0,0.0,0.8,skip,attack_already_active,1785296295.7169478,1785296295716947646,1384963933646532,85.3,53.3671875,-1.0,0,0
2026-07-28T23:38:16.334,10.42.0.1,10.42.0.1,82,3,UPLOAD,0.511755756937085,UPLOAD,0.511755756937085,0,43,1.0,0,0.0,0.0,0,0,0.0,0.0,0.09951623962258528,1,0,1,0,0,0,0,0,0.4375,0.05,1.0,0.0,0.8,skip,attack_already_active,1785296296.334483,1785296296334483036,1384964551181808,16.8,53.3671875,-1.0,0,0
2026-07-28T23:38:16.471,10.42.0.210,10.42.0.1,81,2,TRAINING,0.9293977297375461,TRAINING,0.9293977297375461,0,43,1.0,0,0.0,0.0,0,0,0.0,0.0,0.4323888020521635,0,0,0,0,0,0,0,0,0.039999999999999994,0.05,0.0,0.0,0.15,skip,training_upload_trigger_not_confirmed,1785296296.4719045,1785296296471904616,1384964688603168,7.7,53.3671875,-1.0,0,0
2026-07-28T23:38:16.708,10.42.0.210,10.42.0.1,81,3,UPLOAD,0.95,UPLOAD,0.95,1,1448,100.0,1,0.0,1448.0,0,1,0.0,1.0,0.4066033727065029,0,0,0,1,1,1,1,1,0.9525,0.95,1.0,1.0,0.8,trigger,training_upload_trigger_confirmed,1785296296.7086148,1785296296708614836,1384964925313506,7.7,53.3671875,6.818653,1785296296715434788,1384964932132159
2026-07-28T23:38:16.709,10.42.0.210,10.42.0.1,81,3,UPLOAD,0.9841010226033655,UPLOAD,0.9841010226033655,1,1448,100.0,2,0.0,2896.0,0,2,0.0,1.0,0.35315469149903317,0,0,1,1,1,1,1,1,0.9699999999999999,1.0,1.0,1.0,0.8,skip,attack_already_active,1785296296.709611,1785296296709611038,1384964926309525,7.7,53.3671875,-1.0,0,0
2026-07-28T23:38:16.711,10.42.0.210,10.42.0.1,81,3,UPLOAD,0.9854688349332961,UPLOAD,0.9854688349332961,1,1448,100.0,3,0.0,4344.0,0,3,0.0,1.0,0.30685694382699735,0,0,1,1,1,1,1,1,0.9699999999999999,1.0,1.0,1.0,0.8,skip,attack_already_active,1785296296.7114248,1785296296711424666,1384964928123703,7.7,53.3671875,-1.0,0,0
2026-07-28T23:38:16.712,10.42.0.210,10.42.0.1,81,3,UPLOAD,0.9855076450773014,UPLOAD,0.9855076450773014,1,1448,100.0,4,0.0,5792.0,0,4,0.0,1.0,0.26655930139698153,0,0,1,1,1,1,1,1,0.9699999999999999,1.0,1.0,1.0,0.8,skip,attack_already_active,1785296296.712474,1785296296712474008,1384964929172471,7.7,53.3671875,-1.0,0,0
2026-07-28T23:38:16.713,10.42.0.210,10.42.0.1,81,3,UPLOAD,0.9855086980780915,UPLOAD,0.9855086980780915,1,1448,100.0,5,0.0,7240.0,0,5,0.0,1.0,0.23161527835115808,0,0,1,1,1,1,1,1,0.9699999999999999,1.0,1.0,1.0,0.8,skip,attack_already_active,1785296296.713853,1785296296713852950,1384964930551611,7.7,53.3671875,-1.0,0,0
2026-07-28T23:38:16.714,10.42.0.210,10.42.0.1,81,3,UPLOAD,0.9855087254685951,UPLOAD,0.9855087254685951,1,1448,100.0,6,0.0,8688.0,0,6,0.0,1.0,0.2012229526705409,0,0,1,1,1,1,1,1,0.9699999999999999,1.0,1.0,1.0,0.8,skip,attack_already_active,1785296296.7148292,1785296296714829407,1384964931528480,7.7,53.3671875,-1.0,0,0
2026-07-28T23:38:16.716,10.42.0.210,10.42.0.1,81,3,UPLOAD,0.9855087261493067,UPLOAD,0.9855087261493067,1,1448,100.0,7,0.0,10136.0,0,7,0.0,1.0,0.17493490163855757,0,0,1,1,1,1,1,1,0.9699999999999999,1.0,1.0,1.0,0.8,skip,attack_already_active,1785296296.7165594,1785296296716559378,1384964933259143,7.7,53.3671875,-1.0,0,0
2026-07-28T23:38:16.717,10.42.0.210,10.42.0.1,81,3,UPLOAD,0.9855087261653082,UPLOAD,0.9855087261653082,1,1448,100.0,8,0.0,11584.0,0,8,0.0,1.0,0.15202702847339375,0,0,1,1,1,1,1,1,0.9699999999999999,1.0,1.0,1.0,0.8,skip,attack_already_active,1785296296.7176528,1785296296717652689,1384964934351058,7.7,53.3671875,-1.0,0,0
2026-07-28T23:38:16.719,10.42.0.210,10.42.0.1,81,3,UPLOAD,0.985508726165656,UPLOAD,0.985508726165656,1,1448,100.0,9,0.0,13032.0,0,9,0.0,1.0,0.1321944738449658,0,0,1,1,1,1,1,1,0.9699999999999999,1.0,1.0,1.0,0.8,skip,attack_already_active,1785296296.719176,1785296296719175841,1384964935874164,7.7,53.3671875,-1.0,0,0
2026-07-28T23:38:16.720,10.42.0.210,10.42.0.1,81,3,UPLOAD,0.95,UPLOAD,0.95,1,1448,100.0,10,0.0,14480.0,0,10,0.0,1.0,0.11491034079794807,0,0,1,1,1,1,1,1,0.9699999999999999,1.0,1.0,1.0,0.8,skip,attack_already_active,1785296296.720206,1785296296720206207,1384964936904620,7.7,53.3671875,-1.0,0,0
2026-07-28T23:38:16.721,10.42.0.210,10.42.0.1,81,3,UPLOAD,0.95,UPLOAD,0.95,1,1448,100.0,11,0.0,15928.0,0,11,0.0,1.0,0.09996228313493151,0,0,1,1,1,1,1,1,0.9699999999999999,1.0,1.0,1.0,0.8,skip,attack_already_active,1785296296.7216797,1785296296721679659,1384964938378179,7.7,53.3671875,-1.0,0,0
2026-07-28T23:38:16.722,10.42.0.210,10.42.0.1,81,3,UPLOAD,0.95,UPLOAD,0.95,1,1448,100.0,12,0.0,17376.0,0,12,0.0,1.0,0.08693307009217491,0,0,1,1,1,1,1,1,0.9699999999999999,1.0,1.0,1.0,0.8,skip,attack_already_active,1785296296.7227669,1785296296722766798,1384964939465433,7.7,53.3671875,-1.0,0,0
2026-07-28T23:38:16.724,10.42.0.210,10.42.0.1,81,3,UPLOAD,0.95,UPLOAD,0.95,1,1448,100.0,13,0.0,18824.0,0,13,0.0,1.0,0.07568298129043594,0,0,1,1,1,1,1,1,0.9699999999999999,1.0,1.0,1.0,0.8,skip,attack_already_active,1785296296.7243261,1785296296724326038,1384964941024598,7.7,53.3671875,-1.0,0,0
2026-07-28T23:38:16.725,10.42.0.210,10.42.0.1,81,3,UPLOAD,0.95,UPLOAD,0.95,1,1448,100.0,14,0.0,20272.0,0,14,0.0,1.0,0.06584310675665575,0,0,1,1,1,1,1,1,0.9699999999999999,1.0,1.0,1.0,0.8,skip,attack_already_active,1785296296.725337,1785296296725337073,1384964942035850,7.7,53.3671875,-1.0,0,0
2026-07-28T23:38:16.726,10.42.0.210,10.42.0.1,81,3,UPLOAD,0.95,UPLOAD,0.95,1,1448,100.0,15,0.0,21720.0,0,15,0.0,1.0,0.05736685853329381,0,0,1,1,1,1,1,1,0.9699999999999999,1.0,1.0,1.0,0.8,skip,attack_already_active,1785296296.7268562,1785296296726856139,1384964943554593,7.7,53.3671875,-1.0,0,0
2026-07-28T23:38:16.727,10.42.0.210,10.42.0.1,81,3,UPLOAD,0.95,UPLOAD,0.95,1,1448,100.0,16,0.0,23168.0,0,16,0.0,1.0,0.04995261424154081,0,0,1,1,1,1,1,1,0.9699999999999999,1.0,1.0,1.0,0.8,skip,attack_already_active,1785296296.7279584,1785296296727958622,1384964944657271,7.7,53.3671875,-1.0,0,0
2026-07-28T23:38:16.729,10.42.0.210,10.42.0.1,81,3,UPLOAD,0.95,UPLOAD,0.95,1,1448,100.0,17,0.0,24616.0,0,17,0.0,1.0,0.04357284062665995,0,0,1,1,1,1,1,1,0.9699999999999999,1.0,1.0,1.0,0.8,skip,attack_already_active,1785296296.7294967,1785296296729496772,1384964946195501,7.7,53.3671875,-1.0,0,0
2026-07-28T23:38:16.730,10.42.0.210,10.42.0.1,81,3,UPLOAD,0.95,UPLOAD,0.95,1,1448,100.0,18,0.0,26064.0,0,18,0.0,1.0,0.03797444208558497,0,0,1,1,1,1,1,1,0.9699999999999999,1.0,1.0,1.0,0.8,skip,attack_already_active,1785296296.7305849,1785296296730584712,1384964947283284,7.7,53.3671875,-1.0,0,0
2026-07-28T23:38:16.732,10.42.0.210,10.42.0.1,81,3,UPLOAD,0.95,UPLOAD,0.95,1,1448,100.0,19,0.0,27512.0,0,19,0.0,1.0,0.03323931379483564,0,0,1,1,1,1,1,1,0.9699999999999999,1.0,1.0,1.0,0.8,skip,attack_already_active,1785296296.7326257,1785296296732625759,1384964949324999,7.7,53.3671875,-1.0,0,0
2026-07-28T23:38:16.733,10.42.0.210,10.42.0.1,81,3,UPLOAD,0.95,UPLOAD,0.95,1,1448,100.0,20,0.0,28960.0,0,20,0.0,1.0,0.029008014069563447,0,0,1,1,1,1,1,1,0.9699999999999999,1.0,1.0,1.0,0.8,skip,attack_already_active,1785296296.7337549,1785296296733754877,1384964950453654,7.7,53.3671875,-1.0,0,0
2026-07-28T23:38:16.735,10.42.0.210,10.42.0.1,81,3,UPLOAD,0.95,UPLOAD,0.95,1,1448,100.0,21,0.0,30408.0,0,21,0.0,1.0,0.025400331164214657,0,0,1,1,1,1,1,1,0.9699999999999999,1.0,1.0,1.0,0.8,skip,attack_already_active,1785296296.7353852,1785296296735385166,1384964952084366,7.7,53.3671875,-1.0,0,0
2026-07-28T23:38:16.736,10.42.0.210,10.42.0.1,81,3,UPLOAD,0.95,UPLOAD,0.95,1,1448,100.0,22,0.0,31856.0,0,22,0.0,1.0,0.022217121019582103,0,0,1,1,1,1,1,1,0.9699999999999999,1.0,1.0,1.0,0.8,skip,attack_already_active,1785296296.736629,1785296296736629116,1384964953327678,7.7,53.3671875,-1.0,0,0
2026-07-28T23:38:16.738,10.42.0.210,10.42.0.1,81,3,UPLOAD,0.95,UPLOAD,0.95,1,1448,100.0,23,0.0,33304.0,0,23,0.0,1.0,0.019495350456228955,0,0,1,1,1,1,1,1,0.9699999999999999,1.0,1.0,1.0,0.8,skip,attack_already_active,1785296296.7381914,1785296296738191445,1384964954890171,7.7,53.3671875,-1.0,0,0
2026-07-28T23:38:16.739,10.42.0.210,10.42.0.1,81,3,UPLOAD,0.95,UPLOAD,0.95,1,1448,100.0,24,0.0,34752.0,0,24,0.0,1.0,0.017075122781456,0,0,1,1,1,1,1,1,0.9699999999999999,1.0,1.0,1.0,0.8,skip,attack_already_active,1785296296.7393203,1785296296739320281,1384964956019129,7.7,53.3671875,-1.0,0,0
2026-07-28T23:38:16.740,10.42.0.210,10.42.0.1,81,3,UPLOAD,0.95,UPLOAD,0.95,1,1448,100.0,25,0.0,36200.0,0,25,0.0,1.0,0.015039450441954948,0,0,1,1,1,1,1,1,0.9699999999999999,1.0,1.0,1.0,0.8,skip,attack_already_active,1785296296.7409472,1785296296740947090,1384964957645679,7.7,53.3671875,-1.0,0,0
2026-07-28T23:38:16.742,10.42.0.210,10.42.0.1,81,3,UPLOAD,0.95,UPLOAD,0.95,1,1448,100.0,26,0.0,37648.0,0,26,0.0,1.0,0.01319672004019757,0,0,1,1,1,1,1,1,0.9699999999999999,1.0,1.0,1.0,0.8,skip,attack_already_active,1785296296.7420027,1785296296742002720,1384964958701001,7.7,53.3671875,-1.0,0,0
2026-07-28T23:38:16.743,10.42.0.210,10.42.0.1,81,3,UPLOAD,0.95,UPLOAD,0.95,1,1448,100.0,27,0.0,39096.0,0,27,0.0,1.0,0.01165374293492817,0,0,1,1,1,1,1,1,0.9699999999999999,1.0,1.0,1.0,0.8,skip,attack_already_active,1785296296.7434902,1785296296743490341,1384964960188524,7.7,53.3671875,-1.0,0,0
2026-07-28T23:38:16.744,10.42.0.210,10.42.0.1,81,3,UPLOAD,0.95,UPLOAD,0.95,1,1448,100.0,28,0.0,40544.0,0,28,0.0,1.0,0.010250219077943507,0,0,1,1,1,1,1,1,0.9699999999999999,1.0,1.0,1.0,0.8,skip,attack_already_active,1785296296.744493,1785296296744492971,1384964961191601,7.7,53.3671875,-1.0,0,0
2026-07-28T23:38:16.746,10.42.0.210,10.42.0.1,81,3,UPLOAD,0.95,UPLOAD,0.95,1,1448,100.0,29,0.0,41992.0,0,29,0.0,1.0,0.009100636621259687,0,0,1,1,1,1,1,1,0.9699999999999999,1.0,1.0,1.0,0.8,skip,attack_already_active,1785296296.7460194,1785296296746019265,1384964962717734,7.7,53.3671875,-1.0,0,0
2026-07-28T23:38:16.747,10.42.0.210,10.42.0.1,81,3,UPLOAD,0.95,UPLOAD,0.95,1,1448,100.0,30,0.0,43440.0,0,30,0.0,1.0,0.008036814410604361,0,0,1,1,1,1,1,1,0.9699999999999999,1.0,1.0,1.0,0.8,skip,attack_already_active,1785296296.747047,1785296296747046972,1384964963745347,7.7,53.3671875,-1.0,0,0
2026-07-28T23:38:16.748,10.42.0.210,10.42.0.1,81,3,UPLOAD,0.95,UPLOAD,0.95,1,1448,100.0,31,0.0,44888.0,0,31,0.0,1.0,0.007175948934899744,0,0,1,1,1,1,1,1,0.9699999999999999,1.0,1.0,1.0,0.8,skip,attack_already_active,1785296296.748551,1785296296748550894,1384964965249202,7.7,53.3671875,-1.0,0,0
2026-07-28T23:38:16.749,10.42.0.210,10.42.0.1,81,3,UPLOAD,0.95,UPLOAD,0.95,1,1448,100.0,32,0.0,46336.0,0,32,0.0,1.0,0.006365405829398782,0,0,1,1,1,1,1,1,0.9699999999999999,1.0,1.0,1.0,0.8,skip,attack_already_active,1785296296.7495759,1785296296749575983,1384964966274369,7.7,53.3671875,-1.0,0,0
2026-07-28T23:38:16.750,10.42.0.210,10.42.0.1,81,3,UPLOAD,0.95,UPLOAD,0.95,1,1448,100.0,33,0.0,47784.0,0,33,0.0,1.0,0.005660540581716675,0,0,1,1,1,1,1,1,0.9699999999999999,1.0,1.0,1.0,0.8,skip,attack_already_active,1785296296.7505922,1785296296750592267,1384964967290613,7.7,53.3671875,-1.0,0,0
2026-07-28T23:38:16.751,10.42.0.210,10.42.0.1,81,3,UPLOAD,0.95,UPLOAD,0.95,1,1448,100.0,34,0.0,49232.0,0,34,0.0,1.0,0.0050484329076882625,0,0,1,1,1,1,1,1,0.9699999999999999,1.0,1.0,1.0,0.8,skip,attack_already_active,1785296296.7516077,1785296296751607654,1384964968306279,7.7,53.3671875,-1.0,0,0
2026-07-28T23:38:16.752,10.42.0.210,10.42.0.1,81,3,UPLOAD,0.95,UPLOAD,0.95,1,1448,100.0,35,0.0,50680.0,0,35,0.0,1.0,0.004535176119098048,0,0,1,1,1,1,1,1,0.9699999999999999,1.0,1.0,1.0,0.8,skip,attack_already_active,1785296296.7527611,1785296296752760965,1384964969461141,7.7,53.3671875,-1.0,0,0
2026-07-28T23:38:16.753,10.42.0.210,10.42.0.1,81,3,UPLOAD,0.95,UPLOAD,0.95,1,1448,100.0,36,0.0,52128.0,0,36,0.0,1.0,0.004090715917995506,0,0,1,1,1,1,1,1,0.9699999999999999,1.0,1.0,1.0,0.8,skip,attack_already_active,1785296296.7539234,1785296296753923335,1384964970621800,7.7,53.3671875,-1.0,0,0
2026-07-28T23:38:16.757,10.42.0.1,10.42.0.1,82,3,UPLOAD,0.95,UPLOAD,0.95,1,7240,100.0,1,0.0,7240.0,0,1,0.0,1.0,0.12369760408041514,1,0,1,1,1,1,1,1,0.9699999999999999,1.0,1.0,1.0,0.8,skip,attack_already_active,1785296296.7570164,1785296296757016238,1384964973715069,7.7,53.3671875,-1.0,0,0
2026-07-28T23:38:16.758,10.42.0.1,10.42.0.1,82,3,UPLOAD,0.9808765083287182,UPLOAD,0.9808765083287182,1,7240,100.0,2,0.0,14480.0,0,2,0.0,1.0,0.10754929011852596,1,0,1,1,1,1,1,1,0.9699999999999999,1.0,1.0,1.0,0.8,skip,attack_already_active,1785296296.758169,1785296296758168888,1384964974867240,49.7,53.3671875,-1.0,0,0
2026-07-28T23:38:16.759,10.42.0.1,10.42.0.1,82,3,UPLOAD,0.9836432777933038,UPLOAD,0.9836432777933038,1,14480,100.0,3,0.0,28960.0,0,3,0.0,1.0,0.09358496043797235,1,0,1,1,1,1,1,1,0.9699999999999999,1.0,1.0,1.0,0.8,skip,attack_already_active,1785296296.7597468,1785296296759746838,1384964976445136,49.7,53.3671875,-1.0,0,0
2026-07-28T23:38:16.760,10.42.0.1,10.42.0.1,82,3,UPLOAD,0.984432884705068,UPLOAD,0.984432884705068,1,14480,100.0,4,0.0,43440.0,0,4,0.0,1.0,0.08138697321874594,1,0,1,1,1,1,1,1,0.9699999999999999,1.0,1.0,1.0,0.8,skip,attack_already_active,1785296296.7607646,1785296296760764584,1384964977462850,49.7,53.3671875,-1.0,0,0
2026-07-28T23:38:16.762,10.42.0.1,10.42.0.1,82,3,UPLOAD,0.9847550660194003,UPLOAD,0.9847550660194003,1,14480,100.0,5,0.0,57920.0,0,5,0.0,1.0,0.07084582040166522,1,0,1,1,1,1,1,1,0.9699999999999999,1.0,1.0,1.0,0.8,skip,attack_already_active,1785296296.7621577,1785296296762157540,1384964978856083,49.7,53.3671875,-1.0,0,0
2026-07-28T23:38:16.764,10.42.0.1,10.42.0.1,82,3,UPLOAD,0.9844127852908062,UPLOAD,0.9844127852908062,1,14480,100.0,6,0.0,72400.0,0,6,0.0,1.0,0.06183107962706377,1,0,1,1,1,1,1,1,0.9699999999999999,1.0,1.0,1.0,0.8,skip,attack_already_active,1785296296.7645931,1785296296764593107,1384964981291526,49.7,53.3671875,-1.0,0,0
2026-07-28T23:38:16.766,10.42.0.1,10.42.0.1,82,3,UPLOAD,0.9839052139816675,UPLOAD,0.9839052139816675,1,7130,100.0,7,0.0,79530.0,0,7,0.0,1.0,0.05388489651665602,1,0,1,1,1,1,1,1,0.9699999999999999,1.0,1.0,1.0,0.8,skip,attack_already_active,1785296296.7661228,1785296296766122832,1384964982821079,49.7,53.3671875,-1.0,0,0
2026-07-28T23:38:18.598,10.42.0.1,10.42.0.1,82,3,UPLOAD,0.7301509492932606,UPLOAD,0.7301509492932606,0,43,1.0,0,0.0,0.0,0,0,0.0,0.0,0.047011579799431436,1,0,1,0,0,0,0,0,0.4375,0.05,1.0,0.0,0.8,skip,attack_already_active,1785296298.5980377,1785296298598037837,1384966814736090,7.4,53.3671875,-1.0,0,0
2026-07-28T23:38:18.642,10.42.0.1,10.42.0.1,82,3,UPLOAD,0.5122412892637844,UPLOAD,0.5122412892637844,0,39,1.0,0,0.0,0.0,0,0,0.0,0.0,0.046031924374307705,1,0,1,0,0,0,0,0,0.4375,0.05,1.0,0.0,0.8,skip,attack_already_active,1785296298.6426785,1785296298642678447,1384966859377209,7.4,53.3671875,-1.0,0,0
2026-07-28T23:38:19.237,10.42.0.47,10.42.0.1|10.42.0.47,82,3,UPLOAD,0.95,UPLOAD,0.95,1,7240,100.0,1,0.0,7240.0,0,1,0.0,1.0,0.06328515536099248,1,0,0,1,1,1,1,1,0.9699999999999999,1.0,1.0,1.0,0.8,trigger,training_upload_trigger_confirmed,1785296299.2379737,1785296299237973799,1384967454672377,8.3,53.3671875,7.654201,1785296299245629296,1384967462326578
2026-07-28T23:38:19.238,10.42.0.47,10.42.0.1|10.42.0.47,82,3,UPLOAD,0.957595402200894,UPLOAD,0.957595402200894,1,2896,100.0,2,0.0,10136.0,0,2,0.0,1.0,0.05507010660588989,1,0,1,1,1,1,1,1,0.9699999999999999,1.0,1.0,1.0,0.8,skip,attack_already_active,1785296299.238917,1785296299238917165,1384967455616295,8.3,53.3671875,-1.0,0,0
2026-07-28T23:38:19.240,10.42.0.47,10.42.0.1|10.42.0.47,82,3,UPLOAD,0.9596372015936159,UPLOAD,0.9596372015936159,1,4344,100.0,3,0.0,14480.0,0,3,0.0,1.0,0.0480309642919005,1,0,1,1,1,1,1,1,0.9699999999999999,1.0,1.0,1.0,0.8,skip,attack_already_active,1785296299.240569,1785296299240569182,1384967457267786,8.3,53.3671875,-1.0,0,0
2026-07-28T23:38:19.242,10.42.0.47,10.42.0.1|10.42.0.47,82,3,UPLOAD,0.9611749225311104,UPLOAD,0.9611749225311104,1,8688,100.0,4,0.0,23168.0,0,4,0.0,1.0,0.04190334688395442,1,0,1,1,1,1,1,1,0.9699999999999999,1.0,1.0,1.0,0.8,skip,attack_already_active,1785296299.2420993,1785296299242099095,1384967458797588,8.3,53.3671875,-1.0,0,0
2026-07-28T23:38:19.245,10.42.0.47,10.42.0.1|10.42.0.47,82,3,UPLOAD,0.9630991740438838,UPLOAD,0.9630991740438838,1,2896,100.0,5,0.0,26064.0,0,5,0.0,1.0,0.03679164799535761,1,0,1,1,1,1,1,1,0.9699999999999999,1.0,1.0,1.0,0.8,skip,attack_already_active,1785296299.2452114,1785296299245211450,1384967461910778,8.3,53.3671875,-1.0,0,0
2026-07-28T23:38:19.246,10.42.0.47,10.42.0.1|10.42.0.47,82,3,UPLOAD,0.9649558555788622,UPLOAD,0.9649558555788622,1,7240,100.0,6,0.0,33304.0,0,6,0.0,1.0,0.03207087743036076,1,0,1,1,1,1,1,1,0.9699999999999999,1.0,1.0,1.0,0.8,skip,attack_already_active,1785296299.2461784,1785296299246178341,1384967462876417,8.3,53.3671875,-1.0,0,0
2026-07-28T23:38:19.247,10.42.0.47,10.42.0.1|10.42.0.47,82,3,UPLOAD,0.9655178316255564,UPLOAD,0.9655178316255564,1,1448,100.0,7,0.0,34752.0,0,7,0.0,1.0,0.027974697297363214,1,0,1,1,1,1,1,1,0.9699999999999999,1.0,1.0,1.0,0.8,skip,attack_already_active,1785296299.2471645,1785296299247164332,1384967463862557,8.3,53.3671875,-1.0,0,0
2026-07-28T23:38:19.247,10.42.0.47,10.42.0.1|10.42.0.47,82,3,UPLOAD,0.9658517397703432,UPLOAD,0.9658517397703432,1,8688,100.0,8,0.0,43440.0,0,8,0.0,1.0,0.02437169700022173,1,0,1,1,1,1,1,1,0.9699999999999999,1.0,1.0,1.0,0.8,skip,attack_already_active,1785296299.247797,1785296299247796963,1384967464495096,8.3,53.3671875,-1.0,0,0
2026-07-28T23:38:19.249,10.42.0.47,10.42.0.1|10.42.0.47,82,3,UPLOAD,0.9670761939420517,UPLOAD,0.9670761939420517,1,10136,100.0,9,0.0,53576.0,0,9,0.0,1.0,0.02143566088828713,1,0,1,1,1,1,1,1,0.9699999999999999,1.0,1.0,1.0,0.8,skip,attack_already_active,1785296299.249888,1785296299249888124,1384967466586627,8.3,53.3671875,-1.0,0,0
2026-07-28T23:38:19.252,10.42.0.47,10.42.0.1|10.42.0.47,82,3,UPLOAD,0.9683949271385477,UPLOAD,0.9683949271385477,1,7240,100.0,10,0.0,60816.0,0,10,0.0,1.0,0.018898426600874124,1,0,1,1,1,1,1,1,0.9699999999999999,1.0,1.0,1.0,0.8,skip,attack_already_active,1785296299.2520692,1785296299252069144,1384967468767657,8.3,53.3671875,-1.0,0,0
2026-07-28T23:38:19.252,10.42.0.47,10.42.0.1|10.42.0.47,82,3,UPLOAD,0.9696508637702743,UPLOAD,0.9696508637702743,1,2896,100.0,11,0.0,63712.0,0,11,0.0,1.0,0.016498610239141877,1,0,1,1,1,1,1,1,0.9699999999999999,1.0,1.0,1.0,0.8,skip,attack_already_active,1785296299.252756,1785296299252756253,1384967469454356,8.3,53.3671875,-1.0,0,0
2026-07-28T23:38:19.253,10.42.0.47,10.42.0.1|10.42.0.47,82,3,UPLOAD,0.9709345398155246,UPLOAD,0.9709345398155246,1,10136,100.0,12,0.0,73848.0,0,12,0.0,1.0,0.014446257380385172,1,0,1,1,1,1,1,1,0.9699999999999999,1.0,1.0,1.0,0.8,skip,attack_already_active,1785296299.25368,1785296299253679984,1384967470378156,8.3,53.3671875,-1.0,0,0
2026-07-28T23:38:19.255,10.42.0.47,10.42.0.1|10.42.0.47,82,3,UPLOAD,0.9667195737182421,UPLOAD,0.9667195737182421,1,5681,100.0,13,0.0,79529.0,0,13,0.0,1.0,0.012723574182191022,1,0,1,1,1,1,1,1,0.9699999999999999,1.0,1.0,1.0,0.8,skip,attack_already_active,1785296299.2550533,1785296299255053314,1384967471751669,8.3,53.3671875,-1.0,0,0
2026-07-28T23:38:19.255,10.42.0.1,10.42.0.1|10.42.0.47,82,3,UPLOAD,0.95,UPLOAD,0.95,1,7240,100.0,1,0.0,7240.0,0,1,0.0,1.0,0.1022820698342897,1,0,1,1,1,1,1,1,0.9699999999999999,1.0,1.0,1.0,0.8,skip,attack_already_active,1785296299.2559922,1785296299255992097,1384967472690681,8.3,53.3671875,-1.0,0,0
2026-07-28T23:38:19.256,10.42.0.1,10.42.0.1|10.42.0.47,82,3,UPLOAD,0.95,UPLOAD,0.95,1,7240,100.0,2,0.0,14480.0,0,2,0.0,1.0,0.08888640672209057,1,0,1,1,1,1,1,1,0.9699999999999999,1.0,1.0,1.0,0.8,skip,attack_already_active,1785296299.2566183,1785296299256618140,1384967473316197,8.3,53.3671875,-1.0,0,0
2026-07-28T23:38:19.275,10.42.0.1,10.42.0.1|10.42.0.47,82,3,UPLOAD,0.95,UPLOAD,0.95,1,1448,100.0,3,0.0,15928.0,0,3,0.0,1.0,0.07970346607043806,1,0,1,1,1,1,1,1,0.9699999999999999,1.0,1.0,1.0,0.8,skip,attack_already_active,1785296299.2758179,1785296299275817895,1384967492516452,8.3,53.3671875,-1.0,0,0
2026-07-28T23:38:19.336,10.42.0.1,10.42.0.1|10.42.0.47,82,3,UPLOAD,0.9680418442948033,UPLOAD,0.9680418442948033,1,14480,100.0,4,0.0,30408.0,0,4,0.0,1.0,0.07725235060798359,1,0,1,1,1,1,1,1,0.9699999999999999,1.0,1.0,1.0,0.8,skip,attack_already_active,1785296299.3369205,1785296299336920646,1384967553619067,8.3,53.3671875,-1.0,0,0
2026-07-28T23:38:19.337,10.42.0.1,10.42.0.1|10.42.0.47,82,3,UPLOAD,0.9781841616290399,UPLOAD,0.9781841616290399,1,14480,100.0,5,0.0,44888.0,0,5,0.0,1.0,0.06716388801551047,1,0,1,1,1,1,1,1,0.9699999999999999,1.0,1.0,1.0,0.8,skip,attack_already_active,1785296299.3376143,1785296299337614294,1384967554312237,8.3,53.3671875,-1.0,0,0
2026-07-28T23:38:19.338,10.42.0.1,10.42.0.1|10.42.0.47,82,3,UPLOAD,0.9809991318054303,UPLOAD,0.9809991318054303,1,1448,100.0,6,0.0,46336.0,0,6,0.0,1.0,0.05843347996527236,1,0,1,1,1,1,1,1,0.9699999999999999,1.0,1.0,1.0,0.8,skip,attack_already_active,1785296299.3385255,1785296299338525326,1384967555223524,8.3,53.3671875,-1.0,0,0
2026-07-28T23:38:19.339,10.42.0.1,10.42.0.1|10.42.0.47,82,3,UPLOAD,0.9820230451811783,UPLOAD,0.9820230451811783,1,14480,100.0,7,0.0,60816.0,0,7,0.0,1.0,0.05088685074614159,1,0,1,1,1,1,1,1,0.9699999999999999,1.0,1.0,1.0,0.8,skip,attack_already_active,1785296299.3396897,1785296299339689681,1384967556387809,8.3,53.3671875,-1.0,0,0
2026-07-28T23:38:19.340,10.42.0.1,10.42.0.1|10.42.0.47,82,3,UPLOAD,0.9818151443308284,UPLOAD,0.9818151443308284,1,14480,100.0,8,0.0,75296.0,0,8,0.0,1.0,0.04426681282322057,1,0,1,1,1,1,1,1,0.9699999999999999,1.0,1.0,1.0,0.8,skip,attack_already_active,1785296299.340339,1785296299340339024,1384967557037126,8.3,53.3671875,-1.0,0,0
2026-07-28T23:38:19.341,10.42.0.1,10.42.0.1|10.42.0.47,82,3,UPLOAD,0.98121166125375,UPLOAD,0.98121166125375,1,4233,100.0,9,0.0,79529.0,0,9,0.0,1.0,0.03855060719751951,1,0,1,1,1,1,1,1,0.9699999999999999,1.0,1.0,1.0,0.8,skip,attack_already_active,1785296299.341227,1785296299341226883,1384967557924834,8.3,53.3671875,-1.0,0,0
2026-07-28T23:38:19.657,10.42.0.1,,83,1,DOWNLOAD,0.9791961555090882,DOWNLOAD,0.9791961555090882,-1,1448,54.923342504196576,10,1448.0,79529.0,1,9,0.017881620707114364,0.9821183792928856,0.06644974036374188,0,0,0,0,1,0,0,0,0.44,0.8500000000000001,0.0,0.6000000000000001,0.15,skip,training_upload_trigger_not_confirmed,1785296299.657626,1785296299657625863,1384967874324418,8.3,53.3671875,-1.0,0,0
2026-07-28T23:38:19.662,10.42.0.1,,83,1,DOWNLOAD,0.95,DOWNLOAD,0.95,-1,5792,10.984668506908193,11,7240.0,79529.0,2,9,0.08343993822678607,0.9165600617732139,0.0582732021668351,0,0,0,0,1,0,0,0,0.44,0.8500000000000001,0.0,0.6000000000000001,0.15,skip,training_upload_trigger_not_confirmed,1785296299.6620262,1785296299662026240,1384967878724935,32.0,53.3671875,-1.0,0,0
2026-07-28T23:38:19.662,10.42.0.1,,83,1,DOWNLOAD,0.95,DOWNLOAD,0.95,-1,7240,5.492334253833402,12,14480.0,79529.0,3,9,0.15402780584837622,0.8459721941516238,0.050705468374167735,0,0,0,0,1,0,0,0,0.44,0.8500000000000001,0.0,0.6000000000000001,0.15,skip,training_upload_trigger_not_confirmed,1785296299.66287,1785296299662870035,1384967879568267,32.0,53.3671875,-1.0,0,0
2026-07-28T23:38:19.663,10.42.0.1,,83,1,DOWNLOAD,0.95,DOWNLOAD,0.95,-1,7240,3.6615561693065577,13,21720.0,79529.0,4,9,0.21452063724086165,0.7854793627591383,0.04414703299489324,0,0,0,0,1,0,0,0,0.4,0.8500000000000001,0.0,0.4,0.15,skip,training_upload_trigger_not_confirmed,1785296299.6638052,1785296299663805177,1384967880503420,32.0,53.3671875,-1.0,0,0
2026-07-28T23:38:19.664,10.42.0.1,,83,1,DOWNLOAD,0.95,DOWNLOAD,0.95,-1,7240,2.7461671270115273,14,28960.0,79529.0,5,9,0.266939505387643,0.733060494612357,0.03846627863592946,0,0,0,0,1,0,0,0,0.4,0.8500000000000001,0.0,0.4,0.15,skip,training_upload_trigger_not_confirmed,1785296299.6648426,1785296299664842615,1384967881541306,32.0,53.3671875,-1.0,0,0
2026-07-28T23:38:19.666,10.42.0.1,,83,1,DOWNLOAD,0.95,DOWNLOAD,0.95,-1,7240,2.1969337016243937,15,36200.0,79529.0,6,9,0.31279973040465225,0.6872002695953477,0.03361537968985644,0,0,0,0,1,0,0,0,0.4,0.8500000000000001,0.0,0.4,0.15,skip,training_upload_trigger_not_confirmed,1785296299.6664968,1785296299666496811,1384967883195171,32.0,53.3671875,-1.0,0,0
2026-07-28T23:38:19.667,10.42.0.1,,83,1,DOWNLOAD,0.95,DOWNLOAD,0.95,-1,7240,1.8307780846954238,16,43440.0,79529.0,7,9,0.35325976465613285,0.6467402353438672,0.02927681016732082,0,0,0,0,1,0,0,0,0.32,0.8500000000000001,0.0,0.0,0.15,skip,training_upload_trigger_not_confirmed,1785296299.667188,1785296299667187998,1384967883886031,32.0,53.3671875,-1.0,0,0
2026-07-28T23:38:19.669,10.42.0.1,,83,1,DOWNLOAD,0.95,DOWNLOAD,0.95,-1,7240,1.569238358315524,17,50680.0,79529.0,8,9,0.3892204071915152,0.6107795928084848,0.025672758728619356,0,0,0,0,1,0,0,0,0.32,0.8500000000000001,0.0,0.0,0.15,skip,training_upload_trigger_not_confirmed,1785296299.6691146,1785296299669114736,1384967885812755,32.0,53.3671875,-1.0,0,0
2026-07-28T23:38:19.669,10.42.0.1,,83,1,DOWNLOAD,0.95,DOWNLOAD,0.95,-1,7240,1.37308356352947,18,57920.0,79529.0,9,9,0.42139266200554387,0.5786073379944561,0.022377336523573106,0,0,0,0,1,0,0,0,0.32,0.8500000000000001,0.0,0.0,0.15,skip,training_upload_trigger_not_confirmed,1785296299.6697793,1785296299669779277,1384967886477585,32.0,53.3671875,-1.0,0,0
2026-07-28T23:38:19.670,10.42.0.1,,83,1,DOWNLOAD,0.95,DOWNLOAD,0.95,-1,10136,1.1685817561982987,19,68056.0,79529.0,10,9,0.46113087373378053,0.5388691262662194,0.019512145391381512,0,0,0,0,1,0,0,0,0.30250000000000005,0.8000000000000002,0.0,0.0,0.15,skip,training_upload_trigger_not_confirmed,1785296299.6704135,1785296299670413484,1384967887111567,32.0,53.3671875,-1.0,0,0
2026-07-28T23:38:19.671,10.42.0.1,,83,1,DOWNLOAD,0.95,DOWNLOAD,0.95,-1,10136,1.0170989359523084,20,78192.0,79529.0,11,9,0.495761502907032,0.504238497092968,0.01702686960973011,0,0,0,0,1,0,0,0,0.30250000000000005,0.8000000000000002,0.0,0.0,0.15,skip,training_upload_trigger_not_confirmed,1785296299.6710656,1785296299671065664,1384967887763777,32.0,53.3671875,-1.0,0,0
2026-07-28T23:38:19.671,10.42.0.1,,83,1,DOWNLOAD,0.95,DOWNLOAD,0.95,-1,10136,0.9003826646148403,21,88328.0,79529.0,12,9,0.5262098095402634,0.4737901904597366,0.014867298927544674,0,0,0,0,1,0,0,0,0.30250000000000005,0.8000000000000002,0.0,0.0,0.15,skip,training_upload_trigger_not_confirmed,1785296299.671704,1785296299671704064,1384967888402187,32.0,53.3671875,-1.0,0,0
2026-07-28T23:38:19.672,10.42.0.1,,83,1,DOWNLOAD,0.95,DOWNLOAD,0.95,-1,14480,0.7735682048111667,22,102808.0,79529.0,13,9,0.5638350965519889,0.4361649034480111,0.01299202176747896,0,0,0,0,1,0,0,0,0.28500000000000003,0.7500000000000001,0.0,0.0,0.15,skip,training_upload_trigger_not_confirmed,1785296299.6723404,1785296299672340472,1384967889038895,32.0,53.3671875,-1.0,0,0
2026-07-28T23:38:19.673,10.42.0.1,,83,1,DOWNLOAD,0.95,DOWNLOAD,0.95,-1,14480,0.6780659573044295,23,117288.0,79529.0,14,9,0.5959241325698491,0.40407586743015084,0.011401936246721943,0,0,0,0,1,0,0,0,0.28500000000000003,0.7500000000000001,0.0,0.0,0.15,skip,training_upload_trigger_not_confirmed,1785296299.6732657,1785296299673265546,1384967889963669,32.0,53.3671875,-1.0,0,0
2026-07-28T23:38:19.674,10.42.0.1,,83,1,DOWNLOAD,0.95,DOWNLOAD,0.95,-1,1448,0.6697968602642013,24,118736.0,79529.0,15,9,0.5988752427306887,0.4011247572693113,0.010019372681966449,0,0,0,0,1,0,0,0,0.28500000000000003,0.7500000000000001,0.0,0.0,0.15,skip,training_upload_trigger_not_confirmed,1785296299.6741757,1785296299674175845,1384967890873931,32.0,53.3671875,-1.0,0,0
2026-07-28T23:38:19.677,10.42.0.1,,83,1,DOWNLOAD,0.95,DOWNLOAD,0.95,-1,4344,0.646156971078598,25,123080.0,79529.0,16,9,0.6074754823329664,0.39252451766703356,0.00917809751132623,0,0,0,0,1,0,0,0,0.28500000000000003,0.7500000000000001,0.0,0.0,0.15,skip,training_upload_trigger_not_confirmed,1785296299.677811,1785296299677811023,1384967894509538,32.0,53.3671875,-1.0,0,0
2026-07-28T23:38:19.678,10.42.0.1,,83,1,DOWNLOAD,0.95,DOWNLOAD,0.95,-1,4344,0.6241288925192732,26,127424.0,79529.0,17,9,0.6157146791783642,0.38428532082163586,0.00806715239213859,0,0,0,0,1,0,0,0,0.28500000000000003,0.7500000000000001,0.0,0.0,0.15,skip,training_upload_trigger_not_confirmed,1785296299.6785583,1785296299678558512,1384967895256733,32.0,53.3671875,-1.0,0,0
2026-07-28T23:38:19.679,10.42.0.1,,83,1,DOWNLOAD,0.95,DOWNLOAD,0.95,-1,14480,0.5604422708340818,27,141904.0,79529.0,18,9,0.6408439573144021,0.3591560426855979,0.007089154793754891,0,0,0,0,1,0,0,0,0.28500000000000003,0.7500000000000001,0.0,0.0,0.15,skip,training_upload_trigger_not_confirmed,1785296299.6792037,1785296299679203785,1384967895901934,32.0,53.3671875,-1.0,0,0
2026-07-28T23:38:19.680,10.42.0.1,,83,1,DOWNLOAD,0.95,DOWNLOAD,0.95,-1,14480,0.508549467979406,28,156384.0,79529.0,19,9,0.6628884376867744,0.33711156231322564,0.006373588023698681,0,0,0,0,1,0,0,0,0.28500000000000003,0.7500000000000001,0.0,0.0,0.15,skip,training_upload_trigger_not_confirmed,1785296299.6808627,1785296299680862614,1384967897560976,32.0,53.3671875,-1.0,0,0
2026-07-28T23:38:19.682,10.42.0.1,,83,1,DOWNLOAD,0.95,DOWNLOAD,0.95,-1,5792,0.49038698698025357,29,162176.0,79529.0,20,9,0.6709666742516704,0.32903332574832955,0.005701795374219474,0,0,0,0,1,0,0,0,0.28500000000000003,0.7500000000000001,0.0,0.0,0.15,skip,training_upload_trigger_not_confirmed,1785296299.6821382,1785296299682138120,1384967898836534,32.0,53.3671875,-1.0,0,0
2026-07-28T23:38:19.682,10.42.0.1,,83,1,DOWNLOAD,0.95,DOWNLOAD,0.95,-1,20272,0.4358995439827463,30,182448.0,79529.0,21,9,0.6964275489833077,0.3035724510166923,0.005043345810767586,0,0,0,0,1,0,0,0,0.28500000000000003,0.7500000000000001,0.0,0.0,0.15,skip,training_upload_trigger_not_confirmed,1785296299.6828432,1785296299682843083,1384967899541128,32.0,53.3671875,-1.0,0,0
2026-07-28T23:38:19.683,10.42.0.1,,83,1,DOWNLOAD,0.95,DOWNLOAD,0.95,-1,18824,0.3951319607327639,31,201272.0,79529.0,22,9,0.7167780741521576,0.28322192584784245,0.004472260020913577,0,0,0,0,1,0,0,0,0.28500000000000003,0.7500000000000001,0.0,0.0,0.15,skip,training_upload_trigger_not_confirmed,1785296299.6835527,1785296299683552855,1384967900250979,32.0,53.3671875,-1.0,0,0
2026-07-28T23:38:19.684,10.42.0.1,,83,1,DOWNLOAD,0.95,DOWNLOAD,0.95,-1,18824,0.36133777988077315,32,220096.0,79529.0,23,9,0.7345715477680433,0.2654284522319566,0.00397080502844149,0,0,0,0,1,0,0,0,0.28500000000000003,0.7500000000000001,0.0,0.0,0.15,skip,training_upload_trigger_not_confirmed,1785296299.6842196,1785296299684219587,1384967900917945,32.0,53.3671875,-1.0,0,0
2026-07-28T23:38:19.684,10.42.0.1,,83,1,DOWNLOAD,0.95,DOWNLOAD,0.95,-1,18824,0.33286874267816474,33,238920.0,79529.0,24,9,0.7502614233362328,0.2497385766637672,0.003537125545230241,0,0,0,0,1,0,0,0,0.28500000000000003,0.7500000000000001,0.0,0.0,0.15,skip,training_upload_trigger_not_confirmed,1785296299.6848993,1785296299684899387,1384967901597461,32.0,53.3671875,-1.0,0,0
2026-07-28T23:38:19.685,10.42.0.1,,83,1,DOWNLOAD,0.95,DOWNLOAD,0.95,-1,9680,0.319907481901368,34,248600.0,79529.0,25,9,0.7576288593815237,0.24237114061847628,0.003157012352639664,0,0,0,0,1,0,0,0,0.28500000000000003,0.7500000000000001,0.0,0.0,0.15,skip,training_upload_trigger_not_confirmed,1785296299.685552,1785296299685551770,1384967902249897,32.0,53.3671875,-1.0,0,0
2026-07-28T23:38:19.686,10.42.0.145,,38,1,DOWNLOAD,0.95,DOWNLOAD,0.95,-1,7300,1.3698630135109776e-10,1,7300.0,0.0,1,0,1.0,0.0,0.2146473109095164,0,0,0,0,0,0,0,0,0.0225,0.0,0.0,0.0,0.15,skip,training_upload_trigger_not_confirmed,1785296299.6864786,1785296299686478567,1384967903176696,32.0,53.3671875,-1.0,0,0
2026-07-28T23:38:19.687,10.42.0.145,,38,1,DOWNLOAD,0.95,DOWNLOAD,0.95,-1,7300,6.84931506802402e-11,2,14600.0,0.0,2,0,1.0,0.0,0.18645354332181033,0,0,0,0,0,0,0,0,0.0225,0.0,0.0,0.0,0.15,skip,training_upload_trigger_not_confirmed,1785296299.6871712,1785296299687171253,1384967903869564,32.0,53.3671875,-1.0,0,0
2026-07-28T23:38:19.688,10.42.0.1,,83,1,DOWNLOAD,0.95,DOWNLOAD,0.95,-1,15472,0.301164076466641,35,264072.0,79529.0,26,9,0.7685425828213538,0.23145741717864615,0.0030845488883222603,0,0,0,0,1,0,0,0,0.28500000000000003,0.7500000000000001,0.0,0.0,0.15,skip,training_upload_trigger_not_confirmed,1785296299.688159,1785296299688159006,1384967904857602,32.0,53.3671875,-1.0,0,0
2026-07-28T23:38:19.689,10.42.0.59,,34,1,DOWNLOAD,0.95,DOWNLOAD,0.95,-1,7300,1.3698630135109776e-10,1,7300.0,0.0,1,0,1.0,0.0,0.8143620526555506,0,0,0,0,0,0,0,0,0.0225,0.0,0.0,0.0,0.15,skip,already_attacked_this_round,1785296299.689902,1785296299689902063,1384967906603192,32.0,53.3671875,-1.0,0,0
2026-07-28T23:38:19.691,10.42.0.59,,34,1,DOWNLOAD,0.95,DOWNLOAD,0.95,-1,7300,6.84931506802402e-11,2,14600.0,0.0,2,0,1.0,0.0,0.7072254238183782,0,0,0,0,0,0,0,0,0.0225,0.0,0.0,0.0,0.15,skip,already_attacked_this_round,1785296299.6912339,1785296299691233897,1384967907932831,32.0,53.3671875,-1.0,0,0
2026-07-28T23:38:19.692,10.42.0.1,,83,1,DOWNLOAD,0.95,DOWNLOAD,0.95,-1,16946,0.2830032239953205,36,281018.0,79529.0,27,9,0.779421268239647,0.22057873176035303,0.0031982947576159313,0,0,0,0,0,0,0,0,0.0225,0.0,0.0,0.0,0.15,skip,training_upload_trigger_not_confirmed,1785296299.6921067,1785296299692106663,1384967908804916,32.0,53.3671875,-1.0,0,0
2026-07-28T23:38:19.693,10.42.0.47,,83,1,DOWNLOAD,0.95,DOWNLOAD,0.95,-1,7240,10.984668506908193,14,7240.0,79529.0,1,13,0.08343993822678607,0.9165600617732139,0.014295593804192718,0,0,0,0,0,0,0,0,0.057499999999999996,0.1,0.0,0.0,0.15,skip,training_upload_trigger_not_confirmed,1785296299.6930494,1785296299693049457,1384967909747640,32.0,53.3671875,-1.0,0,0
2026-07-28T23:38:19.693,10.42.0.47,,83,1,DOWNLOAD,0.95,DOWNLOAD,0.95,-1,7240,5.492334253833402,15,14480.0,79529.0,2,13,0.15402780584837622,0.8459721941516238,0.012497600666919677,0,0,0,0,0,0,0,0,0.057499999999999996,0.1,0.0,0.0,0.15,skip,training_upload_trigger_not_confirmed,1785296299.6937006,1785296299693700550,1384967910398681,32.0,53.3671875,-1.0,0,0
2026-07-28T23:38:19.694,10.42.0.1,,83,1,DOWNLOAD,0.95,DOWNLOAD,0.95,-1,21264,0.2630953877529489,37,302282.0,79529.0,28,9,0.7917058439908751,0.20829415600912493,0.0030854865042435767,0,0,0,0,0,0,0,0,0.0225,0.0,0.0,0.0,0.15,skip,training_upload_trigger_not_confirmed,1785296299.694449,1785296299694448780,1384967911146882,32.0,53.3671875,-1.0,0,0
2026-07-28T23:38:19.695,10.42.0.210,,82,1,DOWNLOAD,0.9833301056969393,DOWNLOAD,0.9833301056969393,-1,7240,1.381215469422484e-10,1,7240.0,0.0,1,0,1.0,0.0,0.14798967135358623,0,0,0,0,0,0,0,0,0.0225,0.0,0.0,0.0,0.15,skip,training_upload_trigger_not_confirmed,1785296299.6951063,1785296299695106388,1384967911804390,32.0,53.3671875,-1.0,0,0
2026-07-28T23:38:19.697,10.42.0.145,,38,1,DOWNLOAD,0.95,DOWNLOAD,0.95,-1,14600,3.424657534129292e-11,3,29200.0,0.0,3,0,1.0,0.0,0.16318692383420805,0,0,0,0,0,0,0,0,0.0225,0.0,0.0,0.0,0.15,skip,training_upload_trigger_not_confirmed,1785296299.6970608,1785296299697060837,1384967913759204,32.0,53.3671875,-1.0,0,0
2026-07-28T23:38:19.697,10.42.0.145,,38,1,DOWNLOAD,0.95,DOWNLOAD,0.95,-1,14600,2.2831050227789245e-11,4,43800.0,0.0,4,0,1.0,0.0,0.14177689765044593,0,0,0,0,0,0,0,0,0.0225,0.0,0.0,0.0,0.15,skip,training_upload_trigger_not_confirmed,1785296299.697773,1785296299697773162,1384967914471296,32.0,53.3671875,-1.0,0,0
2026-07-28T23:38:19.698,10.42.0.59,,34,1,DOWNLOAD,0.95,DOWNLOAD,0.95,-1,14600,3.424657534129292e-11,3,29200.0,0.0,3,0,1.0,0.0,0.6150297739346215,0,0,0,0,0,0,0,0,0.0225,0.0,0.0,0.0,0.15,skip,already_attacked_this_round,1785296299.698812,1785296299698811874,1384967915510236,32.0,53.3671875,-1.0,0,0
2026-07-28T23:38:19.699,10.42.0.59,,34,1,DOWNLOAD,0.95,DOWNLOAD,0.95,-1,14600,2.2831050227789245e-11,4,43800.0,0.0,4,0,1.0,0.0,0.5340742490958396,0,0,0,0,0,0,0,0,0.0225,0.0,0.0,0.0,0.15,skip,already_attacked_this_round,1785296299.6994927,1785296299699492621,1384967916190838,32.0,53.3671875,-1.0,0,0
2026-07-28T23:38:19.701,10.42.0.18,,58,1,DOWNLOAD,0.95,DOWNLOAD,0.95,-1,10220,9.784735811175661e-11,1,10220.0,0.0,1,0,1.0,0.0,0.9673336226840195,0,0,0,0,0,0,0,0,0.0225,0.0,0.0,0.0,0.15,skip,already_attacked_this_round,1785296299.7016559,1785296299701655819,1384967918354284,32.0,53.3671875,-1.0,0,0
2026-07-28T23:38:19.702,10.42.0.18,,58,1,DOWNLOAD,0.95,DOWNLOAD,0.95,-1,4380,6.84931506802402e-11,2,14600.0,0.0,2,0,1.0,0.0,0.8399593518110089,0,0,0,0,0,0,0,0,0.0225,0.0,0.0,0.0,0.15,skip,already_attacked_this_round,1785296299.7023814,1785296299702381303,1384967919079466,32.0,53.3671875,-1.0,0,0
2026-07-28T23:38:19.705,10.42.0.210,,82,1,DOWNLOAD,0.95,DOWNLOAD,0.95,-1,1448,1.1510128912119e-10,2,8688.0,0.0,2,0,1.0,0.0,0.12980863643714285,0,0,0,0,0,0,0,0,0.0225,0.0,0.0,0.0,0.15,skip,training_upload_trigger_not_confirmed,1785296299.705125,1785296299705125221,1384967921824159,32.0,53.3671875,-1.0,0,0
2026-07-28T23:38:19.706,10.42.0.18,,58,1,DOWNLOAD,0.95,DOWNLOAD,0.95,-1,14600,3.424657534129292e-11,3,29200.0,0.0,3,0,1.0,0.0,0.729869829874284,0,0,0,0,0,0,0,0,0.0225,0.0,0.0,0.0,0.15,skip,already_attacked_this_round,1785296299.7069018,1785296299706901800,1384967923601750,32.0,53.3671875,-1.0,0,0
2026-07-28T23:38:19.708,10.42.0.59,,34,1,DOWNLOAD,0.95,DOWNLOAD,0.95,-1,24820,1.4573010783815608e-11,5,68620.0,0.0,5,0,1.0,0.0,0.46482321534383614,0,0,0,0,0,0,0,0,0.0225,0.0,0.0,0.0,0.15,skip,already_attacked_this_round,1785296299.70804,1785296299708039995,1384967924738410,32.0,53.3671875,-1.0,0,0
2026-07-28T23:38:19.708,10.42.0.59,,34,1,DOWNLOAD,0.9587684256122532,DOWNLOAD,0.9587684256122532,-1,10564,1.2628813901638856e-11,6,79184.0,0.0,6,0,1.0,0.0,0.40367248451758964,0,0,0,0,0,0,0,0,0.0225,0.0,0.0,0.0,0.15,skip,already_attacked_this_round,1785296299.7088072,1785296299708807131,1384967925505392,32.0,53.3671875,-1.0,0,0
2026-07-28T23:38:19.711,10.42.0.47,,83,1,DOWNLOAD,0.95,DOWNLOAD,0.95,-1,2896,4.576945211580516,16,17376.0,79529.0,3,13,0.1793096331458645,0.8206903668541355,0.01322382403386172,0,0,0,0,0,0,0,0,0.057499999999999996,0.1,0.0,0.0,0.15,skip,training_upload_trigger_not_confirmed,1785296299.7117093,1785296299711709130,1384967928407578,32.0,53.3671875,-1.0,0,0
2026-07-28T23:38:19.712,10.42.0.47,,83,1,DOWNLOAD,0.95,DOWNLOAD,0.95,-1,8688,3.0512968077788787,17,26064.0,79529.0,4,13,0.24683454395651228,0.7531654560434877,0.011571178478827566,0,0,0,0,0,0,0,0,0.057499999999999996,0.1,0.0,0.0,0.15,skip,training_upload_trigger_not_confirmed,1785296299.7123916,1785296299712391681,1384967929089801,32.0,53.3671875,-1.0,0,0
2026-07-28T23:38:19.713,10.42.0.47,,83,1,DOWNLOAD,0.95,DOWNLOAD,0.95,-1,8688,2.28847260585611,18,34752.0,79529.0,5,13,0.30409254381743245,0.6959074561825676,0.010129083393131845,0,0,0,0,0,0,0,0,0.057499999999999996,0.1,0.0,0.0,0.15,skip,training_upload_trigger_not_confirmed,1785296299.7130191,1785296299713019026,1384967929717086,32.0,53.3671875,-1.0,0,0
2026-07-28T23:38:19.714,10.42.0.145,,38,1,DOWNLOAD,0.9628348703679716,DOWNLOAD,0.9628348703679716,-1,29200,1.369863013679865e-11,5,73000.0,0.0,5,0,1.0,0.0,0.12531198805062657,0,0,0,0,0,0,0,0,0.0225,0.0,0.0,0.0,0.15,skip,training_upload_trigger_not_confirmed,1785296299.7146022,1785296299714602247,1384967931300582,32.0,53.3671875,-1.0,0,0
2026-07-28T23:38:19.715,10.42.0.145,,38,1,DOWNLOAD,0.9719749509551171,DOWNLOAD,0.9719749509551171,-1,6184,1.2628813901638856e-11,6,79184.0,0.0,6,0,1.0,0.0,0.10890054585814084,0,0,0,0,0,0,0,0,0.0225,0.0,0.0,0.0,0.15,skip,training_upload_trigger_not_confirmed,1785296299.7153723,1785296299715372350,1384967932071474,32.0,53.3671875,-1.0,0,0
2026-07-28T23:38:19.716,10.42.0.18,,58,1,DOWNLOAD,0.95,DOWNLOAD,0.95,-1,14600,2.2831050227789245e-11,4,43800.0,0.0,4,0,1.0,0.0,0.6349648142007733,0,0,0,0,0,0,0,0,0.0225,0.0,0.0,0.0,0.15,skip,already_attacked_this_round,1785296299.7165637,1785296299716563742,1384967933263599,32.0,53.3671875,-1.0,0,0
2026-07-28T23:38:19.717,10.42.0.18,,58,1,DOWNLOAD,0.95,DOWNLOAD,0.95,-1,5840,2.014504431869168e-11,5,49640.0,0.0,5,0,1.0,0.0,0.5514490907516003,0,0,0,0,0,0,0,0,0.0225,0.0,0.0,0.0,0.15,skip,already_attacked_this_round,1785296299.7177508,1785296299717750734,1384967934449721,32.0,53.3671875,-1.0,0,0
2026-07-28T23:38:19.718,10.42.0.18,,58,1,DOWNLOAD,0.95,DOWNLOAD,0.95,-1,8760,1.7123287670939668e-11,6,58400.0,0.0,6,0,1.0,0.0,0.47892946490820376,0,0,0,0,0,0,0,0,0.0225,0.0,0.0,0.0,0.15,skip,already_attacked_this_round,1785296299.7188685,1785296299718868370,1384967935566967,32.0,53.3671875,-1.0,0,0
2026-07-28T23:38:19.719,10.42.0.18,,58,1,DOWNLOAD,0.95,DOWNLOAD,0.95,-1,6184,1.5483711135645304e-11,7,64584.0,0.0,7,0,1.0,0.0,0.4159637807608372,0,0,0,0,0,0,0,0,0.0225,0.0,0.0,0.0,0.15,skip,already_attacked_this_round,1785296299.7199688,1785296299719968661,1384967936667320,32.0,53.3671875,-1.0,0,0
2026-07-28T23:38:19.720,10.42.0.47,,83,1,DOWNLOAD,0.95,DOWNLOAD,0.95,-1,5792,1.9615479478847289,19,40544.0,79529.0,6,13,0.33766125606922454,0.6623387439307754,0.00983010034342181,0,0,0,0,0,0,0,0,0.057499999999999996,0.1,0.0,0.0,0.15,skip,training_upload_trigger_not_confirmed,1785296299.7208793,1785296299720879333,1384967937578404,32.0,53.3671875,-1.0,0,0
2026-07-28T23:38:19.724,10.42.0.47,,83,1,DOWNLOAD,0.95,DOWNLOAD,0.95,-1,1448,1.8939083634765213,20,41992.0,79529.0,7,13,0.34555344343775973,0.6544465565622403,0.009027401621668318,0,0,0,0,0,0,0,0,0.057499999999999996,0.1,0.0,0.0,0.15,skip,training_upload_trigger_not_confirmed,1785296299.724618,1785296299724618017,1384967941316779,32.0,53.3671875,-1.0,0,0
2026-07-28T23:38:19.725,10.42.0.47,,83,1,DOWNLOAD,0.95,DOWNLOAD,0.95,-1,1448,1.8307780846954238,21,43440.0,79529.0,8,13,0.35325976465613285,0.6467402353438672,0.007953059890987057,0,0,0,0,0,0,0,0,0.057499999999999996,0.1,0.0,0.0,0.15,skip,training_upload_trigger_not_confirmed,1785296299.7254925,1785296299725492515,1384967942191081,32.0,53.3671875,-1.0,0,0
2026-07-28T23:38:19.726,10.42.0.47,,83,1,DOWNLOAD,0.95,DOWNLOAD,0.95,-1,1448,1.7717207271259194,22,44888.0,79529.0,9,13,0.36078670921176365,0.6392132907882363,0.00701589052373722,0,0,0,0,0,0,0,0,0.057499999999999996,0.1,0.0,0.0,0.15,skip,training_upload_trigger_not_confirmed,1785296299.7263336,1785296299726333598,1384967943032338,32.0,53.3671875,-1.0,0,0
2026-07-28T23:38:19.727,10.42.0.47,,83,1,DOWNLOAD,0.95,DOWNLOAD,0.95,-1,1448,1.7163544544044294,23,46336.0,79529.0,10,13,0.368140467961705,0.631859532038295,0.006197786287113682,0,0,0,0,0,0,0,0,0.057499999999999996,0.1,0.0,0.0,0.15,skip,training_upload_trigger_not_confirmed,1785296299.7271411,1785296299727141131,1384967943839811,32.0,53.3671875,-1.0,0,0
2026-07-28T23:38:19.727,10.42.0.47,,83,1,DOWNLOAD,0.95,DOWNLOAD,0.95,-1,7240,1.4844146632730248,24,53576.0,79529.0,11,13,0.40250929717140604,0.597490702828594,0.005473506522367541,0,0,0,0,0,0,0,0,0.057499999999999996,0.1,0.0,0.0,0.15,skip,training_upload_trigger_not_confirmed,1785296299.7278426,1785296299727842450,1384967944540546,32.0,53.3671875,-1.0,0,0
2026-07-28T23:38:19.730,10.42.0.47,,83,1,DOWNLOAD,0.95,DOWNLOAD,0.95,-1,10136,1.2482577850287502,25,63712.0,79529.0,12,13,0.44478885235372556,0.5552111476462744,0.005085012073192427,0,0,0,0,0,0,0,0,0.057499999999999996,0.1,0.0,0.0,0.15,skip,training_upload_trigger_not_confirmed,1785296299.730368,1785296299730367879,1384967947066853,32.0,53.3671875,-1.0,0,0
2026-07-28T23:38:19.734,10.42.0.47,,83,1,DOWNLOAD,0.95,DOWNLOAD,0.95,-1,2896,1.1939857074196194,26,66608.0,79529.0,13,13,0.45579148333413166,0.5442085166658683,0.0049298698320602114,0,0,0,0,0,0,0,0,0.039999999999999994,0.05,0.0,0.0,0.15,skip,training_upload_trigger_not_confirmed,1785296299.7342756,1785296299734275707,1384967950974273,32.0,53.3671875,-1.0,0,0
2026-07-28T23:38:19.735,10.42.0.47,,83,1,DOWNLOAD,0.95,DOWNLOAD,0.95,-1,2896,1.1442363029445177,27,69504.0,79529.0,14,13,0.4663665094307972,0.5336334905692028,0.004384859067510527,0,0,0,0,0,0,0,0,0.039999999999999994,0.05,0.0,0.0,0.15,skip,training_upload_trigger_not_confirmed,1785296299.7350695,1785296299735069567,1384967951767716,32.0,53.3671875,-1.0,0,0
2026-07-28T23:38:19.735,10.42.0.47,,83,1,DOWNLOAD,0.95,DOWNLOAD,0.95,-1,9693,1.004192077982699,28,79197.0,79529.0,15,13,0.4989541725993221,0.5010458274006779,0.003895643891321689,0,0,0,0,0,0,0,0,0.039999999999999994,0.05,0.0,0.0,0.15,skip,training_upload_trigger_not_confirmed,1785296299.7357419,1785296299735742032,1384967952440306,32.0,53.3671875,-1.0,0,0
2026-07-28T23:38:19.739,10.42.0.210,,82,1,DOWNLOAD,0.9557926560077417,DOWNLOAD,0.9557926560077417,-1,10136,5.3123671905380167e-11,3,18824.0,0.0,3,0,1.0,0.0,0.11722553029949676,0,0,0,0,0,0,0,0,0.0225,0.0,0.0,0.0,0.15,skip,training_upload_trigger_not_confirmed,1785296299.739444,1785296299739443965,1384967956142668,32.0,53.3671875,-1.0,0,0
2026-07-28T23:38:19.740,10.42.0.210,,82,1,DOWNLOAD,0.9846998846180315,DOWNLOAD,0.9846998846180315,-1,14480,3.002642325156058e-11,4,33304.0,0.0,4,0,1.0,0.0,0.10190927204921615,0,0,0,0,0,0,0,0,0.0225,0.0,0.0,0.0,0.15,skip,training_upload_trigger_not_confirmed,1785296299.7404387,1785296299740438680,1384967957137151,32.0,53.3671875,-1.0,0,0
2026-07-28T23:38:19.741,10.42.0.210,,82,1,DOWNLOAD,0.9854895428954357,DOWNLOAD,0.9854895428954357,-1,20272,1.8665073913344312e-11,5,53576.0,0.0,5,0,1.0,0.0,0.088645047968929,0,0,0,0,0,0,0,0,0.0225,0.0,0.0,0.0,0.15,skip,training_upload_trigger_not_confirmed,1785296299.7416894,1785296299741689269,1384967958387447,32.0,53.3671875,-1.0,0,0
2026-07-28T23:38:19.742,10.42.0.210,,82,1,DOWNLOAD,0.9855083405864443,DOWNLOAD,0.9855083405864443,-1,5792,1.6844091092560906e-11,6,59368.0,0.0,6,0,1.0,0.0,0.07705277391764923,0,0,0,0,0,0,0,0,0.0225,0.0,0.0,0.0,0.15,skip,training_upload_trigger_not_confirmed,1785296299.742364,1785296299742363956,1384967959062068,32.0,53.3671875,-1.0,0,0
2026-07-28T23:38:19.743,10.42.0.210,,82,1,DOWNLOAD,0.9855087208476458,DOWNLOAD,0.9855087208476458,-1,12576,1.3899699766291844e-11,7,71944.0,0.0,7,0,1.0,0.0,0.06702237351143522,0,0,0,0,0,0,0,0,0.0225,0.0,0.0,0.0,0.15,skip,training_upload_trigger_not_confirmed,1785296299.7432988,1785296299743298783,1384967959996927,32.0,53.3671875,-1.0,0,0
2026-07-28T23:38:20.002,10.42.0.18,,58,1,DOWNLOAD,0.9360034765407488,DOWNLOAD,0.9360034765407488,0,43,1.5483711135645304e-11,7,64584.0,0.0,7,0,1.0,0.0,0.9202110130875426,0,0,0,0,0,0,0,0,0.0225,0.0,0.0,0.0,0.15,skip,already_attacked_this_round,1785296300.002582,1785296300002581989,1384968219281249,32.0,53.3671875,-1.0,0,0
2026-07-28T23:38:20.020,10.42.0.59,,34,2,TRAINING,0.95,TRAINING,0.95,1,64240,0.811275005053909,7,79184.0,64240.0,6,1,0.5520972780008925,0.4479027219991075,0.9342139633320319,0,0,0,0,1,0,0,0,0.4525,1.0,0.0,0.4,0.15,skip,already_attacked_this_round,1785296300.0200725,1785296300020072425,1384968236771971,32.0,53.3671875,-1.0,0,0
2026-07-28T23:38:20.023,10.42.0.1,,83,2,TRAINING,0.95,TRAINING,0.95,1,7240,0.28704653271022734,38,302282.0,86769.0,28,10,0.7769726848151014,0.22302731518489863,0.002844311199873328,0,0,0,0,1,0,0,0,0.4525,1.0,0.0,0.4,0.15,skip,training_upload_trigger_not_confirmed,1785296300.0231164,1785296300023116182,1384968239815150,32.0,53.3671875,-1.0,0,0
2026-07-28T23:38:20.024,10.42.0.1,10.42.0.1,83,3,UPLOAD,0.95,UPLOAD,0.95,1,5792,0.3062074486760501,39,302282.0,92561.0,28,11,0.7655751779821347,0.23442482201786533,0.002620307514172409,1,0,0,0,1,0,0,0,0.85,1.0,1.0,0.4,0.8,trigger,training_upload_trigger_confirmed,1785296300.0242608,1785296300024260988,1384968240959924,32.0,53.3671875,27.088509,1785296300051351130,1384968268048433
2026-07-28T23:38:20.038,10.42.0.145,10.42.0.1,38,2,TRAINING,0.95,TRAINING,0.95,1,64240,0.811275005053909,7,79184.0,64240.0,6,1,0.5520972780008925,0.4479027219991075,0.17805397321171101,0,0,0,0,1,0,0,0,0.4525,1.0,0.0,0.4,0.15,skip,training_upload_trigger_not_confirmed,1785296300.0381594,1785296300038159311,1384968254859038,32.0,53.3671875,-1.0,0,0
2026-07-28T23:38:20.041,10.42.0.145,10.42.0.1,38,3,UPLOAD,0.95,UPLOAD,0.95,1,6556,0.8940695089930533,8,79184.0,70796.0,6,2,0.5279637284971329,0.47203627150286703,0.154993683338018,0,0,0,1,1,1,1,1,0.85,1.0,1.0,0.4,0.8,trigger,training_upload_trigger_confirmed,1785296300.0412152,1785296300041215147,1384968257913894,32.0,53.3671875,30.812054,1785296300072028580,1384968288725948
2026-07-28T23:38:20.042,10.42.0.1,10.42.0.1,83,3,UPLOAD,0.95,UPLOAD,0.95,1,7240,0.3301585936333286,40,302282.0,99801.0,28,12,0.7517900532974535,0.24820994670254648,0.0026723547733564093,1,0,1,1,1,1,1,1,0.85,1.0,1.0,0.4,0.8,skip,attack_already_active,1785296300.042967,1785296300042966978,1384968259665650,32.0,53.3671875,-1.0,0,0
2026-07-28T23:38:20.044,10.42.0.1,10.42.0.1,83,3,UPLOAD,0.95,UPLOAD,0.95,1,5792,0.34931950959915137,41,302282.0,105593.0,28,13,0.7411143119828378,0.2588856880171621,0.0024782994101479336,1,0,1,1,1,1,1,1,0.85,1.0,1.0,0.4,0.8,skip,attack_already_active,1785296300.0441668,1785296300044166921,1384968260865544,32.0,53.3671875,-1.0,0,0
2026-07-28T23:38:20.045,10.42.0.1,10.42.0.1,83,3,UPLOAD,0.95,UPLOAD,0.95,1,1448,0.35410973859060707,42,302282.0,107041.0,28,14,0.7384925840961784,0.26150741590382165,0.0023012071993804414,1,0,1,1,1,1,1,1,0.9699999999999999,1.0,1.0,1.0,0.8,skip,attack_already_active,1785296300.0453012,1785296300045301258,1384968262010716,32.0,53.3671875,-1.0,0,0
2026-07-28T23:38:20.055,10.42.0.1,10.42.0.1,83,3,UPLOAD,0.95,UPLOAD,0.95,1,14480,0.402012028505164,43,302282.0,121521.0,28,15,0.7132606423267415,0.2867393576732586,0.0022942336946960963,1,0,1,1,1,1,1,1,0.9699999999999999,1.0,1.0,1.0,0.8,skip,attack_already_active,1785296300.0559983,1785296300055998271,1384968272697037,32.0,53.3671875,-1.0,0,0
2026-07-28T23:38:20.057,10.42.0.1,10.42.0.1,83,3,UPLOAD,0.95,UPLOAD,0.95,1,14480,0.44991431841972096,44,302282.0,136001.0,28,16,0.6896959270608259,0.310304072939174,0.00214532383100555,1,0,1,1,1,1,1,1,0.9699999999999999,1.0,1.0,1.0,0.8,skip,attack_already_active,1785296300.0571625,1785296300057162513,1384968273860948,32.0,53.3671875,-1.0,0,0
2026-07-28T23:38:20.058,10.42.0.1,10.42.0.1,83,3,UPLOAD,0.95,UPLOAD,0.95,1,14480,0.4978166083342779,45,302282.0,150481.0,28,17,0.6676384775257695,0.33236152247423045,0.0020274724488061682,1,0,1,1,1,1,1,1,0.9699999999999999,1.0,1.0,1.0,0.8,skip,attack_already_active,1785296300.0584135,1785296300058413580,1384968275113164,32.0,53.3671875,-1.0,0,0
2026-07-28T23:38:20.059,10.42.0.1,10.42.0.1,83,3,UPLOAD,0.95,UPLOAD,0.95,1,14480,0.5457188982488348,46,302282.0,164961.0,28,18,0.6469481618772245,0.3530518381227755,0.0019379377849073423,1,0,1,1,1,1,1,1,0.9699999999999999,1.0,1.0,1.0,0.8,skip,attack_already_active,1785296300.0597615,1785296300059761281,1384968276459993,32.0,53.3671875,-1.0,0,0
2026-07-28T23:38:20.062,10.42.0.1,10.42.0.1,83,3,UPLOAD,0.95,UPLOAD,0.95,1,1448,0.5505091272402906,47,302282.0,166409.0,28,19,0.6449494443033896,0.35505055569661037,0.001988416246233075,1,0,1,1,1,1,1,1,0.9699999999999999,1.0,1.0,1.0,0.8,skip,attack_already_active,1785296300.0620825,1785296300062082458,1384968278781511,32.0,53.3671875,-1.0,0,0
2026-07-28T23:38:20.067,10.42.0.1,10.42.0.1,83,3,UPLOAD,0.95,UPLOAD,0.95,1,14480,0.5984114171548475,48,302282.0,180889.0,28,20,0.6256211568989033,0.3743788431010967,0.0024013669265706065,1,0,1,1,1,1,1,1,0.9699999999999999,1.0,1.0,1.0,0.8,skip,attack_already_active,1785296300.0672047,1785296300067204730,1384968283903229,89.5,53.3671875,-1.0,0,0
2026-07-28T23:38:20.071,10.42.0.1,10.42.0.1,83,3,UPLOAD,0.95,UPLOAD,0.95,1,14480,0.6463137070694044,49,302282.0,195369.0,28,21,0.6074176481108247,0.39258235188917534,0.0025915035489405317,1,0,1,1,1,1,1,1,0.9699999999999999,1.0,1.0,1.0,0.8,skip,attack_already_active,1785296300.071049,1785296300071048866,1384968287748260,89.5,53.3671875,-1.0,0,0
2026-07-28T23:38:20.072,10.42.0.1,10.42.0.1,83,3,UPLOAD,0.95,UPLOAD,0.95,1,5694,0.6651504224543137,50,302282.0,201063.0,28,22,0.6005463449522693,0.39945365504773067,0.0023977659614305286,1,0,1,1,1,1,1,1,0.9699999999999999,1.0,1.0,1.0,0.8,skip,attack_already_active,1785296300.0721703,1785296300072170173,1384968288868771,89.5,53.3671875,-1.0,0,0
2026-07-28T23:38:20.073,10.42.0.1,10.42.0.1,83,3,UPLOAD,0.95,UPLOAD,0.95,1,14480,0.7130527123688706,51,302282.0,215543.0,28,23,0.5837531984743881,0.41624680152561194,0.00222748448781257,1,0,1,1,1,1,1,1,0.9699999999999999,1.0,1.0,1.0,0.8,skip,attack_already_active,1785296300.0732758,1785296300073275909,1384968289974601,89.5,53.3671875,-1.0,0,0
2026-07-28T23:38:20.074,10.42.0.1,10.42.0.1,83,3,UPLOAD,0.95,UPLOAD,0.95,1,14480,0.7609550022834275,52,302282.0,230023.0,28,24,0.5678736814420304,0.43212631855796957,0.002084480057092954,1,0,1,1,1,1,1,1,0.9699999999999999,1.0,1.0,1.0,0.8,skip,attack_already_active,1785296300.074418,1785296300074418215,1384968291116713,89.5,53.3671875,-1.0,0,0
2026-07-28T23:38:20.076,10.42.0.1,10.42.0.1,83,3,UPLOAD,0.95,UPLOAD,0.95,1,8591,0.7893754838204413,53,302282.0,238614.0,28,25,0.5588541974797373,0.4411458025202627,0.0020926503918078385,1,0,1,1,1,1,1,1,0.9699999999999999,1.0,1.0,1.0,0.8,skip,attack_already_active,1785296300.0765646,1785296300076564575,1384968293263235,89.5,53.3671875,-1.0,0,0
2026-07-28T23:38:20.135,10.42.0.18,10.42.0.1,58,2,TRAINING,0.95,TRAINING,0.95,1,14600,0.22606218259590516,8,64584.0,14600.0,7,1,0.8156193170337442,0.18438068296625582,0.8164198836350971,0,0,0,0,1,1,0,0,0.5725,1.0,0.0,1.0,0.15,skip,already_attacked_this_round,1785296300.135151,1785296300135150974,1384968351849890,89.5,53.3671875,-1.0,0,0
2026-07-28T23:38:20.138,10.42.0.18,10.42.0.1,58,3,UPLOAD,0.95,UPLOAD,0.95,1,33580,0.7460052025308744,9,64584.0,48180.0,7,2,0.5727359795679472,0.4272640204320528,0.7093173060475834,0,0,0,1,1,1,1,1,0.9699999999999999,1.0,1.0,1.0,0.8,skip,already_attacked_this_round,1785296300.138799,1785296300138798934,1384968355498207,89.5,53.3671875,-1.0,0,0
2026-07-28T23:38:20.140,10.42.0.18,10.42.0.1,58,3,UPLOAD,0.9841010226033655,UPLOAD,0.9841010226033655,1,31349,1.231404062922219,10,64584.0,79529.0,7,3,0.4481483280481289,0.5518516719518711,0.6160778420689378,0,0,0,1,1,1,1,1,0.9699999999999999,1.0,1.0,1.0,0.8,skip,already_attacked_this_round,1785296300.1405478,1785296300140547814,1384968357246394,89.5,53.3671875,-1.0,0,0
2026-07-28T23:38:20.142,10.42.0.1,10.42.0.1,83,3,UPLOAD,0.95,UPLOAD,0.95,1,7240,0.8133266287777198,54,302282.0,245854.0,28,26,0.551472627231198,0.4485273727688019,0.010476775711622501,1,0,1,1,1,1,1,1,0.9699999999999999,1.0,1.0,1.0,0.8,skip,attack_already_active,1785296300.142282,1785296300142282099,1384968358980739,89.5,53.3671875,-1.0,0,0
2026-07-28T23:38:20.143,10.42.0.1,10.42.0.1,83,3,UPLOAD,0.95,UPLOAD,0.95,1,7240,0.8372777737349982,55,302282.0,253094.0,28,27,0.5442835124312178,0.45571648756878225,0.009315498179256023,1,0,1,1,1,1,1,1,0.9699999999999999,1.0,1.0,1.0,0.8,skip,attack_already_active,1785296300.1439462,1785296300143946281,1384968360644998,89.5,53.3671875,-1.0,0,0
2026-07-28T23:38:20.145,10.42.0.1,10.42.0.1,83,3,UPLOAD,0.95,UPLOAD,0.95,1,10136,0.8708093766751881,56,302282.0,263230.0,28,28,0.5345280029424663,0.4654719970575337,0.008322359185486593,1,0,1,1,1,1,1,1,0.9699999999999999,1.0,1.0,1.0,0.8,skip,attack_already_active,1785296300.145725,1785296300145725010,1384968362423562,89.5,53.3671875,-1.0,0,0
2026-07-28T23:38:20.146,10.42.0.1,10.42.0.1,83,3,UPLOAD,0.95,UPLOAD,0.95,1,4344,0.8851800636495551,57,302282.0,267574.0,28,29,0.5304533075022462,0.4695466924977538,0.007379347627315151,1,0,1,1,1,1,1,1,0.9699999999999999,1.0,1.0,1.0,0.8,skip,attack_already_active,1785296300.146891,1785296300146891003,1384968363589444,89.5,53.3671875,-1.0,0,0
2026-07-28T23:38:20.149,10.42.0.1,10.42.0.1,83,3,UPLOAD,0.95,UPLOAD,0.95,1,14480,0.9330823535641121,58,302282.0,282054.0,28,30,0.5173085348155856,0.48269146518441447,0.006752813068773486,1,0,1,1,1,1,1,1,0.9699999999999999,1.0,1.0,1.0,0.8,skip,attack_already_active,1785296300.1495159,1785296300149515825,1384968366214471,89.5,53.3671875,-1.0,0,0
2026-07-28T23:38:20.150,10.42.0.1,10.42.0.1,83,3,UPLOAD,0.95,UPLOAD,0.95,1,14480,0.980984643478669,59,302282.0,296534.0,28,31,0.5047994709560198,0.4952005290439801,0.006012794683613076,1,0,1,1,1,1,1,1,0.9699999999999999,1.0,1.0,1.0,0.8,skip,attack_already_active,1785296300.150653,1785296300150652824,1384968367351268,89.5,53.3671875,-1.0,0,0
2026-07-28T23:38:20.151,10.42.0.1,10.42.0.1,83,3,UPLOAD,0.9675505463566901,UPLOAD,0.9675505463566901,1,5792,1.0001455594444917,60,302282.0,302326.0,28,32,0.4999636127871282,0.5000363872128718,0.005371014430127255,1,0,1,1,1,1,1,1,0.9699999999999999,1.0,1.0,1.0,0.8,skip,attack_already_active,1785296300.1517954,1785296300151795560,1384968368493961,89.5,53.3671875,-1.0,0,0
2026-07-28T23:38:20.156,10.42.0.1,10.42.0.1,83,3,UPLOAD,0.974557087313986,UPLOAD,0.974557087313986,1,8688,1.028886933393226,61,302282.0,311014.0,28,33,0.4928810884140774,0.5071189115859226,0.005238725867400809,1,0,1,1,1,1,1,1,0.9699999999999999,1.0,1.0,1.0,0.8,skip,attack_already_active,1785296300.1561625,1785296300156162548,1384968372862239,89.5,53.3671875,-1.0,0,0
2026-07-28T23:38:20.157,10.42.0.1,10.42.0.1,83,3,UPLOAD,0.9775627028961861,UPLOAD,0.9775627028961861,1,7129,1.052470871570082,62,302282.0,318143.0,28,34,0.48721763307410243,0.5127823669258975,0.004735203894754557,1,0,1,1,1,1,1,1,0.9699999999999999,1.0,1.0,1.0,0.8,skip,attack_already_active,1785296300.1575801,1785296300157580109,1384968374278997,89.5,53.3671875,-1.0,0,0
2026-07-28T23:38:20.178,10.42.0.1,10.42.0.1,83,3,UPLOAD,0.976787539288761,UPLOAD,0.976787539288761,0,43,1.052470871570082,62,302282.0,318143.0,28,34,0.48721763307410243,0.5127823669258975,0.019256744529195197,1,0,1,1,1,1,1,1,0.8200000000000001,0.8000000000000002,1.0,0.6000000000000001,0.8,skip,attack_already_active,1785296300.1783621,1785296300178361996,1384968395060995,89.5,53.3671875,-1.0,0,0
2026-07-28T23:38:21.070,10.42.0.1,10.42.0.1,83,3,UPLOAD,0.9851990344755941,UPLOAD,0.9851990344755941,0,43,100.0,14,0.0,137254.0,0,14,0.0,1.0,0.029333064774923857,1,0,1,0,0,0,0,0,0.45499999999999996,0.1,1.0,0.0,0.8,skip,attack_already_active,1785296301.0708544,1785296301070854363,1384969287552893,24.2,53.3671875,-1.0,0,0
2026-07-28T23:38:21.301,10.42.0.210,10.42.0.1,82,3,UPLOAD,0.95,UPLOAD,0.95,1,1448,100.0,1,0.0,1448.0,0,1,0.0,1.0,0.41412760489208345,0,0,0,1,1,1,1,1,0.9525,0.95,1.0,1.0,0.8,trigger,training_upload_trigger_confirmed,1785296301.301328,1785296301301327752,1384969518026589,9.6,53.3671875,11.540663,1785296301312869884,1384969529567252
2026-07-28T23:38:21.302,10.42.0.210,10.42.0.1,82,3,UPLOAD,0.9841010226033655,UPLOAD,0.9841010226033655,1,1448,100.0,2,0.0,2896.0,0,2,0.0,1.0,0.359704544512802,0,0,1,1,1,1,1,1,0.9699999999999999,1.0,1.0,1.0,0.8,skip,attack_already_active,1785296301.302454,1785296301302454125,1384969519152781,9.6,53.3671875,-1.0,0,0
2026-07-28T23:38:21.304,10.42.0.210,10.42.0.1,82,3,UPLOAD,0.9854688349332961,UPLOAD,0.9854688349332961,1,1448,100.0,3,0.0,4344.0,0,3,0.0,1.0,0.31252829887325106,0,0,1,1,1,1,1,1,0.9699999999999999,1.0,1.0,1.0,0.8,skip,attack_already_active,1785296301.304151,1785296301304151125,1384969520849411,9.6,53.3671875,-1.0,0,0
2026-07-28T23:38:21.305,10.42.0.210,10.42.0.1,82,3,UPLOAD,0.9855076450773014,UPLOAD,0.9855076450773014,1,1448,100.0,4,0.0,5792.0,0,4,0.0,1.0,0.27146311520403404,0,0,1,1,1,1,1,1,0.9699999999999999,1.0,1.0,1.0,0.8,skip,attack_already_active,1785296301.305047,1785296301305047036,1384969521745269,9.6,53.3671875,-1.0,0,0
2026-07-28T23:38:21.306,10.42.0.210,10.42.0.1,82,3,UPLOAD,0.9855086980780915,UPLOAD,0.9855086980780915,1,1448,100.0,5,0.0,7240.0,0,5,0.0,1.0,0.23582331791277217,0,0,1,1,1,1,1,1,0.9699999999999999,1.0,1.0,1.0,0.8,skip,attack_already_active,1785296301.3060496,1785296301306049579,1384969522747945,9.6,53.3671875,-1.0,0,0
2026-07-28T23:38:21.307,10.42.0.210,10.42.0.1,82,3,UPLOAD,0.9855087254685951,UPLOAD,0.9855087254685951,1,1448,100.0,6,0.0,8688.0,0,6,0.0,1.0,0.20496221836160042,0,0,1,1,1,1,1,1,0.9699999999999999,1.0,1.0,1.0,0.8,skip,attack_already_active,1785296301.3076766,1785296301307676620,1384969524378399,9.6,53.3671875,-1.0,0,0
2026-07-28T23:38:21.309,10.42.0.210,10.42.0.1,82,3,UPLOAD,0.9855087261493067,UPLOAD,0.9855087261493067,1,1448,100.0,7,0.0,10136.0,0,7,0.0,1.0,0.178186108784282,0,0,1,1,1,1,1,1,0.9699999999999999,1.0,1.0,1.0,0.8,skip,attack_already_active,1785296301.3094423,1785296301309442292,1384969526141483,9.6,53.3671875,-1.0,0,0
2026-07-28T23:38:21.310,10.42.0.210,10.42.0.1,82,3,UPLOAD,0.9855087261653082,UPLOAD,0.9855087261653082,1,1448,100.0,8,0.0,11584.0,0,8,0.0,1.0,0.1548335038516163,0,0,1,1,1,1,1,1,0.9699999999999999,1.0,1.0,1.0,0.8,skip,attack_already_active,1785296301.310412,1785296301310411941,1384969527109974,9.6,53.3671875,-1.0,0,0
2026-07-28T23:38:21.311,10.42.0.210,10.42.0.1,82,3,UPLOAD,0.985508726165656,UPLOAD,0.985508726165656,1,1448,100.0,9,0.0,13032.0,0,9,0.0,1.0,0.13454777684234578,0,0,1,1,1,1,1,1,0.9699999999999999,1.0,1.0,1.0,0.8,skip,attack_already_active,1785296301.3113027,1785296301311302581,1384969528183287,9.6,53.3671875,-1.0,0,0
2026-07-28T23:38:21.312,10.42.0.210,10.42.0.1,82,3,UPLOAD,0.9855087261656625,UPLOAD,0.9855087261656625,1,1448,100.0,10,0.0,14480.0,0,10,0.0,1.0,0.11697216910954694,0,0,1,1,1,1,1,1,0.9699999999999999,1.0,1.0,1.0,0.8,skip,attack_already_active,1785296301.312474,1785296301312474015,1384969529172049,9.6,53.3671875,-1.0,0,0
2026-07-28T23:38:21.313,10.42.0.210,10.42.0.1,82,3,UPLOAD,0.9855087261656628,UPLOAD,0.9855087261656628,1,1448,100.0,11,0.0,15928.0,0,11,0.0,1.0,0.10174317837644485,0,0,1,1,1,1,1,1,0.9699999999999999,1.0,1.0,1.0,0.8,skip,attack_already_active,1785296301.3138776,1785296301313877413,1384969530575691,9.6,53.3671875,-1.0,0,0
2026-07-28T23:38:21.314,10.42.0.210,10.42.0.1,82,3,UPLOAD,0.95,UPLOAD,0.95,1,1448,100.0,12,0.0,17376.0,0,12,0.0,1.0,0.08846920379767463,0,0,1,1,1,1,1,1,0.9699999999999999,1.0,1.0,1.0,0.8,skip,attack_already_active,1785296301.3148882,1785296301314888190,1384969531586429,9.6,53.3671875,-1.0,0,0
2026-07-28T23:38:21.315,10.42.0.210,10.42.0.1,82,3,UPLOAD,0.95,UPLOAD,0.95,1,1448,100.0,13,0.0,18824.0,0,13,0.0,1.0,0.07693714272946972,0,0,1,1,1,1,1,1,0.9699999999999999,1.0,1.0,1.0,0.8,skip,attack_already_active,1785296301.3158438,1785296301315843762,1384969532542112,9.6,53.3671875,-1.0,0,0
2026-07-28T23:38:21.316,10.42.0.210,10.42.0.1,82,3,UPLOAD,0.95,UPLOAD,0.95,1,1448,100.0,14,0.0,20272.0,0,14,0.0,1.0,0.06693319560258819,0,0,1,1,1,1,1,1,0.9699999999999999,1.0,1.0,1.0,0.8,skip,attack_already_active,1785296301.3168638,1785296301316863771,1384969533562213,9.6,53.3671875,-1.0,0,0
2026-07-28T23:38:21.317,10.42.0.210,10.42.0.1,82,3,UPLOAD,0.95,UPLOAD,0.95,1,1448,100.0,15,0.0,21720.0,0,15,0.0,1.0,0.0582389363216509,0,0,1,1,1,1,1,1,0.9699999999999999,1.0,1.0,1.0,0.8,skip,attack_already_active,1785296301.3178186,1785296301317818641,1384969534516825,9.6,53.3671875,-1.0,0,0
2026-07-28T23:38:21.318,10.42.0.210,10.42.0.1,82,3,UPLOAD,0.95,UPLOAD,0.95,1,1448,100.0,16,0.0,23168.0,0,16,0.0,1.0,0.050693657274529666,0,0,1,1,1,1,1,1,0.9699999999999999,1.0,1.0,1.0,0.8,skip,attack_already_active,1785296301.3187985,1785296301318798565,1384969535496861,9.6,53.3671875,-1.0,0,0
2026-07-28T23:38:21.319,10.42.0.210,10.42.0.1,82,3,UPLOAD,0.95,UPLOAD,0.95,1,1448,100.0,17,0.0,24616.0,0,17,0.0,1.0,0.044147365987938406,0,0,1,1,1,1,1,1,0.9699999999999999,1.0,1.0,1.0,0.8,skip,attack_already_active,1785296301.3198142,1785296301319814133,1384969536512309,9.6,53.3671875,-1.0,0,0
2026-07-28T23:38:21.320,10.42.0.210,10.42.0.1,82,3,UPLOAD,0.95,UPLOAD,0.95,1,1448,100.0,18,0.0,26064.0,0,18,0.0,1.0,0.038411618573656756,0,0,1,1,1,1,1,1,0.9699999999999999,1.0,1.0,1.0,0.8,skip,attack_already_active,1785296301.3204346,1785296301320434786,1384969537133181,9.6,53.3671875,-1.0,0,0
2026-07-28T23:38:21.321,10.42.0.210,10.42.0.1,82,3,UPLOAD,0.95,UPLOAD,0.95,1,1448,100.0,19,0.0,27512.0,0,19,0.0,1.0,0.033488404782298205,0,0,1,1,1,1,1,1,0.9699999999999999,1.0,1.0,1.0,0.8,skip,attack_already_active,1785296301.3214853,1785296301321485320,1384969538183700,9.6,53.3671875,-1.0,0,0
2026-07-28T23:38:21.322,10.42.0.210,10.42.0.1,82,3,UPLOAD,0.95,UPLOAD,0.95,1,1448,100.0,20,0.0,28960.0,0,20,0.0,1.0,0.029179385643252384,0,0,1,1,1,1,1,1,0.9699999999999999,1.0,1.0,1.0,0.8,skip,attack_already_active,1785296301.3222737,1785296301322273895,1384969538975145,9.6,53.3671875,-1.0,0,0
2026-07-28T23:38:21.323,10.42.0.210,10.42.0.1,82,3,UPLOAD,0.95,UPLOAD,0.95,1,1448,100.0,21,0.0,30408.0,0,21,0.0,1.0,0.02551013124513719,0,0,1,1,1,1,1,1,0.9699999999999999,1.0,1.0,1.0,0.8,skip,attack_already_active,1785296301.3236082,1785296301323608082,1384969540306556,9.6,53.3671875,-1.0,0,0
2026-07-28T23:38:21.324,10.42.0.210,10.42.0.1,82,3,UPLOAD,0.95,UPLOAD,0.95,1,1448,100.0,22,0.0,31856.0,0,22,0.0,1.0,0.022234788238627828,0,0,1,1,1,1,1,1,0.9699999999999999,1.0,1.0,1.0,0.8,skip,attack_already_active,1785296301.3242626,1785296301324262544,1384969540960553,9.6,53.3671875,-1.0,0,0
2026-07-28T23:38:21.325,10.42.0.210,10.42.0.1,82,3,UPLOAD,0.95,UPLOAD,0.95,1,1448,100.0,23,0.0,33304.0,0,23,0.0,1.0,0.019421212599244134,0,0,1,1,1,1,1,1,0.9699999999999999,1.0,1.0,1.0,0.8,skip,attack_already_active,1785296301.325146,1785296301325145729,1384969541843818,9.6,53.3671875,-1.0,0,0
2026-07-28T23:38:21.325,10.42.0.210,10.42.0.1,82,3,UPLOAD,0.95,UPLOAD,0.95,1,1448,100.0,24,0.0,34752.0,0,24,0.0,1.0,0.01694694549604209,0,0,1,1,1,1,1,1,0.9699999999999999,1.0,1.0,1.0,0.8,skip,attack_already_active,1785296301.3257906,1785296301325790737,1384969542488837,9.6,53.3671875,-1.0,0,0
2026-07-28T23:38:21.326,10.42.0.210,10.42.0.1,82,3,UPLOAD,0.95,UPLOAD,0.95,1,1448,100.0,25,0.0,36200.0,0,25,0.0,1.0,0.014830769457245478,0,0,1,1,1,1,1,1,0.9699999999999999,1.0,1.0,1.0,0.8,skip,attack_already_active,1785296301.3266785,1785296301326678555,1384969543376987,9.6,53.3671875,-1.0,0,0
2026-07-28T23:38:21.327,10.42.0.210,10.42.0.1,82,3,UPLOAD,0.95,UPLOAD,0.95,1,1448,100.0,26,0.0,37648.0,0,26,0.0,1.0,0.012965804008005316,0,0,1,1,1,1,1,1,0.9699999999999999,1.0,1.0,1.0,0.8,skip,attack_already_active,1785296301.3273566,1785296301327356784,1384969544054994,9.6,53.3671875,-1.0,0,0
2026-07-28T23:38:21.328,10.42.0.210,10.42.0.1,82,3,UPLOAD,0.95,UPLOAD,0.95,1,1448,100.0,27,0.0,39096.0,0,27,0.0,1.0,0.01139849506976601,0,0,1,1,1,1,1,1,0.9699999999999999,1.0,1.0,1.0,0.8,skip,attack_already_active,1785296301.3284285,1785296301328428577,1384969545127760,9.6,53.3671875,-1.0,0,0
2026-07-28T23:38:21.329,10.42.0.210,10.42.0.1,82,3,UPLOAD,0.95,UPLOAD,0.95,1,1448,100.0,28,0.0,40544.0,0,28,0.0,1.0,0.010072936431174245,0,0,1,1,1,1,1,1,0.9699999999999999,1.0,1.0,1.0,0.8,skip,attack_already_active,1785296301.3297677,1785296301329767679,1384969546466333,9.6,53.3671875,-1.0,0,0
2026-07-28T23:38:21.330,10.42.0.210,10.42.0.1,82,3,UPLOAD,0.95,UPLOAD,0.95,1,1448,100.0,29,0.0,41992.0,0,29,0.0,1.0,0.00888014165756169,0,0,1,1,1,1,1,1,0.9699999999999999,1.0,1.0,1.0,0.8,skip,attack_already_active,1785296301.3307889,1785296301330788739,1384969547486883,9.6,53.3671875,-1.0,0,0
2026-07-28T23:38:21.331,10.42.0.210,10.42.0.1,82,3,UPLOAD,0.95,UPLOAD,0.95,1,1448,100.0,30,0.0,43440.0,0,30,0.0,1.0,0.007813046465041112,0,0,1,1,1,1,1,1,0.9699999999999999,1.0,1.0,1.0,0.8,skip,attack_already_active,1785296301.331571,1785296301331571082,1384969548270820,9.6,53.3671875,-1.0,0,0
2026-07-28T23:38:21.332,10.42.0.210,10.42.0.1,82,3,UPLOAD,0.95,UPLOAD,0.95,1,1448,100.0,31,0.0,44888.0,0,31,0.0,1.0,0.006958073362805521,0,0,1,1,1,1,1,1,0.9699999999999999,1.0,1.0,1.0,0.8,skip,attack_already_active,1785296301.332896,1785296301332895904,1384969549594262,9.6,53.3671875,-1.0,0,0
2026-07-28T23:38:21.333,10.42.0.210,10.42.0.1,82,3,UPLOAD,0.95,UPLOAD,0.95,1,1448,100.0,32,0.0,46336.0,0,32,0.0,1.0,0.006174261393737623,0,0,1,1,1,1,1,1,0.9699999999999999,1.0,1.0,1.0,0.8,skip,attack_already_active,1785296301.333906,1785296301333905987,1384969550604258,9.6,53.3671875,-1.0,0,0
2026-07-28T23:38:21.334,10.42.0.210,10.42.0.1,82,3,UPLOAD,0.95,UPLOAD,0.95,1,1448,100.0,33,0.0,47784.0,0,33,0.0,1.0,0.0054520448324262595,0,0,1,1,1,1,1,1,0.9699999999999999,1.0,1.0,1.0,0.8,skip,attack_already_active,1785296301.3345995,1785296301334599322,1384969551297596,9.6,53.3671875,-1.0,0,0
2026-07-28T23:38:21.335,10.42.0.210,10.42.0.1,82,3,UPLOAD,0.95,UPLOAD,0.95,1,1448,100.0,34,0.0,49232.0,0,34,0.0,1.0,0.004814410283528656,0,0,1,1,1,1,1,1,0.9699999999999999,1.0,1.0,1.0,0.8,skip,attack_already_active,1785296301.3352127,1785296301335212790,1384969551910809,9.6,53.3671875,-1.0,0,0
2026-07-28T23:38:21.335,10.42.0.210,10.42.0.1,82,3,UPLOAD,0.95,UPLOAD,0.95,1,1448,100.0,35,0.0,50680.0,0,35,0.0,1.0,0.0042587575522879785,0,0,1,1,1,1,1,1,0.9699999999999999,1.0,1.0,1.0,0.8,skip,attack_already_active,1785296301.3358104,1785296301335810315,1384969552508364,9.6,53.3671875,-1.0,0,0
2026-07-28T23:38:21.336,10.42.0.210,10.42.0.1,82,3,UPLOAD,0.95,UPLOAD,0.95,1,1448,100.0,36,0.0,52128.0,0,36,0.0,1.0,0.003774503450603517,0,0,1,1,1,1,1,1,0.9699999999999999,1.0,1.0,1.0,0.8,skip,attack_already_active,1785296301.3363943,1785296301336394319,1384969553092660,9.6,53.3671875,-1.0,0,0
2026-07-28T23:38:21.336,10.42.0.210,10.42.0.1,82,3,UPLOAD,0.95,UPLOAD,0.95,1,1448,100.0,37,0.0,53576.0,0,37,0.0,1.0,0.0033530248990335946,0,0,1,1,1,1,1,1,0.9699999999999999,1.0,1.0,1.0,0.8,skip,attack_already_active,1785296301.3369703,1785296301336970327,1384969553668226,9.6,53.3671875,-1.0,0,0
2026-07-28T23:38:21.337,10.42.0.1,10.42.0.1,83,3,UPLOAD,0.9771800090579885,UPLOAD,0.9771800090579885,1,7240,100.0,1,0.0,7240.0,0,1,0.0,1.0,0.03000179243983553,1,0,1,1,1,1,1,1,0.9699999999999999,1.0,1.0,1.0,0.8,skip,attack_already_active,1785296301.3375812,1785296301337581124,1384969554279367,9.6,53.3671875,-1.0,0,0
2026-07-28T23:38:21.338,10.42.0.1,10.42.0.1,83,3,UPLOAD,0.9793184598912406,UPLOAD,0.9793184598912406,1,7240,100.0,2,0.0,14480.0,0,2,0.0,1.0,0.026141066584114324,1,0,1,1,1,1,1,1,0.9699999999999999,1.0,1.0,1.0,0.8,skip,attack_already_active,1785296301.338285,1785296301338285169,1384969554983175,9.6,53.3671875,-1.0,0,0
2026-07-28T23:38:21.339,10.42.0.1,10.42.0.1,83,3,UPLOAD,0.9810748786950352,UPLOAD,0.9810748786950352,1,10136,100.0,3,0.0,24616.0,0,3,0.0,1.0,0.022845385954210724,1,0,1,1,1,1,1,1,0.9699999999999999,1.0,1.0,1.0,0.8,skip,attack_already_active,1785296301.339416,1785296301339416131,1384969556114163,9.6,53.3671875,-1.0,0,0
2026-07-28T23:38:21.339,10.42.0.1,10.42.0.1,83,3,UPLOAD,0.9816882619652911,UPLOAD,0.9816882619652911,1,4344,100.0,4,0.0,28960.0,0,4,0.0,1.0,0.019911700263421116,1,0,1,1,1,1,1,1,0.9699999999999999,1.0,1.0,1.0,0.8,skip,attack_already_active,1785296301.3399985,1785296301339998371,1384969556696409,9.6,53.3671875,-1.0,0,0
2026-07-28T23:38:21.340,10.42.0.1,10.42.0.1,83,3,UPLOAD,0.9822162785912267,UPLOAD,0.9822162785912267,1,14480,100.0,5,0.0,43440.0,0,5,0.0,1.0,0.017367427019469944,1,0,1,1,1,1,1,1,0.9699999999999999,1.0,1.0,1.0,0.8,skip,attack_already_active,1785296301.3406024,1785296301340602253,1384969557300207,9.6,53.3671875,-1.0,0,0
2026-07-28T23:38:21.341,10.42.0.1,10.42.0.1,83,3,UPLOAD,0.9827835031686964,UPLOAD,0.9827835031686964,1,18824,100.0,6,0.0,62264.0,0,6,0.0,1.0,0.015194177124763293,1,0,1,1,1,1,1,1,0.9699999999999999,1.0,1.0,1.0,0.8,skip,attack_already_active,1785296301.3414776,1785296301341477521,1384969558175391,9.6,53.3671875,-1.0,0,0
2026-07-28T23:38:21.342,10.42.0.1,10.42.0.1,83,3,UPLOAD,0.9832254943101728,UPLOAD,0.9832254943101728,1,1448,100.0,7,0.0,63712.0,0,7,0.0,1.0,0.013268631160612119,1,0,1,1,1,1,1,1,0.9699999999999999,1.0,1.0,1.0,0.8,skip,attack_already_active,1785296301.3420594,1785296301342059221,1384969558757173,9.6,53.3671875,-1.0,0,0
2026-07-28T23:38:21.342,10.42.0.1,10.42.0.1,83,3,UPLOAD,0.9833785742094371,UPLOAD,0.9833785742094371,1,8688,100.0,8,0.0,72400.0,0,8,0.0,1.0,0.011631193717894587,1,0,1,1,1,1,1,1,0.9699999999999999,1.0,1.0,1.0,0.8,skip,attack_already_active,1785296301.342902,1785296301342902085,1384969559600441,9.6,53.3671875,-1.0,0,0
2026-07-28T23:38:21.343,10.42.0.1,10.42.0.1,83,3,UPLOAD,0.9834404861751584,UPLOAD,0.9834404861751584,1,7143,100.0,9,0.0,79543.0,0,9,0.0,1.0,0.010210722588665237,1,0,1,1,1,1,1,1,0.9699999999999999,1.0,1.0,1.0,0.8,skip,attack_already_active,1785296301.3437536,1785296301343753590,1384969560451872,9.6,53.3671875,-1.0,0,0
2026-07-28T23:38:21.671,10.42.0.1,10.42.0.1,83,3,UPLOAD,0.9824326510240856,UPLOAD,0.9824326510240856,0,43,100.0,9,0.0,79543.0,0,9,0.0,1.0,0.08800195045197466,1,0,1,1,1,1,1,1,0.8374999999999999,0.8500000000000001,1.0,0.6000000000000001,0.8,skip,attack_already_active,1785296301.6714013,1785296301671401173,1384969888100885,9.6,53.3671875,-1.0,0,0
2026-07-28T23:38:22.370,10.42.0.47,10.42.0.1|10.42.0.47,83,3,UPLOAD,0.95,UPLOAD,0.95,1,7240,100.0,1,0.0,7240.0,0,1,0.0,1.0,0.4138615598134146,1,0,0,1,1,1,1,1,0.9699999999999999,1.0,1.0,1.0,0.8,trigger,training_upload_trigger_confirmed,1785296302.370067,1785296302370066996,1384970586765681,11.1,53.3671875,9.111876,1785296302379180224,1384970595877557
2026-07-28T23:38:22.371,10.42.0.47,10.42.0.1|10.42.0.47,83,3,UPLOAD,0.956332838745308,UPLOAD,0.956332838745308,1,7240,100.0,2,0.0,14480.0,0,2,0.0,1.0,0.3595706374012238,1,0,1,1,1,1,1,1,0.9699999999999999,1.0,1.0,1.0,0.8,skip,attack_already_active,1785296302.3719296,1785296302371929666,1384970588628057,11.1,53.3671875,-1.0,0,0
2026-07-28T23:38:22.372,10.42.0.47,10.42.0.1|10.42.0.47,83,3,UPLOAD,0.9577971401766203,UPLOAD,0.9577971401766203,1,1448,100.0,3,0.0,15928.0,0,3,0.0,1.0,0.312296295297916,1,0,1,1,1,1,1,1,0.9699999999999999,1.0,1.0,1.0,0.8,skip,attack_already_active,1785296302.3727484,1785296302372748408,1384970589446893,11.1,53.3671875,-1.0,0,0
2026-07-28T23:38:22.373,10.42.0.47,10.42.0.1|10.42.0.47,83,3,UPLOAD,0.9587947209679071,UPLOAD,0.9587947209679071,1,8688,100.0,4,0.0,24616.0,0,4,0.0,1.0,0.27126809294284404,1,0,1,1,1,1,1,1,0.9699999999999999,1.0,1.0,1.0,0.8,skip,attack_already_active,1785296302.373693,1785296302373693028,1384970590391249,11.1,53.3671875,-1.0,0,0
2026-07-28T23:38:22.374,10.42.0.47,10.42.0.1|10.42.0.47,83,3,UPLOAD,0.9604460497757165,UPLOAD,0.9604460497757165,1,1448,100.0,5,0.0,26064.0,0,5,0.0,1.0,0.23564582606123358,1,0,1,1,1,1,1,1,0.9699999999999999,1.0,1.0,1.0,0.8,skip,attack_already_active,1785296302.3746336,1785296302374633509,1384970591331526,11.1,53.3671875,-1.0,0,0
2026-07-28T23:38:22.375,10.42.0.47,10.42.0.1|10.42.0.47,83,3,UPLOAD,0.9616709962557884,UPLOAD,0.9616709962557884,1,2896,100.0,6,0.0,28960.0,0,6,0.0,1.0,0.2047399080519367,1,0,1,1,1,1,1,1,0.9699999999999999,1.0,1.0,1.0,0.8,skip,attack_already_active,1785296302.375743,1785296302375742963,1384970592441170,11.1,53.3671875,-1.0,0,0
2026-07-28T23:38:22.376,10.42.0.47,10.42.0.1|10.42.0.47,83,3,UPLOAD,0.9636875417463089,UPLOAD,0.9636875417463089,1,14480,100.0,7,0.0,43440.0,0,7,0.0,1.0,0.17785080352336766,1,0,1,1,1,1,1,1,0.9699999999999999,1.0,1.0,1.0,0.8,skip,attack_already_active,1785296302.3764288,1785296302376428807,1384970593126858,11.1,53.3671875,-1.0,0,0
2026-07-28T23:38:22.377,10.42.0.47,10.42.0.1|10.42.0.47,83,3,UPLOAD,0.9638863141265566,UPLOAD,0.9638863141265566,1,1448,100.0,8,0.0,44888.0,0,8,0.0,1.0,0.1544930892346942,1,0,1,1,1,1,1,1,0.9699999999999999,1.0,1.0,1.0,0.8,skip,attack_already_active,1785296302.3770244,1785296302377024500,1384970593722495,11.1,53.3671875,-1.0,0,0
2026-07-28T23:38:22.377,10.42.0.47,10.42.0.1|10.42.0.47,83,3,UPLOAD,0.9648097671853432,UPLOAD,0.9648097671853432,1,10136,100.0,9,0.0,55024.0,0,9,0.0,1.0,0.13425218876325454,1,0,1,1,1,1,1,1,0.9699999999999999,1.0,1.0,1.0,0.8,skip,attack_already_active,1785296302.377915,1785296302377914830,1384970594613037,11.1,53.3671875,-1.0,0,0
2026-07-28T23:38:22.379,10.42.0.47,10.42.0.1|10.42.0.47,83,3,UPLOAD,0.9661750126083547,UPLOAD,0.9661750126083547,1,8688,100.0,10,0.0,63712.0,0,10,0.0,1.0,0.11680959593249882,1,0,1,1,1,1,1,1,0.9699999999999999,1.0,1.0,1.0,0.8,skip,attack_already_active,1785296302.3798,1785296302379800134,1384970596498612,11.1,53.3671875,-1.0,0,0
2026-07-28T23:38:22.380,10.42.0.47,10.42.0.1|10.42.0.47,83,3,UPLOAD,0.9674027703877748,UPLOAD,0.9674027703877748,1,2896,100.0,11,0.0,66608.0,0,11,0.0,1.0,0.10156561533225514,1,0,1,1,1,1,1,1,0.9699999999999999,1.0,1.0,1.0,0.8,skip,attack_already_active,1785296302.3809273,1785296302380927238,1384970597626699,11.1,53.3671875,-1.0,0,0
2026-07-28T23:38:22.382,10.42.0.47,10.42.0.1|10.42.0.47,83,3,UPLOAD,0.9684502675109798,UPLOAD,0.9684502675109798,1,7240,100.0,12,0.0,73848.0,0,12,0.0,1.0,0.08832704050728442,1,0,1,1,1,1,1,1,0.9699999999999999,1.0,1.0,1.0,0.8,skip,attack_already_active,1785296302.382029,1785296302382028947,1384970598727684,11.1,53.3671875,-1.0,0,0
2026-07-28T23:38:22.382,10.42.0.47,10.42.0.1|10.42.0.47,83,3,UPLOAD,0.9698591751019514,UPLOAD,0.9698591751019514,1,5707,100.0,13,0.0,79555.0,0,13,0.0,1.0,0.0768060784831205,1,0,1,1,1,1,1,1,0.9699999999999999,1.0,1.0,1.0,0.8,skip,attack_already_active,1785296302.3829267,1785296302382926620,1384970599624957,11.1,53.3671875,-1.0,0,0
2026-07-28T23:38:22.383,10.42.0.1,10.42.0.1|10.42.0.47,83,3,UPLOAD,0.9765523823399289,UPLOAD,0.9765523823399289,1,7240,100.0,1,0.0,7240.0,0,1,0.0,1.0,0.07808901451349574,1,0,1,1,1,1,1,1,0.9699999999999999,1.0,1.0,1.0,0.8,skip,attack_already_active,1785296302.3838885,1785296302383888397,1384970600586733,11.1,53.3671875,-1.0,0,0
2026-07-28T23:38:22.384,10.42.0.1,10.42.0.1|10.42.0.47,83,3,UPLOAD,0.9765965245474204,UPLOAD,0.9765965245474204,1,5792,100.0,2,0.0,13032.0,0,2,0.0,1.0,0.06788269794877036,1,0,1,1,1,1,1,1,0.9699999999999999,1.0,1.0,1.0,0.8,skip,attack_already_active,1785296302.3845246,1785296302384524622,1384970601222723,11.1,53.3671875,-1.0,0,0
2026-07-28T23:38:22.400,10.42.0.1,10.42.0.1|10.42.0.47,83,3,UPLOAD,0.9768345269185076,UPLOAD,0.9768345269185076,1,1448,100.0,3,0.0,14480.0,0,3,0.0,1.0,0.06109895138652189,1,0,1,1,1,1,1,1,0.9699999999999999,1.0,1.0,1.0,0.8,skip,attack_already_active,1785296302.4009273,1785296302400927267,1384970617626880,11.1,53.3671875,-1.0,0,0
2026-07-28T23:38:22.409,10.42.0.1,10.42.0.1|10.42.0.47,83,3,UPLOAD,0.9780307295872619,UPLOAD,0.9780307295872619,1,14480,100.0,4,0.0,28960.0,0,4,0.0,1.0,0.05412114203574213,1,0,1,1,1,1,1,1,0.9699999999999999,1.0,1.0,1.0,0.8,skip,attack_already_active,1785296302.4090736,1785296302409073588,1384970625772087,11.1,53.3671875,-1.0,0,0
2026-07-28T23:38:22.409,10.42.0.1,10.42.0.1|10.42.0.47,83,3,UPLOAD,0.9787474100256628,UPLOAD,0.9787474100256628,1,14480,100.0,5,0.0,43440.0,0,5,0.0,1.0,0.04708983039999455,1,0,1,1,1,1,1,1,0.9699999999999999,1.0,1.0,1.0,0.8,skip,attack_already_active,1785296302.409836,1785296302409835949,1384970626534185,11.1,53.3671875,-1.0,0,0
2026-07-28T23:38:22.410,10.42.0.1,10.42.0.1|10.42.0.47,83,3,UPLOAD,0.9788708380215216,UPLOAD,0.9788708380215216,1,1448,100.0,6,0.0,44888.0,0,6,0.0,1.0,0.040976614817374385,1,0,1,1,1,1,1,1,0.9699999999999999,1.0,1.0,1.0,0.8,skip,attack_already_active,1785296302.4105344,1785296302410534310,1384970627232737,11.1,53.3671875,-1.0,0,0
2026-07-28T23:38:22.411,10.42.0.1,10.42.0.1|10.42.0.47,83,3,UPLOAD,0.9788618316247869,UPLOAD,0.9788618316247869,1,14480,100.0,7,0.0,59368.0,0,7,0.0,1.0,0.03573981139176893,1,0,1,1,1,1,1,1,0.9699999999999999,1.0,1.0,1.0,0.8,skip,attack_already_active,1785296302.4117703,1785296302411770259,1384970628468854,11.1,53.3671875,-1.0,0,0
2026-07-28T23:38:22.413,10.42.0.1,10.42.0.1|10.42.0.47,83,3,UPLOAD,0.9788793702545618,UPLOAD,0.9788793702545618,1,14480,100.0,8,0.0,73848.0,0,8,0.0,1.0,0.031222554553467972,1,0,1,1,1,1,1,1,0.9699999999999999,1.0,1.0,1.0,0.8,skip,attack_already_active,1785296302.41323,1785296302413229829,1384970629928176,11.1,53.3671875,-1.0,0,0
2026-07-28T23:38:22.414,10.42.0.1,10.42.0.1|10.42.0.47,83,3,UPLOAD,0.9789934275643845,UPLOAD,0.9789934275643845,1,5694,100.0,9,0.0,79542.0,0,9,0.0,1.0,0.02730611772965618,1,0,1,1,1,1,1,1,0.9699999999999999,1.0,1.0,1.0,0.8,skip,attack_already_active,1785296302.4147317,1785296302414731684,1384970631430216,11.1,53.3671875,-1.0,0,0
2026-07-28T23:38:22.714,10.42.0.1,10.42.0.47,84,1,DOWNLOAD,0.976525822457017,DOWNLOAD,0.976525822457017,-1,1448,54.93232040474286,10,1448.0,79542.0,1,9,0.017878750463020125,0.9821212495369799,0.1436159231371047,0,0,0,0,1,0,0,0,0.44,0.8500000000000001,0.0,0.6000000000000001,0.15,skip,training_upload_trigger_not_confirmed,1785296302.7147229,1785296302714722752,1384970931422993,11.1,53.3671875,-1.0,0,0
2026-07-28T23:38:22.718,10.42.0.1,10.42.0.47,84,1,DOWNLOAD,0.95,DOWNLOAD,0.95,-1,5792,10.986464087018442,11,7240.0,79542.0,2,9,0.08342743886981172,0.9165725611301883,0.12519576441582447,0,0,0,0,1,0,0,0,0.44,0.8500000000000001,0.0,0.6000000000000001,0.15,skip,training_upload_trigger_not_confirmed,1785296302.7185533,1785296302718553274,1384970935252760,11.1,53.3671875,-1.0,0,0
2026-07-28T23:38:22.719,10.42.0.1,10.42.0.47,84,1,DOWNLOAD,0.95,DOWNLOAD,0.95,-1,7240,5.493232043888589,12,14480.0,79542.0,3,9,0.154006509114888,0.845993490885112,0.10887569925405363,0,0,0,0,1,0,0,0,0.44,0.8500000000000001,0.0,0.6000000000000001,0.15,skip,training_upload_trigger_not_confirmed,1785296302.7199006,1785296302719900795,1384970936600078,11.1,53.3671875,-1.0,0,0
2026-07-28T23:38:22.721,10.42.0.1,10.42.0.47,84,1,DOWNLOAD,0.95,DOWNLOAD,0.95,-1,7240,3.6621546960100293,13,21720.0,79542.0,4,9,0.21449309711441608,0.7855069028855839,0.09475235429003918,0,0,0,0,1,0,0,0,0.44,0.8500000000000001,0.0,0.6000000000000001,0.15,skip,training_upload_trigger_not_confirmed,1785296302.7215981,1785296302721598219,1384970938296880,11.1,53.3671875,-1.0,0,0
2026-07-28T23:38:22.722,10.42.0.1,10.42.0.47,84,1,DOWNLOAD,0.95,DOWNLOAD,0.95,-1,7240,2.746616022039136,14,28960.0,79542.0,5,9,0.2669075224419826,0.7330924775580173,0.08241178182450724,0,0,0,0,1,0,0,0,0.4,0.8500000000000001,0.0,0.4,0.15,skip,training_upload_trigger_not_confirmed,1785296302.7227013,1785296302722701260,1384970939399833,11.1,53.3671875,-1.0,0,0
2026-07-28T23:38:22.724,10.42.0.1,10.42.0.47,84,1,DOWNLOAD,0.95,DOWNLOAD,0.95,-1,7240,2.1972928176464834,15,36200.0,79542.0,6,9,0.3127645971211833,0.6872354028788167,0.07181868463665236,0,0,0,0,1,0,0,0,0.4,0.8500000000000001,0.0,0.4,0.15,skip,training_upload_trigger_not_confirmed,1785296302.724725,1785296302724725006,1384970941423531,11.1,53.3671875,-1.0,0,0
2026-07-28T23:38:22.725,10.42.0.1,10.42.0.47,84,1,DOWNLOAD,0.95,DOWNLOAD,0.95,-1,7240,1.8310773480471665,16,43440.0,79542.0,7,9,0.35322242279357957,0.6467775772064205,0.06248595218787585,0,0,0,0,1,0,0,0,0.4,0.8500000000000001,0.0,0.4,0.15,skip,training_upload_trigger_not_confirmed,1785296302.7257202,1785296302725720082,1384970942418699,11.1,53.3671875,-1.0,0,0
2026-07-28T23:38:22.727,10.42.0.1,10.42.0.47,84,1,DOWNLOAD,0.95,DOWNLOAD,0.95,-1,7240,1.5694948697598756,17,50680.0,79542.0,8,9,0.38918155150435413,0.6108184484956459,0.05442070516032409,0,0,0,0,1,0,0,0,0.4,0.8500000000000001,0.0,0.4,0.15,skip,training_upload_trigger_not_confirmed,1785296302.7270012,1785296302727001141,1384970943699354,11.1,53.3671875,-1.0,0,0
2026-07-28T23:38:22.727,10.42.0.1,10.42.0.47,84,1,DOWNLOAD,0.95,DOWNLOAD,0.95,-1,7240,1.3733080110432785,18,57920.0,79542.0,9,9,0.42135281023119114,0.5786471897688088,0.047354819880097564,0,0,0,0,1,0,0,0,0.32,0.8500000000000001,0.0,0.0,0.15,skip,training_upload_trigger_not_confirmed,1785296302.7278008,1785296302727800730,1384970944498952,11.1,53.3671875,-1.0,0,0
2026-07-28T23:38:22.728,10.42.0.1,10.42.0.47,84,1,DOWNLOAD,0.95,DOWNLOAD,0.95,-1,10136,1.1687727753589872,19,68056.0,79542.0,10,9,0.46109025867559184,0.5389097413244082,0.04120891609069685,0,0,0,0,1,0,0,0,0.30250000000000005,0.8000000000000002,0.0,0.0,0.15,skip,training_upload_trigger_not_confirmed,1785296302.728516,1785296302728516105,1384970945214280,11.1,53.3671875,-1.0,0,0
2026-07-28T23:38:22.729,10.42.0.1,10.42.0.47,84,1,DOWNLOAD,0.95,DOWNLOAD,0.95,-1,10136,1.017265193369945,20,78192.0,79542.0,11,9,0.4957206436152003,0.5042793563847997,0.035877064033418136,0,0,0,0,1,0,0,0,0.30250000000000005,0.8000000000000002,0.0,0.0,0.15,skip,training_upload_trigger_not_confirmed,1785296302.729263,1785296302729263065,1384970945961285,11.1,53.3671875,-1.0,0,0
2026-07-28T23:38:22.730,10.42.0.1,10.42.0.47,84,1,DOWNLOAD,0.95,DOWNLOAD,0.95,-1,14480,0.8583175069076062,21,92672.0,79542.0,12,9,0.5381211748173784,0.46187882518262163,0.031288122577547164,0,0,0,0,1,0,0,0,0.30250000000000005,0.8000000000000002,0.0,0.0,0.15,skip,training_upload_trigger_not_confirmed,1785296302.730316,1785296302730315989,1384970947015716,11.1,53.3671875,-1.0,0,0
2026-07-28T23:38:22.731,10.42.0.1,10.42.0.47,84,1,DOWNLOAD,0.95,DOWNLOAD,0.95,-1,4344,0.8198853797330349,22,97016.0,79542.0,13,9,0.5494851550198802,0.45051484498011984,0.027293958520132063,0,0,0,0,1,0,0,0,0.30250000000000005,0.8000000000000002,0.0,0.0,0.15,skip,training_upload_trigger_not_confirmed,1785296302.7312934,1785296302731293511,1384970947992163,49.8,53.3671875,-1.0,0,0
2026-07-28T23:38:22.732,10.42.0.1,10.42.0.47,84,1,DOWNLOAD,0.95,DOWNLOAD,0.95,-1,4344,0.7847474348876801,23,101360.0,79542.0,14,9,0.5603033686747521,0.43969663132524794,0.02380281153827851,0,0,0,0,1,0,0,0,0.28500000000000003,0.7500000000000001,0.0,0.0,0.15,skip,training_upload_trigger_not_confirmed,1785296302.732094,1785296302732093940,1384970948792246,49.8,53.3671875,-1.0,0,0
2026-07-28T23:38:22.732,10.42.0.1,10.42.0.47,84,1,DOWNLOAD,0.95,DOWNLOAD,0.95,-1,14480,0.6866540055275668,24,115840.0,79542.0,15,9,0.5928898260842862,0.40711017391571386,0.020760869564262544,0,0,0,0,1,0,0,0,0.28500000000000003,0.7500000000000001,0.0,0.0,0.15,skip,training_upload_trigger_not_confirmed,1785296302.7328124,1785296302732812351,1384970949510563,49.8,53.3671875,-1.0,0,0
2026-07-28T23:38:22.733,10.42.0.1,10.42.0.47,84,1,DOWNLOAD,0.95,DOWNLOAD,0.95,-1,14480,0.6103591160250893,25,130320.0,79542.0,16,9,0.6209795008148211,0.3790204991851788,0.01812917170495662,0,0,0,0,1,0,0,0,0.28500000000000003,0.7500000000000001,0.0,0.0,0.15,skip,training_upload_trigger_not_confirmed,1785296302.733602,1785296302733601946,1384970950300182,49.8,53.3671875,-1.0,0,0
2026-07-28T23:38:22.734,10.42.0.1,10.42.0.47,84,1,DOWNLOAD,0.95,DOWNLOAD,0.95,-1,14480,0.5493232044230019,26,144800.0,79542.0,17,9,0.6454431180964777,0.3545568819035223,0.01587103212740203,0,0,0,0,1,0,0,0,0.28500000000000003,0.7500000000000001,0.0,0.0,0.15,skip,training_upload_trigger_not_confirmed,1785296302.7345948,1785296302734594766,1384970951292887,49.8,53.3671875,-1.0,0,0
2026-07-28T23:38:22.735,10.42.0.1,10.42.0.47,84,1,DOWNLOAD,0.95,DOWNLOAD,0.95,-1,5792,0.5281953888684113,27,150592.0,79542.0,18,9,0.6543665864235619,0.34563341357643806,0.013872568210306004,0,0,0,0,1,0,0,0,0.28500000000000003,0.7500000000000001,0.0,0.0,0.15,skip,training_upload_trigger_not_confirmed,1785296302.7353,1785296302735300167,1384970951998351,49.8,53.3671875,-1.0,0,0
2026-07-28T23:38:22.736,10.42.0.1,10.42.0.47,84,1,DOWNLOAD,0.95,DOWNLOAD,0.95,-1,20272,0.4655281393420174,28,170864.0,79542.0,19,9,0.6823478670638883,0.3176521329361118,0.01214232052392603,0,0,0,0,1,0,0,0,0.28500000000000003,0.7500000000000001,0.0,0.0,0.15,skip,training_upload_trigger_not_confirmed,1785296302.7360423,1785296302736042285,1384970952740522,49.8,53.3671875,-1.0,0,0
2026-07-28T23:38:22.737,10.42.0.1,10.42.0.47,84,1,DOWNLOAD,0.95,DOWNLOAD,0.95,-1,18824,0.4193306903999233,29,189688.0,79542.0,20,9,0.7045574415926903,0.2954425584073097,0.010683085839614073,0,0,0,0,1,0,0,0,0.28500000000000003,0.7500000000000001,0.0,0.0,0.15,skip,training_upload_trigger_not_confirmed,1785296302.7371109,1785296302737110691,1384970953808874,49.8,53.3671875,-1.0,0,0
2026-07-28T23:38:22.738,10.42.0.1,10.42.0.47,84,1,DOWNLOAD,0.95,DOWNLOAD,0.95,-1,18824,0.3814744475167785,30,208512.0,79542.0,21,9,0.7238642754483534,0.2761357245516466,0.009482683256714133,0,0,0,0,1,0,0,0,0.28500000000000003,0.7500000000000001,0.0,0.0,0.15,skip,training_upload_trigger_not_confirmed,1785296302.7386844,1785296302738684396,1384970955382914,49.8,53.3671875,-1.0,0,0
2026-07-28T23:38:22.739,10.42.0.1,10.42.0.47,84,1,DOWNLOAD,0.95,DOWNLOAD,0.95,-1,18824,0.34988739135310776,31,227336.0,79542.0,22,9,0.7408025339059822,0.25919746609401784,0.008386802027916852,0,0,0,0,1,0,0,0,0.28500000000000003,0.7500000000000001,0.0,0.0,0.15,skip,training_upload_trigger_not_confirmed,1785296302.7398508,1785296302739850683,1384970956549737,49.8,53.3671875,-1.0,0,0
2026-07-28T23:38:22.741,10.42.0.1,10.42.0.47,84,1,DOWNLOAD,0.95,DOWNLOAD,0.95,-1,9706,0.33556078669883155,32,237042.0,79542.0,23,9,0.7487491471457812,0.2512508528542188,0.007455971251316511,0,0,0,0,1,0,0,0,0.28500000000000003,0.7500000000000001,0.0,0.0,0.15,skip,training_upload_trigger_not_confirmed,1785296302.7411737,1785296302741173746,1384970957872870,49.8,53.3671875,-1.0,0,0
2026-07-28T23:38:22.742,10.42.0.47,10.42.0.47,84,1,DOWNLOAD,0.95,DOWNLOAD,0.95,-1,7240,10.988259667128691,14,7240.0,79555.0,1,13,0.08341494325710007,0.9165850567428999,0.07014833579413199,0,0,0,0,0,0,0,0,0.057499999999999996,0.1,0.0,0.0,0.15,skip,training_upload_trigger_not_confirmed,1785296302.7427082,1785296302742708317,1384970959406648,49.8,53.3671875,-1.0,0,0
2026-07-28T23:38:22.743,10.42.0.47,10.42.0.47,84,1,DOWNLOAD,0.95,DOWNLOAD,0.95,-1,7240,5.4941298339437745,15,14480.0,79555.0,2,13,0.15398521826979317,0.8460147817302068,0.06103392188031677,0,0,0,0,0,0,0,0,0.057499999999999996,0.1,0.0,0.0,0.15,skip,training_upload_trigger_not_confirmed,1785296302.7436898,1785296302743689815,1384970960388773,49.8,53.3671875,-1.0,0,0
2026-07-28T23:38:22.744,10.42.0.1,10.42.0.47,84,1,DOWNLOAD,0.95,DOWNLOAD,0.95,-1,16920,0.3132043376595191,33,253962.0,79542.0,24,9,0.7614961139896373,0.23850388601036268,0.006934893152787795,0,0,0,0,1,0,0,0,0.28500000000000003,0.7500000000000001,0.0,0.0,0.15,skip,training_upload_trigger_not_confirmed,1785296302.7446754,1785296302744675456,1384970961374109,49.8,53.3671875,-1.0,0,0
2026-07-28T23:38:22.745,10.42.0.18,10.42.0.47,59,1,DOWNLOAD,0.95,DOWNLOAD,0.95,-1,7300,1.3698630135109776e-10,1,7300.0,0.0,1,0,1.0,0.0,0.7496991951379594,0,0,0,0,0,0,0,0,0.0225,0.0,0.0,0.0,0.15,skip,training_upload_trigger_not_confirmed,1785296302.7459342,1785296302745934394,1384970962633056,49.8,53.3671875,-1.0,0,0
2026-07-28T23:38:22.746,10.42.0.18,10.42.0.47,59,1,DOWNLOAD,0.95,DOWNLOAD,0.95,-1,7300,6.84931506802402e-11,2,14600.0,0.0,2,0,1.0,0.0,0.6510024857328632,0,0,0,0,0,0,0,0,0.0225,0.0,0.0,0.0,0.15,skip,training_upload_trigger_not_confirmed,1785296302.7466514,1785296302746651416,1384970963349557,49.8,53.3671875,-1.0,0,0
2026-07-28T23:38:22.747,10.42.0.1,10.42.0.47,84,1,DOWNLOAD,0.95,DOWNLOAD,0.95,-1,16920,0.2936407734759281,34,270882.0,79542.0,25,9,0.773012122457366,0.22698787754263405,0.006398061070802941,0,0,0,0,1,0,0,0,0.28500000000000003,0.7500000000000001,0.0,0.0,0.15,skip,training_upload_trigger_not_confirmed,1785296302.7475364,1785296302747536330,1384970964235484,49.8,53.3671875,-1.0,0,0
2026-07-28T23:38:22.749,10.42.0.59,10.42.0.47,34,2,TRAINING,0.95,TRAINING,0.95,-1,7300,1.3698630135109776e-10,1,7300.0,0.0,1,0,1.0,0.0,1.0447519310999098,0,0,0,0,0,0,0,0,0.0225,0.0,0.0,0.0,0.15,skip,already_attacked_this_round,1785296302.7491834,1785296302749183457,1384970965882129,49.8,53.3671875,-1.0,0,0
2026-07-28T23:38:22.750,10.42.0.1,10.42.0.47,84,1,DOWNLOAD,0.95,DOWNLOAD,0.95,-1,16920,0.27637750954032153,35,287802.0,79542.0,26,9,0.7834672677381419,0.2165327322618581,0.0059554071925309775,0,0,0,0,1,0,0,0,0.28500000000000003,0.7500000000000001,0.0,0.0,0.15,skip,training_upload_trigger_not_confirmed,1785296302.7505753,1785296302750575395,1384970967274542,49.8,53.3671875,-1.0,0,0
2026-07-28T23:38:22.752,10.42.0.145,10.42.0.47,38,1,DOWNLOAD,0.95,DOWNLOAD,0.95,-1,7300,1.3698630135109776e-10,1,7300.0,0.0,1,0,1.0,0.0,0.2703695894269399,0,0,0,0,0,0,0,0,0.0225,0.0,0.0,0.0,0.15,skip,already_attacked_this_round,1785296302.7521925,1785296302752192426,1384970968891340,49.8,53.3671875,-1.0,0,0
2026-07-28T23:38:22.753,10.42.0.1,10.42.0.47,84,1,DOWNLOAD,0.95,DOWNLOAD,0.95,-1,21720,0.25698334852043797,36,309522.0,79542.0,27,9,0.7955554870149898,0.20444451298501018,0.0055699841820687065,0,0,0,0,1,0,0,0,0.28500000000000003,0.7500000000000001,0.0,0.0,0.15,skip,training_upload_trigger_not_confirmed,1785296302.7536058,1785296302753606013,1384970970305417,49.8,53.3671875,-1.0,0,0
2026-07-28T23:38:22.754,10.42.0.1,10.42.0.47,84,1,DOWNLOAD,0.95,DOWNLOAD,0.95,-1,14024,0.24584448579415027,37,323546.0,79542.0,28,9,0.8026683999523677,0.19733160004763228,0.004976281530710921,0,0,0,0,1,0,0,0,0.28500000000000003,0.7500000000000001,0.0,0.0,0.15,skip,training_upload_trigger_not_confirmed,1785296302.7546704,1785296302754670242,1384970971369427,49.8,53.3671875,-1.0,0,0
2026-07-28T23:38:22.758,10.42.0.47,10.42.0.47,84,1,DOWNLOAD,0.95,DOWNLOAD,0.95,-1,2896,4.5784415283391775,16,17376.0,79555.0,3,13,0.17926153655693225,0.8207384634430678,0.05497044775299471,0,0,0,0,0,0,0,0,0.057499999999999996,0.1,0.0,0.0,0.15,skip,training_upload_trigger_not_confirmed,1785296302.7587097,1785296302758709776,1384970975408695,49.8,53.3671875,-1.0,0,0
2026-07-28T23:38:22.759,10.42.0.47,10.42.0.47,84,1,DOWNLOAD,0.95,DOWNLOAD,0.95,-1,8688,3.0522943522846724,17,26064.0,79555.0,4,13,0.2467737812325434,0.7532262187674567,0.04788487038627263,0,0,0,0,0,0,0,0,0.057499999999999996,0.1,0.0,0.0,0.15,skip,training_upload_trigger_not_confirmed,1785296302.7599096,1785296302759909511,1384970976608556,49.8,53.3671875,-1.0,0,0
2026-07-28T23:38:22.762,10.42.0.18,10.42.0.47,59,1,DOWNLOAD,0.95,DOWNLOAD,0.95,-1,10220,4.029008863657171e-11,3,24820.0,0.0,3,0,1.0,0.0,0.567243155220027,0,0,0,0,0,0,0,0,0.0225,0.0,0.0,0.0,0.15,skip,training_upload_trigger_not_confirmed,1785296302.7620275,1785296302762027463,1384970978726058,49.8,53.3671875,-1.0,0,0
2026-07-28T23:38:22.763,10.42.0.18,10.42.0.47,59,1,DOWNLOAD,0.95,DOWNLOAD,0.95,-1,4380,3.424657534129292e-11,4,29200.0,0.0,4,0,1.0,0.0,0.4926589890215234,0,0,0,0,0,0,0,0,0.0225,0.0,0.0,0.0,0.15,skip,training_upload_trigger_not_confirmed,1785296302.763272,1785296302763271978,1384970979972473,49.8,53.3671875,-1.0,0,0
2026-07-28T23:38:22.764,10.42.0.18,10.42.0.47,59,1,DOWNLOAD,0.95,DOWNLOAD,0.95,-1,14600,2.2831050227789245e-11,5,43800.0,0.0,5,0,1.0,0.0,0.42791740665792466,0,0,0,0,0,0,0,0,0.0225,0.0,0.0,0.0,0.15,skip,training_upload_trigger_not_confirmed,1785296302.764625,1785296302764625241,1384970981324127,49.8,53.3671875,-1.0,0,0
2026-07-28T23:38:22.766,10.42.0.210,10.42.0.47,83,1,DOWNLOAD,0.9835676731601856,DOWNLOAD,0.9835676731601856,-1,10136,9.865824781978509e-11,1,10136.0,0.0,1,0,1.0,0.0,0.1297361719763213,0,0,0,0,0,0,0,0,0.0225,0.0,0.0,0.0,0.15,skip,training_upload_trigger_not_confirmed,1785296302.766224,1785296302766223804,1384970982922182,49.8,53.3671875,-1.0,0,0
2026-07-28T23:38:22.768,10.42.0.210,10.42.0.47,83,1,DOWNLOAD,0.95,DOWNLOAD,0.95,-1,14480,4.062398439873968e-11,2,24616.0,0.0,2,0,1.0,0.0,0.11291054142590021,0,0,0,0,0,0,0,0,0.0225,0.0,0.0,0.0,0.15,skip,training_upload_trigger_not_confirmed,1785296302.768275,1785296302768274860,1384970984973577,49.8,53.3671875,-1.0,0,0
2026-07-28T23:38:22.769,10.42.0.210,10.42.0.47,83,1,DOWNLOAD,0.9557926560077417,DOWNLOAD,0.9557926560077417,-1,4344,3.453038673913914e-11,3,28960.0,0.0,3,0,1.0,0.0,0.09818459802205474,0,0,0,0,0,0,0,0,0.0225,0.0,0.0,0.0,0.15,skip,training_upload_trigger_not_confirmed,1785296302.7694345,1785296302769434389,1384970986132913,49.8,53.3671875,-1.0,0,0
2026-07-28T23:38:22.771,10.42.0.59,10.42.0.47,34,2,TRAINING,0.95,TRAINING,0.95,-1,14600,4.566210045453598e-11,2,21900.0,0.0,2,0,1.0,0.0,0.9099585815246592,0,0,0,0,0,0,0,0,0.0225,0.0,0.0,0.0,0.15,skip,already_attacked_this_round,1785296302.771026,1785296302771025847,1384970987724437,49.8,53.3671875,-1.0,0,0
2026-07-28T23:38:22.772,10.42.0.59,10.42.0.47,34,2,TRAINING,0.95,TRAINING,0.95,-1,14600,2.739726027322199e-11,3,36500.0,0.0,3,0,1.0,0.0,0.7901958667947422,0,0,0,0,0,0,0,0,0.0225,0.0,0.0,0.0,0.15,skip,already_attacked_this_round,1785296302.7721384,1785296302772138120,1384970988836989,49.8,53.3671875,-1.0,0,0
2026-07-28T23:38:22.773,10.42.0.145,10.42.0.47,38,1,DOWNLOAD,0.95,DOWNLOAD,0.95,-1,14600,4.566210045453598e-11,2,21900.0,0.0,2,0,1.0,0.0,0.23757711386676475,0,0,0,0,0,0,0,0,0.0225,0.0,0.0,0.0,0.15,skip,already_attacked_this_round,1785296302.773709,1785296302773708949,1384970990407315,49.8,53.3671875,-1.0,0,0
2026-07-28T23:38:22.774,10.42.0.145,10.42.0.47,38,1,DOWNLOAD,0.95,DOWNLOAD,0.95,-1,14600,2.739726027322199e-11,3,36500.0,0.0,3,0,1.0,0.0,0.20640978958686385,0,0,0,0,0,0,0,0,0.0225,0.0,0.0,0.0,0.15,skip,already_attacked_this_round,1785296302.774766,1785296302774766191,1384970991464763,49.8,53.3671875,-1.0,0,0
2026-07-28T23:38:22.777,10.42.0.18,10.42.0.47,59,1,DOWNLOAD,0.95,DOWNLOAD,0.95,-1,14600,1.7123287670939668e-11,6,58400.0,0.0,6,0,1.0,0.0,0.373195954954782,0,0,0,0,0,0,0,0,0.0225,0.0,0.0,0.0,0.15,skip,training_upload_trigger_not_confirmed,1785296302.7772765,1785296302777276500,1384970993975057,49.8,53.3671875,-1.0,0,0
2026-07-28T23:38:22.778,10.42.0.18,10.42.0.47,59,1,DOWNLOAD,0.95,DOWNLOAD,0.95,-1,8760,1.4889815366067752e-11,7,67160.0,0.0,7,0,1.0,0.0,0.32422724532461367,0,0,0,0,0,0,0,0,0.0225,0.0,0.0,0.0,0.15,skip,training_upload_trigger_not_confirmed,1785296302.7788625,1785296302778862467,1384970995560956,49.8,53.3671875,-1.0,0,0
2026-07-28T23:38:22.780,10.42.0.18,10.42.0.47,59,1,DOWNLOAD,0.95,DOWNLOAD,0.95,-1,6184,1.3634380453566285e-11,8,73344.0,0.0,8,0,1.0,0.0,0.28170617750870824,0,0,0,0,0,0,0,0,0.0225,0.0,0.0,0.0,0.15,skip,training_upload_trigger_not_confirmed,1785296302.780409,1785296302780409009,1384970997107368,49.8,53.3671875,-1.0,0,0
2026-07-28T23:38:22.782,10.42.0.210,10.42.0.47,83,1,DOWNLOAD,0.9846998846180315,DOWNLOAD,0.9846998846180315,-1,18824,2.092750711491446e-11,4,47784.0,0.0,4,0,1.0,0.0,0.08690330133721678,0,0,0,0,0,0,0,0,0.0225,0.0,0.0,0.0,0.15,skip,training_upload_trigger_not_confirmed,1785296302.7820084,1785296302782008265,1384970998706944,49.8,53.3671875,-1.0,0,0
2026-07-28T23:38:22.783,10.42.0.210,10.42.0.47,83,1,DOWNLOAD,0.9854895428954357,DOWNLOAD,0.9854895428954357,-1,15928,1.569563033626796e-11,5,63712.0,0.0,5,0,1.0,0.0,0.07566775440613314,0,0,0,0,0,0,0,0,0.0225,0.0,0.0,0.0,0.15,skip,training_upload_trigger_not_confirmed,1785296302.7836483,1785296302783648174,1384971000346779,49.8,53.3671875,-1.0,0,0
2026-07-28T23:38:22.784,10.42.0.145,10.42.0.47,38,1,DOWNLOAD,0.9504403954223832,DOWNLOAD,0.9504403954223832,-1,29200,1.5220700151975332e-11,4,65700.0,0.0,4,0,1.0,0.0,0.18053367920684701,0,0,0,0,0,0,0,0,0.0225,0.0,0.0,0.0,0.15,skip,already_attacked_this_round,1785296302.784809,1785296302784809112,1384971001507656,49.8,53.3671875,-1.0,0,0
2026-07-28T23:38:22.787,10.42.0.59,10.42.0.47,34,2,TRAINING,0.95,TRAINING,0.95,-1,24820,1.630789301995584e-11,4,61320.0,0.0,4,0,1.0,0.0,0.6881467439580925,0,0,0,0,0,0,0,0,0.0225,0.0,0.0,0.0,0.15,skip,already_attacked_this_round,1785296302.7879117,1785296302787911704,1384971004610121,49.8,53.3671875,-1.0,0,0
2026-07-28T23:38:22.793,10.42.0.47,10.42.0.47,84,1,DOWNLOAD,0.95,DOWNLOAD,0.95,-1,4344,2.6162523019726303,18,30408.0,79555.0,5,13,0.27652937806353045,0.7234706219364695,0.04604004518452724,0,0,0,0,0,0,0,0,0.057499999999999996,0.1,0.0,0.0,0.15,skip,training_upload_trigger_not_confirmed,1785296302.7937946,1785296302793794494,1384971010493168,49.8,53.3671875,-1.0,0,0
2026-07-28T23:38:22.797,10.42.0.47,10.42.0.47,84,1,DOWNLOAD,0.95,DOWNLOAD,0.95,-1,10136,1.962189226495605,19,40544.0,79555.0,6,13,0.33758815643760565,0.6624118435623944,0.04050849657401783,0,0,0,0,0,0,0,0,0.057499999999999996,0.1,0.0,0.0,0.15,skip,training_upload_trigger_not_confirmed,1785296302.7978573,1785296302797857180,1384971014556000,49.8,53.3671875,-1.0,0,0
2026-07-28T23:38:22.799,10.42.0.47,10.42.0.47,84,1,DOWNLOAD,0.95,DOWNLOAD,0.95,-1,14480,1.4458236405850933,20,55024.0,79555.0,7,13,0.408860223363229,0.591139776636771,0.0354474874744687,0,0,0,0,0,0,0,0,0.057499999999999996,0.1,0.0,0.0,0.15,skip,training_upload_trigger_not_confirmed,1785296302.7999592,1785296302799959374,1384971016657879,49.8,53.3671875,-1.0,0,0
2026-07-28T23:38:22.800,10.42.0.47,10.42.0.47,84,1,DOWNLOAD,0.95,DOWNLOAD,0.95,-1,5792,1.3081261510078246,21,60816.0,79555.0,8,13,0.43325188251134494,0.5667481174886551,0.030911068968847558,0,0,0,0,0,0,0,0,0.057499999999999996,0.1,0.0,0.0,0.15,skip,training_upload_trigger_not_confirmed,1785296302.800981,1785296302800980975,1384971017679152,49.8,53.3671875,-1.0,0,0
2026-07-28T23:38:22.802,10.42.0.47,10.42.0.47,84,1,DOWNLOAD,0.95,DOWNLOAD,0.95,-1,3901,1.2292751518112817,22,64717.0,79555.0,9,13,0.4485763003216147,0.5514236996783852,0.027046077178897086,0,0,0,0,0,0,0,0,0.057499999999999996,0.1,0.0,0.0,0.15,skip,training_upload_trigger_not_confirmed,1785296302.8025618,1785296302802561886,1384971019260140,49.8,53.3671875,-1.0,0,0
2026-07-28T23:38:23.094,10.42.0.59,10.42.0.47,34,3,UPLOAD,0.95,UPLOAD,0.95,1,64240,1.047619047618271,5,61320.0,64240.0,4,1,0.4883720930232558,0.5116279069767442,0.8874319882052377,0,0,0,1,1,1,1,1,0.85,1.0,1.0,0.4,0.8,skip,already_attacked_this_round,1785296303.094179,1785296303094178813,1384971310877828,49.8,53.3671875,-1.0,0,0
2026-07-28T23:38:23.097,10.42.0.1,10.42.0.1,84,3,UPLOAD,0.95,UPLOAD,0.95,1,7240,0.26822152028067653,38,323546.0,86782.0,28,10,0.7885057807412607,0.21149421925873935,0.004486764570663608,1,0,0,0,1,0,0,0,0.85,1.0,1.0,0.4,0.8,trigger,training_upload_trigger_confirmed,1785296303.097188,1785296303097187992,1384971313886569,49.8,53.3671875,28.656084,1785296303125845269,1384971342542653
2026-07-28T23:38:23.098,10.42.0.1,10.42.0.1,84,3,UPLOAD,0.95,UPLOAD,0.95,1,5792,0.2861231478698975,39,323546.0,92574.0,28,11,0.7775305200422955,0.2224694799577045,0.004037279229814696,1,0,1,0,1,0,0,0,0.85,1.0,1.0,0.4,0.8,skip,attack_already_active,1785296303.0982637,1785296303098263690,1384971314962489,49.8,53.3671875,-1.0,0,0
2026-07-28T23:38:23.102,10.42.0.145,10.42.0.1,38,3,UPLOAD,0.95,UPLOAD,0.95,1,64240,0.9777777777781161,5,65700.0,64240.0,4,1,0.5056179775280899,0.4943820224719101,0.33846574207767843,0,0,0,1,1,1,1,1,0.85,1.0,1.0,0.4,0.8,skip,already_attacked_this_round,1785296303.1024258,1785296303102425752,1384971319124848,49.8,53.3671875,-1.0,0,0
2026-07-28T23:38:23.103,10.42.0.145,10.42.0.1,38,3,UPLOAD,0.9841010226033655,UPLOAD,0.9841010226033655,1,15316,1.2108980213057703,6,65700.0,79556.0,4,2,0.4523048961832902,0.5476951038167098,0.29402008382908773,0,0,0,1,1,1,1,1,0.85,1.0,1.0,0.4,0.8,skip,already_attacked_this_round,1785296303.1036057,1785296303103605881,1384971320304518,49.8,53.3671875,-1.0,0,0
2026-07-28T23:38:23.106,10.42.0.1,10.42.0.1,84,3,UPLOAD,0.95,UPLOAD,0.95,1,7240,0.3085001823564238,40,323546.0,99814.0,28,12,0.7642337490551776,0.23576625094482237,0.003685008316250682,1,0,1,1,1,1,1,1,0.9699999999999999,1.0,1.0,1.0,0.8,skip,attack_already_active,1785296303.1065447,1785296303106544545,1384971323242878,49.8,53.3671875,-1.0,0,0
2026-07-28T23:38:23.107,10.42.0.1,10.42.0.1,84,3,UPLOAD,0.95,UPLOAD,0.95,1,5792,0.32640180994564477,41,323546.0,105606.0,28,13,0.7539193572440533,0.2460806427559466,0.003288895290524783,1,0,1,1,1,1,1,1,0.9699999999999999,1.0,1.0,1.0,0.8,skip,attack_already_active,1785296303.1072237,1785296303107223933,1384971323922118,49.8,53.3671875,-1.0,0,0
2026-07-28T23:38:23.125,10.42.0.1,10.42.0.1,84,3,UPLOAD,0.95,UPLOAD,0.95,1,2896,0.33535262374025526,42,323546.0,108502.0,28,14,0.7488658667555457,0.2511341332444543,0.005214955729643753,1,0,1,1,1,1,1,1,0.9699999999999999,1.0,1.0,1.0,0.8,skip,attack_already_active,1785296303.125129,1785296303125128857,1384971341827397,49.8,53.3671875,-1.0,0,0
2026-07-28T23:38:23.127,10.42.0.1,10.42.0.1,84,3,UPLOAD,0.95,UPLOAD,0.95,1,11584,0.3711558789186973,43,323546.0,120086.0,28,15,0.7293116817542468,0.27068831824575323,0.004777086842677738,1,0,1,1,1,1,1,1,0.9699999999999999,1.0,1.0,1.0,0.8,skip,attack_already_active,1785296303.127021,1785296303127021166,1384971343719413,49.8,53.3671875,-1.0,0,0
2026-07-28T23:38:23.127,10.42.0.1,10.42.0.1,84,3,UPLOAD,0.95,UPLOAD,0.95,1,14480,0.41590994789174984,44,323546.0,134566.0,28,16,0.7062596046381671,0.29374039536183294,0.004242406721131326,1,0,1,1,1,1,1,1,0.9699999999999999,1.0,1.0,1.0,0.8,skip,attack_already_active,1785296303.1277406,1785296303127740634,1384971344438755,49.8,53.3671875,-1.0,0,0
2026-07-28T23:38:23.128,10.42.0.1,10.42.0.1,84,3,UPLOAD,0.95,UPLOAD,0.95,1,14480,0.46066401686480235,45,323546.0,149046.0,28,17,0.6846201374547178,0.31537986254528216,0.003773502583813051,1,0,1,1,1,1,1,1,0.9699999999999999,1.0,1.0,1.0,0.8,skip,attack_already_active,1785296303.1284246,1785296303128424831,1384971345122918,49.8,53.3671875,-1.0,0,0
2026-07-28T23:38:23.129,10.42.0.1,10.42.0.1,84,3,UPLOAD,0.95,UPLOAD,0.95,1,14480,0.5054180858378549,46,323546.0,163526.0,28,18,0.6642672951842848,0.33573270481571516,0.0033665765449918503,1,0,1,1,1,1,1,1,0.9699999999999999,1.0,1.0,1.0,0.8,skip,attack_already_active,1785296303.12911,1785296303129110005,1384971345808274,49.8,53.3671875,-1.0,0,0
2026-07-28T23:38:23.130,10.42.0.1,10.42.0.1,84,3,UPLOAD,0.95,UPLOAD,0.95,1,5792,0.5233197134270758,47,323546.0,169318.0,28,19,0.6564610115569407,0.34353898844305936,0.0030490574803261616,1,0,1,1,1,1,1,1,0.9699999999999999,1.0,1.0,1.0,0.8,skip,attack_already_active,1785296303.130067,1785296303130067296,1384971346765372,49.8,53.3671875,-1.0,0,0
2026-07-28T23:38:23.131,10.42.0.1,10.42.0.1,84,3,UPLOAD,0.95,UPLOAD,0.95,1,14480,0.5680737824001284,48,323546.0,183798.0,28,20,0.6377250938219433,0.3622749061780567,0.00277293947699418,1,0,1,1,1,1,1,1,0.9699999999999999,1.0,1.0,1.0,0.8,skip,attack_already_active,1785296303.1310208,1785296303131020751,1384971347718800,49.8,53.3671875,-1.0,0,0
2026-07-28T23:38:23.131,10.42.0.1,10.42.0.1,84,3,UPLOAD,0.95,UPLOAD,0.95,1,8688,0.5949262237839599,49,323546.0,192486.0,28,21,0.6269882487907726,0.37301175120922736,0.002532829767094635,1,0,1,1,1,1,1,1,0.9699999999999999,1.0,1.0,1.0,0.8,skip,attack_already_active,1785296303.1319716,1785296303131971464,1384971348669548,49.8,53.3671875,-1.0,0,0
2026-07-28T23:38:23.132,10.42.0.1,10.42.0.1,84,3,UPLOAD,0.95,UPLOAD,0.95,1,8591,0.6214788623576818,50,323546.0,201077.0,28,22,0.6167209596224337,0.3832790403775664,0.0023251458237080968,1,0,1,1,1,1,1,1,0.9699999999999999,1.0,1.0,1.0,0.8,skip,attack_already_active,1785296303.1329284,1785296303132928360,1384971349626450,49.8,53.3671875,-1.0,0,0
2026-07-28T23:38:23.134,10.42.0.1,10.42.0.1,84,3,UPLOAD,0.95,UPLOAD,0.95,1,14480,0.6662329313307344,51,323546.0,215557.0,28,23,0.6001561853671747,0.39984381463282526,0.0021835356589807926,1,0,1,1,1,1,1,1,0.9699999999999999,1.0,1.0,1.0,0.8,skip,attack_already_active,1785296303.1341789,1785296303134178737,1384971350877141,49.8,53.3671875,-1.0,0,0
2026-07-28T23:38:23.135,10.42.0.1,10.42.0.1,84,3,UPLOAD,0.95,UPLOAD,0.95,1,14480,0.7109870003037868,52,323546.0,230037.0,28,24,0.5844579764913301,0.41554202350866987,0.0021151896815238738,1,0,1,1,1,1,1,1,0.9699999999999999,1.0,1.0,1.0,0.8,skip,attack_already_active,1785296303.1358438,1785296303135843749,1384971352542688,49.8,53.3671875,-1.0,0,0
2026-07-28T23:38:23.136,10.42.0.1,10.42.0.1,84,3,UPLOAD,0.95,UPLOAD,0.95,1,8590,0.7375365481268891,53,323546.0,238627.0,28,25,0.5755274621869069,0.42447253781309313,0.0019485906767228937,1,0,1,1,1,1,1,1,0.9699999999999999,1.0,1.0,1.0,0.8,skip,attack_already_active,1785296303.1366947,1785296303136694769,1384971353393701,49.8,53.3671875,-1.0,0,0
2026-07-28T23:38:23.179,10.42.0.18,10.42.0.1,59,3,UPLOAD,0.95,UPLOAD,0.95,1,49640,0.6768106457286649,9,73344.0,49640.0,8,1,0.5963702595459572,0.4036297404540428,0.5162893799970012,0,0,0,1,1,1,1,1,0.9699999999999999,1.0,1.0,1.0,0.8,trigger,training_upload_trigger_confirmed,1785296303.179046,1785296303179045810,1384971395744639,49.8,53.3671875,72.378643,1785296303251425906,1384971468123282
2026-07-28T23:38:23.181,10.42.0.18,10.42.0.1,59,3,UPLOAD,0.9841010226033655,UPLOAD,0.9841010226033655,1,1460,0.6967168411908716,10,73344.0,51100.0,8,2,0.5893735334769052,0.4106264665230947,0.44855085128191924,0,0,1,1,1,1,1,1,0.9699999999999999,1.0,1.0,1.0,0.8,skip,attack_already_active,1785296303.1812863,1785296303181286424,1384971397984914,49.8,53.3671875,-1.0,0,0
2026-07-28T23:38:23.184,10.42.0.18,10.42.0.1,59,3,UPLOAD,0.9854688349332961,UPLOAD,0.9854688349332961,1,28455,1.0846831369971002,11,73344.0,79555.0,8,3,0.47968920660043557,0.5203107933995644,0.38986043103336687,0,0,1,1,1,1,1,1,0.9699999999999999,1.0,1.0,1.0,0.8,skip,attack_already_active,1785296303.1844518,1785296303184451891,1384971401150643,49.8,53.3671875,-1.0,0,0
2026-07-28T23:38:23.186,10.42.0.1,10.42.0.1,84,3,UPLOAD,0.95,UPLOAD,0.95,1,7240,0.7599135826134154,54,323546.0,245867.0,28,26,0.568209717726852,0.431790282273148,0.002464403465689676,1,0,1,1,1,1,1,1,0.9699999999999999,1.0,1.0,1.0,0.8,skip,attack_already_active,1785296303.1860557,1785296303186055762,1384971402754221,49.8,53.3671875,-1.0,0,0
2026-07-28T23:38:23.187,10.42.0.1,10.42.0.1,84,3,UPLOAD,0.95,UPLOAD,0.95,1,5792,0.7778152102026363,55,323546.0,251659.0,28,27,0.5624881563964151,0.4375118436035848,0.002283518656413247,1,0,1,1,1,1,1,1,0.9699999999999999,1.0,1.0,1.0,0.8,skip,attack_already_active,1785296303.1871474,1785296303187147376,1384971403845812,49.8,53.3671875,-1.0,0,0
2026-07-28T23:38:23.188,10.42.0.1,10.42.0.1,84,3,UPLOAD,0.95,UPLOAD,0.95,1,2896,0.7867660239972468,56,323546.0,254555.0,28,28,0.5596703690185625,0.4403296309814375,0.0021921952183194954,1,0,1,1,1,1,1,1,0.9699999999999999,1.0,1.0,1.0,0.8,skip,attack_already_active,1785296303.1887379,1785296303188737784,1384971405436362,49.8,53.3671875,-1.0,0,0
2026-07-28T23:38:23.190,10.42.0.1,10.42.0.1,84,3,UPLOAD,0.95,UPLOAD,0.95,1,11584,0.8225692791756889,57,323546.0,266139.0,28,29,0.5486759880275062,0.4513240119724938,0.0021135028099189966,1,0,1,1,1,1,1,1,0.9699999999999999,1.0,1.0,1.0,0.8,skip,attack_already_active,1785296303.190333,1785296303190333042,1384971407031738,49.8,53.3671875,-1.0,0,0
2026-07-28T23:38:23.191,10.42.0.1,10.42.0.1,84,3,UPLOAD,0.95,UPLOAD,0.95,1,2896,0.8315200929702994,58,323546.0,269035.0,28,30,0.5459945560185021,0.4540054439814979,0.001977224039110231,1,0,1,1,1,1,1,1,0.9699999999999999,1.0,1.0,1.0,0.8,skip,attack_already_active,1785296303.1914122,1785296303191412115,1384971408110710,49.8,53.3671875,-1.0,0,0
2026-07-28T23:38:23.194,10.42.0.1,10.42.0.1,84,3,UPLOAD,0.95,UPLOAD,0.95,1,11584,0.8673233481487413,59,323546.0,280619.0,28,31,0.5355258911059065,0.4644741088940935,0.0020671069815625946,1,0,1,1,1,1,1,1,0.9699999999999999,1.0,1.0,1.0,0.8,skip,attack_already_active,1785296303.1940715,1785296303194071578,1384971410770366,49.8,53.3671875,-1.0,0,0
2026-07-28T23:38:23.195,10.42.0.1,10.42.0.1,84,3,UPLOAD,0.95,UPLOAD,0.95,1,5792,0.8852249757379623,60,323546.0,286411.0,28,32,0.530440670407914,0.469559329592086,0.00194269139552412,1,0,1,1,1,1,1,1,0.9699999999999999,1.0,1.0,1.0,0.8,skip,attack_already_active,1785296303.1951945,1785296303195194412,1384971411893046,86.0,53.3671875,-1.0,0,0
2026-07-28T23:38:23.196,10.42.0.1,10.42.0.1,84,3,UPLOAD,0.95,UPLOAD,0.95,1,14480,0.9299790447110149,61,323546.0,300891.0,28,33,0.5181403408190097,0.4818596591809902,0.0018999561340307513,1,0,1,1,1,1,1,1,0.9699999999999999,1.0,1.0,1.0,0.8,skip,attack_already_active,1785296303.1968129,1785296303196812894,1384971413511347,86.0,53.3671875,-1.0,0,0
2026-07-28T23:38:23.198,10.42.0.1,10.42.0.1,84,3,UPLOAD,0.95,UPLOAD,0.95,1,8688,0.9568314860948464,62,323546.0,309579.0,28,34,0.5110302073050346,0.48896979269496543,0.0019346726518800813,1,0,1,1,1,1,1,1,0.9699999999999999,1.0,1.0,1.0,0.8,skip,attack_already_active,1785296303.1989763,1785296303198976164,1384971415675017,86.0,53.3671875,-1.0,0,0
2026-07-28T23:38:23.200,10.42.0.1,10.42.0.1,84,3,UPLOAD,0.9522025547204678,UPLOAD,0.9522025547204678,1,5792,0.9747331136840673,63,323546.0,315371.0,28,35,0.5063975445949943,0.49360245540500564,0.0018304732676664563,1,0,1,1,1,1,1,1,0.9699999999999999,1.0,1.0,1.0,0.8,skip,attack_already_active,1785296303.2001202,1785296303200120283,1384971416818739,86.0,53.3671875,-1.0,0,0
2026-07-28T23:38:23.201,10.42.0.1,10.42.0.1,84,3,UPLOAD,0.9576873941192507,UPLOAD,0.9576873941192507,1,2798,0.9833810339179486,64,323546.0,318169.0,28,36,0.5041895545530337,0.49581044544696634,0.0018082434720129237,1,0,1,1,1,1,1,1,0.9699999999999999,1.0,1.0,1.0,0.8,skip,attack_already_active,1785296303.201782,1785296303201781889,1384971418480888,86.0,53.3671875,-1.0,0,0
2026-07-28T23:38:23.688,10.42.0.1,10.42.0.1,84,3,UPLOAD,0.7766693665458131,UPLOAD,0.7766693665458131,0,39,0.7375365481268891,55,323546.0,238627.0,28,27,0.5755274621869069,0.42447253781309313,0.0069745554230440585,1,0,1,0,0,0,0,0,0.42,0.0,1.0,0.0,0.8,skip,attack_already_active,1785296303.6885993,1785296303688599218,1384971905298115,86.0,53.3671875,-1.0,0,0
2026-07-28T23:38:24.151,10.42.0.1,10.42.0.1,84,3,UPLOAD,0.9762759116968676,UPLOAD,0.9762759116968676,0,39,100.0,11,0.0,79542.0,0,11,0.0,1.0,0.011392374688267173,1,0,1,0,0,0,0,0,0.45499999999999996,0.1,1.0,0.0,0.8,skip,attack_already_active,1785296304.1511288,1785296304151128808,1384972367828108,10.3,53.3671875,-1.0,0,0
2026-07-28T23:38:24.542,10.42.0.145,10.42.0.1,38,3,UPLOAD,0.9854688349332961,UPLOAD,0.9854688349332961,0,39,1.0,0,0.0,0.0,0,0,0.0,0.0,0.26078677817132007,0,0,0,0,0,0,0,0,0.4375,0.05,1.0,0.0,0.8,skip,already_attacked_this_round,1785296304.5423844,1785296304542384375,1384972759083189,7.5,53.3671875,-1.0,0,0
2026-07-28T23:38:24.780,10.42.0.210,10.42.0.1,83,3,UPLOAD,0.95,UPLOAD,0.95,1,1448,100.0,1,0.0,1448.0,0,1,0.0,1.0,0.15389742295278935,0,0,0,1,1,1,1,1,0.9525,0.95,1.0,1.0,0.8,trigger,training_upload_trigger_confirmed,1785296304.780615,1785296304780615195,1384972997314110,7.5,53.3671875,10.321356,1785296304790938096,1384973007635466
2026-07-28T23:38:24.781,10.42.0.210,10.42.0.1,83,3,UPLOAD,0.9841010226033655,UPLOAD,0.9841010226033655,1,1448,100.0,2,0.0,2896.0,0,2,0.0,1.0,0.13372722455378305,0,0,1,1,1,1,1,1,0.9699999999999999,1.0,1.0,1.0,0.8,skip,attack_already_active,1785296304.7814465,1785296304781446496,1384972998144733,7.5,53.3671875,-1.0,0,0
2026-07-28T23:38:24.782,10.42.0.210,10.42.0.1,83,3,UPLOAD,0.9854688349332961,UPLOAD,0.9854688349332961,1,1448,100.0,3,0.0,4344.0,0,3,0.0,1.0,0.11624972248628834,0,0,1,1,1,1,1,1,0.9699999999999999,1.0,1.0,1.0,0.8,skip,attack_already_active,1785296304.7825418,1785296304782541918,1384972999240340,7.5,53.3671875,-1.0,0,0
2026-07-28T23:38:24.783,10.42.0.210,10.42.0.1,83,3,UPLOAD,0.9855076450773014,UPLOAD,0.9855076450773014,1,1448,100.0,4,0.0,5792.0,0,4,0.0,1.0,0.1010354087678266,0,0,1,1,1,1,1,1,0.9699999999999999,1.0,1.0,1.0,0.8,skip,attack_already_active,1785296304.7833343,1785296304783334270,1384973000033042,7.5,53.3671875,-1.0,0,0
2026-07-28T23:38:24.784,10.42.0.210,10.42.0.1,83,3,UPLOAD,0.9855086980780915,UPLOAD,0.9855086980780915,1,1448,100.0,5,0.0,7240.0,0,5,0.0,1.0,0.087864376737592,0,0,1,1,1,1,1,1,0.9699999999999999,1.0,1.0,1.0,0.8,skip,attack_already_active,1785296304.7844183,1785296304784418209,1384973001116527,7.5,53.3671875,-1.0,0,0
2026-07-28T23:38:24.785,10.42.0.210,10.42.0.1,83,3,UPLOAD,0.9855087254685951,UPLOAD,0.9855087254685951,1,1448,100.0,6,0.0,8688.0,0,6,0.0,1.0,0.07639087246881417,0,0,1,1,1,1,1,1,0.9699999999999999,1.0,1.0,1.0,0.8,skip,attack_already_active,1785296304.7852135,1785296304785213367,1384973001911622,7.5,53.3671875,-1.0,0,0
2026-07-28T23:38:24.786,10.42.0.210,10.42.0.1,83,3,UPLOAD,0.9855087261493067,UPLOAD,0.9855087261493067,1,1448,100.0,7,0.0,10136.0,0,7,0.0,1.0,0.06647238791495574,0,0,1,1,1,1,1,1,0.9699999999999999,1.0,1.0,1.0,0.8,skip,attack_already_active,1785296304.7863357,1785296304786335712,1384973003034233,7.5,53.3671875,-1.0,0,0
2026-07-28T23:38:24.787,10.42.0.210,10.42.0.1,83,3,UPLOAD,0.9855087261653082,UPLOAD,0.9855087261653082,1,1448,100.0,8,0.0,11584.0,0,8,0.0,1.0,0.057814722696392824,0,0,1,1,1,1,1,1,0.9699999999999999,1.0,1.0,1.0,0.8,skip,attack_already_active,1785296304.7871075,1785296304787107708,1384973003806037,7.5,53.3671875,-1.0,0,0
2026-07-28T23:38:24.788,10.42.0.210,10.42.0.1,83,3,UPLOAD,0.985508726165656,UPLOAD,0.985508726165656,1,1448,100.0,9,0.0,13032.0,0,9,0.0,1.0,0.05034284371164931,0,0,1,1,1,1,1,1,0.9699999999999999,1.0,1.0,1.0,0.8,skip,attack_already_active,1785296304.7882202,1785296304788220158,1384973004918666,7.5,53.3671875,-1.0,0,0
2026-07-28T23:38:24.789,10.42.0.210,10.42.0.1,83,3,UPLOAD,0.9855087261656625,UPLOAD,0.9855087261656625,1,1448,100.0,10,0.0,14480.0,0,10,0.0,1.0,0.04381934325466888,0,0,1,1,1,1,1,1,0.9699999999999999,1.0,1.0,1.0,0.8,skip,attack_already_active,1785296304.789058,1785296304789057933,1384973005756504,7.5,53.3671875,-1.0,0,0
2026-07-28T23:38:24.790,10.42.0.210,10.42.0.1,83,3,UPLOAD,0.9855087261656628,UPLOAD,0.9855087261656628,1,1448,100.0,11,0.0,15928.0,0,11,0.0,1.0,0.03819829563247727,0,0,1,1,1,1,1,1,0.9699999999999999,1.0,1.0,1.0,0.8,skip,attack_already_active,1785296304.7902207,1785296304790220889,1384973006919443,7.5,53.3671875,-1.0,0,0
2026-07-28T23:38:24.791,10.42.0.210,10.42.0.1,83,3,UPLOAD,0.95,UPLOAD,0.95,1,1448,100.0,12,0.0,17376.0,0,12,0.0,1.0,0.033269324313197055,0,0,1,1,1,1,1,1,0.9699999999999999,1.0,1.0,1.0,0.8,skip,attack_already_active,1785296304.7910144,1785296304791014482,1384973007712757,7.5,53.3671875,-1.0,0,0
2026-07-28T23:38:24.792,10.42.0.210,10.42.0.1,83,3,UPLOAD,0.95,UPLOAD,0.95,1,1448,100.0,13,0.0,18824.0,0,13,0.0,1.0,0.029146418882047814,0,0,1,1,1,1,1,1,0.9699999999999999,1.0,1.0,1.0,0.8,skip,attack_already_active,1785296304.7929962,1785296304792996008,1384973009695233,7.5,53.3671875,-1.0,0,0
2026-07-28T23:38:24.793,10.42.0.210,10.42.0.1,83,3,UPLOAD,0.95,UPLOAD,0.95,1,1448,100.0,14,0.0,20272.0,0,14,0.0,1.0,0.0254195848051243,0,0,1,1,1,1,1,1,0.9699999999999999,1.0,1.0,1.0,0.8,skip,attack_already_active,1785296304.7938607,1785296304793860613,1384973010558992,7.5,53.3671875,-1.0,0,0
2026-07-28T23:38:24.794,10.42.0.210,10.42.0.1,83,3,UPLOAD,0.95,UPLOAD,0.95,1,1448,100.0,15,0.0,21720.0,0,15,0.0,1.0,0.02220697557541193,0,0,1,1,1,1,1,1,0.9699999999999999,1.0,1.0,1.0,0.8,skip,attack_already_active,1785296304.7949007,1785296304794900717,1384973011599010,7.5,53.3671875,-1.0,0,0
2026-07-28T23:38:24.795,10.42.0.210,10.42.0.1,83,3,UPLOAD,0.95,UPLOAD,0.95,1,1448,100.0,16,0.0,23168.0,0,16,0.0,1.0,0.0193878910303189,0,0,1,1,1,1,1,1,0.9699999999999999,1.0,1.0,1.0,0.8,skip,attack_already_active,1785296304.7957144,1785296304795714386,1384973012412739,7.5,53.3671875,-1.0,0,0
2026-07-28T23:38:24.796,10.42.0.210,10.42.0.1,83,3,UPLOAD,0.95,UPLOAD,0.95,1,1448,100.0,17,0.0,24616.0,0,17,0.0,1.0,0.016971267490490435,0,0,1,1,1,1,1,1,0.9699999999999999,1.0,1.0,1.0,0.8,skip,attack_already_active,1785296304.7967632,1785296304796763229,1384973013461567,7.5,53.3671875,-1.0,0,0
2026-07-28T23:38:24.797,10.42.0.210,10.42.0.1,83,3,UPLOAD,0.95,UPLOAD,0.95,1,1448,100.0,18,0.0,26064.0,0,18,0.0,1.0,0.014838534004111203,0,0,1,1,1,1,1,1,0.9699999999999999,1.0,1.0,1.0,0.8,skip,attack_already_active,1785296304.7975497,1785296304797549932,1384973014248446,7.5,53.3671875,-1.0,0,0
2026-07-28T23:38:24.798,10.42.0.210,10.42.0.1,83,3,UPLOAD,0.95,UPLOAD,0.95,1,1448,100.0,19,0.0,27512.0,0,19,0.0,1.0,0.013020645550177647,0,0,1,1,1,1,1,1,0.9699999999999999,1.0,1.0,1.0,0.8,skip,attack_already_active,1785296304.7985928,1785296304798592646,1384973015291361,7.5,53.3671875,-1.0,0,0
2026-07-28T23:38:24.799,10.42.0.210,10.42.0.1,83,3,UPLOAD,0.95,UPLOAD,0.95,1,1448,100.0,20,0.0,28960.0,0,20,0.0,1.0,0.011403696296677325,0,0,1,1,1,1,1,1,0.9699999999999999,1.0,1.0,1.0,0.8,skip,attack_already_active,1785296304.7993429,1785296304799342727,1384973016040973,7.5,53.3671875,-1.0,0,0
2026-07-28T23:38:24.800,10.42.0.210,10.42.0.1,83,3,UPLOAD,0.95,UPLOAD,0.95,1,1448,100.0,21,0.0,30408.0,0,21,0.0,1.0,0.01003824325212275,0,0,1,1,1,1,1,1,0.9699999999999999,1.0,1.0,1.0,0.8,skip,attack_already_active,1785296304.8003845,1785296304800384459,1384973017082613,7.5,53.3671875,-1.0,0,0
2026-07-28T23:38:24.801,10.42.0.210,10.42.0.1,83,3,UPLOAD,0.95,UPLOAD,0.95,1,1448,100.0,22,0.0,31856.0,0,22,0.0,1.0,0.008812633350634124,0,0,1,1,1,1,1,1,0.9699999999999999,1.0,1.0,1.0,0.8,skip,attack_already_active,1785296304.801122,1785296304801122166,1384973017820359,7.5,53.3671875,-1.0,0,0
2026-07-28T23:38:24.802,10.42.0.210,10.42.0.1,83,3,UPLOAD,0.95,UPLOAD,0.95,1,1448,100.0,23,0.0,33304.0,0,23,0.0,1.0,0.007789998618580419,0,0,1,1,1,1,1,1,0.9699999999999999,1.0,1.0,1.0,0.8,skip,attack_already_active,1785296304.802174,1785296304802174264,1384973018872807,38.0,53.3671875,-1.0,0,0
2026-07-28T23:38:24.803,10.42.0.210,10.42.0.1,83,3,UPLOAD,0.95,UPLOAD,0.95,1,1448,100.0,24,0.0,34752.0,0,24,0.0,1.0,0.006877144137226711,0,0,1,1,1,1,1,1,0.9699999999999999,1.0,1.0,1.0,0.8,skip,attack_already_active,1785296304.8030367,1785296304803036591,1384973019735139,38.0,53.3671875,-1.0,0,0
2026-07-28T23:38:24.804,10.42.0.210,10.42.0.1,83,3,UPLOAD,0.95,UPLOAD,0.95,1,1448,100.0,25,0.0,36200.0,0,25,0.0,1.0,0.0061588829142418654,0,0,1,1,1,1,1,1,0.9699999999999999,1.0,1.0,1.0,0.8,skip,attack_already_active,1785296304.8044631,1785296304804462985,1384973021161781,38.0,53.3671875,-1.0,0,0
2026-07-28T23:38:24.805,10.42.0.210,10.42.0.1,83,3,UPLOAD,0.95,UPLOAD,0.95,1,1448,100.0,26,0.0,37648.0,0,26,0.0,1.0,0.005441740339613006,0,0,1,1,1,1,1,1,0.9699999999999999,1.0,1.0,1.0,0.8,skip,attack_already_active,1785296304.8051798,1785296304805179850,1384973021878088,38.0,53.3671875,-1.0,0,0
2026-07-28T23:38:24.806,10.42.0.210,10.42.0.1,83,3,UPLOAD,0.95,UPLOAD,0.95,1,1448,100.0,27,0.0,39096.0,0,27,0.0,1.0,0.004857051164585939,0,0,1,1,1,1,1,1,0.9699999999999999,1.0,1.0,1.0,0.8,skip,attack_already_active,1785296304.8061845,1785296304806184455,1384973022882957,38.0,53.3671875,-1.0,0,0
2026-07-28T23:38:24.807,10.42.0.210,10.42.0.1,83,3,UPLOAD,0.95,UPLOAD,0.95,1,1448,100.0,28,0.0,40544.0,0,28,0.0,1.0,0.004345387657357805,0,0,1,1,1,1,1,1,0.9699999999999999,1.0,1.0,1.0,0.8,skip,attack_already_active,1785296304.8071587,1785296304807158797,1384973023857311,38.0,53.3671875,-1.0,0,0
2026-07-28T23:38:24.808,10.42.0.210,10.42.0.1,83,3,UPLOAD,0.95,UPLOAD,0.95,1,1448,100.0,29,0.0,41992.0,0,29,0.0,1.0,0.003991002334397814,0,0,1,1,1,1,1,1,0.9699999999999999,1.0,1.0,1.0,0.8,skip,attack_already_active,1785296304.8088148,1785296304808814917,1384973025514444,38.0,53.3671875,-1.0,0,0
2026-07-28T23:38:24.810,10.42.0.210,10.42.0.1,83,3,UPLOAD,0.95,UPLOAD,0.95,1,1448,100.0,30,0.0,43440.0,0,30,0.0,1.0,0.0036651880622279053,0,0,1,1,1,1,1,1,0.9699999999999999,1.0,1.0,1.0,0.8,skip,attack_already_active,1785296304.8103333,1785296304810333158,1384973027032042,38.0,53.3671875,-1.0,0,0
2026-07-28T23:38:24.811,10.42.0.210,10.42.0.1,83,3,UPLOAD,0.95,UPLOAD,0.95,1,1448,100.0,31,0.0,44888.0,0,31,0.0,1.0,0.0033965084943844074,0,0,1,1,1,1,1,1,0.9699999999999999,1.0,1.0,1.0,0.8,skip,attack_already_active,1785296304.8119595,1785296304811959648,1384973028658172,38.0,53.3671875,-1.0,0,0
2026-07-28T23:38:24.812,10.42.0.210,10.42.0.1,83,3,UPLOAD,0.95,UPLOAD,0.95,1,1448,100.0,32,0.0,46336.0,0,32,0.0,1.0,0.003085161592066222,0,0,1,1,1,1,1,1,0.9699999999999999,1.0,1.0,1.0,0.8,skip,attack_already_active,1785296304.8129933,1785296304812993343,1384973029691843,38.0,53.3671875,-1.0,0,0
2026-07-28T23:38:24.814,10.42.0.210,10.42.0.1,83,3,UPLOAD,0.95,UPLOAD,0.95,1,1448,100.0,33,0.0,47784.0,0,33,0.0,1.0,0.0028379655288747786,0,0,1,1,1,1,1,1,0.9699999999999999,1.0,1.0,1.0,0.8,skip,attack_already_active,1785296304.8142025,1785296304814202731,1384973030901207,38.0,53.3671875,-1.0,0,0
2026-07-28T23:38:24.815,10.42.0.210,10.42.0.1,83,3,UPLOAD,0.95,UPLOAD,0.95,1,1448,100.0,34,0.0,49232.0,0,34,0.0,1.0,0.002579076364008,0,0,1,1,1,1,1,1,0.9699999999999999,1.0,1.0,1.0,0.8,skip,attack_already_active,1785296304.8150759,1785296304815075798,1384973031776009,38.0,53.3671875,-1.0,0,0
2026-07-28T23:38:24.816,10.42.0.210,10.42.0.1,83,3,UPLOAD,0.95,UPLOAD,0.95,1,1448,100.0,35,0.0,50680.0,0,35,0.0,1.0,0.0024577913657403915,0,0,1,1,1,1,1,1,0.9699999999999999,1.0,1.0,1.0,0.8,skip,attack_already_active,1785296304.8167346,1785296304816734376,1384973033433535,38.0,53.3671875,-1.0,0,0
2026-07-28T23:38:24.817,10.42.0.210,10.42.0.1,83,3,UPLOAD,0.95,UPLOAD,0.95,1,1448,100.0,36,0.0,52128.0,0,36,0.0,1.0,0.0022802598434695552,0,0,1,1,1,1,1,1,0.9699999999999999,1.0,1.0,1.0,0.8,skip,attack_already_active,1785296304.817845,1785296304817844969,1384973034543428,38.0,53.3671875,-1.0,0,0
2026-07-28T23:38:24.818,10.42.0.210,10.42.0.1,83,3,UPLOAD,0.95,UPLOAD,0.95,1,1448,100.0,37,0.0,53576.0,0,37,0.0,1.0,0.002117765393130696,0,0,1,1,1,1,1,1,0.9699999999999999,1.0,1.0,1.0,0.8,skip,attack_already_active,1785296304.8188922,1785296304818892286,1384973035590877,38.0,53.3671875,-1.0,0,0
2026-07-28T23:38:24.819,10.42.0.210,10.42.0.1,83,3,UPLOAD,0.95,UPLOAD,0.95,1,1448,100.0,38,0.0,55024.0,0,38,0.0,1.0,0.0019479051495112287,0,0,1,1,1,1,1,1,0.9699999999999999,1.0,1.0,1.0,0.8,skip,attack_already_active,1785296304.819721,1785296304819720834,1384973036419432,38.0,53.3671875,-1.0,0,0
2026-07-28T23:38:24.820,10.42.0.210,10.42.0.1,83,3,UPLOAD,0.95,UPLOAD,0.95,1,1448,100.0,39,0.0,56472.0,0,39,0.0,1.0,0.0018219491241658306,0,0,1,1,1,1,1,1,0.9699999999999999,1.0,1.0,1.0,0.8,skip,attack_already_active,1785296304.820713,1785296304820712855,1384973037411062,38.0,53.3671875,-1.0,0,0
2026-07-28T23:38:24.821,10.42.0.210,10.42.0.1,83,3,UPLOAD,0.95,UPLOAD,0.95,1,1448,100.0,40,0.0,57920.0,0,40,0.0,1.0,0.0016726278505427457,0,0,1,1,1,1,1,1,0.9699999999999999,1.0,1.0,1.0,0.8,skip,attack_already_active,1785296304.8214018,1785296304821401770,1384973038100232,38.0,53.3671875,-1.0,0,0
2026-07-28T23:38:24.822,10.42.0.210,10.42.0.1,83,3,UPLOAD,0.95,UPLOAD,0.95,1,1448,100.0,41,0.0,59368.0,0,41,0.0,1.0,0.0015848628114164208,0,0,1,1,1,1,1,1,0.9699999999999999,1.0,1.0,1.0,0.8,skip,attack_already_active,1785296304.8224084,1785296304822408548,1384973039106905,38.0,53.3671875,-1.0,0,0
2026-07-28T23:38:24.823,10.42.0.210,10.42.0.1,83,3,UPLOAD,0.95,UPLOAD,0.95,1,1448,100.0,42,0.0,60816.0,0,42,0.0,1.0,0.0014632018678091324,0,0,1,1,1,1,1,1,0.9699999999999999,1.0,1.0,1.0,0.8,skip,attack_already_active,1785296304.82307,1785296304823070060,1384973039768163,38.0,53.3671875,-1.0,0,0
2026-07-28T23:38:24.824,10.42.0.210,10.42.0.1,83,3,UPLOAD,0.95,UPLOAD,0.95,1,1448,100.0,43,0.0,62264.0,0,43,0.0,1.0,0.0013942369314569906,0,0,1,1,1,1,1,1,0.9699999999999999,1.0,1.0,1.0,0.8,skip,attack_already_active,1785296304.82401,1785296304824010073,1384973040708767,38.0,53.3671875,-1.0,0,0
2026-07-28T23:38:24.824,10.42.0.210,10.42.0.1,83,3,UPLOAD,0.95,UPLOAD,0.95,1,1448,100.0,44,0.0,63712.0,0,44,0.0,1.0,0.0013281705690804126,0,0,1,1,1,1,1,1,0.9699999999999999,1.0,1.0,1.0,0.8,skip,attack_already_active,1785296304.8249028,1785296304824902574,1384973041601597,38.0,53.3671875,-1.0,0,0
2026-07-28T23:38:24.826,10.42.0.210,10.42.0.1,83,3,UPLOAD,0.95,UPLOAD,0.95,1,1448,100.0,45,0.0,65160.0,0,45,0.0,1.0,0.0013227117461307822,0,0,1,1,1,1,1,1,0.9699999999999999,1.0,1.0,1.0,0.8,skip,attack_already_active,1785296304.8261895,1785296304826189676,1384973042888295,38.0,53.3671875,-1.0,0,0
2026-07-28T23:38:24.827,10.42.0.210,10.42.0.1,83,3,UPLOAD,0.95,UPLOAD,0.95,1,1448,100.0,46,0.0,66608.0,0,46,0.0,1.0,0.001284952483503227,0,0,1,1,1,1,1,1,0.9699999999999999,1.0,1.0,1.0,0.8,skip,attack_already_active,1785296304.8272257,1785296304827225598,1384973043926244,38.0,53.3671875,-1.0,0,0
2026-07-28T23:38:24.828,10.42.0.210,10.42.0.1,83,3,UPLOAD,0.95,UPLOAD,0.95,1,1448,100.0,47,0.0,68056.0,0,47,0.0,1.0,0.0012984468780620497,0,0,1,1,1,1,1,1,0.9699999999999999,1.0,1.0,1.0,0.8,skip,attack_already_active,1785296304.828613,1785296304828613009,1384973045311430,38.0,53.3671875,-1.0,0,0
2026-07-28T23:38:24.829,10.42.0.210,10.42.0.1,83,3,UPLOAD,0.951112867068075,UPLOAD,0.951112867068075,1,1448,100.0,48,0.0,69504.0,0,48,0.0,1.0,0.0012363319741623092,0,0,1,1,1,1,1,1,0.9699999999999999,1.0,1.0,1.0,0.8,skip,attack_already_active,1785296304.82944,1785296304829440076,1384973046138339,38.0,53.3671875,-1.0,0,0
2026-07-28T23:38:24.830,10.42.0.210,10.42.0.1,83,3,UPLOAD,0.9524563139252086,UPLOAD,0.9524563139252086,1,1448,100.0,49,0.0,70952.0,0,49,0.0,1.0,0.0012154220019000661,0,0,1,1,1,1,1,1,0.9699999999999999,1.0,1.0,1.0,0.8,skip,attack_already_active,1785296304.8305178,1785296304830517814,1384973047216170,38.0,53.3671875,-1.0,0,0
2026-07-28T23:38:24.831,10.42.0.210,10.42.0.1,83,3,UPLOAD,0.9525568966854183,UPLOAD,0.9525568966854183,1,1448,100.0,50,0.0,72400.0,0,50,0.0,1.0,0.0011522147614960198,0,0,1,1,1,1,1,1,0.9699999999999999,1.0,1.0,1.0,0.8,skip,attack_already_active,1785296304.8312535,1785296304831253529,1384973047951907,38.0,53.3671875,-1.0,0,0
2026-07-28T23:38:24.832,10.42.0.210,10.42.0.1,83,3,UPLOAD,0.9522096126951569,UPLOAD,0.9522096126951569,1,1448,100.0,51,0.0,73848.0,0,51,0.0,1.0,0.001152914146588185,0,0,1,1,1,1,1,1,0.9699999999999999,1.0,1.0,1.0,0.8,skip,attack_already_active,1785296304.832411,1785296304832411096,1384973049109484,38.0,53.3671875,-1.0,0,0
2026-07-28T23:38:24.833,10.42.0.210,10.42.0.1,83,3,UPLOAD,0.9529608804906082,UPLOAD,0.9529608804906082,1,1448,100.0,52,0.0,75296.0,0,52,0.0,1.0,0.00111025949840411,0,0,1,1,1,1,1,1,0.9699999999999999,1.0,1.0,1.0,0.8,skip,attack_already_active,1785296304.8332403,1785296304833240313,1384973049938660,38.0,53.3671875,-1.0,0,0
2026-07-28T23:38:24.834,10.42.0.210,10.42.0.1,83,3,UPLOAD,0.9541069492109426,UPLOAD,0.9541069492109426,1,1448,100.0,53,0.0,76744.0,0,53,0.0,1.0,0.0010997105808232092,0,0,1,1,1,1,1,1,0.9699999999999999,1.0,1.0,1.0,0.8,skip,attack_already_active,1785296304.8342705,1785296304834270342,1384973050968514,38.0,53.3671875,-1.0,0,0
2026-07-28T23:38:24.835,10.42.0.210,10.42.0.1,83,3,UPLOAD,0.9552616396703125,UPLOAD,0.9552616396703125,1,1448,100.0,54,0.0,78192.0,0,54,0.0,1.0,0.001054076045103376,0,0,1,1,1,1,1,1,0.9699999999999999,1.0,1.0,1.0,0.8,skip,attack_already_active,1785296304.8350239,1785296304835023965,1384973051722221,38.0,53.3671875,-1.0,0,0
2026-07-28T23:38:24.836,10.42.0.210,10.42.0.1,83,3,UPLOAD,0.9658792536762123,UPLOAD,0.9658792536762123,1,1338,100.0,55,0.0,79530.0,0,55,0.0,1.0,0.0010539781679520202,0,0,1,1,1,1,1,1,0.9699999999999999,1.0,1.0,1.0,0.8,skip,attack_already_active,1785296304.8360772,1785296304836077297,1384973052775642,38.0,53.3671875,-1.0,0,0
2026-07-28T23:38:24.844,10.42.0.1,10.42.0.1,84,3,UPLOAD,0.9809420103416021,UPLOAD,0.9809420103416021,1,7240,100.0,1,0.0,7240.0,0,1,0.0,1.0,0.05596636396848219,1,0,1,1,1,1,1,1,0.9699999999999999,1.0,1.0,1.0,0.8,skip,attack_already_active,1785296304.8449075,1785296304844907410,1384973061605928,38.0,53.3671875,-1.0,0,0
2026-07-28T23:38:24.845,10.42.0.1,10.42.0.1,84,3,UPLOAD,0.9814727683976996,UPLOAD,0.9814727683976996,1,7240,100.0,2,0.0,14480.0,0,2,0.0,1.0,0.04869833977648269,1,0,1,1,1,1,1,1,0.9699999999999999,1.0,1.0,1.0,0.8,skip,attack_already_active,1785296304.8457189,1785296304845718904,1384973062417096,38.0,53.3671875,-1.0,0,0
2026-07-28T23:38:24.865,10.42.0.1,10.42.0.1,84,3,UPLOAD,0.9812225534641834,UPLOAD,0.9812225534641834,1,1448,100.0,3,0.0,15928.0,0,3,0.0,1.0,0.04493620187499588,1,0,1,1,1,1,1,1,0.9699999999999999,1.0,1.0,1.0,0.8,skip,attack_already_active,1785296304.8658674,1785296304865867291,1384973082565895,38.0,53.3671875,-1.0,0,0
2026-07-28T23:38:24.970,10.42.0.1,10.42.0.1,84,3,UPLOAD,0.9810731453619493,UPLOAD,0.9810731453619493,1,10136,100.0,4,0.0,26064.0,0,4,0.0,1.0,0.052829150077517255,1,0,1,1,1,1,1,1,0.9699999999999999,1.0,1.0,1.0,0.8,skip,attack_already_active,1785296304.970701,1785296304970700954,1384973187400187,38.0,53.3671875,-1.0,0,0
2026-07-28T23:38:24.974,10.42.0.1,10.42.0.1,84,3,UPLOAD,0.9814160766169495,UPLOAD,0.9814160766169495,1,14480,100.0,5,0.0,40544.0,0,5,0.0,1.0,0.046309221011066104,1,0,1,1,1,1,1,1,0.9699999999999999,1.0,1.0,1.0,0.8,skip,attack_already_active,1785296304.9740522,1785296304974052120,1384973190752551,38.0,53.3671875,-1.0,0,0
2026-07-28T23:38:24.976,10.42.0.1,10.42.0.1,84,3,UPLOAD,0.9813260661816328,UPLOAD,0.9813260661816328,1,18824,100.0,6,0.0,59368.0,0,6,0.0,1.0,0.040519451954387775,1,0,1,1,1,1,1,1,0.9699999999999999,1.0,1.0,1.0,0.8,skip,attack_already_active,1785296304.9764245,1785296304976424477,1384973193123491,38.0,53.3671875,-1.0,0,0
2026-07-28T23:38:24.978,10.42.0.1,10.42.0.1,84,3,UPLOAD,0.9817574601406904,UPLOAD,0.9817574601406904,1,7240,100.0,7,0.0,66608.0,0,7,0.0,1.0,0.03545646511822265,1,0,1,1,1,1,1,1,0.9699999999999999,1.0,1.0,1.0,0.8,skip,attack_already_active,1785296304.9785223,1785296304978522319,1384973195221242,38.0,53.3671875,-1.0,0,0
2026-07-28T23:38:24.983,10.42.0.1,10.42.0.1,84,3,UPLOAD,0.9821863686362471,UPLOAD,0.9821863686362471,1,12922,100.0,8,0.0,79530.0,0,8,0.0,1.0,0.03139904837729513,1,0,1,1,1,1,1,1,0.9699999999999999,1.0,1.0,1.0,0.8,skip,attack_already_active,1785296304.9831882,1785296304983188240,1384973199887191,38.0,53.3671875,-1.0,0,0
2026-07-28T23:38:25.257,10.42.0.18,10.42.0.1,59,3,UPLOAD,0.9855076450773014,UPLOAD,0.9855076450773014,0,39,1.0,0,0.0,0.0,0,0,0.0,0.0,0.3440259960153426,0,0,1,0,0,0,0,0,0.4375,0.05,1.0,0.0,0.8,skip,attack_already_active,1785296305.2574532,1785296305257453438,1384973474152140,38.0,53.3671875,-1.0,0,0
2026-07-28T23:38:25.400,10.42.0.1,10.42.0.1,84,3,UPLOAD,0.981123102141306,UPLOAD,0.981123102141306,0,43,100.0,8,0.0,79530.0,0,8,0.0,1.0,0.05158914249705557,1,0,1,0,0,0,0,0,0.45499999999999996,0.1,1.0,0.0,0.8,skip,attack_already_active,1785296305.4007387,1785296305400738833,1384973617437972,38.0,53.3671875,-1.0,0,0
2026-07-28T23:38:37.177,10.42.0.47,10.42.0.1|10.42.0.47,84,3,UPLOAD,0.95,UPLOAD,0.95,1,7240,100.0,1,0.0,7240.0,0,1,0.0,1.0,1.7810554079763437,1,0,0,1,1,1,1,1,0.9699999999999999,1.0,1.0,1.0,0.8,trigger,training_upload_trigger_confirmed,1785296317.1777165,1785296317177716394,1384985394414936,7.4,53.3671875,9.564991,1785296317187282566,1384985403979927
2026-07-28T23:38:37.178,10.42.0.47,10.42.0.1|10.42.0.47,84,3,UPLOAD,0.95,UPLOAD,0.95,1,7240,100.0,2,0.0,14480.0,0,2,0.0,1.0,1.5464494225028744,1,0,1,1,1,1,1,1,0.9699999999999999,1.0,1.0,1.0,0.8,skip,attack_already_active,1785296317.178412,1785296317178411993,1384985395110160,7.4,53.3671875,-1.0,0,0
2026-07-28T23:38:37.179,10.42.0.47,10.42.0.1|10.42.0.47,84,3,UPLOAD,0.95,UPLOAD,0.95,1,10136,100.0,3,0.0,24616.0,0,3,0.0,1.0,1.3428422123105674,1,0,1,1,1,1,1,1,0.9699999999999999,1.0,1.0,1.0,0.8,skip,attack_already_active,1785296317.1797426,1785296317179742526,1384985396441981,7.4,53.3671875,-1.0,0,0
2026-07-28T23:38:37.180,10.42.0.47,10.42.0.1|10.42.0.47,84,3,UPLOAD,0.95,UPLOAD,0.95,1,4344,100.0,4,0.0,28960.0,0,4,0.0,1.0,1.1660178565204042,1,0,1,1,1,1,1,1,0.9699999999999999,1.0,1.0,1.0,0.8,skip,attack_already_active,1785296317.1807137,1785296317180713666,1384985397411697,7.4,53.3671875,-1.0,0,0
2026-07-28T23:38:37.181,10.42.0.47,10.42.0.1|10.42.0.47,84,3,UPLOAD,0.95,UPLOAD,0.95,1,5792,100.0,5,0.0,34752.0,0,5,0.0,1.0,1.0124914830399243,1,0,1,1,1,1,1,1,0.9699999999999999,1.0,1.0,1.0,0.8,skip,attack_already_active,1785296317.1816623,1785296317181662309,1384985398361437,7.4,53.3671875,-1.0,0,0
2026-07-28T23:38:37.185,10.42.0.47,10.42.0.1|10.42.0.47,84,3,UPLOAD,0.95,UPLOAD,0.95,1,8688,100.0,6,0.0,43440.0,0,6,0.0,1.0,0.8796141011324681,1,0,1,1,1,1,1,1,0.9699999999999999,1.0,1.0,1.0,0.8,skip,attack_already_active,1785296317.185784,1785296317185784110,1384985402483188,7.4,53.3671875,-1.0,0,0
2026-07-28T23:38:37.186,10.42.0.47,10.42.0.1|10.42.0.47,84,3,UPLOAD,0.95,UPLOAD,0.95,1,17376,100.0,7,0.0,60816.0,0,7,0.0,1.0,0.7638197905695581,1,0,1,1,1,1,1,1,0.9699999999999999,1.0,1.0,1.0,0.8,skip,attack_already_active,1785296317.1866672,1785296317186667218,1384985403365774,7.4,53.3671875,-1.0,0,0
2026-07-28T23:38:37.188,10.42.0.47,10.42.0.1|10.42.0.47,84,3,UPLOAD,0.9677028135292837,UPLOAD,0.9677028135292837,1,1448,100.0,8,0.0,62264.0,0,8,0.0,1.0,0.663374036349623,1,0,1,1,1,1,1,1,0.9699999999999999,1.0,1.0,1.0,0.8,skip,attack_already_active,1785296317.188232,1785296317188232021,1384985404930859,7.4,53.3671875,-1.0,0,0
2026-07-28T23:38:37.189,10.42.0.47,10.42.0.1|10.42.0.47,84,3,UPLOAD,0.9789919501721982,UPLOAD,0.9789919501721982,1,1448,100.0,9,0.0,63712.0,0,9,0.0,1.0,0.5760940928751807,1,0,1,1,1,1,1,1,0.9699999999999999,1.0,1.0,1.0,0.8,skip,attack_already_active,1785296317.1892626,1785296317189262661,1384985405961550,7.4,53.3671875,-1.0,0,0
2026-07-28T23:38:37.190,10.42.0.47,10.42.0.1|10.42.0.47,84,3,UPLOAD,0.984422956900801,UPLOAD,0.984422956900801,1,8688,100.0,10,0.0,72400.0,0,10,0.0,1.0,0.5003129984418089,1,0,1,1,1,1,1,1,0.9699999999999999,1.0,1.0,1.0,0.8,skip,attack_already_active,1785296317.190275,1785296317190275128,1384985406973590,7.4,53.3671875,-1.0,0,0
2026-07-28T23:38:37.191,10.42.0.47,10.42.0.1|10.42.0.47,84,3,UPLOAD,0.9871481218863287,UPLOAD,0.9871481218863287,1,7129,100.0,11,0.0,79529.0,0,11,0.0,1.0,0.43450996884868853,1,0,1,1,1,1,1,1,0.9699999999999999,1.0,1.0,1.0,0.8,skip,attack_already_active,1785296317.191227,1785296317191226847,1384985407925059,7.4,53.3671875,-1.0,0,0
2026-07-28T23:38:37.192,10.42.0.1,10.42.0.1|10.42.0.47,84,3,UPLOAD,0.9712685335631462,UPLOAD,0.9712685335631462,1,7240,100.0,1,0.0,7240.0,0,1,0.0,1.0,1.0372483620901711,1,0,0,1,1,1,1,1,0.9699999999999999,1.0,1.0,1.0,0.8,skip,already_attacked_this_round,1785296317.1926475,1785296317192647483,1384985409345954,7.4,53.3671875,-1.0,0,0
2026-07-28T23:38:37.193,10.42.0.1,10.42.0.1|10.42.0.47,84,3,UPLOAD,0.95,UPLOAD,0.95,1,7240,100.0,2,0.0,14480.0,0,2,0.0,1.0,0.9006922482957687,1,0,0,1,1,1,1,1,0.9699999999999999,1.0,1.0,1.0,0.8,skip,already_attacked_this_round,1785296317.1936092,1785296317193609313,1384985410307904,7.4,53.3671875,-1.0,0,0
2026-07-28T23:38:37.210,10.42.0.1,10.42.0.1|10.42.0.47,84,3,UPLOAD,0.95,UPLOAD,0.95,1,1448,100.0,3,0.0,15928.0,0,3,0.0,1.0,0.7841695184904502,1,0,0,1,1,1,1,1,0.9699999999999999,1.0,1.0,1.0,0.8,skip,already_attacked_this_round,1785296317.2100427,1785296317210042533,1384985426741230,7.4,53.3671875,-1.0,0,0
2026-07-28T23:38:37.262,10.42.0.1,10.42.0.1|10.42.0.47,84,3,UPLOAD,0.978727918666385,UPLOAD,0.978727918666385,1,10136,100.0,4,0.0,26064.0,0,4,0.0,1.0,0.6877156083700715,1,0,0,1,1,1,1,1,0.9699999999999999,1.0,1.0,1.0,0.8,skip,already_attacked_this_round,1785296317.2622502,1785296317262250350,1384985478948976,7.4,53.3671875,-1.0,0,0
2026-07-28T23:38:37.267,10.42.0.1,10.42.0.1|10.42.0.47,84,3,UPLOAD,0.9935069510566387,UPLOAD,0.9935069510566387,0,43,100.0,4,0.0,26064.0,0,4,0.0,1.0,1.604961006600191,1,0,0,1,1,1,1,1,0.8374999999999999,0.8500000000000001,1.0,0.6000000000000001,0.8,skip,already_attacked_this_round,1785296317.2670436,1785296317267043537,1384985483742608,7.4,53.3671875,-1.0,0,0
2026-07-28T23:38:37.283,10.42.0.1,10.42.0.1|10.42.0.47,84,3,UPLOAD,0.9938607673134147,UPLOAD,0.9938607673134147,1,2896,100.0,5,0.0,28960.0,0,5,0.0,1.0,1.3963235945992616,1,0,0,1,1,1,1,1,0.9699999999999999,1.0,1.0,1.0,0.8,skip,already_attacked_this_round,1785296317.2839196,1785296317283919683,1384985500617689,7.4,53.3671875,-1.0,0,0
2026-07-28T23:38:37.367,10.42.0.1,10.42.0.1|10.42.0.47,84,3,UPLOAD,0.9938687782317946,UPLOAD,0.9938687782317946,1,1448,100.0,6,0.0,30408.0,0,6,0.0,1.0,1.2233535927692374,1,0,0,1,1,1,1,1,0.9699999999999999,1.0,1.0,1.0,0.8,skip,already_attacked_this_round,1785296317.3676217,1785296317367621698,1384985584320333,7.4,53.3671875,-1.0,0,0
2026-07-28T23:38:37.368,10.42.0.1,10.42.0.1|10.42.0.47,84,3,UPLOAD,0.9938689556166249,UPLOAD,0.9938689556166249,1,1448,100.0,7,0.0,31856.0,0,7,0.0,1.0,1.0622565327884785,1,0,0,1,1,1,1,1,0.9699999999999999,1.0,1.0,1.0,0.8,skip,already_attacked_this_round,1785296317.3684542,1785296317368454120,1384985585152444,7.4,53.3671875,-1.0,0,0
2026-07-28T23:38:37.369,10.42.0.1,10.42.0.1|10.42.0.47,84,3,UPLOAD,0.9938689595080488,UPLOAD,0.9938689595080488,1,1448,100.0,8,0.0,33304.0,0,8,0.0,1.0,0.9223994196907126,1,0,0,1,1,1,1,1,0.9699999999999999,1.0,1.0,1.0,0.8,skip,already_attacked_this_round,1785296317.3693738,1785296317369373581,1384985586071714,7.4,53.3671875,-1.0,0,0
2026-07-28T23:38:37.371,10.42.0.1,10.42.0.1|10.42.0.47,84,3,UPLOAD,0.9938689595933187,UPLOAD,0.9938689595933187,1,2896,100.0,9,0.0,36200.0,0,9,0.0,1.0,0.8010751726396217,1,0,0,1,1,1,1,1,0.9699999999999999,1.0,1.0,1.0,0.8,skip,already_attacked_this_round,1785296317.371077,1785296317371077096,1384985587775423,7.4,53.3671875,-1.0,0,0
2026-07-28T23:38:37.372,10.42.0.1,10.42.0.1|10.42.0.47,84,3,UPLOAD,0.9938689595951945,UPLOAD,0.9938689595951945,1,7240,100.0,10,0.0,43440.0,0,10,0.0,1.0,0.6956411581066393,1,0,0,1,1,1,1,1,0.9699999999999999,1.0,1.0,1.0,0.8,skip,already_attacked_this_round,1785296317.3720427,1785296317372042758,1384985588741088,7.4,53.3671875,-1.0,0,0
2026-07-28T23:38:37.380,10.42.0.1,10.42.0.1|10.42.0.47,84,3,UPLOAD,0.993868959595236,UPLOAD,0.993868959595236,1,5792,100.0,11,0.0,49232.0,0,11,0.0,1.0,0.6050295755096512,1,0,0,1,1,1,1,1,0.9699999999999999,1.0,1.0,1.0,0.8,skip,already_attacked_this_round,1785296317.3800576,1785296317380057636,1384985596756502,7.4,53.3671875,-1.0,0,0
2026-07-28T23:38:37.387,10.42.0.1,10.42.0.1|10.42.0.47,84,3,UPLOAD,0.9938689595952368,UPLOAD,0.9938689595952368,1,4344,100.0,12,0.0,53576.0,0,12,0.0,1.0,0.5262747784092631,1,0,0,1,1,1,1,1,0.9699999999999999,1.0,1.0,1.0,0.8,skip,already_attacked_this_round,1785296317.3874388,1785296317387438928,1384985604137487,7.4,53.3671875,-1.0,0,0
2026-07-28T23:38:37.392,10.42.0.1,10.42.0.1|10.42.0.47,84,3,UPLOAD,0.9938689595952368,UPLOAD,0.9938689595952368,1,5792,100.0,13,0.0,59368.0,0,13,0.0,1.0,0.45753457252139335,1,0,0,1,1,1,1,1,0.9699999999999999,1.0,1.0,1.0,0.8,skip,already_attacked_this_round,1785296317.3920631,1785296317392063229,1384985608762149,7.4,53.3671875,-1.0,0,0
2026-07-28T23:38:37.398,10.42.0.1,10.42.0.1|10.42.0.47,84,3,UPLOAD,0.9938689595952368,UPLOAD,0.9938689595952368,1,7240,100.0,14,0.0,66608.0,0,14,0.0,1.0,0.39802932550028536,1,0,0,1,1,1,1,1,0.9699999999999999,1.0,1.0,1.0,0.8,skip,already_attacked_this_round,1785296317.3980289,1785296317398028686,1384985614727218,7.4,53.3671875,-1.0,0,0
2026-07-28T23:38:37.401,10.42.0.1,10.42.0.1|10.42.0.47,84,3,UPLOAD,0.9938689595952368,UPLOAD,0.9938689595952368,1,5792,100.0,15,0.0,72400.0,0,15,0.0,1.0,0.3460663506229733,1,0,0,1,1,1,1,1,0.9699999999999999,1.0,1.0,1.0,0.8,skip,already_attacked_this_round,1785296317.4017255,1785296317401725513,1384985618424588,7.4,53.3671875,-1.0,0,0
2026-07-28T23:38:37.405,10.42.0.1,10.42.0.1|10.42.0.47,84,3,UPLOAD,0.9938689595952368,UPLOAD,0.9938689595952368,1,5792,100.0,16,0.0,78192.0,0,16,0.0,1.0,0.3010170286254572,1,0,0,1,1,1,1,1,0.9699999999999999,1.0,1.0,1.0,0.8,skip,already_attacked_this_round,1785296317.405925,1785296317405925021,1384985622623832,7.4,53.3671875,-1.0,0,0
2026-07-28T23:38:37.409,10.42.0.1,10.42.0.1|10.42.0.47,84,3,UPLOAD,0.9938689595952368,UPLOAD,0.9938689595952368,1,5792,100.0,17,0.0,83984.0,0,17,0.0,1.0,0.2618791430404875,1,0,0,1,1,1,1,1,0.9699999999999999,1.0,1.0,1.0,0.8,skip,already_attacked_this_round,1785296317.4099355,1785296317409935408,1384985626633906,7.4,53.3671875,-1.0,0,0
2026-07-28T23:38:37.413,10.42.0.1,10.42.0.1|10.42.0.47,84,3,UPLOAD,0.9938689595952368,UPLOAD,0.9938689595952368,1,2802,100.0,18,0.0,86786.0,0,18,0.0,1.0,0.22786869067797164,1,0,0,1,1,1,1,1,0.9699999999999999,1.0,1.0,1.0,0.8,skip,already_attacked_this_round,1785296317.4137187,1785296317413718726,1384985630417403,7.4,53.3671875,-1.0,0,0
2026-07-28T23:38:37.712,10.42.0.1,10.42.0.1,85,1,DOWNLOAD,0.9938689595952368,DOWNLOAD,0.9938689595952368,-1,1448,59.935082832227145,19,1448.0,86786.0,1,18,0.01641090735997461,0.9835890926400254,0.25659826344802605,0,0,0,0,1,0,0,0,0.44,0.8500000000000001,0.0,0.6000000000000001,0.15,skip,training_upload_trigger_not_confirmed,1785296317.712933,1785296317712933189,1384985929632612,34.1,53.3671875,-1.0,0,0
2026-07-28T23:38:37.715,10.42.0.1,10.42.0.1,85,1,DOWNLOAD,0.9703396651641985,DOWNLOAD,0.9703396651641985,-1,5792,11.98701657306809,20,7240.0,86786.0,2,18,0.07699997872928764,0.9230000212707123,0.2230902901717456,0,0,0,0,1,0,0,0,0.44,0.8500000000000001,0.0,0.6000000000000001,0.15,skip,training_upload_trigger_not_confirmed,1785296317.7152486,1785296317715248571,1384985931947508,34.1,53.3671875,-1.0,0,0
2026-07-28T23:38:37.717,10.42.0.1,10.42.0.1,85,1,DOWNLOAD,0.9936322268971038,DOWNLOAD,0.9936322268971038,-1,7240,5.993508286947962,21,14480.0,86786.0,3,18,0.1429897497679379,0.8570102502320621,0.1939316784753059,0,0,0,0,1,0,0,0,0.44,0.8500000000000001,0.0,0.6000000000000001,0.15,skip,training_upload_trigger_not_confirmed,1785296317.7170622,1785296317717062166,1384985933761337,34.1,53.3671875,-1.0,0,0
2026-07-28T23:38:37.719,10.42.0.1,10.42.0.1,85,1,DOWNLOAD,0.9885266376561355,DOWNLOAD,0.9885266376561355,-1,7240,3.9956721913906224,22,21720.0,86786.0,4,18,0.20017326230807514,0.7998267376919249,0.1686619252185309,0,0,0,0,1,0,0,0,0.4,0.8500000000000001,0.0,0.4,0.15,skip,training_upload_trigger_not_confirmed,1785296317.7192287,1785296317719228681,1384985935927895,34.1,53.3671875,-1.0,0,0
2026-07-28T23:38:37.720,10.42.0.1,10.42.0.1,85,1,DOWNLOAD,0.9775070728233105,DOWNLOAD,0.9775070728233105,-1,7240,2.99675414357746,23,28960.0,86786.0,5,18,0.25020303077428163,0.7497969692257184,0.14665277330912851,0,0,0,0,1,0,0,0,0.4,0.8500000000000001,0.0,0.4,0.15,skip,training_upload_trigger_not_confirmed,1785296317.7208693,1785296317720869475,1384985937568067,34.1,53.3671875,-1.0,0,0
2026-07-28T23:38:37.722,10.42.0.1,10.42.0.1,85,1,DOWNLOAD,0.9619537966468222,DOWNLOAD,0.9619537966468222,-1,7240,2.3974033148785248,24,36200.0,86786.0,6,18,0.29434244548159955,0.7056575545184005,0.12760267922662702,0,0,0,0,1,0,0,0,0.32,0.8500000000000001,0.0,0.0,0.15,skip,training_upload_trigger_not_confirmed,1785296317.7229562,1785296317722956372,1384985939655712,34.1,53.3671875,-1.0,0,0
2026-07-28T23:38:37.724,10.42.0.1,10.42.0.1,85,1,DOWNLOAD,0.95,DOWNLOAD,0.95,-1,7240,1.997836095741302,25,43440.0,86786.0,7,18,0.3335739406877275,0.6664260593122725,0.11104571580975978,0,0,0,0,1,0,0,0,0.32,0.8500000000000001,0.0,0.0,0.15,skip,training_upload_trigger_not_confirmed,1785296317.7249126,1785296317724912682,1384985941612407,34.1,53.3671875,-1.0,0,0
2026-07-28T23:38:37.726,10.42.0.1,10.42.0.1,85,1,DOWNLOAD,0.95,DOWNLOAD,0.95,-1,7240,1.7124309392124617,26,50680.0,86786.0,8,18,0.3686729809552908,0.6313270190447092,0.09658536465924034,0,0,0,0,1,0,0,0,0.32,0.8500000000000001,0.0,0.0,0.15,skip,training_upload_trigger_not_confirmed,1785296317.7262228,1785296317726222801,1384985942922302,34.1,53.3671875,-1.0,0,0
2026-07-28T23:38:37.727,10.42.0.1,10.42.0.1,85,1,DOWNLOAD,0.95,DOWNLOAD,0.95,-1,10136,1.4270257826817443,27,60816.0,86786.0,9,18,0.41202693730437256,0.5879730626956274,0.08399954096319479,0,0,0,0,1,0,0,0,0.32,0.8500000000000001,0.0,0.0,0.15,skip,training_upload_trigger_not_confirmed,1785296317.7272978,1785296317727297786,1384985943996732,34.1,53.3671875,-1.0,0,0
2026-07-28T23:38:37.728,10.42.0.1,10.42.0.1,85,1,DOWNLOAD,0.95,DOWNLOAD,0.95,-1,14480,1.1525977475542846,28,75296.0,86786.0,10,18,0.4645549783442949,0.5354450216557052,0.07306212248735287,0,0,0,0,1,0,0,0,0.30250000000000005,0.8000000000000002,0.0,0.0,0.15,skip,training_upload_trigger_not_confirmed,1785296317.7282963,1785296317728296189,1384985944994965,34.1,53.3671875,-1.0,0,0
2026-07-28T23:38:37.729,10.42.0.1,10.42.0.1,85,1,DOWNLOAD,0.95,DOWNLOAD,0.95,-1,18824,0.9220781980458768,29,94120.0,86786.0,11,18,0.5202701955711806,0.4797298044288194,0.06362884290177448,0,0,0,0,1,0,0,0,0.30250000000000005,0.8000000000000002,0.0,0.0,0.15,skip,training_upload_trigger_not_confirmed,1785296317.7297719,1785296317729771894,1384985946471235,34.1,53.3671875,-1.0,0,0
2026-07-28T23:38:37.733,10.42.0.1,10.42.0.1,85,1,DOWNLOAD,0.95,DOWNLOAD,0.95,-1,14480,0.7991344383075586,30,108600.0,86786.0,12,18,0.555822832751579,0.4441771672484211,0.05570124745129003,0,0,0,0,1,0,0,0,0.28500000000000003,0.7500000000000001,0.0,0.0,0.15,skip,training_upload_trigger_not_confirmed,1785296317.7332404,1785296317733240234,1384985949939394,34.1,53.3671875,-1.0,0,0
2026-07-28T23:38:37.734,10.42.0.1,10.42.0.1,85,1,DOWNLOAD,0.95,DOWNLOAD,0.95,-1,14480,0.7051186220368449,31,123080.0,86786.0,13,18,0.5864694614658877,0.41353053853411226,0.04852901450938929,0,0,0,0,1,0,0,0,0.28500000000000003,0.7500000000000001,0.0,0.0,0.15,skip,training_upload_trigger_not_confirmed,1785296317.7345135,1785296317734513349,1384985951212298,34.1,53.3671875,-1.0,0,0
2026-07-28T23:38:37.735,10.42.0.1,10.42.0.1,85,1,DOWNLOAD,0.95,DOWNLOAD,0.95,-1,14480,0.6308956091914008,32,137560.0,86786.0,14,18,0.6131600295971401,0.3868399704028599,0.04226306674615809,0,0,0,0,1,0,0,0,0.28500000000000003,0.7500000000000001,0.0,0.0,0.15,skip,training_upload_trigger_not_confirmed,1785296317.735492,1785296317735492116,1384985952190466,34.1,53.3671875,-1.0,0,0
2026-07-28T23:38:37.736,10.42.0.1,10.42.0.1,85,1,DOWNLOAD,0.95,DOWNLOAD,0.95,-1,13032,0.576298873780969,33,150592.0,86786.0,15,18,0.634397458905206,0.36560254109479395,0.036779674718626594,0,0,0,0,1,0,0,0,0.28500000000000003,0.7500000000000001,0.0,0.0,0.15,skip,training_upload_trigger_not_confirmed,1785296317.736143,1785296317736143155,1384985952841139,34.1,53.3671875,-1.0,0,0
2026-07-28T23:38:37.744,10.42.0.59,10.42.0.1,34,1,DOWNLOAD,0.95,DOWNLOAD,0.95,-1,5840,1.7123287668300804e-10,1,5840.0,0.0,1,0,1.0,0.0,2.2585951433976077,0,0,0,0,0,0,0,0,0.0225,0.0,0.0,0.0,0.15,skip,already_attacked_this_round,1785296317.7442122,1785296317744212277,1384985960911419,34.1,53.3671875,-1.0,0,0
2026-07-28T23:38:37.746,10.42.0.59,10.42.0.1,34,1,DOWNLOAD,0.8929827054761803,DOWNLOAD,0.8929827054761803,0,43,1.7123287668300804e-10,1,5840.0,0.0,1,0,1.0,0.0,3.449891736404753,0,0,0,0,0,0,0,0,0.0225,0.0,0.0,0.0,0.15,skip,already_attacked_this_round,1785296317.7469747,1785296317746974681,1384985963673312,34.1,53.3671875,-1.0,0,0
2026-07-28T23:38:37.750,10.42.0.59,10.42.0.1,34,1,DOWNLOAD,0.95,DOWNLOAD,0.95,-1,8760,6.84931506802402e-11,2,14600.0,0.0,2,0,1.0,0.0,2.996146212578226,0,0,0,0,0,0,0,0,0.0225,0.0,0.0,0.0,0.15,skip,already_attacked_this_round,1785296317.7507546,1785296317750754525,1384985967453574,34.1,53.3671875,-1.0,0,0
2026-07-28T23:38:37.762,10.42.0.1,10.42.0.1,85,1,DOWNLOAD,0.95,DOWNLOAD,0.95,-1,21720,0.5036561585989155,34,172312.0,86786.0,16,18,0.6650456583995245,0.3349543416004755,0.035436164654899904,0,0,0,0,1,0,0,0,0.28500000000000003,0.7500000000000001,0.0,0.0,0.15,skip,training_upload_trigger_not_confirmed,1785296317.7627273,1785296317762727164,1384985979425604,34.1,53.3671875,-1.0,0,0
2026-07-28T23:38:37.764,10.42.0.1,10.42.0.1,85,1,DOWNLOAD,0.95,DOWNLOAD,0.95,-1,21720,0.4472767378605215,35,194032.0,86786.0,17,18,0.6909528591472056,0.30904714085279433,0.03094638512888647,0,0,0,0,0,0,0,0,0.0225,0.0,0.0,0.0,0.15,skip,training_upload_trigger_not_confirmed,1785296317.7640917,1785296317764091686,1384985980790161,34.1,53.3671875,-1.0,0,0
2026-07-28T23:38:37.767,10.42.0.1,10.42.0.1,85,1,DOWNLOAD,0.95,DOWNLOAD,0.95,-1,14024,0.41712808090409725,36,208056.0,86786.0,18,18,0.7056525189762652,0.29434748102373476,0.027367885372788954,0,0,0,0,0,0,0,0,0.0225,0.0,0.0,0.0,0.15,skip,training_upload_trigger_not_confirmed,1785296317.7678819,1785296317767881907,1384985984581195,34.1,53.3671875,-1.0,0,0
2026-07-28T23:38:37.769,10.42.0.1,10.42.0.1,85,1,DOWNLOAD,0.95,DOWNLOAD,0.95,-1,21720,0.37769828006677064,37,229776.0,86786.0,19,18,0.7258483330279693,0.27415166697203075,0.023962788620626892,0,0,0,0,0,0,0,0,0.0225,0.0,0.0,0.0,0.15,skip,training_upload_trigger_not_confirmed,1785296317.7694094,1785296317769409616,1384985986108488,34.1,53.3671875,-1.0,0,0
2026-07-28T23:38:37.771,10.42.0.18,10.42.0.1,60,1,DOWNLOAD,0.95,DOWNLOAD,0.95,-1,7300,1.3698630135109776e-10,1,7300.0,0.0,1,0,1.0,0.0,1.7915192714274286,0,0,0,0,0,0,0,0,0.0225,0.0,0.0,0.0,0.15,skip,training_upload_trigger_not_confirmed,1785296317.7715127,1785296317771512795,1384985988211681,34.1,53.3671875,-1.0,0,0
2026-07-28T23:38:37.773,10.42.0.18,10.42.0.1,60,1,DOWNLOAD,0.95,DOWNLOAD,0.95,-1,7300,6.84931506802402e-11,2,14600.0,0.0,2,0,1.0,0.0,1.5556450054414948,0,0,0,0,0,0,0,0,0.0225,0.0,0.0,0.0,0.15,skip,training_upload_trigger_not_confirmed,1785296317.7730474,1785296317773047488,1384985989746529,34.1,53.3671875,-1.0,0,0
2026-07-28T23:38:37.774,10.42.0.1,10.42.0.1,85,1,DOWNLOAD,0.95,DOWNLOAD,0.95,-1,14024,0.3559721082881215,38,243800.0,86786.0,20,18,0.737478296116593,0.26252170388340706,0.021439392415703036,0,0,0,0,0,0,0,0,0.0225,0.0,0.0,0.0,0.15,skip,training_upload_trigger_not_confirmed,1785296317.7742229,1785296317774222969,1384985990922355,34.1,53.3671875,-1.0,0,0
2026-07-28T23:38:37.775,10.42.0.145,10.42.0.1,39,1,DOWNLOAD,0.95,DOWNLOAD,0.95,-1,7300,1.3698630135109776e-10,1,7300.0,0.0,1,0,1.0,0.0,1.6444393723008264,0,0,0,0,0,0,0,0,0.0225,0.0,0.0,0.0,0.15,skip,training_upload_trigger_not_confirmed,1785296317.7758775,1785296317775877343,1384985992575840,34.1,53.3671875,-1.0,0,0
2026-07-28T23:38:37.776,10.42.0.145,10.42.0.1,39,1,DOWNLOAD,0.95,DOWNLOAD,0.95,-1,7300,6.84931506802402e-11,2,14600.0,0.0,2,0,1.0,0.0,1.4278822331417382,0,0,0,0,0,0,0,0,0.0225,0.0,0.0,0.0,0.15,skip,training_upload_trigger_not_confirmed,1785296317.7769246,1785296317776924717,1384985993623192,34.1,53.3671875,-1.0,0,0
2026-07-28T23:38:37.778,10.42.0.1,10.42.0.1,85,1,DOWNLOAD,0.95,DOWNLOAD,0.95,-1,14024,0.3366094700286373,39,257824.0,86786.0,21,18,0.7481616900264066,0.25183830997359336,0.019122845478782822,0,0,0,0,0,0,0,0,0.0225,0.0,0.0,0.0,0.15,skip,training_upload_trigger_not_confirmed,1785296317.7780826,1785296317778082602,1384985994781382,34.1,53.3671875,-1.0,0,0
2026-07-28T23:38:37.779,10.42.0.47,10.42.0.1,85,1,DOWNLOAD,0.9936852040366488,DOWNLOAD,0.9936852040366488,-1,7240,10.984668506908193,12,7240.0,79529.0,1,11,0.08343993822678607,0.9165600617732139,0.44277264397199295,0,0,0,0,0,0,0,0,0.057499999999999996,0.1,0.0,0.0,0.15,skip,training_upload_trigger_not_confirmed,1785296317.7796266,1785296317779626545,1384985996324906,34.1,53.3671875,-1.0,0,0
2026-07-28T23:38:37.780,10.42.0.47,10.42.0.1,85,1,DOWNLOAD,0.9700145517906562,DOWNLOAD,0.9700145517906562,-1,7240,5.492334253833402,13,14480.0,79529.0,2,11,0.15402780584837622,0.8459721941516238,0.3845639655009567,0,0,0,0,0,0,0,0,0.057499999999999996,0.1,0.0,0.0,0.15,skip,training_upload_trigger_not_confirmed,1785296317.7806697,1785296317780669691,1384985997367995,34.1,53.3671875,-1.0,0,0
2026-07-28T23:38:37.782,10.42.0.18,10.42.0.1,60,1,DOWNLOAD,0.95,DOWNLOAD,0.95,-1,10220,4.029008863657171e-11,3,24820.0,0.0,3,0,1.0,0.0,1.3518471831795535,0,0,0,0,0,0,0,0,0.0225,0.0,0.0,0.0,0.15,skip,training_upload_trigger_not_confirmed,1785296317.7821271,1785296317782127225,1384985998825870,34.1,53.3671875,-1.0,0,0
2026-07-28T23:38:37.783,10.42.0.18,10.42.0.1,60,1,DOWNLOAD,0.95,DOWNLOAD,0.95,-1,4380,3.424657534129292e-11,4,29200.0,0.0,4,0,1.0,0.0,1.173840883341442,0,0,0,0,0,0,0,0,0.0225,0.0,0.0,0.0,0.15,skip,training_upload_trigger_not_confirmed,1785296317.7831337,1785296317783133778,1384985999832013,34.1,53.3671875,-1.0,0,0
2026-07-28T23:38:37.784,10.42.0.18,10.42.0.1,60,1,DOWNLOAD,0.8674151690481542,DOWNLOAD,0.8674151690481542,0,43,3.424657534129292e-11,4,29200.0,0.0,4,0,1.0,0.0,2.5134964838048153,0,0,0,0,0,0,0,0,0.0225,0.0,0.0,0.0,0.15,skip,training_upload_trigger_not_confirmed,1785296317.7841156,1785296317784115581,1384986000814176,34.1,53.3671875,-1.0,0,0
2026-07-28T23:38:37.787,10.42.0.18,10.42.0.1,60,1,DOWNLOAD,0.95,DOWNLOAD,0.95,-1,14600,2.2831050227789245e-11,5,43800.0,0.0,5,0,1.0,0.0,2.1828600586010256,0,0,0,0,0,0,0,0,0.0225,0.0,0.0,0.0,0.15,skip,training_upload_trigger_not_confirmed,1785296317.7875218,1785296317787521744,1384986004220215,34.1,53.3671875,-1.0,0,0
2026-07-28T23:38:37.798,10.42.0.59,10.42.0.1,34,1,DOWNLOAD,0.95,DOWNLOAD,0.95,-1,5840,4.892367905827183e-11,3,20440.0,0.0,3,0,1.0,0.0,2.607566535843216,0,0,0,0,0,0,0,0,0.0225,0.0,0.0,0.0,0.15,skip,already_attacked_this_round,1785296317.798077,1785296317798077271,1384986014776316,34.1,53.3671875,-1.0,0,0
2026-07-28T23:38:37.799,10.42.0.59,10.42.0.1,34,1,DOWNLOAD,0.95,DOWNLOAD,0.95,-1,14600,2.8538812784573662e-11,4,35040.0,0.0,4,0,1.0,0.0,2.264097376508864,0,0,0,0,0,0,0,0,0.0225,0.0,0.0,0.0,0.15,skip,already_attacked_this_round,1785296317.7991512,1785296317799151059,1384986015849471,34.1,53.3671875,-1.0,0,0
2026-07-28T23:38:37.800,10.42.0.145,10.42.0.1,39,1,DOWNLOAD,0.9092413442628423,DOWNLOAD,0.9092413442628423,0,43,6.84931506802402e-11,2,14600.0,0.0,2,0,1.0,0.0,2.6607188155653563,0,0,0,0,0,0,0,0,0.0225,0.0,0.0,0.0,0.15,skip,training_upload_trigger_not_confirmed,1785296317.8006797,1785296317800679789,1384986017378399,34.1,53.3671875,-1.0,0,0
2026-07-28T23:38:37.801,10.42.0.145,10.42.0.1,39,1,DOWNLOAD,0.95,DOWNLOAD,0.95,-1,14600,3.424657534129292e-11,3,29200.0,0.0,3,0,1.0,0.0,2.313378902499201,0,0,0,0,0,0,0,0,0.0225,0.0,0.0,0.0,0.15,skip,training_upload_trigger_not_confirmed,1785296317.801777,1785296317801776891,1384986018475481,34.1,53.3671875,-1.0,0,0
2026-07-28T23:38:37.802,10.42.0.145,10.42.0.1,39,1,DOWNLOAD,0.95,DOWNLOAD,0.95,-1,14600,2.2831050227789245e-11,4,43800.0,0.0,4,0,1.0,0.0,2.008683011283623,0,0,0,0,0,0,0,0,0.0225,0.0,0.0,0.0,0.15,skip,training_upload_trigger_not_confirmed,1785296317.802903,1785296317802903115,1384986019601710,34.1,53.3671875,-1.0,0,0
2026-07-28T23:38:37.806,10.42.0.18,10.42.0.1,60,1,DOWNLOAD,0.95,DOWNLOAD,0.95,-1,14600,1.7123287670939668e-11,6,58400.0,0.0,6,0,1.0,0.0,1.8976944586773383,0,0,0,0,0,0,0,0,0.0225,0.0,0.0,0.0,0.15,skip,training_upload_trigger_not_confirmed,1785296317.806339,1785296317806339027,1384986023038106,34.1,53.3671875,-1.0,0,0
2026-07-28T23:38:37.808,10.42.0.18,10.42.0.1,60,1,DOWNLOAD,0.95,DOWNLOAD,0.95,-1,14600,1.369863013679865e-11,7,73000.0,0.0,7,0,1.0,0.0,1.6479352048809686,0,0,0,0,0,0,0,0,0.0225,0.0,0.0,0.0,0.15,skip,training_upload_trigger_not_confirmed,1785296317.8086796,1785296317808679670,1384986025378516,34.1,53.3671875,-1.0,0,0
2026-07-28T23:38:37.809,10.42.0.47,10.42.0.1,85,1,DOWNLOAD,0.9866151322914298,DOWNLOAD,0.9866151322914298,0,43,5.492334253833402,13,14480.0,79529.0,2,11,0.15402780584837622,0.8459721941516238,0.40326003192888127,0,0,0,0,0,0,0,0,0.057499999999999996,0.1,0.0,0.0,0.15,skip,training_upload_trigger_not_confirmed,1785296317.80974,1785296317809739919,1384986026438244,34.1,53.3671875,-1.0,0,0
2026-07-28T23:38:37.814,10.42.0.47,10.42.0.1,85,1,DOWNLOAD,0.9786311055480753,DOWNLOAD,0.9786311055480753,-1,2896,4.576945211580516,14,17376.0,79529.0,3,11,0.1793096331458645,0.8206903668541355,0.35452340705859936,0,0,0,0,0,0,0,0,0.057499999999999996,0.1,0.0,0.0,0.15,skip,training_upload_trigger_not_confirmed,1785296317.814081,1785296317814081053,1384986030779475,34.1,53.3671875,-1.0,0,0
2026-07-28T23:38:37.818,10.42.0.47,10.42.0.1,85,1,DOWNLOAD,0.9723285438233285,DOWNLOAD,0.9723285438233285,-1,13032,2.6153972638248026,15,30408.0,79529.0,4,11,0.2765947770086504,0.7234052229913496,0.3084333663536296,0,0,0,0,0,0,0,0,0.057499999999999996,0.1,0.0,0.0,0.15,skip,training_upload_trigger_not_confirmed,1785296317.8188398,1785296317818839754,1384986035538356,34.1,53.3671875,-1.0,0,0
2026-07-28T23:38:37.819,10.42.0.18,10.42.0.1,60,1,DOWNLOAD,0.95,DOWNLOAD,0.95,-1,6201,1.2626103205608186e-11,8,79201.0,0.0,8,0,1.0,0.0,1.432256291636962,0,0,0,0,0,0,0,0,0.0225,0.0,0.0,0.0,0.15,skip,training_upload_trigger_not_confirmed,1785296317.8198872,1785296317819887023,1384986036585482,34.1,53.3671875,-1.0,0,0
2026-07-28T23:38:37.820,10.42.0.59,10.42.0.1,34,1,DOWNLOAD,0.95,DOWNLOAD,0.95,-1,20440,1.8024513337814986e-11,5,55480.0,0.0,5,0,1.0,0.0,1.968615971934331,0,0,0,0,0,0,0,0,0.0225,0.0,0.0,0.0,0.15,skip,already_attacked_this_round,1785296317.820922,1785296317820921732,1384986037620230,34.1,53.3671875,-1.0,0,0
2026-07-28T23:38:37.826,10.42.0.145,10.42.0.1,39,1,DOWNLOAD,0.95,DOWNLOAD,0.95,-1,29200,1.369863013679865e-11,5,73000.0,0.0,5,0,1.0,0.0,1.7470981630521953,0,0,0,0,0,0,0,0,0.0225,0.0,0.0,0.0,0.15,skip,training_upload_trigger_not_confirmed,1785296317.8264909,1785296317826490980,1384986043189509,34.1,53.3671875,-1.0,0,0
2026-07-28T23:38:37.827,10.42.0.145,10.42.0.1,39,1,DOWNLOAD,0.95,DOWNLOAD,0.95,-1,6184,1.2628813901638856e-11,6,79184.0,0.0,6,0,1.0,0.0,1.5170144101397716,0,0,0,0,0,0,0,0,0.0225,0.0,0.0,0.0,0.15,skip,training_upload_trigger_not_confirmed,1785296317.827547,1785296317827547122,1384986044245564,34.1,53.3671875,-1.0,0,0
2026-07-28T23:38:37.832,10.42.0.59,10.42.0.1,34,1,DOWNLOAD,0.95,DOWNLOAD,0.95,-1,9104,1.5483711135645304e-11,6,64584.0,0.0,6,0,1.0,0.0,1.7107788316208445,0,0,0,0,0,0,0,0,0.0225,0.0,0.0,0.0,0.15,skip,already_attacked_this_round,1785296317.8328831,1785296317832883296,1384986049581458,34.1,53.3671875,-1.0,0,0
2026-07-28T23:38:37.833,10.42.0.47,10.42.0.1,85,1,DOWNLOAD,0.9618816881718011,DOWNLOAD,0.9618816881718011,-1,10136,1.9615479478847289,16,40544.0,79529.0,5,11,0.33766125606922454,0.6623387439307754,0.2697307896123384,0,0,0,0,0,0,0,0,0.057499999999999996,0.1,0.0,0.0,0.15,skip,training_upload_trigger_not_confirmed,1785296317.83357,1785296317833570165,1384986050268272,34.1,53.3671875,-1.0,0,0
2026-07-28T23:38:37.837,10.42.0.47,10.42.0.1,85,1,DOWNLOAD,0.9506872314765551,DOWNLOAD,0.9506872314765551,-1,11584,1.5256484039187068,17,52128.0,79529.0,6,11,0.39593792962014934,0.6040620703798507,0.23471764227250663,0,0,0,0,0,0,0,0,0.057499999999999996,0.1,0.0,0.0,0.15,skip,training_upload_trigger_not_confirmed,1785296317.8375957,1785296317837595747,1384986054294501,34.1,53.3671875,-1.0,0,0
2026-07-28T23:38:37.857,10.42.0.210,10.42.0.1,84,1,DOWNLOAD,0.9848100308360813,DOWNLOAD,0.9848100308360813,-1,10136,9.865824781978509e-11,1,10136.0,0.0,1,0,1.0,0.0,1.086460146730486,0,0,0,0,0,0,0,0,0.0225,0.0,0.0,0.0,0.15,skip,training_upload_trigger_not_confirmed,1785296317.8572483,1785296317857248277,1384986073946631,34.1,53.3671875,-1.0,0,0
2026-07-28T23:38:37.857,10.42.0.210,10.42.0.1,84,1,DOWNLOAD,0.43935248518011855,DOWNLOAD,0.43935248518011855,0,43,9.865824781978509e-11,1,10136.0,0.0,1,0,1.0,0.0,2.023509151965805,0,0,0,0,0,0,0,0,0.0225,0.0,0.0,0.0,0.15,skip,training_upload_trigger_not_confirmed,1785296317.8579986,1785296317857998616,1384986074696761,34.1,53.3671875,-1.0,0,0
2026-07-28T23:38:37.859,10.42.0.210,10.42.0.1,84,1,DOWNLOAD,0.9557926560077417,DOWNLOAD,0.9557926560077417,-1,14480,4.062398439873968e-11,2,24616.0,0.0,2,0,1.0,0.0,1.7572093144630927,0,0,0,0,0,0,0,0,0.0225,0.0,0.0,0.0,0.15,skip,training_upload_trigger_not_confirmed,1785296317.8598816,1785296317859881602,1384986076579774,34.1,53.3671875,-1.0,0,0
2026-07-28T23:38:37.863,10.42.0.47,10.42.0.1,85,1,DOWNLOAD,0.95,DOWNLOAD,0.95,-1,7240,1.3395937205171202,18,59368.0,79529.0,7,11,0.4274246384011174,0.5725753615988827,0.20717839284486517,0,0,0,0,0,0,0,0,0.057499999999999996,0.1,0.0,0.0,0.15,skip,training_upload_trigger_not_confirmed,1785296317.8633256,1785296317863325679,1384986080024213,34.1,53.3671875,-1.0,0,0
2026-07-28T23:38:37.866,10.42.0.47,10.42.0.1,85,1,DOWNLOAD,0.95,DOWNLOAD,0.95,-1,13032,1.0984668508273692,19,72400.0,79529.0,8,11,0.47653838306050855,0.5234616169394914,0.18024408652393342,0,0,0,0,0,0,0,0,0.039999999999999994,0.05,0.0,0.0,0.15,skip,training_upload_trigger_not_confirmed,1785296317.866107,1785296317866106903,1384986082805744,34.1,53.3671875,-1.0,0,0
2026-07-28T23:38:37.873,10.42.0.210,10.42.0.1,84,1,DOWNLOAD,0.9846998846180315,DOWNLOAD,0.9846998846180315,-1,15928,2.4664561956771294e-11,3,40544.0,0.0,3,0,1.0,0.0,1.527459804509125,0,0,0,0,0,0,0,0,0.0225,0.0,0.0,0.0,0.15,skip,training_upload_trigger_not_confirmed,1785296317.8735855,1785296317873585468,1384986090283951,34.1,53.3671875,-1.0,0,0
2026-07-28T23:38:37.879,10.42.0.47,10.42.0.1,85,1,DOWNLOAD,0.95,DOWNLOAD,0.95,-1,6801,1.0041413618514394,20,79201.0,79529.0,9,11,0.49896679896679896,0.501033201033201,0.1582292133185883,0,0,0,0,0,0,0,0,0.039999999999999994,0.05,0.0,0.0,0.15,skip,training_upload_trigger_not_confirmed,1785296317.8792863,1785296317879286342,1384986095984853,34.1,53.3671875,-1.0,0,0
2026-07-28T23:38:37.893,10.42.0.210,10.42.0.1,84,1,DOWNLOAD,0.9854895428954357,DOWNLOAD,0.9854895428954357,-1,17376,1.7265193369867658e-11,4,57920.0,0.0,4,0,1.0,0.0,1.3288187000482952,0,0,0,0,0,0,0,0,0.0225,0.0,0.0,0.0,0.15,skip,training_upload_trigger_not_confirmed,1785296317.8936129,1785296317893612802,1384986110311392,34.1,53.3671875,-1.0,0,0
2026-07-28T23:38:37.915,10.42.0.210,10.42.0.1,84,1,DOWNLOAD,0.9855083405864443,DOWNLOAD,0.9855083405864443,-1,6784,1.5454995054162724e-11,5,64704.0,0.0,5,0,1.0,0.0,1.1565839945047063,0,0,0,0,0,0,0,0,0.0225,0.0,0.0,0.0,0.15,skip,training_upload_trigger_not_confirmed,1785296317.91539,1785296317915390011,1384986132088540,34.1,53.3671875,-1.0,0,0
2026-07-28T23:38:38.177,10.42.0.145,10.42.0.1,39,3,UPLOAD,0.95,UPLOAD,0.95,1,64240,0.811275005053909,7,79184.0,64240.0,6,1,0.5520972780008925,0.4479027219991075,1.3667092003961494,0,0,0,1,1,1,1,1,0.9699999999999999,1.0,1.0,1.0,0.8,trigger,training_upload_trigger_confirmed,1785296318.1770694,1785296318177069233,1384986393767759,34.1,53.3671875,7.085946,1785296318184156420,1384986400853705
2026-07-28T23:38:38.178,10.42.0.1,10.42.0.1,85,3,UPLOAD,0.95,UPLOAD,0.95,1,7240,0.364690641680508,40,257824.0,94026.0,21,19,0.7327668040358107,0.26723319596418926,0.05623091184090788,1,0,0,1,1,1,1,1,0.9699999999999999,1.0,1.0,1.0,0.8,trigger,training_upload_trigger_confirmed,1785296318.1781077,1785296318178107596,1384986394806226,34.1,53.3671875,12.943515,1785296318191052495,1384986407749741
2026-07-28T23:38:38.178,10.42.0.1,10.42.0.1,85,3,UPLOAD,0.95,UPLOAD,0.95,1,7240,0.39277181333237876,41,257824.0,101266.0,21,20,0.7179927037789969,0.28200729622100307,0.04892909518792535,1,0,1,1,1,1,1,1,0.9699999999999999,1.0,1.0,1.0,0.8,skip,attack_already_active,1785296318.1789272,1785296318178926998,1384986395625676,34.1,53.3671875,-1.0,0,0
2026-07-28T23:38:38.186,10.42.0.59,10.42.0.1,34,3,UPLOAD,0.95,UPLOAD,0.95,1,64240,0.994673603369338,7,64584.0,64240.0,6,1,0.5013351549400733,0.4986648450599267,1.5432127353270315,0,0,0,1,1,1,1,1,0.9699999999999999,1.0,1.0,1.0,0.8,skip,already_attacked_this_round,1785296318.1861408,1785296318186140779,1384986402839853,34.1,53.3671875,-1.0,0,0
2026-07-28T23:38:38.187,10.42.0.1,10.42.0.1,85,3,UPLOAD,0.95,UPLOAD,0.95,1,7240,0.4208529849842495,42,257824.0,108506.0,21,21,0.7038025823710862,0.29619741762891383,0.04363259476999566,1,0,1,1,1,1,1,1,0.9699999999999999,1.0,1.0,1.0,0.8,skip,attack_already_active,1785296318.1876626,1785296318187662551,1384986404361165,34.1,53.3671875,-1.0,0,0
2026-07-28T23:38:38.188,10.42.0.1,10.42.0.1,85,3,UPLOAD,0.95,UPLOAD,0.95,1,7240,0.4489341566361202,43,257824.0,115746.0,21,22,0.6901624862810183,0.3098375137189817,0.03800935671835525,1,0,1,1,1,1,1,1,0.9699999999999999,1.0,1.0,1.0,0.8,skip,attack_already_active,1785296318.188622,1785296318188622186,1384986405321272,34.1,53.3671875,-1.0,0,0
2026-07-28T23:38:38.248,10.42.0.18,10.42.0.1,60,3,UPLOAD,0.95,UPLOAD,0.95,1,49640,0.6267597631390165,9,79201.0,49640.0,8,1,0.6147189171148936,0.38528108288510643,1.3046513532972812,0,0,0,1,1,1,1,1,0.9699999999999999,1.0,1.0,1.0,0.8,trigger,training_upload_trigger_confirmed,1785296318.2480133,1785296318248013340,1384986464711863,60.3,53.3671875,5.498155,1785296318253512616,1384986470210018
2026-07-28T23:38:38.249,10.42.0.18,10.42.0.1,60,3,UPLOAD,0.9841010226033655,UPLOAD,0.9841010226033655,1,29889,1.0041413618514394,10,79201.0,79529.0,8,2,0.49896679896679896,0.501033201033201,1.132959296752766,0,0,1,1,1,1,1,1,0.9699999999999999,1.0,1.0,1.0,0.8,skip,attack_already_active,1785296318.249741,1785296318249740939,1384986466440122,60.3,53.3671875,-1.0,0,0
2026-07-28T23:38:38.251,10.42.0.1,10.42.0.1,85,3,UPLOAD,0.95,UPLOAD,0.95,1,7240,0.41523675065387533,41,257824.0,107058.0,21,20,0.7065955569197713,0.29340444308022867,0.04123889170321761,1,0,1,1,1,1,1,1,0.9699999999999999,1.0,1.0,1.0,0.8,skip,attack_already_active,1785296318.2511394,1785296318251139277,1384986467837874,60.3,53.3671875,-1.0,0,0
2026-07-28T23:38:38.252,10.42.0.1,10.42.0.1,85,3,UPLOAD,0.95,UPLOAD,0.95,1,7240,0.44331792230574607,42,257824.0,114298.0,21,21,0.6928480444585378,0.3071519555414622,0.03592728108636224,1,0,1,1,1,1,1,1,0.9699999999999999,1.0,1.0,1.0,0.8,skip,attack_already_active,1785296318.25207,1785296318252069879,1384986468768190,60.3,53.3671875,-1.0,0,0
2026-07-28T23:38:38.274,10.42.0.1,10.42.0.1,85,3,UPLOAD,0.95,UPLOAD,0.95,1,1448,0.40962051632350116,42,257824.0,105610.0,21,21,0.7094107871030229,0.29058921289697714,0.03419379204474127,1,0,1,1,1,1,1,1,0.9699999999999999,1.0,1.0,1.0,0.8,skip,attack_already_active,1785296318.2748423,1785296318274842396,1384986491541402,60.3,53.3671875,-1.0,0,0
2026-07-28T23:38:38.283,10.42.0.1,10.42.0.1,85,3,UPLOAD,0.95,UPLOAD,0.95,1,14480,0.46578285962724264,43,257824.0,120090.0,21,22,0.6822292902618056,0.3177707097381944,0.030816344949206036,1,0,1,1,1,1,1,1,0.9699999999999999,1.0,1.0,1.0,0.8,skip,attack_already_active,1785296318.2834055,1785296318283405452,1384986500104198,60.3,53.3671875,-1.0,0,0
2026-07-28T23:38:38.284,10.42.0.1,10.42.0.1,85,3,UPLOAD,0.95,UPLOAD,0.95,1,14480,0.5107127342702359,43,257824.0,131674.0,21,22,0.661939214065284,0.33806078593471595,0.026845988393105397,1,0,1,1,1,1,1,1,0.9699999999999999,1.0,1.0,1.0,0.8,skip,attack_already_active,1785296318.284092,1785296318284091949,1384986500790033,60.3,53.3671875,-1.0,0,0
2026-07-28T23:38:38.284,10.42.0.1,10.42.0.1,85,3,UPLOAD,0.8407646491483354,UPLOAD,0.8407646491483354,0,43,0.5107127342702359,43,257824.0,131674.0,21,22,0.661939214065284,0.33806078593471595,0.07162641711370571,1,0,1,1,1,1,1,1,0.8025,0.7500000000000001,1.0,0.6000000000000001,0.8,skip,attack_already_active,1785296318.2847335,1785296318284733477,1384986501431699,60.3,53.3671875,-1.0,0,0
2026-07-28T23:38:38.285,10.42.0.1,10.42.0.1,85,3,UPLOAD,0.8194839116704076,UPLOAD,0.8194839116704076,0,43,0.5107127342702359,43,257824.0,131674.0,21,22,0.661939214065284,0.33806078593471595,0.062342740814246296,1,0,1,1,1,1,1,1,0.8025,0.7500000000000001,1.0,0.6000000000000001,0.8,skip,attack_already_active,1785296318.2859087,1785296318285908862,1384986502607077,60.3,53.3671875,-1.0,0,0
2026-07-28T23:38:38.286,10.42.0.1,10.42.0.1,85,3,UPLOAD,0.8041474867697931,UPLOAD,0.8041474867697931,0,43,0.5107127342702359,43,257824.0,131674.0,21,22,0.661939214065284,0.33806078593471595,0.054245626156578436,1,0,1,1,1,1,1,1,0.8025,0.7500000000000001,1.0,0.6000000000000001,0.8,skip,attack_already_active,1785296318.2868047,1785296318286804650,1384986503502781,60.3,53.3671875,-1.0,0,0
2026-07-28T23:38:38.287,10.42.0.1,10.42.0.1,85,3,UPLOAD,0.95,UPLOAD,0.95,1,14480,0.5668750775739774,44,257824.0,146154.0,21,23,0.6382129719935244,0.3617870280064756,0.04758246066684398,1,0,1,1,1,1,1,1,0.9699999999999999,1.0,1.0,1.0,0.8,skip,attack_already_active,1785296318.2877727,1785296318287772761,1384986504471022,60.3,53.3671875,-1.0,0,0
2026-07-28T23:38:38.288,10.42.0.1,10.42.0.1,85,3,UPLOAD,0.95,UPLOAD,0.95,1,14480,0.6230374208777187,45,257824.0,160634.0,21,24,0.6161287393238987,0.3838712606761013,0.04140611978895283,1,0,1,1,1,1,1,1,0.9699999999999999,1.0,1.0,1.0,0.8,skip,attack_already_active,1785296318.2884846,1785296318288484585,1384986505182738,60.3,53.3671875,-1.0,0,0
2026-07-28T23:38:38.289,10.42.0.1,10.42.0.1,85,3,UPLOAD,0.95,UPLOAD,0.95,1,14480,0.6791997641814602,46,257824.0,175114.0,21,25,0.5955217606216132,0.40447823937838673,0.03606892260451139,1,0,1,1,1,1,1,1,0.9699999999999999,1.0,1.0,1.0,0.8,skip,attack_already_active,1785296318.2893882,1785296318289388393,1384986506086617,60.3,53.3671875,-1.0,0,0
2026-07-28T23:38:38.290,10.42.0.1,10.42.0.1,85,3,UPLOAD,0.95,UPLOAD,0.95,1,14480,0.7353621074852017,47,257824.0,189594.0,21,26,0.5762486086836024,0.42375139131639766,0.03140069243646433,1,0,1,1,1,1,1,1,0.9699999999999999,1.0,1.0,1.0,0.8,skip,attack_already_active,1785296318.2900312,1785296318290031086,1384986506729166,60.3,53.3671875,-1.0,0,0
2026-07-28T23:38:38.293,10.42.0.1,10.42.0.1,85,3,UPLOAD,0.95,UPLOAD,0.95,1,14480,0.7915244507889432,48,257824.0,204074.0,21,27,0.5581838414541739,0.4418161585458261,0.027683845707182155,1,0,1,1,1,1,1,1,0.9699999999999999,1.0,1.0,1.0,0.8,skip,attack_already_active,1785296318.2932258,1785296318293225795,1384986509923872,60.3,53.3671875,-1.0,0,0
2026-07-28T23:38:38.293,10.42.0.1,10.42.0.1,85,3,UPLOAD,0.95,UPLOAD,0.95,1,14480,0.8476867940926845,49,257824.0,218554.0,21,28,0.5412172686396097,0.4587827313603903,0.024120963020284582,1,0,1,1,1,1,1,1,0.9699999999999999,1.0,1.0,1.0,0.8,skip,attack_already_active,1785296318.2938719,1785296318293871816,1384986510569934,60.3,53.3671875,-1.0,0,0
2026-07-28T23:38:38.295,10.42.0.1,10.42.0.1,85,3,UPLOAD,0.95,UPLOAD,0.95,1,14480,0.903849137396426,50,257824.0,233034.0,21,29,0.5252517021215912,0.47474829787840883,0.021123620548087772,1,0,1,1,1,1,1,1,0.9699999999999999,1.0,1.0,1.0,0.8,skip,attack_already_active,1785296318.2952468,1785296318295246733,1384986511945096,60.3,53.3671875,-1.0,0,0
2026-07-28T23:38:38.296,10.42.0.1,10.42.0.1,85,3,UPLOAD,0.95,UPLOAD,0.95,1,14480,0.9600114807001675,51,257824.0,247514.0,21,30,0.5102010931297468,0.4897989068702532,0.018464919743412057,1,0,1,1,1,1,1,1,0.9699999999999999,1.0,1.0,1.0,0.8,skip,attack_already_active,1785296318.2961943,1785296318296194325,1384986512892468,60.3,53.3671875,-1.0,0,0
2026-07-28T23:38:38.297,10.42.0.1,10.42.0.1,85,3,UPLOAD,0.95,UPLOAD,0.95,1,15928,1.0217900583342832,52,257824.0,263442.0,21,31,0.49461119658677144,0.5053888034132286,0.016217894749040698,1,0,1,1,1,1,1,1,0.9699999999999999,1.0,1.0,1.0,0.8,skip,attack_already_active,1785296318.2976072,1785296318297607189,1384986514305329,60.3,53.3671875,-1.0,0,0
2026-07-28T23:38:38.301,10.42.0.1,10.42.0.1,85,3,UPLOAD,0.95,UPLOAD,0.95,1,14480,1.0779524016380246,53,257824.0,277922.0,21,32,0.48124297708242336,0.5187570229175766,0.014549727614146813,1,0,1,1,1,1,1,1,0.9699999999999999,1.0,1.0,1.0,0.8,skip,attack_already_active,1785296318.3011658,1785296318301165750,1384986517864089,60.3,53.3671875,-1.0,0,0
2026-07-28T23:38:38.302,10.42.0.1,10.42.0.1,85,3,UPLOAD,0.95,UPLOAD,0.95,1,7130,1.1056069256543006,54,257824.0,285052.0,21,33,0.47492245006226097,0.525077549937739,0.012773415226773615,1,0,1,1,1,1,1,1,0.9699999999999999,1.0,1.0,1.0,0.8,skip,attack_already_active,1785296318.3022356,1785296318302235544,1384986518933690,60.3,53.3671875,-1.0,0,0
2026-07-28T23:38:38.303,10.42.0.1,10.42.0.1,85,3,UPLOAD,0.95,UPLOAD,0.95,1,4233,1.1220251023949592,55,257824.0,289285.0,21,34,0.47124795973014516,0.5287520402698548,0.011213456001019164,1,0,1,1,1,1,1,1,0.9699999999999999,1.0,1.0,1.0,0.8,skip,attack_already_active,1785296318.303171,1785296318303170885,1384986519868977,60.3,53.3671875,-1.0,0,0
2026-07-28T23:38:38.308,10.42.0.1,10.42.0.1,85,3,UPLOAD,0.95,UPLOAD,0.95,1,7129,1.1496757477963662,56,257824.0,296414.0,21,35,0.465186436151978,0.5348135638480219,0.010499096508931733,1,0,1,1,1,1,1,1,0.9699999999999999,1.0,1.0,1.0,0.8,skip,attack_already_active,1785296318.3089633,1785296318308963454,1384986525661998,60.3,53.3671875,-1.0,0,0
2026-07-28T23:38:38.775,10.42.0.47,10.42.0.1|10.42.0.47,85,3,UPLOAD,0.95,UPLOAD,0.95,1,7240,0.09141298722122938,10,79201.0,7240.0,9,1,0.9162434492891105,0.08375655071088951,0.2646532485183678,1,0,0,1,1,1,1,1,0.9699999999999999,1.0,1.0,1.0,0.8,trigger,training_upload_trigger_confirmed,1785296318.7755919,1785296318775591976,1384986992291011,26.0,53.3671875,6.299592,1785296318781893273,1384986998590603
2026-07-28T23:38:38.776,10.42.0.47,10.42.0.1|10.42.0.47,85,3,UPLOAD,0.95,UPLOAD,0.95,1,7240,0.18282597442983264,11,79201.0,14480.0,9,2,0.8454329052849564,0.1545670947150436,0.22991490206473314,1,0,1,1,1,1,1,1,0.9699999999999999,1.0,1.0,1.0,0.8,skip,attack_already_active,1785296318.7766254,1785296318776625395,1384986993323782,26.0,53.3671875,-1.0,0,0
2026-07-28T23:38:38.780,10.42.0.47,10.42.0.1|10.42.0.47,85,3,UPLOAD,0.95,UPLOAD,0.95,1,14480,0.40244021067797225,11,71961.0,28960.0,8,3,0.7130428751201435,0.28695712487985653,0.20011080259534242,1,0,1,1,1,1,1,1,0.9699999999999999,1.0,1.0,1.0,0.8,skip,attack_already_active,1785296318.7803652,1785296318780365413,1384986997064410,26.0,53.3671875,-1.0,0,0
2026-07-28T23:38:38.781,10.42.0.47,10.42.0.1|10.42.0.47,85,3,UPLOAD,0.95,UPLOAD,0.95,1,13032,0.6488156857952007,11,64721.0,41992.0,7,4,0.6064959283311312,0.39350407166886886,0.17394259968936177,1,0,1,1,1,1,1,1,0.9699999999999999,1.0,1.0,1.0,0.8,skip,attack_already_active,1785296318.7818928,1785296318781892974,1384986998592560,26.0,53.3671875,-1.0,0,0
2026-07-28T23:38:38.784,10.42.0.47,10.42.0.1|10.42.0.47,85,3,UPLOAD,0.95,UPLOAD,0.95,1,1448,0.671188640477261,12,64721.0,43440.0,7,5,0.5983764943001636,0.40162350569983635,0.15131842688690855,1,0,1,1,1,1,1,1,0.9699999999999999,1.0,1.0,1.0,0.8,skip,attack_already_active,1785296318.7841468,1785296318784146733,1384987000845340,26.0,53.3671875,-1.0,0,0
2026-07-28T23:38:38.785,10.42.0.47,10.42.0.1|10.42.0.47,85,3,UPLOAD,0.95,UPLOAD,0.95,1,1448,0.6935615951593214,13,64721.0,44888.0,7,6,0.5904715853625159,0.40952841463748413,0.13150698764841828,1,0,1,1,1,1,1,1,0.9699999999999999,1.0,1.0,1.0,0.8,skip,attack_already_active,1785296318.7851217,1785296318785121671,1384987001820014,26.0,53.3671875,-1.0,0,0
2026-07-28T23:38:38.786,10.42.0.47,10.42.0.1|10.42.0.47,85,3,UPLOAD,0.95,UPLOAD,0.95,1,10136,0.8501722779337437,14,64721.0,55024.0,7,7,0.5404902083594304,0.45950979164056954,0.11435004909582527,1,0,1,1,1,1,1,1,0.9699999999999999,1.0,1.0,1.0,0.8,skip,attack_already_active,1785296318.7864294,1785296318786429507,1384987003127951,26.0,53.3671875,-1.0,0,0
2026-07-28T23:38:38.787,10.42.0.47,10.42.0.1|10.42.0.47,85,3,UPLOAD,0.95,UPLOAD,0.95,1,10136,1.006782960708166,15,64721.0,65160.0,7,8,0.49830999145371535,0.5016900085462846,0.09945549646362023,1,0,1,1,1,1,1,1,0.9699999999999999,1.0,1.0,1.0,0.8,skip,attack_already_active,1785296318.7877488,1785296318787748817,1384987004447618,26.0,53.3671875,-1.0,0,0
2026-07-28T23:38:38.789,10.42.0.47,10.42.0.1|10.42.0.47,85,3,UPLOAD,0.95,UPLOAD,0.95,1,14369,1.2287974536822854,16,64721.0,79529.0,7,9,0.4486724436741768,0.5513275563258232,0.08653346784661502,1,0,1,1,1,1,1,1,0.9699999999999999,1.0,1.0,1.0,0.8,skip,attack_already_active,1785296318.7891426,1785296318789142407,1384987005840828,26.0,53.3671875,-1.0,0,0
2026-07-28T23:38:38.790,10.42.0.1,10.42.0.1|10.42.0.47,85,3,UPLOAD,0.9802178962822199,UPLOAD,0.9802178962822199,1,7240,100.0,23,0.0,245828.0,0,23,0.0,1.0,0.0673611125679769,1,0,1,1,1,1,1,1,0.9699999999999999,1.0,1.0,1.0,0.8,skip,attack_already_active,1785296318.7904816,1785296318790481676,1384987007180037,26.0,53.3671875,-1.0,0,0
2026-07-28T23:38:38.791,10.42.0.1,10.42.0.1|10.42.0.47,85,3,UPLOAD,0.9853480816260107,UPLOAD,0.9853480816260107,1,7240,100.0,24,0.0,253068.0,0,24,0.0,1.0,0.05860832836749083,1,0,1,1,1,1,1,1,0.9699999999999999,1.0,1.0,1.0,0.8,skip,attack_already_active,1785296318.7914202,1785296318791420036,1384987008118406,26.0,53.3671875,-1.0,0,0
2026-07-28T23:38:38.895,10.42.0.1,10.42.0.1|10.42.0.47,85,3,UPLOAD,0.9855042525913382,UPLOAD,0.9855042525913382,1,8688,100.0,25,0.0,261756.0,0,25,0.0,1.0,0.06462452016573712,1,0,1,1,1,1,1,1,0.9699999999999999,1.0,1.0,1.0,0.8,skip,attack_already_active,1785296318.8956838,1785296318895683846,1384987112382673,26.0,53.3671875,-1.0,0,0
2026-07-28T23:38:38.896,10.42.0.1,10.42.0.1|10.42.0.47,85,3,UPLOAD,0.9855086103356882,UPLOAD,0.9855086103356882,1,8688,100.0,26,0.0,270444.0,0,26,0.0,1.0,0.056223457828048634,1,0,1,1,1,1,1,1,0.9699999999999999,1.0,1.0,1.0,0.8,skip,attack_already_active,1785296318.896555,1785296318896555054,1384987113253622,26.0,53.3671875,-1.0,0,0
2026-07-28T23:38:38.897,10.42.0.1,10.42.0.1|10.42.0.47,85,3,UPLOAD,0.9855087233956333,UPLOAD,0.9855087233956333,1,1448,100.0,27,0.0,271892.0,0,27,0.0,1.0,0.04894775740893912,1,0,1,1,1,1,1,1,0.9699999999999999,1.0,1.0,1.0,0.8,skip,attack_already_active,1785296318.8975651,1785296318897565065,1384987114264705,26.0,53.3671875,-1.0,0,0
2026-07-28T23:38:38.899,10.42.0.1,10.42.0.1|10.42.0.47,85,3,UPLOAD,0.9855087261062294,UPLOAD,0.9855087261062294,1,8688,100.0,28,0.0,280580.0,0,28,0.0,1.0,0.04270266032805785,1,0,1,1,1,1,1,1,0.9699999999999999,1.0,1.0,1.0,0.8,skip,attack_already_active,1785296318.8991206,1785296318899120662,1384987115820524,26.0,53.3671875,-1.0,0,0
2026-07-28T23:38:38.900,10.42.0.1,10.42.0.1|10.42.0.47,85,3,UPLOAD,0.9855087261646159,UPLOAD,0.9855087261646159,1,7240,100.0,29,0.0,287820.0,0,29,0.0,1.0,0.03729084394898632,1,0,1,1,1,1,1,1,0.9699999999999999,1.0,1.0,1.0,0.8,skip,attack_already_active,1785296318.9007545,1785296318900754417,1384987117454059,26.0,53.3671875,-1.0,0,0
2026-07-28T23:38:38.901,10.42.0.1,10.42.0.1|10.42.0.47,85,3,UPLOAD,0.985508726165653,UPLOAD,0.985508726165653,1,2896,100.0,30,0.0,290716.0,0,30,0.0,1.0,0.03249288755655463,1,0,1,1,1,1,1,1,0.9699999999999999,1.0,1.0,1.0,0.8,skip,attack_already_active,1785296318.901635,1785296318901634924,1384987118334096,26.0,53.3671875,-1.0,0,0
2026-07-28T23:38:38.903,10.42.0.1,10.42.0.1|10.42.0.47,85,3,UPLOAD,0.9855087261656631,UPLOAD,0.9855087261656631,1,8688,100.0,31,0.0,299404.0,0,31,0.0,1.0,0.02840377513916725,1,0,1,1,1,1,1,1,0.9699999999999999,1.0,1.0,1.0,0.8,skip,attack_already_active,1785296318.9030967,1785296318903096546,1384987119795135,26.0,53.3671875,-1.0,0,0
2026-07-28T23:38:38.904,10.42.0.1,10.42.0.1|10.42.0.47,85,3,UPLOAD,0.9851909626441276,UPLOAD,0.9851909626441276,1,8688,100.0,32,0.0,308092.0,0,32,0.0,1.0,0.0247799235964627,1,0,1,1,1,1,1,1,0.9699999999999999,1.0,1.0,1.0,0.8,skip,attack_already_active,1785296318.904,1785296318904000078,1384987120698626,26.0,53.3671875,-1.0,0,0
2026-07-28T23:38:38.904,10.42.0.1,10.42.0.1|10.42.0.47,85,3,UPLOAD,0.9852794537301848,UPLOAD,0.9852794537301848,1,1448,100.0,33,0.0,309540.0,0,33,0.0,1.0,0.021623235396831725,1,0,1,1,1,1,1,1,0.9699999999999999,1.0,1.0,1.0,0.8,skip,attack_already_active,1785296318.9048247,1785296318904824939,1384987121524082,26.0,53.3671875,-1.0,0,0
2026-07-28T23:38:38.905,10.42.0.1,10.42.0.1|10.42.0.47,85,3,UPLOAD,0.984991706960113,UPLOAD,0.984991706960113,1,8577,100.0,34,0.0,318117.0,0,34,0.0,1.0,0.01892593706742043,1,0,1,1,1,1,1,1,0.9699999999999999,1.0,1.0,1.0,0.8,skip,attack_already_active,1785296318.905979,1785296318905978878,1384987122677910,26.0,53.3671875,-1.0,0,0
2026-07-28T23:38:39.638,10.42.0.210,10.42.0.1|10.42.0.47,84,3,UPLOAD,0.95,UPLOAD,0.95,1,1448,100.0,1,0.0,1448.0,0,1,0.0,1.0,1.2388444848004319,0,0,0,1,1,1,1,1,0.9525,0.95,1.0,1.0,0.8,trigger,training_upload_trigger_confirmed,1785296319.6388347,1785296319638834622,1384987855533774,26.2,53.3671875,7.758222,1785296319646594725,1384987863291996
2026-07-28T23:38:39.639,10.42.0.210,10.42.0.1|10.42.0.47,84,3,UPLOAD,0.9841010226033655,UPLOAD,0.9841010226033655,1,1448,100.0,2,0.0,2896.0,0,2,0.0,1.0,1.0757011567891221,0,0,1,1,1,1,1,1,0.9699999999999999,1.0,1.0,1.0,0.8,skip,attack_already_active,1785296319.6396296,1785296319639629514,1384987856327847,26.2,53.3671875,-1.0,0,0
2026-07-28T23:38:39.640,10.42.0.210,10.42.0.1|10.42.0.47,84,3,UPLOAD,0.9854688349332961,UPLOAD,0.9854688349332961,1,1448,100.0,3,0.0,4344.0,0,3,0.0,1.0,0.9340916758393313,0,0,1,1,1,1,1,1,0.9699999999999999,1.0,1.0,1.0,0.8,skip,attack_already_active,1785296319.6406956,1785296319640695565,1384987857394392,26.2,53.3671875,-1.0,0,0
2026-07-28T23:38:39.641,10.42.0.210,10.42.0.1|10.42.0.47,84,3,UPLOAD,0.9855076450773014,UPLOAD,0.9855076450773014,1,1448,100.0,4,0.0,5792.0,0,4,0.0,1.0,0.8111109773605575,0,0,1,1,1,1,1,1,0.9699999999999999,1.0,1.0,1.0,0.8,skip,attack_already_active,1785296319.6415207,1785296319641520580,1384987858218988,26.2,53.3671875,-1.0,0,0
2026-07-28T23:38:39.642,10.42.0.210,10.42.0.1|10.42.0.47,84,3,UPLOAD,0.9855086980780915,UPLOAD,0.9855086980780915,1,1448,100.0,5,0.0,7240.0,0,5,0.0,1.0,0.7043495988644867,0,0,1,1,1,1,1,1,0.9699999999999999,1.0,1.0,1.0,0.8,skip,attack_already_active,1785296319.6424491,1785296319642449048,1384987859147571,26.2,53.3671875,-1.0,0,0
2026-07-28T23:38:39.643,10.42.0.210,10.42.0.1|10.42.0.47,84,3,UPLOAD,0.9855087254685951,UPLOAD,0.9855087254685951,1,1448,100.0,6,0.0,8688.0,0,6,0.0,1.0,0.6116145448814075,0,0,1,1,1,1,1,1,0.9699999999999999,1.0,1.0,1.0,0.8,skip,attack_already_active,1785296319.643058,1785296319643058224,1384987859756613,26.2,53.3671875,-1.0,0,0
2026-07-28T23:38:39.645,10.42.0.210,10.42.0.1|10.42.0.47,84,3,UPLOAD,0.9855087261493067,UPLOAD,0.9855087261493067,1,1448,100.0,7,0.0,10136.0,0,7,0.0,1.0,0.5312923810420962,0,0,1,1,1,1,1,1,0.9699999999999999,1.0,1.0,1.0,0.8,skip,attack_already_active,1785296319.64513,1785296319645129883,1384987861828589,26.2,53.3671875,-1.0,0,0
2026-07-28T23:38:39.645,10.42.0.210,10.42.0.1|10.42.0.47,84,3,UPLOAD,0.9855087261653082,UPLOAD,0.9855087261653082,1,1448,100.0,8,0.0,11584.0,0,8,0.0,1.0,0.4613781242628929,0,0,1,1,1,1,1,1,0.9699999999999999,1.0,1.0,1.0,0.8,skip,attack_already_active,1785296319.6458623,1785296319645862526,1384987862560712,26.2,53.3671875,-1.0,0,0
2026-07-28T23:38:39.646,10.42.0.210,10.42.0.1|10.42.0.47,84,3,UPLOAD,0.985508726165656,UPLOAD,0.985508726165656,1,1448,100.0,9,0.0,13032.0,0,9,0.0,1.0,0.4007124717905566,0,0,1,1,1,1,1,1,0.9699999999999999,1.0,1.0,1.0,0.8,skip,attack_already_active,1785296319.6468656,1785296319646865723,1384987863564035,26.2,53.3671875,-1.0,0,0
2026-07-28T23:38:39.647,10.42.0.210,10.42.0.1|10.42.0.47,84,3,UPLOAD,0.9855087261656625,UPLOAD,0.9855087261656625,1,1448,100.0,10,0.0,14480.0,0,10,0.0,1.0,0.3480070411487936,0,0,1,1,1,1,1,1,0.9699999999999999,1.0,1.0,1.0,0.8,skip,attack_already_active,1785296319.6476111,1785296319647611011,1384987864309263,26.2,53.3671875,-1.0,0,0
2026-07-28T23:38:39.648,10.42.0.210,10.42.0.1|10.42.0.47,84,3,UPLOAD,0.9855087261656628,UPLOAD,0.9855087261656628,1,1448,100.0,11,0.0,15928.0,0,11,0.0,1.0,0.3022711263453542,0,0,1,1,1,1,1,1,0.9699999999999999,1.0,1.0,1.0,0.8,skip,attack_already_active,1785296319.648541,1785296319648541011,1384987865239253,26.2,53.3671875,-1.0,0,0
2026-07-28T23:38:39.649,10.42.0.210,10.42.0.1|10.42.0.47,84,3,UPLOAD,0.95,UPLOAD,0.95,1,1448,100.0,12,0.0,17376.0,0,12,0.0,1.0,0.26255638227296213,0,0,1,1,1,1,1,1,0.9699999999999999,1.0,1.0,1.0,0.8,skip,attack_already_active,1785296319.649428,1785296319649427854,1384987866126986,26.2,53.3671875,-1.0,0,0
2026-07-28T23:38:39.651,10.42.0.210,10.42.0.1|10.42.0.47,84,3,UPLOAD,0.95,UPLOAD,0.95,1,1448,100.0,13,0.0,18824.0,0,13,0.0,1.0,0.22817682014416119,0,0,1,1,1,1,1,1,0.9699999999999999,1.0,1.0,1.0,0.8,skip,attack_already_active,1785296319.6510873,1785296319651087278,1384987867786825,26.2,53.3671875,-1.0,0,0
2026-07-28T23:38:39.652,10.42.0.210,10.42.0.1|10.42.0.47,84,3,UPLOAD,0.9734830541305259,UPLOAD,0.9734830541305259,1,1448,100.0,14,0.0,20272.0,0,14,0.0,1.0,0.1983491275269355,0,0,1,1,1,1,1,1,0.9699999999999999,1.0,1.0,1.0,0.8,skip,attack_already_active,1785296319.65291,1785296319652910163,1384987869610036,26.2,53.3671875,-1.0,0,0
2026-07-28T23:38:39.654,10.42.0.210,10.42.0.1|10.42.0.47,84,3,UPLOAD,0.9590683993453061,UPLOAD,0.9590683993453061,1,1448,100.0,15,0.0,21720.0,0,15,0.0,1.0,0.17245139774483495,0,0,1,1,1,1,1,1,0.9699999999999999,1.0,1.0,1.0,0.8,skip,attack_already_active,1785296319.6547284,1785296319654728459,1384987871427651,26.2,53.3671875,-1.0,0,0
2026-07-28T23:38:39.656,10.42.0.210,10.42.0.1|10.42.0.47,84,3,UPLOAD,0.95,UPLOAD,0.95,1,1448,100.0,16,0.0,23168.0,0,16,0.0,1.0,0.14991445728543648,0,0,1,1,1,1,1,1,0.9699999999999999,1.0,1.0,1.0,0.8,skip,attack_already_active,1785296319.6561532,1785296319656153167,1384987872851973,26.2,53.3671875,-1.0,0,0
2026-07-28T23:38:39.657,10.42.0.210,10.42.0.1|10.42.0.47,84,3,UPLOAD,0.95,UPLOAD,0.95,1,1448,100.0,17,0.0,24616.0,0,17,0.0,1.0,0.1303471845132461,0,0,1,1,1,1,1,1,0.9699999999999999,1.0,1.0,1.0,0.8,skip,attack_already_active,1785296319.657577,1785296319657577007,1384987874275352,26.2,53.3671875,-1.0,0,0
2026-07-28T23:38:39.658,10.42.0.210,10.42.0.1|10.42.0.47,84,3,UPLOAD,0.95,UPLOAD,0.95,1,1448,100.0,18,0.0,26064.0,0,18,0.0,1.0,0.11330245559896658,0,0,1,1,1,1,1,1,0.9699999999999999,1.0,1.0,1.0,0.8,skip,attack_already_active,1785296319.6585765,1785296319658576498,1384987875274944,26.2,53.3671875,-1.0,0,0
2026-07-28T23:38:39.659,10.42.0.210,10.42.0.1|10.42.0.47,84,3,UPLOAD,0.95,UPLOAD,0.95,1,1448,100.0,19,0.0,27512.0,0,19,0.0,1.0,0.09849882282090013,0,0,1,1,1,1,1,1,0.9699999999999999,1.0,1.0,1.0,0.8,skip,attack_already_active,1785296319.6595383,1785296319659538201,1384987876236453,26.2,53.3671875,-1.0,0,0
2026-07-28T23:38:39.660,10.42.0.210,10.42.0.1|10.42.0.47,84,3,UPLOAD,0.95,UPLOAD,0.95,1,1448,100.0,20,0.0,28960.0,0,20,0.0,1.0,0.08559814489876065,0,0,1,1,1,1,1,1,0.9699999999999999,1.0,1.0,1.0,0.8,skip,attack_already_active,1785296319.6601374,1785296319660137568,1384987876835662,26.2,53.3671875,-1.0,0,0
2026-07-28T23:38:39.661,10.42.0.210,10.42.0.1|10.42.0.47,84,3,UPLOAD,0.95,UPLOAD,0.95,1,1448,100.0,21,0.0,30408.0,0,21,0.0,1.0,0.07443357706066246,0,0,1,1,1,1,1,1,0.9699999999999999,1.0,1.0,1.0,0.8,skip,attack_already_active,1785296319.6610107,1785296319661010603,1384987877708559,26.2,53.3671875,-1.0,0,0
2026-07-28T23:38:39.661,10.42.0.210,10.42.0.1|10.42.0.47,84,3,UPLOAD,0.95,UPLOAD,0.95,1,1448,100.0,22,0.0,31856.0,0,22,0.0,1.0,0.06470713161053701,0,0,1,1,1,1,1,1,0.9699999999999999,1.0,1.0,1.0,0.8,skip,attack_already_active,1785296319.661633,1785296319661633087,1384987878331170,26.2,53.3671875,-1.0,0,0
2026-07-28T23:38:39.662,10.42.0.210,10.42.0.1|10.42.0.47,84,3,UPLOAD,0.95,UPLOAD,0.95,1,1448,100.0,23,0.0,33304.0,0,23,0.0,1.0,0.05628984222172051,0,0,1,1,1,1,1,1,0.9699999999999999,1.0,1.0,1.0,0.8,skip,attack_already_active,1785296319.6624637,1785296319662463841,1384987879161875,26.2,53.3671875,-1.0,0,0
2026-07-28T23:38:39.663,10.42.0.210,10.42.0.1|10.42.0.47,84,3,UPLOAD,0.95,UPLOAD,0.95,1,1448,100.0,24,0.0,34752.0,0,24,0.0,1.0,0.0489881458369951,0,0,1,1,1,1,1,1,0.9699999999999999,1.0,1.0,1.0,0.8,skip,attack_already_active,1785296319.663343,1785296319663342923,1384987880041128,26.2,53.3671875,-1.0,0,0
2026-07-28T23:38:39.664,10.42.0.210,10.42.0.1|10.42.0.47,84,3,UPLOAD,0.95,UPLOAD,0.95,1,1448,100.0,25,0.0,36200.0,0,25,0.0,1.0,0.04264567337134371,0,0,1,1,1,1,1,1,0.9699999999999999,1.0,1.0,1.0,0.8,skip,attack_already_active,1785296319.6641998,1785296319664199964,1384987880898223,26.2,53.3671875,-1.0,0,0
2026-07-28T23:38:39.664,10.42.0.210,10.42.0.1|10.42.0.47,84,3,UPLOAD,0.95,UPLOAD,0.95,1,1448,100.0,26,0.0,37648.0,0,26,0.0,1.0,0.037103098081654524,0,0,1,1,1,1,1,1,0.9699999999999999,1.0,1.0,1.0,0.8,skip,attack_already_active,1785296319.6647844,1785296319664784438,1384987881482476,26.2,53.3671875,-1.0,0,0
2026-07-28T23:38:39.665,10.42.0.210,10.42.0.1|10.42.0.47,84,3,UPLOAD,0.95,UPLOAD,0.95,1,1448,100.0,27,0.0,39096.0,0,27,0.0,1.0,0.032324006732096434,0,0,1,1,1,1,1,1,0.9699999999999999,1.0,1.0,1.0,0.8,skip,attack_already_active,1785296319.6656203,1785296319665620252,1384987882318343,26.2,53.3671875,-1.0,0,0
2026-07-28T23:38:39.666,10.42.0.210,10.42.0.1|10.42.0.47,84,3,UPLOAD,0.95,UPLOAD,0.95,1,1448,100.0,28,0.0,40544.0,0,28,0.0,1.0,0.02814194059057585,0,0,1,1,1,1,1,1,0.9699999999999999,1.0,1.0,1.0,0.8,skip,attack_already_active,1785296319.6662078,1785296319666207710,1384987882905704,26.2,53.3671875,-1.0,0,0
2026-07-28T23:38:39.667,10.42.0.210,10.42.0.1|10.42.0.47,84,3,UPLOAD,0.95,UPLOAD,0.95,1,1448,100.0,29,0.0,41992.0,0,29,0.0,1.0,0.02459755057260636,0,0,1,1,1,1,1,1,0.9699999999999999,1.0,1.0,1.0,0.8,skip,attack_already_active,1785296319.6674523,1785296319667452491,1384987884153044,26.2,53.3671875,-1.0,0,0
2026-07-28T23:38:39.668,10.42.0.210,10.42.0.1|10.42.0.47,84,3,UPLOAD,0.95,UPLOAD,0.95,1,1448,100.0,30,0.0,43440.0,0,30,0.0,1.0,0.02147004694829931,0,0,1,1,1,1,1,1,0.9699999999999999,1.0,1.0,1.0,0.8,skip,attack_already_active,1785296319.6683161,1785296319668316160,1384987885014680,26.2,53.3671875,-1.0,0,0
2026-07-28T23:38:39.669,10.42.0.210,10.42.0.1|10.42.0.47,84,3,UPLOAD,0.95,UPLOAD,0.95,1,1448,100.0,31,0.0,44888.0,0,31,0.0,1.0,0.01878322694350022,0,0,1,1,1,1,1,1,0.9699999999999999,1.0,1.0,1.0,0.8,skip,attack_already_active,1785296319.6693966,1785296319669396750,1384987886095280,41.6,53.3671875,-1.0,0,0
2026-07-28T23:38:39.670,10.42.0.210,10.42.0.1|10.42.0.47,84,3,UPLOAD,0.95,UPLOAD,0.95,1,1448,100.0,32,0.0,46336.0,0,32,0.0,1.0,0.01640688517056802,0,0,1,1,1,1,1,1,0.9699999999999999,1.0,1.0,1.0,0.8,skip,attack_already_active,1785296319.6701465,1785296319670146605,1384987886844976,41.6,53.3671875,-1.0,0,0
2026-07-28T23:38:39.671,10.42.0.210,10.42.0.1|10.42.0.47,84,3,UPLOAD,0.95,UPLOAD,0.95,1,1448,100.0,33,0.0,47784.0,0,33,0.0,1.0,0.014378432307082575,0,0,1,1,1,1,1,1,0.9699999999999999,1.0,1.0,1.0,0.8,skip,attack_already_active,1785296319.67116,1785296319671159976,1384987887858261,41.6,53.3671875,-1.0,0,0
2026-07-28T23:38:39.671,10.42.0.210,10.42.0.1|10.42.0.47,84,3,UPLOAD,0.95,UPLOAD,0.95,1,1448,100.0,34,0.0,49232.0,0,34,0.0,1.0,0.01257037144209954,0,0,1,1,1,1,1,1,0.9699999999999999,1.0,1.0,1.0,0.8,skip,attack_already_active,1785296319.6718175,1785296319671817366,1384987888515923,41.6,53.3671875,-1.0,0,0
2026-07-28T23:38:39.673,10.42.0.210,10.42.0.1|10.42.0.47,84,3,UPLOAD,0.95,UPLOAD,0.95,1,1448,100.0,35,0.0,50680.0,0,35,0.0,1.0,0.011096264486119915,0,0,1,1,1,1,1,1,0.9699999999999999,1.0,1.0,1.0,0.8,skip,attack_already_active,1785296319.6732013,1785296319673201379,1384987889899726,41.6,53.3671875,-1.0,0,0
2026-07-28T23:38:39.674,10.42.0.210,10.42.0.1|10.42.0.47,84,3,UPLOAD,0.95,UPLOAD,0.95,1,1448,100.0,36,0.0,52128.0,0,36,0.0,1.0,0.009763688657058667,0,0,1,1,1,1,1,1,0.9699999999999999,1.0,1.0,1.0,0.8,skip,attack_already_active,1785296319.674185,1785296319674184879,1384987890883400,41.6,53.3671875,-1.0,0,0
2026-07-28T23:38:39.675,10.42.0.210,10.42.0.1|10.42.0.47,84,3,UPLOAD,0.95,UPLOAD,0.95,1,1448,100.0,37,0.0,53576.0,0,37,0.0,1.0,0.008666059922752796,0,0,1,1,1,1,1,1,0.9699999999999999,1.0,1.0,1.0,0.8,skip,attack_already_active,1785296319.6756191,1785296319675619069,1384987892317410,41.6,53.3671875,-1.0,0,0
2026-07-28T23:38:39.676,10.42.0.210,10.42.0.1|10.42.0.47,84,3,UPLOAD,0.95,UPLOAD,0.95,1,1448,100.0,38,0.0,55024.0,0,38,0.0,1.0,0.007643543745032696,0,0,1,1,1,1,1,1,0.9699999999999999,1.0,1.0,1.0,0.8,skip,attack_already_active,1785296319.6765256,1785296319676525470,1384987893223819,41.6,53.3671875,-1.0,0,0
2026-07-28T23:38:39.677,10.42.0.210,10.42.0.1|10.42.0.47,84,3,UPLOAD,0.95,UPLOAD,0.95,1,1448,100.0,39,0.0,56472.0,0,39,0.0,1.0,0.006816279163039608,0,0,1,1,1,1,1,1,0.9699999999999999,1.0,1.0,1.0,0.8,skip,attack_already_active,1785296319.6778913,1785296319677891204,1384987894589758,41.6,53.3671875,-1.0,0,0
2026-07-28T23:38:39.678,10.42.0.210,10.42.0.1|10.42.0.47,84,3,UPLOAD,0.95,UPLOAD,0.95,1,1448,100.0,40,0.0,57920.0,0,40,0.0,1.0,0.0060372026874880936,0,0,1,1,1,1,1,1,0.9699999999999999,1.0,1.0,1.0,0.8,skip,attack_already_active,1785296319.6787953,1785296319678795191,1384987895493648,41.6,53.3671875,-1.0,0,0
2026-07-28T23:38:39.680,10.42.0.210,10.42.0.1|10.42.0.47,84,3,UPLOAD,0.95,UPLOAD,0.95,1,1448,100.0,41,0.0,59368.0,0,41,0.0,1.0,0.005425257272911405,0,0,1,1,1,1,1,1,0.9699999999999999,1.0,1.0,1.0,0.8,skip,attack_already_active,1785296319.6801887,1785296319680188652,1384987896887358,41.6,53.3671875,-1.0,0,0
2026-07-28T23:38:39.681,10.42.0.210,10.42.0.1|10.42.0.47,84,3,UPLOAD,0.95,UPLOAD,0.95,1,1448,100.0,42,0.0,60816.0,0,42,0.0,1.0,0.004837210668479536,0,0,1,1,1,1,1,1,0.9699999999999999,1.0,1.0,1.0,0.8,skip,attack_already_active,1785296319.6811514,1785296319681151417,1384987897849694,41.6,53.3671875,-1.0,0,0
2026-07-28T23:38:39.682,10.42.0.210,10.42.0.1|10.42.0.47,84,3,UPLOAD,0.95,UPLOAD,0.95,1,1448,100.0,43,0.0,62264.0,0,43,0.0,1.0,0.0043830479724593216,0,0,1,1,1,1,1,1,0.9699999999999999,1.0,1.0,1.0,0.8,skip,attack_already_active,1785296319.682542,1785296319682542175,1384987899240492,41.6,53.3671875,-1.0,0,0
2026-07-28T23:38:39.683,10.42.0.210,10.42.0.1|10.42.0.47,84,3,UPLOAD,0.95,UPLOAD,0.95,1,1448,100.0,44,0.0,63712.0,0,44,0.0,1.0,0.003936202295198055,0,0,1,1,1,1,1,1,0.9699999999999999,1.0,1.0,1.0,0.8,skip,attack_already_active,1785296319.6835341,1785296319683533964,1384987900232386,41.6,53.3671875,-1.0,0,0
2026-07-28T23:38:39.684,10.42.0.210,10.42.0.1|10.42.0.47,84,3,UPLOAD,0.95,UPLOAD,0.95,1,1448,100.0,45,0.0,65160.0,0,45,0.0,1.0,0.0036098491511255145,0,0,1,1,1,1,1,1,0.9699999999999999,1.0,1.0,1.0,0.8,skip,attack_already_active,1785296319.6849937,1785296319684993697,1384987901692630,41.6,53.3671875,-1.0,0,0
2026-07-28T23:38:39.685,10.42.0.210,10.42.0.1|10.42.0.47,84,3,UPLOAD,0.95,UPLOAD,0.95,1,1448,100.0,46,0.0,66608.0,0,46,0.0,1.0,0.0032616239197252313,0,0,1,1,1,1,1,1,0.9699999999999999,1.0,1.0,1.0,0.8,skip,attack_already_active,1785296319.685961,1785296319685960907,1384987902659402,41.6,53.3671875,-1.0,0,0
2026-07-28T23:38:39.688,10.42.0.210,10.42.0.1|10.42.0.47,84,3,UPLOAD,0.95,UPLOAD,0.95,1,1448,100.0,47,0.0,68056.0,0,47,0.0,1.0,0.0031054714251434012,0,0,1,1,1,1,1,1,0.9699999999999999,1.0,1.0,1.0,0.8,skip,attack_already_active,1785296319.6880376,1785296319688037601,1384987904736793,41.6,53.3671875,-1.0,0,0
2026-07-28T23:38:39.689,10.42.0.210,10.42.0.1|10.42.0.47,84,3,UPLOAD,0.95,UPLOAD,0.95,1,1448,100.0,48,0.0,69504.0,0,48,0.0,1.0,0.002839701798792288,0,0,1,1,1,1,1,1,0.9699999999999999,1.0,1.0,1.0,0.8,skip,attack_already_active,1785296319.6891263,1785296319689126220,1384987905824942,41.6,53.3671875,-1.0,0,0
2026-07-28T23:38:39.690,10.42.0.210,10.42.0.1|10.42.0.47,84,3,UPLOAD,0.95,UPLOAD,0.95,1,1448,100.0,49,0.0,70952.0,0,49,0.0,1.0,0.0026541321623289303,0,0,1,1,1,1,1,1,0.9699999999999999,1.0,1.0,1.0,0.8,skip,attack_already_active,1785296319.6905577,1785296319690557716,1384987907256487,41.6,53.3671875,-1.0,0,0
2026-07-28T23:38:39.691,10.42.0.210,10.42.0.1|10.42.0.47,84,3,UPLOAD,0.95,UPLOAD,0.95,1,1448,100.0,50,0.0,72400.0,0,50,0.0,1.0,0.0024279816792005266,0,0,1,1,1,1,1,1,0.9699999999999999,1.0,1.0,1.0,0.8,skip,attack_already_active,1785296319.6914957,1785296319691495699,1384987908194172,41.6,53.3671875,-1.0,0,0
2026-07-28T23:38:39.692,10.42.0.210,10.42.0.1|10.42.0.47,84,3,UPLOAD,0.9503500540926977,UPLOAD,0.9503500540926977,1,1448,100.0,51,0.0,73848.0,0,51,0.0,1.0,0.002283282395619587,0,0,1,1,1,1,1,1,0.9699999999999999,1.0,1.0,1.0,0.8,skip,attack_already_active,1785296319.6928256,1785296319692825675,1384987909524117,41.6,53.3671875,-1.0,0,0
2026-07-28T23:38:39.693,10.42.0.210,10.42.0.1|10.42.0.47,84,3,UPLOAD,0.9507376497637078,UPLOAD,0.9507376497637078,1,1448,100.0,52,0.0,75296.0,0,52,0.0,1.0,0.0021024816855589623,0,0,1,1,1,1,1,1,0.9699999999999999,1.0,1.0,1.0,0.8,skip,attack_already_active,1785296319.6937368,1785296319693736600,1384987910434814,41.6,53.3671875,-1.0,0,0
2026-07-28T23:38:39.695,10.42.0.210,10.42.0.1|10.42.0.47,84,3,UPLOAD,0.9513281780271137,UPLOAD,0.9513281780271137,1,1448,100.0,53,0.0,76744.0,0,53,0.0,1.0,0.0019975646600510905,0,0,1,1,1,1,1,1,0.9699999999999999,1.0,1.0,1.0,0.8,skip,attack_already_active,1785296319.695043,1785296319695043012,1384987911741312,41.6,53.3671875,-1.0,0,0
2026-07-28T23:38:39.695,10.42.0.210,10.42.0.1|10.42.0.47,84,3,UPLOAD,0.952454180997178,UPLOAD,0.952454180997178,1,1448,100.0,54,0.0,78192.0,0,54,0.0,1.0,0.001816273430143414,0,0,1,1,1,1,1,1,0.9699999999999999,1.0,1.0,1.0,0.8,skip,attack_already_active,1785296319.695665,1785296319695664867,1384987912362867,41.6,53.3671875,-1.0,0,0
2026-07-28T23:38:39.696,10.42.0.210,10.42.0.1|10.42.0.47,84,3,UPLOAD,0.9644060796674456,UPLOAD,0.9644060796674456,1,1338,100.0,55,0.0,79530.0,0,55,0.0,1.0,0.0016856708675661667,0,0,1,1,1,1,1,1,0.9699999999999999,1.0,1.0,1.0,0.8,skip,attack_already_active,1785296319.69649,1785296319696489882,1384987913187883,41.6,53.3671875,-1.0,0,0
2026-07-28T23:38:39.698,10.42.0.1,10.42.0.1|10.42.0.47,85,3,UPLOAD,0.9779619081991988,UPLOAD,0.9779619081991988,1,7240,100.0,13,0.0,86769.0,0,13,0.0,1.0,0.12090447052748088,1,0,1,1,1,1,1,1,0.9699999999999999,1.0,1.0,1.0,0.8,skip,attack_already_active,1785296319.6987917,1785296319698791707,1384987915489698,41.6,53.3671875,-1.0,0,0
2026-07-28T23:38:39.699,10.42.0.1,10.42.0.1|10.42.0.47,85,3,UPLOAD,0.9775543137595482,UPLOAD,0.9775543137595482,1,7240,100.0,14,0.0,94009.0,0,14,0.0,1.0,0.10504897538732594,1,0,1,1,1,1,1,1,0.9699999999999999,1.0,1.0,1.0,0.8,skip,attack_already_active,1785296319.6993732,1785296319699373354,1384987916071287,41.6,53.3671875,-1.0,0,0
2026-07-28T23:38:39.819,10.42.0.1,10.42.0.1|10.42.0.47,85,3,UPLOAD,0.976295835268406,UPLOAD,0.976295835268406,1,14480,100.0,13,0.0,94009.0,0,13,0.0,1.0,0.10703621474309584,1,0,1,1,1,1,1,1,0.9699999999999999,1.0,1.0,1.0,0.8,skip,attack_already_active,1785296319.8195028,1785296319819502871,1384988036201474,41.6,53.3671875,-1.0,0,0
2026-07-28T23:38:39.820,10.42.0.1,10.42.0.1|10.42.0.47,85,3,UPLOAD,0.9757628082354489,UPLOAD,0.9757628082354489,1,14480,100.0,14,0.0,108489.0,0,14,0.0,1.0,0.09306556996335873,1,0,1,1,1,1,1,1,0.9699999999999999,1.0,1.0,1.0,0.8,skip,attack_already_active,1785296319.8205197,1785296319820519617,1384988037218076,41.6,53.3671875,-1.0,0,0
2026-07-28T23:38:39.821,10.42.0.1,10.42.0.1|10.42.0.47,85,3,UPLOAD,0.9735407148230492,UPLOAD,0.9735407148230492,0,43,100.0,14,0.0,108489.0,0,14,0.0,1.0,0.2830334997229659,1,0,1,1,1,1,1,1,0.8374999999999999,0.8500000000000001,1.0,0.6000000000000001,0.8,skip,attack_already_active,1785296319.8214843,1785296319821484406,1384988038182679,41.6,53.3671875,-1.0,0,0
2026-07-28T23:38:39.824,10.42.0.1,10.42.0.1|10.42.0.47,85,3,UPLOAD,0.9743137497671255,UPLOAD,0.9743137497671255,1,14480,100.0,15,0.0,122969.0,0,15,0.0,1.0,0.24622397586528577,1,0,1,1,1,1,1,1,0.9699999999999999,1.0,1.0,1.0,0.8,skip,attack_already_active,1785296319.824216,1785296319824215856,1384988040914285,41.6,53.3671875,-1.0,0,0
2026-07-28T23:38:39.826,10.42.0.1,10.42.0.1|10.42.0.47,85,3,UPLOAD,0.97421079999309,UPLOAD,0.97421079999309,1,14480,100.0,16,0.0,137449.0,0,16,0.0,1.0,0.21406808268554242,1,0,1,1,1,1,1,1,0.9699999999999999,1.0,1.0,1.0,0.8,skip,attack_already_active,1785296319.8264177,1785296319826417537,1384988043116009,41.6,53.3671875,-1.0,0,0
2026-07-28T23:38:39.827,10.42.0.1,10.42.0.1|10.42.0.47,85,3,UPLOAD,0.973835989226235,UPLOAD,0.973835989226235,1,7130,100.0,17,0.0,144579.0,0,17,0.0,1.0,0.18598674127572742,1,0,1,1,1,1,1,1,0.9699999999999999,1.0,1.0,1.0,0.8,skip,attack_already_active,1785296319.8273842,1785296319827384366,1384988044082775,41.6,53.3671875,-1.0,0,0
2026-07-28T23:38:40.157,10.42.0.1,,86,1,DOWNLOAD,0.9652228689182991,DOWNLOAD,0.9652228689182991,-1,1448,54.92403311193091,8,1448.0,79530.0,1,7,0.017881399886388896,0.9821186001136111,0.2057961253068201,0,0,0,0,1,0,0,0,0.44,0.8500000000000001,0.0,0.6000000000000001,0.15,skip,training_upload_trigger_not_confirmed,1785296320.157799,1785296320157798920,1384988374497955,41.6,53.3671875,-1.0,0,0
2026-07-28T23:38:40.162,10.42.0.1,,86,1,DOWNLOAD,0.95,DOWNLOAD,0.95,-1,5792,10.984806628455136,9,7240.0,79530.0,2,7,0.08343897660481733,0.9165610233951826,0.17929445813731465,0,0,0,0,1,0,0,0,0.44,0.8500000000000001,0.0,0.6000000000000001,0.15,skip,training_upload_trigger_not_confirmed,1785296320.1624813,1785296320162481510,1384988379180087,41.6,53.3671875,-1.0,0,0
2026-07-28T23:38:40.163,10.42.0.1,,86,1,DOWNLOAD,0.95,DOWNLOAD,0.95,-1,7240,5.492403314606878,10,14480.0,79530.0,3,7,0.1540261674289969,0.8459738325710031,0.15579598956231167,0,0,0,0,1,0,0,0,0.44,0.8500000000000001,0.0,0.6000000000000001,0.15,skip,training_upload_trigger_not_confirmed,1785296320.1634524,1785296320163452347,1384988380150603,41.6,53.3671875,-1.0,0,0
2026-07-28T23:38:40.164,10.42.0.1,,86,1,DOWNLOAD,0.95,DOWNLOAD,0.95,-1,7240,3.6616022098222096,11,21720.0,79530.0,4,7,0.21451851851851853,0.7854814814814814,0.13544780592961794,0,0,0,0,1,0,0,0,0.4,0.8500000000000001,0.0,0.4,0.15,skip,training_upload_trigger_not_confirmed,1785296320.1648316,1785296320164831750,1384988381530371,41.6,53.3671875,-1.0,0,0
2026-07-28T23:38:40.165,10.42.0.1,,86,1,DOWNLOAD,0.95,DOWNLOAD,0.95,-1,7240,2.746201657398266,12,28960.0,79530.0,5,7,0.26693704488892983,0.7330629551110701,0.11774929314696984,0,0,0,0,1,0,0,0,0.4,0.8500000000000001,0.0,0.4,0.15,skip,training_upload_trigger_not_confirmed,1785296320.1659703,1785296320165970423,1384988382669875,41.6,53.3671875,-1.0,0,0
2026-07-28T23:38:40.168,10.42.0.1,,86,1,DOWNLOAD,0.95,DOWNLOAD,0.95,-1,7240,2.1969613259337852,13,36200.0,79530.0,6,7,0.31279702756415795,0.687202972435842,0.10255208137061145,0,0,0,0,1,0,0,0,0.4,0.8500000000000001,0.0,0.4,0.15,skip,training_upload_trigger_not_confirmed,1785296320.1683922,1785296320168392122,1384988385090911,41.6,53.3671875,-1.0,0,0
2026-07-28T23:38:40.169,10.42.0.1,,86,1,DOWNLOAD,0.95,DOWNLOAD,0.95,-1,7240,1.8308011049532502,14,43440.0,79530.0,7,7,0.3532568919248597,0.6467431080751402,0.08916249721226212,0,0,0,0,1,0,0,0,0.32,0.8500000000000001,0.0,0.0,0.15,skip,training_upload_trigger_not_confirmed,1785296320.1693344,1785296320169334563,1384988386032866,41.6,53.3671875,-1.0,0,0
2026-07-28T23:38:40.170,10.42.0.1,,86,1,DOWNLOAD,0.95,DOWNLOAD,0.95,-1,7240,1.5692580899650894,15,50680.0,79530.0,8,7,0.3892174180170494,0.6107825819829507,0.07759735720102294,0,0,0,0,1,0,0,0,0.32,0.8500000000000001,0.0,0.0,0.15,skip,training_upload_trigger_not_confirmed,1785296320.1707323,1785296320170732395,1384988387431020,41.6,53.3671875,-1.0,0,0
2026-07-28T23:38:40.171,10.42.0.1,,86,1,DOWNLOAD,0.95,DOWNLOAD,0.95,-1,7240,1.37310082872284,16,57920.0,79530.0,9,7,0.4213895962168061,0.5786104037831938,0.06750838996420805,0,0,0,0,1,0,0,0,0.32,0.8500000000000001,0.0,0.0,0.15,skip,training_upload_trigger_not_confirmed,1785296320.1717672,1785296320171767205,1384988388465868,41.6,53.3671875,-1.0,0,0
2026-07-28T23:38:40.172,10.42.0.1,,86,1,DOWNLOAD,0.95,DOWNLOAD,0.95,-1,10136,1.1685964499798902,17,68056.0,79530.0,10,7,0.4611277492445083,0.5388722507554917,0.05874999063749608,0,0,0,0,1,0,0,0,0.30250000000000005,0.8000000000000002,0.0,0.0,0.15,skip,training_upload_trigger_not_confirmed,1785296320.1728106,1785296320172810532,1384988389509384,41.6,53.3671875,-1.0,0,0
2026-07-28T23:38:40.173,10.42.0.1,,86,1,DOWNLOAD,0.95,DOWNLOAD,0.95,-1,4344,1.0984806629820651,18,72400.0,79530.0,11,7,0.47653524649509643,0.5234647535049036,0.051149494827284286,0,0,0,0,1,0,0,0,0.30250000000000005,0.8000000000000002,0.0,0.0,0.15,skip,training_upload_trigger_not_confirmed,1785296320.1738825,1785296320173882376,1384988390580879,41.6,53.3671875,-1.0,0,0
2026-07-28T23:38:40.174,10.42.0.1,,86,1,DOWNLOAD,0.95,DOWNLOAD,0.95,-1,10136,0.9635795289332706,19,82536.0,79530.0,12,7,0.5092739994816926,0.49072600051830734,0.04455139858698884,0,0,0,0,1,0,0,0,0.30250000000000005,0.8000000000000002,0.0,0.0,0.15,skip,training_upload_trigger_not_confirmed,1785296320.1749609,1785296320174960937,1384988391659457,41.6,53.3671875,-1.0,0,0
2026-07-28T23:38:40.176,10.42.0.1,,86,1,DOWNLOAD,0.95,DOWNLOAD,0.95,-1,14480,0.8197616887954589,20,97016.0,79530.0,13,7,0.549522504049936,0.45047749595006403,0.03882552771214934,0,0,0,0,1,0,0,0,0.30250000000000005,0.8000000000000002,0.0,0.0,0.15,skip,training_upload_trigger_not_confirmed,1785296320.1760602,1785296320176060145,1384988392758865,41.6,53.3671875,-1.0,0,0
2026-07-28T23:38:40.177,10.42.0.1,,86,1,DOWNLOAD,0.95,DOWNLOAD,0.95,-1,14480,0.7132991318099905,21,111496.0,79530.0,14,7,0.5836692387423702,0.41633076125762986,0.03392125675342585,0,0,0,0,0,0,0,0,0.0225,0.0,0.0,0.0,0.15,skip,training_upload_trigger_not_confirmed,1785296320.1776686,1785296320177668517,1384988394367481,41.6,53.3671875,-1.0,0,0
2026-07-28T23:38:40.178,10.42.0.1,,86,1,DOWNLOAD,0.95,DOWNLOAD,0.95,-1,4344,0.6865504143673468,22,115840.0,79530.0,15,7,0.5929262425142038,0.40707375748579616,0.02959032352026123,0,0,0,0,0,0,0,0,0.0225,0.0,0.0,0.0,0.15,skip,training_upload_trigger_not_confirmed,1785296320.1787236,1785296320178723663,1384988395422068,41.6,53.3671875,-1.0,0,0
2026-07-28T23:38:40.179,10.42.0.1,,86,1,DOWNLOAD,0.95,DOWNLOAD,0.95,-1,14480,0.6102670349937824,23,130320.0,79530.0,16,7,0.6210150107219442,0.37898498927805574,0.025819917449209646,0,0,0,0,0,0,0,0,0.0225,0.0,0.0,0.0,0.15,skip,training_upload_trigger_not_confirmed,1785296320.1797013,1785296320179701217,1384988396399503,41.6,53.3671875,-1.0,0,0
2026-07-28T23:38:40.180,10.42.0.1,,86,1,DOWNLOAD,0.95,DOWNLOAD,0.95,-1,20272,0.5281157033605495,24,150592.0,79530.0,17,7,0.6544007091890388,0.34559929081096114,0.02254754849958553,0,0,0,0,0,0,0,0,0.0225,0.0,0.0,0.0,0.15,skip,training_upload_trigger_not_confirmed,1785296320.1806881,1785296320180688121,1384988397386395,41.6,53.3671875,-1.0,0,0
2026-07-28T23:38:40.182,10.42.0.1,,86,1,DOWNLOAD,0.95,DOWNLOAD,0.95,-1,18824,0.46943618076527927,25,169416.0,79530.0,18,7,0.6805331276662409,0.31946687233375914,0.01976376255139532,0,0,0,0,0,0,0,0,0.0225,0.0,0.0,0.0,0.15,skip,training_upload_trigger_not_confirmed,1785296320.1821103,1785296320182110196,1384988398809526,41.6,53.3671875,-1.0,0,0
2026-07-28T23:38:40.183,10.42.0.1,,86,1,DOWNLOAD,0.95,DOWNLOAD,0.95,-1,18824,0.4224925626890007,26,188240.0,79530.0,19,7,0.7029913731934122,0.29700862680658774,0.01732349674639143,0,0,0,0,0,0,0,0,0.0225,0.0,0.0,0.0,0.15,skip,training_upload_trigger_not_confirmed,1785296320.1833556,1785296320183355593,1384988400054511,41.6,53.3671875,-1.0,0,0
2026-07-28T23:38:40.184,10.42.0.1,,86,1,DOWNLOAD,0.95,DOWNLOAD,0.95,-1,10136,0.4009053514568248,27,198376.0,79530.0,20,7,0.7138240987959957,0.2861759012040042,0.015177022617799005,0,0,0,0,0,0,0,0,0.0225,0.0,0.0,0.0,0.15,skip,training_upload_trigger_not_confirmed,1785296320.18439,1785296320184390100,1384988401088383,41.6,53.3671875,-1.0,0,0
2026-07-28T23:38:40.185,10.42.0.1,,86,1,DOWNLOAD,0.95,DOWNLOAD,0.95,-1,2896,0.3951369291337337,28,201272.0,79530.0,21,7,0.7167755215418694,0.28322447845813065,0.013311262588518634,0,0,0,0,0,0,0,0,0.0225,0.0,0.0,0.0,0.15,skip,training_upload_trigger_not_confirmed,1785296320.1854084,1785296320185408323,1384988402106840,41.6,53.3671875,-1.0,0,0
2026-07-28T23:38:40.186,10.42.0.1,,86,1,DOWNLOAD,0.95,DOWNLOAD,0.95,-1,18824,0.36134232335271266,29,220096.0,79530.0,22,7,0.7345690961398543,0.2654309038601457,0.011750395543927343,0,0,0,0,0,0,0,0,0.0225,0.0,0.0,0.0,0.15,skip,training_upload_trigger_not_confirmed,1785296320.1868746,1785296320186874750,1384988403573061,41.6,53.3671875,-1.0,0,0
2026-07-28T23:38:40.188,10.42.0.1,,86,1,DOWNLOAD,0.95,DOWNLOAD,0.95,-1,6810,0.3504975628703053,30,226906.0,79530.0,23,7,0.7404678301505045,0.2595321698494955,0.0104072124029602,0,0,0,0,0,0,0,0,0.0225,0.0,0.0,0.0,0.15,skip,training_upload_trigger_not_confirmed,1785296320.188432,1785296320188431796,1384988405130874,41.6,53.3671875,-1.0,0,0
2026-07-28T23:38:40.190,10.42.0.47,,86,1,DOWNLOAD,0.9578557176944453,DOWNLOAD,0.9578557176944453,-1,7240,1.381215469422484e-10,1,7240.0,0.0,1,0,1.0,0.0,0.07914242140299452,0,0,0,0,0,0,0,0,0.0225,0.0,0.0,0.0,0.15,skip,training_upload_trigger_not_confirmed,1785296320.1900017,1785296320190001622,1384988406700885,41.6,53.3671875,-1.0,0,0
2026-07-28T23:38:40.191,10.42.0.47,,86,1,DOWNLOAD,0.9828992640515124,DOWNLOAD,0.9828992640515124,-1,5792,7.673419275040407e-11,2,13032.0,0.0,2,0,1.0,0.0,0.06885821120183043,0,0,0,0,0,0,0,0,0.0225,0.0,0.0,0.0,0.15,skip,training_upload_trigger_not_confirmed,1785296320.1911001,1785296320191100191,1384988407799293,41.6,53.3671875,-1.0,0,0
2026-07-28T23:38:40.192,10.42.0.1,,86,1,DOWNLOAD,0.95,DOWNLOAD,0.95,-1,6784,0.34032264966690773,31,233690.0,79530.0,24,7,0.7460890109188429,0.253910989081157,0.009537073436091326,0,0,0,0,0,0,0,0,0.0225,0.0,0.0,0.0,0.15,skip,training_upload_trigger_not_confirmed,1785296320.192236,1785296320192236095,1384988408934803,41.6,53.3671875,-1.0,0,0
2026-07-28T23:38:40.193,10.42.0.18,,61,1,DOWNLOAD,0.95,DOWNLOAD,0.95,-1,7300,1.3698630135109776e-10,1,7300.0,0.0,1,0,1.0,0.0,1.2273771008936296,0,0,0,0,0,0,0,0,0.0225,0.0,0.0,0.0,0.15,skip,training_upload_trigger_not_confirmed,1785296320.1938505,1785296320193850537,1384988410550373,41.6,53.3671875,-1.0,0,0
2026-07-28T23:38:40.194,10.42.0.18,,61,1,DOWNLOAD,0.95,DOWNLOAD,0.95,-1,7300,6.84931506802402e-11,2,14600.0,0.0,2,0,1.0,0.0,1.065780760069021,0,0,0,0,0,0,0,0,0.0225,0.0,0.0,0.0,0.15,skip,training_upload_trigger_not_confirmed,1785296320.1949177,1785296320194917664,1384988411615889,59.5,53.3671875,-1.0,0,0
2026-07-28T23:38:40.195,10.42.0.1,,86,1,DOWNLOAD,0.95,DOWNLOAD,0.95,-1,18824,0.3149528343010092,32,252514.0,79530.0,25,7,0.7604835503728421,0.23951644962715785,0.008760264099339646,0,0,0,0,0,0,0,0,0.0225,0.0,0.0,0.0,0.15,skip,training_upload_trigger_not_confirmed,1785296320.195878,1785296320195878131,1384988412576276,59.5,53.3671875,-1.0,0,0
2026-07-28T23:38:40.197,10.42.0.1,,86,1,DOWNLOAD,0.95,DOWNLOAD,0.95,-1,16920,0.2951743284095727,33,269434.0,79530.0,26,7,0.7720968352036314,0.22790316479636868,0.007791813607379421,0,0,0,0,0,0,0,0,0.0225,0.0,0.0,0.0,0.15,skip,training_upload_trigger_not_confirmed,1785296320.197289,1785296320197288877,1384988413987052,59.5,53.3671875,-1.0,0,0
2026-07-28T23:38:40.200,10.42.0.47,,86,1,DOWNLOAD,0.9842078107486494,DOWNLOAD,0.9842078107486494,-1,5792,5.3123671905380167e-11,3,18824.0,0.0,3,0,1.0,0.0,0.06097338875562106,0,0,0,0,0,0,0,0,0.0225,0.0,0.0,0.0,0.15,skip,training_upload_trigger_not_confirmed,1785296320.2001226,1785296320200122673,1384988416822072,59.5,53.3671875,-1.0,0,0
2026-07-28T23:38:40.201,10.42.0.47,,86,1,DOWNLOAD,0.9842297062618235,DOWNLOAD,0.9842297062618235,-1,5792,4.062398439873968e-11,4,24616.0,0.0,4,0,1.0,0.0,0.0530856238211431,0,0,0,0,0,0,0,0,0.0225,0.0,0.0,0.0,0.15,skip,training_upload_trigger_not_confirmed,1785296320.201238,1785296320201238024,1384988417937053,59.5,53.3671875,-1.0,0,0
2026-07-28T23:38:40.202,10.42.0.47,,86,1,DOWNLOAD,0.9842072061136091,DOWNLOAD,0.9842072061136091,-1,8688,3.002642325156058e-11,5,33304.0,0.0,5,0,1.0,0.0,0.046241946125587186,0,0,0,0,0,0,0,0,0.0225,0.0,0.0,0.0,0.15,skip,training_upload_trigger_not_confirmed,1785296320.2023888,1785296320202388689,1384988419087222,59.5,53.3671875,-1.0,0,0
2026-07-28T23:38:40.203,10.42.0.18,,61,1,DOWNLOAD,0.95,DOWNLOAD,0.95,-1,10220,4.029008863657171e-11,3,24820.0,0.0,3,0,1.0,0.0,0.9265274381682216,0,0,0,0,0,0,0,0,0.0225,0.0,0.0,0.0,0.15,skip,training_upload_trigger_not_confirmed,1785296320.2039435,1785296320203943448,1384988420643891,59.5,53.3671875,-1.0,0,0
2026-07-28T23:38:40.205,10.42.0.18,,61,1,DOWNLOAD,0.95,DOWNLOAD,0.95,-1,4380,3.424657534129292e-11,4,29200.0,0.0,4,0,1.0,0.0,0.8045855496807357,0,0,0,0,0,0,0,0,0.0225,0.0,0.0,0.0,0.15,skip,training_upload_trigger_not_confirmed,1785296320.2050877,1785296320205087824,1384988421786592,59.5,53.3671875,-1.0,0,0
2026-07-28T23:38:40.206,10.42.0.18,,61,1,DOWNLOAD,0.95,DOWNLOAD,0.95,-1,14600,2.2831050227789245e-11,5,43800.0,0.0,5,0,1.0,0.0,0.6987733444335213,0,0,0,0,0,0,0,0,0.0225,0.0,0.0,0.0,0.15,skip,training_upload_trigger_not_confirmed,1785296320.2066936,1785296320206693567,1384988423393029,59.5,53.3671875,-1.0,0,0
2026-07-28T23:38:40.208,10.42.0.59,,34,1,DOWNLOAD,0.95,DOWNLOAD,0.95,-1,8760,1.1415525112852108e-10,1,8760.0,0.0,1,0,1.0,0.0,1.586866246876852,0,0,0,0,0,0,0,0,0.0225,0.0,0.0,0.0,0.15,skip,already_attacked_this_round,1785296320.2087307,1785296320208730663,1384988425429447,59.5,53.3671875,-1.0,0,0
2026-07-28T23:38:40.210,10.42.0.59,,34,1,DOWNLOAD,0.95,DOWNLOAD,0.95,-1,14600,4.2808219176249646e-11,2,23360.0,0.0,2,0,1.0,0.0,1.3780498156492835,0,0,0,0,0,0,0,0,0.0225,0.0,0.0,0.0,0.15,skip,already_attacked_this_round,1785296320.2109468,1785296320210946771,1384988427645236,59.5,53.3671875,-1.0,0,0
2026-07-28T23:38:40.212,10.42.0.145,,39,1,DOWNLOAD,0.95,DOWNLOAD,0.95,-1,14600,6.84931506802402e-11,1,14600.0,0.0,1,0,1.0,0.0,1.4328907893832532,0,0,0,0,0,0,0,0,0.0225,0.0,0.0,0.0,0.15,skip,already_attacked_this_round,1785296320.2124069,1785296320212406855,1384988429105164,59.5,53.3671875,-1.0,0,0
2026-07-28T23:38:40.213,10.42.0.145,,39,1,DOWNLOAD,0.95,DOWNLOAD,0.95,-1,14600,3.424657534129292e-11,2,29200.0,0.0,2,0,1.0,0.0,1.244202152398193,0,0,0,0,0,0,0,0,0.0225,0.0,0.0,0.0,0.15,skip,already_attacked_this_round,1785296320.2133918,1785296320213391871,1384988430090136,59.5,53.3671875,-1.0,0,0
2026-07-28T23:38:40.214,10.42.0.210,,85,1,DOWNLOAD,0.9847574739383919,DOWNLOAD,0.9847574739383919,-1,5792,13.731008285094783,56,5792.0,79530.0,1,55,0.06788401584585453,0.9321159841541454,0.05311092900833545,0,0,0,0,0,0,0,0,0.057499999999999996,0.1,0.0,0.0,0.15,skip,training_upload_trigger_not_confirmed,1785296320.2147737,1785296320214773854,1384988431472058,59.5,53.3671875,-1.0,0,0
2026-07-28T23:38:40.217,10.42.0.210,,85,1,DOWNLOAD,0.95,DOWNLOAD,0.95,-1,11584,4.57700276222508,57,17376.0,79530.0,2,55,0.17930778279982665,0.8206922172001734,0.046409379675034904,0,0,0,0,0,0,0,0,0.057499999999999996,0.1,0.0,0.0,0.15,skip,training_upload_trigger_not_confirmed,1785296320.2170284,1785296320217028277,1384988433727173,59.5,53.3671875,-1.0,0,0
2026-07-28T23:38:40.218,10.42.0.210,,85,1,DOWNLOAD,0.9557926560077417,DOWNLOAD,0.9557926560077417,-1,11584,2.746201657398266,58,28960.0,79530.0,3,55,0.26693704488892983,0.7330629551110701,0.040550897573612396,0,0,0,0,0,0,0,0,0.057499999999999996,0.1,0.0,0.0,0.15,skip,training_upload_trigger_not_confirmed,1785296320.2189794,1785296320218979230,1384988435677629,59.5,53.3671875,-1.0,0,0
2026-07-28T23:38:40.220,10.42.0.47,,86,1,DOWNLOAD,0.9842048940914407,DOWNLOAD,0.9842048940914407,-1,11584,2.22776688642337e-11,6,44888.0,0.0,6,0,1.0,0.0,0.04258228770456291,0,0,0,0,0,0,0,0,0.0225,0.0,0.0,0.0,0.15,skip,training_upload_trigger_not_confirmed,1785296320.2208586,1785296320220858563,1384988437556942,59.5,53.3671875,-1.0,0,0
2026-07-28T23:38:40.222,10.42.0.18,,61,1,DOWNLOAD,0.95,DOWNLOAD,0.95,-1,14600,1.7123287670939668e-11,6,58400.0,0.0,6,0,1.0,0.0,0.6088152661380515,0,0,0,0,0,0,0,0,0.0225,0.0,0.0,0.0,0.15,skip,training_upload_trigger_not_confirmed,1785296320.2228,1785296320222800062,1384988439499196,59.5,53.3671875,-1.0,0,0
2026-07-28T23:38:40.223,10.42.0.18,,61,1,DOWNLOAD,0.95,DOWNLOAD,0.95,-1,20784,1.2628813901638856e-11,7,79184.0,0.0,7,0,1.0,0.0,0.5287366514339912,0,0,0,0,0,0,0,0,0.0225,0.0,0.0,0.0,0.15,skip,training_upload_trigger_not_confirmed,1785296320.2239208,1785296320223920776,1384988440619458,59.5,53.3671875,-1.0,0,0
2026-07-28T23:38:40.225,10.42.0.59,,34,1,DOWNLOAD,0.95,DOWNLOAD,0.95,-1,5840,3.424657534129292e-11,3,29200.0,0.0,3,0,1.0,0.0,1.1983111305470933,0,0,0,0,0,0,0,0,0.0225,0.0,0.0,0.0,0.15,skip,already_attacked_this_round,1785296320.2250094,1785296320225009443,1384988441707964,59.5,53.3671875,-1.0,0,0
2026-07-28T23:38:40.226,10.42.0.59,,34,1,DOWNLOAD,0.95,DOWNLOAD,0.95,-1,17520,2.1404109588582958e-11,4,46720.0,0.0,4,0,1.0,0.0,1.0406130870423074,0,0,0,0,0,0,0,0,0.0225,0.0,0.0,0.0,0.15,skip,already_attacked_this_round,1785296320.2265937,1785296320226593760,1384988443293194,59.5,53.3671875,-1.0,0,0
2026-07-28T23:38:40.231,10.42.0.210,,85,1,DOWNLOAD,0.9846998846180315,DOWNLOAD,0.9846998846180315,-1,11584,1.9615726124466857,59,40544.0,79530.0,4,55,0.3376584439595583,0.6623415560404418,0.036904057098830455,0,0,0,0,0,0,0,0,0.057499999999999996,0.1,0.0,0.0,0.15,skip,training_upload_trigger_not_confirmed,1785296320.2318554,1785296320231855355,1384988448553951,59.5,53.3671875,-1.0,0,0
2026-07-28T23:38:40.263,10.42.0.210,,85,1,DOWNLOAD,0.9854895428954357,DOWNLOAD,0.9854895428954357,-1,14480,1.4453692933911497,60,55024.0,79530.0,5,55,0.408936189187984,0.591063810812016,0.036148503289279627,0,0,0,0,0,0,0,0,0.057499999999999996,0.1,0.0,0.0,0.15,skip,training_upload_trigger_not_confirmed,1785296320.2630258,1785296320263025730,1384988479724437,59.5,53.3671875,-1.0,0,0
2026-07-28T23:38:40.266,10.42.0.145,,39,1,DOWNLOAD,0.95,DOWNLOAD,0.95,-1,29200,1.7123287670939668e-11,3,58400.0,0.0,3,0,1.0,0.0,1.0872756312405734,0,0,0,0,0,0,0,0,0.0225,0.0,0.0,0.0,0.15,skip,already_attacked_this_round,1785296320.266722,1785296320266722040,1384988483421341,59.5,53.3671875,-1.0,0,0
2026-07-28T23:38:40.267,10.42.0.145,,39,1,DOWNLOAD,0.95,DOWNLOAD,0.95,-1,6184,1.5483711135645304e-11,4,64584.0,0.0,4,0,1.0,0.0,0.9441426580299357,0,0,0,0,0,0,0,0,0.0225,0.0,0.0,0.0,0.15,skip,already_attacked_this_round,1785296320.267801,1785296320267801067,1384988484499685,59.5,53.3671875,-1.0,0,0
2026-07-28T23:38:40.269,10.42.0.59,,34,1,DOWNLOAD,0.95,DOWNLOAD,0.95,-1,17864,1.5483711135645304e-11,5,64584.0,0.0,5,0,1.0,0.0,0.9092025070433222,0,0,0,0,0,0,0,0,0.0225,0.0,0.0,0.0,0.15,skip,already_attacked_this_round,1785296320.2699683,1785296320269968338,1384988486667299,59.5,53.3671875,-1.0,0,0
2026-07-28T23:38:40.272,10.42.0.210,,85,1,DOWNLOAD,0.9855083405864443,DOWNLOAD,0.9855083405864443,-1,9680,1.2291357566730166,61,64704.0,79530.0,6,55,0.44860435126253173,0.5513956487374683,0.03265271743635864,0,0,0,0,0,0,0,0,0.057499999999999996,0.1,0.0,0.0,0.15,skip,training_upload_trigger_not_confirmed,1785296320.2726457,1785296320272645703,1384988489345063,59.5,53.3671875,-1.0,0,0
2026-07-28T23:38:40.277,10.42.0.47,,86,1,DOWNLOAD,0.9842133219098461,DOWNLOAD,0.9842133219098461,-1,7240,1.918354818870504e-11,7,52128.0,0.0,7,0,1.0,0.0,0.04437308228234169,0,0,0,0,0,0,0,0,0.0225,0.0,0.0,0.0,0.15,skip,training_upload_trigger_not_confirmed,1785296320.2770307,1785296320277030628,1384988493729467,59.5,53.3671875,-1.0,0,0
2026-07-28T23:38:40.278,10.42.0.47,,86,1,DOWNLOAD,0.9842141613589862,DOWNLOAD,0.9842141613589862,-1,17376,1.4387661141597784e-11,8,69504.0,0.0,8,0,1.0,0.0,0.038723113303149044,0,0,0,0,0,0,0,0,0.0225,0.0,0.0,0.0,0.15,skip,training_upload_trigger_not_confirmed,1785296320.2785277,1785296320278527752,1384988495226436,59.5,53.3671875,-1.0,0,0
2026-07-28T23:38:40.279,10.42.0.47,,86,1,DOWNLOAD,0.984217566535188,DOWNLOAD,0.984217566535188,-1,9693,1.2626740911743795e-11,9,79197.0,0.0,9,0,1.0,0.0,0.03380142314686333,0,0,0,0,0,0,0,0,0.0225,0.0,0.0,0.0,0.15,skip,training_upload_trigger_not_confirmed,1785296320.2799015,1785296320279901352,1384988496599753,59.5,53.3671875,-1.0,0,0
2026-07-28T23:38:40.561,10.42.0.145,,39,3,UPLOAD,0.95,UPLOAD,0.95,1,64240,0.994673603369338,5,64584.0,64240.0,4,1,0.5013351549400733,0.4986648450599267,1.1114365273836115,0,0,0,1,1,1,1,1,0.85,1.0,1.0,0.4,0.8,skip,already_attacked_this_round,1785296320.5614612,1785296320561461360,1384988778160628,59.5,53.3671875,-1.0,0,0
2026-07-28T23:38:40.564,10.42.0.1,10.42.0.1,86,3,UPLOAD,0.95,UPLOAD,0.95,1,7240,0.3220454731053911,34,269434.0,86770.0,26,8,0.7564036338727246,0.2435963661272754,0.006945450687780928,1,0,0,1,1,1,1,1,0.9699999999999999,1.0,1.0,1.0,0.8,trigger,training_upload_trigger_confirmed,1785296320.5646312,1785296320564631406,1384988781330403,59.5,53.3671875,10.362578,1785296320574995698,1384988791692981
2026-07-28T23:38:40.565,10.42.0.1,10.42.0.1,86,3,UPLOAD,0.95,UPLOAD,0.95,1,5792,0.3435423888620458,35,269434.0,92562.0,26,9,0.7443010420004641,0.2556989579995359,0.006200531780717157,1,0,1,1,1,1,1,1,0.9699999999999999,1.0,1.0,1.0,0.8,skip,attack_already_active,1785296320.5659237,1785296320565923509,1384988782622836,59.5,53.3671875,-1.0,0,0
2026-07-28T23:38:40.578,10.42.0.59,10.42.0.1,34,3,UPLOAD,0.95,UPLOAD,0.95,1,64240,0.994673603369338,6,64584.0,64240.0,5,1,0.5013351549400733,0.4986648450599267,1.08496004534354,0,0,0,1,1,1,1,1,0.9699999999999999,1.0,1.0,1.0,0.8,skip,already_attacked_this_round,1785296320.5782619,1785296320578261669,1384988794960653,59.5,53.3671875,-1.0,0,0
2026-07-28T23:38:40.579,10.42.0.59,10.42.0.1,34,3,UPLOAD,0.9841010226033655,UPLOAD,0.9841010226033655,1,13140,1.1981295676917172,7,64584.0,77380.0,5,2,0.45493223634160773,0.5450677636583923,0.9421570584623695,0,0,0,1,1,1,1,1,0.9699999999999999,1.0,1.0,1.0,0.8,skip,already_attacked_this_round,1785296320.5795295,1785296320579529479,1384988796228251,59.5,53.3671875,-1.0,0,0
2026-07-28T23:38:40.582,10.42.0.59,10.42.0.1,34,3,UPLOAD,0.9854688349332961,UPLOAD,0.9854688349332961,1,2175,1.2318066394117457,8,64584.0,79555.0,5,3,0.448067490408564,0.551932509591436,0.8184601775474817,0,0,0,1,1,1,1,1,0.9699999999999999,1.0,1.0,1.0,0.8,skip,already_attacked_this_round,1785296320.5829852,1785296320582985266,1384988799685293,59.5,53.3671875,-1.0,0,0
2026-07-28T23:38:40.585,10.42.0.1,10.42.0.1,86,3,UPLOAD,0.95,UPLOAD,0.95,1,7240,0.37041353355786416,36,269434.0,99802.0,26,10,0.7297067458211008,0.27029325417889916,0.005843694687220442,1,0,1,1,1,1,1,1,0.9699999999999999,1.0,1.0,1.0,0.8,skip,attack_already_active,1785296320.5851219,1785296320585121714,1384988801820834,59.5,53.3671875,-1.0,0,0
2026-07-28T23:38:40.586,10.42.0.1,10.42.0.1,86,3,UPLOAD,0.95,UPLOAD,0.95,1,5792,0.3919104493145189,37,269434.0,105594.0,26,11,0.7184370233689218,0.2815629766310782,0.005257594278882882,1,0,1,1,1,1,1,1,0.9699999999999999,1.0,1.0,1.0,0.8,skip,attack_already_active,1785296320.5865178,1785296320586517747,1384988803216790,59.5,53.3671875,-1.0,0,0
2026-07-28T23:38:40.606,10.42.0.1,10.42.0.1,86,3,UPLOAD,0.95,UPLOAD,0.95,1,1448,0.3972846782536826,38,269434.0,107042.0,26,12,0.7156737746894888,0.28432622531051116,0.007148174263525809,1,0,1,1,1,1,1,1,0.9699999999999999,1.0,1.0,1.0,0.8,skip,attack_already_active,1785296320.6061225,1785296320606122573,1384988822822608,59.5,53.3671875,-1.0,0,0
2026-07-28T23:38:40.627,10.42.0.1,10.42.0.1,86,3,UPLOAD,0.95,UPLOAD,0.95,1,1448,0.40265890719284625,39,269434.0,108490.0,26,13,0.7129317005535505,0.28706829944644957,0.00897624391575656,1,0,1,1,1,1,1,1,0.9699999999999999,1.0,1.0,1.0,0.8,skip,attack_already_active,1785296320.6271434,1785296320627143490,1384988843842806,59.5,53.3671875,-1.0,0,0
2026-07-28T23:38:40.636,10.42.0.1,10.42.0.1,86,3,UPLOAD,0.95,UPLOAD,0.95,1,1448,0.4080331361320099,40,269434.0,109938.0,26,14,0.7102105585019454,0.2897894414980547,0.009028142586812383,1,0,1,1,1,1,1,1,0.9699999999999999,1.0,1.0,1.0,0.8,skip,attack_already_active,1785296320.6365135,1785296320636513491,1384988853212386,59.5,53.3671875,-1.0,0,0
2026-07-28T23:38:40.641,10.42.0.1,10.42.0.1,86,3,UPLOAD,0.95,UPLOAD,0.95,1,11584,0.4510269676453193,41,269434.0,121522.0,26,15,0.6891670673937732,0.3108329326062268,0.00844752319179196,1,0,1,1,1,1,1,1,0.9699999999999999,1.0,1.0,1.0,0.8,skip,attack_already_active,1785296320.6411355,1785296320641135382,1384988857834355,59.5,53.3671875,-1.0,0,0
2026-07-28T23:38:40.642,10.42.0.1,10.42.0.1,86,3,UPLOAD,0.95,UPLOAD,0.95,1,14480,0.5047692570369561,42,269434.0,136002.0,26,16,0.6645537150129737,0.33544628498702633,0.0075026901770902646,1,0,1,1,1,1,1,1,0.9699999999999999,1.0,1.0,1.0,0.8,skip,attack_already_active,1785296320.642413,1785296320642412823,1384988859112200,59.5,53.3671875,-1.0,0,0
2026-07-28T23:38:40.643,10.42.0.1,10.42.0.1,86,3,UPLOAD,0.95,UPLOAD,0.95,1,1448,0.5101434859761198,43,269434.0,137450.0,26,17,0.662188731923595,0.33781126807640505,0.0066768639717120675,1,0,1,1,1,1,1,1,0.9699999999999999,1.0,1.0,1.0,0.8,skip,attack_already_active,1785296320.6436486,1785296320643648516,1384988860347794,59.5,53.3671875,-1.0,0,0
2026-07-28T23:38:40.644,10.42.0.1,10.42.0.1,86,3,UPLOAD,0.95,UPLOAD,0.95,1,11584,0.5531373174894292,44,269434.0,149034.0,26,18,0.6438580727797586,0.35614192722024146,0.005968123373521926,1,0,1,1,1,1,1,1,0.9699999999999999,1.0,1.0,1.0,0.8,skip,attack_already_active,1785296320.644947,1785296320644946875,1384988861645637,59.5,53.3671875,-1.0,0,0
2026-07-28T23:38:40.646,10.42.0.1,10.42.0.1,86,3,UPLOAD,0.95,UPLOAD,0.95,1,14480,0.6068796068810659,45,269434.0,163514.0,26,19,0.6223241590214067,0.37767584097859325,0.0053355599112440925,1,0,1,1,1,1,1,1,0.9699999999999999,1.0,1.0,1.0,0.8,skip,attack_already_active,1785296320.6461148,1785296320646114845,1384988862813342,59.5,53.3671875,-1.0,0,0
2026-07-28T23:38:40.647,10.42.0.1,10.42.0.1,86,3,UPLOAD,0.95,UPLOAD,0.95,1,5792,0.6283765226377207,46,269434.0,169306.0,26,20,0.6141085836714227,0.38589141632857726,0.004841992523114012,1,0,1,1,1,1,1,1,0.9699999999999999,1.0,1.0,1.0,0.8,skip,attack_already_active,1785296320.6477048,1785296320647704934,1384988864403969,59.5,53.3671875,-1.0,0,0
2026-07-28T23:38:40.650,10.42.0.1,10.42.0.1,86,3,UPLOAD,0.95,UPLOAD,0.95,1,14480,0.6821188120293574,47,269434.0,183786.0,26,21,0.594488327964344,0.40551167203565597,0.004580794222421558,1,0,1,1,1,1,1,1,0.9699999999999999,1.0,1.0,1.0,0.8,skip,attack_already_active,1785296320.6505647,1785296320650564628,1384988867263628,59.5,53.3671875,-1.0,0,0
2026-07-28T23:38:40.651,10.42.0.1,10.42.0.1,86,3,UPLOAD,0.95,UPLOAD,0.95,1,15928,0.7412353303601579,48,269434.0,199714.0,26,22,0.5743049101775985,0.42569508982240145,0.004133181710812991,1,0,1,1,1,1,1,1,0.9699999999999999,1.0,1.0,1.0,0.8,skip,attack_already_active,1785296320.6517487,1785296320651748647,1384988868447152,59.5,53.3671875,-1.0,0,0
2026-07-28T23:38:40.654,10.42.0.1,10.42.0.1,86,3,UPLOAD,0.95,UPLOAD,0.95,1,18824,0.8111003065692857,49,269434.0,218538.0,26,23,0.5521505332273163,0.44784946677268367,0.004003370313649124,1,0,1,1,1,1,1,1,0.9699999999999999,1.0,1.0,1.0,0.8,skip,attack_already_active,1785296320.6548967,1785296320654896737,1384988871595620,59.5,53.3671875,-1.0,0,0
2026-07-28T23:38:40.656,10.42.0.1,10.42.0.1,86,3,UPLOAD,0.95,UPLOAD,0.95,1,10136,0.8487199091434313,50,269434.0,228674.0,26,24,0.5409148216852571,0.459085178314743,0.0036385708719488736,1,0,1,1,1,1,1,1,0.9699999999999999,1.0,1.0,1.0,0.8,skip,attack_already_active,1785296320.6561317,1785296320656131923,1384988872830986,59.5,53.3671875,-1.0,0,0
2026-07-28T23:38:40.659,10.42.0.1,10.42.0.1,86,3,UPLOAD,0.95,UPLOAD,0.95,1,1351,0.8537341241274162,51,269434.0,230025.0,26,25,0.5394516867250365,0.4605483132749635,0.0036336611878738903,1,0,1,1,1,1,1,1,0.9699999999999999,1.0,1.0,1.0,0.8,skip,attack_already_active,1785296320.659733,1785296320659732964,1384988876432706,59.5,53.3671875,-1.0,0,0
2026-07-28T23:38:40.662,10.42.0.1,10.42.0.1,86,3,UPLOAD,0.95,UPLOAD,0.95,1,8590,0.8856157723231455,52,269434.0,238615.0,26,26,0.5303307358148525,0.4696692641851475,0.0035785021546012826,1,0,1,1,1,1,1,1,0.9699999999999999,1.0,1.0,1.0,0.8,skip,attack_already_active,1785296320.6629481,1785296320662948218,1384988879647194,59.5,53.3671875,-1.0,0,0
2026-07-28T23:38:40.686,10.42.0.18,10.42.0.1,61,3,UPLOAD,0.95,UPLOAD,0.95,1,49640,0.6268943220899817,8,79184.0,49640.0,7,1,0.6146680742718748,0.3853319257281252,0.7676279790756743,0,0,0,1,1,1,1,1,0.9699999999999999,1.0,1.0,1.0,0.8,trigger,training_upload_trigger_confirmed,1785296320.6866138,1785296320686613822,1384988903313137,59.5,53.3671875,61.048804,1785296320747664659,1384988964361941
2026-07-28T23:38:40.689,10.42.0.18,10.42.0.1,61,3,UPLOAD,0.9841010226033655,UPLOAD,0.9841010226033655,1,29915,1.004685289957508,9,79184.0,79555.0,7,2,0.4988314150901795,0.5011685849098205,0.6668177914853841,0,0,1,1,1,1,1,1,0.9699999999999999,1.0,1.0,1.0,0.8,skip,attack_already_active,1785296320.6892211,1785296320689221053,1384988905920807,59.5,53.3671875,-1.0,0,0
2026-07-28T23:38:40.691,10.42.0.1,10.42.0.1,86,3,UPLOAD,0.95,UPLOAD,0.95,1,7240,0.9124869170189639,53,269434.0,245855.0,26,27,0.5228793938935238,0.47712060610647616,0.0035296063142254827,1,0,1,1,1,1,1,1,0.9699999999999999,1.0,1.0,1.0,0.8,skip,attack_already_active,1785296320.691111,1785296320691111065,1384988907810842,59.5,53.3671875,-1.0,0,0
2026-07-28T23:38:40.692,10.42.0.1,10.42.0.1,86,3,UPLOAD,0.95,UPLOAD,0.95,1,5792,0.9339838327756186,54,269434.0,251647.0,26,28,0.5170674041079986,0.48293259589200144,0.0032582773437108362,1,0,1,1,1,1,1,1,0.9699999999999999,1.0,1.0,1.0,0.8,skip,attack_already_active,1785296320.6925817,1785296320692581684,1384988909280853,59.5,53.3671875,-1.0,0,0
2026-07-28T23:38:40.694,10.42.0.1,10.42.0.1,86,3,UPLOAD,0.95,UPLOAD,0.95,1,2896,0.9447322906539459,55,269434.0,254543.0,26,29,0.5142095931691658,0.4857904068308342,0.0031331664694938927,1,0,1,1,1,1,1,1,0.9699999999999999,1.0,1.0,1.0,0.8,skip,attack_already_active,1785296320.6948905,1785296320694890504,1384988911589620,59.5,53.3671875,-1.0,0,0
2026-07-28T23:38:40.696,10.42.0.1,10.42.0.1,86,3,UPLOAD,0.95,UPLOAD,0.95,1,11584,0.9877261221672553,56,269434.0,266127.0,26,30,0.5030874167461783,0.4969125832538217,0.0028710676166006214,1,0,1,1,1,1,1,1,0.9699999999999999,1.0,1.0,1.0,0.8,skip,attack_already_active,1785296320.6960347,1785296320696034476,1384988912732914,59.5,53.3671875,-1.0,0,0
2026-07-28T23:38:40.697,10.42.0.1,10.42.0.1,86,3,UPLOAD,0.95,UPLOAD,0.95,1,2896,0.9984745800455826,57,269434.0,269023.0,26,31,0.500381646073874,0.49961835392612597,0.0026306255333570132,1,0,1,1,1,1,1,1,0.9699999999999999,1.0,1.0,1.0,0.8,skip,attack_already_active,1785296320.697081,1785296320697081194,1384988913780028,59.5,53.3671875,-1.0,0,0
2026-07-28T23:38:40.698,10.42.0.1,10.42.0.1,86,3,UPLOAD,0.95,UPLOAD,0.95,1,11584,1.0414684115588921,58,269434.0,280607.0,26,32,0.48984348439479963,0.5101565156052004,0.0025041185447625077,1,0,1,1,1,1,1,1,0.9699999999999999,1.0,1.0,1.0,0.8,skip,attack_already_active,1785296320.6987517,1785296320698751823,1384988915451034,59.5,53.3671875,-1.0,0,0
2026-07-28T23:38:40.700,10.42.0.1,10.42.0.1,86,3,UPLOAD,0.95,UPLOAD,0.95,1,5792,1.00922303792391,57,269434.0,271919.0,26,31,0.49770482476313976,0.5022951752368603,0.0023995915017800827,1,0,1,1,1,1,1,1,0.9699999999999999,1.0,1.0,1.0,0.8,skip,attack_already_active,1785296320.7004626,1785296320700462573,1384988917161129,59.5,53.3671875,-1.0,0,0
2026-07-28T23:38:40.702,10.42.0.1,10.42.0.1,86,3,UPLOAD,0.95,UPLOAD,0.95,1,14480,1.0629653273155468,58,269434.0,286399.0,26,32,0.48473912128283136,0.5152608787171686,0.0023007955790683926,1,0,1,1,1,1,1,1,0.9699999999999999,1.0,1.0,1.0,0.8,skip,attack_already_active,1785296320.7021124,1785296320702112438,1384988918811057,59.5,53.3671875,-1.0,0,0
2026-07-28T23:38:40.703,10.42.0.1,10.42.0.1,86,3,UPLOAD,0.95,UPLOAD,0.95,1,8688,1.0952107009505287,59,269434.0,295087.0,26,33,0.4772789674786235,0.5227210325213766,0.0022213019329124536,1,0,1,1,1,1,1,1,0.9699999999999999,1.0,1.0,1.0,0.8,skip,attack_already_active,1785296320.70381,1785296320703810061,1384988920509230,59.5,53.3671875,-1.0,0,0
2026-07-28T23:38:40.706,10.42.0.1,10.42.0.1,86,3,UPLOAD,0.95,UPLOAD,0.95,1,5792,1.1167076167071834,60,269434.0,300879.0,26,34,0.4724318049912943,0.5275681950087058,0.002224292387601274,1,0,1,1,1,1,1,1,0.9699999999999999,1.0,1.0,1.0,0.8,skip,attack_already_active,1785296320.706054,1785296320706053784,1384988922753441,59.5,53.3671875,-1.0,0,0
2026-07-28T23:38:40.708,10.42.0.1,10.42.0.1,86,3,UPLOAD,0.95,UPLOAD,0.95,1,2798,1.127092349146258,61,269434.0,303677.0,26,35,0.47012533348688124,0.5298746665131188,0.0022390159246135784,1,0,1,1,1,1,1,1,0.9699999999999999,1.0,1.0,1.0,0.8,skip,attack_already_active,1785296320.70839,1785296320708389995,1384988925089630,59.5,53.3671875,-1.0,0,0
2026-07-28T23:38:42.154,10.42.0.210,10.42.0.1,85,3,UPLOAD,0.95,UPLOAD,0.95,1,1448,100.0,1,0.0,1448.0,0,1,0.0,1.0,0.33477285246615085,0,0,0,1,1,1,1,1,0.9525,0.95,1.0,1.0,0.8,trigger,training_upload_trigger_confirmed,1785296322.1540902,1785296322154090361,1384990370789238,7.7,53.3671875,8.67111,1785296322162763040,1384990379460348
2026-07-28T23:38:42.157,10.42.0.210,10.42.0.1,85,3,UPLOAD,0.9841010226033655,UPLOAD,0.9841010226033655,1,1448,100.0,2,0.0,2896.0,0,2,0.0,1.0,0.2910678331232288,0,0,1,1,1,1,1,1,0.9699999999999999,1.0,1.0,1.0,0.8,skip,attack_already_active,1785296322.1571977,1785296322157197893,1384990373896342,7.7,53.3671875,-1.0,0,0
2026-07-28T23:38:42.158,10.42.0.210,10.42.0.1,85,3,UPLOAD,0.9854688349332961,UPLOAD,0.9854688349332961,1,1448,100.0,3,0.0,4344.0,0,3,0.0,1.0,0.25290168868903884,0,0,1,1,1,1,1,1,0.9699999999999999,1.0,1.0,1.0,0.8,skip,attack_already_active,1785296322.1586332,1785296322158633089,1384990375331974,7.7,53.3671875,-1.0,0,0
2026-07-28T23:38:42.159,10.42.0.210,10.42.0.1,85,3,UPLOAD,0.9855076450773014,UPLOAD,0.9855076450773014,1,1448,100.0,4,0.0,5792.0,0,4,0.0,1.0,0.21971796136329022,0,0,1,1,1,1,1,1,0.9699999999999999,1.0,1.0,1.0,0.8,skip,attack_already_active,1785296322.1597128,1785296322159712856,1384990376411647,7.7,53.3671875,-1.0,0,0
2026-07-28T23:38:42.160,10.42.0.210,10.42.0.1,85,3,UPLOAD,0.9855086980780915,UPLOAD,0.9855086980780915,1,1448,100.0,5,0.0,7240.0,0,5,0.0,1.0,0.19089427799823183,0,0,1,1,1,1,1,1,0.9699999999999999,1.0,1.0,1.0,0.8,skip,attack_already_active,1785296322.1606958,1785296322160695711,1384990377394785,7.7,53.3671875,-1.0,0,0
2026-07-28T23:38:42.161,10.42.0.210,10.42.0.1,85,3,UPLOAD,0.9855087254685951,UPLOAD,0.9855087254685951,1,1448,100.0,6,0.0,8688.0,0,6,0.0,1.0,0.1658984782997454,0,0,1,1,1,1,1,1,0.9699999999999999,1.0,1.0,1.0,0.8,skip,attack_already_active,1785296322.1619039,1785296322161903866,1384990378602475,7.7,53.3671875,-1.0,0,0
2026-07-28T23:38:42.162,10.42.0.210,10.42.0.1,85,3,UPLOAD,0.9855087261493067,UPLOAD,0.9855087261493067,1,1448,100.0,7,0.0,10136.0,0,7,0.0,1.0,0.14416412682238924,0,0,1,1,1,1,1,1,0.9699999999999999,1.0,1.0,1.0,0.8,skip,attack_already_active,1785296322.1628664,1785296322162866546,1384990379564663,7.7,53.3671875,-1.0,0,0
2026-07-28T23:38:42.163,10.42.0.210,10.42.0.1,85,3,UPLOAD,0.9855087261653082,UPLOAD,0.9855087261653082,1,1448,100.0,8,0.0,11584.0,0,8,0.0,1.0,0.1252938708003674,0,0,1,1,1,1,1,1,0.9699999999999999,1.0,1.0,1.0,0.8,skip,attack_already_active,1785296322.1638293,1785296322163829121,1384990380527206,7.7,53.3671875,-1.0,0,0
2026-07-28T23:38:42.164,10.42.0.210,10.42.0.1,85,3,UPLOAD,0.985508726165656,UPLOAD,0.985508726165656,1,1448,100.0,9,0.0,13032.0,0,9,0.0,1.0,0.1089132802372493,0,0,1,1,1,1,1,1,0.9699999999999999,1.0,1.0,1.0,0.8,skip,attack_already_active,1785296322.1648154,1785296322164815379,1384990381513745,7.7,53.3671875,-1.0,0,0
2026-07-28T23:38:42.165,10.42.0.210,10.42.0.1,85,3,UPLOAD,0.9855087261656625,UPLOAD,0.9855087261656625,1,1448,100.0,10,0.0,14480.0,0,10,0.0,1.0,0.09468425861309544,0,0,1,1,1,1,1,1,0.9699999999999999,1.0,1.0,1.0,0.8,skip,attack_already_active,1785296322.1657486,1785296322165748477,1384990382446846,7.7,53.3671875,-1.0,0,0
2026-07-28T23:38:42.166,10.42.0.210,10.42.0.1,85,3,UPLOAD,0.9855087261656628,UPLOAD,0.9855087261656628,1,1448,100.0,11,0.0,15928.0,0,11,0.0,1.0,0.08232912772549346,0,0,1,1,1,1,1,1,0.9699999999999999,1.0,1.0,1.0,0.8,skip,attack_already_active,1785296322.1666732,1785296322166673062,1384990383371257,7.7,53.3671875,-1.0,0,0
2026-07-28T23:38:42.167,10.42.0.210,10.42.0.1,85,3,UPLOAD,0.95,UPLOAD,0.95,1,1448,100.0,12,0.0,17376.0,0,12,0.0,1.0,0.0716152829896825,0,0,1,1,1,1,1,1,0.9699999999999999,1.0,1.0,1.0,0.8,skip,attack_already_active,1785296322.167698,1785296322167697845,1384990384396118,7.7,53.3671875,-1.0,0,0
2026-07-28T23:38:42.169,10.42.0.210,10.42.0.1,85,3,UPLOAD,0.95,UPLOAD,0.95,1,1448,100.0,13,0.0,18824.0,0,13,0.0,1.0,0.06236034425753932,0,0,1,1,1,1,1,1,0.9699999999999999,1.0,1.0,1.0,0.8,skip,attack_already_active,1785296322.16908,1785296322169080085,1384990385778419,7.7,53.3671875,-1.0,0,0
2026-07-28T23:38:42.170,10.42.0.210,10.42.0.1,85,3,UPLOAD,0.95,UPLOAD,0.95,1,1448,100.0,14,0.0,20272.0,0,14,0.0,1.0,0.0542658738775771,0,0,1,1,1,1,1,1,0.9699999999999999,1.0,1.0,1.0,0.8,skip,attack_already_active,1785296322.1700137,1785296322170013795,1384990386712096,7.7,53.3671875,-1.0,0,0
2026-07-28T23:38:42.170,10.42.0.210,10.42.0.1,85,3,UPLOAD,0.95,UPLOAD,0.95,1,1448,100.0,15,0.0,21720.0,0,15,0.0,1.0,0.04723427793425797,0,0,1,1,1,1,1,1,0.9699999999999999,1.0,1.0,1.0,0.8,skip,attack_already_active,1785296322.1709187,1785296322170918742,1384990387616809,7.7,53.3671875,-1.0,0,0
2026-07-28T23:38:42.171,10.42.0.210,10.42.0.1,85,3,UPLOAD,0.95,UPLOAD,0.95,1,1448,100.0,16,0.0,23168.0,0,16,0.0,1.0,0.04113545605497581,0,0,1,1,1,1,1,1,0.9699999999999999,1.0,1.0,1.0,0.8,skip,attack_already_active,1785296322.1718707,1785296322171870792,1384990388568913,7.7,53.3671875,-1.0,0,0
2026-07-28T23:38:42.172,10.42.0.210,10.42.0.1,85,3,UPLOAD,0.95,UPLOAD,0.95,1,1448,100.0,17,0.0,24616.0,0,17,0.0,1.0,0.035828364546054245,0,0,1,1,1,1,1,1,0.9699999999999999,1.0,1.0,1.0,0.8,skip,attack_already_active,1785296322.172732,1785296322172732090,1384990389430082,7.7,53.3671875,-1.0,0,0
2026-07-28T23:38:42.173,10.42.0.210,10.42.0.1,85,3,UPLOAD,0.95,UPLOAD,0.95,1,1448,100.0,18,0.0,26064.0,0,18,0.0,1.0,0.03119136252614879,0,0,1,1,1,1,1,1,0.9699999999999999,1.0,1.0,1.0,0.8,skip,attack_already_active,1785296322.1733716,1785296322173371590,1384990390069855,7.7,53.3671875,-1.0,0,0
2026-07-28T23:38:42.174,10.42.0.210,10.42.0.1,85,3,UPLOAD,0.95,UPLOAD,0.95,1,1448,100.0,19,0.0,27512.0,0,19,0.0,1.0,0.027191663998809436,0,0,1,1,1,1,1,1,0.9699999999999999,1.0,1.0,1.0,0.8,skip,attack_already_active,1785296322.1742103,1785296322174210241,1384990390908253,7.7,53.3671875,-1.0,0,0
2026-07-28T23:38:42.174,10.42.0.210,10.42.0.1,85,3,UPLOAD,0.95,UPLOAD,0.95,1,1448,100.0,20,0.0,28960.0,0,20,0.0,1.0,0.023687731808536925,0,0,1,1,1,1,1,1,0.9699999999999999,1.0,1.0,1.0,0.8,skip,attack_already_active,1785296322.1748116,1785296322174811752,1384990391510192,7.7,53.3671875,-1.0,0,0
2026-07-28T23:38:42.175,10.42.0.210,10.42.0.1,85,3,UPLOAD,0.95,UPLOAD,0.95,1,1448,100.0,21,0.0,30408.0,0,21,0.0,1.0,0.02068546004043183,0,0,1,1,1,1,1,1,0.9699999999999999,1.0,1.0,1.0,0.8,skip,attack_already_active,1785296322.175716,1785296322175715725,1384990392414093,7.7,53.3671875,-1.0,0,0
2026-07-28T23:38:42.176,10.42.0.210,10.42.0.1,85,3,UPLOAD,0.95,UPLOAD,0.95,1,1448,100.0,22,0.0,31856.0,0,22,0.0,1.0,0.01804104722682927,0,0,1,1,1,1,1,1,0.9699999999999999,1.0,1.0,1.0,0.8,skip,attack_already_active,1785296322.1763337,1785296322176333508,1384990393031607,7.7,53.3671875,-1.0,0,0
2026-07-28T23:38:42.177,10.42.0.210,10.42.0.1,85,3,UPLOAD,0.95,UPLOAD,0.95,1,1448,100.0,23,0.0,33304.0,0,23,0.0,1.0,0.01577934556194937,0,0,1,1,1,1,1,1,0.9699999999999999,1.0,1.0,1.0,0.8,skip,attack_already_active,1785296322.1772113,1785296322177211285,1384990393909489,7.7,53.3671875,-1.0,0,0
2026-07-28T23:38:42.177,10.42.0.210,10.42.0.1,85,3,UPLOAD,0.95,UPLOAD,0.95,1,1448,100.0,24,0.0,34752.0,0,24,0.0,1.0,0.01378265865934268,0,0,1,1,1,1,1,1,0.9699999999999999,1.0,1.0,1.0,0.8,skip,attack_already_active,1785296322.1778383,1785296322177838329,1384990394536606,7.7,53.3671875,-1.0,0,0
2026-07-28T23:38:42.179,10.42.0.210,10.42.0.1,85,3,UPLOAD,0.95,UPLOAD,0.95,1,1448,100.0,25,0.0,36200.0,0,25,0.0,1.0,0.01212973278795548,0,0,1,1,1,1,1,1,0.9699999999999999,1.0,1.0,1.0,0.8,skip,attack_already_active,1785296322.1790774,1785296322179077442,1384990395776106,7.7,53.3671875,-1.0,0,0
2026-07-28T23:38:42.180,10.42.0.210,10.42.0.1,85,3,UPLOAD,0.95,UPLOAD,0.95,1,1448,100.0,26,0.0,37648.0,0,26,0.0,1.0,0.010690661742532687,0,0,1,1,1,1,1,1,0.9699999999999999,1.0,1.0,1.0,0.8,skip,attack_already_active,1785296322.1802864,1785296322180286437,1384990396985978,7.7,53.3671875,-1.0,0,0
2026-07-28T23:38:42.182,10.42.0.210,10.42.0.1,85,3,UPLOAD,0.95,UPLOAD,0.95,1,1448,100.0,27,0.0,39096.0,0,27,0.0,1.0,0.00951298104766576,0,0,1,1,1,1,1,1,0.9699999999999999,1.0,1.0,1.0,0.8,skip,attack_already_active,1785296322.18204,1785296322182039955,1384990398738707,7.7,53.3671875,-1.0,0,0
2026-07-28T23:38:42.183,10.42.0.210,10.42.0.1,85,3,UPLOAD,0.95,UPLOAD,0.95,1,1448,100.0,28,0.0,40544.0,0,28,0.0,1.0,0.008392434640660881,0,0,1,1,1,1,1,1,0.9699999999999999,1.0,1.0,1.0,0.8,skip,attack_already_active,1785296322.1830494,1785296322183049523,1384990399747907,7.7,53.3671875,-1.0,0,0
2026-07-28T23:38:42.184,10.42.0.210,10.42.0.1,85,3,UPLOAD,0.95,UPLOAD,0.95,1,1448,100.0,29,0.0,41992.0,0,29,0.0,1.0,0.0074444931215893965,0,0,1,1,1,1,1,1,0.9699999999999999,1.0,1.0,1.0,0.8,skip,attack_already_active,1785296322.1842482,1785296322184248287,1384990400946711,7.7,53.3671875,-1.0,0,0
2026-07-28T23:38:42.185,10.42.0.210,10.42.0.1,85,3,UPLOAD,0.95,UPLOAD,0.95,1,1448,100.0,30,0.0,43440.0,0,30,0.0,1.0,0.006568559053603674,0,0,1,1,1,1,1,1,0.9699999999999999,1.0,1.0,1.0,0.8,skip,attack_already_active,1785296322.1850455,1785296322185045469,1384990401743762,7.7,53.3671875,-1.0,0,0
2026-07-28T23:38:42.185,10.42.0.210,10.42.0.1,85,3,UPLOAD,0.95,UPLOAD,0.95,1,1448,100.0,31,0.0,44888.0,0,31,0.0,1.0,0.005828723435019223,0,0,1,1,1,1,1,1,0.9699999999999999,1.0,1.0,1.0,0.8,skip,attack_already_active,1785296322.1859996,1785296322185999501,1384990402697596,7.7,53.3671875,-1.0,0,0
2026-07-28T23:38:42.186,10.42.0.210,10.42.0.1,85,3,UPLOAD,0.95,UPLOAD,0.95,1,1448,100.0,32,0.0,46336.0,0,32,0.0,1.0,0.005158480538394012,0,0,1,1,1,1,1,1,0.9699999999999999,1.0,1.0,1.0,0.8,skip,attack_already_active,1785296322.186742,1785296322186741957,1384990403440120,7.7,53.3671875,-1.0,0,0
2026-07-28T23:38:42.187,10.42.0.210,10.42.0.1,85,3,UPLOAD,0.95,UPLOAD,0.95,1,1448,100.0,33,0.0,47784.0,0,33,0.0,1.0,0.0045598758606952205,0,0,1,1,1,1,1,1,0.9699999999999999,1.0,1.0,1.0,0.8,skip,attack_already_active,1785296322.187358,1785296322187358053,1384990404056040,7.7,53.3671875,-1.0,0,0
2026-07-28T23:38:42.187,10.42.0.210,10.42.0.1,85,3,UPLOAD,0.95,UPLOAD,0.95,1,1448,100.0,34,0.0,49232.0,0,34,0.0,1.0,0.004042131297755389,0,0,1,1,1,1,1,1,0.9699999999999999,1.0,1.0,1.0,0.8,skip,attack_already_active,1785296322.1879888,1785296322187988681,1384990404686739,7.7,53.3671875,-1.0,0,0
2026-07-28T23:38:42.188,10.42.0.210,10.42.0.1,85,3,UPLOAD,0.95,UPLOAD,0.95,1,1448,100.0,35,0.0,50680.0,0,35,0.0,1.0,0.0036355913644073616,0,0,1,1,1,1,1,1,0.9699999999999999,1.0,1.0,1.0,0.8,skip,attack_already_active,1785296322.1889458,1785296322188945613,1384990405643759,7.7,53.3671875,-1.0,0,0
2026-07-28T23:38:42.189,10.42.0.210,10.42.0.1,85,3,UPLOAD,0.95,UPLOAD,0.95,1,1448,100.0,36,0.0,52128.0,0,36,0.0,1.0,0.003238952715379033,0,0,1,1,1,1,1,1,0.9699999999999999,1.0,1.0,1.0,0.8,skip,attack_already_active,1785296322.1895714,1785296322189571276,1384990406269307,7.7,53.3671875,-1.0,0,0
2026-07-28T23:38:42.190,10.42.0.1,10.42.0.1,86,3,UPLOAD,0.9558004200498958,UPLOAD,0.9558004200498958,1,7240,100.0,1,0.0,7240.0,0,1,0.0,1.0,0.006451625382045408,1,0,1,1,1,1,1,1,0.9699999999999999,1.0,1.0,1.0,0.8,skip,attack_already_active,1785296322.190186,1785296322190185901,1384990406883910,7.7,53.3671875,-1.0,0,0
2026-07-28T23:38:42.190,10.42.0.1,10.42.0.1,86,3,UPLOAD,0.9765472418973085,UPLOAD,0.9765472418973085,1,5792,100.0,2,0.0,13032.0,0,2,0.0,1.0,0.005680889268020497,1,0,1,1,1,1,1,1,0.9699999999999999,1.0,1.0,1.0,0.8,skip,attack_already_active,1785296322.1907887,1785296322190788772,1384990407486828,7.7,53.3671875,-1.0,0,0
2026-07-28T23:38:42.222,10.42.0.1,10.42.0.1,86,3,UPLOAD,0.9777150422081422,UPLOAD,0.9777150422081422,1,1448,100.0,3,0.0,14480.0,0,3,0.0,1.0,0.009158289971355333,1,0,1,1,1,1,1,1,0.9699999999999999,1.0,1.0,1.0,0.8,skip,attack_already_active,1785296322.2228587,1785296322222858863,1384990439557486,7.7,53.3671875,-1.0,0,0
2026-07-28T23:38:42.276,10.42.0.1,10.42.0.1,86,3,UPLOAD,0.9779592182294169,UPLOAD,0.9779592182294169,1,1448,100.0,4,0.0,15928.0,0,4,0.0,1.0,0.014970377906948407,1,0,1,1,1,1,1,1,0.9699999999999999,1.0,1.0,1.0,0.8,skip,attack_already_active,1785296322.2761233,1785296322276123501,1384990492822125,7.7,53.3671875,-1.0,0,0
2026-07-28T23:38:42.277,10.42.0.1,10.42.0.1,86,3,UPLOAD,0.9780372973647747,UPLOAD,0.9780372973647747,1,11584,100.0,5,0.0,27512.0,0,5,0.0,1.0,0.013209229631874052,1,0,1,1,1,1,1,1,0.9699999999999999,1.0,1.0,1.0,0.8,skip,attack_already_active,1785296322.2777288,1785296322277728895,1384990494427169,7.7,53.3671875,-1.0,0,0
2026-07-28T23:38:42.278,10.42.0.1,10.42.0.1,86,3,UPLOAD,0.9780331406989088,UPLOAD,0.9780331406989088,1,14480,100.0,6,0.0,41992.0,0,6,0.0,1.0,0.011563534043466729,1,0,1,1,1,1,1,1,0.9699999999999999,1.0,1.0,1.0,0.8,skip,attack_already_active,1785296322.2784493,1785296322278449359,1384990495147603,7.7,53.3671875,-1.0,0,0
2026-07-28T23:38:42.279,10.42.0.1,10.42.0.1,86,3,UPLOAD,0.9778378151072383,UPLOAD,0.9778378151072383,1,5792,100.0,7,0.0,47784.0,0,7,0.0,1.0,0.010162503588232865,1,0,1,1,1,1,1,1,0.9699999999999999,1.0,1.0,1.0,0.8,skip,attack_already_active,1785296322.2793808,1785296322279380675,1384990496078928,7.7,53.3671875,-1.0,0,0
2026-07-28T23:38:42.280,10.42.0.1,10.42.0.1,86,3,UPLOAD,0.9780143545824075,UPLOAD,0.9780143545824075,1,14480,100.0,8,0.0,62264.0,0,8,0.0,1.0,0.008980526736837439,1,0,1,1,1,1,1,1,0.9699999999999999,1.0,1.0,1.0,0.8,skip,attack_already_active,1785296322.2805736,1785296322280573731,1384990497271914,7.7,53.3671875,-1.0,0,0
2026-07-28T23:38:42.281,10.42.0.1,10.42.0.1,86,3,UPLOAD,0.9779944130665543,UPLOAD,0.9779944130665543,1,8688,100.0,9,0.0,70952.0,0,9,0.0,1.0,0.007881667039671084,1,0,1,1,1,1,1,1,0.9699999999999999,1.0,1.0,1.0,0.8,skip,attack_already_active,1785296322.2812152,1785296322281215307,1384990497913432,7.7,53.3671875,-1.0,0,0
2026-07-28T23:38:42.282,10.42.0.1,10.42.0.1,86,3,UPLOAD,0.9780963161791792,UPLOAD,0.9780963161791792,1,8591,100.0,10,0.0,79543.0,0,10,0.0,1.0,0.007073668867376713,1,0,1,1,1,1,1,1,0.9699999999999999,1.0,1.0,1.0,0.8,skip,attack_already_active,1785296322.2829652,1785296322282965271,1384990499663894,7.7,53.3671875,-1.0,0,0
2026-07-28T23:38:42.592,10.42.0.1,10.42.0.1,86,3,UPLOAD,0.9767935961820298,UPLOAD,0.9767935961820298,0,39,100.0,10,0.0,79543.0,0,10,0.0,1.0,0.011527156025100602,1,0,1,1,1,1,1,1,0.8374999999999999,0.8500000000000001,1.0,0.6000000000000001,0.8,skip,attack_already_active,1785296322.59215,1785296322592149951,1384990808848590,50.0,53.3671875,-1.0,0,0
2026-07-28T23:38:43.153,10.42.0.145,10.42.0.1,39,3,UPLOAD,0.9841010226033655,UPLOAD,0.9841010226033655,0,39,1.0,0,0.0,0.0,0,0,0.0,0.0,0.9710488720477697,0,0,0,0,0,0,0,0,0.4375,0.05,1.0,0.0,0.8,skip,already_attacked_this_round,1785296323.1531048,1785296323153104955,1384991369803910,8.9,53.3671875,-1.0,0,0
2026-07-28T23:38:43.232,10.42.0.18,10.42.0.1,61,3,UPLOAD,0.9854688349332961,UPLOAD,0.9854688349332961,0,39,1.0,0,0.0,0.0,0,0,0.0,0.0,0.5849150707591818,0,0,1,0,0,0,0,0,0.4375,0.05,1.0,0.0,0.8,skip,attack_already_active,1785296323.232381,1785296323232381161,1384991449080197,8.9,53.3671875,-1.0,0,0
2026-07-28T23:38:43.487,10.42.0.59,10.42.0.1,34,3,UPLOAD,0.9855076450773014,UPLOAD,0.9855076450773014,0,39,1.0,0,0.0,0.0,0,0,0.0,0.0,0.7163308737900809,0,0,0,0,0,0,0,0,0.4375,0.05,1.0,0.0,0.8,skip,already_attacked_this_round,1785296323.4872048,1785296323487204971,1384991703904026,8.9,53.3671875,-1.0,0,0
2026-07-28T23:38:43.573,10.42.0.47,10.42.0.1|10.42.0.47,86,3,UPLOAD,0.95,UPLOAD,0.95,1,7240,100.0,1,0.0,7240.0,0,1,0.0,1.0,0.09384458357477526,1,0,0,1,1,1,1,1,0.9699999999999999,1.0,1.0,1.0,0.8,trigger,training_upload_trigger_confirmed,1785296323.5739214,1785296323573921470,1384991790620288,8.9,53.3671875,5.797977,1785296323579720983,1384991796418265
2026-07-28T23:38:43.574,10.42.0.47,10.42.0.1|10.42.0.47,86,3,UPLOAD,0.9518308516641214,UPLOAD,0.9518308516641214,1,1448,100.0,2,0.0,8688.0,0,2,0.0,1.0,0.08161452104336119,1,0,1,1,1,1,1,1,0.9699999999999999,1.0,1.0,1.0,0.8,skip,attack_already_active,1785296323.5749555,1785296323574955537,1384991791653991,8.9,53.3671875,-1.0,0,0
2026-07-28T23:38:43.576,10.42.0.47,10.42.0.1|10.42.0.47,86,3,UPLOAD,0.9524067671033849,UPLOAD,0.9524067671033849,1,5792,100.0,3,0.0,14480.0,0,3,0.0,1.0,0.0710417809410059,1,0,1,1,1,1,1,1,0.9699999999999999,1.0,1.0,1.0,0.8,skip,attack_already_active,1785296323.5763364,1785296323576336298,1384991793034680,8.9,53.3671875,-1.0,0,0
2026-07-28T23:38:43.577,10.42.0.47,10.42.0.1|10.42.0.47,86,3,UPLOAD,0.9557041666784513,UPLOAD,0.9557041666784513,1,8688,100.0,4,0.0,23168.0,0,4,0.0,1.0,0.06186106418496642,1,0,1,1,1,1,1,1,0.9699999999999999,1.0,1.0,1.0,0.8,skip,attack_already_active,1785296323.5777082,1785296323577708176,1384991794406656,8.9,53.3671875,-1.0,0,0
2026-07-28T23:38:43.579,10.42.0.47,10.42.0.1|10.42.0.47,86,3,UPLOAD,0.9575231960975767,UPLOAD,0.9575231960975767,1,2896,100.0,5,0.0,26064.0,0,5,0.0,1.0,0.05389283340596174,1,0,1,1,1,1,1,1,0.9699999999999999,1.0,1.0,1.0,0.8,skip,attack_already_active,1785296323.5791006,1785296323579100756,1384991795799323,8.9,53.3671875,-1.0,0,0
2026-07-28T23:38:43.580,10.42.0.47,10.42.0.1|10.42.0.47,86,3,UPLOAD,0.9591928341456645,UPLOAD,0.9591928341456645,1,5792,100.0,6,0.0,31856.0,0,6,0.0,1.0,0.04692233331563786,1,0,1,1,1,1,1,1,0.9699999999999999,1.0,1.0,1.0,0.8,skip,attack_already_active,1785296323.5800962,1785296323580096187,1384991796794546,8.9,53.3671875,-1.0,0,0
2026-07-28T23:38:43.581,10.42.0.47,10.42.0.1|10.42.0.47,86,3,UPLOAD,0.9605779972434162,UPLOAD,0.9605779972434162,1,1448,100.0,7,0.0,33304.0,0,7,0.0,1.0,0.0408624185490528,1,0,1,1,1,1,1,1,0.9699999999999999,1.0,1.0,1.0,0.8,skip,attack_already_active,1785296323.5810316,1785296323581031583,1384991797729835,8.9,53.3671875,-1.0,0,0
2026-07-28T23:38:43.582,10.42.0.47,10.42.0.1|10.42.0.47,86,3,UPLOAD,0.9621371176367483,UPLOAD,0.9621371176367483,1,10136,100.0,8,0.0,43440.0,0,8,0.0,1.0,0.03565784863848372,1,0,1,1,1,1,1,1,0.9699999999999999,1.0,1.0,1.0,0.8,skip,attack_already_active,1785296323.582398,1785296323582397920,1384991799096343,8.9,53.3671875,-1.0,0,0
2026-07-28T23:38:43.583,10.42.0.47,10.42.0.1|10.42.0.47,86,3,UPLOAD,0.963945710251123,UPLOAD,0.963945710251123,1,10136,100.0,9,0.0,53576.0,0,9,0.0,1.0,0.031138322726107448,1,0,1,1,1,1,1,1,0.9699999999999999,1.0,1.0,1.0,0.8,skip,attack_already_active,1785296323.5837584,1785296323583758399,1384991800456774,8.9,53.3671875,-1.0,0,0
2026-07-28T23:38:43.585,10.42.0.47,10.42.0.1|10.42.0.47,86,3,UPLOAD,0.9656828630972265,UPLOAD,0.9656828630972265,1,7240,100.0,10,0.0,60816.0,0,10,0.0,1.0,0.02722849280673084,1,0,1,1,1,1,1,1,0.9699999999999999,1.0,1.0,1.0,0.8,skip,attack_already_active,1785296323.585226,1785296323585225925,1384991801924659,8.9,53.3671875,-1.0,0,0
2026-07-28T23:38:43.586,10.42.0.47,10.42.0.1|10.42.0.47,86,3,UPLOAD,0.9671547937560686,UPLOAD,0.9671547937560686,1,11584,100.0,11,0.0,72400.0,0,11,0.0,1.0,0.02377616473431193,1,0,1,1,1,1,1,1,0.9699999999999999,1.0,1.0,1.0,0.8,skip,attack_already_active,1785296323.5862558,1785296323586255765,1384991802954120,8.9,53.3671875,-1.0,0,0
2026-07-28T23:38:43.587,10.42.0.47,10.42.0.1|10.42.0.47,86,3,UPLOAD,0.9686757406581923,UPLOAD,0.9686757406581923,1,7129,100.0,12,0.0,79529.0,0,12,0.0,1.0,0.02083613368113669,1,0,1,1,1,1,1,1,0.9699999999999999,1.0,1.0,1.0,0.8,skip,attack_already_active,1785296323.5877209,1785296323587721005,1384991804419753,8.9,53.3671875,-1.0,0,0
2026-07-28T23:38:43.589,10.42.0.1,10.42.0.1|10.42.0.47,86,3,UPLOAD,0.9741295933347474,UPLOAD,0.9741295933347474,1,7240,100.0,1,0.0,7240.0,0,1,0.0,1.0,0.027842461686698163,1,0,1,1,1,1,1,1,0.9699999999999999,1.0,1.0,1.0,0.8,skip,attack_already_active,1785296323.5891504,1785296323589150490,1384991805848835,8.9,53.3671875,-1.0,0,0
2026-07-28T23:38:43.590,10.42.0.1,10.42.0.1|10.42.0.47,86,3,UPLOAD,0.9731918312763256,UPLOAD,0.9731918312763256,1,7240,100.0,2,0.0,14480.0,0,2,0.0,1.0,0.02430369871450606,1,0,1,1,1,1,1,1,0.9699999999999999,1.0,1.0,1.0,0.8,skip,attack_already_active,1785296323.5901382,1785296323590138128,1384991806836502,8.9,53.3671875,-1.0,0,0
2026-07-28T23:38:43.591,10.42.0.1,10.42.0.1|10.42.0.47,86,3,UPLOAD,0.9727280084412995,UPLOAD,0.9727280084412995,1,11584,100.0,3,0.0,26064.0,0,3,0.0,1.0,0.021287994324927742,1,0,1,1,1,1,1,1,0.9699999999999999,1.0,1.0,1.0,0.8,skip,attack_already_active,1785296323.5915565,1785296323591556496,1384991808255523,8.9,53.3671875,-1.0,0,0
2026-07-28T23:38:43.592,10.42.0.1,10.42.0.1|10.42.0.47,86,3,UPLOAD,0.9726867712137867,UPLOAD,0.9726867712137867,1,11584,100.0,4,0.0,37648.0,0,4,0.0,1.0,0.018612440127812692,1,0,1,1,1,1,1,1,0.9699999999999999,1.0,1.0,1.0,0.8,skip,attack_already_active,1785296323.5925405,1785296323592540389,1384991809238886,20.0,53.3671875,-1.0,0,0
2026-07-28T23:38:43.594,10.42.0.1,10.42.0.1|10.42.0.47,86,3,UPLOAD,0.9725961178165617,UPLOAD,0.9725961178165617,1,7240,100.0,5,0.0,44888.0,0,5,0.0,1.0,0.016454711617004493,1,0,1,1,1,1,1,1,0.9699999999999999,1.0,1.0,1.0,0.8,skip,attack_already_active,1785296323.5947785,1785296323594778609,1384991811476909,20.0,53.3671875,-1.0,0,0
2026-07-28T23:38:43.595,10.42.0.1,10.42.0.1|10.42.0.47,86,3,UPLOAD,0.9720852934592075,UPLOAD,0.9720852934592075,1,4344,100.0,6,0.0,49232.0,0,6,0.0,1.0,0.01441467831203537,1,0,1,1,1,1,1,1,0.9699999999999999,1.0,1.0,1.0,0.8,skip,attack_already_active,1785296323.595752,1785296323595751935,1384991812450271,20.0,53.3671875,-1.0,0,0
2026-07-28T23:38:43.596,10.42.0.1,10.42.0.1|10.42.0.47,86,3,UPLOAD,0.9715617648925224,UPLOAD,0.9715617648925224,1,7240,100.0,7,0.0,56472.0,0,7,0.0,1.0,0.012644317584140996,1,0,1,1,1,1,1,1,0.9699999999999999,1.0,1.0,1.0,0.8,skip,attack_already_active,1785296323.596732,1785296323596731932,1384991813430560,20.0,53.3671875,-1.0,0,0
2026-07-28T23:38:43.598,10.42.0.1,10.42.0.1|10.42.0.47,86,3,UPLOAD,0.9710980694264065,UPLOAD,0.9710980694264065,1,4344,100.0,8,0.0,60816.0,0,8,0.0,1.0,0.01123539710821529,1,0,1,1,1,1,1,1,0.9699999999999999,1.0,1.0,1.0,0.8,skip,attack_already_active,1785296323.5986843,1785296323598684351,1384991815383192,20.0,53.3671875,-1.0,0,0
2026-07-28T23:38:43.600,10.42.0.1,10.42.0.1|10.42.0.47,86,3,UPLOAD,0.9705836050752473,UPLOAD,0.9705836050752473,1,7240,100.0,9,0.0,68056.0,0,9,0.0,1.0,0.009950118270870105,1,0,1,1,1,1,1,1,0.9699999999999999,1.0,1.0,1.0,0.8,skip,attack_already_active,1785296323.600166,1785296323600166147,1384991816864747,20.0,53.3671875,-1.0,0,0
2026-07-28T23:38:43.601,10.42.0.1,10.42.0.1|10.42.0.47,86,3,UPLOAD,0.9701193357766527,UPLOAD,0.9701193357766527,1,4344,100.0,10,0.0,72400.0,0,10,0.0,1.0,0.008842280662333819,1,0,1,1,1,1,1,1,0.9699999999999999,1.0,1.0,1.0,0.8,skip,attack_already_active,1785296323.6017091,1785296323601709037,1384991818407828,20.0,53.3671875,-1.0,0,0
2026-07-28T23:38:43.603,10.42.0.1,10.42.0.1|10.42.0.47,86,3,UPLOAD,0.9696456148053559,UPLOAD,0.9696456148053559,1,7129,100.0,11,0.0,79529.0,0,11,0.0,1.0,0.007925260512423055,1,0,1,1,1,1,1,1,0.9699999999999999,1.0,1.0,1.0,0.8,skip,attack_already_active,1785296323.6035924,1785296323603592455,1384991820291284,20.0,53.3671875,-1.0,0,0
2026-07-28T23:38:43.610,10.42.0.1,10.42.0.1|10.42.0.47,86,3,UPLOAD,0.9694637539985717,UPLOAD,0.9694637539985717,1,1337,100.0,12,0.0,80866.0,0,12,0.0,1.0,0.007855295293054005,1,0,1,1,1,1,1,1,0.9699999999999999,1.0,1.0,1.0,0.8,skip,attack_already_active,1785296323.6109867,1785296323610986829,1384991827685446,20.0,53.3671875,-1.0,0,0
2026-07-28T23:38:43.892,10.42.0.1,,87,1,DOWNLOAD,0.9555752050735347,DOWNLOAD,0.9555752050735347,-1,7240,11.16933701516998,13,7240.0,80866.0,1,12,0.0821737452613897,0.9178262547386103,0.017628661292035313,0,0,0,0,1,0,0,0,0.44,0.8500000000000001,0.0,0.6000000000000001,0.15,skip,training_upload_trigger_not_confirmed,1785296323.8927248,1785296323892724683,1384992109423412,20.0,53.3671875,-1.0,0,0
2026-07-28T23:38:43.893,10.42.0.1,,87,1,DOWNLOAD,0.95,DOWNLOAD,0.95,-1,7240,5.5846685079706715,14,14480.0,80866.0,2,12,0.15186793363119586,0.8481320663688041,0.015401351463825878,0,0,0,0,1,0,0,0,0.44,0.8500000000000001,0.0,0.6000000000000001,0.15,skip,training_upload_trigger_not_confirmed,1785296323.893451,1785296323893450885,1384992110148943,20.0,53.3671875,-1.0,0,0
2026-07-28T23:38:43.894,10.42.0.1,,87,1,DOWNLOAD,0.95,DOWNLOAD,0.95,-1,7240,3.7231123387328213,15,21720.0,80866.0,3,12,0.21172479675589262,0.7882752032441074,0.013500186968447089,0,0,0,0,1,0,0,0,0.44,0.8500000000000001,0.0,0.6000000000000001,0.15,skip,training_upload_trigger_not_confirmed,1785296323.894425,1785296323894424807,1384992111122914,20.0,53.3671875,-1.0,0,0
2026-07-28T23:38:43.895,10.42.0.1,,87,1,DOWNLOAD,0.95,DOWNLOAD,0.95,-1,7240,2.792334254081756,16,28960.0,80866.0,4,12,0.263689836650702,0.736310163349298,0.011847411025775152,0,0,0,0,1,0,0,0,0.4,0.8500000000000001,0.0,0.4,0.15,skip,training_upload_trigger_not_confirmed,1785296323.8953826,1785296323895382596,1384992112080743,20.0,53.3671875,-1.0,0,0
2026-07-28T23:38:43.897,10.42.0.1,,87,1,DOWNLOAD,0.95,DOWNLOAD,0.95,-1,5792,2.3269452117481886,17,34752.0,80866.0,5,12,0.3005760348734626,0.6994239651265374,0.010508629083664123,0,0,0,0,1,0,0,0,0.4,0.8500000000000001,0.0,0.4,0.15,skip,training_upload_trigger_not_confirmed,1785296323.8970704,1785296323897070450,1384992113768729,20.0,53.3671875,-1.0,0,0
2026-07-28T23:38:43.897,10.42.0.1,,87,1,DOWNLOAD,0.95,DOWNLOAD,0.95,-1,5792,1.9945244672209321,18,40544.0,80866.0,6,12,0.3339428383164484,0.6660571616835516,0.009220971504135709,0,0,0,0,1,0,0,0,0.4,0.8500000000000001,0.0,0.4,0.15,skip,training_upload_trigger_not_confirmed,1785296323.8978074,1785296323897807375,1384992114505490,20.0,53.3671875,-1.0,0,0
2026-07-28T23:38:43.901,10.42.0.1,,87,1,DOWNLOAD,0.95,DOWNLOAD,0.95,-1,8688,1.6425495612479168,19,49232.0,80866.0,7,12,0.3784224200218297,0.6215775799781703,0.008541016846739325,0,0,0,0,1,0,0,0,0.4,0.8500000000000001,0.0,0.4,0.15,skip,training_upload_trigger_not_confirmed,1785296323.9018683,1785296323901868371,1384992118566953,20.0,53.3671875,-1.0,0,0
2026-07-28T23:38:43.902,10.42.0.1,,87,1,DOWNLOAD,0.95,DOWNLOAD,0.95,-1,8688,1.3961671270649831,20,57920.0,80866.0,8,12,0.4173331604052282,0.5826668395947718,0.007517572869124415,0,0,0,0,1,0,0,0,0.32,0.8500000000000001,0.0,0.0,0.15,skip,training_upload_trigger_not_confirmed,1785296323.9026427,1785296323902642764,1384992119341165,20.0,53.3671875,-1.0,0,0
2026-07-28T23:38:43.903,10.42.0.1,,87,1,DOWNLOAD,0.95,DOWNLOAD,0.95,-1,14480,1.1169337016558434,21,72400.0,80866.0,9,12,0.4723813500711182,0.5276186499288819,0.00669487513693014,0,0,0,0,1,0,0,0,0.30250000000000005,0.8000000000000002,0.0,0.0,0.15,skip,training_upload_trigger_not_confirmed,1785296323.903917,1785296323903917075,1384992120615351,20.0,53.3671875,-1.0,0,0
2026-07-28T23:38:43.904,10.42.0.1,,87,1,DOWNLOAD,0.95,DOWNLOAD,0.95,-1,14480,0.9307780847153455,22,86880.0,80866.0,10,12,0.5179259117952142,0.4820740882047858,0.005909050355742092,0,0,0,0,1,0,0,0,0.30250000000000005,0.8000000000000002,0.0,0.0,0.15,skip,training_upload_trigger_not_confirmed,1785296323.9046485,1785296323904648475,1384992121346672,20.0,53.3671875,-1.0,0,0
2026-07-28T23:38:43.905,10.42.0.1,,87,1,DOWNLOAD,0.95,DOWNLOAD,0.95,-1,7240,0.8591797705072335,23,94120.0,80866.0,11,12,0.537871601156664,0.46212839884333606,0.005281789227954669,0,0,0,0,1,0,0,0,0.30250000000000005,0.8000000000000002,0.0,0.0,0.15,skip,training_upload_trigger_not_confirmed,1785296323.9057975,1785296323905797354,1384992122495653,20.0,53.3671875,-1.0,0,0
2026-07-28T23:38:43.906,10.42.0.1,,87,1,DOWNLOAD,0.95,DOWNLOAD,0.95,-1,7240,0.7978097869001795,24,101360.0,80866.0,12,12,0.5562323707923128,0.44376762920768714,0.004693420550189526,0,0,0,0,1,0,0,0,0.28500000000000003,0.7500000000000001,0.0,0.0,0.15,skip,training_upload_trigger_not_confirmed,1785296323.9066143,1785296323906614145,1384992123312445,20.0,53.3671875,-1.0,0,0
2026-07-28T23:38:43.907,10.42.0.1,,87,1,DOWNLOAD,0.95,DOWNLOAD,0.95,-1,11584,0.7159831420906291,25,112944.0,80866.0,13,12,0.5827563077240596,0.4172436922759404,0.004170550946931429,0,0,0,0,1,0,0,0,0.28500000000000003,0.7500000000000001,0.0,0.0,0.15,skip,training_upload_trigger_not_confirmed,1785296323.9073398,1785296323907339701,1384992124038069,20.0,53.3671875,-1.0,0,0
2026-07-28T23:38:43.908,10.42.0.1,,87,1,DOWNLOAD,0.95,DOWNLOAD,0.95,-1,11584,0.6493800591059892,26,124528.0,80866.0,14,12,0.6062884018033633,0.3937115981966367,0.0037560739822718584,0,0,0,0,1,0,0,0,0.28500000000000003,0.7500000000000001,0.0,0.0,0.15,skip,training_upload_trigger_not_confirmed,1785296323.908365,1785296323908364969,1384992125063308,20.0,53.3671875,-1.0,0,0
2026-07-28T23:38:43.909,10.42.0.1,,87,1,DOWNLOAD,0.95,DOWNLOAD,0.95,-1,17376,0.5698641335017345,27,141904.0,80866.0,15,12,0.6369978004219599,0.36300219957804014,0.0034379997499965533,0,0,0,0,1,0,0,0,0.28500000000000003,0.7500000000000001,0.0,0.0,0.15,skip,training_upload_trigger_not_confirmed,1785296323.9097073,1785296323909707145,1384992126405626,20.0,53.3671875,-1.0,0,0
2026-07-28T23:38:43.910,10.42.0.1,,87,1,DOWNLOAD,0.95,DOWNLOAD,0.95,-1,17376,0.5076971371201173,28,159280.0,80866.0,16,12,0.6632631815645482,0.3367368184354518,0.0030815679152002883,0,0,0,0,1,0,0,0,0.28500000000000003,0.7500000000000001,0.0,0.0,0.15,skip,training_upload_trigger_not_confirmed,1785296323.9104404,1785296323910440506,1384992127138699,20.0,53.3671875,-1.0,0,0
2026-07-28T23:38:43.911,10.42.0.1,,87,1,DOWNLOAD,0.95,DOWNLOAD,0.95,-1,10136,0.47732209472849474,29,169416.0,80866.0,17,12,0.6769004562853101,0.32309954371468985,0.002762993626426326,0,0,0,0,1,0,0,0,0.28500000000000003,0.7500000000000001,0.0,0.0,0.15,skip,training_upload_trigger_not_confirmed,1785296323.9111044,1785296323911104581,1384992127802682,20.0,53.3671875,-1.0,0,0
2026-07-28T23:38:43.912,10.42.0.1,,87,1,DOWNLOAD,0.95,DOWNLOAD,0.95,-1,14480,0.43973767782094364,30,183896.0,80866.0,18,12,0.6945709731759089,0.30542902682409107,0.0025192933985708093,0,0,0,0,1,0,0,0,0.28500000000000003,0.7500000000000001,0.0,0.0,0.15,skip,training_upload_trigger_not_confirmed,1785296323.912018,1785296323912018127,1384992128716169,20.0,53.3671875,-1.0,0,0
2026-07-28T23:38:43.912,10.42.0.1,,87,1,DOWNLOAD,0.95,DOWNLOAD,0.95,-1,4344,0.42958988525589886,31,188240.0,80866.0,19,12,0.6995013117507599,0.3004986882492401,0.002311790911393691,0,0,0,0,1,0,0,0,0.28500000000000003,0.7500000000000001,0.0,0.0,0.15,skip,training_upload_trigger_not_confirmed,1785296323.9129627,1785296323912962547,1384992129660894,20.0,53.3671875,-1.0,0,0
2026-07-28T23:38:43.913,10.42.0.1,,87,1,DOWNLOAD,0.95,DOWNLOAD,0.95,-1,14480,0.39890489345205743,32,202720.0,80866.0,20,12,0.714844879507451,0.285155120492549,0.0021305323423800823,0,0,0,0,1,0,0,0,0.28500000000000003,0.7500000000000001,0.0,0.0,0.15,skip,training_upload_trigger_not_confirmed,1785296323.913899,1785296323913898984,1384992130597190,20.0,53.3671875,-1.0,0,0
2026-07-28T23:38:43.914,10.42.0.1,,87,1,DOWNLOAD,0.95,DOWNLOAD,0.95,-1,14480,0.3723112338887094,33,217200.0,80866.0,21,12,0.7286976709856207,0.27130232901437934,0.001986322949806111,0,0,0,0,1,0,0,0,0.28500000000000003,0.7500000000000001,0.0,0.0,0.15,skip,training_upload_trigger_not_confirmed,1785296323.914935,1785296323914934965,1384992131633165,20.0,53.3671875,-1.0,0,0
2026-07-28T23:38:43.915,10.42.0.1,,87,1,DOWNLOAD,0.95,DOWNLOAD,0.95,-1,6784,0.36103471676833593,34,223984.0,80866.0,22,12,0.734735115630638,0.26526488436936196,0.001858257682506226,0,0,0,0,1,0,0,0,0.28500000000000003,0.7500000000000001,0.0,0.0,0.15,skip,training_upload_trigger_not_confirmed,1785296323.9159496,1785296323915949684,1384992132648380,20.0,53.3671875,-1.0,0,0
2026-07-28T23:38:43.916,10.42.0.59,,35,1,DOWNLOAD,0.95,DOWNLOAD,0.95,-1,7300,1.3698630135109776e-10,1,7300.0,0.0,1,0,1.0,0.0,0.6498230671848706,0,0,0,0,0,0,0,0,0.0225,0.0,0.0,0.0,0.15,skip,training_upload_trigger_not_confirmed,1785296323.9169612,1785296323916961212,1384992133659956,20.0,53.3671875,-1.0,0,0
2026-07-28T23:38:43.917,10.42.0.59,,35,1,DOWNLOAD,0.95,DOWNLOAD,0.95,-1,7300,6.84931506802402e-11,2,14600.0,0.0,2,0,1.0,0.0,0.5643015250996327,0,0,0,0,0,0,0,0,0.0225,0.0,0.0,0.0,0.15,skip,training_upload_trigger_not_confirmed,1785296323.917785,1785296323917784809,1384992134483230,20.0,53.3671875,-1.0,0,0
2026-07-28T23:38:43.919,10.42.0.1,,87,1,DOWNLOAD,0.95,DOWNLOAD,0.95,-1,14480,0.3391119833629432,35,238464.0,80866.0,23,12,0.7467635361538221,0.25323646384617793,0.0020494928257546847,0,0,0,0,1,0,0,0,0.28500000000000003,0.7500000000000001,0.0,0.0,0.15,skip,training_upload_trigger_not_confirmed,1785296323.919259,1785296323919259071,1384992135957499,20.0,53.3671875,-1.0,0,0
2026-07-28T23:38:43.920,10.42.0.1,,87,1,DOWNLOAD,0.95,DOWNLOAD,0.95,-1,14480,0.31969922196486295,36,252944.0,80866.0,24,12,0.7577484197597436,0.24225158024025642,0.0019539461077015562,0,0,0,0,1,0,0,0,0.28500000000000003,0.7500000000000001,0.0,0.0,0.15,skip,training_upload_trigger_not_confirmed,1785296323.9205835,1785296323920583350,1384992137283211,20.0,53.3671875,-1.0,0,0
2026-07-28T23:38:43.922,10.42.0.1,,87,1,DOWNLOAD,0.95,DOWNLOAD,0.95,-1,18824,0.2975552677309412,37,271768.0,80866.0,25,12,0.7706800818979451,0.22931991810205482,0.0019362441169686556,0,0,0,0,1,0,0,0,0.28500000000000003,0.7500000000000001,0.0,0.0,0.15,skip,training_upload_trigger_not_confirmed,1785296323.922403,1785296323922403137,1384992139102854,20.0,53.3671875,-1.0,0,0
2026-07-28T23:38:43.923,10.42.0.1,,87,1,DOWNLOAD,0.95,DOWNLOAD,0.95,-1,14480,0.2825032838682453,38,286248.0,80866.0,26,12,0.7797250990155646,0.22027490098443536,0.0018826711390230652,0,0,0,0,1,0,0,0,0.28500000000000003,0.7500000000000001,0.0,0.0,0.15,skip,training_upload_trigger_not_confirmed,1785296323.9239328,1785296323923932591,1384992140631256,20.0,53.3671875,-1.0,0,0
2026-07-28T23:38:43.925,10.42.0.1,,87,1,DOWNLOAD,0.95,DOWNLOAD,0.95,-1,2466,0.28009033161093644,39,288714.0,80866.0,27,12,0.7811948698522647,0.21880513014773526,0.0017853556440239342,0,0,0,0,1,0,0,0,0.28500000000000003,0.7500000000000001,0.0,0.0,0.15,skip,training_upload_trigger_not_confirmed,1785296323.925077,1785296323925076987,1384992141775504,20.0,53.3671875,-1.0,0,0
2026-07-28T23:38:43.926,10.42.0.47,,87,1,DOWNLOAD,0.95,DOWNLOAD,0.95,-1,7240,10.984668506908193,13,7240.0,79529.0,1,12,0.08343993822678607,0.9165600617732139,0.12829174126387471,0,0,0,0,1,0,0,0,0.44,0.8500000000000001,0.0,0.6000000000000001,0.15,skip,training_upload_trigger_not_confirmed,1785296323.926404,1785296323926404086,1384992143102719,20.0,53.3671875,-1.0,0,0
2026-07-28T23:38:43.927,10.42.0.47,,87,1,DOWNLOAD,0.95,DOWNLOAD,0.95,-1,7240,5.492334253833402,14,14480.0,79529.0,2,12,0.15402780584837622,0.8459721941516238,0.11148073182864088,0,0,0,0,1,0,0,0,0.44,0.8500000000000001,0.0,0.6000000000000001,0.15,skip,training_upload_trigger_not_confirmed,1785296323.9271216,1785296323927121587,1384992143819850,20.0,53.3671875,-1.0,0,0
2026-07-28T23:38:43.928,10.42.0.145,,39,1,DOWNLOAD,0.95,DOWNLOAD,0.95,-1,14600,6.84931506802402e-11,1,14600.0,0.0,1,0,1.0,0.0,0.8680092979178824,0,0,0,0,0,0,0,0,0.0225,0.0,0.0,0.0,0.15,skip,already_attacked_this_round,1785296323.9285686,1785296323928568464,1384992145267210,20.0,53.3671875,-1.0,0,0
2026-07-28T23:38:43.929,10.42.0.1,,87,1,DOWNLOAD,0.95,DOWNLOAD,0.95,-1,21720,0.2604933737952012,40,310434.0,80866.0,28,12,0.7933401482238691,0.20665985177613086,0.002163517680874884,0,0,0,0,1,0,0,0,0.28500000000000003,0.7500000000000001,0.0,0.0,0.15,skip,training_upload_trigger_not_confirmed,1785296323.929732,1785296323929732201,1384992146430763,20.0,53.3671875,-1.0,0,0
2026-07-28T23:38:43.931,10.42.0.59,,35,1,DOWNLOAD,0.95,DOWNLOAD,0.95,-1,14600,3.424657534129292e-11,3,29200.0,0.0,3,0,1.0,0.0,0.491754565519557,0,0,0,0,0,0,0,0,0.0225,0.0,0.0,0.0,0.15,skip,training_upload_trigger_not_confirmed,1785296323.9315476,1785296323931547767,1384992148246922,20.0,53.3671875,-1.0,0,0
2026-07-28T23:38:43.932,10.42.0.59,,35,1,DOWNLOAD,0.95,DOWNLOAD,0.95,-1,14600,2.2831050227789245e-11,4,43800.0,0.0,4,0,1.0,0.0,0.4270774024120423,0,0,0,0,0,0,0,0,0.0225,0.0,0.0,0.0,0.15,skip,training_upload_trigger_not_confirmed,1785296323.932485,1785296323932485231,1384992149183826,20.0,53.3671875,-1.0,0,0
2026-07-28T23:38:43.933,10.42.0.1,,87,1,DOWNLOAD,0.95,DOWNLOAD,0.95,-1,14024,0.24923410734440438,41,324458.0,80866.0,29,12,0.8004904718200748,0.1995095281799252,0.002363318698936853,0,0,0,0,1,0,0,0,0.28500000000000003,0.7500000000000001,0.0,0.0,0.15,skip,training_upload_trigger_not_confirmed,1785296323.9334118,1785296323933411963,1384992150110484,20.0,53.3671875,-1.0,0,0
2026-07-28T23:38:43.934,10.42.0.1,,87,1,DOWNLOAD,0.95,DOWNLOAD,0.95,-1,21720,0.23359658904022323,42,346178.0,80866.0,30,12,0.8106377797135658,0.18936222028643418,0.0021606295366615926,0,0,0,0,1,0,0,0,0.28500000000000003,0.7500000000000001,0.0,0.0,0.15,skip,training_upload_trigger_not_confirmed,1785296323.934237,1785296323934236808,1384992150935054,20.0,53.3671875,-1.0,0,0
2026-07-28T23:38:43.936,10.42.0.210,,86,1,DOWNLOAD,0.9830942877749935,DOWNLOAD,0.9830942877749935,-1,10136,9.865824781978509e-11,1,10136.0,0.0,1,0,1.0,0.0,0.06611327725440921,0,0,0,0,0,0,0,0,0.0225,0.0,0.0,0.0,0.15,skip,training_upload_trigger_not_confirmed,1785296323.9363697,1785296323936369642,1384992153068491,20.0,53.3671875,-1.0,0,0
2026-07-28T23:38:43.937,10.42.0.210,,86,1,DOWNLOAD,0.95,DOWNLOAD,0.95,-1,4344,6.90607734758936e-11,2,14480.0,0.0,2,0,1.0,0.0,0.05751515505272213,0,0,0,0,0,0,0,0,0.0225,0.0,0.0,0.0,0.15,skip,training_upload_trigger_not_confirmed,1785296323.9372342,1785296323937234090,1384992153932612,20.0,53.3671875,-1.0,0,0
2026-07-28T23:38:43.938,10.42.0.210,,86,1,DOWNLOAD,0.9557926560077417,DOWNLOAD,0.9557926560077417,-1,14480,3.453038673913914e-11,3,28960.0,0.0,3,0,1.0,0.0,0.05008705563006986,0,0,0,0,0,0,0,0,0.0225,0.0,0.0,0.0,0.15,skip,training_upload_trigger_not_confirmed,1785296323.9383795,1785296323938379636,1384992155077937,20.0,53.3671875,-1.0,0,0
2026-07-28T23:38:43.939,10.42.0.145,,39,1,DOWNLOAD,0.95,DOWNLOAD,0.95,-1,29200,2.2831050227789245e-11,2,43800.0,0.0,2,0,1.0,0.0,0.7550542816996224,0,0,0,0,0,0,0,0,0.0225,0.0,0.0,0.0,0.15,skip,already_attacked_this_round,1785296323.9393935,1785296323939393567,1384992156091787,20.0,53.3671875,-1.0,0,0
2026-07-28T23:38:43.940,10.42.0.145,,39,1,DOWNLOAD,0.95,DOWNLOAD,0.95,-1,6184,2.0006402048255314e-11,3,49984.0,0.0,3,0,1.0,0.0,0.6556501178110998,0,0,0,0,0,0,0,0,0.0225,0.0,0.0,0.0,0.15,skip,already_attacked_this_round,1785296323.940097,1785296323940097011,1384992156795138,20.0,53.3671875,-1.0,0,0
2026-07-28T23:38:43.951,10.42.0.210,,86,1,DOWNLOAD,0.9846998846180315,DOWNLOAD,0.9846998846180315,-1,14480,2.3020257826357728e-11,4,43440.0,0.0,4,0,1.0,0.0,0.04515377780307578,0,0,0,0,0,0,0,0,0.0225,0.0,0.0,0.0,0.15,skip,training_upload_trigger_not_confirmed,1785296323.9510293,1785296323951029224,1384992167727828,20.0,53.3671875,-1.0,0,0
2026-07-28T23:38:43.952,10.42.0.210,,86,1,DOWNLOAD,0.9854895428954357,DOWNLOAD,0.9854895428954357,-1,14480,1.7265193369867658e-11,5,57920.0,0.0,5,0,1.0,0.0,0.03939420974528897,0,0,0,0,0,0,0,0,0.0225,0.0,0.0,0.0,0.15,skip,training_upload_trigger_not_confirmed,1785296323.9524753,1785296323952475495,1384992169173861,20.0,53.3671875,-1.0,0,0
2026-07-28T23:38:43.954,10.42.0.210,,86,1,DOWNLOAD,0.9855083405864443,DOWNLOAD,0.9855083405864443,-1,6784,1.5454995054162724e-11,6,64704.0,0.0,6,0,1.0,0.0,0.0344221956170282,0,0,0,0,0,0,0,0,0.0225,0.0,0.0,0.0,0.15,skip,training_upload_trigger_not_confirmed,1785296323.9541383,1785296323954138347,1384992170836977,20.0,53.3671875,-1.0,0,0
2026-07-28T23:38:43.955,10.42.0.59,,35,1,DOWNLOAD,0.95,DOWNLOAD,0.95,-1,26280,1.4269406392490448e-11,5,70080.0,0.0,5,0,1.0,0.0,0.3737895063028591,0,0,0,0,0,0,0,0,0.0225,0.0,0.0,0.0,0.15,skip,training_upload_trigger_not_confirmed,1785296323.9551754,1785296323955175426,1384992171873628,20.0,53.3671875,-1.0,0,0
2026-07-28T23:38:43.955,10.42.0.59,,35,1,DOWNLOAD,0.9510206565851504,DOWNLOAD,0.9510206565851504,-1,9104,1.2628813901638856e-11,6,79184.0,0.0,6,0,1.0,0.0,0.3246273738540352,0,0,0,0,0,0,0,0,0.0225,0.0,0.0,0.0,0.15,skip,training_upload_trigger_not_confirmed,1785296323.955887,1785296323955887034,1384992172585514,20.0,53.3671875,-1.0,0,0
2026-07-28T23:38:43.957,10.42.0.18,,62,1,DOWNLOAD,0.95,DOWNLOAD,0.95,-1,10220,9.784735811175661e-11,1,10220.0,0.0,1,0,1.0,0.0,0.527006034971905,0,0,0,0,0,0,0,0,0.0225,0.0,0.0,0.0,0.15,skip,training_upload_trigger_not_confirmed,1785296323.9572654,1785296323957265364,1384992173963545,20.0,53.3671875,-1.0,0,0
2026-07-28T23:38:43.957,10.42.0.18,,62,1,DOWNLOAD,0.95,DOWNLOAD,0.95,-1,4380,6.84931506802402e-11,2,14600.0,0.0,2,0,1.0,0.0,0.45765478695520745,0,0,0,0,0,0,0,0,0.0225,0.0,0.0,0.0,0.15,skip,training_upload_trigger_not_confirmed,1785296323.957984,1785296323957984120,1384992174682315,20.0,53.3671875,-1.0,0,0
2026-07-28T23:38:43.958,10.42.0.18,,62,1,DOWNLOAD,0.95,DOWNLOAD,0.95,-1,14600,3.424657534129292e-11,3,29200.0,0.0,3,0,1.0,0.0,0.39744389651470957,0,0,0,0,0,0,0,0,0.0225,0.0,0.0,0.0,0.15,skip,training_upload_trigger_not_confirmed,1785296323.958715,1785296323958714962,1384992175413133,61.5,53.3671875,-1.0,0,0
2026-07-28T23:38:43.963,10.42.0.18,,62,1,DOWNLOAD,0.95,DOWNLOAD,0.95,-1,14600,2.2831050227789245e-11,4,43800.0,0.0,4,0,1.0,0.0,0.34569143344041986,0,0,0,0,0,0,0,0,0.0225,0.0,0.0,0.0,0.15,skip,training_upload_trigger_not_confirmed,1785296323.9634237,1785296323963423679,1384992180123826,61.5,53.3671875,-1.0,0,0
2026-07-28T23:38:43.968,10.42.0.18,,62,1,DOWNLOAD,0.95,DOWNLOAD,0.95,-1,14600,1.7123287670939668e-11,5,58400.0,0.0,5,0,1.0,0.0,0.30079129787706804,0,0,0,0,0,0,0,0,0.0225,0.0,0.0,0.0,0.15,skip,training_upload_trigger_not_confirmed,1785296323.9683805,1785296323968380454,1384992185079475,61.5,53.3671875,-1.0,0,0
2026-07-28T23:38:43.969,10.42.0.47,,87,1,DOWNLOAD,0.95,DOWNLOAD,0.95,-1,1448,4.9930311398798946,15,15928.0,79529.0,3,12,0.16686047120693087,0.8331395287930692,0.10238188106648295,0,0,0,0,0,0,0,0,0.057499999999999996,0.1,0.0,0.0,0.15,skip,training_upload_trigger_not_confirmed,1785296323.9695537,1785296323969553671,1384992186252613,61.5,53.3671875,-1.0,0,0
2026-07-28T23:38:43.972,10.42.0.18,,62,1,DOWNLOAD,0.9514370766406937,DOWNLOAD,0.9514370766406937,-1,6184,1.5483711135645304e-11,6,64584.0,0.0,6,0,1.0,0.0,0.26175299890317577,0,0,0,0,0,0,0,0,0.0225,0.0,0.0,0.0,0.15,skip,training_upload_trigger_not_confirmed,1785296323.972921,1785296323972920791,1384992189619510,61.5,53.3671875,-1.0,0,0
2026-07-28T23:38:43.978,10.42.0.47,,87,1,DOWNLOAD,0.95,DOWNLOAD,0.95,-1,1448,4.576945211580516,16,17376.0,79529.0,4,12,0.1793096331458645,0.8206903668541355,0.09001546600452727,0,0,0,0,0,0,0,0,0.057499999999999996,0.1,0.0,0.0,0.15,skip,training_upload_trigger_not_confirmed,1785296323.9780903,1785296323978090345,1384992194788926,61.5,53.3671875,-1.0,0,0
2026-07-28T23:38:43.979,10.42.0.47,,87,1,DOWNLOAD,0.95,DOWNLOAD,0.95,-1,8688,3.0512968077788787,17,26064.0,79529.0,5,12,0.24683454395651228,0.7531654560434877,0.07829545004865798,0,0,0,0,0,0,0,0,0.057499999999999996,0.1,0.0,0.0,0.15,skip,training_upload_trigger_not_confirmed,1785296323.9791658,1785296323979165627,1384992195864128,61.5,53.3671875,-1.0,0,0
2026-07-28T23:38:44.085,10.42.0.47,,87,1,DOWNLOAD,0.95,DOWNLOAD,0.95,-1,1448,2.8907022389542485,18,27512.0,79529.0,6,12,0.2570230098747209,0.7429769901252791,0.08195929645381057,0,0,0,0,0,0,0,0,0.057499999999999996,0.1,0.0,0.0,0.15,skip,training_upload_trigger_not_confirmed,1785296324.0852652,1785296324085265026,1384992301963745,61.5,53.3671875,-1.0,0,0
2026-07-28T23:38:44.086,10.42.0.47,,87,1,DOWNLOAD,0.95,DOWNLOAD,0.95,-1,1448,2.7461671270115273,19,28960.0,79529.0,7,12,0.266939505387643,0.733060494612357,0.07131388479833625,0,0,0,0,0,0,0,0,0.057499999999999996,0.1,0.0,0.0,0.15,skip,training_upload_trigger_not_confirmed,1785296324.0864394,1785296324086439311,1384992303137829,61.5,53.3671875,-1.0,0,0
2026-07-28T23:38:44.087,10.42.0.47,,87,1,DOWNLOAD,0.95,DOWNLOAD,0.95,-1,1448,2.6153972638248026,20,30408.0,79529.0,8,12,0.2765947770086504,0.7234052229913496,0.06205650039243037,0,0,0,0,0,0,0,0,0.057499999999999996,0.1,0.0,0.0,0.15,skip,training_upload_trigger_not_confirmed,1785296324.0875015,1785296324087501505,1384992304200005,61.5,53.3671875,-1.0,0,0
2026-07-28T23:38:44.088,10.42.0.47,,87,1,DOWNLOAD,0.95,DOWNLOAD,0.95,-1,1448,2.496515570018316,21,31856.0,79529.0,9,12,0.28599901243434933,0.7140009875656507,0.05401746344237624,0,0,0,0,0,0,0,0,0.057499999999999996,0.1,0.0,0.0,0.15,skip,training_upload_trigger_not_confirmed,1785296324.088552,1785296324088551840,1384992305250266,61.5,53.3671875,-1.0,0,0
2026-07-28T23:38:44.089,10.42.0.47,,87,1,DOWNLOAD,0.95,DOWNLOAD,0.95,-1,4344,2.1969337016243937,22,36200.0,79529.0,10,12,0.31279973040465225,0.6872002695953477,0.04703839466561142,0,0,0,0,0,0,0,0,0.057499999999999996,0.1,0.0,0.0,0.15,skip,training_upload_trigger_not_confirmed,1785296324.0896072,1785296324089607157,1384992306305643,61.5,53.3671875,-1.0,0,0
2026-07-28T23:38:44.091,10.42.0.47,,87,1,DOWNLOAD,0.95,DOWNLOAD,0.95,-1,1448,2.1124362515641617,23,37648.0,79529.0,11,12,0.32129172107154136,0.6787082789284586,0.041114963829945686,0,0,0,0,0,0,0,0,0.057499999999999996,0.1,0.0,0.0,0.15,skip,training_upload_trigger_not_confirmed,1785296324.0916944,1785296324091694325,1384992308392789,61.5,53.3671875,-1.0,0,0
2026-07-28T23:38:44.092,10.42.0.47,,87,1,DOWNLOAD,0.95,DOWNLOAD,0.95,-1,2896,1.9615479478847289,24,40544.0,79529.0,12,12,0.33766125606922454,0.6623387439307754,0.03583997943587889,0,0,0,0,0,0,0,0,0.057499999999999996,0.1,0.0,0.0,0.15,skip,training_upload_trigger_not_confirmed,1785296324.092779,1785296324092779111,1384992309477732,61.5,53.3671875,-1.0,0,0
2026-07-28T23:38:44.095,10.42.0.47,,87,1,DOWNLOAD,0.95,DOWNLOAD,0.95,-1,2896,1.8307780846954238,25,43440.0,79529.0,13,12,0.35325976465613285,0.6467402353438672,0.03144681740141241,0,0,0,0,0,0,0,0,0.057499999999999996,0.1,0.0,0.0,0.15,skip,training_upload_trigger_not_confirmed,1785296324.0952804,1785296324095280400,1384992311978801,61.5,53.3671875,-1.0,0,0
2026-07-28T23:38:44.096,10.42.0.47,,87,1,DOWNLOAD,0.95,DOWNLOAD,0.95,-1,2896,1.7163544544044294,26,46336.0,79529.0,14,12,0.368140467961705,0.631859532038295,0.02750359319832565,0,0,0,0,0,0,0,0,0.057499999999999996,0.1,0.0,0.0,0.15,skip,training_upload_trigger_not_confirmed,1785296324.0968032,1785296324096803190,1384992313502293,61.5,53.3671875,-1.0,0,0
2026-07-28T23:38:44.100,10.42.0.47,,87,1,DOWNLOAD,0.95,DOWNLOAD,0.95,-1,1448,1.6643437133629593,27,47784.0,79529.0,15,12,0.3753269501150707,0.6246730498849292,0.024413041992460673,0,0,0,0,0,0,0,0,0.057499999999999996,0.1,0.0,0.0,0.15,skip,training_upload_trigger_not_confirmed,1785296324.1008534,1785296324100853521,1384992317552401,61.5,53.3671875,-1.0,0,0
2026-07-28T23:38:44.102,10.42.0.47,,87,1,DOWNLOAD,0.95,DOWNLOAD,0.95,-1,1448,1.6153924276768077,28,49232.0,79529.0,16,12,0.38235179906959404,0.617648200930406,0.021348746730522495,0,0,0,0,0,0,0,0,0.057499999999999996,0.1,0.0,0.0,0.15,skip,training_upload_trigger_not_confirmed,1785296324.1020124,1785296324102012476,1384992318711427,61.5,53.3671875,-1.0,0,0
2026-07-28T23:38:44.103,10.42.0.47,,87,1,DOWNLOAD,0.95,DOWNLOAD,0.95,-1,1448,1.569238358315524,29,50680.0,79529.0,17,12,0.3892204071915152,0.6107795928084848,0.018729372832362264,0,0,0,0,0,0,0,0,0.057499999999999996,0.1,0.0,0.0,0.15,skip,training_upload_trigger_not_confirmed,1785296324.1034834,1785296324103483449,1384992320182598,61.5,53.3671875,-1.0,0,0
2026-07-28T23:38:44.104,10.42.0.47,,87,1,DOWNLOAD,0.95,DOWNLOAD,0.95,-1,4344,1.445351119503392,30,55024.0,79529.0,18,12,0.40893922840813657,0.5910607715918634,0.016416490618325993,0,0,0,0,0,0,0,0,0.057499999999999996,0.1,0.0,0.0,0.15,skip,training_upload_trigger_not_confirmed,1785296324.104661,1785296324104661119,1384992321359588,61.5,53.3671875,-1.0,0,0
2026-07-28T23:38:44.106,10.42.0.47,,87,1,DOWNLOAD,0.95,DOWNLOAD,0.95,-1,2896,1.37308356352947,31,57920.0,79529.0,19,12,0.42139266200554387,0.5786073379944561,0.01444681080942186,0,0,0,0,0,0,0,0,0.057499999999999996,0.1,0.0,0.0,0.15,skip,training_upload_trigger_not_confirmed,1785296324.1061301,1785296324106130298,1384992322828923,61.5,53.3671875,-1.0,0,0
2026-07-28T23:38:44.109,10.42.0.47,,87,1,DOWNLOAD,0.95,DOWNLOAD,0.95,-1,2896,1.307698631933904,32,60816.0,79529.0,20,12,0.4333321457836047,0.5666678542163953,0.012953433716646442,0,0,0,0,0,0,0,0,0.057499999999999996,0.1,0.0,0.0,0.15,skip,training_upload_trigger_not_confirmed,1785296324.109244,1785296324109244170,1384992325942779,61.5,53.3671875,-1.0,0,0
2026-07-28T23:38:44.110,10.42.0.47,,87,1,DOWNLOAD,0.95,DOWNLOAD,0.95,-1,7240,1.1685817561982987,33,68056.0,79529.0,21,12,0.46113087373378053,0.5388691262662194,0.011392090479441907,0,0,0,0,0,0,0,0,0.039999999999999994,0.05,0.0,0.0,0.15,skip,training_upload_trigger_not_confirmed,1785296324.110349,1785296324110349040,1384992327047586,61.5,53.3671875,-1.0,0,0
2026-07-28T23:38:44.114,10.42.0.47,,87,1,DOWNLOAD,0.95,DOWNLOAD,0.95,-1,2896,1.1208845416602649,34,70952.0,79529.0,22,12,0.4715013855569806,0.5284986144430194,0.010399018738215148,0,0,0,0,0,0,0,0,0.039999999999999994,0.05,0.0,0.0,0.15,skip,training_upload_trigger_not_confirmed,1785296324.114205,1785296324114204965,1384992330903879,61.5,53.3671875,-1.0,0,0
2026-07-28T23:38:44.115,10.42.0.47,,87,1,DOWNLOAD,0.95,DOWNLOAD,0.95,-1,2896,1.0769282851251634,35,73848.0,79529.0,23,12,0.4814802740958553,0.5185197259041446,0.009171548856956343,0,0,0,0,0,0,0,0,0.039999999999999994,0.05,0.0,0.0,0.15,skip,training_upload_trigger_not_confirmed,1785296324.115289,1785296324115289174,1384992331987515,61.5,53.3671875,-1.0,0,0
2026-07-28T23:38:44.116,10.42.0.47,,87,1,DOWNLOAD,0.95,DOWNLOAD,0.95,-1,2896,1.0362894819134227,36,76744.0,79529.0,24,12,0.49108931165332464,0.5089106883466754,0.008109095585340629,0,0,0,0,0,0,0,0,0.039999999999999994,0.05,0.0,0.0,0.15,skip,training_upload_trigger_not_confirmed,1785296324.1163979,1785296324116397888,1384992333096295,61.5,53.3671875,-1.0,0,0
2026-07-28T23:38:44.117,10.42.0.47,,87,1,DOWNLOAD,0.95,DOWNLOAD,0.95,-1,7240,0.9469541817495362,37,83984.0,79529.0,25,12,0.5136227700549804,0.48637722994501964,0.0071811170524403055,0,0,0,0,0,0,0,0,0.039999999999999994,0.05,0.0,0.0,0.15,skip,training_upload_trigger_not_confirmed,1785296324.1174648,1785296324117464883,1384992334163169,61.5,53.3671875,-1.0,0,0
2026-07-28T23:38:44.121,10.42.0.47,,87,1,DOWNLOAD,0.95,DOWNLOAD,0.95,-1,2453,0.9200805210740761,38,86437.0,79529.0,26,12,0.5208114915103094,0.47918850848969063,0.006766444373879718,0,0,0,0,0,0,0,0,0.039999999999999994,0.05,0.0,0.0,0.15,skip,training_upload_trigger_not_confirmed,1785296324.121499,1785296324121499013,1384992338197447,61.5,53.3671875,-1.0,0,0
2026-07-28T23:38:44.256,10.42.0.145,,39,2,TRAINING,0.95,TRAINING,0.95,1,64240,1.2852112675999277,4,49984.0,64240.0,3,1,0.43759630200308164,0.5624036979969184,0.6373099457718219,0,0,0,0,1,0,0,0,0.4525,1.0,0.0,0.4,0.15,skip,already_attacked_this_round,1785296324.2565749,1785296324256575058,1384992473274620,61.5,53.3671875,-1.0,0,0
2026-07-28T23:38:44.259,10.42.0.1,,87,2,TRAINING,0.95,TRAINING,0.95,1,7240,0.2545106852565602,43,346178.0,88106.0,30,13,0.7971235412771366,0.2028764587228634,0.0020263720466524963,0,0,0,0,1,0,0,0,0.4525,1.0,0.0,0.4,0.15,skip,training_upload_trigger_not_confirmed,1785296324.2594585,1785296324259458673,1384992476157239,61.5,53.3671875,-1.0,0,0
2026-07-28T23:38:44.260,10.42.0.1,10.42.0.1,87,3,UPLOAD,0.95,UPLOAD,0.95,1,5792,0.2712419622296297,44,346178.0,93898.0,30,14,0.7866323089648152,0.21336769103518483,0.0019030200900422996,1,0,0,0,1,0,0,0,0.85,1.0,1.0,0.4,0.8,trigger,training_upload_trigger_confirmed,1785296324.2605488,1785296324260548790,1384992477247251,61.5,53.3671875,58.564497,1785296324319114484,1384992535811748
2026-07-28T23:38:44.262,10.42.0.1,10.42.0.1,87,3,UPLOAD,0.95,UPLOAD,0.95,1,2896,0.2796076007161645,45,346178.0,96794.0,30,15,0.7814895749618486,0.2185104250381514,0.0018576895408339684,1,0,1,0,1,0,0,0,0.85,1.0,1.0,0.4,0.8,skip,attack_already_active,1785296324.2621078,1785296324262107828,1384992478806393,61.5,53.3671875,-1.0,0,0
2026-07-28T23:38:44.264,10.42.0.1,10.42.0.1,87,3,UPLOAD,0.95,UPLOAD,0.95,1,11584,0.31307015466230353,46,346178.0,108378.0,30,16,0.7615739314847896,0.23842606851521045,0.001887136685393747,1,0,1,0,1,0,0,0,0.85,1.0,1.0,0.4,0.8,skip,attack_already_active,1785296324.264189,1785296324264188975,1384992480887492,61.5,53.3671875,-1.0,0,0
2026-07-28T23:38:44.265,10.42.0.1,10.42.0.1,87,3,UPLOAD,0.95,UPLOAD,0.95,1,2896,0.32143579314883836,47,346178.0,111274.0,30,17,0.7567526210400217,0.2432473789599783,0.0017822894819579194,1,0,1,0,1,0,0,0,0.85,1.0,1.0,0.4,0.8,skip,attack_already_active,1785296324.2652805,1785296324265280587,1384992481979085,61.5,53.3671875,-1.0,0,0
2026-07-28T23:38:44.266,10.42.0.1,10.42.0.1,87,3,UPLOAD,0.95,UPLOAD,0.95,1,11584,0.3548983470949774,48,346178.0,122858.0,30,18,0.7380627499808117,0.2619372500191883,0.0016949343084071043,1,0,1,1,1,1,1,1,0.85,1.0,1.0,0.4,0.8,skip,attack_already_active,1785296324.2663999,1785296324266399660,1384992483098196,61.5,53.3671875,-1.0,0,0
2026-07-28T23:38:44.268,10.42.0.1,10.42.0.1,87,3,UPLOAD,0.95,UPLOAD,0.95,1,5792,0.37162962406804695,49,346178.0,128650.0,30,19,0.7290597858593006,0.27094021414069935,0.0017366231151505437,1,0,1,1,1,1,1,1,0.85,1.0,1.0,0.4,0.8,skip,attack_already_active,1785296324.2684112,1785296324268411231,1384992485110177,61.5,53.3671875,-1.0,0,0
2026-07-28T23:38:44.270,10.42.0.1,10.42.0.1,87,3,UPLOAD,0.95,UPLOAD,0.95,1,21720,0.4343719127170578,50,346178.0,150370.0,30,20,0.6971692565472019,0.30283074345279815,0.0017202569547971178,1,0,1,1,1,1,1,1,0.85,1.0,1.0,0.4,0.8,skip,attack_already_active,1785296324.2700236,1785296324270023762,1384992486722587,61.5,53.3671875,-1.0,0,0
2026-07-28T23:38:44.271,10.42.0.1,10.42.0.1,87,3,UPLOAD,0.95,UPLOAD,0.95,1,1448,0.4385547319603252,51,346178.0,151818.0,30,21,0.6951421296556599,0.30485787034434014,0.0016371488993591936,1,0,1,1,1,1,1,1,0.85,1.0,1.0,0.4,0.8,skip,attack_already_active,1785296324.2711132,1785296324271113089,1384992487811590,61.5,53.3671875,-1.0,0,0
2026-07-28T23:38:44.272,10.42.0.1,10.42.0.1,87,3,UPLOAD,0.95,UPLOAD,0.95,1,5792,0.4552860089333947,52,346178.0,157610.0,30,22,0.6871501504601142,0.3128498495398858,0.0016266648801793885,1,0,1,1,1,1,1,1,0.85,1.0,1.0,0.4,0.8,skip,attack_already_active,1785296324.2726707,1785296324272670608,1384992489369107,61.5,53.3671875,-1.0,0,0
2026-07-28T23:38:44.274,10.42.0.1,10.42.0.1,87,3,UPLOAD,0.95,UPLOAD,0.95,1,2799,0.46337144474962777,53,346178.0,160409.0,30,23,0.6833535009781143,0.3166464990218857,0.001613760871782927,1,0,1,1,1,1,1,1,0.85,1.0,1.0,0.4,0.8,skip,attack_already_active,1785296324.2741995,1785296324274199476,1384992490897829,61.5,53.3671875,-1.0,0,0
2026-07-28T23:38:44.286,10.42.0.59,10.42.0.1,35,2,TRAINING,0.95,TRAINING,0.95,1,64240,0.811275005053909,7,79184.0,64240.0,6,1,0.5520972780008925,0.4479027219991075,0.3581974275889359,0,0,0,0,1,0,0,0,0.5325,1.0,0.0,0.8,0.15,skip,training_upload_trigger_not_confirmed,1785296324.2864287,1785296324286428631,1384992503128267,61.5,53.3671875,-1.0,0,0
2026-07-28T23:38:44.287,10.42.0.59,10.42.0.1,35,3,UPLOAD,0.95,UPLOAD,0.95,1,8760,0.9219034148322653,8,79184.0,73000.0,6,2,0.520317510382169,0.47968248961783105,0.3111561924986492,0,0,0,1,1,1,1,1,0.9299999999999999,1.0,1.0,0.8,0.8,trigger,training_upload_trigger_confirmed,1785296324.2876432,1785296324287643218,1384992504342048,61.5,53.3671875,100.265192,1785296324387909945,1384992604607240
2026-07-28T23:38:44.290,10.42.0.59,10.42.0.1,35,3,UPLOAD,0.9841010226033655,UPLOAD,0.9841010226033655,1,6555,1.004685289957508,9,79184.0,79555.0,6,3,0.4988314150901795,0.5011685849098205,0.2705187902410031,0,0,1,1,1,1,1,1,0.9299999999999999,1.0,1.0,0.8,0.8,skip,attack_already_active,1785296324.2904134,1785296324290413308,1384992507111734,61.5,53.3671875,-1.0,0,0
2026-07-28T23:38:44.292,10.42.0.1,10.42.0.1,87,3,UPLOAD,0.95,UPLOAD,0.95,1,7240,0.48428554096596466,54,346178.0,167649.0,30,24,0.673724813993815,0.32627518600618494,0.0017693526921066787,1,0,1,1,1,1,1,1,0.9699999999999999,1.0,1.0,1.0,0.8,skip,attack_already_active,1785296324.2920532,1785296324292053131,1384992508751786,61.5,53.3671875,-1.0,0,0
2026-07-28T23:38:44.293,10.42.0.1,10.42.0.1,87,3,UPLOAD,0.95,UPLOAD,0.95,1,5792,0.5010168179390342,55,346178.0,173441.0,30,25,0.666215053722054,0.33378494627794597,0.0016835765872398865,1,0,1,1,1,1,1,1,0.9699999999999999,1.0,1.0,1.0,0.8,skip,attack_already_active,1785296324.2931716,1785296324293171747,1384992509870144,61.5,53.3671875,-1.0,0,0
2026-07-28T23:38:44.294,10.42.0.1,10.42.0.1,87,3,UPLOAD,0.95,UPLOAD,0.95,1,2896,0.509382456425569,56,346178.0,176337.0,30,26,0.6625226070064975,0.3374773929935026,0.001668011361045704,1,0,1,1,1,1,1,1,0.9699999999999999,1.0,1.0,1.0,0.8,skip,attack_already_active,1785296324.294737,1785296324294737260,1384992511435979,61.5,53.3671875,-1.0,0,0
2026-07-28T23:38:44.296,10.42.0.1,10.42.0.1,87,3,UPLOAD,0.95,UPLOAD,0.95,1,11584,0.5428450103717081,57,346178.0,187921.0,30,27,0.6481532449976503,0.35184675500234974,0.0016620374298512658,1,0,1,1,1,1,1,1,0.9699999999999999,1.0,1.0,1.0,0.8,skip,attack_already_active,1785296324.2963598,1785296324296359668,1384992513058120,61.5,53.3671875,-1.0,0,0
2026-07-28T23:38:44.297,10.42.0.1,10.42.0.1,87,3,UPLOAD,0.95,UPLOAD,0.95,1,2896,0.5512106488582429,58,346178.0,190817.0,30,28,0.6446577714876303,0.35534222851236974,0.001589240289841403,1,0,1,1,1,1,1,1,0.9699999999999999,1.0,1.0,1.0,0.8,skip,attack_already_active,1785296324.2974694,1785296324297469419,1384992514168170,61.5,53.3671875,-1.0,0,0
2026-07-28T23:38:44.299,10.42.0.1,10.42.0.1,87,3,UPLOAD,0.95,UPLOAD,0.95,1,11584,0.584673202804382,59,346178.0,202401.0,30,29,0.6310449360985382,0.36895506390146177,0.0016529625799907932,1,0,1,1,1,1,1,1,0.9699999999999999,1.0,1.0,1.0,0.8,skip,attack_already_active,1785296324.2995422,1785296324299542240,1384992516241074,61.5,53.3671875,-1.0,0,0
2026-07-28T23:38:44.300,10.42.0.1,10.42.0.1,87,3,UPLOAD,0.95,UPLOAD,0.95,1,5792,0.6014044797774515,60,346178.0,208193.0,30,30,0.6244518562478918,0.37554814375210827,0.001585445546109947,1,0,1,1,1,1,1,1,0.9699999999999999,1.0,1.0,1.0,0.8,skip,attack_already_active,1785296324.3006828,1785296324300682632,1384992517381044,61.5,53.3671875,-1.0,0,0
2026-07-28T23:38:44.302,10.42.0.1,10.42.0.1,87,3,UPLOAD,0.95,UPLOAD,0.95,1,21720,0.6641467684264623,61,346178.0,229913.0,30,31,0.6009085370193251,0.39909146298067494,0.001587052845749611,1,0,1,1,1,1,1,1,0.9699999999999999,1.0,1.0,1.0,0.8,skip,attack_already_active,1785296324.3022804,1785296324302280539,1384992518979219,61.5,53.3671875,-1.0,0,0
2026-07-28T23:38:44.303,10.42.0.1,10.42.0.1,87,3,UPLOAD,0.95,UPLOAD,0.95,1,7240,0.6850608646427992,62,346178.0,237153.0,30,32,0.5934503738014952,0.4065496261985048,0.0015909303253802815,1,0,1,1,1,1,1,1,0.9699999999999999,1.0,1.0,1.0,0.8,skip,attack_already_active,1785296324.303897,1785296324303896726,1384992520595370,61.5,53.3671875,-1.0,0,0
2026-07-28T23:38:44.305,10.42.0.1,10.42.0.1,87,3,UPLOAD,0.95,UPLOAD,0.95,1,2798,0.6931434117717096,63,346178.0,239951.0,30,33,0.5906174238094345,0.40938257619056556,0.0016523249407264205,1,0,1,1,1,1,1,1,0.9699999999999999,1.0,1.0,1.0,0.8,skip,attack_already_active,1785296324.3059537,1785296324305953698,1384992522652529,61.5,53.3671875,-1.0,0,0
2026-07-28T23:38:44.380,10.42.0.18,10.42.0.1,62,2,TRAINING,0.95,TRAINING,0.95,1,40880,0.6329741112406637,7,64584.0,40880.0,6,1,0.6123795797618145,0.38762042023818555,0.3021388629651865,0,0,0,0,1,1,0,0,0.5725,1.0,0.0,1.0,0.15,skip,training_upload_trigger_not_confirmed,1785296324.3807795,1785296324380779600,1384992597478368,61.5,53.3671875,-1.0,0,0
2026-07-28T23:38:44.383,10.42.0.18,10.42.0.1,62,3,UPLOAD,0.95,UPLOAD,0.95,1,38675,1.2318066394117457,8,64584.0,79555.0,6,2,0.448067490408564,0.551932509591436,0.2627180216676258,0,0,0,1,1,1,1,1,0.9699999999999999,1.0,1.0,1.0,0.8,trigger,training_upload_trigger_confirmed,1785296324.3837645,1785296324383764521,1384992600463321,61.5,53.3671875,86.428554,1785296324470194569,1384992686891875
2026-07-28T23:38:44.385,10.42.0.1,10.42.0.1,87,3,UPLOAD,0.95,UPLOAD,0.95,1,7240,0.7140575079880465,64,346178.0,247191.0,30,34,0.5834109972041006,0.41658900279589933,0.0018240732189193495,1,0,1,1,1,1,1,1,0.9699999999999999,1.0,1.0,1.0,0.8,skip,attack_already_active,1785296324.3854542,1785296324385454163,1384992602152707,61.5,53.3671875,-1.0,0,0
2026-07-28T23:38:44.386,10.42.0.1,10.42.0.1,87,3,UPLOAD,0.95,UPLOAD,0.95,1,5792,0.730788784961116,65,346178.0,252983.0,30,35,0.5777712501314338,0.42222874986856623,0.0017429307362670857,1,0,1,1,1,1,1,1,0.9699999999999999,1.0,1.0,1.0,0.8,skip,attack_already_active,1785296324.3866625,1785296324386662388,1384992603360993,61.5,53.3671875,-1.0,0,0
2026-07-28T23:38:44.388,10.42.0.1,10.42.0.1,87,3,UPLOAD,0.95,UPLOAD,0.95,1,2896,0.7391544234476508,66,346178.0,255879.0,30,36,0.5749920688572676,0.42500793114273233,0.0017311686168102784,1,0,1,1,1,1,1,1,0.9699999999999999,1.0,1.0,1.0,0.8,skip,attack_already_active,1785296324.3883162,1785296324388316170,1384992605014924,61.5,53.3671875,-1.0,0,0
2026-07-28T23:38:44.390,10.42.0.1,10.42.0.1,87,3,UPLOAD,0.95,UPLOAD,0.95,1,11584,0.7726169773937899,67,346178.0,267463.0,30,37,0.564137663552468,0.43586233644753203,0.0017254491442669662,1,0,1,1,1,1,1,1,0.9699999999999999,1.0,1.0,1.0,0.8,skip,attack_already_active,1785296324.390004,1785296324390004061,1384992606702607,61.5,53.3671875,-1.0,0,0
2026-07-28T23:38:44.391,10.42.0.1,10.42.0.1,87,3,UPLOAD,0.95,UPLOAD,0.95,1,2896,0.7809826158803246,68,346178.0,270359.0,30,38,0.5614877939199108,0.4385122060800893,0.0016442331243118444,1,0,1,1,1,1,1,1,0.9699999999999999,1.0,1.0,1.0,0.8,skip,attack_already_active,1785296324.391113,1785296324391113008,1384992607811387,61.5,53.3671875,-1.0,0,0
2026-07-28T23:38:44.393,10.42.0.1,10.42.0.1,87,3,UPLOAD,0.95,UPLOAD,0.95,1,11584,0.8144451698264638,69,346178.0,281943.0,30,39,0.5511326639294022,0.44886733607059787,0.0017068037543441473,1,0,1,1,1,1,1,1,0.9699999999999999,1.0,1.0,1.0,0.8,skip,attack_already_active,1785296324.393232,1785296324393232054,1384992609930550,61.5,53.3671875,-1.0,0,0
2026-07-28T23:38:44.394,10.42.0.1,10.42.0.1,87,3,UPLOAD,0.95,UPLOAD,0.95,1,5792,0.8311764467995333,70,346178.0,287735.0,30,40,0.5460970196225665,0.4539029803774335,0.0016313749737921232,1,0,1,1,1,1,1,1,0.9699999999999999,1.0,1.0,1.0,0.8,skip,attack_already_active,1785296324.3943665,1785296324394366497,1384992611065106,61.5,53.3671875,-1.0,0,0
2026-07-28T23:38:44.396,10.42.0.1,10.42.0.1,87,3,UPLOAD,0.95,UPLOAD,0.95,1,21720,0.893918735448544,71,346178.0,309455.0,30,41,0.5280057593196193,0.47199424068038065,0.0016998499223145197,1,0,1,1,1,1,1,1,0.9699999999999999,1.0,1.0,1.0,0.8,skip,attack_already_active,1785296324.3965175,1785296324396517598,1384992613216104,61.5,53.3671875,-1.0,0,0
2026-07-28T23:38:44.397,10.42.0.1,10.42.0.1,87,3,UPLOAD,0.95,UPLOAD,0.95,1,1448,0.8981015546918114,72,346178.0,310903.0,30,42,0.5268422005810547,0.4731577994189453,0.0016264056736589845,1,0,1,1,1,1,1,1,0.9699999999999999,1.0,1.0,1.0,0.8,skip,attack_already_active,1785296324.39766,1785296324397659779,1384992614358543,61.5,53.3671875,-1.0,0,0
2026-07-28T23:38:44.398,10.42.0.1,10.42.0.1,87,3,UPLOAD,0.95,UPLOAD,0.95,1,5792,0.9148328316648809,73,346178.0,316695.0,30,43,0.5222387998907785,0.4777612001092215,0.0015645873857153677,1,0,1,1,1,1,1,1,0.9699999999999999,1.0,1.0,1.0,0.8,skip,attack_already_active,1785296324.3988173,1785296324398817171,1384992615516197,61.5,53.3671875,-1.0,0,0
2026-07-28T23:38:44.401,10.42.0.1,10.42.0.1,87,3,UPLOAD,0.95,UPLOAD,0.95,1,2798,0.9229153787937913,74,346178.0,319493.0,30,44,0.5200436852439118,0.47995631475608824,0.0016559696824211608,1,0,1,1,1,1,1,1,0.9699999999999999,1.0,1.0,1.0,0.8,skip,attack_already_active,1785296324.4010754,1785296324401075567,1384992617774411,61.5,53.3671875,-1.0,0,0
2026-07-28T23:38:45.495,10.42.0.1,,87,3,UPLOAD,0.4289045583653794,UPLOAD,0.4289045583653794,0,39,1.0,0,0.0,0.0,0,0,0.0,0.0,0.0067930219850580115,0,0,1,0,0,0,0,0,0.4375,0.05,1.0,0.0,0.8,skip,attack_already_active,1785296325.4951007,1785296325495100751,1384993711799315,5.8,53.3671875,-1.0,0,0
2026-07-28T23:38:45.703,10.42.0.210,,86,3,UPLOAD,0.95,UPLOAD,0.95,1,1448,100.0,1,0.0,1448.0,0,1,0.0,1.0,0.06256851565995315,0,0,0,1,1,1,1,1,0.9525,0.95,1.0,1.0,0.8,trigger,training_upload_trigger_confirmed,1785296325.7030525,1785296325703052508,1384993919751638,5.8,53.3671875,5.88941,1785296325708943705,1384993925641048
2026-07-28T23:38:45.704,10.42.0.210,,86,3,UPLOAD,0.9841010226033655,UPLOAD,0.9841010226033655,1,1448,100.0,2,0.0,2896.0,0,2,0.0,1.0,0.054463327704237716,0,0,1,1,1,1,1,1,0.9699999999999999,1.0,1.0,1.0,0.8,skip,attack_already_active,1785296325.704113,1785296325704112886,1384993920811428,5.8,53.3671875,-1.0,0,0
2026-07-28T23:38:45.705,10.42.0.210,,86,3,UPLOAD,0.9854688349332961,UPLOAD,0.9854688349332961,1,1448,100.0,3,0.0,4344.0,0,3,0.0,1.0,0.04746028455335722,0,0,1,1,1,1,1,1,0.9699999999999999,1.0,1.0,1.0,0.8,skip,attack_already_active,1785296325.7054322,1785296325705432054,1384993922130633,5.8,53.3671875,-1.0,0,0
2026-07-28T23:38:45.706,10.42.0.210,,86,3,UPLOAD,0.9855076450773014,UPLOAD,0.9855076450773014,1,1448,100.0,4,0.0,5792.0,0,4,0.0,1.0,0.04131993063377857,0,0,1,1,1,1,1,1,0.9699999999999999,1.0,1.0,1.0,0.8,skip,attack_already_active,1785296325.706295,1785296325706294992,1384993922993679,5.8,53.3671875,-1.0,0,0
2026-07-28T23:38:45.707,10.42.0.210,,86,3,UPLOAD,0.9855086980780915,UPLOAD,0.9855086980780915,1,1448,100.0,5,0.0,7240.0,0,5,0.0,1.0,0.036046212581466786,0,0,1,1,1,1,1,1,0.9699999999999999,1.0,1.0,1.0,0.8,skip,attack_already_active,1785296325.7075942,1785296325707594332,1384993924293409,5.8,53.3671875,-1.0,0,0
2026-07-28T23:38:45.708,10.42.0.210,,86,3,UPLOAD,0.9855087254685951,UPLOAD,0.9855087254685951,1,1448,100.0,6,0.0,8688.0,0,6,0.0,1.0,0.03141807906042422,0,0,1,1,1,1,1,1,0.9699999999999999,1.0,1.0,1.0,0.8,skip,attack_already_active,1785296325.7085187,1785296325708518631,1384993925217049,5.8,53.3671875,-1.0,0,0
2026-07-28T23:38:45.709,10.42.0.210,,86,3,UPLOAD,0.9855087261493067,UPLOAD,0.9855087261493067,1,1448,100.0,7,0.0,10136.0,0,7,0.0,1.0,0.027449549248983972,0,0,1,1,1,1,1,1,0.9699999999999999,1.0,1.0,1.0,0.8,skip,attack_already_active,1785296325.7098207,1785296325709820615,1384993926519022,5.8,53.3671875,-1.0,0,0
2026-07-28T23:38:45.710,10.42.0.210,,86,3,UPLOAD,0.9855087261653082,UPLOAD,0.9855087261653082,1,1448,100.0,8,0.0,11584.0,0,8,0.0,1.0,0.0239484242378271,0,0,1,1,1,1,1,1,0.9699999999999999,1.0,1.0,1.0,0.8,skip,attack_already_active,1785296325.7107012,1785296325710701248,1384993927399599,5.8,53.3671875,-1.0,0,0
2026-07-28T23:38:45.711,10.42.0.210,,86,3,UPLOAD,0.985508726165656,UPLOAD,0.985508726165656,1,1448,100.0,9,0.0,13032.0,0,9,0.0,1.0,0.02095788930885751,0,0,1,1,1,1,1,1,0.9699999999999999,1.0,1.0,1.0,0.8,skip,attack_already_active,1785296325.7119553,1785296325711955268,1384993928653691,5.8,53.3671875,-1.0,0,0
2026-07-28T23:38:45.712,10.42.0.210,,86,3,UPLOAD,0.9855087261656625,UPLOAD,0.9855087261656625,1,1448,100.0,10,0.0,14480.0,0,10,0.0,1.0,0.018310785551187946,0,0,1,1,1,1,1,1,0.9699999999999999,1.0,1.0,1.0,0.8,skip,attack_already_active,1785296325.712825,1785296325712825209,1384993929523647,5.8,53.3671875,-1.0,0,0
2026-07-28T23:38:45.714,10.42.0.210,,86,3,UPLOAD,0.9855087261656628,UPLOAD,0.9855087261656628,1,1448,100.0,11,0.0,15928.0,0,11,0.0,1.0,0.01606195360106534,0,0,1,1,1,1,1,1,0.9699999999999999,1.0,1.0,1.0,0.8,skip,attack_already_active,1785296325.71407,1785296325714070098,1384993930768525,5.8,53.3671875,-1.0,0,0
2026-07-28T23:38:45.714,10.42.0.210,,86,3,UPLOAD,0.95,UPLOAD,0.95,1,1448,100.0,12,0.0,17376.0,0,12,0.0,1.0,0.014060888859993311,0,0,1,1,1,1,1,1,0.9699999999999999,1.0,1.0,1.0,0.8,skip,attack_already_active,1785296325.7149465,1785296325714946507,1384993931644924,5.8,53.3671875,-1.0,0,0
2026-07-28T23:38:45.716,10.42.0.210,,86,3,UPLOAD,0.95,UPLOAD,0.95,1,1448,100.0,13,0.0,18824.0,0,13,0.0,1.0,0.012370576749637678,0,0,1,1,1,1,1,1,0.9699999999999999,1.0,1.0,1.0,0.8,skip,attack_already_active,1785296325.71618,1785296325716179930,1384993932878225,5.8,53.3671875,-1.0,0,0
2026-07-28T23:38:45.717,10.42.0.210,,86,3,UPLOAD,0.95,UPLOAD,0.95,1,1448,100.0,14,0.0,20272.0,0,14,0.0,1.0,0.010856223989591783,0,0,1,1,1,1,1,1,0.9699999999999999,1.0,1.0,1.0,0.8,skip,attack_already_active,1785296325.7170587,1785296325717058542,1384993933756864,19.9,53.3671875,-1.0,0,0
2026-07-28T23:38:45.718,10.42.0.210,,86,3,UPLOAD,0.95,UPLOAD,0.95,1,1448,100.0,15,0.0,21720.0,0,15,0.0,1.0,0.009585942831499591,0,0,1,1,1,1,1,1,0.9699999999999999,1.0,1.0,1.0,0.8,skip,attack_already_active,1785296325.718275,1785296325718275105,1384993934973343,19.9,53.3671875,-1.0,0,0
2026-07-28T23:38:45.719,10.42.0.210,,86,3,UPLOAD,0.95,UPLOAD,0.95,1,1448,100.0,16,0.0,23168.0,0,16,0.0,1.0,0.008431684715793194,0,0,1,1,1,1,1,1,0.9699999999999999,1.0,1.0,1.0,0.8,skip,attack_already_active,1785296325.7191017,1785296325719101628,1384993935799773,19.9,53.3671875,-1.0,0,0
2026-07-28T23:38:45.720,10.42.0.210,,86,3,UPLOAD,0.95,UPLOAD,0.95,1,1448,100.0,17,0.0,24616.0,0,17,0.0,1.0,0.007488907390371031,0,0,1,1,1,1,1,1,0.9699999999999999,1.0,1.0,1.0,0.8,skip,attack_already_active,1785296325.7203789,1785296325720378798,1384993937077251,19.9,53.3671875,-1.0,0,0
2026-07-28T23:38:45.721,10.42.0.210,,86,3,UPLOAD,0.95,UPLOAD,0.95,1,1448,100.0,18,0.0,26064.0,0,18,0.0,1.0,0.006629175727800378,0,0,1,1,1,1,1,1,0.9699999999999999,1.0,1.0,1.0,0.8,skip,attack_already_active,1785296325.7213435,1785296325721343373,1384993938041778,19.9,53.3671875,-1.0,0,0
2026-07-28T23:38:45.722,10.42.0.210,,86,3,UPLOAD,0.95,UPLOAD,0.95,1,1448,100.0,19,0.0,27512.0,0,19,0.0,1.0,0.005934982020282594,0,0,1,1,1,1,1,1,0.9699999999999999,1.0,1.0,1.0,0.8,skip,attack_already_active,1785296325.7227046,1785296325722704531,1384993939402880,19.9,53.3671875,-1.0,0,0
2026-07-28T23:38:45.723,10.42.0.210,,86,3,UPLOAD,0.95,UPLOAD,0.95,1,1448,100.0,20,0.0,28960.0,0,20,0.0,1.0,0.005275148338241306,0,0,1,1,1,1,1,1,0.9699999999999999,1.0,1.0,1.0,0.8,skip,attack_already_active,1785296325.7236323,1785296325723632493,1384993940330958,19.9,53.3671875,-1.0,0,0
2026-07-28T23:38:45.724,10.42.0.210,,86,3,UPLOAD,0.95,UPLOAD,0.95,1,1448,100.0,21,0.0,30408.0,0,21,0.0,1.0,0.004758501181221414,0,0,1,1,1,1,1,1,0.9699999999999999,1.0,1.0,1.0,0.8,skip,attack_already_active,1785296325.7249868,1785296325724986880,1384993941685222,19.9,53.3671875,-1.0,0,0
2026-07-28T23:38:45.725,10.42.0.210,,86,3,UPLOAD,0.95,UPLOAD,0.95,1,1448,100.0,22,0.0,31856.0,0,22,0.0,1.0,0.0042499589564745635,0,0,1,1,1,1,1,1,0.9699999999999999,1.0,1.0,1.0,0.8,skip,attack_already_active,1785296325.725886,1785296325725886302,1384993942584573,19.9,53.3671875,-1.0,0,0
2026-07-28T23:38:45.727,10.42.0.210,,86,3,UPLOAD,0.95,UPLOAD,0.95,1,1448,100.0,23,0.0,33304.0,0,23,0.0,1.0,0.0038716730037311104,0,0,1,1,1,1,1,1,0.9699999999999999,1.0,1.0,1.0,0.8,skip,attack_already_active,1785296325.7272654,1785296325727265235,1384993943964890,19.9,53.3671875,-1.0,0,0
2026-07-28T23:38:45.728,10.42.0.210,,86,3,UPLOAD,0.95,UPLOAD,0.95,1,1448,100.0,24,0.0,34752.0,0,24,0.0,1.0,0.003555331211880155,0,0,1,1,1,1,1,1,0.9699999999999999,1.0,1.0,1.0,0.8,skip,attack_already_active,1785296325.7287364,1785296325728736546,1384993945435384,19.9,53.3671875,-1.0,0,0
2026-07-28T23:38:45.730,10.42.0.210,,86,3,UPLOAD,0.95,UPLOAD,0.95,1,1448,100.0,25,0.0,36200.0,0,25,0.0,1.0,0.003301724904284502,0,0,1,1,1,1,1,1,0.9699999999999999,1.0,1.0,1.0,0.8,skip,attack_already_active,1785296325.7303672,1785296325730367140,1384993947066402,19.9,53.3671875,-1.0,0,0
2026-07-28T23:38:45.731,10.42.0.210,,86,3,UPLOAD,0.95,UPLOAD,0.95,1,1448,100.0,26,0.0,37648.0,0,26,0.0,1.0,0.003024483286549327,0,0,1,1,1,1,1,1,0.9699999999999999,1.0,1.0,1.0,0.8,skip,attack_already_active,1785296325.731565,1785296325731565085,1384993948264693,19.9,53.3671875,-1.0,0,0
2026-07-28T23:38:45.733,10.42.0.210,,86,3,UPLOAD,0.95,UPLOAD,0.95,1,1448,100.0,27,0.0,39096.0,0,27,0.0,1.0,0.0028326292196208707,0,0,1,1,1,1,1,1,0.9699999999999999,1.0,1.0,1.0,0.8,skip,attack_already_active,1785296325.7331336,1785296325733133569,1384993949832165,19.9,53.3671875,-1.0,0,0
2026-07-28T23:38:45.734,10.42.0.210,,86,3,UPLOAD,0.95,UPLOAD,0.95,1,1448,100.0,28,0.0,40544.0,0,28,0.0,1.0,0.002588801033167172,0,0,1,1,1,1,1,1,0.9699999999999999,1.0,1.0,1.0,0.8,skip,attack_already_active,1785296325.7341158,1785296325734115840,1384993950814271,19.9,53.3671875,-1.0,0,0
2026-07-28T23:38:45.735,10.42.0.210,,86,3,UPLOAD,0.95,UPLOAD,0.95,1,1448,100.0,29,0.0,41992.0,0,29,0.0,1.0,0.002421244738121176,0,0,1,1,1,1,1,1,0.9699999999999999,1.0,1.0,1.0,0.8,skip,attack_already_active,1785296325.735433,1785296325735433330,1384993952131967,19.9,53.3671875,-1.0,0,0
2026-07-28T23:38:45.736,10.42.0.210,,86,3,UPLOAD,0.95,UPLOAD,0.95,1,1448,100.0,30,0.0,43440.0,0,30,0.0,1.0,0.002223646482855563,0,0,1,1,1,1,1,1,0.9699999999999999,1.0,1.0,1.0,0.8,skip,attack_already_active,1785296325.7363548,1785296325736354908,1384993953053182,19.9,53.3671875,-1.0,0,0
2026-07-28T23:38:45.737,10.42.0.210,,86,3,UPLOAD,0.95,UPLOAD,0.95,1,1448,100.0,31,0.0,44888.0,0,31,0.0,1.0,0.0021007523117251244,0,0,1,1,1,1,1,1,0.9699999999999999,1.0,1.0,1.0,0.8,skip,attack_already_active,1785296325.7376459,1785296325737645921,1384993954344301,19.9,53.3671875,-1.0,0,0
2026-07-28T23:38:45.738,10.42.0.210,,86,3,UPLOAD,0.95,UPLOAD,0.95,1,1448,100.0,32,0.0,46336.0,0,32,0.0,1.0,0.0019391032793762536,0,0,1,1,1,1,1,1,0.9699999999999999,1.0,1.0,1.0,0.8,skip,attack_already_active,1785296325.73852,1785296325738519747,1384993955218104,19.9,53.3671875,-1.0,0,0
2026-07-28T23:38:45.739,10.42.0.210,,86,3,UPLOAD,0.95,UPLOAD,0.95,1,1448,100.0,33,0.0,47784.0,0,33,0.0,1.0,0.00184786098615192,0,0,1,1,1,1,1,1,0.9699999999999999,1.0,1.0,1.0,0.8,skip,attack_already_active,1785296325.7397666,1785296325739766481,1384993956464519,19.9,53.3671875,-1.0,0,0
2026-07-28T23:38:45.740,10.42.0.210,,86,3,UPLOAD,0.95,UPLOAD,0.95,1,1448,100.0,34,0.0,49232.0,0,34,0.0,1.0,0.0017161434858775433,0,0,1,1,1,1,1,1,0.9699999999999999,1.0,1.0,1.0,0.8,skip,attack_already_active,1785296325.740615,1785296325740614951,1384993957313283,19.9,53.3671875,-1.0,0,0
2026-07-28T23:38:45.741,10.42.0.210,,86,3,UPLOAD,0.95,UPLOAD,0.95,1,1448,100.0,35,0.0,50680.0,0,35,0.0,1.0,0.0016107369714907565,0,0,1,1,1,1,1,1,0.9699999999999999,1.0,1.0,1.0,0.8,skip,attack_already_active,1785296325.7415311,1785296325741531051,1384993958229277,19.9,53.3671875,-1.0,0,0
2026-07-28T23:38:45.742,10.42.0.210,,86,3,UPLOAD,0.95,UPLOAD,0.95,1,1448,100.0,36,0.0,52128.0,0,36,0.0,1.0,0.0015196601892865816,0,0,1,1,1,1,1,1,0.9699999999999999,1.0,1.0,1.0,0.8,skip,attack_already_active,1785296325.7424507,1785296325742450674,1384993959148986,19.9,53.3671875,-1.0,0,0
2026-07-28T23:38:45.743,10.42.0.210,,86,3,UPLOAD,0.95,UPLOAD,0.95,1,1448,100.0,37,0.0,53576.0,0,37,0.0,1.0,0.0014375060884784445,0,0,1,1,1,1,1,1,0.9699999999999999,1.0,1.0,1.0,0.8,skip,attack_already_active,1785296325.743347,1785296325743346881,1384993960045254,19.9,53.3671875,-1.0,0,0
2026-07-28T23:38:45.745,10.42.0.1,10.42.0.1,87,3,UPLOAD,0.95,UPLOAD,0.95,1,7240,100.0,1,0.0,7240.0,0,1,0.0,1.0,0.03885069764052101,1,0,1,1,1,1,1,1,0.9699999999999999,1.0,1.0,1.0,0.8,skip,attack_already_active,1785296325.7451706,1785296325745170725,1384993961869028,19.9,53.3671875,-1.0,0,0
2026-07-28T23:38:45.746,10.42.0.1,10.42.0.1,87,3,UPLOAD,0.9767386064895618,UPLOAD,0.9767386064895618,1,7240,100.0,2,0.0,14480.0,0,2,0.0,1.0,0.033853852862602354,1,0,1,1,1,1,1,1,0.9699999999999999,1.0,1.0,1.0,0.8,skip,attack_already_active,1785296325.7461016,1785296325746101517,1384993962799702,19.9,53.3671875,-1.0,0,0
2026-07-28T23:38:45.747,10.42.0.1,10.42.0.1,87,3,UPLOAD,0.9803586674784489,UPLOAD,0.9803586674784489,1,10136,100.0,3,0.0,24616.0,0,3,0.0,1.0,0.029574780856187966,1,0,1,1,1,1,1,1,0.9699999999999999,1.0,1.0,1.0,0.8,skip,attack_already_active,1785296325.7474828,1785296325747482973,1384993964181265,19.9,53.3671875,-1.0,0,0
2026-07-28T23:38:45.748,10.42.0.1,10.42.0.1,87,3,UPLOAD,0.9803269044861314,UPLOAD,0.9803269044861314,1,4344,100.0,4,0.0,28960.0,0,4,0.0,1.0,0.02580723976596004,1,0,1,1,1,1,1,1,0.9699999999999999,1.0,1.0,1.0,0.8,skip,attack_already_active,1785296325.7484667,1785296325748466774,1384993965165110,19.9,53.3671875,-1.0,0,0
2026-07-28T23:38:45.749,10.42.0.1,10.42.0.1,87,3,UPLOAD,0.9803960697592998,UPLOAD,0.9803960697592998,1,14480,100.0,5,0.0,43440.0,0,5,0.0,1.0,0.022599816219274538,1,0,1,1,1,1,1,1,0.9699999999999999,1.0,1.0,1.0,0.8,skip,attack_already_active,1785296325.7499337,1785296325749933882,1384993966633121,19.9,53.3671875,-1.0,0,0
2026-07-28T23:38:45.752,10.42.0.1,10.42.0.1,87,3,UPLOAD,0.9804870247811984,UPLOAD,0.9804870247811984,1,18824,100.0,6,0.0,62264.0,0,6,0.0,1.0,0.019943672376342435,1,0,1,1,1,1,1,1,0.9699999999999999,1.0,1.0,1.0,0.8,skip,attack_already_active,1785296325.7523768,1785296325752376791,1384993969075655,19.9,53.3671875,-1.0,0,0
2026-07-28T23:38:45.753,10.42.0.1,10.42.0.1,87,3,UPLOAD,0.980395412803463,UPLOAD,0.980395412803463,1,1448,100.0,7,0.0,63712.0,0,7,0.0,1.0,0.017451360481314074,1,0,1,1,1,1,1,1,0.9699999999999999,1.0,1.0,1.0,0.8,skip,attack_already_active,1785296325.753407,1785296325753407040,1384993970105416,19.9,53.3671875,-1.0,0,0
2026-07-28T23:38:45.754,10.42.0.1,10.42.0.1,87,3,UPLOAD,0.9802694912135735,UPLOAD,0.9802694912135735,1,8688,100.0,8,0.0,72400.0,0,8,0.0,1.0,0.015281879350579425,1,0,1,1,1,1,1,1,0.9699999999999999,1.0,1.0,1.0,0.8,skip,attack_already_active,1785296325.7543948,1785296325754394949,1384993971093520,19.9,53.3671875,-1.0,0,0
2026-07-28T23:38:45.755,10.42.0.1,10.42.0.1,87,3,UPLOAD,0.9803941085248806,UPLOAD,0.9803941085248806,1,7130,100.0,9,0.0,79530.0,0,9,0.0,1.0,0.013394510345598784,1,0,1,1,1,1,1,1,0.9699999999999999,1.0,1.0,1.0,0.8,skip,attack_already_active,1785296325.755354,1785296325755353759,1384993972052026,19.9,53.3671875,-1.0,0,0
2026-07-28T23:38:47.199,10.42.0.47,10.42.0.1|10.42.0.47,87,3,UPLOAD,0.95,UPLOAD,0.95,1,7240,100.0,1,0.0,7240.0,0,1,0.0,1.0,0.4818566836713056,1,0,0,1,1,1,1,1,0.9699999999999999,1.0,1.0,1.0,0.8,trigger,training_upload_trigger_confirmed,1785296327.1998158,1785296327199815697,1384995416514518,9.9,53.3671875,7.289292,1785296327207106559,1384995423803810
2026-07-28T23:38:47.200,10.42.0.47,10.42.0.1|10.42.0.47,87,3,UPLOAD,0.95,UPLOAD,0.95,1,1448,100.0,2,0.0,8688.0,0,2,0.0,1.0,0.41850011435942214,1,0,1,1,1,1,1,1,0.9699999999999999,1.0,1.0,1.0,0.8,skip,attack_already_active,1785296327.200877,1785296327200876968,1384995417576015,9.9,53.3671875,-1.0,0,0
2026-07-28T23:38:47.203,10.42.0.47,10.42.0.1|10.42.0.47,87,3,UPLOAD,0.9502467320802837,UPLOAD,0.9502467320802837,1,5792,100.0,3,0.0,14480.0,0,3,0.0,1.0,0.36368497531004923,1,0,1,1,1,1,1,1,0.9699999999999999,1.0,1.0,1.0,0.8,skip,attack_already_active,1785296327.2034001,1785296327203400285,1384995420099065,9.9,53.3671875,-1.0,0,0
2026-07-28T23:38:47.204,10.42.0.47,10.42.0.1|10.42.0.47,87,3,UPLOAD,0.9515597650542766,UPLOAD,0.9515597650542766,1,2896,100.0,4,0.0,17376.0,0,4,0.0,1.0,0.3158948277814643,1,0,1,1,1,1,1,1,0.9699999999999999,1.0,1.0,1.0,0.8,skip,attack_already_active,1785296327.204419,1785296327204418759,1384995421117140,9.9,53.3671875,-1.0,0,0
2026-07-28T23:38:47.206,10.42.0.47,10.42.0.1|10.42.0.47,87,3,UPLOAD,0.9529800786903138,UPLOAD,0.9529800786903138,1,8688,100.0,5,0.0,26064.0,0,5,0.0,1.0,0.27454031280589714,1,0,1,1,1,1,1,1,0.9699999999999999,1.0,1.0,1.0,0.8,skip,attack_already_active,1785296327.2064857,1785296327206485676,1384995423184524,9.9,53.3671875,-1.0,0,0
2026-07-28T23:38:47.207,10.42.0.47,10.42.0.1|10.42.0.47,87,3,UPLOAD,0.954354198582551,UPLOAD,0.954354198582551,1,1448,100.0,6,0.0,27512.0,0,6,0.0,1.0,0.23849583628981721,1,0,1,1,1,1,1,1,0.9699999999999999,1.0,1.0,1.0,0.8,skip,attack_already_active,1785296327.2074945,1785296327207494470,1384995424192676,9.9,53.3671875,-1.0,0,0
2026-07-28T23:38:47.208,10.42.0.47,10.42.0.1|10.42.0.47,87,3,UPLOAD,0.9552392904780456,UPLOAD,0.9552392904780456,1,4344,100.0,7,0.0,31856.0,0,7,0.0,1.0,0.20724750513970833,1,0,1,1,1,1,1,1,0.9699999999999999,1.0,1.0,1.0,0.8,skip,attack_already_active,1785296327.2088554,1785296327208855389,1384995425553683,9.9,53.3671875,-1.0,0,0
2026-07-28T23:38:47.209,10.42.0.47,10.42.0.1|10.42.0.47,87,3,UPLOAD,0.9563613936262173,UPLOAD,0.9563613936262173,1,10136,100.0,8,0.0,41992.0,0,8,0.0,1.0,0.18006189421710392,1,0,1,1,1,1,1,1,0.9699999999999999,1.0,1.0,1.0,0.8,skip,attack_already_active,1785296327.2097988,1785296327209799015,1384995426497288,9.9,53.3671875,-1.0,0,0
2026-07-28T23:38:47.211,10.42.0.47,10.42.0.1|10.42.0.47,87,3,UPLOAD,0.9579011070511846,UPLOAD,0.9579011070511846,1,1448,100.0,9,0.0,43440.0,0,9,0.0,1.0,0.15650819810099076,1,0,1,1,1,1,1,1,0.9699999999999999,1.0,1.0,1.0,0.8,skip,attack_already_active,1785296327.2111182,1785296327211118275,1384995427816775,9.9,53.3671875,-1.0,0,0
2026-07-28T23:38:47.212,10.42.0.47,10.42.0.1|10.42.0.47,87,3,UPLOAD,0.9605060693610312,UPLOAD,0.9605060693610312,1,5792,100.0,10,0.0,49232.0,0,10,0.0,1.0,0.1360156128385358,1,0,1,1,1,1,1,1,0.9699999999999999,1.0,1.0,1.0,0.8,skip,attack_already_active,1785296327.2121139,1785296327212113826,1384995428812199,9.9,53.3671875,-1.0,0,0
2026-07-28T23:38:47.213,10.42.0.47,10.42.0.1|10.42.0.47,87,3,UPLOAD,0.963263269241471,UPLOAD,0.963263269241471,1,11584,100.0,11,0.0,60816.0,0,11,0.0,1.0,0.11822006544259273,1,0,1,1,1,1,1,1,0.9699999999999999,1.0,1.0,1.0,0.8,skip,attack_already_active,1785296327.213084,1785296327213083814,1384995429782333,9.9,53.3671875,-1.0,0,0
2026-07-28T23:38:47.214,10.42.0.47,10.42.0.1|10.42.0.47,87,3,UPLOAD,0.9661402874585091,UPLOAD,0.9661402874585091,1,8688,100.0,12,0.0,69504.0,0,12,0.0,1.0,0.1028264767456935,1,0,1,1,1,1,1,1,0.9699999999999999,1.0,1.0,1.0,0.8,skip,attack_already_active,1785296327.2144864,1785296327214486266,1384995431184801,9.9,53.3671875,-1.0,0,0
2026-07-28T23:38:47.215,10.42.0.47,10.42.0.1|10.42.0.47,87,3,UPLOAD,0.9674941322978418,UPLOAD,0.9674941322978418,1,1448,100.0,13,0.0,70952.0,0,13,0.0,1.0,0.08940632659428159,1,0,1,1,1,1,1,1,0.9699999999999999,1.0,1.0,1.0,0.8,skip,attack_already_active,1785296327.215471,1785296327215470991,1384995432169237,9.9,53.3671875,-1.0,0,0
2026-07-28T23:38:47.216,10.42.0.47,10.42.0.1|10.42.0.47,87,3,UPLOAD,0.9700360700366615,UPLOAD,0.9700360700366615,1,8603,100.0,14,0.0,79555.0,0,14,0.0,1.0,0.07780220708476096,1,0,1,1,1,1,1,1,0.9699999999999999,1.0,1.0,1.0,0.8,skip,attack_already_active,1785296327.216817,1785296327216816789,1384995433515101,9.9,53.3671875,-1.0,0,0
2026-07-28T23:38:47.218,10.42.0.1,10.42.0.1|10.42.0.47,87,3,UPLOAD,0.9773580271004948,UPLOAD,0.9773580271004948,1,7240,100.0,1,0.0,7240.0,0,1,0.0,1.0,0.013709481647622526,1,0,1,1,1,1,1,1,0.9699999999999999,1.0,1.0,1.0,0.8,skip,attack_already_active,1785296327.2181673,1785296327218167293,1384995434865671,9.9,53.3671875,-1.0,0,0
2026-07-28T23:38:47.219,10.42.0.1,10.42.0.1|10.42.0.47,87,3,UPLOAD,0.9769502232400891,UPLOAD,0.9769502232400891,1,5792,100.0,2,0.0,13032.0,0,2,0.0,1.0,0.012025795756731497,1,0,1,1,1,1,1,1,0.9699999999999999,1.0,1.0,1.0,0.8,skip,attack_already_active,1785296327.2190998,1785296327219099766,1384995435797915,9.9,53.3671875,-1.0,0,0
2026-07-28T23:38:47.226,10.42.0.1,10.42.0.1|10.42.0.47,87,3,UPLOAD,0.9774510860660206,UPLOAD,0.9774510860660206,1,1448,100.0,3,0.0,14480.0,0,3,0.0,1.0,0.011478665239317067,1,0,1,1,1,1,1,1,0.9699999999999999,1.0,1.0,1.0,0.8,skip,attack_already_active,1785296327.2269735,1785296327226973342,1384995443672113,9.9,53.3671875,-1.0,0,0
2026-07-28T23:38:47.292,10.42.0.1,10.42.0.1|10.42.0.47,87,3,UPLOAD,0.9776062048714477,UPLOAD,0.9776062048714477,1,1448,100.0,4,0.0,15928.0,0,4,0.0,1.0,0.0186146117277076,1,0,1,1,1,1,1,1,0.9699999999999999,1.0,1.0,1.0,0.8,skip,attack_already_active,1785296327.292605,1785296327292604908,1384995509303759,9.9,53.3671875,-1.0,0,0
2026-07-28T23:38:47.295,10.42.0.1,10.42.0.1|10.42.0.47,87,3,UPLOAD,0.9778828107673437,UPLOAD,0.9778828107673437,1,10136,100.0,5,0.0,26064.0,0,5,0.0,1.0,0.01652310786404562,1,0,1,1,1,1,1,1,0.9699999999999999,1.0,1.0,1.0,0.8,skip,attack_already_active,1785296327.2953477,1785296327295347596,1384995512046701,9.9,53.3671875,-1.0,0,0
2026-07-28T23:38:47.296,10.42.0.1,10.42.0.1|10.42.0.47,87,3,UPLOAD,0.9780929661283787,UPLOAD,0.9780929661283787,1,11584,100.0,6,0.0,37648.0,0,6,0.0,1.0,0.014487571197047971,1,0,1,1,1,1,1,1,0.9699999999999999,1.0,1.0,1.0,0.8,skip,attack_already_active,1785296327.2964237,1785296327296423705,1384995513121945,9.9,53.3671875,-1.0,0,0
2026-07-28T23:38:47.298,10.42.0.1,10.42.0.1|10.42.0.47,87,3,UPLOAD,0.9780464027157425,UPLOAD,0.9780464027157425,1,11584,100.0,7,0.0,49232.0,0,7,0.0,1.0,0.012879835682139771,1,0,1,1,1,1,1,1,0.9699999999999999,1.0,1.0,1.0,0.8,skip,attack_already_active,1785296327.2987106,1785296327298710602,1384995515409214,9.9,53.3671875,-1.0,0,0
2026-07-28T23:38:47.300,10.42.0.1,10.42.0.1|10.42.0.47,87,3,UPLOAD,0.9775102981168923,UPLOAD,0.9775102981168923,1,10136,100.0,8,0.0,59368.0,0,8,0.0,1.0,0.01136925343530069,1,0,1,1,1,1,1,1,0.9699999999999999,1.0,1.0,1.0,0.8,skip,attack_already_active,1785296327.300127,1785296327300126951,1384995516825266,9.9,53.3671875,-1.0,0,0
2026-07-28T23:38:47.301,10.42.0.1,10.42.0.1|10.42.0.47,87,3,UPLOAD,0.9770438115413665,UPLOAD,0.9770438115413665,1,4344,100.0,9,0.0,63712.0,0,9,0.0,1.0,0.010055496720404452,1,0,1,1,1,1,1,1,0.9699999999999999,1.0,1.0,1.0,0.8,skip,attack_already_active,1785296327.3015265,1785296327301526404,1384995518224766,9.9,53.3671875,-1.0,0,0
2026-07-28T23:38:47.303,10.42.0.1,10.42.0.1|10.42.0.47,87,3,UPLOAD,0.9768031079467216,UPLOAD,0.9768031079467216,1,7240,100.0,10,0.0,70952.0,0,10,0.0,1.0,0.009022495890726318,1,0,1,1,1,1,1,1,0.9699999999999999,1.0,1.0,1.0,0.8,skip,attack_already_active,1785296327.303743,1785296327303743003,1384995520441214,9.9,53.3671875,-1.0,0,0
2026-07-28T23:38:47.304,10.42.0.1,10.42.0.1|10.42.0.47,87,3,UPLOAD,0.9765583942997352,UPLOAD,0.9765583942997352,1,8590,100.0,11,0.0,79542.0,0,11,0.0,1.0,0.007963629661453968,1,0,1,1,1,1,1,1,0.9699999999999999,1.0,1.0,1.0,0.8,skip,attack_already_active,1785296327.30473,1785296327304729921,1384995521428097,9.9,53.3671875,-1.0,0,0
2026-07-28T23:38:47.598,10.42.0.1,10.42.0.47,88,1,DOWNLOAD,0.9738879897596144,DOWNLOAD,0.9738879897596144,-1,1448,54.93232040474286,12,1448.0,79542.0,1,11,0.017878750463020125,0.9821212495369799,0.2898037658475891,0,0,0,0,1,0,0,0,0.44,0.8500000000000001,0.0,0.6000000000000001,0.15,skip,training_upload_trigger_not_confirmed,1785296327.5988097,1785296327598809607,1384995815508555,29.0,53.3671875,-1.0,0,0
2026-07-28T23:38:47.602,10.42.0.1,10.42.0.47,88,1,DOWNLOAD,0.95,DOWNLOAD,0.95,-1,5792,10.986464087018442,13,7240.0,79542.0,2,11,0.08342743886981172,0.9165725611301883,0.25211849369318673,0,0,0,0,1,0,0,0,0.44,0.8500000000000001,0.0,0.6000000000000001,0.15,skip,training_upload_trigger_not_confirmed,1785296327.6026304,1785296327602630305,1384995819330363,29.0,53.3671875,-1.0,0,0
2026-07-28T23:38:47.603,10.42.0.1,10.42.0.47,88,1,DOWNLOAD,0.95,DOWNLOAD,0.95,-1,7240,5.493232043888589,14,14480.0,79542.0,3,11,0.154006509114888,0.845993490885112,0.21905028712476482,0,0,0,0,1,0,0,0,0.44,0.8500000000000001,0.0,0.6000000000000001,0.15,skip,training_upload_trigger_not_confirmed,1785296327.6038034,1785296327603803448,1384995820501778,29.0,53.3671875,-1.0,0,0
2026-07-28T23:38:47.604,10.42.0.1,10.42.0.47,88,1,DOWNLOAD,0.95,DOWNLOAD,0.95,-1,7240,3.6621546960100293,15,21720.0,79542.0,4,11,0.21449309711441608,0.7855069028855839,0.19033934315332013,0,0,0,0,1,0,0,0,0.4,0.8500000000000001,0.0,0.4,0.15,skip,training_upload_trigger_not_confirmed,1785296327.6049743,1785296327604974288,1384995821674239,29.0,53.3671875,-1.0,0,0
2026-07-28T23:38:47.606,10.42.0.1,10.42.0.47,88,1,DOWNLOAD,0.95,DOWNLOAD,0.95,-1,7240,2.746616022039136,16,28960.0,79542.0,5,11,0.2669075224419826,0.7330924775580173,0.16540334868703094,0,0,0,0,1,0,0,0,0.4,0.8500000000000001,0.0,0.4,0.15,skip,training_upload_trigger_not_confirmed,1785296327.6060812,1785296327606081220,1384995822779625,29.0,53.3671875,-1.0,0,0
2026-07-28T23:38:47.608,10.42.0.1,10.42.0.47,88,1,DOWNLOAD,0.95,DOWNLOAD,0.95,-1,7240,2.1972928176464834,17,36200.0,79542.0,6,11,0.3127645971211833,0.6872354028788167,0.14388416687361508,0,0,0,0,1,0,0,0,0.4,0.8500000000000001,0.0,0.4,0.15,skip,training_upload_trigger_not_confirmed,1785296327.6081815,1785296327608181539,1384995824880083,29.0,53.3671875,-1.0,0,0
2026-07-28T23:38:47.609,10.42.0.1,10.42.0.47,88,1,DOWNLOAD,0.9512906427398599,DOWNLOAD,0.9512906427398599,-1,7240,1.8310773480471665,18,43440.0,79542.0,7,11,0.35322242279357957,0.6467775772064205,0.12504643539518095,0,0,0,0,1,0,0,0,0.32,0.8500000000000001,0.0,0.0,0.15,skip,training_upload_trigger_not_confirmed,1785296327.6091113,1785296327609111265,1384995825809534,29.0,53.3671875,-1.0,0,0
2026-07-28T23:38:47.610,10.42.0.1,10.42.0.47,88,1,DOWNLOAD,0.9720209074747979,DOWNLOAD,0.9720209074747979,-1,7240,1.5694948697598756,19,50680.0,79542.0,8,11,0.38918155150435413,0.6108184484956459,0.10868968502377128,0,0,0,0,1,0,0,0,0.32,0.8500000000000001,0.0,0.0,0.15,skip,training_upload_trigger_not_confirmed,1785296327.610031,1785296327610030956,1384995826729288,29.0,53.3671875,-1.0,0,0
2026-07-28T23:38:47.610,10.42.0.1,10.42.0.47,88,1,DOWNLOAD,0.9819566011921602,DOWNLOAD,0.9819566011921602,-1,7240,1.3733080110432785,20,57920.0,79542.0,9,11,0.42135281023119114,0.5786471897688088,0.0944854149178554,0,0,0,0,1,0,0,0,0.32,0.8500000000000001,0.0,0.0,0.15,skip,training_upload_trigger_not_confirmed,1785296327.6109283,1785296327610928414,1384995827626608,29.0,53.3671875,-1.0,0,0
2026-07-28T23:38:47.611,10.42.0.1,10.42.0.47,88,1,DOWNLOAD,0.9882398621158777,DOWNLOAD,0.9882398621158777,-1,10136,1.1687727753589872,21,68056.0,79542.0,10,11,0.46109025867559184,0.5389097413244082,0.08215557544559873,0,0,0,0,1,0,0,0,0.30250000000000005,0.8000000000000002,0.0,0.0,0.15,skip,training_upload_trigger_not_confirmed,1785296327.611846,1785296327611846011,1384995828544339,29.0,53.3671875,-1.0,0,0
2026-07-28T23:38:47.613,10.42.0.1,10.42.0.47,88,1,DOWNLOAD,0.991588551429343,DOWNLOAD,0.991588551429343,-1,10136,1.017265193369945,22,78192.0,79542.0,11,11,0.4957206436152003,0.5042793563847997,0.07151166385672986,0,0,0,0,1,0,0,0,0.30250000000000005,0.8000000000000002,0.0,0.0,0.15,skip,training_upload_trigger_not_confirmed,1785296327.6132278,1785296327613227883,1384995829926441,29.0,53.3671875,-1.0,0,0
2026-07-28T23:38:47.614,10.42.0.1,10.42.0.47,88,1,DOWNLOAD,0.9929089286432607,DOWNLOAD,0.9929089286432607,-1,4344,0.9637249200353334,23,82536.0,79542.0,12,11,0.5092362936363973,0.4907637063636027,0.062213765178926156,0,0,0,0,1,0,0,0,0.30250000000000005,0.8000000000000002,0.0,0.0,0.15,skip,training_upload_trigger_not_confirmed,1785296327.6141803,1785296327614180364,1384995830879456,29.0,53.3671875,-1.0,0,0
2026-07-28T23:38:47.615,10.42.0.1,10.42.0.47,88,1,DOWNLOAD,0.9871613289205516,DOWNLOAD,0.9871613289205516,-1,14480,0.8198853797330349,24,97016.0,79542.0,13,11,0.5494851550198802,0.45051484498011984,0.054145804782472294,0,0,0,0,1,0,0,0,0.30250000000000005,0.8000000000000002,0.0,0.0,0.15,skip,training_upload_trigger_not_confirmed,1785296327.6151686,1785296327615168404,1384995831866674,29.0,53.3671875,-1.0,0,0
2026-07-28T23:38:47.616,10.42.0.1,10.42.0.47,88,1,DOWNLOAD,0.9792475158210578,DOWNLOAD,0.9792475158210578,-1,4344,0.7847474348876801,25,101360.0,79542.0,14,11,0.5603033686747521,0.43969663132524794,0.04713694272633265,0,0,0,0,1,0,0,0,0.28500000000000003,0.7500000000000001,0.0,0.0,0.15,skip,training_upload_trigger_not_confirmed,1785296327.616126,1785296327616125841,1384995832824288,29.0,53.3671875,-1.0,0,0
2026-07-28T23:38:47.617,10.42.0.1,10.42.0.47,88,1,DOWNLOAD,0.965809393899952,DOWNLOAD,0.965809393899952,-1,14480,0.6866540055275668,26,115840.0,79542.0,15,11,0.5928898260842862,0.40711017391571386,0.041051229899703674,0,0,0,0,1,0,0,0,0.28500000000000003,0.7500000000000001,0.0,0.0,0.15,skip,training_upload_trigger_not_confirmed,1785296327.6170802,1785296327617080301,1384995833778669,29.0,53.3671875,-1.0,0,0
2026-07-28T23:38:47.618,10.42.0.1,10.42.0.47,88,1,DOWNLOAD,0.95,DOWNLOAD,0.95,-1,4344,0.6618351860508733,27,120184.0,79542.0,16,11,0.6017443898140452,0.39825561018595473,0.03576884101718833,0,0,0,0,1,0,0,0,0.28500000000000003,0.7500000000000001,0.0,0.0,0.15,skip,training_upload_trigger_not_confirmed,1785296327.6180449,1785296327618044812,1384995834743423,29.0,53.3671875,-1.0,0,0
2026-07-28T23:38:47.619,10.42.0.1,10.42.0.47,88,1,DOWNLOAD,0.95,DOWNLOAD,0.95,-1,14480,0.5906701122824907,28,134664.0,79542.0,17,11,0.6286658637012968,0.3713341362987031,0.031188411192656963,0,0,0,0,1,0,0,0,0.28500000000000003,0.7500000000000001,0.0,0.0,0.15,skip,training_upload_trigger_not_confirmed,1785296327.619054,1785296327619054178,1384995835752841,29.0,53.3671875,-1.0,0,0
2026-07-28T23:38:47.620,10.42.0.1,10.42.0.47,88,1,DOWNLOAD,0.95,DOWNLOAD,0.95,-1,4344,0.5722116712737956,29,139008.0,79542.0,18,11,0.6360466712422786,0.36395332875772135,0.02720575284097411,0,0,0,0,1,0,0,0,0.28500000000000003,0.7500000000000001,0.0,0.0,0.15,skip,training_upload_trigger_not_confirmed,1785296327.6200192,1785296327620019248,1384995836717951,29.0,53.3671875,-1.0,0,0
2026-07-28T23:38:47.621,10.42.0.1,10.42.0.47,88,1,DOWNLOAD,0.95,DOWNLOAD,0.95,-1,18824,0.5039662425901973,30,157832.0,79542.0,19,11,0.6649085409522526,0.33509145904774745,0.023810490801314192,0,0,0,0,1,0,0,0,0.28500000000000003,0.7500000000000001,0.0,0.0,0.15,skip,training_upload_trigger_not_confirmed,1785296327.6214592,1785296327621459210,1384995838157776,29.0,53.3671875,-1.0,0,0
2026-07-28T23:38:47.622,10.42.0.1,10.42.0.47,88,1,DOWNLOAD,0.95,DOWNLOAD,0.95,-1,18824,0.450264921658759,31,176656.0,79542.0,20,11,0.6895291922653572,0.31047080773464275,0.0208629832056228,0,0,0,0,1,0,0,0,0.28500000000000003,0.7500000000000001,0.0,0.0,0.15,skip,training_upload_trigger_not_confirmed,1785296327.622902,1785296327622901912,1384995839600608,29.0,53.3671875,-1.0,0,0
2026-07-28T23:38:47.624,10.42.0.1,10.42.0.47,88,1,DOWNLOAD,0.95,DOWNLOAD,0.95,-1,18824,0.4069060773511003,32,195480.0,79542.0,21,11,0.7107795012762615,0.28922049872373845,0.01829825812839277,0,0,0,0,1,0,0,0,0.28500000000000003,0.7500000000000001,0.0,0.0,0.15,skip,training_upload_trigger_not_confirmed,1785296327.624302,1785296327624301730,1384995841008252,29.0,53.3671875,-1.0,0,0
2026-07-28T23:38:47.625,10.42.0.1,10.42.0.47,88,1,DOWNLOAD,0.95,DOWNLOAD,0.95,-1,18824,0.37116432731367044,33,214304.0,79542.0,22,11,0.7293071881189467,0.2706928118810533,0.01607225235535955,0,0,0,0,1,0,0,0,0.28500000000000003,0.7500000000000001,0.0,0.0,0.15,skip,training_upload_trigger_not_confirmed,1785296327.6257076,1785296327625707473,1384995842406030,29.0,53.3671875,-1.0,0,0
2026-07-28T23:38:47.627,10.42.0.1,10.42.0.47,88,1,DOWNLOAD,0.95,DOWNLOAD,0.95,-1,16946,0.3439654054082423,34,231250.0,79542.0,23,11,0.7440667713454657,0.2559332286545342,0.01415629141080249,0,0,0,0,1,0,0,0,0.28500000000000003,0.7500000000000001,0.0,0.0,0.15,skip,training_upload_trigger_not_confirmed,1785296327.6272402,1785296327627240307,1384995843938809,29.0,53.3671875,-1.0,0,0
2026-07-28T23:38:47.628,10.42.0.1,10.42.0.47,88,1,DOWNLOAD,0.95,DOWNLOAD,0.95,-1,16946,0.3204805879251862,35,248196.0,79542.0,24,11,0.7573000384453435,0.24269996155465645,0.01242516336402543,0,0,0,0,1,0,0,0,0.28500000000000003,0.7500000000000001,0.0,0.0,0.15,skip,training_upload_trigger_not_confirmed,1785296327.6282594,1785296327628259332,1384995844957789,29.0,53.3671875,-1.0,0,0
2026-07-28T23:38:47.629,10.42.0.1,10.42.0.47,88,1,DOWNLOAD,0.95,DOWNLOAD,0.95,-1,16946,0.29999773706429006,36,265142.0,79542.0,25,11,0.7692321082498752,0.23076789175012474,0.010912791386495856,0,0,0,0,1,0,0,0,0.28500000000000003,0.7500000000000001,0.0,0.0,0.15,skip,training_upload_trigger_not_confirmed,1785296327.6292076,1785296327629207645,1384995845905870,29.0,53.3671875,-1.0,0,0
2026-07-28T23:38:47.630,10.42.0.1,10.42.0.47,88,1,DOWNLOAD,0.95,DOWNLOAD,0.95,-1,21720,0.27728315357462024,37,286862.0,79542.0,26,11,0.7829117586052554,0.21708824139474459,0.009600371190028274,0,0,0,0,1,0,0,0,0.28500000000000003,0.7500000000000001,0.0,0.0,0.15,skip,training_upload_trigger_not_confirmed,1785296327.6301608,1785296327630160819,1384995846859232,29.0,53.3671875,-1.0,0,0
2026-07-28T23:38:47.631,10.42.0.1,10.42.0.47,88,1,DOWNLOAD,0.95,DOWNLOAD,0.95,-1,16946,0.2618166736910752,38,303808.0,79542.0,27,11,0.7925081518194861,0.2074918481805139,0.008576730722473096,0,0,0,0,1,0,0,0,0.28500000000000003,0.7500000000000001,0.0,0.0,0.15,skip,training_upload_trigger_not_confirmed,1785296327.631993,1785296327631993098,1384995848691684,29.0,53.3671875,-1.0,0,0
2026-07-28T23:38:47.633,10.42.0.59,10.42.0.47,36,1,DOWNLOAD,0.95,DOWNLOAD,0.95,-1,7300,1.3698630135109776e-10,1,7300.0,0.0,1,0,1.0,0.0,0.7194732501171826,0,0,0,0,0,0,0,0,0.0225,0.0,0.0,0.0,0.15,skip,training_upload_trigger_not_confirmed,1785296327.633397,1785296327633396961,1384995850095235,29.0,53.3671875,-1.0,0,0
2026-07-28T23:38:47.634,10.42.0.59,10.42.0.47,36,1,DOWNLOAD,0.95,DOWNLOAD,0.95,-1,5840,7.610350075524325e-11,2,13140.0,0.0,2,0,1.0,0.0,0.6247898664305557,0,0,0,0,0,0,0,0,0.0225,0.0,0.0,0.0,0.15,skip,training_upload_trigger_not_confirmed,1785296327.6343443,1785296327634344550,1384995851042862,29.0,53.3671875,-1.0,0,0
2026-07-28T23:38:47.635,10.42.0.1,10.42.0.47,88,1,DOWNLOAD,0.95,DOWNLOAD,0.95,-1,5792,0.2569186046535629,39,309600.0,79542.0,28,11,0.7955964660715111,0.20440353392848884,0.007873814337483789,0,0,0,0,1,0,0,0,0.28500000000000003,0.7500000000000001,0.0,0.0,0.15,skip,training_upload_trigger_not_confirmed,1785296327.6352355,1785296327635235473,1384995851933825,29.0,53.3671875,-1.0,0,0
2026-07-28T23:38:47.636,10.42.0.1,10.42.0.47,88,1,DOWNLOAD,0.95,DOWNLOAD,0.95,-1,8258,0.25024381956958686,40,317858.0,79542.0,29,11,0.7998439859084047,0.20015601409159536,0.007009199872093983,0,0,0,0,1,0,0,0,0.28500000000000003,0.7500000000000001,0.0,0.0,0.15,skip,training_upload_trigger_not_confirmed,1785296327.636548,1785296327636548207,1384995853246761,29.0,53.3671875,-1.0,0,0
2026-07-28T23:38:47.637,10.42.0.18,10.42.0.47,62,1,DOWNLOAD,0.95,DOWNLOAD,0.95,-1,7300,1.3698630135109776e-10,1,7300.0,0.0,1,0,1.0,0.0,0.7110422718342739,0,0,0,0,0,0,0,0,0.0225,0.0,0.0,0.0,0.15,skip,already_attacked_this_round,1785296327.6378477,1785296327637847590,1384995854545832,29.0,53.3671875,-1.0,0,0
2026-07-28T23:38:47.638,10.42.0.18,10.42.0.47,62,1,DOWNLOAD,0.95,DOWNLOAD,0.95,-1,5840,7.610350075524325e-11,2,13140.0,0.0,2,0,1.0,0.0,0.6174719493860232,0,0,0,0,0,0,0,0,0.0225,0.0,0.0,0.0,0.15,skip,already_attacked_this_round,1785296327.6388106,1785296327638810539,1384995855508808,29.0,53.3671875,-1.0,0,0
2026-07-28T23:38:47.640,10.42.0.47,10.42.0.47,88,1,DOWNLOAD,0.9629694779837796,DOWNLOAD,0.9629694779837796,-1,2896,27.4706491621303,15,2896.0,79555.0,1,14,0.03512389176601861,0.9648761082339814,0.5312471027491917,0,0,0,0,0,0,0,0,0.057499999999999996,0.1,0.0,0.0,0.15,skip,training_upload_trigger_not_confirmed,1785296327.6403692,1785296327640369199,1384995857068523,29.0,53.3671875,-1.0,0,0
2026-07-28T23:38:47.645,10.42.0.47,10.42.0.47,88,1,DOWNLOAD,0.95,DOWNLOAD,0.95,-1,5792,9.15688305615137,16,8688.0,79555.0,2,14,0.09845540156159695,0.9015445984384031,0.4619506051123789,0,0,0,0,0,0,0,0,0.057499999999999996,0.1,0.0,0.0,0.15,skip,training_upload_trigger_not_confirmed,1785296327.6457443,1785296327645744257,1384995862443107,29.0,53.3671875,-1.0,0,0
2026-07-28T23:38:47.646,10.42.0.47,10.42.0.47,88,1,DOWNLOAD,0.95,DOWNLOAD,0.95,-1,5792,5.4941298339437745,17,14480.0,79555.0,3,14,0.15398521826979317,0.8460147817302068,0.4012168031359441,0,0,0,0,0,0,0,0,0.057499999999999996,0.1,0.0,0.0,0.15,skip,training_upload_trigger_not_confirmed,1785296327.646803,1785296327646802867,1384995863501340,29.0,53.3671875,-1.0,0,0
2026-07-28T23:38:47.649,10.42.0.18,10.42.0.47,62,1,DOWNLOAD,0.95,DOWNLOAD,0.95,-1,11680,4.029008863657171e-11,3,24820.0,0.0,3,0,1.0,0.0,0.5374548576142766,0,0,0,0,0,0,0,0,0.0225,0.0,0.0,0.0,0.15,skip,already_attacked_this_round,1785296327.649055,1785296327649055035,1384995865753904,29.0,53.3671875,-1.0,0,0
2026-07-28T23:38:47.650,10.42.0.18,10.42.0.47,62,1,DOWNLOAD,0.95,DOWNLOAD,0.95,-1,5840,3.2615786039379785e-11,4,30660.0,0.0,4,0,1.0,0.0,0.46676637040621693,0,0,0,0,0,0,0,0,0.0225,0.0,0.0,0.0,0.15,skip,already_attacked_this_round,1785296327.6500745,1785296327650074344,1384995866772590,29.0,53.3671875,-1.0,0,0
2026-07-28T23:38:47.651,10.42.0.18,10.42.0.47,62,1,DOWNLOAD,0.95,DOWNLOAD,0.95,-1,11680,2.361832782183235e-11,5,42340.0,0.0,5,0,1.0,0.0,0.40538213910564946,0,0,0,0,0,0,0,0,0.0225,0.0,0.0,0.0,0.15,skip,already_attacked_this_round,1785296327.651013,1785296327651012991,1384995867711126,29.0,53.3671875,-1.0,0,0
2026-07-28T23:38:47.652,10.42.0.210,10.42.0.47,87,1,DOWNLOAD,0.9831827216091025,DOWNLOAD,0.9831827216091025,-1,10136,9.865824781978509e-11,1,10136.0,0.0,1,0,1.0,0.0,0.25055189105564074,0,0,0,0,0,0,0,0,0.0225,0.0,0.0,0.0,0.15,skip,training_upload_trigger_not_confirmed,1785296327.652396,1785296327652395984,1384995869094206,29.0,53.3671875,-1.0,0,0
2026-07-28T23:38:47.653,10.42.0.210,10.42.0.47,87,1,DOWNLOAD,0.95,DOWNLOAD,0.95,-1,14480,4.062398439873968e-11,2,24616.0,0.0,2,0,1.0,0.0,0.21772622140395279,0,0,0,0,0,0,0,0,0.0225,0.0,0.0,0.0,0.15,skip,training_upload_trigger_not_confirmed,1785296327.653843,1785296327653842840,1384995870541142,29.0,53.3671875,-1.0,0,0
2026-07-28T23:38:47.654,10.42.0.210,10.42.0.47,87,1,DOWNLOAD,0.9557926560077417,DOWNLOAD,0.9557926560077417,-1,4344,3.453038673913914e-11,3,28960.0,0.0,3,0,1.0,0.0,0.18916301921265766,0,0,0,0,0,0,0,0,0.0225,0.0,0.0,0.0,0.15,skip,training_upload_trigger_not_confirmed,1785296327.654811,1785296327654810931,1384995871509188,29.0,53.3671875,-1.0,0,0
2026-07-28T23:38:47.656,10.42.0.59,10.42.0.47,36,1,DOWNLOAD,0.95,DOWNLOAD,0.95,-1,14600,3.604902667498021e-11,3,27740.0,0.0,3,0,1.0,0.0,0.5453423243148072,0,0,0,0,0,0,0,0,0.0225,0.0,0.0,0.0,0.15,skip,training_upload_trigger_not_confirmed,1785296327.6562288,1785296327656228770,1384995872927109,29.0,53.3671875,-1.0,0,0
2026-07-28T23:38:47.657,10.42.0.59,10.42.0.47,36,1,DOWNLOAD,0.95,DOWNLOAD,0.95,-1,14600,2.361832782183235e-11,4,42340.0,0.0,4,0,1.0,0.0,0.4736191515769654,0,0,0,0,0,0,0,0,0.0225,0.0,0.0,0.0,0.15,skip,training_upload_trigger_not_confirmed,1785296327.6572838,1785296327657283922,1384995873982232,29.0,53.3671875,-1.0,0,0
2026-07-28T23:38:47.658,10.42.0.145,10.42.0.47,39,2,TRAINING,0.95,TRAINING,0.95,-1,14600,6.84931506802402e-11,1,14600.0,0.0,1,0,1.0,0.0,0.5611140495751883,0,0,0,0,0,0,0,0,0.0225,0.0,0.0,0.0,0.15,skip,already_attacked_this_round,1785296327.6588864,1785296327658886487,1384995875585270,29.0,53.3671875,-1.0,0,0
2026-07-28T23:38:47.659,10.42.0.47,10.42.0.47,88,1,DOWNLOAD,0.95,DOWNLOAD,0.95,-1,1448,4.994663485434789,18,15928.0,79555.0,4,14,0.16681503513714482,0.8331849648628552,0.35008239364057325,0,0,0,0,0,0,0,0,0.057499999999999996,0.1,0.0,0.0,0.15,skip,training_upload_trigger_not_confirmed,1785296327.6599748,1785296327659974889,1384995876673239,29.0,53.3671875,-1.0,0,0
2026-07-28T23:38:47.663,10.42.0.18,10.42.0.47,62,1,DOWNLOAD,0.9547398188017097,DOWNLOAD,0.9547398188017097,-1,14600,1.756234632916118e-11,6,56940.0,0.0,6,0,1.0,0.0,0.35363924571293437,0,0,0,0,0,0,0,0,0.0225,0.0,0.0,0.0,0.15,skip,already_attacked_this_round,1785296327.6637325,1785296327663732585,1384995880430948,29.0,53.3671875,-1.0,0,0
2026-07-28T23:38:47.665,10.42.0.59,10.42.0.47,36,1,DOWNLOAD,0.95456272290521,DOWNLOAD,0.95456272290521,-1,26280,1.4573010783815608e-11,5,68620.0,0.0,5,0,1.0,0.0,0.4122510171024113,0,0,0,0,0,0,0,0,0.0225,0.0,0.0,0.0,0.15,skip,training_upload_trigger_not_confirmed,1785296327.6651971,1785296327665197151,1384995881895360,29.0,53.3671875,-1.0,0,0
2026-07-28T23:38:47.666,10.42.0.59,10.42.0.47,36,1,DOWNLOAD,0.9661121960449881,DOWNLOAD,0.9661121960449881,-1,10577,1.2626740911743795e-11,6,79197.0,0.0,6,0,1.0,0.0,0.35815014235840587,0,0,0,0,0,0,0,0,0.0225,0.0,0.0,0.0,0.15,skip,training_upload_trigger_not_confirmed,1785296327.6668916,1785296327666891596,1384995883590129,29.0,53.3671875,-1.0,0,0
2026-07-28T23:38:47.668,10.42.0.210,10.42.0.47,87,1,DOWNLOAD,0.9846998846180315,DOWNLOAD,0.9846998846180315,-1,14480,2.3020257826357728e-11,4,43440.0,0.0,4,0,1.0,0.0,0.1660825054009233,0,0,0,0,0,0,0,0,0.0225,0.0,0.0,0.0,0.15,skip,training_upload_trigger_not_confirmed,1785296327.6688223,1785296327668822347,1384995885521066,29.0,53.3671875,-1.0,0,0
2026-07-28T23:38:47.670,10.42.0.210,10.42.0.47,87,1,DOWNLOAD,0.9854895428954357,DOWNLOAD,0.9854895428954357,-1,20272,1.569563033626796e-11,5,63712.0,0.0,5,0,1.0,0.0,0.14444941668909966,0,0,0,0,0,0,0,0,0.0225,0.0,0.0,0.0,0.15,skip,training_upload_trigger_not_confirmed,1785296327.6707373,1785296327670737205,1384995887436023,29.0,53.3671875,-1.0,0,0
2026-07-28T23:38:47.672,10.42.0.145,10.42.0.47,39,2,TRAINING,0.95,TRAINING,0.95,-1,29200,2.2831050227789245e-11,2,43800.0,0.0,2,0,1.0,0.0,0.4889285242859166,0,0,0,0,0,0,0,0,0.0225,0.0,0.0,0.0,0.15,skip,already_attacked_this_round,1785296327.6722045,1785296327672204553,1384995888902903,29.0,53.3671875,-1.0,0,0
2026-07-28T23:38:47.674,10.42.0.210,10.42.0.47,87,1,DOWNLOAD,0.9855083405864443,DOWNLOAD,0.9855083405864443,-1,992,1.5454995054162724e-11,6,64704.0,0.0,6,0,1.0,0.0,0.12585781511632985,0,0,0,0,0,0,0,0,0.0225,0.0,0.0,0.0,0.15,skip,training_upload_trigger_not_confirmed,1785296327.6741002,1785296327674100286,1384995890798533,29.0,53.3671875,-1.0,0,0
2026-07-28T23:38:47.681,10.42.0.47,10.42.0.47,88,1,DOWNLOAD,0.95,DOWNLOAD,0.95,-1,4344,3.9243784528944166,19,20272.0,79555.0,5,14,0.2030713133721338,0.7969286866278662,0.3067678976850605,0,0,0,0,0,0,0,0,0.057499999999999996,0.1,0.0,0.0,0.15,skip,training_upload_trigger_not_confirmed,1785296327.6813555,1785296327681355517,1384995898054129,29.0,53.3671875,-1.0,0,0
2026-07-28T23:38:47.682,10.42.0.47,10.42.0.47,88,1,DOWNLOAD,0.95,DOWNLOAD,0.95,-1,7240,2.891647281117634,20,27512.0,79555.0,6,14,0.25696059476776223,0.7430394052322378,0.26648553943851794,0,0,0,0,0,0,0,0,0.057499999999999996,0.1,0.0,0.0,0.15,skip,training_upload_trigger_not_confirmed,1785296327.6824317,1785296327682431748,1384995899129987,29.0,53.3671875,-1.0,0,0
2026-07-28T23:38:47.683,10.42.0.47,10.42.0.47,88,1,DOWNLOAD,0.95,DOWNLOAD,0.95,-1,8688,2.197651933668573,21,36200.0,79555.0,7,14,0.312729471729083,0.6872705282709171,0.2315026963265,0,0,0,0,0,0,0,0,0.057499999999999996,0.1,0.0,0.0,0.15,skip,training_upload_trigger_not_confirmed,1785296327.683442,1785296327683442048,1384995900140658,29.0,53.3671875,-1.0,0,0
2026-07-28T23:38:47.688,10.42.0.47,10.42.0.47,88,1,DOWNLOAD,0.95,DOWNLOAD,0.95,-1,2453,2.0581843582371824,22,38653.0,79555.0,8,14,0.32699140498105034,0.6730085950189496,0.20169009240172853,0,0,0,0,0,0,0,0,0.057499999999999996,0.1,0.0,0.0,0.15,skip,training_upload_trigger_not_confirmed,1785296327.6887052,1785296327688705344,1384995905403944,29.0,53.3671875,-1.0,0,0
2026-07-28T23:38:47.825,10.42.0.1,10.42.0.47,88,1,DOWNLOAD,0.9038106631717927,DOWNLOAD,0.9038106631717927,0,39,0.25024381956958686,40,317858.0,79542.0,29,11,0.7998439859084047,0.20015601409159536,0.006336214950608993,0,0,0,0,0,0,0,0,0.0225,0.0,0.0,0.0,0.15,skip,training_upload_trigger_not_confirmed,1785296327.8250544,1785296327825054468,1384996041752748,29.0,53.3671875,-1.0,0,0
2026-07-28T23:38:47.968,10.42.0.59,10.42.0.47,36,3,UPLOAD,0.95,UPLOAD,0.95,1,64240,0.8111418361830481,7,79197.0,64240.0,6,1,0.5521378723760257,0.4478621276239743,0.7955833237922851,0,0,0,1,1,1,1,1,0.85,1.0,1.0,0.4,0.8,trigger,training_upload_trigger_confirmed,1785296327.968123,1785296327968122894,1384996184821800,53.2,53.3671875,7.904433,1785296327976028984,1384996192726233
2026-07-28T23:38:47.970,10.42.0.1,10.42.0.1,88,3,UPLOAD,0.95,UPLOAD,0.95,1,7240,0.2730212862370208,41,317858.0,86782.0,29,12,0.7855328192961645,0.2144671807038355,0.005660581640613893,1,0,0,0,1,0,0,0,0.85,1.0,1.0,0.4,0.8,trigger,training_upload_trigger_confirmed,1785296327.9709911,1785296327970991041,1384996187690134,53.2,53.3671875,14.748969,1785296327985741768,1384996202439103
2026-07-28T23:38:47.972,10.42.0.1,10.42.0.1,88,3,UPLOAD,0.95,UPLOAD,0.95,1,5792,0.291243259570968,42,317858.0,92574.0,29,13,0.7744474115078747,0.22555258849212537,0.005058082305443831,1,0,1,0,1,0,0,0,0.85,1.0,1.0,0.4,0.8,skip,attack_already_active,1785296327.9720795,1785296327972079549,1384996188777874,53.2,53.3671875,-1.0,0,0
2026-07-28T23:38:47.973,10.42.0.1,10.42.0.1,88,3,UPLOAD,0.95,UPLOAD,0.95,1,2896,0.3003542462379416,43,317858.0,95470.0,29,14,0.7690212131769443,0.23097878682305578,0.004596146836805728,1,0,1,0,1,0,0,0,0.85,1.0,1.0,0.4,0.8,skip,attack_already_active,1785296327.973632,1785296327973631893,1384996190330516,53.2,53.3671875,-1.0,0,0
2026-07-28T23:38:47.975,10.42.0.1,10.42.0.1,88,3,UPLOAD,0.95,UPLOAD,0.95,1,11584,0.3367981929058359,44,317858.0,107054.0,29,15,0.7480560680799789,0.25194393192002107,0.0042769252087561166,1,0,1,0,1,0,0,0,0.85,1.0,1.0,0.4,0.8,skip,attack_already_active,1785296327.9758058,1785296327975805816,1384996192505010,53.2,53.3671875,-1.0,0,0
2026-07-28T23:38:47.976,10.42.0.1,10.42.0.1,88,3,UPLOAD,0.95,UPLOAD,0.95,1,2896,0.3459091795728095,45,317858.0,109950.0,29,16,0.7429921834093799,0.2570078165906201,0.003863416970979991,1,0,1,0,1,0,0,0,0.85,1.0,1.0,0.4,0.8,skip,attack_already_active,1785296327.9769447,1785296327976944537,1384996193642960,53.2,53.3671875,-1.0,0,0
2026-07-28T23:38:47.977,10.42.0.1,10.42.0.1,88,3,UPLOAD,0.95,UPLOAD,0.95,1,11584,0.38235312624070383,46,317858.0,121534.0,29,17,0.723404158473527,0.27659584152647293,0.0034914545591527004,1,0,1,1,1,1,1,1,0.85,1.0,1.0,0.4,0.8,skip,attack_already_active,1785296327.9779854,1785296327977985259,1384996194683890,53.2,53.3671875,-1.0,0,0
2026-07-28T23:38:47.979,10.42.0.1,10.42.0.1,88,3,UPLOAD,0.95,UPLOAD,0.95,1,5792,0.400575099574651,47,317858.0,127326.0,29,18,0.7139924166187464,0.2860075833812536,0.003224964511006423,1,0,1,1,1,1,1,1,0.85,1.0,1.0,0.4,0.8,skip,attack_already_active,1785296327.9794545,1785296327979454501,1384996196152806,53.2,53.3671875,-1.0,0,0
2026-07-28T23:38:47.980,10.42.0.1,10.42.0.1,88,3,UPLOAD,0.95,UPLOAD,0.95,1,14480,0.44613003290951897,48,317858.0,141806.0,29,19,0.6915007483727245,0.3084992516272756,0.0029998431262322264,1,0,1,1,1,1,1,1,0.9299999999999999,1.0,1.0,0.8,0.8,skip,attack_already_active,1785296327.980971,1785296327980970963,1384996197669403,53.2,53.3671875,-1.0,0,0
2026-07-28T23:38:47.983,10.42.0.1,10.42.0.1,88,3,UPLOAD,0.95,UPLOAD,0.95,1,8688,0.4734629929104397,49,317858.0,150494.0,29,20,0.6786733055479639,0.3213266944520361,0.0029218569560899026,1,0,1,1,1,1,1,1,0.9699999999999999,1.0,1.0,1.0,0.8,skip,attack_already_active,1785296327.9833791,1785296327983379248,1384996200077967,53.2,53.3671875,-1.0,0,0
2026-07-28T23:38:47.984,10.42.0.1,10.42.0.1,88,3,UPLOAD,0.95,UPLOAD,0.95,1,5792,0.49168496624438685,50,317858.0,156286.0,29,21,0.6703828372815009,0.329617162718499,0.0026799374365623152,1,0,1,1,1,1,1,1,0.9699999999999999,1.0,1.0,1.0,0.8,skip,attack_already_active,1785296327.9844651,1785296327984465220,1384996201163711,53.2,53.3671875,-1.0,0,0
2026-07-28T23:38:47.987,10.42.0.1,10.42.0.1,88,3,UPLOAD,0.95,UPLOAD,0.95,1,2798,0.5004876391360278,51,317858.0,159084.0,29,22,0.6664500085964331,0.3335499914035669,0.002788344326810785,1,0,1,1,1,1,1,1,0.9699999999999999,1.0,1.0,1.0,0.8,skip,attack_already_active,1785296327.9879677,1785296327987967772,1384996204666807,53.2,53.3671875,-1.0,0,0
2026-07-28T23:38:47.990,10.42.0.145,10.42.0.1,39,3,UPLOAD,0.95,UPLOAD,0.95,1,61320,1.3999999999908677,3,43800.0,61320.0,2,1,0.4166666666666667,0.5833333333333334,0.9164770656959875,0,0,0,1,1,1,1,1,0.85,1.0,1.0,0.4,0.8,skip,already_attacked_this_round,1785296327.990051,1785296327990051189,1384996206749663,53.2,53.3671875,-1.0,0,0
2026-07-28T23:38:47.992,10.42.0.1,10.42.0.1,88,3,UPLOAD,0.95,UPLOAD,0.95,1,11584,0.5369315858039221,52,317858.0,170668.0,29,23,0.6506470484682494,0.3493529515317506,0.002957647990177052,1,0,1,1,1,1,1,1,0.9699999999999999,1.0,1.0,1.0,0.8,skip,attack_already_active,1785296327.9920409,1785296327992041068,1384996208739474,53.2,53.3671875,-1.0,0,0
2026-07-28T23:38:47.993,10.42.0.1,10.42.0.1,88,3,UPLOAD,0.95,UPLOAD,0.95,1,14480,0.58248651913879,53,317858.0,185148.0,29,24,0.63191691550399,0.36808308449601,0.0027278518962883386,1,0,1,1,1,1,1,1,0.9699999999999999,1.0,1.0,1.0,0.8,skip,attack_already_active,1785296327.9932547,1785296327993254640,1384996209953688,53.2,53.3671875,-1.0,0,0
2026-07-28T23:38:47.994,10.42.0.1,10.42.0.1,88,3,UPLOAD,0.95,UPLOAD,0.95,1,5792,0.6007084924727372,54,317858.0,190940.0,29,25,0.6247233676233004,0.3752766323766996,0.0025771284095419075,1,0,1,1,1,1,1,1,0.9699999999999999,1.0,1.0,1.0,0.8,skip,attack_already_active,1785296327.9948387,1785296327994838687,1384996211537391,53.2,53.3671875,-1.0,0,0
2026-07-28T23:38:47.996,10.42.0.1,10.42.0.1,88,3,UPLOAD,0.95,UPLOAD,0.95,1,14480,0.6462634258076051,55,317858.0,205420.0,29,26,0.6074362002606645,0.3925637997393355,0.0024396373415755475,1,0,1,1,1,1,1,1,0.9699999999999999,1.0,1.0,1.0,0.8,skip,attack_already_active,1785296327.9963725,1785296327996372570,1384996213071235,53.2,53.3671875,-1.0,0,0
2026-07-28T23:38:47.997,10.42.0.1,10.42.0.1,88,3,UPLOAD,0.95,UPLOAD,0.95,1,8688,0.6735963858085259,56,317858.0,214108.0,29,27,0.5975156306982026,0.4024843693017975,0.0023101162394933974,1,0,1,1,1,1,1,1,0.9699999999999999,1.0,1.0,1.0,0.8,skip,attack_already_active,1785296327.9978292,1785296327997829047,1384996214527782,53.2,53.3671875,-1.0,0,0
2026-07-28T23:38:47.999,10.42.0.1,10.42.0.1,88,3,UPLOAD,0.95,UPLOAD,0.95,1,8591,0.7006241780930459,57,317858.0,222699.0,29,28,0.588019394809428,0.41198060519057195,0.0021822681458459076,1,0,1,1,1,1,1,1,0.9699999999999999,1.0,1.0,1.0,0.8,skip,attack_already_active,1785296327.999169,1785296327999168960,1384996215867231,53.2,53.3671875,-1.0,0,0
2026-07-28T23:38:48.095,10.42.0.18,10.42.0.1,62,3,UPLOAD,0.95,UPLOAD,0.95,1,49640,0.8717948717971233,7,56940.0,49640.0,6,1,0.5342465753424658,0.4657534246575342,0.7961958980525077,0,0,0,1,1,1,1,1,0.9699999999999999,1.0,1.0,1.0,0.8,skip,already_attacked_this_round,1785296328.0958438,1785296328095843920,1384996312542820,53.2,53.3671875,-1.0,0,0
2026-07-28T23:38:48.098,10.42.0.18,10.42.0.1,62,3,UPLOAD,0.9841010226033655,UPLOAD,0.9841010226033655,1,2920,0.923076923078274,8,56940.0,52560.0,6,2,0.52,0.48,0.6915685638329817,0,0,0,1,1,1,1,1,0.9699999999999999,1.0,1.0,1.0,0.8,skip,already_attacked_this_round,1785296328.0980518,1785296328098051778,1384996314750128,53.2,53.3671875,-1.0,0,0
2026-07-28T23:38:48.099,10.42.0.18,10.42.0.1,62,3,UPLOAD,0.9854688349332961,UPLOAD,0.9854688349332961,1,26995,1.39717246223398,9,56940.0,79555.0,6,3,0.4171581376607202,0.5828418623392798,0.6006424513537271,0,0,0,1,1,1,1,1,0.9699999999999999,1.0,1.0,1.0,0.8,skip,already_attacked_this_round,1785296328.0996072,1785296328099607348,1384996316305581,53.2,53.3671875,-1.0,0,0
2026-07-28T23:38:48.101,10.42.0.1,10.42.0.1,88,3,UPLOAD,0.95,UPLOAD,0.95,1,7240,0.7234016447604799,58,317858.0,229939.0,29,29,0.5802477925216823,0.4197522074783177,0.0024984506642781773,1,0,1,1,1,1,1,1,0.9699999999999999,1.0,1.0,1.0,0.8,skip,attack_already_active,1785296328.1015623,1785296328101562421,1384996318261203,53.2,53.3671875,-1.0,0,0
2026-07-28T23:38:48.102,10.42.0.1,10.42.0.1,88,3,UPLOAD,0.95,UPLOAD,0.95,1,5792,0.741623618094427,59,317858.0,235731.0,29,30,0.5741768712889888,0.42582312871101125,0.0023096233805169216,1,0,1,1,1,1,1,1,0.9699999999999999,1.0,1.0,1.0,0.8,skip,attack_already_active,1785296328.1026278,1785296328102627760,1384996319326255,53.2,53.3671875,-1.0,0,0
2026-07-28T23:38:48.105,10.42.0.1,10.42.0.1,88,3,UPLOAD,0.95,UPLOAD,0.95,1,2896,0.7507346047614006,60,317858.0,238627.0,29,31,0.5711888011356999,0.4288111988643,0.0023227162206393703,1,0,1,1,1,1,1,1,0.9699999999999999,1.0,1.0,1.0,0.8,skip,attack_already_active,1785296328.1050367,1785296328105036749,1384996321735267,53.2,53.3671875,-1.0,0,0
2026-07-28T23:38:48.106,10.42.0.1,10.42.0.1,88,3,UPLOAD,0.95,UPLOAD,0.95,1,11584,0.7871785514292949,61,317858.0,250211.0,29,32,0.5595411824971966,0.44045881750280336,0.002155255453384518,1,0,1,1,1,1,1,1,0.9699999999999999,1.0,1.0,1.0,0.8,skip,attack_already_active,1785296328.1060886,1785296328106088578,1384996322787104,53.2,53.3671875,-1.0,0,0
2026-07-28T23:38:48.107,10.42.0.1,10.42.0.1,88,3,UPLOAD,0.95,UPLOAD,0.95,1,2896,0.7962895380962685,62,317858.0,253107.0,29,33,0.5567031254104893,0.4432968745895107,0.0020016931945587824,1,0,1,1,1,1,1,1,0.9699999999999999,1.0,1.0,1.0,0.8,skip,attack_already_active,1785296328.1070786,1785296328107078563,1384996323776940,53.2,53.3671875,-1.0,0,0
2026-07-28T23:38:48.108,10.42.0.1,10.42.0.1,88,3,UPLOAD,0.95,UPLOAD,0.95,1,11584,0.8327334847641629,63,317858.0,264691.0,29,34,0.5456330712094605,0.4543669287905395,0.0018711626766789364,1,0,1,1,1,1,1,1,0.9699999999999999,1.0,1.0,1.0,0.8,skip,attack_already_active,1785296328.1080897,1785296328108089515,1384996324787899,53.2,53.3671875,-1.0,0,0
2026-07-28T23:38:48.109,10.42.0.1,10.42.0.1,88,3,UPLOAD,0.95,UPLOAD,0.95,1,5792,0.85095545809811,64,317858.0,270483.0,29,35,0.5402615150057535,0.4597384849942465,0.001814007205572308,1,0,1,1,1,1,1,1,0.9699999999999999,1.0,1.0,1.0,0.8,skip,attack_already_active,1785296328.109527,1785296328109527034,1384996326225658,53.2,53.3671875,-1.0,0,0
2026-07-28T23:38:48.111,10.42.0.1,10.42.0.1,88,3,UPLOAD,0.95,UPLOAD,0.95,1,14480,0.896510391432978,65,317858.0,284963.0,29,36,0.5272842186984196,0.47271578130158043,0.0018291033784260662,1,0,1,1,1,1,1,1,0.9699999999999999,1.0,1.0,1.0,0.8,skip,attack_already_active,1785296328.1114557,1785296328111455837,1384996328154374,53.2,53.3671875,-1.0,0,0
2026-07-28T23:38:48.112,10.42.0.1,10.42.0.1,88,3,UPLOAD,0.95,UPLOAD,0.95,1,8688,0.9238433514338986,66,317858.0,293651.0,29,37,0.5197928403343205,0.4802071596656795,0.0017224468212232217,1,0,1,1,1,1,1,1,0.9699999999999999,1.0,1.0,1.0,0.8,skip,attack_already_active,1785296328.1124754,1785296328112475348,1384996329173734,53.2,53.3671875,-1.0,0,0
2026-07-28T23:38:48.113,10.42.0.1,10.42.0.1,88,3,UPLOAD,0.95,UPLOAD,0.95,1,5792,0.9420653247678458,67,317858.0,299443.0,29,38,0.5149157380273157,0.48508426197268434,0.0016835059337787115,1,0,1,1,1,1,1,1,0.9699999999999999,1.0,1.0,1.0,0.8,skip,attack_already_active,1785296328.1139023,1785296328113902342,1384996330600777,53.2,53.3671875,-1.0,0,0
2026-07-28T23:38:48.115,10.42.0.1,10.42.0.1,88,3,UPLOAD,0.95,UPLOAD,0.95,1,2798,0.9508679976594867,68,317858.0,302241.0,29,39,0.5125923441256961,0.48740765587430396,0.001706028005618403,1,0,1,1,1,1,1,1,0.9699999999999999,1.0,1.0,1.0,0.8,skip,attack_already_active,1785296328.1157568,1785296328115756859,1384996332455384,53.2,53.3671875,-1.0,0,0
2026-07-28T23:38:48.508,10.42.0.145,10.42.0.1,39,3,UPLOAD,0.9841010226033655,UPLOAD,0.9841010226033655,0,39,1.3999999999908677,3,43800.0,61320.0,2,1,0.4166666666666667,0.5833333333333334,0.8014079183719901,0,0,0,0,0,0,0,0,0.45499999999999996,0.1,1.0,0.0,0.8,skip,already_attacked_this_round,1785296328.508418,1785296328508417974,1384996725116679,39.6,53.3671875,-1.0,0,0
2026-07-28T23:38:48.575,10.42.0.18,10.42.0.1,62,3,UPLOAD,0.9855076450773014,UPLOAD,0.9855076450773014,0,39,1.39717246223398,9,56940.0,79555.0,6,3,0.4171581376607202,0.5828418623392798,0.5272641885922981,0,0,0,0,0,0,0,0,0.45499999999999996,0.1,1.0,0.0,0.8,skip,already_attacked_this_round,1785296328.5752435,1785296328575243493,1384996791942441,39.6,53.3671875,-1.0,0,0
2026-07-28T23:38:49.081,10.42.0.210,10.42.0.1,87,2,TRAINING,0.9293977297375461,TRAINING,0.9293977297375461,0,43,1.0,0,0.0,0.0,0,0,0.0,0.0,0.5491297752423151,0,0,0,0,0,0,0,0,0.039999999999999994,0.05,0.0,0.0,0.15,skip,training_upload_trigger_not_confirmed,1785296329.0812986,1785296329081298676,1384997297997320,7.1,53.3671875,-1.0,0,0
2026-07-28T23:38:49.184,10.42.0.59,10.42.0.1,36,3,UPLOAD,0.9841010226033655,UPLOAD,0.9841010226033655,0,39,1.0,0,0.0,0.0,0,0,0.0,0.0,0.6966893759292813,0,0,1,0,0,0,0,0,0.4375,0.05,1.0,0.0,0.8,skip,attack_already_active,1785296329.1845865,1785296329184586617,1384997401285665,7.1,53.3671875,-1.0,0,0
2026-07-28T23:38:49.598,10.42.0.210,10.42.0.1,87,3,UPLOAD,0.95,UPLOAD,0.95,1,1448,100.0,1,0.0,1448.0,0,1,0.0,1.0,0.5449387707617558,0,0,0,1,1,1,1,1,0.9525,0.95,1.0,1.0,0.8,trigger,training_upload_trigger_confirmed,1785296329.598624,1785296329598624105,1384997815322787,7.6,53.3671875,6.474429,1785296329605099697,1384997821797216
2026-07-28T23:38:49.599,10.42.0.210,10.42.0.1,87,3,UPLOAD,0.9841010226033655,UPLOAD,0.9841010226033655,1,1448,100.0,2,0.0,2896.0,0,2,0.0,1.0,0.473258910989769,0,0,1,1,1,1,1,1,0.9699999999999999,1.0,1.0,1.0,0.8,skip,attack_already_active,1785296329.5996041,1785296329599604283,1384997816302515,7.6,53.3671875,-1.0,0,0
2026-07-28T23:38:49.600,10.42.0.210,10.42.0.1,87,3,UPLOAD,0.9854688349332961,UPLOAD,0.9854688349332961,1,1448,100.0,3,0.0,4344.0,0,3,0.0,1.0,0.4110154527573738,0,0,1,1,1,1,1,1,0.9699999999999999,1.0,1.0,1.0,0.8,skip,attack_already_active,1785296329.6005147,1785296329600514638,1384997817213116,7.6,53.3671875,-1.0,0,0
2026-07-28T23:38:49.601,10.42.0.210,10.42.0.1,87,3,UPLOAD,0.9855076450773014,UPLOAD,0.9855076450773014,1,1448,100.0,4,0.0,5792.0,0,4,0.0,1.0,0.3569718625278599,0,0,1,1,1,1,1,1,0.9699999999999999,1.0,1.0,1.0,0.8,skip,attack_already_active,1785296329.6014082,1785296329601408184,1384997818106259,7.6,53.3671875,-1.0,0,0
2026-07-28T23:38:49.602,10.42.0.210,10.42.0.1,87,3,UPLOAD,0.9855086980780915,UPLOAD,0.9855086980780915,1,1448,100.0,5,0.0,7240.0,0,5,0.0,1.0,0.31004550207975157,0,0,1,1,1,1,1,1,0.9699999999999999,1.0,1.0,1.0,0.8,skip,attack_already_active,1785296329.602269,1785296329602269042,1384997818967204,7.6,53.3671875,-1.0,0,0
2026-07-28T23:38:49.603,10.42.0.210,10.42.0.1,87,3,UPLOAD,0.9855087254685951,UPLOAD,0.9855087254685951,1,1448,100.0,6,0.0,8688.0,0,6,0.0,1.0,0.2693373656641167,0,0,1,1,1,1,1,1,0.9699999999999999,1.0,1.0,1.0,0.8,skip,attack_already_active,1785296329.6033916,1785296329603391642,1384997820090049,7.6,53.3671875,-1.0,0,0
2026-07-28T23:38:49.604,10.42.0.210,10.42.0.1,87,3,UPLOAD,0.9855087261493067,UPLOAD,0.9855087261493067,1,1448,100.0,7,0.0,10136.0,0,7,0.0,1.0,0.23399179433849585,0,0,1,1,1,1,1,1,0.9699999999999999,1.0,1.0,1.0,0.8,skip,attack_already_active,1785296329.6045012,1785296329604501205,1384997821199559,7.6,53.3671875,-1.0,0,0
2026-07-28T23:38:49.605,10.42.0.210,10.42.0.1,87,3,UPLOAD,0.9855087261653082,UPLOAD,0.9855087261653082,1,1448,100.0,8,0.0,11584.0,0,8,0.0,1.0,0.20329620103278925,0,0,1,1,1,1,1,1,0.9699999999999999,1.0,1.0,1.0,0.8,skip,attack_already_active,1785296329.6055527,1785296329605552661,1384997822250749,7.6,53.3671875,-1.0,0,0
2026-07-28T23:38:49.606,10.42.0.210,10.42.0.1,87,3,UPLOAD,0.985508726165656,UPLOAD,0.985508726165656,1,1448,100.0,9,0.0,13032.0,0,9,0.0,1.0,0.17664251856830873,0,0,1,1,1,1,1,1,0.9699999999999999,1.0,1.0,1.0,0.8,skip,attack_already_active,1785296329.6065814,1785296329606581488,1384997823279785,7.6,53.3671875,-1.0,0,0
2026-07-28T23:38:49.607,10.42.0.210,10.42.0.1,87,3,UPLOAD,0.95,UPLOAD,0.95,1,1448,100.0,10,0.0,14480.0,0,10,0.0,1.0,0.15348587347323697,0,0,1,1,1,1,1,1,0.9699999999999999,1.0,1.0,1.0,0.8,skip,attack_already_active,1785296329.6074946,1785296329607494687,1384997824192876,7.6,53.3671875,-1.0,0,0
2026-07-28T23:38:49.608,10.42.0.210,10.42.0.1,87,3,UPLOAD,0.95,UPLOAD,0.95,1,1448,100.0,11,0.0,15928.0,0,11,0.0,1.0,0.13337750981882815,0,0,1,1,1,1,1,1,0.9699999999999999,1.0,1.0,1.0,0.8,skip,attack_already_active,1785296329.6083837,1785296329608383851,1384997825082039,7.6,53.3671875,-1.0,0,0
2026-07-28T23:38:49.609,10.42.0.210,10.42.0.1,87,3,UPLOAD,0.95,UPLOAD,0.95,1,1448,100.0,12,0.0,17376.0,0,12,0.0,1.0,0.11591910360805616,0,0,1,1,1,1,1,1,0.9699999999999999,1.0,1.0,1.0,0.8,skip,attack_already_active,1785296329.6092741,1785296329609274159,1384997825972404,7.6,53.3671875,-1.0,0,0
2026-07-28T23:38:49.610,10.42.0.210,10.42.0.1,87,3,UPLOAD,0.95,UPLOAD,0.95,1,1448,100.0,13,0.0,18824.0,0,13,0.0,1.0,0.10076218070855308,0,0,1,1,1,1,1,1,0.9699999999999999,1.0,1.0,1.0,0.8,skip,attack_already_active,1785296329.6101716,1785296329610171708,1384997826869680,7.6,53.3671875,-1.0,0,0
2026-07-28T23:38:49.611,10.42.0.210,10.42.0.1,87,3,UPLOAD,0.95,UPLOAD,0.95,1,1448,100.0,14,0.0,20272.0,0,14,0.0,1.0,0.08764920823277746,0,0,1,1,1,1,1,1,0.9699999999999999,1.0,1.0,1.0,0.8,skip,attack_already_active,1785296329.611423,1785296329611423033,1384997828121565,7.6,53.3671875,-1.0,0,0
2026-07-28T23:38:49.612,10.42.0.210,10.42.0.1,87,3,UPLOAD,0.95,UPLOAD,0.95,1,1448,100.0,15,0.0,21720.0,0,15,0.0,1.0,0.07623509815125226,0,0,1,1,1,1,1,1,0.9699999999999999,1.0,1.0,1.0,0.8,skip,attack_already_active,1785296329.6124537,1785296329612453615,1384997829151864,7.6,53.3671875,-1.0,0,0
2026-07-28T23:38:49.613,10.42.0.210,10.42.0.1,87,3,UPLOAD,0.95,UPLOAD,0.95,1,1448,100.0,16,0.0,23168.0,0,16,0.0,1.0,0.06630996455374849,0,0,1,1,1,1,1,1,0.9699999999999999,1.0,1.0,1.0,0.8,skip,attack_already_active,1785296329.6133697,1785296329613369599,1384997830067962,7.6,53.3671875,-1.0,0,0
2026-07-28T23:38:49.614,10.42.0.210,10.42.0.1,87,3,UPLOAD,0.95,UPLOAD,0.95,1,1448,100.0,17,0.0,24616.0,0,17,0.0,1.0,0.057692521658811856,0,0,1,1,1,1,1,1,0.9699999999999999,1.0,1.0,1.0,0.8,skip,attack_already_active,1785296329.6142843,1785296329614284270,1384997830982401,7.6,53.3671875,-1.0,0,0
2026-07-28T23:38:49.615,10.42.0.210,10.42.0.1,87,3,UPLOAD,0.95,UPLOAD,0.95,1,1448,100.0,18,0.0,26064.0,0,18,0.0,1.0,0.05020777873283626,0,0,1,1,1,1,1,1,0.9699999999999999,1.0,1.0,1.0,0.8,skip,attack_already_active,1785296329.6151772,1785296329615177182,1384997831875364,7.6,53.3671875,-1.0,0,0
2026-07-28T23:38:49.615,10.42.0.210,10.42.0.1,87,3,UPLOAD,0.95,UPLOAD,0.95,1,1448,100.0,19,0.0,27512.0,0,19,0.0,1.0,0.04368903813682249,0,0,1,1,1,1,1,1,0.9699999999999999,1.0,1.0,1.0,0.8,skip,attack_already_active,1785296329.615916,1785296329615916043,1384997832614179,7.6,53.3671875,-1.0,0,0
2026-07-28T23:38:49.616,10.42.0.210,10.42.0.1,87,3,UPLOAD,0.95,UPLOAD,0.95,1,1448,100.0,20,0.0,28960.0,0,20,0.0,1.0,0.03804956539565104,0,0,1,1,1,1,1,1,0.9699999999999999,1.0,1.0,1.0,0.8,skip,attack_already_active,1785296329.6168087,1785296329616808686,1384997833506835,7.6,53.3671875,-1.0,0,0
2026-07-28T23:38:49.617,10.42.0.210,10.42.0.1,87,3,UPLOAD,0.95,UPLOAD,0.95,1,1448,100.0,21,0.0,30408.0,0,21,0.0,1.0,0.03312313323180691,0,0,1,1,1,1,1,1,0.9699999999999999,1.0,1.0,1.0,0.8,skip,attack_already_active,1785296329.617473,1785296329617472786,1384997834171144,7.6,53.3671875,-1.0,0,0
2026-07-28T23:38:49.618,10.42.0.210,10.42.0.1,87,3,UPLOAD,0.95,UPLOAD,0.95,1,1448,100.0,22,0.0,31856.0,0,22,0.0,1.0,0.028875285812158532,0,0,1,1,1,1,1,1,0.9699999999999999,1.0,1.0,1.0,0.8,skip,attack_already_active,1785296329.6183603,1785296329618360384,1384997835058679,7.6,53.3671875,-1.0,0,0
2026-07-28T23:38:49.618,10.42.0.210,10.42.0.1,87,3,UPLOAD,0.95,UPLOAD,0.95,1,1448,100.0,23,0.0,33304.0,0,23,0.0,1.0,0.02515251133002734,0,0,1,1,1,1,1,1,0.9699999999999999,1.0,1.0,1.0,0.8,skip,attack_already_active,1785296329.6189845,1785296329618984320,1384997835682543,7.6,53.3671875,-1.0,0,0
2026-07-28T23:38:49.619,10.42.0.210,10.42.0.1,87,3,UPLOAD,0.95,UPLOAD,0.95,1,1448,100.0,24,0.0,34752.0,0,24,0.0,1.0,0.021960863446453708,0,0,1,1,1,1,1,1,0.9699999999999999,1.0,1.0,1.0,0.8,skip,attack_already_active,1785296329.6199164,1785296329619916490,1384997836614624,7.6,53.3671875,-1.0,0,0
2026-07-28T23:38:49.620,10.42.0.210,10.42.0.1,87,3,UPLOAD,0.95,UPLOAD,0.95,1,1448,100.0,25,0.0,36200.0,0,25,0.0,1.0,0.019147505337047663,0,0,1,1,1,1,1,1,0.9699999999999999,1.0,1.0,1.0,0.8,skip,attack_already_active,1785296329.6205275,1785296329620527731,1384997837225779,7.6,53.3671875,-1.0,0,0
2026-07-28T23:38:49.621,10.42.0.210,10.42.0.1,87,3,UPLOAD,0.95,UPLOAD,0.95,1,1448,100.0,26,0.0,37648.0,0,26,0.0,1.0,0.016760956202692027,0,0,1,1,1,1,1,1,0.9699999999999999,1.0,1.0,1.0,0.8,skip,attack_already_active,1785296329.6215641,1785296329621564202,1384997838262915,7.6,53.3671875,-1.0,0,0
2026-07-28T23:38:49.623,10.42.0.210,10.42.0.1,87,3,UPLOAD,0.95,UPLOAD,0.95,1,1448,100.0,27,0.0,39096.0,0,27,0.0,1.0,0.014771050027162225,0,0,1,1,1,1,1,1,0.9699999999999999,1.0,1.0,1.0,0.8,skip,attack_already_active,1785296329.6232243,1785296329623224214,1384997839923859,7.6,53.3671875,-1.0,0,0
2026-07-28T23:38:49.624,10.42.0.210,10.42.0.1,87,3,UPLOAD,0.95,UPLOAD,0.95,1,1448,100.0,28,0.0,40544.0,0,28,0.0,1.0,0.013012008034203007,0,0,1,1,1,1,1,1,0.9699999999999999,1.0,1.0,1.0,0.8,skip,attack_already_active,1785296329.6246464,1785296329624646385,1384997841345461,7.6,53.3671875,-1.0,0,0
2026-07-28T23:38:49.626,10.42.0.210,10.42.0.1,87,3,UPLOAD,0.95,UPLOAD,0.95,1,1448,100.0,29,0.0,41992.0,0,29,0.0,1.0,0.011495004964445958,0,0,1,1,1,1,1,1,0.9699999999999999,1.0,1.0,1.0,0.8,skip,attack_already_active,1785296329.6261463,1785296329626146357,1384997842845077,7.6,53.3671875,-1.0,0,0
2026-07-28T23:38:49.629,10.42.0.210,10.42.0.1,87,3,UPLOAD,0.95,UPLOAD,0.95,1,1448,100.0,30,0.0,43440.0,0,30,0.0,1.0,0.010381583701634181,0,0,1,1,1,1,1,1,0.9699999999999999,1.0,1.0,1.0,0.8,skip,attack_already_active,1785296329.6291919,1785296329629191912,1384997845892478,7.6,53.3671875,-1.0,0,0
2026-07-28T23:38:49.630,10.42.0.210,10.42.0.1,87,3,UPLOAD,0.95,UPLOAD,0.95,1,1448,100.0,31,0.0,44888.0,0,31,0.0,1.0,0.00925116643759548,0,0,1,1,1,1,1,1,0.9699999999999999,1.0,1.0,1.0,0.8,skip,attack_already_active,1785296329.630995,1785296329630994884,1384997847695363,7.6,53.3671875,-1.0,0,0
2026-07-28T23:38:49.632,10.42.0.210,10.42.0.1,87,3,UPLOAD,0.95,UPLOAD,0.95,1,1448,100.0,32,0.0,46336.0,0,32,0.0,1.0,0.008258053422356405,0,0,1,1,1,1,1,1,0.9699999999999999,1.0,1.0,1.0,0.8,skip,attack_already_active,1785296329.6327097,1785296329632709614,1384997849408439,7.6,53.3671875,-1.0,0,0
2026-07-28T23:38:49.634,10.42.0.210,10.42.0.1,87,3,UPLOAD,0.95,UPLOAD,0.95,1,1448,100.0,33,0.0,47784.0,0,33,0.0,1.0,0.007341580773887287,0,0,1,1,1,1,1,1,0.9699999999999999,1.0,1.0,1.0,0.8,skip,attack_already_active,1785296329.634013,1785296329634013028,1384997850711259,7.6,53.3671875,-1.0,0,0
2026-07-28T23:38:49.634,10.42.0.210,10.42.0.1,87,3,UPLOAD,0.95,UPLOAD,0.95,1,1448,100.0,34,0.0,49232.0,0,34,0.0,1.0,0.006463656272454645,0,0,1,1,1,1,1,1,0.9699999999999999,1.0,1.0,1.0,0.8,skip,attack_already_active,1785296329.6346922,1785296329634692140,1384997851390248,7.6,53.3671875,-1.0,0,0
2026-07-28T23:38:49.636,10.42.0.210,10.42.0.1,87,3,UPLOAD,0.95,UPLOAD,0.95,1,1448,100.0,35,0.0,50680.0,0,35,0.0,1.0,0.005786686850923965,0,0,1,1,1,1,1,1,0.9699999999999999,1.0,1.0,1.0,0.8,skip,attack_already_active,1785296329.6360185,1785296329636018538,1384997852716754,7.6,53.3671875,-1.0,0,0
2026-07-28T23:38:49.637,10.42.0.210,10.42.0.1,87,3,UPLOAD,0.95,UPLOAD,0.95,1,1448,100.0,36,0.0,52128.0,0,36,0.0,1.0,0.005155631425642073,0,0,1,1,1,1,1,1,0.9699999999999999,1.0,1.0,1.0,0.8,skip,attack_already_active,1785296329.6370163,1785296329637016316,1384997853714603,7.6,53.3671875,-1.0,0,0
2026-07-28T23:38:49.637,10.42.0.210,10.42.0.1,87,3,UPLOAD,0.95,UPLOAD,0.95,1,1448,100.0,37,0.0,53576.0,0,37,0.0,1.0,0.004569058073940068,0,0,1,1,1,1,1,1,0.9699999999999999,1.0,1.0,1.0,0.8,skip,attack_already_active,1785296329.6377206,1785296329637720521,1384997854418722,7.6,53.3671875,-1.0,0,0
2026-07-28T23:38:49.638,10.42.0.210,10.42.0.1,87,3,UPLOAD,0.95,UPLOAD,0.95,1,1448,100.0,38,0.0,55024.0,0,38,0.0,1.0,0.004057203880571507,0,0,1,1,1,1,1,1,0.9699999999999999,1.0,1.0,1.0,0.8,skip,attack_already_active,1785296329.6384053,1785296329638405471,1384997855103684,7.6,53.3671875,-1.0,0,0
2026-07-28T23:38:49.639,10.42.0.210,10.42.0.1,87,3,UPLOAD,0.95,UPLOAD,0.95,1,1448,100.0,39,0.0,56472.0,0,39,0.0,1.0,0.00361389861348714,0,0,1,1,1,1,1,1,0.9699999999999999,1.0,1.0,1.0,0.8,skip,attack_already_active,1785296329.6390984,1785296329639098258,1384997855796391,7.6,53.3671875,-1.0,0,0
2026-07-28T23:38:49.639,10.42.0.210,10.42.0.1,87,3,UPLOAD,0.95,UPLOAD,0.95,1,1448,100.0,40,0.0,57920.0,0,40,0.0,1.0,0.003232874012721605,0,0,1,1,1,1,1,1,0.9699999999999999,1.0,1.0,1.0,0.8,skip,attack_already_active,1785296329.6398208,1785296329639820845,1384997856519035,7.6,53.3671875,-1.0,0,0
2026-07-28T23:38:49.644,10.42.0.1,10.42.0.1,88,3,UPLOAD,0.95,UPLOAD,0.95,1,7240,100.0,1,0.0,7240.0,0,1,0.0,1.0,0.0314685120837795,1,0,1,1,1,1,1,1,0.9699999999999999,1.0,1.0,1.0,0.8,skip,attack_already_active,1785296329.6443853,1785296329644385169,1384997861083437,7.6,53.3671875,-1.0,0,0
2026-07-28T23:38:49.645,10.42.0.1,10.42.0.1,88,3,UPLOAD,0.9843914656009175,UPLOAD,0.9843914656009175,1,7240,100.0,2,0.0,14480.0,0,2,0.0,1.0,0.02742336975593135,1,0,1,1,1,1,1,1,0.9699999999999999,1.0,1.0,1.0,0.8,skip,attack_already_active,1785296329.6451564,1785296329645156431,1384997861854938,7.6,53.3671875,-1.0,0,0
2026-07-28T23:38:49.646,10.42.0.1,10.42.0.1,88,3,UPLOAD,0.9854799721309438,UPLOAD,0.9854799721309438,1,14480,100.0,3,0.0,28960.0,0,3,0.0,1.0,0.024044138439235058,1,0,1,1,1,1,1,1,0.9699999999999999,1.0,1.0,1.0,0.8,skip,attack_already_active,1785296329.6469357,1785296329646935830,1384997863634306,7.6,53.3671875,-1.0,0,0
2026-07-28T23:38:49.647,10.42.0.1,10.42.0.1,88,3,UPLOAD,0.9855080726323473,UPLOAD,0.9855080726323473,1,14480,100.0,4,0.0,43440.0,0,4,0.0,1.0,0.020994838541734125,1,0,1,1,1,1,1,1,0.9699999999999999,1.0,1.0,1.0,0.8,skip,attack_already_active,1785296329.6478395,1785296329647839423,1384997864537905,7.6,53.3671875,-1.0,0,0
2026-07-28T23:38:49.648,10.42.0.1,10.42.0.1,88,3,UPLOAD,0.9855087139772698,UPLOAD,0.9855087139772698,1,21720,100.0,5,0.0,65160.0,0,5,0.0,1.0,0.0183707959596816,1,0,1,1,1,1,1,1,0.9699999999999999,1.0,1.0,1.0,0.8,skip,attack_already_active,1785296329.6489213,1785296329648921296,1384997865619514,7.6,53.3671875,-1.0,0,0
2026-07-28T23:38:49.649,10.42.0.1,10.42.0.1,88,3,UPLOAD,0.9855087260374392,UPLOAD,0.9855087260374392,1,7240,100.0,6,0.0,72400.0,0,6,0.0,1.0,0.01604380668097762,1,0,1,1,1,1,1,1,0.9699999999999999,1.0,1.0,1.0,0.8,skip,attack_already_active,1785296329.6496332,1785296329649633156,1384997866331347,7.6,53.3671875,-1.0,0,0
2026-07-28T23:38:49.651,10.42.0.1,10.42.0.1,88,3,UPLOAD,0.9855087261689341,UPLOAD,0.9855087261689341,1,7130,100.0,7,0.0,79530.0,0,7,0.0,1.0,0.014174761769783955,1,0,1,1,1,1,1,1,0.9699999999999999,1.0,1.0,1.0,0.8,skip,attack_already_active,1785296329.6514933,1785296329651493336,1384997868191557,7.6,53.3671875,-1.0,0,0
2026-07-28T23:38:49.762,10.42.0.47,10.42.0.1|10.42.0.47,88,3,UPLOAD,0.95,UPLOAD,0.95,1,7240,100.0,1,0.0,7240.0,0,1,0.0,1.0,0.35362099439570777,1,0,0,1,1,1,1,1,0.9699999999999999,1.0,1.0,1.0,0.8,trigger,training_upload_trigger_confirmed,1785296329.7621243,1785296329762124333,1384997978823244,7.6,53.3671875,122.622417,1785296329884748385,1384998101445661
2026-07-28T23:38:49.763,10.42.0.47,10.42.0.1|10.42.0.47,88,3,UPLOAD,0.95,UPLOAD,0.95,1,7240,100.0,2,0.0,14480.0,0,2,0.0,1.0,0.30718960253442834,1,0,1,1,1,1,1,1,0.9699999999999999,1.0,1.0,1.0,0.8,skip,attack_already_active,1785296329.7633903,1785296329763390278,1384997980089355,7.6,53.3671875,-1.0,0,0
2026-07-28T23:38:49.765,10.42.0.47,10.42.0.1|10.42.0.47,88,3,UPLOAD,0.95,UPLOAD,0.95,1,2896,100.0,3,0.0,17376.0,0,3,0.0,1.0,0.26697451670847105,1,0,1,1,1,1,1,1,0.9699999999999999,1.0,1.0,1.0,0.8,skip,attack_already_active,1785296329.7653987,1785296329765398718,1384997982099795,7.6,53.3671875,-1.0,0,0
2026-07-28T23:38:49.767,10.42.0.47,10.42.0.1|10.42.0.47,88,3,UPLOAD,0.95,UPLOAD,0.95,1,10136,100.0,4,0.0,27512.0,0,4,0.0,1.0,0.23211483265915034,1,0,1,1,1,1,1,1,0.9699999999999999,1.0,1.0,1.0,0.8,skip,attack_already_active,1785296329.7678328,1785296329767832838,1384997984533132,7.6,53.3671875,-1.0,0,0
2026-07-28T23:38:49.769,10.42.0.47,10.42.0.1|10.42.0.47,88,3,UPLOAD,0.95,UPLOAD,0.95,1,1448,100.0,5,0.0,28960.0,0,5,0.0,1.0,0.20177185496254993,1,0,1,1,1,1,1,1,0.9699999999999999,1.0,1.0,1.0,0.8,skip,attack_already_active,1785296329.7696831,1785296329769683230,1384997986383306,7.6,53.3671875,-1.0,0,0
2026-07-28T23:38:49.771,10.42.0.47,10.42.0.1|10.42.0.47,88,3,UPLOAD,0.95,UPLOAD,0.95,1,14480,100.0,6,0.0,43440.0,0,6,0.0,1.0,0.17537917545152554,1,0,1,1,1,1,1,1,0.9699999999999999,1.0,1.0,1.0,0.8,skip,attack_already_active,1785296329.7711682,1785296329771168205,1384997987868322,7.6,53.3671875,-1.0,0,0
2026-07-28T23:38:49.773,10.42.0.47,10.42.0.1|10.42.0.47,88,3,UPLOAD,0.9507308708319662,UPLOAD,0.9507308708319662,1,2896,100.0,7,0.0,46336.0,0,7,0.0,1.0,0.15251018395113486,1,0,1,1,1,1,1,1,0.9699999999999999,1.0,1.0,1.0,0.8,skip,attack_already_active,1785296329.773001,1785296329773000922,1384997989700742,7.6,53.3671875,-1.0,0,0
2026-07-28T23:38:49.774,10.42.0.47,10.42.0.1|10.42.0.47,88,3,UPLOAD,0.9545949644571948,UPLOAD,0.9545949644571948,1,2896,100.0,8,0.0,49232.0,0,8,0.0,1.0,0.1326571608034998,1,0,1,1,1,1,1,1,0.9699999999999999,1.0,1.0,1.0,0.8,skip,attack_already_active,1785296329.774852,1785296329774852001,1384997991551635,7.6,53.3671875,-1.0,0,0
2026-07-28T23:38:49.776,10.42.0.47,10.42.0.1|10.42.0.47,88,3,UPLOAD,0.9577708090788489,UPLOAD,0.9577708090788489,1,7240,100.0,9,0.0,56472.0,0,9,0.0,1.0,0.1153431293176188,1,0,1,1,1,1,1,1,0.9699999999999999,1.0,1.0,1.0,0.8,skip,attack_already_active,1785296329.7761178,1785296329776117826,1384997992817037,7.6,53.3671875,-1.0,0,0
2026-07-28T23:38:49.777,10.42.0.47,10.42.0.1|10.42.0.47,88,3,UPLOAD,0.9604909855367177,UPLOAD,0.9604909855367177,1,10136,100.0,10,0.0,66608.0,0,10,0.0,1.0,0.1003862041766337,1,0,1,1,1,1,1,1,0.9699999999999999,1.0,1.0,1.0,0.8,skip,attack_already_active,1785296329.777957,1785296329777956898,1384997994655947,7.6,53.3671875,-1.0,0,0
2026-07-28T23:38:49.779,10.42.0.47,10.42.0.1|10.42.0.47,88,3,UPLOAD,0.9630590686076781,UPLOAD,0.9630590686076781,1,2896,100.0,11,0.0,69504.0,0,11,0.0,1.0,0.08741432635004047,1,0,1,1,1,1,1,1,0.9699999999999999,1.0,1.0,1.0,0.8,skip,attack_already_active,1785296329.7799032,1785296329779903263,1384997996602646,7.6,53.3671875,-1.0,0,0
2026-07-28T23:38:49.781,10.42.0.47,10.42.0.1|10.42.0.47,88,3,UPLOAD,0.966084196538696,UPLOAD,0.966084196538696,1,10025,100.0,12,0.0,79529.0,0,12,0.0,1.0,0.07605752697091173,1,0,1,1,1,1,1,1,0.9699999999999999,1.0,1.0,1.0,0.8,skip,attack_already_active,1785296329.781134,1785296329781133733,1384997997833059,7.6,53.3671875,-1.0,0,0
2026-07-28T23:38:49.782,10.42.0.1,10.42.0.1|10.42.0.47,88,3,UPLOAD,0.985508726165964,UPLOAD,0.985508726165964,1,7240,100.0,8,0.0,86770.0,0,8,0.0,1.0,0.0296201216583118,1,0,1,1,1,1,1,1,0.9699999999999999,1.0,1.0,1.0,0.8,skip,attack_already_active,1785296329.7828786,1785296329782878766,1384997999577723,7.6,53.3671875,-1.0,0,0
2026-07-28T23:38:49.784,10.42.0.1,10.42.0.1|10.42.0.47,88,3,UPLOAD,0.985218729737687,UPLOAD,0.985218729737687,1,7240,100.0,9,0.0,94010.0,0,9,0.0,1.0,0.025871959715629035,1,0,1,1,1,1,1,1,0.9699999999999999,1.0,1.0,1.0,0.8,skip,attack_already_active,1785296329.784055,1785296329784055095,1384998000753807,7.6,53.3671875,-1.0,0,0
2026-07-28T23:38:49.785,10.42.0.1,10.42.0.1|10.42.0.47,88,3,UPLOAD,0.9847119024155524,UPLOAD,0.9847119024155524,1,11584,100.0,10,0.0,105594.0,0,10,0.0,1.0,0.022676177755149688,1,0,1,1,1,1,1,1,0.9699999999999999,1.0,1.0,1.0,0.8,skip,attack_already_active,1785296329.785675,1785296329785674988,1384998002373703,7.6,53.3671875,-1.0,0,0
2026-07-28T23:38:49.786,10.42.0.1,10.42.0.1|10.42.0.47,88,3,UPLOAD,0.9842839223182116,UPLOAD,0.9842839223182116,1,11584,100.0,11,0.0,117178.0,0,11,0.0,1.0,0.019839688661064562,1,0,1,1,1,1,1,1,0.9699999999999999,1.0,1.0,1.0,0.8,skip,attack_already_active,1785296329.786826,1785296329786825908,1384998003524465,7.6,53.3671875,-1.0,0,0
2026-07-28T23:38:49.787,10.42.0.1,10.42.0.1|10.42.0.47,88,3,UPLOAD,0.983726527454664,UPLOAD,0.983726527454664,1,1448,100.0,12,0.0,118626.0,0,12,0.0,1.0,0.017378955711915705,1,0,1,1,1,1,1,1,0.9699999999999999,1.0,1.0,1.0,0.8,skip,attack_already_active,1785296329.7879918,1785296329787991920,1384998004690574,7.6,53.3671875,-1.0,0,0
2026-07-28T23:38:49.790,10.42.0.1,10.42.0.1|10.42.0.47,88,3,UPLOAD,0.9832327183737453,UPLOAD,0.9832327183737453,1,7240,100.0,13,0.0,125866.0,0,13,0.0,1.0,0.015371547554423722,1,0,1,1,1,1,1,1,0.9699999999999999,1.0,1.0,1.0,0.8,skip,attack_already_active,1785296329.790137,1785296329790137076,1384998006836101,7.6,53.3671875,-1.0,0,0
2026-07-28T23:38:49.792,10.42.0.1,10.42.0.1|10.42.0.47,88,3,UPLOAD,0.9826889828363702,UPLOAD,0.9826889828363702,1,5792,100.0,14,0.0,131658.0,0,14,0.0,1.0,0.013640948775834683,1,0,1,1,1,1,1,1,0.9699999999999999,1.0,1.0,1.0,0.8,skip,attack_already_active,1785296329.7923756,1785296329792375546,1384998009074314,7.6,53.3671875,-1.0,0,0
2026-07-28T23:38:49.793,10.42.0.1,10.42.0.1|10.42.0.47,88,3,UPLOAD,0.982209668995002,UPLOAD,0.982209668995002,1,7240,100.0,15,0.0,138898.0,0,15,0.0,1.0,0.011997114317177588,1,0,1,1,1,1,1,1,0.9699999999999999,1.0,1.0,1.0,0.8,skip,attack_already_active,1785296329.793542,1785296329793541858,1384998010240983,7.6,53.3671875,-1.0,0,0
2026-07-28T23:38:49.795,10.42.0.1,10.42.0.1|10.42.0.47,88,3,UPLOAD,0.9819023975315678,UPLOAD,0.9819023975315678,1,5792,100.0,16,0.0,144690.0,0,16,0.0,1.0,0.010631190777706244,1,0,1,1,1,1,1,1,0.9699999999999999,1.0,1.0,1.0,0.8,skip,attack_already_active,1785296329.7951734,1785296329795173378,1384998011872112,7.6,53.3671875,-1.0,0,0
2026-07-28T23:38:49.796,10.42.0.1,10.42.0.1|10.42.0.47,88,3,UPLOAD,0.9819938490796105,UPLOAD,0.9819938490796105,1,8688,100.0,17,0.0,153378.0,0,17,0.0,1.0,0.009448465670177424,1,0,1,1,1,1,1,1,0.9699999999999999,1.0,1.0,1.0,0.8,skip,attack_already_active,1785296329.7968292,1785296329796829306,1384998013528261,7.6,53.3671875,-1.0,0,0
2026-07-28T23:38:49.798,10.42.0.1,10.42.0.1|10.42.0.47,88,3,UPLOAD,0.981859338468513,UPLOAD,0.981859338468513,1,5681,100.0,18,0.0,159059.0,0,18,0.0,1.0,0.008420054078816047,1,0,1,1,1,1,1,1,0.9699999999999999,1.0,1.0,1.0,0.8,skip,attack_already_active,1785296329.7984734,1785296329798473579,1384998015172038,7.6,53.3671875,-1.0,0,0
2026-07-28T23:38:50.086,10.42.0.1,,89,1,DOWNLOAD,0.9805113180391718,DOWNLOAD,0.9805113180391718,-1,1448,100.0,19,1448.0,159059.0,1,18,0.009021413396300472,0.9909785866036995,0.0960644830469647,0,0,0,0,1,0,0,0,0.44,0.8500000000000001,0.0,0.6000000000000001,0.15,skip,training_upload_trigger_not_confirmed,1785296330.0866663,1785296330086666273,1384998303365182,7.6,53.3671875,-1.0,0,0
2026-07-28T23:38:50.087,10.42.0.1,,89,1,DOWNLOAD,0.95,DOWNLOAD,0.95,-1,5792,21.96947513522521,20,7240.0,159059.0,2,18,0.04353604050535481,0.9564639594946451,0.08355772885257258,0,0,0,0,1,0,0,0,0.44,0.8500000000000001,0.0,0.6000000000000001,0.15,skip,training_upload_trigger_not_confirmed,1785296330.0878205,1785296330087820436,1384998304519509,85.8,53.3671875,-1.0,0,0
2026-07-28T23:38:50.089,10.42.0.1,,89,1,DOWNLOAD,0.95,DOWNLOAD,0.95,-1,7240,10.98473756837122,21,14480.0,159059.0,3,18,0.08343945741303108,0.916560542586969,0.07274001394442299,0,0,0,0,1,0,0,0,0.44,0.8500000000000001,0.0,0.6000000000000001,0.15,skip,training_upload_trigger_not_confirmed,1785296330.0892856,1785296330089285638,1384998305985742,85.8,53.3671875,-1.0,0,0
2026-07-28T23:38:50.091,10.42.0.1,,89,1,DOWNLOAD,0.95,DOWNLOAD,0.95,-1,7240,7.323158379082728,22,21720.0,159059.0,4,18,0.12014669845501967,0.8798533015449803,0.06340843341129795,0,0,0,0,1,0,0,0,0.44,0.8500000000000001,0.0,0.6000000000000001,0.15,skip,training_upload_trigger_not_confirmed,1785296330.0912108,1785296330091210752,1384998307909790,85.8,53.3671875,-1.0,0,0
2026-07-28T23:38:50.092,10.42.0.1,,89,1,DOWNLOAD,0.95,DOWNLOAD,0.95,-1,14480,4.393895027530555,23,36200.0,159059.0,5,18,0.18539478333905224,0.8146052166609478,0.05522395180420238,0,0,0,0,1,0,0,0,0.4,0.8500000000000001,0.0,0.4,0.15,skip,training_upload_trigger_not_confirmed,1785296330.0925095,1785296330092509405,1384998309208430,85.8,53.3671875,-1.0,0,0
2026-07-28T23:38:50.093,10.42.0.1,,89,1,DOWNLOAD,0.95,DOWNLOAD,0.95,-1,10136,3.4327304902789897,24,46336.0,159059.0,6,18,0.22559458604152974,0.7744054139584703,0.04812425940950557,0,0,0,0,1,0,0,0,0.4,0.8500000000000001,0.0,0.4,0.15,skip,training_upload_trigger_not_confirmed,1785296330.0938559,1785296330093855837,1384998310555302,85.8,53.3671875,-1.0,0,0
2026-07-28T23:38:50.095,10.42.0.1,,89,1,DOWNLOAD,0.95,DOWNLOAD,0.95,-1,2896,3.230805167325504,25,49232.0,159059.0,7,18,0.23636162868294838,0.7636383713170516,0.041983594067437964,0,0,0,0,1,0,0,0,0.4,0.8500000000000001,0.0,0.4,0.15,skip,training_upload_trigger_not_confirmed,1785296330.0953803,1785296330095380321,1384998312079517,85.8,53.3671875,-1.0,0,0
2026-07-28T23:38:50.098,10.42.0.1,,89,1,DOWNLOAD,0.95,DOWNLOAD,0.95,-1,4344,2.968847991601298,26,53576.0,159059.0,8,18,0.2519622827850542,0.7480377172149458,0.036927454447655376,0,0,0,0,1,0,0,0,0.32,0.8500000000000001,0.0,0.0,0.15,skip,training_upload_trigger_not_confirmed,1785296330.0989943,1785296330098994142,1384998315692997,85.8,53.3671875,-1.0,0,0
2026-07-28T23:38:50.100,10.42.0.1,,89,1,DOWNLOAD,0.95,DOWNLOAD,0.95,-1,4344,2.7461843922350453,27,57920.0,159059.0,9,18,0.26693827513261653,0.7330617248673835,0.032305284081359666,0,0,0,0,1,0,0,0,0.32,0.8500000000000001,0.0,0.0,0.15,skip,training_upload_trigger_not_confirmed,1785296330.1008453,1785296330100845265,1384998317544423,85.8,53.3671875,-1.0,0,0
2026-07-28T23:38:50.102,10.42.0.1,,89,1,DOWNLOAD,0.95,DOWNLOAD,0.95,-1,7240,2.441052793102501,28,65160.0,159059.0,10,18,0.2906087352097726,0.7093912647902274,0.028223770484781252,0,0,0,0,1,0,0,0,0.32,0.8500000000000001,0.0,0.0,0.15,skip,training_upload_trigger_not_confirmed,1785296330.1021771,1785296330102177063,1384998318876401,85.8,53.3671875,-1.0,0,0
2026-07-28T23:38:50.105,10.42.0.1,,89,1,DOWNLOAD,0.95,DOWNLOAD,0.95,-1,7240,2.1969475137956227,29,72400.0,159059.0,11,18,0.3127983789785664,0.6872016210214336,0.024880131279653363,0,0,0,0,1,0,0,0,0.32,0.8500000000000001,0.0,0.0,0.15,skip,training_upload_trigger_not_confirmed,1785296330.105027,1785296330105027127,1384998321725743,85.8,53.3671875,-1.0,0,0
2026-07-28T23:38:50.107,10.42.0.1,,89,1,DOWNLOAD,0.95,DOWNLOAD,0.95,-1,7240,1.9972250125439828,30,79640.0,159059.0,12,18,0.3336419507413102,0.6663580492586898,0.0219037071175571,0,0,0,0,1,0,0,0,0.32,0.8500000000000001,0.0,0.0,0.15,skip,training_upload_trigger_not_confirmed,1785296330.1073198,1785296330107319853,1384998324018475,85.8,53.3671875,-1.0,0,0
2026-07-28T23:38:50.108,10.42.0.1,,89,1,DOWNLOAD,0.95,DOWNLOAD,0.95,-1,7240,1.8307895948339,31,86880.0,159059.0,13,18,0.353258328284656,0.646741671715344,0.019176644379426018,0,0,0,0,1,0,0,0,0.32,0.8500000000000001,0.0,0.0,0.15,skip,training_upload_trigger_not_confirmed,1785296330.1085286,1785296330108528612,1384998325227383,85.8,53.3671875,-1.0,0,0
2026-07-28T23:38:50.110,10.42.0.1,,89,1,DOWNLOAD,0.95,DOWNLOAD,0.95,-1,8688,1.664354177123469,32,95568.0,159059.0,14,18,0.37532547608855304,0.624674523911447,0.01688525194779373,0,0,0,0,1,0,0,0,0.32,0.8500000000000001,0.0,0.0,0.15,skip,training_upload_trigger_not_confirmed,1785296330.1103165,1785296330110316428,1384998327015502,85.8,53.3671875,-1.0,0,0
2026-07-28T23:38:50.111,10.42.0.1,,89,1,DOWNLOAD,0.95,DOWNLOAD,0.95,-1,14024,1.4513741878928084,33,109592.0,159059.0,15,18,0.407934457716517,0.5920655422834831,0.014826782329526056,0,0,0,0,1,0,0,0,0.32,0.8500000000000001,0.0,0.0,0.15,skip,training_upload_trigger_not_confirmed,1785296330.1115806,1785296330111580595,1384998328280014,85.8,53.3671875,-1.0,0,0
2026-07-28T23:38:50.112,10.42.0.1,,89,1,DOWNLOAD,0.95,DOWNLOAD,0.95,-1,4344,1.396038126664127,34,113936.0,159059.0,16,18,0.41735562922397845,0.5826443707760215,0.013042959539734876,0,0,0,0,1,0,0,0,0.32,0.8500000000000001,0.0,0.0,0.15,skip,training_upload_trigger_not_confirmed,1785296330.1128705,1785296330112870417,1384998329569953,85.8,53.3671875,-1.0,0,0
2026-07-28T23:38:50.115,10.42.0.1,,89,1,DOWNLOAD,0.95,DOWNLOAD,0.95,-1,14480,1.2386229130307858,35,128416.0,159059.0,17,18,0.44670319158187666,0.5532968084181233,0.01163479228068524,0,0,0,0,1,0,0,0,0.32,0.8500000000000001,0.0,0.0,0.15,skip,training_upload_trigger_not_confirmed,1785296330.1152272,1785296330115227066,1384998331927429,85.8,53.3671875,-1.0,0,0
2026-07-28T23:38:50.116,10.42.0.1,,89,1,DOWNLOAD,0.95,DOWNLOAD,0.95,-1,17376,1.0909995061451176,36,145792.0,159059.0,18,18,0.4782401894696097,0.5217598105303902,0.01027853554739115,0,0,0,0,1,0,0,0,0.30250000000000005,0.8000000000000002,0.0,0.0,0.15,skip,training_upload_trigger_not_confirmed,1785296330.1165698,1785296330116569794,1384998333269203,85.8,53.3671875,-1.0,0,0
2026-07-28T23:38:50.117,10.42.0.1,,89,1,DOWNLOAD,0.95,DOWNLOAD,0.95,-1,18824,0.9662426495603936,37,164616.0,159059.0,19,18,0.508584228006488,0.491415771993512,0.009098988105843411,0,0,0,0,1,0,0,0,0.30250000000000005,0.8000000000000002,0.0,0.0,0.15,skip,training_upload_trigger_not_confirmed,1785296330.117897,1785296330117897062,1384998334596151,85.8,53.3671875,-1.0,0,0
2026-07-28T23:38:50.119,10.42.0.1,,89,1,DOWNLOAD,0.95,DOWNLOAD,0.95,-1,16946,0.8760588669442061,38,181562.0,159059.0,20,18,0.5330323145079134,0.4669676854920865,0.00807610018359817,0,0,0,0,1,0,0,0,0.30250000000000005,0.8000000000000002,0.0,0.0,0.15,skip,training_upload_trigger_not_confirmed,1785296330.1192336,1785296330119233460,1384998335932809,85.8,53.3671875,-1.0,0,0
2026-07-28T23:38:50.120,10.42.0.1,,89,1,DOWNLOAD,0.95,DOWNLOAD,0.95,-1,18824,0.793763037338967,39,200386.0,159059.0,21,18,0.5574872372685669,0.4425127627314332,0.007186777492153228,0,0,0,0,1,0,0,0,0.28500000000000003,0.7500000000000001,0.0,0.0,0.15,skip,training_upload_trigger_not_confirmed,1785296330.120561,1785296330120560917,1384998337260028,85.8,53.3671875,-1.0,0,0
2026-07-28T23:38:50.122,10.42.0.59,,36,1,DOWNLOAD,0.95,DOWNLOAD,0.95,-1,14600,6.84931506802402e-11,1,14600.0,0.0,1,0,1.0,0.0,0.7175796751685549,0,0,0,0,0,0,0,0,0.0225,0.0,0.0,0.0,0.15,skip,already_attacked_this_round,1785296330.1224797,1785296330122479553,1384998339178347,85.8,53.3671875,-1.0,0,0
2026-07-28T23:38:50.123,10.42.0.59,,36,1,DOWNLOAD,0.95,DOWNLOAD,0.95,-1,14600,3.424657534129292e-11,2,29200.0,0.0,2,0,1.0,0.0,0.62318361154527,0,0,0,0,0,0,0,0,0.0225,0.0,0.0,0.0,0.15,skip,already_attacked_this_round,1785296330.1237137,1785296330123713854,1384998340413007,85.8,53.3671875,-1.0,0,0
2026-07-28T23:38:50.125,10.42.0.18,,63,1,DOWNLOAD,0.95,DOWNLOAD,0.95,-1,10220,9.784735811175661e-11,1,10220.0,0.0,1,0,1.0,0.0,0.5514869633846937,0,0,0,0,0,0,0,0,0.0225,0.0,0.0,0.0,0.15,skip,training_upload_trigger_not_confirmed,1785296330.1256995,1785296330125699664,1384998342399615,85.8,53.3671875,-1.0,0,0
2026-07-28T23:38:50.127,10.42.0.18,,63,1,DOWNLOAD,0.95,DOWNLOAD,0.95,-1,4380,6.84931506802402e-11,2,14600.0,0.0,2,0,1.0,0.0,0.4789916908230136,0,0,0,0,0,0,0,0,0.0225,0.0,0.0,0.0,0.15,skip,training_upload_trigger_not_confirmed,1785296330.12704,1785296330127039918,1384998343739069,85.8,53.3671875,-1.0,0,0
2026-07-28T23:38:50.128,10.42.0.1,,89,1,DOWNLOAD,0.95,DOWNLOAD,0.95,-1,16946,0.7318710544248805,40,217332.0,159059.0,22,18,0.5774101931236401,0.42258980687635994,0.007282112910693348,0,0,0,0,1,0,0,0,0.28500000000000003,0.7500000000000001,0.0,0.0,0.15,skip,training_upload_trigger_not_confirmed,1785296330.1284711,1785296330128470983,1384998345170300,85.8,53.3671875,-1.0,0,0
2026-07-28T23:38:50.130,10.42.0.210,,88,1,DOWNLOAD,0.9835436222465365,DOWNLOAD,0.9835436222465365,-1,7240,7.9999999990331485,41,7240.0,57920.0,1,40,0.1111111111111111,0.8888888888888888,0.06729997882185629,0,0,0,0,0,0,0,0,0.057499999999999996,0.1,0.0,0.0,0.15,skip,training_upload_trigger_not_confirmed,1785296330.1301775,1785296330130177594,1384998346876261,85.8,53.3671875,-1.0,0,0
2026-07-28T23:38:50.131,10.42.0.210,,88,1,DOWNLOAD,0.95,DOWNLOAD,0.95,-1,7240,3.9999999997928177,42,14480.0,57920.0,2,40,0.2,0.8,0.05859310855363054,0,0,0,0,0,0,0,0,0.057499999999999996,0.1,0.0,0.0,0.15,skip,training_upload_trigger_not_confirmed,1785296330.1314034,1785296330131403586,1384998348102746,85.8,53.3671875,-1.0,0,0
2026-07-28T23:38:50.133,10.42.0.18,,63,1,DOWNLOAD,0.95,DOWNLOAD,0.95,-1,14600,3.424657534129292e-11,3,29200.0,0.0,3,0,1.0,0.0,0.4166603886401515,0,0,0,0,0,0,0,0,0.0225,0.0,0.0,0.0,0.15,skip,training_upload_trigger_not_confirmed,1785296330.1330166,1785296330133016517,1384998349715237,85.8,53.3671875,-1.0,0,0
2026-07-28T23:38:50.134,10.42.0.1,,89,1,DOWNLOAD,0.95,DOWNLOAD,0.95,-1,21720,0.6653740608751846,41,239052.0,159059.0,23,18,0.6004656992647779,0.39953430073522206,0.007078420957776921,0,0,0,0,1,0,0,0,0.28500000000000003,0.7500000000000001,0.0,0.0,0.15,skip,training_upload_trigger_not_confirmed,1785296330.1342075,1785296330134207453,1384998350906045,85.8,53.3671875,-1.0,0,0
2026-07-28T23:38:50.136,10.42.0.59,,36,1,DOWNLOAD,0.95,DOWNLOAD,0.95,-1,26280,1.8024513337814986e-11,3,55480.0,0.0,3,0,1.0,0.0,0.542763136669655,0,0,0,0,0,0,0,0,0.0225,0.0,0.0,0.0,0.15,skip,already_attacked_this_round,1785296330.1366086,1785296330136608537,1384998353307420,85.8,53.3671875,-1.0,0,0
2026-07-28T23:38:50.137,10.42.0.59,,36,1,DOWNLOAD,0.95,DOWNLOAD,0.95,-1,9104,1.5483711135645304e-11,4,64584.0,0.0,4,0,1.0,0.0,0.4713956065894249,0,0,0,0,0,0,0,0,0.0225,0.0,0.0,0.0,0.15,skip,already_attacked_this_round,1785296330.1377833,1785296330137783388,1384998354481793,85.8,53.3671875,-1.0,0,0
2026-07-28T23:38:50.139,10.42.0.210,,88,1,DOWNLOAD,0.9557926560077417,DOWNLOAD,0.9557926560077417,-1,10136,2.3529411764156265,43,24616.0,57920.0,3,40,0.2982456140350877,0.7017543859649122,0.05193422643512214,0,0,0,0,0,0,0,0,0.057499999999999996,0.1,0.0,0.0,0.15,skip,training_upload_trigger_not_confirmed,1785296330.1394641,1785296330139464137,1384998356162638,85.8,53.3671875,-1.0,0,0
2026-07-28T23:38:50.141,10.42.0.210,,88,1,DOWNLOAD,0.9846998846180315,DOWNLOAD,0.9846998846180315,-1,14480,1.4814814814691661,44,39096.0,57920.0,4,40,0.40298507462686567,0.5970149253731343,0.04531340269683803,0,0,0,0,0,0,0,0,0.057499999999999996,0.1,0.0,0.0,0.15,skip,training_upload_trigger_not_confirmed,1785296330.1411548,1785296330141154753,1384998357854660,85.8,53.3671875,-1.0,0,0
2026-07-28T23:38:50.142,10.42.0.210,,88,1,DOWNLOAD,0.9854895428954357,DOWNLOAD,0.9854895428954357,-1,4344,1.3333333333256598,45,43440.0,57920.0,5,40,0.42857142857142855,0.5714285714285714,0.03953748135823035,0,0,0,0,0,0,0,0,0.057499999999999996,0.1,0.0,0.0,0.15,skip,training_upload_trigger_not_confirmed,1785296330.1426363,1785296330142636264,1384998359335814,85.8,53.3671875,-1.0,0,0
2026-07-28T23:38:50.144,10.42.0.47,,89,1,DOWNLOAD,0.95,DOWNLOAD,0.95,-1,5792,13.73083563316111,13,5792.0,79529.0,1,12,0.06788481147665873,0.9321151885233413,0.07103188011971681,0,0,0,0,0,0,0,0,0.057499999999999996,0.1,0.0,0.0,0.15,skip,training_upload_trigger_not_confirmed,1785296330.1440663,1785296330144066349,1384998360765668,85.8,53.3671875,-1.0,0,0
2026-07-28T23:38:50.145,10.42.0.18,,63,1,DOWNLOAD,0.95,DOWNLOAD,0.95,-1,14600,2.2831050227789245e-11,4,43800.0,0.0,4,0,1.0,0.0,0.3634477726665374,0,0,0,0,0,0,0,0,0.0225,0.0,0.0,0.0,0.15,skip,training_upload_trigger_not_confirmed,1785296330.1458611,1785296330145861089,1384998362559587,85.8,53.3671875,-1.0,0,0
2026-07-28T23:38:50.148,10.42.0.18,,63,1,DOWNLOAD,0.95,DOWNLOAD,0.95,-1,14600,1.7123287670939668e-11,5,58400.0,0.0,5,0,1.0,0.0,0.3158494885562876,0,0,0,0,0,0,0,0,0.0225,0.0,0.0,0.0,0.15,skip,training_upload_trigger_not_confirmed,1785296330.1480987,1785296330148098881,1384998364797535,85.8,53.3671875,-1.0,0,0
2026-07-28T23:38:50.150,10.42.0.210,,88,1,DOWNLOAD,0.9855083405864443,DOWNLOAD,0.9855083405864443,-1,14480,1.0,46,57920.0,57920.0,6,40,0.5,0.5,0.035397278838841216,0,0,0,0,0,0,0,0,0.039999999999999994,0.05,0.0,0.0,0.15,skip,training_upload_trigger_not_confirmed,1785296330.150755,1785296330150754697,1384998367453301,85.8,53.3671875,-1.0,0,0
2026-07-28T23:38:50.152,10.42.0.210,,88,1,DOWNLOAD,0.9855087208476458,DOWNLOAD,0.9855087208476458,-1,20272,0.7407407407440565,47,78192.0,57920.0,7,40,0.574468085106383,0.425531914893617,0.03102245898629154,0,0,0,0,0,0,0,0,0.0225,0.0,0.0,0.0,0.15,skip,training_upload_trigger_not_confirmed,1785296330.152953,1785296330152952844,1384998369651385,85.8,53.3671875,-1.0,0,0
2026-07-28T23:38:50.154,10.42.0.210,,88,1,DOWNLOAD,0.9855087261970161,DOWNLOAD,0.9855087261970161,-1,992,0.7314609011955514,48,79184.0,57920.0,8,40,0.5775469716419652,0.4224530283580348,0.027155104488755348,0,0,0,0,0,0,0,0,0.0225,0.0,0.0,0.0,0.15,skip,training_upload_trigger_not_confirmed,1785296330.154627,1785296330154627099,1384998371325608,85.8,53.3671875,-1.0,0,0
2026-07-28T23:38:50.156,10.42.0.145,,39,1,DOWNLOAD,0.95,DOWNLOAD,0.95,-1,29200,3.424657534129292e-11,1,29200.0,0.0,1,0,1.0,0.0,0.8070299372860551,0,0,0,0,0,0,0,0,0.0225,0.0,0.0,0.0,0.15,skip,already_attacked_this_round,1785296330.1567454,1785296330156745396,1384998373444573,85.8,53.3671875,-1.0,0,0
2026-07-28T23:38:50.158,10.42.0.145,,39,1,DOWNLOAD,0.95,DOWNLOAD,0.95,-1,6184,2.8261361066350288e-11,2,35384.0,0.0,2,0,1.0,0.0,0.7008542473373582,0,0,0,0,0,0,0,0,0.0225,0.0,0.0,0.0,0.15,skip,already_attacked_this_round,1785296330.1580374,1785296330158037459,1384998374737410,85.8,53.3671875,-1.0,0,0
2026-07-28T23:38:50.162,10.42.0.47,,89,1,DOWNLOAD,0.95,DOWNLOAD,0.95,-1,1448,10.984668506908193,14,7240.0,79529.0,2,12,0.08343993822678607,0.9165600617732139,0.06408389467050755,0,0,0,0,0,0,0,0,0.057499999999999996,0.1,0.0,0.0,0.15,skip,training_upload_trigger_not_confirmed,1785296330.1623719,1785296330162371717,1384998379070663,85.8,53.3671875,-1.0,0,0
2026-07-28T23:38:50.163,10.42.0.47,,89,1,DOWNLOAD,0.95,DOWNLOAD,0.95,-1,10136,4.576945211580516,15,17376.0,79529.0,3,12,0.1793096331458645,0.8206903668541355,0.05581213247628161,0,0,0,0,0,0,0,0,0.057499999999999996,0.1,0.0,0.0,0.15,skip,training_upload_trigger_not_confirmed,1785296330.1636837,1785296330163683674,1384998380382895,85.8,53.3671875,-1.0,0,0
2026-07-28T23:38:50.164,10.42.0.18,,63,1,DOWNLOAD,0.95,DOWNLOAD,0.95,-1,6184,1.5483711135645304e-11,6,64584.0,0.0,6,0,1.0,0.0,0.2764455331572965,0,0,0,0,0,0,0,0,0.0225,0.0,0.0,0.0,0.15,skip,training_upload_trigger_not_confirmed,1785296330.1649225,1785296330164922371,1384998381620919,85.8,53.3671875,-1.0,0,0
2026-07-28T23:38:50.171,10.42.0.47,,89,1,DOWNLOAD,0.95,DOWNLOAD,0.95,-1,2896,3.923095895672696,16,20272.0,79529.0,4,12,0.2031242171922125,0.7968757828077875,0.04948163401536527,0,0,0,0,0,0,0,0,0.057499999999999996,0.1,0.0,0.0,0.15,skip,training_upload_trigger_not_confirmed,1785296330.1714554,1785296330171455432,1384998388154225,85.8,53.3671875,-1.0,0,0
2026-07-28T23:38:50.175,10.42.0.47,,89,1,DOWNLOAD,0.95,DOWNLOAD,0.95,-1,2896,3.4327089087347757,17,23168.0,79529.0,5,12,0.22559568439194913,0.7744043156080509,0.04344580121460483,0,0,0,0,0,0,0,0,0.057499999999999996,0.1,0.0,0.0,0.15,skip,training_upload_trigger_not_confirmed,1785296330.1751328,1785296330175132590,1384998391831730,85.8,53.3671875,-1.0,0,0
2026-07-28T23:38:50.176,10.42.0.47,,89,1,DOWNLOAD,0.95,DOWNLOAD,0.95,-1,4344,2.8907022389542485,18,27512.0,79529.0,6,12,0.2570230098747209,0.7429769901252791,0.03789537220128904,0,0,0,0,0,0,0,0,0.057499999999999996,0.1,0.0,0.0,0.15,skip,training_upload_trigger_not_confirmed,1785296330.176458,1785296330176458021,1384998393156756,85.8,53.3671875,-1.0,0,0
2026-07-28T23:38:50.177,10.42.0.47,,89,1,DOWNLOAD,0.95,DOWNLOAD,0.95,-1,7240,2.28847260585611,19,34752.0,79529.0,7,12,0.30409254381743245,0.6959074561825676,0.03305620941703395,0,0,0,0,0,0,0,0,0.057499999999999996,0.1,0.0,0.0,0.15,skip,training_upload_trigger_not_confirmed,1785296330.1776302,1785296330177630310,1384998394329621,85.8,53.3671875,-1.0,0,0
2026-07-28T23:38:50.178,10.42.0.47,,89,1,DOWNLOAD,0.95,DOWNLOAD,0.95,-1,4344,2.034197871878601,20,39096.0,79529.0,8,12,0.3295763962065332,0.6704236037934668,0.028861102486817572,0,0,0,0,0,0,0,0,0.057499999999999996,0.1,0.0,0.0,0.15,skip,training_upload_trigger_not_confirmed,1785296330.178851,1785296330178850858,1384998395549715,85.8,53.3671875,-1.0,0,0
2026-07-28T23:38:50.181,10.42.0.47,,89,1,DOWNLOAD,0.95,DOWNLOAD,0.95,-1,10136,1.6153924276768077,21,49232.0,79529.0,9,12,0.38235179906959404,0.617648200930406,0.025420849368072724,0,0,0,0,0,0,0,0,0.057499999999999996,0.1,0.0,0.0,0.15,skip,training_upload_trigger_not_confirmed,1785296330.1816049,1785296330181604855,1384998398303610,85.8,53.3671875,-1.0,0,0
2026-07-28T23:38:50.182,10.42.0.47,,89,1,DOWNLOAD,0.95,DOWNLOAD,0.95,-1,2453,1.53872496854912,22,51685.0,79529.0,10,12,0.3938985169265475,0.6061014830734526,0.022223719407091457,0,0,0,0,0,0,0,0,0.057499999999999996,0.1,0.0,0.0,0.15,skip,training_upload_trigger_not_confirmed,1785296330.1827636,1785296330182763473,1384998399462601,85.8,53.3671875,-1.0,0,0
2026-07-28T23:38:50.457,10.42.0.59,,36,2,TRAINING,0.95,TRAINING,0.95,1,64240,0.994673603369338,5,64584.0,64240.0,4,1,0.5013351549400733,0.4986648450599267,0.5659902984376837,0,0,0,0,1,0,0,0,0.4525,1.0,0.0,0.4,0.15,skip,already_attacked_this_round,1785296330.4579334,1785296330457933322,1384998674632334,85.8,53.3671875,-1.0,0,0
2026-07-28T23:38:50.460,10.42.0.1,,89,2,TRAINING,0.95,TRAINING,0.95,1,7240,0.6956603584170153,42,239052.0,166299.0,23,19,0.5897407432077385,0.4102592567922615,0.006297663572241143,0,0,0,0,1,0,0,0,0.4525,1.0,0.0,0.4,0.15,skip,training_upload_trigger_not_confirmed,1785296330.4603348,1785296330460334880,1384998677033501,85.8,53.3671875,-1.0,0,0
2026-07-28T23:38:50.461,10.42.0.1,10.42.0.1,89,3,UPLOAD,0.95,UPLOAD,0.95,1,5792,0.7198893964504799,43,239052.0,172091.0,23,20,0.5814327375146847,0.41856726248531534,0.005609170967652073,1,0,0,0,1,0,0,0,0.85,1.0,1.0,0.4,0.8,trigger,training_upload_trigger_confirmed,1785296330.4614077,1785296330461407673,1384998678106170,85.8,53.3671875,16.602266,1785296330478011143,1384998694708436
2026-07-28T23:38:50.463,10.42.0.145,10.42.0.1,39,2,TRAINING,0.95,TRAINING,0.95,1,64240,1.815509834930604,3,35384.0,64240.0,2,1,0.35517545972857945,0.6448245402714206,0.7600047953678928,0,0,0,0,1,0,0,0,0.5325,1.0,0.0,0.8,0.15,skip,already_attacked_this_round,1785296330.4633636,1785296330463363632,1384998680062405,85.8,53.3671875,-1.0,0,0
2026-07-28T23:38:50.464,10.42.0.145,10.42.0.1,39,3,UPLOAD,0.95,UPLOAD,0.95,1,15316,2.2483608410228246,4,35384.0,79556.0,2,2,0.30784757264659823,0.6921524273534018,0.6599602502310018,0,0,0,1,1,1,1,1,0.9299999999999999,1.0,1.0,0.8,0.8,skip,already_attacked_this_round,1785296330.464158,1785296330464157867,1384998680856229,85.8,53.3671875,-1.0,0,0
2026-07-28T23:38:50.466,10.42.0.1,10.42.0.1,89,3,UPLOAD,0.95,UPLOAD,0.95,1,7240,0.7501756939923105,44,239052.0,179331.0,23,21,0.571371207721155,0.428628792278845,0.005087842843054515,1,0,1,0,1,0,0,0,0.85,1.0,1.0,0.4,0.8,skip,attack_already_active,1785296330.4669898,1785296330466989930,1384998683689626,85.8,53.3671875,-1.0,0,0
2026-07-28T23:38:50.468,10.42.0.1,10.42.0.1,89,3,UPLOAD,0.95,UPLOAD,0.95,1,5792,0.7744047320257751,45,239052.0,185123.0,23,22,0.5635692815465315,0.4364307184534685,0.004599019516324876,1,0,1,1,1,1,1,1,0.85,1.0,1.0,0.4,0.8,skip,attack_already_active,1785296330.468368,1785296330468368245,1384998685067298,85.8,53.3671875,-1.0,0,0
2026-07-28T23:38:50.486,10.42.0.1,10.42.0.1,89,3,UPLOAD,0.95,UPLOAD,0.95,1,1448,0.7804619915341413,46,239052.0,186571.0,23,23,0.5616519783940248,0.43834802160597525,0.0063542298279950825,1,0,1,1,1,1,1,1,0.9699999999999999,1.0,1.0,1.0,0.8,skip,attack_already_active,1785296330.4862869,1785296330486286813,1384998702987095,85.8,53.3671875,-1.0,0,0
2026-07-28T23:38:50.570,10.42.0.1,10.42.0.1,89,3,UPLOAD,0.95,UPLOAD,0.95,1,2896,0.7925765105508735,47,239052.0,189467.0,23,24,0.5578562444138999,0.44214375558610003,0.016590624311003197,1,0,1,1,1,1,1,1,0.9699999999999999,1.0,1.0,1.0,0.8,skip,attack_already_active,1785296330.5703223,1785296330570322223,1384998787021010,85.8,53.3671875,-1.0,0,0
2026-07-28T23:38:50.574,10.42.0.1,10.42.0.1,89,3,UPLOAD,0.95,UPLOAD,0.95,1,11584,0.8410345866178027,48,239052.0,201051.0,23,25,0.5431728481741774,0.45682715182582256,0.014934228015440842,1,0,1,1,1,1,1,1,0.9699999999999999,1.0,1.0,1.0,0.8,skip,attack_already_active,1785296330.574343,1785296330574343010,1384998791041795,85.8,53.3671875,-1.0,0,0
2026-07-28T23:38:50.575,10.42.0.1,10.42.0.1,89,3,UPLOAD,0.95,UPLOAD,0.95,1,14480,0.9016071817014641,49,239052.0,215531.0,23,26,0.5258709630584514,0.4741290369415486,0.013120349381769965,1,0,1,1,1,1,1,1,0.9699999999999999,1.0,1.0,1.0,0.8,skip,attack_already_active,1785296330.5755122,1785296330575512137,1384998792210707,85.8,53.3671875,-1.0,0,0
2026-07-28T23:38:50.576,10.42.0.1,10.42.0.1,89,3,UPLOAD,0.95,UPLOAD,0.95,1,1448,0.9076644412098303,50,239052.0,216979.0,23,27,0.5242012056197934,0.4757987943802066,0.011537199426351114,1,0,1,1,1,1,1,1,0.9699999999999999,1.0,1.0,1.0,0.8,skip,attack_already_active,1785296330.5766184,1785296330576618555,1384998793317033,85.8,53.3671875,-1.0,0,0
2026-07-28T23:38:50.577,10.42.0.1,10.42.0.1,89,3,UPLOAD,0.95,UPLOAD,0.95,1,11584,0.9561225172767593,51,239052.0,228563.0,23,28,0.5112154229440886,0.4887845770559114,0.010177937111381216,1,0,1,1,1,1,1,1,0.9699999999999999,1.0,1.0,1.0,0.8,skip,attack_already_active,1785296330.5778406,1785296330577840693,1384998794539372,85.8,53.3671875,-1.0,0,0
2026-07-28T23:38:50.578,10.42.0.1,10.42.0.1,89,3,UPLOAD,0.95,UPLOAD,0.95,1,14480,1.0166951123604209,52,239052.0,243043.0,23,29,0.4958607743287112,0.5041392256712889,0.008987234592088424,1,0,1,1,1,1,1,1,0.9699999999999999,1.0,1.0,1.0,0.8,skip,attack_already_active,1785296330.5789826,1785296330578982666,1384998795681173,85.8,53.3671875,-1.0,0,0
2026-07-28T23:38:50.580,10.42.0.1,10.42.0.1,89,3,UPLOAD,0.95,UPLOAD,0.95,1,5792,1.0409241503938853,53,239052.0,248835.0,23,30,0.48997411285810033,0.5100258871418997,0.008008165517724434,1,0,1,1,1,1,1,1,0.9699999999999999,1.0,1.0,1.0,0.8,skip,attack_already_active,1785296330.58054,1785296330580539963,1384998797238353,73.4,53.3671875,-1.0,0,0
2026-07-28T23:38:50.582,10.42.0.1,10.42.0.1,89,3,UPLOAD,0.95,UPLOAD,0.95,1,14480,1.1014967454775468,54,239052.0,263315.0,23,31,0.4758513198518215,0.5241486801481785,0.007219031247383279,1,0,1,1,1,1,1,1,0.9699999999999999,1.0,1.0,1.0,0.8,skip,attack_already_active,1785296330.5825596,1785296330582559502,1384998799257955,73.4,53.3671875,-1.0,0,0
2026-07-28T23:38:50.584,10.42.0.1,10.42.0.1,89,3,UPLOAD,0.95,UPLOAD,0.95,1,15928,1.1681266000695743,55,239052.0,279243.0,23,32,0.4612276792174341,0.5387723207825659,0.006536806552108151,1,0,1,1,1,1,1,1,0.9699999999999999,1.0,1.0,1.0,0.8,skip,attack_already_active,1785296330.5846014,1785296330584601390,1384998801299809,73.4,53.3671875,-1.0,0,0
2026-07-28T23:38:50.586,10.42.0.1,10.42.0.1,89,3,UPLOAD,0.95,UPLOAD,0.95,1,18824,1.246870973678334,56,239052.0,298067.0,23,33,0.4450633844641504,0.5549366155358496,0.005942031090081075,1,0,1,1,1,1,1,1,0.9699999999999999,1.0,1.0,1.0,0.8,skip,attack_already_active,1785296330.5866246,1785296330586624550,1384998803323026,73.4,53.3671875,-1.0,0,0
2026-07-28T23:38:50.588,10.42.0.1,10.42.0.1,89,3,UPLOAD,0.95,UPLOAD,0.95,1,10136,1.289271790236897,57,239052.0,308203.0,23,34,0.4368201295556916,0.5631798704443084,0.00536304822524299,1,0,1,1,1,1,1,1,0.9699999999999999,1.0,1.0,1.0,0.8,skip,attack_already_active,1785296330.588173,1785296330588172817,1384998804871266,73.4,53.3671875,-1.0,0,0
2026-07-28T23:38:50.591,10.42.0.1,10.42.0.1,89,3,UPLOAD,0.95,UPLOAD,0.95,1,1350,1.2949190970989788,58,239052.0,309553.0,23,35,0.4357452083010545,0.5642547916989455,0.0050390631552548575,1,0,1,1,1,1,1,1,0.9699999999999999,1.0,1.0,1.0,0.8,skip,attack_already_active,1785296330.5910773,1785296330591077271,1384998807775671,73.4,53.3671875,-1.0,0,0
2026-07-28T23:38:50.594,10.42.0.1,10.42.0.1,89,3,UPLOAD,0.95,UPLOAD,0.95,1,8591,1.3308568846931594,59,239052.0,318144.0,23,36,0.42902676975426957,0.5709732302457304,0.004891263925121248,1,0,1,1,1,1,1,1,0.9699999999999999,1.0,1.0,1.0,0.8,skip,attack_already_active,1785296330.5949948,1785296330594994571,1384998811693256,73.4,53.3671875,-1.0,0,0
2026-07-28T23:38:50.601,10.42.0.18,10.42.0.1,63,3,UPLOAD,0.95,UPLOAD,0.95,1,16060,0.24866840085394729,7,64584.0,16060.0,6,1,0.8008531322851049,0.1991468677148951,0.3962262336468515,0,0,0,1,1,1,1,1,0.9699999999999999,1.0,1.0,1.0,0.8,trigger,training_upload_trigger_confirmed,1785296330.6012712,1785296330601271073,1384998817969628,73.4,53.3671875,50.776162,1785296330652048481,1384998868745790
2026-07-28T23:38:50.603,10.42.0.18,10.42.0.1,63,3,UPLOAD,0.9841010226033655,UPLOAD,0.9841010226033655,1,63495,1.2318066394117457,8,64584.0,79555.0,6,2,0.448067490408564,0.551932509591436,0.34427276932421086,0,0,1,1,1,1,1,1,0.9699999999999999,1.0,1.0,1.0,0.8,skip,attack_already_active,1785296330.603237,1785296330603236816,1384998819935264,73.4,53.3671875,-1.0,0,0
2026-07-28T23:38:50.605,10.42.0.1,10.42.0.1,89,3,UPLOAD,0.95,UPLOAD,0.95,1,2896,1.3429714037098917,60,239052.0,321040.0,23,37,0.42680845289702407,0.5731915471029759,0.004727627610695845,1,0,1,1,1,1,1,1,0.9699999999999999,1.0,1.0,1.0,0.8,skip,attack_already_active,1785296330.6059499,1785296330605949865,1384998822648313,73.4,53.3671875,-1.0,0,0
2026-07-28T23:38:50.606,10.42.0.1,10.42.0.1,89,3,UPLOAD,0.95,UPLOAD,0.95,1,11584,1.3914294797768207,61,239052.0,332624.0,23,38,0.4181599367473884,0.5818400632526116,0.004241375873638493,1,0,1,1,1,1,1,1,0.9699999999999999,1.0,1.0,1.0,0.8,skip,attack_already_active,1785296330.6069875,1785296330606987405,1384998823685696,73.4,53.3671875,-1.0,0,0
2026-07-28T23:38:50.607,10.42.0.1,10.42.0.1,89,3,UPLOAD,0.95,UPLOAD,0.95,1,2896,1.4035439987935532,62,239052.0,335520.0,23,39,0.41605229631795493,0.5839477036820451,0.0037736129351125126,1,0,1,1,1,1,1,1,0.9699999999999999,1.0,1.0,1.0,0.8,skip,attack_already_active,1785296330.6076791,1785296330607679205,1384998824377385,73.4,53.3671875,-1.0,0,0
2026-07-28T23:38:50.608,10.42.0.1,10.42.0.1,89,3,UPLOAD,0.95,UPLOAD,0.95,1,11584,1.4520020748604823,63,239052.0,347104.0,23,40,0.40782999747507487,0.5921700025249251,0.0034060070417834126,1,0,1,1,1,1,1,1,0.9699999999999999,1.0,1.0,1.0,0.8,skip,attack_already_active,1785296330.608663,1785296330608663031,1384998825361393,73.4,53.3671875,-1.0,0,0
2026-07-28T23:38:50.609,10.42.0.1,10.42.0.1,89,3,UPLOAD,0.95,UPLOAD,0.95,1,5792,1.4762311128939467,64,239052.0,352896.0,23,41,0.4038395264448904,0.5961604735551096,0.0031018597759806124,1,0,1,1,1,1,1,1,0.9699999999999999,1.0,1.0,1.0,0.8,skip,attack_already_active,1785296330.609761,1785296330609761005,1384998826459516,73.4,53.3671875,-1.0,0,0
2026-07-28T23:38:50.611,10.42.0.1,10.42.0.1,89,3,UPLOAD,0.95,UPLOAD,0.95,1,14480,1.5368037079776082,65,239052.0,367376.0,23,42,0.39419683787687904,0.605803162123121,0.0029070354840310462,1,0,1,1,1,1,1,1,0.9699999999999999,1.0,1.0,1.0,0.8,skip,attack_already_active,1785296330.6113844,1785296330611384332,1384998828082676,73.4,53.3671875,-1.0,0,0
2026-07-28T23:38:50.612,10.42.0.1,10.42.0.1,89,3,UPLOAD,0.95,UPLOAD,0.95,1,8688,1.573147265027805,66,239052.0,376064.0,23,43,0.3886291366181338,0.6113708633818662,0.0026142876870055326,1,0,1,1,1,1,1,1,0.9699999999999999,1.0,1.0,1.0,0.8,skip,attack_already_active,1785296330.6120698,1785296330612069828,1384998828768051,73.4,53.3671875,-1.0,0,0
2026-07-28T23:38:50.612,10.42.0.1,10.42.0.1,89,3,UPLOAD,0.95,UPLOAD,0.95,1,5792,1.5973763030612695,67,239052.0,381856.0,23,44,0.3850038975178287,0.6149961024821713,0.0023613732746861978,1,0,1,1,1,1,1,1,0.9699999999999999,1.0,1.0,1.0,0.8,skip,attack_already_active,1785296330.6127648,1785296330612764874,1384998829462972,73.4,53.3671875,-1.0,0,0
2026-07-28T23:38:50.613,10.42.0.1,10.42.0.1,89,3,UPLOAD,0.95,UPLOAD,0.95,1,2798,1.6090808694317174,68,239052.0,384654.0,23,45,0.38327673615453434,0.6167232638454656,0.0021735181811252655,1,0,1,1,1,1,1,1,0.9699999999999999,1.0,1.0,1.0,0.8,skip,attack_already_active,1785296330.6137006,1785296330613700632,1384998830398751,73.4,53.3671875,-1.0,0,0
2026-07-28T23:38:51.276,10.42.0.1,10.42.0.1,89,3,UPLOAD,0.9829495350866386,UPLOAD,0.9829495350866386,0,39,100.0,27,0.0,225595.0,0,27,0.0,1.0,0.0072670963633008,1,0,1,0,0,0,0,0,0.45499999999999996,0.1,1.0,0.0,0.8,skip,attack_already_active,1785296331.2768493,1785296331276849090,1384999493547641,20.7,53.3671875,-1.0,0,0
2026-07-28T23:38:52.020,10.42.0.210,10.42.0.1,88,3,UPLOAD,0.95,UPLOAD,0.95,1,1448,100.0,1,0.0,1448.0,0,1,0.0,1.0,0.12678371620656495,0,0,0,1,1,1,1,1,0.9525,0.95,1.0,1.0,0.8,trigger,training_upload_trigger_confirmed,1785296332.0201042,1785296332020104250,1385000236802944,4.8,53.3671875,6.967766,1785296332027073423,1385000243770710
2026-07-28T23:38:52.021,10.42.0.210,10.42.0.1,88,3,UPLOAD,0.9841010226033655,UPLOAD,0.9841010226033655,1,1448,100.0,2,0.0,2896.0,0,2,0.0,1.0,0.11021327405768125,0,0,1,1,1,1,1,1,0.9699999999999999,1.0,1.0,1.0,0.8,skip,attack_already_active,1785296332.0211394,1785296332021139545,1385000237838192,4.8,53.3671875,-1.0,0,0
2026-07-28T23:38:52.023,10.42.0.210,10.42.0.1,88,3,UPLOAD,0.9854688349332961,UPLOAD,0.9854688349332961,1,1448,100.0,3,0.0,4344.0,0,3,0.0,1.0,0.0959385535298904,0,0,1,1,1,1,1,1,0.9699999999999999,1.0,1.0,1.0,0.8,skip,attack_already_active,1785296332.0230258,1785296332023025716,1385000239724607,4.8,53.3671875,-1.0,0,0
2026-07-28T23:38:52.024,10.42.0.210,10.42.0.1,88,3,UPLOAD,0.9855076450773014,UPLOAD,0.9855076450773014,1,1448,100.0,4,0.0,5792.0,0,4,0.0,1.0,0.08343582663807134,0,0,1,1,1,1,1,1,0.9699999999999999,1.0,1.0,1.0,0.8,skip,attack_already_active,1785296332.0240846,1785296332024084502,1385000240782945,4.8,53.3671875,-1.0,0,0
2026-07-28T23:38:52.025,10.42.0.210,10.42.0.1,88,3,UPLOAD,0.9855086980780915,UPLOAD,0.9855086980780915,1,1448,100.0,5,0.0,7240.0,0,5,0.0,1.0,0.07261359687902699,0,0,1,1,1,1,1,1,0.9699999999999999,1.0,1.0,1.0,0.8,skip,attack_already_active,1785296332.0253935,1785296332025393339,1385000242092031,4.8,53.3671875,-1.0,0,0
2026-07-28T23:38:52.026,10.42.0.210,10.42.0.1,88,3,UPLOAD,0.9855087254685951,UPLOAD,0.9855087254685951,1,1448,100.0,6,0.0,8688.0,0,6,0.0,1.0,0.06319427459614951,0,0,1,1,1,1,1,1,0.9699999999999999,1.0,1.0,1.0,0.8,skip,attack_already_active,1785296332.0265265,1785296332026526510,1385000243225578,4.8,53.3671875,-1.0,0,0
2026-07-28T23:38:52.028,10.42.0.210,10.42.0.1,88,3,UPLOAD,0.9855087261493067,UPLOAD,0.9855087261493067,1,1448,100.0,7,0.0,10136.0,0,7,0.0,1.0,0.05506550394956523,0,0,1,1,1,1,1,1,0.9699999999999999,1.0,1.0,1.0,0.8,skip,attack_already_active,1785296332.0280337,1785296332028033889,1385000244732435,4.8,53.3671875,-1.0,0,0
2026-07-28T23:38:52.028,10.42.0.210,10.42.0.1,88,3,UPLOAD,0.9855087261653082,UPLOAD,0.9855087261653082,1,1448,100.0,8,0.0,11584.0,0,8,0.0,1.0,0.047917918069499035,0,0,1,1,1,1,1,1,0.9699999999999999,1.0,1.0,1.0,0.8,skip,attack_already_active,1785296332.0288582,1785296332028858039,1385000245556539,4.8,53.3671875,-1.0,0,0
2026-07-28T23:38:52.029,10.42.0.210,10.42.0.1,88,3,UPLOAD,0.985508726165656,UPLOAD,0.985508726165656,1,1448,100.0,9,0.0,13032.0,0,9,0.0,1.0,0.04172721907810184,0,0,1,1,1,1,1,1,0.9699999999999999,1.0,1.0,1.0,0.8,skip,attack_already_active,1785296332.0297966,1785296332029796492,1385000246494611,4.8,53.3671875,-1.0,0,0
2026-07-28T23:38:52.030,10.42.0.210,10.42.0.1,88,3,UPLOAD,0.9855087261656625,UPLOAD,0.9855087261656625,1,1448,100.0,10,0.0,14480.0,0,10,0.0,1.0,0.03632015607403257,0,0,1,1,1,1,1,1,0.9699999999999999,1.0,1.0,1.0,0.8,skip,attack_already_active,1785296332.030491,1785296332030491054,1385000247189561,4.8,53.3671875,-1.0,0,0
2026-07-28T23:38:52.031,10.42.0.210,10.42.0.1,88,3,UPLOAD,0.95,UPLOAD,0.95,1,1448,100.0,11,0.0,15928.0,0,11,0.0,1.0,0.031657934513602395,0,0,1,1,1,1,1,1,0.9699999999999999,1.0,1.0,1.0,0.8,skip,attack_already_active,1785296332.031431,1785296332031430963,1385000248129107,4.8,53.3671875,-1.0,0,0
2026-07-28T23:38:52.032,10.42.0.210,10.42.0.1,88,3,UPLOAD,0.95,UPLOAD,0.95,1,1448,100.0,12,0.0,17376.0,0,12,0.0,1.0,0.02756740978264125,0,0,1,1,1,1,1,1,0.9699999999999999,1.0,1.0,1.0,0.8,skip,attack_already_active,1785296332.032047,1785296332032046994,1385000248745008,4.8,53.3671875,-1.0,0,0
2026-07-28T23:38:52.032,10.42.0.210,10.42.0.1,88,3,UPLOAD,0.95,UPLOAD,0.95,1,1448,100.0,13,0.0,18824.0,0,13,0.0,1.0,0.02405213613146152,0,0,1,1,1,1,1,1,0.9699999999999999,1.0,1.0,1.0,0.8,skip,attack_already_active,1785296332.032938,1785296332032938075,1385000249636226,4.8,53.3671875,-1.0,0,0
2026-07-28T23:38:52.033,10.42.0.210,10.42.0.1,88,3,UPLOAD,0.95,UPLOAD,0.95,1,1448,100.0,14,0.0,20272.0,0,14,0.0,1.0,0.020971150297745978,0,0,1,1,1,1,1,1,0.9699999999999999,1.0,1.0,1.0,0.8,skip,attack_already_active,1785296332.0336094,1785296332033609396,1385000250307553,4.8,53.3671875,-1.0,0,0
2026-07-28T23:38:52.034,10.42.0.210,10.42.0.1,88,3,UPLOAD,0.95,UPLOAD,0.95,1,1448,100.0,15,0.0,21720.0,0,15,0.0,1.0,0.018332729684204623,0,0,1,1,1,1,1,1,0.9699999999999999,1.0,1.0,1.0,0.8,skip,attack_already_active,1785296332.0345583,1785296332034558176,1385000251256314,4.8,53.3671875,-1.0,0,0
2026-07-28T23:38:52.035,10.42.0.210,10.42.0.1,88,3,UPLOAD,0.95,UPLOAD,0.95,1,1448,100.0,16,0.0,23168.0,0,16,0.0,1.0,0.01600082864454152,0,0,1,1,1,1,1,1,0.9699999999999999,1.0,1.0,1.0,0.8,skip,attack_already_active,1785296332.0351949,1785296332035195001,1385000251893182,4.8,53.3671875,-1.0,0,0
2026-07-28T23:38:52.036,10.42.0.210,10.42.0.1,88,3,UPLOAD,0.95,UPLOAD,0.95,1,1448,100.0,17,0.0,24616.0,0,17,0.0,1.0,0.014013128166537204,0,0,1,1,1,1,1,1,0.9699999999999999,1.0,1.0,1.0,0.8,skip,attack_already_active,1785296332.0361116,1785296332036111647,1385000252809677,4.8,53.3671875,-1.0,0,0
2026-07-28T23:38:52.036,10.42.0.210,10.42.0.1,88,3,UPLOAD,0.95,UPLOAD,0.95,1,1448,100.0,18,0.0,26064.0,0,18,0.0,1.0,0.012251445681650267,0,0,1,1,1,1,1,1,0.9699999999999999,1.0,1.0,1.0,0.8,skip,attack_already_active,1785296332.0367558,1785296332036755644,1385000253453757,4.8,53.3671875,-1.0,0,0
2026-07-28T23:38:52.037,10.42.0.210,10.42.0.1,88,3,UPLOAD,0.95,UPLOAD,0.95,1,1448,100.0,19,0.0,27512.0,0,19,0.0,1.0,0.010758729258828838,0,0,1,1,1,1,1,1,0.9699999999999999,1.0,1.0,1.0,0.8,skip,attack_already_active,1785296332.0376794,1785296332037679359,1385000254377535,4.8,53.3671875,-1.0,0,0
2026-07-28T23:38:52.038,10.42.0.210,10.42.0.1,88,3,UPLOAD,0.95,UPLOAD,0.95,1,1448,100.0,20,0.0,28960.0,0,20,0.0,1.0,0.009427307247900505,0,0,1,1,1,1,1,1,0.9699999999999999,1.0,1.0,1.0,0.8,skip,attack_already_active,1785296332.0383344,1785296332038334535,1385000255032892,4.8,53.3671875,-1.0,0,0
2026-07-28T23:38:52.039,10.42.0.210,10.42.0.1,88,3,UPLOAD,0.95,UPLOAD,0.95,1,1448,100.0,21,0.0,30408.0,0,21,0.0,1.0,0.008318396052646419,0,0,1,1,1,1,1,1,0.9699999999999999,1.0,1.0,1.0,0.8,skip,attack_already_active,1785296332.0393465,1785296332039346431,1385000256044650,4.8,53.3671875,-1.0,0,0
2026-07-28T23:38:52.039,10.42.0.210,10.42.0.1,88,3,UPLOAD,0.95,UPLOAD,0.95,1,1448,100.0,22,0.0,31856.0,0,22,0.0,1.0,0.007307950721476868,0,0,1,1,1,1,1,1,0.9699999999999999,1.0,1.0,1.0,0.8,skip,attack_already_active,1785296332.0399969,1785296332039996806,1385000256694884,4.8,53.3671875,-1.0,0,0
2026-07-28T23:38:52.040,10.42.0.210,10.42.0.1,88,3,UPLOAD,0.95,UPLOAD,0.95,1,1448,100.0,23,0.0,33304.0,0,23,0.0,1.0,0.006465749614019665,0,0,1,1,1,1,1,1,0.9699999999999999,1.0,1.0,1.0,0.8,skip,attack_already_active,1785296332.0409136,1785296332040913553,1385000257611614,4.8,53.3671875,-1.0,0,0
2026-07-28T23:38:52.041,10.42.0.210,10.42.0.1,88,3,UPLOAD,0.95,UPLOAD,0.95,1,1448,100.0,24,0.0,34752.0,0,24,0.0,1.0,0.005698399006258217,0,0,1,1,1,1,1,1,0.9699999999999999,1.0,1.0,1.0,0.8,skip,attack_already_active,1785296332.0415561,1785296332041556153,1385000258254370,4.8,53.3671875,-1.0,0,0
2026-07-28T23:38:52.042,10.42.0.210,10.42.0.1,88,3,UPLOAD,0.95,UPLOAD,0.95,1,1448,100.0,25,0.0,36200.0,0,25,0.0,1.0,0.005069458167879664,0,0,1,1,1,1,1,1,0.9699999999999999,1.0,1.0,1.0,0.8,skip,attack_already_active,1785296332.0424817,1785296332042481644,1385000259179823,4.8,53.3671875,-1.0,0,0
2026-07-28T23:38:52.043,10.42.0.210,10.42.0.1,88,3,UPLOAD,0.95,UPLOAD,0.95,1,1448,100.0,26,0.0,37648.0,0,26,0.0,1.0,0.004491758270395789,0,0,1,1,1,1,1,1,0.9699999999999999,1.0,1.0,1.0,0.8,skip,attack_already_active,1785296332.043167,1785296332043167176,1385000259865353,4.8,53.3671875,-1.0,0,0
2026-07-28T23:38:52.044,10.42.0.210,10.42.0.1,88,3,UPLOAD,0.95,UPLOAD,0.95,1,1448,100.0,27,0.0,39096.0,0,27,0.0,1.0,0.004033037914937801,0,0,1,1,1,1,1,1,0.9699999999999999,1.0,1.0,1.0,0.8,skip,attack_already_active,1785296332.0441778,1785296332044177694,1385000260876071,4.8,53.3671875,-1.0,0,0
2026-07-28T23:38:52.045,10.42.0.210,10.42.0.1,88,3,UPLOAD,0.95,UPLOAD,0.95,1,1448,100.0,28,0.0,40544.0,0,28,0.0,1.0,0.003638252531101069,0,0,1,1,1,1,1,1,0.9699999999999999,1.0,1.0,1.0,0.8,skip,attack_already_active,1785296332.045215,1785296332045214991,1385000261913500,4.8,53.3671875,-1.0,0,0
2026-07-28T23:38:52.047,10.42.0.210,10.42.0.1,88,3,UPLOAD,0.95,UPLOAD,0.95,1,1448,100.0,29,0.0,41992.0,0,29,0.0,1.0,0.003496090401585635,0,0,1,1,1,1,1,1,0.9699999999999999,1.0,1.0,1.0,0.8,skip,attack_already_active,1785296332.0477743,1785296332047774165,1385000264473597,4.8,53.3671875,-1.0,0,0
2026-07-28T23:38:52.048,10.42.0.210,10.42.0.1,88,3,UPLOAD,0.95,UPLOAD,0.95,1,1448,100.0,30,0.0,43440.0,0,30,0.0,1.0,0.0031856961781065217,0,0,1,1,1,1,1,1,0.9699999999999999,1.0,1.0,1.0,0.8,skip,attack_already_active,1785296332.048915,1785296332048915053,1385000265613444,4.8,53.3671875,-1.0,0,0
2026-07-28T23:38:52.050,10.42.0.210,10.42.0.1,88,3,UPLOAD,0.95,UPLOAD,0.95,1,1448,100.0,31,0.0,44888.0,0,31,0.0,1.0,0.0029517685777238453,0,0,1,1,1,1,1,1,0.9699999999999999,1.0,1.0,1.0,0.8,skip,attack_already_active,1785296332.0503254,1785296332050325387,1385000267023816,4.8,53.3671875,-1.0,0,0
2026-07-28T23:38:52.051,10.42.0.210,10.42.0.1,88,3,UPLOAD,0.95,UPLOAD,0.95,1,1448,100.0,32,0.0,46336.0,0,32,0.0,1.0,0.0026663528607976314,0,0,1,1,1,1,1,1,0.9699999999999999,1.0,1.0,1.0,0.8,skip,attack_already_active,1785296332.0511112,1785296332051111273,1385000267809500,4.8,53.3671875,-1.0,0,0
2026-07-28T23:38:52.052,10.42.0.210,10.42.0.1,88,3,UPLOAD,0.95,UPLOAD,0.95,1,1448,100.0,33,0.0,47784.0,0,33,0.0,1.0,0.0024432103714170004,0,0,1,1,1,1,1,1,0.9699999999999999,1.0,1.0,1.0,0.8,skip,attack_already_active,1785296332.0520842,1785296332052084176,1385000268782321,4.8,53.3671875,-1.0,0,0
2026-07-28T23:38:52.052,10.42.0.210,10.42.0.1,88,3,UPLOAD,0.95,UPLOAD,0.95,1,1448,100.0,34,0.0,49232.0,0,34,0.0,1.0,0.002208912396279675,0,0,1,1,1,1,1,1,0.9699999999999999,1.0,1.0,1.0,0.8,skip,attack_already_active,1785296332.0527494,1785296332052749252,1385000269447363,4.8,53.3671875,-1.0,0,0
2026-07-28T23:38:52.053,10.42.0.210,10.42.0.1,88,3,UPLOAD,0.95,UPLOAD,0.95,1,1448,100.0,35,0.0,50680.0,0,35,0.0,1.0,0.0020414305113161417,0,0,1,1,1,1,1,1,0.9699999999999999,1.0,1.0,1.0,0.8,skip,attack_already_active,1785296332.0536873,1785296332053687242,1385000270385454,4.8,53.3671875,-1.0,0,0
2026-07-28T23:38:52.054,10.42.0.210,10.42.0.1,88,3,UPLOAD,0.95,UPLOAD,0.95,1,1448,100.0,36,0.0,52128.0,0,36,0.0,1.0,0.0018580975624717117,0,0,1,1,1,1,1,1,0.9699999999999999,1.0,1.0,1.0,0.8,skip,attack_already_active,1785296332.0543375,1785296332054337503,1385000271035939,4.8,53.3671875,-1.0,0,0
2026-07-28T23:38:52.055,10.42.0.210,10.42.0.1,88,3,UPLOAD,0.95,UPLOAD,0.95,1,1448,100.0,37,0.0,53576.0,0,37,0.0,1.0,0.001733765202678226,0,0,1,1,1,1,1,1,0.9699999999999999,1.0,1.0,1.0,0.8,skip,attack_already_active,1785296332.055252,1785296332055251872,1385000271949960,4.8,53.3671875,-1.0,0,0
2026-07-28T23:38:52.055,10.42.0.210,10.42.0.1,88,3,UPLOAD,0.95,UPLOAD,0.95,1,1448,100.0,38,0.0,55024.0,0,38,0.0,1.0,0.0016009026106327462,0,0,1,1,1,1,1,1,0.9699999999999999,1.0,1.0,1.0,0.8,skip,attack_already_active,1785296332.0559776,1785296332055977481,1385000272675703,4.8,53.3671875,-1.0,0,0
2026-07-28T23:38:52.057,10.42.0.210,10.42.0.1,88,3,UPLOAD,0.95,UPLOAD,0.95,1,1448,100.0,39,0.0,56472.0,0,39,0.0,1.0,0.001590325217245809,0,0,1,1,1,1,1,1,0.9699999999999999,1.0,1.0,1.0,0.8,skip,attack_already_active,1785296332.0574982,1785296332057498159,1385000274197916,4.8,53.3671875,-1.0,0,0
2026-07-28T23:38:52.058,10.42.0.210,10.42.0.1,88,3,UPLOAD,0.95,UPLOAD,0.95,1,1448,100.0,40,0.0,57920.0,0,40,0.0,1.0,0.0014866692870517287,0,0,1,1,1,1,1,1,0.9699999999999999,1.0,1.0,1.0,0.8,skip,attack_already_active,1785296332.058302,1785296332058301899,1385000275010233,4.8,53.3671875,-1.0,0,0
2026-07-28T23:38:52.059,10.42.0.210,10.42.0.1,88,3,UPLOAD,0.95,UPLOAD,0.95,1,1448,100.0,41,0.0,59368.0,0,41,0.0,1.0,0.0014271475191575472,0,0,1,1,1,1,1,1,0.9699999999999999,1.0,1.0,1.0,0.8,skip,attack_already_active,1785296332.059337,1785296332059336877,1385000276034947,4.8,53.3671875,-1.0,0,0
2026-07-28T23:38:52.060,10.42.0.210,10.42.0.1,88,3,UPLOAD,0.95,UPLOAD,0.95,1,1448,100.0,42,0.0,60816.0,0,42,0.0,1.0,0.001336668610820325,0,0,1,1,1,1,1,1,0.9699999999999999,1.0,1.0,1.0,0.8,skip,attack_already_active,1785296332.0600774,1785296332060077227,1385000276775646,4.8,53.3671875,-1.0,0,0
2026-07-28T23:38:52.061,10.42.0.210,10.42.0.1,88,3,UPLOAD,0.95,UPLOAD,0.95,1,1448,100.0,43,0.0,62264.0,0,43,0.0,1.0,0.0012956878205715166,0,0,1,1,1,1,1,1,0.9699999999999999,1.0,1.0,1.0,0.8,skip,attack_already_active,1785296332.061103,1785296332061103127,1385000277801320,4.8,53.3671875,-1.0,0,0
2026-07-28T23:38:52.061,10.42.0.210,10.42.0.1,88,3,UPLOAD,0.95,UPLOAD,0.95,1,1448,100.0,44,0.0,63712.0,0,44,0.0,1.0,0.0012131695346626048,0,0,1,1,1,1,1,1,0.9699999999999999,1.0,1.0,1.0,0.8,skip,attack_already_active,1785296332.0617726,1785296332061772572,1385000278470709,4.8,53.3671875,-1.0,0,0
2026-07-28T23:38:52.062,10.42.0.210,10.42.0.1,88,3,UPLOAD,0.95,UPLOAD,0.95,1,1448,100.0,45,0.0,65160.0,0,45,0.0,1.0,0.0012047684425259293,0,0,1,1,1,1,1,1,0.9699999999999999,1.0,1.0,1.0,0.8,skip,attack_already_active,1785296332.062922,1785296332062921904,1385000279620302,4.8,53.3671875,-1.0,0,0
2026-07-28T23:38:52.063,10.42.0.210,10.42.0.1,88,3,UPLOAD,0.95,UPLOAD,0.95,1,1448,100.0,46,0.0,66608.0,0,46,0.0,1.0,0.001147332099192924,0,0,1,1,1,1,1,1,0.9699999999999999,1.0,1.0,1.0,0.8,skip,attack_already_active,1785296332.063691,1785296332063690937,1385000280389363,4.8,53.3671875,-1.0,0,0
2026-07-28T23:38:52.064,10.42.0.210,10.42.0.1,88,3,UPLOAD,0.95,UPLOAD,0.95,1,1448,100.0,47,0.0,68056.0,0,47,0.0,1.0,0.0011284106188777713,0,0,1,1,1,1,1,1,0.9699999999999999,1.0,1.0,1.0,0.8,skip,attack_already_active,1785296332.0646946,1785296332064694510,1385000281392647,4.8,53.3671875,-1.0,0,0
2026-07-28T23:38:52.065,10.42.0.210,10.42.0.1,88,3,UPLOAD,0.95,UPLOAD,0.95,1,1448,100.0,48,0.0,69504.0,0,48,0.0,1.0,0.0010710141105601248,0,0,1,1,1,1,1,1,0.9699999999999999,1.0,1.0,1.0,0.8,skip,attack_already_active,1785296332.0653875,1785296332065387637,1385000282085772,4.8,53.3671875,-1.0,0,0
2026-07-28T23:38:52.066,10.42.0.210,10.42.0.1,88,3,UPLOAD,0.95,UPLOAD,0.95,1,1448,100.0,49,0.0,70952.0,0,49,0.0,1.0,0.001067113354750407,0,0,1,1,1,1,1,1,0.9699999999999999,1.0,1.0,1.0,0.8,skip,attack_already_active,1785296332.066429,1785296332066428829,1385000283127125,4.8,53.3671875,-1.0,0,0
2026-07-28T23:38:52.067,10.42.0.210,10.42.0.1,88,3,UPLOAD,0.95,UPLOAD,0.95,1,1448,100.0,50,0.0,72400.0,0,50,0.0,1.0,0.001019239465005345,0,0,1,1,1,1,1,1,0.9699999999999999,1.0,1.0,1.0,0.8,skip,attack_already_active,1785296332.0671327,1785296332067132696,1385000283831337,4.8,53.3671875,-1.0,0,0
2026-07-28T23:38:52.068,10.42.0.210,10.42.0.1,88,3,UPLOAD,0.95,UPLOAD,0.95,1,1448,100.0,51,0.0,73848.0,0,51,0.0,1.0,0.0010131130509065363,0,0,1,1,1,1,1,1,0.9699999999999999,1.0,1.0,1.0,0.8,skip,attack_already_active,1785296332.0681055,1785296332068105505,1385000284804086,59.4,53.3671875,-1.0,0,0
2026-07-28T23:38:52.069,10.42.0.210,10.42.0.1,88,3,UPLOAD,0.95,UPLOAD,0.95,1,1448,100.0,52,0.0,75296.0,0,52,0.0,1.0,0.001024036779763643,0,0,1,1,1,1,1,1,0.9699999999999999,1.0,1.0,1.0,0.8,skip,attack_already_active,1785296332.0692015,1785296332069201460,1385000285900126,59.4,53.3671875,-1.0,0,0
2026-07-28T23:38:52.070,10.42.0.210,10.42.0.1,88,3,UPLOAD,0.950077467015516,UPLOAD,0.950077467015516,1,1448,100.0,53,0.0,76744.0,0,53,0.0,1.0,0.0010299394471498626,0,0,1,1,1,1,1,1,0.9699999999999999,1.0,1.0,1.0,0.8,skip,attack_already_active,1785296332.0702703,1785296332070270319,1385000286968609,59.4,53.3671875,-1.0,0,0
2026-07-28T23:38:52.071,10.42.0.210,10.42.0.1,88,3,UPLOAD,0.9513044002098315,UPLOAD,0.9513044002098315,1,1448,100.0,54,0.0,78192.0,0,54,0.0,1.0,0.0009915196641650994,0,0,1,1,1,1,1,1,0.9699999999999999,1.0,1.0,1.0,0.8,skip,attack_already_active,1785296332.0710087,1785296332071008846,1385000287707089,59.4,53.3671875,-1.0,0,0
2026-07-28T23:38:52.072,10.42.0.210,10.42.0.1,88,3,UPLOAD,0.9637821934227612,UPLOAD,0.9637821934227612,1,1338,100.0,55,0.0,79530.0,0,55,0.0,1.0,0.0010036237235640432,0,0,1,1,1,1,1,1,0.9699999999999999,1.0,1.0,1.0,0.8,skip,attack_already_active,1785296332.072092,1785296332072092178,1385000288790419,59.4,53.3671875,-1.0,0,0
2026-07-28T23:38:52.084,10.42.0.1,10.42.0.1,89,3,UPLOAD,0.9801777819225129,UPLOAD,0.9801777819225129,1,7240,100.0,1,0.0,7240.0,0,1,0.0,1.0,0.11273896229332481,1,0,1,1,1,1,1,1,0.9699999999999999,1.0,1.0,1.0,0.8,skip,attack_already_active,1785296332.0845132,1785296332084513247,1385000301211864,59.4,53.3671875,-1.0,0,0
2026-07-28T23:38:52.085,10.42.0.1,10.42.0.1,89,3,UPLOAD,0.98003012022611,UPLOAD,0.98003012022611,1,7240,100.0,2,0.0,14480.0,0,2,0.0,1.0,0.09798237600720022,1,0,1,1,1,1,1,1,0.9699999999999999,1.0,1.0,1.0,0.8,skip,attack_already_active,1785296332.0852685,1785296332085268447,1385000301966640,59.4,53.3671875,-1.0,0,0
2026-07-28T23:38:52.107,10.42.0.1,10.42.0.1,89,3,UPLOAD,0.9802371688684826,UPLOAD,0.9802371688684826,1,1448,100.0,3,0.0,15928.0,0,3,0.0,1.0,0.08804141759699567,1,0,1,1,1,1,1,1,0.9699999999999999,1.0,1.0,1.0,0.8,skip,attack_already_active,1785296332.1078117,1785296332107811691,1385000324510247,59.4,53.3671875,-1.0,0,0
2026-07-28T23:38:52.210,10.42.0.1,10.42.0.1,89,3,UPLOAD,0.9804401107044749,UPLOAD,0.9804401107044749,1,10136,100.0,4,0.0,26064.0,0,4,0.0,1.0,0.08991960271662795,1,0,1,1,1,1,1,1,0.9699999999999999,1.0,1.0,1.0,0.8,skip,attack_already_active,1785296332.2101061,1785296332210106052,1385000426804679,59.4,53.3671875,-1.0,0,0
2026-07-28T23:38:52.211,10.42.0.1,10.42.0.1,89,3,UPLOAD,0.9806081592269894,UPLOAD,0.9806081592269894,1,14480,100.0,5,0.0,40544.0,0,5,0.0,1.0,0.07828507623445187,1,0,1,1,1,1,1,1,0.9699999999999999,1.0,1.0,1.0,0.8,skip,attack_already_active,1785296332.2117345,1785296332211734497,1385000428432878,59.4,53.3671875,-1.0,0,0
2026-07-28T23:38:52.212,10.42.0.1,10.42.0.1,89,3,UPLOAD,0.9808407575319752,UPLOAD,0.9808407575319752,1,18824,100.0,6,0.0,59368.0,0,6,0.0,1.0,0.06810828134319508,1,0,1,1,1,1,1,1,0.9699999999999999,1.0,1.0,1.0,0.8,skip,attack_already_active,1785296332.2127907,1785296332212790671,1385000429489010,59.4,53.3671875,-1.0,0,0
2026-07-28T23:38:52.214,10.42.0.1,10.42.0.1,89,3,UPLOAD,0.9809882200134389,UPLOAD,0.9809882200134389,1,20162,100.0,7,0.0,79530.0,0,7,0.0,1.0,0.05931315099641578,1,0,1,1,1,1,1,1,0.9699999999999999,1.0,1.0,1.0,0.8,skip,attack_already_active,1785296332.2141552,1785296332214155245,1385000430853643,59.4,53.3671875,-1.0,0,0
2026-07-28T23:38:53.066,10.42.0.47,10.42.0.1|10.42.0.47,89,3,UPLOAD,0.95,UPLOAD,0.95,1,7240,100.0,1,0.0,7240.0,0,1,0.0,1.0,0.4521807824489559,1,0,0,1,1,1,1,1,0.9699999999999999,1.0,1.0,1.0,0.8,trigger,training_upload_trigger_confirmed,1785296333.0661829,1785296333066182960,1385001282881871,19.7,53.3671875,9.186187,1785296333075370711,1385001292068058
2026-07-28T23:38:53.066,10.42.0.47,10.42.0.1|10.42.0.47,89,3,UPLOAD,0.95,UPLOAD,0.95,1,1448,100.0,2,0.0,8688.0,0,2,0.0,1.0,0.3926986091525885,1,0,1,1,1,1,1,1,0.9699999999999999,1.0,1.0,1.0,0.8,skip,attack_already_active,1785296333.0669699,1785296333066969767,1385001283667960,19.7,53.3671875,-1.0,0,0
2026-07-28T23:38:53.068,10.42.0.47,10.42.0.1|10.42.0.47,89,3,UPLOAD,0.95,UPLOAD,0.95,1,5792,100.0,3,0.0,14480.0,0,3,0.0,1.0,0.34120132444883694,1,0,1,1,1,1,1,1,0.9699999999999999,1.0,1.0,1.0,0.8,skip,attack_already_active,1785296333.0688698,1785296333068869957,1385001285568420,19.7,53.3671875,-1.0,0,0
2026-07-28T23:38:53.069,10.42.0.47,10.42.0.1|10.42.0.47,89,3,UPLOAD,0.95,UPLOAD,0.95,1,8688,100.0,4,0.0,23168.0,0,4,0.0,1.0,0.29637514193319486,1,0,1,1,1,1,1,1,0.9699999999999999,1.0,1.0,1.0,0.8,skip,attack_already_active,1785296333.0698977,1785296333069897662,1385001286595936,19.7,53.3671875,-1.0,0,0
2026-07-28T23:38:53.070,10.42.0.47,10.42.0.1|10.42.0.47,89,3,UPLOAD,0.95,UPLOAD,0.95,1,2896,100.0,5,0.0,26064.0,0,5,0.0,1.0,0.2574491510477804,1,0,1,1,1,1,1,1,0.9699999999999999,1.0,1.0,1.0,0.8,skip,attack_already_active,1785296333.0708742,1785296333070874074,1385001287572605,19.7,53.3671875,-1.0,0,0
2026-07-28T23:38:53.071,10.42.0.47,10.42.0.1|10.42.0.47,89,3,UPLOAD,0.9511250937194478,UPLOAD,0.9511250937194478,1,7240,100.0,6,0.0,33304.0,0,6,0.0,1.0,0.223621540044009,1,0,1,1,1,1,1,1,0.9699999999999999,1.0,1.0,1.0,0.8,skip,attack_already_active,1785296333.071615,1785296333071615087,1385001288313681,19.7,53.3671875,-1.0,0,0
2026-07-28T23:38:53.072,10.42.0.47,10.42.0.1|10.42.0.47,89,3,UPLOAD,0.9535988523518438,UPLOAD,0.9535988523518438,1,7240,100.0,7,0.0,40544.0,0,7,0.0,1.0,0.1942834646719284,1,0,1,1,1,1,1,1,0.9699999999999999,1.0,1.0,1.0,0.8,skip,attack_already_active,1785296333.072598,1785296333072597891,1385001289296329,19.7,53.3671875,-1.0,0,0
2026-07-28T23:38:53.073,10.42.0.47,10.42.0.1|10.42.0.47,89,3,UPLOAD,0.9558961430845205,UPLOAD,0.9558961430845205,1,2896,100.0,8,0.0,43440.0,0,8,0.0,1.0,0.1688328253197118,1,0,1,1,1,1,1,1,0.9699999999999999,1.0,1.0,1.0,0.8,skip,attack_already_active,1785296333.0737436,1785296333073743721,1385001290444459,19.7,53.3671875,-1.0,0,0
2026-07-28T23:38:53.075,10.42.0.47,10.42.0.1|10.42.0.47,89,3,UPLOAD,0.9581278623195584,UPLOAD,0.9581278623195584,1,8688,100.0,9,0.0,52128.0,0,9,0.0,1.0,0.14676169278335816,1,0,1,1,1,1,1,1,0.9699999999999999,1.0,1.0,1.0,0.8,skip,attack_already_active,1785296333.0750847,1785296333075084743,1385001291783063,19.7,53.3671875,-1.0,0,0
2026-07-28T23:38:53.076,10.42.0.47,10.42.0.1|10.42.0.47,89,3,UPLOAD,0.9600604223651295,UPLOAD,0.9600604223651295,1,8688,100.0,10,0.0,60816.0,0,10,0.0,1.0,0.1275674288609861,1,0,1,1,1,1,1,1,0.9699999999999999,1.0,1.0,1.0,0.8,skip,attack_already_active,1785296333.0761864,1785296333076186394,1385001292884652,19.7,53.3671875,-1.0,0,0
2026-07-28T23:38:53.077,10.42.0.47,10.42.0.1|10.42.0.47,89,3,UPLOAD,0.9587585648416216,UPLOAD,0.9587585648416216,1,10136,100.0,11,0.0,70952.0,0,11,0.0,1.0,0.11087737630294664,1,0,1,1,1,1,1,1,0.9699999999999999,1.0,1.0,1.0,0.8,skip,attack_already_active,1785296333.0770977,1785296333077097687,1385001293795857,19.7,53.3671875,-1.0,0,0
2026-07-28T23:38:53.078,10.42.0.47,10.42.0.1|10.42.0.47,89,3,UPLOAD,0.955491657847005,UPLOAD,0.955491657847005,1,8603,100.0,12,0.0,79555.0,0,12,0.0,1.0,0.09639148484694757,1,0,1,1,1,1,1,1,0.9699999999999999,1.0,1.0,1.0,0.8,skip,attack_already_active,1785296333.0780456,1785296333078045800,1385001294743940,19.7,53.3671875,-1.0,0,0
2026-07-28T23:38:53.079,10.42.0.1,10.42.0.1|10.42.0.47,89,3,UPLOAD,0.9807773886397393,UPLOAD,0.9807773886397393,1,7240,100.0,8,0.0,86770.0,0,8,0.0,1.0,0.05295540302320138,1,0,1,1,1,1,1,1,0.9699999999999999,1.0,1.0,1.0,0.8,skip,attack_already_active,1785296333.0790718,1785296333079071834,1385001295770111,19.7,53.3671875,-1.0,0,0
2026-07-28T23:38:53.079,10.42.0.1,10.42.0.1|10.42.0.47,89,3,UPLOAD,0.9805332443358228,UPLOAD,0.9805332443358228,1,5792,100.0,9,0.0,92562.0,0,9,0.0,1.0,0.04606683557793919,1,0,1,1,1,1,1,1,0.9699999999999999,1.0,1.0,1.0,0.8,skip,attack_already_active,1785296333.0797517,1785296333079751555,1385001296449665,19.7,53.3671875,-1.0,0,0
2026-07-28T23:38:53.087,10.42.0.1,10.42.0.1|10.42.0.47,89,3,UPLOAD,0.9798924656796528,UPLOAD,0.9798924656796528,1,1448,100.0,8,0.0,79530.0,0,8,0.0,1.0,0.041061832427296566,1,0,1,1,1,1,1,1,0.9699999999999999,1.0,1.0,1.0,0.8,skip,attack_already_active,1785296333.087837,1785296333087836958,1385001304535391,19.7,53.3671875,-1.0,0,0
2026-07-28T23:38:53.102,10.42.0.1,10.42.0.1|10.42.0.47,89,3,UPLOAD,0.9800839003509791,UPLOAD,0.9800839003509791,1,11584,100.0,9,0.0,91114.0,0,9,0.0,1.0,0.03761863956247329,1,0,1,1,1,1,1,1,0.9699999999999999,1.0,1.0,1.0,0.8,skip,attack_already_active,1785296333.1027694,1785296333102769421,1385001319467615,19.7,53.3671875,-1.0,0,0
2026-07-28T23:38:53.103,10.42.0.1,10.42.0.1|10.42.0.47,89,3,UPLOAD,0.9805513439838779,UPLOAD,0.9805513439838779,1,11584,100.0,10,0.0,102698.0,0,10,0.0,1.0,0.03279533320675805,1,0,1,1,1,1,1,1,0.9699999999999999,1.0,1.0,1.0,0.8,skip,attack_already_active,1785296333.1037853,1785296333103785091,1385001320483340,19.7,53.3671875,-1.0,0,0
2026-07-28T23:38:53.106,10.42.0.1,10.42.0.1|10.42.0.47,89,3,UPLOAD,0.9811463844242524,UPLOAD,0.9811463844242524,1,13032,100.0,11,0.0,115730.0,0,11,0.0,1.0,0.028884403496852777,1,0,1,1,1,1,1,1,0.9699999999999999,1.0,1.0,1.0,0.8,skip,attack_already_active,1785296333.1069016,1785296333106901821,1385001323600389,19.7,53.3671875,-1.0,0,0
2026-07-28T23:38:53.107,10.42.0.1,10.42.0.1|10.42.0.47,89,3,UPLOAD,0.9814381995807838,UPLOAD,0.9814381995807838,1,2896,100.0,12,0.0,118626.0,0,12,0.0,1.0,0.025177361559252327,1,0,1,1,1,1,1,1,0.9699999999999999,1.0,1.0,1.0,0.8,skip,attack_already_active,1785296333.1076543,1785296333107654419,1385001324352602,19.7,53.3671875,-1.0,0,0
2026-07-28T23:38:53.108,10.42.0.1,10.42.0.1|10.42.0.47,89,3,UPLOAD,0.9813240347955493,UPLOAD,0.9813240347955493,1,14480,100.0,12,0.0,131658.0,0,12,0.0,1.0,0.021962614619027286,1,0,1,1,1,1,1,1,0.9699999999999999,1.0,1.0,1.0,0.8,skip,attack_already_active,1785296333.1084359,1785296333108435895,1385001325134363,19.7,53.3671875,-1.0,0,0
2026-07-28T23:38:53.109,10.42.0.1,10.42.0.1|10.42.0.47,89,3,UPLOAD,0.9806306946073723,UPLOAD,0.9806306946073723,1,7240,100.0,13,0.0,138898.0,0,13,0.0,1.0,0.01921550514087278,1,0,1,1,1,1,1,1,0.9699999999999999,1.0,1.0,1.0,0.8,skip,attack_already_active,1785296333.1095514,1785296333109551240,1385001326249665,19.7,53.3671875,-1.0,0,0
2026-07-28T23:38:53.110,10.42.0.1,10.42.0.1|10.42.0.47,89,3,UPLOAD,0.9798151579515397,UPLOAD,0.9798151579515397,1,4263,100.0,14,0.0,143161.0,0,14,0.0,1.0,0.016805197734652024,1,0,1,1,1,1,1,1,0.9699999999999999,1.0,1.0,1.0,0.8,skip,attack_already_active,1785296333.1104758,1785296333110475741,1385001327173830,19.7,53.3671875,-1.0,0,0
2026-07-28T23:38:53.395,10.42.0.1,10.42.0.47,90,1,DOWNLOAD,0.9747730695910136,DOWNLOAD,0.9747730695910136,-1,1448,54.94406073622647,11,1448.0,79559.0,1,10,0.017874998456923474,0.9821250015430765,0.05350144120941745,0,0,0,0,1,0,0,0,0.44,0.8500000000000001,0.0,0.6000000000000001,0.15,skip,training_upload_trigger_not_confirmed,1785296333.3957043,1785296333395704200,1385001612403123,19.7,53.3671875,-1.0,0,0
2026-07-28T23:38:53.398,10.42.0.1,10.42.0.47,90,1,DOWNLOAD,0.95,DOWNLOAD,0.95,-1,5792,10.988812153316461,12,7240.0,79559.0,2,10,0.08341109920621205,0.916588900793788,0.046862163621693174,0,0,0,0,1,0,0,0,0.44,0.8500000000000001,0.0,0.6000000000000001,0.15,skip,training_upload_trigger_not_confirmed,1785296333.398822,1785296333398822258,1385001615521125,19.7,53.3671875,-1.0,0,0
2026-07-28T23:38:53.399,10.42.0.1,10.42.0.47,90,1,DOWNLOAD,0.95,DOWNLOAD,0.95,-1,7240,5.494406077037678,13,14480.0,79559.0,3,10,0.15397866842480248,0.8460213315751975,0.0408333323685115,0,0,0,0,1,0,0,0,0.44,0.8500000000000001,0.0,0.6000000000000001,0.15,skip,training_upload_trigger_not_confirmed,1785296333.399933,1785296333399933148,1385001616631686,19.7,53.3671875,-1.0,0,0
2026-07-28T23:38:53.401,10.42.0.1,10.42.0.47,90,1,DOWNLOAD,0.95,DOWNLOAD,0.95,-1,7240,3.6629373847761073,14,21720.0,79559.0,4,10,0.2144570937706731,0.7855429062293269,0.035692225654028464,0,0,0,0,1,0,0,0,0.44,0.8500000000000001,0.0,0.6000000000000001,0.15,skip,training_upload_trigger_not_confirmed,1785296333.401752,1785296333401752000,1385001618451136,19.7,53.3671875,-1.0,0,0
2026-07-28T23:38:53.402,10.42.0.1,10.42.0.47,90,1,DOWNLOAD,0.95,DOWNLOAD,0.95,-1,7240,2.7472030386137014,15,28960.0,79559.0,5,10,0.2668657101521393,0.7331342898478608,0.03113687791700652,0,0,0,0,1,0,0,0,0.4,0.8500000000000001,0.0,0.4,0.15,skip,training_upload_trigger_not_confirmed,1785296333.402875,1785296333402874991,1385001619573522,37.7,53.3671875,-1.0,0,0
2026-07-28T23:38:53.403,10.42.0.1,10.42.0.47,90,1,DOWNLOAD,0.95,DOWNLOAD,0.95,-1,7240,2.1977624309061388,16,36200.0,79559.0,6,10,0.3127186655033302,0.6872813344966698,0.027160664743049675,0,0,0,0,1,0,0,0,0.4,0.8500000000000001,0.0,0.4,0.15,skip,training_upload_trigger_not_confirmed,1785296333.4038374,1785296333403837523,1385001620535714,37.7,53.3671875,-1.0,0,0
2026-07-28T23:38:53.404,10.42.0.1,10.42.0.47,90,1,DOWNLOAD,0.95,DOWNLOAD,0.95,-1,7240,1.8314686924302146,17,43440.0,79559.0,7,10,0.35317360303742307,0.6468263969625769,0.02370596438431157,0,0,0,0,1,0,0,0,0.4,0.8500000000000001,0.0,0.4,0.15,skip,training_upload_trigger_not_confirmed,1785296333.4047813,1785296333404781331,1385001621479656,37.7,53.3671875,-1.0,0,0
2026-07-28T23:38:53.406,10.42.0.1,10.42.0.47,90,1,DOWNLOAD,0.95,DOWNLOAD,0.95,-1,7240,1.5698303078024893,18,50680.0,79559.0,8,10,0.38913075192530655,0.6108692480746934,0.020869844817057854,0,0,0,0,1,0,0,0,0.4,0.8500000000000001,0.0,0.4,0.15,skip,training_upload_trigger_not_confirmed,1785296333.4069648,1785296333406964667,1385001623663080,37.7,53.3671875,-1.0,0,0
2026-07-28T23:38:53.407,10.42.0.1,10.42.0.47,90,1,DOWNLOAD,0.95,DOWNLOAD,0.95,-1,7240,1.3736015193305662,19,57920.0,79559.0,9,10,0.4213007077444555,0.5786992922555445,0.01824672156327928,0,0,0,0,1,0,0,0,0.32,0.8500000000000001,0.0,0.0,0.15,skip,training_upload_trigger_not_confirmed,1785296333.4079285,1785296333407928553,1385001624626848,37.7,53.3671875,-1.0,0,0
2026-07-28T23:38:53.410,10.42.0.1,10.42.0.47,90,1,DOWNLOAD,0.95,DOWNLOAD,0.95,-1,10136,1.1690225696460412,20,68056.0,79559.0,10,10,0.46103715747044677,0.5389628425295532,0.016148998395123664,0,0,0,0,1,0,0,0,0.30250000000000005,0.8000000000000002,0.0,0.0,0.15,skip,training_upload_trigger_not_confirmed,1785296333.4102561,1785296333410256008,1385001626954209,37.7,53.3671875,-1.0,0,0
2026-07-28T23:38:53.411,10.42.0.1,10.42.0.47,90,1,DOWNLOAD,0.95,DOWNLOAD,0.95,-1,14480,0.9639308907632557,21,82536.0,79559.0,11,10,0.5091828865788581,0.4908171134211419,0.014144317742956426,0,0,0,0,1,0,0,0,0.30250000000000005,0.8000000000000002,0.0,0.0,0.15,skip,training_upload_trigger_not_confirmed,1785296333.4111922,1785296333411191937,1385001627890065,37.7,53.3671875,-1.0,0,0
2026-07-28T23:38:53.412,10.42.0.1,10.42.0.47,90,1,DOWNLOAD,0.95,DOWNLOAD,0.95,-1,4344,0.9157343462256476,22,86880.0,79559.0,12,10,0.5219930424960496,0.4780069575039504,0.012403551478964379,0,0,0,0,1,0,0,0,0.30250000000000005,0.8000000000000002,0.0,0.0,0.15,skip,training_upload_trigger_not_confirmed,1785296333.4121263,1785296333412126126,1385001628824297,37.7,53.3671875,-1.0,0,0
2026-07-28T23:38:53.413,10.42.0.1,10.42.0.47,90,1,DOWNLOAD,0.95,DOWNLOAD,0.95,-1,14480,0.7849151539089886,23,101360.0,79559.0,13,10,0.5602507199354407,0.43974928006455927,0.010902730038514247,0,0,0,0,1,0,0,0,0.28500000000000003,0.7500000000000001,0.0,0.0,0.15,skip,training_upload_trigger_not_confirmed,1785296333.4131405,1785296333413140483,1385001629838645,37.7,53.3671875,-1.0,0,0
2026-07-28T23:38:53.414,10.42.0.1,10.42.0.47,90,1,DOWNLOAD,0.95,DOWNLOAD,0.95,-1,4344,0.752658366762349,24,105704.0,79559.0,14,10,0.5705618499106675,0.42943815008933245,0.00958874526252409,0,0,0,0,1,0,0,0,0.28500000000000003,0.7500000000000001,0.0,0.0,0.15,skip,training_upload_trigger_not_confirmed,1785296333.4140718,1785296333414071688,1385001630769903,37.7,53.3671875,-1.0,0,0
2026-07-28T23:38:53.415,10.42.0.1,10.42.0.47,90,1,DOWNLOAD,0.95,DOWNLOAD,0.95,-1,14480,0.6619766358278808,25,120184.0,79559.0,15,10,0.601693175730814,0.3983068242691859,0.00844894690927814,0,0,0,0,1,0,0,0,0.28500000000000003,0.7500000000000001,0.0,0.0,0.15,skip,training_upload_trigger_not_confirmed,1785296333.415011,1785296333415010826,1385001631709192,37.7,53.3671875,-1.0,0,0
2026-07-28T23:38:53.416,10.42.0.1,10.42.0.47,90,1,DOWNLOAD,0.95,DOWNLOAD,0.95,-1,14480,0.5907963524060565,26,134664.0,79559.0,16,10,0.6286159749419997,0.37138402505800033,0.007516901704866011,0,0,0,0,1,0,0,0,0.28500000000000003,0.7500000000000001,0.0,0.0,0.15,skip,training_upload_trigger_not_confirmed,1785296333.4163868,1785296333416386701,1385001633085012,37.7,53.3671875,-1.0,0,0
2026-07-28T23:38:53.417,10.42.0.1,10.42.0.47,90,1,DOWNLOAD,0.95,DOWNLOAD,0.95,-1,18824,0.5183401959793706,27,153488.0,79559.0,17,10,0.6586139276626604,0.3413860723373397,0.006652727086815066,0,0,0,0,1,0,0,0,0.28500000000000003,0.7500000000000001,0.0,0.0,0.15,skip,training_upload_trigger_not_confirmed,1785296333.4173458,1785296333417345742,1385001634044288,37.7,53.3671875,-1.0,0,0
2026-07-28T23:38:53.419,10.42.0.1,10.42.0.47,90,1,DOWNLOAD,0.95,DOWNLOAD,0.95,-1,7240,0.49499153850296773,28,160728.0,79559.0,18,10,0.6689001069554324,0.33109989304456755,0.0060206211858150555,0,0,0,0,1,0,0,0,0.28500000000000003,0.7500000000000001,0.0,0.0,0.15,skip,training_upload_trigger_not_confirmed,1785296333.4192016,1785296333419201437,1385001635899835,37.7,53.3671875,-1.0,0,0
2026-07-28T23:38:53.420,10.42.0.1,10.42.0.47,90,1,DOWNLOAD,0.95,DOWNLOAD,0.95,-1,16946,0.4477807670258575,29,177674.0,79559.0,19,10,0.6907123114063903,0.30928768859360967,0.0054146937225694755,0,0,0,0,1,0,0,0,0.28500000000000003,0.7500000000000001,0.0,0.0,0.15,skip,training_upload_trigger_not_confirmed,1785296333.420624,1785296333420624199,1385001637322571,37.7,53.3671875,-1.0,0,0
2026-07-28T23:38:53.422,10.42.0.18,10.42.0.47,64,1,DOWNLOAD,0.95,DOWNLOAD,0.95,-1,7300,1.3698630135109776e-10,1,7300.0,0.0,1,0,1.0,0.0,0.30228133673801516,0,0,0,0,0,0,0,0,0.0225,0.0,0.0,0.0,0.15,skip,training_upload_trigger_not_confirmed,1785296333.4220464,1785296333422046466,1385001638744950,37.7,53.3671875,-1.0,0,0
2026-07-28T23:38:53.423,10.42.0.18,10.42.0.47,64,1,DOWNLOAD,0.95,DOWNLOAD,0.95,-1,5840,7.610350075524325e-11,2,13140.0,0.0,2,0,1.0,0.0,0.26257910230594417,0,0,0,0,0,0,0,0,0.0225,0.0,0.0,0.0,0.15,skip,training_upload_trigger_not_confirmed,1785296333.4230385,1785296333423038417,1385001639736837,37.7,53.3671875,-1.0,0,0
2026-07-28T23:38:53.424,10.42.0.1,10.42.0.47,90,1,DOWNLOAD,0.95,DOWNLOAD,0.95,-1,21720,0.399003982068673,30,199394.0,79559.0,20,10,0.7147942484934738,0.28520575150652616,0.005148528854278052,0,0,0,0,1,0,0,0,0.28500000000000003,0.7500000000000001,0.0,0.0,0.15,skip,training_upload_trigger_not_confirmed,1785296333.4240189,1785296333424019040,1385001640717328,37.7,53.3671875,-1.0,0,0
2026-07-28T23:38:53.424,10.42.0.1,10.42.0.47,90,1,DOWNLOAD,0.95,DOWNLOAD,0.95,-1,14050,0.3727394539112238,31,213444.0,79559.0,21,10,0.7284703569588025,0.27152964304119753,0.004595408533611121,0,0,0,0,1,0,0,0,0.28500000000000003,0.7500000000000001,0.0,0.0,0.15,skip,training_upload_trigger_not_confirmed,1785296333.42497,1785296333424969918,1385001641668076,37.7,53.3671875,-1.0,0,0
2026-07-28T23:38:53.426,10.42.0.47,10.42.0.47,90,1,DOWNLOAD,0.95,DOWNLOAD,0.95,-1,7240,10.988259667128691,13,7240.0,79555.0,1,12,0.08341494325710007,0.9165850567428999,0.12651113572555195,0,0,0,0,1,0,0,0,0.4,0.8500000000000001,0.0,0.4,0.15,skip,training_upload_trigger_not_confirmed,1785296333.4264653,1785296333426465309,1385001643163657,37.7,53.3671875,-1.0,0,0
2026-07-28T23:38:53.427,10.42.0.47,10.42.0.47,90,1,DOWNLOAD,0.95,DOWNLOAD,0.95,-1,5792,6.1045887043351295,14,13032.0,79555.0,2,12,0.1407541015477335,0.8592458984522665,0.10997274837451755,0,0,0,0,1,0,0,0,0.32,0.8500000000000001,0.0,0.0,0.15,skip,training_upload_trigger_not_confirmed,1785296333.4274712,1785296333427471036,1385001644169330,37.7,53.3671875,-1.0,0,0
2026-07-28T23:38:53.428,10.42.0.1,10.42.0.47,90,1,DOWNLOAD,0.95,DOWNLOAD,0.95,-1,16946,0.3453231477089052,32,230390.0,79559.0,22,10,0.7433158358310561,0.2566841641689439,0.004451813664828957,0,0,0,0,1,0,0,0,0.28500000000000003,0.7500000000000001,0.0,0.0,0.15,skip,training_upload_trigger_not_confirmed,1785296333.4284756,1785296333428475612,1385001645173965,37.7,53.3671875,-1.0,0,0
2026-07-28T23:38:53.429,10.42.0.1,10.42.0.47,90,1,DOWNLOAD,0.95,DOWNLOAD,0.95,-1,21720,0.3155725675327612,33,252110.0,79559.0,23,10,0.760125305651116,0.23987469434888398,0.004002566931086233,0,0,0,0,1,0,0,0,0.28500000000000003,0.7500000000000001,0.0,0.0,0.15,skip,training_upload_trigger_not_confirmed,1785296333.4295182,1785296333429518303,1385001646216822,37.7,53.3671875,-1.0,0,0
2026-07-28T23:38:53.430,10.42.0.1,10.42.0.47,90,1,DOWNLOAD,0.95,DOWNLOAD,0.95,-1,14050,0.29891418695784894,34,266160.0,79559.0,24,10,0.7698737992415806,0.2301262007584194,0.003608120999611584,0,0,0,0,1,0,0,0,0.28500000000000003,0.7500000000000001,0.0,0.0,0.15,skip,training_upload_trigger_not_confirmed,1785296333.4305274,1785296333430527423,1385001647225741,37.7,53.3671875,-1.0,0,0
2026-07-28T23:38:53.431,10.42.0.145,10.42.0.47,39,1,DOWNLOAD,0.95,DOWNLOAD,0.95,-1,7300,1.3698630135109776e-10,1,7300.0,0.0,1,0,1.0,0.0,0.5759155991109737,0,0,0,0,0,0,0,0,0.0225,0.0,0.0,0.0,0.15,skip,already_attacked_this_round,1785296333.4314916,1785296333431491707,1385001648189958,37.7,53.3671875,-1.0,0,0
2026-07-28T23:38:53.432,10.42.0.145,10.42.0.47,39,1,DOWNLOAD,0.95,DOWNLOAD,0.95,-1,5840,7.610350075524325e-11,2,13140.0,0.0,2,0,1.0,0.0,0.5001521819469826,0,0,0,0,0,0,0,0,0.0225,0.0,0.0,0.0,0.15,skip,already_attacked_this_round,1785296333.4324596,1785296333432459546,1385001649157978,37.7,53.3671875,-1.0,0,0
2026-07-28T23:38:53.434,10.42.0.18,10.42.0.47,64,1,DOWNLOAD,0.95,DOWNLOAD,0.95,-1,11680,4.029008863657171e-11,3,24820.0,0.0,3,0,1.0,0.0,0.22947479791365868,0,0,0,0,0,0,0,0,0.0225,0.0,0.0,0.0,0.15,skip,training_upload_trigger_not_confirmed,1785296333.4343982,1785296333434398230,1385001651096677,37.7,53.3671875,-1.0,0,0
2026-07-28T23:38:53.435,10.42.0.18,10.42.0.47,64,1,DOWNLOAD,0.95,DOWNLOAD,0.95,-1,5840,3.2615786039379785e-11,4,30660.0,0.0,4,0,1.0,0.0,0.19943157781139936,0,0,0,0,0,0,0,0,0.0225,0.0,0.0,0.0,0.15,skip,training_upload_trigger_not_confirmed,1785296333.4358833,1785296333435883211,1385001652583089,37.7,53.3671875,-1.0,0,0
2026-07-28T23:38:53.437,10.42.0.18,10.42.0.47,64,1,DOWNLOAD,0.95,DOWNLOAD,0.95,-1,11680,2.361832782183235e-11,5,42340.0,0.0,5,0,1.0,0.0,0.1733178174810332,0,0,0,0,0,0,0,0,0.0225,0.0,0.0,0.0,0.15,skip,training_upload_trigger_not_confirmed,1785296333.4371448,1785296333437144945,1385001653843688,37.7,53.3671875,-1.0,0,0
2026-07-28T23:38:53.438,10.42.0.210,10.42.0.47,89,1,DOWNLOAD,0.984735226508602,DOWNLOAD,0.984735226508602,-1,10136,9.865824781978509e-11,1,10136.0,0.0,1,0,1.0,0.0,0.1773322755740004,0,0,0,0,0,0,0,0,0.0225,0.0,0.0,0.0,0.15,skip,training_upload_trigger_not_confirmed,1785296333.4386842,1785296333438684152,1385001655382855,37.7,53.3671875,-1.0,0,0
2026-07-28T23:38:53.439,10.42.0.210,10.42.0.47,89,1,DOWNLOAD,0.95,DOWNLOAD,0.95,-1,4344,6.90607734758936e-11,2,14480.0,0.0,2,0,1.0,0.0,0.15410739012015207,0,0,0,0,0,0,0,0,0.0225,0.0,0.0,0.0,0.15,skip,training_upload_trigger_not_confirmed,1785296333.4397693,1785296333439769239,1385001656467542,37.7,53.3671875,-1.0,0,0
2026-07-28T23:38:53.441,10.42.0.210,10.42.0.47,89,1,DOWNLOAD,0.9557926560077417,DOWNLOAD,0.9557926560077417,-1,14480,3.453038673913914e-11,3,28960.0,0.0,3,0,1.0,0.0,0.13404524692975975,0,0,0,0,0,0,0,0,0.0225,0.0,0.0,0.0,0.15,skip,training_upload_trigger_not_confirmed,1785296333.4416306,1785296333441630675,1385001658329581,37.7,53.3671875,-1.0,0,0
2026-07-28T23:38:53.443,10.42.0.59,10.42.0.47,36,2,TRAINING,0.95,TRAINING,0.95,-1,14600,6.84931506802402e-11,1,14600.0,0.0,1,0,1.0,0.0,0.9269757680604191,0,0,0,0,0,0,0,0,0.0225,0.0,0.0,0.0,0.15,skip,already_attacked_this_round,1785296333.4431925,1785296333443192628,1385001659890877,37.7,53.3671875,-1.0,0,0
2026-07-28T23:38:53.444,10.42.0.59,10.42.0.47,36,2,TRAINING,0.95,TRAINING,0.95,-1,14600,3.424657534129292e-11,2,29200.0,0.0,2,0,1.0,0.0,0.8049531859121996,0,0,0,0,0,0,0,0,0.0225,0.0,0.0,0.0,0.15,skip,already_attacked_this_round,1785296333.4441726,1785296333444172538,1385001660870581,37.7,53.3671875,-1.0,0,0
2026-07-28T23:38:53.445,10.42.0.145,10.42.0.47,39,1,DOWNLOAD,0.95,DOWNLOAD,0.95,-1,14600,3.604902667498021e-11,3,27740.0,0.0,3,0,1.0,0.0,0.4359719756570466,0,0,0,0,0,0,0,0,0.0225,0.0,0.0,0.0,0.15,skip,already_attacked_this_round,1785296333.445566,1785296333445565831,1385001662263994,37.7,53.3671875,-1.0,0,0
2026-07-28T23:38:53.446,10.42.0.145,10.42.0.47,39,1,DOWNLOAD,0.95,DOWNLOAD,0.95,-1,14600,2.361832782183235e-11,4,42340.0,0.0,4,0,1.0,0.0,0.3786492409590896,0,0,0,0,0,0,0,0,0.0225,0.0,0.0,0.0,0.15,skip,already_attacked_this_round,1785296333.4465315,1785296333446531703,1385001663229993,37.7,53.3671875,-1.0,0,0
2026-07-28T23:38:53.447,10.42.0.47,10.42.0.47,90,1,DOWNLOAD,0.95,DOWNLOAD,0.95,-1,1448,5.4941298339437745,15,14480.0,79555.0,3,12,0.15398521826979317,0.8460147817302068,0.09811943089457183,0,0,0,0,0,0,0,0,0.057499999999999996,0.1,0.0,0.0,0.15,skip,training_upload_trigger_not_confirmed,1785296333.4474924,1785296333447492235,1385001664190447,37.7,53.3671875,-1.0,0,0
2026-07-28T23:38:53.450,10.42.0.47,10.42.0.47,90,1,DOWNLOAD,0.95,DOWNLOAD,0.95,-1,8688,3.433831146303788,16,23168.0,79555.0,4,12,0.22553858434819854,0.7744614156518015,0.08559844219400396,0,0,0,0,0,0,0,0,0.057499999999999996,0.1,0.0,0.0,0.15,skip,training_upload_trigger_not_confirmed,1785296333.4505935,1785296333450593488,1385001667291748,37.7,53.3671875,-1.0,0,0
2026-07-28T23:38:53.451,10.42.0.47,10.42.0.47,90,1,DOWNLOAD,0.95,DOWNLOAD,0.95,-1,8688,2.4973317427957893,17,31856.0,79555.0,5,12,0.2859322688064913,0.7140677311935087,0.07444973242567778,0,0,0,0,0,0,0,0,0.057499999999999996,0.1,0.0,0.0,0.15,skip,training_upload_trigger_not_confirmed,1785296333.4515874,1785296333451587279,1385001668285553,37.7,53.3671875,-1.0,0,0
2026-07-28T23:38:53.453,10.42.0.18,10.42.0.47,64,1,DOWNLOAD,0.9564091740899897,DOWNLOAD,0.9564091740899897,-1,14600,1.756234632916118e-11,6,56940.0,0.0,6,0,1.0,0.0,0.15256956762983498,0,0,0,0,0,0,0,0,0.0225,0.0,0.0,0.0,0.15,skip,training_upload_trigger_not_confirmed,1785296333.4530098,1785296333453010007,1385001669708448,37.7,53.3671875,-1.0,0,0
2026-07-28T23:38:53.454,10.42.0.18,10.42.0.47,64,1,DOWNLOAD,0.9634751138506366,DOWNLOAD,0.9634751138506366,-1,8760,1.5220700151975332e-11,7,65700.0,0.0,7,0,1.0,0.0,0.13264830341234815,0,0,0,0,0,0,0,0,0.0225,0.0,0.0,0.0,0.15,skip,training_upload_trigger_not_confirmed,1785296333.4544024,1785296333454402682,1385001671101051,37.7,53.3671875,-1.0,0,0
2026-07-28T23:38:53.455,10.42.0.18,10.42.0.47,64,1,DOWNLOAD,0.9694887838491978,DOWNLOAD,0.9694887838491978,-1,11680,1.2923235978121954e-11,8,77380.0,0.0,8,0,1.0,0.0,0.11535287580677467,0,0,0,0,0,0,0,0,0.0225,0.0,0.0,0.0,0.15,skip,training_upload_trigger_not_confirmed,1785296333.4558005,1785296333455800674,1385001672499167,37.7,53.3671875,-1.0,0,0
2026-07-28T23:38:53.458,10.42.0.210,10.42.0.47,89,1,DOWNLOAD,0.9846998846180315,DOWNLOAD,0.9846998846180315,-1,18824,2.092750711491446e-11,4,47784.0,0.0,4,0,1.0,0.0,0.11854783533155885,0,0,0,0,0,0,0,0,0.0225,0.0,0.0,0.0,0.15,skip,training_upload_trigger_not_confirmed,1785296333.4580703,1785296333458070153,1385001674768555,37.7,53.3671875,-1.0,0,0
2026-07-28T23:38:53.460,10.42.0.210,10.42.0.47,89,1,DOWNLOAD,0.9854895428954357,DOWNLOAD,0.9854895428954357,-1,16920,1.5454995054162724e-11,5,64704.0,0.0,5,0,1.0,0.0,0.10318331513936002,0,0,0,0,0,0,0,0,0.0225,0.0,0.0,0.0,0.15,skip,training_upload_trigger_not_confirmed,1785296333.460021,1785296333460021058,1385001676719321,37.7,53.3671875,-1.0,0,0
2026-07-28T23:38:53.462,10.42.0.59,10.42.0.47,36,2,TRAINING,0.95,TRAINING,0.95,-1,26280,1.8024513337814986e-11,3,55480.0,0.0,3,0,1.0,0.0,0.7013061170976866,0,0,0,0,0,0,0,0,0.0225,0.0,0.0,0.0,0.15,skip,already_attacked_this_round,1785296333.4625769,1785296333462576786,1385001679275256,37.7,53.3671875,-1.0,0,0
2026-07-28T23:38:53.463,10.42.0.47,10.42.0.47,90,1,DOWNLOAD,0.95,DOWNLOAD,0.95,-1,4344,2.197651933668573,18,36200.0,79555.0,6,12,0.312729471729083,0.6872705282709171,0.06622674666463325,0,0,0,0,0,0,0,0,0.057499999999999996,0.1,0.0,0.0,0.15,skip,training_upload_trigger_not_confirmed,1785296333.4636352,1785296333463635291,1385001680333750,37.7,53.3671875,-1.0,0,0
2026-07-28T23:38:53.465,10.42.0.145,10.42.0.47,39,1,DOWNLOAD,0.9599806315274066,DOWNLOAD,0.9599806315274066,-1,29200,1.3978194017137571e-11,5,71540.0,0.0,5,0,1.0,0.0,0.3312003287748386,0,0,0,0,0,0,0,0,0.0225,0.0,0.0,0.0,0.15,skip,already_attacked_this_round,1785296333.465104,1785296333465104147,1385001681802687,37.7,53.3671875,-1.0,0,0
2026-07-28T23:38:53.474,10.42.0.47,10.42.0.47,90,1,DOWNLOAD,0.95,DOWNLOAD,0.95,-1,2896,2.034862901549139,19,39096.0,79555.0,7,12,0.32950417611313854,0.6704958238868615,0.05891944546237329,0,0,0,0,0,0,0,0,0.057499999999999996,0.1,0.0,0.0,0.15,skip,training_upload_trigger_not_confirmed,1785296333.4744089,1785296333474408904,1385001691107417,37.7,53.3671875,-1.0,0,0
2026-07-28T23:38:53.475,10.42.0.47,10.42.0.47,90,1,DOWNLOAD,0.95,DOWNLOAD,0.95,-1,8688,1.6648878285479471,20,47784.0,79555.0,8,12,0.3752503160854098,0.6247496839145902,0.05129033633630777,0,0,0,0,0,0,0,0,0.057499999999999996,0.1,0.0,0.0,0.15,skip,training_upload_trigger_not_confirmed,1785296333.475433,1785296333475433342,1385001692131703,37.7,53.3671875,-1.0,0,0
2026-07-28T23:38:53.476,10.42.0.47,10.42.0.47,90,1,DOWNLOAD,0.95,DOWNLOAD,0.95,-1,8688,1.4087512395451063,21,56472.0,79555.0,9,12,0.41515287406176715,0.5848471259382328,0.044661145205815045,0,0,0,0,0,0,0,0,0.057499999999999996,0.1,0.0,0.0,0.15,skip,training_upload_trigger_not_confirmed,1785296333.4764163,1785296333476416194,1385001693114615,37.7,53.3671875,-1.0,0,0
2026-07-28T23:38:53.477,10.42.0.47,10.42.0.47,90,1,DOWNLOAD,0.95,DOWNLOAD,0.95,-1,4344,1.3081261510078246,22,60816.0,79555.0,10,12,0.43325188251134494,0.5667481174886551,0.038902621806726184,0,0,0,0,0,0,0,0,0.057499999999999996,0.1,0.0,0.0,0.15,skip,training_upload_trigger_not_confirmed,1785296333.4773777,1785296333477377508,1385001694075706,37.7,53.3671875,-1.0,0,0
2026-07-28T23:38:53.482,10.42.0.47,10.42.0.47,90,1,DOWNLOAD,0.95,DOWNLOAD,0.95,-1,2896,1.2486658714174932,23,63712.0,79555.0,11,12,0.44470813236823553,0.5552918676317644,0.03440692400954389,0,0,0,0,0,0,0,0,0.057499999999999996,0.1,0.0,0.0,0.15,skip,training_upload_trigger_not_confirmed,1785296333.4821637,1785296333482163651,1385001698862086,37.7,53.3671875,-1.0,0,0
2026-07-28T23:38:53.483,10.42.0.47,10.42.0.47,90,1,DOWNLOAD,0.95,DOWNLOAD,0.95,-1,2896,1.1943760509218957,24,66608.0,79555.0,12,12,0.45571040550618147,0.5442895944938185,0.030029523186435286,0,0,0,0,0,0,0,0,0.039999999999999994,0.05,0.0,0.0,0.15,skip,training_upload_trigger_not_confirmed,1785296333.4833517,1785296333483351915,1385001700050260,37.7,53.3671875,-1.0,0,0
2026-07-28T23:38:53.484,10.42.0.47,10.42.0.47,90,1,DOWNLOAD,0.95,DOWNLOAD,0.95,-1,2896,1.1446103821341993,25,69504.0,79555.0,13,12,0.4662851622511891,0.5337148377488109,0.02616432627178995,0,0,0,0,0,0,0,0,0.039999999999999994,0.05,0.0,0.0,0.15,skip,training_upload_trigger_not_confirmed,1785296333.4840493,1785296333484049500,1385001700747658,37.7,53.3671875,-1.0,0,0
2026-07-28T23:38:53.484,10.42.0.47,10.42.0.47,90,1,DOWNLOAD,0.95,DOWNLOAD,0.95,-1,2896,1.0988259668494638,26,72400.0,79555.0,14,12,0.4764568457767102,0.5235431542232898,0.022803499665236978,0,0,0,0,0,0,0,0,0.039999999999999994,0.05,0.0,0.0,0.15,skip,training_upload_trigger_not_confirmed,1785296333.4847093,1785296333484709442,1385001701407673,37.7,53.3671875,-1.0,0,0
2026-07-28T23:38:53.485,10.42.0.47,10.42.0.47,90,1,DOWNLOAD,0.95,DOWNLOAD,0.95,-1,6797,1.0045203732464043,27,79197.0,79555.0,15,12,0.4988724551501713,0.5011275448498287,0.019886109714118666,0,0,0,0,0,0,0,0,0.039999999999999994,0.05,0.0,0.0,0.15,skip,training_upload_trigger_not_confirmed,1785296333.4853735,1785296333485373403,1385001702071517,37.7,53.3671875,-1.0,0,0
2026-07-28T23:38:53.726,10.42.0.47,10.42.0.47,90,2,TRAINING,0.9316260458200053,TRAINING,0.9316260458200053,0,43,1.0045203732464043,27,79197.0,79555.0,15,12,0.4988724551501713,0.5011275448498287,0.09917423872868021,0,0,0,0,0,0,0,0,0.039999999999999994,0.05,0.0,0.0,0.15,skip,training_upload_trigger_not_confirmed,1785296333.7263362,1785296333726336233,1385001943036687,37.7,53.3671875,-1.0,0,0
2026-07-28T23:38:53.759,10.42.0.59,10.42.0.47,36,3,UPLOAD,0.95,UPLOAD,0.95,1,64240,1.1578947368392594,4,55480.0,64240.0,3,1,0.4634146341463415,0.5365853658536586,1.0439124328836988,0,0,0,1,1,1,1,1,0.85,1.0,1.0,0.4,0.8,skip,already_attacked_this_round,1785296333.7591841,1785296333759184171,1385001975883712,37.7,53.3671875,-1.0,0,0
2026-07-28T23:38:53.760,10.42.0.59,10.42.0.47,36,3,UPLOAD,0.9841010226033655,UPLOAD,0.9841010226033655,1,6555,1.2760454217686363,5,55480.0,70795.0,3,2,0.43935854286279946,0.5606414571372006,0.9065884714784499,0,0,0,1,1,1,1,1,0.85,1.0,1.0,0.4,0.8,skip,already_attacked_this_round,1785296333.760983,1785296333760982938,1385001977681326,37.7,53.3671875,-1.0,0,0
2026-07-28T23:38:53.764,10.42.0.1,10.42.0.47,90,2,TRAINING,0.95,TRAINING,0.95,1,7240,0.3261158701558231,35,266160.0,86799.0,24,11,0.7540819188630974,0.24591808113690258,0.003743073021770991,0,0,0,0,1,0,0,0,0.4525,1.0,0.0,0.4,0.15,skip,training_upload_trigger_not_confirmed,1785296333.7647257,1785296333764725814,1385001981424913,37.7,53.3671875,-1.0,0,0
2026-07-28T23:38:53.765,10.42.0.1,10.42.0.1,90,3,UPLOAD,0.95,UPLOAD,0.95,1,5792,0.3478772167142024,36,266160.0,92591.0,24,12,0.741907339631109,0.25809266036889095,0.003384298383985649,1,0,0,0,1,0,0,0,0.85,1.0,1.0,0.4,0.8,trigger,training_upload_trigger_confirmed,1785296333.765746,1785296333765746085,1385001982445149,37.7,53.3671875,32.980756,1785296333798728571,1385002015425905
2026-07-28T23:38:53.793,10.42.0.1,10.42.0.1,90,3,UPLOAD,0.95,UPLOAD,0.95,1,1448,0.3533175533537972,37,266160.0,94039.0,24,13,0.7389248720845977,0.2610751279154023,0.006650121209572467,1,0,1,1,1,1,1,1,0.9699999999999999,1.0,1.0,1.0,0.8,skip,attack_already_active,1785296333.7939138,1785296333793913890,1385002010612507,37.7,53.3671875,-1.0,0,0
2026-07-28T23:38:53.818,10.42.0.145,10.42.0.1,39,1,DOWNLOAD,0.9577347600046976,DOWNLOAD,0.9577347600046976,0,43,1.3978194017137571e-11,5,71540.0,0.0,5,0,1.0,0.0,0.729611386674899,0,0,0,0,0,0,0,0,0.0225,0.0,0.0,0.0,0.15,skip,already_attacked_this_round,1785296333.8187897,1785296333818789603,1385002035489280,37.7,53.3671875,-1.0,0,0
2026-07-28T23:38:53.846,10.42.0.1,10.42.0.1,90,3,UPLOAD,0.95,UPLOAD,0.95,1,1448,0.3587578899933921,38,266160.0,95487.0,24,14,0.7359662875677111,0.26403371243228896,0.009257375380746759,1,0,1,1,1,1,1,1,0.9699999999999999,1.0,1.0,1.0,0.8,skip,attack_already_active,1785296333.8468068,1785296333846806776,1385002063505790,37.7,53.3671875,-1.0,0,0
2026-07-28T23:38:53.848,10.42.0.1,10.42.0.1,90,3,UPLOAD,0.95,UPLOAD,0.95,1,11584,0.4022805831101507,39,266160.0,107071.0,24,15,0.7131240438227264,0.28687595617727357,0.008314466175457152,1,0,1,1,1,1,1,1,0.9699999999999999,1.0,1.0,1.0,0.8,skip,attack_already_active,1785296333.8489087,1785296333848908512,1385002065607462,37.7,53.3671875,-1.0,0,0
2026-07-28T23:38:53.849,10.42.0.1,10.42.0.1,90,3,UPLOAD,0.95,UPLOAD,0.95,1,14480,0.456683949506099,40,266160.0,121551.0,24,16,0.6864907108645357,0.3135092891354643,0.007338783756721733,1,0,1,1,1,1,1,1,0.9699999999999999,1.0,1.0,1.0,0.8,skip,attack_already_active,1785296333.849819,1785296333849818926,1385002066517374,37.7,53.3671875,-1.0,0,0
2026-07-28T23:38:53.852,10.42.0.1,10.42.0.1,90,3,UPLOAD,0.95,UPLOAD,0.95,1,18824,0.5274083258208319,41,266160.0,140375.0,24,17,0.6547037770425671,0.34529622295743295,0.006639616291322974,1,0,1,1,1,1,1,1,0.9699999999999999,1.0,1.0,1.0,0.8,skip,attack_already_active,1785296333.8527117,1785296333852711616,1385002069411168,37.7,53.3671875,-1.0,0,0
2026-07-28T23:38:53.853,10.42.0.1,10.42.0.1,90,3,UPLOAD,0.95,UPLOAD,0.95,1,10136,0.5654906822979956,42,266160.0,150511.0,24,18,0.6387773567154902,0.3612226432845098,0.0059233426637120366,1,0,1,1,1,1,1,1,0.9699999999999999,1.0,1.0,1.0,0.8,skip,attack_already_active,1785296333.8539157,1785296333853915705,1385002070613978,37.7,53.3671875,-1.0,0,0
2026-07-28T23:38:53.857,10.42.0.1,10.42.0.1,90,3,UPLOAD,0.95,UPLOAD,0.95,1,8590,0.5977645025563655,43,266160.0,159101.0,24,19,0.6258744629768542,0.37412553702314577,0.0055905592786631205,1,0,1,1,1,1,1,1,0.9699999999999999,1.0,1.0,1.0,0.8,skip,attack_already_active,1785296333.8573136,1785296333857313509,1385002074012031,37.7,53.3671875,-1.0,0,0
2026-07-28T23:38:53.871,10.42.0.18,10.42.0.1,64,2,TRAINING,0.95,TRAINING,0.95,1,59860,0.7735849056633034,9,77380.0,59860.0,8,1,0.5638297872340425,0.43617021276595747,0.5307867369256201,0,0,0,0,1,1,0,0,0.5725,1.0,0.0,1.0,0.15,skip,training_upload_trigger_not_confirmed,1785296333.8712025,1785296333871202482,1385002087901196,37.7,53.3671875,-1.0,0,0
2026-07-28T23:38:53.873,10.42.0.18,10.42.0.1,64,3,UPLOAD,0.95,UPLOAD,0.95,1,19695,1.0281080382524153,10,77380.0,79555.0,8,2,0.49307037945646287,0.5069296205435372,0.4610954759372349,0,0,0,1,1,1,1,1,0.9699999999999999,1.0,1.0,1.0,0.8,trigger,training_upload_trigger_confirmed,1785296333.8731215,1785296333873121413,1385002089820055,37.7,53.3671875,46.26707,1785296333919389795,1385002136087125
2026-07-28T23:38:53.874,10.42.0.1,10.42.0.1,90,3,UPLOAD,0.95,UPLOAD,0.95,1,7240,0.6249661857543396,44,266160.0,166341.0,24,20,0.6153974210464254,0.3846025789535747,0.005216361202310281,1,0,1,1,1,1,1,1,0.9699999999999999,1.0,1.0,1.0,0.8,skip,attack_already_active,1785296333.8747365,1785296333874736564,1385002091435046,37.7,53.3671875,-1.0,0,0
2026-07-28T23:38:53.875,10.42.0.1,10.42.0.1,90,3,UPLOAD,0.95,UPLOAD,0.95,1,5792,0.646727532312719,45,266160.0,172133.0,24,21,0.6072650030915392,0.39273499690846075,0.004654176640088348,1,0,1,1,1,1,1,1,0.9699999999999999,1.0,1.0,1.0,0.8,skip,attack_already_active,1785296333.8756866,1785296333875686774,1385002092385060,81.5,53.3671875,-1.0,0,0
2026-07-28T23:38:53.876,10.42.0.1,10.42.0.1,90,3,UPLOAD,0.95,UPLOAD,0.95,1,2896,0.6576082055919086,46,266160.0,175029.0,24,22,0.6032788668801806,0.3967211331198194,0.004212854280031372,1,0,1,1,1,1,1,1,0.9699999999999999,1.0,1.0,1.0,0.8,skip,attack_already_active,1785296333.8769917,1785296333876991764,1385002093690061,81.5,53.3671875,-1.0,0,0
2026-07-28T23:38:53.877,10.42.0.1,10.42.0.1,90,3,UPLOAD,0.95,UPLOAD,0.95,1,11584,0.7011308987086672,47,266160.0,186613.0,24,23,0.5878442398287884,0.41215576017121164,0.0037687056077295904,1,0,1,1,1,1,1,1,0.9699999999999999,1.0,1.0,1.0,0.8,skip,attack_already_active,1785296333.877834,1785296333877834072,1385002094532448,81.5,53.3671875,-1.0,0,0
2026-07-28T23:38:53.878,10.42.0.1,10.42.0.1,90,3,UPLOAD,0.95,UPLOAD,0.95,1,2896,0.7120115719878569,48,266160.0,189509.0,24,24,0.5841082013479082,0.41589179865209175,0.0033754813602334165,1,0,1,1,1,1,1,1,0.9699999999999999,1.0,1.0,1.0,0.8,skip,attack_already_active,1785296333.8786187,1785296333878618671,1385002095316960,81.5,53.3671875,-1.0,0,0
2026-07-28T23:38:53.880,10.42.0.1,10.42.0.1,90,3,UPLOAD,0.95,UPLOAD,0.95,1,11584,0.7555342651046155,49,266160.0,201093.0,24,25,0.5696271613023351,0.43037283869766485,0.003123990861433832,1,0,1,1,1,1,1,1,0.9699999999999999,1.0,1.0,1.0,0.8,skip,attack_already_active,1785296333.8800857,1785296333880085784,1385002096784017,81.5,53.3671875,-1.0,0,0
2026-07-28T23:38:53.880,10.42.0.1,10.42.0.1,90,3,UPLOAD,0.95,UPLOAD,0.95,1,5792,0.7772956116629949,50,266160.0,206885.0,24,26,0.5626526017609318,0.43734739823906815,0.002815472217297418,1,0,1,1,1,1,1,1,0.9699999999999999,1.0,1.0,1.0,0.8,skip,attack_already_active,1785296333.8808684,1785296333880868429,1385002097566744,81.5,53.3671875,-1.0,0,0
2026-07-28T23:38:53.881,10.42.0.1,10.42.0.1,90,3,UPLOAD,0.95,UPLOAD,0.95,1,21720,0.8589006612569172,51,266160.0,228605.0,24,27,0.5379523612219943,0.4620476387780057,0.002586754635689451,1,0,1,1,1,1,1,1,0.9699999999999999,1.0,1.0,1.0,0.8,skip,attack_already_active,1785296333.8819482,1785296333881948073,1385002098646274,81.5,53.3671875,-1.0,0,0
2026-07-28T23:38:53.882,10.42.0.1,10.42.0.1,90,3,UPLOAD,0.95,UPLOAD,0.95,1,1448,0.8643409978965121,52,266160.0,230053.0,24,28,0.5363825615209598,0.46361743847904024,0.0023456997567632655,1,0,1,1,1,1,1,1,0.9699999999999999,1.0,1.0,1.0,0.8,skip,attack_already_active,1785296333.8827057,1785296333882705767,1385002099403966,81.5,53.3671875,-1.0,0,0
2026-07-28T23:38:53.883,10.42.0.1,10.42.0.1,90,3,UPLOAD,0.95,UPLOAD,0.95,1,5792,0.8861023444548914,53,266160.0,235845.0,24,29,0.5301939223712911,0.46980607762870885,0.0021736080546827063,1,0,1,1,1,1,1,1,0.9699999999999999,1.0,1.0,1.0,0.8,skip,attack_already_active,1785296333.8837454,1785296333883745657,1385002100444069,81.5,53.3671875,-1.0,0,0
2026-07-28T23:38:53.885,10.42.0.1,10.42.0.1,90,3,UPLOAD,0.95,UPLOAD,0.95,1,2798,0.896614818154882,54,266160.0,238643.0,24,30,0.5272551866767828,0.47274481332321716,0.0021243839940814834,1,0,1,1,1,1,1,1,0.9699999999999999,1.0,1.0,1.0,0.8,skip,attack_already_active,1785296333.8855455,1785296333885545362,1385002102243695,81.5,53.3671875,-1.0,0,0
2026-07-28T23:38:53.890,10.42.0.145,10.42.0.1,39,2,TRAINING,0.95,TRAINING,0.95,1,64240,0.8979591836748958,6,71540.0,64240.0,5,1,0.5268817204301075,0.4731182795698925,0.6428891480044544,0,0,0,0,1,1,0,0,0.5725,1.0,0.0,1.0,0.15,skip,already_attacked_this_round,1785296333.89029,1785296333890290025,1385002106988597,81.5,53.3671875,-1.0,0,0
2026-07-28T23:38:53.891,10.42.0.145,10.42.0.1,39,3,UPLOAD,0.95,UPLOAD,0.95,1,14600,1.1020408163251043,7,71540.0,78840.0,5,2,0.47572815533980584,0.5242718446601942,0.5582913416124655,0,0,0,1,1,1,1,1,0.9699999999999999,1.0,1.0,1.0,0.8,skip,already_attacked_this_round,1785296333.8911898,1785296333891189776,1385002107888108,81.5,53.3671875,-1.0,0,0
2026-07-28T23:38:53.893,10.42.0.145,10.42.0.1,39,3,UPLOAD,0.9841010226033655,UPLOAD,0.9841010226033655,1,690,1.1116857701969292,8,71540.0,79530.0,5,3,0.47355530548752234,0.5264446945124777,0.48501937766917874,0,0,0,1,1,1,1,1,0.9699999999999999,1.0,1.0,1.0,0.8,skip,already_attacked_this_round,1785296333.8934405,1785296333893440556,1385002110138816,81.5,53.3671875,-1.0,0,0
2026-07-28T23:38:53.894,10.42.0.1,10.42.0.1,90,3,UPLOAD,0.95,UPLOAD,0.95,1,7240,0.9238165013528561,55,266160.0,245883.0,24,31,0.5198000949139037,0.4801999050860963,0.0020917314195144274,1,0,1,1,1,1,1,1,0.9699999999999999,1.0,1.0,1.0,0.8,skip,attack_already_active,1785296333.894231,1785296333894231127,1385002110929603,81.5,53.3671875,-1.0,0,0
2026-07-28T23:38:53.895,10.42.0.1,10.42.0.1,90,3,UPLOAD,0.95,UPLOAD,0.95,1,7240,0.9510181845508303,56,266160.0,253123.0,24,32,0.5125528854208592,0.48744711457914086,0.0019195209723223972,1,0,1,1,1,1,1,1,0.9699999999999999,1.0,1.0,1.0,0.8,skip,attack_already_active,1785296333.895016,1785296333895015858,1385002111714074,81.5,53.3671875,-1.0,0,0
2026-07-28T23:38:53.897,10.42.0.1,10.42.0.1,90,3,UPLOAD,0.95,UPLOAD,0.95,1,10136,0.989100541027994,57,266160.0,263259.0,24,33,0.5027397958894562,0.49726020411054384,0.002042016021109859,1,0,1,1,1,1,1,1,0.9699999999999999,1.0,1.0,1.0,0.8,skip,attack_already_active,1785296333.897865,1785296333897865080,1385002114563338,81.5,53.3671875,-1.0,0,0
2026-07-28T23:38:53.898,10.42.0.1,10.42.0.1,90,3,UPLOAD,0.95,UPLOAD,0.95,1,4344,1.0054215509467785,58,266160.0,267603.0,24,34,0.49864827648225896,0.501351723517741,0.001870575977516877,1,0,1,1,1,1,1,1,0.9699999999999999,1.0,1.0,1.0,0.8,skip,attack_already_active,1785296333.898606,1785296333898606039,1385002115304217,81.5,53.3671875,-1.0,0,0
2026-07-28T23:38:53.899,10.42.0.1,10.42.0.1,90,3,UPLOAD,0.95,UPLOAD,0.95,1,14480,1.0598249173427268,59,266160.0,282083.0,24,35,0.4854781547598419,0.5145218452401581,0.0017652405666274036,1,0,1,1,1,1,1,1,0.9699999999999999,1.0,1.0,1.0,0.8,skip,attack_already_active,1785296333.8996773,1785296333899677056,1385002116375393,81.5,53.3671875,-1.0,0,0
2026-07-28T23:38:53.901,10.42.0.1,10.42.0.1,90,3,UPLOAD,0.95,UPLOAD,0.95,1,18824,1.1305492936574597,60,266160.0,300907.0,24,36,0.469362526826636,0.530637473173364,0.0017299915481530552,1,0,1,1,1,1,1,1,0.9699999999999999,1.0,1.0,1.0,0.8,skip,attack_already_active,1785296333.901175,1785296333901175027,1385002117873743,81.5,53.3671875,-1.0,0,0
2026-07-28T23:38:53.902,10.42.0.1,10.42.0.1,90,3,UPLOAD,0.95,UPLOAD,0.95,1,1448,1.1359896302970545,61,266160.0,302355.0,24,37,0.4681670668320097,0.5318329331679903,0.0016200583092976987,1,0,1,1,1,1,1,1,0.9699999999999999,1.0,1.0,1.0,0.8,skip,attack_already_active,1785296333.9020708,1785296333902070899,1385002118769637,81.5,53.3671875,-1.0,0,0
2026-07-28T23:38:53.902,10.42.0.1,10.42.0.1,90,3,UPLOAD,0.95,UPLOAD,0.95,1,8688,1.1686316501346234,62,266160.0,311043.0,24,38,0.46112026444769,0.5388797355523101,0.001526245173638335,1,0,1,1,1,1,1,1,0.9699999999999999,1.0,1.0,1.0,0.8,skip,attack_already_active,1785296333.902979,1785296333902978794,1385002119677448,81.5,53.3671875,-1.0,0,0
2026-07-28T23:38:53.904,10.42.0.1,10.42.0.1,90,3,UPLOAD,0.95,UPLOAD,0.95,1,7130,1.1954200480906394,63,266160.0,318173.0,24,39,0.45549369965413555,0.5445063003458644,0.001529087317255941,1,0,1,1,1,1,1,1,0.9699999999999999,1.0,1.0,1.0,0.8,skip,attack_already_active,1785296333.9045267,1785296333904526489,1385002121225119,81.5,53.3671875,-1.0,0,0
2026-07-28T23:38:54.057,10.42.0.18,10.42.0.1,64,3,UPLOAD,0.9841010226033655,UPLOAD,0.9841010226033655,0,39,1.0281080382524153,10,77380.0,79555.0,8,2,0.49307037945646287,0.5069296205435372,0.40600172994572636,0,0,1,1,1,1,1,1,0.8200000000000001,0.8000000000000002,1.0,0.6000000000000001,0.8,skip,attack_already_active,1785296334.057214,1785296334057213962,1385002273913254,81.5,53.3671875,-1.0,0,0
2026-07-28T23:38:54.620,10.42.0.47,10.42.0.1|10.42.0.47,90,3,UPLOAD,0.95,UPLOAD,0.95,1,7240,100.0,1,0.0,7240.0,0,1,0.0,1.0,0.20396954506271664,1,0,0,1,1,1,1,1,0.9699999999999999,1.0,1.0,1.0,0.8,trigger,training_upload_trigger_confirmed,1785296334.620773,1785296334620773030,1385002837471808,35.2,53.3671875,9.701443,1785296334630475906,1385002847173251
2026-07-28T23:38:54.621,10.42.0.47,10.42.0.1|10.42.0.47,90,3,UPLOAD,0.95,UPLOAD,0.95,1,1448,100.0,2,0.0,8688.0,0,2,0.0,1.0,0.17723181425114107,1,0,1,1,1,1,1,1,0.9699999999999999,1.0,1.0,1.0,0.8,skip,attack_already_active,1785296334.6218374,1785296334621837240,1385002838536299,35.2,53.3671875,-1.0,0,0
2026-07-28T23:38:54.624,10.42.0.47,10.42.0.1|10.42.0.47,90,3,UPLOAD,0.95,UPLOAD,0.95,1,5792,100.0,3,0.0,14480.0,0,3,0.0,1.0,0.15423374307473234,1,0,1,1,1,1,1,1,0.9699999999999999,1.0,1.0,1.0,0.8,skip,attack_already_active,1785296334.6245432,1785296334624543104,1385002841242113,35.2,53.3671875,-1.0,0,0
2026-07-28T23:38:54.625,10.42.0.47,10.42.0.1|10.42.0.47,90,3,UPLOAD,0.95,UPLOAD,0.95,1,8688,100.0,4,0.0,23168.0,0,4,0.0,1.0,0.13409258608987423,1,0,1,1,1,1,1,1,0.9699999999999999,1.0,1.0,1.0,0.8,skip,attack_already_active,1785296334.6259313,1785296334625931370,1385002842630564,35.2,53.3671875,-1.0,0,0
2026-07-28T23:38:54.628,10.42.0.47,10.42.0.1|10.42.0.47,90,3,UPLOAD,0.95,UPLOAD,0.95,1,1448,100.0,5,0.0,24616.0,0,5,0.0,1.0,0.1167283931380405,1,0,1,1,1,1,1,1,0.9699999999999999,1.0,1.0,1.0,0.8,skip,attack_already_active,1785296334.6282518,1785296334628251852,1385002844951610,35.2,53.3671875,-1.0,0,0
2026-07-28T23:38:54.629,10.42.0.47,10.42.0.1|10.42.0.47,90,3,UPLOAD,0.95,UPLOAD,0.95,1,4344,100.0,6,0.0,28960.0,0,6,0.0,1.0,0.10152445692072455,1,0,1,1,1,1,1,1,0.9699999999999999,1.0,1.0,1.0,0.8,skip,attack_already_active,1785296334.6296017,1785296334629601913,1385002846301499,35.2,53.3671875,-1.0,0,0
2026-07-28T23:38:54.630,10.42.0.47,10.42.0.1|10.42.0.47,90,3,UPLOAD,0.95,UPLOAD,0.95,1,2896,100.0,7,0.0,31856.0,0,7,0.0,1.0,0.08829419613187756,1,0,1,1,1,1,1,1,0.9699999999999999,1.0,1.0,1.0,0.8,skip,attack_already_active,1785296334.6307254,1785296334630725435,1385002847424222,35.2,53.3671875,-1.0,0,0
2026-07-28T23:38:54.632,10.42.0.47,10.42.0.1|10.42.0.47,90,3,UPLOAD,0.95,UPLOAD,0.95,1,8688,100.0,8,0.0,40544.0,0,8,0.0,1.0,0.07694190700413849,1,0,1,1,1,1,1,1,0.9699999999999999,1.0,1.0,1.0,0.8,skip,attack_already_active,1785296334.6328702,1785296334632870176,1385002849569151,35.2,53.3671875,-1.0,0,0
2026-07-28T23:38:54.634,10.42.0.47,10.42.0.1|10.42.0.47,90,3,UPLOAD,0.9538886591763305,UPLOAD,0.9538886591763305,1,2896,100.0,9,0.0,43440.0,0,9,0.0,1.0,0.06707616591872878,1,0,1,1,1,1,1,1,0.9699999999999999,1.0,1.0,1.0,0.8,skip,attack_already_active,1785296334.6349437,1785296334634943706,1385002851642786,35.2,53.3671875,-1.0,0,0
2026-07-28T23:38:54.636,10.42.0.47,10.42.0.1|10.42.0.47,90,3,UPLOAD,0.9572743125928094,UPLOAD,0.9572743125928094,1,5792,100.0,10,0.0,49232.0,0,10,0.0,1.0,0.0583838023381924,1,0,1,1,1,1,1,1,0.9699999999999999,1.0,1.0,1.0,0.8,skip,attack_already_active,1785296334.636056,1785296334636056131,1385002852754832,35.2,53.3671875,-1.0,0,0
2026-07-28T23:38:54.637,10.42.0.47,10.42.0.1|10.42.0.47,90,3,UPLOAD,0.9561128205132727,UPLOAD,0.9561128205132727,1,8688,100.0,11,0.0,57920.0,0,11,0.0,1.0,0.05092634733861554,1,0,1,1,1,1,1,1,0.9699999999999999,1.0,1.0,1.0,0.8,skip,attack_already_active,1785296334.6378472,1785296334637847421,1385002854545675,35.2,53.3671875,-1.0,0,0
2026-07-28T23:38:54.638,10.42.0.47,10.42.0.1|10.42.0.47,90,3,UPLOAD,0.9548182731428431,UPLOAD,0.9548182731428431,1,2896,100.0,12,0.0,60816.0,0,12,0.0,1.0,0.04433830307142882,1,0,1,1,1,1,1,1,0.9699999999999999,1.0,1.0,1.0,0.8,skip,attack_already_active,1785296334.6387787,1785296334638778743,1385002855476980,35.2,53.3671875,-1.0,0,0
2026-07-28T23:38:54.639,10.42.0.47,10.42.0.1|10.42.0.47,90,3,UPLOAD,0.9570658022499574,UPLOAD,0.9570658022499574,1,2896,100.0,13,0.0,63712.0,0,13,0.0,1.0,0.03858958500726312,1,0,1,1,1,1,1,1,0.9699999999999999,1.0,1.0,1.0,0.8,skip,attack_already_active,1785296334.6394916,1785296334639491509,1385002856189753,35.2,53.3671875,-1.0,0,0
2026-07-28T23:38:54.640,10.42.0.47,10.42.0.1|10.42.0.47,90,3,UPLOAD,0.9628884277709194,UPLOAD,0.9628884277709194,1,10136,100.0,14,0.0,73848.0,0,14,0.0,1.0,0.03359632765842615,1,0,1,1,1,1,1,1,0.9699999999999999,1.0,1.0,1.0,0.8,skip,attack_already_active,1785296334.6401887,1785296334640188644,1385002856886833,35.2,53.3671875,-1.0,0,0
2026-07-28T23:38:54.641,10.42.0.47,10.42.0.1|10.42.0.47,90,3,UPLOAD,0.9665793219335228,UPLOAD,0.9665793219335228,1,4344,100.0,15,0.0,78192.0,0,15,0.0,1.0,0.02935549509397209,1,0,1,1,1,1,1,1,0.9699999999999999,1.0,1.0,1.0,0.8,skip,attack_already_active,1785296334.6416025,1785296334641602607,1385002858301213,35.2,53.3671875,-1.0,0,0
2026-07-28T23:38:54.642,10.42.0.47,10.42.0.1|10.42.0.47,90,3,UPLOAD,0.9716617344901528,UPLOAD,0.9716617344901528,1,1337,100.0,16,0.0,79529.0,0,16,0.0,1.0,0.02557833243611874,1,0,1,1,1,1,1,1,0.9699999999999999,1.0,1.0,1.0,0.8,skip,attack_already_active,1785296334.6422942,1785296334642294313,1385002858992443,35.2,53.3671875,-1.0,0,0
2026-07-28T23:38:54.643,10.42.0.1,10.42.0.1|10.42.0.47,90,3,UPLOAD,0.9783170486004199,UPLOAD,0.9783170486004199,1,7240,100.0,30,0.0,245854.0,0,30,0.0,1.0,0.08461649884374815,1,0,1,1,1,1,1,1,0.9699999999999999,1.0,1.0,1.0,0.8,skip,attack_already_active,1785296334.6432257,1785296334643225536,1385002859923848,35.2,53.3671875,-1.0,0,0
2026-07-28T23:38:54.644,10.42.0.1,10.42.0.1|10.42.0.47,90,3,UPLOAD,0.9852905664609604,UPLOAD,0.9852905664609604,1,7240,100.0,31,0.0,253094.0,0,31,0.0,1.0,0.07356978809481733,1,0,1,1,1,1,1,1,0.9699999999999999,1.0,1.0,1.0,0.8,skip,attack_already_active,1785296334.6440117,1785296334644011830,1385002860710208,35.2,53.3671875,-1.0,0,0
2026-07-28T23:38:54.665,10.42.0.1,10.42.0.1|10.42.0.47,90,3,UPLOAD,0.9855026401026938,UPLOAD,0.9855026401026938,1,13032,100.0,32,0.0,266126.0,0,32,0.0,1.0,0.06666441236716142,1,0,1,1,1,1,1,1,0.9699999999999999,1.0,1.0,1.0,0.8,skip,attack_already_active,1785296334.6651785,1785296334665178624,1385002881877051,35.2,53.3671875,-1.0,0,0
2026-07-28T23:38:54.665,10.42.0.1,10.42.0.1|10.42.0.47,90,3,UPLOAD,0.9855085676812723,UPLOAD,0.9855085676812723,1,13032,100.0,33,0.0,279158.0,0,33,0.0,1.0,0.05798097196619072,1,0,1,1,1,1,1,1,0.9699999999999999,1.0,1.0,1.0,0.8,skip,attack_already_active,1785296334.6659467,1785296334665946616,1385002882644901,35.2,53.3671875,-1.0,0,0
2026-07-28T23:38:54.666,10.42.0.1,10.42.0.1|10.42.0.47,90,3,UPLOAD,0.9855052658528967,UPLOAD,0.9855052658528967,1,10136,100.0,34,0.0,289294.0,0,34,0.0,1.0,0.050478137337529524,1,0,1,1,1,1,1,1,0.9699999999999999,1.0,1.0,1.0,0.8,skip,attack_already_active,1785296334.6669908,1785296334666990935,1385002883689425,35.2,53.3671875,-1.0,0,0
2026-07-28T23:38:54.668,10.42.0.1,10.42.0.1|10.42.0.47,90,3,UPLOAD,0.9854919212106041,UPLOAD,0.9854919212106041,1,5792,100.0,35,0.0,295086.0,0,35,0.0,1.0,0.043965115785799175,1,0,1,1,1,1,1,1,0.9699999999999999,1.0,1.0,1.0,0.8,skip,attack_already_active,1785296334.6680434,1785296334668043299,1385002884742066,35.2,53.3671875,-1.0,0,0
2026-07-28T23:38:54.669,10.42.0.1,10.42.0.1|10.42.0.47,90,3,UPLOAD,0.9854881618004804,UPLOAD,0.9854881618004804,1,8688,100.0,36,0.0,303774.0,0,36,0.0,1.0,0.03838791395134572,1,0,1,1,1,1,1,1,0.9699999999999999,1.0,1.0,1.0,0.8,skip,attack_already_active,1785296334.6696846,1785296334669684636,1385002886383735,35.2,53.3671875,-1.0,0,0
2026-07-28T23:38:54.670,10.42.0.1,10.42.0.1|10.42.0.47,90,3,UPLOAD,0.9854760479115238,UPLOAD,0.9854760479115238,1,5792,100.0,37,0.0,309566.0,0,37,0.0,1.0,0.033472096601499,1,0,1,1,1,1,1,1,0.9699999999999999,1.0,1.0,1.0,0.8,skip,attack_already_active,1785296334.6707678,1785296334670767754,1385002887468147,35.2,53.3671875,-1.0,0,0
2026-07-28T23:38:54.672,10.42.0.1,10.42.0.1|10.42.0.47,90,3,UPLOAD,0.9854634973323515,UPLOAD,0.9854634973323515,1,8577,100.0,38,0.0,318143.0,0,38,0.0,1.0,0.029231266010659528,1,0,1,1,1,1,1,1,0.9699999999999999,1.0,1.0,1.0,0.8,skip,attack_already_active,1785296334.6720574,1785296334672057373,1385002888756387,35.2,53.3671875,-1.0,0,0
2026-07-28T23:38:54.764,10.42.0.210,10.42.0.1|10.42.0.47,89,2,TRAINING,0.9293977297375461,TRAINING,0.9293977297375461,0,43,1.0,0,0.0,0.0,0,0,0.0,0.0,0.4443491036010223,0,0,0,0,0,0,0,0,0.039999999999999994,0.05,0.0,0.0,0.15,skip,training_upload_trigger_not_confirmed,1785296334.7642882,1785296334764288329,1385002980987188,35.2,53.3671875,-1.0,0,0
2026-07-28T23:38:54.824,10.42.0.1,10.42.0.1|10.42.0.47,90,3,UPLOAD,0.9854121620311863,UPLOAD,0.9854121620311863,0,43,100.0,35,0.0,303663.0,0,35,0.0,1.0,0.032813681551019144,1,0,1,1,1,1,1,1,0.8374999999999999,0.8500000000000001,1.0,0.6000000000000001,0.8,skip,attack_already_active,1785296334.8242345,1785296334824234593,1385003040934380,35.2,53.3671875,-1.0,0,0
2026-07-28T23:38:54.884,10.42.0.1,10.42.0.1|10.42.0.47,90,3,UPLOAD,0.9822091893218537,UPLOAD,0.9822091893218537,0,43,100.0,19,0.0,161857.0,0,19,0.0,1.0,0.03646450112271174,1,0,1,1,1,1,1,1,0.8374999999999999,0.8500000000000001,1.0,0.6000000000000001,0.8,skip,attack_already_active,1785296334.8847532,1785296334884753198,1385003101451999,35.2,53.3671875,-1.0,0,0
2026-07-28T23:38:55.646,10.42.0.210,10.42.0.1|10.42.0.47,89,3,UPLOAD,0.95,UPLOAD,0.95,1,1448,100.0,1,0.0,1448.0,0,1,0.0,1.0,0.5020786562303176,0,0,0,1,1,1,1,1,0.9525,0.95,1.0,1.0,0.8,trigger,training_upload_trigger_confirmed,1785296335.646731,1785296335646730957,1385003863430645,5.8,53.3671875,9.075624,1785296335655808972,1385003872506269
2026-07-28T23:38:55.648,10.42.0.210,10.42.0.1|10.42.0.47,89,3,UPLOAD,0.9841010226033655,UPLOAD,0.9841010226033655,1,1448,100.0,2,0.0,2896.0,0,2,0.0,1.0,0.43611047418803617,0,0,1,1,1,1,1,1,0.9699999999999999,1.0,1.0,1.0,0.8,skip,attack_already_active,1785296335.6481953,1785296335648195315,1385003864895130,5.8,53.3671875,-1.0,0,0
2026-07-28T23:38:55.649,10.42.0.210,10.42.0.1|10.42.0.47,89,3,UPLOAD,0.9854688349332961,UPLOAD,0.9854688349332961,1,1448,100.0,3,0.0,4344.0,0,3,0.0,1.0,0.3788777535613589,0,0,1,1,1,1,1,1,0.9699999999999999,1.0,1.0,1.0,0.8,skip,attack_already_active,1785296335.6499825,1785296335649982386,1385003866681761,5.8,53.3671875,-1.0,0,0
2026-07-28T23:38:55.651,10.42.0.210,10.42.0.1|10.42.0.47,89,3,UPLOAD,0.9855076450773014,UPLOAD,0.9855076450773014,1,1448,100.0,4,0.0,5792.0,0,4,0.0,1.0,0.3291356337975052,0,0,1,1,1,1,1,1,0.9699999999999999,1.0,1.0,1.0,0.8,skip,attack_already_active,1785296335.651381,1785296335651381017,1385003868079963,5.8,53.3671875,-1.0,0,0
2026-07-28T23:38:55.653,10.42.0.210,10.42.0.1|10.42.0.47,89,3,UPLOAD,0.9855086980780915,UPLOAD,0.9855086980780915,1,1448,100.0,5,0.0,7240.0,0,5,0.0,1.0,0.2860234060579131,0,0,1,1,1,1,1,1,0.9699999999999999,1.0,1.0,1.0,0.8,skip,attack_already_active,1785296335.6533499,1785296335653349771,1385003870049479,5.8,53.3671875,-1.0,0,0
2026-07-28T23:38:55.654,10.42.0.210,10.42.0.1|10.42.0.47,89,3,UPLOAD,0.9855087254685951,UPLOAD,0.9855087254685951,1,1448,100.0,6,0.0,8688.0,0,6,0.0,1.0,0.248484413012587,0,0,1,1,1,1,1,1,0.9699999999999999,1.0,1.0,1.0,0.8,skip,attack_already_active,1785296335.6545002,1785296335654500480,1385003871199299,5.8,53.3671875,-1.0,0,0
2026-07-28T23:38:55.656,10.42.0.210,10.42.0.1|10.42.0.47,89,3,UPLOAD,0.9855087261493067,UPLOAD,0.9855087261493067,1,1448,100.0,7,0.0,10136.0,0,7,0.0,1.0,0.2159739433742239,0,0,1,1,1,1,1,1,0.9699999999999999,1.0,1.0,1.0,0.8,skip,attack_already_active,1785296335.6562717,1785296335656271556,1385003872970126,5.8,53.3671875,-1.0,0,0
2026-07-28T23:38:55.657,10.42.0.210,10.42.0.1|10.42.0.47,89,3,UPLOAD,0.9855087261653082,UPLOAD,0.9855087261653082,1,1448,100.0,8,0.0,11584.0,0,8,0.0,1.0,0.1876624136448088,0,0,1,1,1,1,1,1,0.9699999999999999,1.0,1.0,1.0,0.8,skip,attack_already_active,1785296335.6573973,1785296335657397142,1385003874096015,5.8,53.3671875,-1.0,0,0
2026-07-28T23:38:55.659,10.42.0.210,10.42.0.1|10.42.0.47,89,3,UPLOAD,0.985508726165656,UPLOAD,0.985508726165656,1,1448,100.0,9,0.0,13032.0,0,9,0.0,1.0,0.1631445185042347,0,0,1,1,1,1,1,1,0.9699999999999999,1.0,1.0,1.0,0.8,skip,attack_already_active,1785296335.6590002,1785296335659000128,1385003875699135,5.8,53.3671875,-1.0,0,0
2026-07-28T23:38:55.660,10.42.0.210,10.42.0.1|10.42.0.47,89,3,UPLOAD,0.9855087261656625,UPLOAD,0.9855087261656625,1,1448,100.0,10,0.0,14480.0,0,10,0.0,1.0,0.14180037040751356,0,0,1,1,1,1,1,1,0.9699999999999999,1.0,1.0,1.0,0.8,skip,attack_already_active,1785296335.6601698,1785296335660169650,1385003876868984,5.8,53.3671875,-1.0,0,0
2026-07-28T23:38:55.661,10.42.0.210,10.42.0.1|10.42.0.47,89,3,UPLOAD,0.95,UPLOAD,0.95,1,1448,100.0,11,0.0,15928.0,0,11,0.0,1.0,0.12334521198575564,0,0,1,1,1,1,1,1,0.9699999999999999,1.0,1.0,1.0,0.8,skip,attack_already_active,1785296335.661919,1785296335661919175,1385003878618886,5.8,53.3671875,-1.0,0,0
2026-07-28T23:38:55.663,10.42.0.210,10.42.0.1|10.42.0.47,89,3,UPLOAD,0.95,UPLOAD,0.95,1,1448,100.0,12,0.0,17376.0,0,12,0.0,1.0,0.10725184844246152,0,0,1,1,1,1,1,1,0.9699999999999999,1.0,1.0,1.0,0.8,skip,attack_already_active,1785296335.6631362,1785296335663136150,1385003879835383,5.8,53.3671875,-1.0,0,0
2026-07-28T23:38:55.665,10.42.0.210,10.42.0.1|10.42.0.47,89,3,UPLOAD,0.95,UPLOAD,0.95,1,1448,100.0,13,0.0,18824.0,0,13,0.0,1.0,0.09336780804671273,0,0,1,1,1,1,1,1,0.9699999999999999,1.0,1.0,1.0,0.8,skip,attack_already_active,1785296335.665026,1785296335665026017,1385003881724790,5.8,53.3671875,-1.0,0,0
2026-07-28T23:38:55.666,10.42.0.210,10.42.0.1|10.42.0.47,89,3,UPLOAD,0.95,UPLOAD,0.95,1,1448,100.0,14,0.0,20272.0,0,14,0.0,1.0,0.08120625892141145,0,0,1,1,1,1,1,1,0.9699999999999999,1.0,1.0,1.0,0.8,skip,attack_already_active,1785296335.6661031,1785296335666102966,1385003882801416,5.8,53.3671875,-1.0,0,0
2026-07-28T23:38:55.667,10.42.0.210,10.42.0.1|10.42.0.47,89,3,UPLOAD,0.95,UPLOAD,0.95,1,1448,100.0,15,0.0,21720.0,0,15,0.0,1.0,0.0707351033328313,0,0,1,1,1,1,1,1,0.9699999999999999,1.0,1.0,1.0,0.8,skip,attack_already_active,1785296335.6678467,1785296335667846592,1385003884545389,5.8,53.3671875,-1.0,0,0
2026-07-28T23:38:55.669,10.42.0.210,10.42.0.1|10.42.0.47,89,3,UPLOAD,0.95,UPLOAD,0.95,1,1448,100.0,16,0.0,23168.0,0,16,0.0,1.0,0.06159831761363842,0,0,1,1,1,1,1,1,0.9699999999999999,1.0,1.0,1.0,0.8,skip,attack_already_active,1785296335.6692452,1785296335669245163,1385003885944554,5.8,53.3671875,-1.0,0,0
2026-07-28T23:38:55.671,10.42.0.210,10.42.0.1|10.42.0.47,89,3,UPLOAD,0.95,UPLOAD,0.95,1,1448,100.0,17,0.0,24616.0,0,17,0.0,1.0,0.053732917477071984,0,0,1,1,1,1,1,1,0.9699999999999999,1.0,1.0,1.0,0.8,skip,attack_already_active,1785296335.6711552,1785296335671155210,1385003887855117,5.8,53.3671875,-1.0,0,0
2026-07-28T23:38:55.672,10.42.0.210,10.42.0.1|10.42.0.47,89,3,UPLOAD,0.95,UPLOAD,0.95,1,1448,100.0,18,0.0,26064.0,0,18,0.0,1.0,0.046872087521468986,0,0,1,1,1,1,1,1,0.9699999999999999,1.0,1.0,1.0,0.8,skip,attack_already_active,1785296335.6728232,1785296335672823226,1385003889522025,5.8,53.3671875,-1.0,0,0
2026-07-28T23:38:55.675,10.42.0.210,10.42.0.1|10.42.0.47,89,3,UPLOAD,0.95,UPLOAD,0.95,1,1448,100.0,19,0.0,27512.0,0,19,0.0,1.0,0.04108860719978771,0,0,1,1,1,1,1,1,0.9699999999999999,1.0,1.0,1.0,0.8,skip,attack_already_active,1785296335.675806,1785296335675805877,1385003892504694,5.8,53.3671875,-1.0,0,0
2026-07-28T23:38:55.676,10.42.0.210,10.42.0.1|10.42.0.47,89,3,UPLOAD,0.95,UPLOAD,0.95,1,1448,100.0,20,0.0,28960.0,0,20,0.0,1.0,0.035827055278329446,0,0,1,1,1,1,1,1,0.9699999999999999,1.0,1.0,1.0,0.8,skip,attack_already_active,1785296335.6769662,1785296335676966073,1385003893664925,5.8,53.3671875,-1.0,0,0
2026-07-28T23:38:55.678,10.42.0.210,10.42.0.1|10.42.0.47,89,3,UPLOAD,0.95,UPLOAD,0.95,1,1448,100.0,21,0.0,30408.0,0,21,0.0,1.0,0.0313339921823312,0,0,1,1,1,1,1,1,0.9699999999999999,1.0,1.0,1.0,0.8,skip,attack_already_active,1785296335.6786966,1785296335678696633,1385003895396110,5.8,53.3671875,-1.0,0,0
2026-07-28T23:38:55.679,10.42.0.210,10.42.0.1|10.42.0.47,89,3,UPLOAD,0.95,UPLOAD,0.95,1,1448,100.0,22,0.0,31856.0,0,22,0.0,1.0,0.02737025937826162,0,0,1,1,1,1,1,1,0.9699999999999999,1.0,1.0,1.0,0.8,skip,attack_already_active,1785296335.679951,1785296335679950837,1385003896650743,5.8,53.3671875,-1.0,0,0
2026-07-28T23:38:55.681,10.42.0.210,10.42.0.1|10.42.0.47,89,3,UPLOAD,0.95,UPLOAD,0.95,1,1448,100.0,23,0.0,33304.0,0,23,0.0,1.0,0.024010530811050725,0,0,1,1,1,1,1,1,0.9699999999999999,1.0,1.0,1.0,0.8,skip,attack_already_active,1785296335.6818252,1785296335681825286,1385003898524653,5.8,53.3671875,-1.0,0,0
2026-07-28T23:38:55.683,10.42.0.210,10.42.0.1|10.42.0.47,89,3,UPLOAD,0.95,UPLOAD,0.95,1,1448,100.0,24,0.0,34752.0,0,24,0.0,1.0,0.021002260906976874,0,0,1,1,1,1,1,1,0.9699999999999999,1.0,1.0,1.0,0.8,skip,attack_already_active,1785296335.6830068,1785296335683006774,1385003899705456,5.8,53.3671875,-1.0,0,0
2026-07-28T23:38:55.684,10.42.0.210,10.42.0.1|10.42.0.47,89,3,UPLOAD,0.95,UPLOAD,0.95,1,1448,100.0,25,0.0,36200.0,0,25,0.0,1.0,0.018485913315577016,0,0,1,1,1,1,1,1,0.9699999999999999,1.0,1.0,1.0,0.8,skip,attack_already_active,1785296335.6849132,1785296335684913120,1385003901611760,5.8,53.3671875,-1.0,0,0
2026-07-28T23:38:55.686,10.42.0.210,10.42.0.1|10.42.0.47,89,3,UPLOAD,0.95,UPLOAD,0.95,1,1448,100.0,26,0.0,37648.0,0,26,0.0,1.0,0.016246866683096352,0,0,1,1,1,1,1,1,0.9699999999999999,1.0,1.0,1.0,0.8,skip,attack_already_active,1785296335.6864076,1785296335686407567,1385003903107333,5.8,53.3671875,-1.0,0,0
2026-07-28T23:38:55.688,10.42.0.210,10.42.0.1|10.42.0.47,89,3,UPLOAD,0.95,UPLOAD,0.95,1,1448,100.0,27,0.0,39096.0,0,27,0.0,1.0,0.01437198769074388,0,0,1,1,1,1,1,1,0.9699999999999999,1.0,1.0,1.0,0.8,skip,attack_already_active,1785296335.6884265,1785296335688426435,1385003905125368,5.8,53.3671875,-1.0,0,0
2026-07-28T23:38:55.689,10.42.0.210,10.42.0.1|10.42.0.47,89,3,UPLOAD,0.95,UPLOAD,0.95,1,1448,100.0,28,0.0,40544.0,0,28,0.0,1.0,0.012653876039501936,0,0,1,1,1,1,1,1,0.9699999999999999,1.0,1.0,1.0,0.8,skip,attack_already_active,1785296335.6897602,1785296335689760230,1385003906458829,5.8,53.3671875,-1.0,0,0
2026-07-28T23:38:55.691,10.42.0.210,10.42.0.1|10.42.0.47,89,3,UPLOAD,0.95,UPLOAD,0.95,1,1448,100.0,29,0.0,41992.0,0,29,0.0,1.0,0.011203418791774339,0,0,1,1,1,1,1,1,0.9699999999999999,1.0,1.0,1.0,0.8,skip,attack_already_active,1785296335.691407,1785296335691406758,1385003908105213,5.8,53.3671875,-1.0,0,0
2026-07-28T23:38:55.692,10.42.0.210,10.42.0.1|10.42.0.47,89,3,UPLOAD,0.95,UPLOAD,0.95,1,1448,100.0,30,0.0,43440.0,0,30,0.0,1.0,0.009884495814750593,0,0,1,1,1,1,1,1,0.9699999999999999,1.0,1.0,1.0,0.8,skip,attack_already_active,1785296335.6926014,1785296335692601427,1385003909300681,5.8,53.3671875,-1.0,0,0
2026-07-28T23:38:55.694,10.42.0.210,10.42.0.1|10.42.0.47,89,3,UPLOAD,0.95,UPLOAD,0.95,1,1448,100.0,31,0.0,44888.0,0,31,0.0,1.0,0.008812575944547645,0,0,1,1,1,1,1,1,0.9699999999999999,1.0,1.0,1.0,0.8,skip,attack_already_active,1785296335.6943514,1785296335694351400,1385003911051020,5.8,53.3671875,-1.0,0,0
2026-07-28T23:38:55.695,10.42.0.210,10.42.0.1|10.42.0.47,89,3,UPLOAD,0.95,UPLOAD,0.95,1,1448,100.0,32,0.0,46336.0,0,32,0.0,1.0,0.007814768587622546,0,0,1,1,1,1,1,1,0.9699999999999999,1.0,1.0,1.0,0.8,skip,attack_already_active,1785296335.695592,1785296335695592008,1385003912291216,5.8,53.3671875,-1.0,0,0
2026-07-28T23:38:55.696,10.42.0.210,10.42.0.1|10.42.0.47,89,3,UPLOAD,0.95,UPLOAD,0.95,1,1448,100.0,33,0.0,47784.0,0,33,0.0,1.0,0.006943828395311891,0,0,1,1,1,1,1,1,0.9699999999999999,1.0,1.0,1.0,0.8,skip,attack_already_active,1785296335.6967974,1785296335696797334,1385003913495943,5.8,53.3671875,-1.0,0,0
2026-07-28T23:38:55.698,10.42.0.210,10.42.0.1|10.42.0.47,89,3,UPLOAD,0.95,UPLOAD,0.95,1,1448,100.0,34,0.0,49232.0,0,34,0.0,1.0,0.006200285711796023,0,0,1,1,1,1,1,1,0.9699999999999999,1.0,1.0,1.0,0.8,skip,attack_already_active,1785296335.6980987,1785296335698098646,1385003914797951,5.8,53.3671875,-1.0,0,0
2026-07-28T23:38:55.699,10.42.0.210,10.42.0.1|10.42.0.47,89,3,UPLOAD,0.95,UPLOAD,0.95,1,1448,100.0,35,0.0,50680.0,0,35,0.0,1.0,0.0055315368689930235,0,0,1,1,1,1,1,1,0.9699999999999999,1.0,1.0,1.0,0.8,skip,attack_already_active,1785296335.699224,1785296335699224002,1385003915922461,5.8,53.3671875,-1.0,0,0
2026-07-28T23:38:55.700,10.42.0.210,10.42.0.1|10.42.0.47,89,3,UPLOAD,0.95,UPLOAD,0.95,1,1448,100.0,36,0.0,52128.0,0,36,0.0,1.0,0.004940921290550654,0,0,1,1,1,1,1,1,0.9699999999999999,1.0,1.0,1.0,0.8,skip,attack_already_active,1785296335.7002735,1785296335700273442,1385003916971874,5.8,53.3671875,-1.0,0,0
2026-07-28T23:38:55.709,10.42.0.1,10.42.0.1|10.42.0.47,90,3,UPLOAD,0.9775348901767068,UPLOAD,0.9775348901767068,1,7240,100.0,1,0.0,7240.0,0,1,0.0,1.0,0.12242473515189453,1,0,1,1,1,1,1,1,0.9699999999999999,1.0,1.0,1.0,0.8,skip,attack_already_active,1785296335.709142,1785296335709141913,1385003925840623,5.8,53.3671875,-1.0,0,0
2026-07-28T23:38:55.710,10.42.0.1,10.42.0.1|10.42.0.47,90,3,UPLOAD,0.9771655927283197,UPLOAD,0.9771655927283197,1,7240,100.0,2,0.0,14480.0,0,2,0.0,1.0,0.10645156734255737,1,0,1,1,1,1,1,1,0.9699999999999999,1.0,1.0,1.0,0.8,skip,attack_already_active,1785296335.7103508,1785296335710350780,1385003927049731,5.8,53.3671875,-1.0,0,0
2026-07-28T23:38:55.721,10.42.0.1,10.42.0.1|10.42.0.47,90,3,UPLOAD,0.9772359033092187,UPLOAD,0.9772359033092187,1,1448,100.0,3,0.0,15928.0,0,3,0.0,1.0,0.09384014300544802,1,0,1,1,1,1,1,1,0.9699999999999999,1.0,1.0,1.0,0.8,skip,attack_already_active,1785296335.7210977,1785296335721097725,1385003937796495,5.8,53.3671875,-1.0,0,0
2026-07-28T23:38:55.791,10.42.0.1,10.42.0.1|10.42.0.47,90,3,UPLOAD,0.9768598212756637,UPLOAD,0.9768598212756637,1,14480,100.0,4,0.0,30408.0,0,4,0.0,1.0,0.09081036401027782,1,0,1,1,1,1,1,1,0.9699999999999999,1.0,1.0,1.0,0.8,skip,attack_already_active,1785296335.7919457,1785296335791945831,1385004008644682,5.8,53.3671875,-1.0,0,0
2026-07-28T23:38:55.793,10.42.0.1,10.42.0.1|10.42.0.47,90,3,UPLOAD,0.9766820787726118,UPLOAD,0.9766820787726118,1,14480,100.0,5,0.0,44888.0,0,5,0.0,1.0,0.0790159500791959,1,0,1,1,1,1,1,1,0.9699999999999999,1.0,1.0,1.0,0.8,skip,attack_already_active,1785296335.7932515,1785296335793251479,1385004009950244,5.8,53.3671875,-1.0,0,0
2026-07-28T23:38:55.795,10.42.0.1,10.42.0.1|10.42.0.47,90,3,UPLOAD,0.9762240807283518,UPLOAD,0.9762240807283518,1,15928,100.0,6,0.0,60816.0,0,6,0.0,1.0,0.06885654454124454,1,0,1,1,1,1,1,1,0.9699999999999999,1.0,1.0,1.0,0.8,skip,attack_already_active,1785296335.7951705,1785296335795170604,1385004011870323,5.8,53.3671875,-1.0,0,0
2026-07-28T23:38:55.797,10.42.0.1,10.42.0.1|10.42.0.47,90,3,UPLOAD,0.9759713931810685,UPLOAD,0.9759713931810685,1,14480,100.0,7,0.0,75296.0,0,7,0.0,1.0,0.060035480843993363,1,0,1,1,1,1,1,1,0.9699999999999999,1.0,1.0,1.0,0.8,skip,attack_already_active,1785296335.7970865,1785296335797086338,1385004013785703,5.8,53.3671875,-1.0,0,0
2026-07-28T23:38:55.798,10.42.0.1,10.42.0.1|10.42.0.47,90,3,UPLOAD,0.9754280443193111,UPLOAD,0.9754280443193111,1,4234,100.0,8,0.0,79530.0,0,8,0.0,1.0,0.05236194766078723,1,0,1,1,1,1,1,1,0.9699999999999999,1.0,1.0,1.0,0.8,skip,attack_already_active,1785296335.7988896,1785296335798889638,1385004015588211,5.8,53.3671875,-1.0,0,0
2026-07-28T23:38:56.097,10.42.0.1,,91,1,DOWNLOAD,0.9716318323741873,DOWNLOAD,0.9716318323741873,-1,1448,54.92403311193091,9,1448.0,79530.0,1,8,0.017881399886388896,0.9821186001136111,0.18786605083378688,0,0,0,0,1,0,0,0,0.44,0.8500000000000001,0.0,0.6000000000000001,0.15,skip,training_upload_trigger_not_confirmed,1785296336.0976663,1785296336097666411,1385004314365029,57.0,53.3671875,-1.0,0,0
2026-07-28T23:38:56.101,10.42.0.1,,91,1,DOWNLOAD,0.95,DOWNLOAD,0.95,-1,5792,10.984806628455136,10,7240.0,79530.0,2,8,0.08343897660481733,0.9165610233951826,0.1636229293342677,0,0,0,0,1,0,0,0,0.44,0.8500000000000001,0.0,0.6000000000000001,0.15,skip,training_upload_trigger_not_confirmed,1785296336.101558,1785296336101558028,1385004318256854,57.0,53.3671875,-1.0,0,0
2026-07-28T23:38:56.102,10.42.0.1,,91,1,DOWNLOAD,0.95,DOWNLOAD,0.95,-1,7240,5.492403314606878,11,14480.0,79530.0,3,8,0.1540261674289969,0.8459738325710031,0.1421654080990172,0,0,0,0,1,0,0,0,0.44,0.8500000000000001,0.0,0.6000000000000001,0.15,skip,training_upload_trigger_not_confirmed,1785296336.1023457,1785296336102345825,1385004319044230,57.0,53.3671875,-1.0,0,0
2026-07-28T23:38:56.103,10.42.0.1,,91,1,DOWNLOAD,0.95,DOWNLOAD,0.95,-1,7240,3.6616022098222096,12,21720.0,79530.0,4,8,0.21451851851851853,0.7854814814814814,0.12361099936931255,0,0,0,0,1,0,0,0,0.4,0.8500000000000001,0.0,0.4,0.15,skip,training_upload_trigger_not_confirmed,1785296336.1037068,1785296336103706961,1385004320405820,57.0,53.3671875,-1.0,0,0
2026-07-28T23:38:56.104,10.42.0.1,,91,1,DOWNLOAD,0.95,DOWNLOAD,0.95,-1,7240,2.746201657398266,13,28960.0,79530.0,5,8,0.26693704488892983,0.7330629551110701,0.10743598829203024,0,0,0,0,1,0,0,0,0.4,0.8500000000000001,0.0,0.4,0.15,skip,training_upload_trigger_not_confirmed,1785296336.1045702,1785296336104570220,1385004321269441,57.0,53.3671875,-1.0,0,0
2026-07-28T23:38:56.106,10.42.0.1,,91,1,DOWNLOAD,0.95,DOWNLOAD,0.95,-1,7240,2.1969613259337852,14,36200.0,79530.0,6,8,0.31279702756415795,0.687202972435842,0.09355181159129854,0,0,0,0,1,0,0,0,0.4,0.8500000000000001,0.0,0.4,0.15,skip,training_upload_trigger_not_confirmed,1785296336.106643,1785296336106642985,1385004323341487,57.0,53.3671875,-1.0,0,0
2026-07-28T23:38:56.107,10.42.0.1,,91,1,DOWNLOAD,0.95,DOWNLOAD,0.95,-1,7240,1.8308011049532502,15,43440.0,79530.0,7,8,0.3532568919248597,0.6467431080751402,0.08137094804126724,0,0,0,0,1,0,0,0,0.32,0.8500000000000001,0.0,0.0,0.15,skip,training_upload_trigger_not_confirmed,1785296336.1077576,1785296336107757541,1385004324456143,57.0,53.3671875,-1.0,0,0
2026-07-28T23:38:56.109,10.42.0.1,,91,1,DOWNLOAD,0.95,DOWNLOAD,0.95,-1,7240,1.5692580899650894,16,50680.0,79530.0,8,8,0.3892174180170494,0.6107825819829507,0.07087388068886723,0,0,0,0,1,0,0,0,0.32,0.8500000000000001,0.0,0.0,0.15,skip,training_upload_trigger_not_confirmed,1785296336.1094692,1785296336109469197,1385004326167787,57.0,53.3671875,-1.0,0,0
2026-07-28T23:38:56.110,10.42.0.1,,91,1,DOWNLOAD,0.9502293167816805,DOWNLOAD,0.9502293167816805,-1,7240,1.37310082872284,17,57920.0,79530.0,9,8,0.4213895962168061,0.5786104037831938,0.06165763782060791,0,0,0,0,1,0,0,0,0.32,0.8500000000000001,0.0,0.0,0.15,skip,training_upload_trigger_not_confirmed,1785296336.1104035,1785296336110403640,1385004327103000,57.0,53.3671875,-1.0,0,0
2026-07-28T23:38:56.111,10.42.0.1,,91,1,DOWNLOAD,0.9591128772478996,DOWNLOAD,0.9591128772478996,-1,10136,1.1685964499798902,18,68056.0,79530.0,10,8,0.4611277492445083,0.5388722507554917,0.0536827538247891,0,0,0,0,1,0,0,0,0.30250000000000005,0.8000000000000002,0.0,0.0,0.15,skip,training_upload_trigger_not_confirmed,1785296336.111542,1785296336111541925,1385004328240530,57.0,53.3671875,-1.0,0,0
2026-07-28T23:38:56.112,10.42.0.1,,91,1,DOWNLOAD,0.9620175769507889,DOWNLOAD,0.9620175769507889,-1,10136,1.0171117249844344,19,78192.0,79530.0,11,8,0.4957583596454521,0.5042416403545479,0.0467147714569076,0,0,0,0,1,0,0,0,0.30250000000000005,0.8000000000000002,0.0,0.0,0.15,skip,training_upload_trigger_not_confirmed,1785296336.1123466,1785296336112346679,1385004329045001,57.0,53.3671875,-1.0,0,0
2026-07-28T23:38:56.113,10.42.0.1,,91,1,DOWNLOAD,0.9570194533212247,DOWNLOAD,0.9570194533212247,-1,14480,0.8581880179573314,20,92672.0,79530.0,12,8,0.5381586741152832,0.46184132588471677,0.04065672846641141,0,0,0,0,1,0,0,0,0.30250000000000005,0.8000000000000002,0.0,0.0,0.15,skip,training_upload_trigger_not_confirmed,1785296336.1130886,1785296336113088603,1385004329787227,57.0,53.3671875,-1.0,0,0
2026-07-28T23:38:56.113,10.42.0.1,,91,1,DOWNLOAD,0.95,DOWNLOAD,0.95,-1,4344,0.8197616887954589,21,97016.0,79530.0,13,8,0.549522504049936,0.45047749595006403,0.03540348429157348,0,0,0,0,1,0,0,0,0.30250000000000005,0.8000000000000002,0.0,0.0,0.15,skip,training_upload_trigger_not_confirmed,1785296336.11388,1785296336113879773,1385004330578241,57.0,53.3671875,-1.0,0,0
2026-07-28T23:38:56.114,10.42.0.1,,91,1,DOWNLOAD,0.95,DOWNLOAD,0.95,-1,14480,0.7132991318099905,22,111496.0,79530.0,14,8,0.5836692387423702,0.41633076125762986,0.03085395095807398,0,0,0,0,1,0,0,0,0.28500000000000003,0.7500000000000001,0.0,0.0,0.15,skip,training_upload_trigger_not_confirmed,1785296336.1147583,1785296336114758055,1385004331456735,57.0,53.3671875,-1.0,0,0
2026-07-28T23:38:56.115,10.42.0.1,,91,1,DOWNLOAD,0.95,DOWNLOAD,0.95,-1,4344,0.6865504143673468,23,115840.0,79530.0,15,8,0.5929262425142038,0.40707375748579616,0.02688222048303511,0,0,0,0,1,0,0,0,0.28500000000000003,0.7500000000000001,0.0,0.0,0.15,skip,training_upload_trigger_not_confirmed,1785296336.1154718,1785296336115471857,1385004332170102,57.0,53.3671875,-1.0,0,0
2026-07-28T23:38:56.116,10.42.0.1,,91,1,DOWNLOAD,0.95,DOWNLOAD,0.95,-1,14480,0.6102670349937824,24,130320.0,79530.0,16,8,0.6210150107219442,0.37898498927805574,0.0234300925837187,0,0,0,0,1,0,0,0,0.28500000000000003,0.7500000000000001,0.0,0.0,0.15,skip,training_upload_trigger_not_confirmed,1785296336.1161568,1785296336116156825,1385004332854848,57.0,53.3671875,-1.0,0,0
2026-07-28T23:38:56.117,10.42.0.1,,91,1,DOWNLOAD,0.95,DOWNLOAD,0.95,-1,4344,0.5905810016070324,25,134664.0,79530.0,17,8,0.6287010840639794,0.3712989159360206,0.020460545805820074,0,0,0,0,1,0,0,0,0.28500000000000003,0.7500000000000001,0.0,0.0,0.15,skip,training_upload_trigger_not_confirmed,1785296336.1170518,1785296336117052003,1385004333750125,57.0,53.3671875,-1.0,0,0
2026-07-28T23:38:56.117,10.42.0.1,,91,1,DOWNLOAD,0.95,DOWNLOAD,0.95,-1,10136,0.5492403314948257,26,144800.0,79530.0,18,8,0.6454776445415237,0.3545223554584764,0.01785802376383422,0,0,0,0,1,0,0,0,0.28500000000000003,0.7500000000000001,0.0,0.0,0.15,skip,training_upload_trigger_not_confirmed,1785296336.1177626,1785296336117762667,1385004334460701,57.0,53.3671875,-1.0,0,0
2026-07-28T23:38:56.119,10.42.0.1,,91,1,DOWNLOAD,0.95,DOWNLOAD,0.95,-1,14480,0.49930939226833676,27,159280.0,79530.0,19,8,0.6669737448180562,0.3330262551819438,0.0157509167196933,0,0,0,0,1,0,0,0,0.28500000000000003,0.7500000000000001,0.0,0.0,0.15,skip,training_upload_trigger_not_confirmed,1785296336.1196303,1785296336119630335,1385004336329235,57.0,53.3671875,-1.0,0,0
2026-07-28T23:38:56.120,10.42.0.1,,91,1,DOWNLOAD,0.95,DOWNLOAD,0.95,-1,5792,0.4817897644695539,28,165072.0,79530.0,20,8,0.6748595677876714,0.3251404322123286,0.013842834630502295,0,0,0,0,1,0,0,0,0.28500000000000003,0.7500000000000001,0.0,0.0,0.15,skip,training_upload_trigger_not_confirmed,1785296336.1209013,1785296336120901278,1385004337600231,57.0,53.3671875,-1.0,0,0
2026-07-28T23:38:56.121,10.42.0.1,,91,1,DOWNLOAD,0.95,DOWNLOAD,0.95,-1,17376,0.4359050249965145,29,182448.0,79530.0,21,8,0.6964248906396721,0.30357510936032794,0.012124516528616708,0,0,0,0,1,0,0,0,0.28500000000000003,0.7500000000000001,0.0,0.0,0.15,skip,training_upload_trigger_not_confirmed,1785296336.1217043,1785296336121704569,1385004338402900,57.0,53.3671875,-1.0,0,0
2026-07-28T23:38:56.122,10.42.0.1,,91,1,DOWNLOAD,0.95,DOWNLOAD,0.95,-1,11584,0.40988084439984185,30,194032.0,79530.0,22,8,0.7092797976327121,0.29072020236728785,0.010631466434995596,0,0,0,0,1,0,0,0,0.28500000000000003,0.7500000000000001,0.0,0.0,0.15,skip,training_upload_trigger_not_confirmed,1785296336.1224985,1785296336122498498,1385004339197015,57.0,53.3671875,-1.0,0,0
2026-07-28T23:38:56.123,10.42.0.1,,91,1,DOWNLOAD,0.95,DOWNLOAD,0.95,-1,8688,0.3923145224970781,31,202720.0,79530.0,23,8,0.7182285208148804,0.2817714791851196,0.009343864866740676,0,0,0,0,1,0,0,0,0.28500000000000003,0.7500000000000001,0.0,0.0,0.15,skip,training_upload_trigger_not_confirmed,1785296336.1233587,1785296336123358809,1385004340057179,57.0,53.3671875,-1.0,0,0
2026-07-28T23:38:56.125,10.42.0.1,,91,1,DOWNLOAD,0.95,DOWNLOAD,0.95,-1,18824,0.35898060882100624,32,221544.0,79530.0,24,8,0.7358456724924769,0.26415432750752305,0.008360528802370686,0,0,0,0,1,0,0,0,0.28500000000000003,0.7500000000000001,0.0,0.0,0.15,skip,training_upload_trigger_not_confirmed,1785296336.1252403,1785296336125240342,1385004341939254,57.0,53.3671875,-1.0,0,0
2026-07-28T23:38:56.126,10.42.0.1,,91,1,DOWNLOAD,0.95,DOWNLOAD,0.95,-1,18824,0.33086766957610464,33,240368.0,79530.0,25,8,0.7513895054048478,0.2486104945951522,0.007478872601852865,0,0,0,0,1,0,0,0,0.28500000000000003,0.7500000000000001,0.0,0.0,0.15,skip,training_upload_trigger_not_confirmed,1785296336.1269102,1785296336126910144,1385004343609195,57.0,53.3671875,-1.0,0,0
2026-07-28T23:38:56.128,10.42.0.1,,91,1,DOWNLOAD,0.95,DOWNLOAD,0.95,-1,9680,0.3180589326876517,34,250048.0,79530.0,26,8,0.7586914175096638,0.24130858249033613,0.006662876868382357,0,0,0,0,1,0,0,0,0.28500000000000003,0.7500000000000001,0.0,0.0,0.15,skip,training_upload_trigger_not_confirmed,1785296336.1281967,1785296336128196621,1385004344895499,57.0,53.3671875,-1.0,0,0
2026-07-28T23:38:56.129,10.42.0.1,,91,1,DOWNLOAD,0.95,DOWNLOAD,0.95,-1,15472,0.29952545947838377,35,265520.0,79530.0,27,8,0.7695116649760905,0.23048833502390959,0.0059689234157267665,0,0,0,0,1,0,0,0,0.28500000000000003,0.7500000000000001,0.0,0.0,0.15,skip,training_upload_trigger_not_confirmed,1785296336.1295934,1785296336129593350,1385004346292341,57.0,53.3671875,-1.0,0,0
2026-07-28T23:38:56.131,10.42.0.1,,91,1,DOWNLOAD,0.95,DOWNLOAD,0.95,-1,16920,0.2815819289077978,36,282440.0,79530.0,28,8,0.7802856590325165,0.2197143409674835,0.005448823364921721,0,0,0,0,1,0,0,0,0.28500000000000003,0.7500000000000001,0.0,0.0,0.15,skip,training_upload_trigger_not_confirmed,1785296336.1316154,1785296336131615440,1385004348314594,57.0,53.3671875,-1.0,0,0
2026-07-28T23:38:56.132,10.42.0.18,,64,1,DOWNLOAD,0.95,DOWNLOAD,0.95,-1,7300,1.3698630135109776e-10,1,7300.0,0.0,1,0,1.0,0.0,0.4993943826132545,0,0,0,0,0,0,0,0,0.0225,0.0,0.0,0.0,0.15,skip,already_attacked_this_round,1785296336.132851,1785296336132850994,1385004349549600,57.0,53.3671875,-1.0,0,0
2026-07-28T23:38:56.134,10.42.0.1,,91,1,DOWNLOAD,0.95,DOWNLOAD,0.95,-1,14480,0.2678499259084337,37,296920.0,79530.0,29,8,0.7887368840483464,0.21126311595165362,0.005051799970103205,0,0,0,0,1,0,0,0,0.28500000000000003,0.7500000000000001,0.0,0.0,0.15,skip,training_upload_trigger_not_confirmed,1785296336.1340513,1785296336134051392,1385004350749936,57.0,53.3671875,-1.0,0,0
2026-07-28T23:38:56.136,10.42.0.47,,91,1,DOWNLOAD,0.95,DOWNLOAD,0.95,-1,7240,1.381215469422484e-10,1,7240.0,0.0,1,0,1.0,0.0,0.3173085530210781,0,0,0,0,0,0,0,0,0.0225,0.0,0.0,0.0,0.15,skip,training_upload_trigger_not_confirmed,1785296336.136234,1785296336136234059,1385004352933425,57.0,53.3671875,-1.0,0,0
2026-07-28T23:38:56.137,10.42.0.47,,91,1,DOWNLOAD,0.9829981496648164,DOWNLOAD,0.9829981496648164,-1,7240,6.90607734758936e-11,2,14480.0,0.0,2,0,1.0,0.0,0.2756813156611395,0,0,0,0,0,0,0,0,0.0225,0.0,0.0,0.0,0.15,skip,training_upload_trigger_not_confirmed,1785296336.137645,1785296336137644984,1385004354343958,57.0,53.3671875,-1.0,0,0
2026-07-28T23:38:56.138,10.42.0.1,,91,1,DOWNLOAD,0.9504897110970486,DOWNLOAD,0.9504897110970486,-1,18824,0.2518812709053794,38,315744.0,79530.0,30,8,0.7987977959592586,0.20120220404074135,0.005015299616829179,0,0,0,0,1,0,0,0,0.28500000000000003,0.7500000000000001,0.0,0.0,0.15,skip,training_upload_trigger_not_confirmed,1785296336.1388261,1785296336138826125,1385004355524756,57.0,53.3671875,-1.0,0,0
2026-07-28T23:38:56.140,10.42.0.1,,91,1,DOWNLOAD,0.950896958581168,DOWNLOAD,0.950896958581168,-1,16946,0.23905136914473216,39,332690.0,79530.0,31,8,0.8070690408034544,0.19293095919654554,0.00452469392433824,0,0,0,0,1,0,0,0,0.28500000000000003,0.7500000000000001,0.0,0.0,0.15,skip,training_upload_trigger_not_confirmed,1785296336.1401184,1785296336140118379,1385004356817670,57.0,53.3671875,-1.0,0,0
2026-07-28T23:38:56.142,10.42.0.145,,40,1,DOWNLOAD,0.95,DOWNLOAD,0.95,-1,14600,6.84931506802402e-11,1,14600.0,0.0,1,0,1.0,0.0,0.5799991461267854,0,0,0,0,0,0,0,0,0.0225,0.0,0.0,0.0,0.15,skip,training_upload_trigger_not_confirmed,1785296336.1422281,1785296336142228238,1385004358927451,57.0,53.3671875,-1.0,0,0
2026-07-28T23:38:56.143,10.42.0.145,,40,1,DOWNLOAD,0.95,DOWNLOAD,0.95,-1,14600,3.424657534129292e-11,2,29200.0,0.0,2,0,1.0,0.0,0.5037481096169643,0,0,0,0,0,0,0,0,0.0225,0.0,0.0,0.0,0.15,skip,training_upload_trigger_not_confirmed,1785296336.1435792,1785296336143579041,1385004360278030,57.0,53.3671875,-1.0,0,0
2026-07-28T23:38:56.144,10.42.0.18,,64,1,DOWNLOAD,0.95,DOWNLOAD,0.95,-1,10220,5.70776255675184e-11,2,17520.0,0.0,2,0,1.0,0.0,0.4351602463554861,0,0,0,0,0,0,0,0,0.0225,0.0,0.0,0.0,0.15,skip,already_attacked_this_round,1785296336.1447902,1785296336144790248,1385004361489038,57.0,53.3671875,-1.0,0,0
2026-07-28T23:38:56.145,10.42.0.18,,64,1,DOWNLOAD,0.95,DOWNLOAD,0.95,-1,4380,4.566210045453598e-11,3,21900.0,0.0,3,0,1.0,0.0,0.37792166776339253,0,0,0,0,0,0,0,0,0.0225,0.0,0.0,0.0,0.15,skip,already_attacked_this_round,1785296336.1455827,1785296336145582479,1385004362280803,57.0,53.3671875,-1.0,0,0
2026-07-28T23:38:56.146,10.42.0.18,,64,1,DOWNLOAD,0.95,DOWNLOAD,0.95,-1,14600,2.739726027322199e-11,4,36500.0,0.0,4,0,1.0,0.0,0.3282619910681695,0,0,0,0,0,0,0,0,0.0225,0.0,0.0,0.0,0.15,skip,already_attacked_this_round,1785296336.1466508,1785296336146651000,1385004363349246,57.0,53.3671875,-1.0,0,0
2026-07-28T23:38:56.147,10.42.0.59,,37,1,DOWNLOAD,0.95,DOWNLOAD,0.95,-1,26280,3.805175037906957e-11,1,26280.0,0.0,1,0,1.0,0.0,0.9497115835640337,0,0,0,0,0,0,0,0,0.0225,0.0,0.0,0.0,0.15,skip,training_upload_trigger_not_confirmed,1785296336.1478097,1785296336147809785,1385004364508666,57.0,53.3671875,-1.0,0,0
2026-07-28T23:38:56.148,10.42.0.59,,37,1,DOWNLOAD,0.95,DOWNLOAD,0.95,-1,9104,2.8261361066350288e-11,2,35384.0,0.0,2,0,1.0,0.0,0.8246870949188302,0,0,0,0,0,0,0,0,0.0225,0.0,0.0,0.0,0.15,skip,training_upload_trigger_not_confirmed,1785296336.148745,1785296336148745052,1385004365443439,57.0,53.3671875,-1.0,0,0
2026-07-28T23:38:56.149,10.42.0.210,,90,1,DOWNLOAD,0.983281689295863,DOWNLOAD,0.983281689295863,-1,10136,5.142857142448416,37,10136.0,52128.0,1,36,0.16279069767441862,0.8372093023255814,0.06312987594093604,0,0,0,0,0,0,0,0,0.057499999999999996,0.1,0.0,0.0,0.15,skip,training_upload_trigger_not_confirmed,1785296336.1498516,1785296336149851738,1385004366549927,57.0,53.3671875,-1.0,0,0
2026-07-28T23:38:56.150,10.42.0.210,,90,1,DOWNLOAD,0.95,DOWNLOAD,0.95,-1,14480,2.117647058778126,38,24616.0,52128.0,2,36,0.32075471698113206,0.6792452830188679,0.05494248365221376,0,0,0,0,0,0,0,0,0.057499999999999996,0.1,0.0,0.0,0.15,skip,training_upload_trigger_not_confirmed,1785296336.1508496,1785296336150849414,1385004367547666,57.0,53.3671875,-1.0,0,0
2026-07-28T23:38:56.151,10.42.0.210,,90,1,DOWNLOAD,0.9557926560077417,DOWNLOAD,0.9557926560077417,-1,4344,1.7999999999723757,39,28960.0,52128.0,3,36,0.35714285714285715,0.6428571428571429,0.047825403660613795,0,0,0,0,0,0,0,0,0.057499999999999996,0.1,0.0,0.0,0.15,skip,training_upload_trigger_not_confirmed,1785296336.1517825,1785296336151782387,1385004368480750,57.0,53.3671875,-1.0,0,0
2026-07-28T23:38:56.153,10.42.0.145,,40,1,DOWNLOAD,0.95,DOWNLOAD,0.95,-1,29200,1.7123287670939668e-11,3,58400.0,0.0,3,0,1.0,0.0,0.43865822856362113,0,0,0,0,0,0,0,0,0.0225,0.0,0.0,0.0,0.15,skip,training_upload_trigger_not_confirmed,1785296336.1533782,1785296336153378297,1385004370077935,57.0,53.3671875,-1.0,0,0
2026-07-28T23:38:56.154,10.42.0.145,,40,1,DOWNLOAD,0.95,DOWNLOAD,0.95,-1,6184,1.5483711135645304e-11,4,64584.0,0.0,4,0,1.0,0.0,0.3810008360670614,0,0,0,0,0,0,0,0,0.0225,0.0,0.0,0.0,0.15,skip,training_upload_trigger_not_confirmed,1785296336.1544905,1785296336154490278,1385004371189090,57.0,53.3671875,-1.0,0,0
2026-07-28T23:38:56.155,10.42.0.18,,64,1,DOWNLOAD,0.95,DOWNLOAD,0.95,-1,14600,1.9569471623883178e-11,5,51100.0,0.0,5,0,1.0,0.0,0.2861861105309199,0,0,0,0,0,0,0,0,0.0225,0.0,0.0,0.0,0.15,skip,already_attacked_this_round,1785296336.1556106,1785296336155610645,1385004372309162,57.0,53.3671875,-1.0,0,0
2026-07-28T23:38:56.156,10.42.0.18,,64,1,DOWNLOAD,0.9565651733169657,DOWNLOAD,0.9565651733169657,-1,20784,1.3911301541178688e-11,6,71884.0,0.0,6,0,1.0,0.0,0.24861515233375456,0,0,0,0,0,0,0,0,0.0225,0.0,0.0,0.0,0.15,skip,already_attacked_this_round,1785296336.156681,1785296336156681076,1385004373379390,57.0,53.3671875,-1.0,0,0
2026-07-28T23:38:56.157,10.42.0.47,,91,1,DOWNLOAD,0.9842257140988042,DOWNLOAD,0.9842257140988042,-1,1448,6.278252134211561e-11,3,15928.0,0.0,3,0,1.0,0.0,0.24198709571372537,0,0,0,0,0,0,0,0,0.0225,0.0,0.0,0.0,0.15,skip,training_upload_trigger_not_confirmed,1785296336.1576302,1785296336157630161,1385004374329148,57.0,53.3671875,-1.0,0,0
2026-07-28T23:38:56.159,10.42.0.210,,90,1,DOWNLOAD,0.9846998846180315,DOWNLOAD,0.9846998846180315,-1,18824,1.0909090909071884,40,47784.0,52128.0,4,36,0.4782608695652174,0.5217391304347826,0.04250748336256918,0,0,0,0,0,0,0,0,0.039999999999999994,0.05,0.0,0.0,0.15,skip,training_upload_trigger_not_confirmed,1785296336.1592517,1785296336159251651,1385004375950234,57.0,53.3671875,-1.0,0,0
2026-07-28T23:38:56.160,10.42.0.210,,90,1,DOWNLOAD,0.9854895428954357,DOWNLOAD,0.9854895428954357,-1,1448,1.05882352941057,41,49232.0,52128.0,5,36,0.4857142857142857,0.5142857142857142,0.037028830423620845,0,0,0,0,0,0,0,0,0.039999999999999994,0.05,0.0,0.0,0.15,skip,training_upload_trigger_not_confirmed,1785296336.1601832,1785296336160183402,1385004376881838,57.0,53.3671875,-1.0,0,0
2026-07-28T23:38:56.161,10.42.0.210,,90,1,DOWNLOAD,0.9855083405864443,DOWNLOAD,0.9855083405864443,-1,14480,0.818181818184672,42,63712.0,52128.0,6,36,0.55,0.45,0.03233448776637018,0,0,0,0,0,0,0,0,0.039999999999999994,0.05,0.0,0.0,0.15,skip,training_upload_trigger_not_confirmed,1785296336.161588,1785296336161588026,1385004378286463,57.0,53.3671875,-1.0,0,0
2026-07-28T23:38:56.163,10.42.0.210,,90,1,DOWNLOAD,0.9855087208476458,DOWNLOAD,0.9855087208476458,-1,992,0.8056379821988495,43,64704.0,52128.0,7,36,0.5538208709942481,0.44617912900575185,0.028271934961361867,0,0,0,0,0,0,0,0,0.039999999999999994,0.05,0.0,0.0,0.15,skip,training_upload_trigger_not_confirmed,1785296336.1630929,1785296336163092819,1385004379791617,57.0,53.3671875,-1.0,0,0
2026-07-28T23:38:56.172,10.42.0.47,,91,1,DOWNLOAD,0.9842586901286671,DOWNLOAD,0.9842586901286671,-1,1448,5.7550644563907074e-11,4,17376.0,0.0,4,0,1.0,0.0,0.21206061101211693,0,0,0,0,0,0,0,0,0.0225,0.0,0.0,0.0,0.15,skip,training_upload_trigger_not_confirmed,1785296336.1725135,1785296336172513502,1385004389211941,57.0,53.3671875,-1.0,0,0
2026-07-28T23:38:56.173,10.42.0.47,,91,1,DOWNLOAD,0.9842595481342594,DOWNLOAD,0.9842595481342594,-1,8688,3.8367096376674066e-11,5,26064.0,0.0,5,0,1.0,0.0,0.18421942314994416,0,0,0,0,0,0,0,0,0.0225,0.0,0.0,0.0,0.15,skip,training_upload_trigger_not_confirmed,1785296336.173295,1785296336173295155,1385004389993392,57.0,53.3671875,-1.0,0,0
2026-07-28T23:38:56.174,10.42.0.47,,91,1,DOWNLOAD,0.9842595696464124,DOWNLOAD,0.9842595696464124,-1,8688,2.8775322282781555e-11,6,34752.0,0.0,6,0,1.0,0.0,0.16008321738502096,0,0,0,0,0,0,0,0,0.0225,0.0,0.0,0.0,0.15,skip,training_upload_trigger_not_confirmed,1785296336.1743515,1785296336174351408,1385004391049677,57.0,53.3671875,-1.0,0,0
2026-07-28T23:38:56.175,10.42.0.47,,91,1,DOWNLOAD,0.9842595701605352,DOWNLOAD,0.9842595701605352,-1,7240,2.381405982035116e-11,7,41992.0,0.0,7,0,1.0,0.0,0.1391993362587975,0,0,0,0,0,0,0,0,0.0225,0.0,0.0,0.0,0.15,skip,training_upload_trigger_not_confirmed,1785296336.1759527,1785296336175952656,1385004392651226,57.0,53.3671875,-1.0,0,0
2026-07-28T23:38:56.178,10.42.0.47,,91,1,DOWNLOAD,0.9842595701720059,DOWNLOAD,0.9842595701720059,-1,1448,2.3020257826357728e-11,8,43440.0,0.0,8,0,1.0,0.0,0.12122104895927892,0,0,0,0,0,0,0,0,0.0225,0.0,0.0,0.0,0.15,skip,training_upload_trigger_not_confirmed,1785296336.1787198,1785296336178719861,1385004395418577,57.0,53.3671875,-1.0,0,0
2026-07-28T23:38:56.179,10.42.0.47,,91,1,DOWNLOAD,0.9842595701722343,DOWNLOAD,0.9842595701722343,-1,1448,2.22776688642337e-11,9,44888.0,0.0,9,0,1.0,0.0,0.10536018689066719,0,0,0,0,0,0,0,0,0.0225,0.0,0.0,0.0,0.15,skip,training_upload_trigger_not_confirmed,1785296336.179577,1785296336179577193,1385004396275814,57.0,53.3671875,-1.0,0,0
2026-07-28T23:38:56.180,10.42.0.47,,91,1,DOWNLOAD,0.9842595701722379,DOWNLOAD,0.9842595701722379,-1,1448,2.158149171224142e-11,10,46336.0,0.0,10,0,1.0,0.0,0.0915772857652399,0,0,0,0,0,0,0,0,0.0225,0.0,0.0,0.0,0.15,skip,training_upload_trigger_not_confirmed,1785296336.1803427,1785296336180342732,1385004397041125,57.0,53.3671875,-1.0,0,0
2026-07-28T23:38:56.181,10.42.0.47,,91,1,DOWNLOAD,0.9842595701722379,DOWNLOAD,0.9842595701722379,-1,1448,2.092750711491446e-11,11,47784.0,0.0,11,0,1.0,0.0,0.07961297542508826,0,0,0,0,0,0,0,0,0.0225,0.0,0.0,0.0,0.15,skip,training_upload_trigger_not_confirmed,1785296336.181126,1785296336181126018,1385004397824570,57.0,53.3671875,-1.0,0,0
2026-07-28T23:38:56.182,10.42.0.47,,91,1,DOWNLOAD,0.9842595701722379,DOWNLOAD,0.9842595701722379,-1,2896,1.973164956551437e-11,12,50680.0,0.0,12,0,1.0,0.0,0.06924633685458029,0,0,0,0,0,0,0,0,0.0225,0.0,0.0,0.0,0.15,skip,training_upload_trigger_not_confirmed,1785296336.1820695,1785296336182069607,1385004398768316,57.0,53.3671875,-1.0,0,0
2026-07-28T23:38:56.184,10.42.0.47,,91,1,DOWNLOAD,0.9842595701722379,DOWNLOAD,0.9842595701722379,-1,1448,1.918354818870504e-11,13,52128.0,0.0,13,0,1.0,0.0,0.060491189941152684,0,0,0,0,0,0,0,0,0.0225,0.0,0.0,0.0,0.15,skip,training_upload_trigger_not_confirmed,1785296336.1848755,1785296336184875475,1385004401573820,57.0,53.3671875,-1.0,0,0
2026-07-28T23:38:56.185,10.42.0.47,,91,1,DOWNLOAD,0.9842595701722379,DOWNLOAD,0.9842595701722379,-1,2896,1.8173887757738915e-11,14,55024.0,0.0,14,0,1.0,0.0,0.05262744330743567,0,0,0,0,0,0,0,0,0.0225,0.0,0.0,0.0,0.15,skip,training_upload_trigger_not_confirmed,1785296336.1856909,1785296336185690802,1385004402389515,57.0,53.3671875,-1.0,0,0
2026-07-28T23:38:56.186,10.42.0.47,,91,1,DOWNLOAD,0.9842595701722379,DOWNLOAD,0.9842595701722379,-1,8688,1.569563033626796e-11,15,63712.0,0.0,15,0,1.0,0.0,0.0458285276173221,0,0,0,0,0,0,0,0,0.0225,0.0,0.0,0.0,0.15,skip,training_upload_trigger_not_confirmed,1785296336.1867232,1785296336186723359,1385004403422401,57.0,53.3671875,-1.0,0,0
2026-07-28T23:38:56.187,10.42.0.47,,91,1,DOWNLOAD,0.9842595701722379,DOWNLOAD,0.9842595701722379,-1,2896,1.5013211626005687e-11,16,66608.0,0.0,16,0,1.0,0.0,0.03991708412805163,0,0,0,0,0,0,0,0,0.0225,0.0,0.0,0.0,0.15,skip,training_upload_trigger_not_confirmed,1785296336.1876915,1785296336187691535,1385004404389902,57.0,53.3671875,-1.0,0,0
2026-07-28T23:38:56.189,10.42.0.47,,91,1,DOWNLOAD,0.9842595701722379,DOWNLOAD,0.9842595701722379,-1,2896,1.4387661141597784e-11,17,69504.0,0.0,17,0,1.0,0.0,0.034870387689143405,0,0,0,0,0,0,0,0,0.0225,0.0,0.0,0.0,0.15,skip,training_upload_trigger_not_confirmed,1785296336.1893106,1785296336189310493,1385004406009019,57.0,53.3671875,-1.0,0,0
2026-07-28T23:38:56.190,10.42.0.47,,91,1,DOWNLOAD,0.9842595701722379,DOWNLOAD,0.9842595701722379,-1,2896,1.3812154695941821e-11,18,72400.0,0.0,18,0,1.0,0.0,0.030383876856471245,0,0,0,0,0,0,0,0,0.0225,0.0,0.0,0.0,0.15,skip,training_upload_trigger_not_confirmed,1785296336.190134,1785296336190134025,1385004406832970,57.0,53.3671875,-1.0,0,0
2026-07-28T23:38:56.191,10.42.0.47,,91,1,DOWNLOAD,0.9842595701722379,DOWNLOAD,0.9842595701722379,-1,2896,1.3280917976874192e-11,19,75296.0,0.0,19,0,1.0,0.0,0.02652731136030955,0,0,0,0,0,0,0,0,0.0225,0.0,0.0,0.0,0.15,skip,training_upload_trigger_not_confirmed,1785296336.1912515,1785296336191251340,1385004407949715,57.0,53.3671875,-1.0,0,0
2026-07-28T23:38:56.194,10.42.0.47,,91,1,DOWNLOAD,0.9842595701722379,DOWNLOAD,0.9842595701722379,-1,2896,1.2789032125885141e-11,20,78192.0,0.0,20,0,1.0,0.0,0.023469585856125005,0,0,0,0,0,0,0,0,0.0225,0.0,0.0,0.0,0.15,skip,training_upload_trigger_not_confirmed,1785296336.1945746,1785296336194574593,1385004411273185,57.0,53.3671875,-1.0,0,0
2026-07-28T23:38:56.195,10.42.0.47,,91,1,DOWNLOAD,0.9842595701722379,DOWNLOAD,0.9842595701722379,-1,1005,1.2626740911743795e-11,21,79197.0,0.0,21,0,1.0,0.0,0.02049942182554944,0,0,0,0,0,0,0,0,0.0225,0.0,0.0,0.0,0.15,skip,training_upload_trigger_not_confirmed,1785296336.1955044,1785296336195504264,1385004412202806,57.0,53.3671875,-1.0,0,0
2026-07-28T23:38:56.463,10.42.0.145,,40,2,TRAINING,0.95,TRAINING,0.95,1,64240,0.994673603369338,5,64584.0,64240.0,4,1,0.5013351549400733,0.4986648450599267,0.5318066852894985,0,0,0,0,1,0,0,0,0.4525,1.0,0.0,0.4,0.15,skip,training_upload_trigger_not_confirmed,1785296336.4631085,1785296336463108658,1385004679807613,57.0,53.3671875,-1.0,0,0
2026-07-28T23:38:56.466,10.42.0.1,,91,2,TRAINING,0.95,TRAINING,0.95,1,7240,0.260813369805943,40,332690.0,86770.0,31,9,0.7931387975015496,0.20686120249845039,0.00408324871792563,0,0,0,0,1,0,0,0,0.4525,1.0,0.0,0.4,0.15,skip,training_upload_trigger_not_confirmed,1785296336.4661176,1785296336466117507,1385004682815943,57.0,53.3671875,-1.0,0,0
2026-07-28T23:38:56.467,10.42.0.1,10.42.0.1,91,3,UPLOAD,0.95,UPLOAD,0.95,1,5792,0.27822297033491167,41,332690.0,92562.0,31,10,0.7823361207001965,0.2176638792998034,0.0036957019415878767,1,0,0,0,1,0,0,0,0.85,1.0,1.0,0.4,0.8,trigger,training_upload_trigger_confirmed,1785296336.46726,1785296336467259867,1385004683958310,57.0,53.3671875,54.607516,1785296336521868409,1385004738565826
2026-07-28T23:38:56.479,10.42.0.59,10.42.0.1,37,2,TRAINING,0.95,TRAINING,0.95,1,64240,1.815509834930604,3,35384.0,64240.0,2,1,0.35517545972857945,0.6448245402714206,0.9229926342479856,0,0,0,0,1,0,0,0,0.5325,1.0,0.0,0.8,0.15,skip,training_upload_trigger_not_confirmed,1785296336.4798923,1785296336479892275,1385004696591508,57.0,53.3671875,-1.0,0,0
2026-07-28T23:38:56.483,10.42.0.59,10.42.0.1,37,3,UPLOAD,0.95,UPLOAD,0.95,1,3635,1.918239882406787,4,35384.0,67875.0,2,2,0.34267230943549715,0.6573276905645028,0.8017897176719577,0,0,0,1,1,1,1,1,0.9299999999999999,1.0,1.0,0.8,0.8,trigger,training_upload_trigger_confirmed,1785296336.4831095,1785296336483109406,1385004699808162,57.0,53.3671875,58.763728,1785296336541874526,1385004758571890
2026-07-28T23:38:56.484,10.42.0.1,10.42.0.1,91,3,UPLOAD,0.95,UPLOAD,0.95,1,7240,0.29998497099612254,42,332690.0,99802.0,31,11,0.769239662236527,0.23076033776347307,0.003627843403599559,1,0,1,1,1,1,1,1,0.85,1.0,1.0,0.4,0.8,skip,attack_already_active,1785296336.4848194,1785296336484819520,1385004701518329,57.0,53.3671875,-1.0,0,0
2026-07-28T23:38:56.486,10.42.0.1,10.42.0.1,91,3,UPLOAD,0.9537027997378181,UPLOAD,0.9537027997378181,1,5792,0.3173945715250912,43,332690.0,105594.0,31,12,0.7590740250613758,0.24092597493862428,0.0033070621791863567,1,0,1,1,1,1,1,1,0.85,1.0,1.0,0.4,0.8,skip,attack_already_active,1785296336.486013,1785296336486012914,1385004702711634,57.0,53.3671875,-1.0,0,0
2026-07-28T23:38:56.489,10.42.0.1,10.42.0.1,91,3,UPLOAD,0.9607178111746942,UPLOAD,0.9607178111746942,1,1448,0.3217469716573334,44,332690.0,107042.0,31,13,0.7565744589886567,0.24342554101134328,0.0032748019510779615,1,0,1,1,1,1,1,1,0.9299999999999999,1.0,1.0,0.8,0.8,skip,attack_already_active,1785296336.4890752,1785296336489075280,1385004705773979,57.0,53.3671875,-1.0,0,0
2026-07-28T23:38:56.505,10.42.0.1,10.42.0.1,91,3,UPLOAD,0.9550465233810672,UPLOAD,0.9550465233810672,1,1448,0.32609937178957554,45,332690.0,108490.0,31,14,0.7540913006029285,0.2459086993970715,0.004955212612390842,1,0,1,1,1,1,1,1,0.9699999999999999,1.0,1.0,1.0,0.8,skip,attack_already_active,1785296336.5051022,1785296336505101957,1385004721801253,57.0,53.3671875,-1.0,0,0
2026-07-28T23:38:56.508,10.42.0.1,10.42.0.1,91,3,UPLOAD,0.95,UPLOAD,0.95,1,1448,0.33045177192181774,46,332690.0,109938.0,31,15,0.7516243888773417,0.2483756111226583,0.004765335781597844,1,0,1,1,1,1,1,1,0.9699999999999999,1.0,1.0,1.0,0.8,skip,attack_already_active,1785296336.5086164,1785296336508616479,1385004725315271,57.0,53.3671875,-1.0,0,0
2026-07-28T23:38:56.511,10.42.0.1,10.42.0.1,91,3,UPLOAD,0.95,UPLOAD,0.95,1,11584,0.3652709729797551,47,332690.0,121522.0,31,16,0.7324553292295227,0.2675446707704772,0.0045503689861493965,1,0,1,1,1,1,1,1,0.9699999999999999,1.0,1.0,1.0,0.8,skip,attack_already_active,1785296336.5117505,1785296336511750340,1385004728448944,57.0,53.3671875,-1.0,0,0
2026-07-28T23:38:56.512,10.42.0.1,10.42.0.1,91,3,UPLOAD,0.95,UPLOAD,0.95,1,14480,0.4087949743021768,48,332690.0,136002.0,31,17,0.7098264958650884,0.2901735041349116,0.004103309820911208,1,0,1,1,1,1,1,1,0.9699999999999999,1.0,1.0,1.0,0.8,skip,attack_already_active,1785296336.5129082,1785296336512908414,1385004729607070,57.0,53.3671875,-1.0,0,0
2026-07-28T23:38:56.514,10.42.0.1,10.42.0.1,91,3,UPLOAD,0.95,UPLOAD,0.95,1,14480,0.45231897562459855,49,332690.0,150482.0,31,18,0.6885539724984063,0.3114460275015936,0.0037148474648727985,1,0,1,1,1,1,1,1,0.9699999999999999,1.0,1.0,1.0,0.8,skip,attack_already_active,1785296336.5140636,1785296336514063529,1385004730762081,97.4,53.3671875,-1.0,0,0
2026-07-28T23:38:56.515,10.42.0.1,10.42.0.1,91,3,UPLOAD,0.95,UPLOAD,0.95,1,14480,0.49584297694702023,50,332690.0,164962.0,31,19,0.668519366947184,0.331480633052816,0.0033730189946118427,1,0,1,1,1,1,1,1,0.9699999999999999,1.0,1.0,1.0,0.8,skip,attack_already_active,1785296336.5151844,1785296336515184498,1385004731883267,97.4,53.3671875,-1.0,0,0
2026-07-28T23:38:56.516,10.42.0.1,10.42.0.1,91,3,UPLOAD,0.95,UPLOAD,0.95,1,5792,0.513252577475989,51,332690.0,170754.0,31,20,0.660828215253335,0.339171784746665,0.0031440651322324114,1,0,1,1,1,1,1,1,0.9699999999999999,1.0,1.0,1.0,0.8,skip,attack_already_active,1785296336.51682,1785296336516819856,1385004733518427,97.4,53.3671875,-1.0,0,0
2026-07-28T23:38:56.518,10.42.0.1,10.42.0.1,91,3,UPLOAD,0.95,UPLOAD,0.95,1,14480,0.5567765787984106,52,332690.0,185234.0,31,21,0.6423529320904225,0.35764706790957745,0.0030056659430996936,1,0,1,1,1,1,1,1,0.9699999999999999,1.0,1.0,1.0,0.8,skip,attack_already_active,1785296336.5189137,1785296336518913840,1385004735612456,97.4,53.3671875,-1.0,0,0
2026-07-28T23:38:56.520,10.42.0.1,10.42.0.1,91,3,UPLOAD,0.95,UPLOAD,0.95,1,8688,0.5828909795918636,53,332690.0,193922.0,31,22,0.6317554480338465,0.36824455196615347,0.0027577293358868977,1,0,1,1,1,1,1,1,0.9699999999999999,1.0,1.0,1.0,0.8,skip,attack_already_active,1785296336.520038,1785296336520037798,1385004736736275,97.4,53.3671875,-1.0,0,0
2026-07-28T23:38:56.521,10.42.0.1,10.42.0.1,91,3,UPLOAD,0.95,UPLOAD,0.95,1,8591,0.6087138176692756,54,332690.0,202513.0,31,23,0.6216146023097778,0.3783853976902222,0.002607875640094994,1,0,1,1,1,1,1,1,0.9699999999999999,1.0,1.0,1.0,0.8,skip,attack_already_active,1785296336.5216584,1785296336521658409,1385004738357160,97.4,53.3671875,-1.0,0,0
2026-07-28T23:38:56.523,10.42.0.1,10.42.0.1,91,3,UPLOAD,0.95,UPLOAD,0.95,1,1448,0.6130662178015177,55,332690.0,203961.0,31,24,0.6199373522084185,0.3800626477915815,0.002477706000498703,1,0,1,1,1,1,1,1,0.9699999999999999,1.0,1.0,1.0,0.8,skip,attack_already_active,1785296336.5232785,1785296336523278608,1385004739977148,97.4,53.3671875,-1.0,0,0
2026-07-28T23:38:56.525,10.42.0.1,10.42.0.1,91,3,UPLOAD,0.95,UPLOAD,0.95,1,14480,0.6565902191239394,56,332690.0,218441.0,31,25,0.6036495860330847,0.3963504139669153,0.002391519925307593,1,0,1,1,1,1,1,1,0.9699999999999999,1.0,1.0,1.0,0.8,skip,attack_already_active,1785296336.5251021,1785296336525102177,1385004741802695,97.4,53.3671875,-1.0,0,0
2026-07-28T23:38:56.527,10.42.0.1,10.42.0.1,91,3,UPLOAD,0.95,UPLOAD,0.95,1,14480,0.7001142204463612,57,332690.0,232921.0,31,26,0.5881957741274481,0.411804225872552,0.0023611467108701073,1,0,1,1,1,1,1,1,0.9699999999999999,1.0,1.0,1.0,0.8,skip,attack_already_active,1785296336.5272632,1785296336527263289,1385004743962505,97.4,53.3671875,-1.0,0,0
2026-07-28T23:38:56.530,10.42.0.1,10.42.0.1,91,3,UPLOAD,0.95,UPLOAD,0.95,1,5694,0.7172292524580924,58,332690.0,238615.0,31,27,0.5823334296041519,0.4176665703958481,0.0024589377979539933,1,0,1,1,1,1,1,1,0.9699999999999999,1.0,1.0,1.0,0.8,skip,attack_already_active,1785296336.5303664,1785296336530366558,1385004747066970,97.4,53.3671875,-1.0,0,0
2026-07-28T23:38:56.576,10.42.0.18,10.42.0.1,64,2,TRAINING,0.95,TRAINING,0.95,1,1460,0.020310500264032187,7,71884.0,1460.0,6,1,0.9800938045375218,0.019906195462478186,0.42108218648487217,0,0,0,0,1,0,0,0,0.52,0.85,0.0,1.0,0.15,skip,already_attacked_this_round,1785296336.5766237,1785296336576623710,1385004793322926,97.4,53.3671875,-1.0,0,0
2026-07-28T23:38:56.579,10.42.0.18,10.42.0.1,64,3,UPLOAD,0.95,UPLOAD,0.95,1,59860,0.8530410105189884,8,71884.0,61320.0,6,2,0.5396534638599442,0.46034653614005583,0.36600675374349484,0,0,0,1,1,1,1,1,0.9699999999999999,1.0,1.0,1.0,0.8,skip,already_attacked_this_round,1785296336.5797536,1785296336579753626,1385004796452466,97.4,53.3671875,-1.0,0,0
2026-07-28T23:38:56.581,10.42.0.1,10.42.0.1,91,3,UPLOAD,0.95,UPLOAD,0.95,1,2896,0.7259340527225768,59,332690.0,241511.0,31,28,0.5793964134510389,0.4206035865489611,0.002539978166247186,1,0,1,1,1,1,1,1,0.9699999999999999,1.0,1.0,1.0,0.8,skip,attack_already_active,1785296336.5814404,1785296336581440640,1385004798139378,97.4,53.3671875,-1.0,0,0
2026-07-28T23:38:56.583,10.42.0.1,10.42.0.1,91,3,UPLOAD,0.95,UPLOAD,0.95,1,11584,0.7607532537805142,60,332690.0,253095.0,31,29,0.5679387488583696,0.43206125114163046,0.0024307885756559146,1,0,1,1,1,1,1,1,0.9699999999999999,1.0,1.0,1.0,0.8,skip,attack_already_active,1785296336.5831518,1785296336583151818,1385004799850623,97.4,53.3671875,-1.0,0,0
2026-07-28T23:38:56.584,10.42.0.1,10.42.0.1,91,3,UPLOAD,0.95,UPLOAD,0.95,1,2896,0.7694580540449985,61,332690.0,255991.0,31,30,0.565144789792774,0.434855210207226,0.0022604597595710257,1,0,1,1,1,1,1,1,0.9699999999999999,1.0,1.0,1.0,0.8,skip,attack_already_active,1785296336.58429,1785296336584290001,1385004800988436,97.4,53.3671875,-1.0,0,0
2026-07-28T23:38:56.586,10.42.0.1,10.42.0.1,91,3,UPLOAD,0.95,UPLOAD,0.95,1,11584,0.8042772551029358,62,332690.0,267575.0,31,31,0.5542385446427828,0.44576145535721723,0.0022452205401031944,1,0,1,1,1,1,1,1,0.9699999999999999,1.0,1.0,1.0,0.8,skip,attack_already_active,1785296336.5864348,1785296336586434726,1385004803133535,97.4,53.3671875,-1.0,0,0
2026-07-28T23:38:56.587,10.42.0.1,10.42.0.1,91,3,UPLOAD,0.95,UPLOAD,0.95,1,5792,0.8216868556319045,63,332690.0,273367.0,31,32,0.5489417662035089,0.45105823379649107,0.0021028007763043413,1,0,1,1,1,1,1,1,0.9699999999999999,1.0,1.0,1.0,0.8,skip,attack_already_active,1785296336.5875993,1785296336587599353,1385004804298679,97.4,53.3671875,-1.0,0,0
2026-07-28T23:38:56.589,10.42.0.1,10.42.0.1,91,3,UPLOAD,0.95,UPLOAD,0.95,1,14480,0.8652108569543262,64,332690.0,287847.0,31,33,0.5361324143443501,0.46386758565564984,0.0020481410908409284,1,0,1,1,1,1,1,1,0.9699999999999999,1.0,1.0,1.0,0.8,skip,attack_already_active,1785296336.5892873,1785296336589287096,1385004805985942,97.4,53.3671875,-1.0,0,0
2026-07-28T23:38:56.591,10.42.0.1,10.42.0.1,91,3,UPLOAD,0.95,UPLOAD,0.95,1,8688,0.8913252577477793,65,332690.0,296535.0,31,34,0.5287297866422981,0.4712702133577019,0.0020660953531059846,1,0,1,1,1,1,1,1,0.9699999999999999,1.0,1.0,1.0,0.8,skip,attack_already_active,1785296336.5914717,1785296336591471606,1385004808170539,97.4,53.3671875,-1.0,0,0
2026-07-28T23:38:56.592,10.42.0.1,10.42.0.1,91,3,UPLOAD,0.95,UPLOAD,0.95,1,5792,0.9087348582767479,66,332690.0,302327.0,31,35,0.5239072339795627,0.47609276602043726,0.0019461801038138076,1,0,1,1,1,1,1,1,0.9699999999999999,1.0,1.0,1.0,0.8,skip,attack_already_active,1785296336.5926278,1785296336592627765,1385004809326168,97.4,53.3671875,-1.0,0,0
2026-07-28T23:38:56.594,10.42.0.1,10.42.0.1,91,3,UPLOAD,0.95,UPLOAD,0.95,1,2798,0.9171450900239949,67,332690.0,305125.0,31,36,0.5216089304892485,0.47839106951075155,0.0018999376239226214,1,0,1,1,1,1,1,1,0.9699999999999999,1.0,1.0,1.0,0.8,skip,attack_already_active,1785296336.594223,1785296336594222978,1385004810921437,97.4,53.3671875,-1.0,0,0
2026-07-28T23:38:57.057,10.42.0.1,10.42.0.1,91,3,UPLOAD,0.815654044171855,UPLOAD,0.815654044171855,0,39,0.6780937208822685,59,332690.0,225595.0,31,28,0.5959142731758869,0.40408572682411315,0.007156776121733835,1,0,1,0,0,0,0,0,0.42,0.0,1.0,0.0,0.8,skip,attack_already_active,1785296337.057114,1785296337057113796,1385005273812783,97.4,53.3671875,-1.0,0,0
2026-07-28T23:38:57.851,10.42.0.210,10.42.0.1,90,3,UPLOAD,0.95,UPLOAD,0.95,1,1448,100.0,1,0.0,1448.0,0,1,0.0,1.0,0.13466296083248552,0,0,0,1,1,1,1,1,0.9525,0.95,1.0,1.0,0.8,trigger,training_upload_trigger_confirmed,1785296337.8518417,1785296337851841669,1385006068540605,7.5,53.3671875,6.267579,1785296337858110912,1385006074808184
2026-07-28T23:38:57.852,10.42.0.210,10.42.0.1,90,3,UPLOAD,0.9841010226033655,UPLOAD,0.9841010226033655,1,1448,100.0,2,0.0,2896.0,0,2,0.0,1.0,0.117061712769197,0,0,1,1,1,1,1,1,0.9699999999999999,1.0,1.0,1.0,0.8,skip,attack_already_active,1785296337.8529336,1785296337852933597,1385006069632071,7.5,53.3671875,-1.0,0,0
2026-07-28T23:38:57.854,10.42.0.210,10.42.0.1,90,3,UPLOAD,0.9854688349332961,UPLOAD,0.9854688349332961,1,1448,100.0,3,0.0,4344.0,0,3,0.0,1.0,0.101838107830352,0,0,1,1,1,1,1,1,0.9699999999999999,1.0,1.0,1.0,0.8,skip,attack_already_active,1785296337.8544676,1785296337854467674,1385006071166511,7.5,53.3671875,-1.0,0,0
2026-07-28T23:38:57.855,10.42.0.210,10.42.0.1,90,3,UPLOAD,0.9855076450773014,UPLOAD,0.9855076450773014,1,1448,100.0,4,0.0,5792.0,0,4,0.0,1.0,0.08855435729412096,0,0,1,1,1,1,1,1,0.9699999999999999,1.0,1.0,1.0,0.8,skip,attack_already_active,1785296337.855499,1785296337855499085,1385006072197548,7.5,53.3671875,-1.0,0,0
2026-07-28T23:38:57.857,10.42.0.210,10.42.0.1,90,3,UPLOAD,0.9855086980780915,UPLOAD,0.9855086980780915,1,1448,100.0,5,0.0,7240.0,0,5,0.0,1.0,0.07709973530226041,0,0,1,1,1,1,1,1,0.9699999999999999,1.0,1.0,1.0,0.8,skip,attack_already_active,1785296337.8571274,1785296337857127425,1385006073825998,7.5,53.3671875,-1.0,0,0
2026-07-28T23:38:57.858,10.42.0.210,10.42.0.1,90,3,UPLOAD,0.9855087254685951,UPLOAD,0.9855087254685951,1,1448,100.0,6,0.0,8688.0,0,6,0.0,1.0,0.06708960010405152,0,0,1,1,1,1,1,1,0.9699999999999999,1.0,1.0,1.0,0.8,skip,attack_already_active,1785296337.858263,1785296337858263022,1385006074963385,7.5,53.3671875,-1.0,0,0
2026-07-28T23:38:57.860,10.42.0.210,10.42.0.1,90,3,UPLOAD,0.9855087261493067,UPLOAD,0.9855087261493067,1,1448,100.0,7,0.0,10136.0,0,7,0.0,1.0,0.05848532023828581,0,0,1,1,1,1,1,1,0.9699999999999999,1.0,1.0,1.0,0.8,skip,attack_already_active,1785296337.860057,1785296337860057080,1385006076755957,7.5,53.3671875,-1.0,0,0
2026-07-28T23:38:57.861,10.42.0.210,10.42.0.1,90,3,UPLOAD,0.9855087261653082,UPLOAD,0.9855087261653082,1,1448,100.0,8,0.0,11584.0,0,8,0.0,1.0,0.05090829668350924,0,0,1,1,1,1,1,1,0.9699999999999999,1.0,1.0,1.0,0.8,skip,attack_already_active,1785296337.8610425,1785296337861042419,1385006077740758,7.5,53.3671875,-1.0,0,0
2026-07-28T23:38:57.862,10.42.0.210,10.42.0.1,90,3,UPLOAD,0.985508726165656,UPLOAD,0.985508726165656,1,1448,100.0,9,0.0,13032.0,0,9,0.0,1.0,0.0444106942327638,0,0,1,1,1,1,1,1,0.9699999999999999,1.0,1.0,1.0,0.8,skip,attack_already_active,1785296337.8626423,1785296337862642219,1385006079341094,7.5,53.3671875,-1.0,0,0
2026-07-28T23:38:57.863,10.42.0.210,10.42.0.1,90,3,UPLOAD,0.9855087261656625,UPLOAD,0.9855087261656625,1,1448,100.0,10,0.0,14480.0,0,10,0.0,1.0,0.03868665049924178,0,0,1,1,1,1,1,1,0.9699999999999999,1.0,1.0,1.0,0.8,skip,attack_already_active,1785296337.8636148,1785296337863614666,1385006080313529,7.5,53.3671875,-1.0,0,0
2026-07-28T23:38:57.864,10.42.0.210,10.42.0.1,90,3,UPLOAD,0.95,UPLOAD,0.95,1,1448,100.0,11,0.0,15928.0,0,11,0.0,1.0,0.03376882268512315,0,0,1,1,1,1,1,1,0.9699999999999999,1.0,1.0,1.0,0.8,skip,attack_already_active,1785296337.8649814,1785296337864981412,1385006081679882,7.5,53.3671875,-1.0,0,0
2026-07-28T23:38:57.865,10.42.0.210,10.42.0.1,90,3,UPLOAD,0.95,UPLOAD,0.95,1,1448,100.0,12,0.0,17376.0,0,12,0.0,1.0,0.029451064524380004,0,0,1,1,1,1,1,1,0.9699999999999999,1.0,1.0,1.0,0.8,skip,attack_already_active,1785296337.865984,1785296337865983913,1385006082682202,7.5,53.3671875,-1.0,0,0
2026-07-28T23:38:57.867,10.42.0.210,10.42.0.1,90,3,UPLOAD,0.95,UPLOAD,0.95,1,1448,100.0,13,0.0,18824.0,0,13,0.0,1.0,0.025756534642362827,0,0,1,1,1,1,1,1,0.9699999999999999,1.0,1.0,1.0,0.8,skip,attack_already_active,1785296337.8673983,1785296337867398177,1385006084096807,7.5,53.3671875,-1.0,0,0
2026-07-28T23:38:57.868,10.42.0.210,10.42.0.1,90,3,UPLOAD,0.95,UPLOAD,0.95,1,1448,100.0,14,0.0,20272.0,0,14,0.0,1.0,0.022489470432725027,0,0,1,1,1,1,1,1,0.9699999999999999,1.0,1.0,1.0,0.8,skip,attack_already_active,1785296337.868362,1785296337868361925,1385006085060444,7.5,53.3671875,-1.0,0,0
2026-07-28T23:38:57.869,10.42.0.210,10.42.0.1,90,3,UPLOAD,0.95,UPLOAD,0.95,1,1448,100.0,15,0.0,21720.0,0,15,0.0,1.0,0.019709787515521614,0,0,1,1,1,1,1,1,0.9699999999999999,1.0,1.0,1.0,0.8,skip,attack_already_active,1785296337.8697572,1785296337869757307,1385006086455909,7.5,53.3671875,-1.0,0,0
2026-07-28T23:38:57.870,10.42.0.210,10.42.0.1,90,3,UPLOAD,0.95,UPLOAD,0.95,1,1448,100.0,16,0.0,23168.0,0,16,0.0,1.0,0.017241823672573674,0,0,1,1,1,1,1,1,0.9699999999999999,1.0,1.0,1.0,0.8,skip,attack_already_active,1785296337.8707383,1785296337870738119,1385006087436496,7.5,53.3671875,-1.0,0,0
2026-07-28T23:38:57.872,10.42.0.210,10.42.0.1,90,3,UPLOAD,0.95,UPLOAD,0.95,1,1448,100.0,17,0.0,24616.0,0,17,0.0,1.0,0.015212491562629962,0,0,1,1,1,1,1,1,0.9699999999999999,1.0,1.0,1.0,0.8,skip,attack_already_active,1785296337.87258,1785296337872580136,1385006089279279,7.5,53.3671875,-1.0,0,0
2026-07-28T23:38:57.873,10.42.0.210,10.42.0.1,90,3,UPLOAD,0.95,UPLOAD,0.95,1,1448,100.0,18,0.0,26064.0,0,18,0.0,1.0,0.013346990176598836,0,0,1,1,1,1,1,1,0.9699999999999999,1.0,1.0,1.0,0.8,skip,attack_already_active,1785296337.8736358,1785296337873635729,1385006090334883,7.5,53.3671875,-1.0,0,0
2026-07-28T23:38:57.875,10.42.0.210,10.42.0.1,90,3,UPLOAD,0.95,UPLOAD,0.95,1,1448,100.0,19,0.0,27512.0,0,19,0.0,1.0,0.011775634331450938,0,0,1,1,1,1,1,1,0.9699999999999999,1.0,1.0,1.0,0.8,skip,attack_already_active,1785296337.8750582,1785296337875058173,1385006091756790,7.5,53.3671875,-1.0,0,0
2026-07-28T23:38:57.876,10.42.0.210,10.42.0.1,90,3,UPLOAD,0.95,UPLOAD,0.95,1,1448,100.0,20,0.0,28960.0,0,20,0.0,1.0,0.01035560845569717,0,0,1,1,1,1,1,1,0.9699999999999999,1.0,1.0,1.0,0.8,skip,attack_already_active,1785296337.8760576,1785296337876057618,1385006092756057,7.5,53.3671875,-1.0,0,0
2026-07-28T23:38:57.877,10.42.0.210,10.42.0.1,90,3,UPLOAD,0.95,UPLOAD,0.95,1,1448,100.0,21,0.0,30408.0,0,21,0.0,1.0,0.00919773068147062,0,0,1,1,1,1,1,1,0.9699999999999999,1.0,1.0,1.0,0.8,skip,attack_already_active,1785296337.8776264,1785296337877626334,1385006094326293,7.5,53.3671875,-1.0,0,0
2026-07-28T23:38:57.878,10.42.0.210,10.42.0.1,90,3,UPLOAD,0.95,UPLOAD,0.95,1,1448,100.0,22,0.0,31856.0,0,22,0.0,1.0,0.008137639547935536,0,0,1,1,1,1,1,1,0.9699999999999999,1.0,1.0,1.0,0.8,skip,attack_already_active,1785296337.8787794,1785296337878779453,1385006095478316,7.5,53.3671875,-1.0,0,0
2026-07-28T23:38:57.880,10.42.0.210,10.42.0.1,90,3,UPLOAD,0.95,UPLOAD,0.95,1,1448,100.0,23,0.0,33304.0,0,23,0.0,1.0,0.007260660319973751,0,0,1,1,1,1,1,1,0.9699999999999999,1.0,1.0,1.0,0.8,skip,attack_already_active,1785296337.880262,1785296337880261761,1385006096960566,7.5,53.3671875,-1.0,0,0
2026-07-28T23:38:57.881,10.42.0.210,10.42.0.1,90,3,UPLOAD,0.95,UPLOAD,0.95,1,1448,100.0,24,0.0,34752.0,0,24,0.0,1.0,0.006452401098833566,0,0,1,1,1,1,1,1,0.9699999999999999,1.0,1.0,1.0,0.8,skip,attack_already_active,1785296337.881389,1785296337881388899,1385006098087322,7.5,53.3671875,-1.0,0,0
2026-07-28T23:38:57.882,10.42.0.210,10.42.0.1,90,3,UPLOAD,0.95,UPLOAD,0.95,1,1448,100.0,25,0.0,36200.0,0,25,0.0,1.0,0.005794005931823863,0,0,1,1,1,1,1,1,0.9699999999999999,1.0,1.0,1.0,0.8,skip,attack_already_active,1785296337.882845,1785296337882844844,1385006099543258,7.5,53.3671875,-1.0,0,0
2026-07-28T23:38:57.883,10.42.0.210,10.42.0.1,90,3,UPLOAD,0.95,UPLOAD,0.95,1,1448,100.0,26,0.0,37648.0,0,26,0.0,1.0,0.005164248097220308,0,0,1,1,1,1,1,1,0.9699999999999999,1.0,1.0,1.0,0.8,skip,attack_already_active,1785296337.8838599,1785296337883859894,1385006100558238,7.5,53.3671875,-1.0,0,0
2026-07-28T23:38:57.885,10.42.0.210,10.42.0.1,90,3,UPLOAD,0.95,UPLOAD,0.95,1,1448,100.0,27,0.0,39096.0,0,27,0.0,1.0,0.004702146379675934,0,0,1,1,1,1,1,1,0.9699999999999999,1.0,1.0,1.0,0.8,skip,attack_already_active,1785296337.8855174,1785296337885517199,1385006102217582,7.5,53.3671875,-1.0,0,0
2026-07-28T23:38:57.886,10.42.0.210,10.42.0.1,90,3,UPLOAD,0.95,UPLOAD,0.95,1,1448,100.0,28,0.0,40544.0,0,28,0.0,1.0,0.004252335026435822,0,0,1,1,1,1,1,1,0.9699999999999999,1.0,1.0,1.0,0.8,skip,attack_already_active,1785296337.886806,1785296337886806098,1385006103504790,7.5,53.3671875,-1.0,0,0
2026-07-28T23:38:57.888,10.42.0.210,10.42.0.1,90,3,UPLOAD,0.95,UPLOAD,0.95,1,1448,100.0,29,0.0,41992.0,0,29,0.0,1.0,0.003889161951806029,0,0,1,1,1,1,1,1,0.9699999999999999,1.0,1.0,1.0,0.8,skip,attack_already_active,1785296337.8883023,1785296337888302234,1385006105187027,7.5,53.3671875,-1.0,0,0
2026-07-28T23:38:57.889,10.42.0.210,10.42.0.1,90,3,UPLOAD,0.95,UPLOAD,0.95,1,1448,100.0,30,0.0,43440.0,0,30,0.0,1.0,0.0035427425093694327,0,0,1,1,1,1,1,1,0.9699999999999999,1.0,1.0,1.0,0.8,skip,attack_already_active,1785296337.8895626,1785296337889562662,1385006106260991,7.5,53.3671875,-1.0,0,0
2026-07-28T23:38:57.890,10.42.0.210,10.42.0.1,90,3,UPLOAD,0.95,UPLOAD,0.95,1,1448,100.0,31,0.0,44888.0,0,31,0.0,1.0,0.003257084113592113,0,0,1,1,1,1,1,1,0.9699999999999999,1.0,1.0,1.0,0.8,skip,attack_already_active,1785296337.8909376,1785296337890937635,1385006107636089,7.5,53.3671875,-1.0,0,0
2026-07-28T23:38:57.891,10.42.0.210,10.42.0.1,90,3,UPLOAD,0.95,UPLOAD,0.95,1,1448,100.0,32,0.0,46336.0,0,32,0.0,1.0,0.0029556270649541156,0,0,1,1,1,1,1,1,0.9699999999999999,1.0,1.0,1.0,0.8,skip,attack_already_active,1785296337.891907,1785296337891906972,1385006108605123,7.5,53.3671875,-1.0,0,0
2026-07-28T23:38:57.893,10.42.0.210,10.42.0.1,90,3,UPLOAD,0.95,UPLOAD,0.95,1,1448,100.0,33,0.0,47784.0,0,33,0.0,1.0,0.0027513255151461026,0,0,1,1,1,1,1,1,0.9699999999999999,1.0,1.0,1.0,0.8,skip,attack_already_active,1785296337.8933122,1785296337893312311,1385006110010776,7.5,53.3671875,-1.0,0,0
2026-07-28T23:38:57.894,10.42.0.210,10.42.0.1,90,3,UPLOAD,0.95,UPLOAD,0.95,1,1448,100.0,34,0.0,49232.0,0,34,0.0,1.0,0.0025151635854438396,0,0,1,1,1,1,1,1,0.9699999999999999,1.0,1.0,1.0,0.8,skip,attack_already_active,1785296337.8942714,1785296337894271403,1385006110969892,7.5,53.3671875,-1.0,0,0
2026-07-28T23:38:57.895,10.42.0.210,10.42.0.1,90,3,UPLOAD,0.95,UPLOAD,0.95,1,1448,100.0,35,0.0,50680.0,0,35,0.0,1.0,0.002308111049752889,0,0,1,1,1,1,1,1,0.9699999999999999,1.0,1.0,1.0,0.8,skip,attack_already_active,1785296337.8952153,1785296337895215354,1385006111913617,7.5,53.3671875,-1.0,0,0
2026-07-28T23:38:57.896,10.42.0.210,10.42.0.1,90,3,UPLOAD,0.95,UPLOAD,0.95,1,1448,100.0,36,0.0,52128.0,0,36,0.0,1.0,0.002128217082037294,0,0,1,1,1,1,1,1,0.9699999999999999,1.0,1.0,1.0,0.8,skip,attack_already_active,1785296337.8961582,1785296337896158084,1385006112856359,7.5,53.3671875,-1.0,0,0
2026-07-28T23:38:57.897,10.42.0.210,10.42.0.1,90,3,UPLOAD,0.95,UPLOAD,0.95,1,1448,100.0,37,0.0,53576.0,0,37,0.0,1.0,0.00197180862398424,0,0,1,1,1,1,1,1,0.9699999999999999,1.0,1.0,1.0,0.8,skip,attack_already_active,1785296337.8970995,1785296337897099544,1385006113797822,7.5,53.3671875,-1.0,0,0
2026-07-28T23:38:57.898,10.42.0.1,10.42.0.1,91,3,UPLOAD,0.95,UPLOAD,0.95,1,7240,100.0,1,0.0,7240.0,0,1,0.0,1.0,0.11702748900168992,1,0,1,1,1,1,1,1,0.9699999999999999,1.0,1.0,1.0,0.8,skip,attack_already_active,1785296337.898049,1785296337898049070,1385006114747269,7.5,53.3671875,-1.0,0,0
2026-07-28T23:38:57.899,10.42.0.1,10.42.0.1,91,3,UPLOAD,0.9506320929694078,UPLOAD,0.9506320929694078,1,7240,100.0,2,0.0,14480.0,0,2,0.0,1.0,0.10173277200339234,1,0,1,1,1,1,1,1,0.9699999999999999,1.0,1.0,1.0,0.8,skip,attack_already_active,1785296337.8990092,1785296337899009360,1385006115707771,7.5,53.3671875,-1.0,0,0
2026-07-28T23:38:57.914,10.42.0.1,10.42.0.1,91,3,UPLOAD,0.9775209058130157,UPLOAD,0.9775209058130157,1,1448,100.0,3,0.0,15928.0,0,3,0.0,1.0,0.09035382600547617,1,0,1,1,1,1,1,1,0.9699999999999999,1.0,1.0,1.0,0.8,skip,attack_already_active,1785296337.9143903,1785296337914390249,1385006131088882,7.5,53.3671875,-1.0,0,0
2026-07-28T23:38:57.947,10.42.0.1,10.42.0.1,91,3,UPLOAD,0.9793358222988651,UPLOAD,0.9793358222988651,1,10136,100.0,4,0.0,26064.0,0,4,0.0,1.0,0.08276658544755958,1,0,1,1,1,1,1,1,0.9699999999999999,1.0,1.0,1.0,0.8,skip,attack_already_active,1785296337.9471667,1785296337947166747,1385006163865284,7.5,53.3671875,-1.0,0,0
2026-07-28T23:38:57.949,10.42.0.1,10.42.0.1,91,3,UPLOAD,0.9796970246294635,UPLOAD,0.9796970246294635,1,14480,100.0,5,0.0,40544.0,0,5,0.0,1.0,0.07212290126799661,1,0,1,1,1,1,1,1,0.9699999999999999,1.0,1.0,1.0,0.8,skip,attack_already_active,1785296337.9491613,1785296337949161327,1385006165860067,7.5,53.3671875,-1.0,0,0
2026-07-28T23:38:57.950,10.42.0.1,10.42.0.1,91,3,UPLOAD,0.9800129016246912,UPLOAD,0.9800129016246912,1,18824,100.0,6,0.0,59368.0,0,6,0.0,1.0,0.06281599471064657,1,0,1,1,1,1,1,1,0.9699999999999999,1.0,1.0,1.0,0.8,skip,attack_already_active,1785296337.9506567,1785296337950656732,1385006167355096,7.5,53.3671875,-1.0,0,0
2026-07-28T23:38:57.953,10.42.0.1,10.42.0.1,91,3,UPLOAD,0.9804311488622439,UPLOAD,0.9804311488622439,1,20162,100.0,7,0.0,79530.0,0,7,0.0,1.0,0.05493402788724179,1,0,1,1,1,1,1,1,0.9699999999999999,1.0,1.0,1.0,0.8,skip,attack_already_active,1785296337.9536586,1785296337953658746,1385006170357187,7.5,53.3671875,-1.0,0,0
2026-07-28T23:38:58.206,10.42.0.47,10.42.0.1|10.42.0.47,91,3,UPLOAD,0.95,UPLOAD,0.95,1,4344,100.0,1,0.0,4344.0,0,1,0.0,1.0,0.4875279264739803,1,0,0,1,1,1,1,1,0.9699999999999999,1.0,1.0,1.0,0.8,trigger,training_upload_trigger_confirmed,1785296338.2069438,1785296338206943628,1385006423642297,44.2,53.3671875,7.521668,1785296338214466456,1385006431163965
2026-07-28T23:38:58.209,10.42.0.47,10.42.0.1|10.42.0.47,91,3,UPLOAD,0.95,UPLOAD,0.95,1,2896,100.0,2,0.0,7240.0,0,2,0.0,1.0,0.42366902567600534,1,0,1,1,1,1,1,1,0.9699999999999999,1.0,1.0,1.0,0.8,skip,attack_already_active,1785296338.2098641,1785296338209864149,1385006426562745,44.2,53.3671875,-1.0,0,0
2026-07-28T23:38:58.210,10.42.0.47,10.42.0.1|10.42.0.47,91,3,UPLOAD,0.95,UPLOAD,0.95,1,1448,100.0,3,0.0,8688.0,0,3,0.0,1.0,0.36798437686394486,1,0,1,1,1,1,1,1,0.9699999999999999,1.0,1.0,1.0,0.8,skip,attack_already_active,1785296338.2109578,1785296338210957885,1385006427656877,44.2,53.3671875,-1.0,0,0
2026-07-28T23:38:58.212,10.42.0.47,10.42.0.1|10.42.0.47,91,3,UPLOAD,0.95,UPLOAD,0.95,1,4344,100.0,4,0.0,13032.0,0,4,0.0,1.0,0.3197087350820452,1,0,1,1,1,1,1,1,0.9699999999999999,1.0,1.0,1.0,0.8,skip,attack_already_active,1785296338.2125916,1785296338212591651,1385006429290213,44.2,53.3671875,-1.0,0,0
2026-07-28T23:38:58.213,10.42.0.47,10.42.0.1|10.42.0.47,91,3,UPLOAD,0.95,UPLOAD,0.95,1,1448,100.0,5,0.0,14480.0,0,5,0.0,1.0,0.2777147899480449,1,0,1,1,1,1,1,1,0.9699999999999999,1.0,1.0,1.0,0.8,skip,attack_already_active,1785296338.21362,1785296338213619952,1385006430318420,44.2,53.3671875,-1.0,0,0
2026-07-28T23:38:58.214,10.42.0.47,10.42.0.1|10.42.0.47,91,3,UPLOAD,0.9513729982228962,UPLOAD,0.9513729982228962,1,2896,100.0,6,0.0,17376.0,0,6,0.0,1.0,0.24124075093446368,1,0,1,1,1,1,1,1,0.9699999999999999,1.0,1.0,1.0,0.8,skip,attack_already_active,1785296338.2145433,1785296338214543364,1385006431242822,44.2,53.3671875,-1.0,0,0
2026-07-28T23:38:58.216,10.42.0.47,10.42.0.1|10.42.0.47,91,3,UPLOAD,0.9539061088730525,UPLOAD,0.9539061088730525,1,4344,100.0,7,0.0,21720.0,0,7,0.0,1.0,0.20966222184924427,1,0,1,1,1,1,1,1,0.9699999999999999,1.0,1.0,1.0,0.8,skip,attack_already_active,1785296338.2161434,1785296338216143348,1385006432841718,44.2,53.3671875,-1.0,0,0
2026-07-28T23:38:58.217,10.42.0.47,10.42.0.1|10.42.0.47,91,3,UPLOAD,0.9581260926297406,UPLOAD,0.9581260926297406,1,1448,100.0,8,0.0,23168.0,0,8,0.0,1.0,0.18220242880670415,1,0,1,1,1,1,1,1,0.9699999999999999,1.0,1.0,1.0,0.8,skip,attack_already_active,1785296338.2174208,1785296338217420684,1385006434119015,44.2,53.3671875,-1.0,0,0
2026-07-28T23:38:58.218,10.42.0.47,10.42.0.1|10.42.0.47,91,3,UPLOAD,0.9600620987948295,UPLOAD,0.9600620987948295,1,2896,100.0,9,0.0,26064.0,0,9,0.0,1.0,0.15828284304118898,1,0,1,1,1,1,1,1,0.9699999999999999,1.0,1.0,1.0,0.8,skip,attack_already_active,1785296338.2181041,1785296338218104097,1385006434802351,44.2,53.3671875,-1.0,0,0
2026-07-28T23:38:58.219,10.42.0.47,10.42.0.1|10.42.0.47,91,3,UPLOAD,0.9521516729819621,UPLOAD,0.9521516729819621,1,2896,100.0,10,0.0,28960.0,0,10,0.0,1.0,0.13761760613862953,1,0,1,1,1,1,1,1,0.9699999999999999,1.0,1.0,1.0,0.8,skip,attack_already_active,1785296338.2195642,1785296338219564344,1385006436262664,44.2,53.3671875,-1.0,0,0
2026-07-28T23:38:58.220,10.42.0.47,10.42.0.1|10.42.0.47,91,3,UPLOAD,0.9520688723457551,UPLOAD,0.9520688723457551,1,1448,100.0,11,0.0,30408.0,0,11,0.0,1.0,0.11957265901648251,1,0,1,1,1,1,1,1,0.9699999999999999,1.0,1.0,1.0,0.8,skip,attack_already_active,1785296338.2202437,1785296338220243821,1385006436942043,44.2,53.3671875,-1.0,0,0
2026-07-28T23:38:58.221,10.42.0.47,10.42.0.1|10.42.0.47,91,3,UPLOAD,0.9530218067622941,UPLOAD,0.9530218067622941,1,4344,100.0,12,0.0,34752.0,0,12,0.0,1.0,0.10398653806576584,1,0,1,1,1,1,1,1,0.9699999999999999,1.0,1.0,1.0,0.8,skip,attack_already_active,1785296338.2215376,1785296338221537426,1385006438235674,44.2,53.3671875,-1.0,0,0
2026-07-28T23:38:58.222,10.42.0.47,10.42.0.1|10.42.0.47,91,3,UPLOAD,0.9575302952732965,UPLOAD,0.9575302952732965,1,4344,100.0,13,0.0,39096.0,0,13,0.0,1.0,0.09044572436879082,1,0,1,1,1,1,1,1,0.9699999999999999,1.0,1.0,1.0,0.8,skip,attack_already_active,1785296338.2227666,1785296338222766630,1385006439464930,44.2,53.3671875,-1.0,0,0
2026-07-28T23:38:58.223,10.42.0.47,10.42.0.1|10.42.0.47,91,3,UPLOAD,0.9632912587705708,UPLOAD,0.9632912587705708,1,1448,100.0,14,0.0,40544.0,0,14,0.0,1.0,0.07865034936145283,1,0,1,1,1,1,1,1,0.9699999999999999,1.0,1.0,1.0,0.8,skip,attack_already_active,1785296338.2237005,1785296338223700431,1385006440398507,44.2,53.3671875,-1.0,0,0
2026-07-28T23:38:58.224,10.42.0.47,10.42.0.1|10.42.0.47,91,3,UPLOAD,0.9663259030206643,UPLOAD,0.9663259030206643,1,2896,100.0,15,0.0,43440.0,0,15,0.0,1.0,0.06836943484569374,1,0,1,1,1,1,1,1,0.9699999999999999,1.0,1.0,1.0,0.8,skip,attack_already_active,1785296338.2243319,1785296338224331744,1385006441029855,44.2,53.3671875,-1.0,0,0
2026-07-28T23:38:58.225,10.42.0.47,10.42.0.1|10.42.0.47,91,3,UPLOAD,0.9705711127613483,UPLOAD,0.9705711127613483,1,4344,100.0,16,0.0,47784.0,0,16,0.0,1.0,0.05951538549919472,1,0,1,1,1,1,1,1,0.9699999999999999,1.0,1.0,1.0,0.8,skip,attack_already_active,1785296338.2255104,1785296338225510513,1385006442208732,44.2,53.3671875,-1.0,0,0
2026-07-28T23:38:58.226,10.42.0.47,10.42.0.1|10.42.0.47,91,3,UPLOAD,0.9707286512807387,UPLOAD,0.9707286512807387,1,1448,100.0,17,0.0,49232.0,0,17,0.0,1.0,0.05179433142670025,1,0,1,1,1,1,1,1,0.9699999999999999,1.0,1.0,1.0,0.8,skip,attack_already_active,1785296338.2264328,1785296338226432651,1385006443130823,44.2,53.3671875,-1.0,0,0
2026-07-28T23:38:58.227,10.42.0.47,10.42.0.1|10.42.0.47,91,3,UPLOAD,0.9728498692633678,UPLOAD,0.9728498692633678,1,2896,100.0,18,0.0,52128.0,0,18,0.0,1.0,0.045061339807783374,1,0,1,1,1,1,1,1,0.9699999999999999,1.0,1.0,1.0,0.8,skip,attack_already_active,1785296338.2271323,1785296338227132396,1385006443830645,44.2,53.3671875,-1.0,0,0
2026-07-28T23:38:58.228,10.42.0.47,10.42.0.1|10.42.0.47,91,3,UPLOAD,0.974915885746792,UPLOAD,0.974915885746792,1,4344,100.0,19,0.0,56472.0,0,19,0.0,1.0,0.03925454225999713,1,0,1,1,1,1,1,1,0.9699999999999999,1.0,1.0,1.0,0.8,skip,attack_already_active,1785296338.2281275,1785296338228127484,1385006444825586,44.2,53.3671875,-1.0,0,0
2026-07-28T23:38:58.229,10.42.0.47,10.42.0.1|10.42.0.47,91,3,UPLOAD,0.9778002247538032,UPLOAD,0.9778002247538032,1,1448,100.0,20,0.0,57920.0,0,20,0.0,1.0,0.03420646037321573,1,0,1,1,1,1,1,1,0.9699999999999999,1.0,1.0,1.0,0.8,skip,attack_already_active,1785296338.2290735,1785296338229073456,1385006445771570,44.2,53.3671875,-1.0,0,0
2026-07-28T23:38:58.229,10.42.0.47,10.42.0.1|10.42.0.47,91,3,UPLOAD,0.9793061758122567,UPLOAD,0.9793061758122567,1,2896,100.0,21,0.0,60816.0,0,21,0.0,1.0,0.029786011487455348,1,0,1,1,1,1,1,1,0.9699999999999999,1.0,1.0,1.0,0.8,skip,attack_already_active,1785296338.2297344,1785296338229734329,1385006446432647,44.2,53.3671875,-1.0,0,0
2026-07-28T23:38:58.230,10.42.0.47,10.42.0.1|10.42.0.47,91,3,UPLOAD,0.9807937866160378,UPLOAD,0.9807937866160378,1,4344,100.0,22,0.0,65160.0,0,22,0.0,1.0,0.025983817999491086,1,0,1,1,1,1,1,1,0.9699999999999999,1.0,1.0,1.0,0.8,skip,attack_already_active,1785296338.2306666,1785296338230666843,1385006447364997,44.2,53.3671875,-1.0,0,0
2026-07-28T23:38:58.232,10.42.0.47,10.42.0.1|10.42.0.47,91,3,UPLOAD,0.9797450162223805,UPLOAD,0.9797450162223805,1,1448,100.0,23,0.0,66608.0,0,23,0.0,1.0,0.02273898808315799,1,0,1,1,1,1,1,1,0.9699999999999999,1.0,1.0,1.0,0.8,skip,attack_already_active,1785296338.2320263,1785296338232026255,1385006448724904,44.2,53.3671875,-1.0,0,0
2026-07-28T23:38:58.233,10.42.0.47,10.42.0.1|10.42.0.47,91,3,UPLOAD,0.9821341153807952,UPLOAD,0.9821341153807952,1,2896,100.0,24,0.0,69504.0,0,24,0.0,1.0,0.019913543942655466,1,0,1,1,1,1,1,1,0.9699999999999999,1.0,1.0,1.0,0.8,skip,attack_already_active,1785296338.2333238,1785296338233323903,1385006450023421,44.2,53.3671875,-1.0,0,0
2026-07-28T23:38:58.235,10.42.0.47,10.42.0.1|10.42.0.47,91,3,UPLOAD,0.9830207400719532,UPLOAD,0.9830207400719532,1,2896,100.0,25,0.0,72400.0,0,25,0.0,1.0,0.017513171154480162,1,0,1,1,1,1,1,1,0.9699999999999999,1.0,1.0,1.0,0.8,skip,attack_already_active,1785296338.2350216,1785296338235021580,1385006451720235,44.2,53.3671875,-1.0,0,0
2026-07-28T23:38:58.236,10.42.0.47,10.42.0.1|10.42.0.47,91,3,UPLOAD,0.9837314726731126,UPLOAD,0.9837314726731126,1,1448,100.0,26,0.0,73848.0,0,26,0.0,1.0,0.015342990898265265,1,0,1,1,1,1,1,1,0.9699999999999999,1.0,1.0,1.0,0.8,skip,attack_already_active,1785296338.2360659,1785296338236065847,1385006452764275,44.2,53.3671875,-1.0,0,0
2026-07-28T23:38:58.237,10.42.0.47,10.42.0.1|10.42.0.47,91,3,UPLOAD,0.9843705263362946,UPLOAD,0.9843705263362946,1,5707,100.0,27,0.0,79555.0,0,27,0.0,1.0,0.013523190829787281,1,0,1,1,1,1,1,1,0.9699999999999999,1.0,1.0,1.0,0.8,skip,attack_already_active,1785296338.237599,1785296338237598942,1385006454297405,44.2,53.3671875,-1.0,0,0
2026-07-28T23:38:58.238,10.42.0.1,10.42.0.1|10.42.0.47,91,3,UPLOAD,0.9805584830343638,UPLOAD,0.9805584830343638,1,7240,100.0,8,0.0,86770.0,0,8,0.0,1.0,0.05166054582043281,1,0,1,1,1,1,1,1,0.9699999999999999,1.0,1.0,1.0,0.8,skip,attack_already_active,1785296338.2386081,1785296338238608168,1385006455306759,44.2,53.3671875,-1.0,0,0
2026-07-28T23:38:58.239,10.42.0.1,10.42.0.1|10.42.0.47,91,3,UPLOAD,0.9807548007998399,UPLOAD,0.9807548007998399,1,7240,100.0,9,0.0,94010.0,0,9,0.0,1.0,0.0449441155343385,1,0,1,1,1,1,1,1,0.9699999999999999,1.0,1.0,1.0,0.8,skip,attack_already_active,1785296338.2392995,1785296338239299608,1385006455997944,44.2,53.3671875,-1.0,0,0
2026-07-28T23:38:58.240,10.42.0.1,10.42.0.1|10.42.0.47,91,3,UPLOAD,0.9810743080343366,UPLOAD,0.9810743080343366,1,10136,100.0,10,0.0,104146.0,0,10,0.0,1.0,0.0391806010416211,1,0,1,1,1,1,1,1,0.9699999999999999,1.0,1.0,1.0,0.8,skip,attack_already_active,1785296338.240506,1785296338240505749,1385006457203825,44.2,53.3671875,-1.0,0,0
2026-07-28T23:38:58.241,10.42.0.1,10.42.0.1|10.42.0.47,91,3,UPLOAD,0.981400205421933,UPLOAD,0.981400205421933,1,4344,100.0,11,0.0,108490.0,0,11,0.0,1.0,0.034101514245964276,1,0,1,1,1,1,1,1,0.9699999999999999,1.0,1.0,1.0,0.8,skip,attack_already_active,1785296338.2411427,1785296338241142684,1385006457840720,44.2,53.3671875,-1.0,0,0
2026-07-28T23:38:58.241,10.42.0.1,10.42.0.1|10.42.0.47,91,3,UPLOAD,0.9818267114797549,UPLOAD,0.9818267114797549,1,13032,100.0,12,0.0,121522.0,0,12,0.0,1.0,0.029692412599326562,1,0,1,1,1,1,1,1,0.9699999999999999,1.0,1.0,1.0,0.8,skip,attack_already_active,1785296338.2417848,1785296338241784715,1385006458482752,44.2,53.3671875,-1.0,0,0
2026-07-28T23:38:58.242,10.42.0.1,10.42.0.1|10.42.0.47,91,3,UPLOAD,0.9822527361274661,UPLOAD,0.9822527361274661,1,8688,100.0,13,0.0,130210.0,0,13,0.0,1.0,0.025897180665769237,1,0,1,1,1,1,1,1,0.9699999999999999,1.0,1.0,1.0,0.8,skip,attack_already_active,1785296338.2426763,1785296338242676173,1385006459374228,44.2,53.3671875,-1.0,0,0
2026-07-28T23:38:58.243,10.42.0.1,10.42.0.1|10.42.0.47,91,3,UPLOAD,0.982604769063878,UPLOAD,0.982604769063878,1,2896,100.0,14,0.0,133106.0,0,14,0.0,1.0,0.022634580497648635,1,0,1,1,1,1,1,1,0.9699999999999999,1.0,1.0,1.0,0.8,skip,attack_already_active,1785296338.2438145,1785296338243814272,1385006460512412,44.2,53.3671875,-1.0,0,0
2026-07-28T23:38:58.244,10.42.0.1,10.42.0.1|10.42.0.47,91,3,UPLOAD,0.9829617455101602,UPLOAD,0.9829617455101602,1,5792,100.0,15,0.0,138898.0,0,15,0.0,1.0,0.019740957819224608,1,0,1,1,1,1,1,1,0.9699999999999999,1.0,1.0,1.0,0.8,skip,attack_already_active,1785296338.2444901,1785296338244490160,1385006461188367,44.2,53.3671875,-1.0,0,0
2026-07-28T23:38:58.245,10.42.0.1,10.42.0.1|10.42.0.47,91,3,UPLOAD,0.9833117481769696,UPLOAD,0.9833117481769696,1,8688,100.0,16,0.0,147586.0,0,16,0.0,1.0,0.017259995378768572,1,0,1,1,1,1,1,1,0.9699999999999999,1.0,1.0,1.0,0.8,skip,attack_already_active,1785296338.2454038,1785296338245403677,1385006462101936,44.2,53.3671875,-1.0,0,0
2026-07-28T23:38:58.246,10.42.0.1,10.42.0.1|10.42.0.47,91,3,UPLOAD,0.9835008086851471,UPLOAD,0.9835008086851471,1,5792,100.0,17,0.0,153378.0,0,17,0.0,1.0,0.015170931797955454,1,0,1,1,1,1,1,1,0.9699999999999999,1.0,1.0,1.0,0.8,skip,attack_already_active,1785296338.2468104,1785296338246810343,1385006463508399,44.2,53.3671875,-1.0,0,0
2026-07-28T23:38:58.247,10.42.0.1,10.42.0.1|10.42.0.47,91,3,UPLOAD,0.9833227620456964,UPLOAD,0.9833227620456964,1,5694,100.0,18,0.0,159072.0,0,18,0.0,1.0,0.01325551790775847,1,0,1,1,1,1,1,1,0.9699999999999999,1.0,1.0,1.0,0.8,skip,attack_already_active,1785296338.2474458,1785296338247445721,1385006464143723,44.2,53.3671875,-1.0,0,0
2026-07-28T23:38:58.534,10.42.0.1,10.42.0.1|10.42.0.47,91,3,UPLOAD,0.9817311374984888,UPLOAD,0.9817311374984888,0,43,100.0,18,0.0,159072.0,0,18,0.0,1.0,0.2120403121160103,1,0,1,1,1,1,1,1,0.8374999999999999,0.8500000000000001,1.0,0.6000000000000001,0.8,skip,attack_already_active,1785296338.5345364,1785296338534536494,1385006751235359,44.2,53.3671875,-1.0,0,0
2026-07-28T23:38:58.584,10.42.0.1,10.42.0.47,92,1,DOWNLOAD,0.9789065279117265,DOWNLOAD,0.9789065279117265,-1,7240,21.97127071533546,19,7240.0,159072.0,1,18,0.04353263745249892,0.9564673625475011,0.19072183767117168,0,0,0,0,1,0,0,0,0.44,0.8500000000000001,0.0,0.6000000000000001,0.15,skip,training_upload_trigger_not_confirmed,1785296338.5847967,1785296338584796596,1385006801495521,44.2,53.3671875,-1.0,0,0
2026-07-28T23:38:58.585,10.42.0.1,10.42.0.47,92,1,DOWNLOAD,0.95,DOWNLOAD,0.95,-1,7240,10.985635358426407,20,14480.0,159072.0,2,18,0.0834332073384346,0.9165667926615654,0.16568727719367002,0,0,0,0,1,0,0,0,0.44,0.8500000000000001,0.0,0.6000000000000001,0.15,skip,training_upload_trigger_not_confirmed,1785296338.5855381,1785296338585538050,1385006802236249,44.2,53.3671875,-1.0,0,0
2026-07-28T23:38:58.587,10.42.0.1,10.42.0.47,92,1,DOWNLOAD,0.95,DOWNLOAD,0.95,-1,7240,7.323756905786199,21,21720.0,159072.0,3,18,0.12013805920615957,0.8798619407938404,0.14417281169495744,0,0,0,0,1,0,0,0,0.44,0.8500000000000001,0.0,0.6000000000000001,0.15,skip,training_upload_trigger_not_confirmed,1785296338.587958,1785296338587957898,1385006804656113,44.2,53.3671875,-1.0,0,0
2026-07-28T23:38:58.588,10.42.0.1,10.42.0.47,92,1,DOWNLOAD,0.95,DOWNLOAD,0.95,-1,7240,5.492817679402872,22,28960.0,159072.0,4,18,0.15401633764465622,0.8459836623553437,0.12527668567043923,0,0,0,0,1,0,0,0,0.4,0.8500000000000001,0.0,0.4,0.15,skip,training_upload_trigger_not_confirmed,1785296338.5887334,1785296338588733415,1385006805431728,44.2,53.3671875,-1.0,0,0
2026-07-28T23:38:58.590,10.42.0.1,10.42.0.47,92,1,DOWNLOAD,0.95,DOWNLOAD,0.95,-1,7240,4.394254143552645,23,36200.0,159072.0,5,18,0.18538244090294564,0.8146175590970544,0.1089696773519436,0,0,0,0,1,0,0,0,0.4,0.8500000000000001,0.0,0.4,0.15,skip,training_upload_trigger_not_confirmed,1785296338.5902607,1785296338590260699,1385006806959161,44.2,53.3671875,-1.0,0,0
2026-07-28T23:38:58.590,10.42.0.1,10.42.0.47,92,1,DOWNLOAD,0.95,DOWNLOAD,0.95,-1,7240,3.661878452977397,24,43440.0,159072.0,6,18,0.21450580706328515,0.7854941929367149,0.09470120961419895,0,0,0,0,1,0,0,0,0.32,0.8500000000000001,0.0,0.0,0.15,skip,training_upload_trigger_not_confirmed,1785296338.590951,1785296338590950923,1385006807649136,44.2,53.3671875,-1.0,0,0
2026-07-28T23:38:58.591,10.42.0.1,10.42.0.47,92,1,DOWNLOAD,0.95,DOWNLOAD,0.95,-1,7240,3.1387529597052337,25,50680.0,159072.0,7,18,0.24161867348106336,0.7583813265189366,0.0823471124355186,0,0,0,0,1,0,0,0,0.32,0.8500000000000001,0.0,0.0,0.15,skip,training_upload_trigger_not_confirmed,1785296338.5919003,1785296338591900454,1385006808598982,44.2,53.3671875,-1.0,0,0
2026-07-28T23:38:58.592,10.42.0.1,10.42.0.47,92,1,DOWNLOAD,0.95,DOWNLOAD,0.95,-1,7240,2.7464088397488537,26,57920.0,159072.0,8,18,0.26692228284913727,0.7330777171508627,0.07158603361035841,0,0,0,0,1,0,0,0,0.32,0.8500000000000001,0.0,0.0,0.15,skip,training_upload_trigger_not_confirmed,1785296338.5925846,1785296338592584602,1385006809282756,44.2,53.3671875,-1.0,0,0
2026-07-28T23:38:58.594,10.42.0.1,10.42.0.47,92,1,DOWNLOAD,0.95,DOWNLOAD,0.95,-1,7240,2.4412523020036643,27,65160.0,159072.0,9,18,0.2905918869742053,0.7094081130257948,0.06235593607735363,0,0,0,0,1,0,0,0,0.32,0.8500000000000001,0.0,0.0,0.15,skip,training_upload_trigger_not_confirmed,1785296338.594126,1785296338594126203,1385006810824317,44.2,53.3671875,-1.0,0,0
2026-07-28T23:38:58.594,10.42.0.1,10.42.0.47,92,1,DOWNLOAD,0.95,DOWNLOAD,0.95,-1,7240,2.19712707180667,28,72400.0,159072.0,10,18,0.3127808115020391,0.6872191884979609,0.054224691197359176,0,0,0,0,1,0,0,0,0.32,0.8500000000000001,0.0,0.0,0.15,skip,training_upload_trigger_not_confirmed,1785296338.5947762,1785296338594776009,1385006811474144,44.2,53.3671875,-1.0,0,0
2026-07-28T23:38:58.595,10.42.0.1,10.42.0.47,92,1,DOWNLOAD,0.95,DOWNLOAD,0.95,-1,11584,1.89407506190591,29,83984.0,159072.0,11,18,0.3455335395958133,0.6544664604041867,0.047168047122687115,0,0,0,0,1,0,0,0,0.32,0.8500000000000001,0.0,0.0,0.15,skip,training_upload_trigger_not_confirmed,1785296338.59545,1785296338595449889,1385006812147935,44.2,53.3671875,-1.0,0,0
2026-07-28T23:38:58.596,10.42.0.1,10.42.0.47,92,1,DOWNLOAD,0.95,DOWNLOAD,0.95,-1,10136,1.6900977475489791,30,94120.0,159072.0,12,18,0.3717337040664792,0.6282662959335208,0.041036041852949075,0,0,0,0,1,0,0,0,0.32,0.8500000000000001,0.0,0.0,0.15,skip,training_upload_trigger_not_confirmed,1785296338.5960839,1785296338596083924,1385006812782009,44.2,53.3671875,-1.0,0,0
2026-07-28T23:38:58.596,10.42.0.1,10.42.0.47,92,1,DOWNLOAD,0.95,DOWNLOAD,0.95,-1,14480,1.4647513812111903,31,108600.0,159072.0,13,18,0.4057204339639559,0.5942795660360441,0.03571528290335764,0,0,0,0,1,0,0,0,0.32,0.8500000000000001,0.0,0.0,0.15,skip,training_upload_trigger_not_confirmed,1785296338.5967422,1785296338596742203,1385006813440497,44.2,53.3671875,-1.0,0,0
2026-07-28T23:38:58.597,10.42.0.1,10.42.0.47,92,1,DOWNLOAD,0.95,DOWNLOAD,0.95,-1,4344,1.4084147896266432,32,112944.0,159072.0,14,18,0.41521086994882656,0.5847891300511735,0.031105277887268086,0,0,0,0,0,0,0,0,0.057499999999999996,0.1,0.0,0.0,0.15,skip,training_upload_trigger_not_confirmed,1785296338.5974734,1785296338597473271,1385006814171474,44.2,53.3671875,-1.0,0,0
2026-07-28T23:38:58.598,10.42.0.1,10.42.0.47,92,1,DOWNLOAD,0.95,DOWNLOAD,0.95,-1,14480,1.2483676544430535,33,127424.0,159072.0,15,18,0.4447671171674299,0.5552328828325701,0.02709395693843095,0,0,0,0,0,0,0,0,0.057499999999999996,0.1,0.0,0.0,0.15,skip,training_upload_trigger_not_confirmed,1785296338.5981379,1785296338598137741,1385006814835812,44.2,53.3671875,-1.0,0,0
2026-07-28T23:38:58.598,10.42.0.1,10.42.0.47,92,1,DOWNLOAD,0.95,DOWNLOAD,0.95,-1,14480,1.1209831999089457,34,141904.0,159072.0,16,18,0.47147945351124343,0.5285205464887566,0.02361110000683687,0,0,0,0,0,0,0,0,0.039999999999999994,0.05,0.0,0.0,0.15,skip,training_upload_trigger_not_confirmed,1785296338.5988014,1785296338598801471,1385006815499566,44.2,53.3671875,-1.0,0,0
2026-07-28T23:38:58.599,10.42.0.1,10.42.0.47,92,1,DOWNLOAD,0.95,DOWNLOAD,0.95,-1,14480,1.0171884591772995,35,156384.0,159072.0,17,18,0.4957395009129641,0.504260499087036,0.020619491868362018,0,0,0,0,0,0,0,0,0.039999999999999994,0.05,0.0,0.0,0.15,skip,training_upload_trigger_not_confirmed,1785296338.59971,1785296338599709904,1385006816407973,44.2,53.3671875,-1.0,0,0
2026-07-28T23:38:58.600,10.42.0.1,10.42.0.47,92,1,DOWNLOAD,0.95,DOWNLOAD,0.95,-1,10136,0.955272639923401,36,166520.0,159072.0,18,18,0.5114376274601341,0.48856237253986584,0.018023358002419693,0,0,0,0,0,0,0,0,0.039999999999999994,0.05,0.0,0.0,0.15,skip,training_upload_trigger_not_confirmed,1785296338.6006281,1785296338600628222,1385006817326372,44.2,53.3671875,-1.0,0,0
2026-07-28T23:38:58.601,10.42.0.1,10.42.0.47,92,1,DOWNLOAD,0.95,DOWNLOAD,0.95,-1,14480,0.8788508287299511,37,181000.0,159072.0,19,18,0.5322402314803923,0.4677597685196076,0.0157725328806876,0,0,0,0,0,0,0,0,0.039999999999999994,0.05,0.0,0.0,0.15,skip,training_upload_trigger_not_confirmed,1785296338.6015706,1785296338601570469,1385006818268511,44.2,53.3671875,-1.0,0,0
2026-07-28T23:38:58.603,10.42.0.1,10.42.0.47,92,1,DOWNLOAD,0.95,DOWNLOAD,0.95,-1,4344,0.858252762431704,38,185344.0,159072.0,20,18,0.5381399238130633,0.46186007618693675,0.013886861988578943,0,0,0,0,0,0,0,0,0.039999999999999994,0.05,0.0,0.0,0.15,skip,training_upload_trigger_not_confirmed,1785296338.6030333,1785296338603033425,1385006819732167,44.2,53.3671875,-1.0,0,0
2026-07-28T23:38:58.604,10.42.0.1,10.42.0.47,92,1,DOWNLOAD,0.95,DOWNLOAD,0.95,-1,20272,0.7736362928965954,39,205616.0,159072.0,21,18,0.563813451498267,0.436186548501733,0.012208580310639964,0,0,0,0,0,0,0,0,0.0225,0.0,0.0,0.0,0.15,skip,training_upload_trigger_not_confirmed,1785296338.6041842,1785296338604183965,1385006820882522,44.2,53.3671875,-1.0,0,0
2026-07-28T23:38:58.607,10.42.0.1,10.42.0.47,92,1,DOWNLOAD,0.95,DOWNLOAD,0.95,-1,15498,0.7194117061799822,40,221114.0,159072.0,22,18,0.5815942722772538,0.41840572772274626,0.010981083682376254,0,0,0,0,0,0,0,0,0.0225,0.0,0.0,0.0,0.15,skip,training_upload_trigger_not_confirmed,1785296338.6070776,1785296338607077524,1385006823776993,44.2,53.3671875,-1.0,0,0
2026-07-28T23:38:58.608,10.42.0.210,10.42.0.47,91,1,DOWNLOAD,0.9833012641372824,DOWNLOAD,0.9833012641372824,-1,7240,7.399999999116022,38,7240.0,53576.0,1,37,0.11904761904761904,0.8809523809523809,0.09407691996042333,0,0,0,0,0,0,0,0,0.057499999999999996,0.1,0.0,0.0,0.15,skip,training_upload_trigger_not_confirmed,1785296338.6086593,1785296338608659316,1385006825358040,65.2,53.3671875,-1.0,0,0
2026-07-28T23:38:58.609,10.42.0.210,10.42.0.47,91,1,DOWNLOAD,0.95,DOWNLOAD,0.95,-1,7240,3.699999999813536,39,14480.0,53576.0,2,37,0.2127659574468085,0.7872340425531915,0.08183634861344098,0,0,0,0,0,0,0,0,0.057499999999999996,0.1,0.0,0.0,0.15,skip,training_upload_trigger_not_confirmed,1785296338.6098459,1785296338609845856,1385006826544280,65.2,53.3671875,-1.0,0,0
2026-07-28T23:38:58.611,10.42.0.1,10.42.0.47,92,1,DOWNLOAD,0.95,DOWNLOAD,0.95,-1,18824,0.6629712675788622,41,239938.0,159072.0,23,18,0.6013332999172953,0.3986667000827047,0.010051503135539134,0,0,0,0,0,0,0,0,0.0225,0.0,0.0,0.0,0.15,skip,training_upload_trigger_not_confirmed,1785296338.6110044,1785296338611004345,1385006827702967,65.2,53.3671875,-1.0,0,0
2026-07-28T23:38:58.612,10.42.0.1,10.42.0.47,92,1,DOWNLOAD,0.95,DOWNLOAD,0.95,-1,13032,0.6288176463626959,42,252970.0,159072.0,24,18,0.6139422680212211,0.38605773197877885,0.00895009860373241,0,0,0,0,0,0,0,0,0.0225,0.0,0.0,0.0,0.15,skip,training_upload_trigger_not_confirmed,1785296338.6126976,1785296338612697722,1385006829396506,65.2,53.3671875,-1.0,0,0
2026-07-28T23:38:58.614,10.42.0.1,10.42.0.47,92,1,DOWNLOAD,0.95,DOWNLOAD,0.95,-1,3914,0.6192366982777471,43,256884.0,159072.0,25,18,0.6175749358105184,0.3824250641894816,0.007994867845917885,0,0,0,0,0,0,0,0,0.0225,0.0,0.0,0.0,0.15,skip,training_upload_trigger_not_confirmed,1785296338.6143987,1785296338614398704,1385006831098212,65.2,53.3671875,-1.0,0,0
2026-07-28T23:38:58.616,10.42.0.145,10.42.0.47,40,2,TRAINING,0.95,TRAINING,0.95,-1,7300,1.3698630135109776e-10,1,7300.0,0.0,1,0,1.0,0.0,0.4647773026805065,0,0,0,0,0,0,0,0,0.0225,0.0,0.0,0.0,0.15,skip,training_upload_trigger_not_confirmed,1785296338.6163478,1785296338616347846,1385006833047997,65.2,53.3671875,-1.0,0,0
2026-07-28T23:38:58.617,10.42.0.145,10.42.0.47,40,2,TRAINING,0.95,TRAINING,0.95,-1,5840,7.610350075524325e-11,2,13140.0,0.0,2,0,1.0,0.0,0.40368003095083066,0,0,0,0,0,0,0,0,0.0225,0.0,0.0,0.0,0.15,skip,training_upload_trigger_not_confirmed,1785296338.6174748,1785296338617474901,1385006834173578,65.2,53.3671875,-1.0,0,0
2026-07-28T23:38:58.618,10.42.0.1,10.42.0.47,92,1,DOWNLOAD,0.95,DOWNLOAD,0.95,-1,21720,0.5709609338000496,44,278604.0,159072.0,26,18,0.636553066652044,0.363446933347956,0.007501019399899226,0,0,0,0,0,0,0,0,0.0225,0.0,0.0,0.0,0.15,skip,training_upload_trigger_not_confirmed,1785296338.618646,1785296338618646125,1385006835345094,65.2,53.3671875,-1.0,0,0
2026-07-28T23:38:58.619,10.42.0.1,10.42.0.47,92,1,DOWNLOAD,0.95,DOWNLOAD,0.95,-1,21720,0.529667958606273,45,300324.0,159072.0,27,18,0.6537366455084502,0.34626335449154977,0.006673276971548347,0,0,0,0,0,0,0,0,0.0225,0.0,0.0,0.0,0.15,skip,training_upload_trigger_not_confirmed,1785296338.6198654,1785296338619865269,1385006836563941,65.2,53.3671875,-1.0,0,0
2026-07-28T23:38:58.621,10.42.0.210,10.42.0.47,91,1,DOWNLOAD,0.9557926560077417,DOWNLOAD,0.9557926560077417,-1,10136,2.176470588187501,40,24616.0,53576.0,3,37,0.3148148148148148,0.6851851851851852,0.07263675942751038,0,0,0,0,0,0,0,0,0.057499999999999996,0.1,0.0,0.0,0.15,skip,training_upload_trigger_not_confirmed,1785296338.621869,1785296338621869061,1385006838568782,65.2,53.3671875,-1.0,0,0
2026-07-28T23:38:58.623,10.42.0.210,10.42.0.47,91,1,DOWNLOAD,0.9846998846180315,DOWNLOAD,0.9846998846180315,-1,14480,1.370370370360897,41,39096.0,53576.0,4,37,0.421875,0.578125,0.06330354772492049,0,0,0,0,0,0,0,0,0.057499999999999996,0.1,0.0,0.0,0.15,skip,training_upload_trigger_not_confirmed,1785296338.6236787,1785296338623678733,1385006840377687,65.2,53.3671875,-1.0,0,0
2026-07-28T23:38:58.624,10.42.0.210,10.42.0.47,91,1,DOWNLOAD,0.9854895428954357,DOWNLOAD,0.9854895428954357,-1,4344,1.233333333327962,42,43440.0,53576.0,5,37,0.44776119402985076,0.5522388059701493,0.05511717863262563,0,0,0,0,0,0,0,0,0.057499999999999996,0.1,0.0,0.0,0.15,skip,training_upload_trigger_not_confirmed,1785296338.6248581,1785296338624858154,1385006841557548,65.2,53.3671875,-1.0,0,0
2026-07-28T23:38:58.625,10.42.0.47,10.42.0.47,92,1,DOWNLOAD,0.9819029881215318,DOWNLOAD,0.9819029881215318,-1,1448,54.94129830528915,28,1448.0,79555.0,1,27,0.017875881140204684,0.9821241188597953,0.023284056537910443,0,0,0,0,0,0,0,0,0.057499999999999996,0.1,0.0,0.0,0.15,skip,training_upload_trigger_not_confirmed,1785296338.6259594,1785296338625959449,1385006842657956,65.2,53.3671875,-1.0,0,0
2026-07-28T23:38:58.627,10.42.0.210,10.42.0.47,91,1,DOWNLOAD,0.9855083405864443,DOWNLOAD,0.9855083405864443,-1,14480,0.9250000000012949,43,57920.0,53576.0,6,37,0.5194805194805194,0.4805194805194805,0.04821252090996885,0,0,0,0,0,0,0,0,0.039999999999999994,0.05,0.0,0.0,0.15,skip,training_upload_trigger_not_confirmed,1785296338.6275778,1785296338627577966,1385006844276750,65.2,53.3671875,-1.0,0,0
2026-07-28T23:38:58.629,10.42.0.210,10.42.0.47,91,1,DOWNLOAD,0.9855087208476458,DOWNLOAD,0.9855087208476458,-1,5792,0.8409090909115879,44,63712.0,53576.0,7,37,0.5432098765432098,0.4567901234567901,0.04206770231618653,0,0,0,0,0,0,0,0,0.039999999999999994,0.05,0.0,0.0,0.15,skip,training_upload_trigger_not_confirmed,1785296338.629159,1785296338629158833,1385006845857561,65.2,53.3671875,-1.0,0,0
2026-07-28T23:38:58.630,10.42.0.210,10.42.0.47,91,1,DOWNLOAD,0.9855087261970161,DOWNLOAD,0.9855087261970161,-1,14480,0.6851851851892115,45,78192.0,53576.0,8,37,0.5934065934065934,0.4065934065934066,0.036734436142329296,0,0,0,0,0,0,0,0,0.0225,0.0,0.0,0.0,0.15,skip,training_upload_trigger_not_confirmed,1785296338.630754,1785296338630754037,1385006847452540,65.2,53.3671875,-1.0,0,0
2026-07-28T23:38:58.632,10.42.0.210,10.42.0.47,91,1,DOWNLOAD,0.9855087261721334,DOWNLOAD,0.9855087261721334,-1,992,0.6766013336068323,46,79184.0,53576.0,9,37,0.5964447122627298,0.4035552877372703,0.0320972977793335,0,0,0,0,0,0,0,0,0.0225,0.0,0.0,0.0,0.15,skip,training_upload_trigger_not_confirmed,1785296338.6322985,1785296338632298479,1385006848997174,65.2,53.3671875,-1.0,0,0
2026-07-28T23:38:58.634,10.42.0.59,10.42.0.47,37,1,DOWNLOAD,0.95,DOWNLOAD,0.95,-1,14600,6.84931506802402e-11,1,14600.0,0.0,1,0,1.0,0.0,1.0236708803247414,0,0,0,0,0,0,0,0,0.0225,0.0,0.0,0.0,0.15,skip,already_attacked_this_round,1785296338.6343296,1785296338634329543,1385006851028334,65.2,53.3671875,-1.0,0,0
2026-07-28T23:38:58.635,10.42.0.59,10.42.0.47,37,1,DOWNLOAD,0.95,DOWNLOAD,0.95,-1,14600,3.424657534129292e-11,2,29200.0,0.0,2,0,1.0,0.0,0.8889236307384212,0,0,0,0,0,0,0,0,0.0225,0.0,0.0,0.0,0.15,skip,already_attacked_this_round,1785296338.6354408,1785296338635440919,1385006852139387,65.2,53.3671875,-1.0,0,0
2026-07-28T23:38:58.637,10.42.0.145,10.42.0.47,40,2,TRAINING,0.95,TRAINING,0.95,-1,14600,3.604902667498021e-11,3,27740.0,0.0,3,0,1.0,0.0,0.3530606631146829,0,0,0,0,0,0,0,0,0.0225,0.0,0.0,0.0,0.15,skip,training_upload_trigger_not_confirmed,1785296338.6370184,1785296338637018253,1385006853716594,65.2,53.3671875,-1.0,0,0
2026-07-28T23:38:58.638,10.42.0.145,10.42.0.47,40,2,TRAINING,0.95,TRAINING,0.95,-1,14600,2.361832782183235e-11,4,42340.0,0.0,4,0,1.0,0.0,0.3067357513736986,0,0,0,0,0,0,0,0,0.0225,0.0,0.0,0.0,0.15,skip,training_upload_trigger_not_confirmed,1785296338.6385322,1785296338638532114,1385006855231022,65.2,53.3671875,-1.0,0,0
2026-07-28T23:38:58.640,10.42.0.18,10.42.0.47,64,1,DOWNLOAD,0.95,DOWNLOAD,0.95,-1,11680,8.56164383488342e-11,1,11680.0,0.0,1,0,1.0,0.0,0.6450932511082464,0,0,0,0,0,0,0,0,0.0225,0.0,0.0,0.0,0.15,skip,already_attacked_this_round,1785296338.640598,1785296338640598106,1385006857296691,65.2,53.3671875,-1.0,0,0
2026-07-28T23:38:58.641,10.42.0.18,10.42.0.47,64,1,DOWNLOAD,0.95,DOWNLOAD,0.95,-1,5840,5.70776255675184e-11,2,17520.0,0.0,2,0,1.0,0.0,0.5602226254077857,0,0,0,0,0,0,0,0,0.0225,0.0,0.0,0.0,0.15,skip,already_attacked_this_round,1785296338.6416316,1785296338641631405,1385006858329860,65.2,53.3671875,-1.0,0,0
2026-07-28T23:38:58.642,10.42.0.18,10.42.0.47,64,1,DOWNLOAD,0.95,DOWNLOAD,0.95,-1,11680,3.424657534129292e-11,3,29200.0,0.0,3,0,1.0,0.0,0.48653694377149204,0,0,0,0,0,0,0,0,0.0225,0.0,0.0,0.0,0.15,skip,already_attacked_this_round,1785296338.642674,1785296338642674041,1385006859372491,65.2,53.3671875,-1.0,0,0
2026-07-28T23:38:58.647,10.42.0.18,10.42.0.47,64,1,DOWNLOAD,0.95,DOWNLOAD,0.95,-1,14600,2.2831050227789245e-11,4,43800.0,0.0,4,0,1.0,0.0,0.42300580530730075,0,0,0,0,0,0,0,0,0.0225,0.0,0.0,0.0,0.15,skip,already_attacked_this_round,1785296338.6470907,1785296338647090753,1385006863789309,65.2,53.3671875,-1.0,0,0
2026-07-28T23:38:58.648,10.42.0.59,10.42.0.47,37,1,DOWNLOAD,0.95,DOWNLOAD,0.95,-1,26280,1.8024513337814986e-11,3,55480.0,0.0,3,0,1.0,0.0,0.7735303329967305,0,0,0,0,0,0,0,0,0.0225,0.0,0.0,0.0,0.15,skip,already_attacked_this_round,1785296338.6486766,1785296338648676734,1385006865375216,65.2,53.3671875,-1.0,0,0
2026-07-28T23:38:58.649,10.42.0.59,10.42.0.47,37,1,DOWNLOAD,0.95,DOWNLOAD,0.95,-1,10577,1.5138441043112185e-11,4,66057.0,0.0,4,0,1.0,0.0,0.6717356388249018,0,0,0,0,0,0,0,0,0.0225,0.0,0.0,0.0,0.15,skip,already_attacked_this_round,1785296338.6497152,1785296338649715263,1385006866413784,65.2,53.3671875,-1.0,0,0
2026-07-28T23:38:58.651,10.42.0.18,10.42.0.47,64,1,DOWNLOAD,0.95,DOWNLOAD,0.95,-1,22257,1.5138441043112185e-11,5,66057.0,0.0,5,0,1.0,0.0,0.3678340389604623,0,0,0,0,0,0,0,0,0.0225,0.0,0.0,0.0,0.15,skip,already_attacked_this_round,1785296338.6514132,1785296338651413181,1385006868113225,65.2,53.3671875,-1.0,0,0
2026-07-28T23:38:58.653,10.42.0.145,10.42.0.47,40,2,TRAINING,0.9625356388104374,TRAINING,0.9625356388104374,-1,29200,1.3978194017137571e-11,5,71540.0,0.0,5,0,1.0,0.0,0.2682543635460648,0,0,0,0,0,0,0,0,0.0225,0.0,0.0,0.0,0.15,skip,training_upload_trigger_not_confirmed,1785296338.6532433,1785296338653243401,1385006869942307,65.2,53.3671875,-1.0,0,0
2026-07-28T23:38:58.654,10.42.0.145,10.42.0.47,40,2,TRAINING,0.9738127375894485,TRAINING,0.9738127375894485,-1,7657,1.2626740911743795e-11,6,79197.0,0.0,6,0,1.0,0.0,0.23300648299809865,0,0,0,0,0,0,0,0,0.0225,0.0,0.0,0.0,0.15,skip,training_upload_trigger_not_confirmed,1785296338.6540112,1785296338654011181,1385006870709493,65.2,53.3671875,-1.0,0,0
2026-07-28T23:38:58.655,10.42.0.47,10.42.0.47,92,1,DOWNLOAD,0.95,DOWNLOAD,0.95,-1,10136,6.867662292311147,29,11584.0,79555.0,2,27,0.1271025576317493,0.8728974423682507,0.024047111403807733,0,0,0,0,0,0,0,0,0.057499999999999996,0.1,0.0,0.0,0.15,skip,training_upload_trigger_not_confirmed,1785296338.655034,1785296338655034044,1385006871732357,65.2,53.3671875,-1.0,0,0
2026-07-28T23:38:58.659,10.42.0.47,10.42.0.47,92,1,DOWNLOAD,0.95,DOWNLOAD,0.95,-1,7240,4.226253718485642,30,18824.0,79555.0,3,27,0.19134164811595972,0.8086583518840403,0.021428216253318543,0,0,0,0,0,0,0,0,0.057499999999999996,0.1,0.0,0.0,0.15,skip,training_upload_trigger_not_confirmed,1785296338.659207,1785296338659207219,1385006875905664,65.2,53.3671875,-1.0,0,0
2026-07-28T23:38:58.659,10.42.0.47,10.42.0.47,92,1,DOWNLOAD,0.95,DOWNLOAD,0.95,-1,11584,2.6162523019726303,31,30408.0,79555.0,4,27,0.27652937806353045,0.7234706219364695,0.018700850438089008,0,0,0,0,0,0,0,0,0.057499999999999996,0.1,0.0,0.0,0.15,skip,training_upload_trigger_not_confirmed,1785296338.659938,1785296338659937966,1385006876636300,65.2,53.3671875,-1.0,0,0
2026-07-28T23:38:58.660,10.42.0.47,10.42.0.47,92,1,DOWNLOAD,0.95,DOWNLOAD,0.95,-1,8688,2.034862901549139,32,39096.0,79555.0,5,27,0.32950417611313854,0.6704958238868615,0.016374792724818746,0,0,0,0,0,0,0,0,0.057499999999999996,0.1,0.0,0.0,0.15,skip,training_upload_trigger_not_confirmed,1785296338.6609871,1785296338660987174,1385006877685417,65.2,53.3671875,-1.0,0,0
2026-07-28T23:38:58.663,10.42.0.47,10.42.0.47,92,1,DOWNLOAD,0.95,DOWNLOAD,0.95,-1,2896,1.8945275290318504,33,41992.0,79555.0,6,27,0.3454795264383325,0.6545204735616675,0.014566406924986062,0,0,0,0,0,0,0,0,0.057499999999999996,0.1,0.0,0.0,0.15,skip,training_upload_trigger_not_confirmed,1785296338.6636386,1785296338663638459,1385006880336898,65.2,53.3671875,-1.0,0,0
2026-07-28T23:38:58.664,10.42.0.47,10.42.0.47,92,1,DOWNLOAD,0.95,DOWNLOAD,0.95,-1,2896,1.7722999465163896,34,44888.0,79555.0,7,27,0.3607113296850767,0.6392886703149233,0.012738099921935116,0,0,0,0,0,0,0,0,0.057499999999999996,0.1,0.0,0.0,0.15,skip,training_upload_trigger_not_confirmed,1785296338.6643305,1785296338664330606,1385006881028839,65.2,53.3671875,-1.0,0,0
2026-07-28T23:38:58.665,10.42.0.47,10.42.0.47,92,1,DOWNLOAD,0.95,DOWNLOAD,0.95,-1,5792,1.5697513812042274,35,50680.0,79555.0,8,27,0.38914270357430797,0.610857296425692,0.011158634308357587,0,0,0,0,0,0,0,0,0.057499999999999996,0.1,0.0,0.0,0.15,skip,training_upload_trigger_not_confirmed,1785296338.6650825,1785296338665082369,1385006881780876,65.2,53.3671875,-1.0,0,0
2026-07-28T23:38:58.665,10.42.0.47,10.42.0.47,92,1,DOWNLOAD,0.95,DOWNLOAD,0.95,-1,5792,1.4087512395451063,36,56472.0,79555.0,9,27,0.41515287406176715,0.5848471259382328,0.009776337235895525,0,0,0,0,0,0,0,0,0.057499999999999996,0.1,0.0,0.0,0.15,skip,training_upload_trigger_not_confirmed,1785296338.6657512,1785296338665751382,1385006882449536,65.2,53.3671875,-1.0,0,0
2026-07-28T23:38:58.667,10.42.0.47,10.42.0.47,92,1,DOWNLOAD,0.95,DOWNLOAD,0.95,-1,2896,1.340031666885527,37,59368.0,79555.0,10,27,0.4273446441553954,0.5726553558446046,0.008760329485581144,0,0,0,0,0,0,0,0,0.057499999999999996,0.1,0.0,0.0,0.15,skip,training_upload_trigger_not_confirmed,1785296338.6678174,1785296338667817466,1385006884516080,65.2,53.3671875,-1.0,0,0
2026-07-28T23:38:58.668,10.42.0.47,10.42.0.47,92,1,DOWNLOAD,0.95,DOWNLOAD,0.95,-1,5336,1.2295221315493705,38,64704.0,79555.0,11,27,0.44852660839185077,0.5514733916081492,0.0077413510669544815,0,0,0,0,0,0,0,0,0.057499999999999996,0.1,0.0,0.0,0.15,skip,training_upload_trigger_not_confirmed,1785296338.668845,1785296338668845169,1385006885543607,65.2,53.3671875,-1.0,0,0
2026-07-28T23:38:58.957,10.42.0.59,10.42.0.47,37,2,TRAINING,0.95,TRAINING,0.95,1,64240,0.9724934526246652,5,66057.0,64240.0,4,1,0.5069725319846198,0.4930274680153802,0.9093414503085875,0,0,0,0,1,0,0,0,0.4525,1.0,0.0,0.4,0.15,skip,already_attacked_this_round,1785296338.95797,1785296338957969936,1385007174669940,65.2,53.3671875,-1.0,0,0
2026-07-28T23:38:58.961,10.42.0.1,10.42.0.47,92,2,TRAINING,0.95,TRAINING,0.95,1,7240,0.2889612551801089,39,300324.0,86782.0,27,12,0.7758185096588531,0.22418149034114687,0.005968402136413222,0,0,0,0,1,0,0,0,0.4525,1.0,0.0,0.4,0.15,skip,training_upload_trigger_not_confirmed,1785296338.9612577,1785296338961257661,1385007177956267,65.2,53.3671875,-1.0,0,0
2026-07-28T23:38:58.962,10.42.0.1,10.42.0.1,92,3,UPLOAD,0.95,UPLOAD,0.95,1,5792,0.3082470931417128,40,300324.0,92574.0,27,13,0.7643815952231877,0.2356184047768123,0.0053262196084123605,1,0,0,0,1,0,0,0,0.85,1.0,1.0,0.4,0.8,trigger,training_upload_trigger_confirmed,1785296338.9623528,1785296338962352580,1385007179051077,65.2,53.3671875,14.510287,1785296338976864087,1385007193561364
2026-07-28T23:38:58.963,10.42.0.1,10.42.0.1,92,3,UPLOAD,0.95,UPLOAD,0.95,1,14480,0.35646168804572237,41,300324.0,107054.0,27,14,0.7372121224022897,0.2627878775977102,0.004787825005685697,1,0,1,1,1,1,1,1,0.85,1.0,1.0,0.4,0.8,skip,attack_already_active,1785296338.9635932,1785296338963593098,1385007180291324,65.2,53.3671875,-1.0,0,0
2026-07-28T23:38:58.964,10.42.0.1,10.42.0.1,92,3,UPLOAD,0.95,UPLOAD,0.95,1,14480,0.404676282949732,42,300324.0,121534.0,27,15,0.7119077983586894,0.2880922016413106,0.00426825546374012,1,0,1,1,1,1,1,1,0.85,1.0,1.0,0.4,0.8,skip,attack_already_active,1785296338.9644382,1785296338964438152,1385007181136804,65.2,53.3671875,-1.0,0,0
2026-07-28T23:38:58.966,10.42.0.1,10.42.0.1,92,3,UPLOAD,0.95,UPLOAD,0.95,1,14480,0.45289087785374166,43,300324.0,136014.0,27,16,0.6882829366225266,0.3117170633774734,0.003942947518549859,1,0,1,1,1,1,1,1,0.85,1.0,1.0,0.4,0.8,skip,attack_already_active,1785296338.9662378,1785296338966237642,1385007182936216,65.2,53.3671875,-1.0,0,0
2026-07-28T23:38:58.967,10.42.0.1,10.42.0.1,92,3,UPLOAD,0.95,UPLOAD,0.95,1,14480,0.5011054727577513,44,300324.0,150494.0,27,17,0.6661757072698961,0.33382429273010394,0.0035264484609987094,1,0,1,1,1,1,1,1,0.9299999999999999,1.0,1.0,0.8,0.8,skip,attack_already_active,1785296338.96702,1785296338967019943,1385007183718524,65.2,53.3671875,-1.0,0,0
2026-07-28T23:38:58.968,10.42.0.1,10.42.0.1,92,3,UPLOAD,0.95,UPLOAD,0.95,1,8590,0.5297079154528785,45,300324.0,159084.0,27,18,0.6537195695329642,0.3462804304670358,0.003192512146805474,1,0,1,1,1,1,1,1,0.9299999999999999,1.0,1.0,0.8,0.8,skip,attack_already_active,1785296338.9680123,1785296338968012396,1385007184710499,65.2,53.3671875,-1.0,0,0
2026-07-28T23:38:58.980,10.42.0.145,10.42.0.1,40,3,UPLOAD,0.95,UPLOAD,0.95,1,64240,0.8111418361830481,7,79197.0,64240.0,6,1,0.5521378723760257,0.4478621276239743,0.5339939675381122,0,0,0,1,1,1,1,1,0.85,1.0,1.0,0.4,0.8,trigger,training_upload_trigger_confirmed,1785296338.9802258,1785296338980225665,1385007196924800,65.2,53.3671875,37.851166,1785296339018078707,1385007234775966
2026-07-28T23:38:58.983,10.42.0.145,10.42.0.1,40,3,UPLOAD,0.9841010226033655,UPLOAD,0.9841010226033655,1,3636,0.8570526661381485,8,79197.0,67876.0,6,2,0.5384876897867046,0.4615123102132954,0.46400546260859293,0,0,1,1,1,1,1,1,0.85,1.0,1.0,0.4,0.8,skip,attack_already_active,1785296338.9830964,1785296338983096388,1385007199795274,65.2,53.3671875,-1.0,0,0
2026-07-28T23:38:58.984,10.42.0.1,10.42.0.1,92,3,UPLOAD,0.95,UPLOAD,0.95,1,7240,0.5538152129048833,46,300324.0,166324.0,27,19,0.6435771716582949,0.3564228283417051,0.0031505582953732236,1,0,1,1,1,1,1,1,0.9699999999999999,1.0,1.0,1.0,0.8,skip,attack_already_active,1785296338.9848082,1785296338984808169,1385007201506981,65.2,53.3671875,-1.0,0,0
2026-07-28T23:38:58.985,10.42.0.1,10.42.0.1,92,3,UPLOAD,0.95,UPLOAD,0.95,1,5792,0.5731010508664872,47,300324.0,172116.0,27,20,0.6356870713741427,0.36431292862585724,0.0028827431383679457,1,0,1,1,1,1,1,1,0.9699999999999999,1.0,1.0,1.0,0.8,skip,attack_already_active,1785296338.9859264,1785296338985926502,1385007202625010,65.2,53.3671875,-1.0,0,0
2026-07-28T23:38:58.987,10.42.0.1,10.42.0.1,92,3,UPLOAD,0.95,UPLOAD,0.95,1,2896,0.5827439698472892,48,300324.0,175012.0,27,21,0.6318141272699732,0.3681858727300268,0.002713462571891628,1,0,1,1,1,1,1,1,0.9699999999999999,1.0,1.0,1.0,0.8,skip,attack_already_active,1785296338.9875245,1785296338987524575,1385007204223376,65.2,53.3671875,-1.0,0,0
2026-07-28T23:38:58.989,10.42.0.1,10.42.0.1,92,3,UPLOAD,0.95,UPLOAD,0.95,1,11584,0.6213156457704968,49,300324.0,186596.0,27,22,0.6167830444426189,0.3832169555573811,0.002654175053312849,1,0,1,1,1,1,1,1,0.9699999999999999,1.0,1.0,1.0,0.8,skip,attack_already_active,1785296338.989788,1785296338989788116,1385007206486683,65.2,53.3671875,-1.0,0,0
2026-07-28T23:38:58.990,10.42.0.1,10.42.0.1,92,3,UPLOAD,0.95,UPLOAD,0.95,1,2896,0.6309585647512987,50,300324.0,189492.0,27,23,0.6131363614091823,0.3868636385908178,0.002448346028849621,1,0,1,1,1,1,1,1,0.9699999999999999,1.0,1.0,1.0,0.8,skip,attack_already_active,1785296338.9908803,1785296338990880196,1385007207578620,65.2,53.3671875,-1.0,0,0
2026-07-28T23:38:58.991,10.42.0.1,10.42.0.1,92,3,UPLOAD,0.95,UPLOAD,0.95,1,11584,0.6695302406745064,51,300324.0,201076.0,27,24,0.5989708815317112,0.4010291184682888,0.0022687917427426253,1,0,1,1,1,1,1,1,0.9699999999999999,1.0,1.0,1.0,0.8,skip,attack_already_active,1785296338.991966,1785296338991965826,1385007208664270,65.2,53.3671875,-1.0,0,0
2026-07-28T23:38:58.993,10.42.0.1,10.42.0.1,92,3,UPLOAD,0.95,UPLOAD,0.95,1,5792,0.6888160786361103,52,300324.0,206868.0,27,25,0.592130790706478,0.407869209293522,0.0021162283803565925,1,0,1,1,1,1,1,1,0.9699999999999999,1.0,1.0,1.0,0.8,skip,attack_already_active,1785296338.993077,1785296338993076926,1385007209775131,65.2,53.3671875,-1.0,0,0
2026-07-28T23:38:58.994,10.42.0.1,10.42.0.1,92,3,UPLOAD,0.95,UPLOAD,0.95,1,14480,0.7370306735401199,53,300324.0,221348.0,27,26,0.5756950727660293,0.4243049272339708,0.0019639131256277815,1,0,1,1,1,1,1,1,0.9699999999999999,1.0,1.0,1.0,0.8,skip,attack_already_active,1785296338.9940374,1785296338994037455,1385007210735459,65.2,53.3671875,-1.0,0,0
2026-07-28T23:38:58.994,10.42.0.1,10.42.0.1,92,3,UPLOAD,0.95,UPLOAD,0.95,1,8688,0.7659594304825257,54,300324.0,230036.0,27,27,0.5662644241647183,0.4337355758352817,0.0018300982585985942,1,0,1,1,1,1,1,1,0.9699999999999999,1.0,1.0,1.0,0.8,skip,attack_already_active,1785296338.9949858,1785296338994985648,1385007211684192,65.2,53.3671875,-1.0,0,0
2026-07-28T23:38:58.995,10.42.0.1,10.42.0.1,92,3,UPLOAD,0.95,UPLOAD,0.95,1,5792,0.7852452684441296,55,300324.0,235828.0,27,28,0.5601471224578105,0.43985287754218955,0.001713853939624838,1,0,1,1,1,1,1,1,0.9699999999999999,1.0,1.0,1.0,0.8,skip,attack_already_active,1785296338.9959338,1785296338995933747,1385007212631992,65.2,53.3671875,-1.0,0,0
2026-07-28T23:38:58.997,10.42.0.1,10.42.0.1,92,3,UPLOAD,0.95,UPLOAD,0.95,1,2799,0.7945652029148701,56,300324.0,238627.0,27,29,0.5572380420483495,0.4427619579516505,0.0016823917058735693,1,0,1,1,1,1,1,1,0.9699999999999999,1.0,1.0,1.0,0.8,skip,attack_already_active,1785296338.9974089,1785296338997408745,1385007214106921,65.2,53.3671875,-1.0,0,0
2026-07-28T23:38:59.064,10.42.0.18,10.42.0.1,64,2,TRAINING,0.95,TRAINING,0.95,1,36500,0.5525530980887332,6,66057.0,36500.0,5,1,0.644100353949511,0.355899646050489,0.6468438717103563,0,0,0,0,1,1,0,0,0.5725,1.0,0.0,1.0,0.15,skip,already_attacked_this_round,1785296339.0649161,1785296339064916223,1385007281614899,65.2,53.3671875,-1.0,0,0
2026-07-28T23:38:59.066,10.42.0.18,10.42.0.1,64,3,UPLOAD,0.95,UPLOAD,0.95,1,21900,0.8840849569328901,7,66057.0,58400.0,5,2,0.530761628514266,0.46923837148573405,0.561853368367643,0,0,0,1,1,1,1,1,0.9699999999999999,1.0,1.0,1.0,0.8,skip,already_attacked_this_round,1785296339.0667906,1785296339066790581,1385007283488785,65.2,53.3671875,-1.0,0,0
2026-07-28T23:38:59.067,10.42.0.18,10.42.0.1,64,3,UPLOAD,0.9841010226033655,UPLOAD,0.9841010226033655,1,21155,1.2043386771999283,8,66057.0,79555.0,5,3,0.45365079801115293,0.5463492019888471,0.4879602738047083,0,0,0,1,1,1,1,1,0.9699999999999999,1.0,1.0,1.0,0.8,skip,already_attacked_this_round,1785296339.0678897,1785296339067889779,1385007284588348,65.2,53.3671875,-1.0,0,0
2026-07-28T23:38:59.069,10.42.0.1,10.42.0.1,92,3,UPLOAD,0.95,UPLOAD,0.95,1,7240,0.8186725003668749,57,300324.0,245867.0,27,30,0.5498516086863386,0.45014839131366136,0.0018763801317239768,1,0,1,1,1,1,1,1,0.9699999999999999,1.0,1.0,1.0,0.8,skip,attack_already_active,1785296339.069192,1785296339069191928,1385007285890441,65.2,53.3671875,-1.0,0,0
2026-07-28T23:38:59.069,10.42.0.1,10.42.0.1,92,3,UPLOAD,0.95,UPLOAD,0.95,1,5792,0.8379583383284788,58,300324.0,251659.0,27,31,0.5440819735390402,0.45591802646095986,0.0017246616981990944,1,0,1,1,1,1,1,1,0.9699999999999999,1.0,1.0,1.0,0.8,skip,attack_already_active,1785296339.069917,1785296339069916920,1385007286615131,65.2,53.3671875,-1.0,0,0
2026-07-28T23:38:59.071,10.42.0.1,10.42.0.1,92,3,UPLOAD,0.95,UPLOAD,0.95,1,2896,0.8476012573092806,59,300324.0,254555.0,27,32,0.5412423249032672,0.4587576750967328,0.0016637194667250123,1,0,1,1,1,1,1,1,0.9699999999999999,1.0,1.0,1.0,0.8,skip,attack_already_active,1785296339.0711792,1785296339071179164,1385007287877378,65.2,53.3671875,-1.0,0,0
2026-07-28T23:38:59.071,10.42.0.1,10.42.0.1,92,3,UPLOAD,0.95,UPLOAD,0.95,1,11584,0.8861729332324884,60,300324.0,266139.0,27,33,0.5301740802135356,0.46982591978646443,0.0015387047451347535,1,0,1,1,1,1,1,1,0.9699999999999999,1.0,1.0,1.0,0.8,skip,attack_already_active,1785296339.0718942,1785296339071894354,1385007288592639,65.2,53.3671875,-1.0,0,0
2026-07-28T23:38:59.072,10.42.0.1,10.42.0.1,92,3,UPLOAD,0.95,UPLOAD,0.95,1,2896,0.8958158522132903,61,300324.0,269035.0,27,34,0.5274773912417298,0.4725226087582703,0.0014269591889484378,1,0,1,1,1,1,1,1,0.9699999999999999,1.0,1.0,1.0,0.8,skip,attack_already_active,1785296339.0725849,1785296339072584876,1385007289283119,65.2,53.3671875,-1.0,0,0
2026-07-28T23:38:59.073,10.42.0.1,10.42.0.1,92,3,UPLOAD,0.95,UPLOAD,0.95,1,11584,0.934387528136498,62,300324.0,280619.0,27,35,0.5169594951656187,0.4830405048343813,0.0014125982381843762,1,0,1,1,1,1,1,1,0.9699999999999999,1.0,1.0,1.0,0.8,skip,attack_already_active,1785296339.0739028,1785296339073902786,1385007290601376,65.2,53.3671875,-1.0,0,0
2026-07-28T23:38:59.074,10.42.0.1,10.42.0.1,92,3,UPLOAD,0.95,UPLOAD,0.95,1,5792,0.9536733660981018,63,300324.0,286411.0,27,36,0.5118562894662838,0.48814371053371625,0.001321523155089819,1,0,1,1,1,1,1,1,0.9699999999999999,1.0,1.0,1.0,0.8,skip,attack_already_active,1785296339.0746243,1785296339074624146,1385007291322254,65.2,53.3671875,-1.0,0,0
2026-07-28T23:38:59.075,10.42.0.1,10.42.0.1,92,3,UPLOAD,0.95,UPLOAD,0.95,1,14480,1.0018879610021114,64,300324.0,300891.0,27,37,0.49952845487887026,0.5004715451211297,0.0012752178760092679,1,0,1,1,1,1,1,1,0.9699999999999999,1.0,1.0,1.0,0.8,skip,attack_already_active,1785296339.0755944,1785296339075594393,1385007292292526,65.2,53.3671875,-1.0,0,0
2026-07-28T23:38:59.076,10.42.0.1,10.42.0.1,92,3,UPLOAD,0.95,UPLOAD,0.95,1,8688,1.0308167179445171,65,300324.0,309579.0,27,38,0.49241272792558816,0.5075872720744118,0.0012334121589194968,1,0,1,1,1,1,1,1,0.9699999999999999,1.0,1.0,1.0,0.8,skip,attack_already_active,1785296339.0765524,1785296339076552324,1385007293250446,65.2,53.3671875,-1.0,0,0
2026-07-28T23:38:59.077,10.42.0.1,10.42.0.1,92,3,UPLOAD,0.95,UPLOAD,0.95,1,5792,1.050102555906121,66,300324.0,315371.0,27,39,0.48778047572255745,0.5122195242774426,0.0012320516075420538,1,0,1,1,1,1,1,1,0.9699999999999999,1.0,1.0,1.0,0.8,skip,attack_already_active,1785296339.0777755,1785296339077775432,1385007294473545,65.2,53.3671875,-1.0,0,0
2026-07-28T23:38:59.078,10.42.0.1,10.42.0.1,92,3,UPLOAD,0.95,UPLOAD,0.95,1,2798,1.0594191606396444,67,300324.0,318169.0,27,40,0.4855738060091222,0.5144261939908779,0.001156850755426006,1,0,1,1,1,1,1,1,0.9699999999999999,1.0,1.0,1.0,0.8,skip,attack_already_active,1785296339.0784369,1785296339078436865,1385007295134951,65.2,53.3671875,-1.0,0,0
2026-07-28T23:38:59.390,10.42.0.47,10.42.0.1,92,2,TRAINING,0.9,TRAINING,0.9,0,43,1.5454995054162724e-11,11,64704.0,0.0,11,0,1.0,0.0,0.11881428891024161,0,0,0,0,0,0,0,0,0.0225,0.0,0.0,0.0,0.15,skip,training_upload_trigger_not_confirmed,1785296339.3903165,1785296339390316568,1385007607015043,79.9,53.3671875,-1.0,0,0
2026-07-28T23:38:59.402,10.42.0.145,10.42.0.1,40,3,UPLOAD,0.9854688349332961,UPLOAD,0.9854688349332961,0,39,0.8570526661381485,8,79197.0,67876.0,6,2,0.5384876897867046,0.4615123102132954,0.408239088168547,0,0,1,0,0,0,0,0,0.4375,0.05,1.0,0.0,0.8,skip,attack_already_active,1785296339.4021747,1785296339402174704,1385007618873321,79.9,53.3671875,-1.0,0,0
2026-07-28T23:38:59.540,10.42.0.18,10.42.0.1,64,3,UPLOAD,0.9854688349332961,UPLOAD,0.9854688349332961,0,39,1.2043386771999283,8,66057.0,79555.0,5,3,0.45365079801115293,0.5463492019888471,0.42957042150731256,0,0,0,0,0,0,0,0,0.45499999999999996,0.1,1.0,0.0,0.8,skip,already_attacked_this_round,1785296339.540217,1785296339540216798,1385007756915046,79.9,53.3671875,-1.0,0,0
2026-07-28T23:39:00.338,10.42.0.210,10.42.0.1,91,3,UPLOAD,0.95,UPLOAD,0.95,1,1448,100.0,1,0.0,1448.0,0,1,0.0,1.0,0.3496135884877915,0,0,0,1,1,1,1,1,0.9525,0.95,1.0,1.0,0.8,trigger,training_upload_trigger_confirmed,1785296340.33874,1785296340338740161,1385008555439185,11.5,53.3671875,38.790146,1785296340377531730,1385008594229331
2026-07-28T23:39:00.371,10.42.0.210,10.42.0.1,91,3,UPLOAD,0.9841010226033655,UPLOAD,0.9841010226033655,1,1448,100.0,2,0.0,2896.0,0,2,0.0,1.0,0.307849397943461,0,0,1,1,1,1,1,1,0.9699999999999999,1.0,1.0,1.0,0.8,skip,attack_already_active,1785296340.3714168,1785296340371416861,1385008588114950,11.5,53.3671875,-1.0,0,0
2026-07-28T23:39:00.372,10.42.0.210,10.42.0.1,91,3,UPLOAD,0.9854688349332961,UPLOAD,0.9854688349332961,1,1448,100.0,3,0.0,4344.0,0,3,0.0,1.0,0.2674018735706331,0,0,1,1,1,1,1,1,0.9699999999999999,1.0,1.0,1.0,0.8,skip,attack_already_active,1785296340.3723211,1785296340372321012,1385008589019095,11.5,53.3671875,-1.0,0,0
2026-07-28T23:39:00.372,10.42.0.210,10.42.0.1,91,3,UPLOAD,0.9855076450773014,UPLOAD,0.9855076450773014,1,1448,100.0,4,0.0,5792.0,0,4,0.0,1.0,0.2322475103648417,0,0,1,1,1,1,1,1,0.9699999999999999,1.0,1.0,1.0,0.8,skip,attack_already_active,1785296340.3729463,1785296340372946101,1385008589644205,11.5,53.3671875,-1.0,0,0
2026-07-28T23:39:00.373,10.42.0.210,10.42.0.1,91,3,UPLOAD,0.9855086980780915,UPLOAD,0.9855086980780915,1,1448,100.0,5,0.0,7240.0,0,5,0.0,1.0,0.20176046810064635,0,0,1,1,1,1,1,1,0.9699999999999999,1.0,1.0,1.0,0.8,skip,attack_already_active,1785296340.373836,1785296340373836144,1385008590534259,11.5,53.3671875,-1.0,0,0
2026-07-28T23:39:00.374,10.42.0.210,10.42.0.1,91,3,UPLOAD,0.9855087254685951,UPLOAD,0.9855087254685951,1,1448,100.0,6,0.0,8688.0,0,6,0.0,1.0,0.17526052176596596,0,0,1,1,1,1,1,1,0.9699999999999999,1.0,1.0,1.0,0.8,skip,attack_already_active,1785296340.3744957,1785296340374495853,1385008591194597,11.5,53.3671875,-1.0,0,0
2026-07-28T23:39:00.375,10.42.0.210,10.42.0.1,91,3,UPLOAD,0.9855087261493067,UPLOAD,0.9855087261493067,1,1448,100.0,7,0.0,10136.0,0,7,0.0,1.0,0.15228473186612465,0,0,1,1,1,1,1,1,0.9699999999999999,1.0,1.0,1.0,0.8,skip,attack_already_active,1785296340.3753994,1785296340375399327,1385008592097423,11.5,53.3671875,-1.0,0,0
2026-07-28T23:39:00.376,10.42.0.210,10.42.0.1,91,3,UPLOAD,0.9855087261653082,UPLOAD,0.9855087261653082,1,1448,100.0,8,0.0,11584.0,0,8,0.0,1.0,0.13229883207989607,0,0,1,1,1,1,1,1,0.9699999999999999,1.0,1.0,1.0,0.8,skip,attack_already_active,1785296340.3760166,1785296340376016710,1385008592714799,11.5,53.3671875,-1.0,0,0
2026-07-28T23:39:00.376,10.42.0.210,10.42.0.1,91,3,UPLOAD,0.985508726165656,UPLOAD,0.985508726165656,1,1448,100.0,9,0.0,13032.0,0,9,0.0,1.0,0.11498080867619466,0,0,1,1,1,1,1,1,0.9699999999999999,1.0,1.0,1.0,0.8,skip,attack_already_active,1785296340.3768938,1785296340376893673,1385008593591911,11.5,53.3671875,-1.0,0,0
2026-07-28T23:39:00.377,10.42.0.210,10.42.0.1,91,3,UPLOAD,0.9855087261656625,UPLOAD,0.9855087261656625,1,1448,100.0,10,0.0,14480.0,0,10,0.0,1.0,0.09991413230995208,0,0,1,1,1,1,1,1,0.9699999999999999,1.0,1.0,1.0,0.8,skip,attack_already_active,1785296340.3775377,1785296340377537760,1385008594235779,11.5,53.3671875,-1.0,0,0
2026-07-28T23:39:00.378,10.42.0.210,10.42.0.1,91,3,UPLOAD,0.95,UPLOAD,0.95,1,1448,100.0,11,0.0,15928.0,0,11,0.0,1.0,0.08687769196452323,0,0,1,1,1,1,1,1,0.9699999999999999,1.0,1.0,1.0,0.8,skip,attack_already_active,1785296340.378522,1785296340378521942,1385008595220050,11.5,53.3671875,-1.0,0,0
2026-07-28T23:39:00.379,10.42.0.210,10.42.0.1,91,3,UPLOAD,0.95,UPLOAD,0.95,1,1448,100.0,12,0.0,17376.0,0,12,0.0,1.0,0.07551271800015597,0,0,1,1,1,1,1,1,0.9699999999999999,1.0,1.0,1.0,0.8,skip,attack_already_active,1785296340.379154,1785296340379154003,1385008595852186,11.5,53.3671875,-1.0,0,0
2026-07-28T23:39:00.380,10.42.0.210,10.42.0.1,91,3,UPLOAD,0.95,UPLOAD,0.95,1,1448,100.0,13,0.0,18824.0,0,13,0.0,1.0,0.06568148754657957,0,0,1,1,1,1,1,1,0.9699999999999999,1.0,1.0,1.0,0.8,skip,attack_already_active,1785296340.3800602,1785296340380060201,1385008596758355,11.5,53.3671875,-1.0,0,0
2026-07-28T23:39:00.380,10.42.0.210,10.42.0.1,91,3,UPLOAD,0.95,UPLOAD,0.95,1,1448,100.0,14,0.0,20272.0,0,14,0.0,1.0,0.05710931798488364,0,0,1,1,1,1,1,1,0.9699999999999999,1.0,1.0,1.0,0.8,skip,attack_already_active,1785296340.3806899,1785296340380689801,1385008597387862,11.5,53.3671875,-1.0,0,0
2026-07-28T23:39:00.381,10.42.0.210,10.42.0.1,91,3,UPLOAD,0.95,UPLOAD,0.95,1,1448,100.0,15,0.0,21720.0,0,15,0.0,1.0,0.04970189767545905,0,0,1,1,1,1,1,1,0.9699999999999999,1.0,1.0,1.0,0.8,skip,attack_already_active,1785296340.3815863,1785296340381586559,1385008598284727,11.5,53.3671875,-1.0,0,0
2026-07-28T23:39:00.382,10.42.0.210,10.42.0.1,91,3,UPLOAD,0.95,UPLOAD,0.95,1,1448,100.0,16,0.0,23168.0,0,16,0.0,1.0,0.043233356526687125,0,0,1,1,1,1,1,1,0.9699999999999999,1.0,1.0,1.0,0.8,skip,attack_already_active,1785296340.3822002,1785296340382200230,1385008598898258,11.5,53.3671875,-1.0,0,0
2026-07-28T23:39:00.383,10.42.0.210,10.42.0.1,91,3,UPLOAD,0.95,UPLOAD,0.95,1,1448,100.0,17,0.0,24616.0,0,17,0.0,1.0,0.03765157467650676,0,0,1,1,1,1,1,1,0.9699999999999999,1.0,1.0,1.0,0.8,skip,attack_already_active,1785296340.383075,1785296340383074981,1385008599773097,11.5,53.3671875,-1.0,0,0
2026-07-28T23:39:00.383,10.42.0.210,10.42.0.1,91,3,UPLOAD,0.95,UPLOAD,0.95,1,1448,100.0,18,0.0,26064.0,0,18,0.0,1.0,0.03277300057594517,0,0,1,1,1,1,1,1,0.9699999999999999,1.0,1.0,1.0,0.8,skip,attack_already_active,1785296340.3837044,1785296340383704296,1385008600402393,11.5,53.3671875,-1.0,0,0
2026-07-28T23:39:00.384,10.42.0.210,10.42.0.1,91,3,UPLOAD,0.95,UPLOAD,0.95,1,1448,100.0,19,0.0,27512.0,0,19,0.0,1.0,0.02857034917657985,0,0,1,1,1,1,1,1,0.9699999999999999,1.0,1.0,1.0,0.8,skip,attack_already_active,1785296340.3845847,1785296340384584600,1385008601282804,11.5,53.3671875,-1.0,0,0
2026-07-28T23:39:00.385,10.42.0.210,10.42.0.1,91,3,UPLOAD,0.95,UPLOAD,0.95,1,1448,100.0,20,0.0,28960.0,0,20,0.0,1.0,0.024885432663976758,0,0,1,1,1,1,1,1,0.9699999999999999,1.0,1.0,1.0,0.8,skip,attack_already_active,1785296340.3851912,1785296340385191079,1385008601889094,11.5,53.3671875,-1.0,0,0
2026-07-28T23:39:00.386,10.42.0.210,10.42.0.1,91,3,UPLOAD,0.95,UPLOAD,0.95,1,1448,100.0,21,0.0,30408.0,0,21,0.0,1.0,0.021719742190153036,0,0,1,1,1,1,1,1,0.9699999999999999,1.0,1.0,1.0,0.8,skip,attack_already_active,1785296340.386053,1785296340386053079,1385008602751110,11.5,53.3671875,-1.0,0,0
2026-07-28T23:39:00.386,10.42.0.210,10.42.0.1,91,3,UPLOAD,0.95,UPLOAD,0.95,1,1448,100.0,22,0.0,31856.0,0,22,0.0,1.0,0.018941236619407203,0,0,1,1,1,1,1,1,0.9699999999999999,1.0,1.0,1.0,0.8,skip,attack_already_active,1785296340.3866875,1785296340386687500,1385008603385613,11.5,53.3671875,-1.0,0,0
2026-07-28T23:39:00.387,10.42.0.210,10.42.0.1,91,3,UPLOAD,0.95,UPLOAD,0.95,1,1448,100.0,23,0.0,33304.0,0,23,0.0,1.0,0.016600090575080047,0,0,1,1,1,1,1,1,0.9699999999999999,1.0,1.0,1.0,0.8,skip,attack_already_active,1785296340.3878624,1785296340387862428,1385008604560823,11.5,53.3671875,-1.0,0,0
2026-07-28T23:39:00.388,10.42.0.210,10.42.0.1,91,3,UPLOAD,0.95,UPLOAD,0.95,1,1448,100.0,24,0.0,34752.0,0,24,0.0,1.0,0.014495690279100552,0,0,1,1,1,1,1,1,0.9699999999999999,1.0,1.0,1.0,0.8,skip,attack_already_active,1785296340.3884928,1785296340388492781,1385008605191286,11.5,53.3671875,-1.0,0,0
2026-07-28T23:39:00.389,10.42.0.210,10.42.0.1,91,3,UPLOAD,0.95,UPLOAD,0.95,1,1448,100.0,25,0.0,36200.0,0,25,0.0,1.0,0.012696777695244525,0,0,1,1,1,1,1,1,0.9699999999999999,1.0,1.0,1.0,0.8,skip,attack_already_active,1785296340.389337,1785296340389337137,1385008606035275,11.5,53.3671875,-1.0,0,0
2026-07-28T23:39:00.389,10.42.0.210,10.42.0.1,91,3,UPLOAD,0.95,UPLOAD,0.95,1,1448,100.0,26,0.0,37648.0,0,26,0.0,1.0,0.011099005680040958,0,0,1,1,1,1,1,1,0.9699999999999999,1.0,1.0,1.0,0.8,skip,attack_already_active,1785296340.3899088,1785296340389908825,1385008606606843,11.5,53.3671875,-1.0,0,0
2026-07-28T23:39:00.390,10.42.0.210,10.42.0.1,91,3,UPLOAD,0.95,UPLOAD,0.95,1,1448,100.0,27,0.0,39096.0,0,27,0.0,1.0,0.009744673326630378,0,0,1,1,1,1,1,1,0.9699999999999999,1.0,1.0,1.0,0.8,skip,attack_already_active,1785296340.3907301,1785296340390730215,1385008607428193,11.5,53.3671875,-1.0,0,0
2026-07-28T23:39:00.391,10.42.0.1,10.42.0.1,92,3,UPLOAD,0.9679718999625052,UPLOAD,0.9679718999625052,1,7240,100.0,1,0.0,7240.0,0,1,0.0,1.0,0.0037210455790154125,1,0,1,1,1,1,1,1,0.9699999999999999,1.0,1.0,1.0,0.8,skip,attack_already_active,1785296340.3913143,1785296340391314244,1385008608012284,11.5,53.3671875,-1.0,0,0
2026-07-28T23:39:00.391,10.42.0.1,10.42.0.1,92,3,UPLOAD,0.982392250190917,UPLOAD,0.982392250190917,1,5792,100.0,2,0.0,13032.0,0,2,0.0,1.0,0.00330551179822017,1,0,1,1,1,1,1,1,0.9699999999999999,1.0,1.0,1.0,0.8,skip,attack_already_active,1785296340.391882,1785296340391882040,1385008608579991,11.5,53.3671875,-1.0,0,0
2026-07-28T23:39:00.398,10.42.0.1,10.42.0.1,92,3,UPLOAD,0.9830101198232506,UPLOAD,0.9830101198232506,1,1448,100.0,3,0.0,14480.0,0,3,0.0,1.0,0.0038017094065338755,1,0,1,1,1,1,1,1,0.9699999999999999,1.0,1.0,1.0,0.8,skip,attack_already_active,1785296340.398953,1785296340398952958,1385008615652312,11.5,53.3671875,-1.0,0,0
2026-07-28T23:39:00.400,10.42.0.1,10.42.0.1,92,3,UPLOAD,0.9828922592826421,UPLOAD,0.9828922592826421,1,11584,100.0,4,0.0,26064.0,0,4,0.0,1.0,0.0035167677725548535,1,0,1,1,1,1,1,1,0.9699999999999999,1.0,1.0,1.0,0.8,skip,attack_already_active,1785296340.4005923,1785296340400592283,1385008617290463,11.5,53.3671875,-1.0,0,0
2026-07-28T23:39:00.401,10.42.0.1,10.42.0.1,92,3,UPLOAD,0.982599602824695,UPLOAD,0.982599602824695,1,14480,100.0,5,0.0,40544.0,0,5,0.0,1.0,0.003142259040434022,1,0,1,1,1,1,1,1,0.9699999999999999,1.0,1.0,1.0,0.8,skip,attack_already_active,1785296340.401267,1785296340401267022,1385008617964968,11.5,53.3671875,-1.0,0,0
2026-07-28T23:39:00.402,10.42.0.1,10.42.0.1,92,3,UPLOAD,0.9826301626112877,UPLOAD,0.9826301626112877,1,4344,100.0,6,0.0,44888.0,0,6,0.0,1.0,0.002845785158254833,1,0,1,1,1,1,1,1,0.9699999999999999,1.0,1.0,1.0,0.8,skip,attack_already_active,1785296340.4021595,1785296340402159445,1385008618857592,11.5,53.3671875,-1.0,0,0
2026-07-28T23:39:00.403,10.42.0.1,10.42.0.1,92,3,UPLOAD,0.9827801887654543,UPLOAD,0.9827801887654543,1,14480,100.0,7,0.0,59368.0,0,7,0.0,1.0,0.002615523668520408,1,0,1,1,1,1,1,1,0.9699999999999999,1.0,1.0,1.0,0.8,skip,attack_already_active,1785296340.4032578,1785296340403257966,1385008619956318,11.5,53.3671875,-1.0,0,0
2026-07-28T23:39:00.404,10.42.0.1,10.42.0.1,92,3,UPLOAD,0.9829379696576931,UPLOAD,0.9829379696576931,1,8688,100.0,8,0.0,68056.0,0,8,0.0,1.0,0.002386260836454049,1,0,1,1,1,1,1,1,0.9699999999999999,1.0,1.0,1.0,0.8,skip,attack_already_active,1785296340.4041336,1785296340404133661,1385008620831620,11.5,53.3671875,-1.0,0,0
2026-07-28T23:39:00.405,10.42.0.1,10.42.0.1,92,3,UPLOAD,0.9827916921367043,UPLOAD,0.9827916921367043,1,11487,100.0,9,0.0,79543.0,0,9,0.0,1.0,0.002236283098571099,1,0,1,1,1,1,1,1,0.9699999999999999,1.0,1.0,1.0,0.8,skip,attack_already_active,1785296340.4053817,1785296340405381508,1385008622079479,11.5,53.3671875,-1.0,0,0
2026-07-28T23:39:00.581,10.42.0.1,10.42.0.1,92,3,UPLOAD,0.9820871190298522,UPLOAD,0.9820871190298522,0,43,100.0,9,0.0,79543.0,0,9,0.0,1.0,0.14500452509872858,1,0,1,1,1,1,1,1,0.8374999999999999,0.8500000000000001,1.0,0.6000000000000001,0.8,skip,attack_already_active,1785296340.5819638,1785296340581963783,1385008798662637,11.5,53.3671875,-1.0,0,0
2026-07-28T23:39:00.896,10.42.0.47,10.42.0.1|10.42.0.47,92,3,UPLOAD,0.95,UPLOAD,0.95,1,7240,100.0,1,0.0,7240.0,0,1,0.0,1.0,0.3016064672878316,1,0,0,1,1,1,1,1,0.9699999999999999,1.0,1.0,1.0,0.8,trigger,training_upload_trigger_confirmed,1785296340.89629,1785296340896290026,1385009112988462,39.7,53.3671875,10.830597,1785296340907121555,1385009123819059
2026-07-28T23:39:00.897,10.42.0.47,10.42.0.1|10.42.0.47,92,3,UPLOAD,0.95,UPLOAD,0.95,1,7240,100.0,2,0.0,14480.0,0,2,0.0,1.0,0.26198867071918924,1,0,1,1,1,1,1,1,0.9699999999999999,1.0,1.0,1.0,0.8,skip,attack_already_active,1785296340.897248,1785296340897248063,1385009113946173,39.7,53.3671875,-1.0,0,0
2026-07-28T23:39:00.898,10.42.0.47,10.42.0.1|10.42.0.47,92,3,UPLOAD,0.95,UPLOAD,0.95,1,10136,100.0,3,0.0,24616.0,0,3,0.0,1.0,0.22768684030460104,1,0,1,1,1,1,1,1,0.9699999999999999,1.0,1.0,1.0,0.8,skip,attack_already_active,1785296340.8989296,1785296340898929652,1385009115627842,39.7,53.3671875,-1.0,0,0
2026-07-28T23:39:00.902,10.42.0.47,10.42.0.1|10.42.0.47,92,3,UPLOAD,0.95,UPLOAD,0.95,1,4344,100.0,4,0.0,28960.0,0,4,0.0,1.0,0.19810832364239156,1,0,1,1,1,1,1,1,0.9699999999999999,1.0,1.0,1.0,0.8,skip,attack_already_active,1785296340.9021533,1785296340902153261,1385009118851566,39.7,53.3671875,-1.0,0,0
2026-07-28T23:39:00.902,10.42.0.47,10.42.0.1|10.42.0.47,92,3,UPLOAD,0.95,UPLOAD,0.95,1,5792,100.0,5,0.0,34752.0,0,5,0.0,1.0,0.17209196159727236,1,0,1,1,1,1,1,1,0.9699999999999999,1.0,1.0,1.0,0.8,skip,attack_already_active,1785296340.9028306,1785296340902830466,1385009119528562,39.7,53.3671875,-1.0,0,0
2026-07-28T23:39:00.903,10.42.0.47,10.42.0.1|10.42.0.47,92,3,UPLOAD,0.95,UPLOAD,0.95,1,5792,100.0,6,0.0,40544.0,0,6,0.0,1.0,0.1495611030744462,1,0,1,1,1,1,1,1,0.9699999999999999,1.0,1.0,1.0,0.8,skip,attack_already_active,1785296340.903942,1785296340903942057,1385009120640050,39.7,53.3671875,-1.0,0,0
2026-07-28T23:39:00.905,10.42.0.47,10.42.0.1|10.42.0.47,92,3,UPLOAD,0.95,UPLOAD,0.95,1,2896,100.0,7,0.0,43440.0,0,7,0.0,1.0,0.13005475115479878,1,0,1,1,1,1,1,1,0.9699999999999999,1.0,1.0,1.0,0.8,skip,attack_already_active,1785296340.905475,1785296340905474787,1385009122172924,39.7,53.3671875,-1.0,0,0
2026-07-28T23:39:00.906,10.42.0.47,10.42.0.1|10.42.0.47,92,3,UPLOAD,0.95,UPLOAD,0.95,1,7240,100.0,8,0.0,50680.0,0,8,0.0,1.0,0.11300026882174956,1,0,1,1,1,1,1,1,0.9699999999999999,1.0,1.0,1.0,0.8,skip,attack_already_active,1785296340.906108,1785296340906107784,1385009122805860,39.7,53.3671875,-1.0,0,0
2026-07-28T23:39:00.907,10.42.0.47,10.42.0.1|10.42.0.47,92,3,UPLOAD,0.95,UPLOAD,0.95,1,5792,100.0,9,0.0,56472.0,0,9,0.0,1.0,0.09831474890989811,1,0,1,1,1,1,1,1,0.9699999999999999,1.0,1.0,1.0,0.8,skip,attack_already_active,1785296340.9076638,1785296340907663940,1385009124362204,39.7,53.3671875,-1.0,0,0
2026-07-28T23:39:00.908,10.42.0.47,10.42.0.1|10.42.0.47,92,3,UPLOAD,0.95,UPLOAD,0.95,1,5792,100.0,10,0.0,62264.0,0,10,0.0,1.0,0.0854833798982276,1,0,1,1,1,1,1,1,0.9699999999999999,1.0,1.0,1.0,0.8,skip,attack_already_active,1785296340.9086049,1785296340908604958,1385009125303460,39.7,53.3671875,-1.0,0,0
2026-07-28T23:39:00.909,10.42.0.47,10.42.0.1|10.42.0.47,92,3,UPLOAD,0.95,UPLOAD,0.95,1,1448,100.0,11,0.0,63712.0,0,11,0.0,1.0,0.07437581466009646,1,0,1,1,1,1,1,1,0.9699999999999999,1.0,1.0,1.0,0.8,skip,attack_already_active,1785296340.909796,1785296340909796160,1385009126494483,39.7,53.3671875,-1.0,0,0
2026-07-28T23:39:00.910,10.42.0.47,10.42.0.1|10.42.0.47,92,3,UPLOAD,0.95,UPLOAD,0.95,1,4344,100.0,12,0.0,68056.0,0,12,0.0,1.0,0.06465808043147785,1,0,1,1,1,1,1,1,0.9699999999999999,1.0,1.0,1.0,0.8,skip,attack_already_active,1785296340.9104266,1785296340910426551,1385009127124623,39.7,53.3671875,-1.0,0,0
2026-07-28T23:39:00.911,10.42.0.47,10.42.0.1|10.42.0.47,92,3,UPLOAD,0.95,UPLOAD,0.95,1,4344,100.0,13,0.0,72400.0,0,13,0.0,1.0,0.056252784212488666,1,0,1,1,1,1,1,1,0.9699999999999999,1.0,1.0,1.0,0.8,skip,attack_already_active,1785296340.9112992,1785296340911299352,1385009127997368,39.7,53.3671875,-1.0,0,0
2026-07-28T23:39:00.911,10.42.0.47,10.42.0.1|10.42.0.47,92,3,UPLOAD,0.95,UPLOAD,0.95,1,1448,100.0,14,0.0,73848.0,0,14,0.0,1.0,0.04891999811080043,1,0,1,1,1,1,1,1,0.9699999999999999,1.0,1.0,1.0,0.8,skip,attack_already_active,1785296340.9119055,1785296340911905617,1385009128603598,39.7,53.3671875,-1.0,0,0
2026-07-28T23:39:00.912,10.42.0.47,10.42.0.1|10.42.0.47,92,3,UPLOAD,0.95,UPLOAD,0.95,1,5681,100.0,15,0.0,79529.0,0,15,0.0,1.0,0.042599072768211496,1,0,1,1,1,1,1,1,0.9699999999999999,1.0,1.0,1.0,0.8,skip,attack_already_active,1785296340.9128578,1785296340912857760,1385009129555799,39.7,53.3671875,-1.0,0,0
2026-07-28T23:39:00.913,10.42.0.1,10.42.0.1|10.42.0.47,92,3,UPLOAD,0.9824597376275154,UPLOAD,0.9824597376275154,1,7240,100.0,10,0.0,86783.0,0,10,0.0,1.0,0.15004109111941186,1,0,1,1,1,1,1,1,0.9699999999999999,1.0,1.0,1.0,0.8,skip,attack_already_active,1785296340.9137409,1785296340913740801,1385009130438890,39.7,53.3671875,-1.0,0,0
2026-07-28T23:39:00.914,10.42.0.1,10.42.0.1|10.42.0.47,92,3,UPLOAD,0.9822427326641195,UPLOAD,0.9822427326641195,1,7240,100.0,11,0.0,94023.0,0,11,0.0,1.0,0.1303507516482867,1,0,1,1,1,1,1,1,0.9699999999999999,1.0,1.0,1.0,0.8,skip,attack_already_active,1785296340.9143574,1785296340914357428,1385009131055424,39.7,53.3671875,-1.0,0,0
2026-07-28T23:39:00.918,10.42.0.1,10.42.0.1|10.42.0.47,92,3,UPLOAD,0.9823319553769113,UPLOAD,0.9823319553769113,1,14480,100.0,12,0.0,108503.0,0,12,0.0,1.0,0.11372965726093817,1,0,1,1,1,1,1,1,0.9699999999999999,1.0,1.0,1.0,0.8,skip,attack_already_active,1785296340.9185753,1785296340918575374,1385009135273677,39.7,53.3671875,-1.0,0,0
2026-07-28T23:39:00.919,10.42.0.1,10.42.0.1|10.42.0.47,92,3,UPLOAD,0.9823101288968882,UPLOAD,0.9823101288968882,1,14480,100.0,13,0.0,122983.0,0,13,0.0,1.0,0.09883017560145299,1,0,1,1,1,1,1,1,0.9699999999999999,1.0,1.0,1.0,0.8,skip,attack_already_active,1785296340.919237,1785296340919236797,1385009135934926,39.7,53.3671875,-1.0,0,0
2026-07-28T23:39:00.921,10.42.0.1,10.42.0.1|10.42.0.47,92,3,UPLOAD,0.982196404908624,UPLOAD,0.982196404908624,1,8688,100.0,14,0.0,131671.0,0,14,0.0,1.0,0.08604970742675366,1,0,1,1,1,1,1,1,0.9699999999999999,1.0,1.0,1.0,0.8,skip,attack_already_active,1785296340.9210796,1785296340921079506,1385009137777680,39.7,53.3671875,-1.0,0,0
2026-07-28T23:39:00.921,10.42.0.1,10.42.0.1|10.42.0.47,92,3,UPLOAD,0.9821298231234002,UPLOAD,0.9821298231234002,1,8688,100.0,15,0.0,140359.0,0,15,0.0,1.0,0.07479902456948098,1,0,1,1,1,1,1,1,0.9699999999999999,1.0,1.0,1.0,0.8,skip,attack_already_active,1785296340.921751,1785296340921751007,1385009138448998,39.7,53.3671875,-1.0,0,0
2026-07-28T23:39:00.923,10.42.0.1,10.42.0.1|10.42.0.47,92,3,UPLOAD,0.9816550321614622,UPLOAD,0.9816550321614622,1,15928,100.0,16,0.0,156287.0,0,16,0.0,1.0,0.065142677868792,1,0,1,1,1,1,1,1,0.9699999999999999,1.0,1.0,1.0,0.8,skip,attack_already_active,1785296340.9232707,1785296340923270530,1385009139968890,39.7,53.3671875,-1.0,0,0
2026-07-28T23:39:00.924,10.42.0.1,10.42.0.1|10.42.0.47,92,3,UPLOAD,0.9807449443197659,UPLOAD,0.9807449443197659,1,2785,100.0,17,0.0,159072.0,0,17,0.0,1.0,0.056712261834750304,1,0,1,1,1,1,1,1,0.9699999999999999,1.0,1.0,1.0,0.8,skip,attack_already_active,1785296340.9244373,1785296340924437241,1385009141135444,39.7,53.3671875,-1.0,0,0
2026-07-28T23:39:01.243,10.42.0.1,,93,1,DOWNLOAD,0.9771529072109792,DOWNLOAD,0.9771529072109792,-1,1448,100.0,18,1448.0,159072.0,1,17,0.009020682780961874,0.9909793172190381,0.11706101940404237,0,0,0,0,1,0,0,0,0.44,0.8500000000000001,0.0,0.6000000000000001,0.15,skip,training_upload_trigger_not_confirmed,1785296341.2432327,1785296341243232871,1385009459931523,39.7,53.3671875,-1.0,0,0
2026-07-28T23:39:01.247,10.42.0.1,,93,1,DOWNLOAD,0.95,DOWNLOAD,0.95,-1,2896,36.618784522187205,19,4344.0,159072.0,2,17,0.0265824643853723,0.9734175356146277,0.10218649121874838,0,0,0,0,1,0,0,0,0.44,0.8500000000000001,0.0,0.6000000000000001,0.15,skip,training_upload_trigger_not_confirmed,1785296341.247415,1785296341247415072,1385009464114159,39.7,53.3671875,-1.0,0,0
2026-07-28T23:39:01.248,10.42.0.1,,93,1,DOWNLOAD,0.95,DOWNLOAD,0.95,-1,2896,21.97127071533546,20,7240.0,159072.0,3,17,0.04353263745249892,0.9564673625475011,0.08889802096496796,0,0,0,0,1,0,0,0,0.44,0.8500000000000001,0.0,0.6000000000000001,0.15,skip,training_upload_trigger_not_confirmed,1785296341.248759,1785296341248758944,1385009465458959,39.7,53.3671875,-1.0,0,0
2026-07-28T23:39:01.249,10.42.0.1,,93,1,DOWNLOAD,0.95,DOWNLOAD,0.95,-1,2896,15.693764797287514,21,10136.0,159072.0,4,17,0.0599026050777741,0.9400973949222259,0.0773378541457116,0,0,0,0,1,0,0,0,0.44,0.8500000000000001,0.0,0.6000000000000001,0.15,skip,training_upload_trigger_not_confirmed,1785296341.2499301,1785296341249930304,1385009466628680,39.7,53.3671875,-1.0,0,0
2026-07-28T23:39:01.250,10.42.0.1,,93,1,DOWNLOAD,0.95,DOWNLOAD,0.95,-1,1448,13.732044197795922,22,11584.0,159072.0,5,17,0.0678792424526533,0.9321207575473467,0.06727240084241164,0,0,0,0,1,0,0,0,0.44,0.8500000000000001,0.0,0.6000000000000001,0.15,skip,training_upload_trigger_not_confirmed,1785296341.250884,1785296341250884180,1385009467582570,39.7,53.3671875,-1.0,0,0
2026-07-28T23:39:01.251,10.42.0.1,,93,1,DOWNLOAD,0.95,DOWNLOAD,0.95,-1,1448,12.20626150926901,23,13032.0,159072.0,6,17,0.07572165667270953,0.9242783433272905,0.05852737939723588,0,0,0,0,1,0,0,0,0.44,0.8500000000000001,0.0,0.6000000000000001,0.15,skip,training_upload_trigger_not_confirmed,1785296341.251793,1785296341251792839,1385009468491160,39.7,53.3671875,-1.0,0,0
2026-07-28T23:39:01.255,10.42.0.1,,93,1,DOWNLOAD,0.95,DOWNLOAD,0.95,-1,4344,9.154696132127377,24,17376.0,159072.0,7,17,0.0984766050054407,0.9015233949945594,0.051292542205592685,0,0,0,0,1,0,0,0,0.44,0.8500000000000001,0.0,0.6000000000000001,0.15,skip,training_upload_trigger_not_confirmed,1785296341.255417,1785296341255417044,1385009472115338,39.7,53.3671875,-1.0,0,0
2026-07-28T23:39:01.256,10.42.0.1,,93,1,DOWNLOAD,0.95,DOWNLOAD,0.95,-1,4344,7.323756905786199,25,21720.0,159072.0,8,17,0.12013805920615957,0.8798619407938404,0.044655488784778666,0,0,0,0,1,0,0,0,0.44,0.8500000000000001,0.0,0.6000000000000001,0.15,skip,training_upload_trigger_not_confirmed,1785296341.256343,1785296341256342799,1385009473041151,39.7,53.3671875,-1.0,0,0
2026-07-28T23:39:01.257,10.42.0.1,,93,1,DOWNLOAD,0.95,DOWNLOAD,0.95,-1,4344,6.103130754868665,26,26064.0,159072.0,9,17,0.14078299196266528,0.8592170080373347,0.03888976213471974,0,0,0,0,1,0,0,0,0.44,0.8500000000000001,0.0,0.6000000000000001,0.15,skip,training_upload_trigger_not_confirmed,1785296341.2572439,1785296341257243806,1385009473942397,39.7,53.3671875,-1.0,0,0
2026-07-28T23:39:01.259,10.42.0.1,,93,1,DOWNLOAD,0.95,DOWNLOAD,0.95,-1,4344,5.2312549327732425,27,30408.0,159072.0,10,17,0.1604813172894237,0.8395186827105763,0.03404158964379311,0,0,0,0,1,0,0,0,0.4,0.8500000000000001,0.0,0.4,0.15,skip,training_upload_trigger_not_confirmed,1785296341.2593422,1785296341259342137,1385009476040615,39.7,53.3671875,-1.0,0,0
2026-07-28T23:39:01.260,10.42.0.1,,93,1,DOWNLOAD,0.95,DOWNLOAD,0.95,-1,5792,4.394254143552645,28,36200.0,159072.0,11,17,0.18538244090294564,0.8146175590970544,0.029675697779103675,0,0,0,0,1,0,0,0,0.4,0.8500000000000001,0.0,0.4,0.15,skip,training_upload_trigger_not_confirmed,1785296341.2602522,1785296341260252245,1385009476950521,39.7,53.3671875,-1.0,0,0
2026-07-28T23:39:01.261,10.42.0.1,,93,1,DOWNLOAD,0.95,DOWNLOAD,0.95,-1,7240,3.661878452977397,29,43440.0,159072.0,12,17,0.21450580706328515,0.7854941929367149,0.025888354996273545,0,0,0,0,1,0,0,0,0.4,0.8500000000000001,0.0,0.4,0.15,skip,training_upload_trigger_not_confirmed,1785296341.2611868,1785296341261186891,1385009477885165,39.7,53.3671875,-1.0,0,0
2026-07-28T23:39:01.262,10.42.0.1,,93,1,DOWNLOAD,0.95,DOWNLOAD,0.95,-1,7240,3.1387529597052337,30,50680.0,159072.0,13,17,0.24161867348106336,0.7583813265189366,0.02259411797526139,0,0,0,0,1,0,0,0,0.4,0.8500000000000001,0.0,0.4,0.15,skip,training_upload_trigger_not_confirmed,1785296341.2620761,1785296341262076178,1385009478774596,39.7,53.3671875,-1.0,0,0
2026-07-28T23:39:01.262,10.42.0.1,,93,1,DOWNLOAD,0.95,DOWNLOAD,0.95,-1,5792,2.8168295792283464,31,56472.0,159072.0,14,17,0.2619975503841443,0.7380024496158557,0.019736239346429416,0,0,0,0,1,0,0,0,0.32,0.8500000000000001,0.0,0.0,0.15,skip,training_upload_trigger_not_confirmed,1785296341.2629826,1785296341262982617,1385009479680946,39.7,53.3671875,-1.0,0,0
2026-07-28T23:39:01.263,10.42.0.1,,93,1,DOWNLOAD,0.95,DOWNLOAD,0.95,-1,8688,2.4412523020036643,32,65160.0,159072.0,15,17,0.2905918869742053,0.7094081130257948,0.01725351095161708,0,0,0,0,1,0,0,0,0.32,0.8500000000000001,0.0,0.0,0.15,skip,training_upload_trigger_not_confirmed,1785296341.263878,1785296341263878159,1385009480576297,39.7,53.3671875,-1.0,0,0
2026-07-28T23:39:01.264,10.42.0.1,,93,1,DOWNLOAD,0.95,DOWNLOAD,0.95,-1,10136,2.1126221844306126,33,75296.0,159072.0,16,17,0.3212725286728564,0.6787274713271436,0.015096089140759975,0,0,0,0,1,0,0,0,0.32,0.8500000000000001,0.0,0.0,0.15,skip,training_upload_trigger_not_confirmed,1785296341.2647595,1785296341264759587,1385009481457900,39.7,53.3671875,-1.0,0,0
2026-07-28T23:39:01.266,10.42.0.1,,93,1,DOWNLOAD,0.95,DOWNLOAD,0.95,-1,14480,1.7718766708165672,34,89776.0,159072.0,17,17,0.3607664116247669,0.639233588375233,0.01328472721182495,0,0,0,0,1,0,0,0,0.32,0.8500000000000001,0.0,0.0,0.15,skip,training_upload_trigger_not_confirmed,1785296341.2661097,1785296341266109743,1385009482808192,39.7,53.3671875,-1.0,0,0
2026-07-28T23:39:01.267,10.42.0.1,,93,1,DOWNLOAD,0.95,DOWNLOAD,0.95,-1,4344,1.6900977475489791,35,94120.0,159072.0,18,17,0.3717337040664792,0.6282662959335208,0.011660940296277589,0,0,0,0,1,0,0,0,0.32,0.8500000000000001,0.0,0.0,0.15,skip,training_upload_trigger_not_confirmed,1785296341.267072,1785296341267072127,1385009483770430,39.7,53.3671875,-1.0,0,0
2026-07-28T23:39:01.267,10.42.0.1,,93,1,DOWNLOAD,0.95,DOWNLOAD,0.95,-1,14480,1.4647513812111903,36,108600.0,159072.0,19,17,0.4057204339639559,0.5942795660360441,0.01024468645522061,0,0,0,0,1,0,0,0,0.32,0.8500000000000001,0.0,0.0,0.15,skip,training_upload_trigger_not_confirmed,1785296341.2679853,1785296341267985506,1385009484684115,39.7,53.3671875,-1.0,0,0
2026-07-28T23:39:01.268,10.42.0.1,,93,1,DOWNLOAD,0.95,DOWNLOAD,0.95,-1,11584,1.3235705251920094,37,120184.0,159072.0,20,17,0.4303721316641361,0.5696278683358639,0.009022033392654748,0,0,0,0,1,0,0,0,0.32,0.8500000000000001,0.0,0.0,0.15,skip,training_upload_trigger_not_confirmed,1785296341.2689517,1785296341268951506,1385009485649680,39.7,53.3671875,-1.0,0,0
2026-07-28T23:39:01.269,10.42.0.1,,93,1,DOWNLOAD,0.95,DOWNLOAD,0.95,-1,11584,1.2072126768243638,38,131768.0,159072.0,21,17,0.4530601017741714,0.5469398982258287,0.007957227369832546,0,0,0,0,1,0,0,0,0.32,0.8500000000000001,0.0,0.0,0.15,skip,training_upload_trigger_not_confirmed,1785296341.2698932,1785296341269893244,1385009486591548,39.7,53.3671875,-1.0,0,0
2026-07-28T23:39:01.271,10.42.0.1,,93,1,DOWNLOAD,0.95,DOWNLOAD,0.95,-1,17376,1.0665665397195558,39,149144.0,159072.0,22,17,0.4838944117112674,0.5161055882887325,0.007093936849206219,0,0,0,0,1,0,0,0,0.30250000000000005,0.8000000000000002,0.0,0.0,0.15,skip,training_upload_trigger_not_confirmed,1785296341.2712991,1785296341271299038,1385009487997388,39.7,53.3671875,-1.0,0,0
2026-07-28T23:39:01.272,10.42.0.1,,93,1,DOWNLOAD,0.95,DOWNLOAD,0.95,-1,2896,1.046250986582174,40,152040.0,159072.0,23,17,0.4886986037182751,0.5113013962817249,0.0062838330738003165,0,0,0,0,1,0,0,0,0.30250000000000005,0.8000000000000002,0.0,0.0,0.15,skip,training_upload_trigger_not_confirmed,1785296341.2722454,1785296341272245433,1385009488943639,39.7,53.3671875,-1.0,0,0
2026-07-28T23:39:01.273,10.42.0.1,,93,1,DOWNLOAD,0.95,DOWNLOAD,0.95,-1,17376,0.9389431930871999,41,169416.0,159072.0,24,17,0.5157448673924162,0.48425513260758385,0.005646048577181821,0,0,0,0,1,0,0,0,0.30250000000000005,0.8000000000000002,0.0,0.0,0.15,skip,training_upload_trigger_not_confirmed,1785296341.2736893,1785296341273689346,1385009490387697,39.7,53.3671875,-1.0,0,0
2026-07-28T23:39:01.275,10.42.0.1,,93,1,DOWNLOAD,0.95,DOWNLOAD,0.95,-1,17376,0.8515996402423466,42,186792.0,159072.0,25,17,0.5400735549233224,0.4599264450766775,0.00509215070639813,0,0,0,0,0,0,0,0,0.039999999999999994,0.05,0.0,0.0,0.15,skip,training_upload_trigger_not_confirmed,1785296341.275132,1785296341275131798,1385009491830101,39.7,53.3671875,-1.0,0,0
2026-07-28T23:39:01.276,10.42.0.1,,93,1,DOWNLOAD,0.95,DOWNLOAD,0.95,-1,17376,0.7791230751156933,43,204168.0,159072.0,26,17,0.5620746613809052,0.43792533861909483,0.004552366072762021,0,0,0,0,0,0,0,0,0.0225,0.0,0.0,0.0,0.15,skip,training_upload_trigger_not_confirmed,1785296341.2761278,1785296341276127637,1385009492826033,39.7,53.3671875,-1.0,0,0
2026-07-28T23:39:01.277,10.42.0.1,,93,1,DOWNLOAD,0.95,DOWNLOAD,0.95,-1,18824,0.7133529453984297,44,222992.0,159072.0,27,17,0.5836509066543825,0.4163490933456175,0.004093105099484456,0,0,0,0,0,0,0,0,0.0225,0.0,0.0,0.0,0.15,skip,training_upload_trigger_not_confirmed,1785296341.277195,1785296341277194901,1385009493893256,39.7,53.3671875,-1.0,0,0
2026-07-28T23:39:01.278,10.42.0.1,,93,1,DOWNLOAD,0.95,DOWNLOAD,0.95,-1,6784,0.6922916231473597,45,229776.0,159072.0,28,17,0.5909147018886557,0.40908529811134425,0.003688770685268793,0,0,0,0,0,0,0,0,0.0225,0.0,0.0,0.0,0.15,skip,training_upload_trigger_not_confirmed,1785296341.2782197,1785296341278219773,1385009494918110,39.7,53.3671875,-1.0,0,0
2026-07-28T23:39:01.279,10.42.0.59,,37,2,TRAINING,0.95,TRAINING,0.95,-1,7300,1.3698630135109776e-10,1,7300.0,0.0,1,0,1.0,0.0,0.8683992727303949,0,0,0,0,0,0,0,0,0.0225,0.0,0.0,0.0,0.15,skip,already_attacked_this_round,1785296341.279665,1785296341279664822,1385009496363401,39.7,53.3671875,-1.0,0,0
2026-07-28T23:39:01.280,10.42.0.1,,93,1,DOWNLOAD,0.95,DOWNLOAD,0.95,-1,6784,0.6724382820439955,46,236560.0,159072.0,29,17,0.5979293889270838,0.40207061107291625,0.0035342649886523324,0,0,0,0,0,0,0,0,0.0225,0.0,0.0,0.0,0.15,skip,training_upload_trigger_not_confirmed,1785296341.280736,1785296341280735966,1385009497434357,58.0,53.3671875,-1.0,0,0
2026-07-28T23:39:01.282,10.42.0.18,,65,1,DOWNLOAD,0.95,DOWNLOAD,0.95,-1,7300,1.3698630135109776e-10,1,7300.0,0.0,1,0,1.0,0.0,0.44583035258249043,0,0,0,0,0,0,0,0,0.0225,0.0,0.0,0.0,0.15,skip,training_upload_trigger_not_confirmed,1785296341.282202,1785296341282202141,1385009498900321,58.0,53.3671875,-1.0,0,0
2026-07-28T23:39:01.283,10.42.0.18,,65,1,DOWNLOAD,0.95,DOWNLOAD,0.95,-1,7300,6.84931506802402e-11,2,14600.0,0.0,2,0,1.0,0.0,0.3872156044354376,0,0,0,0,0,0,0,0,0.0225,0.0,0.0,0.0,0.15,skip,training_upload_trigger_not_confirmed,1785296341.2832212,1785296341283221228,1385009499919384,58.0,53.3671875,-1.0,0,0
2026-07-28T23:39:01.284,10.42.0.1,,93,1,DOWNLOAD,0.95,DOWNLOAD,0.95,-1,16920,0.6275524696243193,47,253480.0,159072.0,30,17,0.6144195156004576,0.38558048439954234,0.003534366097052535,0,0,0,0,0,0,0,0,0.0225,0.0,0.0,0.0,0.15,skip,training_upload_trigger_not_confirmed,1785296341.284271,1785296341284271011,1385009500969815,58.0,53.3671875,-1.0,0,0
2026-07-28T23:39:01.285,10.42.0.210,,92,1,DOWNLOAD,0.9820247947408883,DOWNLOAD,0.9820247947408883,-1,7240,5.399999999392265,28,7240.0,39096.0,1,27,0.15625,0.84375,0.0996465785484979,0,0,0,0,0,0,0,0,0.057499999999999996,0.1,0.0,0.0,0.15,skip,training_upload_trigger_not_confirmed,1785296341.2858431,1785296341285843088,1385009502541835,58.0,53.3671875,-1.0,0,0
2026-07-28T23:39:01.286,10.42.0.210,,92,1,DOWNLOAD,0.95,DOWNLOAD,0.95,-1,7240,2.6999999998825968,29,14480.0,39096.0,2,27,0.2702702702702703,0.7297297297297297,0.0866605067665113,0,0,0,0,0,0,0,0,0.057499999999999996,0.1,0.0,0.0,0.15,skip,training_upload_trigger_not_confirmed,1785296341.286942,1785296341286942067,1385009503640338,58.0,53.3671875,-1.0,0,0
2026-07-28T23:39:01.287,10.42.0.1,,93,1,DOWNLOAD,0.95,DOWNLOAD,0.95,-1,24160,0.5729433799179767,48,277640.0,159072.0,31,17,0.6357507922841598,0.3642492077158402,0.003559148022492626,0,0,0,0,0,0,0,0,0.0225,0.0,0.0,0.0,0.15,skip,training_upload_trigger_not_confirmed,1785296341.2879934,1785296341287993255,1385009504691826,58.0,53.3671875,-1.0,0,0
2026-07-28T23:39:01.289,10.42.0.210,,92,1,DOWNLOAD,0.9557926560077417,DOWNLOAD,0.9557926560077417,-1,10136,1.5882352940937505,30,24616.0,39096.0,3,27,0.38636363636363635,0.6136363636363636,0.07559402843327218,0,0,0,0,0,0,0,0,0.057499999999999996,0.1,0.0,0.0,0.15,skip,training_upload_trigger_not_confirmed,1785296341.289622,1785296341289622101,1385009506320565,58.0,53.3671875,-1.0,0,0
2026-07-28T23:39:01.291,10.42.0.210,,92,1,DOWNLOAD,0.9846998846180315,DOWNLOAD,0.9846998846180315,-1,14480,1.0,31,39096.0,39096.0,4,27,0.5,0.5,0.06589528422174429,0,0,0,0,0,0,0,0,0.039999999999999994,0.05,0.0,0.0,0.15,skip,training_upload_trigger_not_confirmed,1785296341.291615,1785296341291614998,1385009508313739,58.0,53.3671875,-1.0,0,0
2026-07-28T23:39:01.292,10.42.0.210,,92,1,DOWNLOAD,0.9854895428954357,DOWNLOAD,0.9854895428954357,-1,4344,0.9000000000023021,32,43440.0,39096.0,5,27,0.5263157894736842,0.47368421052631576,0.057354886271662235,0,0,0,0,0,0,0,0,0.039999999999999994,0.05,0.0,0.0,0.15,skip,training_upload_trigger_not_confirmed,1785296341.2926996,1785296341292699602,1385009509397844,58.0,53.3671875,-1.0,0,0
2026-07-28T23:39:01.294,10.42.0.145,,41,1,DOWNLOAD,0.95,DOWNLOAD,0.95,-1,14600,6.84931506802402e-11,1,14600.0,0.0,1,0,1.0,0.0,0.4353192343673407,0,0,0,0,0,0,0,0,0.0225,0.0,0.0,0.0,0.15,skip,training_upload_trigger_not_confirmed,1785296341.2941527,1785296341294152812,1385009510851076,58.0,53.3671875,-1.0,0,0
2026-07-28T23:39:01.295,10.42.0.145,,41,1,DOWNLOAD,0.95,DOWNLOAD,0.95,-1,14600,3.424657534129292e-11,2,29200.0,0.0,2,0,1.0,0.0,0.37808791811292736,0,0,0,0,0,0,0,0,0.0225,0.0,0.0,0.0,0.15,skip,training_upload_trigger_not_confirmed,1785296341.2951593,1785296341295159305,1385009511857702,58.0,53.3671875,-1.0,0,0
2026-07-28T23:39:01.297,10.42.0.59,,37,2,TRAINING,0.95,TRAINING,0.95,-1,14600,4.566210045453598e-11,2,21900.0,0.0,2,0,1.0,0.0,0.7562995448901643,0,0,0,0,0,0,0,0,0.0225,0.0,0.0,0.0,0.15,skip,already_attacked_this_round,1785296341.2973704,1785296341297370338,1385009514068992,58.0,53.3671875,-1.0,0,0
2026-07-28T23:39:01.298,10.42.0.59,,37,2,TRAINING,0.95,TRAINING,0.95,-1,14600,2.739726027322199e-11,3,36500.0,0.0,3,0,1.0,0.0,0.6567734807840099,0,0,0,0,0,0,0,0,0.0225,0.0,0.0,0.0,0.15,skip,already_attacked_this_round,1785296341.2983942,1785296341298394041,1385009515092336,58.0,53.3671875,-1.0,0,0
2026-07-28T23:39:01.299,10.42.0.210,,92,1,DOWNLOAD,0.9855083405864443,DOWNLOAD,0.9855083405864443,-1,14480,0.6750000000056112,33,57920.0,39096.0,6,27,0.5970149253731343,0.40298507462686567,0.05075068567260114,0,0,0,0,0,0,0,0,0.0225,0.0,0.0,0.0,0.15,skip,training_upload_trigger_not_confirmed,1785296341.299937,1785296341299937099,1385009516635374,58.0,53.3671875,-1.0,0,0
2026-07-28T23:39:01.301,10.42.0.210,,92,1,DOWNLOAD,0.9855087208476458,DOWNLOAD,0.9855087208476458,-1,20272,0.5000000000063946,34,78192.0,39096.0,7,27,0.6666666666666666,0.3333333333333333,0.04431180464687831,0,0,0,0,0,0,0,0,0.0225,0.0,0.0,0.0,0.15,skip,training_upload_trigger_not_confirmed,1785296341.3018248,1785296341301824872,1385009518523269,58.0,53.3671875,-1.0,0,0
2026-07-28T23:39:01.303,10.42.0.210,,92,1,DOWNLOAD,0.9855087261970161,DOWNLOAD,0.9855087261970161,-1,992,0.4937361083111016,35,79184.0,39096.0,8,27,0.6694622928643896,0.3305377071356104,0.03867474878771538,0,0,0,0,0,0,0,0,0.0225,0.0,0.0,0.0,0.15,skip,training_upload_trigger_not_confirmed,1785296341.3033586,1785296341303358544,1385009520056894,58.0,53.3671875,-1.0,0,0
2026-07-28T23:39:01.305,10.42.0.18,,65,1,DOWNLOAD,0.95,DOWNLOAD,0.95,-1,10220,4.029008863657171e-11,3,24820.0,0.0,3,0,1.0,0.0,0.33914585351480486,0,0,0,0,0,0,0,0,0.0225,0.0,0.0,0.0,0.15,skip,training_upload_trigger_not_confirmed,1785296341.3056488,1785296341305649022,1385009522347321,58.0,53.3671875,-1.0,0,0
2026-07-28T23:39:01.306,10.42.0.18,,65,1,DOWNLOAD,0.95,DOWNLOAD,0.95,-1,14600,2.536783358636814e-11,4,39420.0,0.0,4,0,1.0,0.0,0.2945899326574526,0,0,0,0,0,0,0,0,0.0225,0.0,0.0,0.0,0.15,skip,training_upload_trigger_not_confirmed,1785296341.306672,1785296341306672143,1385009523370427,58.0,53.3671875,-1.0,0,0
2026-07-28T23:39:01.308,10.42.0.59,,37,2,TRAINING,0.95,TRAINING,0.95,-1,26280,1.5928639693916397e-11,4,62780.0,0.0,4,0,1.0,0.0,0.5715069183435403,0,0,0,0,0,0,0,0,0.0225,0.0,0.0,0.0,0.15,skip,already_attacked_this_round,1785296341.3081033,1785296341308103389,1385009524801676,58.0,53.3671875,-1.0,0,0
2026-07-28T23:39:01.309,10.42.0.59,,37,2,TRAINING,0.95,TRAINING,0.95,-1,9104,1.3911301541178688e-11,5,71884.0,0.0,5,0,1.0,0.0,0.4963346634272551,0,0,0,0,0,0,0,0,0.0225,0.0,0.0,0.0,0.15,skip,already_attacked_this_round,1785296341.3091488,1785296341309148570,1385009525846960,58.0,53.3671875,-1.0,0,0
2026-07-28T23:39:01.310,10.42.0.145,,41,1,DOWNLOAD,0.95,DOWNLOAD,0.95,-1,24820,1.8511662346936104e-11,3,54020.0,0.0,3,0,1.0,0.0,0.33029772909410576,0,0,0,0,0,0,0,0,0.0225,0.0,0.0,0.0,0.15,skip,training_upload_trigger_not_confirmed,1785296341.3105807,1785296341310580655,1385009527279013,58.0,53.3671875,-1.0,0,0
2026-07-28T23:39:01.311,10.42.0.145,,41,1,DOWNLOAD,0.9531170050615219,DOWNLOAD,0.9531170050615219,-1,10564,1.5483711135645304e-11,4,64584.0,0.0,4,0,1.0,0.0,0.2869009161210665,0,0,0,0,0,0,0,0,0.0225,0.0,0.0,0.0,0.15,skip,training_upload_trigger_not_confirmed,1785296341.311552,1785296341311552047,1385009528250172,58.0,53.3671875,-1.0,0,0
2026-07-28T23:39:01.313,10.42.0.47,,93,1,DOWNLOAD,0.95,DOWNLOAD,0.95,-1,2896,27.461671261580914,16,2896.0,79529.0,1,15,0.0351349711859266,0.9648650288140734,0.04481537309778565,0,0,0,0,0,0,0,0,0.057499999999999996,0.1,0.0,0.0,0.15,skip,training_upload_trigger_not_confirmed,1785296341.3138566,1785296341313856463,1385009530554719,58.0,53.3671875,-1.0,0,0
2026-07-28T23:39:01.316,10.42.0.47,,93,1,DOWNLOAD,0.9829981496648164,DOWNLOAD,0.9829981496648164,-1,8688,6.86541781717322,17,11584.0,79529.0,2,15,0.12713882760967152,0.8728611723903285,0.03923348259237447,0,0,0,0,0,0,0,0,0.057499999999999996,0.1,0.0,0.0,0.15,skip,training_upload_trigger_not_confirmed,1785296341.3163126,1785296341316312623,1385009533011094,58.0,53.3671875,-1.0,0,0
2026-07-28T23:39:01.320,10.42.0.18,,65,1,DOWNLOAD,0.95,DOWNLOAD,0.95,-1,4380,2.2831050227789245e-11,5,43800.0,0.0,5,0,1.0,0.0,0.25754357776350145,0,0,0,0,0,0,0,0,0.0225,0.0,0.0,0.0,0.15,skip,training_upload_trigger_not_confirmed,1785296341.3201275,1785296341320127406,1385009536825989,58.0,53.3671875,-1.0,0,0
2026-07-28T23:39:01.322,10.42.0.18,,65,1,DOWNLOAD,0.9521718817992618,DOWNLOAD,0.9521718817992618,-1,14600,1.7123287670939668e-11,6,58400.0,0.0,6,0,1.0,0.0,0.22396815317702928,0,0,0,0,0,0,0,0,0.0225,0.0,0.0,0.0,0.15,skip,training_upload_trigger_not_confirmed,1785296341.3228765,1785296341322876330,1385009539574737,58.0,53.3671875,-1.0,0,0
2026-07-28T23:39:01.323,10.42.0.18,,65,1,DOWNLOAD,0.9616413648952808,DOWNLOAD,0.9616413648952808,-1,20784,1.2628813901638856e-11,7,79184.0,0.0,7,0,1.0,0.0,0.19454623080331374,0,0,0,0,0,0,0,0,0.0225,0.0,0.0,0.0,0.15,skip,training_upload_trigger_not_confirmed,1785296341.3235698,1785296341323569537,1385009540267662,58.0,53.3671875,-1.0,0,0
2026-07-28T23:39:01.355,10.42.0.47,,93,1,DOWNLOAD,0.9842257140988042,DOWNLOAD,0.9842257140988042,-1,2896,5.492334253833402,18,14480.0,79529.0,3,15,0.15402780584837622,0.8459721941516238,0.039174632843351015,0,0,0,0,0,0,0,0,0.057499999999999996,0.1,0.0,0.0,0.15,skip,training_upload_trigger_not_confirmed,1785296341.3550994,1785296341355099292,1385009571798287,58.0,53.3671875,-1.0,0,0
2026-07-28T23:39:01.428,10.42.0.47,,93,1,DOWNLOAD,0.9842586901286671,DOWNLOAD,0.9842586901286671,-1,1448,4.9930311398798946,19,15928.0,79529.0,4,15,0.16686047120693087,0.8331395287930692,0.04371064739124031,0,0,0,0,0,0,0,0,0.057499999999999996,0.1,0.0,0.0,0.15,skip,training_upload_trigger_not_confirmed,1785296341.4286966,1785296341428696543,1385009645395571,58.0,53.3671875,-1.0,0,0
2026-07-28T23:39:01.429,10.42.0.47,,93,1,DOWNLOAD,0.9842595481342594,DOWNLOAD,0.9842595481342594,-1,1448,4.576945211580516,20,17376.0,79529.0,5,15,0.1793096331458645,0.8206903668541355,0.03809638291312496,0,0,0,0,0,0,0,0,0.057499999999999996,0.1,0.0,0.0,0.15,skip,training_upload_trigger_not_confirmed,1785296341.4298022,1785296341429802192,1385009646500657,58.0,53.3671875,-1.0,0,0
2026-07-28T23:39:01.430,10.42.0.47,,93,1,DOWNLOAD,0.9842595696464124,DOWNLOAD,0.9842595696464124,-1,1448,4.224872503016103,21,18824.0,79529.0,6,15,0.19139223002857056,0.8086077699714295,0.03321304400695055,0,0,0,0,0,0,0,0,0.057499999999999996,0.1,0.0,0.0,0.15,skip,training_upload_trigger_not_confirmed,1785296341.4308403,1785296341430840223,1385009647538613,58.0,53.3671875,-1.0,0,0
2026-07-28T23:39:01.431,10.42.0.47,,93,1,DOWNLOAD,0.9842595701605352,DOWNLOAD,0.9842595701605352,-1,1448,3.923095895672696,22,20272.0,79529.0,7,15,0.2031242171922125,0.7968757828077875,0.028950709574214077,0,0,0,0,0,0,0,0,0.057499999999999996,0.1,0.0,0.0,0.15,skip,training_upload_trigger_not_confirmed,1785296341.4317076,1785296341431707712,1385009648405901,58.0,53.3671875,-1.0,0,0
2026-07-28T23:39:01.432,10.42.0.47,,93,1,DOWNLOAD,0.9827953006610581,DOWNLOAD,0.9827953006610581,-1,4344,3.230784855287992,23,24616.0,79529.0,8,15,0.2363627634547986,0.7636372365452014,0.025225881953788217,0,0,0,0,0,0,0,0,0.057499999999999996,0.1,0.0,0.0,0.15,skip,training_upload_trigger_not_confirmed,1785296341.4323916,1785296341432391721,1385009649089958,58.0,53.3671875,-1.0,0,0
2026-07-28T23:39:01.434,10.42.0.47,,93,1,DOWNLOAD,0.981691339912005,DOWNLOAD,0.981691339912005,-1,1448,3.0512968077788787,24,26064.0,79529.0,9,15,0.24683454395651228,0.7531654560434877,0.022114199770277773,0,0,0,0,0,0,0,0,0.057499999999999996,0.1,0.0,0.0,0.15,skip,training_upload_trigger_not_confirmed,1785296341.4340038,1785296341434003779,1385009650702262,58.0,53.3671875,-1.0,0,0
2026-07-28T23:39:01.435,10.42.0.47,,93,1,DOWNLOAD,0.9790860185493713,DOWNLOAD,0.9790860185493713,-1,4344,2.6153972638248026,25,30408.0,79529.0,10,15,0.2765947770086504,0.7234052229913496,0.019411772416494937,0,0,0,0,0,0,0,0,0.057499999999999996,0.1,0.0,0.0,0.15,skip,training_upload_trigger_not_confirmed,1785296341.43561,1785296341435610230,1385009652308523,58.0,53.3671875,-1.0,0,0
2026-07-28T23:39:01.436,10.42.0.47,,93,1,DOWNLOAD,0.9712362298503028,DOWNLOAD,0.9712362298503028,-1,2896,2.3879714148033875,26,33304.0,79529.0,11,15,0.2951618764014074,0.7048381235985927,0.016942142376373828,0,0,0,0,0,0,0,0,0.057499999999999996,0.1,0.0,0.0,0.15,skip,training_upload_trigger_not_confirmed,1785296341.4362805,1785296341436280673,1385009652978808,58.0,53.3671875,-1.0,0,0
2026-07-28T23:39:01.437,10.42.0.47,,93,1,DOWNLOAD,0.9756221067035958,DOWNLOAD,0.9756221067035958,-1,1448,2.28847260585611,27,34752.0,79529.0,12,15,0.30409254381743245,0.6959074561825676,0.014847554726354024,0,0,0,0,0,0,0,0,0.057499999999999996,0.1,0.0,0.0,0.15,skip,training_upload_trigger_not_confirmed,1785296341.4373274,1785296341437327322,1385009654025699,58.0,53.3671875,-1.0,0,0
2026-07-28T23:39:01.439,10.42.0.47,,93,1,DOWNLOAD,0.9807103857499658,DOWNLOAD,0.9807103857499658,-1,1448,2.1969337016243937,28,36200.0,79529.0,13,15,0.31279973040465225,0.6872002695953477,0.01317001332619278,0,0,0,0,0,0,0,0,0.057499999999999996,0.1,0.0,0.0,0.15,skip,training_upload_trigger_not_confirmed,1785296341.4394445,1785296341439444472,1385009656142777,58.0,53.3671875,-1.0,0,0
2026-07-28T23:39:01.440,10.42.0.47,,93,1,DOWNLOAD,0.9826741477559087,DOWNLOAD,0.9826741477559087,-1,1448,2.1124362515641617,29,37648.0,79529.0,14,15,0.32129172107154136,0.6787082789284586,0.011522290842345682,0,0,0,0,0,0,0,0,0.057499999999999996,0.1,0.0,0.0,0.15,skip,training_upload_trigger_not_confirmed,1785296341.4401104,1785296341440110460,1385009656808501,58.0,53.3671875,-1.0,0,0
2026-07-28T23:39:01.440,10.42.0.47,,93,1,DOWNLOAD,0.9834704973962789,DOWNLOAD,0.9834704973962789,-1,2896,1.9615479478847289,30,40544.0,79529.0,15,15,0.33766125606922454,0.6623387439307754,0.010091319103737562,0,0,0,0,0,0,0,0,0.057499999999999996,0.1,0.0,0.0,0.15,skip,training_upload_trigger_not_confirmed,1785296341.4407735,1785296341440773475,1385009657471636,58.0,53.3671875,-1.0,0,0
2026-07-28T23:39:01.441,10.42.0.47,,93,1,DOWNLOAD,0.984030672903112,DOWNLOAD,0.984030672903112,-1,4344,1.7717207271259194,31,44888.0,79529.0,16,15,0.36078670921176365,0.6392132907882363,0.008846870769529901,0,0,0,0,0,0,0,0,0.057499999999999996,0.1,0.0,0.0,0.15,skip,training_upload_trigger_not_confirmed,1785296341.441421,1785296341441421053,1385009658119080,58.0,53.3671875,-1.0,0,0
2026-07-28T23:39:01.442,10.42.0.47,,93,1,DOWNLOAD,0.9841385048077971,DOWNLOAD,0.9841385048077971,-1,2896,1.6643437133629593,32,47784.0,79529.0,17,15,0.3753269501150707,0.6246730498849292,0.0078015965328994625,0,0,0,0,0,0,0,0,0.057499999999999996,0.1,0.0,0.0,0.15,skip,training_upload_trigger_not_confirmed,1785296341.4423356,1785296341442335525,1385009659033646,58.0,53.3671875,-1.0,0,0
2026-07-28T23:39:01.444,10.42.0.47,,93,1,DOWNLOAD,0.9842014937301874,DOWNLOAD,0.9842014937301874,-1,2896,1.569238358315524,33,50680.0,79529.0,18,15,0.3892204071915152,0.6107795928084848,0.0069987772197451295,0,0,0,0,0,0,0,0,0.057499999999999996,0.1,0.0,0.0,0.15,skip,training_upload_trigger_not_confirmed,1785296341.4440448,1785296341444044834,1385009660742983,58.0,53.3671875,-1.0,0,0
2026-07-28T23:39:01.444,10.42.0.47,,93,1,DOWNLOAD,0.9842533408568003,DOWNLOAD,0.9842533408568003,-1,4344,1.445351119503392,34,55024.0,79529.0,19,15,0.40893922840813657,0.5910607715918634,0.006177335767937735,0,0,0,0,0,0,0,0,0.057499999999999996,0.1,0.0,0.0,0.15,skip,training_upload_trigger_not_confirmed,1785296341.44481,1785296341444809967,1385009661508066,58.0,53.3671875,-1.0,0,0
2026-07-28T23:39:01.445,10.42.0.47,,93,1,DOWNLOAD,0.984259423739702,DOWNLOAD,0.984259423739702,-1,5792,1.307698631933904,35,60816.0,79529.0,20,15,0.4333321457836047,0.5666678542163953,0.0054863514865807666,0,0,0,0,0,0,0,0,0.057499999999999996,0.1,0.0,0.0,0.15,skip,training_upload_trigger_not_confirmed,1785296341.4457436,1785296341445743622,1385009662441745,58.0,53.3671875,-1.0,0,0
2026-07-28T23:39:01.447,10.42.0.47,,93,1,DOWNLOAD,0.984259566950099,DOWNLOAD,0.984259566950099,-1,2896,1.2482577850287502,36,63712.0,79529.0,21,15,0.44478885235372556,0.5552111476462744,0.0049534976150779515,0,0,0,0,0,0,0,0,0.057499999999999996,0.1,0.0,0.0,0.15,skip,training_upload_trigger_not_confirmed,1785296341.4471862,1785296341447186050,1385009663884267,58.0,53.3671875,-1.0,0,0
2026-07-28T23:39:01.448,10.42.0.47,,93,1,DOWNLOAD,0.9842595701087766,DOWNLOAD,0.9842595701087766,-1,7240,1.1208845416602649,37,70952.0,79529.0,22,15,0.4715013855569806,0.5284986144430194,0.004424255218420206,0,0,0,0,0,0,0,0,0.039999999999999994,0.05,0.0,0.0,0.15,skip,training_upload_trigger_not_confirmed,1785296341.4481235,1785296341448123276,1385009664821439,58.0,53.3671875,-1.0,0,0
2026-07-28T23:39:01.449,10.42.0.47,,93,1,DOWNLOAD,0.9842595701712563,DOWNLOAD,0.9842595701712563,-1,1005,1.1052295120682458,38,71957.0,79529.0,23,15,0.475007591460597,0.524992408539403,0.004003177037451171,0,0,0,0,0,0,0,0,0.039999999999999994,0.05,0.0,0.0,0.15,skip,training_upload_trigger_not_confirmed,1785296341.4493523,1785296341449352244,1385009666050459,58.0,53.3671875,-1.0,0,0
2026-07-28T23:39:01.607,10.42.0.59,,37,3,UPLOAD,0.95,UPLOAD,0.95,1,20440,0.28434700351560366,6,71884.0,20440.0,5,1,0.778605779645596,0.22139422035440406,0.553574724105069,0,0,0,0,1,0,0,0,0.85,1.0,1.0,0.4,0.8,skip,already_attacked_this_round,1785296341.6071472,1785296341607147342,1385009823845817,58.0,53.3671875,-1.0,0,0
2026-07-28T23:39:01.612,10.42.0.59,,37,3,UPLOAD,0.9841010226033655,UPLOAD,0.9841010226033655,1,59115,1.1067135941223818,7,71884.0,79555.0,5,2,0.47467297063504116,0.5253270293649588,0.4812707304980093,0,0,0,1,1,1,1,1,0.85,1.0,1.0,0.4,0.8,skip,already_attacked_this_round,1785296341.612027,1785296341612026835,1385009828726562,58.0,53.3671875,-1.0,0,0
2026-07-28T23:39:01.613,10.42.0.1,,93,2,TRAINING,0.95,TRAINING,0.95,1,7240,0.31252341161463576,40,277640.0,86769.0,31,9,0.7618911717328606,0.2381088282671394,0.0038217620767489724,0,0,0,0,1,0,0,0,0.4525,1.0,0.0,0.4,0.15,skip,training_upload_trigger_not_confirmed,1785296341.6138535,1785296341613853368,1385009830552338,58.0,53.3671875,-1.0,0,0
2026-07-28T23:39:01.615,10.42.0.1,10.42.0.1,93,3,UPLOAD,0.95,UPLOAD,0.95,1,5792,0.333384958942035,41,277640.0,92561.0,31,10,0.7499709617207949,0.2500290382792051,0.0034746104676716487,1,0,0,0,1,0,0,0,0.85,1.0,1.0,0.4,0.8,trigger,training_upload_trigger_confirmed,1785296341.6150408,1785296341615040807,1385009831739712,58.0,53.3671875,64.145264,1785296341679187700,1385009895884976
2026-07-28T23:39:01.617,10.42.0.1,10.42.0.1,93,3,UPLOAD,0.95,UPLOAD,0.95,1,14480,0.38553882726053323,42,277640.0,107041.0,31,11,0.7217408710074061,0.27825912899259386,0.0033549861260658456,1,0,1,0,1,0,0,0,0.85,1.0,1.0,0.4,0.8,skip,attack_already_active,1785296341.6176076,1785296341617607773,1385009834308077,58.0,53.3671875,-1.0,0,0
2026-07-28T23:39:01.618,10.42.0.1,10.42.0.1,93,3,UPLOAD,0.95,UPLOAD,0.95,1,14480,0.43769269557903145,43,277640.0,121521.0,31,12,0.6955589348658812,0.30444106513411884,0.0030935037132908496,1,0,1,0,1,0,0,0,0.85,1.0,1.0,0.4,0.8,skip,attack_already_active,1785296341.6189783,1785296341618978307,1385009835677526,58.0,53.3671875,-1.0,0,0
2026-07-28T23:39:01.620,10.42.0.1,10.42.0.1,93,3,UPLOAD,0.95,UPLOAD,0.95,1,14480,0.48984656389752973,44,277640.0,136001.0,31,13,0.6712100589641743,0.32878994103582576,0.002912253277262631,1,0,1,1,1,1,1,1,0.85,1.0,1.0,0.4,0.8,skip,attack_already_active,1785296341.6206963,1785296341620696193,1385009837395214,58.0,53.3671875,-1.0,0,0
2026-07-28T23:39:01.622,10.42.0.1,10.42.0.1,93,3,UPLOAD,0.95,UPLOAD,0.95,1,14480,0.542000432216028,45,277640.0,150481.0,31,14,0.6485082488361935,0.3514917511638065,0.002746969815793778,1,0,1,1,1,1,1,1,0.85,1.0,1.0,0.4,0.8,skip,attack_already_active,1785296341.6223543,1785296341622354274,1385009839052836,58.0,53.3671875,-1.0,0,0
2026-07-28T23:39:01.623,10.42.0.1,10.42.0.1,93,3,UPLOAD,0.95,UPLOAD,0.95,1,8590,0.5729397781314907,46,277640.0,159071.0,31,15,0.6357522480542052,0.36424775194579484,0.0025891087055634953,1,0,1,1,1,1,1,1,0.85,1.0,1.0,0.4,0.8,skip,attack_already_active,1785296341.6239033,1785296341623903291,1385009840601855,58.0,53.3671875,-1.0,0,0
2026-07-28T23:39:01.627,10.42.0.145,10.42.0.1,41,2,TRAINING,0.95,TRAINING,0.95,1,64240,0.994673603369338,5,64584.0,64240.0,4,1,0.5013351549400733,0.4986648450599267,0.3737621577421157,0,0,0,0,1,0,0,0,0.4525,1.0,0.0,0.4,0.15,skip,training_upload_trigger_not_confirmed,1785296341.6277363,1785296341627736298,1385009844435485,58.0,53.3671875,-1.0,0,0
2026-07-28T23:39:01.629,10.42.0.1,10.42.0.1,93,3,UPLOAD,0.95,UPLOAD,0.95,1,11584,0.6146628727862892,47,277640.0,170655.0,31,16,0.6193243288459608,0.3806756711540392,0.0030502385091341878,1,0,1,1,1,1,1,1,0.9299999999999999,1.0,1.0,0.8,0.8,skip,attack_already_active,1785296341.6299918,1785296341629991592,1385009846690168,58.0,53.3671875,-1.0,0,0
2026-07-28T23:39:01.631,10.42.0.1,10.42.0.1,93,3,UPLOAD,0.95,UPLOAD,0.95,1,2896,0.6250936464499889,48,277640.0,173551.0,31,17,0.6153491536843598,0.38465084631564017,0.0027969310554154603,1,0,1,1,1,1,1,1,0.9299999999999999,1.0,1.0,0.8,0.8,skip,attack_already_active,1785296341.6311197,1785296341631119597,1385009847818610,58.0,53.3671875,-1.0,0,0
2026-07-28T23:39:01.632,10.42.0.1,10.42.0.1,93,3,UPLOAD,0.95,UPLOAD,0.95,1,11584,0.6668167411047874,49,277640.0,185135.0,31,18,0.5999459780670953,0.40005402193290474,0.00257505517299062,1,0,1,1,1,1,1,1,0.9299999999999999,1.0,1.0,0.8,0.8,skip,attack_already_active,1785296341.632233,1785296341632232965,1385009848931415,58.0,53.3671875,-1.0,0,0
2026-07-28T23:39:01.633,10.42.0.1,10.42.0.1,93,3,UPLOAD,0.95,UPLOAD,0.95,1,5792,0.6876782884321867,50,277640.0,190927.0,31,19,0.592529990374909,0.40747000962509095,0.00244952460782847,1,0,1,1,1,1,1,1,0.9299999999999999,1.0,1.0,0.8,0.8,skip,attack_already_active,1785296341.6338553,1785296341633855117,1385009850553675,58.0,53.3671875,-1.0,0,0
2026-07-28T23:39:01.635,10.42.0.1,10.42.0.1,93,3,UPLOAD,0.95,UPLOAD,0.95,1,21720,0.7659090909099341,51,277640.0,212647.0,31,20,0.5662805662805663,0.4337194337194337,0.002348421554091327,1,0,1,1,1,1,1,1,0.9699999999999999,1.0,1.0,1.0,0.8,skip,attack_already_active,1785296341.6355376,1785296341635537597,1385009852236681,58.0,53.3671875,-1.0,0,0
2026-07-28T23:39:01.636,10.42.0.1,10.42.0.1,93,3,UPLOAD,0.95,UPLOAD,0.95,1,1448,0.7711244777417838,52,277640.0,214095.0,31,21,0.5646130537789663,0.4353869462210337,0.0021908002399337284,1,0,1,1,1,1,1,1,0.9699999999999999,1.0,1.0,1.0,0.8,skip,attack_already_active,1785296341.63669,1785296341636689901,1385009853388467,58.0,53.3671875,-1.0,0,0
2026-07-28T23:39:01.638,10.42.0.1,10.42.0.1,93,3,UPLOAD,0.95,UPLOAD,0.95,1,5792,0.7919860250691831,53,277640.0,219887.0,31,22,0.5580400661672633,0.44195993383273674,0.0021178839657955994,1,0,1,1,1,1,1,1,0.9699999999999999,1.0,1.0,1.0,0.8,skip,attack_already_active,1785296341.6383274,1785296341638327265,1385009855026459,58.0,53.3671875,-1.0,0,0
2026-07-28T23:39:01.640,10.42.0.1,10.42.0.1,93,3,UPLOAD,0.95,UPLOAD,0.95,1,2799,0.8020674254437327,54,277640.0,222686.0,31,23,0.5549181933379437,0.4450818066620563,0.002124668596420343,1,0,1,1,1,1,1,1,0.9699999999999999,1.0,1.0,1.0,0.8,skip,attack_already_active,1785296341.6404967,1785296341640496567,1385009857195228,58.0,53.3671875,-1.0,0,0
2026-07-28T23:39:01.740,10.42.0.18,10.42.0.1,65,2,TRAINING,0.95,TRAINING,0.95,1,21900,0.2765710244585198,8,79184.0,21900.0,7,1,0.7833485022357644,0.21665149776423567,0.30204560434544,0,0,0,0,1,1,0,0,0.5725,1.0,0.0,1.0,0.15,skip,training_upload_trigger_not_confirmed,1785296341.7401848,1785296341740184945,1385009956883709,58.0,53.3671875,-1.0,0,0
2026-07-28T23:39:01.743,10.42.0.18,10.42.0.1,65,3,UPLOAD,0.95,UPLOAD,0.95,1,57655,1.004685289957508,9,79184.0,79555.0,7,2,0.4988314150901795,0.5011685849098205,0.2626218775093385,0,0,0,1,1,1,1,1,0.9699999999999999,1.0,1.0,1.0,0.8,trigger,training_upload_trigger_confirmed,1785296341.7430546,1785296341743054508,1385009959753121,58.0,53.3671875,31.50747,1785296341774563308,1385009991260591
2026-07-28T23:39:01.744,10.42.0.1,10.42.0.1,93,3,UPLOAD,0.95,UPLOAD,0.95,1,2896,0.8124981991074323,55,277640.0,225582.0,31,24,0.5517246861226258,0.4482753138773742,0.002223240756698674,1,0,1,1,1,1,1,1,0.9699999999999999,1.0,1.0,1.0,0.8,skip,attack_already_active,1785296341.7447064,1785296341744706358,1385009961405305,58.0,53.3671875,-1.0,0,0
2026-07-28T23:39:01.746,10.42.0.1,10.42.0.1,93,3,UPLOAD,0.95,UPLOAD,0.95,1,11584,0.8542212937622309,56,277640.0,237166.0,31,25,0.5393099536524438,0.46069004634755617,0.0021485944667070755,1,0,1,1,1,1,1,1,0.9699999999999999,1.0,1.0,1.0,0.8,skip,attack_already_active,1785296341.7463632,1785296341746363184,1385009963061915,58.0,53.3671875,-1.0,0,0
2026-07-28T23:39:01.747,10.42.0.1,10.42.0.1,93,3,UPLOAD,0.95,UPLOAD,0.95,1,2896,0.8646520674259305,57,277640.0,240062.0,31,26,0.5362930798026664,0.4637069201973336,0.0020090110456938135,1,0,1,1,1,1,1,1,0.9699999999999999,1.0,1.0,1.0,0.8,skip,attack_already_active,1785296341.7474525,1785296341747452505,1385009964150884,58.0,53.3671875,-1.0,0,0
2026-07-28T23:39:01.749,10.42.0.1,10.42.0.1,93,3,UPLOAD,0.95,UPLOAD,0.95,1,11584,0.9063751620807291,58,277640.0,251646.0,31,27,0.524555722237127,0.475444277762873,0.0020149677039125965,1,0,1,1,1,1,1,1,0.9699999999999999,1.0,1.0,1.0,0.8,skip,attack_already_active,1785296341.7495067,1785296341749506887,1385009966205526,58.0,53.3671875,-1.0,0,0
2026-07-28T23:39:01.750,10.42.0.1,10.42.0.1,93,3,UPLOAD,0.95,UPLOAD,0.95,1,5792,0.9272367094081284,59,277640.0,257438.0,31,28,0.5188776215804051,0.4811223784195949,0.0018982710154928938,1,0,1,1,1,1,1,1,0.9699999999999999,1.0,1.0,1.0,0.8,skip,attack_already_active,1785296341.750636,1785296341750635914,1385009967334852,58.0,53.3671875,-1.0,0,0
2026-07-28T23:39:01.752,10.42.0.1,10.42.0.1,93,3,UPLOAD,0.95,UPLOAD,0.95,1,14480,0.9793905777266266,60,277640.0,271918.0,31,29,0.5052060019142657,0.4947939980857344,0.001862740177690721,1,0,1,1,1,1,1,1,0.9699999999999999,1.0,1.0,1.0,0.8,skip,attack_already_active,1785296341.7522647,1785296341752264827,1385009968963654,58.0,53.3671875,-1.0,0,0
2026-07-28T23:39:01.754,10.42.0.1,10.42.0.1,93,3,UPLOAD,0.95,UPLOAD,0.95,1,8688,1.0106828987177254,61,277640.0,280606.0,31,30,0.49734346506737176,0.5026565349326283,0.0018524698476201863,1,0,1,1,1,1,1,1,0.9699999999999999,1.0,1.0,1.0,0.8,skip,attack_already_active,1785296341.7540495,1785296341754049652,1385009970748906,58.0,53.3671875,-1.0,0,0
2026-07-28T23:39:01.755,10.42.0.1,10.42.0.1,93,3,UPLOAD,0.95,UPLOAD,0.95,1,5792,1.0315444460451249,62,277640.0,286398.0,31,31,0.49223633868640054,0.5077636613135994,0.0018588531983831358,1,0,1,1,1,1,1,1,0.9699999999999999,1.0,1.0,1.0,0.8,skip,attack_already_active,1785296341.7559505,1785296341755950407,1385009972650972,58.0,53.3671875,-1.0,0,0
2026-07-28T23:39:01.758,10.42.0.1,10.42.0.1,93,3,UPLOAD,0.95,UPLOAD,0.95,1,2798,1.0416222446331882,63,277640.0,289196.0,31,32,0.48980657544686645,0.5101934245531335,0.0019451697317100307,1,0,1,1,1,1,1,1,0.9699999999999999,1.0,1.0,1.0,0.8,skip,attack_already_active,1785296341.7584643,1785296341758464374,1385009975163015,58.0,53.3671875,-1.0,0,0
2026-07-28T23:39:02.992,10.42.0.1,,93,3,UPLOAD,0.4965704839602022,UPLOAD,0.4965704839602022,0,39,1.0,0,0.0,0.0,0,0,0.0,0.0,0.007081373984668194,0,0,1,0,0,0,0,0,0.4375,0.05,1.0,0.0,0.8,skip,attack_already_active,1785296342.9920805,1785296342992080454,1385011208779373,5.8,53.3671875,-1.0,0,0
2026-07-28T23:39:03.124,10.42.0.210,,92,3,UPLOAD,0.95,UPLOAD,0.95,1,1448,100.0,1,0.0,1448.0,0,1,0.0,1.0,0.05626242296543442,0,0,0,1,1,1,1,1,0.9525,0.95,1.0,1.0,0.8,trigger,training_upload_trigger_confirmed,1785296343.124174,1785296343124174044,1385011340872681,5.8,53.3671875,8.913021,1785296343133088371,1385011349785702
2026-07-28T23:39:03.125,10.42.0.210,,92,3,UPLOAD,0.9841010226033655,UPLOAD,0.9841010226033655,1,1448,100.0,2,0.0,2896.0,0,2,0.0,1.0,0.048967732826654564,0,0,1,1,1,1,1,1,0.9699999999999999,1.0,1.0,1.0,0.8,skip,attack_already_active,1785296343.1250792,1785296343125079157,1385011341777543,5.8,53.3671875,-1.0,0,0
2026-07-28T23:39:03.126,10.42.0.210,,92,3,UPLOAD,0.9854688349332961,UPLOAD,0.9854688349332961,1,1448,100.0,3,0.0,4344.0,0,3,0.0,1.0,0.04270617980380654,0,0,1,1,1,1,1,1,0.9699999999999999,1.0,1.0,1.0,0.8,skip,attack_already_active,1785296343.1265297,1785296343126529829,1385011343228200,5.8,53.3671875,-1.0,0,0
2026-07-28T23:39:03.127,10.42.0.210,,92,3,UPLOAD,0.9855076450773014,UPLOAD,0.9855076450773014,1,1448,100.0,4,0.0,5792.0,0,4,0.0,1.0,0.03720684180614595,0,0,1,1,1,1,1,1,0.9699999999999999,1.0,1.0,1.0,0.8,skip,attack_already_active,1785296343.127503,1785296343127502728,1385011344200951,5.8,53.3671875,-1.0,0,0
2026-07-28T23:39:03.128,10.42.0.210,,92,3,UPLOAD,0.9855086980780915,UPLOAD,0.9855086980780915,1,1448,100.0,5,0.0,7240.0,0,5,0.0,1.0,0.03249400575561931,0,0,1,1,1,1,1,1,0.9699999999999999,1.0,1.0,1.0,0.8,skip,attack_already_active,1785296343.1289454,1785296343128945295,1385011345643728,5.8,53.3671875,-1.0,0,0
2026-07-28T23:39:03.129,10.42.0.210,,92,3,UPLOAD,0.9855087254685951,UPLOAD,0.9855087254685951,1,1448,100.0,6,0.0,8688.0,0,6,0.0,1.0,0.02834549261782735,0,0,1,1,1,1,1,1,0.9699999999999999,1.0,1.0,1.0,0.8,skip,attack_already_active,1785296343.1299574,1785296343129957491,1385011346655867,5.8,53.3671875,-1.0,0,0
2026-07-28T23:39:03.131,10.42.0.210,,92,3,UPLOAD,0.9855087261493067,UPLOAD,0.9855087261493067,1,1448,100.0,7,0.0,10136.0,0,7,0.0,1.0,0.024802963800306273,0,0,1,1,1,1,1,1,0.9699999999999999,1.0,1.0,1.0,0.8,skip,attack_already_active,1785296343.1314197,1785296343131419562,1385011348118016,5.8,53.3671875,-1.0,0,0
2026-07-28T23:39:03.132,10.42.0.210,,92,3,UPLOAD,0.9855087261653082,UPLOAD,0.9855087261653082,1,1448,100.0,8,0.0,11584.0,0,8,0.0,1.0,0.021658822560931712,0,0,1,1,1,1,1,1,0.9699999999999999,1.0,1.0,1.0,0.8,skip,attack_already_active,1785296343.1323626,1785296343132362450,1385011349060999,5.8,53.3671875,-1.0,0,0
2026-07-28T23:39:03.133,10.42.0.210,,92,3,UPLOAD,0.985508726165656,UPLOAD,0.985508726165656,1,1448,100.0,9,0.0,13032.0,0,9,0.0,1.0,0.01897973809596932,0,0,1,1,1,1,1,1,0.9699999999999999,1.0,1.0,1.0,0.8,skip,attack_already_active,1785296343.1336906,1785296343133690506,1385011350388895,5.8,53.3671875,-1.0,0,0
2026-07-28T23:39:03.134,10.42.0.210,,92,3,UPLOAD,0.9855087261656625,UPLOAD,0.9855087261656625,1,1448,100.0,10,0.0,14480.0,0,10,0.0,1.0,0.016609986846294614,0,0,1,1,1,1,1,1,0.9699999999999999,1.0,1.0,1.0,0.8,skip,attack_already_active,1785296343.134687,1785296343134686891,1385011351385531,5.8,53.3671875,-1.0,0,0
2026-07-28T23:39:03.136,10.42.0.210,,92,3,UPLOAD,0.95,UPLOAD,0.95,1,1448,100.0,11,0.0,15928.0,0,11,0.0,1.0,0.014672617340900281,0,0,1,1,1,1,1,1,0.9699999999999999,1.0,1.0,1.0,0.8,skip,attack_already_active,1785296343.1365948,1785296343136594797,1385011353293158,5.8,53.3671875,-1.0,0,0
2026-07-28T23:39:03.137,10.42.0.210,,92,3,UPLOAD,0.95,UPLOAD,0.95,1,1448,100.0,12,0.0,17376.0,0,12,0.0,1.0,0.012870528893173583,0,0,1,1,1,1,1,1,0.9699999999999999,1.0,1.0,1.0,0.8,skip,attack_already_active,1785296343.1375918,1785296343137591936,1385011354290289,5.8,53.3671875,-1.0,0,0
2026-07-28T23:39:03.139,10.42.0.210,,92,3,UPLOAD,0.95,UPLOAD,0.95,1,1448,100.0,13,0.0,18824.0,0,13,0.0,1.0,0.011365414403524017,0,0,1,1,1,1,1,1,0.9699999999999999,1.0,1.0,1.0,0.8,skip,attack_already_active,1785296343.1390405,1785296343139040605,1385011355739120,5.8,53.3671875,-1.0,0,0
2026-07-28T23:39:03.140,10.42.0.210,,92,3,UPLOAD,0.95,UPLOAD,0.95,1,1448,100.0,14,0.0,20272.0,0,14,0.0,1.0,0.010003466478505002,0,0,1,1,1,1,1,1,0.9699999999999999,1.0,1.0,1.0,0.8,skip,attack_already_active,1785296343.1400704,1785296343140070304,1385011356768722,5.8,53.3671875,-1.0,0,0
2026-07-28T23:39:03.141,10.42.0.210,,92,3,UPLOAD,0.95,UPLOAD,0.95,1,1448,100.0,15,0.0,21720.0,0,15,0.0,1.0,0.008875309343525744,0,0,1,1,1,1,1,1,0.9699999999999999,1.0,1.0,1.0,0.8,skip,attack_already_active,1785296343.1415126,1785296343141512595,1385011358211091,5.8,53.3671875,-1.0,0,0
2026-07-28T23:39:03.142,10.42.0.210,,92,3,UPLOAD,0.95,UPLOAD,0.95,1,1448,100.0,16,0.0,23168.0,0,16,0.0,1.0,0.007826067706542655,0,0,1,1,1,1,1,1,0.9699999999999999,1.0,1.0,1.0,0.8,skip,attack_already_active,1785296343.1424255,1785296343142425657,1385011359124134,5.8,53.3671875,-1.0,0,0
2026-07-28T23:39:03.144,10.42.0.210,,92,3,UPLOAD,0.95,UPLOAD,0.95,1,1448,100.0,17,0.0,24616.0,0,17,0.0,1.0,0.007040005235784968,0,0,1,1,1,1,1,1,0.9699999999999999,1.0,1.0,1.0,0.8,skip,attack_already_active,1785296343.1442864,1785296343144286558,1385011360985137,5.8,53.3671875,-1.0,0,0
2026-07-28T23:39:03.145,10.42.0.210,,92,3,UPLOAD,0.95,UPLOAD,0.95,1,1448,100.0,18,0.0,26064.0,0,18,0.0,1.0,0.006250329282291233,0,0,1,1,1,1,1,1,0.9699999999999999,1.0,1.0,1.0,0.8,skip,attack_already_active,1785296343.1453338,1785296343145333803,1385011362032491,5.8,53.3671875,-1.0,0,0
2026-07-28T23:39:03.146,10.42.0.210,,92,3,UPLOAD,0.95,UPLOAD,0.95,1,1448,100.0,19,0.0,27512.0,0,19,0.0,1.0,0.005618750526452998,0,0,1,1,1,1,1,1,0.9699999999999999,1.0,1.0,1.0,0.8,skip,attack_already_active,1785296343.1467912,1785296343146791141,1385011363489609,5.8,53.3671875,-1.0,0,0
2026-07-28T23:39:03.147,10.42.0.210,,92,3,UPLOAD,0.95,UPLOAD,0.95,1,1448,100.0,20,0.0,28960.0,0,20,0.0,1.0,0.005010201830897728,0,0,1,1,1,1,1,1,0.9699999999999999,1.0,1.0,1.0,0.8,skip,attack_already_active,1785296343.1477919,1785296343147791863,1385011364490183,5.8,53.3671875,-1.0,0,0
2026-07-28T23:39:03.149,10.42.0.210,,92,3,UPLOAD,0.95,UPLOAD,0.95,1,1448,100.0,21,0.0,30408.0,0,21,0.0,1.0,0.004562681496613666,0,0,1,1,1,1,1,1,0.9699999999999999,1.0,1.0,1.0,0.8,skip,attack_already_active,1785296343.149406,1785296343149405981,1385011366104579,5.8,53.3671875,-1.0,0,0
2026-07-28T23:39:03.150,10.42.0.210,,92,3,UPLOAD,0.95,UPLOAD,0.95,1,1448,100.0,22,0.0,31856.0,0,22,0.0,1.0,0.004116167663080711,0,0,1,1,1,1,1,1,0.9699999999999999,1.0,1.0,1.0,0.8,skip,attack_already_active,1785296343.1505802,1785296343150580269,1385011367279872,5.8,53.3671875,-1.0,0,0
2026-07-28T23:39:03.152,10.42.0.210,,92,3,UPLOAD,0.95,UPLOAD,0.95,1,1448,100.0,23,0.0,33304.0,0,23,0.0,1.0,0.003785138672111052,0,0,1,1,1,1,1,1,0.9699999999999999,1.0,1.0,1.0,0.8,skip,attack_already_active,1785296343.1521842,1785296343152184406,1385011368883552,5.8,53.3671875,-1.0,0,0
2026-07-28T23:39:03.153,10.42.0.210,,92,3,UPLOAD,0.95,UPLOAD,0.95,1,1448,100.0,24,0.0,34752.0,0,24,0.0,1.0,0.0034427816752434725,0,0,1,1,1,1,1,1,0.9699999999999999,1.0,1.0,1.0,0.8,skip,attack_already_active,1785296343.1533713,1785296343153371500,1385011370070539,5.8,53.3671875,-1.0,0,0
2026-07-28T23:39:03.157,10.42.0.210,,92,3,UPLOAD,0.95,UPLOAD,0.95,1,1448,100.0,25,0.0,36200.0,0,25,0.0,1.0,0.0035058656863611853,0,0,1,1,1,1,1,1,0.9699999999999999,1.0,1.0,1.0,0.8,skip,attack_already_active,1785296343.1572928,1785296343157292914,1385011373992482,5.8,53.3671875,-1.0,0,0
2026-07-28T23:39:03.158,10.42.0.210,,92,3,UPLOAD,0.95,UPLOAD,0.95,1,1448,100.0,26,0.0,37648.0,0,26,0.0,1.0,0.003208792458872269,0,0,1,1,1,1,1,1,0.9699999999999999,1.0,1.0,1.0,0.8,skip,attack_already_active,1785296343.1585443,1785296343158544329,1385011375242828,5.8,53.3671875,-1.0,0,0
2026-07-28T23:39:03.159,10.42.0.210,,92,3,UPLOAD,0.95,UPLOAD,0.95,1,1448,100.0,27,0.0,39096.0,0,27,0.0,1.0,0.0029710673388020727,0,0,1,1,1,1,1,1,0.9699999999999999,1.0,1.0,1.0,0.8,skip,attack_already_active,1785296343.159949,1785296343159949010,1385011376647446,5.8,53.3671875,-1.0,0,0
2026-07-28T23:39:03.161,10.42.0.210,,92,3,UPLOAD,0.95,UPLOAD,0.95,1,1448,100.0,28,0.0,40544.0,0,28,0.0,1.0,0.002739879927156144,0,0,1,1,1,1,1,1,0.9699999999999999,1.0,1.0,1.0,0.8,skip,attack_already_active,1785296343.1611657,1785296343161165948,1385011377864363,5.8,53.3671875,-1.0,0,0
2026-07-28T23:39:03.162,10.42.0.210,,92,3,UPLOAD,0.95,UPLOAD,0.95,1,1448,100.0,29,0.0,41992.0,0,29,0.0,1.0,0.002576983761728911,0,0,1,1,1,1,1,1,0.9699999999999999,1.0,1.0,1.0,0.8,skip,attack_already_active,1785296343.1626694,1785296343162669237,1385011379367742,5.8,53.3671875,-1.0,0,0
2026-07-28T23:39:03.163,10.42.0.210,,92,3,UPLOAD,0.95,UPLOAD,0.95,1,1448,100.0,30,0.0,43440.0,0,30,0.0,1.0,0.002376708208912485,0,0,1,1,1,1,1,1,0.9699999999999999,1.0,1.0,1.0,0.8,skip,attack_already_active,1785296343.1637266,1785296343163726481,1385011380424885,5.8,53.3671875,-1.0,0,0
2026-07-28T23:39:03.165,10.42.0.210,,92,3,UPLOAD,0.95,UPLOAD,0.95,1,1448,100.0,31,0.0,44888.0,0,31,0.0,1.0,0.0022617630561803125,0,0,1,1,1,1,1,1,0.9699999999999999,1.0,1.0,1.0,0.8,skip,attack_already_active,1785296343.165231,1785296343165231055,1385011381929334,5.8,53.3671875,-1.0,0,0
2026-07-28T23:39:03.166,10.42.0.210,,92,3,UPLOAD,0.95,UPLOAD,0.95,1,1448,100.0,32,0.0,46336.0,0,32,0.0,1.0,0.002098972689260683,0,0,1,1,1,1,1,1,0.9699999999999999,1.0,1.0,1.0,0.8,skip,attack_already_active,1785296343.1662574,1785296343166257428,1385011382955752,5.8,53.3671875,-1.0,0,0
2026-07-28T23:39:03.167,10.42.0.210,,92,3,UPLOAD,0.95,UPLOAD,0.95,1,1448,100.0,33,0.0,47784.0,0,33,0.0,1.0,0.0020164474620399126,0,0,1,1,1,1,1,1,0.9699999999999999,1.0,1.0,1.0,0.8,skip,attack_already_active,1785296343.16773,1785296343167730293,1385011384428787,5.8,53.3671875,-1.0,0,0
2026-07-28T23:39:03.168,10.42.0.210,,92,3,UPLOAD,0.95,UPLOAD,0.95,1,1448,100.0,34,0.0,49232.0,0,34,0.0,1.0,0.0018812079700186934,0,0,1,1,1,1,1,1,0.9699999999999999,1.0,1.0,1.0,0.8,skip,attack_already_active,1785296343.1687202,1785296343168720022,1385011385418776,5.8,53.3671875,-1.0,0,0
2026-07-28T23:39:03.169,10.42.0.210,,92,3,UPLOAD,0.95,UPLOAD,0.95,1,1448,100.0,35,0.0,50680.0,0,35,0.0,1.0,0.001768376542532761,0,0,1,1,1,1,1,1,0.9699999999999999,1.0,1.0,1.0,0.8,skip,attack_already_active,1785296343.1697452,1785296343169745160,1385011386443509,5.8,53.3671875,-1.0,0,0
2026-07-28T23:39:03.170,10.42.0.210,,92,3,UPLOAD,0.95,UPLOAD,0.95,1,1448,100.0,36,0.0,52128.0,0,36,0.0,1.0,0.0016714816108410783,0,0,1,1,1,1,1,1,0.9699999999999999,1.0,1.0,1.0,0.8,skip,attack_already_active,1785296343.1707783,1785296343170778282,1385011387476619,5.8,53.3671875,-1.0,0,0
2026-07-28T23:39:03.171,10.42.0.210,,92,3,UPLOAD,0.95,UPLOAD,0.95,1,1448,100.0,37,0.0,53576.0,0,37,0.0,1.0,0.0015862867629265291,0,0,1,1,1,1,1,1,0.9699999999999999,1.0,1.0,1.0,0.8,skip,attack_already_active,1785296343.1718032,1785296343171803189,1385011388501497,5.8,53.3671875,-1.0,0,0
2026-07-28T23:39:03.172,10.42.0.1,10.42.0.1,93,3,UPLOAD,0.9508549061233202,UPLOAD,0.9508549061233202,1,7240,100.0,1,0.0,7240.0,0,1,0.0,1.0,0.029962900672453427,1,0,1,1,1,1,1,1,0.9699999999999999,1.0,1.0,1.0,0.8,skip,attack_already_active,1785296343.1728034,1785296343172803443,1385011389501974,5.8,53.3671875,-1.0,0,0
2026-07-28T23:39:03.173,10.42.0.1,10.42.0.1,93,3,UPLOAD,0.9798240352905342,UPLOAD,0.9798240352905342,1,7240,100.0,2,0.0,14480.0,0,2,0.0,1.0,0.026146822950584837,1,0,1,1,1,1,1,1,0.9699999999999999,1.0,1.0,1.0,0.8,skip,attack_already_active,1785296343.1738071,1785296343173807217,1385011390505720,5.8,53.3671875,-1.0,0,0
2026-07-28T23:39:03.175,10.42.0.1,10.42.0.1,93,3,UPLOAD,0.9802860943344155,UPLOAD,0.9802860943344155,1,10136,100.0,3,0.0,24616.0,0,3,0.0,1.0,0.022963926557086692,1,0,1,1,1,1,1,1,0.9699999999999999,1.0,1.0,1.0,0.8,skip,attack_already_active,1785296343.1757998,1785296343175799833,1385011392498191,5.8,53.3671875,-1.0,0,0
2026-07-28T23:39:03.177,10.42.0.1,10.42.0.1,93,3,UPLOAD,0.9801784672235019,UPLOAD,0.9801784672235019,1,4344,100.0,4,0.0,28960.0,0,4,0.0,1.0,0.020127597505193613,1,0,1,1,1,1,1,1,0.9699999999999999,1.0,1.0,1.0,0.8,skip,attack_already_active,1785296343.1772397,1785296343177239549,1385011393938302,5.8,53.3671875,-1.0,0,0
2026-07-28T23:39:03.178,10.42.0.1,10.42.0.1,93,3,UPLOAD,0.9806306544925782,UPLOAD,0.9806306544925782,1,14480,100.0,5,0.0,43440.0,0,5,0.0,1.0,0.017619311771677686,1,0,1,1,1,1,1,1,0.9699999999999999,1.0,1.0,1.0,0.8,skip,attack_already_active,1785296343.1783326,1785296343178332740,1385011395031125,5.8,53.3671875,-1.0,0,0
2026-07-28T23:39:03.179,10.42.0.1,10.42.0.1,93,3,UPLOAD,0.980790878323899,UPLOAD,0.980790878323899,1,18824,100.0,6,0.0,62264.0,0,6,0.0,1.0,0.015501561448138758,1,0,1,1,1,1,1,1,0.9699999999999999,1.0,1.0,1.0,0.8,skip,attack_already_active,1785296343.1798809,1785296343179880970,1385011396579540,5.8,53.3671875,-1.0,0,0
2026-07-28T23:39:03.180,10.42.0.1,10.42.0.1,93,3,UPLOAD,0.9811167225847668,UPLOAD,0.9811167225847668,1,1448,100.0,7,0.0,63712.0,0,7,0.0,1.0,0.01359378950644807,1,0,1,1,1,1,1,1,0.9699999999999999,1.0,1.0,1.0,0.8,skip,attack_already_active,1785296343.1809049,1785296343180904913,1385011397603263,5.8,53.3671875,-1.0,0,0
2026-07-28T23:39:03.182,10.42.0.1,10.42.0.1,93,3,UPLOAD,0.9811449395347185,UPLOAD,0.9811449395347185,1,8688,100.0,8,0.0,72400.0,0,8,0.0,1.0,0.011997797598596318,1,0,1,1,1,1,1,1,0.9699999999999999,1.0,1.0,1.0,0.8,skip,attack_already_active,1785296343.182387,1785296343182387073,1385011399085427,5.8,53.3671875,-1.0,0,0
2026-07-28T23:39:03.183,10.42.0.1,10.42.0.1,93,3,UPLOAD,0.9811677195794366,UPLOAD,0.9811677195794366,1,7130,100.0,9,0.0,79530.0,0,9,0.0,1.0,0.010614064560450836,1,0,1,1,1,1,1,1,0.9699999999999999,1.0,1.0,1.0,0.8,skip,attack_already_active,1785296343.1838841,1785296343183884096,1385011400582315,5.8,53.3671875,-1.0,0,0
2026-07-28T23:39:04.021,10.42.0.1,10.42.0.1,93,3,UPLOAD,0.9800862035071591,UPLOAD,0.9800862035071591,0,39,100.0,9,0.0,79530.0,0,9,0.0,1.0,0.014588388128814751,1,0,1,0,0,0,0,0,0.45499999999999996,0.1,1.0,0.0,0.8,skip,attack_already_active,1785296344.0214515,1785296344021451574,1385012238150172,47.6,53.3671875,-1.0,0,0
2026-07-28T23:39:04.953,10.42.0.145,10.42.0.1,41,2,TRAINING,0.9293977297375461,TRAINING,0.9293977297375461,0,39,1.0,0,0.0,0.0,0,0,0.0,0.0,0.33074571537266784,0,0,0,0,0,0,0,0,0.039999999999999994,0.05,0.0,0.0,0.15,skip,training_upload_trigger_not_confirmed,1785296344.9536457,1785296344953645950,1385013170344397,7.0,53.3671875,-1.0,0,0
2026-07-28T23:39:05.128,10.42.0.18,10.42.0.1,65,3,UPLOAD,0.9841010226033655,UPLOAD,0.9841010226033655,0,39,1.0,0,0.0,0.0,0,0,0.0,0.0,0.23350145392213778,0,0,1,0,0,0,0,0,0.4375,0.05,1.0,0.0,0.8,skip,attack_already_active,1785296345.1286361,1785296345128636135,1385013345334761,7.0,53.3671875,-1.0,0,0
2026-07-28T23:39:05.613,10.42.0.47,10.42.0.1|10.42.0.47,93,3,UPLOAD,0.95,UPLOAD,0.95,1,5792,100.0,1,0.0,5792.0,0,1,0.0,1.0,0.09860082014463933,1,0,0,1,1,1,1,1,0.9699999999999999,1.0,1.0,1.0,0.8,trigger,training_upload_trigger_confirmed,1785296345.6138284,1785296345613828367,1385013830526922,9.2,53.3671875,8.324731,1785296345622154326,1385013838851653
2026-07-28T23:39:05.614,10.42.0.47,10.42.0.1|10.42.0.47,93,3,UPLOAD,0.95,UPLOAD,0.95,1,1448,100.0,2,0.0,7240.0,0,2,0.0,1.0,0.08573323086961107,1,0,1,1,1,1,1,1,0.9699999999999999,1.0,1.0,1.0,0.8,skip,attack_already_active,1785296345.6147807,1785296345614780573,1385013831478938,9.2,53.3671875,-1.0,0,0
2026-07-28T23:39:05.615,10.42.0.47,10.42.0.1|10.42.0.47,93,3,UPLOAD,0.95,UPLOAD,0.95,1,4344,100.0,3,0.0,11584.0,0,3,0.0,1.0,0.07454275643920799,1,0,1,1,1,1,1,1,0.9699999999999999,1.0,1.0,1.0,0.8,skip,attack_already_active,1785296345.6155925,1785296345615592560,1385013832290774,9.2,53.3671875,-1.0,0,0
2026-07-28T23:39:05.616,10.42.0.47,10.42.0.1|10.42.0.47,93,3,UPLOAD,0.95,UPLOAD,0.95,1,2896,100.0,4,0.0,14480.0,0,4,0.0,1.0,0.06489300321366011,1,0,1,1,1,1,1,1,0.9699999999999999,1.0,1.0,1.0,0.8,skip,attack_already_active,1785296345.616906,1785296345616905929,1385013833604302,9.2,53.3671875,-1.0,0,0
2026-07-28T23:39:05.617,10.42.0.47,10.42.0.1|10.42.0.47,93,3,UPLOAD,0.95,UPLOAD,0.95,1,2896,100.0,5,0.0,17376.0,0,5,0.0,1.0,0.05642357330926239,1,0,1,1,1,1,1,1,0.9699999999999999,1.0,1.0,1.0,0.8,skip,attack_already_active,1785296345.6175268,1785296345617526809,1385013834225152,9.2,53.3671875,-1.0,0,0
2026-07-28T23:39:05.618,10.42.0.47,10.42.0.1|10.42.0.47,93,3,UPLOAD,0.95,UPLOAD,0.95,1,5792,100.0,6,0.0,23168.0,0,6,0.0,1.0,0.04913293874222588,1,0,1,1,1,1,1,1,0.9699999999999999,1.0,1.0,1.0,0.8,skip,attack_already_active,1785296345.6186237,1785296345618623821,1385013835321912,9.2,53.3671875,-1.0,0,0
2026-07-28T23:39:05.621,10.42.0.47,10.42.0.1|10.42.0.47,93,3,UPLOAD,0.95,UPLOAD,0.95,1,1448,100.0,7,0.0,24616.0,0,7,0.0,1.0,0.042989737765594366,1,0,1,1,1,1,1,1,0.9699999999999999,1.0,1.0,1.0,0.8,skip,attack_already_active,1785296345.6211376,1785296345621137774,1385013837836369,9.2,53.3671875,-1.0,0,0
2026-07-28T23:39:05.621,10.42.0.47,10.42.0.1|10.42.0.47,93,3,UPLOAD,0.95,UPLOAD,0.95,1,1448,100.0,8,0.0,26064.0,0,8,0.0,1.0,0.037407227379961036,1,0,1,1,1,1,1,1,0.9699999999999999,1.0,1.0,1.0,0.8,skip,attack_already_active,1785296345.6217632,1785296345621763342,1385013838461395,9.2,53.3671875,-1.0,0,0
2026-07-28T23:39:05.622,10.42.0.47,10.42.0.1|10.42.0.47,93,3,UPLOAD,0.95,UPLOAD,0.95,1,11584,100.0,9,0.0,37648.0,0,9,0.0,1.0,0.03255906121814966,1,0,1,1,1,1,1,1,0.9699999999999999,1.0,1.0,1.0,0.8,skip,attack_already_active,1785296345.622379,1785296345622379044,1385013839077007,9.2,53.3671875,-1.0,0,0
2026-07-28T23:39:05.623,10.42.0.47,10.42.0.1|10.42.0.47,93,3,UPLOAD,0.95,UPLOAD,0.95,1,5792,100.0,10,0.0,43440.0,0,10,0.0,1.0,0.02837850657257822,1,0,1,1,1,1,1,1,0.9699999999999999,1.0,1.0,1.0,0.8,skip,attack_already_active,1785296345.623213,1785296345623213126,1385013839911092,9.2,53.3671875,-1.0,0,0
2026-07-28T23:39:05.624,10.42.0.47,10.42.0.1|10.42.0.47,93,3,UPLOAD,0.95,UPLOAD,0.95,1,5792,100.0,11,0.0,49232.0,0,11,0.0,1.0,0.0247494706442966,1,0,1,1,1,1,1,1,0.9699999999999999,1.0,1.0,1.0,0.8,skip,attack_already_active,1785296345.6240518,1785296345624051697,1385013840749676,9.2,53.3671875,-1.0,0,0
2026-07-28T23:39:05.624,10.42.0.47,10.42.0.1|10.42.0.47,93,3,UPLOAD,0.95,UPLOAD,0.95,1,5792,100.0,12,0.0,55024.0,0,12,0.0,1.0,0.02159528732714304,1,0,1,1,1,1,1,1,0.9699999999999999,1.0,1.0,1.0,0.8,skip,attack_already_active,1785296345.624865,1785296345624865048,1385013841563013,9.2,53.3671875,-1.0,0,0
2026-07-28T23:39:05.625,10.42.0.47,10.42.0.1|10.42.0.47,93,3,UPLOAD,0.95,UPLOAD,0.95,1,5792,100.0,13,0.0,60816.0,0,13,0.0,1.0,0.018857498860624673,1,0,1,1,1,1,1,1,0.9699999999999999,1.0,1.0,1.0,0.8,skip,attack_already_active,1785296345.625684,1785296345625683883,1385013842381883,9.2,53.3671875,-1.0,0,0
2026-07-28T23:39:05.629,10.42.0.47,10.42.0.1|10.42.0.47,93,3,UPLOAD,0.95,UPLOAD,0.95,1,5792,100.0,14,0.0,66608.0,0,14,0.0,1.0,0.016822868729522454,1,0,1,1,1,1,1,1,0.9699999999999999,1.0,1.0,1.0,0.8,skip,attack_already_active,1785296345.6291013,1785296345629101395,1385013845799628,9.2,53.3671875,-1.0,0,0
2026-07-28T23:39:05.630,10.42.0.47,10.42.0.1|10.42.0.47,93,3,UPLOAD,0.95,UPLOAD,0.95,1,5792,100.0,15,0.0,72400.0,0,15,0.0,1.0,0.014789365144401974,1,0,1,1,1,1,1,1,0.9699999999999999,1.0,1.0,1.0,0.8,skip,attack_already_active,1785296345.6304924,1785296345630492389,1385013847190557,9.2,53.3671875,-1.0,0,0
2026-07-28T23:39:05.631,10.42.0.47,10.42.0.1|10.42.0.47,93,3,UPLOAD,0.95,UPLOAD,0.95,1,7129,100.0,16,0.0,79529.0,0,16,0.0,1.0,0.013022757219613634,1,0,1,1,1,1,1,1,0.9699999999999999,1.0,1.0,1.0,0.8,skip,attack_already_active,1785296345.6318755,1785296345631875482,1385013848573699,9.2,53.3671875,-1.0,0,0
2026-07-28T23:39:05.632,10.42.0.1,10.42.0.1|10.42.0.47,93,3,UPLOAD,0.9764061474358776,UPLOAD,0.9764061474358776,1,7240,100.0,1,0.0,7240.0,0,1,0.0,1.0,0.0853298705398555,1,0,1,1,1,1,1,1,0.9699999999999999,1.0,1.0,1.0,0.8,skip,attack_already_active,1785296345.6327362,1785296345632736371,1385013849434392,9.2,53.3671875,-1.0,0,0
2026-07-28T23:39:05.633,10.42.0.1,10.42.0.1|10.42.0.47,93,3,UPLOAD,0.9761441596084716,UPLOAD,0.9761441596084716,1,7240,100.0,2,0.0,14480.0,0,2,0.0,1.0,0.07416267067762464,1,0,1,1,1,1,1,1,0.9699999999999999,1.0,1.0,1.0,0.8,skip,attack_already_active,1785296345.6333213,1785296345633321145,1385013850019127,9.2,53.3671875,-1.0,0,0
2026-07-28T23:39:05.725,10.42.0.1,10.42.0.1|10.42.0.47,93,3,UPLOAD,0.9766333323725269,UPLOAD,0.9766333323725269,1,14480,100.0,3,0.0,28960.0,0,3,0.0,1.0,0.07655185119889131,1,0,1,1,1,1,1,1,0.9699999999999999,1.0,1.0,1.0,0.8,skip,attack_already_active,1785296345.7256148,1785296345725614732,1385013942314125,9.2,53.3671875,-1.0,0,0
2026-07-28T23:39:05.726,10.42.0.1,10.42.0.1|10.42.0.47,93,3,UPLOAD,0.9773200338414727,UPLOAD,0.9773200338414727,1,14480,100.0,4,0.0,43440.0,0,4,0.0,1.0,0.06661978820642214,1,0,1,1,1,1,1,1,0.9699999999999999,1.0,1.0,1.0,0.8,skip,attack_already_active,1785296345.726795,1785296345726795079,1385013943493984,9.2,53.3671875,-1.0,0,0
2026-07-28T23:39:05.728,10.42.0.1,10.42.0.1|10.42.0.47,93,3,UPLOAD,0.9775509142367155,UPLOAD,0.9775509142367155,1,8688,100.0,5,0.0,52128.0,0,5,0.0,1.0,0.05811348482278514,1,0,1,1,1,1,1,1,0.9699999999999999,1.0,1.0,1.0,0.8,skip,attack_already_active,1785296345.7288628,1785296345728862743,1385013945561866,9.2,53.3671875,-1.0,0,0
2026-07-28T23:39:05.730,10.42.0.1,10.42.0.1|10.42.0.47,93,3,UPLOAD,0.9767675842887332,UPLOAD,0.9767675842887332,1,8688,100.0,6,0.0,60816.0,0,6,0.0,1.0,0.0506452785673484,1,0,1,1,1,1,1,1,0.9699999999999999,1.0,1.0,1.0,0.8,skip,attack_already_active,1785296345.730302,1785296345730302204,1385013947008619,9.2,53.3671875,-1.0,0,0
2026-07-28T23:39:05.731,10.42.0.1,10.42.0.1|10.42.0.47,93,3,UPLOAD,0.9756447063398506,UPLOAD,0.9756447063398506,1,8688,100.0,7,0.0,69504.0,0,7,0.0,1.0,0.044152425746648655,1,0,1,1,1,1,1,1,0.9699999999999999,1.0,1.0,1.0,0.8,skip,attack_already_active,1785296345.731675,1785296345731674905,1385013948373101,9.2,53.3671875,-1.0,0,0
2026-07-28T23:39:05.733,10.42.0.1,10.42.0.1|10.42.0.47,93,3,UPLOAD,0.9742918570090043,UPLOAD,0.9742918570090043,1,8688,100.0,8,0.0,78192.0,0,8,0.0,1.0,0.03851745863347009,1,0,1,1,1,1,1,1,0.9699999999999999,1.0,1.0,1.0,0.8,skip,attack_already_active,1785296345.7330651,1785296345733065106,1385013949763423,9.2,53.3671875,-1.0,0,0
2026-07-28T23:39:05.734,10.42.0.1,10.42.0.1|10.42.0.47,93,3,UPLOAD,0.9736959498228274,UPLOAD,0.9736959498228274,1,1337,100.0,9,0.0,79529.0,0,9,0.0,1.0,0.03367935714397015,1,0,1,1,1,1,1,1,0.9699999999999999,1.0,1.0,1.0,0.8,skip,attack_already_active,1785296345.7348676,1785296345734867482,1385013951565856,9.2,53.3671875,-1.0,0,0
2026-07-28T23:39:06.067,10.42.0.1,,94,1,DOWNLOAD,0.9672670796287905,DOWNLOAD,0.9672670796287905,-1,1448,54.923342504196576,10,1448.0,79529.0,1,9,0.017881620707114364,0.9821183792928856,0.15832113197205122,0,0,0,0,1,0,0,0,0.44,0.8500000000000001,0.0,0.6000000000000001,0.15,skip,training_upload_trigger_not_confirmed,1785296346.0671024,1785296346067102525,1385014283802594,31.3,53.3671875,-1.0,0,0
2026-07-28T23:39:06.076,10.42.0.1,,94,1,DOWNLOAD,0.95,DOWNLOAD,0.95,-1,5792,10.984668506908193,11,7240.0,79529.0,2,9,0.08343993822678607,0.9165600617732139,0.13869815131544289,0,0,0,0,1,0,0,0,0.44,0.8500000000000001,0.0,0.6000000000000001,0.15,skip,training_upload_trigger_not_confirmed,1785296346.0765102,1785296346076510300,1385014293209271,31.3,53.3671875,-1.0,0,0
2026-07-28T23:39:06.080,10.42.0.1,,94,1,DOWNLOAD,0.95,DOWNLOAD,0.95,-1,7240,5.492334253833402,12,14480.0,79529.0,3,9,0.15402780584837622,0.8459721941516238,0.12099090646310574,0,0,0,0,1,0,0,0,0.32,0.8500000000000001,0.0,0.0,0.15,skip,training_upload_trigger_not_confirmed,1785296346.080833,1785296346080833106,1385014297533318,31.3,53.3671875,-1.0,0,0
2026-07-28T23:39:06.084,10.42.0.1,,94,1,DOWNLOAD,0.95,DOWNLOAD,0.95,-1,7240,3.6615561693065577,13,21720.0,79529.0,4,9,0.21452063724086165,0.7854793627591383,0.10552340029967852,0,0,0,0,1,0,0,0,0.26749999999999996,0.7,0.0,0.0,0.15,skip,training_upload_trigger_not_confirmed,1785296346.0844452,1785296346084445254,1385014301145353,31.3,53.3671875,-1.0,0,0
2026-07-28T23:39:06.086,10.42.0.1,,94,1,DOWNLOAD,0.95,DOWNLOAD,0.95,-1,7240,2.7461671270115273,14,28960.0,79529.0,5,9,0.266939505387643,0.733060494612357,0.09186561720065455,0,0,0,0,0,0,0,0,0.057499999999999996,0.1,0.0,0.0,0.15,skip,training_upload_trigger_not_confirmed,1785296346.0863235,1785296346086323478,1385014303022324,31.3,53.3671875,-1.0,0,0
2026-07-28T23:39:06.090,10.42.0.1,,94,1,DOWNLOAD,0.95,DOWNLOAD,0.95,-1,7240,2.1969337016243937,15,36200.0,79529.0,6,9,0.31279973040465225,0.6872002695953477,0.08034465937451622,0,0,0,0,0,0,0,0,0.057499999999999996,0.1,0.0,0.0,0.15,skip,training_upload_trigger_not_confirmed,1785296346.0907598,1785296346090759608,1385014307458771,31.3,53.3671875,-1.0,0,0
2026-07-28T23:39:06.091,10.42.0.1,,94,1,DOWNLOAD,0.95,DOWNLOAD,0.95,-1,7240,1.8307780846954238,16,43440.0,79529.0,7,9,0.35325976465613285,0.6467402353438672,0.06991943018811066,0,0,0,0,0,0,0,0,0.057499999999999996,0.1,0.0,0.0,0.15,skip,training_upload_trigger_not_confirmed,1785296346.0919902,1785296346091990253,1385014308688850,31.3,53.3671875,-1.0,0,0
2026-07-28T23:39:06.094,10.42.0.1,,94,1,DOWNLOAD,0.95,DOWNLOAD,0.95,-1,7240,1.569238358315524,17,50680.0,79529.0,8,9,0.3892204071915152,0.6107795928084848,0.06098438180909822,0,0,0,0,0,0,0,0,0.057499999999999996,0.1,0.0,0.0,0.15,skip,training_upload_trigger_not_confirmed,1785296346.094104,1785296346094104120,1385014310803403,31.3,53.3671875,-1.0,0,0
2026-07-28T23:39:06.095,10.42.0.1,,94,1,DOWNLOAD,0.95,DOWNLOAD,0.95,-1,14480,1.2205187231396482,18,65160.0,79529.0,9,9,0.4503452232028696,0.5496547767971304,0.05316142773955386,0,0,0,0,0,0,0,0,0.057499999999999996,0.1,0.0,0.0,0.15,skip,training_upload_trigger_not_confirmed,1785296346.0957222,1785296346095722149,1385014312422668,31.3,53.3671875,-1.0,0,0
2026-07-28T23:39:06.097,10.42.0.1,,94,1,DOWNLOAD,0.95,DOWNLOAD,0.95,-1,20272,0.9309041108726133,19,85432.0,79529.0,10,9,0.517892107831548,0.48210789216845196,0.04636274161573519,0,0,0,0,0,0,0,0,0.039999999999999994,0.05,0.0,0.0,0.15,skip,training_upload_trigger_not_confirmed,1785296346.0972903,1785296346097290304,1385014313990394,31.3,53.3671875,-1.0,0,0
2026-07-28T23:39:06.098,10.42.0.1,,94,1,DOWNLOAD,0.95,DOWNLOAD,0.95,-1,21720,0.7422073316434391,20,107152.0,79529.0,11,9,0.5739844976189329,0.42601550238106717,0.04046224222049375,0,0,0,0,0,0,0,0,0.0225,0.0,0.0,0.0,0.15,skip,training_upload_trigger_not_confirmed,1785296346.0988758,1785296346098875669,1385014315575502,31.3,53.3671875,-1.0,0,0
2026-07-28T23:39:06.101,10.42.0.1,,94,1,DOWNLOAD,0.95,DOWNLOAD,0.95,-1,21720,0.6171162083337178,21,128872.0,79529.0,12,9,0.6183847486336438,0.3816152513663562,0.035451941087695844,0,0,0,0,0,0,0,0,0.0225,0.0,0.0,0.0,0.15,skip,training_upload_trigger_not_confirmed,1785296346.1013162,1785296346101316176,1385014318016050,31.3,53.3671875,-1.0,0,0
2026-07-28T23:39:06.103,10.42.0.1,,94,1,DOWNLOAD,0.95,DOWNLOAD,0.95,-1,14024,0.5565516179630181,22,142896.0,79529.0,13,9,0.6424457682364842,0.3575542317635158,0.031010570523578952,0,0,0,0,0,0,0,0,0.0225,0.0,0.0,0.0,0.15,skip,training_upload_trigger_not_confirmed,1785296346.1030638,1785296346103063894,1385014319763308,31.3,53.3671875,-1.0,0,0
2026-07-28T23:39:06.104,10.42.0.1,,94,1,DOWNLOAD,0.95,DOWNLOAD,0.95,-1,21720,0.4831182874114112,23,164616.0,79529.0,14,9,0.674255053349444,0.32574494665055603,0.0271318072019964,0,0,0,0,0,0,0,0,0.0225,0.0,0.0,0.0,0.15,skip,training_upload_trigger_not_confirmed,1785296346.1046395,1785296346104639583,1385014321339844,31.3,53.3671875,-1.0,0,0
2026-07-28T23:39:06.106,10.42.0.18,,65,1,DOWNLOAD,0.95,DOWNLOAD,0.95,-1,7300,1.3698630135109776e-10,1,7300.0,0.0,1,0,1.0,0.0,0.33158990784012454,0,0,0,0,0,0,0,0,0.0225,0.0,0.0,0.0,0.15,skip,already_attacked_this_round,1785296346.1065037,1785296346106503750,1385014323203309,31.3,53.3671875,-1.0,0,0
2026-07-28T23:39:06.107,10.42.0.18,,65,1,DOWNLOAD,0.95,DOWNLOAD,0.95,-1,7300,6.84931506802402e-11,2,14600.0,0.0,2,0,1.0,0.0,0.28805467602560275,0,0,0,0,0,0,0,0,0.0225,0.0,0.0,0.0,0.15,skip,already_attacked_this_round,1785296346.1077168,1785296346107716953,1385014324417423,31.3,53.3671875,-1.0,0,0
2026-07-28T23:39:06.109,10.42.0.59,,38,1,DOWNLOAD,0.95,DOWNLOAD,0.95,-1,14600,6.84931506802402e-11,1,14600.0,0.0,1,0,1.0,0.0,1.0503847196987905,0,0,0,0,0,0,0,0,0.0225,0.0,0.0,0.0,0.15,skip,training_upload_trigger_not_confirmed,1785296346.1092682,1785296346109268209,1385014325967439,31.3,53.3671875,-1.0,0,0
2026-07-28T23:39:06.110,10.42.0.59,,38,1,DOWNLOAD,0.95,DOWNLOAD,0.95,-1,14600,3.424657534129292e-11,2,29200.0,0.0,2,0,1.0,0.0,0.9120801954913782,0,0,0,0,0,0,0,0,0.0225,0.0,0.0,0.0,0.15,skip,training_upload_trigger_not_confirmed,1785296346.1100981,1785296346110098085,1385014326797114,31.3,53.3671875,-1.0,0,0
2026-07-28T23:39:06.112,10.42.0.18,,65,1,DOWNLOAD,0.95,DOWNLOAD,0.95,-1,10220,4.029008863657171e-11,3,24820.0,0.0,3,0,1.0,0.0,0.25074610621276827,0,0,0,0,0,0,0,0,0.0225,0.0,0.0,0.0,0.15,skip,already_attacked_this_round,1785296346.112647,1785296346112647202,1385014329346953,31.3,53.3671875,-1.0,0,0
2026-07-28T23:39:06.113,10.42.0.18,,65,1,DOWNLOAD,0.95,DOWNLOAD,0.95,-1,4380,3.424657534129292e-11,4,29200.0,0.0,4,0,1.0,0.0,0.21783122356165868,0,0,0,0,0,0,0,0,0.0225,0.0,0.0,0.0,0.15,skip,already_attacked_this_round,1785296346.1136112,1785296346113611293,1385014330310354,31.3,53.3671875,-1.0,0,0
2026-07-28T23:39:06.114,10.42.0.18,,65,1,DOWNLOAD,0.95,DOWNLOAD,0.95,-1,14600,2.2831050227789245e-11,5,43800.0,0.0,5,0,1.0,0.0,0.18924827828026758,0,0,0,0,0,0,0,0,0.0225,0.0,0.0,0.0,0.15,skip,already_attacked_this_round,1785296346.1145344,1785296346114534291,1385014331232550,31.3,53.3671875,-1.0,0,0
2026-07-28T23:39:06.115,10.42.0.145,,41,2,TRAINING,0.95,TRAINING,0.95,-1,14600,6.84931506802402e-11,1,14600.0,0.0,1,0,1.0,0.0,0.4402958008432726,0,0,0,0,0,0,0,0,0.0225,0.0,0.0,0.0,0.15,skip,training_upload_trigger_not_confirmed,1785296346.1157367,1785296346115736835,1385014332435208,31.3,53.3671875,-1.0,0,0
2026-07-28T23:39:06.116,10.42.0.145,,41,2,TRAINING,0.95,TRAINING,0.95,-1,14600,3.424657534129292e-11,2,29200.0,0.0,2,0,1.0,0.0,0.3823858596759766,0,0,0,0,0,0,0,0,0.0225,0.0,0.0,0.0,0.15,skip,training_upload_trigger_not_confirmed,1785296346.11657,1785296346116570239,1385014333268979,31.3,53.3671875,-1.0,0,0
2026-07-28T23:39:06.117,10.42.0.59,,38,1,DOWNLOAD,0.95,DOWNLOAD,0.95,-1,26280,1.8024513337814986e-11,3,55480.0,0.0,3,0,1.0,0.0,0.7928929958050093,0,0,0,0,0,0,0,0,0.0225,0.0,0.0,0.0,0.15,skip,training_upload_trigger_not_confirmed,1785296346.1176996,1785296346117699463,1385014334398007,31.3,53.3671875,-1.0,0,0
2026-07-28T23:39:06.119,10.42.0.59,,38,1,DOWNLOAD,0.95,DOWNLOAD,0.95,-1,10577,1.5138441043112185e-11,4,66057.0,0.0,4,0,1.0,0.0,0.6885816075969308,0,0,0,0,0,0,0,0,0.0225,0.0,0.0,0.0,0.15,skip,training_upload_trigger_not_confirmed,1785296346.1190023,1785296346119002281,1385014335701372,31.3,53.3671875,-1.0,0,0
2026-07-28T23:39:06.122,10.42.0.210,,93,1,DOWNLOAD,0.95,DOWNLOAD,0.95,-1,1448,6.906077343296907e-10,1,1448.0,0.0,1,0,1.0,0.0,0.38799120103059787,0,0,0,0,0,0,0,0,0.0225,0.0,0.0,0.0,0.15,skip,training_upload_trigger_not_confirmed,1785296346.122934,1785296346122933954,1385014339632524,31.3,53.3671875,-1.0,0,0
2026-07-28T23:39:06.126,10.42.0.18,,65,1,DOWNLOAD,0.954648217806018,DOWNLOAD,0.954648217806018,-1,24820,1.4573010783815608e-11,6,68620.0,0.0,6,0,1.0,0.0,0.16586830552389767,0,0,0,0,0,0,0,0,0.0225,0.0,0.0,0.0,0.15,skip,already_attacked_this_round,1785296346.1263585,1785296346126358428,1385014343056970,31.3,53.3671875,-1.0,0,0
2026-07-28T23:39:06.127,10.42.0.18,,65,1,DOWNLOAD,0.9637451622875044,DOWNLOAD,0.9637451622875044,-1,10564,1.2628813901638856e-11,7,79184.0,0.0,7,0,1.0,0.0,0.14411499528647523,0,0,0,0,0,0,0,0,0.0225,0.0,0.0,0.0,0.15,skip,already_attacked_this_round,1785296346.127147,1785296346127147102,1385014343845497,31.3,53.3671875,-1.0,0,0
2026-07-28T23:39:06.129,10.42.0.145,,41,2,TRAINING,0.95,TRAINING,0.95,-1,29200,1.7123287670939668e-11,3,58400.0,0.0,3,0,1.0,0.0,0.3337420302389605,0,0,0,0,0,0,0,0,0.0225,0.0,0.0,0.0,0.15,skip,training_upload_trigger_not_confirmed,1785296346.1298113,1785296346129811130,1385014346511120,31.3,53.3671875,-1.0,0,0
2026-07-28T23:39:06.131,10.42.0.145,,41,2,TRAINING,0.95,TRAINING,0.95,-1,6184,1.5483711135645304e-11,4,64584.0,0.0,4,0,1.0,0.0,0.29000724540187356,0,0,0,0,0,0,0,0,0.0225,0.0,0.0,0.0,0.15,skip,training_upload_trigger_not_confirmed,1785296346.1316621,1785296346131662018,1385014348362402,31.3,53.3671875,-1.0,0,0
2026-07-28T23:39:06.137,10.42.0.47,,94,1,DOWNLOAD,0.95,DOWNLOAD,0.95,-1,2896,27.461671261580914,17,2896.0,79529.0,1,16,0.0351349711859266,0.9648650288140734,0.019538855923761478,0,0,0,0,0,0,0,0,0.057499999999999996,0.1,0.0,0.0,0.15,skip,training_upload_trigger_not_confirmed,1785296346.137465,1785296346137465048,1385014354164129,31.3,53.3671875,-1.0,0,0
2026-07-28T23:39:06.138,10.42.0.47,,94,1,DOWNLOAD,0.9829981496648164,DOWNLOAD,0.9829981496648164,-1,5792,9.15389042263422,18,8688.0,79529.0,2,16,0.098484419102894,0.901515580897106,0.01706680589359291,0,0,0,0,0,0,0,0,0.057499999999999996,0.1,0.0,0.0,0.15,skip,training_upload_trigger_not_confirmed,1785296346.1382442,1785296346138244136,1385014354942312,31.3,53.3671875,-1.0,0,0
2026-07-28T23:39:06.139,10.42.0.47,,94,1,DOWNLOAD,0.9842257140988042,DOWNLOAD,0.9842257140988042,-1,8688,4.576945211580516,19,17376.0,79529.0,3,16,0.1793096331458645,0.8206903668541355,0.014994936956900677,0,0,0,0,0,0,0,0,0.057499999999999996,0.1,0.0,0.0,0.15,skip,training_upload_trigger_not_confirmed,1785296346.139588,1785296346139588032,1385014356286735,31.3,53.3671875,-1.0,0,0
2026-07-28T23:39:06.140,10.42.0.47,,94,1,DOWNLOAD,0.9842586901286671,DOWNLOAD,0.9842586901286671,-1,1448,4.224872503016103,20,18824.0,79529.0,4,16,0.19139223002857056,0.8086077699714295,0.013202339527578977,0,0,0,0,0,0,0,0,0.057499999999999996,0.1,0.0,0.0,0.15,skip,training_upload_trigger_not_confirmed,1785296346.1409795,1785296346140979557,1385014357678321,31.3,53.3671875,-1.0,0,0
2026-07-28T23:39:06.143,10.42.0.47,,94,1,DOWNLOAD,0.9842595481342594,DOWNLOAD,0.9842595481342594,-1,1448,3.923095895672696,21,20272.0,79529.0,5,16,0.2031242171922125,0.7968757828077875,0.011811059538117712,0,0,0,0,0,0,0,0,0.057499999999999996,0.1,0.0,0.0,0.15,skip,training_upload_trigger_not_confirmed,1785296346.1436238,1785296346143623955,1385014360322598,31.3,53.3671875,-1.0,0,0
2026-07-28T23:39:06.144,10.42.0.47,,94,1,DOWNLOAD,0.9842595696464124,DOWNLOAD,0.9842595696464124,-1,1448,3.6615561693065577,22,21720.0,79529.0,6,16,0.21452063724086165,0.7854793627591383,0.01037386136689288,0,0,0,0,0,0,0,0,0.057499999999999996,0.1,0.0,0.0,0.15,skip,training_upload_trigger_not_confirmed,1785296346.1445284,1785296346144528406,1385014361227090,31.3,53.3671875,-1.0,0,0
2026-07-28T23:39:06.145,10.42.0.47,,94,1,DOWNLOAD,0.9842595701605352,DOWNLOAD,0.9842595701605352,-1,1448,3.4327089087347757,23,23168.0,79529.0,7,16,0.22559568439194913,0.7744043156080509,0.009174432142903385,0,0,0,0,0,0,0,0,0.057499999999999996,0.1,0.0,0.0,0.15,skip,training_upload_trigger_not_confirmed,1785296346.1458,1785296346145800228,1385014362501160,31.3,53.3671875,-1.0,0,0
2026-07-28T23:39:06.148,10.42.0.47,,94,1,DOWNLOAD,0.9842595701720059,DOWNLOAD,0.9842595701720059,-1,1448,3.230784855287992,24,24616.0,79529.0,8,16,0.2363627634547986,0.7636372365452014,0.008294260165895326,0,0,0,0,0,0,0,0,0.057499999999999996,0.1,0.0,0.0,0.15,skip,training_upload_trigger_not_confirmed,1785296346.1482952,1785296346148295230,1385014364996476,31.3,53.3671875,-1.0,0,0
2026-07-28T23:39:06.149,10.42.0.47,,94,1,DOWNLOAD,0.9842595701722343,DOWNLOAD,0.9842595701722343,-1,7240,2.496515570018316,25,31856.0,79529.0,9,16,0.28599901243434933,0.7140009875656507,0.00739862164054215,0,0,0,0,0,0,0,0,0.057499999999999996,0.1,0.0,0.0,0.15,skip,training_upload_trigger_not_confirmed,1785296346.1497927,1785296346149792696,1385014366491860,31.3,53.3671875,-1.0,0,0
2026-07-28T23:39:06.151,10.42.0.47,,94,1,DOWNLOAD,0.9842595701722379,DOWNLOAD,0.9842595701722379,-1,5792,2.1124362515641617,26,37648.0,79529.0,10,16,0.32129172107154136,0.6787082789284586,0.006696533031883993,0,0,0,0,0,0,0,0,0.057499999999999996,0.1,0.0,0.0,0.15,skip,training_upload_trigger_not_confirmed,1785296346.1518633,1785296346151863193,1385014368563375,31.3,53.3671875,-1.0,0,0
2026-07-28T23:39:06.153,10.42.0.47,,94,1,DOWNLOAD,0.9842595701722379,DOWNLOAD,0.9842595701722379,-1,4344,1.8939083634765213,27,41992.0,79529.0,11,16,0.34555344343775973,0.6544465565622403,0.005993023506659085,0,0,0,0,0,0,0,0,0.057499999999999996,0.1,0.0,0.0,0.15,skip,training_upload_trigger_not_confirmed,1785296346.1532211,1785296346153221125,1385014369919625,31.3,53.3671875,-1.0,0,0
2026-07-28T23:39:06.154,10.42.0.47,,94,1,DOWNLOAD,0.9842595701722379,DOWNLOAD,0.9842595701722379,-1,7240,1.6153924276768077,28,49232.0,79529.0,12,16,0.38235179906959404,0.617648200930406,0.005378982574801839,0,0,0,0,0,0,0,0,0.057499999999999996,0.1,0.0,0.0,0.15,skip,training_upload_trigger_not_confirmed,1785296346.1545544,1785296346154554493,1385014371252841,31.3,53.3671875,-1.0,0,0
2026-07-28T23:39:06.155,10.42.0.47,,94,1,DOWNLOAD,0.9842595701722379,DOWNLOAD,0.9842595701722379,-1,5792,1.445351119503392,29,55024.0,79529.0,13,16,0.40893922840813657,0.5910607715918634,0.004765584895039856,0,0,0,0,0,0,0,0,0.057499999999999996,0.1,0.0,0.0,0.15,skip,training_upload_trigger_not_confirmed,1785296346.1552784,1785296346155278381,1385014371976382,31.3,53.3671875,-1.0,0,0
2026-07-28T23:39:06.156,10.42.0.47,,94,1,DOWNLOAD,0.9842595701722379,DOWNLOAD,0.9842595701722379,-1,4344,1.3395937205171202,30,59368.0,79529.0,14,16,0.4274246384011174,0.5725753615988827,0.004339051369118459,0,0,0,0,0,0,0,0,0.057499999999999996,0.1,0.0,0.0,0.15,skip,training_upload_trigger_not_confirmed,1785296346.1568072,1785296346156807181,1385014373505593,31.3,53.3671875,-1.0,0,0
2026-07-28T23:39:06.158,10.42.0.47,,94,1,DOWNLOAD,0.9842595701722379,DOWNLOAD,0.9842595701722379,-1,5349,1.228873402657279,31,64717.0,79529.0,15,16,0.4486571551377508,0.5513428448622492,0.003948082786577547,0,0,0,0,0,0,0,0,0.057499999999999996,0.1,0.0,0.0,0.15,skip,training_upload_trigger_not_confirmed,1785296346.1581793,1785296346158179213,1385014374877544,31.3,53.3671875,-1.0,0,0
2026-07-28T23:39:06.218,10.42.0.210,,93,1,DOWNLOAD,0.95,DOWNLOAD,0.95,-1,10136,8.632596684337655e-11,2,11584.0,0.0,2,0,1.0,0.0,0.3494279374388256,0,0,0,0,0,0,0,0,0.0225,0.0,0.0,0.0,0.15,skip,training_upload_trigger_not_confirmed,1785296346.2182794,1785296346218279444,1385014434978017,31.3,53.3671875,-1.0,0,0
2026-07-28T23:39:06.219,10.42.0.210,,93,1,DOWNLOAD,0.9557926560077417,DOWNLOAD,0.9557926560077417,-1,14480,3.8367096376674066e-11,3,26064.0,0.0,3,0,1.0,0.0,0.30355030871241817,0,0,0,0,0,0,0,0,0.0225,0.0,0.0,0.0,0.15,skip,training_upload_trigger_not_confirmed,1785296346.2195547,1785296346219554625,1385014436253412,31.3,53.3671875,-1.0,0,0
2026-07-28T23:39:06.220,10.42.0.210,,93,1,DOWNLOAD,0.9846998846180315,DOWNLOAD,0.9846998846180315,-1,5792,3.1391260672043216e-11,4,31856.0,0.0,4,0,1.0,0.0,0.2637029740795675,0,0,0,0,0,0,0,0,0.0225,0.0,0.0,0.0,0.15,skip,training_upload_trigger_not_confirmed,1785296346.2207146,1785296346220714587,1385014437412920,31.3,53.3671875,-1.0,0,0
2026-07-28T23:39:06.221,10.42.0.210,,93,1,DOWNLOAD,0.9854895428954357,DOWNLOAD,0.9854895428954357,-1,14480,2.158149171224142e-11,5,46336.0,0.0,5,0,1.0,0.0,0.22910398740203275,0,0,0,0,0,0,0,0,0.0225,0.0,0.0,0.0,0.15,skip,training_upload_trigger_not_confirmed,1785296346.2218554,1785296346221855525,1385014438554159,31.3,53.3671875,-1.0,0,0
2026-07-28T23:39:06.223,10.42.0.210,,93,1,DOWNLOAD,0.9855083405864443,DOWNLOAD,0.9855083405864443,-1,18368,1.5454995054162724e-11,6,64704.0,0.0,6,0,1.0,0.0,0.19910827970625455,0,0,0,0,0,0,0,0,0.0225,0.0,0.0,0.0,0.15,skip,training_upload_trigger_not_confirmed,1785296346.2233303,1785296346223330305,1385014440028631,31.3,53.3671875,-1.0,0,0
2026-07-28T23:39:06.337,10.42.0.1,,94,1,DOWNLOAD,0.6654515092115764,DOWNLOAD,0.6654515092115764,0,39,0.4831182874114112,23,164616.0,79529.0,14,9,0.674255053349444,0.32574494665055603,0.023726025033993348,0,0,0,0,0,0,0,0,0.0225,0.0,0.0,0.0,0.15,skip,training_upload_trigger_not_confirmed,1785296346.3379087,1785296346337908645,1385014554606851,31.3,53.3671875,-1.0,0,0
2026-07-28T23:39:06.420,10.42.0.210,,93,2,TRAINING,0.9293977297375461,TRAINING,0.9293977297375461,0,43,1.5454995054162724e-11,6,64704.0,0.0,6,0,1.0,0.0,0.6009830901270087,0,0,0,0,0,0,0,0,0.0225,0.0,0.0,0.0,0.15,skip,training_upload_trigger_not_confirmed,1785296346.4206283,1785296346420628265,1385014637326844,31.3,53.3671875,-1.0,0,0
2026-07-28T23:39:06.428,10.42.0.59,,38,3,UPLOAD,0.95,UPLOAD,0.95,1,64240,0.9724934526246652,5,66057.0,64240.0,4,1,0.5069725319846198,0.4930274680153802,0.6101117789182456,0,0,0,1,1,1,1,1,0.85,1.0,1.0,0.4,0.8,trigger,training_upload_trigger_confirmed,1785296346.428988,1785296346428987776,1385014645687271,31.3,53.3671875,9.59085,1785296346438580844,1385014655278121
2026-07-28T23:39:06.437,10.42.0.59,,38,3,UPLOAD,0.9841010226033655,UPLOAD,0.9841010226033655,1,5069,1.0492302102722009,6,66057.0,69309.0,4,2,0.48798812109392314,0.5120118789060769,0.5308279018111067,0,0,1,1,1,1,1,1,0.85,1.0,1.0,0.4,0.8,skip,attack_already_active,1785296346.4374363,1785296346437436422,1385014654134868,31.3,53.3671875,-1.0,0,0
2026-07-28T23:39:06.438,10.42.0.1,10.42.0.1,94,3,UPLOAD,0.95,UPLOAD,0.95,1,7240,0.5270994314068674,24,164616.0,86769.0,14,10,0.6548362074109434,0.3451637925890566,0.020847550288528992,1,0,0,0,1,0,0,0,0.85,1.0,1.0,0.4,0.8,trigger,training_upload_trigger_confirmed,1785296346.4385002,1785296346438500146,1385014655198464,31.3,53.3671875,16.660263,1785296346455161428,1385014671858727
2026-07-28T23:39:06.439,10.42.0.1,10.42.0.1,94,3,UPLOAD,0.95,UPLOAD,0.95,1,7240,0.5710805754023236,25,164616.0,94009.0,14,11,0.6365045915901402,0.36349540840985983,0.01821335268760603,1,0,1,0,1,0,0,0,0.85,1.0,1.0,0.4,0.8,skip,attack_already_active,1785296346.4393575,1785296346439357525,1385014656055798,31.3,53.3671875,-1.0,0,0
2026-07-28T23:39:06.441,10.42.0.1,10.42.0.1,94,3,UPLOAD,0.95,UPLOAD,0.95,1,10136,0.6326541769959623,26,164616.0,104145.0,14,12,0.6124995814124817,0.38750041858751827,0.016033440105998588,1,0,1,0,1,0,0,0,0.85,1.0,1.0,0.4,0.8,skip,attack_already_active,1785296346.441028,1785296346441028153,1385014657726916,31.3,53.3671875,-1.0,0,0
2026-07-28T23:39:06.441,10.42.0.1,10.42.0.1,94,3,UPLOAD,0.95,UPLOAD,0.95,1,4344,0.659042863393236,27,164616.0,108489.0,14,13,0.6027571813038941,0.3972428186961059,0.014018884518188258,1,0,1,0,1,0,0,0,0.85,1.0,1.0,0.4,0.8,skip,attack_already_active,1785296346.4417737,1785296346441773615,1385014658471953,31.3,53.3671875,-1.0,0,0
2026-07-28T23:39:06.442,10.42.0.1,10.42.0.1,94,3,UPLOAD,0.95,UPLOAD,0.95,1,14480,0.7470051513841485,28,164616.0,122969.0,14,14,0.5724081575881913,0.4275918424118087,0.012306962803549547,1,0,1,1,1,1,1,1,0.85,1.0,1.0,0.4,0.8,skip,attack_already_active,1785296346.4428012,1785296346442801252,1385014659499518,31.3,53.3671875,-1.0,0,0
2026-07-28T23:39:06.444,10.42.0.1,10.42.0.1,94,3,UPLOAD,0.95,UPLOAD,0.95,1,14480,0.8349674393750609,29,164616.0,137449.0,14,15,0.5449687981063678,0.45503120189363216,0.010962635680341365,1,0,1,1,1,1,1,1,0.85,1.0,1.0,0.4,0.8,skip,attack_already_active,1785296346.4449065,1785296346444906597,1385014661605423,31.3,53.3671875,-1.0,0,0
2026-07-28T23:39:06.445,10.42.0.1,10.42.0.1,94,3,UPLOAD,0.95,UPLOAD,0.95,1,5792,0.8701523545714259,30,164616.0,143241.0,14,16,0.5347157933715978,0.46528420662840214,0.009618450458278822,1,0,1,1,1,1,1,1,0.85,1.0,1.0,0.4,0.8,skip,attack_already_active,1785296346.4456685,1785296346445668454,1385014662366719,31.3,53.3671875,-1.0,0,0
2026-07-28T23:39:06.446,10.42.0.1,10.42.0.1,94,3,UPLOAD,0.95,UPLOAD,0.95,1,8688,0.9229297273659733,31,164616.0,151929.0,14,17,0.5200398047670948,0.4799601952329053,0.008451834374548226,1,0,1,1,1,1,1,1,0.85,1.0,1.0,0.4,0.8,skip,attack_already_active,1785296346.4464338,1785296346446433715,1385014663133001,31.3,53.3671875,-1.0,0,0
2026-07-28T23:39:06.447,10.42.0.1,10.42.0.1,94,3,UPLOAD,0.95,UPLOAD,0.95,1,7129,0.9662365748167479,32,164616.0,159058.0,14,18,0.5085857992918801,0.4914142007081199,0.007445169166889093,1,0,1,1,1,1,1,1,0.85,1.0,1.0,0.4,0.8,skip,attack_already_active,1785296346.4472463,1785296346447246258,1385014663944872,31.3,53.3671875,-1.0,0,0
2026-07-28T23:39:06.455,10.42.0.145,10.42.0.1,41,3,UPLOAD,0.95,UPLOAD,0.95,1,64240,0.994673603369338,5,64584.0,64240.0,4,1,0.5013351549400733,0.4986648450599267,0.2544593216405331,0,0,0,1,1,1,1,1,0.85,1.0,1.0,0.4,0.8,trigger,training_upload_trigger_confirmed,1785296346.4555776,1785296346455577626,1385014672275946,31.3,53.3671875,52.623558,1785296346508202232,1385014724899504
2026-07-28T23:39:06.490,10.42.0.1,10.42.0.1,94,3,UPLOAD,0.6125507569012417,UPLOAD,0.6125507569012417,0,39,0.9662365748167479,32,164616.0,159058.0,14,18,0.5085857992918801,0.4914142007081199,0.01124554389862621,1,0,1,1,1,1,1,1,0.8200000000000001,0.8000000000000002,1.0,0.6000000000000001,0.8,skip,attack_already_active,1785296346.490732,1785296346490731929,1385014707430789,31.3,53.3671875,-1.0,0,0
2026-07-28T23:39:06.553,10.42.0.18,10.42.0.1,65,3,UPLOAD,0.95,UPLOAD,0.95,1,61320,0.7743988684611235,8,79184.0,61320.0,7,1,0.5635711438820247,0.4364288561179753,0.1382712776928789,0,0,0,1,1,1,1,1,0.9699999999999999,1.0,1.0,1.0,0.8,skip,already_attacked_this_round,1785296346.553419,1785296346553418932,1385014770117812,31.3,53.3671875,-1.0,0,0
2026-07-28T23:39:06.554,10.42.0.18,10.42.0.1,65,3,UPLOAD,0.9841010226033655,UPLOAD,0.9841010226033655,1,18209,1.0043569407960653,9,79184.0,79529.0,7,2,0.49891313250962427,0.5010868674903757,0.12018662838672899,0,0,0,1,1,1,1,1,0.9699999999999999,1.0,1.0,1.0,0.8,skip,already_attacked_this_round,1785296346.554451,1785296346554450982,1385014771149442,31.3,53.3671875,-1.0,0,0
2026-07-28T23:39:06.555,10.42.0.1,10.42.0.1,94,3,UPLOAD,0.95,UPLOAD,0.95,1,7240,1.0102177188122041,33,164616.0,166298.0,14,19,0.49745855418628404,0.502541445813716,0.018292572057877696,1,0,1,1,1,1,1,1,0.9699999999999999,1.0,1.0,1.0,0.8,skip,attack_already_active,1785296346.5554554,1785296346555455599,1385014772153909,31.3,53.3671875,-1.0,0,0
2026-07-28T23:39:06.556,10.42.0.1,10.42.0.1,94,3,UPLOAD,0.95,UPLOAD,0.95,1,7240,1.0541988628076602,34,164616.0,173538.0,14,20,0.4868077858017353,0.5131922141982647,0.01597475966294245,1,0,1,1,1,1,1,1,0.9699999999999999,1.0,1.0,1.0,0.8,skip,attack_already_active,1785296346.5561588,1785296346556158697,1385014772856948,77.7,53.3671875,-1.0,0,0
2026-07-28T23:39:06.557,10.42.0.1,10.42.0.1,94,3,UPLOAD,0.95,UPLOAD,0.95,1,10136,1.115772464401299,35,164616.0,183674.0,14,21,0.4726406155789715,0.5273593844210285,0.014041830576091248,1,0,1,1,1,1,1,1,0.9699999999999999,1.0,1.0,1.0,0.8,skip,attack_already_active,1785296346.557465,1785296346557464973,1385014774163239,77.7,53.3671875,-1.0,0,0
2026-07-28T23:39:06.558,10.42.0.1,10.42.0.1,94,3,UPLOAD,0.95,UPLOAD,0.95,1,4344,1.1421611507985727,36,164616.0,188018.0,14,22,0.46681828751623494,0.533181712483765,0.012287707557293684,1,0,1,1,1,1,1,1,0.9699999999999999,1.0,1.0,1.0,0.8,skip,attack_already_active,1785296346.5581954,1785296346558195529,1385014774893877,77.7,53.3671875,-1.0,0,0
2026-07-28T23:39:06.558,10.42.0.1,10.42.0.1,94,3,UPLOAD,0.95,UPLOAD,0.95,1,14480,1.230123438789485,37,164616.0,202498.0,14,23,0.44840567235245726,0.5515943276475427,0.010766084119195472,1,0,1,1,1,1,1,1,0.9699999999999999,1.0,1.0,1.0,0.8,skip,attack_already_active,1785296346.5589359,1785296346558935933,1385014775634142,77.7,53.3671875,-1.0,0,0
2026-07-28T23:39:06.559,10.42.0.1,10.42.0.1,94,3,UPLOAD,0.95,UPLOAD,0.95,1,18824,1.3444744131776711,38,164616.0,221322.0,14,24,0.4265348320196508,0.5734651679803492,0.009480819147864614,1,0,1,1,1,1,1,1,0.9699999999999999,1.0,1.0,1.0,0.8,skip,attack_already_active,1785296346.5599484,1785296346559948430,1385014776646664,77.7,53.3671875,-1.0,0,0
2026-07-28T23:39:06.560,10.42.0.1,10.42.0.1,94,3,UPLOAD,0.95,UPLOAD,0.95,1,1448,1.3532706419767624,39,164616.0,222770.0,14,25,0.4249404986241114,0.5750595013758887,0.008319678111863479,1,0,1,1,1,1,1,1,0.9699999999999999,1.0,1.0,1.0,0.8,skip,attack_already_active,1785296346.5606177,1785296346560617606,1385014777315829,77.7,53.3671875,-1.0,0,0
2026-07-28T23:39:06.561,10.42.0.1,10.42.0.1,94,3,UPLOAD,0.95,UPLOAD,0.95,1,8688,1.40604801477131,40,164616.0,231458.0,14,26,0.4156193034634942,0.5843806965365058,0.007353048312275922,1,0,1,1,1,1,1,1,0.9699999999999999,1.0,1.0,1.0,0.8,skip,attack_already_active,1785296346.5616019,1785296346561601805,1385014778300111,77.7,53.3671875,-1.0,0,0
2026-07-28T23:39:06.562,10.42.0.1,10.42.0.1,94,3,UPLOAD,0.95,UPLOAD,0.95,1,7129,1.4493548622220844,41,164616.0,238587.0,14,27,0.4082707717948527,0.5917292282051473,0.006513230126374276,1,0,1,1,1,1,1,1,0.9699999999999999,1.0,1.0,1.0,0.8,skip,attack_already_active,1785296346.5625818,1785296346562581660,1385014779280112,77.7,53.3671875,-1.0,0,0
2026-07-28T23:39:06.656,10.42.0.59,10.42.0.1,38,3,UPLOAD,0.9854688349332961,UPLOAD,0.9854688349332961,0,39,1.0492302102722009,6,66057.0,69309.0,4,2,0.48798812109392314,0.5120118789060769,0.4668911089153278,0,0,1,1,1,1,1,1,0.8200000000000001,0.8000000000000002,1.0,0.6000000000000001,0.8,skip,attack_already_active,1785296346.6561651,1785296346656165209,1385014872863883,77.7,53.3671875,-1.0,0,0
2026-07-28T23:39:07.768,10.42.0.47,10.42.0.1|10.42.0.47,94,3,UPLOAD,0.95,UPLOAD,0.95,1,5792,100.0,1,0.0,5792.0,0,1,0.0,1.0,0.28501262893525126,1,0,0,1,1,1,1,1,0.9699999999999999,1.0,1.0,1.0,0.8,trigger,training_upload_trigger_confirmed,1785296347.7687447,1785296347768744826,1385015985443806,7.4,53.3671875,9.3944,1785296347778140912,1385015994838206
2026-07-28T23:39:07.771,10.42.0.47,10.42.0.1|10.42.0.47,94,3,UPLOAD,0.95,UPLOAD,0.95,1,1448,100.0,2,0.0,7240.0,0,2,0.0,1.0,0.24783580111430167,1,0,1,1,1,1,1,1,0.9699999999999999,1.0,1.0,1.0,0.8,skip,attack_already_active,1785296347.7716327,1785296347771632624,1385015988331296,7.4,53.3671875,-1.0,0,0
2026-07-28T23:39:07.772,10.42.0.47,10.42.0.1|10.42.0.47,94,3,UPLOAD,0.95,UPLOAD,0.95,1,4344,100.0,3,0.0,11584.0,0,3,0.0,1.0,0.2153191571704275,1,0,1,1,1,1,1,1,0.9699999999999999,1.0,1.0,1.0,0.8,skip,attack_already_active,1785296347.7727087,1785296347772708673,1385015989407261,7.4,53.3671875,-1.0,0,0
2026-07-28T23:39:07.774,10.42.0.47,10.42.0.1|10.42.0.47,94,3,UPLOAD,0.95,UPLOAD,0.95,1,2896,100.0,4,0.0,14480.0,0,4,0.0,1.0,0.18716105070338807,1,0,1,1,1,1,1,1,0.9699999999999999,1.0,1.0,1.0,0.8,skip,attack_already_active,1785296347.7743437,1785296347774343653,1385015991042637,7.4,53.3671875,-1.0,0,0
2026-07-28T23:39:07.777,10.42.0.47,10.42.0.1|10.42.0.47,94,3,UPLOAD,0.95,UPLOAD,0.95,1,5792,100.0,5,0.0,20272.0,0,5,0.0,1.0,0.16288321241124673,1,0,1,1,1,1,1,1,0.9699999999999999,1.0,1.0,1.0,0.8,skip,attack_already_active,1785296347.777267,1785296347777267030,1385015993965976,7.4,53.3671875,-1.0,0,0
2026-07-28T23:39:07.778,10.42.0.47,10.42.0.1|10.42.0.47,94,3,UPLOAD,0.95,UPLOAD,0.95,1,4344,100.0,6,0.0,24616.0,0,6,0.0,1.0,0.14162530521329525,1,0,1,1,1,1,1,1,0.9699999999999999,1.0,1.0,1.0,0.8,skip,attack_already_active,1785296347.7788298,1785296347778829832,1385015995528129,7.4,53.3671875,-1.0,0,0
2026-07-28T23:39:07.779,10.42.0.47,10.42.0.1|10.42.0.47,94,3,UPLOAD,0.95,UPLOAD,0.95,1,1448,100.0,7,0.0,26064.0,0,7,0.0,1.0,0.12310241939265518,1,0,1,1,1,1,1,1,0.9699999999999999,1.0,1.0,1.0,0.8,skip,attack_already_active,1785296347.77989,1785296347779890095,1385015996588577,7.4,53.3671875,-1.0,0,0
2026-07-28T23:39:07.781,10.42.0.47,10.42.0.1|10.42.0.47,94,3,UPLOAD,0.95,UPLOAD,0.95,1,5792,100.0,8,0.0,31856.0,0,8,0.0,1.0,0.10709291997648086,1,0,1,1,1,1,1,1,0.9699999999999999,1.0,1.0,1.0,0.8,skip,attack_already_active,1785296347.7815008,1785296347781500853,1385015998199621,7.4,53.3671875,-1.0,0,0
2026-07-28T23:39:07.783,10.42.0.47,10.42.0.1|10.42.0.47,94,3,UPLOAD,0.95,UPLOAD,0.95,1,5792,100.0,9,0.0,37648.0,0,9,0.0,1.0,0.09324427433645258,1,0,1,1,1,1,1,1,0.9699999999999999,1.0,1.0,1.0,0.8,skip,attack_already_active,1785296347.7835002,1785296347783500411,1385016000199144,7.4,53.3671875,-1.0,0,0
2026-07-28T23:39:07.785,10.42.0.47,10.42.0.1|10.42.0.47,94,3,UPLOAD,0.95,UPLOAD,0.95,1,5792,100.0,10,0.0,43440.0,0,10,0.0,1.0,0.08116334680253588,1,0,1,1,1,1,1,1,0.9699999999999999,1.0,1.0,1.0,0.8,skip,attack_already_active,1785296347.7850657,1785296347785065700,1385016001764447,7.4,53.3671875,-1.0,0,0
2026-07-28T23:39:07.786,10.42.0.47,10.42.0.1|10.42.0.47,94,3,UPLOAD,0.95,UPLOAD,0.95,1,4344,100.0,11,0.0,47784.0,0,11,0.0,1.0,0.07072015234756834,1,0,1,1,1,1,1,1,0.9699999999999999,1.0,1.0,1.0,0.8,skip,attack_already_active,1785296347.7869785,1785296347786978635,1385016003677120,7.4,53.3671875,-1.0,0,0
2026-07-28T23:39:07.788,10.42.0.47,10.42.0.1|10.42.0.47,94,3,UPLOAD,0.95,UPLOAD,0.95,1,5792,100.0,12,0.0,53576.0,0,12,0.0,1.0,0.06166520002476946,1,0,1,1,1,1,1,1,0.9699999999999999,1.0,1.0,1.0,0.8,skip,attack_already_active,1785296347.788983,1785296347788983001,1385016005681762,7.4,53.3671875,-1.0,0,0
2026-07-28T23:39:07.790,10.42.0.47,10.42.0.1|10.42.0.47,94,3,UPLOAD,0.95,UPLOAD,0.95,1,1448,100.0,13,0.0,55024.0,0,13,0.0,1.0,0.05373867638712402,1,0,1,1,1,1,1,1,0.9699999999999999,1.0,1.0,1.0,0.8,skip,attack_already_active,1785296347.790496,1785296347790495985,1385016007194387,7.4,53.3671875,-1.0,0,0
2026-07-28T23:39:07.791,10.42.0.47,10.42.0.1|10.42.0.47,94,3,UPLOAD,0.95,UPLOAD,0.95,1,4344,100.0,14,0.0,59368.0,0,14,0.0,1.0,0.04679489942231584,1,0,1,1,1,1,1,1,0.9699999999999999,1.0,1.0,1.0,0.8,skip,attack_already_active,1785296347.7915404,1785296347791540490,1385016008238880,7.4,53.3671875,-1.0,0,0
2026-07-28T23:39:07.793,10.42.0.47,10.42.0.1|10.42.0.47,94,3,UPLOAD,0.95,UPLOAD,0.95,1,5792,100.0,15,0.0,65160.0,0,15,0.0,1.0,0.040831294835284235,1,0,1,1,1,1,1,1,0.9699999999999999,1.0,1.0,1.0,0.8,skip,attack_already_active,1785296347.7930791,1785296347793079086,1385016009778428,7.4,53.3671875,-1.0,0,0
2026-07-28T23:39:07.794,10.42.0.47,10.42.0.1|10.42.0.47,94,3,UPLOAD,0.95,UPLOAD,0.95,1,1448,100.0,16,0.0,66608.0,0,16,0.0,1.0,0.035676538671306546,1,0,1,1,1,1,1,1,0.9699999999999999,1.0,1.0,1.0,0.8,skip,attack_already_active,1785296347.7947924,1785296347794792422,1385016011491311,7.4,53.3671875,-1.0,0,0
2026-07-28T23:39:07.795,10.42.0.47,10.42.0.1|10.42.0.47,94,3,UPLOAD,0.95,UPLOAD,0.95,1,4344,100.0,17,0.0,70952.0,0,17,0.0,1.0,0.031126682583595175,1,0,1,1,1,1,1,1,0.9699999999999999,1.0,1.0,1.0,0.8,skip,attack_already_active,1785296347.7959414,1785296347795941322,1385016012639948,7.4,53.3671875,-1.0,0,0
2026-07-28T23:39:07.797,10.42.0.47,10.42.0.1|10.42.0.47,94,3,UPLOAD,0.95,UPLOAD,0.95,1,5792,100.0,18,0.0,76744.0,0,18,0.0,1.0,0.02723224164720483,1,0,1,1,1,1,1,1,0.9699999999999999,1.0,1.0,1.0,0.8,skip,attack_already_active,1785296347.7975142,1785296347797514157,1385016014212888,7.4,53.3671875,-1.0,0,0
2026-07-28T23:39:07.799,10.42.0.47,10.42.0.1|10.42.0.47,94,3,UPLOAD,0.95,UPLOAD,0.95,1,2811,100.0,19,0.0,79555.0,0,19,0.0,1.0,0.023845710459521406,1,0,1,1,1,1,1,1,0.9699999999999999,1.0,1.0,1.0,0.8,skip,attack_already_active,1785296347.799047,1785296347799046818,1385016015745279,7.4,53.3671875,-1.0,0,0
2026-07-28T23:39:07.800,10.42.0.1,10.42.0.1|10.42.0.47,94,3,UPLOAD,0.95,UPLOAD,0.95,1,7240,100.0,1,0.0,7240.0,0,1,0.0,1.0,0.009625525429758438,1,0,1,1,1,1,1,1,0.9699999999999999,1.0,1.0,1.0,0.8,skip,attack_already_active,1785296347.800557,1785296347800556764,1385016017255324,7.4,53.3671875,-1.0,0,0
2026-07-28T23:39:07.801,10.42.0.1,10.42.0.1|10.42.0.47,94,3,UPLOAD,0.9543312729368805,UPLOAD,0.9543312729368805,1,5792,100.0,2,0.0,13032.0,0,2,0.0,1.0,0.008490839731183695,1,0,1,1,1,1,1,1,0.9699999999999999,1.0,1.0,1.0,0.8,skip,attack_already_active,1785296347.8015716,1785296347801571652,1385016018269959,7.4,53.3671875,-1.0,0,0
2026-07-28T23:39:07.806,10.42.0.1,10.42.0.1|10.42.0.47,94,3,UPLOAD,0.9580367171140102,UPLOAD,0.9580367171140102,1,1448,100.0,3,0.0,14480.0,0,3,0.0,1.0,0.007966822432853982,1,0,1,1,1,1,1,1,0.9699999999999999,1.0,1.0,1.0,0.8,skip,attack_already_active,1785296347.8060858,1785296347806085871,1385016022785115,7.4,53.3671875,-1.0,0,0
2026-07-28T23:39:07.876,10.42.0.1,10.42.0.1|10.42.0.47,94,3,UPLOAD,0.9597849756583701,UPLOAD,0.9597849756583701,1,14480,100.0,4,0.0,28960.0,0,4,0.0,1.0,0.016175510546993652,1,0,1,1,1,1,1,1,0.9699999999999999,1.0,1.0,1.0,0.8,skip,attack_already_active,1785296347.876346,1785296347876346149,1385016093044716,7.4,53.3671875,-1.0,0,0
2026-07-28T23:39:07.877,10.42.0.1,10.42.0.1|10.42.0.47,94,3,UPLOAD,0.9612933348966025,UPLOAD,0.9612933348966025,1,14480,100.0,5,0.0,43440.0,0,5,0.0,1.0,0.014138526439460779,1,0,1,1,1,1,1,1,0.9699999999999999,1.0,1.0,1.0,0.8,skip,attack_already_active,1785296347.8770635,1785296347877063342,1385016093761475,7.4,53.3671875,-1.0,0,0
2026-07-28T23:39:07.878,10.42.0.1,10.42.0.1|10.42.0.47,94,3,UPLOAD,0.9622377010847496,UPLOAD,0.9622377010847496,1,1448,100.0,6,0.0,44888.0,0,6,0.0,1.0,0.012416682625781153,1,0,1,1,1,1,1,1,0.9699999999999999,1.0,1.0,1.0,0.8,skip,attack_already_active,1785296347.8781354,1785296347878135491,1385016094833958,7.4,53.3671875,-1.0,0,0
2026-07-28T23:39:07.879,10.42.0.1,10.42.0.1|10.42.0.47,94,3,UPLOAD,0.9634830095135122,UPLOAD,0.9634830095135122,1,8688,100.0,7,0.0,53576.0,0,7,0.0,1.0,0.010952554415443941,1,0,1,1,1,1,1,1,0.9699999999999999,1.0,1.0,1.0,0.8,skip,attack_already_active,1785296347.8794413,1785296347879441104,1385016096139554,7.4,53.3671875,-1.0,0,0
2026-07-28T23:39:07.880,10.42.0.1,10.42.0.1|10.42.0.47,94,3,UPLOAD,0.9645071216296282,UPLOAD,0.9645071216296282,1,10136,100.0,8,0.0,63712.0,0,8,0.0,1.0,0.009608849374704487,1,0,1,1,1,1,1,1,0.9699999999999999,1.0,1.0,1.0,0.8,skip,attack_already_active,1785296347.8801968,1785296347880196823,1385016096895039,7.4,53.3671875,-1.0,0,0
2026-07-28T23:39:07.880,10.42.0.210,10.42.0.1|10.42.0.47,93,3,UPLOAD,0.95,UPLOAD,0.95,1,1448,100.0,1,0.0,1448.0,0,1,0.0,1.0,0.7142099414191017,0,0,0,1,1,1,1,1,0.9525,0.95,1.0,1.0,0.8,trigger,training_upload_trigger_confirmed,1785296347.8808587,1785296347880858715,1385016097556917,7.4,53.3671875,61.270973,1785296347942130596,1385016158827890
2026-07-28T23:39:07.881,10.42.0.210,10.42.0.1|10.42.0.47,93,3,UPLOAD,0.9841010226033655,UPLOAD,0.9841010226033655,1,1448,100.0,2,0.0,2896.0,0,2,0.0,1.0,0.6201828663070398,0,0,1,1,1,1,1,1,0.9699999999999999,1.0,1.0,1.0,0.8,skip,attack_already_active,1785296347.8815231,1785296347881523154,1385016098221301,7.4,53.3671875,-1.0,0,0
2026-07-28T23:39:07.882,10.42.0.210,10.42.0.1|10.42.0.47,93,3,UPLOAD,0.9854688349332961,UPLOAD,0.9854688349332961,1,1448,100.0,3,0.0,4344.0,0,3,0.0,1.0,0.5386240115889496,0,0,1,1,1,1,1,1,0.9699999999999999,1.0,1.0,1.0,0.8,skip,attack_already_active,1785296347.8827784,1785296347882778448,1385016099476577,7.4,53.3671875,-1.0,0,0
2026-07-28T23:39:07.883,10.42.0.210,10.42.0.1|10.42.0.47,93,3,UPLOAD,0.9855076450773014,UPLOAD,0.9855076450773014,1,1448,100.0,4,0.0,5792.0,0,4,0.0,1.0,0.46773442776697605,0,0,1,1,1,1,1,1,0.9699999999999999,1.0,1.0,1.0,0.8,skip,attack_already_active,1785296347.883441,1785296347883440933,1385016100139056,7.4,53.3671875,-1.0,0,0
2026-07-28T23:39:07.884,10.42.0.210,10.42.0.1|10.42.0.47,93,3,UPLOAD,0.9855086980780915,UPLOAD,0.9855086980780915,1,1448,100.0,5,0.0,7240.0,0,5,0.0,1.0,0.4062177929297706,0,0,1,1,1,1,1,1,0.9699999999999999,1.0,1.0,1.0,0.8,skip,attack_already_active,1785296347.8843427,1785296347884342739,1385016101040885,7.4,53.3671875,-1.0,0,0
2026-07-28T23:39:07.884,10.42.0.210,10.42.0.1|10.42.0.47,93,3,UPLOAD,0.9855087254685951,UPLOAD,0.9855087254685951,1,1448,100.0,6,0.0,8688.0,0,6,0.0,1.0,0.35277065868139024,0,0,1,1,1,1,1,1,0.9699999999999999,1.0,1.0,1.0,0.8,skip,attack_already_active,1785296347.884965,1785296347884964768,1385016101663016,7.4,53.3671875,-1.0,0,0
2026-07-28T23:39:07.886,10.42.0.210,10.42.0.1|10.42.0.47,93,3,UPLOAD,0.9855087261493067,UPLOAD,0.9855087261493067,1,1448,100.0,7,0.0,10136.0,0,7,0.0,1.0,0.30642320071111495,0,0,1,1,1,1,1,1,0.9699999999999999,1.0,1.0,1.0,0.8,skip,attack_already_active,1785296347.8860176,1785296347886017633,1385016102715826,7.4,53.3671875,-1.0,0,0
2026-07-28T23:39:07.886,10.42.0.210,10.42.0.1|10.42.0.47,93,3,UPLOAD,0.9855087261653082,UPLOAD,0.9855087261653082,1,1448,100.0,8,0.0,11584.0,0,8,0.0,1.0,0.2661313155498705,0,0,1,1,1,1,1,1,0.9699999999999999,1.0,1.0,1.0,0.8,skip,attack_already_active,1785296347.8866768,1785296347886676746,1385016103374996,7.4,53.3671875,-1.0,0,0
2026-07-28T23:39:07.887,10.42.0.210,10.42.0.1|10.42.0.47,93,3,UPLOAD,0.985508726165656,UPLOAD,0.985508726165656,1,1448,100.0,9,0.0,13032.0,0,9,0.0,1.0,0.2311850336735325,0,0,1,1,1,1,1,1,0.9699999999999999,1.0,1.0,1.0,0.8,skip,attack_already_active,1785296347.8876104,1785296347887610401,1385016104308716,7.4,53.3671875,-1.0,0,0
2026-07-28T23:39:07.888,10.42.0.210,10.42.0.1|10.42.0.47,93,3,UPLOAD,0.9855087261656625,UPLOAD,0.9855087261656625,1,1448,100.0,10,0.0,14480.0,0,10,0.0,1.0,0.20080303105390146,0,0,1,1,1,1,1,1,0.9699999999999999,1.0,1.0,1.0,0.8,skip,attack_already_active,1785296347.8882349,1785296347888234780,1385016104933140,7.4,53.3671875,-1.0,0,0
2026-07-28T23:39:07.889,10.42.0.1,10.42.0.1|10.42.0.47,94,3,UPLOAD,0.9654749691536868,UPLOAD,0.9654749691536868,1,14480,100.0,9,0.0,78192.0,0,9,0.0,1.0,0.009594697829822545,1,0,1,1,1,1,1,1,0.9699999999999999,1.0,1.0,1.0,0.8,skip,attack_already_active,1785296347.8896983,1785296347889698313,1385016106396652,7.4,53.3671875,-1.0,0,0
2026-07-28T23:39:07.890,10.42.0.1,10.42.0.1|10.42.0.47,94,3,UPLOAD,0.9665002573555148,UPLOAD,0.9665002573555148,1,1350,100.0,10,0.0,79542.0,0,10,0.0,1.0,0.008453266808179443,1,0,1,1,1,1,1,1,0.9699999999999999,1.0,1.0,1.0,0.8,skip,attack_already_active,1785296347.890631,1785296347890630805,1385016107328966,7.4,53.3671875,-1.0,0,0
2026-07-28T23:39:07.891,10.42.0.210,10.42.0.1|10.42.0.47,93,3,UPLOAD,0.95,UPLOAD,0.95,1,1448,100.0,11,0.0,15928.0,0,11,0.0,1.0,0.1748316141644352,0,0,1,1,1,1,1,1,0.9699999999999999,1.0,1.0,1.0,0.8,skip,attack_already_active,1785296347.891948,1785296347891947977,1385016108646302,7.4,53.3671875,-1.0,0,0
2026-07-28T23:39:07.892,10.42.0.210,10.42.0.1|10.42.0.47,93,3,UPLOAD,0.95,UPLOAD,0.95,1,1448,100.0,12,0.0,17376.0,0,12,0.0,1.0,0.15188193121374588,0,0,1,1,1,1,1,1,0.9699999999999999,1.0,1.0,1.0,0.8,skip,attack_already_active,1785296347.8926208,1785296347892620750,1385016109319033,7.4,53.3671875,-1.0,0,0
2026-07-28T23:39:07.893,10.42.0.210,10.42.0.1|10.42.0.47,93,3,UPLOAD,0.95,UPLOAD,0.95,1,1448,100.0,13,0.0,18824.0,0,13,0.0,1.0,0.13199180662702006,0,0,1,1,1,1,1,1,0.9699999999999999,1.0,1.0,1.0,0.8,skip,attack_already_active,1785296347.893562,1785296347893562084,1385016110260253,7.4,53.3671875,-1.0,0,0
2026-07-28T23:39:07.894,10.42.0.210,10.42.0.1|10.42.0.47,93,3,UPLOAD,0.95,UPLOAD,0.95,1,1448,100.0,14,0.0,20272.0,0,14,0.0,1.0,0.11468320086744478,0,0,1,1,1,1,1,1,0.9699999999999999,1.0,1.0,1.0,0.8,skip,attack_already_active,1785296347.8942037,1785296347894203648,1385016110901742,7.4,53.3671875,-1.0,0,0
2026-07-28T23:39:07.895,10.42.0.210,10.42.0.1|10.42.0.47,93,3,UPLOAD,0.95,UPLOAD,0.95,1,1448,100.0,15,0.0,21720.0,0,15,0.0,1.0,0.09969196596840381,0,0,1,1,1,1,1,1,0.9699999999999999,1.0,1.0,1.0,0.8,skip,attack_already_active,1785296347.8951225,1785296347895122442,1385016111820955,7.4,53.3671875,-1.0,0,0
2026-07-28T23:39:07.895,10.42.0.210,10.42.0.1|10.42.0.47,93,3,UPLOAD,0.95,UPLOAD,0.95,1,1448,100.0,16,0.0,23168.0,0,16,0.0,1.0,0.08664417867089297,0,0,1,1,1,1,1,1,0.9699999999999999,1.0,1.0,1.0,0.8,skip,attack_already_active,1785296347.8957984,1785296347895798486,1385016112497148,7.4,53.3671875,-1.0,0,0
2026-07-28T23:39:07.896,10.42.0.210,10.42.0.1|10.42.0.47,93,3,UPLOAD,0.95,UPLOAD,0.95,1,1448,100.0,17,0.0,24616.0,0,17,0.0,1.0,0.07534918481379818,0,0,1,1,1,1,1,1,0.9699999999999999,1.0,1.0,1.0,0.8,skip,attack_already_active,1785296347.896728,1785296347896728124,1385016113426342,7.4,53.3671875,-1.0,0,0
2026-07-28T23:39:07.897,10.42.0.210,10.42.0.1|10.42.0.47,93,3,UPLOAD,0.95,UPLOAD,0.95,1,1448,100.0,18,0.0,26064.0,0,18,0.0,1.0,0.06551782579667219,0,0,1,1,1,1,1,1,0.9699999999999999,1.0,1.0,1.0,0.8,skip,attack_already_active,1785296347.8974698,1785296347897469629,1385016114167986,7.4,53.3671875,-1.0,0,0
2026-07-28T23:39:07.898,10.42.0.210,10.42.0.1|10.42.0.47,93,3,UPLOAD,0.95,UPLOAD,0.95,1,1448,100.0,19,0.0,27512.0,0,19,0.0,1.0,0.05701617111147984,0,0,1,1,1,1,1,1,0.9699999999999999,1.0,1.0,1.0,0.8,skip,attack_already_active,1785296347.8984709,1785296347898470847,1385016115169028,7.4,53.3671875,-1.0,0,0
2026-07-28T23:39:07.899,10.42.0.210,10.42.0.1|10.42.0.47,93,3,UPLOAD,0.95,UPLOAD,0.95,1,1448,100.0,20,0.0,28960.0,0,20,0.0,1.0,0.04959278086584969,0,0,1,1,1,1,1,1,0.9699999999999999,1.0,1.0,1.0,0.8,skip,attack_already_active,1785296347.899153,1785296347899152807,1385016115850946,7.4,53.3671875,-1.0,0,0
2026-07-28T23:39:07.900,10.42.0.210,10.42.0.1|10.42.0.47,93,3,UPLOAD,0.95,UPLOAD,0.95,1,1448,100.0,21,0.0,30408.0,0,21,0.0,1.0,0.043230514660409655,0,0,1,1,1,1,1,1,0.9699999999999999,1.0,1.0,1.0,0.8,skip,attack_already_active,1785296347.9004643,1785296347900464441,1385016117162762,7.4,53.3671875,-1.0,0,0
2026-07-28T23:39:07.901,10.42.0.210,10.42.0.1|10.42.0.47,93,3,UPLOAD,0.95,UPLOAD,0.95,1,1448,100.0,22,0.0,31856.0,0,22,0.0,1.0,0.037625167174661404,0,0,1,1,1,1,1,1,0.9699999999999999,1.0,1.0,1.0,0.8,skip,attack_already_active,1785296347.9011574,1785296347901157451,1385016117855721,7.4,53.3671875,-1.0,0,0
2026-07-28T23:39:07.902,10.42.0.210,10.42.0.1|10.42.0.47,93,3,UPLOAD,0.95,UPLOAD,0.95,1,1448,100.0,23,0.0,33304.0,0,23,0.0,1.0,0.032793303363323124,0,0,1,1,1,1,1,1,0.9699999999999999,1.0,1.0,1.0,0.8,skip,attack_already_active,1785296347.9021149,1785296347902114844,1385016118813171,7.4,53.3671875,-1.0,0,0
2026-07-28T23:39:07.902,10.42.0.210,10.42.0.1|10.42.0.47,93,3,UPLOAD,0.95,UPLOAD,0.95,1,1448,100.0,24,0.0,34752.0,0,24,0.0,1.0,0.028567649464334367,0,0,1,1,1,1,1,1,0.9699999999999999,1.0,1.0,1.0,0.8,skip,attack_already_active,1785296347.9028409,1785296347902840829,1385016119539271,7.4,53.3671875,-1.0,0,0
2026-07-28T23:39:07.904,10.42.0.210,10.42.0.1|10.42.0.47,93,3,UPLOAD,0.95,UPLOAD,0.95,1,1448,100.0,25,0.0,36200.0,0,25,0.0,1.0,0.02497976029579288,0,0,1,1,1,1,1,1,0.9699999999999999,1.0,1.0,1.0,0.8,skip,attack_already_active,1785296347.904181,1785296347904180969,1385016120879233,7.4,53.3671875,-1.0,0,0
2026-07-28T23:39:07.904,10.42.0.210,10.42.0.1|10.42.0.47,93,3,UPLOAD,0.95,UPLOAD,0.95,1,1448,100.0,26,0.0,37648.0,0,26,0.0,1.0,0.021778296659558223,0,0,1,1,1,1,1,1,0.9699999999999999,1.0,1.0,1.0,0.8,skip,attack_already_active,1785296347.9048657,1785296347904865861,1385016121564000,7.4,53.3671875,-1.0,0,0
2026-07-28T23:39:07.905,10.42.0.210,10.42.0.1|10.42.0.47,93,3,UPLOAD,0.95,UPLOAD,0.95,1,1448,100.0,27,0.0,39096.0,0,27,0.0,1.0,0.01903621666637371,0,0,1,1,1,1,1,1,0.9699999999999999,1.0,1.0,1.0,0.8,skip,attack_already_active,1785296347.9058352,1785296347905835177,1385016122533850,7.4,53.3671875,-1.0,0,0
2026-07-28T23:39:07.906,10.42.0.210,10.42.0.1|10.42.0.47,93,3,UPLOAD,0.95,UPLOAD,0.95,1,1448,100.0,28,0.0,40544.0,0,28,0.0,1.0,0.016629710472743774,0,0,1,1,1,1,1,1,0.9699999999999999,1.0,1.0,1.0,0.8,skip,attack_already_active,1785296347.906609,1785296347906609158,1385016123307847,7.4,53.3671875,-1.0,0,0
2026-07-28T23:39:07.907,10.42.0.210,10.42.0.1|10.42.0.47,93,3,UPLOAD,0.95,UPLOAD,0.95,1,1448,100.0,29,0.0,41992.0,0,29,0.0,1.0,0.014571455078689143,0,0,1,1,1,1,1,1,0.9699999999999999,1.0,1.0,1.0,0.8,skip,attack_already_active,1785296347.9076192,1785296347907619220,1385016124317479,7.4,53.3671875,-1.0,0,0
2026-07-28T23:39:07.908,10.42.0.210,10.42.0.1|10.42.0.47,93,3,UPLOAD,0.95,UPLOAD,0.95,1,1448,100.0,30,0.0,43440.0,0,30,0.0,1.0,0.012747760994776128,0,0,1,1,1,1,1,1,0.9699999999999999,1.0,1.0,1.0,0.8,skip,attack_already_active,1785296347.9083512,1785296347908351300,1385016125049769,7.4,53.3671875,-1.0,0,0
2026-07-28T23:39:07.909,10.42.0.210,10.42.0.1|10.42.0.47,93,3,UPLOAD,0.95,UPLOAD,0.95,1,1448,100.0,31,0.0,44888.0,0,31,0.0,1.0,0.011244497808107804,0,0,1,1,1,1,1,1,0.9699999999999999,1.0,1.0,1.0,0.8,skip,attack_already_active,1785296347.909691,1785296347909691024,1385016126389678,7.4,53.3671875,-1.0,0,0
2026-07-28T23:39:07.910,10.42.0.210,10.42.0.1|10.42.0.47,93,3,UPLOAD,0.95,UPLOAD,0.95,1,1448,100.0,32,0.0,46336.0,0,32,0.0,1.0,0.009863421693740382,0,0,1,1,1,1,1,1,0.9699999999999999,1.0,1.0,1.0,0.8,skip,attack_already_active,1785296347.910455,1785296347910454956,1385016127153144,7.4,53.3671875,-1.0,0,0
2026-07-28T23:39:07.911,10.42.0.210,10.42.0.1|10.42.0.47,93,3,UPLOAD,0.95,UPLOAD,0.95,1,1448,100.0,33,0.0,47784.0,0,33,0.0,1.0,0.008725348899985944,0,0,1,1,1,1,1,1,0.9699999999999999,1.0,1.0,1.0,0.8,skip,attack_already_active,1785296347.911682,1785296347911681704,1385016128380505,7.4,53.3671875,-1.0,0,0
2026-07-28T23:39:07.912,10.42.0.210,10.42.0.1|10.42.0.47,93,3,UPLOAD,0.95,UPLOAD,0.95,1,1448,100.0,34,0.0,49232.0,0,34,0.0,1.0,0.007694360181672173,0,0,1,1,1,1,1,1,0.9699999999999999,1.0,1.0,1.0,0.8,skip,attack_already_active,1785296347.9125834,1785296347912583347,1385016129281617,7.4,53.3671875,-1.0,0,0
2026-07-28T23:39:07.913,10.42.0.210,10.42.0.1|10.42.0.47,93,3,UPLOAD,0.95,UPLOAD,0.95,1,1448,100.0,35,0.0,50680.0,0,35,0.0,1.0,0.0068194308947155426,0,0,1,1,1,1,1,1,0.9699999999999999,1.0,1.0,1.0,0.8,skip,attack_already_active,1785296347.913638,1785296347913638270,1385016130336541,7.4,53.3671875,-1.0,0,0
2026-07-28T23:39:07.914,10.42.0.210,10.42.0.1|10.42.0.47,93,3,UPLOAD,0.95,UPLOAD,0.95,1,1448,100.0,36,0.0,52128.0,0,36,0.0,1.0,0.006016847252413176,0,0,1,1,1,1,1,1,0.9699999999999999,1.0,1.0,1.0,0.8,skip,attack_already_active,1785296347.914367,1785296347914366960,1385016131065175,7.4,53.3671875,-1.0,0,0
2026-07-28T23:39:07.915,10.42.0.210,10.42.0.1|10.42.0.47,93,3,UPLOAD,0.95,UPLOAD,0.95,1,1448,100.0,37,0.0,53576.0,0,37,0.0,1.0,0.005364353709784792,0,0,1,1,1,1,1,1,0.9699999999999999,1.0,1.0,1.0,0.8,skip,attack_already_active,1785296347.9154322,1785296347915432143,1385016132130295,7.4,53.3671875,-1.0,0,0
2026-07-28T23:39:07.916,10.42.0.210,10.42.0.1|10.42.0.47,93,3,UPLOAD,0.95,UPLOAD,0.95,1,1448,100.0,38,0.0,55024.0,0,38,0.0,1.0,0.00475344925560838,0,0,1,1,1,1,1,1,0.9699999999999999,1.0,1.0,1.0,0.8,skip,attack_already_active,1785296347.9161606,1785296347916160406,1385016132858688,7.4,53.3671875,-1.0,0,0
2026-07-28T23:39:07.917,10.42.0.210,10.42.0.1|10.42.0.47,93,3,UPLOAD,0.95,UPLOAD,0.95,1,1448,100.0,39,0.0,56472.0,0,39,0.0,1.0,0.004265177254200305,0,0,1,1,1,1,1,1,0.9699999999999999,1.0,1.0,1.0,0.8,skip,attack_already_active,1785296347.9172087,1785296347917208463,1385016133906990,7.4,53.3671875,-1.0,0,0
2026-07-28T23:39:07.917,10.42.0.210,10.42.0.1|10.42.0.47,93,3,UPLOAD,0.95,UPLOAD,0.95,1,1448,100.0,40,0.0,57920.0,0,40,0.0,1.0,0.0038052740199579506,0,0,1,1,1,1,1,1,0.9699999999999999,1.0,1.0,1.0,0.8,skip,attack_already_active,1785296347.9179838,1785296347917983650,1385016134682360,81.9,53.3671875,-1.0,0,0
2026-07-28T23:39:07.919,10.42.0.210,10.42.0.1|10.42.0.47,93,3,UPLOAD,0.95,UPLOAD,0.95,1,1448,100.0,41,0.0,59368.0,0,41,0.0,1.0,0.003438334296160075,0,0,1,1,1,1,1,1,0.9699999999999999,1.0,1.0,1.0,0.8,skip,attack_already_active,1785296347.9190044,1785296347919004323,1385016135702605,81.9,53.3671875,-1.0,0,0
2026-07-28T23:39:07.919,10.42.0.210,10.42.0.1|10.42.0.47,93,3,UPLOAD,0.95,UPLOAD,0.95,1,1448,100.0,42,0.0,60816.0,0,42,0.0,1.0,0.0030850001248818467,0,0,1,1,1,1,1,1,0.9699999999999999,1.0,1.0,1.0,0.8,skip,attack_already_active,1785296347.9197614,1785296347919761332,1385016136459759,81.9,53.3671875,-1.0,0,0
2026-07-28T23:39:07.920,10.42.0.210,10.42.0.1|10.42.0.47,93,3,UPLOAD,0.95,UPLOAD,0.95,1,1448,100.0,43,0.0,62264.0,0,43,0.0,1.0,0.0028285571818678426,0,0,1,1,1,1,1,1,0.9699999999999999,1.0,1.0,1.0,0.8,skip,attack_already_active,1785296347.9209003,1785296347920900308,1385016137598991,81.9,53.3671875,-1.0,0,0
2026-07-28T23:39:07.921,10.42.0.210,10.42.0.1|10.42.0.47,93,3,UPLOAD,0.95,UPLOAD,0.95,1,1448,100.0,44,0.0,63712.0,0,44,0.0,1.0,0.0025723215836025307,0,0,1,1,1,1,1,1,0.9699999999999999,1.0,1.0,1.0,0.8,skip,attack_already_active,1785296347.9217844,1785296347921784270,1385016138482614,81.9,53.3671875,-1.0,0,0
2026-07-28T23:39:07.922,10.42.0.210,10.42.0.1|10.42.0.47,93,3,UPLOAD,0.9611136769427574,UPLOAD,0.9611136769427574,1,1338,100.0,45,0.0,65050.0,0,45,0.0,1.0,0.002331691990812404,0,0,1,1,1,1,1,1,0.9699999999999999,1.0,1.0,1.0,0.8,skip,attack_already_active,1785296347.9225307,1785296347922530434,1385016139229038,81.9,53.3671875,-1.0,0,0
2026-07-28T23:39:07.929,10.42.0.1,10.42.0.1|10.42.0.47,94,3,UPLOAD,0.9674652086393309,UPLOAD,0.9674652086393309,1,7240,100.0,11,0.0,86782.0,0,11,0.0,1.0,0.012486028232468062,1,0,1,1,1,1,1,1,0.9699999999999999,1.0,1.0,1.0,0.8,skip,attack_already_active,1785296347.9296877,1785296347929687813,1385016146386348,81.9,53.3671875,-1.0,0,0
2026-07-28T23:39:07.930,10.42.0.1,10.42.0.1|10.42.0.47,94,3,UPLOAD,0.9684243931284767,UPLOAD,0.9684243931284767,1,7240,100.0,12,0.0,94022.0,0,12,0.0,1.0,0.010949738573536875,1,0,1,1,1,1,1,1,0.9699999999999999,1.0,1.0,1.0,0.8,skip,attack_already_active,1785296347.9305153,1785296347930515164,1385016147213282,81.9,53.3671875,-1.0,0,0
2026-07-28T23:39:07.931,10.42.0.1,10.42.0.1|10.42.0.47,94,3,UPLOAD,0.9694016981457386,UPLOAD,0.9694016981457386,1,10136,100.0,13,0.0,104158.0,0,13,0.0,1.0,0.009645487935992,1,0,1,1,1,1,1,1,0.9699999999999999,1.0,1.0,1.0,0.8,skip,attack_already_active,1785296347.9315674,1785296347931567461,1385016148265922,81.9,53.3671875,-1.0,0,0
2026-07-28T23:39:07.932,10.42.0.1,10.42.0.1|10.42.0.47,94,3,UPLOAD,0.9702608712421348,UPLOAD,0.9702608712421348,1,4344,100.0,14,0.0,108502.0,0,14,0.0,1.0,0.00846820865215449,1,0,1,1,1,1,1,1,0.9699999999999999,1.0,1.0,1.0,0.8,skip,attack_already_active,1785296347.9322789,1785296347932278682,1385016148976776,81.9,53.3671875,-1.0,0,0
2026-07-28T23:39:07.933,10.42.0.1,10.42.0.1|10.42.0.47,94,3,UPLOAD,0.9713392503928484,UPLOAD,0.9713392503928484,1,14480,100.0,15,0.0,122982.0,0,15,0.0,1.0,0.00749096030178026,1,0,1,1,1,1,1,1,0.9699999999999999,1.0,1.0,1.0,0.8,skip,attack_already_active,1785296347.933331,1785296347933330886,1385016150029163,81.9,53.3671875,-1.0,0,0
2026-07-28T23:39:07.934,10.42.0.1,10.42.0.1|10.42.0.47,94,3,UPLOAD,0.9721636752332188,UPLOAD,0.9721636752332188,1,14480,100.0,16,0.0,137462.0,0,16,0.0,1.0,0.006709690326814344,1,0,1,1,1,1,1,1,0.9699999999999999,1.0,1.0,1.0,0.8,skip,attack_already_active,1785296347.9348931,1785296347934893027,1385016151591513,81.9,53.3671875,-1.0,0,0
2026-07-28T23:39:07.935,10.42.0.1,10.42.0.1|10.42.0.47,94,3,UPLOAD,0.9727959587297778,UPLOAD,0.9727959587297778,1,5792,100.0,17,0.0,143254.0,0,17,0.0,1.0,0.005937213595393484,1,0,1,1,1,1,1,1,0.9699999999999999,1.0,1.0,1.0,0.8,skip,attack_already_active,1785296347.9357407,1785296347935740549,1385016152439104,81.9,53.3671875,-1.0,0,0
2026-07-28T23:39:07.937,10.42.0.1,10.42.0.1|10.42.0.47,94,3,UPLOAD,0.9738599248970432,UPLOAD,0.9738599248970432,1,8688,100.0,18,0.0,151942.0,0,18,0.0,1.0,0.005398074570408269,1,0,1,1,1,1,1,1,0.9699999999999999,1.0,1.0,1.0,0.8,skip,attack_already_active,1785296347.9375865,1785296347937586523,1385016154284767,81.9,53.3671875,-1.0,0,0
2026-07-28T23:39:07.938,10.42.0.1,10.42.0.1|10.42.0.47,94,3,UPLOAD,0.9747660612570817,UPLOAD,0.9747660612570817,1,7130,100.0,19,0.0,159072.0,0,19,0.0,1.0,0.004778422372755542,1,0,1,1,1,1,1,1,0.9699999999999999,1.0,1.0,1.0,0.8,skip,attack_already_active,1785296347.9382823,1785296347938282130,1385016154980386,81.9,53.3671875,-1.0,0,0
2026-07-28T23:39:08.269,10.42.0.1,10.42.0.47,95,1,DOWNLOAD,0.9736216064722654,DOWNLOAD,0.9736216064722654,-1,1448,100.0,20,1448.0,159072.0,1,19,0.009020682780961874,0.9909793172190381,0.22267530370134844,0,0,0,0,1,0,0,0,0.44,0.8500000000000001,0.0,0.6000000000000001,0.15,skip,training_upload_trigger_not_confirmed,1785296348.2696877,1785296348269687539,1385016486386338,81.9,53.3671875,-1.0,0,0
2026-07-28T23:39:08.274,10.42.0.1,10.42.0.47,95,1,DOWNLOAD,0.95,DOWNLOAD,0.95,-1,5792,21.97127071533546,21,7240.0,159072.0,2,19,0.04353263745249892,0.9564673625475011,0.19391219346710678,0,0,0,0,1,0,0,0,0.44,0.8500000000000001,0.0,0.6000000000000001,0.15,skip,training_upload_trigger_not_confirmed,1785296348.2740877,1785296348274087782,1385016490787049,81.9,53.3671875,-1.0,0,0
2026-07-28T23:39:08.274,10.42.0.1,10.42.0.47,95,1,DOWNLOAD,0.95,DOWNLOAD,0.95,-1,7240,10.985635358426407,22,14480.0,159072.0,3,19,0.0834332073384346,0.9165667926615654,0.16846847300776885,0,0,0,0,1,0,0,0,0.44,0.8500000000000001,0.0,0.6000000000000001,0.15,skip,training_upload_trigger_not_confirmed,1785296348.2749145,1785296348274914595,1385016491612933,81.9,53.3671875,-1.0,0,0
2026-07-28T23:39:08.275,10.42.0.1,10.42.0.47,95,1,DOWNLOAD,0.95,DOWNLOAD,0.95,-1,7240,7.323756905786199,23,21720.0,159072.0,4,19,0.12013805920615957,0.8798619407938404,0.146364672710998,0,0,0,0,1,0,0,0,0.44,0.8500000000000001,0.0,0.6000000000000001,0.15,skip,training_upload_trigger_not_confirmed,1785296348.2756433,1785296348275643473,1385016492341748,81.9,53.3671875,-1.0,0,0
2026-07-28T23:39:08.276,10.42.0.1,10.42.0.47,95,1,DOWNLOAD,0.95,DOWNLOAD,0.95,-1,7240,5.492817679402872,24,28960.0,159072.0,5,19,0.15401633764465622,0.8459836623553437,0.12717575676275197,0,0,0,0,1,0,0,0,0.4,0.8500000000000001,0.0,0.4,0.15,skip,training_upload_trigger_not_confirmed,1785296348.2763886,1785296348276388552,1385016493086961,81.9,53.3671875,-1.0,0,0
2026-07-28T23:39:08.278,10.42.0.1,10.42.0.47,95,1,DOWNLOAD,0.95,DOWNLOAD,0.95,-1,7240,4.394254143552645,25,36200.0,159072.0,6,19,0.18538244090294564,0.8146175590970544,0.11066515432006813,0,0,0,0,1,0,0,0,0.4,0.8500000000000001,0.0,0.4,0.15,skip,training_upload_trigger_not_confirmed,1785296348.27827,1785296348278269895,1385016494968178,81.9,53.3671875,-1.0,0,0
2026-07-28T23:39:08.278,10.42.0.1,10.42.0.47,95,1,DOWNLOAD,0.95,DOWNLOAD,0.95,-1,7240,3.661878452977397,26,43440.0,159072.0,7,19,0.21450580706328515,0.7854941929367149,0.09617750736552468,0,0,0,0,1,0,0,0,0.4,0.8500000000000001,0.0,0.4,0.15,skip,training_upload_trigger_not_confirmed,1785296348.2789924,1785296348278992276,1385016495690528,81.9,53.3671875,-1.0,0,0
2026-07-28T23:39:08.279,10.42.0.1,10.42.0.47,95,1,DOWNLOAD,0.95,DOWNLOAD,0.95,-1,7240,3.1387529597052337,27,50680.0,159072.0,8,19,0.24161867348106336,0.7583813265189366,0.08359773711061537,0,0,0,0,1,0,0,0,0.32,0.8500000000000001,0.0,0.0,0.15,skip,training_upload_trigger_not_confirmed,1785296348.2797055,1785296348279705476,1385016496403638,81.9,53.3671875,-1.0,0,0
2026-07-28T23:39:08.280,10.42.0.1,10.42.0.47,95,1,DOWNLOAD,0.95,DOWNLOAD,0.95,-1,7240,2.7464088397488537,28,57920.0,159072.0,9,19,0.26692228284913727,0.7330777171508627,0.07267763869985795,0,0,0,0,1,0,0,0,0.32,0.8500000000000001,0.0,0.0,0.15,skip,training_upload_trigger_not_confirmed,1785296348.2804337,1785296348280433753,1385016497132254,81.9,53.3671875,-1.0,0,0
2026-07-28T23:39:08.281,10.42.0.1,10.42.0.47,95,1,DOWNLOAD,0.95,DOWNLOAD,0.95,-1,10136,2.337369225324184,29,68056.0,159072.0,10,19,0.29963720897467505,0.700362791025325,0.0631935143780516,0,0,0,0,1,0,0,0,0.32,0.8500000000000001,0.0,0.0,0.15,skip,training_upload_trigger_not_confirmed,1785296348.281139,1785296348281138817,1385016497836930,81.9,53.3671875,-1.0,0,0
2026-07-28T23:39:08.281,10.42.0.1,10.42.0.47,95,1,DOWNLOAD,0.95,DOWNLOAD,0.95,-1,10136,2.0343769183415903,30,78192.0,159072.0,11,19,0.3295569492211208,0.6704430507788792,0.05495824439369992,0,0,0,0,1,0,0,0,0.32,0.8500000000000001,0.0,0.0,0.15,skip,training_upload_trigger_not_confirmed,1785296348.2818372,1785296348281837237,1385016498535444,81.9,53.3671875,-1.0,0,0
2026-07-28T23:39:08.282,10.42.0.1,10.42.0.47,95,1,DOWNLOAD,0.95,DOWNLOAD,0.95,-1,10136,1.800923829354215,31,88328.0,159072.0,12,19,0.3570250606305578,0.6429749393694422,0.047808329824266534,0,0,0,0,1,0,0,0,0.32,0.8500000000000001,0.0,0.0,0.15,skip,training_upload_trigger_not_confirmed,1785296348.2825367,1785296348282536667,1385016499234975,81.9,53.3671875,-1.0,0,0
2026-07-28T23:39:08.283,10.42.0.1,10.42.0.47,95,1,DOWNLOAD,0.95,DOWNLOAD,0.95,-1,14480,1.547272585785666,32,102808.0,159072.0,13,19,0.39257675271116543,0.6074232472888346,0.04159917766242434,0,0,0,0,1,0,0,0,0.32,0.8500000000000001,0.0,0.0,0.15,skip,training_upload_trigger_not_confirmed,1785296348.2832255,1785296348283225571,1385016499923792,81.9,53.3671875,-1.0,0,0
2026-07-28T23:39:08.283,10.42.0.1,10.42.0.47,95,1,DOWNLOAD,0.95,DOWNLOAD,0.95,-1,4344,1.4845453187949407,33,107152.0,159072.0,14,19,0.4024881302962918,0.5975118697037082,0.036208924412925565,0,0,0,0,1,0,0,0,0.32,0.8500000000000001,0.0,0.0,0.15,skip,training_upload_trigger_not_confirmed,1785296348.2839196,1785296348283919566,1385016500617671,81.9,53.3671875,-1.0,0,0
2026-07-28T23:39:08.284,10.42.0.1,10.42.0.47,95,1,DOWNLOAD,0.95,DOWNLOAD,0.95,-1,14480,1.3078137332255673,34,121632.0,159072.0,15,19,0.4333105335157319,0.5666894664842681,0.031536037855372304,0,0,0,0,1,0,0,0,0.32,0.8500000000000001,0.0,0.0,0.15,skip,training_upload_trigger_not_confirmed,1785296348.2846673,1785296348284667115,1385016501366875,81.9,53.3671875,-1.0,0,0
2026-07-28T23:39:08.285,10.42.0.1,10.42.0.47,95,1,DOWNLOAD,0.95,DOWNLOAD,0.95,-1,4344,1.262716707942285,35,125976.0,159072.0,16,19,0.441946619516713,0.558053380483287,0.02753443313165046,0,0,0,0,1,0,0,0,0.32,0.8500000000000001,0.0,0.0,0.15,skip,training_upload_trigger_not_confirmed,1785296348.2858362,1785296348285836278,1385016502534935,81.9,53.3671875,-1.0,0,0
2026-07-28T23:39:08.286,10.42.0.1,10.42.0.47,95,1,DOWNLOAD,0.95,DOWNLOAD,0.95,-1,14480,1.132539727742976,36,140456.0,159072.0,17,19,0.4689244411206966,0.5310755588793035,0.024006225346251825,0,0,0,0,1,0,0,0,0.30250000000000005,0.8000000000000002,0.0,0.0,0.15,skip,training_upload_trigger_not_confirmed,1785296348.286596,1785296348286596158,1385016503294480,81.9,53.3671875,-1.0,0,0
2026-07-28T23:39:08.288,10.42.0.1,10.42.0.47,95,1,DOWNLOAD,0.95,DOWNLOAD,0.95,-1,14480,1.026694893375157,37,154936.0,159072.0,18,19,0.49341418053043234,0.5065858194695676,0.0210859262263543,0,0,0,0,0,0,0,0,0.039999999999999994,0.05,0.0,0.0,0.15,skip,training_upload_trigger_not_confirmed,1785296348.288441,1785296348288440799,1385016505139750,81.9,53.3671875,-1.0,0,0
2026-07-28T23:39:08.289,10.42.0.1,10.42.0.47,95,1,DOWNLOAD,0.95,DOWNLOAD,0.95,-1,14480,0.9389431930871999,38,169416.0,159072.0,19,19,0.5157448673924162,0.48425513260758385,0.01851233856648894,0,0,0,0,0,0,0,0,0.039999999999999994,0.05,0.0,0.0,0.15,skip,training_upload_trigger_not_confirmed,1785296348.2899966,1785296348289996431,1385016506695805,81.9,53.3671875,-1.0,0,0
2026-07-28T23:39:08.291,10.42.0.1,10.42.0.47,95,1,DOWNLOAD,0.95,DOWNLOAD,0.95,-1,4344,0.915469613260155,39,173760.0,159072.0,20,19,0.5220651860398039,0.47793481396019616,0.016282565258140518,0,0,0,0,0,0,0,0,0.039999999999999994,0.05,0.0,0.0,0.15,skip,training_upload_trigger_not_confirmed,1785296348.2915878,1785296348291587755,1385016508286463,81.9,53.3671875,-1.0,0,0
2026-07-28T23:39:08.292,10.42.0.1,10.42.0.47,95,1,DOWNLOAD,0.95,DOWNLOAD,0.95,-1,18824,0.8259876209870707,40,192584.0,159072.0,21,19,0.5476488386377596,0.45235116136224035,0.014239893957986591,0,0,0,0,0,0,0,0,0.039999999999999994,0.05,0.0,0.0,0.15,skip,training_upload_trigger_not_confirmed,1785296348.2923691,1785296348292369273,1385016509067567,81.9,53.3671875,-1.0,0,0
2026-07-28T23:39:08.293,10.42.0.1,10.42.0.47,95,1,DOWNLOAD,0.95,DOWNLOAD,0.95,-1,18824,0.7524407780228164,41,211408.0,159072.0,22,19,0.570632692722954,0.429367307277046,0.012541733704219333,0,0,0,0,0,0,0,0,0.0225,0.0,0.0,0.0,0.15,skip,training_upload_trigger_not_confirmed,1785296348.2937222,1785296348293722028,1385016510420289,81.9,53.3671875,-1.0,0,0
2026-07-28T23:39:08.294,10.42.0.1,10.42.0.47,95,1,DOWNLOAD,0.95,DOWNLOAD,0.95,-1,5792,0.732375690608967,42,217200.0,159072.0,23,19,0.5772419951524429,0.4227580048475571,0.011035019027231542,0,0,0,0,0,0,0,0,0.0225,0.0,0.0,0.0,0.15,skip,training_upload_trigger_not_confirmed,1785296348.2948298,1785296348294829931,1385016511528285,81.9,53.3671875,-1.0,0,0
2026-07-28T23:39:08.295,10.42.0.1,10.42.0.47,95,1,DOWNLOAD,0.95,DOWNLOAD,0.95,-1,18824,0.673965359456352,43,236024.0,159072.0,24,19,0.5973839269443376,0.40261607305566244,0.009724871575076822,0,0,0,0,0,0,0,0,0.0225,0.0,0.0,0.0,0.15,skip,training_upload_trigger_not_confirmed,1785296348.2959225,1785296348295922466,1385016512620827,81.9,53.3671875,-1.0,0,0
2026-07-28T23:39:08.296,10.42.0.1,10.42.0.47,95,1,DOWNLOAD,0.95,DOWNLOAD,0.95,-1,5792,0.6578224765951888,44,241816.0,159072.0,25,19,0.6032008940152861,0.39679910598471396,0.008553405809842566,0,0,0,0,0,0,0,0,0.0225,0.0,0.0,0.0,0.15,skip,training_upload_trigger_not_confirmed,1785296348.2967575,1785296348296757454,1385016513456039,81.9,53.3671875,-1.0,0,0
2026-07-28T23:39:08.297,10.42.0.1,10.42.0.47,95,1,DOWNLOAD,0.95,DOWNLOAD,0.95,-1,18824,0.6103130755079408,45,260640.0,159072.0,26,19,0.6209972552607502,0.3790027447392498,0.007526224311928014,0,0,0,0,0,0,0,0,0.0225,0.0,0.0,0.0,0.15,skip,training_upload_trigger_not_confirmed,1785296348.2975159,1785296348297515665,1385016514214145,81.9,53.3671875,-1.0,0,0
2026-07-28T23:39:08.298,10.42.0.1,10.42.0.47,95,1,DOWNLOAD,0.95,DOWNLOAD,0.95,-1,16946,0.573054837061044,46,277586.0,159072.0,27,19,0.6357057468316165,0.3642942531683835,0.006695443277018196,0,0,0,0,0,0,0,0,0.0225,0.0,0.0,0.0,0.15,skip,training_upload_trigger_not_confirmed,1785296348.2987375,1785296348298737532,1385016515436030,81.9,53.3671875,-1.0,0,0
2026-07-28T23:39:08.300,10.42.0.210,10.42.0.47,94,1,DOWNLOAD,0.9846395428052513,DOWNLOAD,0.9846395428052513,-1,7240,8.98480662873138,46,7240.0,65050.0,1,45,0.1001521648914096,0.8998478351085905,0.05164910074021262,0,0,0,0,0,0,0,0,0.057499999999999996,0.1,0.0,0.0,0.15,skip,training_upload_trigger_not_confirmed,1785296348.30012,1785296348300120065,1385016516818928,81.9,53.3671875,-1.0,0,0
2026-07-28T23:39:08.301,10.42.0.210,10.42.0.47,94,1,DOWNLOAD,0.95,DOWNLOAD,0.95,-1,7240,4.492403314675939,47,14480.0,65050.0,2,45,0.1820696592480825,0.8179303407519175,0.04497954546692968,0,0,0,0,0,0,0,0,0.057499999999999996,0.1,0.0,0.0,0.15,skip,training_upload_trigger_not_confirmed,1785296348.3011558,1785296348301155947,1385016517854214,81.9,53.3671875,-1.0,0,0
2026-07-28T23:39:08.302,10.42.0.1,10.42.0.47,95,1,DOWNLOAD,0.95,DOWNLOAD,0.95,-1,16946,0.540083929761316,47,294532.0,159072.0,28,19,0.6493152617701784,0.3506847382298216,0.006297486692394568,0,0,0,0,0,0,0,0,0.0225,0.0,0.0,0.0,0.15,skip,training_upload_trigger_not_confirmed,1785296348.302413,1785296348302413098,1385016519111751,81.9,53.3671875,-1.0,0,0
2026-07-28T23:39:08.303,10.42.0.47,10.42.0.47,95,1,DOWNLOAD,0.95,DOWNLOAD,0.95,-1,7240,10.988259667128691,20,7240.0,79555.0,1,19,0.08341494325710007,0.9165850567428999,0.3034140084925165,0,0,0,0,0,0,0,0,0.057499999999999996,0.1,0.0,0.0,0.15,skip,training_upload_trigger_not_confirmed,1785296348.3035915,1785296348303591303,1385016520289697,81.9,53.3671875,-1.0,0,0
2026-07-28T23:39:08.304,10.42.0.47,10.42.0.47,95,1,DOWNLOAD,0.9829981496648164,DOWNLOAD,0.9829981496648164,-1,7240,5.4941298339437745,21,14480.0,79555.0,2,19,0.15398521826979317,0.8460147817302068,0.2635271407573923,0,0,0,0,0,0,0,0,0.057499999999999996,0.1,0.0,0.0,0.15,skip,training_upload_trigger_not_confirmed,1785296348.304315,1785296348304315096,1385016521013535,81.9,53.3671875,-1.0,0,0
2026-07-28T23:39:08.305,10.42.0.1,10.42.0.47,95,1,DOWNLOAD,0.95,DOWNLOAD,0.95,-1,16920,0.5107432284926385,48,311452.0,159072.0,29,19,0.6619258528789179,0.338074147121082,0.0058181321536507945,0,0,0,0,0,0,0,0,0.0225,0.0,0.0,0.0,0.15,skip,training_upload_trigger_not_confirmed,1785296348.3050728,1785296348305072963,1385016521771276,81.9,53.3671875,-1.0,0,0
2026-07-28T23:39:08.305,10.42.0.59,10.42.0.47,39,1,DOWNLOAD,0.95,DOWNLOAD,0.95,-1,7300,1.3698630135109776e-10,1,7300.0,0.0,1,0,1.0,0.0,0.6227464098711106,0,0,0,0,0,0,0,0,0.0225,0.0,0.0,0.0,0.15,skip,training_upload_trigger_not_confirmed,1785296348.305799,1785296348305798858,1385016522497497,81.9,53.3671875,-1.0,0,0
2026-07-28T23:39:08.306,10.42.0.18,10.42.0.47,66,1,DOWNLOAD,0.95,DOWNLOAD,0.95,-1,7300,1.3698630135109776e-10,1,7300.0,0.0,1,0,1.0,0.0,0.349037368620694,0,0,0,0,0,0,0,0,0.0225,0.0,0.0,0.0,0.15,skip,training_upload_trigger_not_confirmed,1785296348.3064892,1785296348306489269,1385016523187308,81.9,53.3671875,-1.0,0,0
2026-07-28T23:39:08.307,10.42.0.145,10.42.0.47,41,1,DOWNLOAD,0.95,DOWNLOAD,0.95,-1,7300,1.3698630135109776e-10,1,7300.0,0.0,1,0,1.0,0.0,0.22578082391281545,0,0,0,0,0,0,0,0,0.0225,0.0,0.0,0.0,0.15,skip,already_attacked_this_round,1785296348.3073306,1785296348307330436,1385016524029008,81.9,53.3671875,-1.0,0,0
2026-07-28T23:39:08.308,10.42.0.145,10.42.0.47,41,1,DOWNLOAD,0.95,DOWNLOAD,0.95,-1,5840,7.610350075524325e-11,2,13140.0,0.0,2,0,1.0,0.0,0.1961699287766019,0,0,0,0,0,0,0,0,0.0225,0.0,0.0,0.0,0.15,skip,already_attacked_this_round,1785296348.3084025,1785296348308402450,1385016525100853,81.9,53.3671875,-1.0,0,0
2026-07-28T23:39:08.310,10.42.0.210,10.42.0.47,94,1,DOWNLOAD,0.9557926560077417,DOWNLOAD,0.9557926560077417,-1,10136,2.64259018517864,48,24616.0,65050.0,3,45,0.27452992215555505,0.725470077844445,0.040263973517533955,0,0,0,0,0,0,0,0,0.057499999999999996,0.1,0.0,0.0,0.15,skip,training_upload_trigger_not_confirmed,1785296348.3103502,1785296348310350194,1385016527049013,81.9,53.3671875,-1.0,0,0
2026-07-28T23:39:08.311,10.42.0.210,10.42.0.47,94,1,DOWNLOAD,0.9846998846180315,DOWNLOAD,0.9846998846180315,-1,14480,1.663853079581956,49,39096.0,65050.0,4,45,0.37539607858199064,0.6246039214180094,0.03517426781701713,0,0,0,0,0,0,0,0,0.057499999999999996,0.1,0.0,0.0,0.15,skip,training_upload_trigger_not_confirmed,1785296348.3119898,1785296348311989814,1385016528688390,81.9,53.3671875,-1.0,0,0
2026-07-28T23:39:08.313,10.42.0.210,10.42.0.47,94,1,DOWNLOAD,0.9854895428954357,DOWNLOAD,0.9854895428954357,-1,4344,1.4974677716275906,50,43440.0,65050.0,5,45,0.4004055673333948,0.5995944326666052,0.030680199017904253,0,0,0,0,0,0,0,0,0.057499999999999996,0.1,0.0,0.0,0.15,skip,training_upload_trigger_not_confirmed,1785296348.3130598,1785296348313059915,1385016529759024,81.9,53.3671875,-1.0,0,0
2026-07-28T23:39:08.317,10.42.0.47,10.42.0.47,95,1,DOWNLOAD,0.9842257140988042,DOWNLOAD,0.9842257140988042,-1,2896,4.5784415283391775,22,17376.0,79555.0,3,19,0.17926153655693225,0.8207384634430678,0.23049115803116138,0,0,0,0,0,0,0,0,0.057499999999999996,0.1,0.0,0.0,0.15,skip,training_upload_trigger_not_confirmed,1785296348.3171413,1785296348317141320,1385016533840294,81.9,53.3671875,-1.0,0,0
2026-07-28T23:39:08.317,10.42.0.47,10.42.0.47,95,1,DOWNLOAD,0.9842586901286671,DOWNLOAD,0.9842586901286671,-1,7240,3.231841078882359,23,24616.0,79555.0,4,19,0.23630376976317785,0.7636962302368221,0.2002257244909966,0,0,0,0,0,0,0,0,0.057499999999999996,0.1,0.0,0.0,0.15,skip,training_upload_trigger_not_confirmed,1785296348.3179564,1785296348317956454,1385016534654689,81.9,53.3671875,-1.0,0,0
2026-07-28T23:39:08.319,10.42.0.47,10.42.0.47,95,1,DOWNLOAD,0.9842595481342594,DOWNLOAD,0.9842595481342594,-1,8688,2.388752101807928,24,33304.0,79555.0,5,19,0.2950938782020043,0.7049061217979957,0.173996602542558,0,0,0,0,0,0,0,0,0.057499999999999996,0.1,0.0,0.0,0.15,skip,training_upload_trigger_not_confirmed,1785296348.3191366,1785296348319136606,1385016535835030,81.9,53.3671875,-1.0,0,0
2026-07-28T23:39:08.321,10.42.0.18,10.42.0.47,66,1,DOWNLOAD,0.95,DOWNLOAD,0.95,-1,11680,5.2687038985632924e-11,2,18980.0,0.0,2,0,1.0,0.0,0.30496706710505156,0,0,0,0,0,0,0,0,0.0225,0.0,0.0,0.0,0.15,skip,training_upload_trigger_not_confirmed,1785296348.3210893,1785296348321089246,1385016537787651,81.9,53.3671875,-1.0,0,0
2026-07-28T23:39:08.321,10.42.0.18,10.42.0.47,66,1,DOWNLOAD,0.95,DOWNLOAD,0.95,-1,5840,4.029008863657171e-11,3,24820.0,0.0,3,0,1.0,0.0,0.264886636267273,0,0,0,0,0,0,0,0,0.0225,0.0,0.0,0.0,0.15,skip,training_upload_trigger_not_confirmed,1785296348.321897,1785296348321897057,1385016538595283,81.9,53.3671875,-1.0,0,0
2026-07-28T23:39:08.322,10.42.0.18,10.42.0.47,66,1,DOWNLOAD,0.95,DOWNLOAD,0.95,-1,11680,2.739726027322199e-11,4,36500.0,0.0,4,0,1.0,0.0,0.2300801484638887,0,0,0,0,0,0,0,0,0.0225,0.0,0.0,0.0,0.15,skip,training_upload_trigger_not_confirmed,1785296348.3226469,1785296348322646872,1385016539345168,81.9,53.3671875,-1.0,0,0
2026-07-28T23:39:08.323,10.42.0.210,10.42.0.47,94,1,DOWNLOAD,0.9855083405864443,DOWNLOAD,0.9855083405864443,-1,18824,1.0447449569567528,51,62264.0,65050.0,6,45,0.4890585481565264,0.5109414518434736,0.028038551769837553,0,0,0,0,0,0,0,0,0.039999999999999994,0.05,0.0,0.0,0.15,skip,training_upload_trigger_not_confirmed,1785296348.3236933,1785296348323693366,1385016540391564,81.9,53.3671875,-1.0,0,0
2026-07-28T23:39:08.324,10.42.0.210,10.42.0.47,94,1,DOWNLOAD,0.9855087208476458,DOWNLOAD,0.9855087208476458,-1,1448,1.0210007533899266,52,63712.0,65050.0,7,45,0.4948043677482487,0.5051956322517513,0.02443964124118691,0,0,0,0,0,0,0,0,0.039999999999999994,0.05,0.0,0.0,0.15,skip,training_upload_trigger_not_confirmed,1785296348.3244207,1785296348324420580,1385016541118922,81.9,53.3671875,-1.0,0,0
2026-07-28T23:39:08.325,10.42.0.210,10.42.0.47,94,1,DOWNLOAD,0.9855087261970161,DOWNLOAD,0.9855087261970161,-1,14480,0.8319265398016176,53,78192.0,65050.0,8,45,0.5458734170145628,0.45412658298543723,0.02135704324353928,0,0,0,0,0,0,0,0,0.039999999999999994,0.05,0.0,0.0,0.15,skip,training_upload_trigger_not_confirmed,1785296348.3254673,1785296348325467440,1385016542165657,81.9,53.3671875,-1.0,0,0
2026-07-28T23:39:08.326,10.42.0.210,10.42.0.47,94,1,DOWNLOAD,0.9855087261721334,DOWNLOAD,0.9855087261721334,-1,992,0.8215043443142365,54,79184.0,65050.0,9,45,0.5489967691390379,0.45100323086096206,0.018678139560988506,0,0,0,0,0,0,0,0,0.039999999999999994,0.05,0.0,0.0,0.15,skip,training_upload_trigger_not_confirmed,1785296348.326495,1785296348326495053,1385016543193309,81.9,53.3671875,-1.0,0,0
2026-07-28T23:39:08.327,10.42.0.59,10.42.0.47,39,1,DOWNLOAD,0.95,DOWNLOAD,0.95,-1,14600,4.566210045453598e-11,2,21900.0,0.0,2,0,1.0,0.0,0.543584228908558,0,0,0,0,0,0,0,0,0.0225,0.0,0.0,0.0,0.15,skip,training_upload_trigger_not_confirmed,1785296348.3278055,1785296348327805549,1385016544503738,81.9,53.3671875,-1.0,0,0
2026-07-28T23:39:08.328,10.42.0.59,10.42.0.47,39,1,DOWNLOAD,0.95,DOWNLOAD,0.95,-1,14600,2.739726027322199e-11,3,36500.0,0.0,3,0,1.0,0.0,0.4720529223097524,0,0,0,0,0,0,0,0,0.0225,0.0,0.0,0.0,0.15,skip,training_upload_trigger_not_confirmed,1785296348.3285584,1785296348328558454,1385016545256683,81.9,53.3671875,-1.0,0,0
2026-07-28T23:39:08.329,10.42.0.47,10.42.0.47,95,1,DOWNLOAD,0.9842595696464124,DOWNLOAD,0.9842595696464124,-1,4344,2.11312685929895,25,37648.0,79555.0,6,19,0.3212204465755996,0.6787795534244004,0.15240523218410937,0,0,0,0,0,0,0,0,0.057499999999999996,0.1,0.0,0.0,0.15,skip,training_upload_trigger_not_confirmed,1785296348.3292823,1785296348329282411,1385016545980524,81.9,53.3671875,-1.0,0,0
2026-07-28T23:39:08.330,10.42.0.145,10.42.0.47,41,1,DOWNLOAD,0.95,DOWNLOAD,0.95,-1,14600,3.604902667498021e-11,3,27740.0,0.0,3,0,1.0,0.0,0.17321077727773848,0,0,0,0,0,0,0,0,0.0225,0.0,0.0,0.0,0.15,skip,already_attacked_this_round,1785296348.3303418,1785296348330342014,1385016547040275,81.9,53.3671875,-1.0,0,0
2026-07-28T23:39:08.331,10.42.0.145,10.42.0.47,41,1,DOWNLOAD,0.9585755820191197,DOWNLOAD,0.9585755820191197,-1,14600,2.361832782183235e-11,4,42340.0,0.0,4,0,1.0,0.0,0.1504853611905324,0,0,0,0,0,0,0,0,0.0225,0.0,0.0,0.0,0.15,skip,already_attacked_this_round,1785296348.3310957,1785296348331095823,1385016547793997,81.9,53.3671875,-1.0,0,0
2026-07-28T23:39:08.332,10.42.0.18,10.42.0.47,66,1,DOWNLOAD,0.95,DOWNLOAD,0.95,-1,14600,1.9569471623883178e-11,5,51100.0,0.0,5,0,1.0,0.0,0.20104850767313598,0,0,0,0,0,0,0,0,0.0225,0.0,0.0,0.0,0.15,skip,training_upload_trigger_not_confirmed,1785296348.332414,1785296348332413909,1385016549112182,81.9,53.3671875,-1.0,0,0
2026-07-28T23:39:08.335,10.42.0.47,10.42.0.47,95,1,DOWNLOAD,0.9842595701605352,DOWNLOAD,0.9842595701605352,-1,1448,2.034862901549139,26,39096.0,79555.0,7,19,0.32950417611313854,0.6704958238868615,0.13314817351657776,0,0,0,0,0,0,0,0,0.057499999999999996,0.1,0.0,0.0,0.15,skip,training_upload_trigger_not_confirmed,1785296348.335551,1785296348335550955,1385016552249428,81.9,53.3671875,-1.0,0,0
2026-07-28T23:39:08.336,10.42.0.47,10.42.0.47,95,1,DOWNLOAD,0.9842595701720059,DOWNLOAD,0.9842595701720059,-1,8688,1.6648878285479471,27,47784.0,79555.0,8,19,0.3752503160854098,0.6247496839145902,0.11571053131324385,0,0,0,0,0,0,0,0,0.057499999999999996,0.1,0.0,0.0,0.15,skip,training_upload_trigger_not_confirmed,1785296348.3363698,1785296348336369551,1385016553068246,81.9,53.3671875,-1.0,0,0
2026-07-28T23:39:08.340,10.42.0.59,10.42.0.47,39,1,DOWNLOAD,0.95,DOWNLOAD,0.95,-1,26280,1.5928639693916397e-11,4,62780.0,0.0,4,0,1.0,0.0,0.4113718329160393,0,0,0,0,0,0,0,0,0.0225,0.0,0.0,0.0,0.15,skip,training_upload_trigger_not_confirmed,1785296348.3401194,1785296348340119407,1385016556817901,81.9,53.3671875,-1.0,0,0
2026-07-28T23:39:08.340,10.42.0.59,10.42.0.47,39,1,DOWNLOAD,0.9503685834753602,DOWNLOAD,0.9503685834753602,-1,9104,1.3911301541178688e-11,5,71884.0,0.0,5,0,1.0,0.0,0.357272641072988,0,0,0,0,0,0,0,0,0.0225,0.0,0.0,0.0,0.15,skip,training_upload_trigger_not_confirmed,1785296348.3409474,1785296348340947460,1385016557645840,81.9,53.3671875,-1.0,0,0
2026-07-28T23:39:08.342,10.42.0.18,10.42.0.47,66,1,DOWNLOAD,0.95806665793528,DOWNLOAD,0.95806665793528,-1,13497,1.5480595073834997e-11,6,64597.0,0.0,6,0,1.0,0.0,0.17585129282046735,0,0,0,0,0,0,0,0,0.0225,0.0,0.0,0.0,0.15,skip,training_upload_trigger_not_confirmed,1785296348.3422477,1785296348342247677,1385016558946320,81.9,53.3671875,-1.0,0,0
2026-07-28T23:39:08.343,10.42.0.145,10.42.0.47,41,1,DOWNLOAD,0.9704931880712234,DOWNLOAD,0.9704931880712234,-1,29200,1.3978194017137571e-11,5,71540.0,0.0,5,0,1.0,0.0,0.13225931501791502,0,0,0,0,0,0,0,0,0.0225,0.0,0.0,0.0,0.15,skip,already_attacked_this_round,1785296348.3432686,1785296348343268600,1385016559966741,81.9,53.3671875,-1.0,0,0
2026-07-28T23:39:08.343,10.42.0.47,10.42.0.47,95,1,DOWNLOAD,0.9842595701722343,DOWNLOAD,0.9842595701722343,-1,8688,1.4087512395451063,28,56472.0,79555.0,9,19,0.41515287406176715,0.5848471259382328,0.10146609195657114,0,0,0,0,0,0,0,0,0.057499999999999996,0.1,0.0,0.0,0.15,skip,training_upload_trigger_not_confirmed,1785296348.3439832,1785296348343983029,1385016560681271,81.9,53.3671875,-1.0,0,0
2026-07-28T23:39:08.345,10.42.0.47,10.42.0.47,95,1,DOWNLOAD,0.9842595701722379,DOWNLOAD,0.9842595701722379,-1,4344,1.3081261510078246,29,60816.0,79555.0,10,19,0.43325188251134494,0.5667481174886551,0.08834079070293643,0,0,0,0,0,0,0,0,0.057499999999999996,0.1,0.0,0.0,0.15,skip,training_upload_trigger_not_confirmed,1785296348.345845,1785296348345844991,1385016562543209,81.9,53.3671875,-1.0,0,0
2026-07-28T23:39:08.347,10.42.0.47,10.42.0.47,95,1,DOWNLOAD,0.9842595701722379,DOWNLOAD,0.9842595701722379,-1,10136,1.1212509865807694,30,70952.0,79555.0,11,19,0.4714199339565602,0.5285800660434399,0.07687541649294657,0,0,0,0,0,0,0,0,0.039999999999999994,0.05,0.0,0.0,0.15,skip,training_upload_trigger_not_confirmed,1785296348.3471782,1785296348347178233,1385016563876517,81.9,53.3671875,-1.0,0,0
2026-07-28T23:39:08.351,10.42.0.47,10.42.0.47,95,1,DOWNLOAD,0.9842595701722379,DOWNLOAD,0.9842595701722379,-1,2896,1.0772803596566287,31,73848.0,79555.0,12,19,0.48139866886566757,0.5186013311343325,0.06727398695474594,0,0,0,0,0,0,0,0,0.039999999999999994,0.05,0.0,0.0,0.15,skip,training_upload_trigger_not_confirmed,1785296348.351191,1785296348351191146,1385016567889609,81.9,53.3671875,-1.0,0,0
2026-07-28T23:39:08.352,10.42.0.47,10.42.0.47,95,1,DOWNLOAD,0.9842595701722379,DOWNLOAD,0.9842595701722379,-1,5349,1.0045203732464043,32,79197.0,79555.0,13,19,0.4988724551501713,0.5011275448498287,0.05851593816796294,0,0,0,0,0,0,0,0,0.039999999999999994,0.05,0.0,0.0,0.15,skip,training_upload_trigger_not_confirmed,1785296348.3520026,1785296348352002525,1385016568700884,81.9,53.3671875,-1.0,0,0
2026-07-28T23:39:08.655,10.42.0.59,10.42.0.47,39,2,TRAINING,0.95,TRAINING,0.95,1,64240,0.8936620110192303,6,71884.0,64240.0,5,1,0.5280773412476859,0.47192265875231404,0.5800218295476995,0,0,0,0,1,0,0,0,0.4525,1.0,0.0,0.4,0.15,skip,training_upload_trigger_not_confirmed,1785296348.6550562,1785296348655056155,1385016871754880,81.9,53.3671875,-1.0,0,0
2026-07-28T23:39:08.657,10.42.0.59,10.42.0.47,39,3,UPLOAD,0.95,UPLOAD,0.95,1,715,0.903608591621173,7,71884.0,64955.0,5,2,0.5253180745255374,0.4746819254744627,0.5038570924248733,0,0,0,1,1,1,1,1,0.85,1.0,1.0,0.4,0.8,trigger,training_upload_trigger_confirmed,1785296348.657085,1785296348657084961,1385016873783180,81.9,53.3671875,13.442833,1785296348670528732,1385016887226013
2026-07-28T23:39:08.657,10.42.0.1,10.42.0.47,95,2,TRAINING,0.95,TRAINING,0.95,1,7240,0.5339891861361173,49,311452.0,166312.0,29,20,0.6518950779045721,0.34810492209542787,0.005251705907550932,0,0,0,0,1,1,0,0,0.5725,1.0,0.0,1.0,0.15,skip,training_upload_trigger_not_confirmed,1785296348.6578457,1785296348657845656,1385016874543814,81.9,53.3671875,-1.0,0,0
2026-07-28T23:39:08.658,10.42.0.1,10.42.0.1,95,3,UPLOAD,0.95,UPLOAD,0.95,1,5792,0.5525859522509003,50,311452.0,172104.0,29,21,0.6440867241849961,0.35591327581500387,0.004665290724528305,1,0,0,1,1,1,1,1,0.9699999999999999,1.0,1.0,1.0,0.8,trigger,training_upload_trigger_confirmed,1785296348.6586473,1785296348658647224,1385016875345433,81.9,53.3671875,27.44452,1785296348686092668,1385016902789953
2026-07-28T23:39:08.661,10.42.0.145,10.42.0.1,41,2,TRAINING,0.95,TRAINING,0.95,1,64240,0.8979591836748958,6,71540.0,64240.0,5,1,0.5268817204301075,0.4731182795698925,0.40547969156184827,0,0,0,0,1,0,0,0,0.4525,1.0,0.0,0.4,0.15,skip,already_attacked_this_round,1785296348.6612308,1785296348661230914,1385016877929612,93.5,53.3671875,-1.0,0,0
2026-07-28T23:39:08.662,10.42.0.145,10.42.0.1,41,3,UPLOAD,0.95,UPLOAD,0.95,1,11680,1.0612244897950627,7,71540.0,75920.0,5,2,0.48514851485148514,0.5148514851485149,0.35216538481832,0,0,0,1,1,1,1,1,0.85,1.0,1.0,0.4,0.8,skip,already_attacked_this_round,1785296348.662123,1785296348662122942,1385016878821183,93.5,53.3671875,-1.0,0,0
2026-07-28T23:39:08.664,10.42.0.1,10.42.0.1,95,3,UPLOAD,0.95,UPLOAD,0.95,1,14480,0.599077867537858,51,311452.0,186584.0,29,22,0.6253604157129203,0.37463958428707966,0.004195516195195034,1,0,1,1,1,1,1,1,0.9699999999999999,1.0,1.0,1.0,0.8,skip,attack_already_active,1785296348.6643417,1785296348664341669,1385016881040072,93.5,53.3671875,-1.0,0,0
2026-07-28T23:39:08.665,10.42.0.1,10.42.0.1,95,3,UPLOAD,0.95,UPLOAD,0.95,1,14480,0.6455697828248155,52,311452.0,201064.0,29,23,0.6076922476566585,0.3923077523433415,0.0037574223376055783,1,0,1,1,1,1,1,1,0.9699999999999999,1.0,1.0,1.0,0.8,skip,attack_already_active,1785296348.6652126,1785296348665212701,1385016881911018,93.5,53.3671875,-1.0,0,0
2026-07-28T23:39:08.665,10.42.0.145,10.42.0.1,41,3,UPLOAD,0.9841010226033655,UPLOAD,0.9841010226033655,1,3636,1.1120492032413747,8,71540.0,79556.0,5,3,0.4734738179700323,0.5265261820299677,0.3062689154525279,0,0,0,1,1,1,1,1,0.85,1.0,1.0,0.4,0.8,skip,already_attacked_this_round,1785296348.6659927,1785296348665992691,1385016882691089,93.5,53.3671875,-1.0,0,0
2026-07-28T23:39:08.667,10.42.0.1,10.42.0.1,95,3,UPLOAD,0.95,UPLOAD,0.95,1,7240,0.6688157404682943,53,311452.0,208304.0,29,24,0.5992273297470352,0.40077267025296487,0.0035069693518372416,1,0,1,1,1,1,1,1,0.9699999999999999,1.0,1.0,1.0,0.8,skip,attack_already_active,1785296348.6670694,1785296348667069538,1385016883767879,93.5,53.3671875,-1.0,0,0
2026-07-28T23:39:08.667,10.42.0.1,10.42.0.1,95,3,UPLOAD,0.95,UPLOAD,0.95,1,5792,0.6874125065830773,54,311452.0,214096.0,29,25,0.5926233188976078,0.40737668110239217,0.0031434598032189817,1,0,1,1,1,1,1,1,0.9699999999999999,1.0,1.0,1.0,0.8,skip,attack_already_active,1785296348.6678178,1785296348667817637,1385016884515915,93.5,53.3671875,-1.0,0,0
2026-07-28T23:39:08.668,10.42.0.1,10.42.0.1,95,3,UPLOAD,0.95,UPLOAD,0.95,1,14480,0.7339044218700349,55,311452.0,228576.0,29,26,0.5767330582858666,0.4232669417141333,0.002867249054208293,1,0,1,1,1,1,1,1,0.9699999999999999,1.0,1.0,1.0,0.8,skip,attack_already_active,1785296348.6688652,1785296348668865336,1385016885563590,93.5,53.3671875,-1.0,0,0
2026-07-28T23:39:08.670,10.42.0.1,10.42.0.1,95,3,UPLOAD,0.95,UPLOAD,0.95,1,14480,0.7803963371569924,56,311452.0,243056.0,29,27,0.5616726900243099,0.43832730997569014,0.0026641942834058382,1,0,1,1,1,1,1,1,0.9699999999999999,1.0,1.0,1.0,0.8,skip,attack_already_active,1785296348.6701915,1785296348670191658,1385016886890385,93.5,53.3671875,-1.0,0,0
2026-07-28T23:39:08.671,10.42.0.1,10.42.0.1,95,3,UPLOAD,0.95,UPLOAD,0.95,1,8590,0.8079768311013962,57,311452.0,251646.0,29,28,0.5531044329761426,0.4468955670238573,0.0025500721432672414,1,0,1,1,1,1,1,1,0.9699999999999999,1.0,1.0,1.0,0.8,skip,attack_already_active,1785296348.6719897,1785296348671989774,1385016888689192,93.5,53.3671875,-1.0,0,0
2026-07-28T23:39:08.674,10.42.0.1,10.42.0.1,95,3,UPLOAD,0.95,UPLOAD,0.95,1,11584,0.8451703633309622,58,311452.0,263230.0,29,29,0.5419553770607048,0.4580446229392951,0.002592995404400403,1,0,1,1,1,1,1,1,0.9699999999999999,1.0,1.0,1.0,0.8,skip,attack_already_active,1785296348.6748655,1785296348674865306,1385016891564044,93.5,53.3671875,-1.0,0,0
2026-07-28T23:39:08.675,10.42.0.1,10.42.0.1,95,3,UPLOAD,0.95,UPLOAD,0.95,1,14480,0.8916622786179197,59,311452.0,277710.0,29,30,0.5286355874954597,0.47136441250454036,0.002366544134963113,1,0,1,1,1,1,1,1,0.9699999999999999,1.0,1.0,1.0,0.8,skip,attack_already_active,1785296348.67574,1785296348675739910,1385016892438405,93.5,53.3671875,-1.0,0,0
2026-07-28T23:39:08.676,10.42.0.1,10.42.0.1,95,3,UPLOAD,0.95,UPLOAD,0.95,1,2896,0.9009606616753113,60,311452.0,280606.0,29,31,0.5260498126872705,0.4739501873127295,0.0021608537090768475,1,0,1,1,1,1,1,1,0.9699999999999999,1.0,1.0,1.0,0.8,skip,attack_already_active,1785296348.6765456,1785296348676545639,1385016893243931,93.5,53.3671875,-1.0,0,0
2026-07-28T23:39:08.681,10.42.0.1,10.42.0.1,95,3,UPLOAD,0.95,UPLOAD,0.95,1,14480,0.9474525769622688,61,311452.0,295086.0,29,32,0.5134913228849635,0.4865086771150365,0.0025339275893898955,1,0,1,1,1,1,1,1,0.9699999999999999,1.0,1.0,1.0,0.8,skip,attack_already_active,1785296348.6815376,1785296348681537576,1385016898236497,93.5,53.3671875,-1.0,0,0
2026-07-28T23:39:08.683,10.42.0.1,10.42.0.1,95,3,UPLOAD,0.95,UPLOAD,0.95,1,23071,1.0215281969612604,62,311452.0,318157.0,29,33,0.49467526671315054,0.5053247332868495,0.0024735412222502335,1,0,1,1,1,1,1,1,0.9699999999999999,1.0,1.0,1.0,0.8,skip,attack_already_active,1785296348.6836133,1785296348683613174,1385016900311824,93.5,53.3671875,-1.0,0,0
2026-07-28T23:39:08.757,10.42.0.18,10.42.0.1,66,2,TRAINING,0.95,TRAINING,0.95,1,49640,0.76845673948065,7,64597.0,49640.0,6,1,0.5654647793622032,0.43453522063779687,0.44292285957033806,0,0,0,0,1,1,0,0,0.5725,1.0,0.0,1.0,0.15,skip,training_upload_trigger_not_confirmed,1785296348.7570345,1785296348757034494,1385016973733825,93.5,53.3671875,-1.0,0,0
2026-07-28T23:39:08.759,10.42.0.18,10.42.0.1,66,3,UPLOAD,0.95,UPLOAD,0.95,1,23360,1.1300834404054354,8,64597.0,73000.0,6,2,0.4694651772931096,0.5305348227068905,0.3849324996117499,0,0,0,1,1,1,1,1,0.9699999999999999,1.0,1.0,1.0,0.8,trigger,training_upload_trigger_confirmed,1785296348.7598846,1785296348759884503,1385016976583986,93.5,53.3671875,50.590299,1785296348810476990,1385017027174285
2026-07-28T23:39:08.761,10.42.0.18,10.42.0.1,66,3,UPLOAD,0.9841010226033655,UPLOAD,0.9841010226033655,1,6555,1.2315587411144238,9,64597.0,79555.0,6,3,0.44811726510905153,0.5518827348909484,0.33445987798403454,0,0,1,1,1,1,1,1,0.9699999999999999,1.0,1.0,1.0,0.8,skip,attack_already_active,1785296348.7617943,1785296348761794407,1385016978494340,93.5,53.3671875,-1.0,0,0
2026-07-28T23:39:08.763,10.42.0.1,10.42.0.1,95,3,UPLOAD,0.95,UPLOAD,0.95,1,7240,1.044774154604739,63,311452.0,325397.0,29,34,0.48905156481363715,0.5109484351863629,0.002840284276205669,1,0,1,1,1,1,1,1,0.9699999999999999,1.0,1.0,1.0,0.8,skip,attack_already_active,1785296348.7637136,1785296348763713548,1385016980413092,93.5,53.3671875,-1.0,0,0
2026-07-28T23:39:08.765,10.42.0.1,10.42.0.1,95,3,UPLOAD,0.95,UPLOAD,0.95,1,5792,1.063370920719522,64,311452.0,331189.0,29,35,0.48464383691672336,0.5153561630832767,0.0026568056903216856,1,0,1,1,1,1,1,1,0.9699999999999999,1.0,1.0,1.0,0.8,skip,attack_already_active,1785296348.7651615,1785296348765161392,1385016981861565,93.5,53.3671875,-1.0,0,0
2026-07-28T23:39:08.767,10.42.0.1,10.42.0.1,95,3,UPLOAD,0.95,UPLOAD,0.95,1,2896,1.0726693037769137,65,311452.0,334085.0,29,36,0.48246963380875146,0.5175303661912485,0.002601905189017147,1,0,1,1,1,1,1,1,0.9699999999999999,1.0,1.0,1.0,0.8,skip,attack_already_active,1785296348.7674017,1785296348767401820,1385016984102367,93.5,53.3671875,-1.0,0,0
2026-07-28T23:39:08.770,10.42.0.1,10.42.0.1,95,3,UPLOAD,0.95,UPLOAD,0.95,1,11584,1.1098628360064797,66,311452.0,345669.0,29,37,0.47396446012226057,0.5260355398777394,0.0026326257887256286,1,0,1,1,1,1,1,1,0.9699999999999999,1.0,1.0,1.0,0.8,skip,attack_already_active,1785296348.7702367,1785296348770236666,1385016986936266,93.5,53.3671875,-1.0,0,0
2026-07-28T23:39:08.771,10.42.0.1,10.42.0.1,95,3,UPLOAD,0.95,UPLOAD,0.95,1,2896,1.1191612190638713,67,311452.0,348565.0,29,38,0.4718848150880962,0.5281151849119038,0.00246865691931601,1,0,1,1,1,1,1,1,0.9699999999999999,1.0,1.0,1.0,0.8,skip,attack_already_active,1785296348.771625,1785296348771624897,1385016988323972,93.5,53.3671875,-1.0,0,0
2026-07-28T23:39:08.772,10.42.0.1,10.42.0.1,95,3,UPLOAD,0.95,UPLOAD,0.95,1,11584,1.1563547512934373,68,311452.0,360149.0,29,39,0.46374558703754165,0.5362544129624583,0.002311685831621802,1,0,1,1,1,1,1,1,0.9699999999999999,1.0,1.0,1.0,0.8,skip,attack_already_active,1785296348.7729025,1785296348772902380,1385016989601440,93.5,53.3671875,-1.0,0,0
2026-07-28T23:39:08.774,10.42.0.1,10.42.0.1,95,3,UPLOAD,0.95,UPLOAD,0.95,1,5792,1.1749515174082203,69,311452.0,365941.0,29,40,0.4597803638360597,0.5402196361639403,0.002253629054832899,1,0,1,1,1,1,1,1,0.9699999999999999,1.0,1.0,1.0,0.8,skip,attack_already_active,1785296348.7747736,1785296348774773387,1385016991472281,93.5,53.3671875,-1.0,0,0
2026-07-28T23:39:08.777,10.42.0.1,10.42.0.1,95,3,UPLOAD,0.95,UPLOAD,0.95,1,14480,1.221443432695178,70,311452.0,380421.0,29,41,0.45015776016696707,0.5498422398330329,0.002295872832233345,1,0,1,1,1,1,1,1,0.9699999999999999,1.0,1.0,1.0,0.8,skip,attack_already_active,1785296348.7773478,1785296348777347745,1385016994047312,93.5,53.3671875,-1.0,0,0
2026-07-28T23:39:08.779,10.42.0.1,10.42.0.1,95,3,UPLOAD,0.95,UPLOAD,0.95,1,8688,1.2493385818673524,71,311452.0,389109.0,29,42,0.4445751333574093,0.5554248666425907,0.0023272718213967537,1,0,1,1,1,1,1,1,0.9699999999999999,1.0,1.0,1.0,0.8,skip,attack_already_active,1785296348.779882,1785296348779881901,1385016996581535,93.5,53.3671875,-1.0,0,0
2026-07-28T23:39:08.781,10.42.0.1,10.42.0.1,95,3,UPLOAD,0.95,UPLOAD,0.95,1,5792,1.2679353479821356,72,311452.0,394901.0,29,43,0.44092967680465717,0.5590703231953429,0.0022005247305894983,1,0,1,1,1,1,1,1,0.9699999999999999,1.0,1.0,1.0,0.8,skip,attack_already_active,1785296348.7812474,1785296348781247428,1385016997946570,93.5,53.3671875,-1.0,0,0
2026-07-28T23:39:08.783,10.42.0.1,10.42.0.1,95,3,UPLOAD,0.95,UPLOAD,0.95,1,2798,1.2769190758117561,73,311452.0,397699.0,29,44,0.439189960953309,0.560810039046691,0.002159283955070073,1,0,1,1,1,1,1,1,0.9699999999999999,1.0,1.0,1.0,0.8,skip,attack_already_active,1785296348.783135,1785296348783135031,1385016999834274,93.5,53.3671875,-1.0,0,0
2026-07-28T23:39:08.913,10.42.0.1,10.42.0.1,95,3,UPLOAD,0.7171507233185159,UPLOAD,0.7171507233185159,0,39,1.0215281969612604,63,311452.0,318157.0,29,34,0.49467526671315054,0.5053247332868495,0.00728778903547656,1,0,1,1,1,1,1,1,0.8200000000000001,0.8000000000000002,1.0,0.6000000000000001,0.8,skip,attack_already_active,1785296348.9130645,1785296348913064419,1385017129763064,93.5,53.3671875,-1.0,0,0
2026-07-28T23:39:10.095,10.42.0.210,10.42.0.1,94,3,UPLOAD,0.95,UPLOAD,0.95,1,1448,100.0,1,0.0,1448.0,0,1,0.0,1.0,0.17729049576008893,0,0,0,1,1,1,1,1,0.9525,0.95,1.0,1.0,0.8,trigger,training_upload_trigger_confirmed,1785296350.09502,1785296350095020128,1385018311720262,7.1,53.3671875,10.963084,1785296350105986007,1385018322683346
2026-07-28T23:39:10.096,10.42.0.210,10.42.0.1,94,3,UPLOAD,0.9841010226033655,UPLOAD,0.9841010226033655,1,1448,100.0,2,0.0,2896.0,0,2,0.0,1.0,0.15414117680301556,0,0,1,1,1,1,1,1,0.9699999999999999,1.0,1.0,1.0,0.8,skip,attack_already_active,1785296350.0966368,1785296350096636682,1385018313336945,7.1,53.3671875,-1.0,0,0
2026-07-28T23:39:10.101,10.42.0.210,10.42.0.1,94,3,UPLOAD,0.9854688349332961,UPLOAD,0.9854688349332961,1,1448,100.0,3,0.0,4344.0,0,3,0.0,1.0,0.1344309498843413,0,0,1,1,1,1,1,1,0.9699999999999999,1.0,1.0,1.0,0.8,skip,attack_already_active,1785296350.1012025,1785296350101202352,1385018317901287,7.1,53.3671875,-1.0,0,0
2026-07-28T23:39:10.102,10.42.0.210,10.42.0.1,94,3,UPLOAD,0.9855076450773014,UPLOAD,0.9855076450773014,1,1448,100.0,4,0.0,5792.0,0,4,0.0,1.0,0.11687218216602763,0,0,1,1,1,1,1,1,0.9699999999999999,1.0,1.0,1.0,0.8,skip,attack_already_active,1785296350.1023848,1785296350102384844,1385018319084102,7.1,53.3671875,-1.0,0,0
2026-07-28T23:39:10.104,10.42.0.210,10.42.0.1,94,3,UPLOAD,0.9855086980780915,UPLOAD,0.9855086980780915,1,1448,100.0,5,0.0,7240.0,0,5,0.0,1.0,0.10169532483649013,0,0,1,1,1,1,1,1,0.9699999999999999,1.0,1.0,1.0,0.8,skip,attack_already_active,1785296350.104084,1785296350104083975,1385018320783605,7.1,53.3671875,-1.0,0,0
2026-07-28T23:39:10.105,10.42.0.210,10.42.0.1,94,3,UPLOAD,0.9855087254685951,UPLOAD,0.9855087254685951,1,1448,100.0,6,0.0,8688.0,0,6,0.0,1.0,0.0884595448763614,0,0,1,1,1,1,1,1,0.9699999999999999,1.0,1.0,1.0,0.8,skip,attack_already_active,1785296350.1053367,1785296350105336503,1385018322036165,7.1,53.3671875,-1.0,0,0
2026-07-28T23:39:10.107,10.42.0.210,10.42.0.1,94,3,UPLOAD,0.9855087261493067,UPLOAD,0.9855087261493067,1,1448,100.0,7,0.0,10136.0,0,7,0.0,1.0,0.07707054370188843,0,0,1,1,1,1,1,1,0.9699999999999999,1.0,1.0,1.0,0.8,skip,attack_already_active,1785296350.1073682,1785296350107368103,1385018324067312,7.1,53.3671875,-1.0,0,0
2026-07-28T23:39:10.108,10.42.0.210,10.42.0.1,94,3,UPLOAD,0.9855087261653082,UPLOAD,0.9855087261653082,1,1448,100.0,8,0.0,11584.0,0,8,0.0,1.0,0.06705841155973212,0,0,1,1,1,1,1,1,0.9699999999999999,1.0,1.0,1.0,0.8,skip,attack_already_active,1785296350.1084595,1785296350108459510,1385018325158444,7.1,53.3671875,-1.0,0,0
2026-07-28T23:39:10.110,10.42.0.210,10.42.0.1,94,3,UPLOAD,0.985508726165656,UPLOAD,0.985508726165656,1,1448,100.0,9,0.0,13032.0,0,9,0.0,1.0,0.05842647847391845,0,0,1,1,1,1,1,1,0.9699999999999999,1.0,1.0,1.0,0.8,skip,attack_already_active,1785296350.1100125,1785296350110012353,1385018326711009,7.1,53.3671875,-1.0,0,0
2026-07-28T23:39:10.111,10.42.0.210,10.42.0.1,94,3,UPLOAD,0.9855087261656625,UPLOAD,0.9855087261656625,1,1448,100.0,10,0.0,14480.0,0,10,0.0,1.0,0.05086792212261299,0,0,1,1,1,1,1,1,0.9699999999999999,1.0,1.0,1.0,0.8,skip,attack_already_active,1785296350.1110792,1785296350111079086,1385018327777557,7.1,53.3671875,-1.0,0,0
2026-07-28T23:39:10.112,10.42.0.210,10.42.0.1,94,3,UPLOAD,0.95,UPLOAD,0.95,1,1448,100.0,11,0.0,15928.0,0,11,0.0,1.0,0.04438864684556881,0,0,1,1,1,1,1,1,0.9699999999999999,1.0,1.0,1.0,0.8,skip,attack_already_active,1785296350.1127777,1785296350112777735,1385018329477184,7.1,53.3671875,-1.0,0,0
2026-07-28T23:39:10.113,10.42.0.210,10.42.0.1,94,3,UPLOAD,0.95,UPLOAD,0.95,1,1448,100.0,12,0.0,17376.0,0,12,0.0,1.0,0.03869283088496039,0,0,1,1,1,1,1,1,0.9699999999999999,1.0,1.0,1.0,0.8,skip,attack_already_active,1785296350.1139424,1785296350113942388,1385018330641088,7.1,53.3671875,-1.0,0,0
2026-07-28T23:39:10.115,10.42.0.210,10.42.0.1,94,3,UPLOAD,0.95,UPLOAD,0.95,1,1448,100.0,13,0.0,18824.0,0,13,0.0,1.0,0.03379646364825841,0,0,1,1,1,1,1,1,0.9699999999999999,1.0,1.0,1.0,0.8,skip,attack_already_active,1785296350.115478,1785296350115477964,1385018332176483,7.1,53.3671875,-1.0,0,0
2026-07-28T23:39:10.116,10.42.0.210,10.42.0.1,94,3,UPLOAD,0.95,UPLOAD,0.95,1,1448,100.0,14,0.0,20272.0,0,14,0.0,1.0,0.02948342016438965,0,0,1,1,1,1,1,1,0.9699999999999999,1.0,1.0,1.0,0.8,skip,attack_already_active,1785296350.116544,1785296350116543875,1385018333242662,7.1,53.3671875,-1.0,0,0
2026-07-28T23:39:10.118,10.42.0.210,10.42.0.1,94,3,UPLOAD,0.95,UPLOAD,0.95,1,1448,100.0,15,0.0,21720.0,0,15,0.0,1.0,0.02580668170718828,0,0,1,1,1,1,1,1,0.9699999999999999,1.0,1.0,1.0,0.8,skip,attack_already_active,1785296350.1181257,1785296350118125608,1385018334824272,7.1,53.3671875,-1.0,0,0
2026-07-28T23:39:10.119,10.42.0.210,10.42.0.1,94,3,UPLOAD,0.95,UPLOAD,0.95,1,1448,100.0,16,0.0,23168.0,0,16,0.0,1.0,0.0225568866807456,0,0,1,1,1,1,1,1,0.9699999999999999,1.0,1.0,1.0,0.8,skip,attack_already_active,1785296350.1192706,1785296350119270605,1385018335969514,7.1,53.3671875,-1.0,0,0
2026-07-28T23:39:10.121,10.42.0.210,10.42.0.1,94,3,UPLOAD,0.95,UPLOAD,0.95,1,1448,100.0,17,0.0,24616.0,0,17,0.0,1.0,0.019813027099602937,0,0,1,1,1,1,1,1,0.9699999999999999,1.0,1.0,1.0,0.8,skip,attack_already_active,1785296350.121005,1785296350121005069,1385018337704254,7.1,53.3671875,-1.0,0,0
2026-07-28T23:39:10.122,10.42.0.210,10.42.0.1,94,3,UPLOAD,0.95,UPLOAD,0.95,1,1448,100.0,18,0.0,26064.0,0,18,0.0,1.0,0.017354110919545782,0,0,1,1,1,1,1,1,0.9699999999999999,1.0,1.0,1.0,0.8,skip,attack_already_active,1785296350.122158,1785296350122158068,1385018338856949,7.1,53.3671875,-1.0,0,0
2026-07-28T23:39:10.123,10.42.0.210,10.42.0.1,94,3,UPLOAD,0.95,UPLOAD,0.95,1,1448,100.0,19,0.0,27512.0,0,19,0.0,1.0,0.015295310253368739,0,0,1,1,1,1,1,1,0.9699999999999999,1.0,1.0,1.0,0.8,skip,attack_already_active,1785296350.1238885,1785296350123888421,1385018340587112,7.1,53.3671875,-1.0,0,0
2026-07-28T23:39:10.124,10.42.0.210,10.42.0.1,94,3,UPLOAD,0.95,UPLOAD,0.95,1,1448,100.0,20,0.0,28960.0,0,20,0.0,1.0,0.013419680915400084,0,0,1,1,1,1,1,1,0.9699999999999999,1.0,1.0,1.0,0.8,skip,attack_already_active,1785296350.1249502,1785296350124950362,1385018341649590,7.1,53.3671875,-1.0,0,0
2026-07-28T23:39:10.126,10.42.0.210,10.42.0.1,94,3,UPLOAD,0.95,UPLOAD,0.95,1,1448,100.0,21,0.0,30408.0,0,21,0.0,1.0,0.0118748763906126,0,0,1,1,1,1,1,1,0.9699999999999999,1.0,1.0,1.0,0.8,skip,attack_already_active,1785296350.1266468,1785296350126646805,1385018343346329,7.1,53.3671875,-1.0,0,0
2026-07-28T23:39:10.127,10.42.0.210,10.42.0.1,94,3,UPLOAD,0.95,UPLOAD,0.95,1,1448,100.0,22,0.0,31856.0,0,22,0.0,1.0,0.010465555978810338,0,0,1,1,1,1,1,1,0.9699999999999999,1.0,1.0,1.0,0.8,skip,attack_already_active,1785296350.1278267,1785296350127826659,1385018344525576,35.7,53.3671875,-1.0,0,0
2026-07-28T23:39:10.129,10.42.0.210,10.42.0.1,94,3,UPLOAD,0.95,UPLOAD,0.95,1,1448,100.0,23,0.0,33304.0,0,23,0.0,1.0,0.009341447179884306,0,0,1,1,1,1,1,1,0.9699999999999999,1.0,1.0,1.0,0.8,skip,attack_already_active,1785296350.1297617,1785296350129761702,1385018346460878,35.7,53.3671875,-1.0,0,0
2026-07-28T23:39:10.130,10.42.0.210,10.42.0.1,94,3,UPLOAD,0.95,UPLOAD,0.95,1,1448,100.0,24,0.0,34752.0,0,24,0.0,1.0,0.008264868444680341,0,0,1,1,1,1,1,1,0.9699999999999999,1.0,1.0,1.0,0.8,skip,attack_already_active,1785296350.1309333,1785296350130933273,1385018347631800,35.7,53.3671875,-1.0,0,0
2026-07-28T23:39:10.132,10.42.0.210,10.42.0.1,94,3,UPLOAD,0.95,UPLOAD,0.95,1,1448,100.0,25,0.0,36200.0,0,25,0.0,1.0,0.007443540991547085,0,0,1,1,1,1,1,1,0.9699999999999999,1.0,1.0,1.0,0.8,skip,attack_already_active,1785296350.1329653,1785296350132965353,1385018349664982,35.7,53.3671875,-1.0,0,0
2026-07-28T23:39:10.134,10.42.0.210,10.42.0.1,94,3,UPLOAD,0.95,UPLOAD,0.95,1,1448,100.0,26,0.0,37648.0,0,26,0.0,1.0,0.006616775078785424,0,0,1,1,1,1,1,1,0.9699999999999999,1.0,1.0,1.0,0.8,skip,attack_already_active,1785296350.1341348,1785296350134134845,1385018350833958,35.7,53.3671875,-1.0,0,0
2026-07-28T23:39:10.136,10.42.0.210,10.42.0.1,94,3,UPLOAD,0.95,UPLOAD,0.95,1,1448,100.0,27,0.0,39096.0,0,27,0.0,1.0,0.0060284900816684524,0,0,1,1,1,1,1,1,0.9699999999999999,1.0,1.0,1.0,0.8,skip,attack_already_active,1785296350.1362872,1785296350136287217,1385018352986544,35.7,53.3671875,-1.0,0,0
2026-07-28T23:39:10.137,10.42.0.210,10.42.0.1,94,3,UPLOAD,0.95,UPLOAD,0.95,1,1448,100.0,28,0.0,40544.0,0,28,0.0,1.0,0.005395606276523433,0,0,1,1,1,1,1,1,0.9699999999999999,1.0,1.0,1.0,0.8,skip,attack_already_active,1785296350.137513,1785296350137512881,1385018354212104,35.7,53.3671875,-1.0,0,0
2026-07-28T23:39:10.138,10.42.0.210,10.42.0.1,94,3,UPLOAD,0.95,UPLOAD,0.95,1,1448,100.0,29,0.0,41992.0,0,29,0.0,1.0,0.004839302805096248,0,0,1,1,1,1,1,1,0.9699999999999999,1.0,1.0,1.0,0.8,skip,attack_already_active,1785296350.138687,1785296350138687078,1385018355386449,35.7,53.3671875,-1.0,0,0
2026-07-28T23:39:10.139,10.42.0.210,10.42.0.1,94,3,UPLOAD,0.95,UPLOAD,0.95,1,1448,100.0,30,0.0,43440.0,0,30,0.0,1.0,0.004351404800969874,0,0,1,1,1,1,1,1,0.9699999999999999,1.0,1.0,1.0,0.8,skip,attack_already_active,1785296350.1398237,1785296350139823704,1385018356522457,35.7,53.3671875,-1.0,0,0
2026-07-28T23:39:10.140,10.42.0.210,10.42.0.1,94,3,UPLOAD,0.95,UPLOAD,0.95,1,1448,100.0,31,0.0,44888.0,0,31,0.0,1.0,0.003923715024550448,0,0,1,1,1,1,1,1,0.9699999999999999,1.0,1.0,1.0,0.8,skip,attack_already_active,1785296350.1409295,1785296350140929610,1385018357628859,35.7,53.3671875,-1.0,0,0
2026-07-28T23:39:10.142,10.42.0.210,10.42.0.1,94,3,UPLOAD,0.95,UPLOAD,0.95,1,1448,100.0,32,0.0,46336.0,0,32,0.0,1.0,0.0035653906786111914,0,0,1,1,1,1,1,1,0.9699999999999999,1.0,1.0,1.0,0.8,skip,attack_already_active,1785296350.142134,1785296350142134032,1385018358834982,35.7,53.3671875,-1.0,0,0
2026-07-28T23:39:10.143,10.42.0.210,10.42.0.1,94,3,UPLOAD,0.95,UPLOAD,0.95,1,1448,100.0,33,0.0,47784.0,0,33,0.0,1.0,0.003327329977755446,0,0,1,1,1,1,1,1,0.9699999999999999,1.0,1.0,1.0,0.8,skip,attack_already_active,1785296350.1438928,1785296350143892701,1385018360592028,35.7,53.3671875,-1.0,0,0
2026-07-28T23:39:10.145,10.42.0.1,10.42.0.1,95,3,UPLOAD,0.95,UPLOAD,0.95,1,7240,100.0,1,0.0,7240.0,0,1,0.0,1.0,0.07841133730334877,1,0,1,1,1,1,1,1,0.9699999999999999,1.0,1.0,1.0,0.8,skip,attack_already_active,1785296350.145106,1785296350145106222,1385018361804986,35.7,53.3671875,-1.0,0,0
2026-07-28T23:39:10.146,10.42.0.1,10.42.0.1,95,3,UPLOAD,0.9551771001486428,UPLOAD,0.9551771001486428,1,7240,100.0,2,0.0,14480.0,0,2,0.0,1.0,0.0682343671871733,1,0,1,1,1,1,1,1,0.9699999999999999,1.0,1.0,1.0,0.8,skip,attack_already_active,1785296350.1462872,1785296350146287181,1385018362985984,35.7,53.3671875,-1.0,0,0
2026-07-28T23:39:10.157,10.42.0.1,10.42.0.1,95,3,UPLOAD,0.9595013456718884,UPLOAD,0.9595013456718884,1,1448,100.0,3,0.0,15928.0,0,3,0.0,1.0,0.060670618567284014,1,0,1,1,1,1,1,1,0.9699999999999999,1.0,1.0,1.0,0.8,skip,attack_already_active,1785296350.1571224,1785296350157122297,1385018373821366,35.7,53.3671875,-1.0,0,0
2026-07-28T23:39:10.232,10.42.0.1,10.42.0.1,95,3,UPLOAD,0.9610139964431453,UPLOAD,0.9610139964431453,1,10136,100.0,4,0.0,26064.0,0,4,0.0,1.0,0.0626557001554537,1,0,1,1,1,1,1,1,0.9699999999999999,1.0,1.0,1.0,0.8,skip,attack_already_active,1785296350.2328572,1785296350232857393,1385018449556851,35.7,53.3671875,-1.0,0,0
2026-07-28T23:39:10.237,10.42.0.1,10.42.0.1,95,3,UPLOAD,0.9622570093854713,UPLOAD,0.9622570093854713,1,14480,100.0,5,0.0,40544.0,0,5,0.0,1.0,0.05501603513244479,1,0,1,1,1,1,1,1,0.9699999999999999,1.0,1.0,1.0,0.8,skip,attack_already_active,1785296350.2375376,1785296350237537611,1385018454237234,35.7,53.3671875,-1.0,0,0
2026-07-28T23:39:10.238,10.42.0.1,10.42.0.1,95,3,UPLOAD,0.9632562696437673,UPLOAD,0.9632562696437673,1,5792,100.0,6,0.0,46336.0,0,6,0.0,1.0,0.047937048923137944,1,0,1,1,1,1,1,1,0.9699999999999999,1.0,1.0,1.0,0.8,skip,attack_already_active,1785296350.2388332,1785296350238833090,1385018455531585,35.7,53.3671875,-1.0,0,0
2026-07-28T23:39:10.240,10.42.0.1,10.42.0.1,95,3,UPLOAD,0.9645830023825543,UPLOAD,0.9645830023825543,1,20272,100.0,7,0.0,66608.0,0,7,0.0,1.0,0.04183475116544494,1,0,1,1,1,1,1,1,0.9699999999999999,1.0,1.0,1.0,0.8,skip,attack_already_active,1785296350.2404616,1785296350240461616,1385018457160256,35.7,53.3671875,-1.0,0,0
2026-07-28T23:39:10.242,10.42.0.1,10.42.0.1,95,3,UPLOAD,0.9655401547196106,UPLOAD,0.9655401547196106,1,12922,100.0,8,0.0,79530.0,0,8,0.0,1.0,0.03664786117301888,1,0,1,1,1,1,1,1,0.9699999999999999,1.0,1.0,1.0,0.8,skip,attack_already_active,1785296350.2429345,1785296350242934408,1385018459633168,35.7,53.3671875,-1.0,0,0
2026-07-28T23:39:10.530,10.42.0.47,10.42.0.1|10.42.0.47,95,3,UPLOAD,0.95,UPLOAD,0.95,1,4344,100.0,1,0.0,4344.0,0,1,0.0,1.0,0.173833690262094,1,0,0,1,1,1,1,1,0.9699999999999999,1.0,1.0,1.0,0.8,trigger,training_upload_trigger_confirmed,1785296350.5300736,1785296350530073673,1385018746772135,35.7,53.3671875,8.82615,1785296350538900927,1385018755598285
2026-07-28T23:39:10.532,10.42.0.47,10.42.0.1|10.42.0.47,95,3,UPLOAD,0.95,UPLOAD,0.95,1,2896,100.0,2,0.0,7240.0,0,2,0.0,1.0,0.15118321472036136,1,0,1,1,1,1,1,1,0.9699999999999999,1.0,1.0,1.0,0.8,skip,attack_already_active,1785296350.5320191,1785296350532019236,1385018748718592,35.7,53.3671875,-1.0,0,0
2026-07-28T23:39:10.533,10.42.0.47,10.42.0.1|10.42.0.47,95,3,UPLOAD,0.95,UPLOAD,0.95,1,1448,100.0,3,0.0,8688.0,0,3,0.0,1.0,0.13140916608433462,1,0,1,1,1,1,1,1,0.9699999999999999,1.0,1.0,1.0,0.8,skip,attack_already_active,1785296350.5331426,1785296350533142496,1385018749840897,35.7,53.3671875,-1.0,0,0
2026-07-28T23:39:10.534,10.42.0.47,10.42.0.1|10.42.0.47,95,3,UPLOAD,0.95,UPLOAD,0.95,1,4344,100.0,4,0.0,13032.0,0,4,0.0,1.0,0.11427950712296217,1,0,1,1,1,1,1,1,0.9699999999999999,1.0,1.0,1.0,0.8,skip,attack_already_active,1785296350.5345595,1785296350534559504,1385018751258475,35.7,53.3671875,-1.0,0,0
2026-07-28T23:39:10.536,10.42.0.47,10.42.0.1|10.42.0.47,95,3,UPLOAD,0.95,UPLOAD,0.95,1,1448,100.0,5,0.0,14480.0,0,5,0.0,1.0,0.09942126915594317,1,0,1,1,1,1,1,1,0.9699999999999999,1.0,1.0,1.0,0.8,skip,attack_already_active,1785296350.536084,1785296350536084065,1385018752783141,35.7,53.3671875,-1.0,0,0
2026-07-28T23:39:10.537,10.42.0.47,10.42.0.1|10.42.0.47,95,3,UPLOAD,0.95,UPLOAD,0.95,1,2896,100.0,6,0.0,17376.0,0,6,0.0,1.0,0.08648823058830969,1,0,1,1,1,1,1,1,0.9699999999999999,1.0,1.0,1.0,0.8,skip,attack_already_active,1785296350.53736,1785296350537359845,1385018754059879,35.7,53.3671875,-1.0,0,0
2026-07-28T23:39:10.538,10.42.0.47,10.42.0.1|10.42.0.47,95,3,UPLOAD,0.95,UPLOAD,0.95,1,4344,100.0,7,0.0,21720.0,0,7,0.0,1.0,0.07529195340120193,1,0,1,1,1,1,1,1,0.9699999999999999,1.0,1.0,1.0,0.8,skip,attack_already_active,1785296350.5388827,1785296350538882769,1385018755582056,35.7,53.3671875,-1.0,0,0
2026-07-28T23:39:10.540,10.42.0.47,10.42.0.1|10.42.0.47,95,3,UPLOAD,0.95,UPLOAD,0.95,1,1448,100.0,8,0.0,23168.0,0,8,0.0,1.0,0.06556559305102361,1,0,1,1,1,1,1,1,0.9699999999999999,1.0,1.0,1.0,0.8,skip,attack_already_active,1785296350.540364,1785296350540364047,1385018757062848,35.7,53.3671875,-1.0,0,0
2026-07-28T23:39:10.541,10.42.0.47,10.42.0.1|10.42.0.47,95,3,UPLOAD,0.95,UPLOAD,0.95,1,2896,100.0,9,0.0,26064.0,0,9,0.0,1.0,0.057063016250619,1,0,1,1,1,1,1,1,0.9699999999999999,1.0,1.0,1.0,0.8,skip,attack_already_active,1785296350.541406,1785296350541405953,1385018758104353,35.7,53.3671875,-1.0,0,0
2026-07-28T23:39:10.542,10.42.0.47,10.42.0.1|10.42.0.47,95,3,UPLOAD,0.95,UPLOAD,0.95,1,2896,100.0,10,0.0,28960.0,0,10,0.0,1.0,0.04973182114658504,1,0,1,1,1,1,1,1,0.9699999999999999,1.0,1.0,1.0,0.8,skip,attack_already_active,1785296350.5428345,1785296350542834539,1385018759533259,35.7,53.3671875,-1.0,0,0
2026-07-28T23:39:10.543,10.42.0.47,10.42.0.1|10.42.0.47,95,3,UPLOAD,0.95,UPLOAD,0.95,1,1448,100.0,11,0.0,30408.0,0,11,0.0,1.0,0.04330489219663599,1,0,1,1,1,1,1,1,0.9699999999999999,1.0,1.0,1.0,0.8,skip,attack_already_active,1785296350.5437942,1785296350543794162,1385018760492499,35.7,53.3671875,-1.0,0,0
2026-07-28T23:39:10.545,10.42.0.47,10.42.0.1|10.42.0.47,95,3,UPLOAD,0.95,UPLOAD,0.95,1,4344,100.0,12,0.0,34752.0,0,12,0.0,1.0,0.03778380759050271,1,0,1,1,1,1,1,1,0.9699999999999999,1.0,1.0,1.0,0.8,skip,attack_already_active,1785296350.545201,1785296350545201248,1385018761899666,35.7,53.3671875,-1.0,0,0
2026-07-28T23:39:10.546,10.42.0.47,10.42.0.1|10.42.0.47,95,3,UPLOAD,0.95,UPLOAD,0.95,1,4344,100.0,13,0.0,39096.0,0,13,0.0,1.0,0.03299714140394656,1,0,1,1,1,1,1,1,0.9699999999999999,1.0,1.0,1.0,0.8,skip,attack_already_active,1785296350.5466602,1785296350546659997,1385018763358582,35.7,53.3671875,-1.0,0,0
2026-07-28T23:39:10.548,10.42.0.47,10.42.0.1|10.42.0.47,95,3,UPLOAD,0.95,UPLOAD,0.95,1,1448,100.0,14,0.0,40544.0,0,14,0.0,1.0,0.028831150599790432,1,0,1,1,1,1,1,1,0.9699999999999999,1.0,1.0,1.0,0.8,skip,attack_already_active,1785296350.5480428,1785296350548042858,1385018764741418,35.7,53.3671875,-1.0,0,0
2026-07-28T23:39:10.548,10.42.0.47,10.42.0.1|10.42.0.47,95,3,UPLOAD,0.95,UPLOAD,0.95,1,2896,100.0,15,0.0,43440.0,0,15,0.0,1.0,0.025155034737917133,1,0,1,1,1,1,1,1,0.9699999999999999,1.0,1.0,1.0,0.8,skip,attack_already_active,1785296350.548977,1785296350548976894,1385018765675663,35.7,53.3671875,-1.0,0,0
2026-07-28T23:39:10.550,10.42.0.47,10.42.0.1|10.42.0.47,95,3,UPLOAD,0.95,UPLOAD,0.95,1,4344,100.0,16,0.0,47784.0,0,16,0.0,1.0,0.022032267045596552,1,0,1,1,1,1,1,1,0.9699999999999999,1.0,1.0,1.0,0.8,skip,attack_already_active,1785296350.550434,1785296350550434127,1385018767132546,35.7,53.3671875,-1.0,0,0
2026-07-28T23:39:10.551,10.42.0.47,10.42.0.1|10.42.0.47,95,3,UPLOAD,0.95,UPLOAD,0.95,1,1448,100.0,17,0.0,49232.0,0,17,0.0,1.0,0.019318487008549712,1,0,1,1,1,1,1,1,0.9699999999999999,1.0,1.0,1.0,0.8,skip,attack_already_active,1785296350.5518723,1785296350551872245,1385018768570756,35.7,53.3671875,-1.0,0,0
2026-07-28T23:39:10.552,10.42.0.47,10.42.0.1|10.42.0.47,95,3,UPLOAD,0.95,UPLOAD,0.95,1,2896,100.0,18,0.0,52128.0,0,18,0.0,1.0,0.016900452873000574,1,0,1,1,1,1,1,1,0.9699999999999999,1.0,1.0,1.0,0.8,skip,attack_already_active,1785296350.552841,1785296350552840966,1385018769539295,35.7,53.3671875,-1.0,0,0
2026-07-28T23:39:10.554,10.42.0.47,10.42.0.1|10.42.0.47,95,3,UPLOAD,0.95,UPLOAD,0.95,1,4344,100.0,19,0.0,56472.0,0,19,0.0,1.0,0.014875136322810501,1,0,1,1,1,1,1,1,0.9699999999999999,1.0,1.0,1.0,0.8,skip,attack_already_active,1785296350.5543718,1785296350554371804,1385018771071264,35.7,53.3671875,-1.0,0,0
2026-07-28T23:39:10.555,10.42.0.47,10.42.0.1|10.42.0.47,95,3,UPLOAD,0.95,UPLOAD,0.95,1,1448,100.0,20,0.0,57920.0,0,20,0.0,1.0,0.01312547026251766,1,0,1,1,1,1,1,1,0.9699999999999999,1.0,1.0,1.0,0.8,skip,attack_already_active,1785296350.5559692,1785296350555969316,1385018772668081,35.7,53.3671875,-1.0,0,0
2026-07-28T23:39:10.556,10.42.0.47,10.42.0.1|10.42.0.47,95,3,UPLOAD,0.95,UPLOAD,0.95,1,2896,100.0,21,0.0,60816.0,0,21,0.0,1.0,0.011529078513114478,1,0,1,1,1,1,1,1,0.9699999999999999,1.0,1.0,1.0,0.8,skip,attack_already_active,1785296350.5569801,1785296350556980099,1385018773678760,35.7,53.3671875,-1.0,0,0
2026-07-28T23:39:10.558,10.42.0.47,10.42.0.1|10.42.0.47,95,3,UPLOAD,0.95,UPLOAD,0.95,1,4344,100.0,22,0.0,65160.0,0,22,0.0,1.0,0.01021414819934965,1,0,1,1,1,1,1,1,0.9699999999999999,1.0,1.0,1.0,0.8,skip,attack_already_active,1785296350.5585306,1785296350558530605,1385018775229128,35.7,53.3671875,-1.0,0,0
2026-07-28T23:39:10.560,10.42.0.47,10.42.0.1|10.42.0.47,95,3,UPLOAD,0.95,UPLOAD,0.95,1,1448,100.0,23,0.0,66608.0,0,23,0.0,1.0,0.009120686545963909,1,0,1,1,1,1,1,1,0.9699999999999999,1.0,1.0,1.0,0.8,skip,attack_already_active,1785296350.5604467,1785296350560446781,1385018777145379,35.7,53.3671875,-1.0,0,0
2026-07-28T23:39:10.561,10.42.0.47,10.42.0.1|10.42.0.47,95,3,UPLOAD,0.95,UPLOAD,0.95,1,2896,100.0,24,0.0,69504.0,0,24,0.0,1.0,0.008050106577040519,1,0,1,1,1,1,1,1,0.9699999999999999,1.0,1.0,1.0,0.8,skip,attack_already_active,1785296350.561443,1785296350561443198,1385018778141518,35.7,53.3671875,-1.0,0,0
2026-07-28T23:39:10.562,10.42.0.47,10.42.0.1|10.42.0.47,95,3,UPLOAD,0.95,UPLOAD,0.95,1,4344,100.0,25,0.0,73848.0,0,25,0.0,1.0,0.007185038969599145,1,0,1,1,1,1,1,1,0.9699999999999999,1.0,1.0,1.0,0.8,skip,attack_already_active,1785296350.5629284,1785296350562928266,1385018779627223,35.7,53.3671875,-1.0,0,0
2026-07-28T23:39:10.564,10.42.0.47,10.42.0.1|10.42.0.47,95,3,UPLOAD,0.95,UPLOAD,0.95,1,1448,100.0,26,0.0,75296.0,0,26,0.0,1.0,0.006444992722638879,1,0,1,1,1,1,1,1,0.9699999999999999,1.0,1.0,1.0,0.8,skip,attack_already_active,1785296350.5644975,1785296350564497425,1385018781196327,35.7,53.3671875,-1.0,0,0
2026-07-28T23:39:10.565,10.42.0.47,10.42.0.1|10.42.0.47,95,3,UPLOAD,0.95,UPLOAD,0.95,1,4233,100.0,27,0.0,79529.0,0,27,0.0,1.0,0.005723576380426838,1,0,1,1,1,1,1,1,0.9699999999999999,1.0,1.0,1.0,0.8,skip,attack_already_active,1785296350.5654678,1785296350565467939,1385018782166190,35.7,53.3671875,-1.0,0,0
2026-07-28T23:39:10.566,10.42.0.1,10.42.0.1|10.42.0.47,95,3,UPLOAD,0.9663937551466969,UPLOAD,0.9663937551466969,1,7240,100.0,9,0.0,86770.0,0,9,0.0,1.0,0.07450189657065212,1,0,1,1,1,1,1,1,0.9699999999999999,1.0,1.0,1.0,0.8,skip,attack_already_active,1785296350.5668461,1785296350566846237,1385018783544659,35.7,53.3671875,-1.0,0,0
2026-07-28T23:39:10.567,10.42.0.1,10.42.0.1|10.42.0.47,95,3,UPLOAD,0.9672638844079238,UPLOAD,0.9672638844079238,1,7240,100.0,10,0.0,94010.0,0,10,0.0,1.0,0.06481238071150407,1,0,1,1,1,1,1,1,0.9699999999999999,1.0,1.0,1.0,0.8,skip,attack_already_active,1785296350.567817,1785296350567816903,1385018784515268,35.7,53.3671875,-1.0,0,0
2026-07-28T23:39:10.569,10.42.0.1,10.42.0.1|10.42.0.47,95,3,UPLOAD,0.9682566580018832,UPLOAD,0.9682566580018832,1,10136,100.0,11,0.0,104146.0,0,11,0.0,1.0,0.056455273182472496,1,0,1,1,1,1,1,1,0.9699999999999999,1.0,1.0,1.0,0.8,skip,attack_already_active,1785296350.5692096,1785296350569209682,1385018785907940,35.7,53.3671875,-1.0,0,0
2026-07-28T23:39:10.570,10.42.0.1,10.42.0.1|10.42.0.47,95,3,UPLOAD,0.9692720942772326,UPLOAD,0.9692720942772326,1,4344,100.0,12,0.0,108490.0,0,12,0.0,1.0,0.04914321318407909,1,0,1,1,1,1,1,1,0.9699999999999999,1.0,1.0,1.0,0.8,skip,attack_already_active,1785296350.5701756,1785296350570175719,1385018786873941,35.7,53.3671875,-1.0,0,0
2026-07-28T23:39:10.571,10.42.0.1,10.42.0.1|10.42.0.47,95,3,UPLOAD,0.9703614732693568,UPLOAD,0.9703614732693568,1,14480,100.0,13,0.0,122970.0,0,13,0.0,1.0,0.04285306968854862,1,0,1,1,1,1,1,1,0.9699999999999999,1.0,1.0,1.0,0.8,skip,attack_already_active,1785296350.5715847,1785296350571584692,1385018788282964,35.7,53.3671875,-1.0,0,0
2026-07-28T23:39:10.572,10.42.0.1,10.42.0.1|10.42.0.47,95,3,UPLOAD,0.9712453784661885,UPLOAD,0.9712453784661885,1,15928,100.0,14,0.0,138898.0,0,14,0.0,1.0,0.03738863334509669,1,0,1,1,1,1,1,1,0.9699999999999999,1.0,1.0,1.0,0.8,skip,attack_already_active,1785296350.5729697,1785296350572969706,1385018789667842,35.7,53.3671875,-1.0,0,0
2026-07-28T23:39:10.574,10.42.0.1,10.42.0.1|10.42.0.47,95,3,UPLOAD,0.9720665875360657,UPLOAD,0.9720665875360657,1,4344,100.0,15,0.0,143242.0,0,15,0.0,1.0,0.03266896433857229,1,0,1,1,1,1,1,1,0.9699999999999999,1.0,1.0,1.0,0.8,skip,attack_already_active,1785296350.574542,1785296350574542172,1385018791241455,35.7,53.3671875,-1.0,0,0
2026-07-28T23:39:10.576,10.42.0.1,10.42.0.1|10.42.0.47,95,3,UPLOAD,0.9729200630663495,UPLOAD,0.9729200630663495,1,8688,100.0,16,0.0,151930.0,0,16,0.0,1.0,0.028573206509577283,1,0,1,1,1,1,1,1,0.9699999999999999,1.0,1.0,1.0,0.8,skip,attack_already_active,1785296350.5761294,1785296350576129410,1385018792828134,35.7,53.3671875,-1.0,0,0
2026-07-28T23:39:10.610,10.42.0.47,10.42.0.1|10.42.0.47,95,3,UPLOAD,0.9478250681641618,UPLOAD,0.9478250681641618,0,39,100.0,27,0.0,79529.0,0,27,0.0,1.0,0.008618778389689906,1,0,1,1,1,1,1,1,0.8374999999999999,0.8500000000000001,1.0,0.6000000000000001,0.8,skip,attack_already_active,1785296350.6108313,1785296350610831349,1385018827530155,35.7,53.3671875,-1.0,0,0
2026-07-28T23:39:10.638,10.42.0.145,10.42.0.1|10.42.0.47,41,3,UPLOAD,0.9854688349332961,UPLOAD,0.9854688349332961,0,39,1.0,0,0.0,0.0,0,0,0.0,0.0,0.2715906468178206,0,0,0,0,0,0,0,0,0.4375,0.05,1.0,0.0,0.8,skip,already_attacked_this_round,1785296350.6389399,1785296350638939844,1385018855638698,66.0,53.3671875,-1.0,0,0
2026-07-28T23:39:10.729,10.42.0.18,10.42.0.1|10.42.0.47,66,3,UPLOAD,0.9854688349332961,UPLOAD,0.9854688349332961,0,39,1.0,0,0.0,0.0,0,0,0.0,0.0,0.29603565693033335,0,0,1,0,0,0,0,0,0.4375,0.05,1.0,0.0,0.8,skip,attack_already_active,1785296350.7293682,1785296350729368309,1385018946067322,66.0,53.3671875,-1.0,0,0
2026-07-28T23:39:10.844,10.42.0.1,,96,1,DOWNLOAD,0.9713070181723045,DOWNLOAD,0.9713070181723045,-1,1448,100.0,17,1448.0,151930.0,1,16,0.009440728135716987,0.990559271864283,0.04553633065966165,0,0,0,0,1,0,0,0,0.44,0.8500000000000001,0.0,0.6000000000000001,0.15,skip,training_upload_trigger_not_confirmed,1785296350.8447742,1785296350844774263,1385019061472891,66.0,53.3671875,-1.0,0,0
2026-07-28T23:39:10.848,10.42.0.1,,96,1,DOWNLOAD,0.95,DOWNLOAD,0.95,-1,5792,20.984806627073922,18,7240.0,151930.0,2,16,0.045485958409247976,0.954514041590752,0.040069839228859365,0,0,0,0,1,0,0,0,0.44,0.8500000000000001,0.0,0.6000000000000001,0.15,skip,training_upload_trigger_not_confirmed,1785296350.848827,1785296350848826850,1385019065526330,66.0,53.3671875,-1.0,0,0
2026-07-28T23:39:10.850,10.42.0.1,,96,1,DOWNLOAD,0.95,DOWNLOAD,0.95,-1,7240,10.492403314261574,19,14480.0,151930.0,3,16,0.0870140015624061,0.9129859984375939,0.03496000303536325,0,0,0,0,1,0,0,0,0.44,0.8500000000000001,0.0,0.6000000000000001,0.15,skip,training_upload_trigger_not_confirmed,1785296350.8501196,1785296350850119729,1385019066820303,66.0,53.3671875,-1.0,0,0
2026-07-28T23:39:10.851,10.42.0.1,,96,1,DOWNLOAD,0.95,DOWNLOAD,0.95,-1,7240,6.994935543002075,20,21720.0,151930.0,4,16,0.12507918226317305,0.874920817736827,0.03052938786091773,0,0,0,0,1,0,0,0,0.44,0.8500000000000001,0.0,0.6000000000000001,0.15,skip,training_upload_trigger_not_confirmed,1785296350.8514569,1785296350851456730,1385019068155524,66.0,53.3671875,-1.0,0,0
2026-07-28T23:39:10.852,10.42.0.1,,96,1,DOWNLOAD,0.95,DOWNLOAD,0.95,-1,7240,5.246201657311941,21,28960.0,151930.0,5,16,0.16009729669965173,0.8399027033003483,0.0266627273816277,0,0,0,0,1,0,0,0,0.4,0.8500000000000001,0.0,0.4,0.15,skip,training_upload_trigger_not_confirmed,1785296350.8526433,1785296350852643284,1385019069342193,66.0,53.3671875,-1.0,0,0
2026-07-28T23:39:10.854,10.42.0.1,,96,1,DOWNLOAD,0.95,DOWNLOAD,0.95,-1,7240,4.196961325878537,22,36200.0,151930.0,6,16,0.1924201350130229,0.8075798649869771,0.023361956994986728,0,0,0,0,1,0,0,0,0.4,0.8500000000000001,0.0,0.4,0.15,skip,training_upload_trigger_not_confirmed,1785296350.8542573,1785296350854257305,1385019070956024,66.0,53.3671875,-1.0,0,0
2026-07-28T23:39:10.855,10.42.0.1,,96,1,DOWNLOAD,0.95,DOWNLOAD,0.95,-1,7240,3.49746777158155,23,43440.0,151930.0,7,16,0.22234734094282643,0.7776526590571736,0.020488289502232592,0,0,0,0,1,0,0,0,0.4,0.8500000000000001,0.0,0.4,0.15,skip,training_upload_trigger_not_confirmed,1785296350.8558118,1785296350855811805,1385019072510304,66.0,53.3671875,-1.0,0,0
2026-07-28T23:39:10.857,10.42.0.1,,96,1,DOWNLOAD,0.95,DOWNLOAD,0.95,-1,7240,2.9978295185083303,24,50680.0,151930.0,8,16,0.2501357287399437,0.7498642712600563,0.017957450670291027,0,0,0,0,1,0,0,0,0.32,0.8500000000000001,0.0,0.0,0.15,skip,training_upload_trigger_not_confirmed,1785296350.8570943,1785296350857094510,1385019073794820,66.0,53.3671875,-1.0,0,0
2026-07-28T23:39:10.858,10.42.0.1,,96,1,DOWNLOAD,0.95,DOWNLOAD,0.95,-1,7240,2.6231008287012587,25,57920.0,151930.0,9,16,0.2760066714319752,0.7239933285680248,0.015769474190535378,0,0,0,0,1,0,0,0,0.32,0.8500000000000001,0.0,0.0,0.15,skip,training_upload_trigger_not_confirmed,1785296350.8584478,1785296350858447939,1385019075147150,66.0,53.3671875,-1.0,0,0
2026-07-28T23:39:10.859,10.42.0.1,,96,1,DOWNLOAD,0.95,DOWNLOAD,0.95,-1,14480,2.0984806629682535,26,72400.0,151930.0,10,16,0.32273882227076184,0.6772611777292382,0.013851406504895669,0,0,0,0,1,0,0,0,0.32,0.8500000000000001,0.0,0.0,0.15,skip,training_upload_trigger_not_confirmed,1785296350.8596616,1785296350859661475,1385019076360208,66.0,53.3671875,-1.0,0,0
2026-07-28T23:39:10.860,10.42.0.1,,96,1,DOWNLOAD,0.95,DOWNLOAD,0.95,-1,14480,1.7487338858109034,27,86880.0,151930.0,11,16,0.36380386080984883,0.6361961391901512,0.01216359625279685,0,0,0,0,1,0,0,0,0.32,0.8500000000000001,0.0,0.0,0.15,skip,training_upload_trigger_not_confirmed,1785296350.8607047,1785296350860704760,1385019077403108,66.0,53.3671875,-1.0,0,0
2026-07-28T23:39:10.861,10.42.0.1,,96,1,DOWNLOAD,0.95,DOWNLOAD,0.95,-1,14480,1.4989147592689533,28,101360.0,151930.0,12,16,0.40017371392475026,0.5998262860752497,0.010705202398481656,0,0,0,0,1,0,0,0,0.32,0.8500000000000001,0.0,0.0,0.15,skip,training_upload_trigger_not_confirmed,1785296350.861801,1785296350861800938,1385019078499583,66.0,53.3671875,-1.0,0,0
2026-07-28T23:39:10.862,10.42.0.1,,96,1,DOWNLOAD,0.95,DOWNLOAD,0.95,-1,14480,1.3115504143619516,29,115840.0,151930.0,13,16,0.4326100758113306,0.5673899241886694,0.009447313252228619,0,0,0,0,1,0,0,0,0.32,0.8500000000000001,0.0,0.0,0.15,skip,training_upload_trigger_not_confirmed,1785296350.8629603,1785296350862960264,1385019079658919,66.0,53.3671875,-1.0,0,0
2026-07-28T23:39:10.864,10.42.0.1,,96,1,DOWNLOAD,0.95,DOWNLOAD,0.95,-1,18824,1.1282154102051907,30,134664.0,151930.0,14,16,0.469877247953551,0.530122752046449,0.008429955386249004,0,0,0,0,1,0,0,0,0.30250000000000005,0.8000000000000002,0.0,0.0,0.15,skip,training_upload_trigger_not_confirmed,1785296350.8646872,1785296350864687156,1385019081386415,66.0,53.3671875,-1.0,0,0
2026-07-28T23:39:10.865,10.42.0.1,,96,1,DOWNLOAD,0.95,DOWNLOAD,0.95,-1,5792,1.0816910633929366,31,140456.0,151930.0,15,16,0.48037867750165875,0.5196213224983413,0.007483038912365069,0,0,0,0,1,0,0,0,0.30250000000000005,0.8000000000000002,0.0,0.0,0.15,skip,training_upload_trigger_not_confirmed,1785296350.8659313,1785296350865931210,1385019082630164,66.0,53.3671875,-1.0,0,0
2026-07-28T23:39:10.867,10.42.0.1,,96,1,DOWNLOAD,0.95,DOWNLOAD,0.95,-1,21720,0.9368217245465617,32,162176.0,151930.0,16,16,0.516309780774643,0.48369021922535704,0.00666636849561357,0,0,0,0,1,0,0,0,0.30250000000000005,0.8000000000000002,0.0,0.0,0.15,skip,training_upload_trigger_not_confirmed,1785296350.8672168,1785296350867216875,1385019083915915,66.0,53.3671875,-1.0,0,0
2026-07-28T23:39:10.868,10.42.0.1,,96,1,DOWNLOAD,0.95,DOWNLOAD,0.95,-1,21720,0.8261734893644985,33,183896.0,151930.0,17,16,0.5475930988071204,0.45240690119287963,0.00596202701144556,0,0,0,0,1,0,0,0,0.30250000000000005,0.8000000000000002,0.0,0.0,0.15,skip,training_upload_trigger_not_confirmed,1785296350.8685381,1785296350868538179,1385019085237780,66.0,53.3671875,-1.0,0,0
2026-07-28T23:39:10.870,10.42.0.1,,96,1,DOWNLOAD,0.95,DOWNLOAD,0.95,-1,14050,0.7675325593860571,34,197946.0,151930.0,18,16,0.5657604408418982,0.43423955915810175,0.005398348576691175,0,0,0,0,1,0,0,0,0.28500000000000003,0.7500000000000001,0.0,0.0,0.15,skip,training_upload_trigger_not_confirmed,1785296350.8702226,1785296350870222569,1385019086920957,66.0,53.3671875,-1.0,0,0
2026-07-28T23:39:10.871,10.42.0.59,,39,1,DOWNLOAD,0.95,DOWNLOAD,0.95,-1,7300,1.3698630135109776e-10,1,7300.0,0.0,1,0,1.0,0.0,0.7709708202630685,0,0,0,0,0,0,0,0,0.0225,0.0,0.0,0.0,0.15,skip,already_attacked_this_round,1785296350.8718567,1785296350871856705,1385019088555722,66.0,53.3671875,-1.0,0,0
2026-07-28T23:39:10.872,10.42.0.59,,39,1,DOWNLOAD,0.95,DOWNLOAD,0.95,-1,5840,7.610350075524325e-11,2,13140.0,0.0,2,0,1.0,0.0,0.6695224213392953,0,0,0,0,0,0,0,0,0.0225,0.0,0.0,0.0,0.15,skip,already_attacked_this_round,1785296350.8729637,1785296350872963647,1385019089662349,66.0,53.3671875,-1.0,0,0
2026-07-28T23:39:10.874,10.42.0.1,,96,1,DOWNLOAD,0.95,DOWNLOAD,0.95,-1,21720,0.6916409458009358,35,219666.0,151930.0,19,16,0.591141992917039,0.40885800708296105,0.005242413718054199,0,0,0,0,1,0,0,0,0.28500000000000003,0.7500000000000001,0.0,0.0,0.15,skip,training_upload_trigger_not_confirmed,1785296350.8744376,1785296350874437642,1385019091138103,66.0,53.3671875,-1.0,0,0
2026-07-28T23:39:10.876,10.42.0.1,,96,1,DOWNLOAD,0.95,DOWNLOAD,0.95,-1,14050,0.6500624689809424,36,233716.0,151930.0,20,16,0.6060376614822921,0.39396233851770796,0.004796308199454723,0,0,0,0,1,0,0,0,0.28500000000000003,0.7500000000000001,0.0,0.0,0.15,skip,training_upload_trigger_not_confirmed,1785296350.8762946,1785296350876294572,1385019092994124,66.0,53.3671875,-1.0,0,0
2026-07-28T23:39:10.877,10.42.0.210,,95,1,DOWNLOAD,0.9832434847384982,DOWNLOAD,0.9832434847384982,-1,7240,6.599999999226519,34,7240.0,47784.0,1,33,0.13157894736842105,0.868421052631579,0.09851225089559117,0,0,0,0,0,0,0,0,0.057499999999999996,0.1,0.0,0.0,0.15,skip,training_upload_trigger_not_confirmed,1785296350.8774998,1785296350877499783,1385019094198433,66.0,53.3671875,-1.0,0,0
2026-07-28T23:39:10.878,10.42.0.210,,95,1,DOWNLOAD,0.95,DOWNLOAD,0.95,-1,7240,3.29999999984116,35,14480.0,47784.0,2,33,0.23255813953488372,0.7674418604651163,0.08568514261694368,0,0,0,0,0,0,0,0,0.057499999999999996,0.1,0.0,0.0,0.15,skip,training_upload_trigger_not_confirmed,1785296350.8786707,1785296350878670714,1385019095369377,66.0,53.3671875,-1.0,0,0
2026-07-28T23:39:10.880,10.42.0.1,,96,1,DOWNLOAD,0.95,DOWNLOAD,0.95,-1,21720,0.5947869525063234,37,255436.0,151930.0,21,16,0.6270430030979512,0.37295699690204875,0.0046550497145629675,0,0,0,0,1,0,0,0,0.28500000000000003,0.7500000000000001,0.0,0.0,0.15,skip,training_upload_trigger_not_confirmed,1785296350.880019,1785296350880018951,1385019096718108,66.0,53.3671875,-1.0,0,0
2026-07-28T23:39:10.881,10.42.0.1,,96,1,DOWNLOAD,0.95,DOWNLOAD,0.95,-1,15472,0.5608176945695188,38,270908.0,151930.0,22,16,0.6406898150118958,0.3593101849881042,0.004209182440673849,0,0,0,0,1,0,0,0,0.28500000000000003,0.7500000000000001,0.0,0.0,0.15,skip,training_upload_trigger_not_confirmed,1785296350.8812904,1785296350881290499,1385019097989031,66.0,53.3671875,-1.0,0,0
2026-07-28T23:39:10.883,10.42.0.18,,67,1,DOWNLOAD,0.95,DOWNLOAD,0.95,-1,10220,9.784735811175661e-11,1,10220.0,0.0,1,0,1.0,0.0,0.2773091872159982,0,0,0,0,0,0,0,0,0.0225,0.0,0.0,0.0,0.15,skip,training_upload_trigger_not_confirmed,1785296350.8832939,1785296350883293945,1385019099993194,66.0,53.3671875,-1.0,0,0
2026-07-28T23:39:10.884,10.42.0.18,,67,1,DOWNLOAD,0.95,DOWNLOAD,0.95,-1,4380,6.84931506802402e-11,2,14600.0,0.0,2,0,1.0,0.0,0.24093785889813601,0,0,0,0,0,0,0,0,0.0225,0.0,0.0,0.0,0.15,skip,training_upload_trigger_not_confirmed,1785296350.884591,1785296350884591215,1385019101290083,66.0,53.3671875,-1.0,0,0
2026-07-28T23:39:10.886,10.42.0.18,,67,1,DOWNLOAD,0.95,DOWNLOAD,0.95,-1,14600,3.424657534129292e-11,3,29200.0,0.0,3,0,1.0,0.0,0.20942126690471244,0,0,0,0,0,0,0,0,0.0225,0.0,0.0,0.0,0.15,skip,training_upload_trigger_not_confirmed,1785296350.8863583,1785296350886358189,1385019103056683,66.0,53.3671875,-1.0,0,0
2026-07-28T23:39:10.887,10.42.0.210,,95,1,DOWNLOAD,0.9557926560077417,DOWNLOAD,0.9557926560077417,-1,10136,1.941176470550001,36,24616.0,47784.0,3,33,0.34,0.66,0.07562248341404838,0,0,0,0,0,0,0,0,0.057499999999999996,0.1,0.0,0.0,0.15,skip,training_upload_trigger_not_confirmed,1785296350.887993,1785296350887993119,1385019104691702,66.0,53.3671875,-1.0,0,0
2026-07-28T23:39:10.889,10.42.0.210,,95,1,DOWNLOAD,0.9846998846180315,DOWNLOAD,0.9846998846180315,-1,14480,1.2222222222165382,37,39096.0,47784.0,4,33,0.45,0.55,0.06587726178755449,0,0,0,0,0,0,0,0,0.057499999999999996,0.1,0.0,0.0,0.15,skip,training_upload_trigger_not_confirmed,1785296350.8896618,1785296350889661792,1385019106360280,66.0,53.3671875,-1.0,0,0
2026-07-28T23:39:10.890,10.42.0.210,,95,1,DOWNLOAD,0.9854895428954357,DOWNLOAD,0.9854895428954357,-1,4344,1.099999999997698,38,43440.0,47784.0,5,33,0.47619047619047616,0.5238095238095238,0.05737213283740993,0,0,0,0,0,0,0,0,0.039999999999999994,0.05,0.0,0.0,0.15,skip,training_upload_trigger_not_confirmed,1785296350.890996,1785296350890996052,1385019107696231,66.0,53.3671875,-1.0,0,0
2026-07-28T23:39:10.893,10.42.0.145,,42,1,DOWNLOAD,0.95,DOWNLOAD,0.95,-1,14600,6.84931506802402e-11,1,14600.0,0.0,1,0,1.0,0.0,0.26938376552405163,0,0,0,0,0,0,0,0,0.0225,0.0,0.0,0.0,0.15,skip,training_upload_trigger_not_confirmed,1785296350.893783,1785296350893782962,1385019110482370,66.0,53.3671875,-1.0,0,0
2026-07-28T23:39:10.894,10.42.0.145,,42,1,DOWNLOAD,0.95,DOWNLOAD,0.95,-1,14600,3.424657534129292e-11,2,29200.0,0.0,2,0,1.0,0.0,0.2340415365435007,0,0,0,0,0,0,0,0,0.0225,0.0,0.0,0.0,0.15,skip,training_upload_trigger_not_confirmed,1785296350.8949645,1785296350894964598,1385019111663266,66.0,53.3671875,-1.0,0,0
2026-07-28T23:39:10.896,10.42.0.59,,39,1,DOWNLOAD,0.95,DOWNLOAD,0.95,-1,14600,3.604902667498021e-11,3,27740.0,0.0,3,0,1.0,0.0,0.584433149872417,0,0,0,0,0,0,0,0,0.0225,0.0,0.0,0.0,0.15,skip,already_attacked_this_round,1785296350.8967671,1785296350896767231,1385019113466512,66.0,53.3671875,-1.0,0,0
2026-07-28T23:39:10.898,10.42.0.59,,39,1,DOWNLOAD,0.95,DOWNLOAD,0.95,-1,14600,2.361832782183235e-11,4,42340.0,0.0,4,0,1.0,0.0,0.5075888394746726,0,0,0,0,0,0,0,0,0.0225,0.0,0.0,0.0,0.15,skip,already_attacked_this_round,1785296350.89805,1785296350898049987,1385019114749048,66.0,53.3671875,-1.0,0,0
2026-07-28T23:39:10.903,10.42.0.47,,96,1,DOWNLOAD,0.95,DOWNLOAD,0.95,-1,2896,27.461671261580914,28,2896.0,79529.0,1,27,0.0351349711859266,0.9648650288140734,0.04603738301352398,0,0,0,0,1,0,0,0,0.44,0.8500000000000001,0.0,0.6000000000000001,0.15,skip,training_upload_trigger_not_confirmed,1785296350.9034095,1785296350903409518,1385019120108356,66.0,53.3671875,-1.0,0,0
2026-07-28T23:39:10.904,10.42.0.47,,96,1,DOWNLOAD,0.9829981496648164,DOWNLOAD,0.9829981496648164,-1,8688,6.86541781717322,29,11584.0,79529.0,2,27,0.12713882760967152,0.8728611723903285,0.04012088121471688,0,0,0,0,1,0,0,0,0.4,0.8500000000000001,0.0,0.4,0.15,skip,training_upload_trigger_not_confirmed,1785296350.9045482,1785296350904548049,1385019121246407,66.0,53.3671875,-1.0,0,0
2026-07-28T23:39:10.905,10.42.0.47,,96,1,DOWNLOAD,0.9842257140988042,DOWNLOAD,0.9842257140988042,-1,8688,3.923095895672696,30,20272.0,79529.0,3,27,0.2031242171922125,0.7968757828077875,0.03498339494789614,0,0,0,0,1,0,0,0,0.32,0.8500000000000001,0.0,0.0,0.15,skip,training_upload_trigger_not_confirmed,1785296350.905682,1785296350905682117,1385019122380880,66.0,53.3671875,-1.0,0,0
2026-07-28T23:39:10.910,10.42.0.18,,67,1,DOWNLOAD,0.95,DOWNLOAD,0.95,-1,14600,2.2831050227789245e-11,4,43800.0,0.0,4,0,1.0,0.0,0.1849664503616524,0,0,0,0,0,0,0,0,0.0225,0.0,0.0,0.0,0.15,skip,training_upload_trigger_not_confirmed,1785296350.9101987,1785296350910198717,1385019126897650,66.0,53.3671875,-1.0,0,0
2026-07-28T23:39:10.911,10.42.0.18,,67,1,DOWNLOAD,0.95,DOWNLOAD,0.95,-1,5840,2.014504431869168e-11,5,49640.0,0.0,5,0,1.0,0.0,0.16074657169909326,0,0,0,0,0,0,0,0,0.0225,0.0,0.0,0.0,0.15,skip,training_upload_trigger_not_confirmed,1785296350.9113672,1785296350911367188,1385019128065717,66.0,53.3671875,-1.0,0,0
2026-07-28T23:39:10.913,10.42.0.59,,39,1,DOWNLOAD,0.9533018588595615,DOWNLOAD,0.9533018588595615,-1,26280,1.4573010783815608e-11,5,68620.0,0.0,5,0,1.0,0.0,0.4426740421208457,0,0,0,0,0,0,0,0,0.0225,0.0,0.0,0.0,0.15,skip,already_attacked_this_round,1785296350.9130185,1785296350913018313,1385019129717765,66.0,53.3671875,-1.0,0,0
2026-07-28T23:39:10.914,10.42.0.210,,95,1,DOWNLOAD,0.9855083405864443,DOWNLOAD,0.9855083405864443,-1,14480,0.8250000000030214,39,57920.0,47784.0,6,33,0.547945205479452,0.4520547945205479,0.05295319599086386,0,0,0,0,0,0,0,0,0.039999999999999994,0.05,0.0,0.0,0.15,skip,training_upload_trigger_not_confirmed,1785296350.914834,1785296350914833964,1385019131533393,66.0,53.3671875,-1.0,0,0
2026-07-28T23:39:10.916,10.42.0.47,,96,1,DOWNLOAD,0.9842586901286671,DOWNLOAD,0.9842586901286671,-1,4344,3.230784855287992,31,24616.0,79529.0,4,27,0.2363627634547986,0.7636372365452014,0.03181915207854432,0,0,0,0,0,0,0,0,0.057499999999999996,0.1,0.0,0.0,0.15,skip,training_upload_trigger_not_confirmed,1785296350.916653,1785296350916652818,1385019133351729,66.0,53.3671875,-1.0,0,0
2026-07-28T23:39:10.922,10.42.0.47,,96,1,DOWNLOAD,0.9842595481342594,DOWNLOAD,0.9842595481342594,-1,8688,2.3879714148033875,32,33304.0,79529.0,5,27,0.2951618764014074,0.7048381235985927,0.028403971390865028,0,0,0,0,0,0,0,0,0.057499999999999996,0.1,0.0,0.0,0.15,skip,training_upload_trigger_not_confirmed,1785296350.9225552,1785296350922555215,1385019139253896,66.0,53.3671875,-1.0,0,0
2026-07-28T23:39:10.924,10.42.0.18,,67,1,DOWNLOAD,0.951284712907309,DOWNLOAD,0.951284712907309,-1,8760,1.7123287670939668e-11,6,58400.0,0.0,6,0,1.0,0.0,0.14129013412131386,0,0,0,0,0,0,0,0,0.0225,0.0,0.0,0.0,0.15,skip,training_upload_trigger_not_confirmed,1785296350.9244642,1785296350924464210,1385019141164034,66.0,53.3671875,-1.0,0,0
2026-07-28T23:39:10.933,10.42.0.47,,96,1,DOWNLOAD,0.9842595696464124,DOWNLOAD,0.9842595696464124,-1,2896,2.1969337016243937,33,36200.0,79529.0,6,27,0.31279973040465225,0.6872002695953477,0.026167175800287483,0,0,0,0,0,0,0,0,0.057499999999999996,0.1,0.0,0.0,0.15,skip,training_upload_trigger_not_confirmed,1785296350.9339848,1785296350933984827,1385019150684209,66.0,53.3671875,-1.0,0,0
2026-07-28T23:39:10.935,10.42.0.47,,96,1,DOWNLOAD,0.9842595701605352,DOWNLOAD,0.9842595701605352,-1,10136,1.7163544544044294,34,46336.0,79529.0,7,27,0.368140467961705,0.631859532038295,0.02290270812450825,0,0,0,0,0,0,0,0,0.057499999999999996,0.1,0.0,0.0,0.15,skip,training_upload_trigger_not_confirmed,1785296350.9353788,1785296350935378611,1385019152078242,66.0,53.3671875,-1.0,0,0
2026-07-28T23:39:10.939,10.42.0.47,,96,1,DOWNLOAD,0.9842595701720059,DOWNLOAD,0.9842595701720059,-1,6784,1.497157379508713,35,53120.0,79529.0,8,27,0.400455337017241,0.599544662982759,0.020369801843665675,0,0,0,0,0,0,0,0,0.057499999999999996,0.1,0.0,0.0,0.15,skip,training_upload_trigger_not_confirmed,1785296350.93906,1785296350939059937,1385019155758521,66.0,53.3671875,-1.0,0,0
2026-07-28T23:39:11.215,10.42.0.59,,39,3,UPLOAD,0.95,UPLOAD,0.95,1,64240,0.9361702127668877,6,68620.0,64240.0,5,1,0.5164835164835165,0.4835164835164835,0.7214879326898209,0,0,0,1,1,1,1,1,0.85,1.0,1.0,0.4,0.8,skip,already_attacked_this_round,1785296351.2156005,1785296351215600437,1385019432299402,66.0,53.3671875,-1.0,0,0
2026-07-28T23:39:11.217,10.42.0.59,,39,3,UPLOAD,0.9841010226033655,UPLOAD,0.9841010226033655,1,3635,0.9891431069660573,7,68620.0,67875.0,5,2,0.5027290376936884,0.49727096230631157,0.6266661175730407,0,0,0,1,1,1,1,1,0.85,1.0,1.0,0.4,0.8,skip,already_attacked_this_round,1785296351.217512,1785296351217511966,1385019434211028,66.0,53.3671875,-1.0,0,0
2026-07-28T23:39:11.218,10.42.0.1,10.42.0.1,96,3,UPLOAD,0.95,UPLOAD,0.95,1,7240,0.5287477667712701,36,270908.0,143242.0,22,14,0.6541301460823373,0.3458698539176627,0.003940073150879136,1,0,0,0,1,0,0,0,0.85,1.0,1.0,0.4,0.8,trigger,training_upload_trigger_confirmed,1785296351.2188075,1785296351218807557,1385019435506071,66.0,53.3671875,25.181024,1785296351243989752,1385019460687095
2026-07-28T23:39:11.219,10.42.0.1,10.42.0.1,96,3,UPLOAD,0.95,UPLOAD,0.95,1,5792,0.5501277186367692,37,270908.0,149034.0,22,15,0.6451081339804068,0.35489186601959316,0.0035183919673558916,1,0,1,0,1,0,0,0,0.85,1.0,1.0,0.4,0.8,skip,attack_already_active,1785296351.2195475,1785296351219547363,1385019436245678,66.0,53.3671875,-1.0,0,0
2026-07-28T23:39:11.220,10.42.0.1,10.42.0.1,96,3,UPLOAD,0.95,UPLOAD,0.95,1,2896,0.5608176945695188,38,270908.0,151930.0,22,16,0.6406898150118958,0.3593101849881042,0.0031895701484604445,1,0,1,0,1,0,0,0,0.85,1.0,1.0,0.4,0.8,skip,attack_already_active,1785296351.2205706,1785296351220570727,1385019437269268,75.9,53.3671875,-1.0,0,0
2026-07-28T23:39:11.221,10.42.0.1,10.42.0.1,96,3,UPLOAD,0.95,UPLOAD,0.95,1,11584,0.6035775983005168,39,270908.0,163514.0,22,17,0.6236056184999839,0.37639438150001614,0.002941528288155066,1,0,1,1,1,1,1,1,0.85,1.0,1.0,0.4,0.8,skip,attack_already_active,1785296351.2218778,1785296351221877789,1385019438576081,75.9,53.3671875,-1.0,0,0
2026-07-28T23:39:11.222,10.42.0.1,10.42.0.1,96,3,UPLOAD,0.95,UPLOAD,0.95,1,2896,0.6142675742332664,40,270908.0,166410.0,22,18,0.6194759877251794,0.38052401227482063,0.002645994599159287,1,0,1,1,1,1,1,1,0.85,1.0,1.0,0.4,0.8,skip,attack_already_active,1785296351.2225766,1785296351222576526,1385019439274796,75.9,53.3671875,-1.0,0,0
2026-07-28T23:39:11.223,10.42.0.1,10.42.0.1,96,3,UPLOAD,0.95,UPLOAD,0.95,1,11584,0.6570274779642645,41,270908.0,177994.0,22,19,0.6034902940953705,0.39650970590462953,0.0023916981811973044,1,0,1,1,1,1,1,1,0.85,1.0,1.0,0.4,0.8,skip,attack_already_active,1785296351.2232928,1785296351223292926,1385019439991533,75.9,53.3671875,-1.0,0,0
2026-07-28T23:39:11.224,10.42.0.1,10.42.0.1,96,3,UPLOAD,0.95,UPLOAD,0.95,1,5792,0.6784074298297635,42,270908.0,183786.0,22,20,0.5958028916150202,0.4041971083849798,0.0022631846821159966,1,0,1,1,1,1,1,1,0.85,1.0,1.0,0.4,0.8,skip,attack_already_active,1785296351.2247093,1785296351224709463,1385019441408687,75.9,53.3671875,-1.0,0,0
2026-07-28T23:39:11.226,10.42.0.1,10.42.0.1,96,3,UPLOAD,0.95,UPLOAD,0.95,1,14480,0.7318573094935112,43,270908.0,198266.0,22,21,0.5774147757548372,0.42258522424516276,0.002141615221956118,1,0,1,1,1,1,1,1,0.85,1.0,1.0,0.4,0.8,skip,attack_already_active,1785296351.22605,1785296351226049754,1385019442748247,75.9,53.3671875,-1.0,0,0
2026-07-28T23:39:11.227,10.42.0.1,10.42.0.1,96,3,UPLOAD,0.95,UPLOAD,0.95,1,8688,0.7639272372917598,44,270908.0,206954.0,22,22,0.5669168086183878,0.4330831913816123,0.002046339029316135,1,0,1,1,1,1,1,1,0.9299999999999999,1.0,1.0,0.8,0.8,skip,attack_already_active,1785296351.2274685,1785296351227468456,1385019444166971,75.9,53.3671875,-1.0,0,0
2026-07-28T23:39:11.228,10.42.0.1,10.42.0.1,96,3,UPLOAD,0.95,UPLOAD,0.95,1,5792,0.785307189157259,45,270908.0,212746.0,22,23,0.5601276945915882,0.4398723054084118,0.0018795446255604996,1,0,1,1,1,1,1,1,0.9299999999999999,1.0,1.0,0.8,0.8,skip,attack_already_active,1785296351.228249,1785296351228249031,1385019444947443,75.9,53.3671875,-1.0,0,0
2026-07-28T23:39:11.229,10.42.0.1,10.42.0.1,96,3,UPLOAD,0.95,UPLOAD,0.95,1,2798,0.7956354186668698,46,270908.0,215544.0,22,24,0.5569059228865335,0.4430940771134665,0.00178974147605596,1,0,1,1,1,1,1,1,0.9299999999999999,1.0,1.0,0.8,0.8,skip,attack_already_active,1785296351.2294471,1785296351229447120,1385019446145904,75.9,53.3671875,-1.0,0,0
2026-07-28T23:39:11.231,10.42.0.145,10.42.0.1,42,3,UPLOAD,0.95,UPLOAD,0.95,1,64240,2.199999999958904,3,29200.0,64240.0,2,1,0.3125,0.6875,0.28754072118153007,0,0,0,1,1,1,1,1,0.9299999999999999,1.0,1.0,0.8,0.8,trigger,training_upload_trigger_confirmed,1785296351.2312512,1785296351231251308,1385019447951556,75.9,53.3671875,92.414703,1785296351323668978,1385019540366259
2026-07-28T23:39:11.237,10.42.0.1,10.42.0.1,96,3,UPLOAD,0.95,UPLOAD,0.95,1,11584,0.8009804066332445,46,270908.0,216992.0,22,24,0.5552531256405001,0.4447468743594999,0.002601986430297782,1,0,1,1,1,1,1,1,0.9699999999999999,1.0,1.0,1.0,0.8,skip,attack_already_active,1785296351.2374008,1785296351237400860,1385019454099523,75.9,53.3671875,-1.0,0,0
2026-07-28T23:39:11.238,10.42.0.1,10.42.0.1,96,3,UPLOAD,0.95,UPLOAD,0.95,1,5792,0.768910478834996,46,270908.0,208304.0,22,24,0.5653197332287171,0.43468026677128285,0.0023596155743238266,1,0,1,1,1,1,1,1,0.9699999999999999,1.0,1.0,1.0,0.8,skip,attack_already_active,1785296351.2381635,1785296351238163448,1385019454861813,75.9,53.3671875,-1.0,0,0
2026-07-28T23:39:11.239,10.42.0.1,10.42.0.1,96,3,UPLOAD,0.95,UPLOAD,0.95,1,11584,0.7902904307004951,46,270908.0,214096.0,22,24,0.5585685891250382,0.44143141087496185,0.0021804434033475765,1,0,1,1,1,1,1,1,0.9699999999999999,1.0,1.0,1.0,0.8,skip,attack_already_active,1785296351.2391634,1785296351239163353,1385019455861433,75.9,53.3671875,-1.0,0,0
2026-07-28T23:39:11.240,10.42.0.1,10.42.0.1,96,3,UPLOAD,0.95,UPLOAD,0.95,1,14480,0.768910478834996,46,270908.0,208304.0,22,24,0.5653197332287171,0.43468026677128285,0.002111028284598401,1,0,1,1,1,1,1,1,0.9699999999999999,1.0,1.0,1.0,0.8,skip,attack_already_active,1785296351.240817,1785296351240817180,1385019457516787,75.9,53.3671875,-1.0,0,0
2026-07-28T23:39:11.244,10.42.0.1,10.42.0.1,96,3,UPLOAD,0.95,UPLOAD,0.95,1,8688,0.7532815568393947,46,270908.0,204070.0,22,24,0.5703590482085487,0.4296409517914514,0.002330972824729577,1,0,1,1,1,1,1,1,0.9699999999999999,1.0,1.0,1.0,0.8,skip,attack_already_active,1785296351.2445972,1785296351244597319,1385019461296157,75.9,53.3671875,-1.0,0,0
2026-07-28T23:39:11.245,10.42.0.1,10.42.0.1,96,3,UPLOAD,0.95,UPLOAD,0.95,1,11584,0.7960414605703927,47,270908.0,215654.0,22,25,0.5567800198124803,0.4432199801875198,0.0021432908015561374,1,0,1,1,1,1,1,1,0.9699999999999999,1.0,1.0,1.0,0.8,skip,attack_already_active,1785296351.245504,1785296351245503885,1385019462202383,75.9,53.3671875,-1.0,0,0
2026-07-28T23:39:11.246,10.42.0.1,10.42.0.1,96,3,UPLOAD,0.95,UPLOAD,0.95,1,2799,0.8063733813700357,48,270908.0,218453.0,22,26,0.5535954029847087,0.4464045970152914,0.001965699930857004,1,0,1,1,1,1,1,1,0.9699999999999999,1.0,1.0,1.0,0.8,skip,attack_already_active,1785296351.2462995,1785296351246299397,1385019462997775,75.9,53.3671875,-1.0,0,0
2026-07-28T23:39:11.299,10.42.0.18,10.42.0.1,67,3,UPLOAD,0.95,UPLOAD,0.95,1,7300,0.12500000001498288,7,58400.0,7300.0,6,1,0.8888888888888888,0.1111111111111111,0.2042319552748492,0,0,0,1,1,1,1,1,0.9699999999999999,1.0,1.0,1.0,0.8,trigger,training_upload_trigger_confirmed,1785296351.2993474,1785296351299347453,1385019516046764,75.9,53.3671875,76.915374,1785296351376264871,1385019592962138
2026-07-28T23:39:11.302,10.42.0.18,10.42.0.1,67,3,UPLOAD,0.9841010226033655,UPLOAD,0.9841010226033655,1,64240,1.2249999999961472,8,58400.0,71540.0,6,2,0.449438202247191,0.550561797752809,0.17777372606062256,0,0,1,1,1,1,1,1,0.9699999999999999,1.0,1.0,1.0,0.8,skip,attack_already_active,1785296351.3027952,1785296351302795365,1385019519494210,75.9,53.3671875,-1.0,0,0
2026-07-28T23:39:11.304,10.42.0.1,10.42.0.1,96,3,UPLOAD,0.95,UPLOAD,0.95,1,11584,0.8491332851010338,49,270908.0,230037.0,22,27,0.5407938995298885,0.4592061004701115,0.002092414705882549,1,0,1,1,1,1,1,1,0.9699999999999999,1.0,1.0,1.0,0.8,skip,attack_already_active,1785296351.3041952,1785296351304195157,1385019520893658,75.9,53.3671875,-1.0,0,0
2026-07-28T23:39:11.305,10.42.0.1,10.42.0.1,96,3,UPLOAD,0.95,UPLOAD,0.95,1,5792,0.8705132369665328,50,270908.0,235829.0,22,28,0.534612629431046,0.4653873705689539,0.0019409440092998907,1,0,1,1,1,1,1,1,0.9699999999999999,1.0,1.0,1.0,0.8,skip,attack_already_active,1785296351.305138,1785296351305138274,1385019521836569,75.9,53.3671875,-1.0,0,0
2026-07-28T23:39:11.307,10.42.0.1,10.42.0.1,96,3,UPLOAD,0.95,UPLOAD,0.95,1,11584,0.913273140697531,51,270908.0,247413.0,22,29,0.5226645264228152,0.4773354735771848,0.002015312040287922,1,0,1,1,1,1,1,1,0.9699999999999999,1.0,1.0,1.0,0.8,skip,attack_already_active,1785296351.3076434,1785296351307643505,1385019524343101,75.9,53.3671875,-1.0,0,0
2026-07-28T23:39:11.308,10.42.0.1,10.42.0.1,96,3,UPLOAD,0.95,UPLOAD,0.95,1,14480,0.9667230203612787,52,270908.0,261893.0,22,30,0.5084600066441317,0.49153999335586834,0.0018706712534554211,1,0,1,1,1,1,1,1,0.9699999999999999,1.0,1.0,1.0,0.8,skip,attack_already_active,1785296351.308561,1785296351308561279,1385019525259494,75.9,53.3671875,-1.0,0,0
2026-07-28T23:39:11.309,10.42.0.1,10.42.0.1,96,3,UPLOAD,0.95,UPLOAD,0.95,1,8688,0.9987929481595272,53,270908.0,270581.0,22,31,0.5003019451918691,0.4996980548081309,0.001720553376335226,1,0,1,1,1,1,1,1,0.9699999999999999,1.0,1.0,1.0,0.8,skip,attack_already_active,1785296351.3092926,1785296351309292526,1385019525990642,75.9,53.3671875,-1.0,0,0
2026-07-28T23:39:11.310,10.42.0.1,10.42.0.1,96,3,UPLOAD,0.95,UPLOAD,0.95,1,11584,1.0415528518905253,54,270908.0,282165.0,22,32,0.48982322405903017,0.5101767759409698,0.0017092580405491024,1,0,1,1,1,1,1,1,0.9699999999999999,1.0,1.0,1.0,0.8,skip,attack_already_active,1785296351.3109274,1785296351310927415,1385019527625902,75.9,53.3671875,-1.0,0,0
2026-07-28T23:39:11.311,10.42.0.1,10.42.0.1,96,3,UPLOAD,0.95,UPLOAD,0.95,1,2798,1.0518810814001363,55,270908.0,284963.0,22,33,0.48735767831025545,0.5126423216897446,0.0015844317414610391,1,0,1,1,1,1,1,1,0.9699999999999999,1.0,1.0,1.0,0.8,skip,attack_already_active,1785296351.3116894,1785296351311689470,1385019528387918,75.9,53.3671875,-1.0,0,0
2026-07-28T23:39:12.179,10.42.0.1,10.42.0.1,96,3,UPLOAD,0.910160731540815,UPLOAD,0.910160731540815,0,43,100.0,25,0.0,212563.0,0,25,0.0,1.0,0.1724612995777011,1,0,1,0,0,0,0,0,0.45499999999999996,0.1,1.0,0.0,0.8,skip,attack_already_active,1785296352.1796122,1785296352179612210,1385020396310794,33.0,53.3671875,-1.0,0,0
2026-07-28T23:39:12.315,10.42.0.1,10.42.0.1,96,3,UPLOAD,0.6013301828964898,UPLOAD,0.6013301828964898,0,43,1.0,0,0.0,0.0,0,0,0.0,0.0,0.16763365420787404,1,0,1,0,0,0,0,0,0.4375,0.05,1.0,0.0,0.8,skip,attack_already_active,1785296352.3154378,1785296352315437721,1385020532136220,9.7,53.3671875,-1.0,0,0
2026-07-28T23:39:12.372,10.42.0.1,,96,3,UPLOAD,0.37197864128198493,UPLOAD,0.37197864128198493,0,43,1.0,0,0.0,0.0,0,0,0.0,0.0,0.15304540197525934,0,0,1,0,0,0,0,0,0.4375,0.05,1.0,0.0,0.8,skip,attack_already_active,1785296352.3723652,1785296352372365189,1385020589063577,9.7,53.3671875,-1.0,0,0
2026-07-28T23:39:12.384,10.42.0.210,,95,2,TRAINING,0.9293977297375461,TRAINING,0.9293977297375461,0,43,1.0,0,0.0,0.0,0,0,0.0,0.0,0.3412584869535114,0,0,0,0,0,0,0,0,0.039999999999999994,0.05,0.0,0.0,0.15,skip,training_upload_trigger_not_confirmed,1785296352.384715,1785296352384715081,1385020601413567,9.7,53.3671875,-1.0,0,0
2026-07-28T23:39:12.706,10.42.0.47,10.42.0.47,96,3,UPLOAD,0.95,UPLOAD,0.95,1,4344,100.0,1,0.0,4344.0,0,1,0.0,1.0,0.2979667162875975,1,0,0,1,1,1,1,1,0.9699999999999999,1.0,1.0,1.0,0.8,trigger,training_upload_trigger_confirmed,1785296352.7068257,1785296352706825696,1385020923524254,9.7,53.3671875,5.095346,1785296352711922344,1385020928619600
2026-07-28T23:39:12.708,10.42.0.47,10.42.0.47,96,3,UPLOAD,0.95,UPLOAD,0.95,1,2896,100.0,2,0.0,7240.0,0,2,0.0,1.0,0.2589105770180143,1,0,1,1,1,1,1,1,0.9699999999999999,1.0,1.0,1.0,0.8,skip,attack_already_active,1785296352.7084062,1785296352708406284,1385020925104465,9.7,53.3671875,-1.0,0,0
2026-07-28T23:39:12.709,10.42.0.47,10.42.0.47,96,3,UPLOAD,0.95,UPLOAD,0.95,1,1448,100.0,3,0.0,8688.0,0,3,0.0,1.0,0.22487191390415617,1,0,1,1,1,1,1,1,0.9699999999999999,1.0,1.0,1.0,0.8,skip,attack_already_active,1785296352.7090068,1785296352709006837,1385020925704822,9.7,53.3671875,-1.0,0,0
2026-07-28T23:39:12.709,10.42.0.47,10.42.0.47,96,3,UPLOAD,0.95,UPLOAD,0.95,1,4344,100.0,4,0.0,13032.0,0,4,0.0,1.0,0.1953533938575453,1,0,1,1,1,1,1,1,0.9699999999999999,1.0,1.0,1.0,0.8,skip,attack_already_active,1785296352.7098708,1785296352709870863,1385020926568939,9.7,53.3671875,-1.0,0,0
2026-07-28T23:39:12.710,10.42.0.47,10.42.0.47,96,3,UPLOAD,0.95,UPLOAD,0.95,1,1448,100.0,5,0.0,14480.0,0,5,0.0,1.0,0.16972060825434435,1,0,1,1,1,1,1,1,0.9699999999999999,1.0,1.0,1.0,0.8,skip,attack_already_active,1785296352.710704,1785296352710704252,1385020927402269,9.7,53.3671875,-1.0,0,0
2026-07-28T23:39:12.711,10.42.0.47,10.42.0.47,96,3,UPLOAD,0.95,UPLOAD,0.95,1,2896,100.0,6,0.0,17376.0,0,6,0.0,1.0,0.14743057028303733,1,0,1,1,1,1,1,1,0.9699999999999999,1.0,1.0,1.0,0.8,skip,attack_already_active,1785296352.7112718,1785296352711271566,1385020927969648,9.7,53.3671875,-1.0,0,0
2026-07-28T23:39:12.712,10.42.0.47,10.42.0.47,96,3,UPLOAD,0.95,UPLOAD,0.95,1,4344,100.0,7,0.0,21720.0,0,7,0.0,1.0,0.1281155226200681,1,0,1,1,1,1,1,1,0.9699999999999999,1.0,1.0,1.0,0.8,skip,attack_already_active,1785296352.7121258,1785296352712125690,1385020928823713,9.7,53.3671875,-1.0,0,0
2026-07-28T23:39:12.713,10.42.0.47,10.42.0.47,96,3,UPLOAD,0.95,UPLOAD,0.95,1,1448,100.0,8,0.0,23168.0,0,8,0.0,1.0,0.11146584555217078,1,0,1,1,1,1,1,1,0.9699999999999999,1.0,1.0,1.0,0.8,skip,attack_already_active,1785296352.7138915,1785296352713891491,1385020930589885,9.7,53.3671875,-1.0,0,0
2026-07-28T23:39:12.714,10.42.0.47,10.42.0.47,96,3,UPLOAD,0.95,UPLOAD,0.95,1,2896,100.0,9,0.0,26064.0,0,9,0.0,1.0,0.09686511632278606,1,0,1,1,1,1,1,1,0.9699999999999999,1.0,1.0,1.0,0.8,skip,attack_already_active,1785296352.7145565,1785296352714556328,1385020931254478,9.7,53.3671875,-1.0,0,0
2026-07-28T23:39:12.716,10.42.0.47,10.42.0.47,96,3,UPLOAD,0.95,UPLOAD,0.95,1,2896,100.0,10,0.0,28960.0,0,10,0.0,1.0,0.08429354474246412,1,0,1,1,1,1,1,1,0.9699999999999999,1.0,1.0,1.0,0.8,skip,attack_already_active,1785296352.7160194,1785296352716019329,1385020932717543,9.7,53.3671875,-1.0,0,0
2026-07-28T23:39:12.716,10.42.0.47,10.42.0.47,96,3,UPLOAD,0.95,UPLOAD,0.95,1,1448,100.0,11,0.0,30408.0,0,11,0.0,1.0,0.0732657651525019,1,0,1,1,1,1,1,1,0.9699999999999999,1.0,1.0,1.0,0.8,skip,attack_already_active,1785296352.7166262,1785296352716626150,1385020933324543,9.7,53.3671875,-1.0,0,0
2026-07-28T23:39:12.717,10.42.0.47,10.42.0.47,96,3,UPLOAD,0.95,UPLOAD,0.95,1,4344,100.0,12,0.0,34752.0,0,12,0.0,1.0,0.06372157748211212,1,0,1,1,1,1,1,1,0.9699999999999999,1.0,1.0,1.0,0.8,skip,attack_already_active,1785296352.7174637,1785296352717463881,1385020934161894,9.7,53.3671875,-1.0,0,0
2026-07-28T23:39:12.718,10.42.0.47,10.42.0.47,96,3,UPLOAD,0.95,UPLOAD,0.95,1,4344,100.0,13,0.0,39096.0,0,13,0.0,1.0,0.05543287084828419,1,0,1,1,1,1,1,1,0.9699999999999999,1.0,1.0,1.0,0.8,skip,attack_already_active,1785296352.7182846,1785296352718284658,1385020934982774,9.7,53.3671875,-1.0,0,0
2026-07-28T23:39:12.719,10.42.0.47,10.42.0.47,96,3,UPLOAD,0.95,UPLOAD,0.95,1,1448,100.0,14,0.0,40544.0,0,14,0.0,1.0,0.04824014280837663,1,0,1,1,1,1,1,1,0.9699999999999999,1.0,1.0,1.0,0.8,skip,attack_already_active,1785296352.7191339,1785296352719133932,1385020935832017,9.7,53.3671875,-1.0,0,0
2026-07-28T23:39:12.719,10.42.0.47,10.42.0.47,96,3,UPLOAD,0.95,UPLOAD,0.95,1,2896,100.0,15,0.0,43440.0,0,15,0.0,1.0,0.041959919435731546,1,0,1,1,1,1,1,1,0.9699999999999999,1.0,1.0,1.0,0.8,skip,attack_already_active,1785296352.719715,1785296352719715081,1385020936413071,9.7,53.3671875,-1.0,0,0
2026-07-28T23:39:12.720,10.42.0.47,10.42.0.47,96,3,UPLOAD,0.95,UPLOAD,0.95,1,4344,100.0,16,0.0,47784.0,0,16,0.0,1.0,0.036539126488236845,1,0,1,1,1,1,1,1,0.9699999999999999,1.0,1.0,1.0,0.8,skip,attack_already_active,1785296352.7205381,1785296352720538231,1385020937236326,9.7,53.3671875,-1.0,0,0
2026-07-28T23:39:12.721,10.42.0.47,10.42.0.47,96,3,UPLOAD,0.95,UPLOAD,0.95,1,1448,100.0,17,0.0,49232.0,0,17,0.0,1.0,0.03183501196292647,1,0,1,1,1,1,1,1,0.9699999999999999,1.0,1.0,1.0,0.8,skip,attack_already_active,1785296352.721379,1785296352721379099,1385020938077131,9.7,53.3671875,-1.0,0,0
2026-07-28T23:39:12.721,10.42.0.47,10.42.0.47,96,3,UPLOAD,0.95,UPLOAD,0.95,1,2896,100.0,18,0.0,52128.0,0,18,0.0,1.0,0.027720116168253248,1,0,1,1,1,1,1,1,0.9699999999999999,1.0,1.0,1.0,0.8,skip,attack_already_active,1785296352.7219872,1785296352721987216,1385020938685388,9.7,53.3671875,-1.0,0,0
2026-07-28T23:39:12.723,10.42.0.47,10.42.0.47,96,3,UPLOAD,0.95,UPLOAD,0.95,1,4344,100.0,19,0.0,56472.0,0,19,0.0,1.0,0.024221698090084228,1,0,1,1,1,1,1,1,0.9699999999999999,1.0,1.0,1.0,0.8,skip,attack_already_active,1785296352.7231588,1785296352723158794,1385020939856958,9.7,53.3671875,-1.0,0,0
2026-07-28T23:39:12.724,10.42.0.47,10.42.0.47,96,3,UPLOAD,0.95,UPLOAD,0.95,1,1448,100.0,20,0.0,57920.0,0,20,0.0,1.0,0.021188146546000847,1,0,1,1,1,1,1,1,0.9699999999999999,1.0,1.0,1.0,0.8,skip,attack_already_active,1785296352.7243598,1785296352724359694,1385020941057902,9.7,53.3671875,-1.0,0,0
2026-07-28T23:39:12.724,10.42.0.47,10.42.0.47,96,3,UPLOAD,0.95,UPLOAD,0.95,1,2896,100.0,21,0.0,60816.0,0,21,0.0,1.0,0.0184785920970166,1,0,1,1,1,1,1,1,0.9699999999999999,1.0,1.0,1.0,0.8,skip,attack_already_active,1785296352.7249858,1785296352724985781,1385020941683871,9.7,53.3671875,-1.0,0,0
2026-07-28T23:39:12.725,10.42.0.47,10.42.0.47,96,3,UPLOAD,0.95,UPLOAD,0.95,1,4344,100.0,22,0.0,65160.0,0,22,0.0,1.0,0.016159578781594748,1,0,1,1,1,1,1,1,0.9699999999999999,1.0,1.0,1.0,0.8,skip,attack_already_active,1785296352.725866,1785296352725865968,1385020942564149,26.0,53.3671875,-1.0,0,0
2026-07-28T23:39:12.726,10.42.0.47,10.42.0.47,96,3,UPLOAD,0.95,UPLOAD,0.95,1,1448,100.0,23,0.0,66608.0,0,23,0.0,1.0,0.014145806621626216,1,0,1,1,1,1,1,1,0.9699999999999999,1.0,1.0,1.0,0.8,skip,attack_already_active,1785296352.7267437,1785296352726743761,1385020943442165,26.0,53.3671875,-1.0,0,0
2026-07-28T23:39:12.727,10.42.0.47,10.42.0.47,96,3,UPLOAD,0.95,UPLOAD,0.95,1,2896,100.0,24,0.0,69504.0,0,24,0.0,1.0,0.012364347027642823,1,0,1,1,1,1,1,1,0.9699999999999999,1.0,1.0,1.0,0.8,skip,attack_already_active,1785296352.7273705,1785296352727370544,1385020944068572,26.0,53.3671875,-1.0,0,0
2026-07-28T23:39:12.728,10.42.0.47,10.42.0.47,96,3,UPLOAD,0.95,UPLOAD,0.95,1,4344,100.0,25,0.0,73848.0,0,25,0.0,1.0,0.010849401399231037,1,0,1,1,1,1,1,1,0.9699999999999999,1.0,1.0,1.0,0.8,skip,attack_already_active,1785296352.7282383,1785296352728238290,1385020944936437,26.0,53.3671875,-1.0,0,0
2026-07-28T23:39:12.729,10.42.0.47,10.42.0.47,96,3,UPLOAD,0.95,UPLOAD,0.95,1,1448,100.0,26,0.0,75296.0,0,26,0.0,1.0,0.009540150500196045,1,0,1,1,1,1,1,1,0.9699999999999999,1.0,1.0,1.0,0.8,skip,attack_already_active,1785296352.7291522,1785296352729152204,1385020945850574,26.0,53.3671875,-1.0,0,0
2026-07-28T23:39:12.730,10.42.0.47,10.42.0.47,96,3,UPLOAD,0.95,UPLOAD,0.95,1,2896,100.0,27,0.0,78192.0,0,27,0.0,1.0,0.00842736556387802,1,0,1,1,1,1,1,1,0.9699999999999999,1.0,1.0,1.0,0.8,skip,attack_already_active,1785296352.7302477,1785296352730247602,1385020946946576,26.0,53.3671875,-1.0,0,0
2026-07-28T23:39:12.732,10.42.0.47,10.42.0.47,96,3,UPLOAD,0.9504783035070593,UPLOAD,0.9504783035070593,1,1363,100.0,28,0.0,79555.0,0,28,0.0,1.0,0.007591442732692391,1,0,1,1,1,1,1,1,0.9699999999999999,1.0,1.0,1.0,0.8,skip,attack_already_active,1785296352.7323315,1785296352732331396,1385020949030334,26.0,53.3671875,-1.0,0,0
2026-07-28T23:39:12.733,10.42.0.1,10.42.0.1|10.42.0.47,96,3,UPLOAD,0.95,UPLOAD,0.95,1,7240,100.0,1,0.0,7240.0,0,1,0.0,1.0,0.13625483344046024,1,0,1,1,1,1,1,1,0.9699999999999999,1.0,1.0,1.0,0.8,skip,attack_already_active,1785296352.7334142,1785296352733414205,1385020950112601,26.0,53.3671875,-1.0,0,0
2026-07-28T23:39:12.734,10.42.0.1,10.42.0.1|10.42.0.47,96,3,UPLOAD,0.95,UPLOAD,0.95,1,5792,100.0,2,0.0,13032.0,0,2,0.0,1.0,0.11842562648802604,1,0,1,1,1,1,1,1,0.9699999999999999,1.0,1.0,1.0,0.8,skip,attack_already_active,1785296352.734368,1785296352734367964,1385020951066288,26.0,53.3671875,-1.0,0,0
2026-07-28T23:39:12.735,10.42.0.1,10.42.0.1|10.42.0.47,96,3,UPLOAD,0.9634793456192633,UPLOAD,0.9634793456192633,1,14480,100.0,3,0.0,27512.0,0,3,0.0,1.0,0.10298855016816091,1,0,1,1,1,1,1,1,0.9699999999999999,1.0,1.0,1.0,0.8,skip,attack_already_active,1785296352.735646,1785296352735646016,1385020952345666,26.0,53.3671875,-1.0,0,0
2026-07-28T23:39:12.736,10.42.0.1,10.42.0.1|10.42.0.47,96,3,UPLOAD,0.9670692349268849,UPLOAD,0.9670692349268849,1,14480,100.0,4,0.0,41992.0,0,4,0.0,1.0,0.0895736534845226,1,0,1,1,1,1,1,1,0.9699999999999999,1.0,1.0,1.0,0.8,skip,attack_already_active,1785296352.7368326,1785296352736832588,1385020953531473,26.0,53.3671875,-1.0,0,0
2026-07-28T23:39:12.737,10.42.0.1,10.42.0.1|10.42.0.47,96,3,UPLOAD,0.9673704254794628,UPLOAD,0.9673704254794628,1,18824,100.0,5,0.0,60816.0,0,5,0.0,1.0,0.07790695601164944,1,0,1,1,1,1,1,1,0.9699999999999999,1.0,1.0,1.0,0.8,skip,attack_already_active,1785296352.737871,1785296352737870855,1385020954569029,26.0,53.3671875,-1.0,0,0
2026-07-28T23:39:12.738,10.42.0.1,10.42.0.1|10.42.0.47,96,3,UPLOAD,0.9666233725670996,UPLOAD,0.9666233725670996,1,4344,100.0,6,0.0,65160.0,0,6,0.0,1.0,0.06773804537394067,1,0,1,1,1,1,1,1,0.9699999999999999,1.0,1.0,1.0,0.8,skip,attack_already_active,1785296352.7386088,1785296352738608848,1385020955307034,26.0,53.3671875,-1.0,0,0
2026-07-28T23:39:12.740,10.42.0.1,10.42.0.1|10.42.0.47,96,3,UPLOAD,0.9659830718547024,UPLOAD,0.9659830718547024,1,7240,100.0,7,0.0,72400.0,0,7,0.0,1.0,0.05903377068321197,1,0,1,1,1,1,1,1,0.9699999999999999,1.0,1.0,1.0,0.8,skip,attack_already_active,1785296352.7402925,1785296352740292641,1385020956991258,26.0,53.3671875,-1.0,0,0
2026-07-28T23:39:12.740,10.42.0.1,10.42.0.1|10.42.0.47,96,3,UPLOAD,0.9659214927914926,UPLOAD,0.9659214927914926,1,7142,100.0,8,0.0,79542.0,0,8,0.0,1.0,0.05134605178238968,1,0,1,1,1,1,1,1,0.9699999999999999,1.0,1.0,1.0,0.8,skip,attack_already_active,1785296352.7409863,1785296352740986368,1385020957684487,26.0,53.3671875,-1.0,0,0
2026-07-28T23:39:12.929,10.42.0.210,10.42.0.1|10.42.0.47,95,3,UPLOAD,0.95,UPLOAD,0.95,1,1448,100.0,1,0.0,1448.0,0,1,0.0,1.0,0.36802747452749757,0,0,0,1,1,1,1,1,0.9525,0.95,1.0,1.0,0.8,trigger,training_upload_trigger_confirmed,1785296352.929116,1785296352929115841,1385021145814602,26.0,53.3671875,6.201638,1785296352935318961,1385021152016240
2026-07-28T23:39:12.930,10.42.0.210,10.42.0.1|10.42.0.47,95,3,UPLOAD,0.9841010226033655,UPLOAD,0.9841010226033655,1,1448,100.0,2,0.0,2896.0,0,2,0.0,1.0,0.31966418536435626,0,0,1,1,1,1,1,1,0.9699999999999999,1.0,1.0,1.0,0.8,skip,attack_already_active,1785296352.9301279,1785296352930127925,1385021146826159,26.0,53.3671875,-1.0,0,0
2026-07-28T23:39:12.931,10.42.0.210,10.42.0.1|10.42.0.47,95,3,UPLOAD,0.9854688349332961,UPLOAD,0.9854688349332961,1,1448,100.0,3,0.0,4344.0,0,3,0.0,1.0,0.2776692931522296,0,0,1,1,1,1,1,1,0.9699999999999999,1.0,1.0,1.0,0.8,skip,attack_already_active,1785296352.9311044,1785296352931104608,1385021147802786,26.0,53.3671875,-1.0,0,0
2026-07-28T23:39:12.931,10.42.0.210,10.42.0.1|10.42.0.47,95,3,UPLOAD,0.9855076450773014,UPLOAD,0.9855076450773014,1,1448,100.0,4,0.0,5792.0,0,4,0.0,1.0,0.24117118292484752,0,0,1,1,1,1,1,1,0.9699999999999999,1.0,1.0,1.0,0.8,skip,attack_already_active,1785296352.9317997,1785296352931799475,1385021148497673,26.0,53.3671875,-1.0,0,0
2026-07-28T23:39:12.932,10.42.0.210,10.42.0.1|10.42.0.47,95,3,UPLOAD,0.9855086980780915,UPLOAD,0.9855086980780915,1,1448,100.0,5,0.0,7240.0,0,5,0.0,1.0,0.209518878975689,0,0,1,1,1,1,1,1,0.9699999999999999,1.0,1.0,1.0,0.8,skip,attack_already_active,1785296352.9327703,1785296352932770408,1385021149468596,26.0,53.3671875,-1.0,0,0
2026-07-28T23:39:12.933,10.42.0.210,10.42.0.1|10.42.0.47,95,3,UPLOAD,0.9855087254685951,UPLOAD,0.9855087254685951,1,1448,100.0,6,0.0,8688.0,0,6,0.0,1.0,0.18200141046148205,0,0,1,1,1,1,1,1,0.9699999999999999,1.0,1.0,1.0,0.8,skip,attack_already_active,1785296352.9334667,1785296352933466710,1385021150164957,26.0,53.3671875,-1.0,0,0
2026-07-28T23:39:12.934,10.42.0.210,10.42.0.1|10.42.0.47,95,3,UPLOAD,0.9855087261493067,UPLOAD,0.9855087261493067,1,1448,100.0,7,0.0,10136.0,0,7,0.0,1.0,0.15814969060490572,0,0,1,1,1,1,1,1,0.9699999999999999,1.0,1.0,1.0,0.8,skip,attack_already_active,1785296352.934464,1785296352934464050,1385021151162318,26.0,53.3671875,-1.0,0,0
2026-07-28T23:39:12.935,10.42.0.210,10.42.0.1|10.42.0.47,95,3,UPLOAD,0.9855087261653082,UPLOAD,0.9855087261653082,1,1448,100.0,8,0.0,11584.0,0,8,0.0,1.0,0.1374035059890573,0,0,1,1,1,1,1,1,0.9699999999999999,1.0,1.0,1.0,0.8,skip,attack_already_active,1785296352.9351766,1785296352935176678,1385021151875195,26.0,53.3671875,-1.0,0,0
2026-07-28T23:39:12.936,10.42.0.210,10.42.0.1|10.42.0.47,95,3,UPLOAD,0.985508726165656,UPLOAD,0.985508726165656,1,1448,100.0,9,0.0,13032.0,0,9,0.0,1.0,0.11944913550138374,0,0,1,1,1,1,1,1,0.9699999999999999,1.0,1.0,1.0,0.8,skip,attack_already_active,1785296352.9363294,1785296352936329565,1385021153027883,26.0,53.3671875,-1.0,0,0
2026-07-28T23:39:12.937,10.42.0.210,10.42.0.1|10.42.0.47,95,3,UPLOAD,0.9855087261656625,UPLOAD,0.9855087261656625,1,1448,100.0,10,0.0,14480.0,0,10,0.0,1.0,0.10386914394969189,0,0,1,1,1,1,1,1,0.9699999999999999,1.0,1.0,1.0,0.8,skip,attack_already_active,1785296352.9375463,1785296352937546365,1385021154246195,26.0,53.3671875,-1.0,0,0
2026-07-28T23:39:12.938,10.42.0.210,10.42.0.1|10.42.0.47,95,3,UPLOAD,0.95,UPLOAD,0.95,1,1448,100.0,11,0.0,15928.0,0,11,0.0,1.0,0.09034590477126919,0,0,1,1,1,1,1,1,0.9699999999999999,1.0,1.0,1.0,0.8,skip,attack_already_active,1785296352.9387913,1785296352938791119,1385021155489633,26.0,53.3671875,-1.0,0,0
2026-07-28T23:39:12.939,10.42.0.210,10.42.0.1|10.42.0.47,95,3,UPLOAD,0.95,UPLOAD,0.95,1,1448,100.0,12,0.0,17376.0,0,12,0.0,1.0,0.0785411885215363,0,0,1,1,1,1,1,1,0.9699999999999999,1.0,1.0,1.0,0.8,skip,attack_already_active,1785296352.9395545,1785296352939554476,1385021156252698,26.0,53.3671875,-1.0,0,0
2026-07-28T23:39:12.940,10.42.0.210,10.42.0.1|10.42.0.47,95,3,UPLOAD,0.95,UPLOAD,0.95,1,1448,100.0,13,0.0,18824.0,0,13,0.0,1.0,0.06832335571396542,0,0,1,1,1,1,1,1,0.9699999999999999,1.0,1.0,1.0,0.8,skip,attack_already_active,1785296352.9405553,1785296352940555243,1385021157253509,26.0,53.3671875,-1.0,0,0
2026-07-28T23:39:12.941,10.42.0.210,10.42.0.1|10.42.0.47,95,3,UPLOAD,0.95,UPLOAD,0.95,1,1448,100.0,14,0.0,20272.0,0,14,0.0,1.0,0.05946840373965462,0,0,1,1,1,1,1,1,0.9699999999999999,1.0,1.0,1.0,0.8,skip,attack_already_active,1785296352.941681,1785296352941680935,1385021158379720,26.0,53.3671875,-1.0,0,0
2026-07-28T23:39:12.943,10.42.0.210,10.42.0.1|10.42.0.47,95,3,UPLOAD,0.95,UPLOAD,0.95,1,1448,100.0,15,0.0,21720.0,0,15,0.0,1.0,0.05182463842445013,0,0,1,1,1,1,1,1,0.9699999999999999,1.0,1.0,1.0,0.8,skip,attack_already_active,1785296352.943143,1785296352943142964,1385021159842263,26.0,53.3671875,-1.0,0,0
2026-07-28T23:39:12.944,10.42.0.210,10.42.0.1|10.42.0.47,95,3,UPLOAD,0.95,UPLOAD,0.95,1,1448,100.0,16,0.0,23168.0,0,16,0.0,1.0,0.04512205525936738,0,0,1,1,1,1,1,1,0.9699999999999999,1.0,1.0,1.0,0.8,skip,attack_already_active,1785296352.9441035,1785296352944103519,1385021160802492,26.0,53.3671875,-1.0,0,0
2026-07-28T23:39:12.945,10.42.0.210,10.42.0.1|10.42.0.47,95,3,UPLOAD,0.95,UPLOAD,0.95,1,1448,100.0,17,0.0,24616.0,0,17,0.0,1.0,0.039329186367365376,0,0,1,1,1,1,1,1,0.9699999999999999,1.0,1.0,1.0,0.8,skip,attack_already_active,1785296352.945265,1785296352945265118,1385021161963695,26.0,53.3671875,-1.0,0,0
2026-07-28T23:39:12.946,10.42.0.210,10.42.0.1|10.42.0.47,95,3,UPLOAD,0.95,UPLOAD,0.95,1,1448,100.0,18,0.0,26064.0,0,18,0.0,1.0,0.03425078409497755,0,0,1,1,1,1,1,1,0.9699999999999999,1.0,1.0,1.0,0.8,skip,attack_already_active,1785296352.9460557,1785296352946055566,1385021162754320,26.0,53.3671875,-1.0,0,0
2026-07-28T23:39:12.947,10.42.0.210,10.42.0.1|10.42.0.47,95,3,UPLOAD,0.95,UPLOAD,0.95,1,1448,100.0,19,0.0,27512.0,0,19,0.0,1.0,0.029863891996266507,0,0,1,1,1,1,1,1,0.9699999999999999,1.0,1.0,1.0,0.8,skip,attack_already_active,1785296352.9470155,1785296352947015315,1385021163713382,26.0,53.3671875,-1.0,0,0
2026-07-28T23:39:12.947,10.42.0.210,10.42.0.1|10.42.0.47,95,3,UPLOAD,0.95,UPLOAD,0.95,1,1448,100.0,20,0.0,28960.0,0,20,0.0,1.0,0.026031831337099985,0,0,1,1,1,1,1,1,0.9699999999999999,1.0,1.0,1.0,0.8,skip,attack_already_active,1785296352.947799,1785296352947798984,1385021164497072,26.0,53.3671875,-1.0,0,0
2026-07-28T23:39:12.949,10.42.0.210,10.42.0.1|10.42.0.47,95,3,UPLOAD,0.95,UPLOAD,0.95,1,1448,100.0,21,0.0,30408.0,0,21,0.0,1.0,0.022769646952663578,0,0,1,1,1,1,1,1,0.9699999999999999,1.0,1.0,1.0,0.8,skip,attack_already_active,1785296352.949075,1785296352949075002,1385021165774733,26.0,53.3671875,-1.0,0,0
2026-07-28T23:39:12.950,10.42.0.210,10.42.0.1|10.42.0.47,95,3,UPLOAD,0.95,UPLOAD,0.95,1,1448,100.0,22,0.0,31856.0,0,22,0.0,1.0,0.019916976654490003,0,0,1,1,1,1,1,1,0.9699999999999999,1.0,1.0,1.0,0.8,skip,attack_already_active,1785296352.9501965,1785296352950196564,1385021166895671,26.0,53.3671875,-1.0,0,0
2026-07-28T23:39:12.951,10.42.0.210,10.42.0.1|10.42.0.47,95,3,UPLOAD,0.95,UPLOAD,0.95,1,1448,100.0,23,0.0,33304.0,0,23,0.0,1.0,0.017454447588653773,0,0,1,1,1,1,1,1,0.9699999999999999,1.0,1.0,1.0,0.8,skip,attack_already_active,1785296352.951426,1785296352951426096,1385021168124545,26.0,53.3671875,-1.0,0,0
2026-07-28T23:39:12.952,10.42.0.210,10.42.0.1|10.42.0.47,95,3,UPLOAD,0.95,UPLOAD,0.95,1,1448,100.0,24,0.0,34752.0,0,24,0.0,1.0,0.015251288542964144,0,0,1,1,1,1,1,1,0.9699999999999999,1.0,1.0,1.0,0.8,skip,attack_already_active,1785296352.9521613,1785296352952161342,1385021168859463,26.0,53.3671875,-1.0,0,0
2026-07-28T23:39:12.953,10.42.0.210,10.42.0.1|10.42.0.47,95,3,UPLOAD,0.95,UPLOAD,0.95,1,1448,100.0,25,0.0,36200.0,0,25,0.0,1.0,0.013377155947518577,0,0,1,1,1,1,1,1,0.9699999999999999,1.0,1.0,1.0,0.8,skip,attack_already_active,1785296352.9531903,1785296352953190343,1385021169888534,26.0,53.3671875,-1.0,0,0
2026-07-28T23:39:12.953,10.42.0.210,10.42.0.1|10.42.0.47,95,3,UPLOAD,0.95,UPLOAD,0.95,1,1448,100.0,26,0.0,37648.0,0,26,0.0,1.0,0.011703771063826736,0,0,1,1,1,1,1,1,0.9699999999999999,1.0,1.0,1.0,0.8,skip,attack_already_active,1785296352.9538686,1785296352953868534,1385021170566681,26.0,53.3671875,-1.0,0,0
2026-07-28T23:39:12.954,10.42.0.210,10.42.0.1|10.42.0.47,95,3,UPLOAD,0.95,UPLOAD,0.95,1,1448,100.0,27,0.0,39096.0,0,27,0.0,1.0,0.01029711069970915,0,0,1,1,1,1,1,1,0.9699999999999999,1.0,1.0,1.0,0.8,skip,attack_already_active,1785296352.9548976,1785296352954897705,1385021171595904,26.0,53.3671875,-1.0,0,0
2026-07-28T23:39:12.955,10.42.0.210,10.42.0.1|10.42.0.47,95,3,UPLOAD,0.95,UPLOAD,0.95,1,1448,100.0,28,0.0,40544.0,0,28,0.0,1.0,0.009029911317205203,0,0,1,1,1,1,1,1,0.9699999999999999,1.0,1.0,1.0,0.8,skip,attack_already_active,1785296352.9555783,1785296352955578434,1385021172276561,26.0,53.3671875,-1.0,0,0
2026-07-28T23:39:12.956,10.42.0.210,10.42.0.1|10.42.0.47,95,3,UPLOAD,0.95,UPLOAD,0.95,1,1448,100.0,29,0.0,41992.0,0,29,0.0,1.0,0.00802046156455052,0,0,1,1,1,1,1,1,0.9699999999999999,1.0,1.0,1.0,0.8,skip,attack_already_active,1785296352.9569478,1785296352956947797,1385021173646304,26.0,53.3671875,-1.0,0,0
2026-07-28T23:39:12.957,10.42.0.210,10.42.0.1|10.42.0.47,95,3,UPLOAD,0.95,UPLOAD,0.95,1,1448,100.0,30,0.0,43440.0,0,30,0.0,1.0,0.007099607197822842,0,0,1,1,1,1,1,1,0.9699999999999999,1.0,1.0,1.0,0.8,skip,attack_already_active,1785296352.9579802,1785296352957980151,1385021174678594,26.0,53.3671875,-1.0,0,0
2026-07-28T23:39:12.959,10.42.0.210,10.42.0.1|10.42.0.47,95,3,UPLOAD,0.95,UPLOAD,0.95,1,1448,100.0,31,0.0,44888.0,0,31,0.0,1.0,0.0063644095109575,0,0,1,1,1,1,1,1,0.9699999999999999,1.0,1.0,1.0,0.8,skip,attack_already_active,1785296352.9595006,1785296352959500423,1385021176199324,26.0,53.3671875,-1.0,0,0
2026-07-28T23:39:12.960,10.42.0.210,10.42.0.1|10.42.0.47,95,3,UPLOAD,0.95,UPLOAD,0.95,1,1448,100.0,32,0.0,46336.0,0,32,0.0,1.0,0.0056697605642056104,0,0,1,1,1,1,1,1,0.9699999999999999,1.0,1.0,1.0,0.8,skip,attack_already_active,1785296352.9605935,1785296352960593419,1385021177292003,26.0,53.3671875,-1.0,0,0
2026-07-28T23:39:12.962,10.42.0.210,10.42.0.1|10.42.0.47,95,3,UPLOAD,0.95,UPLOAD,0.95,1,1448,100.0,33,0.0,47784.0,0,33,0.0,1.0,0.005216321495796783,0,0,1,1,1,1,1,1,0.9699999999999999,1.0,1.0,1.0,0.8,skip,attack_already_active,1785296352.9628222,1785296352962822250,1385021179522075,26.0,53.3671875,-1.0,0,0
2026-07-28T23:39:12.964,10.42.0.210,10.42.0.1|10.42.0.47,95,3,UPLOAD,0.95,UPLOAD,0.95,1,1448,100.0,34,0.0,49232.0,0,34,0.0,1.0,0.004689015570466894,0,0,1,1,1,1,1,1,0.9699999999999999,1.0,1.0,1.0,0.8,skip,attack_already_active,1785296352.964037,1785296352964036795,1385021180735375,26.0,53.3671875,-1.0,0,0
2026-07-28T23:39:12.965,10.42.0.210,10.42.0.1|10.42.0.47,95,3,UPLOAD,0.95,UPLOAD,0.95,1,1448,100.0,35,0.0,50680.0,0,35,0.0,1.0,0.004278949675383392,0,0,1,1,1,1,1,1,0.9699999999999999,1.0,1.0,1.0,0.8,skip,attack_already_active,1785296352.965614,1785296352965614031,1385021182312367,26.0,53.3671875,-1.0,0,0
2026-07-28T23:39:12.966,10.42.0.210,10.42.0.1|10.42.0.47,95,3,UPLOAD,0.95,UPLOAD,0.95,1,1448,100.0,36,0.0,52128.0,0,36,0.0,1.0,0.003837810038110397,0,0,1,1,1,1,1,1,0.9699999999999999,1.0,1.0,1.0,0.8,skip,attack_already_active,1785296352.9665453,1785296352966545307,1385021183243401,26.0,53.3671875,-1.0,0,0
2026-07-28T23:39:12.967,10.42.0.210,10.42.0.1|10.42.0.47,95,3,UPLOAD,0.95,UPLOAD,0.95,1,1448,100.0,37,0.0,53576.0,0,37,0.0,1.0,0.0034195195103519436,0,0,1,1,1,1,1,1,0.9699999999999999,1.0,1.0,1.0,0.8,skip,attack_already_active,1785296352.9672089,1785296352967208920,1385021183907030,26.0,53.3671875,-1.0,0,0
2026-07-28T23:39:12.967,10.42.0.210,10.42.0.1|10.42.0.47,95,3,UPLOAD,0.95,UPLOAD,0.95,1,1448,100.0,38,0.0,55024.0,0,38,0.0,1.0,0.003055626392610702,0,0,1,1,1,1,1,1,0.9699999999999999,1.0,1.0,1.0,0.8,skip,attack_already_active,1785296352.967867,1785296352967866978,1385021184565061,26.0,53.3671875,-1.0,0,0
2026-07-28T23:39:12.968,10.42.0.210,10.42.0.1|10.42.0.47,95,3,UPLOAD,0.95,UPLOAD,0.95,1,1448,100.0,39,0.0,56472.0,0,39,0.0,1.0,0.0027397793496000983,0,0,1,1,1,1,1,1,0.9699999999999999,1.0,1.0,1.0,0.8,skip,attack_already_active,1785296352.9685256,1785296352968525632,1385021185223834,26.0,53.3671875,-1.0,0,0
2026-07-28T23:39:12.969,10.42.0.210,10.42.0.1|10.42.0.47,95,3,UPLOAD,0.95,UPLOAD,0.95,1,1448,100.0,40,0.0,57920.0,0,40,0.0,1.0,0.0024617513676255106,0,0,1,1,1,1,1,1,0.9699999999999999,1.0,1.0,1.0,0.8,skip,attack_already_active,1785296352.9691556,1785296352969155502,1385021185854033,26.0,53.3671875,-1.0,0,0
2026-07-28T23:39:12.975,10.42.0.1,10.42.0.1|10.42.0.47,96,3,UPLOAD,0.9656595063458703,UPLOAD,0.9656595063458703,1,7240,100.0,9,0.0,86782.0,0,9,0.0,1.0,0.07549689137760973,1,0,1,1,1,1,1,1,0.9699999999999999,1.0,1.0,1.0,0.8,skip,attack_already_active,1785296352.9756064,1785296352975606480,1385021192304999,26.0,53.3671875,-1.0,0,0
2026-07-28T23:39:12.976,10.42.0.1,10.42.0.1|10.42.0.47,96,3,UPLOAD,0.9676206795109752,UPLOAD,0.9676206795109752,1,7240,100.0,10,0.0,94022.0,0,10,0.0,1.0,0.06564600557153781,1,0,1,1,1,1,1,1,0.9699999999999999,1.0,1.0,1.0,0.8,skip,attack_already_active,1785296352.9763477,1785296352976347521,1385021193045990,26.0,53.3671875,-1.0,0,0
2026-07-28T23:39:12.983,10.42.0.1,10.42.0.1|10.42.0.47,96,3,UPLOAD,0.9698705424647713,UPLOAD,0.9698705424647713,1,14480,100.0,11,0.0,108502.0,0,11,0.0,1.0,0.05788669492519527,1,0,1,1,1,1,1,1,0.9699999999999999,1.0,1.0,1.0,0.8,skip,attack_already_active,1785296352.9831104,1785296352983110525,1385021199809042,26.0,53.3671875,-1.0,0,0
2026-07-28T23:39:12.983,10.42.0.1,10.42.0.1|10.42.0.47,96,3,UPLOAD,0.9716962472286399,UPLOAD,0.9716962472286399,1,14480,100.0,12,0.0,122982.0,0,12,0.0,1.0,0.05035399567328279,1,0,1,1,1,1,1,1,0.9699999999999999,1.0,1.0,1.0,0.8,skip,attack_already_active,1785296352.9838336,1785296352983833600,1385021200531680,26.0,53.3671875,-1.0,0,0
2026-07-28T23:39:12.986,10.42.0.1,10.42.0.1|10.42.0.47,96,3,UPLOAD,0.9728462191270613,UPLOAD,0.9728462191270613,1,14480,100.0,13,0.0,137462.0,0,13,0.0,1.0,0.04403085157434608,1,0,1,1,1,1,1,1,0.9699999999999999,1.0,1.0,1.0,0.8,skip,attack_already_active,1785296352.986203,1785296352986202766,1385021202901048,26.0,53.3671875,-1.0,0,0
2026-07-28T23:39:12.986,10.42.0.1,10.42.0.1|10.42.0.47,96,3,UPLOAD,0.9737709707535922,UPLOAD,0.9737709707535922,1,14480,100.0,14,0.0,151942.0,0,14,0.0,1.0,0.038323276117518616,1,0,1,1,1,1,1,1,0.9699999999999999,1.0,1.0,1.0,0.8,skip,attack_already_active,1785296352.9869206,1785296352986920663,1385021203618851,26.0,53.3671875,-1.0,0,0
2026-07-28T23:39:12.987,10.42.0.1,10.42.0.1|10.42.0.47,96,3,UPLOAD,0.974151979005051,UPLOAD,0.974151979005051,1,7130,100.0,15,0.0,159072.0,0,15,0.0,1.0,0.033398476846631164,1,0,1,1,1,1,1,1,0.9699999999999999,1.0,1.0,1.0,0.8,skip,attack_already_active,1785296352.987871,1785296352987870855,1385021204568957,26.0,53.3671875,-1.0,0,0
2026-07-28T23:39:13.297,10.42.0.1,,97,1,DOWNLOAD,0.9723206155574867,DOWNLOAD,0.9723206155574867,-1,1448,100.0,16,1448.0,159072.0,1,15,0.009020682780961874,0.9909793172190381,0.1275718324076334,0,0,0,0,1,0,0,0,0.44,0.8500000000000001,0.0,0.6000000000000001,0.15,skip,training_upload_trigger_not_confirmed,1785296353.2976813,1785296353297681387,1385021514380411,26.0,53.3671875,-1.0,0,0
2026-07-28T23:39:13.301,10.42.0.1,,97,1,DOWNLOAD,0.95,DOWNLOAD,0.95,-1,5792,21.97127071533546,17,7240.0,159072.0,2,15,0.04353263745249892,0.9564673625475011,0.11130213099318714,0,0,0,0,1,0,0,0,0.44,0.8500000000000001,0.0,0.6000000000000001,0.15,skip,training_upload_trigger_not_confirmed,1785296353.301787,1785296353301786846,1385021518485777,26.0,53.3671875,-1.0,0,0
2026-07-28T23:39:13.303,10.42.0.1,,97,1,DOWNLOAD,0.95,DOWNLOAD,0.95,-1,7240,10.985635358426407,18,14480.0,159072.0,3,15,0.0834332073384346,0.9165667926615654,0.09690500805129477,0,0,0,0,1,0,0,0,0.44,0.8500000000000001,0.0,0.6000000000000001,0.15,skip,training_upload_trigger_not_confirmed,1785296353.3038332,1785296353303833400,1385021520532068,26.0,53.3671875,-1.0,0,0
2026-07-28T23:39:13.305,10.42.0.1,,97,1,DOWNLOAD,0.95,DOWNLOAD,0.95,-1,7240,7.323756905786199,19,21720.0,159072.0,4,15,0.12013805920615957,0.8798619407938404,0.08437684543865377,0,0,0,0,1,0,0,0,0.44,0.8500000000000001,0.0,0.6000000000000001,0.15,skip,training_upload_trigger_not_confirmed,1785296353.3056655,1785296353305665570,1385021522364801,74.9,53.3671875,-1.0,0,0
2026-07-28T23:39:13.306,10.42.0.1,,97,1,DOWNLOAD,0.95,DOWNLOAD,0.95,-1,7240,5.492817679402872,20,28960.0,159072.0,5,15,0.15401633764465622,0.8459836623553437,0.07340098674188514,0,0,0,0,1,0,0,0,0.4,0.8500000000000001,0.0,0.4,0.15,skip,training_upload_trigger_not_confirmed,1785296353.3067496,1785296353306749711,1385021523448212,74.9,53.3671875,-1.0,0,0
2026-07-28T23:39:13.309,10.42.0.1,,97,1,DOWNLOAD,0.95,DOWNLOAD,0.95,-1,7240,4.394254143552645,21,36200.0,159072.0,6,15,0.18538244090294564,0.8146175590970544,0.06405861993232266,0,0,0,0,1,0,0,0,0.4,0.8500000000000001,0.0,0.4,0.15,skip,training_upload_trigger_not_confirmed,1785296353.309254,1785296353309253813,1385021525952617,74.9,53.3671875,-1.0,0,0
2026-07-28T23:39:13.310,10.42.0.1,,97,1,DOWNLOAD,0.95,DOWNLOAD,0.95,-1,7240,3.661878452977397,22,43440.0,159072.0,7,15,0.21450580706328515,0.7854941929367149,0.05576458305578247,0,0,0,0,1,0,0,0,0.4,0.8500000000000001,0.0,0.4,0.15,skip,training_upload_trigger_not_confirmed,1785296353.3103714,1785296353310371242,1385021527069737,74.9,53.3671875,-1.0,0,0
2026-07-28T23:39:13.311,10.42.0.1,,97,1,DOWNLOAD,0.95,DOWNLOAD,0.95,-1,7240,3.1387529597052337,23,50680.0,159072.0,8,15,0.24161867348106336,0.7583813265189366,0.04861491890014884,0,0,0,0,1,0,0,0,0.4,0.8500000000000001,0.0,0.4,0.15,skip,training_upload_trigger_not_confirmed,1785296353.3118792,1785296353311879226,1385021528577692,74.9,53.3671875,-1.0,0,0
2026-07-28T23:39:13.312,10.42.0.1,,97,1,DOWNLOAD,0.95,DOWNLOAD,0.95,-1,7240,2.7464088397488537,24,57920.0,159072.0,9,15,0.26692228284913727,0.7330777171508627,0.04234613385149353,0,0,0,0,1,0,0,0,0.32,0.8500000000000001,0.0,0.0,0.15,skip,training_upload_trigger_not_confirmed,1785296353.312922,1785296353312922136,1385021529620566,74.9,53.3671875,-1.0,0,0
2026-07-28T23:39:13.314,10.42.0.1,,97,1,DOWNLOAD,0.95,DOWNLOAD,0.95,-1,10136,2.337369225324184,25,68056.0,159072.0,10,15,0.29963720897467505,0.700362791025325,0.03694975540794333,0,0,0,0,1,0,0,0,0.32,0.8500000000000001,0.0,0.0,0.15,skip,training_upload_trigger_not_confirmed,1785296353.3143165,1785296353314316421,1385021531014916,74.9,53.3671875,-1.0,0,0
2026-07-28T23:39:13.315,10.42.0.1,,97,1,DOWNLOAD,0.95,DOWNLOAD,0.95,-1,10136,2.0343769183415903,26,78192.0,159072.0,11,15,0.3295569492211208,0.6704430507788792,0.03221829816920171,0,0,0,0,1,0,0,0,0.32,0.8500000000000001,0.0,0.0,0.15,skip,training_upload_trigger_not_confirmed,1785296353.3153605,1785296353315360422,1385021532058854,74.9,53.3671875,-1.0,0,0
2026-07-28T23:39:13.316,10.42.0.1,,97,1,DOWNLOAD,0.95,DOWNLOAD,0.95,-1,11584,1.7718766708165672,27,89776.0,159072.0,12,15,0.3607664116247669,0.639233588375233,0.0281115514764692,0,0,0,0,1,0,0,0,0.32,0.8500000000000001,0.0,0.0,0.15,skip,training_upload_trigger_not_confirmed,1785296353.3164139,1785296353316413908,1385021533112529,74.9,53.3671875,-1.0,0,0
2026-07-28T23:39:13.317,10.42.0.1,,97,1,DOWNLOAD,0.95,DOWNLOAD,0.95,-1,14480,1.5257826887610713,28,104256.0,159072.0,13,15,0.3959168793292016,0.6040831206707984,0.02454383275886717,0,0,0,0,1,0,0,0,0.32,0.8500000000000001,0.0,0.0,0.15,skip,training_upload_trigger_not_confirmed,1785296353.317451,1785296353317450960,1385021534149254,74.9,53.3671875,-1.0,0,0
2026-07-28T23:39:13.318,10.42.0.1,,97,1,DOWNLOAD,0.95,DOWNLOAD,0.95,-1,4344,1.4647513812111903,29,108600.0,159072.0,14,15,0.4057204339639559,0.5942795660360441,0.021442415347304202,0,0,0,0,1,0,0,0,0.32,0.8500000000000001,0.0,0.0,0.15,skip,training_upload_trigger_not_confirmed,1785296353.318459,1785296353318459085,1385021535157463,74.9,53.3671875,-1.0,0,0
2026-07-28T23:39:13.319,10.42.0.1,,97,1,DOWNLOAD,0.95,DOWNLOAD,0.95,-1,14480,1.2924276893053914,30,123080.0,159072.0,15,15,0.4362187756953699,0.5637812243046302,0.018749999742454594,0,0,0,0,1,0,0,0,0.32,0.8500000000000001,0.0,0.0,0.15,skip,training_upload_trigger_not_confirmed,1785296353.3194695,1785296353319469472,1385021536167865,74.9,53.3671875,-1.0,0,0
2026-07-28T23:39:13.320,10.42.0.1,,97,1,DOWNLOAD,0.95,DOWNLOAD,0.95,-1,4344,1.2483676544430535,31,127424.0,159072.0,16,15,0.4447671171674299,0.5552328828325701,0.01641268994850553,0,0,0,0,1,0,0,0,0.32,0.8500000000000001,0.0,0.0,0.15,skip,training_upload_trigger_not_confirmed,1785296353.3204823,1785296353320482184,1385021537180779,74.9,53.3671875,-1.0,0,0
2026-07-28T23:39:13.321,10.42.0.1,,97,1,DOWNLOAD,0.95,DOWNLOAD,0.95,-1,18824,1.0876866692188085,32,146248.0,159072.0,17,15,0.4789990829293856,0.5210009170706145,0.014384320435494412,0,0,0,0,1,0,0,0,0.30250000000000005,0.8000000000000002,0.0,0.0,0.15,skip,training_upload_trigger_not_confirmed,1785296353.3215022,1785296353321502264,1385021538200848,74.9,53.3671875,-1.0,0,0
2026-07-28T23:39:13.322,10.42.0.1,,97,1,DOWNLOAD,0.95,DOWNLOAD,0.95,-1,18824,0.9636522244840818,33,165072.0,159072.0,18,15,0.5092551458610988,0.49074485413890123,0.012631878045008059,0,0,0,0,1,0,0,0,0.30250000000000005,0.8000000000000002,0.0,0.0,0.15,skip,training_upload_trigger_not_confirmed,1785296353.3225877,1785296353322587557,1385021539286336,74.9,53.3671875,-1.0,0,0
2026-07-28T23:39:13.324,10.42.0.1,,97,1,DOWNLOAD,0.95,DOWNLOAD,0.95,-1,18824,0.865010658198846,34,183896.0,159072.0,19,15,0.536189965244571,0.4638100347554291,0.011170401626965967,0,0,0,0,1,0,0,0,0.30250000000000005,0.8000000000000002,0.0,0.0,0.15,skip,training_upload_trigger_not_confirmed,1785296353.3241289,1785296353324128649,1385021540827057,74.9,53.3671875,-1.0,0,0
2026-07-28T23:39:13.325,10.42.0.1,,97,1,DOWNLOAD,0.95,DOWNLOAD,0.95,-1,1448,0.858252762431704,35,185344.0,159072.0,20,15,0.5381399238130633,0.46186007618693675,0.00983116674623171,0,0,0,0,1,0,0,0,0.30250000000000005,0.8000000000000002,0.0,0.0,0.15,skip,training_upload_trigger_not_confirmed,1785296353.3251362,1785296353325136062,1385021541834720,74.9,53.3671875,-1.0,0,0
2026-07-28T23:39:13.326,10.42.0.1,,97,1,DOWNLOAD,0.95,DOWNLOAD,0.95,-1,1448,0.8515996402423466,36,186792.0,159072.0,21,15,0.5400735549233224,0.4599264450766775,0.008674660909328436,0,0,0,0,1,0,0,0,0.30250000000000005,0.8000000000000002,0.0,0.0,0.15,skip,training_upload_trigger_not_confirmed,1785296353.326191,1785296353326190926,1385021542889354,74.9,53.3671875,-1.0,0,0
2026-07-28T23:39:13.328,10.42.0.1,,97,1,DOWNLOAD,0.95,DOWNLOAD,0.95,-1,18824,0.7736362928965954,37,205616.0,159072.0,22,15,0.563813451498267,0.436186548501733,0.007798327912441499,0,0,0,0,1,0,0,0,0.28500000000000003,0.7500000000000001,0.0,0.0,0.15,skip,training_upload_trigger_not_confirmed,1785296353.3282154,1785296353328215329,1385021544913737,74.9,53.3671875,-1.0,0,0
2026-07-28T23:39:13.329,10.42.0.1,,97,1,DOWNLOAD,0.95,DOWNLOAD,0.95,-1,16946,0.7147311760331291,38,222562.0,159072.0,23,15,0.5831817919787021,0.4168182080212979,0.0069516406709413045,0,0,0,0,1,0,0,0,0.28500000000000003,0.7500000000000001,0.0,0.0,0.15,skip,training_upload_trigger_not_confirmed,1785296353.3295884,1785296353329588555,1385021546286999,74.9,53.3671875,-1.0,0,0
2026-07-28T23:39:13.330,10.42.0.1,,97,1,DOWNLOAD,0.95,DOWNLOAD,0.95,-1,14480,0.6710709494533835,39,237042.0,159072.0,24,15,0.5984186370590284,0.4015813629409715,0.006186772835834161,0,0,0,0,1,0,0,0,0.28500000000000003,0.7500000000000001,0.0,0.0,0.15,skip,training_upload_trigger_not_confirmed,1785296353.3307357,1785296353330735516,1385021547434195,74.9,53.3671875,-1.0,0,0
2026-07-28T23:39:13.331,10.42.0.18,,68,1,DOWNLOAD,0.95,DOWNLOAD,0.95,-1,7300,1.3698630135109776e-10,1,7300.0,0.0,1,0,1.0,0.0,0.28198805579701436,0,0,0,0,0,0,0,0,0.0225,0.0,0.0,0.0,0.15,skip,training_upload_trigger_not_confirmed,1785296353.331567,1785296353331567043,1385021548265269,74.9,53.3671875,-1.0,0,0
2026-07-28T23:39:13.332,10.42.0.18,,68,1,DOWNLOAD,0.95,DOWNLOAD,0.95,-1,7300,6.84931506802402e-11,2,14600.0,0.0,2,0,1.0,0.0,0.24497340436303,0,0,0,0,0,0,0,0,0.0225,0.0,0.0,0.0,0.15,skip,training_upload_trigger_not_confirmed,1785296353.3326612,1785296353332661354,1385021549359874,74.9,53.3671875,-1.0,0,0
2026-07-28T23:39:13.333,10.42.0.1,,97,1,DOWNLOAD,0.95,DOWNLOAD,0.95,-1,15472,0.6299531907156437,40,252514.0,159072.0,25,15,0.6135145510294325,0.3864854489705675,0.005724489537773265,0,0,0,0,1,0,0,0,0.28500000000000003,0.7500000000000001,0.0,0.0,0.15,skip,training_upload_trigger_not_confirmed,1785296353.3334143,1785296353333414311,1385021550112521,74.9,53.3671875,-1.0,0,0
2026-07-28T23:39:13.334,10.42.0.59,,40,1,DOWNLOAD,0.95,DOWNLOAD,0.95,-1,7300,1.3698630135109776e-10,1,7300.0,0.0,1,0,1.0,0.0,0.6473418929891155,0,0,0,0,0,0,0,0,0.0225,0.0,0.0,0.0,0.15,skip,training_upload_trigger_not_confirmed,1785296353.33411,1785296353334109838,1385021550808169,74.9,53.3671875,-1.0,0,0
2026-07-28T23:39:13.334,10.42.0.59,,40,1,DOWNLOAD,0.95,DOWNLOAD,0.95,-1,7300,6.84931506802402e-11,2,14600.0,0.0,2,0,1.0,0.0,0.5621296496908278,0,0,0,0,0,0,0,0,0.0225,0.0,0.0,0.0,0.15,skip,training_upload_trigger_not_confirmed,1785296353.3347998,1785296353334799889,1385021551498084,74.9,53.3671875,-1.0,0,0
2026-07-28T23:39:13.335,10.42.0.1,,97,1,DOWNLOAD,0.95,DOWNLOAD,0.95,-1,15472,0.5935832468875479,41,267986.0,159072.0,26,15,0.6275166370844242,0.3724833629155759,0.005247344410099917,0,0,0,0,1,0,0,0,0.28500000000000003,0.7500000000000001,0.0,0.0,0.15,skip,training_upload_trigger_not_confirmed,1785296353.335518,1785296353335517976,1385021552216424,74.9,53.3671875,-1.0,0,0
2026-07-28T23:39:13.336,10.42.0.145,,42,1,DOWNLOAD,0.95,DOWNLOAD,0.95,-1,7300,1.3698630135109776e-10,1,7300.0,0.0,1,0,1.0,0.0,0.36986095739427605,0,0,0,0,0,0,0,0,0.0225,0.0,0.0,0.0,0.15,skip,already_attacked_this_round,1785296353.3365192,1785296353336519109,1385021553217310,74.9,53.3671875,-1.0,0,0
2026-07-28T23:39:13.338,10.42.0.210,,96,1,DOWNLOAD,0.9838515313436196,DOWNLOAD,0.9838515313436196,-1,10136,5.714285713820611,41,10136.0,57920.0,1,40,0.14893617021276595,0.851063829787234,0.12716532842791883,0,0,0,0,0,0,0,0,0.057499999999999996,0.1,0.0,0.0,0.15,skip,training_upload_trigger_not_confirmed,1785296353.3386436,1785296353338643350,1385021555341639,74.9,53.3671875,-1.0,0,0
2026-07-28T23:39:13.339,10.42.0.210,,96,1,DOWNLOAD,0.95,DOWNLOAD,0.95,-1,14480,2.3529411764156265,42,24616.0,57920.0,2,40,0.2982456140350877,0.7017543859649122,0.1105662461761128,0,0,0,0,0,0,0,0,0.057499999999999996,0.1,0.0,0.0,0.15,skip,training_upload_trigger_not_confirmed,1785296353.339843,1785296353339843126,1385021556541445,74.9,53.3671875,-1.0,0,0
2026-07-28T23:39:13.340,10.42.0.210,,96,1,DOWNLOAD,0.9557926560077417,DOWNLOAD,0.9557926560077417,-1,4344,1.9999999999654696,43,28960.0,57920.0,3,40,0.3333333333333333,0.6666666666666666,0.09610108945166249,0,0,0,0,0,0,0,0,0.057499999999999996,0.1,0.0,0.0,0.15,skip,training_upload_trigger_not_confirmed,1785296353.3406372,1785296353340637299,1385021557335505,74.9,53.3671875,-1.0,0,0
2026-07-28T23:39:13.342,10.42.0.210,,96,1,DOWNLOAD,0.9846998846180315,DOWNLOAD,0.9846998846180315,-1,14480,1.3333333333256598,44,43440.0,57920.0,4,40,0.42857142857142855,0.5714285714285714,0.08369105276830124,0,0,0,0,0,0,0,0,0.057499999999999996,0.1,0.0,0.0,0.15,skip,training_upload_trigger_not_confirmed,1785296353.342562,1785296353342562092,1385021559260996,74.9,53.3671875,-1.0,0,0
2026-07-28T23:39:13.343,10.42.0.47,,97,1,DOWNLOAD,0.95,DOWNLOAD,0.95,-1,1448,54.94129830528915,29,1448.0,79555.0,1,28,0.017875881140204684,0.9821241188597953,0.012506619176681416,0,0,0,0,0,0,0,0,0.057499999999999996,0.1,0.0,0.0,0.15,skip,training_upload_trigger_not_confirmed,1785296353.3435893,1785296353343589284,1385021560288865,74.9,53.3671875,-1.0,0,0
2026-07-28T23:39:13.344,10.42.0.210,,96,1,DOWNLOAD,0.9854895428954357,DOWNLOAD,0.9854895428954357,-1,5792,1.1764705882317097,45,49232.0,57920.0,5,40,0.4594594594594595,0.5405405405405406,0.07295790740469459,0,0,0,0,0,0,0,0,0.039999999999999994,0.05,0.0,0.0,0.15,skip,training_upload_trigger_not_confirmed,1785296353.3448021,1785296353344801982,1385021561500698,74.9,53.3671875,-1.0,0,0
2026-07-28T23:39:13.345,10.42.0.210,,96,1,DOWNLOAD,0.9855083405864443,DOWNLOAD,0.9855083405864443,-1,14480,0.9090909090923359,46,63712.0,57920.0,6,40,0.5238095238095238,0.47619047619047616,0.06347794488913673,0,0,0,0,0,0,0,0,0.039999999999999994,0.05,0.0,0.0,0.15,skip,training_upload_trigger_not_confirmed,1785296353.3458192,1785296353345819092,1385021562517316,74.9,53.3671875,-1.0,0,0
2026-07-28T23:39:13.346,10.42.0.210,,96,1,DOWNLOAD,0.9855087208476458,DOWNLOAD,0.9855087208476458,-1,992,0.8951533135525601,47,64704.0,57920.0,7,40,0.5276617954070981,0.4723382045929019,0.055254268331554966,0,0,0,0,0,0,0,0,0.039999999999999994,0.05,0.0,0.0,0.15,skip,training_upload_trigger_not_confirmed,1785296353.34689,1785296353346889938,1385021563588036,74.9,53.3671875,-1.0,0,0
2026-07-28T23:39:13.348,10.42.0.18,,68,1,DOWNLOAD,0.95,DOWNLOAD,0.95,-1,10220,4.029008863657171e-11,3,24820.0,0.0,3,0,1.0,0.0,0.2147332008288136,0,0,0,0,0,0,0,0,0.0225,0.0,0.0,0.0,0.15,skip,training_upload_trigger_not_confirmed,1785296353.34815,1785296353348149914,1385021564848150,74.9,53.3671875,-1.0,0,0
2026-07-28T23:39:13.348,10.42.0.18,,68,1,DOWNLOAD,0.95,DOWNLOAD,0.95,-1,4380,3.424657534129292e-11,4,29200.0,0.0,4,0,1.0,0.0,0.1865240308700086,0,0,0,0,0,0,0,0,0.0225,0.0,0.0,0.0,0.15,skip,training_upload_trigger_not_confirmed,1785296353.3488116,1785296353348811526,1385021565509661,74.9,53.3671875,-1.0,0,0
2026-07-28T23:39:13.349,10.42.0.18,,68,1,DOWNLOAD,0.95,DOWNLOAD,0.95,-1,14600,2.2831050227789245e-11,5,43800.0,0.0,5,0,1.0,0.0,0.16206380953640837,0,0,0,0,0,0,0,0,0.0225,0.0,0.0,0.0,0.15,skip,training_upload_trigger_not_confirmed,1785296353.3497138,1785296353349713844,1385021566412303,74.9,53.3671875,-1.0,0,0
2026-07-28T23:39:13.352,10.42.0.59,,40,1,DOWNLOAD,0.95,DOWNLOAD,0.95,-1,14600,3.424657534129292e-11,3,29200.0,0.0,3,0,1.0,0.0,0.49034922971535844,0,0,0,0,0,0,0,0,0.0225,0.0,0.0,0.0,0.15,skip,training_upload_trigger_not_confirmed,1785296353.3522077,1785296353352207741,1385021568905934,74.9,53.3671875,-1.0,0,0
2026-07-28T23:39:13.353,10.42.0.59,,40,1,DOWNLOAD,0.95,DOWNLOAD,0.95,-1,14600,2.2831050227789245e-11,4,43800.0,0.0,4,0,1.0,0.0,0.4258618409392253,0,0,0,0,0,0,0,0,0.0225,0.0,0.0,0.0,0.15,skip,training_upload_trigger_not_confirmed,1785296353.35318,1785296353353180025,1385021569878381,74.9,53.3671875,-1.0,0,0
2026-07-28T23:39:13.354,10.42.0.145,,42,1,DOWNLOAD,0.95,DOWNLOAD,0.95,-1,14600,4.566210045453598e-11,2,21900.0,0.0,2,0,1.0,0.0,0.3235081613345977,0,0,0,0,0,0,0,0,0.0225,0.0,0.0,0.0,0.15,skip,already_attacked_this_round,1785296353.3546216,1785296353354621698,1385021571319948,74.9,53.3671875,-1.0,0,0
2026-07-28T23:39:13.355,10.42.0.145,,42,1,DOWNLOAD,0.95,DOWNLOAD,0.95,-1,14600,2.739726027322199e-11,3,36500.0,0.0,3,0,1.0,0.0,0.2809734915354167,0,0,0,0,0,0,0,0,0.0225,0.0,0.0,0.0,0.15,skip,already_attacked_this_round,1785296353.355346,1785296353355345937,1385021572044135,74.9,53.3671875,-1.0,0,0
2026-07-28T23:39:13.356,10.42.0.18,,68,1,DOWNLOAD,0.9533969594217925,DOWNLOAD,0.9533969594217925,-1,14600,1.7123287670939668e-11,6,58400.0,0.0,6,0,1.0,0.0,0.1415761278118731,0,0,0,0,0,0,0,0,0.0225,0.0,0.0,0.0,0.15,skip,training_upload_trigger_not_confirmed,1785296353.3563023,1785296353356302224,1385021573008647,74.9,53.3671875,-1.0,0,0
2026-07-28T23:39:13.358,10.42.0.18,,68,1,DOWNLOAD,0.9603240939747621,DOWNLOAD,0.9603240939747621,-1,5840,1.556662515542393e-11,7,64240.0,0.0,7,0,1.0,0.0,0.12315485445149746,0,0,0,0,0,0,0,0,0.0225,0.0,0.0,0.0,0.15,skip,training_upload_trigger_not_confirmed,1785296353.3580844,1785296353358084432,1385021574782582,74.9,53.3671875,-1.0,0,0
2026-07-28T23:39:13.359,10.42.0.59,,40,1,DOWNLOAD,0.953059666191581,DOWNLOAD,0.953059666191581,-1,26280,1.4269406392490448e-11,5,70080.0,0.0,5,0,1.0,0.0,0.37058460354059475,0,0,0,0,0,0,0,0,0.0225,0.0,0.0,0.0,0.15,skip,training_upload_trigger_not_confirmed,1785296353.359558,1785296353359558252,1385021576256585,74.9,53.3671875,-1.0,0,0
2026-07-28T23:39:13.360,10.42.0.59,,40,1,DOWNLOAD,0.9659427092667284,DOWNLOAD,0.9659427092667284,-1,9104,1.2628813901638856e-11,6,79184.0,0.0,6,0,1.0,0.0,0.3218746106408321,0,0,0,0,0,0,0,0,0.0225,0.0,0.0,0.0,0.15,skip,training_upload_trigger_not_confirmed,1785296353.360496,1785296353360496233,1385021577194799,74.9,53.3671875,-1.0,0,0
2026-07-28T23:39:13.362,10.42.0.18,,68,1,DOWNLOAD,0.966331120762065,DOWNLOAD,0.966331120762065,-1,8760,1.369863013679865e-11,8,73000.0,0.0,8,0,1.0,0.0,0.10747235042785154,0,0,0,0,0,0,0,0,0.0225,0.0,0.0,0.0,0.15,skip,training_upload_trigger_not_confirmed,1785296353.362229,1785296353362228968,1385021578927355,74.9,53.3671875,-1.0,0,0
2026-07-28T23:39:13.363,10.42.0.18,,68,1,DOWNLOAD,0.9722530875554154,DOWNLOAD,0.9722530875554154,-1,6184,1.2628813901638856e-11,9,79184.0,0.0,9,0,1.0,0.0,0.09341228252113887,0,0,0,0,0,0,0,0,0.0225,0.0,0.0,0.0,0.15,skip,training_upload_trigger_not_confirmed,1785296353.3630035,1785296353363003489,1385021579701824,74.9,53.3671875,-1.0,0,0
2026-07-28T23:39:13.364,10.42.0.145,,42,1,DOWNLOAD,0.9606984999129281,DOWNLOAD,0.9606984999129281,-1,29200,1.5220700151975332e-11,4,65700.0,0.0,4,0,1.0,0.0,0.2450891591196939,0,0,0,0,0,0,0,0,0.0225,0.0,0.0,0.0,0.15,skip,already_attacked_this_round,1785296353.3640032,1785296353364003173,1385021580701311,74.9,53.3671875,-1.0,0,0
2026-07-28T23:39:13.364,10.42.0.145,,42,1,DOWNLOAD,0.9691779310993822,DOWNLOAD,0.9691779310993822,-1,6184,1.3911301541178688e-11,5,71884.0,0.0,5,0,1.0,0.0,0.21288060290212893,0,0,0,0,0,0,0,0,0.0225,0.0,0.0,0.0,0.15,skip,already_attacked_this_round,1785296353.3646705,1785296353364670493,1385021581368680,74.9,53.3671875,-1.0,0,0
2026-07-28T23:39:13.374,10.42.0.47,,97,1,DOWNLOAD,0.9829981496648164,DOWNLOAD,0.9829981496648164,-1,1448,27.4706491621303,30,2896.0,79555.0,2,28,0.03512389176601861,0.9648761082339814,0.014909441904719732,0,0,0,0,0,0,0,0,0.057499999999999996,0.1,0.0,0.0,0.15,skip,training_upload_trigger_not_confirmed,1785296353.3743303,1785296353374330489,1385021591028976,74.9,53.3671875,-1.0,0,0
2026-07-28T23:39:13.375,10.42.0.47,,97,1,DOWNLOAD,0.9842257140988042,DOWNLOAD,0.9842257140988042,-1,8688,6.867662292311147,31,11584.0,79555.0,3,28,0.1271025576317493,0.8728974423682507,0.013036717086479079,0,0,0,0,0,0,0,0,0.057499999999999996,0.1,0.0,0.0,0.15,skip,training_upload_trigger_not_confirmed,1785296353.3750281,1785296353375028270,1385021591726527,74.9,53.3671875,-1.0,0,0
2026-07-28T23:39:13.378,10.42.0.47,,97,1,DOWNLOAD,0.9842586901286671,DOWNLOAD,0.9842586901286671,-1,5792,4.5784415283391775,32,17376.0,79555.0,4,28,0.17926153655693225,0.8207384634430678,0.011753754233085929,0,0,0,0,0,0,0,0,0.057499999999999996,0.1,0.0,0.0,0.15,skip,training_upload_trigger_not_confirmed,1785296353.3783288,1785296353378328919,1385021595027294,74.9,53.3671875,-1.0,0,0
2026-07-28T23:39:13.379,10.42.0.47,,97,1,DOWNLOAD,0.9842595481342594,DOWNLOAD,0.9842595481342594,-1,8688,3.0522943522846724,33,26064.0,79555.0,5,28,0.2467737812325434,0.7532262187674567,0.010303183395237978,0,0,0,0,0,0,0,0,0.057499999999999996,0.1,0.0,0.0,0.15,skip,training_upload_trigger_not_confirmed,1785296353.3790746,1785296353379074651,1385021595772940,74.9,53.3671875,-1.0,0,0
2026-07-28T23:39:13.391,10.42.0.47,,97,1,DOWNLOAD,0.9842595696464124,DOWNLOAD,0.9842595696464124,-1,11584,2.11312685929895,34,37648.0,79555.0,6,28,0.3212204465755996,0.6787795534244004,0.010531221425821,0,0,0,0,0,0,0,0,0.057499999999999996,0.1,0.0,0.0,0.15,skip,training_upload_trigger_not_confirmed,1785296353.3911083,1785296353391108351,1385021607807151,74.9,53.3671875,-1.0,0,0
2026-07-28T23:39:13.398,10.42.0.47,,97,1,DOWNLOAD,0.9842595701605352,DOWNLOAD,0.9842595701605352,-1,13032,1.5697513812042274,35,50680.0,79555.0,7,28,0.38914270357430797,0.610857296425692,0.010097875573103657,0,0,0,0,0,0,0,0,0.057499999999999996,0.1,0.0,0.0,0.15,skip,training_upload_trigger_not_confirmed,1785296353.398351,1785296353398350862,1385021615049598,74.9,53.3671875,-1.0,0,0
2026-07-28T23:39:13.399,10.42.0.47,,97,1,DOWNLOAD,0.9842595701720059,DOWNLOAD,0.9842595701720059,-1,4344,1.4458236405850933,36,55024.0,79555.0,8,28,0.408860223363229,0.591139776636771,0.00889255771771794,0,0,0,0,0,0,0,0,0.057499999999999996,0.1,0.0,0.0,0.15,skip,training_upload_trigger_not_confirmed,1785296353.399302,1785296353399301875,1385021616011475,74.9,53.3671875,-1.0,0,0
2026-07-28T23:39:13.401,10.42.0.47,,97,1,DOWNLOAD,0.9842595701722343,DOWNLOAD,0.9842595701722343,-1,2896,1.3735324585570867,37,57920.0,79555.0,9,28,0.42131296599381707,0.5786870340061829,0.00798989921325734,0,0,0,0,0,0,0,0,0.057499999999999996,0.1,0.0,0.0,0.15,skip,training_upload_trigger_not_confirmed,1785296353.4013445,1785296353401344418,1385021618042756,74.9,53.3671875,-1.0,0,0
2026-07-28T23:39:13.402,10.42.0.47,,97,1,DOWNLOAD,0.9842595701722379,DOWNLOAD,0.9842595701722379,-1,6797,1.2292751518112817,38,64717.0,79555.0,10,28,0.4485763003216147,0.5514236996783852,0.007044733615723822,0,0,0,0,0,0,0,0,0.057499999999999996,0.1,0.0,0.0,0.15,skip,training_upload_trigger_not_confirmed,1785296353.4021618,1785296353402161829,1385021618860081,74.9,53.3671875,-1.0,0,0
2026-07-28T23:39:13.676,10.42.0.59,,40,2,TRAINING,0.95,TRAINING,0.95,1,64240,0.811275005053909,7,79184.0,64240.0,6,1,0.5520972780008925,0.4479027219991075,0.4283259933580675,0,0,0,0,1,0,0,0,0.4525,1.0,0.0,0.4,0.15,skip,training_upload_trigger_not_confirmed,1785296353.6765769,1785296353676576640,1385021893275569,74.9,53.3671875,-1.0,0,0
2026-07-28T23:39:13.678,10.42.0.1,,97,2,TRAINING,0.95,TRAINING,0.95,1,7240,0.620599583561751,42,267986.0,166312.0,26,16,0.6170555701384763,0.38294442986152366,0.004663231922575577,0,0,0,0,1,0,0,0,0.4525,1.0,0.0,0.4,0.15,skip,training_upload_trigger_not_confirmed,1785296353.6784947,1785296353678494622,1385021895193608,74.9,53.3671875,-1.0,0,0
2026-07-28T23:39:13.679,10.42.0.1,10.42.0.1,97,3,UPLOAD,0.95,UPLOAD,0.95,1,5792,0.6422126529011134,43,267986.0,172104.0,26,17,0.6089345361176123,0.3910654638823877,0.00416114876234619,1,0,0,0,1,0,0,0,0.85,1.0,1.0,0.4,0.8,trigger,training_upload_trigger_confirmed,1785296353.6793478,1785296353679347598,1385021896046108,74.9,53.3671875,20.064557,1785296353699413339,1385021916110665
2026-07-28T23:39:13.685,10.42.0.145,10.42.0.1,42,2,TRAINING,0.95,TRAINING,0.95,1,64240,0.8936620110192303,6,71884.0,64240.0,5,1,0.5280773412476859,0.47192265875231404,0.3508873586391176,0,0,0,0,1,0,0,0,0.4525,1.0,0.0,0.4,0.15,skip,already_attacked_this_round,1785296353.6858783,1785296353685878298,1385021902576947,74.9,53.3671875,-1.0,0,0
2026-07-28T23:39:13.686,10.42.0.145,10.42.0.1,42,3,UPLOAD,0.95,UPLOAD,0.95,1,15316,1.106727505423923,7,71884.0,79556.0,5,2,0.47466983623877446,0.5253301637612255,0.30475234985488964,0,0,0,1,1,1,1,1,0.85,1.0,1.0,0.4,0.8,skip,already_attacked_this_round,1785296353.6866598,1785296353686659904,1385021903358285,74.9,53.3671875,-1.0,0,0
2026-07-28T23:39:13.689,10.42.0.1,10.42.0.1,97,3,UPLOAD,0.95,UPLOAD,0.95,1,14480,0.6962453262495196,44,267986.0,186584.0,26,18,0.5895373649822909,0.410462635017709,0.003745585871926627,1,0,1,1,1,1,1,1,0.9699999999999999,1.0,1.0,1.0,0.8,skip,attack_already_active,1785296353.6890109,1785296353689010839,1385021905709214,74.9,53.3671875,-1.0,0,0
2026-07-28T23:39:13.689,10.42.0.1,10.42.0.1,97,3,UPLOAD,0.95,UPLOAD,0.95,1,14480,0.7502779995979257,45,267986.0,201064.0,26,19,0.5713378104679672,0.42866218953203283,0.003344003669509896,1,0,1,1,1,1,1,1,0.9699999999999999,1.0,1.0,1.0,0.8,skip,attack_already_active,1785296353.689709,1785296353689709038,1385021906407224,74.9,53.3671875,-1.0,0,0
2026-07-28T23:39:13.690,10.42.0.1,10.42.0.1,97,3,UPLOAD,0.95,UPLOAD,0.95,1,7240,0.7772943362721288,46,267986.0,208304.0,26,20,0.5626530055218459,0.43734699447815406,0.00299439722404287,1,0,1,1,1,1,1,1,0.9699999999999999,1.0,1.0,1.0,0.8,skip,attack_already_active,1785296353.6904,1785296353690399951,1385021907098268,74.9,53.3671875,-1.0,0,0
2026-07-28T23:39:13.691,10.42.0.1,10.42.0.1,97,3,UPLOAD,0.95,UPLOAD,0.95,1,5792,0.7989074056114912,47,267986.0,214096.0,26,21,0.555892980862177,0.444107019137823,0.0026932791282959596,1,0,1,1,1,1,1,1,0.9699999999999999,1.0,1.0,1.0,0.8,skip,attack_already_active,1785296353.6911092,1785296353691109106,1385021907807235,74.9,53.3671875,-1.0,0,0
2026-07-28T23:39:13.692,10.42.0.1,10.42.0.1,97,3,UPLOAD,0.95,UPLOAD,0.95,1,2896,0.8097139402811725,48,267986.0,216992.0,26,22,0.5525735187987909,0.44742648120120915,0.002518113114160028,1,0,1,1,1,1,1,1,0.9699999999999999,1.0,1.0,1.0,0.8,skip,attack_already_active,1785296353.6924732,1785296353692473186,1385021909171563,74.9,53.3671875,-1.0,0,0
2026-07-28T23:39:13.693,10.42.0.1,10.42.0.1,97,3,UPLOAD,0.95,UPLOAD,0.95,1,14480,0.8637466136295786,49,267986.0,231472.0,26,23,0.5365536241285553,0.46344637587144466,0.0022865746974943067,1,0,1,1,1,1,1,1,0.9699999999999999,1.0,1.0,1.0,0.8,skip,attack_already_active,1785296353.6932342,1785296353693234249,1385021909932488,74.9,53.3671875,-1.0,0,0
2026-07-28T23:39:13.694,10.42.0.1,10.42.0.1,97,3,UPLOAD,0.95,UPLOAD,0.95,1,14480,0.9177792869779847,50,267986.0,245952.0,26,24,0.5214364378582631,0.47856356214173695,0.002115519410144756,1,0,1,1,1,1,1,1,0.9699999999999999,1.0,1.0,1.0,0.8,skip,attack_already_active,1785296353.6942227,1785296353694222552,1385021910920809,74.9,53.3671875,-1.0,0,0
2026-07-28T23:39:13.695,10.42.0.1,10.42.0.1,97,3,UPLOAD,0.95,UPLOAD,0.95,1,8590,0.9498332002419909,51,267986.0,254542.0,26,25,0.5128643823871639,0.4871356176128361,0.0019611611908395025,1,0,1,1,1,1,1,1,0.9699999999999999,1.0,1.0,1.0,0.8,skip,attack_already_active,1785296353.6951668,1785296353695166814,1385021911865060,74.9,53.3671875,-1.0,0,0
2026-07-28T23:39:13.697,10.42.0.1,10.42.0.1,97,3,UPLOAD,0.95,UPLOAD,0.95,1,11584,0.9930593389207157,52,267986.0,266126.0,26,26,0.5017412078365586,0.4982587921634414,0.0019928392418983774,1,0,1,1,1,1,1,1,0.9699999999999999,1.0,1.0,1.0,0.8,skip,attack_already_active,1785296353.6973684,1785296353697368202,1385021914067673,74.9,53.3671875,-1.0,0,0
2026-07-28T23:39:13.698,10.42.0.1,10.42.0.1,97,3,UPLOAD,0.95,UPLOAD,0.95,1,2896,1.003865873590397,53,267986.0,269022.0,26,27,0.49903539612072817,0.5009646038792718,0.001899794057668415,1,0,1,1,1,1,1,1,0.9699999999999999,1.0,1.0,1.0,0.8,skip,attack_already_active,1785296353.6986551,1785296353698655261,1385021915354323,74.9,53.3671875,-1.0,0,0
2026-07-28T23:39:13.700,10.42.0.1,10.42.0.1,97,3,UPLOAD,0.95,UPLOAD,0.95,1,11584,1.0470920122691219,54,267986.0,280606.0,26,28,0.48849782716481466,0.5115021728351854,0.001854574442346342,1,0,1,1,1,1,1,1,0.9699999999999999,1.0,1.0,1.0,0.8,skip,attack_already_active,1785296353.7002118,1785296353700211596,1385021916910334,74.9,53.3671875,-1.0,0,0
2026-07-28T23:39:13.704,10.42.0.1,10.42.0.1,97,3,UPLOAD,0.95,UPLOAD,0.95,1,5792,1.0687050816084844,55,267986.0,286398.0,26,29,0.4833941816502641,0.516605818349736,0.00215176342837572,1,0,1,1,1,1,1,1,0.9699999999999999,1.0,1.0,1.0,0.8,skip,attack_already_active,1785296353.7043216,1785296353704321438,1385021921020538,74.9,53.3671875,-1.0,0,0
2026-07-28T23:39:13.706,10.42.0.1,10.42.0.1,97,3,UPLOAD,0.95,UPLOAD,0.95,1,14480,1.1227377549568904,56,267986.0,300878.0,26,30,0.4710897508015976,0.5289102491984025,0.0021628490881854044,1,0,1,1,1,1,1,1,0.9699999999999999,1.0,1.0,1.0,0.8,skip,attack_already_active,1785296353.7065575,1785296353706557431,1385021923256618,74.9,53.3671875,-1.0,0,0
2026-07-28T23:39:13.707,10.42.0.1,10.42.0.1,97,3,UPLOAD,0.95,UPLOAD,0.95,1,8688,1.1551573589659343,57,267986.0,309566.0,26,31,0.46400324126658726,0.5359967587334128,0.002067351047594787,1,0,1,1,1,1,1,1,0.9699999999999999,1.0,1.0,1.0,0.8,skip,attack_already_active,1785296353.7079957,1785296353707995760,1385021924694465,74.9,53.3671875,-1.0,0,0
2026-07-28T23:39:13.709,10.42.0.1,10.42.0.1,97,3,UPLOAD,0.95,UPLOAD,0.95,1,5792,1.1767704283052967,58,267986.0,315358.0,26,32,0.4593961710414438,0.5406038289585562,0.0020378469293105884,1,0,1,1,1,1,1,1,0.9699999999999999,1.0,1.0,1.0,0.8,skip,attack_already_active,1785296353.709839,1785296353709839187,1385021926538340,74.9,53.3671875,-1.0,0,0
2026-07-28T23:39:13.712,10.42.0.1,10.42.0.1,97,3,UPLOAD,0.95,UPLOAD,0.95,1,2799,1.187215003768155,59,267986.0,318157.0,26,33,0.4572024232994338,0.5427975767005663,0.0021285382174612874,1,0,1,1,1,1,1,1,0.9699999999999999,1.0,1.0,1.0,0.8,skip,attack_already_active,1785296353.7125652,1785296353712565226,1385021929264594,86.0,53.3671875,-1.0,0,0
2026-07-28T23:39:13.782,10.42.0.18,10.42.0.1,68,2,TRAINING,0.95,TRAINING,0.95,1,58400,0.737522731868338,10,79184.0,58400.0,9,1,0.5755320386091406,0.4244679613908594,0.2680088569657969,0,0,0,0,1,1,0,0,0.5725,1.0,0.0,1.0,0.15,skip,training_upload_trigger_not_confirmed,1785296353.7822216,1785296353782221629,1385021998920272,86.0,53.3671875,-1.0,0,0
2026-07-28T23:39:13.783,10.42.0.18,10.42.0.1,68,3,UPLOAD,0.95,UPLOAD,0.95,1,16060,0.9403414831286581,11,79184.0,74460.0,9,2,0.5153732003853063,0.4846267996146937,0.2329124630072953,0,0,0,1,1,1,1,1,0.9699999999999999,1.0,1.0,1.0,0.8,trigger,training_upload_trigger_confirmed,1785296353.7838936,1785296353783893429,1385022000592090,86.0,53.3671875,58.110681,1785296353842005484,1385022058702771
2026-07-28T23:39:13.785,10.42.0.18,10.42.0.1,68,3,UPLOAD,0.9841010226033655,UPLOAD,0.9841010226033655,1,5095,1.004685289957508,12,79184.0,79555.0,9,3,0.4988314150901795,0.5011685849098205,0.20237713164884769,0,0,1,1,1,1,1,1,0.9699999999999999,1.0,1.0,1.0,0.8,skip,attack_already_active,1785296353.7850819,1785296353785081964,1385022001780348,86.0,53.3671875,-1.0,0,0
2026-07-28T23:39:13.786,10.42.0.1,10.42.0.1,97,3,UPLOAD,0.95,UPLOAD,0.95,1,7240,0.9174173277711619,52,267986.0,245855.0,26,26,0.5215348716820962,0.4784651283179038,0.0022620707972204517,1,0,1,1,1,1,1,1,0.9699999999999999,1.0,1.0,1.0,0.8,skip,attack_already_active,1785296353.7861812,1785296353786181007,1385022002879463,86.0,53.3671875,-1.0,0,0
2026-07-28T23:39:13.786,10.42.0.1,10.42.0.1,97,3,UPLOAD,0.95,UPLOAD,0.95,1,5792,0.9390303971105243,53,267986.0,251647.0,26,27,0.5157216727959926,0.48427832720400743,0.0020671940466463323,1,0,1,1,1,1,1,1,0.9699999999999999,1.0,1.0,1.0,0.8,skip,attack_already_active,1785296353.7869644,1785296353786964449,1385022003662770,86.0,53.3671875,-1.0,0,0
2026-07-28T23:39:13.788,10.42.0.1,10.42.0.1,97,3,UPLOAD,0.95,UPLOAD,0.95,1,2896,0.9498369317802056,54,267986.0,254543.0,26,28,0.5128634008830132,0.4871365991169868,0.0019558994949657607,1,0,1,1,1,1,1,1,0.9699999999999999,1.0,1.0,1.0,0.8,skip,attack_already_active,1785296353.788187,1785296353788187200,1385022004886041,86.0,53.3671875,-1.0,0,0
2026-07-28T23:39:13.789,10.42.0.1,10.42.0.1,97,3,UPLOAD,0.95,UPLOAD,0.95,1,11584,0.9930630704589305,55,267986.0,266127.0,26,29,0.5017402684450669,0.49825973155493314,0.0018549979462128615,1,0,1,1,1,1,1,1,0.9699999999999999,1.0,1.0,1.0,0.8,skip,attack_already_active,1785296353.7893772,1785296353789377362,1385022006075768,86.0,53.3671875,-1.0,0,0
2026-07-28T23:39:13.790,10.42.0.1,10.42.0.1,97,3,UPLOAD,0.95,UPLOAD,0.95,1,2896,1.0038696051286118,56,267986.0,269023.0,26,30,0.4990344668338892,0.5009655331661108,0.0017135116644852305,1,0,1,1,1,1,1,1,0.9699999999999999,1.0,1.0,1.0,0.8,skip,attack_already_active,1785296353.7901585,1785296353790158467,1385022006856798,86.0,53.3671875,-1.0,0,0
2026-07-28T23:39:13.791,10.42.0.1,10.42.0.1,97,3,UPLOAD,0.95,UPLOAD,0.95,1,11584,1.0470957438073365,57,267986.0,280607.0,26,31,0.4884969367089992,0.5115030632910008,0.0016621758505177976,1,0,1,1,1,1,1,1,0.9699999999999999,1.0,1.0,1.0,0.8,skip,attack_already_active,1785296353.7914824,1785296353791482426,1385022008181241,86.0,53.3671875,-1.0,0,0
2026-07-28T23:39:13.792,10.42.0.1,10.42.0.1,97,3,UPLOAD,0.95,UPLOAD,0.95,1,5792,1.068708813146699,58,267986.0,286399.0,26,32,0.4833933097035454,0.5166066902964547,0.001642581684045808,1,0,1,1,1,1,1,1,0.9699999999999999,1.0,1.0,1.0,0.8,skip,attack_already_active,1785296353.792996,1785296353792995922,1385022009694499,86.0,53.3671875,-1.0,0,0
2026-07-28T23:39:13.793,10.42.0.1,10.42.0.1,97,3,UPLOAD,0.95,UPLOAD,0.95,1,14480,1.122741486495105,59,267986.0,300879.0,26,33,0.4710889226793703,0.5289110773206297,0.0015362182107525983,1,0,1,1,1,1,1,1,0.9699999999999999,1.0,1.0,1.0,0.8,skip,attack_already_active,1785296353.7938313,1785296353793831343,1385022010529696,86.0,53.3671875,-1.0,0,0
2026-07-28T23:39:13.794,10.42.0.1,10.42.0.1,97,3,UPLOAD,0.95,UPLOAD,0.95,1,8688,1.155161090504149,60,267986.0,309567.0,26,34,0.4640024378715027,0.5359975621284973,0.0014768905008233208,1,0,1,1,1,1,1,1,0.9699999999999999,1.0,1.0,1.0,0.8,skip,attack_already_active,1785296353.7949173,1785296353794917457,1385022011615695,86.0,53.3671875,-1.0,0,0
2026-07-28T23:39:13.796,10.42.0.1,10.42.0.1,97,3,UPLOAD,0.95,UPLOAD,0.95,1,5792,1.1767741598435113,61,267986.0,315359.0,26,35,0.45939538352090104,0.540604616479099,0.0014260404354681715,1,0,1,1,1,1,1,1,0.9699999999999999,1.0,1.0,1.0,0.8,skip,attack_already_active,1785296353.7960083,1785296353796008411,1385022012706663,86.0,53.3671875,-1.0,0,0
2026-07-28T23:39:13.797,10.42.0.1,10.42.0.1,97,3,UPLOAD,0.95,UPLOAD,0.95,1,2798,1.187215003768155,62,267986.0,318157.0,26,36,0.4572024232994338,0.5427975767005663,0.0014209744575860964,1,0,1,1,1,1,1,1,0.9699999999999999,1.0,1.0,1.0,0.8,skip,attack_already_active,1785296353.797396,1785296353797395917,1385022014094300,86.0,53.3671875,-1.0,0,0
2026-07-28T23:39:15.034,10.42.0.1,,97,3,UPLOAD,0.48376297033567456,UPLOAD,0.48376297033567456,0,39,1.0,0,0.0,0.0,0,0,0.0,0.0,0.006629835857236461,0,0,1,0,0,0,0,0,0.4375,0.05,1.0,0.0,0.8,skip,attack_already_active,1785296355.0341208,1785296355034120732,1385023250819821,7.5,53.3671875,-1.0,0,0
2026-07-28T23:39:15.238,10.42.0.1,,97,3,UPLOAD,0.4703461428558208,UPLOAD,0.4703461428558208,0,39,1.0,0,0.0,0.0,0,0,0.0,0.0,0.011353876874970806,0,0,1,0,0,0,0,0,0.4375,0.05,1.0,0.0,0.8,skip,attack_already_active,1785296355.2382674,1785296355238267299,1385023454965874,7.5,53.3671875,-1.0,0,0
2026-07-28T23:39:15.645,10.42.0.210,,96,3,UPLOAD,0.95,UPLOAD,0.95,1,1448,100.0,1,0.0,1448.0,0,1,0.0,1.0,0.13383796056910993,0,0,0,1,1,1,1,1,0.9525,0.95,1.0,1.0,0.8,trigger,training_upload_trigger_confirmed,1785296355.6453977,1785296355645397794,1385023862096787,5.2,53.3671875,5.845662,1785296355651245213,1385023867942449
2026-07-28T23:39:15.646,10.42.0.210,,96,3,UPLOAD,0.9841010226033655,UPLOAD,0.9841010226033655,1,1448,100.0,2,0.0,2896.0,0,2,0.0,1.0,0.11630715998467611,0,0,1,1,1,1,1,1,0.9699999999999999,1.0,1.0,1.0,0.8,skip,attack_already_active,1785296355.6461992,1785296355646199193,1385023862897553,5.2,53.3671875,-1.0,0,0
2026-07-28T23:39:15.647,10.42.0.210,,96,3,UPLOAD,0.9854688349332961,UPLOAD,0.9854688349332961,1,1448,100.0,3,0.0,4344.0,0,3,0.0,1.0,0.1011197110302206,0,0,1,1,1,1,1,1,0.9699999999999999,1.0,1.0,1.0,0.8,skip,attack_already_active,1785296355.647253,1785296355647252979,1385023863951979,5.2,53.3671875,-1.0,0,0
2026-07-28T23:39:15.648,10.42.0.210,,96,3,UPLOAD,0.9855076450773014,UPLOAD,0.9855076450773014,1,1448,100.0,4,0.0,5792.0,0,4,0.0,1.0,0.08791545220708785,0,0,1,1,1,1,1,1,0.9699999999999999,1.0,1.0,1.0,0.8,skip,attack_already_active,1785296355.6481693,1785296355648169214,1385023864867663,5.2,53.3671875,-1.0,0,0
2026-07-28T23:39:15.649,10.42.0.210,,96,3,UPLOAD,0.9855086980780915,UPLOAD,0.9855086980780915,1,1448,100.0,5,0.0,7240.0,0,5,0.0,1.0,0.07645510476130839,0,0,1,1,1,1,1,1,0.9699999999999999,1.0,1.0,1.0,0.8,skip,attack_already_active,1785296355.6491153,1785296355649115332,1385023865813499,5.2,53.3671875,-1.0,0,0
2026-07-28T23:39:15.649,10.42.0.210,,96,3,UPLOAD,0.9855087254685951,UPLOAD,0.9855087254685951,1,1448,100.0,6,0.0,8688.0,0,6,0.0,1.0,0.06646620075749221,0,0,1,1,1,1,1,1,0.9699999999999999,1.0,1.0,1.0,0.8,skip,attack_already_active,1785296355.6497674,1785296355649767393,1385023866465632,5.2,53.3671875,-1.0,0,0
2026-07-28T23:39:15.650,10.42.0.210,,96,3,UPLOAD,0.9855087261493067,UPLOAD,0.9855087261493067,1,1448,100.0,7,0.0,10136.0,0,7,0.0,1.0,0.057840674077482716,0,0,1,1,1,1,1,1,0.9699999999999999,1.0,1.0,1.0,0.8,skip,attack_already_active,1785296355.6507769,1785296355650776887,1385023867475246,5.2,53.3671875,-1.0,0,0
2026-07-28T23:39:15.651,10.42.0.210,,96,3,UPLOAD,0.9855087261653082,UPLOAD,0.9855087261653082,1,1448,100.0,8,0.0,11584.0,0,8,0.0,1.0,0.05032465830711496,0,0,1,1,1,1,1,1,0.9699999999999999,1.0,1.0,1.0,0.8,skip,attack_already_active,1785296355.6515806,1785296355651580692,1385023868279097,5.2,53.3671875,-1.0,0,0
2026-07-28T23:39:15.652,10.42.0.210,,96,3,UPLOAD,0.985508726165656,UPLOAD,0.985508726165656,1,1448,100.0,9,0.0,13032.0,0,9,0.0,1.0,0.04386356161203221,0,0,1,1,1,1,1,1,0.9699999999999999,1.0,1.0,1.0,0.8,skip,attack_already_active,1785296355.6528738,1785296355652873602,1385023869572457,5.2,53.3671875,-1.0,0,0
2026-07-28T23:39:15.653,10.42.0.210,,96,3,UPLOAD,0.9855087261656625,UPLOAD,0.9855087261656625,1,1448,100.0,10,0.0,14480.0,0,10,0.0,1.0,0.038207154706574806,0,0,1,1,1,1,1,1,0.9699999999999999,1.0,1.0,1.0,0.8,skip,attack_already_active,1785296355.6538124,1785296355653812459,1385023870511707,5.2,53.3671875,-1.0,0,0
2026-07-28T23:39:15.654,10.42.0.210,,96,3,UPLOAD,0.95,UPLOAD,0.95,1,1448,100.0,11,0.0,15928.0,0,11,0.0,1.0,0.0333221943260669,0,0,1,1,1,1,1,1,0.9699999999999999,1.0,1.0,1.0,0.8,skip,attack_already_active,1785296355.654949,1785296355654948901,1385023871647396,5.2,53.3671875,-1.0,0,0
2026-07-28T23:39:15.655,10.42.0.210,,96,3,UPLOAD,0.95,UPLOAD,0.95,1,1448,100.0,12,0.0,17376.0,0,12,0.0,1.0,0.029022793246288318,0,0,1,1,1,1,1,1,0.9699999999999999,1.0,1.0,1.0,0.8,skip,attack_already_active,1785296355.6556442,1785296355655644039,1385023872342215,5.2,53.3671875,-1.0,0,0
2026-07-28T23:39:15.656,10.42.0.210,,96,3,UPLOAD,0.95,UPLOAD,0.95,1,1448,100.0,13,0.0,18824.0,0,13,0.0,1.0,0.025321455193957326,0,0,1,1,1,1,1,1,0.9699999999999999,1.0,1.0,1.0,0.8,skip,attack_already_active,1785296355.6565785,1785296355656578655,1385023873277280,5.2,53.3671875,-1.0,0,0
2026-07-28T23:39:15.657,10.42.0.210,,96,3,UPLOAD,0.95,UPLOAD,0.95,1,1448,100.0,14,0.0,20272.0,0,14,0.0,1.0,0.022094129557811842,0,0,1,1,1,1,1,1,0.9699999999999999,1.0,1.0,1.0,0.8,skip,attack_already_active,1785296355.6574087,1785296355657408715,1385023874107159,5.2,53.3671875,-1.0,0,0
2026-07-28T23:39:15.658,10.42.0.210,,96,3,UPLOAD,0.95,UPLOAD,0.95,1,1448,100.0,15,0.0,21720.0,0,15,0.0,1.0,0.01935491800619436,0,0,1,1,1,1,1,1,0.9699999999999999,1.0,1.0,1.0,0.8,skip,attack_already_active,1785296355.6587157,1785296355658715712,1385023875415320,5.2,53.3671875,-1.0,0,0
2026-07-28T23:39:15.659,10.42.0.210,,96,3,UPLOAD,0.95,UPLOAD,0.95,1,1448,100.0,16,0.0,23168.0,0,16,0.0,1.0,0.016919484785157507,0,0,1,1,1,1,1,1,0.9699999999999999,1.0,1.0,1.0,0.8,skip,attack_already_active,1785296355.6595888,1785296355659588981,1385023876287476,5.2,53.3671875,-1.0,0,0
2026-07-28T23:39:15.660,10.42.0.210,,96,3,UPLOAD,0.95,UPLOAD,0.95,1,1448,100.0,17,0.0,24616.0,0,17,0.0,1.0,0.014815221582095332,0,0,1,1,1,1,1,1,0.9699999999999999,1.0,1.0,1.0,0.8,skip,attack_already_active,1785296355.6605396,1785296355660539732,1385023877237825,5.2,53.3671875,-1.0,0,0
2026-07-28T23:39:15.661,10.42.0.210,,96,3,UPLOAD,0.95,UPLOAD,0.95,1,1448,100.0,18,0.0,26064.0,0,18,0.0,1.0,0.012953781567479537,0,0,1,1,1,1,1,1,0.9699999999999999,1.0,1.0,1.0,0.8,skip,attack_already_active,1785296355.661229,1785296355661228725,1385023877927238,5.2,53.3671875,-1.0,0,0
2026-07-28T23:39:15.662,10.42.0.210,,96,3,UPLOAD,0.95,UPLOAD,0.95,1,1448,100.0,19,0.0,27512.0,0,19,0.0,1.0,0.011431632926947391,0,0,1,1,1,1,1,1,0.9699999999999999,1.0,1.0,1.0,0.8,skip,attack_already_active,1785296355.6626315,1785296355662631426,1385023879329882,5.2,53.3671875,-1.0,0,0
2026-07-28T23:39:15.663,10.42.0.210,,96,3,UPLOAD,0.95,UPLOAD,0.95,1,1448,100.0,20,0.0,28960.0,0,20,0.0,1.0,0.010051062584473152,0,0,1,1,1,1,1,1,0.9699999999999999,1.0,1.0,1.0,0.8,skip,attack_already_active,1785296355.6635864,1785296355663586293,1385023880284588,5.2,53.3671875,-1.0,0,0
2026-07-28T23:39:15.664,10.42.0.210,,96,3,UPLOAD,0.95,UPLOAD,0.95,1,1448,100.0,21,0.0,30408.0,0,21,0.0,1.0,0.008912360720414597,0,0,1,1,1,1,1,1,0.9699999999999999,1.0,1.0,1.0,0.8,skip,attack_already_active,1785296355.6649961,1785296355664996212,1385023881694533,5.2,53.3671875,-1.0,0,0
2026-07-28T23:39:15.666,10.42.0.210,,96,3,UPLOAD,0.95,UPLOAD,0.95,1,1448,100.0,22,0.0,31856.0,0,22,0.0,1.0,0.007923050922485969,0,0,1,1,1,1,1,1,0.9699999999999999,1.0,1.0,1.0,0.8,skip,attack_already_active,1785296355.666401,1785296355666400906,1385023883099585,5.2,53.3671875,-1.0,0,0
2026-07-28T23:39:15.667,10.42.0.210,,96,3,UPLOAD,0.95,UPLOAD,0.95,1,1448,100.0,23,0.0,33304.0,0,23,0.0,1.0,0.007077742084664558,0,0,1,1,1,1,1,1,0.9699999999999999,1.0,1.0,1.0,0.8,skip,attack_already_active,1785296355.6679091,1785296355667909218,1385023884607761,5.2,53.3671875,-1.0,0,0
2026-07-28T23:39:15.668,10.42.0.210,,96,3,UPLOAD,0.95,UPLOAD,0.95,1,1448,100.0,24,0.0,34752.0,0,24,0.0,1.0,0.006273385376138446,0,0,1,1,1,1,1,1,0.9699999999999999,1.0,1.0,1.0,0.8,skip,attack_already_active,1785296355.6688828,1785296355668882938,1385023885581552,5.2,53.3671875,-1.0,0,0
2026-07-28T23:39:15.670,10.42.0.210,,96,3,UPLOAD,0.95,UPLOAD,0.95,1,1448,100.0,25,0.0,36200.0,0,25,0.0,1.0,0.005624316374240487,0,0,1,1,1,1,1,1,0.9699999999999999,1.0,1.0,1.0,0.8,skip,attack_already_active,1785296355.6702306,1785296355670230484,1385023886929028,5.2,53.3671875,-1.0,0,0
2026-07-28T23:39:15.671,10.42.0.210,,96,3,UPLOAD,0.95,UPLOAD,0.95,1,1448,100.0,26,0.0,37648.0,0,26,0.0,1.0,0.005012489426039242,0,0,1,1,1,1,1,1,0.9699999999999999,1.0,1.0,1.0,0.8,skip,attack_already_active,1785296355.671212,1785296355671211964,1385023887910284,5.2,53.3671875,-1.0,0,0
2026-07-28T23:39:15.672,10.42.0.210,,96,3,UPLOAD,0.95,UPLOAD,0.95,1,1448,100.0,27,0.0,39096.0,0,27,0.0,1.0,0.0045317735418747285,0,0,1,1,1,1,1,1,0.9699999999999999,1.0,1.0,1.0,0.8,skip,attack_already_active,1785296355.6725764,1785296355672576627,1385023889275277,5.2,53.3671875,-1.0,0,0
2026-07-28T23:39:15.673,10.42.0.210,,96,3,UPLOAD,0.95,UPLOAD,0.95,1,1448,100.0,28,0.0,40544.0,0,28,0.0,1.0,0.004066554913491414,0,0,1,1,1,1,1,1,0.9699999999999999,1.0,1.0,1.0,0.8,skip,attack_already_active,1785296355.6735778,1785296355673577855,1385023890276188,5.2,53.3671875,-1.0,0,0
2026-07-28T23:39:15.675,10.42.0.210,,96,3,UPLOAD,0.95,UPLOAD,0.95,1,1448,100.0,29,0.0,41992.0,0,29,0.0,1.0,0.0037197572043007354,0,0,1,1,1,1,1,1,0.9699999999999999,1.0,1.0,1.0,0.8,skip,attack_already_active,1785296355.6750126,1785296355675012526,1385023891710964,5.2,53.3671875,-1.0,0,0
2026-07-28T23:39:15.675,10.42.0.210,,96,3,UPLOAD,0.95,UPLOAD,0.95,1,1448,100.0,30,0.0,43440.0,0,30,0.0,1.0,0.003353655809563909,0,0,1,1,1,1,1,1,0.9699999999999999,1.0,1.0,1.0,0.8,skip,attack_already_active,1785296355.675954,1785296355675954155,1385023892652853,5.2,53.3671875,-1.0,0,0
2026-07-28T23:39:15.677,10.42.0.210,,96,3,UPLOAD,0.95,UPLOAD,0.95,1,1448,100.0,31,0.0,44888.0,0,31,0.0,1.0,0.003100140233978604,0,0,1,1,1,1,1,1,0.9699999999999999,1.0,1.0,1.0,0.8,skip,attack_already_active,1785296355.677384,1785296355677383843,1385023894082911,5.2,53.3671875,-1.0,0,0
2026-07-28T23:39:15.678,10.42.0.210,,96,3,UPLOAD,0.95,UPLOAD,0.95,1,1448,100.0,32,0.0,46336.0,0,32,0.0,1.0,0.002819301546742918,0,0,1,1,1,1,1,1,0.9699999999999999,1.0,1.0,1.0,0.8,skip,attack_already_active,1785296355.6783528,1785296355678353005,1385023895051294,5.2,53.3671875,-1.0,0,0
2026-07-28T23:39:15.679,10.42.0.210,,96,3,UPLOAD,0.95,UPLOAD,0.95,1,1448,100.0,33,0.0,47784.0,0,33,0.0,1.0,0.0026284715198091188,0,0,1,1,1,1,1,1,0.9699999999999999,1.0,1.0,1.0,0.8,skip,attack_already_active,1785296355.679724,1785296355679724025,1385023896422978,5.2,53.3671875,-1.0,0,0
2026-07-28T23:39:15.680,10.42.0.210,,96,3,UPLOAD,0.95,UPLOAD,0.95,1,1448,100.0,34,0.0,49232.0,0,34,0.0,1.0,0.002417452592339725,0,0,1,1,1,1,1,1,0.9699999999999999,1.0,1.0,1.0,0.8,skip,attack_already_active,1785296355.680751,1785296355680751070,1385023897449454,5.2,53.3671875,-1.0,0,0
2026-07-28T23:39:15.682,10.42.0.210,,96,3,UPLOAD,0.95,UPLOAD,0.95,1,1448,100.0,35,0.0,50680.0,0,35,0.0,1.0,0.002287775960605512,0,0,1,1,1,1,1,1,0.9699999999999999,1.0,1.0,1.0,0.8,skip,attack_already_active,1785296355.6821845,1785296355682184324,1385023898882594,5.2,53.3671875,-1.0,0,0
2026-07-28T23:39:15.683,10.42.0.210,,96,3,UPLOAD,0.95,UPLOAD,0.95,1,1448,100.0,36,0.0,52128.0,0,36,0.0,1.0,0.0021152114257383696,0,0,1,1,1,1,1,1,0.9699999999999999,1.0,1.0,1.0,0.8,skip,attack_already_active,1785296355.6831627,1785296355683162511,1385023899860762,5.2,53.3671875,-1.0,0,0
2026-07-28T23:39:15.684,10.42.0.210,,96,3,UPLOAD,0.95,UPLOAD,0.95,1,1448,100.0,37,0.0,53576.0,0,37,0.0,1.0,0.0020265563274799755,0,0,1,1,1,1,1,1,0.9699999999999999,1.0,1.0,1.0,0.8,skip,attack_already_active,1785296355.6846051,1785296355684605187,1385023901303963,5.2,53.3671875,-1.0,0,0
2026-07-28T23:39:15.685,10.42.0.210,,96,3,UPLOAD,0.95,UPLOAD,0.95,1,1448,100.0,38,0.0,55024.0,0,38,0.0,1.0,0.0018826016369069504,0,0,1,1,1,1,1,1,0.9699999999999999,1.0,1.0,1.0,0.8,skip,attack_already_active,1785296355.6855392,1785296355685539368,1385023902237724,5.2,53.3671875,-1.0,0,0
2026-07-28T23:39:15.686,10.42.0.210,,96,3,UPLOAD,0.95,UPLOAD,0.95,1,1448,100.0,39,0.0,56472.0,0,39,0.0,1.0,0.0018144193059649032,0,0,1,1,1,1,1,1,0.9699999999999999,1.0,1.0,1.0,0.8,skip,attack_already_active,1785296355.6869044,1785296355686904443,1385023903602772,5.2,53.3671875,-1.0,0,0
2026-07-28T23:39:15.687,10.42.0.210,,96,3,UPLOAD,0.95,UPLOAD,0.95,1,1448,100.0,40,0.0,57920.0,0,40,0.0,1.0,0.0017034142382882274,0,0,1,1,1,1,1,1,0.9699999999999999,1.0,1.0,1.0,0.8,skip,attack_already_active,1785296355.6878765,1785296355687876465,1385023904574821,5.2,53.3671875,-1.0,0,0
2026-07-28T23:39:15.688,10.42.0.210,,96,3,UPLOAD,0.95,UPLOAD,0.95,1,1448,100.0,41,0.0,59368.0,0,41,0.0,1.0,0.0015822484114469287,0,0,1,1,1,1,1,1,0.9699999999999999,1.0,1.0,1.0,0.8,skip,attack_already_active,1785296355.6886604,1785296355688660558,1385023905358751,5.2,53.3671875,-1.0,0,0
2026-07-28T23:39:15.689,10.42.0.210,,96,3,UPLOAD,0.95,UPLOAD,0.95,1,1448,100.0,42,0.0,60816.0,0,42,0.0,1.0,0.0014565335315813908,0,0,1,1,1,1,1,1,0.9699999999999999,1.0,1.0,1.0,0.8,skip,attack_already_active,1785296355.6892886,1785296355689288673,1385023905986678,5.2,53.3671875,-1.0,0,0
2026-07-28T23:39:15.689,10.42.0.210,,96,3,UPLOAD,0.95,UPLOAD,0.95,1,1448,100.0,43,0.0,62264.0,0,43,0.0,1.0,0.0013422007787631458,0,0,1,1,1,1,1,1,0.9699999999999999,1.0,1.0,1.0,0.8,skip,attack_already_active,1785296355.6898775,1785296355689877577,1385023906575611,5.2,53.3671875,-1.0,0,0
2026-07-28T23:39:15.690,10.42.0.210,,96,3,UPLOAD,0.95,UPLOAD,0.95,1,1448,100.0,44,0.0,63712.0,0,44,0.0,1.0,0.0012437510182344116,0,0,1,1,1,1,1,1,0.9699999999999999,1.0,1.0,1.0,0.8,skip,attack_already_active,1785296355.6904726,1785296355690472615,1385023907170629,5.2,53.3671875,-1.0,0,0
2026-07-28T23:39:15.691,10.42.0.1,10.42.0.1,97,3,UPLOAD,0.95,UPLOAD,0.95,1,7240,100.0,1,0.0,7240.0,0,1,0.0,1.0,0.06952605819503214,1,0,1,1,1,1,1,1,0.9699999999999999,1.0,1.0,1.0,0.8,skip,attack_already_active,1785296355.691074,1785296355691073870,1385023907771872,5.2,53.3671875,-1.0,0,0
2026-07-28T23:39:15.691,10.42.0.1,10.42.0.1,97,3,UPLOAD,0.9689875566297899,UPLOAD,0.9689875566297899,1,7240,100.0,2,0.0,14480.0,0,2,0.0,1.0,0.06044548158196828,1,0,1,1,1,1,1,1,0.9699999999999999,1.0,1.0,1.0,0.8,skip,attack_already_active,1785296355.69169,1785296355691689969,1385023908387963,5.2,53.3671875,-1.0,0,0
2026-07-28T23:39:15.710,10.42.0.1,10.42.0.1,97,3,UPLOAD,0.974834133491787,UPLOAD,0.974834133491787,1,1448,100.0,3,0.0,15928.0,0,3,0.0,1.0,0.055002034517337574,1,0,1,1,1,1,1,1,0.9699999999999999,1.0,1.0,1.0,0.8,skip,attack_already_active,1785296355.7108266,1785296355710826821,1385023927525247,5.2,53.3671875,-1.0,0,0
2026-07-28T23:39:15.759,10.42.0.1,10.42.0.1,97,3,UPLOAD,0.9760222963486348,UPLOAD,0.9760222963486348,1,10136,100.0,4,0.0,26064.0,0,4,0.0,1.0,0.05419629382326878,1,0,1,1,1,1,1,1,0.9699999999999999,1.0,1.0,1.0,0.8,skip,attack_already_active,1785296355.7597141,1785296355759714162,1385023976413191,5.2,53.3671875,-1.0,0,0
2026-07-28T23:39:15.761,10.42.0.1,10.42.0.1,97,3,UPLOAD,0.9768741323169459,UPLOAD,0.9768741323169459,1,14480,100.0,5,0.0,40544.0,0,5,0.0,1.0,0.04722410330773904,1,0,1,1,1,1,1,1,0.9699999999999999,1.0,1.0,1.0,0.8,skip,attack_already_active,1785296355.7610004,1785296355761000397,1385023977699272,5.2,53.3671875,-1.0,0,0
2026-07-28T23:39:15.762,10.42.0.1,10.42.0.1,97,3,UPLOAD,0.9777059810114238,UPLOAD,0.9777059810114238,1,18824,100.0,6,0.0,59368.0,0,6,0.0,1.0,0.04115065655789333,1,0,1,1,1,1,1,1,0.9699999999999999,1.0,1.0,1.0,0.8,skip,attack_already_active,1785296355.7621348,1785296355762134674,1385023978833222,5.2,53.3671875,-1.0,0,0
2026-07-28T23:39:15.763,10.42.0.1,10.42.0.1,97,3,UPLOAD,0.978515588284801,UPLOAD,0.978515588284801,1,20162,100.0,7,0.0,79530.0,0,7,0.0,1.0,0.0358914529715715,1,0,1,1,1,1,1,1,0.9699999999999999,1.0,1.0,1.0,0.8,skip,attack_already_active,1785296355.7633748,1785296355763374806,1385023980072900,5.2,53.3671875,-1.0,0,0
2026-07-28T23:39:16.337,10.42.0.145,10.42.0.1,42,3,UPLOAD,0.9841010226033655,UPLOAD,0.9841010226033655,0,39,1.0,0,0.0,0.0,0,0,0.0,0.0,0.2704411296833221,0,0,0,0,0,0,0,0,0.4375,0.05,1.0,0.0,0.8,skip,already_attacked_this_round,1785296356.3378015,1785296356337801495,1385024554499963,54.6,53.3671875,-1.0,0,0
2026-07-28T23:39:16.503,10.42.0.18,10.42.0.1,68,3,UPLOAD,0.9854688349332961,UPLOAD,0.9854688349332961,0,39,1.0,0,0.0,0.0,0,0,0.0,0.0,0.18119005505530045,0,0,1,0,0,0,0,0,0.4375,0.05,1.0,0.0,0.8,skip,attack_already_active,1785296356.5030756,1785296356503075649,1385024719774371,54.6,53.3671875,-1.0,0,0
2026-07-28T23:39:17.988,10.42.0.47,10.42.0.1|10.42.0.47,97,3,UPLOAD,0.95,UPLOAD,0.95,1,5792,100.0,1,0.0,5792.0,0,1,0.0,1.0,0.23775081757416586,1,0,0,1,1,1,1,1,0.9699999999999999,1.0,1.0,1.0,0.8,trigger,training_upload_trigger_confirmed,1785296357.9887729,1785296357988772991,1385026205472118,7.4,53.3671875,9.351149,1785296357998126006,1385026214823267
2026-07-28T23:39:17.990,10.42.0.47,10.42.0.1|10.42.0.47,97,3,UPLOAD,0.95,UPLOAD,0.95,1,1448,100.0,2,0.0,7240.0,0,2,0.0,1.0,0.2066399641390431,1,0,1,1,1,1,1,1,0.9699999999999999,1.0,1.0,1.0,0.8,skip,attack_already_active,1785296357.990432,1785296357990432067,1385026207132499,7.4,53.3671875,-1.0,0,0
2026-07-28T23:39:17.991,10.42.0.47,10.42.0.1|10.42.0.47,97,3,UPLOAD,0.95,UPLOAD,0.95,1,4344,100.0,3,0.0,11584.0,0,3,0.0,1.0,0.1795734321212279,1,0,1,1,1,1,1,1,0.9699999999999999,1.0,1.0,1.0,0.8,skip,attack_already_active,1785296357.9916716,1785296357991671536,1385026208370268,7.4,53.3671875,-1.0,0,0
2026-07-28T23:39:17.994,10.42.0.47,10.42.0.1|10.42.0.47,97,3,UPLOAD,0.95,UPLOAD,0.95,1,2896,100.0,4,0.0,14480.0,0,4,0.0,1.0,0.15623745156606106,1,0,1,1,1,1,1,1,0.9699999999999999,1.0,1.0,1.0,0.8,skip,attack_already_active,1785296357.9941547,1785296357994154641,1385026210853111,7.4,53.3671875,-1.0,0,0
2026-07-28T23:39:17.994,10.42.0.47,10.42.0.1|10.42.0.47,97,3,UPLOAD,0.95,UPLOAD,0.95,1,4344,100.0,5,0.0,18824.0,0,5,0.0,1.0,0.1357442880106444,1,0,1,1,1,1,1,1,0.9699999999999999,1.0,1.0,1.0,0.8,skip,attack_already_active,1785296357.9948752,1785296357994875193,1385026211573833,7.4,53.3671875,-1.0,0,0
2026-07-28T23:39:17.996,10.42.0.47,10.42.0.1|10.42.0.47,97,3,UPLOAD,0.95,UPLOAD,0.95,1,4344,100.0,6,0.0,23168.0,0,6,0.0,1.0,0.11803696149405463,1,0,1,1,1,1,1,1,0.9699999999999999,1.0,1.0,1.0,0.8,skip,attack_already_active,1785296357.9962435,1785296357996243572,1385026212942085,7.4,53.3671875,-1.0,0,0
2026-07-28T23:39:17.997,10.42.0.47,10.42.0.1|10.42.0.47,97,3,UPLOAD,0.95,UPLOAD,0.95,1,1448,100.0,7,0.0,24616.0,0,7,0.0,1.0,0.10261044707610281,1,0,1,1,1,1,1,1,0.9699999999999999,1.0,1.0,1.0,0.8,skip,attack_already_active,1785296357.997213,1785296357997212969,1385026213911167,7.4,53.3671875,-1.0,0,0
2026-07-28T23:39:17.997,10.42.0.47,10.42.0.1|10.42.0.47,97,3,UPLOAD,0.95,UPLOAD,0.95,1,2896,100.0,8,0.0,27512.0,0,8,0.0,1.0,0.08917094671263284,1,0,1,1,1,1,1,1,0.9699999999999999,1.0,1.0,1.0,0.8,skip,attack_already_active,1785296357.9978347,1785296357997834642,1385026214533043,7.4,53.3671875,-1.0,0,0
2026-07-28T23:39:17.998,10.42.0.47,10.42.0.1|10.42.0.47,97,3,UPLOAD,0.95,UPLOAD,0.95,1,1448,100.0,9,0.0,28960.0,0,9,0.0,1.0,0.07757088806275822,1,0,1,1,1,1,1,1,0.9699999999999999,1.0,1.0,1.0,0.8,skip,attack_already_active,1785296357.998976,1785296357998976050,1385026215674171,7.4,53.3671875,-1.0,0,0
2026-07-28T23:39:17.999,10.42.0.47,10.42.0.1|10.42.0.47,97,3,UPLOAD,0.95,UPLOAD,0.95,1,2896,100.0,10,0.0,31856.0,0,10,0.0,1.0,0.06743036535479636,1,0,1,1,1,1,1,1,0.9699999999999999,1.0,1.0,1.0,0.8,skip,attack_already_active,1785296357.9995933,1785296357999593160,1385026216291248,7.4,53.3671875,-1.0,0,0
2026-07-28T23:39:18.000,10.42.0.47,10.42.0.1|10.42.0.47,97,3,UPLOAD,0.95,UPLOAD,0.95,1,4344,100.0,11,0.0,36200.0,0,11,0.0,1.0,0.058686646126967404,1,0,1,1,1,1,1,1,0.9699999999999999,1.0,1.0,1.0,0.8,skip,attack_already_active,1785296358.00067,1785296358000669907,1385026217368029,7.4,53.3671875,-1.0,0,0
2026-07-28T23:39:18.001,10.42.0.47,10.42.0.1|10.42.0.47,97,3,UPLOAD,0.95,UPLOAD,0.95,1,1448,100.0,12,0.0,37648.0,0,12,0.0,1.0,0.0510638968788928,1,0,1,1,1,1,1,1,0.9699999999999999,1.0,1.0,1.0,0.8,skip,attack_already_active,1785296358.0015097,1785296358001509674,1385026218207691,7.4,53.3671875,-1.0,0,0
2026-07-28T23:39:18.002,10.42.0.47,10.42.0.1|10.42.0.47,97,3,UPLOAD,0.95,UPLOAD,0.95,1,2896,100.0,13,0.0,40544.0,0,13,0.0,1.0,0.044410412366799115,1,0,1,1,1,1,1,1,0.9699999999999999,1.0,1.0,1.0,0.8,skip,attack_already_active,1785296358.002082,1785296358002082119,1385026218780169,7.4,53.3671875,-1.0,0,0
2026-07-28T23:39:18.003,10.42.0.47,10.42.0.1|10.42.0.47,97,3,UPLOAD,0.95,UPLOAD,0.95,1,2896,100.0,14,0.0,43440.0,0,14,0.0,1.0,0.03870208309933835,1,0,1,1,1,1,1,1,0.9699999999999999,1.0,1.0,1.0,0.8,skip,attack_already_active,1785296358.0031736,1785296358003173578,1385026219871649,7.4,53.3671875,-1.0,0,0
2026-07-28T23:39:18.003,10.42.0.47,10.42.0.1|10.42.0.47,97,3,UPLOAD,0.95,UPLOAD,0.95,1,1448,100.0,15,0.0,44888.0,0,15,0.0,1.0,0.033680868866865485,1,0,1,1,1,1,1,1,0.9699999999999999,1.0,1.0,1.0,0.8,skip,attack_already_active,1785296358.003771,1785296358003771146,1385026220469188,7.4,53.3671875,-1.0,0,0
2026-07-28T23:39:18.005,10.42.0.47,10.42.0.1|10.42.0.47,97,3,UPLOAD,0.95,UPLOAD,0.95,1,4344,100.0,16,0.0,49232.0,0,16,0.0,1.0,0.029432194765147746,1,0,1,1,1,1,1,1,0.9699999999999999,1.0,1.0,1.0,0.8,skip,attack_already_active,1785296358.00521,1785296358005209869,1385026221908154,7.4,53.3671875,-1.0,0,0
2026-07-28T23:39:18.006,10.42.0.47,10.42.0.1|10.42.0.47,97,3,UPLOAD,0.95,UPLOAD,0.95,1,2896,100.0,17,0.0,52128.0,0,17,0.0,1.0,0.025675588510920597,1,0,1,1,1,1,1,1,0.9699999999999999,1.0,1.0,1.0,0.8,skip,attack_already_active,1785296358.0061343,1785296358006134302,1385026222832457,7.4,53.3671875,-1.0,0,0
2026-07-28T23:39:18.006,10.42.0.47,10.42.0.1|10.42.0.47,97,3,UPLOAD,0.95,UPLOAD,0.95,1,1448,100.0,18,0.0,53576.0,0,18,0.0,1.0,0.022375017955610067,1,0,1,1,1,1,1,1,0.9699999999999999,1.0,1.0,1.0,0.8,skip,attack_already_active,1785296358.0067627,1785296358006762840,1385026223460974,7.4,53.3671875,-1.0,0,0
2026-07-28T23:39:18.007,10.42.0.47,10.42.0.1|10.42.0.47,97,3,UPLOAD,0.95,UPLOAD,0.95,1,4344,100.0,19,0.0,57920.0,0,19,0.0,1.0,0.019537308473072973,1,0,1,1,1,1,1,1,0.9699999999999999,1.0,1.0,1.0,0.8,skip,attack_already_active,1785296358.0076032,1785296358007603299,1385026224301285,7.4,53.3671875,-1.0,0,0
2026-07-28T23:39:18.008,10.42.0.47,10.42.0.1|10.42.0.47,97,3,UPLOAD,0.95,UPLOAD,0.95,1,2896,100.0,20,0.0,60816.0,0,20,0.0,1.0,0.017072060028534997,1,0,1,1,1,1,1,1,0.9699999999999999,1.0,1.0,1.0,0.8,skip,attack_already_active,1785296358.0084324,1785296358008432364,1385026225130375,7.4,53.3671875,-1.0,0,0
2026-07-28T23:39:18.009,10.42.0.47,10.42.0.1|10.42.0.47,97,3,UPLOAD,0.95,UPLOAD,0.95,1,1448,100.0,21,0.0,62264.0,0,21,0.0,1.0,0.014901193431043526,1,0,1,1,1,1,1,1,0.9699999999999999,1.0,1.0,1.0,0.8,skip,attack_already_active,1785296358.0090303,1785296358009030492,1385026225728598,7.4,53.3671875,-1.0,0,0
2026-07-28T23:39:18.009,10.42.0.47,10.42.0.1|10.42.0.47,97,3,UPLOAD,0.95,UPLOAD,0.95,1,1448,100.0,22,0.0,63712.0,0,22,0.0,1.0,0.013064586043035233,1,0,1,1,1,1,1,1,0.9699999999999999,1.0,1.0,1.0,0.8,skip,attack_already_active,1785296358.009994,1785296358009993930,1385026226692462,7.4,53.3671875,-1.0,0,0
2026-07-28T23:39:18.010,10.42.0.47,10.42.0.1|10.42.0.47,97,3,UPLOAD,0.95,UPLOAD,0.95,1,2896,100.0,23,0.0,66608.0,0,23,0.0,1.0,0.011428337037337952,1,0,1,1,1,1,1,1,0.9699999999999999,1.0,1.0,1.0,0.8,skip,attack_already_active,1785296358.0106416,1785296358010641713,1385026227339789,7.4,53.3671875,-1.0,0,0
2026-07-28T23:39:18.011,10.42.0.47,10.42.0.1|10.42.0.47,97,3,UPLOAD,0.95,UPLOAD,0.95,1,4344,100.0,24,0.0,70952.0,0,24,0.0,1.0,0.010037770405071594,1,0,1,1,1,1,1,1,0.9699999999999999,1.0,1.0,1.0,0.8,skip,attack_already_active,1785296358.0115173,1785296358011517154,1385026228215240,7.4,53.3671875,-1.0,0,0
2026-07-28T23:39:18.012,10.42.0.47,10.42.0.1|10.42.0.47,97,3,UPLOAD,0.95,UPLOAD,0.95,1,4344,100.0,25,0.0,75296.0,0,25,0.0,1.0,0.0088327070107618,1,0,1,1,1,1,1,1,0.9699999999999999,1.0,1.0,1.0,0.8,skip,attack_already_active,1785296358.0124102,1785296358012410183,1385026229108292,7.4,53.3671875,-1.0,0,0
2026-07-28T23:39:18.013,10.42.0.47,10.42.0.1|10.42.0.47,97,3,UPLOAD,0.95,UPLOAD,0.95,1,4233,100.0,26,0.0,79529.0,0,26,0.0,1.0,0.007785246340791347,1,0,1,1,1,1,1,1,0.9699999999999999,1.0,1.0,1.0,0.8,skip,attack_already_active,1785296358.013294,1785296358013294097,1385026229992420,7.4,53.3671875,-1.0,0,0
2026-07-28T23:39:18.014,10.42.0.1,10.42.0.1|10.42.0.47,97,3,UPLOAD,0.9760413471466692,UPLOAD,0.9760413471466692,1,7240,100.0,1,0.0,7240.0,0,1,0.0,1.0,0.23652101908550222,1,0,1,1,1,1,1,1,0.9699999999999999,1.0,1.0,1.0,0.8,skip,attack_already_active,1785296358.0142505,1785296358014250463,1385026230949112,7.4,53.3671875,-1.0,0,0
2026-07-28T23:39:18.015,10.42.0.1,10.42.0.1|10.42.0.47,97,3,UPLOAD,0.9766523828905364,UPLOAD,0.9766523828905364,1,7240,100.0,2,0.0,14480.0,0,2,0.0,1.0,0.2054565425256501,1,0,1,1,1,1,1,1,0.9699999999999999,1.0,1.0,1.0,0.8,skip,attack_already_active,1785296358.0150318,1785296358015031791,1385026231730101,7.4,53.3671875,-1.0,0,0
2026-07-28T23:39:18.076,10.42.0.1,10.42.0.1|10.42.0.47,97,3,UPLOAD,0.9746427189825043,UPLOAD,0.9746427189825043,0,43,100.0,2,0.0,14480.0,0,2,0.0,1.0,0.3911529230281483,1,0,1,1,1,1,1,1,0.8374999999999999,0.8500000000000001,1.0,0.6000000000000001,0.8,skip,attack_already_active,1785296358.0767486,1785296358076748584,1385026293447265,35.9,53.3671875,-1.0,0,0
2026-07-28T23:39:18.079,10.42.0.1,10.42.0.1|10.42.0.47,97,3,UPLOAD,0.9698573051478488,UPLOAD,0.9698573051478488,1,10136,100.0,3,0.0,24616.0,0,3,0.0,1.0,0.34811495477003207,1,0,1,1,1,1,1,1,0.9699999999999999,1.0,1.0,1.0,0.8,skip,attack_already_active,1785296358.0795815,1785296358079581373,1385026296280111,35.9,53.3671875,-1.0,0,0
2026-07-28T23:39:18.080,10.42.0.1,10.42.0.1|10.42.0.47,97,3,UPLOAD,0.95,UPLOAD,0.95,1,14480,100.0,4,0.0,39096.0,0,4,0.0,1.0,0.30233585278843444,1,0,1,1,1,1,1,1,0.9699999999999999,1.0,1.0,1.0,0.8,skip,attack_already_active,1785296358.0802915,1785296358080291645,1385026296989965,35.9,53.3671875,-1.0,0,0
2026-07-28T23:39:18.081,10.42.0.1,10.42.0.1|10.42.0.47,97,3,UPLOAD,0.95,UPLOAD,0.95,1,17376,100.0,5,0.0,56472.0,0,5,0.0,1.0,0.2626237954643238,1,0,1,1,1,1,1,1,0.9699999999999999,1.0,1.0,1.0,0.8,skip,attack_already_active,1785296358.0812635,1785296358081263573,1385026297961805,35.9,53.3671875,-1.0,0,0
2026-07-28T23:39:18.082,10.42.0.1,10.42.0.1|10.42.0.47,97,3,UPLOAD,0.95,UPLOAD,0.95,1,11584,100.0,6,0.0,68056.0,0,6,0.0,1.0,0.22817568820046413,1,0,1,1,1,1,1,1,0.9699999999999999,1.0,1.0,1.0,0.8,skip,attack_already_active,1785296358.0824702,1785296358082470130,1385026299168274,35.9,53.3671875,-1.0,0,0
2026-07-28T23:39:18.084,10.42.0.1,10.42.0.1|10.42.0.47,97,3,UPLOAD,0.95,UPLOAD,0.95,1,11473,100.0,7,0.0,79529.0,0,7,0.0,1.0,0.19831716710765018,1,0,1,1,1,1,1,1,0.9699999999999999,1.0,1.0,1.0,0.8,skip,attack_already_active,1785296358.0840578,1785296358084057794,1385026300756200,35.9,53.3671875,-1.0,0,0
2026-07-28T23:39:18.457,10.42.0.1,10.42.0.47,98,1,DOWNLOAD,0.95,DOWNLOAD,0.95,-1,7240,10.984668506908193,8,7240.0,79529.0,1,7,0.08343993822678607,0.9165600617732139,0.1843377234340791,0,0,0,0,0,0,0,0,0.057499999999999996,0.1,0.0,0.0,0.15,skip,training_upload_trigger_not_confirmed,1785296358.457025,1785296358457025142,1385026673723975,35.9,53.3671875,-1.0,0,0
2026-07-28T23:39:18.457,10.42.0.1,10.42.0.47,98,1,DOWNLOAD,0.9693792846821092,DOWNLOAD,0.9693792846821092,-1,7240,5.492334253833402,9,14480.0,79529.0,2,7,0.15402780584837622,0.8459721941516238,0.16016619853360536,0,0,0,0,0,0,0,0,0.057499999999999996,0.1,0.0,0.0,0.15,skip,training_upload_trigger_not_confirmed,1785296358.4579318,1785296358457931650,1385026674629935,35.9,53.3671875,-1.0,0,0
2026-07-28T23:39:18.459,10.42.0.1,10.42.0.47,98,1,DOWNLOAD,0.9933730437354291,DOWNLOAD,0.9933730437354291,-1,7240,3.6615561693065577,10,21720.0,79529.0,3,7,0.21452063724086165,0.7854793627591383,0.13922127172743953,0,0,0,0,0,0,0,0,0.057499999999999996,0.1,0.0,0.0,0.15,skip,training_upload_trigger_not_confirmed,1785296358.4591527,1785296358459152734,1385026675850946,35.9,53.3671875,-1.0,0,0
2026-07-28T23:39:18.459,10.42.0.1,10.42.0.47,98,1,DOWNLOAD,0.9938616357274697,DOWNLOAD,0.9938616357274697,-1,7240,2.7461671270115273,11,28960.0,79529.0,4,7,0.266939505387643,0.733060494612357,0.12095812199574152,0,0,0,0,0,0,0,0,0.057499999999999996,0.1,0.0,0.0,0.15,skip,training_upload_trigger_not_confirmed,1785296358.45978,1785296358459780174,1385026676478304,35.9,53.3671875,-1.0,0,0
2026-07-28T23:39:18.460,10.42.0.1,10.42.0.47,98,1,DOWNLOAD,0.9938688639577001,DOWNLOAD,0.9938688639577001,-1,10136,2.034197871878601,12,39096.0,79529.0,5,7,0.3295763962065332,0.6704236037934668,0.10513737362988004,0,0,0,0,0,0,0,0,0.057499999999999996,0.1,0.0,0.0,0.15,skip,training_upload_trigger_not_confirmed,1785296358.4606788,1785296358460678855,1385026677376929,35.9,53.3671875,-1.0,0,0
2026-07-28T23:39:18.461,10.42.0.1,10.42.0.47,98,1,DOWNLOAD,0.9938689586399289,DOWNLOAD,0.9938689586399289,-1,14480,1.4844146632730248,13,53576.0,79529.0,6,7,0.40250929717140604,0.597490702828594,0.09139944809189207,0,0,0,0,0,0,0,0,0.057499999999999996,0.1,0.0,0.0,0.15,skip,training_upload_trigger_not_confirmed,1785296358.4615629,1785296358461562994,1385026678261007,35.9,53.3671875,-1.0,0,0
2026-07-28T23:39:18.462,10.42.0.1,10.42.0.47,98,1,DOWNLOAD,0.9938689595936825,DOWNLOAD,0.9938689595936825,-1,7240,1.307698631933904,14,60816.0,79529.0,7,7,0.4333321457836047,0.5666678542163953,0.07947811389023782,0,0,0,0,0,0,0,0,0.057499999999999996,0.1,0.0,0.0,0.15,skip,training_upload_trigger_not_confirmed,1785296358.4624946,1785296358462494658,1385026679192769,35.9,53.3671875,-1.0,0,0
2026-07-28T23:39:18.463,10.42.0.1,10.42.0.47,98,1,DOWNLOAD,0.9935994174592033,DOWNLOAD,0.9935994174592033,-1,7240,1.1685817561982987,15,68056.0,79529.0,8,7,0.46113087373378053,0.5388691262662194,0.06908438246310528,0,0,0,0,0,0,0,0,0.039999999999999994,0.05,0.0,0.0,0.15,skip,training_upload_trigger_not_confirmed,1785296358.4630976,1785296358463097576,1385026679795652,35.9,53.3671875,-1.0,0,0
2026-07-28T23:39:18.464,10.42.0.1,10.42.0.47,98,1,DOWNLOAD,0.989844653438646,DOWNLOAD,0.989844653438646,-1,7240,1.0562181257961085,16,75296.0,79529.0,9,7,0.48632972711125466,0.5136702728887453,0.060136121274110894,0,0,0,0,0,0,0,0,0.039999999999999994,0.05,0.0,0.0,0.15,skip,training_upload_trigger_not_confirmed,1785296358.464276,1785296358464275863,1385026680974054,35.9,53.3671875,-1.0,0,0
2026-07-28T23:39:18.464,10.42.0.1,10.42.0.47,98,1,DOWNLOAD,0.9842499321029605,DOWNLOAD,0.9842499321029605,-1,7240,0.9635674130080987,17,82536.0,79529.0,10,7,0.5092771418875143,0.4907228581124857,0.052301915427972426,0,0,0,0,0,0,0,0,0.039999999999999994,0.05,0.0,0.0,0.15,skip,training_upload_trigger_not_confirmed,1785296358.4649606,1785296358464960506,1385026681658610,35.9,53.3671875,-1.0,0,0
2026-07-28T23:39:18.466,10.42.0.1,10.42.0.47,98,1,DOWNLOAD,0.9759144940061565,DOWNLOAD,0.9759144940061565,-1,7240,0.8858603635728273,18,89776.0,79529.0,11,7,0.5302619532795841,0.4697380467204158,0.04564052545586059,0,0,0,0,0,0,0,0,0.039999999999999994,0.05,0.0,0.0,0.15,skip,training_upload_trigger_not_confirmed,1785296358.466711,1785296358466711102,1385026683409215,35.9,53.3671875,-1.0,0,0
2026-07-28T23:39:18.467,10.42.0.1,10.42.0.47,98,1,DOWNLOAD,0.9656259134944315,DOWNLOAD,0.9656259134944315,-1,7240,0.8197513812173275,19,97016.0,79529.0,12,7,0.5495256166982923,0.4504743833017078,0.03970735797876453,0,0,0,0,0,0,0,0,0.039999999999999994,0.05,0.0,0.0,0.15,skip,training_upload_trigger_not_confirmed,1785296358.4673264,1785296358467326445,1385026684024492,35.9,53.3671875,-1.0,0,0
2026-07-28T23:39:18.467,10.42.0.1,10.42.0.47,98,1,DOWNLOAD,0.9512585087952922,DOWNLOAD,0.9512585087952922,-1,4344,0.784619179165503,20,101360.0,79529.0,13,7,0.5603436361525577,0.43965636384744233,0.03456005193183666,0,0,0,0,0,0,0,0,0.0225,0.0,0.0,0.0,0.15,skip,training_upload_trigger_not_confirmed,1785296358.4679723,1785296358467972232,1385026684670502,35.9,53.3671875,-1.0,0,0
2026-07-28T23:39:18.469,10.42.0.1,10.42.0.47,98,1,DOWNLOAD,0.95,DOWNLOAD,0.95,-1,14480,0.6865417817706617,21,115840.0,79529.0,14,7,0.5929292774186283,0.40707072258137167,0.030253457784854512,0,0,0,0,0,0,0,0,0.0225,0.0,0.0,0.0,0.15,skip,training_upload_trigger_not_confirmed,1785296358.4698508,1785296358469850851,1385026686549313,35.9,53.3671875,-1.0,0,0
2026-07-28T23:39:18.470,10.42.0.1,10.42.0.47,98,1,DOWNLOAD,0.95,DOWNLOAD,0.95,-1,14480,0.6102593615745069,22,130320.0,79529.0,15,7,0.621017970064189,0.378982029935811,0.02639466218893978,0,0,0,0,0,0,0,0,0.0225,0.0,0.0,0.0,0.15,skip,training_upload_trigger_not_confirmed,1785296358.470821,1785296358470820966,1385026687519102,35.9,53.3671875,-1.0,0,0
2026-07-28T23:39:18.471,10.42.0.1,10.42.0.47,98,1,DOWNLOAD,0.95,DOWNLOAD,0.95,-1,16920,0.5401317576776682,23,147240.0,79529.0,16,7,0.6492950976544413,0.3507049023455587,0.023043194886016978,0,0,0,0,0,0,0,0,0.0225,0.0,0.0,0.0,0.15,skip,training_upload_trigger_not_confirmed,1785296358.4717822,1785296358471782033,1385026688480246,35.9,53.3671875,-1.0,0,0
2026-07-28T23:39:18.472,10.42.0.1,10.42.0.47,98,1,DOWNLOAD,0.95,DOWNLOAD,0.95,-1,10136,0.5053438897957417,24,157376.0,79529.0,17,7,0.6643000358793609,0.33569996412063907,0.020129783813692206,0,0,0,0,0,0,0,0,0.0225,0.0,0.0,0.0,0.15,skip,training_upload_trigger_not_confirmed,1785296358.4727163,1785296358472716252,1385026689414440,35.9,53.3671875,-1.0,0,0
2026-07-28T23:39:18.473,10.42.0.1,10.42.0.47,98,1,DOWNLOAD,0.95,DOWNLOAD,0.95,-1,14480,0.46276533842599166,25,171856.0,79529.0,18,7,0.6836366529426975,0.31636334705730257,0.017607637628479663,0,0,0,0,0,0,0,0,0.0225,0.0,0.0,0.0,0.15,skip,training_upload_trigger_not_confirmed,1785296358.4737062,1785296358473706281,1385026690404758,35.9,53.3671875,-1.0,0,0
2026-07-28T23:39:18.474,10.42.0.1,10.42.0.47,98,1,DOWNLOAD,0.95,DOWNLOAD,0.95,-1,4344,0.45135641316996955,26,176200.0,79529.0,19,7,0.6890106323490883,0.31098936765091173,0.01540647278868523,0,0,0,0,0,0,0,0,0.0225,0.0,0.0,0.0,0.15,skip,training_upload_trigger_not_confirmed,1785296358.4746099,1785296358474609909,1385026691307974,35.9,53.3671875,-1.0,0,0
2026-07-28T23:39:18.475,10.42.0.1,10.42.0.47,98,1,DOWNLOAD,0.95,DOWNLOAD,0.95,-1,14480,0.4170809733615634,27,190680.0,79529.0,20,7,0.7056759767439279,0.29432402325607215,0.01345848115295823,0,0,0,0,0,0,0,0,0.0225,0.0,0.0,0.0,0.15,skip,training_upload_trigger_not_confirmed,1785296358.4752336,1785296358475233499,1385026691931679,35.9,53.3671875,-1.0,0,0
2026-07-28T23:39:18.476,10.42.0.1,10.42.0.47,98,1,DOWNLOAD,0.95,DOWNLOAD,0.95,-1,4344,0.4077908360027084,28,195024.0,79529.0,21,7,0.7103327954893955,0.2896672045106045,0.011837088976814493,0,0,0,0,0,0,0,0,0.0225,0.0,0.0,0.0,0.15,skip,training_upload_trigger_not_confirmed,1785296358.4763877,1785296358476387897,1385026693086007,35.9,53.3671875,-1.0,0,0
2026-07-28T23:39:18.477,10.42.0.1,10.42.0.47,98,1,DOWNLOAD,0.95,DOWNLOAD,0.95,-1,14480,0.3796061173085974,29,209504.0,79529.0,22,7,0.72484456792131,0.27515543207869,0.010427249922110547,0,0,0,0,0,0,0,0,0.0225,0.0,0.0,0.0,0.15,skip,training_upload_trigger_not_confirmed,1785296358.477526,1785296358477526086,1385026694224240,35.9,53.3671875,-1.0,0,0
2026-07-28T23:39:18.478,10.42.0.1,10.42.0.47,98,1,DOWNLOAD,0.95,DOWNLOAD,0.95,-1,14480,0.35506554039862187,30,223984.0,79529.0,23,7,0.7379716849031178,0.2620283150968822,0.00917827759699931,0,0,0,0,0,0,0,0,0.0225,0.0,0.0,0.0,0.15,skip,training_upload_trigger_not_confirmed,1785296358.478475,1785296358478474959,1385026695173150,35.9,53.3671875,-1.0,0,0
2026-07-28T23:39:18.479,10.42.0.1,10.42.0.47,98,1,DOWNLOAD,0.95,DOWNLOAD,0.95,-1,21720,0.32367808420162597,31,245704.0,79529.0,24,7,0.7554706933183287,0.2445293066816713,0.00810478980267873,0,0,0,0,0,0,0,0,0.0225,0.0,0.0,0.0,0.15,skip,training_upload_trigger_not_confirmed,1785296358.479507,1785296358479506975,1385026696205836,35.9,53.3671875,-1.0,0,0
2026-07-28T23:39:18.480,10.42.0.1,10.42.0.47,98,1,DOWNLOAD,0.95,DOWNLOAD,0.95,-1,14024,0.3062011026947183,32,259728.0,79529.0,25,7,0.7655788974140548,0.23442110258594517,0.007165754193805621,0,0,0,0,0,0,0,0,0.0225,0.0,0.0,0.0,0.15,skip,training_upload_trigger_not_confirmed,1785296358.4804857,1785296358480485649,1385026697184460,35.9,53.3671875,-1.0,0,0
2026-07-28T23:39:18.481,10.42.0.145,10.42.0.47,42,1,DOWNLOAD,0.95,DOWNLOAD,0.95,-1,7300,1.3698630135109776e-10,1,7300.0,0.0,1,0,1.0,0.0,0.2500287736518099,0,0,0,0,0,0,0,0,0.0225,0.0,0.0,0.0,0.15,skip,already_attacked_this_round,1785296358.4815292,1785296358481529393,1385026698227679,35.9,53.3671875,-1.0,0,0
2026-07-28T23:39:18.482,10.42.0.145,10.42.0.47,42,1,DOWNLOAD,0.95,DOWNLOAD,0.95,-1,7300,6.84931506802402e-11,2,14600.0,0.0,2,0,1.0,0.0,0.21717568010202684,0,0,0,0,0,0,0,0,0.0225,0.0,0.0,0.0,0.15,skip,already_attacked_this_round,1785296358.482245,1785296358482244914,1385026698943122,35.9,53.3671875,-1.0,0,0
2026-07-28T23:39:18.482,10.42.0.1,10.42.0.47,98,1,DOWNLOAD,0.95,DOWNLOAD,0.95,-1,14480,0.2900316548047831,33,274208.0,79529.0,26,7,0.7751747767409121,0.22482522325908796,0.006549646336873037,0,0,0,0,0,0,0,0,0.0225,0.0,0.0,0.0,0.15,skip,training_upload_trigger_not_confirmed,1785296358.482976,1785296358482975967,1385026699674167,35.9,53.3671875,-1.0,0,0
2026-07-28T23:39:18.483,10.42.0.1,10.42.0.47,98,1,DOWNLOAD,0.95,DOWNLOAD,0.95,-1,4344,0.285508630348066,34,278552.0,79529.0,27,7,0.7779022064840078,0.22209779351599218,0.005820659981597408,0,0,0,0,0,0,0,0,0.0225,0.0,0.0,0.0,0.15,skip,training_upload_trigger_not_confirmed,1785296358.4839935,1785296358483993680,1385026700691932,35.9,53.3671875,-1.0,0,0
2026-07-28T23:39:18.485,10.42.0.1,10.42.0.47,98,1,DOWNLOAD,0.95,DOWNLOAD,0.95,-1,18824,0.2674358388058638,35,297376.0,79529.0,28,7,0.7889945742295804,0.2110054257704196,0.005187358406262296,0,0,0,0,0,0,0,0,0.0225,0.0,0.0,0.0,0.15,skip,training_upload_trigger_not_confirmed,1785296358.4850082,1785296358485008226,1385026701706697,35.9,53.3671875,-1.0,0,0
2026-07-28T23:39:18.486,10.42.0.59,10.42.0.47,40,2,TRAINING,0.95,TRAINING,0.95,-1,14600,6.84931506802402e-11,1,14600.0,0.0,1,0,1.0,0.0,0.4200568045228342,0,0,0,0,0,0,0,0,0.0225,0.0,0.0,0.0,0.15,skip,training_upload_trigger_not_confirmed,1785296358.4864926,1785296358486492629,1385026703193357,35.9,53.3671875,-1.0,0,0
2026-07-28T23:39:18.487,10.42.0.59,10.42.0.47,40,2,TRAINING,0.95,TRAINING,0.95,-1,14600,3.424657534129292e-11,2,29200.0,0.0,2,0,1.0,0.0,0.3648739794042597,0,0,0,0,0,0,0,0,0.0225,0.0,0.0,0.0,0.15,skip,training_upload_trigger_not_confirmed,1785296358.4877822,1785296358487782114,1385026704481021,35.9,53.3671875,-1.0,0,0
2026-07-28T23:39:18.488,10.42.0.1,10.42.0.47,98,1,DOWNLOAD,0.950425143773013,DOWNLOAD,0.950425143773013,-1,16946,0.2530176061514847,36,314322.0,79529.0,29,7,0.7980733830814191,0.20192661691858088,0.00499767981877861,0,0,0,0,0,0,0,0,0.0225,0.0,0.0,0.0,0.15,skip,training_upload_trigger_not_confirmed,1785296358.4887562,1785296358488756158,1385026705454628,35.9,53.3671875,-1.0,0,0
2026-07-28T23:39:18.490,10.42.0.47,10.42.0.47,98,1,DOWNLOAD,0.95,DOWNLOAD,0.95,-1,7240,10.984668506908193,27,7240.0,79529.0,1,26,0.08343993822678607,0.9165600617732139,0.00991705788153087,0,0,0,0,0,0,0,0,0.057499999999999996,0.1,0.0,0.0,0.15,skip,training_upload_trigger_not_confirmed,1785296358.490039,1785296358490039033,1385026706737365,35.9,53.3671875,-1.0,0,0
2026-07-28T23:39:18.490,10.42.0.47,10.42.0.47,98,1,DOWNLOAD,0.9829981496648164,DOWNLOAD,0.9829981496648164,-1,7240,5.492334253833402,28,14480.0,79529.0,2,26,0.15402780584837622,0.8459721941516238,0.008712255410044785,0,0,0,0,0,0,0,0,0.057499999999999996,0.1,0.0,0.0,0.15,skip,training_upload_trigger_not_confirmed,1785296358.4908133,1785296358490813246,1385026707511519,35.9,53.3671875,-1.0,0,0
2026-07-28T23:39:18.491,10.42.0.1,10.42.0.47,98,1,DOWNLOAD,0.9546157117969472,DOWNLOAD,0.9546157117969472,-1,16920,0.24009334565290602,37,331242.0,79529.0,30,7,0.8063909088032017,0.19360909119679823,0.004744398728260207,0,0,0,0,0,0,0,0,0.0225,0.0,0.0,0.0,0.15,skip,training_upload_trigger_not_confirmed,1785296358.4918318,1785296358491831920,1385026708530667,35.9,53.3671875,-1.0,0,0
2026-07-28T23:39:18.493,10.42.0.210,10.42.0.47,97,1,DOWNLOAD,0.9837606899317228,DOWNLOAD,0.9837606899317228,-1,7240,1.381215469422484e-10,1,7240.0,0.0,1,0,1.0,0.0,0.020928038900634566,0,0,0,0,0,0,0,0,0.0225,0.0,0.0,0.0,0.15,skip,training_upload_trigger_not_confirmed,1785296358.493655,1785296358493654983,1385026710353290,42.0,53.3671875,-1.0,0,0
2026-07-28T23:39:18.494,10.42.0.210,10.42.0.47,97,1,DOWNLOAD,0.95,DOWNLOAD,0.95,-1,7240,6.90607734758936e-11,2,14480.0,0.0,2,0,1.0,0.0,0.01826385036945445,0,0,0,0,0,0,0,0,0.0225,0.0,0.0,0.0,0.15,skip,training_upload_trigger_not_confirmed,1785296358.4943652,1785296358494365248,1385026711063349,42.0,53.3671875,-1.0,0,0
2026-07-28T23:39:18.495,10.42.0.1,10.42.0.47,98,1,DOWNLOAD,0.9616993417871563,DOWNLOAD,0.9616993417871563,-1,21720,0.22531887285536312,38,352962.0,79529.0,31,7,0.8161140925475906,0.1838859074524094,0.004538694320586615,0,0,0,0,0,0,0,0,0.0225,0.0,0.0,0.0,0.15,skip,training_upload_trigger_not_confirmed,1785296358.4950151,1785296358495015203,1385026711713222,42.0,53.3671875,-1.0,0,0
2026-07-28T23:39:18.495,10.42.0.1,10.42.0.47,98,1,DOWNLOAD,0.9638239253936579,DOWNLOAD,0.9638239253936579,-1,14024,0.2167085392924615,39,366986.0,79529.0,32,7,0.8218895221885043,0.1781104778114957,0.004028327896157787,0,0,0,0,0,0,0,0,0.0225,0.0,0.0,0.0,0.15,skip,training_upload_trigger_not_confirmed,1785296358.4956808,1785296358495680837,1385026712378985,42.0,53.3671875,-1.0,0,0
2026-07-28T23:39:18.497,10.42.0.47,10.42.0.47,98,1,DOWNLOAD,0.9842257140988042,DOWNLOAD,0.9842257140988042,-1,2896,4.576945211580516,29,17376.0,79529.0,3,26,0.1793096331458645,0.8206903668541355,0.00844191276518852,0,0,0,0,0,0,0,0,0.057499999999999996,0.1,0.0,0.0,0.15,skip,training_upload_trigger_not_confirmed,1785296358.497474,1785296358497474149,1385026714172470,42.0,53.3671875,-1.0,0,0
2026-07-28T23:39:18.499,10.42.0.47,10.42.0.47,98,1,DOWNLOAD,0.9842586901286671,DOWNLOAD,0.9842586901286671,-1,8688,3.0512968077788787,30,26064.0,79529.0,4,26,0.24683454395651228,0.7531654560434877,0.007624965609548635,0,0,0,0,0,0,0,0,0.057499999999999996,0.1,0.0,0.0,0.15,skip,training_upload_trigger_not_confirmed,1785296358.4997163,1785296358499716426,1385026716414770,42.0,53.3671875,-1.0,0,0
2026-07-28T23:39:18.500,10.42.0.47,10.42.0.47,98,1,DOWNLOAD,0.9842595481342594,DOWNLOAD,0.9842595481342594,-1,8688,2.28847260585611,31,34752.0,79529.0,5,26,0.30409254381743245,0.6959074561825676,0.006708724280004347,0,0,0,0,0,0,0,0,0.057499999999999996,0.1,0.0,0.0,0.15,skip,training_upload_trigger_not_confirmed,1785296358.5003881,1785296358500388161,1385026717086364,42.0,53.3671875,-1.0,0,0
2026-07-28T23:39:18.501,10.42.0.59,10.42.0.47,40,2,TRAINING,0.95,TRAINING,0.95,-1,26280,1.8024513337814986e-11,3,55480.0,0.0,3,0,1.0,0.0,0.31861687790621523,0,0,0,0,0,0,0,0,0.0225,0.0,0.0,0.0,0.15,skip,training_upload_trigger_not_confirmed,1785296358.5016239,1785296358501623695,1385026718323449,42.0,53.3671875,-1.0,0,0
2026-07-28T23:39:18.502,10.42.0.59,10.42.0.47,40,2,TRAINING,0.95,TRAINING,0.95,-1,9104,1.5483711135645304e-11,4,64584.0,0.0,4,0,1.0,0.0,0.27675038032866967,0,0,0,0,0,0,0,0,0.0225,0.0,0.0,0.0,0.15,skip,training_upload_trigger_not_confirmed,1785296358.5025275,1785296358502527486,1385026719226967,42.0,53.3671875,-1.0,0,0
2026-07-28T23:39:18.503,10.42.0.18,10.42.0.47,69,1,DOWNLOAD,0.95,DOWNLOAD,0.95,-1,10220,9.784735811175661e-11,1,10220.0,0.0,1,0,1.0,0.0,0.19267552688730122,0,0,0,0,0,0,0,0,0.0225,0.0,0.0,0.0,0.15,skip,training_upload_trigger_not_confirmed,1785296358.503875,1785296358503875072,1385026720574172,42.0,53.3671875,-1.0,0,0
2026-07-28T23:39:18.504,10.42.0.18,10.42.0.47,69,1,DOWNLOAD,0.95,DOWNLOAD,0.95,-1,4380,6.84931506802402e-11,2,14600.0,0.0,2,0,1.0,0.0,0.16739508168440062,0,0,0,0,0,0,0,0,0.0225,0.0,0.0,0.0,0.15,skip,training_upload_trigger_not_confirmed,1785296358.5047042,1785296358504704317,1385026721402837,42.0,53.3671875,-1.0,0,0
2026-07-28T23:39:18.505,10.42.0.18,10.42.0.47,69,1,DOWNLOAD,0.95,DOWNLOAD,0.95,-1,14600,3.424657534129292e-11,3,29200.0,0.0,3,0,1.0,0.0,0.14543040206542868,0,0,0,0,0,0,0,0,0.0225,0.0,0.0,0.0,0.15,skip,training_upload_trigger_not_confirmed,1785296358.5054154,1785296358505415406,1385026722113634,42.0,53.3671875,-1.0,0,0
2026-07-28T23:39:18.506,10.42.0.145,10.42.0.47,42,1,DOWNLOAD,0.95,DOWNLOAD,0.95,-1,29200,2.2831050227789245e-11,3,43800.0,0.0,3,0,1.0,0.0,0.19173519140046466,0,0,0,0,0,0,0,0,0.0225,0.0,0.0,0.0,0.15,skip,already_attacked_this_round,1785296358.5063598,1785296358506359784,1385026723057795,42.0,53.3671875,-1.0,0,0
2026-07-28T23:39:18.506,10.42.0.145,10.42.0.47,42,1,DOWNLOAD,0.95,DOWNLOAD,0.95,-1,6184,2.0006402048255314e-11,4,49984.0,0.0,4,0,1.0,0.0,0.16655223630478988,0,0,0,0,0,0,0,0,0.0225,0.0,0.0,0.0,0.15,skip,already_attacked_this_round,1785296358.5069885,1785296358506988529,1385026723686517,42.0,53.3671875,-1.0,0,0
2026-07-28T23:39:18.507,10.42.0.47,10.42.0.47,98,1,DOWNLOAD,0.9842595696464124,DOWNLOAD,0.9842595696464124,-1,4344,2.034197871878601,32,39096.0,79529.0,6,26,0.3295763962065332,0.6704236037934668,0.0067819449489455565,0,0,0,0,0,0,0,0,0.057499999999999996,0.1,0.0,0.0,0.15,skip,training_upload_trigger_not_confirmed,1785296358.5076525,1785296358507652532,1385026724351335,42.0,53.3671875,-1.0,0,0
2026-07-28T23:39:18.508,10.42.0.210,10.42.0.47,97,1,DOWNLOAD,0.9557926560077417,DOWNLOAD,0.9557926560077417,-1,1448,6.278252134211561e-11,3,15928.0,0.0,3,0,1.0,0.0,0.01777524127626956,0,0,0,0,0,0,0,0,0.0225,0.0,0.0,0.0,0.15,skip,training_upload_trigger_not_confirmed,1785296358.5089211,1785296358508921110,1385026725619276,42.0,53.3671875,-1.0,0,0
2026-07-28T23:39:18.513,10.42.0.47,10.42.0.47,98,1,DOWNLOAD,0.9842595701605352,DOWNLOAD,0.9842595701605352,-1,2896,1.8939083634765213,33,41992.0,79529.0,7,26,0.34555344343775973,0.6544465565622403,0.006606744142895265,0,0,0,0,0,0,0,0,0.057499999999999996,0.1,0.0,0.0,0.15,skip,training_upload_trigger_not_confirmed,1785296358.513105,1785296358513104936,1385026729803715,42.0,53.3671875,-1.0,0,0
2026-07-28T23:39:18.515,10.42.0.47,10.42.0.47,98,1,DOWNLOAD,0.9842595701720059,DOWNLOAD,0.9842595701720059,-1,10136,1.5256484039187068,34,52128.0,79529.0,8,26,0.39593792962014934,0.6040620703798507,0.006057387692514068,0,0,0,0,0,0,0,0,0.057499999999999996,0.1,0.0,0.0,0.15,skip,training_upload_trigger_not_confirmed,1785296358.5155427,1785296358515542727,1385026732241156,42.0,53.3671875,-1.0,0,0
2026-07-28T23:39:18.516,10.42.0.47,10.42.0.47,98,1,DOWNLOAD,0.9842595701722343,DOWNLOAD,0.9842595701722343,-1,10136,1.277287035842906,35,62264.0,79529.0,9,26,0.4391189974117199,0.5608810025882801,0.005353651014294476,0,0,0,0,0,0,0,0,0.057499999999999996,0.1,0.0,0.0,0.15,skip,training_upload_trigger_not_confirmed,1785296358.5162597,1785296358516259637,1385026732957864,42.0,53.3671875,-1.0,0,0
2026-07-28T23:39:18.517,10.42.0.18,10.42.0.47,69,1,DOWNLOAD,0.95,DOWNLOAD,0.95,-1,14600,2.2831050227789245e-11,4,43800.0,0.0,4,0,1.0,0.0,0.1278854565849928,0,0,0,0,0,0,0,0,0.0225,0.0,0.0,0.0,0.15,skip,training_upload_trigger_not_confirmed,1785296358.517702,1785296358517702161,1385026734400533,42.0,53.3671875,-1.0,0,0
2026-07-28T23:39:18.519,10.42.0.47,10.42.0.47,98,1,DOWNLOAD,0.9842595701722379,DOWNLOAD,0.9842595701722379,-1,5792,1.1685817561982987,36,68056.0,79529.0,10,26,0.46113087373378053,0.5388691262662194,0.005131440197939802,0,0,0,0,0,0,0,0,0.039999999999999994,0.05,0.0,0.0,0.15,skip,training_upload_trigger_not_confirmed,1785296358.519927,1785296358519926919,1385026736625703,42.0,53.3671875,-1.0,0,0
2026-07-28T23:39:18.522,10.42.0.47,10.42.0.47,98,1,DOWNLOAD,0.9842595701722379,DOWNLOAD,0.9842595701722379,-1,2896,1.1208845416602649,37,70952.0,79529.0,11,26,0.4715013855569806,0.5284986144430194,0.004810264933936292,0,0,0,0,0,0,0,0,0.039999999999999994,0.05,0.0,0.0,0.15,skip,training_upload_trigger_not_confirmed,1785296358.5226212,1785296358522621226,1385026739319556,42.0,53.3671875,-1.0,0,0
2026-07-28T23:39:18.523,10.42.0.47,10.42.0.47,98,1,DOWNLOAD,0.9842595701722379,DOWNLOAD,0.9842595701722379,-1,2896,1.0769282851251634,38,73848.0,79529.0,12,26,0.4814802740958553,0.5185197259041446,0.004270301680072202,0,0,0,0,0,0,0,0,0.039999999999999994,0.05,0.0,0.0,0.15,skip,training_upload_trigger_not_confirmed,1785296358.5233338,1785296358523333873,1385026740032135,42.0,53.3671875,-1.0,0,0
2026-07-28T23:39:18.524,10.42.0.47,10.42.0.47,98,1,DOWNLOAD,0.9842595701722379,DOWNLOAD,0.9842595701722379,-1,2896,1.0362894819134227,39,76744.0,79529.0,13,26,0.49108931165332464,0.5089106883466754,0.0037969990972806073,0,0,0,0,0,0,0,0,0.039999999999999994,0.05,0.0,0.0,0.15,skip,training_upload_trigger_not_confirmed,1785296358.5240123,1785296358524012182,1385026740710350,42.0,53.3671875,-1.0,0,0
2026-07-28T23:39:18.524,10.42.0.47,10.42.0.47,98,1,DOWNLOAD,0.9842595701722379,DOWNLOAD,0.9842595701722379,-1,2453,1.004192077982699,40,79197.0,79529.0,14,26,0.4989541725993221,0.5010458274006779,0.003384117827052331,0,0,0,0,0,0,0,0,0.039999999999999994,0.05,0.0,0.0,0.15,skip,training_upload_trigger_not_confirmed,1785296358.524676,1785296358524676024,1385026741374145,42.0,53.3671875,-1.0,0,0
2026-07-28T23:39:18.525,10.42.0.18,10.42.0.47,69,1,DOWNLOAD,0.95,DOWNLOAD,0.95,-1,20784,1.5483711135645304e-11,5,64584.0,0.0,5,0,1.0,0.0,0.11207914935324391,0,0,0,0,0,0,0,0,0.0225,0.0,0.0,0.0,0.15,skip,training_upload_trigger_not_confirmed,1785296358.5256379,1785296358525637761,1385026742335923,42.0,53.3671875,-1.0,0,0
2026-07-28T23:39:18.533,10.42.0.210,10.42.0.47,97,1,DOWNLOAD,0.9846998846180315,DOWNLOAD,0.9846998846180315,-1,10136,3.8367096376674066e-11,4,26064.0,0.0,4,0,1.0,0.0,0.018610042544830948,0,0,0,0,0,0,0,0,0.0225,0.0,0.0,0.0,0.15,skip,training_upload_trigger_not_confirmed,1785296358.5330315,1785296358533031345,1385026749730003,42.0,53.3671875,-1.0,0,0
2026-07-28T23:39:18.534,10.42.0.210,10.42.0.47,97,1,DOWNLOAD,0.9854895428954357,DOWNLOAD,0.9854895428954357,-1,14480,2.4664561956771294e-11,5,40544.0,0.0,5,0,1.0,0.0,0.016345245022102887,0,0,0,0,0,0,0,0,0.0225,0.0,0.0,0.0,0.15,skip,training_upload_trigger_not_confirmed,1785296358.5344546,1785296358534454534,1385026751152767,42.0,53.3671875,-1.0,0,0
2026-07-28T23:39:18.535,10.42.0.210,10.42.0.47,97,1,DOWNLOAD,0.9855083405864443,DOWNLOAD,0.9855083405864443,-1,5792,2.158149171224142e-11,6,46336.0,0.0,6,0,1.0,0.0,0.014322087183092504,0,0,0,0,0,0,0,0,0.0225,0.0,0.0,0.0,0.15,skip,training_upload_trigger_not_confirmed,1785296358.5354466,1785296358535446550,1385026752144829,42.0,53.3671875,-1.0,0,0
2026-07-28T23:39:18.536,10.42.0.210,10.42.0.47,97,1,DOWNLOAD,0.9855087208476458,DOWNLOAD,0.9855087208476458,-1,20272,1.5013211626005687e-11,7,66608.0,0.0,7,0,1.0,0.0,0.012561916883205964,0,0,0,0,0,0,0,0,0.0225,0.0,0.0,0.0,0.15,skip,training_upload_trigger_not_confirmed,1785296358.5364113,1785296358536411470,1385026753109869,42.0,53.3671875,-1.0,0,0
2026-07-28T23:39:18.537,10.42.0.210,10.42.0.47,97,1,DOWNLOAD,0.9855087261970161,DOWNLOAD,0.9855087261970161,-1,12576,1.2628813901638856e-11,8,79184.0,0.0,8,0,1.0,0.0,0.011033503584672985,0,0,0,0,0,0,0,0,0.0225,0.0,0.0,0.0,0.15,skip,training_upload_trigger_not_confirmed,1785296358.5373745,1785296358537374464,1385026754072799,42.0,53.3671875,-1.0,0,0
2026-07-28T23:39:18.623,10.42.0.59,10.42.0.47,40,2,TRAINING,0.9402633434697611,TRAINING,0.9402633434697611,0,43,1.5483711135645304e-11,4,64584.0,0.0,4,0,1.0,0.0,0.30630542649052117,0,0,0,0,0,0,0,0,0.0225,0.0,0.0,0.0,0.15,skip,training_upload_trigger_not_confirmed,1785296358.6232796,1785296358623279565,1385026839978034,42.0,53.3671875,-1.0,0,0
2026-07-28T23:39:18.810,10.42.0.59,10.42.0.47,40,3,UPLOAD,0.95,UPLOAD,0.95,1,11680,0.18084974607982085,5,64584.0,11680.0,4,1,0.846847791880835,0.153152208119165,0.29064522332089116,0,0,0,0,1,0,0,0,0.85,1.0,1.0,0.4,0.8,trigger,training_upload_trigger_confirmed,1785296358.810744,1785296358810744113,1385027027443129,42.0,53.3671875,6.594266,1785296358817340028,1385027034037395
2026-07-28T23:39:18.815,10.42.0.59,10.42.0.47,40,3,UPLOAD,0.9841010226033655,UPLOAD,0.9841010226033655,1,64240,1.175523349433675,6,64584.0,75920.0,4,2,0.45965951147298295,0.540340488527017,0.2529145111691311,0,0,1,1,1,1,1,1,0.85,1.0,1.0,0.4,0.8,skip,attack_already_active,1785296358.8150613,1785296358815061302,1385027031760300,42.0,53.3671875,-1.0,0,0
2026-07-28T23:39:18.816,10.42.0.59,10.42.0.47,40,3,UPLOAD,0.9854688349332961,UPLOAD,0.9854688349332961,1,3609,1.231404062922219,7,64584.0,79529.0,4,3,0.4481483280481289,0.5518516719518711,0.2197953850540773,0,0,1,1,1,1,1,1,0.85,1.0,1.0,0.4,0.8,skip,attack_already_active,1785296358.816644,1785296358816643734,1385027033342358,42.0,53.3671875,-1.0,0,0
2026-07-28T23:39:18.818,10.42.0.1,10.42.0.47,98,2,TRAINING,0.9611686972313798,TRAINING,0.9611686972313798,1,7240,0.23643681230554722,40,366986.0,86769.0,32,8,0.8087756608742603,0.19122433912573966,0.028627429560569788,0,0,0,0,1,0,0,0,0.4525,1.0,0.0,0.4,0.15,skip,training_upload_trigger_not_confirmed,1785296358.8181484,1785296358818148384,1385027034846651,42.0,53.3671875,-1.0,0,0
2026-07-28T23:39:18.819,10.42.0.1,10.42.0.1,98,3,UPLOAD,0.95,UPLOAD,0.95,1,7240,0.2561650853186329,41,366986.0,94009.0,32,9,0.7960737101270079,0.2039262898729921,0.024996538157162608,1,0,0,0,1,0,0,0,0.85,1.0,1.0,0.4,0.8,trigger,training_upload_trigger_confirmed,1785296358.819222,1785296358819222000,1385027035920536,42.0,53.3671875,24.666346,1785296358843889632,1385027060586882
2026-07-28T23:39:18.821,10.42.0.145,10.42.0.1,42,2,TRAINING,0.95,TRAINING,0.95,1,64240,1.2852112675999277,5,49984.0,64240.0,4,1,0.43759630200308164,0.5624036979969184,0.20457292761136284,0,0,0,0,1,0,0,0,0.4525,1.0,0.0,0.4,0.15,skip,already_attacked_this_round,1785296358.8216755,1785296358821675407,1385027038374635,42.0,53.3671875,-1.0,0,0
2026-07-28T23:39:18.822,10.42.0.145,10.42.0.1,42,3,UPLOAD,0.95,UPLOAD,0.95,1,13140,1.5480953905140025,6,49984.0,77380.0,4,2,0.39244998586727803,0.6075500141327219,0.177776861767569,0,0,0,1,1,1,1,1,0.9299999999999999,1.0,1.0,0.8,0.8,skip,already_attacked_this_round,1785296358.8229005,1785296358822900604,1385027039599553,42.0,53.3671875,-1.0,0,0
2026-07-28T23:39:18.825,10.42.0.145,10.42.0.1,42,3,UPLOAD,0.9841010226033655,UPLOAD,0.9841010226033655,1,2176,1.591629321371006,7,49984.0,79556.0,4,3,0.38585765014667284,0.6141423498533272,0.15471381625521,0,0,0,1,1,1,1,1,0.9299999999999999,1.0,1.0,0.8,0.8,skip,already_attacked_this_round,1785296358.8256583,1785296358825658411,1385027042357357,42.0,53.3671875,-1.0,0,0
2026-07-28T23:39:18.827,10.42.0.1,10.42.0.1,98,3,UPLOAD,0.95,UPLOAD,0.95,1,7240,0.27589335833171863,42,366986.0,101249.0,32,10,0.7837645626661826,0.21623543733381742,0.022067798008729402,1,0,1,0,1,0,0,0,0.85,1.0,1.0,0.4,0.8,skip,attack_already_active,1785296358.827323,1785296358827322829,1385027044021606,42.0,53.3671875,-1.0,0,0
2026-07-28T23:39:18.828,10.42.0.1,10.42.0.1,98,3,UPLOAD,0.9611958060764794,UPLOAD,0.9611958060764794,1,5792,0.2916759767421872,43,366986.0,107041.0,32,11,0.7741879681959044,0.22581203180409554,0.01934160719741411,1,0,1,0,1,0,0,0,0.85,1.0,1.0,0.4,0.8,skip,attack_already_active,1785296358.8287024,1785296358828702442,1385027045401470,42.0,53.3671875,-1.0,0,0
2026-07-28T23:39:18.831,10.42.0.1,10.42.0.1,98,3,UPLOAD,0.9644960232895315,UPLOAD,0.9644960232895315,1,14480,0.33113252276835864,44,366986.0,121521.0,32,12,0.7512400027021107,0.24875999729788928,0.01714497289988235,1,0,1,1,1,1,1,1,0.85,1.0,1.0,0.4,0.8,skip,attack_already_active,1785296358.8313744,1785296358831374360,1385027048072883,42.0,53.3671875,-1.0,0,0
2026-07-28T23:39:18.832,10.42.0.1,10.42.0.1,98,3,UPLOAD,0.9599790945820647,UPLOAD,0.9599790945820647,1,14480,0.3705890687945301,45,366986.0,136001.0,32,13,0.7296132902043194,0.2703867097956806,0.015036632785278317,1,0,1,1,1,1,1,1,0.85,1.0,1.0,0.4,0.8,skip,attack_already_active,1785296358.8325198,1785296358832519554,1385027049217984,42.0,53.3671875,-1.0,0,0
2026-07-28T23:39:18.833,10.42.0.1,10.42.0.1,98,3,UPLOAD,0.9569065048423259,UPLOAD,0.9569065048423259,1,2896,0.37848037799976436,46,366986.0,138897.0,32,14,0.7254365139765518,0.2745634860234481,0.013198954883492648,1,0,1,1,1,1,1,1,0.85,1.0,1.0,0.4,0.8,skip,attack_already_active,1785296358.8336108,1785296358833610643,1385027050309395,42.0,53.3671875,-1.0,0,0
2026-07-28T23:39:18.835,10.42.0.1,10.42.0.1,98,3,UPLOAD,0.95,UPLOAD,0.95,1,11584,0.4100456148207015,47,366986.0,150481.0,32,15,0.7091969149723557,0.2908030850276443,0.011720560382460273,1,0,1,1,1,1,1,1,0.85,1.0,1.0,0.4,0.8,skip,attack_already_active,1785296358.8355906,1785296358835590548,1385027052288934,42.0,53.3671875,-1.0,0,0
2026-07-28T23:39:18.836,10.42.0.1,10.42.0.1,98,3,UPLOAD,0.95,UPLOAD,0.95,1,2896,0.4179369240259358,48,366986.0,153377.0,32,16,0.7052499889500214,0.29475001104997856,0.0103167772468193,1,0,1,1,1,1,1,1,0.85,1.0,1.0,0.4,0.8,skip,attack_already_active,1785296358.8366582,1785296358836658254,1385027053356514,42.0,53.3671875,-1.0,0,0
2026-07-28T23:39:18.837,10.42.0.1,10.42.0.1,98,3,UPLOAD,0.95,UPLOAD,0.95,1,11584,0.4495021608468729,49,366986.0,164961.0,32,17,0.6898920381165793,0.3101079618834207,0.009097379956019783,1,0,1,1,1,1,1,1,0.85,1.0,1.0,0.4,0.8,skip,attack_already_active,1785296358.8377213,1785296358837721263,1385027054420178,42.0,53.3671875,-1.0,0,0
2026-07-28T23:39:18.839,10.42.0.1,10.42.0.1,98,3,UPLOAD,0.95,UPLOAD,0.95,1,14480,0.4889587068730443,50,366986.0,179441.0,32,18,0.6716102974413782,0.3283897025586217,0.0081061842634367,1,0,1,1,1,1,1,1,0.9299999999999999,1.0,1.0,0.8,0.8,skip,attack_already_active,1785296358.8392968,1785296358839296802,1385027055995473,42.0,53.3671875,-1.0,0,0
2026-07-28T23:39:18.840,10.42.0.1,10.42.0.1,98,3,UPLOAD,0.95,UPLOAD,0.95,1,14480,0.5284152528992158,51,366986.0,193921.0,32,19,0.6542724551485362,0.3457275448514638,0.007248116255237104,1,0,1,1,1,1,1,1,0.9299999999999999,1.0,1.0,0.8,0.8,skip,attack_already_active,1785296358.8408914,1785296358840891336,1385027057589832,42.0,53.3671875,-1.0,0,0
2026-07-28T23:39:18.842,10.42.0.1,10.42.0.1,98,3,UPLOAD,0.95,UPLOAD,0.95,1,7129,0.5478410620580954,52,366986.0,201050.0,32,20,0.6460611651374208,0.35393883486257915,0.006558602975525234,1,0,1,1,1,1,1,1,0.9699999999999999,1.0,1.0,1.0,0.8,skip,attack_already_active,1785296358.842907,1785296358842907004,1385027059605307,42.0,53.3671875,-1.0,0,0
2026-07-28T23:39:18.843,10.42.0.1,10.42.0.1,98,3,UPLOAD,0.95,UPLOAD,0.95,1,5792,0.5636236804685638,53,366986.0,206842.0,32,21,0.6395400712408597,0.36045992875914035,0.005836290734351639,1,0,1,1,1,1,1,1,0.9699999999999999,1.0,1.0,1.0,0.8,skip,attack_already_active,1785296358.8439841,1785296358843984038,1385027060682494,42.0,53.3671875,-1.0,0,0
2026-07-28T23:39:18.845,10.42.0.1,10.42.0.1,98,3,UPLOAD,0.95,UPLOAD,0.95,1,14480,0.6030802264947352,54,366986.0,221322.0,32,22,0.6237990984314339,0.3762009015685661,0.005271555923535311,1,0,1,1,1,1,1,1,0.9699999999999999,1.0,1.0,1.0,0.8,skip,attack_already_active,1785296358.8455348,1785296358845534789,1385027062233328,42.0,53.3671875,-1.0,0,0
2026-07-28T23:39:18.847,10.42.0.1,10.42.0.1,98,3,UPLOAD,0.95,UPLOAD,0.95,1,2799,0.6107072204399876,55,366986.0,224121.0,32,23,0.620845295352618,0.37915470464738193,0.00478139582982821,1,0,1,1,1,1,1,1,0.9699999999999999,1.0,1.0,1.0,0.8,skip,attack_already_active,1785296358.8470867,1785296358847086566,1385027063785195,42.0,53.3671875,-1.0,0,0
2026-07-28T23:39:18.942,10.42.0.18,10.42.0.1,69,2,TRAINING,0.95,TRAINING,0.95,1,23360,0.36169949214415803,6,64584.0,23360.0,5,1,0.7343764213590467,0.2656235786409533,0.19037380623389077,0,0,0,0,1,1,0,0,0.5725,1.0,0.0,1.0,0.15,skip,training_upload_trigger_not_confirmed,1785296358.942366,1785296358942365864,1385027159064742,42.0,53.3671875,-1.0,0,0
2026-07-28T23:39:18.945,10.42.0.18,10.42.0.1,69,3,UPLOAD,0.95,UPLOAD,0.95,1,56195,1.2318066394117457,7,64584.0,79555.0,5,2,0.448067490408564,0.551932509591436,0.16564772614293782,0,0,0,1,1,1,1,1,0.9699999999999999,1.0,1.0,1.0,0.8,trigger,training_upload_trigger_confirmed,1785296358.9451003,1785296358945100243,1385027161799506,42.0,53.3671875,8.979752,1785296358954081962,1385027170779258
2026-07-28T23:39:18.949,10.42.0.1,10.42.0.1,98,3,UPLOAD,0.95,UPLOAD,0.95,1,2896,0.6185985296452219,56,366986.0,227017.0,32,24,0.6178184285264553,0.38218157147354476,0.0048325551880433705,1,0,1,1,1,1,1,1,0.9699999999999999,1.0,1.0,1.0,0.8,skip,attack_already_active,1785296358.9490547,1785296358949054698,1385027165753532,42.0,53.3671875,-1.0,0,0
2026-07-28T23:39:18.951,10.42.0.1,10.42.0.1,98,3,UPLOAD,0.95,UPLOAD,0.95,1,11584,0.650163766466159,57,366986.0,238601.0,32,25,0.6060004590587315,0.39399954094126854,0.004464304428056269,1,0,1,1,1,1,1,1,0.9699999999999999,1.0,1.0,1.0,0.8,skip,attack_already_active,1785296358.9510927,1785296358951092691,1385027167791380,42.0,53.3671875,-1.0,0,0
2026-07-28T23:39:18.952,10.42.0.1,10.42.0.1,98,3,UPLOAD,0.95,UPLOAD,0.95,1,2896,0.6580550756713933,58,366986.0,241497.0,32,26,0.6031162744070089,0.3968837255929911,0.004015045439668245,1,0,1,1,1,1,1,1,0.9699999999999999,1.0,1.0,1.0,0.8,skip,attack_already_active,1785296358.9521477,1785296358952147768,1385027168846287,42.0,53.3671875,-1.0,0,0
2026-07-28T23:39:18.953,10.42.0.1,10.42.0.1,98,3,UPLOAD,0.95,UPLOAD,0.95,1,11584,0.6896203124923305,59,366986.0,253081.0,32,27,0.591848945355905,0.4081510546440949,0.00362539574308403,1,0,1,1,1,1,1,1,0.9699999999999999,1.0,1.0,1.0,0.8,skip,attack_already_active,1785296358.9532058,1785296358953205695,1385027169904265,42.0,53.3671875,-1.0,0,0
2026-07-28T23:39:18.954,10.42.0.1,10.42.0.1,98,3,UPLOAD,0.95,UPLOAD,0.95,1,5792,0.705402930902799,60,366986.0,258873.0,32,28,0.5863716907482356,0.41362830925176436,0.0033563360577493167,1,0,1,1,1,1,1,1,0.9699999999999999,1.0,1.0,1.0,0.8,skip,attack_already_active,1785296358.9547894,1785296358954789385,1385027171487862,42.0,53.3671875,-1.0,0,0
2026-07-28T23:39:18.957,10.42.0.1,10.42.0.1,98,3,UPLOAD,0.95,UPLOAD,0.95,1,14480,0.7448594769289705,61,366986.0,273353.0,32,29,0.5731120547085216,0.42688794529147844,0.003266749305222884,1,0,1,1,1,1,1,1,0.9699999999999999,1.0,1.0,1.0,0.8,skip,attack_already_active,1785296358.957466,1785296358957465733,1385027174164901,42.0,53.3671875,-1.0,0,0
2026-07-28T23:39:18.958,10.42.0.1,10.42.0.1,98,3,UPLOAD,0.95,UPLOAD,0.95,1,8688,0.7685334045446732,62,366986.0,282041.0,32,30,0.5654402667377474,0.43455973326225256,0.0030070919983795925,1,0,1,1,1,1,1,1,0.9699999999999999,1.0,1.0,1.0,0.8,skip,attack_already_active,1785296358.9587622,1785296358958762164,1385027175461588,42.0,53.3671875,-1.0,0,0
2026-07-28T23:39:18.959,10.42.0.1,10.42.0.1,98,3,UPLOAD,0.95,UPLOAD,0.95,1,5792,0.7843160229551418,63,366986.0,287833.0,32,31,0.5604388388241637,0.4395611611758364,0.002761355202092201,1,0,1,1,1,1,1,1,0.9699999999999999,1.0,1.0,1.0,0.8,skip,attack_already_active,1785296358.9599044,1785296358959904581,1385027176603151,42.0,53.3671875,-1.0,0,0
2026-07-28T23:39:18.961,10.42.0.1,10.42.0.1,98,3,UPLOAD,0.95,UPLOAD,0.95,1,2798,0.7919402920008067,64,366986.0,290631.0,32,32,0.5580543082067526,0.44194569179324744,0.0025851985398236163,1,0,1,1,1,1,1,1,0.9699999999999999,1.0,1.0,1.0,0.8,skip,attack_already_active,1785296358.961329,1785296358961328908,1385027178027297,42.0,53.3671875,-1.0,0,0
2026-07-28T23:39:19.873,10.42.0.47,10.42.0.1|10.42.0.47,98,3,UPLOAD,0.95,UPLOAD,0.95,1,5792,100.0,1,0.0,5792.0,0,1,0.0,1.0,0.2481196384693911,1,0,0,1,1,1,1,1,0.9699999999999999,1.0,1.0,1.0,0.8,trigger,training_upload_trigger_confirmed,1785296359.8739083,1785296359873908321,1385028090607163,7.4,53.3671875,11.135576,1785296359885045463,1385028101742739
2026-07-28T23:39:19.876,10.42.0.47,10.42.0.1|10.42.0.47,98,3,UPLOAD,0.95,UPLOAD,0.95,1,1448,100.0,2,0.0,7240.0,0,2,0.0,1.0,0.2157909810218995,1,0,1,1,1,1,1,1,0.9699999999999999,1.0,1.0,1.0,0.8,skip,attack_already_active,1785296359.8766947,1785296359876694662,1385028093393371,7.4,53.3671875,-1.0,0,0
2026-07-28T23:39:19.877,10.42.0.47,10.42.0.1|10.42.0.47,98,3,UPLOAD,0.95,UPLOAD,0.95,1,4344,100.0,3,0.0,11584.0,0,3,0.0,1.0,0.1874864699492741,1,0,1,1,1,1,1,1,0.9699999999999999,1.0,1.0,1.0,0.8,skip,attack_already_active,1785296359.8776906,1785296359877690540,1385028094389008,7.4,53.3671875,-1.0,0,0
2026-07-28T23:39:19.879,10.42.0.47,10.42.0.1|10.42.0.47,98,3,UPLOAD,0.95,UPLOAD,0.95,1,2896,100.0,4,0.0,14480.0,0,4,0.0,1.0,0.16302056952635216,1,0,1,1,1,1,1,1,0.9699999999999999,1.0,1.0,1.0,0.8,skip,attack_already_active,1785296359.879512,1785296359879511991,1385028096210808,7.4,53.3671875,-1.0,0,0
2026-07-28T23:39:19.881,10.42.0.47,10.42.0.1|10.42.0.47,98,3,UPLOAD,0.95,UPLOAD,0.95,1,5792,100.0,5,0.0,20272.0,0,5,0.0,1.0,0.14182282311421449,1,0,1,1,1,1,1,1,0.9699999999999999,1.0,1.0,1.0,0.8,skip,attack_already_active,1785296359.8816688,1785296359881668944,1385028098367712,7.4,53.3671875,-1.0,0,0
2026-07-28T23:39:19.883,10.42.0.47,10.42.0.1|10.42.0.47,98,3,UPLOAD,0.95,UPLOAD,0.95,1,4344,100.0,6,0.0,24616.0,0,6,0.0,1.0,0.12332870156503292,1,0,1,1,1,1,1,1,0.9699999999999999,1.0,1.0,1.0,0.8,skip,attack_already_active,1785296359.8831449,1785296359883144878,1385028099843400,7.4,53.3671875,-1.0,0,0
2026-07-28T23:39:19.884,10.42.0.47,10.42.0.1|10.42.0.47,98,3,UPLOAD,0.95,UPLOAD,0.95,1,1448,100.0,7,0.0,26064.0,0,7,0.0,1.0,0.10720144640477049,1,0,1,1,1,1,1,1,0.9699999999999999,1.0,1.0,1.0,0.8,skip,attack_already_active,1785296359.8840883,1785296359884088193,1385028100786883,7.4,53.3671875,-1.0,0,0
2026-07-28T23:39:19.885,10.42.0.47,10.42.0.1|10.42.0.47,98,3,UPLOAD,0.95,UPLOAD,0.95,1,2896,100.0,8,0.0,28960.0,0,8,0.0,1.0,0.09331512514598694,1,0,1,1,1,1,1,1,0.9699999999999999,1.0,1.0,1.0,0.8,skip,attack_already_active,1785296359.8859103,1785296359885910394,1385028102608849,7.4,53.3671875,-1.0,0,0
2026-07-28T23:39:19.886,10.42.0.47,10.42.0.1|10.42.0.47,98,3,UPLOAD,0.95,UPLOAD,0.95,1,2896,100.0,9,0.0,31856.0,0,9,0.0,1.0,0.08114528080336206,1,0,1,1,1,1,1,1,0.9699999999999999,1.0,1.0,1.0,0.8,skip,attack_already_active,1785296359.8868718,1785296359886871859,1385028103570188,7.4,53.3671875,-1.0,0,0
2026-07-28T23:39:19.888,10.42.0.47,10.42.0.1|10.42.0.47,98,3,UPLOAD,0.95,UPLOAD,0.95,1,5792,100.0,10,0.0,37648.0,0,10,0.0,1.0,0.07068834981777274,1,0,1,1,1,1,1,1,0.9699999999999999,1.0,1.0,1.0,0.8,skip,attack_already_active,1785296359.8886623,1785296359888662268,1385028105360680,7.4,53.3671875,-1.0,0,0
2026-07-28T23:39:19.890,10.42.0.47,10.42.0.1|10.42.0.47,98,3,UPLOAD,0.95,UPLOAD,0.95,1,5792,100.0,11,0.0,43440.0,0,11,0.0,1.0,0.061553703580544544,1,0,1,1,1,1,1,1,0.9699999999999999,1.0,1.0,1.0,0.8,skip,attack_already_active,1785296359.8900304,1785296359890030435,1385028106729147,7.4,53.3671875,-1.0,0,0
2026-07-28T23:39:19.891,10.42.0.47,10.42.0.1|10.42.0.47,98,3,UPLOAD,0.95,UPLOAD,0.95,1,5792,100.0,12,0.0,49232.0,0,12,0.0,1.0,0.05362028851774234,1,0,1,1,1,1,1,1,0.9699999999999999,1.0,1.0,1.0,0.8,skip,attack_already_active,1785296359.8913796,1785296359891379736,1385028108078096,7.4,53.3671875,-1.0,0,0
2026-07-28T23:39:19.892,10.42.0.47,10.42.0.1|10.42.0.47,98,3,UPLOAD,0.95,UPLOAD,0.95,1,5792,100.0,13,0.0,55024.0,0,13,0.0,1.0,0.04673656778801125,1,0,1,1,1,1,1,1,0.9699999999999999,1.0,1.0,1.0,0.8,skip,attack_already_active,1785296359.8927612,1785296359892761355,1385028109459779,7.4,53.3671875,-1.0,0,0
2026-07-28T23:39:19.894,10.42.0.47,10.42.0.1|10.42.0.47,98,3,UPLOAD,0.95,UPLOAD,0.95,1,5792,100.0,14,0.0,60816.0,0,14,0.0,1.0,0.04075626985537413,1,0,1,1,1,1,1,1,0.9699999999999999,1.0,1.0,1.0,0.8,skip,attack_already_active,1785296359.894115,1785296359894115160,1385028110813541,7.4,53.3671875,-1.0,0,0
2026-07-28T23:39:19.895,10.42.0.47,10.42.0.1|10.42.0.47,98,3,UPLOAD,0.95,UPLOAD,0.95,1,2896,100.0,15,0.0,63712.0,0,15,0.0,1.0,0.03556747842897884,1,0,1,1,1,1,1,1,0.9699999999999999,1.0,1.0,1.0,0.8,skip,attack_already_active,1785296359.895495,1785296359895494842,1385028112193389,7.4,53.3671875,-1.0,0,0
2026-07-28T23:39:19.896,10.42.0.47,10.42.0.1|10.42.0.47,98,3,UPLOAD,0.95,UPLOAD,0.95,1,2896,100.0,16,0.0,66608.0,0,16,0.0,1.0,0.031011101071495264,1,0,1,1,1,1,1,1,0.9699999999999999,1.0,1.0,1.0,0.8,skip,attack_already_active,1785296359.8964853,1785296359896485337,1385028113183995,7.4,53.3671875,-1.0,0,0
2026-07-28T23:39:19.898,10.42.0.47,10.42.0.1|10.42.0.47,98,3,UPLOAD,0.95,UPLOAD,0.95,1,5792,100.0,17,0.0,72400.0,0,17,0.0,1.0,0.027168272271168158,1,0,1,1,1,1,1,1,0.9699999999999999,1.0,1.0,1.0,0.8,skip,attack_already_active,1785296359.8983343,1785296359898334173,1385028115032973,7.4,53.3671875,-1.0,0,0
2026-07-28T23:39:19.899,10.42.0.47,10.42.0.1|10.42.0.47,98,3,UPLOAD,0.95,UPLOAD,0.95,1,4344,100.0,18,0.0,76744.0,0,18,0.0,1.0,0.02371514566794549,1,0,1,1,1,1,1,1,0.9699999999999999,1.0,1.0,1.0,0.8,skip,attack_already_active,1785296359.8992977,1785296359899297693,1385028115996055,7.4,53.3671875,-1.0,0,0
2026-07-28T23:39:19.901,10.42.0.47,10.42.0.1|10.42.0.47,98,3,UPLOAD,0.95,UPLOAD,0.95,1,1448,100.0,19,0.0,78192.0,0,19,0.0,1.0,0.02084024093391233,1,0,1,1,1,1,1,1,0.9699999999999999,1.0,1.0,1.0,0.8,skip,attack_already_active,1785296359.901196,1785296359901196082,1385028117895549,7.4,53.3671875,-1.0,0,0
2026-07-28T23:39:19.902,10.42.0.47,10.42.0.1|10.42.0.47,98,3,UPLOAD,0.95,UPLOAD,0.95,1,1363,100.0,20,0.0,79555.0,0,20,0.0,1.0,0.018228841669030243,1,0,1,1,1,1,1,1,0.9699999999999999,1.0,1.0,1.0,0.8,skip,attack_already_active,1785296359.902219,1785296359902219018,1385028118917737,7.4,53.3671875,-1.0,0,0
2026-07-28T23:39:19.903,10.42.0.1,10.42.0.1|10.42.0.47,98,3,UPLOAD,0.95,UPLOAD,0.95,1,7240,100.0,10,0.0,73750.0,0,10,0.0,1.0,0.005966470169443216,1,0,1,1,1,1,1,1,0.9699999999999999,1.0,1.0,1.0,0.8,skip,attack_already_active,1785296359.9036996,1785296359903699605,1385028120398508,7.4,53.3671875,-1.0,0,0
2026-07-28T23:39:19.904,10.42.0.1,10.42.0.1|10.42.0.47,98,3,UPLOAD,0.9689707495770846,UPLOAD,0.9689707495770846,1,5792,100.0,11,0.0,79542.0,0,11,0.0,1.0,0.005310404358638953,1,0,1,1,1,1,1,1,0.9699999999999999,1.0,1.0,1.0,0.8,skip,attack_already_active,1785296359.9046874,1785296359904687266,1385028121385797,7.4,53.3671875,-1.0,0,0
2026-07-28T23:39:19.915,10.42.0.1,10.42.0.1|10.42.0.47,98,3,UPLOAD,0.9824925897333875,UPLOAD,0.9824925897333875,1,1448,100.0,12,0.0,80990.0,0,12,0.0,1.0,0.006100759798003738,1,0,1,1,1,1,1,1,0.9699999999999999,1.0,1.0,1.0,0.8,skip,attack_already_active,1785296359.9159956,1785296359915995602,1385028132694220,7.4,53.3671875,-1.0,0,0
2026-07-28T23:39:19.961,10.42.0.1,10.42.0.1|10.42.0.47,98,3,UPLOAD,0.981073071479955,UPLOAD,0.981073071479955,1,14480,100.0,4,0.0,28960.0,0,4,0.0,1.0,0.011321294602584624,1,0,1,1,1,1,1,1,0.9699999999999999,1.0,1.0,1.0,0.8,skip,attack_already_active,1785296359.9617136,1785296359961713596,1385028178412653,7.4,53.3671875,-1.0,0,0
2026-07-28T23:39:19.962,10.42.0.1,10.42.0.1|10.42.0.47,98,3,UPLOAD,0.981221971325573,UPLOAD,0.981221971325573,1,14480,100.0,5,0.0,43440.0,0,5,0.0,1.0,0.009971349784774621,1,0,1,1,1,1,1,1,0.9699999999999999,1.0,1.0,1.0,0.8,skip,attack_already_active,1785296359.9627905,1785296359962790431,1385028179488740,7.4,53.3671875,-1.0,0,0
2026-07-28T23:39:19.964,10.42.0.1,10.42.0.1|10.42.0.47,98,3,UPLOAD,0.9815109440394457,UPLOAD,0.9815109440394457,1,8688,100.0,6,0.0,52128.0,0,6,0.0,1.0,0.008844817159077251,1,0,1,1,1,1,1,1,0.9699999999999999,1.0,1.0,1.0,0.8,skip,attack_already_active,1785296359.964213,1785296359964213010,1385028180911550,7.4,53.3671875,-1.0,0,0
2026-07-28T23:39:19.965,10.42.0.1,10.42.0.1|10.42.0.47,98,3,UPLOAD,0.9817282419862945,UPLOAD,0.9817282419862945,1,11584,100.0,7,0.0,63712.0,0,7,0.0,1.0,0.00786717261644557,1,0,1,1,1,1,1,1,0.9699999999999999,1.0,1.0,1.0,0.8,skip,attack_already_active,1785296359.9656386,1785296359965638708,1385028182337061,7.4,53.3671875,-1.0,0,0
2026-07-28T23:39:19.967,10.42.0.1,10.42.0.1|10.42.0.47,98,3,UPLOAD,0.9819879374222464,UPLOAD,0.9819879374222464,1,11584,100.0,8,0.0,75296.0,0,8,0.0,1.0,0.007015906100516659,1,0,1,1,1,1,1,1,0.9699999999999999,1.0,1.0,1.0,0.8,skip,attack_already_active,1785296359.9670458,1785296359967045967,1385028183744458,7.4,53.3671875,-1.0,0,0
2026-07-28T23:39:19.968,10.42.0.1,10.42.0.1|10.42.0.47,98,3,UPLOAD,0.9822172814310521,UPLOAD,0.9822172814310521,1,4246,100.0,9,0.0,79542.0,0,9,0.0,1.0,0.006278951166270426,1,0,1,1,1,1,1,1,0.9699999999999999,1.0,1.0,1.0,0.8,skip,attack_already_active,1785296359.9684691,1785296359968469266,1385028185167814,7.4,53.3671875,-1.0,0,0
2026-07-28T23:39:20.636,10.42.0.210,10.42.0.1|10.42.0.47,97,3,UPLOAD,0.95,UPLOAD,0.95,1,1448,100.0,1,0.0,1448.0,0,1,0.0,1.0,0.3121297289122502,0,0,0,1,1,1,1,1,0.9525,0.95,1.0,1.0,0.8,trigger,training_upload_trigger_confirmed,1785296360.6366735,1785296360636673550,1385028853372531,31.9,53.3671875,7.399938,1785296360644075197,1385028860772469
2026-07-28T23:39:20.639,10.42.0.210,10.42.0.1|10.42.0.47,97,3,UPLOAD,0.9841010226033655,UPLOAD,0.9841010226033655,1,1448,100.0,2,0.0,2896.0,0,2,0.0,1.0,0.271307582196403,0,0,1,1,1,1,1,1,0.9699999999999999,1.0,1.0,1.0,0.8,skip,attack_already_active,1785296360.6390152,1785296360639015116,1385028855714190,31.9,53.3671875,-1.0,0,0
2026-07-28T23:39:20.640,10.42.0.210,10.42.0.1|10.42.0.47,97,3,UPLOAD,0.9854688349332961,UPLOAD,0.9854688349332961,1,1448,100.0,3,0.0,4344.0,0,3,0.0,1.0,0.23576142008178919,0,0,1,1,1,1,1,1,0.9699999999999999,1.0,1.0,1.0,0.8,skip,attack_already_active,1785296360.6405728,1785296360640572780,1385028857271244,31.9,53.3671875,-1.0,0,0
2026-07-28T23:39:20.641,10.42.0.210,10.42.0.1|10.42.0.47,97,3,UPLOAD,0.9855076450773014,UPLOAD,0.9855076450773014,1,1448,100.0,4,0.0,5792.0,0,4,0.0,1.0,0.20483561994456026,0,0,1,1,1,1,1,1,0.9699999999999999,1.0,1.0,1.0,0.8,skip,attack_already_active,1785296360.6416469,1785296360641646946,1385028858345436,31.9,53.3671875,-1.0,0,0
2026-07-28T23:39:20.643,10.42.0.210,10.42.0.1|10.42.0.47,97,3,UPLOAD,0.9855086980780915,UPLOAD,0.9855086980780915,1,1448,100.0,5,0.0,7240.0,0,5,0.0,1.0,0.17807078899955972,0,0,1,1,1,1,1,1,0.9699999999999999,1.0,1.0,1.0,0.8,skip,attack_already_active,1785296360.6433716,1785296360643371458,1385028860070213,31.9,53.3671875,-1.0,0,0
2026-07-28T23:39:20.644,10.42.0.210,10.42.0.1|10.42.0.47,97,3,UPLOAD,0.9855087254685951,UPLOAD,0.9855087254685951,1,1448,100.0,6,0.0,8688.0,0,6,0.0,1.0,0.15474613576780022,0,0,1,1,1,1,1,1,0.9699999999999999,1.0,1.0,1.0,0.8,skip,attack_already_active,1785296360.644438,1785296360644438098,1385028861136466,31.9,53.3671875,-1.0,0,0
2026-07-28T23:39:20.645,10.42.0.210,10.42.0.1|10.42.0.47,97,3,UPLOAD,0.9855087261493067,UPLOAD,0.9855087261493067,1,1448,100.0,7,0.0,10136.0,0,7,0.0,1.0,0.1345431136546923,0,0,1,1,1,1,1,1,0.9699999999999999,1.0,1.0,1.0,0.8,skip,attack_already_active,1785296360.645869,1785296360645869174,1385028862567728,31.9,53.3671875,-1.0,0,0
2026-07-28T23:39:20.646,10.42.0.210,10.42.0.1|10.42.0.47,97,3,UPLOAD,0.9855087261653082,UPLOAD,0.9855087261653082,1,1448,100.0,8,0.0,11584.0,0,8,0.0,1.0,0.11694392895012949,0,0,1,1,1,1,1,1,0.9699999999999999,1.0,1.0,1.0,0.8,skip,attack_already_active,1785296360.6468568,1785296360646856677,1385028863555024,31.9,53.3671875,-1.0,0,0
2026-07-28T23:39:20.648,10.42.0.210,10.42.0.1|10.42.0.47,97,3,UPLOAD,0.985508726165656,UPLOAD,0.985508726165656,1,1448,100.0,9,0.0,13032.0,0,9,0.0,1.0,0.10171928789866531,0,0,1,1,1,1,1,1,0.9699999999999999,1.0,1.0,1.0,0.8,skip,attack_already_active,1785296360.6482651,1785296360648265098,1385028864963346,31.9,53.3671875,-1.0,0,0
2026-07-28T23:39:20.649,10.42.0.210,10.42.0.1|10.42.0.47,97,3,UPLOAD,0.9855087261656625,UPLOAD,0.9855087261656625,1,1448,100.0,10,0.0,14480.0,0,10,0.0,1.0,0.0884426806582973,0,0,1,1,1,1,1,1,0.9699999999999999,1.0,1.0,1.0,0.8,skip,attack_already_active,1785296360.649232,1785296360649231759,1385028865930014,31.9,53.3671875,-1.0,0,0
2026-07-28T23:39:20.650,10.42.0.210,10.42.0.1|10.42.0.47,97,3,UPLOAD,0.9855087261656628,UPLOAD,0.9855087261656628,1,1448,100.0,11,0.0,15928.0,0,11,0.0,1.0,0.07698034271392871,0,0,1,1,1,1,1,1,0.9699999999999999,1.0,1.0,1.0,0.8,skip,attack_already_active,1785296360.65069,1785296360650689940,1385028867388477,31.9,53.3671875,-1.0,0,0
2026-07-28T23:39:20.651,10.42.0.210,10.42.0.1|10.42.0.47,97,3,UPLOAD,0.95,UPLOAD,0.95,1,1448,100.0,12,0.0,17376.0,0,12,0.0,1.0,0.06696800102862499,0,0,1,1,1,1,1,1,0.9699999999999999,1.0,1.0,1.0,0.8,skip,attack_already_active,1785296360.6516895,1785296360651689594,1385028868387892,31.9,53.3671875,-1.0,0,0
2026-07-28T23:39:20.653,10.42.0.210,10.42.0.1|10.42.0.47,97,3,UPLOAD,0.95,UPLOAD,0.95,1,1448,100.0,13,0.0,18824.0,0,13,0.0,1.0,0.05839014400284165,0,0,1,1,1,1,1,1,0.9699999999999999,1.0,1.0,1.0,0.8,skip,attack_already_active,1785296360.6535625,1785296360653562540,1385028870260971,31.9,53.3671875,-1.0,0,0
2026-07-28T23:39:20.654,10.42.0.210,10.42.0.1|10.42.0.47,97,3,UPLOAD,0.95,UPLOAD,0.95,1,1448,100.0,14,0.0,20272.0,0,14,0.0,1.0,0.050838009316204746,0,0,1,1,1,1,1,1,0.9699999999999999,1.0,1.0,1.0,0.8,skip,attack_already_active,1785296360.6546416,1785296360654641760,1385028871340226,31.9,53.3671875,-1.0,0,0
2026-07-28T23:39:20.656,10.42.0.210,10.42.0.1|10.42.0.47,97,3,UPLOAD,0.95,UPLOAD,0.95,1,1448,100.0,15,0.0,21720.0,0,15,0.0,1.0,0.04433034719475806,0,0,1,1,1,1,1,1,0.9699999999999999,1.0,1.0,1.0,0.8,skip,attack_already_active,1785296360.6560948,1785296360656094765,1385028872793118,31.9,53.3671875,-1.0,0,0
2026-07-28T23:39:20.657,10.42.0.210,10.42.0.1|10.42.0.47,97,3,UPLOAD,0.95,UPLOAD,0.95,1,1448,100.0,16,0.0,23168.0,0,16,0.0,1.0,0.03861968730535121,0,0,1,1,1,1,1,1,0.9699999999999999,1.0,1.0,1.0,0.8,skip,attack_already_active,1785296360.6570885,1785296360657088544,1385028873786813,31.9,53.3671875,-1.0,0,0
2026-07-28T23:39:20.658,10.42.0.210,10.42.0.1|10.42.0.47,97,3,UPLOAD,0.95,UPLOAD,0.95,1,1448,100.0,17,0.0,24616.0,0,17,0.0,1.0,0.03372086279457753,0,0,1,1,1,1,1,1,0.9699999999999999,1.0,1.0,1.0,0.8,skip,attack_already_active,1785296360.6585324,1785296360658532406,1385028875230753,31.9,53.3671875,-1.0,0,0
2026-07-28T23:39:20.659,10.42.0.210,10.42.0.1|10.42.0.47,97,3,UPLOAD,0.95,UPLOAD,0.95,1,1448,100.0,18,0.0,26064.0,0,18,0.0,1.0,0.029405968599957026,0,0,1,1,1,1,1,1,0.9699999999999999,1.0,1.0,1.0,0.8,skip,attack_already_active,1785296360.6595087,1785296360659508821,1385028876207036,31.9,53.3671875,-1.0,0,0
2026-07-28T23:39:20.660,10.42.0.210,10.42.0.1|10.42.0.47,97,3,UPLOAD,0.95,UPLOAD,0.95,1,1448,100.0,19,0.0,27512.0,0,19,0.0,1.0,0.0257183865688367,0,0,1,1,1,1,1,1,0.9699999999999999,1.0,1.0,1.0,0.8,skip,attack_already_active,1785296360.6609306,1785296360660930632,1385028877629251,31.9,53.3671875,-1.0,0,0
2026-07-28T23:39:20.662,10.42.0.210,10.42.0.1|10.42.0.47,97,3,UPLOAD,0.95,UPLOAD,0.95,1,1448,100.0,20,0.0,28960.0,0,20,0.0,1.0,0.022477461848965128,0,0,1,1,1,1,1,1,0.9699999999999999,1.0,1.0,1.0,0.8,skip,attack_already_active,1785296360.6620545,1785296360662054707,1385028878753299,31.9,53.3671875,-1.0,0,0
2026-07-28T23:39:20.663,10.42.0.210,10.42.0.1|10.42.0.47,97,3,UPLOAD,0.95,UPLOAD,0.95,1,1448,100.0,21,0.0,30408.0,0,21,0.0,1.0,0.019734077673686835,0,0,1,1,1,1,1,1,0.9699999999999999,1.0,1.0,1.0,0.8,skip,attack_already_active,1785296360.6637132,1785296360663713400,1385028880412367,31.9,53.3671875,-1.0,0,0
2026-07-28T23:39:20.664,10.42.0.210,10.42.0.1|10.42.0.47,97,3,UPLOAD,0.95,UPLOAD,0.95,1,1448,100.0,22,0.0,31856.0,0,22,0.0,1.0,0.017269542096669657,0,0,1,1,1,1,1,1,0.9699999999999999,1.0,1.0,1.0,0.8,skip,attack_already_active,1785296360.6647446,1785296360664744659,1385028881442952,31.9,53.3671875,-1.0,0,0
2026-07-28T23:39:20.666,10.42.0.210,10.42.0.1|10.42.0.47,97,3,UPLOAD,0.95,UPLOAD,0.95,1,1448,100.0,23,0.0,33304.0,0,23,0.0,1.0,0.015189431183699772,0,0,1,1,1,1,1,1,0.9699999999999999,1.0,1.0,1.0,0.8,skip,attack_already_active,1785296360.6662288,1785296360666228832,1385028882927578,31.9,53.3671875,-1.0,0,0
2026-07-28T23:39:20.667,10.42.0.210,10.42.0.1|10.42.0.47,97,3,UPLOAD,0.95,UPLOAD,0.95,1,1448,100.0,24,0.0,34752.0,0,24,0.0,1.0,0.013322507284463565,0,0,1,1,1,1,1,1,0.9699999999999999,1.0,1.0,1.0,0.8,skip,attack_already_active,1785296360.6672506,1785296360667250689,1385028883949076,31.9,53.3671875,-1.0,0,0
2026-07-28T23:39:20.668,10.42.0.210,10.42.0.1|10.42.0.47,97,3,UPLOAD,0.95,UPLOAD,0.95,1,1448,100.0,25,0.0,36200.0,0,25,0.0,1.0,0.011758367679585671,0,0,1,1,1,1,1,1,0.9699999999999999,1.0,1.0,1.0,0.8,skip,attack_already_active,1785296360.6687033,1785296360668703115,1385028885401402,31.9,53.3671875,-1.0,0,0
2026-07-28T23:39:20.669,10.42.0.210,10.42.0.1|10.42.0.47,97,3,UPLOAD,0.95,UPLOAD,0.95,1,1448,100.0,26,0.0,37648.0,0,26,0.0,1.0,0.010338260796588424,0,0,1,1,1,1,1,1,0.9699999999999999,1.0,1.0,1.0,0.8,skip,attack_already_active,1785296360.669685,1785296360669684985,1385028886383144,31.9,53.3671875,-1.0,0,0
2026-07-28T23:39:20.671,10.42.0.210,10.42.0.1|10.42.0.47,97,3,UPLOAD,0.95,UPLOAD,0.95,1,1448,100.0,27,0.0,39096.0,0,27,0.0,1.0,0.009166583250341217,0,0,1,1,1,1,1,1,0.9699999999999999,1.0,1.0,1.0,0.8,skip,attack_already_active,1785296360.6711316,1785296360671131654,1385028887829976,31.9,53.3671875,-1.0,0,0
2026-07-28T23:39:20.672,10.42.0.210,10.42.0.1|10.42.0.47,97,3,UPLOAD,0.95,UPLOAD,0.95,1,1448,100.0,28,0.0,40544.0,0,28,0.0,1.0,0.008087975966237964,0,0,1,1,1,1,1,1,0.9699999999999999,1.0,1.0,1.0,0.8,skip,attack_already_active,1785296360.672113,1785296360672112923,1385028888811217,31.9,53.3671875,-1.0,0,0
2026-07-28T23:39:20.673,10.42.0.210,10.42.0.1|10.42.0.47,97,3,UPLOAD,0.95,UPLOAD,0.95,1,1448,100.0,29,0.0,41992.0,0,29,0.0,1.0,0.007210283692120509,0,0,1,1,1,1,1,1,0.9699999999999999,1.0,1.0,1.0,0.8,skip,attack_already_active,1785296360.6735404,1785296360673540334,1385028890238526,31.9,53.3671875,-1.0,0,0
2026-07-28T23:39:20.674,10.42.0.210,10.42.0.1|10.42.0.47,97,3,UPLOAD,0.95,UPLOAD,0.95,1,1448,100.0,30,0.0,43440.0,0,30,0.0,1.0,0.00639047210250269,0,0,1,1,1,1,1,1,0.9699999999999999,1.0,1.0,1.0,0.8,skip,attack_already_active,1785296360.6745293,1785296360674529180,1385028891227502,31.9,53.3671875,-1.0,0,0
2026-07-28T23:39:20.675,10.42.0.210,10.42.0.1|10.42.0.47,97,3,UPLOAD,0.95,UPLOAD,0.95,1,1448,100.0,31,0.0,44888.0,0,31,0.0,1.0,0.005736907343036356,0,0,1,1,1,1,1,1,0.9699999999999999,1.0,1.0,1.0,0.8,skip,attack_already_active,1785296360.67596,1785296360675960135,1385028892658450,39.6,53.3671875,-1.0,0,0
2026-07-28T23:39:20.676,10.42.0.210,10.42.0.1|10.42.0.47,97,3,UPLOAD,0.95,UPLOAD,0.95,1,1448,100.0,32,0.0,46336.0,0,32,0.0,1.0,0.005110023857360485,0,0,1,1,1,1,1,1,0.9699999999999999,1.0,1.0,1.0,0.8,skip,attack_already_active,1785296360.6769397,1785296360676939700,1385028893637945,39.6,53.3671875,-1.0,0,0
2026-07-28T23:39:20.677,10.42.0.210,10.42.0.1|10.42.0.47,97,3,UPLOAD,0.95,UPLOAD,0.95,1,1448,100.0,33,0.0,47784.0,0,33,0.0,1.0,0.004565998949854139,0,0,1,1,1,1,1,1,0.9699999999999999,1.0,1.0,1.0,0.8,skip,attack_already_active,1785296360.6779213,1785296360677921189,1385028894619392,39.6,53.3671875,-1.0,0,0
2026-07-28T23:39:20.678,10.42.0.210,10.42.0.1|10.42.0.47,97,3,UPLOAD,0.95,UPLOAD,0.95,1,1448,100.0,34,0.0,49232.0,0,34,0.0,1.0,0.004099349199713099,0,0,1,1,1,1,1,1,0.9699999999999999,1.0,1.0,1.0,0.8,skip,attack_already_active,1785296360.678946,1785296360678945982,1385028895644312,39.6,53.3671875,-1.0,0,0
2026-07-28T23:39:20.679,10.42.0.210,10.42.0.1|10.42.0.47,97,3,UPLOAD,0.95,UPLOAD,0.95,1,1448,100.0,35,0.0,50680.0,0,35,0.0,1.0,0.0036913015641986124,0,0,1,1,1,1,1,1,0.9699999999999999,1.0,1.0,1.0,0.8,skip,attack_already_active,1785296360.6799488,1785296360679948709,1385028896647099,39.6,53.3671875,-1.0,0,0
2026-07-28T23:39:20.680,10.42.0.210,10.42.0.1|10.42.0.47,97,3,UPLOAD,0.95,UPLOAD,0.95,1,1448,100.0,36,0.0,52128.0,0,36,0.0,1.0,0.003340134519773484,0,0,1,1,1,1,1,1,0.9699999999999999,1.0,1.0,1.0,0.8,skip,attack_already_active,1785296360.6809752,1785296360680975161,1385028897673513,39.6,53.3671875,-1.0,0,0
2026-07-28T23:39:20.684,10.42.0.1,10.42.0.1|10.42.0.47,98,3,UPLOAD,0.982453611461691,UPLOAD,0.982453611461691,1,7240,100.0,10,0.0,86782.0,0,10,0.0,1.0,0.011661305204492385,1,0,1,1,1,1,1,1,0.9699999999999999,1.0,1.0,1.0,0.8,skip,attack_already_active,1785296360.6849391,1785296360684939310,1385028901638013,39.6,53.3671875,-1.0,0,0
2026-07-28T23:39:20.686,10.42.0.1,10.42.0.1|10.42.0.47,98,3,UPLOAD,0.9826852132941626,UPLOAD,0.9826852132941626,1,5792,100.0,11,0.0,92574.0,0,11,0.0,1.0,0.010267026932457995,1,0,1,1,1,1,1,1,0.9699999999999999,1.0,1.0,1.0,0.8,skip,attack_already_active,1785296360.6860197,1785296360686019678,1385028902718006,39.6,53.3671875,-1.0,0,0
2026-07-28T23:39:20.687,10.42.0.1,10.42.0.1|10.42.0.47,98,3,UPLOAD,0.9829240466241678,UPLOAD,0.9829240466241678,1,14480,100.0,12,0.0,107054.0,0,12,0.0,1.0,0.00911218213395788,1,0,1,1,1,1,1,1,0.9699999999999999,1.0,1.0,1.0,0.8,skip,attack_already_active,1785296360.687523,1785296360687522738,1385028904221056,39.6,53.3671875,-1.0,0,0
2026-07-28T23:39:20.688,10.42.0.1,10.42.0.1|10.42.0.47,98,3,UPLOAD,0.9831771783151833,UPLOAD,0.9831771783151833,1,14480,100.0,13,0.0,121534.0,0,13,0.0,1.0,0.008045550402753851,1,0,1,1,1,1,1,1,0.9699999999999999,1.0,1.0,1.0,0.8,skip,attack_already_active,1785296360.6885407,1785296360688540661,1385028905238924,39.6,53.3671875,-1.0,0,0
2026-07-28T23:39:20.689,10.42.0.1,10.42.0.1|10.42.0.47,98,3,UPLOAD,0.9834411047654629,UPLOAD,0.9834411047654629,1,14480,100.0,14,0.0,136014.0,0,14,0.0,1.0,0.007175616540958633,1,0,1,1,1,1,1,1,0.9699999999999999,1.0,1.0,1.0,0.8,skip,attack_already_active,1785296360.6899846,1785296360689984548,1385028906682738,39.6,53.3671875,-1.0,0,0
2026-07-28T23:39:20.691,10.42.0.1,10.42.0.1|10.42.0.47,98,3,UPLOAD,0.9837113892991416,UPLOAD,0.9837113892991416,1,14480,100.0,15,0.0,150494.0,0,15,0.0,1.0,0.006482115938009065,1,0,1,1,1,1,1,1,0.9699999999999999,1.0,1.0,1.0,0.8,skip,attack_already_active,1785296360.6918974,1785296360691897456,1385028908595799,39.6,53.3671875,-1.0,0,0
2026-07-28T23:39:20.692,10.42.0.1,10.42.0.1|10.42.0.47,98,3,UPLOAD,0.9839276099064084,UPLOAD,0.9839276099064084,1,8591,100.0,16,0.0,159085.0,0,16,0.0,1.0,0.005760991588277612,1,0,1,1,1,1,1,1,0.9699999999999999,1.0,1.0,1.0,0.8,skip,attack_already_active,1785296360.692907,1785296360692906902,1385028909605190,39.6,53.3671875,-1.0,0,0
2026-07-28T23:39:20.965,10.42.0.1,10.42.0.1|10.42.0.47,98,3,UPLOAD,0.982180256629812,UPLOAD,0.982180256629812,0,43,100.0,10,0.0,106957.0,0,10,0.0,1.0,0.31285523886167566,1,0,1,1,1,1,1,1,0.8374999999999999,0.8500000000000001,1.0,0.6000000000000001,0.8,skip,attack_already_active,1785296360.965118,1785296360965117927,1385029181817117,39.6,53.3671875,-1.0,0,0
2026-07-28T23:39:21.006,10.42.0.1,,99,1,DOWNLOAD,0.9729442465088803,DOWNLOAD,0.9729442465088803,-1,7240,10.986602208565385,8,7240.0,79543.0,1,7,0.08342647753592293,0.9165735224640771,0.27703368673215134,0,0,0,0,1,0,0,0,0.44,0.8500000000000001,0.0,0.6000000000000001,0.15,skip,training_upload_trigger_not_confirmed,1785296361.0061333,1785296361006133242,1385029222832093,39.6,53.3671875,-1.0,0,0
2026-07-28T23:39:21.007,10.42.0.1,,99,1,DOWNLOAD,0.95,DOWNLOAD,0.95,-1,7240,5.493301104662065,9,14480.0,79543.0,2,7,0.15400487114854877,0.8459951288514512,0.2406832363607282,0,0,0,0,1,0,0,0,0.44,0.8500000000000001,0.0,0.6000000000000001,0.15,skip,training_upload_trigger_not_confirmed,1785296361.0073135,1785296361007313356,1385029224011777,39.6,53.3671875,-1.0,0,0
2026-07-28T23:39:21.008,10.42.0.1,,99,1,DOWNLOAD,0.95,DOWNLOAD,0.95,-1,7240,3.662200736525681,10,21720.0,79543.0,3,7,0.21449097893603783,0.7855090210639621,0.20917729377281905,0,0,0,0,1,0,0,0,0.44,0.8500000000000001,0.0,0.6000000000000001,0.15,skip,training_upload_trigger_not_confirmed,1785296361.0089068,1785296361008906741,1385029225605412,39.6,53.3671875,-1.0,0,0
2026-07-28T23:39:21.010,10.42.0.1,,99,1,DOWNLOAD,0.95,DOWNLOAD,0.95,-1,7240,2.746650552425875,11,28960.0,79543.0,4,7,0.2669050625328332,0.7330949374671668,0.18175931538037807,0,0,0,0,1,0,0,0,0.4,0.8500000000000001,0.0,0.4,0.15,skip,training_upload_trigger_not_confirmed,1785296361.0100167,1785296361010016790,1385029226715280,39.6,53.3671875,-1.0,0,0
2026-07-28T23:39:21.012,10.42.0.1,,99,1,DOWNLOAD,0.95,DOWNLOAD,0.95,-1,7240,2.197320441955875,12,36200.0,79543.0,5,7,0.3127618948878118,0.6872381051121882,0.15808197575361255,0,0,0,0,1,0,0,0,0.4,0.8500000000000001,0.0,0.4,0.15,skip,training_upload_trigger_not_confirmed,1785296361.0120952,1785296361012095107,1385029228793682,39.6,53.3671875,-1.0,0,0
2026-07-28T23:39:21.013,10.42.0.1,,99,1,DOWNLOAD,0.9609967158409644,DOWNLOAD,0.9609967158409644,-1,7240,1.831100368304993,13,43440.0,79543.0,6,7,0.35321955066960475,0.6467804493303952,0.13739912930447118,0,0,0,0,1,0,0,0,0.4,0.8500000000000001,0.0,0.4,0.15,skip,training_upload_trigger_not_confirmed,1785296361.0132208,1785296361013220930,1385029229919477,39.6,53.3671875,-1.0,0,0
2026-07-28T23:39:21.014,10.42.0.1,,99,1,DOWNLOAD,0.9751344455414144,DOWNLOAD,0.9751344455414144,-1,7240,1.5695146014094412,14,50680.0,79543.0,7,7,0.38917856292667197,0.610821437073328,0.1195084218551573,0,0,0,0,1,0,0,0,0.4,0.8500000000000001,0.0,0.4,0.15,skip,training_upload_trigger_not_confirmed,1785296361.0148523,1785296361014852226,1385029231550794,39.6,53.3671875,-1.0,0,0
2026-07-28T23:39:21.015,10.42.0.1,,99,1,DOWNLOAD,0.9838954369049397,DOWNLOAD,0.9838954369049397,-1,7240,1.3733252762366484,15,57920.0,79543.0,8,7,0.4213497450222969,0.5786502549777031,0.10390506622229354,0,0,0,0,1,0,0,0,0.32,0.8500000000000001,0.0,0.0,0.15,skip,training_upload_trigger_not_confirmed,1785296361.0159512,1785296361015951010,1385029232649596,39.6,53.3671875,-1.0,0,0
2026-07-28T23:39:21.019,10.42.0.1,,99,1,DOWNLOAD,0.9894998224068197,DOWNLOAD,0.9894998224068197,-1,7240,1.2207335788793625,16,65160.0,79543.0,9,7,0.4503016523499858,0.5496983476500141,0.09068294258895639,0,0,0,0,1,0,0,0,0.32,0.8500000000000001,0.0,0.0,0.15,skip,training_upload_trigger_not_confirmed,1785296361.0195172,1785296361019517086,1385029236215524,39.6,53.3671875,-1.0,0,0
2026-07-28T23:39:21.020,10.42.0.1,,99,1,DOWNLOAD,0.9911407547679221,DOWNLOAD,0.9911407547679221,-1,7240,1.0986602209931124,17,72400.0,79543.0,10,7,0.4764944749017724,0.5235055250982277,0.0788660162784869,0,0,0,0,1,0,0,0,0.30250000000000005,0.8000000000000002,0.0,0.0,0.15,skip,training_upload_trigger_not_confirmed,1785296361.0205247,1785296361020524765,1385029237223132,39.6,53.3671875,-1.0,0,0
2026-07-28T23:39:21.021,10.42.0.1,,99,1,DOWNLOAD,0.991966089408064,DOWNLOAD,0.991966089408064,-1,14480,0.9155501841630347,18,86880.0,79543.0,11,7,0.5220432271981638,0.4779567728018363,0.06860870971884708,0,0,0,0,1,0,0,0,0.30250000000000005,0.8000000000000002,0.0,0.0,0.15,skip,training_upload_trigger_not_confirmed,1785296361.021551,1785296361021550902,1385029238249260,39.6,53.3671875,-1.0,0,0
2026-07-28T23:39:21.022,10.42.0.1,,99,1,DOWNLOAD,0.9845403460734932,DOWNLOAD,0.9845403460734932,-1,10136,0.8198956873111662,19,97016.0,79543.0,12,7,0.5494820428298756,0.45051795717012444,0.059700917893545646,0,0,0,0,1,0,0,0,0.30250000000000005,0.8000000000000002,0.0,0.0,0.15,skip,training_upload_trigger_not_confirmed,1785296361.0225608,1785296361022560843,1385029239259728,39.6,53.3671875,-1.0,0,0
2026-07-28T23:39:21.023,10.42.0.1,,99,1,DOWNLOAD,0.9725752437587328,DOWNLOAD,0.9725752437587328,-1,14480,0.7134157279210607,20,111496.0,79543.0,13,7,0.5836295206737891,0.41637047932621085,0.05198966044329781,0,0,0,0,1,0,0,0,0.28500000000000003,0.7500000000000001,0.0,0.0,0.15,skip,training_upload_trigger_not_confirmed,1785296361.0237432,1785296361023743345,1385029240442262,39.6,53.3671875,-1.0,0,0
2026-07-28T23:39:21.024,10.42.0.1,,99,1,DOWNLOAD,0.9558547345713367,DOWNLOAD,0.9558547345713367,-1,14480,0.6314139201146931,21,125976.0,79543.0,14,7,0.6129652246264335,0.38703477537356645,0.04530017357644886,0,0,0,0,1,0,0,0,0.28500000000000003,0.7500000000000001,0.0,0.0,0.15,skip,training_upload_trigger_not_confirmed,1785296361.0249681,1785296361024968200,1385029241667422,39.6,53.3671875,-1.0,0,0
2026-07-28T23:39:21.026,10.42.0.1,,99,1,DOWNLOAD,0.95,DOWNLOAD,0.95,-1,21720,0.5385589318631611,22,147696.0,79543.0,15,7,0.6499588538939178,0.35004114610608217,0.039512957243284755,0,0,0,0,1,0,0,0,0.28500000000000003,0.7500000000000001,0.0,0.0,0.15,skip,training_upload_trigger_not_confirmed,1785296361.0263507,1785296361026350889,1385029243049748,39.6,53.3671875,-1.0,0,0
2026-07-28T23:39:21.027,10.42.0.1,,99,1,DOWNLOAD,0.95,DOWNLOAD,0.95,-1,14050,0.49177723097021386,23,161746.0,79543.0,16,7,0.6703413748658248,0.3296586251341752,0.03447995980059222,0,0,0,0,1,0,0,0,0.28500000000000003,0.7500000000000001,0.0,0.0,0.15,skip,training_upload_trigger_not_confirmed,1785296361.0276697,1785296361027669814,1385029244369008,39.6,53.3671875,-1.0,0,0
2026-07-28T23:39:21.029,10.42.0.1,,99,1,DOWNLOAD,0.95,DOWNLOAD,0.95,-1,18824,0.44051060530852015,24,180570.0,79543.0,17,7,0.6941982907428694,0.30580170925713057,0.03011502121448771,0,0,0,0,1,0,0,0,0.28500000000000003,0.7500000000000001,0.0,0.0,0.15,skip,training_upload_trigger_not_confirmed,1785296361.0290253,1785296361029025231,1385029245724096,39.6,53.3671875,-1.0,0,0
2026-07-28T23:39:21.030,10.42.0.1,,99,1,DOWNLOAD,0.95,DOWNLOAD,0.95,-1,16946,0.4027167419378545,25,197516.0,79543.0,18,7,0.7129023060070238,0.28709769399297624,0.026298313892635976,0,0,0,0,1,0,0,0,0.28500000000000003,0.7500000000000001,0.0,0.0,0.15,skip,training_upload_trigger_not_confirmed,1785296361.0301764,1785296361030176594,1385029246875021,39.6,53.3671875,-1.0,0,0
2026-07-28T23:39:21.031,10.42.0.1,,99,1,DOWNLOAD,0.95,DOWNLOAD,0.95,-1,21720,0.36281906256562413,26,219236.0,79543.0,19,7,0.7337731232784098,0.26622687672159023,0.022976822450162804,0,0,0,0,1,0,0,0,0.28500000000000003,0.7500000000000001,0.0,0.0,0.15,skip,training_upload_trigger_not_confirmed,1785296361.0312688,1785296361031268783,1385029247967079,39.6,53.3671875,-1.0,0,0
2026-07-28T23:39:21.032,10.42.0.1,,99,1,DOWNLOAD,0.95,DOWNLOAD,0.95,-1,14024,0.3410057446654334,27,233260.0,79543.0,20,7,0.7457089605918101,0.2542910394081898,0.02015799013007391,0,0,0,0,1,0,0,0,0.28500000000000003,0.7500000000000001,0.0,0.0,0.15,skip,training_upload_trigger_not_confirmed,1785296361.0328543,1785296361032854216,1385029249552450,39.6,53.3671875,-1.0,0,0
2026-07-28T23:39:21.034,10.42.0.47,,99,1,DOWNLOAD,0.95,DOWNLOAD,0.95,-1,7240,1.381215469422484e-10,1,7240.0,0.0,1,0,1.0,0.0,0.02441201243620995,0,0,0,0,0,0,0,0,0.0225,0.0,0.0,0.0,0.15,skip,training_upload_trigger_not_confirmed,1785296361.0343764,1785296361034376477,1385029251074951,39.6,53.3671875,-1.0,0,0
2026-07-28T23:39:21.035,10.42.0.47,,99,1,DOWNLOAD,0.9829981496648164,DOWNLOAD,0.9829981496648164,-1,7240,6.90607734758936e-11,2,14480.0,0.0,2,0,1.0,0.0,0.021352282708406837,0,0,0,0,0,0,0,0,0.0225,0.0,0.0,0.0,0.15,skip,training_upload_trigger_not_confirmed,1785296361.035569,1785296361035568796,1385029252267828,39.6,53.3671875,-1.0,0,0
2026-07-28T23:39:21.036,10.42.0.1,,99,1,DOWNLOAD,0.95,DOWNLOAD,0.95,-1,21720,0.31195780061451106,28,254980.0,79543.0,21,7,0.7622196381115798,0.23778036188842022,0.018014289318810158,0,0,0,0,1,0,0,0,0.28500000000000003,0.7500000000000001,0.0,0.0,0.15,skip,training_upload_trigger_not_confirmed,1785296361.0367444,1785296361036744353,1385029253442776,39.6,53.3671875,-1.0,0,0
2026-07-28T23:39:21.038,10.42.0.1,,99,1,DOWNLOAD,0.95,DOWNLOAD,0.95,-1,14050,0.2956659108675773,29,269030.0,79543.0,22,7,0.7718038976053796,0.22819610239462035,0.015933465346734905,0,0,0,0,1,0,0,0,0.28500000000000003,0.7500000000000001,0.0,0.0,0.15,skip,training_upload_trigger_not_confirmed,1785296361.0389678,1785296361038967700,1385029255666761,39.6,53.3671875,-1.0,0,0
2026-07-28T23:39:21.040,10.42.0.18,,69,1,DOWNLOAD,0.95,DOWNLOAD,0.95,-1,7300,1.3698630135109776e-10,1,7300.0,0.0,1,0,1.0,0.0,0.1467549203314227,0,0,0,0,0,0,0,0,0.0225,0.0,0.0,0.0,0.15,skip,already_attacked_this_round,1785296361.0407622,1785296361040762038,1385029257461954,39.6,53.3671875,-1.0,0,0
2026-07-28T23:39:21.042,10.42.0.18,,69,1,DOWNLOAD,0.95,DOWNLOAD,0.95,-1,5840,7.610350075524325e-11,2,13140.0,0.0,2,0,1.0,0.0,0.12763239526633782,0,0,0,0,0,0,0,0,0.0225,0.0,0.0,0.0,0.15,skip,already_attacked_this_round,1785296361.0424016,1785296361042401617,1385029259100488,39.6,53.3671875,-1.0,0,0
2026-07-28T23:39:21.043,10.42.0.1,,99,1,DOWNLOAD,0.95,DOWNLOAD,0.95,-1,21720,0.2735786758408475,30,290750.0,79543.0,23,7,0.7851890259875288,0.2148109740124712,0.014428165914343734,0,0,0,0,0,0,0,0,0.0225,0.0,0.0,0.0,0.15,skip,training_upload_trigger_not_confirmed,1785296361.043478,1785296361043478001,1385029260176302,39.6,53.3671875,-1.0,0,0
2026-07-28T23:39:21.044,10.42.0.210,,98,1,DOWNLOAD,0.9832107182253506,DOWNLOAD,0.9832107182253506,-1,10136,5.142857142448416,37,10136.0,52128.0,1,36,0.16279069767441862,0.8372093023255814,0.050617332399543566,0,0,0,0,0,0,0,0,0.057499999999999996,0.1,0.0,0.0,0.15,skip,training_upload_trigger_not_confirmed,1785296361.04499,1785296361044989940,1385029261688389,39.6,53.3671875,-1.0,0,0
2026-07-28T23:39:21.046,10.42.0.59,,41,1,DOWNLOAD,0.95,DOWNLOAD,0.95,-1,14600,6.84931506802402e-11,1,14600.0,0.0,1,0,1.0,0.0,0.19468267999765054,0,0,0,0,0,0,0,0,0.0225,0.0,0.0,0.0,0.15,skip,training_upload_trigger_not_confirmed,1785296361.0466936,1785296361046693649,1385029263392437,39.6,53.3671875,-1.0,0,0
2026-07-28T23:39:21.047,10.42.0.59,,41,1,DOWNLOAD,0.95,DOWNLOAD,0.95,-1,14600,3.424657534129292e-11,2,29200.0,0.0,2,0,1.0,0.0,0.16918358136552758,0,0,0,0,0,0,0,0,0.0225,0.0,0.0,0.0,0.15,skip,training_upload_trigger_not_confirmed,1785296361.0478706,1785296361047870672,1385029264569485,39.6,53.3671875,-1.0,0,0
2026-07-28T23:39:21.049,10.42.0.145,,43,1,DOWNLOAD,0.95,DOWNLOAD,0.95,-1,14600,6.84931506802402e-11,1,14600.0,0.0,1,0,1.0,0.0,0.4693454180852321,0,0,0,0,0,0,0,0,0.0225,0.0,0.0,0.0,0.15,skip,training_upload_trigger_not_confirmed,1785296361.0493546,1785296361049354559,1385029266052769,39.6,53.3671875,-1.0,0,0
2026-07-28T23:39:21.050,10.42.0.145,,43,1,DOWNLOAD,0.95,DOWNLOAD,0.95,-1,14600,3.424657534129292e-11,2,29200.0,0.0,2,0,1.0,0.0,0.4076317019157159,0,0,0,0,0,0,0,0,0.0225,0.0,0.0,0.0,0.15,skip,training_upload_trigger_not_confirmed,1785296361.0503716,1785296361050371573,1385029267069793,39.6,53.3671875,-1.0,0,0
2026-07-28T23:39:21.053,10.42.0.47,,99,1,DOWNLOAD,0.9842257140988042,DOWNLOAD,0.9842257140988042,-1,5792,4.932912391232591e-11,3,20272.0,0.0,3,0,1.0,0.0,0.020858149664385223,0,0,0,0,0,0,0,0,0.0225,0.0,0.0,0.0,0.15,skip,training_upload_trigger_not_confirmed,1785296361.0531714,1785296361053171442,1385029269869975,39.6,53.3671875,-1.0,0,0
2026-07-28T23:39:21.054,10.42.0.47,,99,1,DOWNLOAD,0.9842586901286671,DOWNLOAD,0.9842586901286671,-1,11584,3.1391260672043216e-11,4,31856.0,0.0,4,0,1.0,0.0,0.018248129166370027,0,0,0,0,0,0,0,0,0.0225,0.0,0.0,0.0,0.15,skip,training_upload_trigger_not_confirmed,1785296361.0542228,1785296361054222769,1385029270921202,39.6,53.3671875,-1.0,0,0
2026-07-28T23:39:21.056,10.42.0.18,,69,1,DOWNLOAD,0.95,DOWNLOAD,0.95,-1,11680,4.029008863657171e-11,3,24820.0,0.0,3,0,1.0,0.0,0.11268392402532178,0,0,0,0,0,0,0,0,0.0225,0.0,0.0,0.0,0.15,skip,already_attacked_this_round,1785296361.0565941,1785296361056594177,1385029273292434,39.6,53.3671875,-1.0,0,0
2026-07-28T23:39:21.057,10.42.0.18,,69,1,DOWNLOAD,0.95,DOWNLOAD,0.95,-1,14600,2.536783358636814e-11,4,39420.0,0.0,4,0,1.0,0.0,0.09797477333670572,0,0,0,0,0,0,0,0,0.0225,0.0,0.0,0.0,0.15,skip,already_attacked_this_round,1785296361.0576544,1785296361057654278,1385029274352707,39.6,53.3671875,-1.0,0,0
2026-07-28T23:39:21.059,10.42.0.59,,41,1,DOWNLOAD,0.95,DOWNLOAD,0.95,-1,26280,1.8024513337814986e-11,3,55480.0,0.0,3,0,1.0,0.0,0.1483748604990721,0,0,0,0,0,0,0,0,0.0225,0.0,0.0,0.0,0.15,skip,training_upload_trigger_not_confirmed,1785296361.0591426,1785296361059142568,1385029275840999,39.6,53.3671875,-1.0,0,0
2026-07-28T23:39:21.060,10.42.0.59,,41,1,DOWNLOAD,0.95,DOWNLOAD,0.95,-1,10577,1.5138441043112185e-11,4,66057.0,0.0,4,0,1.0,0.0,0.12895598936243985,0,0,0,0,0,0,0,0,0.0225,0.0,0.0,0.0,0.15,skip,training_upload_trigger_not_confirmed,1785296361.060153,1785296361060152981,1385029276851263,39.6,53.3671875,-1.0,0,0
2026-07-28T23:39:21.061,10.42.0.210,,98,1,DOWNLOAD,0.95,DOWNLOAD,0.95,-1,18824,1.7999999999723757,38,28960.0,52128.0,2,36,0.35714285714285715,0.6428571428571429,0.046144724644893095,0,0,0,0,0,0,0,0,0.057499999999999996,0.1,0.0,0.0,0.15,skip,training_upload_trigger_not_confirmed,1785296361.061666,1785296361061666143,1385029278364476,39.6,53.3671875,-1.0,0,0
2026-07-28T23:39:21.063,10.42.0.210,,98,1,DOWNLOAD,0.9557926560077417,DOWNLOAD,0.9557926560077417,-1,15928,1.161290322577052,39,44888.0,52128.0,3,36,0.4626865671641791,0.5373134328358209,0.04026264938620291,0,0,0,0,0,0,0,0,0.039999999999999994,0.05,0.0,0.0,0.15,skip,training_upload_trigger_not_confirmed,1785296361.0631733,1785296361063173457,1385029279871969,39.6,53.3671875,-1.0,0,0
2026-07-28T23:39:21.064,10.42.0.210,,98,1,DOWNLOAD,0.9846998846180315,DOWNLOAD,0.9846998846180315,-1,992,1.1361813426299874,40,45880.0,52128.0,4,36,0.4681250510162436,0.5318749489837564,0.035151000265335255,0,0,0,0,0,0,0,0,0.039999999999999994,0.05,0.0,0.0,0.15,skip,training_upload_trigger_not_confirmed,1785296361.064645,1785296361064645172,1385029281343484,39.6,53.3671875,-1.0,0,0
2026-07-28T23:39:21.066,10.42.0.47,,99,1,DOWNLOAD,0.9842595481342594,DOWNLOAD,0.9842595481342594,-1,8688,2.4664561956771294e-11,5,40544.0,0.0,5,0,1.0,0.0,0.017406511349211833,0,0,0,0,0,0,0,0,0.0225,0.0,0.0,0.0,0.15,skip,training_upload_trigger_not_confirmed,1785296361.0660841,1785296361066083984,1385029282782829,39.6,53.3671875,-1.0,0,0
2026-07-28T23:39:21.067,10.42.0.18,,69,1,DOWNLOAD,0.95,DOWNLOAD,0.95,-1,2920,2.361832782183235e-11,5,42340.0,0.0,5,0,1.0,0.0,0.08631178782041889,0,0,0,0,0,0,0,0,0.0225,0.0,0.0,0.0,0.15,skip,already_attacked_this_round,1785296361.067122,1785296361067121819,1385029283820103,39.6,53.3671875,-1.0,0,0
2026-07-28T23:39:21.069,10.42.0.18,,69,1,DOWNLOAD,0.9568807860514696,DOWNLOAD,0.9568807860514696,-1,14600,1.756234632916118e-11,6,56940.0,0.0,6,0,1.0,0.0,0.0751894376831586,0,0,0,0,0,0,0,0,0.0225,0.0,0.0,0.0,0.15,skip,already_attacked_this_round,1785296361.0690293,1785296361069029318,1385029285727589,39.6,53.3671875,-1.0,0,0
2026-07-28T23:39:21.072,10.42.0.47,,99,1,DOWNLOAD,0.9842595696464124,DOWNLOAD,0.9842595696464124,-1,2896,2.3020257826357728e-11,6,43440.0,0.0,6,0,1.0,0.0,0.015989293882167393,0,0,0,0,0,0,0,0,0.0225,0.0,0.0,0.0,0.15,skip,training_upload_trigger_not_confirmed,1785296361.0727358,1785296361072735696,1385029289434224,39.6,53.3671875,-1.0,0,0
2026-07-28T23:39:21.073,10.42.0.47,,99,1,DOWNLOAD,0.9842595701605352,DOWNLOAD,0.9842595701605352,-1,11584,1.8173887757738915e-11,7,55024.0,0.0,7,0,1.0,0.0,0.014021272695718213,0,0,0,0,0,0,0,0,0.0225,0.0,0.0,0.0,0.15,skip,training_upload_trigger_not_confirmed,1785296361.0737903,1785296361073790196,1385029290488566,39.6,53.3671875,-1.0,0,0
2026-07-28T23:39:21.075,10.42.0.18,,69,1,DOWNLOAD,0.9667300530246292,DOWNLOAD,0.9667300530246292,-1,13497,1.4197083918761489e-11,7,70437.0,0.0,7,0,1.0,0.0,0.06615969658991834,0,0,0,0,0,0,0,0,0.0225,0.0,0.0,0.0,0.15,skip,already_attacked_this_round,1785296361.0756946,1785296361075694558,1385029292392886,39.6,53.3671875,-1.0,0,0
2026-07-28T23:39:21.083,10.42.0.47,,99,1,DOWNLOAD,0.9842595701720059,DOWNLOAD,0.9842595701720059,-1,7240,1.6060644995245073e-11,8,62264.0,0.0,8,0,1.0,0.0,0.013422126236221812,0,0,0,0,0,0,0,0,0.0225,0.0,0.0,0.0,0.15,skip,training_upload_trigger_not_confirmed,1785296361.0832648,1785296361083264682,1385029299963236,39.6,53.3671875,-1.0,0,0
2026-07-28T23:39:21.086,10.42.0.47,,99,1,DOWNLOAD,0.9842595701722343,DOWNLOAD,0.9842595701722343,-1,2896,1.5346838551022915e-11,9,65160.0,0.0,9,0,1.0,0.0,0.012087339519962305,0,0,0,0,0,0,0,0,0.0225,0.0,0.0,0.0,0.15,skip,training_upload_trigger_not_confirmed,1785296361.0865576,1785296361086557766,1385029303256297,39.6,53.3671875,-1.0,0,0
2026-07-28T23:39:21.087,10.42.0.47,,99,1,DOWNLOAD,0.9842595701722379,DOWNLOAD,0.9842595701722379,-1,14024,1.2628813901638856e-11,10,79184.0,0.0,10,0,1.0,0.0,0.010634595908682432,0,0,0,0,0,0,0,0,0.0225,0.0,0.0,0.0,0.15,skip,training_upload_trigger_not_confirmed,1785296361.0876205,1785296361087620630,1385029304318954,39.6,53.3671875,-1.0,0,0
2026-07-28T23:39:21.138,10.42.0.1,,99,1,DOWNLOAD,0.8905293487208323,DOWNLOAD,0.8905293487208323,0,39,0.2735786758408475,30,290750.0,79543.0,23,7,0.7851890259875288,0.2148109740124712,0.017724955765290852,0,0,0,0,0,0,0,0,0.0225,0.0,0.0,0.0,0.15,skip,training_upload_trigger_not_confirmed,1785296361.138974,1785296361138974065,1385029355672791,39.6,53.3671875,-1.0,0,0
2026-07-28T23:39:21.351,10.42.0.59,,41,2,TRAINING,0.95,TRAINING,0.95,1,64240,0.9724934526246652,5,66057.0,64240.0,4,1,0.5069725319846198,0.4930274680153802,0.4460580469365945,0,0,0,0,1,0,0,0,0.4525,1.0,0.0,0.4,0.15,skip,training_upload_trigger_not_confirmed,1785296361.3519998,1785296361351999785,1385029568699554,61.8,53.3671875,-1.0,0,0
2026-07-28T23:39:21.355,10.42.0.59,,41,3,UPLOAD,0.95,UPLOAD,0.95,1,5095,1.0496238097393218,6,66057.0,69335.0,4,2,0.48789441030489245,0.5121055896951076,0.38771873524319805,0,0,0,1,1,1,1,1,0.85,1.0,1.0,0.4,0.8,trigger,training_upload_trigger_confirmed,1785296361.355337,1785296361355336958,1385029572037848,61.8,53.3671875,18.373562,1785296361373714140,1385029590411410
2026-07-28T23:39:21.357,10.42.0.1,,99,2,TRAINING,0.95,TRAINING,0.95,1,7240,0.29847979363955807,31,290750.0,86783.0,23,8,0.770131352755918,0.229868647244082,0.015932247469705372,0,0,0,0,1,0,0,0,0.4525,1.0,0.0,0.4,0.15,skip,training_upload_trigger_not_confirmed,1785296361.3579013,1785296361357901397,1385029574602867,61.8,53.3671875,-1.0,0,0
2026-07-28T23:39:21.359,10.42.0.1,10.42.0.1,99,3,UPLOAD,0.95,UPLOAD,0.95,1,5792,0.31840068787852654,32,290750.0,92575.0,23,9,0.7584947498858671,0.2415052501141329,0.014011329570783462,1,0,0,0,1,0,0,0,0.85,1.0,1.0,0.4,0.8,trigger,training_upload_trigger_confirmed,1785296361.3592563,1785296361359256430,1385029575955216,61.8,53.3671875,26.553847,1785296361385811758,1385029602509063
2026-07-28T23:39:21.361,10.42.0.1,10.42.0.1,99,3,UPLOAD,0.95,UPLOAD,0.95,1,14480,0.3682029234759477,33,290750.0,107055.0,23,10,0.7308857354734103,0.26911426452658965,0.012452338346392651,1,0,1,0,1,0,0,0,0.85,1.0,1.0,0.4,0.8,skip,attack_already_active,1785296361.3614368,1785296361361436808,1385029578135963,61.8,53.3671875,-1.0,0,0
2026-07-28T23:39:21.363,10.42.0.1,10.42.0.1,99,3,UPLOAD,0.95,UPLOAD,0.95,1,14480,0.4180051590733688,34,290750.0,121535.0,23,11,0.7052160520028621,0.2947839479971379,0.011021715280050621,1,0,1,0,1,0,0,0,0.85,1.0,1.0,0.4,0.8,skip,attack_already_active,1785296361.3630326,1785296361363032652,1385029579732583,61.8,53.3671875,-1.0,0,0
2026-07-28T23:39:21.365,10.42.0.1,10.42.0.1,99,3,UPLOAD,0.95,UPLOAD,0.95,1,14480,0.46780739467079,35,290750.0,136015.0,23,12,0.6812882968378382,0.31871170316216185,0.00987518378736929,1,0,1,0,1,0,0,0,0.85,1.0,1.0,0.4,0.8,skip,attack_already_active,1785296361.3653536,1785296361365353352,1385029582052934,61.8,53.3671875,-1.0,0,0
2026-07-28T23:39:21.366,10.42.0.1,10.42.0.1,99,3,UPLOAD,0.95,UPLOAD,0.95,1,14480,0.5176096302682112,36,290750.0,150495.0,23,13,0.6589309793878684,0.34106902061213157,0.00873496411782448,1,0,1,0,1,0,0,0,0.85,1.0,1.0,0.4,0.8,skip,attack_already_active,1785296361.366576,1785296361366575829,1385029583274603,61.8,53.3671875,-1.0,0,0
2026-07-28T23:39:21.368,10.42.0.1,10.42.0.1,99,3,UPLOAD,0.95,UPLOAD,0.95,1,8590,0.5471539122973443,37,290750.0,159085.0,23,14,0.6463481054164305,0.35365189458356955,0.007803369970366833,1,0,1,1,1,1,1,1,0.85,1.0,1.0,0.4,0.8,skip,attack_already_active,1785296361.3682413,1785296361368241349,1385029584939834,61.8,53.3671875,-1.0,0,0
2026-07-28T23:39:21.386,10.42.0.145,10.42.0.1,43,2,TRAINING,0.95,TRAINING,0.95,1,64240,2.199999999958904,3,29200.0,64240.0,2,1,0.3125,0.6875,0.6914226628224347,0,0,0,0,1,0,0,0,0.5325,1.0,0.0,0.8,0.15,skip,training_upload_trigger_not_confirmed,1785296361.3869011,1785296361386901229,1385029603600114,61.8,53.3671875,-1.0,0,0
2026-07-28T23:39:21.388,10.42.0.145,10.42.0.1,43,3,UPLOAD,0.95,UPLOAD,0.95,1,8760,2.49999999994863,4,29200.0,73000.0,2,2,0.2857142857142857,0.7142857142857143,0.6004618325554157,0,0,0,1,1,1,1,1,0.9299999999999999,1.0,1.0,0.8,0.8,trigger,training_upload_trigger_confirmed,1785296361.3880472,1785296361388047096,1385029604745473,61.8,53.3671875,54.533794,1785296361442581996,1385029659279267
2026-07-28T23:39:21.390,10.42.0.145,10.42.0.1,43,3,UPLOAD,0.9841010226033655,UPLOAD,0.9841010226033655,1,6556,2.7245205478861463,5,29200.0,79556.0,2,3,0.2684909338335356,0.7315090661664644,0.5216837708898189,0,0,1,1,1,1,1,1,0.9299999999999999,1.0,1.0,0.8,0.8,skip,attack_already_active,1785296361.3906841,1785296361390684209,1385029607382871,61.8,53.3671875,-1.0,0,0
2026-07-28T23:39:21.392,10.42.0.1,10.42.0.1,99,3,UPLOAD,0.95,UPLOAD,0.95,1,7240,0.5720550300960549,38,290750.0,166325.0,23,15,0.6361100475851884,0.3638899524148116,0.0071250757829064044,1,0,1,1,1,1,1,1,0.9699999999999999,1.0,1.0,1.0,0.8,skip,attack_already_active,1785296361.3922427,1785296361392242747,1385029608941247,61.8,53.3671875,-1.0,0,0
2026-07-28T23:39:21.393,10.42.0.1,10.42.0.1,99,3,UPLOAD,0.95,UPLOAD,0.95,1,5792,0.5919759243350233,39,290750.0,172117.0,23,16,0.6281502029740724,0.3718497970259275,0.006287651172143613,1,0,1,1,1,1,1,1,0.9699999999999999,1.0,1.0,1.0,0.8,skip,attack_already_active,1785296361.3930128,1785296361393012744,1385029609711384,61.8,53.3671875,-1.0,0,0
2026-07-28T23:39:21.393,10.42.0.1,10.42.0.1,99,3,UPLOAD,0.95,UPLOAD,0.95,1,2896,0.6019363714545075,40,290750.0,175013.0,23,17,0.6242445192082668,0.37575548079173315,0.005588287963393927,1,0,1,1,1,1,1,1,0.9699999999999999,1.0,1.0,1.0,0.8,skip,attack_already_active,1785296361.3939931,1785296361393993274,1385029610691554,61.8,53.3671875,-1.0,0,0
2026-07-28T23:39:21.395,10.42.0.1,10.42.0.1,99,3,UPLOAD,0.95,UPLOAD,0.95,1,11584,0.6417781599324445,41,290750.0,186597.0,23,18,0.6090956892993985,0.39090431070060144,0.005016144879443788,1,0,1,1,1,1,1,1,0.9699999999999999,1.0,1.0,1.0,0.8,skip,attack_already_active,1785296361.3952396,1785296361395239670,1385029611937922,61.8,53.3671875,-1.0,0,0
2026-07-28T23:39:21.395,10.42.0.1,10.42.0.1,99,3,UPLOAD,0.95,UPLOAD,0.95,1,2896,0.6517386070519287,42,290750.0,189493.0,23,19,0.6054226714392505,0.39457732856074945,0.004444904797553886,1,0,1,1,1,1,1,1,0.9699999999999999,1.0,1.0,1.0,0.8,skip,attack_already_active,1785296361.3959208,1785296361395920645,1385029612618907,61.8,53.3671875,-1.0,0,0
2026-07-28T23:39:21.396,10.42.0.1,10.42.0.1,99,3,UPLOAD,0.95,UPLOAD,0.95,1,11584,0.6915803955298656,43,290750.0,201077.0,23,20,0.5911631528972586,0.40883684710274143,0.003949787846008674,1,0,1,1,1,1,1,1,0.9699999999999999,1.0,1.0,1.0,0.8,skip,attack_already_active,1785296361.3966084,1785296361396608338,1385029613306535,61.8,53.3671875,-1.0,0,0
2026-07-28T23:39:21.397,10.42.0.1,10.42.0.1,99,3,UPLOAD,0.95,UPLOAD,0.95,1,5792,0.7115012897688341,44,290750.0,206869.0,23,21,0.5842823525629045,0.41571764743709544,0.0035556991792950734,1,0,1,1,1,1,1,1,0.9699999999999999,1.0,1.0,1.0,0.8,skip,attack_already_active,1785296361.3975675,1785296361397567526,1385029614265833,61.8,53.3671875,-1.0,0,0
2026-07-28T23:39:21.398,10.42.0.1,10.42.0.1,99,3,UPLOAD,0.95,UPLOAD,0.95,1,14480,0.7613035253662552,45,290750.0,221349.0,23,22,0.5677613117776055,0.4322386882223945,0.003268679017518759,1,0,1,1,1,1,1,1,0.9699999999999999,1.0,1.0,1.0,0.8,skip,attack_already_active,1785296361.398945,1785296361398944924,1385029615643738,61.8,53.3671875,-1.0,0,0
2026-07-28T23:39:21.400,10.42.0.1,10.42.0.1,99,3,UPLOAD,0.95,UPLOAD,0.95,1,8688,0.7911848667247079,46,290750.0,230037.0,23,23,0.5582896654486383,0.4417103345513617,0.003021522921396506,1,0,1,1,1,1,1,1,0.9699999999999999,1.0,1.0,1.0,0.8,skip,attack_already_active,1785296361.4003382,1785296361400338259,1385029617041271,61.8,53.3671875,-1.0,0,0
2026-07-28T23:39:21.403,10.42.0.1,10.42.0.1,99,3,UPLOAD,0.95,UPLOAD,0.95,1,5792,0.8111057609636764,47,290750.0,235829.0,23,24,0.552148870349938,0.447851129650062,0.00301290869798483,1,0,1,1,1,1,1,1,0.9699999999999999,1.0,1.0,1.0,0.8,skip,attack_already_active,1785296361.4032943,1785296361403294180,1385029619997010,61.8,53.3671875,-1.0,0,0
2026-07-28T23:39:21.405,10.42.0.1,10.42.0.1,99,3,UPLOAD,0.95,UPLOAD,0.95,1,2799,0.8207325881347525,48,290750.0,238628.0,23,25,0.5492294730797276,0.4507705269202725,0.0028719681474071255,1,0,1,1,1,1,1,1,0.9699999999999999,1.0,1.0,1.0,0.8,skip,attack_already_active,1785296361.4052377,1785296361405237853,1385029621936435,61.8,53.3671875,-1.0,0,0
2026-07-28T23:39:21.495,10.42.0.18,10.42.0.1,69,2,TRAINING,0.95,TRAINING,0.95,1,64240,0.9120206709554352,8,70437.0,64240.0,7,1,0.5230068979855507,0.4769931020144494,0.3935075837423721,0,0,0,0,1,1,0,0,0.5725,1.0,0.0,1.0,0.15,skip,already_attacked_this_round,1785296361.4954126,1785296361495412522,1385029712111630,61.8,53.3671875,-1.0,0,0
2026-07-28T23:39:21.497,10.42.0.18,10.42.0.1,69,3,UPLOAD,0.95,UPLOAD,0.95,1,12395,1.0879935261284837,9,70437.0,76635.0,7,2,0.4789286879895561,0.5210713120104439,0.3419932994993415,0,0,0,1,1,1,1,1,0.9699999999999999,1.0,1.0,1.0,0.8,skip,already_attacked_this_round,1785296361.4979925,1785296361497992329,1385029714691676,61.8,53.3671875,-1.0,0,0
2026-07-28T23:39:21.500,10.42.0.1,10.42.0.1,99,3,UPLOAD,0.95,UPLOAD,0.95,1,7240,0.845633705933463,49,290750.0,245868.0,23,26,0.5418193202613405,0.45818067973865956,0.0029396443092725125,1,0,1,1,1,1,1,1,0.9699999999999999,1.0,1.0,1.0,0.8,skip,attack_already_active,1785296361.5000784,1785296361500078365,1385029716778461,61.8,53.3671875,-1.0,0,0
2026-07-28T23:39:21.501,10.42.0.1,10.42.0.1,99,3,UPLOAD,0.95,UPLOAD,0.95,1,5792,0.8655546001724315,50,290750.0,251660.0,23,27,0.5360336276986044,0.46396637230139565,0.0027284320613820776,1,0,1,1,1,1,1,1,0.9699999999999999,1.0,1.0,1.0,0.8,skip,attack_already_active,1785296361.5014153,1785296361501415202,1385029718114648,61.8,53.3671875,-1.0,0,0
2026-07-28T23:39:21.504,10.42.0.1,10.42.0.1,99,3,UPLOAD,0.95,UPLOAD,0.95,1,2896,0.8755150472919156,51,290750.0,254556.0,23,28,0.5331868712245968,0.46681312877540315,0.0027473493593468978,1,0,1,1,1,1,1,1,0.9699999999999999,1.0,1.0,1.0,0.8,skip,attack_already_active,1785296361.5042872,1785296361504287165,1385029720986099,61.8,53.3671875,-1.0,0,0
2026-07-28T23:39:21.505,10.42.0.1,10.42.0.1,99,3,UPLOAD,0.95,UPLOAD,0.95,1,11584,0.9153568357698526,52,290750.0,266140.0,23,29,0.5220959255867407,0.4779040744132593,0.002544008556558175,1,0,1,1,1,1,1,1,0.9699999999999999,1.0,1.0,1.0,0.8,skip,attack_already_active,1785296361.5054915,1785296361505491486,1385029722190800,61.8,53.3671875,-1.0,0,0
2026-07-28T23:39:21.506,10.42.0.1,10.42.0.1,99,3,UPLOAD,0.95,UPLOAD,0.95,1,14480,0.9651590713672737,53,290750.0,280620.0,23,30,0.5088646586275093,0.4911353413724907,0.002359200082376294,1,0,1,1,1,1,1,1,0.9699999999999999,1.0,1.0,1.0,0.8,skip,attack_already_active,1785296361.506633,1785296361506632940,1385029723331657,61.8,53.3671875,-1.0,0,0
2026-07-28T23:39:21.508,10.42.0.1,10.42.0.1,99,3,UPLOAD,0.95,UPLOAD,0.95,1,5792,0.9850799656062422,54,290750.0,286412.0,23,31,0.5037580436688486,0.49624195633115137,0.0022705021747048645,1,0,1,1,1,1,1,1,0.9699999999999999,1.0,1.0,1.0,0.8,skip,attack_already_active,1785296361.5083191,1785296361508319113,1385029725018376,61.8,53.3671875,-1.0,0,0
2026-07-28T23:39:21.510,10.42.0.1,10.42.0.1,99,3,UPLOAD,0.95,UPLOAD,0.95,1,14480,1.0348822012036634,55,290750.0,300892.0,23,32,0.4914289384458845,0.5085710615541155,0.0022711878187214258,1,0,1,1,1,1,1,1,0.9699999999999999,1.0,1.0,1.0,0.8,skip,attack_already_active,1785296361.5105948,1785296361510594916,1385029727293662,61.8,53.3671875,-1.0,0,0
2026-07-28T23:39:21.511,10.42.0.1,10.42.0.1,99,3,UPLOAD,0.95,UPLOAD,0.95,1,8688,1.064763542562116,56,290750.0,309580.0,23,33,0.4843169590058801,0.5156830409941199,0.002130058852818326,1,0,1,1,1,1,1,1,0.9699999999999999,1.0,1.0,1.0,0.8,skip,attack_already_active,1785296361.511795,1785296361511794909,1385029728493543,61.8,53.3671875,-1.0,0,0
2026-07-28T23:39:21.515,10.42.0.1,10.42.0.1,99,3,UPLOAD,0.95,UPLOAD,0.95,1,8590,1.0943078245912492,57,290750.0,318170.0,23,34,0.4774847270577416,0.5225152729422584,0.002274198665335005,1,0,1,1,1,1,1,1,0.9699999999999999,1.0,1.0,1.0,0.8,skip,attack_already_active,1785296361.515019,1785296361515019016,1385029731718572,61.8,53.3671875,-1.0,0,0
2026-07-28T23:39:22.078,10.42.0.47,10.42.0.1,99,2,TRAINING,0.9,TRAINING,0.9,0,43,4.1390728475108e-11,3,24160.0,0.0,3,0,1.0,0.0,0.15517305349062138,0,0,0,0,0,0,0,0,0.0225,0.0,0.0,0.0,0.15,skip,training_upload_trigger_not_confirmed,1785296362.078439,1785296362078438924,1385030295137714,47.5,53.3671875,-1.0,0,0
2026-07-28T23:39:22.184,10.42.0.145,10.42.0.1,43,3,UPLOAD,0.9854688349332961,UPLOAD,0.9854688349332961,0,39,100.0,3,0.0,79556.0,0,3,0.0,1.0,0.4590076441836116,0,0,1,0,0,0,0,0,0.45499999999999996,0.1,1.0,0.0,0.8,skip,attack_already_active,1785296362.1845107,1785296362184510737,1385030401210088,47.5,53.3671875,-1.0,0,0
2026-07-28T23:39:22.284,10.42.0.18,10.42.0.1,69,3,UPLOAD,0.9841010226033655,UPLOAD,0.9841010226033655,0,39,100.0,2,0.0,76635.0,0,2,0.0,1.0,0.30283260680732055,0,0,0,0,0,0,0,0,0.45499999999999996,0.1,1.0,0.0,0.8,skip,already_attacked_this_round,1785296362.284028,1785296362284028130,1385030500726555,47.5,53.3671875,-1.0,0,0
2026-07-28T23:39:22.765,10.42.0.47,10.42.0.1|10.42.0.47,99,3,UPLOAD,0.95,UPLOAD,0.95,1,5792,100.0,1,0.0,5792.0,0,1,0.0,1.0,0.22524509772464157,1,0,0,1,1,1,1,1,0.9699999999999999,1.0,1.0,1.0,0.8,trigger,training_upload_trigger_confirmed,1785296362.7653694,1785296362765369461,1385030982068203,7.6,53.3671875,8.260673,1785296362773631603,1385030990328876
2026-07-28T23:39:22.767,10.42.0.47,10.42.0.1|10.42.0.47,99,3,UPLOAD,0.95,UPLOAD,0.95,1,1448,100.0,2,0.0,7240.0,0,2,0.0,1.0,0.19582987061658041,1,0,1,1,1,1,1,1,0.9699999999999999,1.0,1.0,1.0,0.8,skip,attack_already_active,1785296362.7673905,1785296362767390509,1385030984089590,7.6,53.3671875,-1.0,0,0
2026-07-28T23:39:22.768,10.42.0.47,10.42.0.1|10.42.0.47,99,3,UPLOAD,0.95,UPLOAD,0.95,1,7240,100.0,3,0.0,14480.0,0,3,0.0,1.0,0.1701293964144368,1,0,1,1,1,1,1,1,0.9699999999999999,1.0,1.0,1.0,0.8,skip,attack_already_active,1785296362.7681866,1785296362768186521,1385030984884671,7.6,53.3671875,-1.0,0,0
2026-07-28T23:39:22.769,10.42.0.47,10.42.0.1|10.42.0.47,99,3,UPLOAD,0.95,UPLOAD,0.95,1,10136,100.0,4,0.0,24616.0,0,4,0.0,1.0,0.14788960813454316,1,0,1,1,1,1,1,1,0.9699999999999999,1.0,1.0,1.0,0.8,skip,attack_already_active,1785296362.7695444,1785296362769544457,1385030986242987,7.6,53.3671875,-1.0,0,0
2026-07-28T23:39:22.770,10.42.0.47,10.42.0.1|10.42.0.47,99,3,UPLOAD,0.95,UPLOAD,0.95,1,1448,100.0,5,0.0,26064.0,0,5,0.0,1.0,0.1285364088319632,1,0,1,1,1,1,1,1,0.9699999999999999,1.0,1.0,1.0,0.8,skip,attack_already_active,1785296362.770568,1785296362770567840,1385030987266246,7.6,53.3671875,-1.0,0,0
2026-07-28T23:39:22.771,10.42.0.47,10.42.0.1|10.42.0.47,99,3,UPLOAD,0.95,UPLOAD,0.95,1,2896,100.0,6,0.0,28960.0,0,6,0.0,1.0,0.11173060809599432,1,0,1,1,1,1,1,1,0.9699999999999999,1.0,1.0,1.0,0.8,skip,attack_already_active,1785296362.7715697,1785296362771569601,1385030988267897,7.6,53.3671875,-1.0,0,0
2026-07-28T23:39:22.772,10.42.0.47,10.42.0.1|10.42.0.47,99,3,UPLOAD,0.95,UPLOAD,0.95,1,1448,100.0,7,0.0,30408.0,0,7,0.0,1.0,0.09709363897133318,1,0,1,1,1,1,1,1,0.9699999999999999,1.0,1.0,1.0,0.8,skip,attack_already_active,1785296362.7722244,1785296362772224392,1385030988922477,7.6,53.3671875,-1.0,0,0
2026-07-28T23:39:22.773,10.42.0.47,10.42.0.1|10.42.0.47,99,3,UPLOAD,0.95,UPLOAD,0.95,1,5792,100.0,8,0.0,36200.0,0,8,0.0,1.0,0.08447825591841096,1,0,1,1,1,1,1,1,0.9699999999999999,1.0,1.0,1.0,0.8,skip,attack_already_active,1785296362.7735834,1785296362773583488,1385030990282047,7.6,53.3671875,-1.0,0,0
2026-07-28T23:39:22.774,10.42.0.47,10.42.0.1|10.42.0.47,99,3,UPLOAD,0.95,UPLOAD,0.95,1,7240,100.0,9,0.0,43440.0,0,9,0.0,1.0,0.07348375577263232,1,0,1,1,1,1,1,1,0.9699999999999999,1.0,1.0,1.0,0.8,skip,attack_already_active,1785296362.7746274,1785296362774627436,1385030991325728,7.6,53.3671875,-1.0,0,0
2026-07-28T23:39:22.775,10.42.0.47,10.42.0.1|10.42.0.47,99,3,UPLOAD,0.95,UPLOAD,0.95,1,2896,100.0,10,0.0,46336.0,0,10,0.0,1.0,0.06388825333479645,1,0,1,1,1,1,1,1,0.9699999999999999,1.0,1.0,1.0,0.8,skip,attack_already_active,1785296362.7752936,1785296362775293753,1385030991991873,7.6,53.3671875,-1.0,0,0
2026-07-28T23:39:22.776,10.42.0.47,10.42.0.1|10.42.0.47,99,3,UPLOAD,0.95,UPLOAD,0.95,1,5792,100.0,11,0.0,52128.0,0,11,0.0,1.0,0.05562549473847688,1,0,1,1,1,1,1,1,0.9699999999999999,1.0,1.0,1.0,0.8,skip,attack_already_active,1785296362.776478,1785296362776477933,1385030993176042,7.6,53.3671875,-1.0,0,0
2026-07-28T23:39:22.777,10.42.0.47,10.42.0.1|10.42.0.47,99,3,UPLOAD,0.95,UPLOAD,0.95,1,5792,100.0,12,0.0,57920.0,0,12,0.0,1.0,0.04841922817833043,1,0,1,1,1,1,1,1,0.9699999999999999,1.0,1.0,1.0,0.8,skip,attack_already_active,1785296362.7774172,1785296362777417226,1385030994115718,7.6,53.3671875,-1.0,0,0
2026-07-28T23:39:22.778,10.42.0.47,10.42.0.1|10.42.0.47,99,3,UPLOAD,0.95,UPLOAD,0.95,1,4344,100.0,13,0.0,62264.0,0,13,0.0,1.0,0.042155400380281836,1,0,1,1,1,1,1,1,0.9699999999999999,1.0,1.0,1.0,0.8,skip,attack_already_active,1785296362.778302,1785296362778301864,1385030994999956,7.6,53.3671875,-1.0,0,0
2026-07-28T23:39:22.778,10.42.0.47,10.42.0.1|10.42.0.47,99,3,UPLOAD,0.95,UPLOAD,0.95,1,1448,100.0,14,0.0,63712.0,0,14,0.0,1.0,0.036685190671508446,1,0,1,1,1,1,1,1,0.9699999999999999,1.0,1.0,1.0,0.8,skip,attack_already_active,1785296362.7789454,1785296362778945630,1385030995643869,7.6,53.3671875,-1.0,0,0
2026-07-28T23:39:22.780,10.42.0.47,10.42.0.1|10.42.0.47,99,3,UPLOAD,0.95,UPLOAD,0.95,1,2896,100.0,15,0.0,66608.0,0,15,0.0,1.0,0.032016086606779376,1,0,1,1,1,1,1,1,0.9699999999999999,1.0,1.0,1.0,0.8,skip,attack_already_active,1785296362.780198,1785296362780198066,1385030996896582,7.6,53.3671875,-1.0,0,0
2026-07-28T23:39:22.780,10.42.0.47,10.42.0.1|10.42.0.47,99,3,UPLOAD,0.95,UPLOAD,0.95,1,7240,100.0,16,0.0,73848.0,0,16,0.0,1.0,0.02790180401527588,1,0,1,1,1,1,1,1,0.9699999999999999,1.0,1.0,1.0,0.8,skip,attack_already_active,1785296362.780992,1785296362780991970,1385030997690604,7.6,53.3671875,-1.0,0,0
2026-07-28T23:39:22.782,10.42.0.47,10.42.0.1|10.42.0.47,99,3,UPLOAD,0.95,UPLOAD,0.95,1,1448,100.0,17,0.0,75296.0,0,17,0.0,1.0,0.024452772519658494,1,0,1,1,1,1,1,1,0.9699999999999999,1.0,1.0,1.0,0.8,skip,attack_already_active,1785296362.78272,1785296362782719968,1385030999418763,7.6,53.3671875,-1.0,0,0
2026-07-28T23:39:22.783,10.42.0.47,10.42.0.1|10.42.0.47,99,3,UPLOAD,0.95,UPLOAD,0.95,1,4233,100.0,18,0.0,79529.0,0,18,0.0,1.0,0.02134588640296965,1,0,1,1,1,1,1,1,0.9699999999999999,1.0,1.0,1.0,0.8,skip,attack_already_active,1785296362.7835956,1785296362783595552,1385031000294282,7.6,53.3671875,-1.0,0,0
2026-07-28T23:39:22.785,10.42.0.1,10.42.0.1|10.42.0.47,99,3,UPLOAD,0.9662967540789017,UPLOAD,0.9662967540789017,1,7240,100.0,1,0.0,7240.0,0,1,0.0,1.0,0.07418420573731838,1,0,1,1,1,1,1,1,0.9699999999999999,1.0,1.0,1.0,0.8,skip,attack_already_active,1785296362.7850902,1785296362785090402,1385031001789048,7.6,53.3671875,-1.0,0,0
2026-07-28T23:39:22.785,10.42.0.1,10.42.0.1|10.42.0.47,99,3,UPLOAD,0.9801801918571872,UPLOAD,0.9801801918571872,1,7240,100.0,2,0.0,14480.0,0,2,0.0,1.0,0.06452536879551832,1,0,1,1,1,1,1,1,0.9699999999999999,1.0,1.0,1.0,0.8,skip,attack_already_active,1785296362.7859762,1785296362785976044,1385031002674437,7.6,53.3671875,-1.0,0,0
2026-07-28T23:39:22.787,10.42.0.1,10.42.0.1|10.42.0.47,99,3,UPLOAD,0.981129482946962,UPLOAD,0.981129482946962,1,10136,100.0,3,0.0,24616.0,0,3,0.0,1.0,0.05619923309826046,1,0,1,1,1,1,1,1,0.9699999999999999,1.0,1.0,1.0,0.8,skip,attack_already_active,1785296362.7873168,1785296362787316739,1385031004015661,7.6,53.3671875,-1.0,0,0
2026-07-28T23:39:22.788,10.42.0.1,10.42.0.1|10.42.0.47,99,3,UPLOAD,0.9814852403880364,UPLOAD,0.9814852403880364,1,4344,100.0,4,0.0,28960.0,0,4,0.0,1.0,0.04893615012453337,1,0,1,1,1,1,1,1,0.9699999999999999,1.0,1.0,1.0,0.8,skip,attack_already_active,1785296362.7883985,1785296362788398477,1385031005096682,7.6,53.3671875,-1.0,0,0
2026-07-28T23:39:22.789,10.42.0.1,10.42.0.1|10.42.0.47,99,3,UPLOAD,0.9818917969148809,UPLOAD,0.9818917969148809,1,14480,100.0,5,0.0,43440.0,0,5,0.0,1.0,0.042578631381588544,1,0,1,1,1,1,1,1,0.9699999999999999,1.0,1.0,1.0,0.8,skip,attack_already_active,1785296362.7890892,1785296362789089357,1385031005787506,31.7,53.3671875,-1.0,0,0
2026-07-28T23:39:22.790,10.42.0.1,10.42.0.1|10.42.0.47,99,3,UPLOAD,0.9823899030408791,UPLOAD,0.9823899030408791,1,13032,100.0,6,0.0,56472.0,0,6,0.0,1.0,0.03716050684681133,1,0,1,1,1,1,1,1,0.9699999999999999,1.0,1.0,1.0,0.8,skip,attack_already_active,1785296362.7905512,1785296362790551218,1385031007249814,31.7,53.3671875,-1.0,0,0
2026-07-28T23:39:22.791,10.42.0.1,10.42.0.1|10.42.0.47,99,3,UPLOAD,0.9827679720853512,UPLOAD,0.9827679720853512,1,2896,100.0,7,0.0,59368.0,0,7,0.0,1.0,0.032391161520088176,1,0,1,1,1,1,1,1,0.9699999999999999,1.0,1.0,1.0,0.8,skip,attack_already_active,1785296362.7915184,1785296362791518463,1385031008216866,31.7,53.3671875,-1.0,0,0
2026-07-28T23:39:22.792,10.42.0.1,10.42.0.1|10.42.0.47,99,3,UPLOAD,0.9831640721915758,UPLOAD,0.9831640721915758,1,5792,100.0,8,0.0,65160.0,0,8,0.0,1.0,0.028244136313862883,1,0,1,1,1,1,1,1,0.9699999999999999,1.0,1.0,1.0,0.8,skip,attack_already_active,1785296362.792439,1785296362792438975,1385031009137104,31.7,53.3671875,-1.0,0,0
2026-07-28T23:39:22.793,10.42.0.1,10.42.0.1|10.42.0.47,99,3,UPLOAD,0.9836787620384922,UPLOAD,0.9836787620384922,1,10136,100.0,9,0.0,75296.0,0,9,0.0,1.0,0.02464154101493196,1,0,1,1,1,1,1,1,0.9699999999999999,1.0,1.0,1.0,0.8,skip,attack_already_active,1785296362.793344,1785296362793343913,1385031010042107,31.7,53.3671875,-1.0,0,0
2026-07-28T23:39:22.794,10.42.0.1,10.42.0.1|10.42.0.47,99,3,UPLOAD,0.984101760882102,UPLOAD,0.984101760882102,1,4233,100.0,10,0.0,79529.0,0,10,0.0,1.0,0.02151050263213166,1,0,1,1,1,1,1,1,0.9699999999999999,1.0,1.0,1.0,0.8,skip,attack_already_active,1785296362.794225,1785296362794224969,1385031010923107,31.7,53.3671875,-1.0,0,0
2026-07-28T23:39:23.076,10.42.0.210,10.42.0.1|10.42.0.47,98,3,UPLOAD,0.95,UPLOAD,0.95,1,1448,100.0,1,0.0,1448.0,0,1,0.0,1.0,0.29122308049337187,0,0,0,1,1,1,1,1,0.9525,0.95,1.0,1.0,0.8,trigger,training_upload_trigger_confirmed,1785296363.0769339,1785296363076933971,1385031293632723,31.7,53.3671875,9.01412,1785296363085949564,1385031302646843
2026-07-28T23:39:23.077,10.42.0.210,10.42.0.1|10.42.0.47,98,3,UPLOAD,0.9841010226033655,UPLOAD,0.9841010226033655,1,1448,100.0,2,0.0,2896.0,0,2,0.0,1.0,0.252952059646364,0,0,1,1,1,1,1,1,0.9699999999999999,1.0,1.0,1.0,0.8,skip,attack_already_active,1785296363.0777287,1785296363077728838,1385031294427022,31.7,53.3671875,-1.0,0,0
2026-07-28T23:39:23.078,10.42.0.210,10.42.0.1|10.42.0.47,98,3,UPLOAD,0.9854688349332961,UPLOAD,0.9854688349332961,1,1448,100.0,3,0.0,4344.0,0,3,0.0,1.0,0.21975340049932646,0,0,1,1,1,1,1,1,0.9699999999999999,1.0,1.0,1.0,0.8,skip,attack_already_active,1785296363.0787454,1785296363078745367,1385031295443854,31.7,53.3671875,-1.0,0,0
2026-07-28T23:39:23.079,10.42.0.210,10.42.0.1|10.42.0.47,98,3,UPLOAD,0.9855076450773014,UPLOAD,0.9855076450773014,1,1448,100.0,4,0.0,5792.0,0,4,0.0,1.0,0.19089903348616938,0,0,1,1,1,1,1,1,0.9699999999999999,1.0,1.0,1.0,0.8,skip,attack_already_active,1785296363.079531,1785296363079531057,1385031296230041,31.7,53.3671875,-1.0,0,0
2026-07-28T23:39:23.080,10.42.0.210,10.42.0.1|10.42.0.47,98,3,UPLOAD,0.9855086980780915,UPLOAD,0.9855086980780915,1,1448,100.0,5,0.0,7240.0,0,5,0.0,1.0,0.16586858200320231,0,0,1,1,1,1,1,1,0.9699999999999999,1.0,1.0,1.0,0.8,skip,attack_already_active,1785296363.0804808,1785296363080480779,1385031297179029,31.7,53.3671875,-1.0,0,0
2026-07-28T23:39:23.081,10.42.0.210,10.42.0.1|10.42.0.47,98,3,UPLOAD,0.9855087254685951,UPLOAD,0.9855087254685951,1,1448,100.0,6,0.0,8688.0,0,6,0.0,1.0,0.144097453038275,0,0,1,1,1,1,1,1,0.9699999999999999,1.0,1.0,1.0,0.8,skip,attack_already_active,1785296363.0811343,1785296363081134222,1385031297832433,31.7,53.3671875,-1.0,0,0
2026-07-28T23:39:23.082,10.42.0.210,10.42.0.1|10.42.0.47,98,3,UPLOAD,0.9855087261493067,UPLOAD,0.9855087261493067,1,1448,100.0,7,0.0,10136.0,0,7,0.0,1.0,0.12523739670540934,0,0,1,1,1,1,1,1,0.9699999999999999,1.0,1.0,1.0,0.8,skip,attack_already_active,1785296363.082108,1785296363082107805,1385031298806523,31.7,53.3671875,-1.0,0,0
2026-07-28T23:39:23.082,10.42.0.210,10.42.0.1|10.42.0.47,98,3,UPLOAD,0.9855087261653082,UPLOAD,0.9855087261653082,1,1448,100.0,8,0.0,11584.0,0,8,0.0,1.0,0.10884068487494694,0,0,1,1,1,1,1,1,0.9699999999999999,1.0,1.0,1.0,0.8,skip,attack_already_active,1785296363.0829153,1785296363082915219,1385031299613794,31.7,53.3671875,-1.0,0,0
2026-07-28T23:39:23.084,10.42.0.210,10.42.0.1|10.42.0.47,98,3,UPLOAD,0.985508726165656,UPLOAD,0.985508726165656,1,1448,100.0,9,0.0,13032.0,0,9,0.0,1.0,0.09465349521971059,0,0,1,1,1,1,1,1,0.9699999999999999,1.0,1.0,1.0,0.8,skip,attack_already_active,1785296363.0840933,1785296363084093356,1385031300792879,31.7,53.3671875,-1.0,0,0
2026-07-28T23:39:23.085,10.42.0.210,10.42.0.1|10.42.0.47,98,3,UPLOAD,0.9855087261656625,UPLOAD,0.9855087261656625,1,1448,100.0,10,0.0,14480.0,0,10,0.0,1.0,0.08231793839784543,0,0,1,1,1,1,1,1,0.9699999999999999,1.0,1.0,1.0,0.8,skip,attack_already_active,1785296363.0851357,1785296363085135566,1385031301834419,31.7,53.3671875,-1.0,0,0
2026-07-28T23:39:23.086,10.42.0.210,10.42.0.1|10.42.0.47,98,3,UPLOAD,0.95,UPLOAD,0.95,1,1448,100.0,11,0.0,15928.0,0,11,0.0,1.0,0.07162712052212598,0,0,1,1,1,1,1,1,0.9699999999999999,1.0,1.0,1.0,0.8,skip,attack_already_active,1785296363.086324,1785296363086323913,1385031303022596,31.7,53.3671875,-1.0,0,0
2026-07-28T23:39:23.087,10.42.0.210,10.42.0.1|10.42.0.47,98,3,UPLOAD,0.95,UPLOAD,0.95,1,1448,100.0,12,0.0,17376.0,0,12,0.0,1.0,0.062287679753982375,0,0,1,1,1,1,1,1,0.9699999999999999,1.0,1.0,1.0,0.8,skip,attack_already_active,1785296363.0870767,1785296363087076722,1385031303774921,31.7,53.3671875,-1.0,0,0
2026-07-28T23:39:23.088,10.42.0.210,10.42.0.1|10.42.0.47,98,3,UPLOAD,0.95,UPLOAD,0.95,1,1448,100.0,13,0.0,18824.0,0,13,0.0,1.0,0.05420784291491533,0,0,1,1,1,1,1,1,0.9699999999999999,1.0,1.0,1.0,0.8,skip,attack_already_active,1785296363.0880487,1785296363088048576,1385031304746828,31.7,53.3671875,-1.0,0,0
2026-07-28T23:39:23.088,10.42.0.210,10.42.0.1|10.42.0.47,98,3,UPLOAD,0.95,UPLOAD,0.95,1,1448,100.0,14,0.0,20272.0,0,14,0.0,1.0,0.04715634083950204,0,0,1,1,1,1,1,1,0.9699999999999999,1.0,1.0,1.0,0.8,skip,attack_already_active,1785296363.0887446,1785296363088744740,1385031305442946,31.7,53.3671875,-1.0,0,0
2026-07-28T23:39:23.090,10.42.0.210,10.42.0.1|10.42.0.47,98,3,UPLOAD,0.95,UPLOAD,0.95,1,1448,100.0,15,0.0,21720.0,0,15,0.0,1.0,0.04111114520410227,0,0,1,1,1,1,1,1,0.9699999999999999,1.0,1.0,1.0,0.8,skip,attack_already_active,1785296363.0900257,1785296363090025766,1385031306724054,31.7,53.3671875,-1.0,0,0
2026-07-28T23:39:23.090,10.42.0.210,10.42.0.1|10.42.0.47,98,3,UPLOAD,0.95,UPLOAD,0.95,1,1448,100.0,16,0.0,23168.0,0,16,0.0,1.0,0.03579830326238143,0,0,1,1,1,1,1,1,0.9699999999999999,1.0,1.0,1.0,0.8,skip,attack_already_active,1785296363.0908191,1785296363090819131,1385031307517494,31.7,53.3671875,-1.0,0,0
2026-07-28T23:39:23.091,10.42.0.210,10.42.0.1|10.42.0.47,98,3,UPLOAD,0.95,UPLOAD,0.95,1,1448,100.0,17,0.0,24616.0,0,17,0.0,1.0,0.03121329988154503,0,0,1,1,1,1,1,1,0.9699999999999999,1.0,1.0,1.0,0.8,skip,attack_already_active,1785296363.091823,1785296363091822993,1385031308521752,31.7,53.3671875,-1.0,0,0
2026-07-28T23:39:23.092,10.42.0.210,10.42.0.1|10.42.0.47,98,3,UPLOAD,0.95,UPLOAD,0.95,1,1448,100.0,18,0.0,26064.0,0,18,0.0,1.0,0.027195944354494937,0,0,1,1,1,1,1,1,0.9699999999999999,1.0,1.0,1.0,0.8,skip,attack_already_active,1785296363.0925498,1785296363092549868,1385031309248011,31.7,53.3671875,-1.0,0,0
2026-07-28T23:39:23.093,10.42.0.210,10.42.0.1|10.42.0.47,98,3,UPLOAD,0.95,UPLOAD,0.95,1,1448,100.0,19,0.0,27512.0,0,19,0.0,1.0,0.023748439434266643,0,0,1,1,1,1,1,1,0.9699999999999999,1.0,1.0,1.0,0.8,skip,attack_already_active,1785296363.0935836,1785296363093583673,1385031310282052,31.7,53.3671875,-1.0,0,0
2026-07-28T23:39:23.094,10.42.0.210,10.42.0.1|10.42.0.47,98,3,UPLOAD,0.95,UPLOAD,0.95,1,1448,100.0,20,0.0,28960.0,0,20,0.0,1.0,0.020710583402175905,0,0,1,1,1,1,1,1,0.9699999999999999,1.0,1.0,1.0,0.8,skip,attack_already_active,1785296363.0942786,1785296363094278556,1385031310976684,31.7,53.3671875,-1.0,0,0
2026-07-28T23:39:23.095,10.42.0.210,10.42.0.1|10.42.0.47,98,3,UPLOAD,0.95,UPLOAD,0.95,1,1448,100.0,21,0.0,30408.0,0,21,0.0,1.0,0.018113033689056847,0,0,1,1,1,1,1,1,0.9699999999999999,1.0,1.0,1.0,0.8,skip,attack_already_active,1785296363.095277,1785296363095276988,1385031311975323,31.7,53.3671875,-1.0,0,0
2026-07-28T23:39:23.095,10.42.0.210,10.42.0.1|10.42.0.47,98,3,UPLOAD,0.95,UPLOAD,0.95,1,1448,100.0,22,0.0,31856.0,0,22,0.0,1.0,0.015820544993825295,0,0,1,1,1,1,1,1,0.9699999999999999,1.0,1.0,1.0,0.8,skip,attack_already_active,1785296363.095993,1785296363095993211,1385031312691323,31.7,53.3671875,-1.0,0,0
2026-07-28T23:39:23.096,10.42.0.210,10.42.0.1|10.42.0.47,98,3,UPLOAD,0.95,UPLOAD,0.95,1,1448,100.0,23,0.0,33304.0,0,23,0.0,1.0,0.013864361416082915,0,0,1,1,1,1,1,1,0.9699999999999999,1.0,1.0,1.0,0.8,skip,attack_already_active,1785296363.0969687,1785296363096968652,1385031313666902,31.7,53.3671875,-1.0,0,0
2026-07-28T23:39:23.097,10.42.0.210,10.42.0.1|10.42.0.47,98,3,UPLOAD,0.95,UPLOAD,0.95,1,1448,100.0,24,0.0,34752.0,0,24,0.0,1.0,0.01213104806807959,0,0,1,1,1,1,1,1,0.9699999999999999,1.0,1.0,1.0,0.8,skip,attack_already_active,1785296363.0976794,1785296363097679273,1385031314377461,31.7,53.3671875,-1.0,0,0
2026-07-28T23:39:23.098,10.42.0.210,10.42.0.1|10.42.0.47,98,3,UPLOAD,0.95,UPLOAD,0.95,1,1448,100.0,25,0.0,36200.0,0,25,0.0,1.0,0.01066217701715872,0,0,1,1,1,1,1,1,0.9699999999999999,1.0,1.0,1.0,0.8,skip,attack_already_active,1785296363.0986636,1785296363098663615,1385031315361910,31.7,53.3671875,-1.0,0,0
2026-07-28T23:39:23.099,10.42.0.210,10.42.0.1|10.42.0.47,98,3,UPLOAD,0.95,UPLOAD,0.95,1,1448,100.0,26,0.0,37648.0,0,26,0.0,1.0,0.009355856614341134,0,0,1,1,1,1,1,1,0.9699999999999999,1.0,1.0,1.0,0.8,skip,attack_already_active,1785296363.0994124,1785296363099412476,1385031316110883,31.7,53.3671875,-1.0,0,0
2026-07-28T23:39:23.100,10.42.0.210,10.42.0.1|10.42.0.47,98,3,UPLOAD,0.95,UPLOAD,0.95,1,1448,100.0,27,0.0,39096.0,0,27,0.0,1.0,0.008259408284085059,0,0,1,1,1,1,1,1,0.9699999999999999,1.0,1.0,1.0,0.8,skip,attack_already_active,1785296363.1004477,1785296363100447783,1385031317145963,31.7,53.3671875,-1.0,0,0
2026-07-28T23:39:23.101,10.42.0.210,10.42.0.1|10.42.0.47,98,3,UPLOAD,0.95,UPLOAD,0.95,1,1448,100.0,28,0.0,40544.0,0,28,0.0,1.0,0.007312030802416594,0,0,1,1,1,1,1,1,0.9699999999999999,1.0,1.0,1.0,0.8,skip,attack_already_active,1785296363.1015177,1785296363101517571,1385031318216125,31.7,53.3671875,-1.0,0,0
2026-07-28T23:39:23.102,10.42.0.210,10.42.0.1|10.42.0.47,98,3,UPLOAD,0.95,UPLOAD,0.95,1,1448,100.0,29,0.0,41992.0,0,29,0.0,1.0,0.006501369293184959,0,0,1,1,1,1,1,1,0.9699999999999999,1.0,1.0,1.0,0.8,skip,attack_already_active,1785296363.1026778,1785296363102677793,1385031319376410,31.7,53.3671875,-1.0,0,0
2026-07-28T23:39:23.103,10.42.0.210,10.42.0.1|10.42.0.47,98,3,UPLOAD,0.95,UPLOAD,0.95,1,1448,100.0,30,0.0,43440.0,0,30,0.0,1.0,0.005765612112382898,0,0,1,1,1,1,1,1,0.9699999999999999,1.0,1.0,1.0,0.8,skip,attack_already_active,1785296363.1035957,1785296363103595685,1385031320294112,31.7,53.3671875,-1.0,0,0
2026-07-28T23:39:23.104,10.42.0.210,10.42.0.1|10.42.0.47,98,3,UPLOAD,0.95,UPLOAD,0.95,1,1448,100.0,31,0.0,44888.0,0,31,0.0,1.0,0.005143648713380741,0,0,1,1,1,1,1,1,0.9699999999999999,1.0,1.0,1.0,0.8,skip,attack_already_active,1785296363.1046414,1785296363104641648,1385031321340120,31.7,53.3671875,-1.0,0,0
2026-07-28T23:39:23.105,10.42.0.210,10.42.0.1|10.42.0.47,98,3,UPLOAD,0.95,UPLOAD,0.95,1,1448,100.0,32,0.0,46336.0,0,32,0.0,1.0,0.00456393251413212,0,0,1,1,1,1,1,1,0.9699999999999999,1.0,1.0,1.0,0.8,skip,attack_already_active,1785296363.1053858,1785296363105385804,1385031322084146,31.7,53.3671875,-1.0,0,0
2026-07-28T23:39:23.106,10.42.0.210,10.42.0.1|10.42.0.47,98,3,UPLOAD,0.95,UPLOAD,0.95,1,1448,100.0,33,0.0,47784.0,0,33,0.0,1.0,0.004107702914020727,0,0,1,1,1,1,1,1,0.9699999999999999,1.0,1.0,1.0,0.8,skip,attack_already_active,1785296363.1064875,1785296363106487662,1385031323186092,31.7,53.3671875,-1.0,0,0
2026-07-28T23:39:23.107,10.42.0.210,10.42.0.1|10.42.0.47,98,3,UPLOAD,0.95,UPLOAD,0.95,1,1448,100.0,34,0.0,49232.0,0,34,0.0,1.0,0.0036761538078528785,0,0,1,1,1,1,1,1,0.9699999999999999,1.0,1.0,1.0,0.8,skip,attack_already_active,1785296363.1073203,1785296363107320224,1385031324018510,31.7,53.3671875,-1.0,0,0
2026-07-28T23:39:23.108,10.42.0.210,10.42.0.1|10.42.0.47,98,3,UPLOAD,0.95,UPLOAD,0.95,1,1448,100.0,35,0.0,50680.0,0,35,0.0,1.0,0.0033244066174814967,0,0,1,1,1,1,1,1,0.9699999999999999,1.0,1.0,1.0,0.8,skip,attack_already_active,1785296363.1083272,1785296363108327067,1385031325025311,31.7,53.3671875,-1.0,0,0
2026-07-28T23:39:23.109,10.42.0.210,10.42.0.1|10.42.0.47,98,3,UPLOAD,0.95,UPLOAD,0.95,1,1448,100.0,36,0.0,52128.0,0,36,0.0,1.0,0.002980084466553792,0,0,1,1,1,1,1,1,0.9699999999999999,1.0,1.0,1.0,0.8,skip,attack_already_active,1785296363.1090386,1785296363109038598,1385031325736835,31.7,53.3671875,-1.0,0,0
2026-07-28T23:39:23.109,10.42.0.210,10.42.0.1|10.42.0.47,98,3,UPLOAD,0.95,UPLOAD,0.95,1,1448,100.0,37,0.0,53576.0,0,37,0.0,1.0,0.0026792187177781604,0,0,1,1,1,1,1,1,0.9699999999999999,1.0,1.0,1.0,0.8,skip,attack_already_active,1785296363.1097355,1785296363109735336,1385031326433855,31.7,53.3671875,-1.0,0,0
2026-07-28T23:39:23.110,10.42.0.210,10.42.0.1|10.42.0.47,98,3,UPLOAD,0.95,UPLOAD,0.95,1,1448,100.0,38,0.0,55024.0,0,38,0.0,1.0,0.002460695750732073,0,0,1,1,1,1,1,1,0.9699999999999999,1.0,1.0,1.0,0.8,skip,attack_already_active,1785296363.1107564,1785296363110756436,1385031327454714,31.7,53.3671875,-1.0,0,0
2026-07-28T23:39:23.111,10.42.0.210,10.42.0.1|10.42.0.47,98,3,UPLOAD,0.95,UPLOAD,0.95,1,1448,100.0,39,0.0,56472.0,0,39,0.0,1.0,0.002235435359885236,0,0,1,1,1,1,1,1,0.9699999999999999,1.0,1.0,1.0,0.8,skip,attack_already_active,1785296363.1115077,1785296363111507801,1385031328205988,31.7,53.3671875,-1.0,0,0
2026-07-28T23:39:23.112,10.42.0.210,10.42.0.1|10.42.0.47,98,3,UPLOAD,0.95,UPLOAD,0.95,1,1448,100.0,40,0.0,57920.0,0,40,0.0,1.0,0.0020337007109855238,0,0,1,1,1,1,1,1,0.9699999999999999,1.0,1.0,1.0,0.8,skip,attack_already_active,1785296363.1122122,1785296363112212218,1385031328910377,31.7,53.3671875,-1.0,0,0
2026-07-28T23:39:23.112,10.42.0.210,10.42.0.1|10.42.0.47,98,3,UPLOAD,0.95,UPLOAD,0.95,1,1448,100.0,41,0.0,59368.0,0,41,0.0,1.0,0.0018559418873069736,0,0,1,1,1,1,1,1,0.9699999999999999,1.0,1.0,1.0,0.8,skip,attack_already_active,1785296363.112897,1785296363112897067,1385031329595236,31.7,53.3671875,-1.0,0,0
2026-07-28T23:39:23.113,10.42.0.1,10.42.0.1|10.42.0.47,99,3,UPLOAD,0.9845670598133616,UPLOAD,0.9845670598133616,1,7240,100.0,11,0.0,86769.0,0,11,0.0,1.0,0.06075817615217112,1,0,1,1,1,1,1,1,0.9699999999999999,1.0,1.0,1.0,0.8,skip,attack_already_active,1785296363.1135752,1785296363113575288,1385031330273626,31.7,53.3671875,-1.0,0,0
2026-07-28T23:39:23.114,10.42.0.1,10.42.0.1|10.42.0.47,99,3,UPLOAD,0.9850786646514275,UPLOAD,0.9850786646514275,1,7240,100.0,12,0.0,94009.0,0,12,0.0,1.0,0.05284595795760243,1,0,1,1,1,1,1,1,0.9699999999999999,1.0,1.0,1.0,0.8,skip,attack_already_active,1785296363.1142898,1785296363114289635,1385031330988627,31.7,53.3671875,-1.0,0,0
2026-07-28T23:39:23.116,10.42.0.1,10.42.0.1|10.42.0.47,99,3,UPLOAD,0.9854066566213311,UPLOAD,0.9854066566213311,1,10136,100.0,13,0.0,104145.0,0,13,0.0,1.0,0.046235625170801785,1,0,1,1,1,1,1,1,0.9699999999999999,1.0,1.0,1.0,0.8,skip,attack_already_active,1785296363.1169717,1785296363116971786,1385031333670140,31.7,53.3671875,-1.0,0,0
2026-07-28T23:39:23.117,10.42.0.1,10.42.0.1|10.42.0.47,99,3,UPLOAD,0.9854410238574597,UPLOAD,0.9854410238574597,1,4344,100.0,14,0.0,108489.0,0,14,0.0,1.0,0.04024537121490704,1,0,1,1,1,1,1,1,0.9699999999999999,1.0,1.0,1.0,0.8,skip,attack_already_active,1785296363.117749,1785296363117748890,1385031334447500,31.7,53.3671875,-1.0,0,0
2026-07-28T23:39:23.118,10.42.0.1,10.42.0.1|10.42.0.47,99,3,UPLOAD,0.9854585823479616,UPLOAD,0.9854585823479616,1,14480,100.0,15,0.0,122969.0,0,15,0.0,1.0,0.0350743263994827,1,0,1,1,1,1,1,1,0.9699999999999999,1.0,1.0,1.0,0.8,skip,attack_already_active,1785296363.1187527,1785296363118752733,1385031335451305,31.7,53.3671875,-1.0,0,0
2026-07-28T23:39:23.120,10.42.0.1,10.42.0.1|10.42.0.47,99,3,UPLOAD,0.9854649572158104,UPLOAD,0.9854649572158104,1,14480,100.0,16,0.0,137449.0,0,16,0.0,1.0,0.030617775875823205,1,0,1,1,1,1,1,1,0.9699999999999999,1.0,1.0,1.0,0.8,skip,attack_already_active,1785296363.1200075,1785296363120007463,1385031336706033,31.7,53.3671875,-1.0,0,0
2026-07-28T23:39:23.120,10.42.0.1,10.42.0.1|10.42.0.47,99,3,UPLOAD,0.9854653754001854,UPLOAD,0.9854653754001854,1,5792,100.0,17,0.0,143241.0,0,17,0.0,1.0,0.026676758819527864,1,0,1,1,1,1,1,1,0.9699999999999999,1.0,1.0,1.0,0.8,skip,attack_already_active,1785296363.120718,1785296363120718158,1385031337416306,31.7,53.3671875,-1.0,0,0
2026-07-28T23:39:23.121,10.42.0.1,10.42.0.1|10.42.0.47,99,3,UPLOAD,0.9854688780422906,UPLOAD,0.9854688780422906,1,8688,100.0,18,0.0,151929.0,0,18,0.0,1.0,0.023321797923248684,1,0,1,1,1,1,1,1,0.9699999999999999,1.0,1.0,1.0,0.8,skip,attack_already_active,1785296363.121935,1785296363121934920,1385031338633010,31.7,53.3671875,-1.0,0,0
2026-07-28T23:39:23.122,10.42.0.1,10.42.0.1|10.42.0.47,99,3,UPLOAD,0.9854702252645753,UPLOAD,0.9854702252645753,1,7130,100.0,19,0.0,159059.0,0,19,0.0,1.0,0.020339879592300575,1,0,1,1,1,1,1,1,0.9699999999999999,1.0,1.0,1.0,0.8,skip,attack_already_active,1785296363.1226277,1785296363122627731,1385031339325992,31.7,53.3671875,-1.0,0,0
2026-07-28T23:39:23.431,10.42.0.1,,100,1,DOWNLOAD,0.9853916461660125,DOWNLOAD,0.9853916461660125,-1,1448,100.0,20,1448.0,159059.0,1,19,0.009021413396300472,0.9909785866036995,0.17463038912307285,0,0,0,0,1,0,0,0,0.44,0.8500000000000001,0.0,0.6000000000000001,0.15,skip,training_upload_trigger_not_confirmed,1785296363.4312136,1785296363431213597,1385031647912421,63.2,53.3671875,-1.0,0,0
2026-07-28T23:39:23.435,10.42.0.1,,100,1,DOWNLOAD,0.95,DOWNLOAD,0.95,-1,5792,21.96947513522521,21,7240.0,159059.0,2,19,0.04353604050535481,0.9564639594946451,0.1521566495697497,0,0,0,0,1,0,0,0,0.44,0.8500000000000001,0.0,0.6000000000000001,0.15,skip,training_upload_trigger_not_confirmed,1785296363.435297,1785296363435296980,1385031651997218,63.2,53.3671875,-1.0,0,0
2026-07-28T23:39:23.436,10.42.0.1,,100,1,DOWNLOAD,0.95,DOWNLOAD,0.95,-1,7240,10.98473756837122,22,14480.0,159059.0,3,19,0.08343945741303108,0.916560542586969,0.13227148101850464,0,0,0,0,1,0,0,0,0.44,0.8500000000000001,0.0,0.6000000000000001,0.15,skip,training_upload_trigger_not_confirmed,1785296363.4365506,1785296363436550635,1385031653249322,63.2,53.3671875,-1.0,0,0
2026-07-28T23:39:23.437,10.42.0.1,,100,1,DOWNLOAD,0.95,DOWNLOAD,0.95,-1,7240,7.323158379082728,23,21720.0,159059.0,4,19,0.12014669845501967,0.8798533015449803,0.11502212739080359,0,0,0,0,1,0,0,0,0.44,0.8500000000000001,0.0,0.6000000000000001,0.15,skip,training_upload_trigger_not_confirmed,1785296363.4379215,1785296363437921489,1385031654621407,63.2,53.3671875,-1.0,0,0
2026-07-28T23:39:23.439,10.42.0.1,,100,1,DOWNLOAD,0.9586441813857782,DOWNLOAD,0.9586441813857782,-1,7240,5.492368784375263,24,28960.0,159059.0,5,19,0.1540269866343295,0.8459730133656705,0.10008748917241865,0,0,0,0,1,0,0,0,0.4,0.8500000000000001,0.0,0.4,0.15,skip,training_upload_trigger_not_confirmed,1785296363.4396088,1785296363439608913,1385031656308243,63.2,53.3671875,-1.0,0,0
2026-07-28T23:39:23.442,10.42.0.1,,100,1,DOWNLOAD,0.9573784412587719,DOWNLOAD,0.9573784412587719,-1,7240,4.393895027530555,25,36200.0,159059.0,6,19,0.18539478333905224,0.8146052166609478,0.08727674851554586,0,0,0,0,1,0,0,0,0.4,0.8500000000000001,0.0,0.4,0.15,skip,training_upload_trigger_not_confirmed,1785296363.4424791,1785296363442479025,1385031659177641,63.2,53.3671875,-1.0,0,0
2026-07-28T23:39:23.443,10.42.0.1,,100,1,DOWNLOAD,0.95,DOWNLOAD,0.95,-1,7240,3.6615791896256544,26,43440.0,159059.0,7,19,0.21451957787445863,0.7854804221255414,0.07592240105915109,0,0,0,0,1,0,0,0,0.4,0.8500000000000001,0.0,0.4,0.15,skip,training_upload_trigger_not_confirmed,1785296363.4435909,1785296363443590791,1385031660289414,63.2,53.3671875,-1.0,0,0
2026-07-28T23:39:23.446,10.42.0.1,,100,1,DOWNLOAD,0.95,DOWNLOAD,0.95,-1,7240,3.138496448260882,27,50680.0,159059.0,8,19,0.2416336494404951,0.7583663505595049,0.06626436464762768,0,0,0,0,1,0,0,0,0.4,0.8500000000000001,0.0,0.4,0.15,skip,training_upload_trigger_not_confirmed,1785296363.446221,1785296363446221111,1385031662919596,63.2,53.3671875,-1.0,0,0
2026-07-28T23:39:23.447,10.42.0.1,,100,1,DOWNLOAD,0.95,DOWNLOAD,0.95,-1,7240,2.7461843922350453,28,57920.0,159059.0,9,19,0.26693827513261653,0.7330617248673835,0.05767247232965842,0,0,0,0,1,0,0,0,0.32,0.8500000000000001,0.0,0.0,0.15,skip,training_upload_trigger_not_confirmed,1785296363.447284,1785296363447284085,1385031663982588,63.2,53.3671875,-1.0,0,0
2026-07-28T23:39:23.448,10.42.0.1,,100,1,DOWNLOAD,0.95,DOWNLOAD,0.95,-1,10136,2.3371782061634954,29,68056.0,159059.0,10,19,0.2996543601259274,0.7003456398740726,0.05021456285422142,0,0,0,0,1,0,0,0,0.32,0.8500000000000001,0.0,0.0,0.15,skip,training_upload_trigger_not_confirmed,1785296363.4483604,1785296363448360566,1385031665059334,63.2,53.3671875,-1.0,0,0
2026-07-28T23:39:23.449,10.42.0.1,,100,1,DOWNLOAD,0.95,DOWNLOAD,0.95,-1,10136,2.034210660923954,30,78192.0,159059.0,11,19,0.32957500706003345,0.6704249929399665,0.04373998095284495,0,0,0,0,1,0,0,0,0.32,0.8500000000000001,0.0,0.0,0.15,skip,training_upload_trigger_not_confirmed,1785296363.4494412,1785296363449441221,1385031666139724,63.2,53.3671875,-1.0,0,0
2026-07-28T23:39:23.450,10.42.0.1,,100,1,DOWNLOAD,0.95,DOWNLOAD,0.95,-1,4344,1.9271469419292535,31,82536.0,159059.0,12,19,0.34162958670502286,0.6583704132949771,0.038115504728946245,0,0,0,0,1,0,0,0,0.32,0.8500000000000001,0.0,0.0,0.15,skip,training_upload_trigger_not_confirmed,1785296363.4504986,1785296363450498484,1385031667197037,63.2,53.3671875,-1.0,0,0
2026-07-28T23:39:23.452,10.42.0.1,,100,1,DOWNLOAD,0.95,DOWNLOAD,0.95,-1,14480,1.639513070002479,32,97016.0,159059.0,13,19,0.3788577565166455,0.6211422434833545,0.03330002121445657,0,0,0,0,1,0,0,0,0.32,0.8500000000000001,0.0,0.0,0.15,skip,training_upload_trigger_not_confirmed,1785296363.4520707,1785296363452070572,1385031668769538,63.2,53.3671875,-1.0,0,0
2026-07-28T23:39:23.453,10.42.0.1,,100,1,DOWNLOAD,0.95,DOWNLOAD,0.95,-1,14480,1.4265892946793914,33,111496.0,159059.0,14,19,0.4121010515422003,0.5878989484577997,0.029055632169191513,0,0,0,0,1,0,0,0,0.32,0.8500000000000001,0.0,0.0,0.15,skip,training_upload_trigger_not_confirmed,1785296363.4531612,1785296363453161169,1385031669859645,63.2,53.3671875,-1.0,0,0
2026-07-28T23:39:23.454,10.42.0.1,,100,1,DOWNLOAD,0.95,DOWNLOAD,0.95,-1,13032,1.2772950661676308,34,124528.0,159059.0,15,19,0.4391174489662784,0.5608825510337215,0.02537287012933323,0,0,0,0,1,0,0,0,0.32,0.8500000000000001,0.0,0.0,0.15,skip,training_upload_trigger_not_confirmed,1785296363.4542694,1785296363454269323,1385031670968085,63.2,53.3671875,-1.0,0,0
2026-07-28T23:39:23.455,10.42.0.1,,100,1,DOWNLOAD,0.95,DOWNLOAD,0.95,-1,18824,1.1095694514195158,35,143352.0,159059.0,16,19,0.4740303758791843,0.5259696241208157,0.022175747693246043,0,0,0,0,1,0,0,0,0.30250000000000005,0.8000000000000002,0.0,0.0,0.15,skip,training_upload_trigger_not_confirmed,1785296363.4553802,1785296363455380289,1385031672079063,63.2,53.3671875,-1.0,0,0
2026-07-28T23:39:23.456,10.42.0.1,,100,1,DOWNLOAD,0.95,DOWNLOAD,0.95,-1,18824,0.9807801400948304,36,162176.0,159059.0,17,19,0.5048515884010149,0.49514841159898515,0.01940083547478979,0,0,0,0,1,0,0,0,0.30250000000000005,0.8000000000000002,0.0,0.0,0.15,skip,training_upload_trigger_not_confirmed,1785296363.456498,1785296363456497902,1385031673196733,63.2,53.3671875,-1.0,0,0
2026-07-28T23:39:23.458,10.42.0.1,,100,1,DOWNLOAD,0.95,DOWNLOAD,0.95,-1,16920,0.8881214544161337,37,179096.0,159059.0,18,19,0.529626946222886,0.470373053777114,0.017058756415535368,0,0,0,0,1,0,0,0,0.30250000000000005,0.8000000000000002,0.0,0.0,0.15,skip,training_upload_trigger_not_confirmed,1785296363.4581254,1785296363458125438,1385031674824251,63.2,53.3671875,-1.0,0,0
2026-07-28T23:39:23.459,10.42.0.18,,69,1,DOWNLOAD,0.95,DOWNLOAD,0.95,-1,7300,1.3698630135109776e-10,1,7300.0,0.0,1,0,1.0,0.0,0.4178566249102464,0,0,0,0,0,0,0,0,0.0225,0.0,0.0,0.0,0.15,skip,already_attacked_this_round,1785296363.4597461,1785296363459746071,1385031676444768,63.2,53.3671875,-1.0,0,0
2026-07-28T23:39:23.460,10.42.0.18,,69,1,DOWNLOAD,0.95,DOWNLOAD,0.95,-1,7300,6.84931506802402e-11,2,14600.0,0.0,2,0,1.0,0.0,0.3629413266269698,0,0,0,0,0,0,0,0,0.0225,0.0,0.0,0.0,0.15,skip,already_attacked_this_round,1785296363.4608657,1785296363460865667,1385031677564262,63.2,53.3671875,-1.0,0,0
2026-07-28T23:39:23.462,10.42.0.1,,100,1,DOWNLOAD,0.95,DOWNLOAD,0.95,-1,16920,0.811459268632094,38,196016.0,159059.0,19,19,0.5520411180736464,0.4479588819263536,0.015321444761830434,0,0,0,0,1,0,0,0,0.30250000000000005,0.8000000000000002,0.0,0.0,0.15,skip,training_upload_trigger_not_confirmed,1785296363.4620001,1785296363462000241,1385031678699168,63.2,53.3671875,-1.0,0,0
2026-07-28T23:39:23.463,10.42.0.145,,44,1,DOWNLOAD,0.95,DOWNLOAD,0.95,-1,7300,1.3698630135109776e-10,1,7300.0,0.0,1,0,1.0,0.0,0.5670693100925573,0,0,0,0,0,0,0,0,0.0225,0.0,0.0,0.0,0.15,skip,training_upload_trigger_not_confirmed,1785296363.4635684,1785296363463568438,1385031680266884,63.2,53.3671875,-1.0,0,0
2026-07-28T23:39:23.464,10.42.0.145,,44,1,DOWNLOAD,0.95,DOWNLOAD,0.95,-1,7300,6.84931506802402e-11,2,14600.0,0.0,2,0,1.0,0.0,0.49246375359430694,0,0,0,0,0,0,0,0,0.0225,0.0,0.0,0.0,0.15,skip,training_upload_trigger_not_confirmed,1785296363.4644768,1785296363464476983,1385031681175225,63.2,53.3671875,-1.0,0,0
2026-07-28T23:39:23.465,10.42.0.1,,100,1,DOWNLOAD,0.95,DOWNLOAD,0.95,-1,16946,0.746889116369367,39,212962.0,159059.0,20,19,0.5724461791135447,0.4275538208864553,0.01372475188760467,0,0,0,0,1,0,0,0,0.28500000000000003,0.7500000000000001,0.0,0.0,0.15,skip,training_upload_trigger_not_confirmed,1785296363.4652047,1785296363465204856,1385031681902983,63.2,53.3671875,-1.0,0,0
2026-07-28T23:39:23.465,10.42.0.1,,100,1,DOWNLOAD,0.95,DOWNLOAD,0.95,-1,16946,0.6918376046084006,40,229908.0,159059.0,21,19,0.5910732787100191,0.4089267212899809,0.012013385686476204,0,0,0,0,1,0,0,0,0.28500000000000003,0.7500000000000001,0.0,0.0,0.15,skip,training_upload_trigger_not_confirmed,1785296363.4659424,1785296363465942188,1385031682640515,63.2,53.3671875,-1.0,0,0
2026-07-28T23:39:23.466,10.42.0.1,,100,1,DOWNLOAD,0.95,DOWNLOAD,0.95,-1,21720,0.6321196369258106,41,251628.0,159059.0,22,19,0.6127001828643225,0.3872998171356775,0.010525397468652962,0,0,0,0,1,0,0,0,0.28500000000000003,0.7500000000000001,0.0,0.0,0.15,skip,training_upload_trigger_not_confirmed,1785296363.4666638,1785296363466663979,1385031683362152,63.2,53.3671875,-1.0,0,0
2026-07-28T23:39:23.470,10.42.0.18,,69,1,DOWNLOAD,0.95,DOWNLOAD,0.95,-1,10220,4.029008863657171e-11,3,24820.0,0.0,3,0,1.0,0.0,0.3163958482523713,0,0,0,0,0,0,0,0,0.0225,0.0,0.0,0.0,0.15,skip,already_attacked_this_round,1785296363.4705863,1785296363470586242,1385031687284753,63.2,53.3671875,-1.0,0,0
2026-07-28T23:39:23.471,10.42.0.18,,69,1,DOWNLOAD,0.95,DOWNLOAD,0.95,-1,4380,3.424657534129292e-11,4,29200.0,0.0,4,0,1.0,0.0,0.2748440807497129,0,0,0,0,0,0,0,0,0.0225,0.0,0.0,0.0,0.15,skip,already_attacked_this_round,1785296363.4716573,1785296363471657093,1385031688355467,63.2,53.3671875,-1.0,0,0
2026-07-28T23:39:23.472,10.42.0.18,,69,1,DOWNLOAD,0.95,DOWNLOAD,0.95,-1,14600,2.2831050227789245e-11,5,43800.0,0.0,5,0,1.0,0.0,0.23873239925260914,0,0,0,0,0,0,0,0,0.0225,0.0,0.0,0.0,0.15,skip,already_attacked_this_round,1785296363.4724598,1785296363472459748,1385031689158550,63.2,53.3671875,-1.0,0,0
2026-07-28T23:39:23.473,10.42.0.210,,99,1,DOWNLOAD,0.9837438981824959,DOWNLOAD,0.9837438981824959,-1,10136,5.85714285666366,42,10136.0,59368.0,1,41,0.14583333333333334,0.8541666666666666,0.046166674608658816,0,0,0,0,0,0,0,0,0.057499999999999996,0.1,0.0,0.0,0.15,skip,training_upload_trigger_not_confirmed,1785296363.4735966,1785296363473596753,1385031690295337,63.2,53.3671875,-1.0,0,0
2026-07-28T23:39:23.474,10.42.0.210,,99,1,DOWNLOAD,0.95,DOWNLOAD,0.95,-1,4344,4.099999999785911,43,14480.0,59368.0,2,41,0.19607843137254902,0.803921568627451,0.0401806682842951,0,0,0,0,0,0,0,0,0.057499999999999996,0.1,0.0,0.0,0.15,skip,training_upload_trigger_not_confirmed,1785296363.474337,1785296363474337132,1385031691035230,63.2,53.3671875,-1.0,0,0
2026-07-28T23:39:23.475,10.42.0.210,,99,1,DOWNLOAD,0.9557926560077417,DOWNLOAD,0.9557926560077417,-1,14480,2.049999999963743,44,28960.0,59368.0,3,41,0.32786885245901637,0.6721311475409836,0.035019406362445556,0,0,0,0,0,0,0,0,0.057499999999999996,0.1,0.0,0.0,0.15,skip,training_upload_trigger_not_confirmed,1785296363.4753504,1785296363475350322,1385031692048482,63.2,53.3671875,-1.0,0,0
2026-07-28T23:39:23.476,10.42.0.145,,44,1,DOWNLOAD,0.95,DOWNLOAD,0.95,-1,14600,3.424657534129292e-11,3,29200.0,0.0,3,0,1.0,0.0,0.4291365509625889,0,0,0,0,0,0,0,0,0.0225,0.0,0.0,0.0,0.15,skip,training_upload_trigger_not_confirmed,1785296363.476368,1785296363476367913,1385031693066309,63.2,53.3671875,-1.0,0,0
2026-07-28T23:39:23.477,10.42.0.145,,44,1,DOWNLOAD,0.95,DOWNLOAD,0.95,-1,14600,2.2831050227789245e-11,4,43800.0,0.0,4,0,1.0,0.0,0.3726953860588993,0,0,0,0,0,0,0,0,0.0225,0.0,0.0,0.0,0.15,skip,training_upload_trigger_not_confirmed,1785296363.477188,1785296363477188044,1385031693886610,63.2,53.3671875,-1.0,0,0
2026-07-28T23:39:23.479,10.42.0.210,,99,1,DOWNLOAD,0.9846998846180315,DOWNLOAD,0.9846998846180315,-1,14480,1.366666666658226,45,43440.0,59368.0,4,41,0.4225352112676056,0.5774647887323944,0.030921937274045026,0,0,0,0,0,0,0,0,0.057499999999999996,0.1,0.0,0.0,0.15,skip,training_upload_trigger_not_confirmed,1785296363.4792752,1785296363479275213,1385031695974435,63.2,53.3671875,-1.0,0,0
2026-07-28T23:39:23.480,10.42.0.210,,99,1,DOWNLOAD,0.9854895428954357,DOWNLOAD,0.9854895428954357,-1,5792,1.2058823529369946,46,49232.0,59368.0,5,41,0.4533333333333333,0.5466666666666666,0.027009455290909985,0,0,0,0,0,0,0,0,0.057499999999999996,0.1,0.0,0.0,0.15,skip,training_upload_trigger_not_confirmed,1785296363.4805064,1785296363480506256,1385031697204458,63.2,53.3671875,-1.0,0,0
2026-07-28T23:39:23.481,10.42.0.210,,99,1,DOWNLOAD,0.9855083405864443,DOWNLOAD,0.9855083405864443,-1,8688,1.0249999999995685,47,57920.0,59368.0,6,41,0.49382716049382713,0.5061728395061729,0.023583885799515036,0,0,0,0,0,0,0,0,0.039999999999999994,0.05,0.0,0.0,0.15,skip,training_upload_trigger_not_confirmed,1785296363.4815202,1785296363481520179,1385031698218352,63.2,53.3671875,-1.0,0,0
2026-07-28T23:39:23.482,10.42.0.210,,99,1,DOWNLOAD,0.9855087208476458,DOWNLOAD,0.9855087208476458,-1,6784,0.9175321463909877,48,64704.0,59368.0,7,41,0.5215036430459733,0.4784963569540267,0.0206350099808398,0,0,0,0,0,0,0,0,0.039999999999999994,0.05,0.0,0.0,0.15,skip,training_upload_trigger_not_confirmed,1785296363.4827259,1785296363482725886,1385031699424066,63.2,53.3671875,-1.0,0,0
2026-07-28T23:39:23.484,10.42.0.59,,41,1,DOWNLOAD,0.95,DOWNLOAD,0.95,-1,14600,6.84931506802402e-11,1,14600.0,0.0,1,0,1.0,0.0,0.34175916198367007,0,0,0,0,0,0,0,0,0.0225,0.0,0.0,0.0,0.15,skip,already_attacked_this_round,1785296363.4840653,1785296363484065195,1385031700763578,63.2,53.3671875,-1.0,0,0
2026-07-28T23:39:23.484,10.42.0.59,,41,1,DOWNLOAD,0.95,DOWNLOAD,0.95,-1,14600,3.424657534129292e-11,2,29200.0,0.0,2,0,1.0,0.0,0.296821235648086,0,0,0,0,0,0,0,0,0.0225,0.0,0.0,0.0,0.15,skip,already_attacked_this_round,1785296363.484803,1785296363484803095,1385031701501361,63.2,53.3671875,-1.0,0,0
2026-07-28T23:39:23.485,10.42.0.145,,44,1,DOWNLOAD,0.9521753221133166,DOWNLOAD,0.9521753221133166,-1,29200,1.369863013679865e-11,5,73000.0,0.0,5,0,1.0,0.0,0.3247213393854749,0,0,0,0,0,0,0,0,0.0225,0.0,0.0,0.0,0.15,skip,training_upload_trigger_not_confirmed,1785296363.4858217,1785296363485821632,1385031702519812,63.2,53.3671875,-1.0,0,0
2026-07-28T23:39:23.486,10.42.0.145,,44,1,DOWNLOAD,0.9650670775886547,DOWNLOAD,0.9650670775886547,-1,6184,1.2628813901638856e-11,6,79184.0,0.0,6,0,1.0,0.0,0.28202438454701084,0,0,0,0,0,0,0,0,0.0225,0.0,0.0,0.0,0.15,skip,training_upload_trigger_not_confirmed,1785296363.4865277,1785296363486527645,1385031703225938,63.2,53.3671875,-1.0,0,0
2026-07-28T23:39:23.487,10.42.0.18,,69,1,DOWNLOAD,0.9518083045252117,DOWNLOAD,0.9518083045252117,-1,14600,1.7123287670939668e-11,6,58400.0,0.0,6,0,1.0,0.0,0.20929320554654246,0,0,0,0,0,0,0,0,0.0225,0.0,0.0,0.0,0.15,skip,already_attacked_this_round,1785296363.4877863,1785296363487786330,1385031704484600,63.2,53.3671875,-1.0,0,0
2026-07-28T23:39:23.488,10.42.0.18,,69,1,DOWNLOAD,0.9624910405548759,DOWNLOAD,0.9624910405548759,-1,14600,1.369863013679865e-11,7,73000.0,0.0,7,0,1.0,0.0,0.18184883115320286,0,0,0,0,0,0,0,0,0.0225,0.0,0.0,0.0,0.15,skip,already_attacked_this_round,1785296363.4888117,1785296363488811862,1385031705510153,63.2,53.3671875,-1.0,0,0
2026-07-28T23:39:23.489,10.42.0.47,,100,1,DOWNLOAD,0.95,DOWNLOAD,0.95,-1,1448,54.923342504196576,19,1448.0,79529.0,1,18,0.017881620707114364,0.9821183792928856,0.19481961178943494,0,0,0,0,0,0,0,0,0.057499999999999996,0.1,0.0,0.0,0.15,skip,training_upload_trigger_not_confirmed,1785296363.4895089,1785296363489508819,1385031706206981,63.2,53.3671875,-1.0,0,0
2026-07-28T23:39:23.493,10.42.0.59,,41,1,DOWNLOAD,0.9501502573419282,DOWNLOAD,0.9501502573419282,-1,26280,1.8024513337814986e-11,3,55480.0,0.0,3,0,1.0,0.0,0.2588934707516557,0,0,0,0,0,0,0,0,0.0225,0.0,0.0,0.0,0.15,skip,already_attacked_this_round,1785296363.4938009,1785296363493801050,1385031710499637,63.2,53.3671875,-1.0,0,0
2026-07-28T23:39:23.494,10.42.0.59,,41,1,DOWNLOAD,0.9514270734846898,DOWNLOAD,0.9514270734846898,-1,10577,1.5138441043112185e-11,4,66057.0,0.0,4,0,1.0,0.0,0.22488027932586985,0,0,0,0,0,0,0,0,0.0225,0.0,0.0,0.0,0.15,skip,already_attacked_this_round,1785296363.4945776,1785296363494577620,1385031711275983,63.2,53.3671875,-1.0,0,0
2026-07-28T23:39:23.496,10.42.0.18,,69,1,DOWNLOAD,0.9681415913844513,DOWNLOAD,0.9681415913844513,-1,6184,1.2628813901638856e-11,8,79184.0,0.0,8,0,1.0,0.0,0.15894403306142382,0,0,0,0,0,0,0,0,0.0225,0.0,0.0,0.0,0.15,skip,already_attacked_this_round,1785296363.4968424,1785296363496842443,1385031713540811,63.2,53.3671875,-1.0,0,0
2026-07-28T23:39:23.500,10.42.0.47,,100,1,DOWNLOAD,0.9829981496648164,DOWNLOAD,0.9829981496648164,-1,1448,27.461671261580914,20,2896.0,79529.0,2,18,0.0351349711859266,0.9648650288140734,0.1705361392935771,0,0,0,0,0,0,0,0,0.057499999999999996,0.1,0.0,0.0,0.15,skip,training_upload_trigger_not_confirmed,1785296363.500048,1785296363500047899,1385031716746237,63.2,53.3671875,-1.0,0,0
2026-07-28T23:39:23.500,10.42.0.47,,100,1,DOWNLOAD,0.9842257140988042,DOWNLOAD,0.9842257140988042,-1,8688,6.86541781717322,21,11584.0,79529.0,3,18,0.12713882760967152,0.8728611723903285,0.14816367488563875,0,0,0,0,0,0,0,0,0.057499999999999996,0.1,0.0,0.0,0.15,skip,training_upload_trigger_not_confirmed,1785296363.5008056,1785296363500805504,1385031717503747,63.2,53.3671875,-1.0,0,0
2026-07-28T23:39:23.501,10.42.0.47,,100,1,DOWNLOAD,0.9842586901286671,DOWNLOAD,0.9842586901286671,-1,8688,3.923095895672696,22,20272.0,79529.0,4,18,0.2031242171922125,0.7968757828077875,0.1287338948662069,0,0,0,0,0,0,0,0,0.057499999999999996,0.1,0.0,0.0,0.15,skip,training_upload_trigger_not_confirmed,1785296363.501522,1785296363501522291,1385031718220568,63.2,53.3671875,-1.0,0,0
2026-07-28T23:39:23.503,10.42.0.47,,100,1,DOWNLOAD,0.9842595481342594,DOWNLOAD,0.9842595481342594,-1,8688,2.7461671270115273,23,28960.0,79529.0,5,18,0.266939505387643,0.733060494612357,0.11197275984660553,0,0,0,0,0,0,0,0,0.057499999999999996,0.1,0.0,0.0,0.15,skip,training_upload_trigger_not_confirmed,1785296363.5030603,1785296363503060267,1385031719758490,63.2,53.3671875,-1.0,0,0
2026-07-28T23:39:23.506,10.42.0.47,,100,1,DOWNLOAD,0.9842595696464124,DOWNLOAD,0.9842595696464124,-1,7240,2.1969337016243937,24,36200.0,79529.0,6,18,0.31279973040465225,0.6872002695953477,0.09760721708858806,0,0,0,0,0,0,0,0,0.057499999999999996,0.1,0.0,0.0,0.15,skip,training_upload_trigger_not_confirmed,1785296363.506017,1785296363506016994,1385031722715297,63.2,53.3671875,-1.0,0,0
2026-07-28T23:39:23.506,10.42.0.47,,100,1,DOWNLOAD,0.9842595701605352,DOWNLOAD,0.9842595701605352,-1,13032,1.6153924276768077,25,49232.0,79529.0,7,18,0.38235179906959404,0.617648200930406,0.08484432573131215,0,0,0,0,0,0,0,0,0.057499999999999996,0.1,0.0,0.0,0.15,skip,training_upload_trigger_not_confirmed,1785296363.5067701,1785296363506770267,1385031723468556,63.2,53.3671875,-1.0,0,0
2026-07-28T23:39:23.508,10.42.0.47,,100,1,DOWNLOAD,0.9842595701720059,DOWNLOAD,0.9842595701720059,-1,2896,1.5256484039187068,26,52128.0,79529.0,8,18,0.39593792962014934,0.6040620703798507,0.0738290458093266,0,0,0,0,0,0,0,0,0.057499999999999996,0.1,0.0,0.0,0.15,skip,training_upload_trigger_not_confirmed,1785296363.5080225,1785296363508022603,1385031724720889,63.2,53.3671875,-1.0,0,0
2026-07-28T23:39:23.511,10.42.0.47,,100,1,DOWNLOAD,0.9842595701722343,DOWNLOAD,0.9842595701722343,-1,2896,1.445351119503392,27,55024.0,79529.0,9,18,0.40893922840813657,0.5910607715918634,0.06453083910217657,0,0,0,0,0,0,0,0,0.057499999999999996,0.1,0.0,0.0,0.15,skip,training_upload_trigger_not_confirmed,1785296363.51129,1785296363511290038,1385031727988382,63.2,53.3671875,-1.0,0,0
2026-07-28T23:39:23.512,10.42.0.47,,100,1,DOWNLOAD,0.9842595701722379,DOWNLOAD,0.9842595701722379,-1,2896,1.37308356352947,28,57920.0,79529.0,10,18,0.42139266200554387,0.5786073379944561,0.05612198293116209,0,0,0,0,0,0,0,0,0.057499999999999996,0.1,0.0,0.0,0.15,skip,training_upload_trigger_not_confirmed,1785296363.5120084,1785296363512008475,1385031728706684,63.2,53.3671875,-1.0,0,0
2026-07-28T23:39:23.512,10.42.0.47,,100,1,DOWNLOAD,0.9842595701722379,DOWNLOAD,0.9842595701722379,-1,2896,1.307698631933904,29,60816.0,79529.0,11,18,0.4333321457836047,0.5666678542163953,0.04881570125591241,0,0,0,0,0,0,0,0,0.057499999999999996,0.1,0.0,0.0,0.15,skip,training_upload_trigger_not_confirmed,1785296363.512685,1785296363512685065,1385031729383181,63.2,53.3671875,-1.0,0,0
2026-07-28T23:39:23.513,10.42.0.47,,100,1,DOWNLOAD,0.9842595701722379,DOWNLOAD,0.9842595701722379,-1,2896,1.2482577850287502,30,63712.0,79529.0,12,18,0.44478885235372556,0.5552111476462744,0.042470598675669054,0,0,0,0,0,0,0,0,0.057499999999999996,0.1,0.0,0.0,0.15,skip,training_upload_trigger_not_confirmed,1785296363.5133495,1785296363513349642,1385031730047840,63.2,53.3671875,-1.0,0,0
2026-07-28T23:39:23.514,10.42.0.47,,100,1,DOWNLOAD,0.9842595701722379,DOWNLOAD,0.9842595701722379,-1,1005,1.228873402657279,31,64717.0,79529.0,13,18,0.4486571551377508,0.5513428448622492,0.03696121019007903,0,0,0,0,0,0,0,0,0.057499999999999996,0.1,0.0,0.0,0.15,skip,training_upload_trigger_not_confirmed,1785296363.514011,1785296363514010956,1385031730709092,63.2,53.3671875,-1.0,0,0
2026-07-28T23:39:23.793,10.42.0.59,,41,3,UPLOAD,0.95,UPLOAD,0.95,1,64240,0.9724934526246652,5,66057.0,64240.0,4,1,0.5069725319846198,0.4930274680153802,0.5165132014454127,0,0,0,1,1,1,1,1,0.85,1.0,1.0,0.4,0.8,skip,already_attacked_this_round,1785296363.7933388,1785296363793338847,1385032010037715,63.2,53.3671875,-1.0,0,0
2026-07-28T23:39:23.795,10.42.0.1,10.42.0.1,100,3,UPLOAD,0.95,UPLOAD,0.95,1,7240,0.34483443814144354,32,251628.0,86770.0,22,10,0.743585954999734,0.25641404500026593,0.009257019801521594,1,0,0,0,1,0,0,0,0.85,1.0,1.0,0.4,0.8,trigger,training_upload_trigger_confirmed,1785296363.7951899,1785296363795189819,1385032011888344,63.2,53.3671875,28.404672,1785296363823595660,1385032040293016
2026-07-28T23:39:23.796,10.42.0.1,10.42.0.1,100,3,UPLOAD,0.95,UPLOAD,0.95,1,5792,0.36785254423447367,33,251628.0,92562.0,22,11,0.7310729538917459,0.2689270461082542,0.008157007209481286,1,0,1,0,1,0,0,0,0.85,1.0,1.0,0.4,0.8,skip,attack_already_active,1785296363.7960992,1785296363796099130,1385032012797739,63.2,53.3671875,-1.0,0,0
2026-07-28T23:39:23.798,10.42.0.1,10.42.0.1,100,3,UPLOAD,0.95,UPLOAD,0.95,1,2896,0.3793615972809887,34,251628.0,95458.0,22,12,0.7249730614314608,0.2750269385685392,0.007386588731839868,1,0,1,0,1,0,0,0,0.85,1.0,1.0,0.4,0.8,skip,attack_already_active,1785296363.7984097,1785296363798409637,1385032015108385,63.2,53.3671875,-1.0,0,0
2026-07-28T23:39:23.800,10.42.0.1,10.42.0.1,100,3,UPLOAD,0.95,UPLOAD,0.95,1,11584,0.42539780946704897,35,251628.0,107042.0,22,13,0.7015585357013411,0.2984414642986589,0.006696013677522746,1,0,1,0,1,0,0,0,0.85,1.0,1.0,0.4,0.8,skip,attack_already_active,1785296363.8005557,1785296363800555699,1385032017254541,63.2,53.3671875,-1.0,0,0
2026-07-28T23:39:23.801,10.42.0.1,10.42.0.1,100,3,UPLOAD,0.95,UPLOAD,0.95,1,2896,0.436906862513564,36,251628.0,109938.0,22,14,0.6959393305786495,0.30406066942135046,0.005948839455541508,1,0,1,0,1,0,0,0,0.85,1.0,1.0,0.4,0.8,skip,attack_already_active,1785296363.8015816,1785296363801581535,1385032018280707,63.2,53.3671875,-1.0,0,0
2026-07-28T23:39:23.802,10.42.0.1,10.42.0.1,100,3,UPLOAD,0.95,UPLOAD,0.95,1,11584,0.4829430746996242,37,251628.0,121522.0,22,15,0.6743347179418464,0.32566528205815354,0.005287588144591151,1,0,1,0,1,0,0,0,0.85,1.0,1.0,0.4,0.8,skip,attack_already_active,1785296363.8025124,1785296363802512485,1385032019210752,63.2,53.3671875,-1.0,0,0
2026-07-28T23:39:23.803,10.42.0.1,10.42.0.1,100,3,UPLOAD,0.95,UPLOAD,0.95,1,5792,0.5059611807926544,38,251628.0,127314.0,22,16,0.664027740392989,0.3359722596070111,0.004773637351159895,1,0,1,1,1,1,1,1,0.85,1.0,1.0,0.4,0.8,skip,attack_already_active,1785296363.8038998,1785296363803899610,1385032020597845,63.2,53.3671875,-1.0,0,0
2026-07-28T23:39:23.804,10.42.0.1,10.42.0.1,100,3,UPLOAD,0.95,UPLOAD,0.95,1,14480,0.5635064460252297,39,251628.0,141794.0,22,17,0.6395880250723142,0.3604119749276858,0.004284056025893925,1,0,1,1,1,1,1,1,0.85,1.0,1.0,0.4,0.8,skip,attack_already_active,1785296363.804958,1785296363804958187,1385032021656378,63.2,53.3671875,-1.0,0,0
2026-07-28T23:39:23.806,10.42.0.1,10.42.0.1,100,3,UPLOAD,0.95,UPLOAD,0.95,1,8688,0.5980336051647749,40,251628.0,150482.0,22,18,0.6257690681654273,0.3742309318345726,0.003958896611213625,1,0,1,1,1,1,1,1,0.85,1.0,1.0,0.4,0.8,skip,attack_already_active,1785296363.8067746,1785296363806774413,1385032023472655,63.2,53.3671875,-1.0,0,0
2026-07-28T23:39:23.807,10.42.0.1,10.42.0.1,100,3,UPLOAD,0.95,UPLOAD,0.95,1,5792,0.621051711257805,41,251628.0,156274.0,22,19,0.6168834671072954,0.38311653289270464,0.003553177037909245,1,0,1,1,1,1,1,1,0.85,1.0,1.0,0.4,0.8,skip,attack_already_active,1785296363.8076546,1785296363807654611,1385032024352821,63.2,53.3671875,-1.0,0,0
2026-07-28T23:39:23.808,10.42.0.1,10.42.0.1,100,3,UPLOAD,0.95,UPLOAD,0.95,1,2798,0.6321713004926631,42,251628.0,159072.0,22,20,0.6126807888970052,0.3873192111029949,0.003183798418376215,1,0,1,1,1,1,1,1,0.85,1.0,1.0,0.4,0.8,skip,attack_already_active,1785296363.8084047,1785296363808404758,1385032025102891,63.2,53.3671875,-1.0,0,0
2026-07-28T23:39:23.821,10.42.0.145,10.42.0.1,44,3,UPLOAD,0.95,UPLOAD,0.95,1,64240,0.811275005053909,7,79184.0,64240.0,6,1,0.5520972780008925,0.4479027219991075,0.4670621664755718,0,0,0,1,1,1,1,1,0.85,1.0,1.0,0.4,0.8,trigger,training_upload_trigger_confirmed,1785296363.8217547,1785296363821754599,1385032038453470,63.2,53.3671875,82.5254,1785296363904281564,1385032120978870
2026-07-28T23:39:23.823,10.42.0.1,10.42.0.1,100,3,UPLOAD,0.95,UPLOAD,0.95,1,7240,0.6609439331089507,43,251628.0,166312.0,22,21,0.6020672823850314,0.3979327176149687,0.002870100568612713,1,0,1,1,1,1,1,1,0.9699999999999999,1.0,1.0,1.0,0.8,skip,attack_already_active,1785296363.823697,1785296363823697224,1385032040395486,63.2,53.3671875,-1.0,0,0
2026-07-28T23:39:23.824,10.42.0.1,10.42.0.1,100,3,UPLOAD,0.95,UPLOAD,0.95,1,5792,0.6839620392019808,44,251628.0,172104.0,22,22,0.5938376143411401,0.40616238565885987,0.00261649632288289,1,0,1,1,1,1,1,1,0.9699999999999999,1.0,1.0,1.0,0.8,skip,attack_already_active,1785296363.8246427,1785296363824642521,1385032041340766,63.2,53.3671875,-1.0,0,0
2026-07-28T23:39:23.825,10.42.0.1,10.42.0.1,100,3,UPLOAD,0.95,UPLOAD,0.95,1,11584,0.7299982513880411,45,251628.0,183688.0,22,23,0.5780352663352599,0.4219647336647401,0.002420502102756241,1,0,1,1,1,1,1,1,0.9699999999999999,1.0,1.0,1.0,0.8,skip,attack_already_active,1785296363.8257718,1785296363825771824,1385032042470380,63.2,53.3671875,-1.0,0,0
2026-07-28T23:39:23.826,10.42.0.1,10.42.0.1,100,3,UPLOAD,0.95,UPLOAD,0.95,1,5792,0.7530163574810712,46,251628.0,189480.0,22,24,0.5704453331156996,0.42955466688430044,0.0022074186369926874,1,0,1,1,1,1,1,1,0.9699999999999999,1.0,1.0,1.0,0.8,skip,attack_already_active,1785296363.8265753,1785296363826575469,1385032043273853,63.2,53.3671875,-1.0,0,0
2026-07-28T23:39:23.827,10.42.0.1,10.42.0.1,100,3,UPLOAD,0.95,UPLOAD,0.95,1,11584,0.7990525696671315,47,251628.0,201064.0,22,25,0.5558481263198819,0.44415187368011805,0.0020578530509938447,1,0,1,1,1,1,1,1,0.9699999999999999,1.0,1.0,1.0,0.8,skip,attack_already_active,1785296363.8276477,1785296363827647665,1385032044346009,63.2,53.3671875,-1.0,0,0
2026-07-28T23:39:23.828,10.42.0.1,10.42.0.1,100,3,UPLOAD,0.95,UPLOAD,0.95,1,14480,0.8565978348997068,48,251628.0,215544.0,22,26,0.5386196090519123,0.46138039094808764,0.0019322377506562792,1,0,1,1,1,1,1,1,0.9699999999999999,1.0,1.0,1.0,0.8,skip,attack_already_active,1785296363.8287523,1785296363828752447,1385032045450850,85.6,53.3671875,-1.0,0,0
2026-07-28T23:39:23.829,10.42.0.1,10.42.0.1,100,3,UPLOAD,0.95,UPLOAD,0.95,1,8688,0.8911249940392519,49,251628.0,224232.0,22,27,0.5287857773294666,0.47121422267053337,0.0018226098251233047,1,0,1,1,1,1,1,1,0.9699999999999999,1.0,1.0,1.0,0.8,skip,attack_already_active,1785296363.8298526,1785296363829852587,1385032046550943,85.6,53.3671875,-1.0,0,0
2026-07-28T23:39:23.830,10.42.0.1,10.42.0.1,100,3,UPLOAD,0.95,UPLOAD,0.95,1,11584,0.9371612062253121,50,251628.0,235816.0,22,28,0.5162192990374279,0.4837807009625721,0.0017274908962049427,1,0,1,1,1,1,1,1,0.9699999999999999,1.0,1.0,1.0,0.8,skip,attack_already_active,1785296363.8309534,1785296363830953400,1385032047651917,85.6,53.3671875,-1.0,0,0
2026-07-28T23:39:23.832,10.42.0.1,10.42.0.1,100,3,UPLOAD,0.95,UPLOAD,0.95,1,2799,0.9482847695806974,51,251628.0,238615.0,22,29,0.513271989605155,0.486728010394845,0.0017054791181609023,1,0,1,1,1,1,1,1,0.9699999999999999,1.0,1.0,1.0,0.8,skip,attack_already_active,1785296363.8325138,1785296363832513827,1385032049212362,85.6,53.3671875,-1.0,0,0
2026-07-28T23:39:23.914,10.42.0.18,10.42.0.1,69,3,UPLOAD,0.95,UPLOAD,0.95,1,24820,0.31344716105130527,9,79184.0,24820.0,8,1,0.761355332487212,0.23864466751278798,0.3591468263395356,0,0,0,1,1,1,1,1,0.9699999999999999,1.0,1.0,1.0,0.8,skip,already_attacked_this_round,1785296363.9143002,1785296363914300210,1385032130999004,85.6,53.3671875,-1.0,0,0
2026-07-28T23:39:23.917,10.42.0.18,10.42.0.1,69,3,UPLOAD,0.9841010226033655,UPLOAD,0.9841010226033655,1,54735,1.004685289957508,10,79184.0,79555.0,8,2,0.4988314150901795,0.5011685849098205,0.31219327533616686,0,0,0,1,1,1,1,1,0.9699999999999999,1.0,1.0,1.0,0.8,skip,already_attacked_this_round,1785296363.9171295,1785296363917129373,1385032133828217,85.6,53.3671875,-1.0,0,0
2026-07-28T23:39:23.918,10.42.0.1,10.42.0.1,100,3,UPLOAD,0.95,UPLOAD,0.95,1,11584,0.9943209817667575,52,251628.0,250199.0,22,30,0.5014237974441391,0.4985762025558609,0.0018821302583888267,1,0,1,1,1,1,1,1,0.9699999999999999,1.0,1.0,1.0,0.8,skip,attack_already_active,1785296363.9188871,1785296363918887091,1385032135586704,85.6,53.3671875,-1.0,0,0
2026-07-28T23:39:23.920,10.42.0.1,10.42.0.1,100,3,UPLOAD,0.95,UPLOAD,0.95,1,5792,1.0173390878597877,53,251628.0,255991.0,22,31,0.4957024855255615,0.5042975144744385,0.0018025112448312708,1,0,1,1,1,1,1,1,0.9699999999999999,1.0,1.0,1.0,0.8,skip,attack_already_active,1785296363.920165,1785296363920165047,1385032136863586,85.6,53.3671875,-1.0,0,0
2026-07-28T23:39:23.921,10.42.0.1,10.42.0.1,100,3,UPLOAD,0.95,UPLOAD,0.95,1,11584,1.063375300045848,54,251628.0,267575.0,22,32,0.48464280830426637,0.5153571916957337,0.0017077473194967315,1,0,1,1,1,1,1,1,0.9699999999999999,1.0,1.0,1.0,0.8,skip,attack_already_active,1785296363.9212484,1785296363921248593,1385032137946797,85.6,53.3671875,-1.0,0,0
2026-07-28T23:39:23.922,10.42.0.1,10.42.0.1,100,3,UPLOAD,0.95,UPLOAD,0.95,1,14480,1.1209205652784233,55,251628.0,282055.0,22,33,0.471493377154603,0.528506622845397,0.001614349071593367,1,0,1,1,1,1,1,1,0.9699999999999999,1.0,1.0,1.0,0.8,skip,attack_already_active,1785296363.9222474,1785296363922247523,1385032138945589,85.6,53.3671875,-1.0,0,0
2026-07-28T23:39:23.923,10.42.0.1,10.42.0.1,100,3,UPLOAD,0.95,UPLOAD,0.95,1,20272,1.2014839366040286,56,251628.0,302327.0,22,34,0.45423906273975323,0.5457609372602468,0.0015715876557576,1,0,1,1,1,1,1,1,0.9699999999999999,1.0,1.0,1.0,0.8,skip,attack_already_active,1785296363.9235373,1785296363923537186,1385032140235250,85.6,53.3671875,-1.0,0,0
2026-07-28T23:39:23.924,10.42.0.1,10.42.0.1,100,3,UPLOAD,0.95,UPLOAD,0.95,1,2798,1.2126035258388868,57,251628.0,305125.0,22,35,0.45195625349122504,0.548043746508775,0.0015317906168413292,1,0,1,1,1,1,1,1,0.9699999999999999,1.0,1.0,1.0,0.8,skip,attack_already_active,1785296363.9248068,1785296363924806909,1385032141504998,85.6,53.3671875,-1.0,0,0
2026-07-28T23:39:24.119,10.42.0.1,10.42.0.1,100,3,UPLOAD,0.8148447735779747,UPLOAD,0.8148447735779747,0,43,1.039967730141161,52,251628.0,261685.0,22,30,0.4902038327492193,0.5097961672507807,0.08740425700206363,1,0,1,1,1,1,1,1,0.8200000000000001,0.8000000000000002,1.0,0.6000000000000001,0.8,skip,attack_already_active,1785296364.119858,1785296364119857890,1385032336558452,85.6,53.3671875,-1.0,0,0
2026-07-28T23:39:24.205,10.42.0.1,10.42.0.1,100,3,UPLOAD,0.5096758262270032,UPLOAD,0.5096758262270032,0,43,0.896541720317705,48,251628.0,225595.0,22,26,0.5272755085148871,0.4727244914851128,0.08717902429847867,1,0,1,1,1,1,1,1,0.8200000000000001,0.8000000000000002,1.0,0.6000000000000001,0.8,skip,attack_already_active,1785296364.205553,1785296364205553154,1385032422252122,85.6,53.3671875,-1.0,0,0
2026-07-28T23:39:24.470,10.42.0.210,10.42.0.1,99,2,TRAINING,0.9293977297375461,TRAINING,0.9293977297375461,0,43,1.5454995054162724e-11,7,64704.0,0.0,7,0,1.0,0.0,0.1968305144843795,0,0,0,0,0,0,0,0,0.0225,0.0,0.0,0.0,0.15,skip,training_upload_trigger_not_confirmed,1785296364.470631,1785296364470630966,1385032687329590,20.8,53.3671875,-1.0,0,0
2026-07-28T23:39:24.496,10.42.0.1,10.42.0.1,100,3,UPLOAD,0.9547751375145264,UPLOAD,0.9547751375145264,0,43,100.0,26,0.0,225595.0,0,26,0.0,1.0,0.11399273486275137,1,0,1,0,0,0,0,0,0.45499999999999996,0.1,1.0,0.0,0.8,skip,attack_already_active,1785296364.496214,1785296364496214070,1385032712912689,20.8,53.3671875,-1.0,0,0
2026-07-28T23:39:25.224,10.42.0.47,10.42.0.1|10.42.0.47,100,3,UPLOAD,0.95,UPLOAD,0.95,1,7240,100.0,1,0.0,7240.0,0,1,0.0,1.0,0.3536766778604674,1,0,0,1,1,1,1,1,0.9699999999999999,1.0,1.0,1.0,0.8,trigger,training_upload_trigger_confirmed,1785296365.2240229,1785296365224022768,1385033440721418,7.7,53.3671875,6.43039,1785296365230454470,1385033447151808
2026-07-28T23:39:25.224,10.42.0.47,10.42.0.1|10.42.0.47,100,3,UPLOAD,0.95,UPLOAD,0.95,1,1448,100.0,2,0.0,8688.0,0,2,0.0,1.0,0.30717128044422215,1,0,1,1,1,1,1,1,0.9699999999999999,1.0,1.0,1.0,0.8,skip,attack_already_active,1785296365.224783,1785296365224782846,1385033441481066,7.7,53.3671875,-1.0,0,0
2026-07-28T23:39:25.226,10.42.0.47,10.42.0.1|10.42.0.47,100,3,UPLOAD,0.95,UPLOAD,0.95,1,5792,100.0,3,0.0,14480.0,0,3,0.0,1.0,0.26695584426358715,1,0,1,1,1,1,1,1,0.9699999999999999,1.0,1.0,1.0,0.8,skip,attack_already_active,1785296365.2267704,1785296365226770485,1385033443468824,7.7,53.3671875,-1.0,0,0
2026-07-28T23:39:25.227,10.42.0.47,10.42.0.1|10.42.0.47,100,3,UPLOAD,0.95,UPLOAD,0.95,1,8688,100.0,4,0.0,23168.0,0,4,0.0,1.0,0.2319067227880969,1,0,1,1,1,1,1,1,0.9699999999999999,1.0,1.0,1.0,0.8,skip,attack_already_active,1785296365.2277482,1785296365227748010,1385033444446206,7.7,53.3671875,-1.0,0,0
2026-07-28T23:39:25.228,10.42.0.47,10.42.0.1|10.42.0.47,100,3,UPLOAD,0.95,UPLOAD,0.95,1,1448,100.0,5,0.0,24616.0,0,5,0.0,1.0,0.20147360444301865,1,0,1,1,1,1,1,1,0.9699999999999999,1.0,1.0,1.0,0.8,skip,attack_already_active,1785296365.2287064,1785296365228706298,1385033445404792,7.7,53.3671875,-1.0,0,0
2026-07-28T23:39:25.229,10.42.0.47,10.42.0.1|10.42.0.47,100,3,UPLOAD,0.95,UPLOAD,0.95,1,4344,100.0,6,0.0,28960.0,0,6,0.0,1.0,0.17502789075731875,1,0,1,1,1,1,1,1,0.9699999999999999,1.0,1.0,1.0,0.8,skip,attack_already_active,1785296365.2294908,1785296365229490591,1385033446188927,7.7,53.3671875,-1.0,0,0
2026-07-28T23:39:25.230,10.42.0.47,10.42.0.1|10.42.0.47,100,3,UPLOAD,0.95,UPLOAD,0.95,1,2896,100.0,7,0.0,31856.0,0,7,0.0,1.0,0.15205130678597364,1,0,1,1,1,1,1,1,0.9699999999999999,1.0,1.0,1.0,0.8,skip,attack_already_active,1785296365.2301557,1785296365230155672,1385033446853938,7.7,53.3671875,-1.0,0,0
2026-07-28T23:39:25.231,10.42.0.47,10.42.0.1|10.42.0.47,100,3,UPLOAD,0.95,UPLOAD,0.95,1,8688,100.0,8,0.0,40544.0,0,8,0.0,1.0,0.1322050594569446,1,0,1,1,1,1,1,1,0.9699999999999999,1.0,1.0,1.0,0.8,skip,attack_already_active,1785296365.2315993,1785296365231599471,1385033448298048,7.7,53.3671875,-1.0,0,0
2026-07-28T23:39:25.232,10.42.0.47,10.42.0.1|10.42.0.47,100,3,UPLOAD,0.95,UPLOAD,0.95,1,2896,100.0,9,0.0,43440.0,0,9,0.0,1.0,0.1149457650936761,1,0,1,1,1,1,1,1,0.9699999999999999,1.0,1.0,1.0,0.8,skip,attack_already_active,1785296365.2328284,1785296365232828364,1385033449526992,7.7,53.3671875,-1.0,0,0
2026-07-28T23:39:25.233,10.42.0.47,10.42.0.1|10.42.0.47,100,3,UPLOAD,0.95,UPLOAD,0.95,1,5792,100.0,10,0.0,49232.0,0,10,0.0,1.0,0.09994230018010733,1,0,1,1,1,1,1,1,0.9699999999999999,1.0,1.0,1.0,0.8,skip,attack_already_active,1785296365.233917,1785296365233916855,1385033450615960,7.7,53.3671875,-1.0,0,0
2026-07-28T23:39:25.235,10.42.0.47,10.42.0.1|10.42.0.47,100,3,UPLOAD,0.95,UPLOAD,0.95,1,8688,100.0,11,0.0,57920.0,0,11,0.0,1.0,0.08703268766464227,1,0,1,1,1,1,1,1,0.9699999999999999,1.0,1.0,1.0,0.8,skip,attack_already_active,1785296365.2358918,1785296365235891755,1385033452591034,7.7,53.3671875,-1.0,0,0
2026-07-28T23:39:25.237,10.42.0.47,10.42.0.1|10.42.0.47,100,3,UPLOAD,0.95,UPLOAD,0.95,1,2896,100.0,12,0.0,60816.0,0,12,0.0,1.0,0.07583148991890803,1,0,1,1,1,1,1,1,0.9699999999999999,1.0,1.0,1.0,0.8,skip,attack_already_active,1785296365.2379217,1785296365237921727,1385033454620586,7.7,53.3671875,-1.0,0,0
2026-07-28T23:39:25.239,10.42.0.47,10.42.0.1|10.42.0.47,100,3,UPLOAD,0.95,UPLOAD,0.95,1,2896,100.0,13,0.0,63712.0,0,13,0.0,1.0,0.06598737747052634,1,0,1,1,1,1,1,1,0.9699999999999999,1.0,1.0,1.0,0.8,skip,attack_already_active,1785296365.239049,1785296365239048850,1385033455748624,7.7,53.3671875,-1.0,0,0
2026-07-28T23:39:25.240,10.42.0.47,10.42.0.1|10.42.0.47,100,3,UPLOAD,0.95,UPLOAD,0.95,1,2896,100.0,14,0.0,66608.0,0,14,0.0,1.0,0.05744332670154186,1,0,1,1,1,1,1,1,0.9699999999999999,1.0,1.0,1.0,0.8,skip,attack_already_active,1785296365.240198,1785296365240197873,1385033456896392,7.7,53.3671875,-1.0,0,0
2026-07-28T23:39:25.242,10.42.0.47,10.42.0.1|10.42.0.47,100,3,UPLOAD,0.95,UPLOAD,0.95,1,8688,100.0,15,0.0,75296.0,0,15,0.0,1.0,0.050130600752218236,1,0,1,1,1,1,1,1,0.9699999999999999,1.0,1.0,1.0,0.8,skip,attack_already_active,1785296365.242147,1785296365242147191,1385033458846063,7.7,53.3671875,-1.0,0,0
2026-07-28T23:39:25.243,10.42.0.47,10.42.0.1|10.42.0.47,100,3,UPLOAD,0.95,UPLOAD,0.95,1,2896,100.0,16,0.0,78192.0,0,16,0.0,1.0,0.043719644358965394,1,0,1,1,1,1,1,1,0.9699999999999999,1.0,1.0,1.0,0.8,skip,attack_already_active,1785296365.2436266,1785296365243626370,1385033460324788,7.7,53.3671875,-1.0,0,0
2026-07-28T23:39:25.244,10.42.0.47,10.42.0.1|10.42.0.47,100,3,UPLOAD,0.95,UPLOAD,0.95,1,1363,100.0,17,0.0,79555.0,0,17,0.0,1.0,0.038087857219770066,1,0,1,1,1,1,1,1,0.9699999999999999,1.0,1.0,1.0,0.8,skip,attack_already_active,1785296365.2446082,1785296365244608235,1385033461306506,7.7,53.3671875,-1.0,0,0
2026-07-28T23:39:25.246,10.42.0.1,10.42.0.1|10.42.0.47,100,3,UPLOAD,0.9750771619793072,UPLOAD,0.9750771619793072,1,7240,100.0,1,0.0,7240.0,0,1,0.0,1.0,0.10167635369476223,1,0,1,1,1,1,1,1,0.9699999999999999,1.0,1.0,1.0,0.8,skip,attack_already_active,1785296365.246513,1785296365246512969,1385033463211639,7.7,53.3671875,-1.0,0,0
2026-07-28T23:39:25.247,10.42.0.1,10.42.0.1|10.42.0.47,100,3,UPLOAD,0.9766801567849176,UPLOAD,0.9766801567849176,1,5792,100.0,2,0.0,13032.0,0,2,0.0,1.0,0.08840417880452357,1,0,1,1,1,1,1,1,0.9699999999999999,1.0,1.0,1.0,0.8,skip,attack_already_active,1785296365.2474704,1785296365247470276,1385033464168754,7.7,53.3671875,-1.0,0,0
2026-07-28T23:39:25.251,10.42.0.1,10.42.0.1|10.42.0.47,100,3,UPLOAD,0.9772781189041132,UPLOAD,0.9772781189041132,1,1448,100.0,3,0.0,14480.0,0,3,0.0,1.0,0.07722392235684047,1,0,1,1,1,1,1,1,0.9699999999999999,1.0,1.0,1.0,0.8,skip,attack_already_active,1785296365.2510307,1785296365251030724,1385033467729414,7.7,53.3671875,-1.0,0,0
2026-07-28T23:39:25.284,10.42.0.1,10.42.0.1|10.42.0.47,100,3,UPLOAD,0.97778615353675,UPLOAD,0.97778615353675,1,14480,100.0,4,0.0,28960.0,0,4,0.0,1.0,0.07140183553448709,1,0,1,1,1,1,1,1,0.9699999999999999,1.0,1.0,1.0,0.8,skip,attack_already_active,1785296365.2840724,1785296365284072430,1385033500771227,7.7,53.3671875,-1.0,0,0
2026-07-28T23:39:25.285,10.42.0.1,10.42.0.1|10.42.0.47,100,3,UPLOAD,0.978257915221679,UPLOAD,0.978257915221679,1,14480,100.0,5,0.0,43440.0,0,5,0.0,1.0,0.06211781249335417,1,0,1,1,1,1,1,1,0.9699999999999999,1.0,1.0,1.0,0.8,skip,attack_already_active,1785296365.2850204,1785296365285020366,1385033501719125,7.7,53.3671875,-1.0,0,0
2026-07-28T23:39:25.285,10.42.0.1,10.42.0.1|10.42.0.47,100,3,UPLOAD,0.9787017166353419,UPLOAD,0.9787017166353419,1,1448,100.0,6,0.0,44888.0,0,6,0.0,1.0,0.054053636481256224,1,0,1,1,1,1,1,1,0.9699999999999999,1.0,1.0,1.0,0.8,skip,attack_already_active,1785296365.2859414,1785296365285941205,1385033502639477,7.7,53.3671875,-1.0,0,0
2026-07-28T23:39:25.287,10.42.0.1,10.42.0.1|10.42.0.47,100,3,UPLOAD,0.9791222875736312,UPLOAD,0.9791222875736312,1,13032,100.0,7,0.0,57920.0,0,7,0.0,1.0,0.047118843710302075,1,0,1,1,1,1,1,1,0.9699999999999999,1.0,1.0,1.0,0.8,skip,attack_already_active,1785296365.2873688,1785296365287368690,1385033504067167,7.7,53.3671875,-1.0,0,0
2026-07-28T23:39:25.288,10.42.0.1,10.42.0.1|10.42.0.47,100,3,UPLOAD,0.9795232586035502,UPLOAD,0.9795232586035502,1,8688,100.0,8,0.0,66608.0,0,8,0.0,1.0,0.041097062718370485,1,0,1,1,1,1,1,1,0.9699999999999999,1.0,1.0,1.0,0.8,skip,attack_already_active,1785296365.28879,1785296365288789888,1385033505488631,7.7,53.3671875,-1.0,0,0
2026-07-28T23:39:25.290,10.42.0.1,10.42.0.1|10.42.0.47,100,3,UPLOAD,0.9799074570636761,UPLOAD,0.9799074570636761,1,10136,100.0,9,0.0,76744.0,0,9,0.0,1.0,0.03586656807661149,1,0,1,1,1,1,1,1,0.9699999999999999,1.0,1.0,1.0,0.8,skip,attack_already_active,1785296365.2901943,1785296365290194240,1385033506892584,7.7,53.3671875,-1.0,0,0
2026-07-28T23:39:25.291,10.42.0.1,10.42.0.1|10.42.0.47,100,3,UPLOAD,0.9803298198916186,UPLOAD,0.9803298198916186,1,2798,100.0,10,0.0,79542.0,0,10,0.0,1.0,0.031328932098151734,1,0,1,1,1,1,1,1,0.9699999999999999,1.0,1.0,1.0,0.8,skip,attack_already_active,1785296365.291626,1785296365291626099,1385033508324756,7.7,53.3671875,-1.0,0,0
2026-07-28T23:39:25.359,10.42.0.210,10.42.0.1|10.42.0.47,99,3,UPLOAD,0.95,UPLOAD,0.95,1,1448,100.0,1,0.0,1448.0,0,1,0.0,1.0,0.28807061931382616,0,0,0,1,1,1,1,1,0.9525,0.95,1.0,1.0,0.8,trigger,training_upload_trigger_confirmed,1785296365.3598573,1785296365359857471,1385033576556059,7.7,53.3671875,47.935133,1785296365407793825,1385033624491192
2026-07-28T23:39:25.361,10.42.0.210,10.42.0.1|10.42.0.47,99,3,UPLOAD,0.9841010226033655,UPLOAD,0.9841010226033655,1,1448,100.0,2,0.0,2896.0,0,2,0.0,1.0,0.25028265420203316,0,0,1,1,1,1,1,1,0.9699999999999999,1.0,1.0,1.0,0.8,skip,attack_already_active,1785296365.3611655,1785296365361165695,1385033577864594,7.7,53.3671875,-1.0,0,0
2026-07-28T23:39:25.362,10.42.0.210,10.42.0.1|10.42.0.47,99,3,UPLOAD,0.9854688349332961,UPLOAD,0.9854688349332961,1,1448,100.0,3,0.0,4344.0,0,3,0.0,1.0,0.21745667858215337,0,0,1,1,1,1,1,1,0.9699999999999999,1.0,1.0,1.0,0.8,skip,attack_already_active,1785296365.362341,1785296365362340957,1385033579039233,7.7,53.3671875,-1.0,0,0
2026-07-28T23:39:25.363,10.42.0.210,10.42.0.1|10.42.0.47,99,3,UPLOAD,0.9855076450773014,UPLOAD,0.9855076450773014,1,1448,100.0,4,0.0,5792.0,0,4,0.0,1.0,0.18890213330623964,0,0,1,1,1,1,1,1,0.9699999999999999,1.0,1.0,1.0,0.8,skip,attack_already_active,1785296365.363105,1785296365363105072,1385033579803281,7.7,53.3671875,-1.0,0,0
2026-07-28T23:39:25.364,10.42.0.210,10.42.0.1|10.42.0.47,99,3,UPLOAD,0.9855086980780915,UPLOAD,0.9855086980780915,1,1448,100.0,5,0.0,7240.0,0,5,0.0,1.0,0.16414132570239795,0,0,1,1,1,1,1,1,0.9699999999999999,1.0,1.0,1.0,0.8,skip,attack_already_active,1785296365.3641043,1785296365364104256,1385033580802537,7.7,53.3671875,-1.0,0,0
2026-07-28T23:39:25.364,10.42.0.210,10.42.0.1|10.42.0.47,99,3,UPLOAD,0.9855087254685951,UPLOAD,0.9855087254685951,1,1448,100.0,6,0.0,8688.0,0,6,0.0,1.0,0.14260666474878322,0,0,1,1,1,1,1,1,0.9699999999999999,1.0,1.0,1.0,0.8,skip,attack_already_active,1785296365.364825,1785296365364824979,1385033581523412,7.7,53.3671875,-1.0,0,0
2026-07-28T23:39:25.365,10.42.0.210,10.42.0.1|10.42.0.47,99,3,UPLOAD,0.9855087261493067,UPLOAD,0.9855087261493067,1,1448,100.0,7,0.0,10136.0,0,7,0.0,1.0,0.12394802021293451,0,0,1,1,1,1,1,1,0.9699999999999999,1.0,1.0,1.0,0.8,skip,attack_already_active,1785296365.3658364,1785296365365836332,1385033582534685,7.7,53.3671875,-1.0,0,0
2026-07-28T23:39:25.366,10.42.0.210,10.42.0.1|10.42.0.47,99,3,UPLOAD,0.9855087261653082,UPLOAD,0.9855087261653082,1,1448,100.0,8,0.0,11584.0,0,8,0.0,1.0,0.10772306891625018,0,0,1,1,1,1,1,1,0.9699999999999999,1.0,1.0,1.0,0.8,skip,attack_already_active,1785296365.3666577,1785296365366657855,1385033583356497,7.7,53.3671875,-1.0,0,0
2026-07-28T23:39:25.367,10.42.0.210,10.42.0.1|10.42.0.47,99,3,UPLOAD,0.985508726165656,UPLOAD,0.985508726165656,1,1448,100.0,9,0.0,13032.0,0,9,0.0,1.0,0.09366734951702968,0,0,1,1,1,1,1,1,0.9699999999999999,1.0,1.0,1.0,0.8,skip,attack_already_active,1785296365.3677158,1785296365367715801,1385033584414153,7.7,53.3671875,-1.0,0,0
2026-07-28T23:39:25.368,10.42.0.210,10.42.0.1|10.42.0.47,99,3,UPLOAD,0.9855087261656625,UPLOAD,0.9855087261656625,1,1448,100.0,10,0.0,14480.0,0,10,0.0,1.0,0.08145734307385702,0,0,1,1,1,1,1,1,0.9699999999999999,1.0,1.0,1.0,0.8,skip,attack_already_active,1785296365.3687248,1785296365368724675,1385033585423955,7.7,53.3671875,-1.0,0,0
2026-07-28T23:39:25.369,10.42.0.210,10.42.0.1|10.42.0.47,99,3,UPLOAD,0.95,UPLOAD,0.95,1,1448,100.0,11,0.0,15928.0,0,11,0.0,1.0,0.07088483081692841,0,0,1,1,1,1,1,1,0.9699999999999999,1.0,1.0,1.0,0.8,skip,attack_already_active,1785296365.3699503,1785296365369950214,1385033586648538,7.7,53.3671875,-1.0,0,0
2026-07-28T23:39:25.370,10.42.0.210,10.42.0.1|10.42.0.47,99,3,UPLOAD,0.95,UPLOAD,0.95,1,1448,100.0,12,0.0,17376.0,0,12,0.0,1.0,0.06165432666886371,0,0,1,1,1,1,1,1,0.9699999999999999,1.0,1.0,1.0,0.8,skip,attack_already_active,1785296365.3707874,1785296365370787306,1385033587485691,53.8,53.3671875,-1.0,0,0
2026-07-28T23:39:25.371,10.42.0.210,10.42.0.1|10.42.0.47,99,3,UPLOAD,0.95,UPLOAD,0.95,1,1448,100.0,13,0.0,18824.0,0,13,0.0,1.0,0.053661845363862815,0,0,1,1,1,1,1,1,0.9699999999999999,1.0,1.0,1.0,0.8,skip,attack_already_active,1785296365.371789,1785296365371789081,1385033588487336,53.8,53.3671875,-1.0,0,0
2026-07-28T23:39:25.372,10.42.0.210,10.42.0.1|10.42.0.47,99,3,UPLOAD,0.95,UPLOAD,0.95,1,1448,100.0,14,0.0,20272.0,0,14,0.0,1.0,0.04667984126213319,0,0,1,1,1,1,1,1,0.9699999999999999,1.0,1.0,1.0,0.8,skip,attack_already_active,1785296365.3724663,1785296365372466547,1385033589164753,53.8,53.3671875,-1.0,0,0
2026-07-28T23:39:25.373,10.42.0.210,10.42.0.1|10.42.0.47,99,3,UPLOAD,0.95,UPLOAD,0.95,1,1448,100.0,15,0.0,21720.0,0,15,0.0,1.0,0.040702242980105066,0,0,1,1,1,1,1,1,0.9699999999999999,1.0,1.0,1.0,0.8,skip,attack_already_active,1785296365.3737838,1785296365373783811,1385033590482691,53.8,53.3671875,-1.0,0,0
2026-07-28T23:39:25.375,10.42.0.210,10.42.0.1|10.42.0.47,99,3,UPLOAD,0.95,UPLOAD,0.95,1,1448,100.0,16,0.0,23168.0,0,16,0.0,1.0,0.03550781541896487,0,0,1,1,1,1,1,1,0.9699999999999999,1.0,1.0,1.0,0.8,skip,attack_already_active,1785296365.375067,1785296365375066780,1385033591765388,53.8,53.3671875,-1.0,0,0
2026-07-28T23:39:25.376,10.42.0.210,10.42.0.1|10.42.0.47,99,3,UPLOAD,0.95,UPLOAD,0.95,1,1448,100.0,17,0.0,24616.0,0,17,0.0,1.0,0.031040797070229005,0,0,1,1,1,1,1,1,0.9699999999999999,1.0,1.0,1.0,0.8,skip,attack_already_active,1785296365.3766758,1785296365376675824,1385033593374527,53.8,53.3671875,-1.0,0,0
2026-07-28T23:39:25.377,10.42.0.210,10.42.0.1|10.42.0.47,99,3,UPLOAD,0.95,UPLOAD,0.95,1,1448,100.0,18,0.0,26064.0,0,18,0.0,1.0,0.027049220505220635,0,0,1,1,1,1,1,1,0.9699999999999999,1.0,1.0,1.0,0.8,skip,attack_already_active,1785296365.3774257,1785296365377425636,1385033594123779,53.8,53.3671875,-1.0,0,0
2026-07-28T23:39:25.378,10.42.0.210,10.42.0.1|10.42.0.47,99,3,UPLOAD,0.95,UPLOAD,0.95,1,1448,100.0,19,0.0,27512.0,0,19,0.0,1.0,0.02361586615782325,0,0,1,1,1,1,1,1,0.9699999999999999,1.0,1.0,1.0,0.8,skip,attack_already_active,1785296365.37842,1785296365378420214,1385033595118705,53.8,53.3671875,-1.0,0,0
2026-07-28T23:39:25.379,10.42.0.210,10.42.0.1|10.42.0.47,99,3,UPLOAD,0.95,UPLOAD,0.95,1,1448,100.0,20,0.0,28960.0,0,20,0.0,1.0,0.020599784093791866,0,0,1,1,1,1,1,1,0.9699999999999999,1.0,1.0,1.0,0.8,skip,attack_already_active,1785296365.3791478,1785296365379147832,1385033595846106,53.8,53.3671875,-1.0,0,0
2026-07-28T23:39:25.380,10.42.0.210,10.42.0.1|10.42.0.47,99,3,UPLOAD,0.95,UPLOAD,0.95,1,1448,100.0,21,0.0,30408.0,0,21,0.0,1.0,0.018032449389037412,0,0,1,1,1,1,1,1,0.9699999999999999,1.0,1.0,1.0,0.8,skip,attack_already_active,1785296365.3802648,1785296365380264830,1385033596963005,53.8,53.3671875,-1.0,0,0
2026-07-28T23:39:25.381,10.42.0.210,10.42.0.1|10.42.0.47,99,3,UPLOAD,0.95,UPLOAD,0.95,1,1448,100.0,22,0.0,31856.0,0,22,0.0,1.0,0.015754632502261254,0,0,1,1,1,1,1,1,0.9699999999999999,1.0,1.0,1.0,0.8,skip,attack_already_active,1785296365.3810115,1785296365381011448,1385033597709988,53.8,53.3671875,-1.0,0,0
2026-07-28T23:39:25.382,10.42.0.210,10.42.0.1|10.42.0.47,99,3,UPLOAD,0.95,UPLOAD,0.95,1,1448,100.0,23,0.0,33304.0,0,23,0.0,1.0,0.0138102448387606,0,0,1,1,1,1,1,1,0.9699999999999999,1.0,1.0,1.0,0.8,skip,attack_already_active,1785296365.3820107,1785296365382010505,1385033598708801,53.8,53.3671875,-1.0,0,0
2026-07-28T23:39:25.382,10.42.0.210,10.42.0.1|10.42.0.47,99,3,UPLOAD,0.95,UPLOAD,0.95,1,1448,100.0,24,0.0,34752.0,0,24,0.0,1.0,0.012088146946595851,0,0,1,1,1,1,1,1,0.9699999999999999,1.0,1.0,1.0,0.8,skip,attack_already_active,1785296365.3827524,1785296365382752476,1385033599450823,53.8,53.3671875,-1.0,0,0
2026-07-28T23:39:25.384,10.42.0.210,10.42.0.1|10.42.0.47,99,3,UPLOAD,0.95,UPLOAD,0.95,1,1448,100.0,25,0.0,36200.0,0,25,0.0,1.0,0.010671741215768086,0,0,1,1,1,1,1,1,0.9699999999999999,1.0,1.0,1.0,0.8,skip,attack_already_active,1785296365.3840919,1785296365384091956,1385033600790635,53.8,53.3671875,-1.0,0,0
2026-07-28T23:39:25.384,10.42.0.210,10.42.0.1|10.42.0.47,99,3,UPLOAD,0.95,UPLOAD,0.95,1,1448,100.0,26,0.0,37648.0,0,26,0.0,1.0,0.009377324420554046,0,0,1,1,1,1,1,1,0.9699999999999999,1.0,1.0,1.0,0.8,skip,attack_already_active,1785296365.3849406,1785296365384940519,1385033601639032,53.8,53.3671875,-1.0,0,0
2026-07-28T23:39:25.386,10.42.0.210,10.42.0.1|10.42.0.47,99,3,UPLOAD,0.95,UPLOAD,0.95,1,1448,100.0,27,0.0,39096.0,0,27,0.0,1.0,0.00828766093091095,0,0,1,1,1,1,1,1,0.9699999999999999,1.0,1.0,1.0,0.8,skip,attack_already_active,1785296365.3860488,1785296365386048870,1385033602747386,53.8,53.3671875,-1.0,0,0
2026-07-28T23:39:25.386,10.42.0.210,10.42.0.1|10.42.0.47,99,3,UPLOAD,0.95,UPLOAD,0.95,1,1448,100.0,28,0.0,40544.0,0,28,0.0,1.0,0.007307373631299286,0,0,1,1,1,1,1,1,0.9699999999999999,1.0,1.0,1.0,0.8,skip,attack_already_active,1785296365.3868973,1785296365386897502,1385033603596242,53.8,53.3671875,-1.0,0,0
2026-07-28T23:39:25.388,10.42.0.210,10.42.0.1|10.42.0.47,99,3,UPLOAD,0.95,UPLOAD,0.95,1,1448,100.0,29,0.0,41992.0,0,29,0.0,1.0,0.006551583809058499,0,0,1,1,1,1,1,1,0.9699999999999999,1.0,1.0,1.0,0.8,skip,attack_already_active,1785296365.3884692,1785296365388469185,1385033605168334,53.8,53.3671875,-1.0,0,0
2026-07-28T23:39:25.389,10.42.0.210,10.42.0.1|10.42.0.47,99,3,UPLOAD,0.95,UPLOAD,0.95,1,1448,100.0,30,0.0,43440.0,0,30,0.0,1.0,0.005813482414600764,0,0,1,1,1,1,1,1,0.9699999999999999,1.0,1.0,1.0,0.8,skip,attack_already_active,1785296365.3894196,1785296365389419464,1385033606118036,53.8,53.3671875,-1.0,0,0
2026-07-28T23:39:25.390,10.42.0.210,10.42.0.1|10.42.0.47,99,3,UPLOAD,0.95,UPLOAD,0.95,1,1448,100.0,31,0.0,44888.0,0,31,0.0,1.0,0.005195861458219004,0,0,1,1,1,1,1,1,0.9699999999999999,1.0,1.0,1.0,0.8,skip,attack_already_active,1785296365.390546,1785296365390546261,1385033607244487,53.8,53.3671875,-1.0,0,0
2026-07-28T23:39:25.391,10.42.0.210,10.42.0.1|10.42.0.47,99,3,UPLOAD,0.95,UPLOAD,0.95,1,1448,100.0,32,0.0,46336.0,0,32,0.0,1.0,0.004616522390507335,0,0,1,1,1,1,1,1,0.9699999999999999,1.0,1.0,1.0,0.8,skip,attack_already_active,1785296365.3913455,1785296365391345324,1385033608043764,53.8,53.3671875,-1.0,0,0
2026-07-28T23:39:25.392,10.42.0.210,10.42.0.1|10.42.0.47,99,3,UPLOAD,0.95,UPLOAD,0.95,1,1448,100.0,33,0.0,47784.0,0,33,0.0,1.0,0.004153959719523587,0,0,1,1,1,1,1,1,0.9699999999999999,1.0,1.0,1.0,0.8,skip,attack_already_active,1785296365.3924518,1785296365392451944,1385033609150188,53.8,53.3671875,-1.0,0,0
2026-07-28T23:39:25.393,10.42.0.210,10.42.0.1|10.42.0.47,99,3,UPLOAD,0.95,UPLOAD,0.95,1,1448,100.0,34,0.0,49232.0,0,34,0.0,1.0,0.003714587185894228,0,0,1,1,1,1,1,1,0.9699999999999999,1.0,1.0,1.0,0.8,skip,attack_already_active,1785296365.3932714,1785296365393271493,1385033609969898,53.8,53.3671875,-1.0,0,0
2026-07-28T23:39:25.394,10.42.0.210,10.42.0.1|10.42.0.47,99,3,UPLOAD,0.95,UPLOAD,0.95,1,1448,100.0,35,0.0,50680.0,0,35,0.0,1.0,0.0033702167802653737,0,0,1,1,1,1,1,1,0.9699999999999999,1.0,1.0,1.0,0.8,skip,attack_already_active,1785296365.3943727,1785296365394372595,1385033611071145,53.8,53.3671875,-1.0,0,0
2026-07-28T23:39:25.395,10.42.0.210,10.42.0.1|10.42.0.47,99,3,UPLOAD,0.95,UPLOAD,0.95,1,1448,100.0,36,0.0,52128.0,0,36,0.0,1.0,0.003071822534055018,0,0,1,1,1,1,1,1,0.9699999999999999,1.0,1.0,1.0,0.8,skip,attack_already_active,1785296365.3954785,1785296365395478479,1385033612177488,53.8,53.3671875,-1.0,0,0
2026-07-28T23:39:25.396,10.42.0.210,10.42.0.1|10.42.0.47,99,3,UPLOAD,0.95,UPLOAD,0.95,1,1448,100.0,37,0.0,53576.0,0,37,0.0,1.0,0.002791259473706927,0,0,1,1,1,1,1,1,0.9699999999999999,1.0,1.0,1.0,0.8,skip,attack_already_active,1785296365.3964212,1785296365396421054,1385033613119471,53.8,53.3671875,-1.0,0,0
2026-07-28T23:39:25.397,10.42.0.210,10.42.0.1|10.42.0.47,99,3,UPLOAD,0.95,UPLOAD,0.95,1,1448,100.0,38,0.0,55024.0,0,38,0.0,1.0,0.0025194859805932755,0,0,1,1,1,1,1,1,0.9699999999999999,1.0,1.0,1.0,0.8,skip,attack_already_active,1785296365.39715,1785296365397149951,1385033613848324,53.8,53.3671875,-1.0,0,0
2026-07-28T23:39:25.397,10.42.0.210,10.42.0.1|10.42.0.47,99,3,UPLOAD,0.95,UPLOAD,0.95,1,1448,100.0,39,0.0,56472.0,0,39,0.0,1.0,0.0022877352377009864,0,0,1,1,1,1,1,1,0.9699999999999999,1.0,1.0,1.0,0.8,skip,attack_already_active,1785296365.3979108,1785296365397910805,1385033614609226,53.8,53.3671875,-1.0,0,0
2026-07-28T23:39:25.398,10.42.0.210,10.42.0.1|10.42.0.47,99,3,UPLOAD,0.95,UPLOAD,0.95,1,1448,100.0,40,0.0,57920.0,0,40,0.0,1.0,0.0020836957524995375,0,0,1,1,1,1,1,1,0.9699999999999999,1.0,1.0,1.0,0.8,skip,attack_already_active,1785296365.3986502,1785296365398650223,1385033615348500,53.8,53.3671875,-1.0,0,0
2026-07-28T23:39:25.399,10.42.0.210,10.42.0.1|10.42.0.47,99,3,UPLOAD,0.9528201080986806,UPLOAD,0.9528201080986806,1,1338,100.0,41,0.0,59258.0,0,41,0.0,1.0,0.001901830839830671,0,0,1,1,1,1,1,1,0.9699999999999999,1.0,1.0,1.0,0.8,skip,attack_already_active,1785296365.3993537,1785296365399353872,1385033616052369,53.8,53.3671875,-1.0,0,0
2026-07-28T23:39:25.410,10.42.0.1,10.42.0.1|10.42.0.47,100,3,UPLOAD,0.9807123727292637,UPLOAD,0.9807123727292637,1,7240,100.0,11,0.0,86782.0,0,11,0.0,1.0,0.042832158183499836,1,0,1,1,1,1,1,1,0.9699999999999999,1.0,1.0,1.0,0.8,skip,attack_already_active,1785296365.4102497,1785296365410249847,1385033626948785,53.8,53.3671875,-1.0,0,0
2026-07-28T23:39:25.411,10.42.0.1,10.42.0.1|10.42.0.47,100,3,UPLOAD,0.9809648753496518,UPLOAD,0.9809648753496518,1,7240,100.0,12,0.0,94022.0,0,12,0.0,1.0,0.03730497199336,1,0,1,1,1,1,1,1,0.9699999999999999,1.0,1.0,1.0,0.8,skip,attack_already_active,1785296365.4111376,1785296365411137540,1385033627836027,53.8,53.3671875,-1.0,0,0
2026-07-28T23:39:25.415,10.42.0.1,10.42.0.1|10.42.0.47,100,3,UPLOAD,0.9811715754389021,UPLOAD,0.9811715754389021,1,14480,100.0,13,0.0,108502.0,0,13,0.0,1.0,0.03301490252451141,1,0,1,1,1,1,1,1,0.9699999999999999,1.0,1.0,1.0,0.8,skip,attack_already_active,1785296365.4158864,1785296365415886275,1385033632584988,53.8,53.3671875,-1.0,0,0
2026-07-28T23:39:25.416,10.42.0.1,10.42.0.1|10.42.0.47,100,3,UPLOAD,0.9815727089807134,UPLOAD,0.9815727089807134,1,14480,100.0,14,0.0,122982.0,0,14,0.0,1.0,0.02879243893731341,1,0,1,1,1,1,1,1,0.9699999999999999,1.0,1.0,1.0,0.8,skip,attack_already_active,1785296365.4168582,1785296365416858187,1385033633557078,53.8,53.3671875,-1.0,0,0
2026-07-28T23:39:25.419,10.42.0.1,10.42.0.1|10.42.0.47,100,3,UPLOAD,0.982048058456156,UPLOAD,0.982048058456156,1,21720,100.0,15,0.0,144702.0,0,15,0.0,1.0,0.02532890533275265,1,0,1,1,1,1,1,1,0.9699999999999999,1.0,1.0,1.0,0.8,skip,attack_already_active,1785296365.4193668,1785296365419366820,1385033636065928,53.8,53.3671875,-1.0,0,0
2026-07-28T23:39:25.420,10.42.0.1,10.42.0.1|10.42.0.47,100,3,UPLOAD,0.9818108115302031,UPLOAD,0.9818108115302031,1,7240,100.0,16,0.0,151942.0,0,16,0.0,1.0,0.022171727136890508,1,0,1,1,1,1,1,1,0.9699999999999999,1.0,1.0,1.0,0.8,skip,attack_already_active,1785296365.4207368,1785296365420736656,1385033637435350,53.8,53.3671875,-1.0,0,0
2026-07-28T23:39:25.421,10.42.0.1,10.42.0.1|10.42.0.47,100,3,UPLOAD,0.9814396879239774,UPLOAD,0.9814396879239774,1,7130,100.0,17,0.0,159072.0,0,17,0.0,1.0,0.01938107046963815,1,0,1,1,1,1,1,1,0.9699999999999999,1.0,1.0,1.0,0.8,skip,attack_already_active,1785296365.421731,1785296365421731185,1385033638430495,53.8,53.3671875,-1.0,0,0
2026-07-28T23:39:25.777,10.42.0.1,10.42.0.1|10.42.0.47,100,3,UPLOAD,0.9796828506582342,UPLOAD,0.9796828506582342,0,42,100.0,17,0.0,159072.0,0,17,0.0,1.0,0.017227618842052154,1,0,1,0,0,0,0,0,0.45499999999999996,0.1,1.0,0.0,0.8,skip,attack_already_active,1785296365.777124,1785296365777123789,1385033993823203,53.8,53.3671875,-1.0,0,0
2026-07-28T23:39:25.779,10.42.0.1,10.42.0.1|10.42.0.47,100,3,UPLOAD,0.979052522814761,UPLOAD,0.979052522814761,0,42,100.0,17,0.0,159072.0,0,17,0.0,1.0,0.01510929920928794,1,0,1,0,0,0,0,0,0.45499999999999996,0.1,1.0,0.0,0.8,skip,attack_already_active,1785296365.7795293,1785296365779529218,1385033996227710,53.8,53.3671875,-1.0,0,0
2026-07-28T23:39:25.806,10.42.0.1,10.42.0.1|10.42.0.47,100,3,UPLOAD,0.9787298585040847,UPLOAD,0.9787298585040847,0,49,100.0,17,0.0,159072.0,0,17,0.0,1.0,0.016535935816751963,1,0,1,0,0,0,0,0,0.45499999999999996,0.1,1.0,0.0,0.8,skip,attack_already_active,1785296365.806585,1785296365806585102,1385034023283062,53.8,53.3671875,-1.0,0,0
2026-07-28T23:39:25.807,10.42.0.18,10.42.0.1|10.42.0.47,69,3,UPLOAD,0.9854688349332961,UPLOAD,0.9854688349332961,0,32,1.0,0,0.0,0.0,0,0,0.0,0.0,0.2741681788444473,0,0,0,0,0,0,0,0,0.4375,0.05,1.0,0.0,0.8,skip,already_attacked_this_round,1785296365.8072686,1785296365807268726,1385034023966895,53.8,53.3671875,-1.0,0,0
2026-07-28T23:39:25.808,10.42.0.1,10.42.0.1|10.42.0.47,100,3,UPLOAD,0.9780890368583217,UPLOAD,0.9780890368583217,0,49,100.0,17,0.0,159072.0,0,17,0.0,1.0,0.014544955286031017,1,0,1,0,0,0,0,0,0.45499999999999996,0.1,1.0,0.0,0.8,skip,attack_already_active,1785296365.808012,1785296365808011927,1385034024710057,53.8,53.3671875,-1.0,0,0
2026-07-28T23:39:25.808,10.42.0.1,10.42.0.1|10.42.0.47,100,3,UPLOAD,0.977548056901291,UPLOAD,0.977548056901291,0,49,100.0,17,0.0,159072.0,0,17,0.0,1.0,0.012720134828421808,1,0,1,0,0,0,0,0,0.45499999999999996,0.1,1.0,0.0,0.8,skip,attack_already_active,1785296365.808709,1785296365808708757,1385034025406893,53.8,53.3671875,-1.0,0,0
2026-07-28T23:39:25.809,10.42.0.1,10.42.0.1|10.42.0.47,100,3,UPLOAD,0.976863476428949,UPLOAD,0.976863476428949,0,49,100.0,17,0.0,159072.0,0,17,0.0,1.0,0.0111359047871732,1,0,1,0,0,0,0,0,0.45499999999999996,0.1,1.0,0.0,0.8,skip,attack_already_active,1785296365.8094068,1785296365809406840,1385034026105019,53.8,53.3671875,-1.0,0,0
2026-07-28T23:39:25.810,10.42.0.1,10.42.0.1|10.42.0.47,100,3,UPLOAD,0.9761020571338734,UPLOAD,0.9761020571338734,0,49,100.0,17,0.0,159072.0,0,17,0.0,1.0,0.009760687157900332,1,0,1,0,0,0,0,0,0.45499999999999996,0.1,1.0,0.0,0.8,skip,attack_already_active,1785296365.8101065,1785296365810106725,1385034026804927,53.8,53.3671875,-1.0,0,0
2026-07-28T23:39:25.812,10.42.0.145,10.42.0.1|10.42.0.47,44,3,UPLOAD,0.9841010226033655,UPLOAD,0.9841010226033655,0,32,1.0,0,0.0,0.0,0,0,0.0,0.0,0.4091850479544386,0,0,1,0,0,0,0,0,0.4375,0.05,1.0,0.0,0.8,skip,attack_already_active,1785296365.812549,1785296365812549142,1385034029248886,53.8,53.3671875,-1.0,0,0
2026-07-28T23:39:25.813,10.42.0.210,10.42.0.1|10.42.0.47,99,3,UPLOAD,0.9515575086501001,UPLOAD,0.9515575086501001,0,32,100.0,41,0.0,59258.0,0,41,0.0,1.0,0.005178553004009867,0,0,1,0,0,0,0,0,0.45499999999999996,0.1,1.0,0.0,0.8,skip,attack_already_active,1785296365.8136015,1785296365813601569,1385034030300661,53.8,53.3671875,-1.0,0,0
2026-07-28T23:39:25.814,10.42.0.47,10.42.0.1|10.42.0.47,100,3,UPLOAD,0.9012800324064659,UPLOAD,0.9012800324064659,0,32,100.0,17,0.0,79555.0,0,17,0.0,1.0,0.03589215063479653,1,0,1,0,0,0,0,0,0.45499999999999996,0.1,1.0,0.0,0.8,skip,attack_already_active,1785296365.8144941,1785296365814494310,1385034031192832,53.8,53.3671875,-1.0,0,0
2026-07-28T23:39:25.815,10.42.0.59,10.42.0.1|10.42.0.47,41,3,UPLOAD,0.9841010226033655,UPLOAD,0.9841010226033655,0,32,1.0,0,0.0,0.0,0,0,0.0,0.0,0.45363860862605937,0,0,0,0,0,0,0,0,0.4375,0.05,1.0,0.0,0.8,skip,already_attacked_this_round,1785296365.8152359,1785296365815235755,1385034031934080,53.8,53.3671875,-1.0,0,0
